Razão Social;Operação;NF;Data emissão NF;Qtde. Volumes;CTRC;Data Emissão;Destinatário;CNPJ Destino;Cidade Destino;UF Destino;Data Inicio Transporte;Previsão de Entrega;Data de Entrega;Status;Ocorrência Entrega;Status_1;Status Final;Dia_Previsao;Mês_Previsao;Dia_Data_inicio_TSP;mes_Data_inicio_TSP;TRANSPORTADORA;DEALER;feriado;Cidade feriado;UF Feriado
MOBIS BRASIL FABRICACAO DE AUTO PECAS LT;RODOVIARIO;1456463;31/01/2026;1;326741;31/01/2026;BILLY DISTRIBUIDORA DE VEICULOS LTDA;1,34E+13;SAO CAETANO DO SUL;SP;31/01/2026;03/02/2026;31/01/2026;Entregue No Prazo;;Entrega realizada;Entrega Finalizada;3;2;31;1;RWH;26003;;;
MOBIS BRASIL FABRICACAO DE AUTO PECAS LT;RODOVIARIO;1456466;31/01/2026;1;326741;31/01/2026;BILLY DISTRIBUIDORA DE VEICULOS LTDA;1,34E+13;SAO CAETANO DO SUL;SP;31/01/2026;03/02/2026;31/01/2026;Entregue No Prazo;;Entrega realizada;Entrega Finalizada;3;2;31;1;RWH;26003;;;
MOBIS BRASIL FABRICACAO DE AUTO PECAS LT;RODOVIARIO;1456468;31/01/2026;1;326741;31/01/2026;BILLY DISTRIBUIDORA DE VEICULOS LTDA;1,34E+13;SAO CAETANO DO SUL;SP;31/01/2026;03/02/2026;31/01/2026;Entregue No Prazo;;Entrega realizada;Entrega Finalizada;3;2;31;1;RWH;26003;;;
MOBIS BRASIL FABRICACAO DE AUTO PECAS LT;RODOVIARIO;1456465;31/01/2026;1;326743;31/01/2026;NEW VEICULOS E PECAS LTDA;1,59E+13;RIBEIRAO PRETO;SP;31/01/2026;04/02/2026;31/01/2026;Entregue No Prazo;;Entrega realizada;Entrega Finalizada;4;2;31;1;RWH;26014;;;
MOBIS BRASIL FABRICACAO DE AUTO PECAS LT;RODOVIARIO;1456470;31/01/2026;1;326743;31/01/2026;NEW VEICULOS E PECAS LTDA;1,59E+13;RIBEIRAO PRETO;SP;31/01/2026;04/02/2026;31/01/2026;Entregue No Prazo;;Entrega realizada;Entrega Finalizada;4;2;31;1;RWH;26014;;;
MOBIS BRASIL FABRICACAO DE AUTO PECAS LT;RODOVIARIO;1456464;31/01/2026;1;326744;31/01/2026;MOTONET COMERCIO DE VEICULOS LTDA;;SOROCABA;SP;31/01/2026;04/02/2026;31/01/2026;Entregue No Prazo;;Entrega realizada;Entrega Finalizada;4;2;31;1;RWH;26113;;;
MOBIS BRASIL FABRICACAO DE AUTO PECAS LT;RODOVIARIO;1456469;31/01/2026;1;326744;31/01/2026;MOTONET COMERCIO DE VEICULOS LTDA;;SOROCABA;SP;31/01/2026;04/02/2026;31/01/2026;Entregue No Prazo;;Entrega realizada;Entrega Finalizada;4;2;31;1;RWH;26113;;;
MOBIS BRASIL FABRICACAO DE AUTO PECAS LT;RODOVIARIO;1456461;31/01/2026;1;693048;31/01/2026;H - CAMINHO AUTOMOVEIS LTDA;;PIRACICABA;SP;31/01/2026;05/02/2026;31/01/2026;Entregue No Prazo;;Entrega realizada;Entrega Finalizada;5;2;31;1;RWH;26092;;;
MOBIS BRASIL FABRICACAO DE AUTO PECAS LT;RODOVIARIO;1456462;31/01/2026;1;693048;31/01/2026;H - CAMINHO AUTOMOVEIS LTDA;;PIRACICABA;SP;31/01/2026;05/02/2026;31/01/2026;Entregue No Prazo;;Entrega realizada;Entrega Finalizada;5;2;31;1;RWH;26092;;;
MOBIS BRASIL FABRICACAO DE AUTO PECAS LT;RODOVIARIO;1456467;31/01/2026;1;693048;31/01/2026;H - CAMINHO AUTOMOVEIS LTDA;;PIRACICABA;SP;31/01/2026;05/02/2026;31/01/2026;Entregue No Prazo;;Entrega realizada;Entrega Finalizada;5;2;31;1;RWH;26092;;;
MOBIS BRASIL FABRICACAO DE AUTO PECAS LT;RODOVIARIO;1456478;31/01/2026;1;326745;31/01/2026;CHS MOTORS VEICULOS PECAS(VL. GUILHERME);;SAO PAULO;SP;31/01/2026;03/02/2026;02/02/2026;Entregue No Prazo;;Entrega realizada;Entrega Finalizada;3;2;31;1;RWH;#N/D;;;
MOBIS BRASIL FABRICACAO DE AUTO PECAS LT;RODOVIARIO;1456481;31/01/2026;1;326745;31/01/2026;CHS MOTORS VEICULOS PECAS(VL. GUILHERME);;SAO PAULO;SP;31/01/2026;03/02/2026;02/02/2026;Entregue No Prazo;;Entrega realizada;Entrega Finalizada;3;2;31;1;RWH;#N/D;;;
MOBIS BRASIL FABRICACAO DE AUTO PECAS LT;RODOVIARIO;1457065;02/02/2026;2;326816;02/02/2026;HYMAX DISTRIBUIDORA DE VEICULOS LTDA;1,73E+13;MOGI GUACU;SP;02/02/2026;06/02/2026;02/02/2026;Entregue No Prazo;;Entrega realizada;Entrega Finalizada;6;2;2;2;RWH;26002;;;
MOBIS BRASIL FABRICACAO DE AUTO PECAS LT;RODOVIARIO;1457066;02/02/2026;26;326816;02/02/2026;HYMAX DISTRIBUIDORA DE VEICULOS LTDA;1,73E+13;MOGI GUACU;SP;02/02/2026;06/02/2026;02/02/2026;Entregue No Prazo;;Entrega realizada;Entrega Finalizada;6;2;2;2;RWH;26002;;;
MOBIS BRASIL FABRICACAO DE AUTO PECAS LT;RODOVIARIO;1458227;03/02/2026;54;326850;03/02/2026;HYMAX DISTRIBUIDORA DE VEICULOS LTDA;1,73E+13;MOGI GUACU;SP;03/02/2026;09/02/2026;03/02/2026;Entregue No Prazo;;Entrega realizada;Entrega Finalizada;9;2;3;2;RWH;26002;;;
MOBIS BRASIL FABRICACAO DE AUTO PECAS LT;RODOVIARIO;1458097;03/02/2026;1;326850;03/02/2026;HYMAX DISTRIBUIDORA DE VEICULOS LTDA;1,73E+13;MOGI GUACU;SP;03/02/2026;09/02/2026;03/02/2026;Entregue No Prazo;;Entrega realizada;Entrega Finalizada;9;2;3;2;RWH;26002;;;
MOBIS BRASIL FABRICACAO DE AUTO PECAS LT;RODOVIARIO;1458223;03/02/2026;29;326850;03/02/2026;HYMAX DISTRIBUIDORA DE VEICULOS LTDA;1,73E+13;MOGI GUACU;SP;03/02/2026;09/02/2026;03/02/2026;Entregue No Prazo;;Entrega realizada;Entrega Finalizada;9;2;3;2;RWH;26002;;;
MOBIS BRASIL FABRICACAO DE AUTO PECAS LT;RODOVIARIO;1457069;02/02/2026;4;326821;02/02/2026;ANDRETA II DISTRIBUIDORA DE VEIC. LTDA;9,10E+12;CAMPINAS;SP;02/02/2026;05/02/2026;04/02/2026;Entregue No Prazo;;Entrega realizada;Entrega Finalizada;5;2;2;2;ALFA;26011;;;
MOBIS BRASIL FABRICACAO DE AUTO PECAS LT;RODOVIARIO;1457072;02/02/2026;2;326820;02/02/2026;ANDRETA II DISTRIB.DE VEICULOS LTDA.;9,10E+12;JUNDIAI;SP;02/02/2026;05/02/2026;04/02/2026;Entregue No Prazo;;Entrega realizada;Entrega Finalizada;5;2;2;2;ALFA;26040;;;
MOBIS BRASIL FABRICACAO DE AUTO PECAS LT;RODOVIARIO;1458240;03/02/2026;11;326976;03/02/2026;CHS MOTORS VEICULOS PECAS(VL. GUILHERME);1,69E+13;SAO PAULO;SP;03/02/2026;05/02/2026;04/02/2026;Entregue No Prazo;;Entrega realizada;Entrega Finalizada;5;2;3;2;RWH;26052;;;
MOBIS BRASIL FABRICACAO DE AUTO PECAS LT;RODOVIARIO;1458219;03/02/2026;51;326976;03/02/2026;CHS MOTORS VEICULOS PECAS(VL. GUILHERME);1,69E+13;SAO PAULO;SP;03/02/2026;05/02/2026;04/02/2026;Entregue No Prazo;;Entrega realizada;Entrega Finalizada;5;2;3;2;RWH;26052;;;
MOBIS BRASIL FABRICACAO DE AUTO PECAS LT;RODOVIARIO;1458104;03/02/2026;1;326849;03/02/2026;BILLY DISTRIBUIDORA DE VEICULOS LTDA;1,34E+13;SAO CAETANO DO SUL;SP;03/02/2026;05/02/2026;04/02/2026;Entregue No Prazo;;Entrega realizada;Entrega Finalizada;5;2;3;2;RWH;26003;;;
MOBIS BRASIL FABRICACAO DE AUTO PECAS LT;RODOVIARIO;1458105;03/02/2026;1;326988;03/02/2026;ANDRETA II DISTRIBUIDORA DE VEIC. LTDA;9,10E+12;INDAIATUBA;SP;03/02/2026;06/02/2026;04/02/2026;Entregue No Prazo;;Entrega realizada;Entrega Finalizada;6;2;3;2;ALFA;26011;;;
MOBIS BRASIL FABRICACAO DE AUTO PECAS LT;RODOVIARIO;1458237;03/02/2026;3;326849;03/02/2026;BILLY DISTRIBUIDORA DE VEICULOS LTDA;1,34E+13;SAO CAETANO DO SUL;SP;03/02/2026;05/02/2026;04/02/2026;Entregue No Prazo;;Entrega realizada;Entrega Finalizada;5;2;3;2;RWH;26003;;;
MOBIS BRASIL FABRICACAO DE AUTO PECAS LT;RODOVIARIO;1458116;03/02/2026;3;326987;03/02/2026;ANDRETA II DISTRIB.DE VEICULOS LTDA.;9,10E+12;JUNDIAI;SP;03/02/2026;06/02/2026;04/02/2026;Entregue No Prazo;;Entrega realizada;Entrega Finalizada;6;2;3;2;ALFA;26040;;;
MOBIS BRASIL FABRICACAO DE AUTO PECAS LT;RODOVIARIO;1458113;03/02/2026;47;326849;03/02/2026;BILLY DISTRIBUIDORA DE VEICULOS LTDA;1,34E+13;SAO CAETANO DO SUL;SP;03/02/2026;05/02/2026;04/02/2026;Entregue No Prazo;;Entrega realizada;Entrega Finalizada;5;2;3;2;RWH;26003;;;
MOBIS BRASIL FABRICACAO DE AUTO PECAS LT;RODOVIARIO;1457071;02/02/2026;1;326825;02/02/2026;CAOA MOTOR DO BRASIL LTDA (ARICANDUVA);1,68E+13;SAO PAULO;SP;02/02/2026;04/02/2026;05/02/2026;Entregue Fora do Prazo;;Entrega realizada;Entrega Finalizada;4;2;2;2;ALFA;26039;;;
MOBIS BRASIL FABRICACAO DE AUTO PECAS LT;RODOVIARIO;1457074;02/02/2026;2;326822;02/02/2026;BILLY DISTRIBUIDORA DE VEICULOS LTDA;1,34E+13;SAO CAETANO DO SUL;SP;02/02/2026;04/02/2026;05/02/2026;Entregue Fora do Prazo;;Entrega realizada;Entrega Finalizada;4;2;2;2;ALFA;26003;;;
MOBIS BRASIL FABRICACAO DE AUTO PECAS LT;RODOVIARIO;1457168;02/02/2026;1;326824;02/02/2026;BILLY DISTRIBUIDORA DE VEICULOS LTDA;1,34E+13;SAO PAULO;SP;02/02/2026;04/02/2026;05/02/2026;Entregue Fora do Prazo;;Entrega realizada;Entrega Finalizada;4;2;2;2;ALFA;26003;;;
MOBIS BRASIL FABRICACAO DE AUTO PECAS LT;RODOVIARIO;1457067;02/02/2026;2;326823;02/02/2026;BILLY DISTRIBUIDORA DE VEICULOS LTDA;1,34E+13;BARUERI;SP;02/02/2026;04/02/2026;05/02/2026;Entregue Fora do Prazo;;Entrega realizada;Entrega Finalizada;4;2;2;2;ALFA;26003;;;
MOBIS BRASIL FABRICACAO DE AUTO PECAS LT;RODOVIARIO;1457070;02/02/2026;7;326831;02/02/2026;NEW VEICULOS E PECAS LTDA;1,59E+13;RIBEIRAO PRETO;SP;02/02/2026;05/02/2026;05/02/2026;Entregue No Prazo;;Entrega realizada;Entrega Finalizada;5;2;2;2;ALFA;26014;;;
MOBIS BRASIL FABRICACAO DE AUTO PECAS LT;RODOVIARIO;1457068;02/02/2026;1;326828;02/02/2026;GRAND SPORT COM. DE VEIC. E PECAS LTDA;8,58E+12;GUARULHOS;SP;02/02/2026;04/02/2026;05/02/2026;Entregue Fora do Prazo;;Entrega realizada;Entrega Finalizada;4;2;2;2;ALFA;26005;;;
MOBIS BRASIL FABRICACAO DE AUTO PECAS LT;RODOVIARIO;1457077;02/02/2026;8;326827;02/02/2026;DESTAQUE SEUL DISTR. DE VEIC. E PC. LTDA;2,12E+13;ATIBAIA;SP;02/02/2026;05/02/2026;05/02/2026;Entregue No Prazo;;Entrega realizada;Entrega Finalizada;5;2;2;2;ALFA;26075;;;
MOBIS BRASIL FABRICACAO DE AUTO PECAS LT;RODOVIARIO;1457076;02/02/2026;4;326830;02/02/2026;H R B COMERCIO DE VEICULOS LTDA;1,82E+13;SAO JOSE DO RIO PRETO;SP;02/02/2026;06/02/2026;05/02/2026;Entregue No Prazo;;Entrega realizada;Entrega Finalizada;6;2;2;2;ALFA;26050;;;
MOBIS BRASIL FABRICACAO DE AUTO PECAS LT;RODOVIARIO;1457075;02/02/2026;1;326832;02/02/2026;NEW VEICULOS E PECAS LTDA;1,59E+13;FRANCA;SP;02/02/2026;06/02/2026;05/02/2026;Entregue No Prazo;;Entrega realizada;Entrega Finalizada;6;2;2;2;ALFA;26014;;;
MOBIS BRASIL FABRICACAO DE AUTO PECAS LT;RODOVIARIO;1457078;02/02/2026;1;326826;02/02/2026;CAOA MOTOR DO BRASIL LTDA(RAP. TAVARES);1,68E+13;SAO PAULO;SP;02/02/2026;04/02/2026;05/02/2026;Entregue Fora do Prazo;;Entrega realizada;Entrega Finalizada;4;2;2;2;ALFA;26109;;;
MOBIS BRASIL FABRICACAO DE AUTO PECAS LT;RODOVIARIO;1457073;02/02/2026;7;326829;02/02/2026;GRANDAY AUTOMOTORES LTDA;1,57E+13;SAO PAULO;SP;02/02/2026;04/02/2026;05/02/2026;Entregue Fora do Prazo;;Entrega realizada;Entrega Finalizada;4;2;2;2;ALFA;26041;;;
MOBIS BRASIL FABRICACAO DE AUTO PECAS LT;RODOVIARIO;1458238;03/02/2026;14;327004;03/02/2026;H R B COMERCIO DE VEICULOS LTDA;1,82E+13;SAO JOSE DO RIO PRETO;SP;03/02/2026;09/02/2026;05/02/2026;Entregue No Prazo;;Entrega realizada;Entrega Finalizada;9;2;3;2;ALFA;26050;;;
MOBIS BRASIL FABRICACAO DE AUTO PECAS LT;RODOVIARIO;1458220;03/02/2026;1;326990;03/02/2026;ANDRETA II DISTRIBUIDORA DE VEIC. LTDA;9,10E+12;AMERICANA;SP;03/02/2026;06/02/2026;05/02/2026;Entregue No Prazo;;Entrega realizada;Entrega Finalizada;6;2;3;2;ALFA;26011;;;
MOBIS BRASIL FABRICACAO DE AUTO PECAS LT;RODOVIARIO;1458236;03/02/2026;4;326989;03/02/2026;ANDRETA II DISTRIBUIDORA DE VEIC. LTDA;9,10E+12;CAMPINAS;SP;03/02/2026;06/02/2026;05/02/2026;Entregue No Prazo;;Entrega realizada;Entrega Finalizada;6;2;3;2;ALFA;26011;;;
MOBIS BRASIL FABRICACAO DE AUTO PECAS LT;RODOVIARIO;1458126;03/02/2026;7;327004;03/02/2026;H R B COMERCIO DE VEICULOS LTDA;1,82E+13;SAO JOSE DO RIO PRETO;SP;03/02/2026;09/02/2026;05/02/2026;Entregue No Prazo;;Entrega realizada;Entrega Finalizada;9;2;3;2;ALFA;26050;;;
MOBIS BRASIL FABRICACAO DE AUTO PECAS LT;RODOVIARIO;1458115;03/02/2026;17;326989;03/02/2026;ANDRETA II DISTRIBUIDORA DE VEIC. LTDA;9,10E+12;CAMPINAS;SP;03/02/2026;06/02/2026;05/02/2026;Entregue No Prazo;;Entrega realizada;Entrega Finalizada;6;2;3;2;ALFA;26011;;;
MOBIS BRASIL FABRICACAO DE AUTO PECAS LT;RODOVIARIO;1458100;03/02/2026;1;326989;03/02/2026;ANDRETA II DISTRIBUIDORA DE VEIC. LTDA;9,10E+12;CAMPINAS;SP;03/02/2026;06/02/2026;05/02/2026;Entregue No Prazo;;Entrega realizada;Entrega Finalizada;6;2;3;2;ALFA;26011;;;
MOBIS BRASIL FABRICACAO DE AUTO PECAS LT;RODOVIARIO;1458968;04/02/2026;24;327045;04/02/2026;BILLY DISTRIBUIDORA DE VEICULOS LTDA;1,34E+13;SAO CAETANO DO SUL;SP;04/02/2026;06/02/2026;05/02/2026;Entregue No Prazo;;Entrega realizada;Entrega Finalizada;6;2;4;2;RISSO;26003;;;
MOBIS BRASIL FABRICACAO DE AUTO PECAS LT;RODOVIARIO;1458960;04/02/2026;1;327047;04/02/2026;BILLY DISTRIBUIDORA DE VEICULOS LTDA;1,34E+13;BARUERI;SP;04/02/2026;06/02/2026;05/02/2026;Entregue No Prazo;;Entrega realizada;Entrega Finalizada;6;2;4;2;RISSO;26003;;;
MOBIS BRASIL FABRICACAO DE AUTO PECAS LT;RODOVIARIO;1458971;04/02/2026;1;327049;04/02/2026;CAOA MOTOR DO BRASIL LTDA (VL PRUDENTE);1,68E+13;SAO PAULO;SP;04/02/2026;06/02/2026;05/02/2026;Entregue No Prazo;;Entrega realizada;Entrega Finalizada;6;2;4;2;RISSO;26051;;;
MOBIS BRASIL FABRICACAO DE AUTO PECAS LT;RODOVIARIO;1458977;04/02/2026;1;327050;04/02/2026;CHS MOTORS VEICULOS PECAS E SERV.  LTDA;1,69E+13;SAO PAULO;SP;04/02/2026;06/02/2026;05/02/2026;Entregue No Prazo;;Entrega realizada;Entrega Finalizada;6;2;4;2;RISSO;26108;;;
MOBIS BRASIL FABRICACAO DE AUTO PECAS LT;RODOVIARIO;1459019;04/02/2026;6;327052;04/02/2026;CHS MOTORS VEICULOS PECAS(VL. GUILHERME);1,69E+13;SAO PAULO;SP;04/02/2026;06/02/2026;05/02/2026;Entregue No Prazo;;Entrega realizada;Entrega Finalizada;6;2;4;2;RISSO;26052;;;
MOBIS BRASIL FABRICACAO DE AUTO PECAS LT;RODOVIARIO;1458966;04/02/2026;1;327055;04/02/2026;GRANDAY AUTOMOTORES LTDA;1,57E+13;SAO PAULO;SP;04/02/2026;06/02/2026;05/02/2026;Entregue No Prazo;;Entrega realizada;Entrega Finalizada;6;2;4;2;RISSO;26041;;;
MOBIS BRASIL FABRICACAO DE AUTO PECAS LT;RODOVIARIO;1458961;04/02/2026;3;327060;04/02/2026;NOBRE DISTRIBUIDORA DE VEICULOS E PECAS;5,76E+12;MOGI DAS CRUZES;SP;04/02/2026;06/02/2026;05/02/2026;Entregue No Prazo;;Entrega realizada;Entrega Finalizada;6;2;4;2;RISSO;26004;;;
MOBIS BRASIL FABRICACAO DE AUTO PECAS LT;RODOVIARIO;1458974;04/02/2026;1;327048;04/02/2026;CAOA MOTOR DO BRASIL LTDA;1,68E+13;SANTOS;SP;04/02/2026;09/02/2026;05/02/2026;Entregue No Prazo;;Entrega realizada;Entrega Finalizada;9;2;4;2;RISSO;5008;;;
MOBIS BRASIL FABRICACAO DE AUTO PECAS LT;RODOVIARIO;1459017;04/02/2026;1;327054;04/02/2026;DHC COMERCIO DE VEICULOS E PECAS LTDA;9,52E+12;JAU;SP;04/02/2026;10/02/2026;05/02/2026;Entregue No Prazo;;Entrega realizada;Entrega Finalizada;10;2;4;2;RISSO;26010;;;
MOBIS BRASIL FABRICACAO DE AUTO PECAS LT;RODOVIARIO;1458959;04/02/2026;1;327058;04/02/2026;HYMAX DISTRIBUIDORA DE VEICULOS LTDA;1,73E+13;MOGI GUACU;SP;04/02/2026;10/02/2026;05/02/2026;Entregue No Prazo;;Entrega realizada;Entrega Finalizada;10;2;4;2;RISSO;26002;;;
MOBIS BRASIL FABRICACAO DE AUTO PECAS LT;RODOVIARIO;1459980;05/02/2026;1;327187;05/02/2026;BILLY DISTRIBUIDORA DE VEICULOS LTDA;1,34E+13;SAO PAULO;SP;05/02/2026;09/02/2026;05/02/2026;Entregue No Prazo;;Entrega realizada;Entrega Finalizada;9;2;5;2;RISSO;26003;;;
MOBIS BRASIL FABRICACAO DE AUTO PECAS LT;RODOVIARIO;1459018;04/02/2026;1;327046;04/02/2026;BILLY DISTRIBUIDORA DE VEICULOS LTDA;1,34E+13;SAO PAULO;SP;04/02/2026;06/02/2026;06/02/2026;Entregue No Prazo;;Entrega realizada;Entrega Finalizada;6;2;4;2;RISSO;26003;;;
MOBIS BRASIL FABRICACAO DE AUTO PECAS LT;RODOVIARIO;1458964;04/02/2026;1;327051;04/02/2026;CHS MOTORS VEICULOS PECAS E SERV. LTDA.;1,69E+13;SAO PAULO;SP;04/02/2026;06/02/2026;06/02/2026;Entregue No Prazo;;Entrega realizada;Entrega Finalizada;6;2;4;2;RISSO;26036;;;
MOBIS BRASIL FABRICACAO DE AUTO PECAS LT;RODOVIARIO;1458972;04/02/2026;2;327053;04/02/2026;DESTAQUE SEUL DISTR. DE VEIC. E PC. LTDA;2,12E+13;ATIBAIA;SP;04/02/2026;09/02/2026;06/02/2026;Entregue No Prazo;;Entrega realizada;Entrega Finalizada;9;2;4;2;RISSO;26075;;;
MOBIS BRASIL FABRICACAO DE AUTO PECAS LT;RODOVIARIO;1458969;04/02/2026;5;327057;04/02/2026;H R B COMERCIO DE VEICULOS LTDA;1,82E+13;SAO JOSE DO RIO PRETO;SP;04/02/2026;10/02/2026;06/02/2026;Entregue No Prazo;;Entrega realizada;Entrega Finalizada;10;2;4;2;RISSO;26050;;;
MOBIS BRASIL FABRICACAO DE AUTO PECAS LT;RODOVIARIO;1459919;05/02/2026;3;327188;05/02/2026;BILLY DISTRIBUIDORA DE VEICULOS LTDA;1,34E+13;SAO CAETANO DO SUL;SP;05/02/2026;09/02/2026;06/02/2026;Entregue No Prazo;;Entrega realizada;Entrega Finalizada;9;2;5;2;RISSO;26003;;;
MOBIS BRASIL FABRICACAO DE AUTO PECAS LT;RODOVIARIO;1459920;05/02/2026;21;327188;05/02/2026;BILLY DISTRIBUIDORA DE VEICULOS LTDA;1,34E+13;SAO CAETANO DO SUL;SP;05/02/2026;09/02/2026;06/02/2026;Entregue No Prazo;;Entrega realizada;Entrega Finalizada;9;2;5;2;RISSO;26003;;;
MOBIS BRASIL FABRICACAO DE AUTO PECAS LT;RODOVIARIO;1459906;05/02/2026;5;327189;05/02/2026;BILLY DISTRIBUIDORA DE VEICULOS LTDA;1,34E+13;BARUERI;SP;05/02/2026;09/02/2026;06/02/2026;Entregue No Prazo;;Entrega realizada;Entrega Finalizada;9;2;5;2;RISSO;26003;;;
MOBIS BRASIL FABRICACAO DE AUTO PECAS LT;RODOVIARIO;1459930;05/02/2026;1;327193;05/02/2026;CAOA MOTOR DO BRASIL LTDA (INDIANOPOLIS);1,68E+13;SAO PAULO;SP;05/02/2026;09/02/2026;06/02/2026;Entregue No Prazo;;Entrega realizada;Entrega Finalizada;9;2;5;2;RISSO;26091;;;
MOBIS BRASIL FABRICACAO DE AUTO PECAS LT;RODOVIARIO;1459923;05/02/2026;2;327194;05/02/2026;CAOA MOTOR DO BRASIL LTDA (VL PRUDENTE);1,68E+13;SAO PAULO;SP;05/02/2026;09/02/2026;06/02/2026;Entregue No Prazo;;Entrega realizada;Entrega Finalizada;9;2;5;2;RISSO;26051;;;
MOBIS BRASIL FABRICACAO DE AUTO PECAS LT;RODOVIARIO;1459936;05/02/2026;3;327195;05/02/2026;CAOA MOTOR DO BRASIL LTDA(RAP. TAVARES);1,68E+13;SAO PAULO;SP;05/02/2026;09/02/2026;06/02/2026;Entregue No Prazo;;Entrega realizada;Entrega Finalizada;9;2;5;2;RISSO;26109;;;
MOBIS BRASIL FABRICACAO DE AUTO PECAS LT;RODOVIARIO;1459935;05/02/2026;1;327196;05/02/2026;CHS MOTORS VEICULOS PECAS E SERV. LTDA;1,69E+13;OSASCO;SP;05/02/2026;09/02/2026;06/02/2026;Entregue No Prazo;;Entrega realizada;Entrega Finalizada;9;2;5;2;RISSO;26106;;;
MOBIS BRASIL FABRICACAO DE AUTO PECAS LT;RODOVIARIO;1459915;05/02/2026;2;327197;05/02/2026;CHS MOTORS VEICULOS PECAS E SERV LTDA  ;1,69E+13;SAO PAULO;SP;05/02/2026;09/02/2026;06/02/2026;Entregue No Prazo;;Entrega realizada;Entrega Finalizada;9;2;5;2;RISSO;26037;;;
MOBIS BRASIL FABRICACAO DE AUTO PECAS LT;RODOVIARIO;1459918;05/02/2026;5;327203;05/02/2026;GRANDAY AUTOMOTORES LTDA;1,57E+13;SAO PAULO;SP;05/02/2026;09/02/2026;06/02/2026;Entregue No Prazo;;Entrega realizada;Entrega Finalizada;9;2;5;2;RISSO;26041;;;
MOBIS BRASIL FABRICACAO DE AUTO PECAS LT;RODOVIARIO;1459929;05/02/2026;21;327204;05/02/2026;GRANDAY AUTOMOTORES LTDA (CHAC. CALIFOR);1,57E+13;SAO PAULO;SP;05/02/2026;09/02/2026;06/02/2026;Entregue No Prazo;;Entrega realizada;Entrega Finalizada;9;2;5;2;RISSO;26090;;;
MOBIS BRASIL FABRICACAO DE AUTO PECAS LT;RODOVIARIO;1459942;05/02/2026;102;327178;05/02/2026;NEW VEICULOS E PECAS LTDA;1,59E+13;RIBEIRAO PRETO;SP;05/02/2026;10/02/2026;06/02/2026;Entregue No Prazo;;Entrega realizada;Entrega Finalizada;10;2;5;2;RWH;26014;;;
MOBIS BRASIL FABRICACAO DE AUTO PECAS LT;RODOVIARIO;1459926;05/02/2026;1;327191;05/02/2026;CAOA MOTOR DO BRASIL LTDA;1,68E+13;SAO JOSE DOS CAMPOS;SP;05/02/2026;10/02/2026;06/02/2026;Entregue No Prazo;;Entrega realizada;Entrega Finalizada;10;2;5;2;RISSO;5008;;;
MOBIS BRASIL FABRICACAO DE AUTO PECAS LT;RODOVIARIO;1459925;05/02/2026;2;327192;05/02/2026;CAOA MOTOR DO BRASIL LTDA;1,68E+13;CAMPINAS;SP;05/02/2026;10/02/2026;06/02/2026;Entregue No Prazo;;Entrega realizada;Entrega Finalizada;10;2;5;2;RISSO;5008;;;
MOBIS BRASIL FABRICACAO DE AUTO PECAS LT;RODOVIARIO;1459937;05/02/2026;1;327210;05/02/2026;NOBRE DISTRIBUIDORA DE VEICULOS E P;5,76E+12;JACAREI;SP;05/02/2026;10/02/2026;06/02/2026;Entregue No Prazo;;Entrega realizada;Entrega Finalizada;10;2;5;2;RISSO;26112;;;
MOBIS BRASIL FABRICACAO DE AUTO PECAS LT;RODOVIARIO;1459931;05/02/2026;6;327205;05/02/2026;H - CAMINHO AUTOMOVEIS LTDA;2,53E+13;PIRACICABA;SP;05/02/2026;11/02/2026;06/02/2026;Entregue No Prazo;;Entrega realizada;Entrega Finalizada;11;2;5;2;RISSO;26092;;;
MOBIS BRASIL FABRICACAO DE AUTO PECAS LT;RODOVIARIO;1459904;05/02/2026;3;327208;05/02/2026;HYMAX DISTRIBUIDORA DE VEICULOS LTDA;1,73E+13;MOGI GUACU;SP;05/02/2026;11/02/2026;06/02/2026;Entregue No Prazo;;Entrega realizada;Entrega Finalizada;11;2;5;2;RISSO;26002;;;
MOBIS BRASIL FABRICACAO DE AUTO PECAS LT;RODOVIARIO;1459905;05/02/2026;2;327208;05/02/2026;HYMAX DISTRIBUIDORA DE VEICULOS LTDA;1,73E+13;MOGI GUACU;SP;05/02/2026;11/02/2026;06/02/2026;Entregue No Prazo;;Entrega realizada;Entrega Finalizada;11;2;5;2;RISSO;26002;;;
MOBIS BRASIL FABRICACAO DE AUTO PECAS LT;RODOVIARIO;1459922;05/02/2026;2;327207;05/02/2026;H R B COMERCIO DE VEICULOS LTDA;1,82E+13;SAO JOSE DO RIO PRETO;SP;05/02/2026;11/02/2026;07/02/2026;Entregue No Prazo;;Entrega realizada;Entrega Finalizada;11;2;5;2;RISSO;26050;;;
MOBIS BRASIL FABRICACAO DE AUTO PECAS LT;RODOVIARIO;1459941;05/02/2026;39;327207;05/02/2026;H R B COMERCIO DE VEICULOS LTDA;1,82E+13;SAO JOSE DO RIO PRETO;SP;05/02/2026;11/02/2026;07/02/2026;Entregue No Prazo;;Entrega realizada;Entrega Finalizada;11;2;5;2;RISSO;26050;;;
MOBIS BRASIL FABRICACAO DE AUTO PECAS LT;RODOVIARIO;1458233;03/02/2026;4;327002;03/02/2026;GRAND SPORT COM. DE VEIC. E PECAS LTDA;8,58E+12;GUARULHOS;SP;03/02/2026;05/02/2026;09/02/2026;Entregue Fora do Prazo;;Entrega realizada;Entrega Finalizada;5;2;3;2;ALFA;26005;;;
MOBIS BRASIL FABRICACAO DE AUTO PECAS LT;RODOVIARIO;1458121;03/02/2026;5;326998;03/02/2026;DESTAQUE SEUL DISTR. DE VEIC. E PC. LTDA;2,12E+13;ATIBAIA;SP;03/02/2026;06/02/2026;09/02/2026;Entregue Fora do Prazo;;Entrega realizada;Entrega Finalizada;6;2;3;2;ALFA;26075;;;
MOBIS BRASIL FABRICACAO DE AUTO PECAS LT;RODOVIARIO;1458112;03/02/2026;2;327002;03/02/2026;GRAND SPORT COM. DE VEIC. E PECAS LTDA;8,58E+12;GUARULHOS;SP;03/02/2026;05/02/2026;09/02/2026;Entregue Fora do Prazo;;Entrega realizada;Entrega Finalizada;5;2;3;2;ALFA;26005;;;
MOBIS BRASIL FABRICACAO DE AUTO PECAS LT;RODOVIARIO;1458117;03/02/2026;1;326992;03/02/2026;BILLY DISTRIBUIDORA DE VEICULOS LTDA;1,34E+13;SAO PAULO;SP;03/02/2026;05/02/2026;09/02/2026;Entregue Fora do Prazo;;Entrega realizada;Entrega Finalizada;5;2;3;2;ALFA;26003;;;
MOBIS BRASIL FABRICACAO DE AUTO PECAS LT;RODOVIARIO;1458222;03/02/2026;1;327005;03/02/2026;MOTONET COMERCIO DE VEICULOS LTDA;9,28E+12;SOROCABA;SP;03/02/2026;06/02/2026;09/02/2026;Entregue Fora do Prazo;;Entrega realizada;Entrega Finalizada;6;2;3;2;ALFA;26113;;;
MOBIS BRASIL FABRICACAO DE AUTO PECAS LT;RODOVIARIO;1458106;03/02/2026;3;326996;03/02/2026;CAOA MOTOR DO BRASIL LTDA (VL PRUDENTE);1,68E+13;SAO PAULO;SP;03/02/2026;05/02/2026;09/02/2026;Entregue Fora do Prazo;;Entrega realizada;Entrega Finalizada;5;2;3;2;ALFA;26051;;;
MOBIS BRASIL FABRICACAO DE AUTO PECAS LT;RODOVIARIO;1458108;03/02/2026;1;326998;03/02/2026;DESTAQUE SEUL DISTR. DE VEIC. E PC. LTDA;2,12E+13;ATIBAIA;SP;03/02/2026;06/02/2026;09/02/2026;Entregue Fora do Prazo;;Entrega realizada;Entrega Finalizada;6;2;3;2;ALFA;26075;;;
MOBIS BRASIL FABRICACAO DE AUTO PECAS LT;RODOVIARIO;1458231;03/02/2026;3;326992;03/02/2026;BILLY DISTRIBUIDORA DE VEICULOS LTDA;1,34E+13;SAO PAULO;SP;03/02/2026;05/02/2026;09/02/2026;Entregue Fora do Prazo;;Entrega realizada;Entrega Finalizada;5;2;3;2;ALFA;26003;;;
MOBIS BRASIL FABRICACAO DE AUTO PECAS LT;RODOVIARIO;1458102;03/02/2026;3;327001;03/02/2026;GRAND SPORT COM. DE VEIC. E PECAS LTDA;8,58E+12;SAO PAULO;SP;03/02/2026;05/02/2026;09/02/2026;Entregue Fora do Prazo;;Entrega realizada;Entrega Finalizada;5;2;3;2;ALFA;26034;;;
MOBIS BRASIL FABRICACAO DE AUTO PECAS LT;RODOVIARIO;1458099;03/02/2026;1;327000;03/02/2026;DHC COMERCIO DE VEICULOS E PECAS LTDA;9,52E+12;BAURU;SP;03/02/2026;06/02/2026;09/02/2026;Entregue Fora do Prazo;;Entrega realizada;Entrega Finalizada;6;2;3;2;ALFA;26010;;;
MOBIS BRASIL FABRICACAO DE AUTO PECAS LT;RODOVIARIO;1458101;03/02/2026;2;327001;03/02/2026;GRAND SPORT COM. DE VEIC. E PECAS LTDA;8,58E+12;SAO PAULO;SP;03/02/2026;05/02/2026;09/02/2026;Entregue Fora do Prazo;;Entrega realizada;Entrega Finalizada;5;2;3;2;ALFA;26034;;;
MOBIS BRASIL FABRICACAO DE AUTO PECAS LT;RODOVIARIO;1458230;03/02/2026;5;326998;03/02/2026;DESTAQUE SEUL DISTR. DE VEIC. E PC. LTDA;2,12E+13;ATIBAIA;SP;03/02/2026;06/02/2026;09/02/2026;Entregue Fora do Prazo;;Entrega realizada;Entrega Finalizada;6;2;3;2;ALFA;26075;;;
MOBIS BRASIL FABRICACAO DE AUTO PECAS LT;RODOVIARIO;1458224;03/02/2026;1;326994;03/02/2026;CAOA MOTOR DO BRASIL LTDA;1,68E+13;SAO BERNARDO DO CAMPO;SP;03/02/2026;05/02/2026;09/02/2026;Entregue Fora do Prazo;;Entrega realizada;Entrega Finalizada;5;2;3;2;ALFA;5008;;;
MOBIS BRASIL FABRICACAO DE AUTO PECAS LT;RODOVIARIO;1458136;03/02/2026;6;326991;03/02/2026;BILLY DISTRIBUIDORA DE VEICULOS LTDA;1,34E+13;BARUERI;SP;03/02/2026;05/02/2026;09/02/2026;Entregue Fora do Prazo;;Entrega realizada;Entrega Finalizada;5;2;3;2;ALFA;26003;;;
MOBIS BRASIL FABRICACAO DE AUTO PECAS LT;RODOVIARIO;1458229;03/02/2026;4;326991;03/02/2026;BILLY DISTRIBUIDORA DE VEICULOS LTDA;1,34E+13;BARUERI;SP;03/02/2026;05/02/2026;09/02/2026;Entregue Fora do Prazo;;Entrega realizada;Entrega Finalizada;5;2;3;2;ALFA;26003;;;
MOBIS BRASIL FABRICACAO DE AUTO PECAS LT;RODOVIARIO;1458228;03/02/2026;1;326994;03/02/2026;CAOA MOTOR DO BRASIL LTDA;1,68E+13;SAO BERNARDO DO CAMPO;SP;03/02/2026;05/02/2026;09/02/2026;Entregue Fora do Prazo;;Entrega realizada;Entrega Finalizada;5;2;3;2;ALFA;5008;;;
MOBIS BRASIL FABRICACAO DE AUTO PECAS LT;RODOVIARIO;1458232;03/02/2026;1;326999;03/02/2026;DHC COMERCIO DE VEICULOS E PECAS LTDA;9,52E+12;JAU;SP;03/02/2026;09/02/2026;09/02/2026;Entregue No Prazo;;Entrega realizada;Entrega Finalizada;9;2;3;2;ALFA;26010;;;
MOBIS BRASIL FABRICACAO DE AUTO PECAS LT;RODOVIARIO;1458133;03/02/2026;1;326999;03/02/2026;DHC COMERCIO DE VEICULOS E PECAS LTDA;9,52E+12;JAU;SP;03/02/2026;09/02/2026;09/02/2026;Entregue No Prazo;;Entrega realizada;Entrega Finalizada;9;2;3;2;ALFA;26010;;;
MOBIS BRASIL FABRICACAO DE AUTO PECAS LT;RODOVIARIO;1458103;03/02/2026;20;327003;03/02/2026;GRANDAY AUTOMOTORES LTDA;1,57E+13;SAO PAULO;SP;03/02/2026;05/02/2026;09/02/2026;Entregue Fora do Prazo;;Entrega realizada;Entrega Finalizada;5;2;3;2;ALFA;26041;;;
MOBIS BRASIL FABRICACAO DE AUTO PECAS LT;RODOVIARIO;1458221;03/02/2026;2;327010;03/02/2026;VIME SAO JOAO COM. DE VEIC. E PECAS LTDA;5,10E+13;SAO JOAO DA BOA VISTA;SP;03/02/2026;09/02/2026;09/02/2026;Entregue No Prazo;;Entrega realizada;Entrega Finalizada;9;2;3;2;ALFA;26107;;;
MOBIS BRASIL FABRICACAO DE AUTO PECAS LT;RODOVIARIO;1458098;03/02/2026;3;327008;03/02/2026;NOBRE DISTRIBUIDORA DE VEICULOS E PECAS;5,76E+12;MOGI DAS CRUZES;SP;03/02/2026;05/02/2026;09/02/2026;Entregue Fora do Prazo;;Entrega realizada;Entrega Finalizada;5;2;3;2;ALFA;26004;;;
MOBIS BRASIL FABRICACAO DE AUTO PECAS LT;RODOVIARIO;1458962;04/02/2026;3;327044;04/02/2026;ANDRETA II DISTRIBUIDORA DE VEIC. LTDA;9,10E+12;CAMPINAS;SP;04/02/2026;09/02/2026;09/02/2026;Entregue No Prazo;;Entrega realizada;Entrega Finalizada;9;2;4;2;RISSO;26011;;;
MOBIS BRASIL FABRICACAO DE AUTO PECAS LT;RODOVIARIO;1459907;05/02/2026;43;327183;05/02/2026;NOBRE DISTRIBUIDORA DE VEICULOS E PECAS;5,76E+12;MOGI DAS CRUZES;SP;05/02/2026;09/02/2026;09/02/2026;Entregue No Prazo;;Entrega realizada;Entrega Finalizada;9;2;5;2;RISSO;26004;;;
MOBIS BRASIL FABRICACAO DE AUTO PECAS LT;RODOVIARIO;1459910;05/02/2026;2;327186;05/02/2026;ANDRETA II DISTRIBUIDORA DE VEIC. LTDA;9,10E+12;CAMPINAS;SP;05/02/2026;10/02/2026;09/02/2026;Entregue No Prazo;;Entrega realizada;Entrega Finalizada;10;2;5;2;RISSO;26011;;;
MOBIS BRASIL FABRICACAO DE AUTO PECAS LT;RODOVIARIO;1459911;05/02/2026;21;327186;05/02/2026;ANDRETA II DISTRIBUIDORA DE VEIC. LTDA;9,10E+12;CAMPINAS;SP;05/02/2026;10/02/2026;09/02/2026;Entregue No Prazo;;Entrega realizada;Entrega Finalizada;10;2;5;2;RISSO;26011;;;
MOBIS BRASIL FABRICACAO DE AUTO PECAS LT;RODOVIARIO;1459928;05/02/2026;3;327190;05/02/2026;CAOA MOTOR DO BRASIL LTDA;1,68E+13;SANTOS;SP;05/02/2026;10/02/2026;09/02/2026;Entregue No Prazo;;Entrega realizada;Entrega Finalizada;10;2;5;2;RISSO;5008;;;
MOBIS BRASIL FABRICACAO DE AUTO PECAS LT;RODOVIARIO;1459912;05/02/2026;2;327209;05/02/2026;MOTONET COMERCIO DE VEICULOS LTDA;9,28E+12;SOROCABA;SP;05/02/2026;10/02/2026;09/02/2026;Entregue No Prazo;;Entrega realizada;Entrega Finalizada;10;2;5;2;RISSO;26113;;;
MOBIS BRASIL FABRICACAO DE AUTO PECAS LT;RODOVIARIO;1459924;05/02/2026;1;327200;05/02/2026;GOLDEN MOTORS VEICULOS LTDA;3,62E+12;ARACATUBA;SP;05/02/2026;11/02/2026;09/02/2026;Entregue No Prazo;;Entrega realizada;Entrega Finalizada;11;2;5;2;RISSO;12001;;;
MOBIS BRASIL FABRICACAO DE AUTO PECAS LT;RODOVIARIO;1460635;06/02/2026;1;327327;06/02/2026;CAOA MOTOR DO BRASIL LTDA (SANTANA);1,68E+13;SAO PAULO;SP;06/02/2026;10/02/2026;09/02/2026;Entregue No Prazo;;Entrega realizada;Entrega Finalizada;10;2;6;2;RISSO;26035;;;
MOBIS BRASIL FABRICACAO DE AUTO PECAS LT;RODOVIARIO;1460639;06/02/2026;2;327328;06/02/2026;CAOA MOTOR DO BRASIL LTDA (VL PRUDENTE);1,68E+13;SAO PAULO;SP;06/02/2026;10/02/2026;09/02/2026;Entregue No Prazo;;Entrega realizada;Entrega Finalizada;10;2;6;2;RISSO;26051;;;
MOBIS BRASIL FABRICACAO DE AUTO PECAS LT;RODOVIARIO;1460677;06/02/2026;17;327329;06/02/2026;CHS MOTORS VEICULOS PECAS(VL. GUILHERME);1,69E+13;SAO PAULO;SP;06/02/2026;10/02/2026;09/02/2026;Entregue No Prazo;;Entrega realizada;Entrega Finalizada;10;2;6;2;RISSO;26052;;;
MOBIS BRASIL FABRICACAO DE AUTO PECAS LT;RODOVIARIO;1460645;06/02/2026;11;327335;06/02/2026;GRANDAY AUTOMOTORES LTDA (CHAC. CALIFOR);1,57E+13;SAO PAULO;SP;06/02/2026;10/02/2026;09/02/2026;Entregue No Prazo;;Entrega realizada;Entrega Finalizada;10;2;6;2;RISSO;26090;;;
MOBIS BRASIL FABRICACAO DE AUTO PECAS LT;RODOVIARIO;1460642;06/02/2026;3;327339;06/02/2026;NOBRE SP DISTRIB. DE VEIC. E PEC. LTDA;1,70E+13;SAO PAULO;SP;06/02/2026;10/02/2026;09/02/2026;Entregue No Prazo;;Entrega realizada;Entrega Finalizada;10;2;6;2;RISSO;26081;;;
MOBIS BRASIL FABRICACAO DE AUTO PECAS LT;RODOVIARIO;1460633;06/02/2026;9;327323;06/02/2026;ANDRETA II DISTRIBUIDORA DE VEIC. LTDA;9,10E+12;CAMPINAS;SP;06/02/2026;11/02/2026;09/02/2026;Entregue No Prazo;;Entrega realizada;Entrega Finalizada;11;2;6;2;RISSO;26011;;;
MOBIS BRASIL FABRICACAO DE AUTO PECAS LT;RODOVIARIO;1460641;06/02/2026;3;327330;06/02/2026;DESTAQUE SEUL DISTR. DE VEIC. E PC. LTDA;2,12E+13;ATIBAIA;SP;06/02/2026;11/02/2026;09/02/2026;Entregue No Prazo;;Entrega realizada;Entrega Finalizada;11;2;6;2;RISSO;26075;;;
MOBIS BRASIL FABRICACAO DE AUTO PECAS LT;RODOVIARIO;1460719;06/02/2026;1;327333;06/02/2026;DHC COMERCIO DE VEICULOS E PECAS LTDA;9,52E+12;JAU;SP;06/02/2026;12/02/2026;09/02/2026;Entregue No Prazo;;Entrega realizada;Entrega Finalizada;12;2;6;2;RISSO;26010;;;
MOBIS BRASIL FABRICACAO DE AUTO PECAS LT;RODOVIARIO;1458109;03/02/2026;2;327009;03/02/2026;NOBRE SP DISTRIB. DE VEIC. E PEC. LTDA;1,70E+13;SAO PAULO;SP;03/02/2026;05/02/2026;10/02/2026;Entregue Fora do Prazo;;Entrega realizada;Entrega Finalizada;5;2;3;2;ALFA;26081;;;
MOBIS BRASIL FABRICACAO DE AUTO PECAS LT;RODOVIARIO;1458225;03/02/2026;1;327007;03/02/2026;NEW VEICULOS E PECAS LTDA;1,59E+13;BARRETOS;SP;03/02/2026;09/02/2026;10/02/2026;Entregue Fora do Prazo;;Entrega realizada;Entrega Finalizada;9;2;3;2;ALFA;26014;;;
MOBIS BRASIL FABRICACAO DE AUTO PECAS LT;RODOVIARIO;1458234;03/02/2026;1;327007;03/02/2026;NEW VEICULOS E PECAS LTDA;1,59E+13;BARRETOS;SP;03/02/2026;09/02/2026;10/02/2026;Entregue Fora do Prazo;;Entrega realizada;Entrega Finalizada;9;2;3;2;ALFA;26014;;;
MOBIS BRASIL FABRICACAO DE AUTO PECAS LT;RODOVIARIO;1458110;03/02/2026;4;326993;03/02/2026;CAOA MOTOR DO BRASIL LTDA;1,68E+13;PRAIA GRANDE;SP;03/02/2026;09/02/2026;10/02/2026;Entregue Fora do Prazo;;Entrega realizada;Entrega Finalizada;9;2;3;2;ALFA;5008;;;
MOBIS BRASIL FABRICACAO DE AUTO PECAS LT;RODOVIARIO;1458975;04/02/2026;2;327056;04/02/2026;GRANDAY AUTOMOTORES LTDA (CHAC. CALIFOR);1,57E+13;SAO PAULO;SP;04/02/2026;06/02/2026;10/02/2026;Entregue Fora do Prazo;Recusa;10/02 Recusa ;Entrega Finalizada;6;2;4;2;RISSO;26090;;;
MOBIS BRASIL FABRICACAO DE AUTO PECAS LT;RODOVIARIO;1458963;04/02/2026;37;327059;04/02/2026;NEW VEICULOS E PECAS LTDA;1,59E+13;RIBEIRAO PRETO;SP;04/02/2026;09/02/2026;10/02/2026;Entregue Fora do Prazo;;Entrega realizada;Entrega Finalizada;9;2;4;2;RISSO;26014;;;
MOBIS BRASIL FABRICACAO DE AUTO PECAS LT;RODOVIARIO;1459939;05/02/2026;62;327180;05/02/2026;CHS MOTORS VEICULOS PECAS(VL. GUILHERME);1,69E+13;SAO PAULO;SP;05/02/2026;09/02/2026;10/02/2026;Entregue Fora do Prazo;;Entrega realizada;Entrega Finalizada;9;2;5;2;RISSO;26052;;;
MOBIS BRASIL FABRICACAO DE AUTO PECAS LT;RODOVIARIO;1459908;05/02/2026;2;327201;05/02/2026;GRAND SPORT COM. DE VEIC. E PECAS LTDA;8,58E+12;GUARULHOS;SP;05/02/2026;09/02/2026;10/02/2026;Entregue Fora do Prazo;;Entrega realizada;Entrega Finalizada;9;2;5;2;RISSO;26005;;;
MOBIS BRASIL FABRICACAO DE AUTO PECAS LT;RODOVIARIO;1459917;05/02/2026;2;327184;05/02/2026;ANDRETA II DISTRIB.DE VEICULOS LTDA.;9,10E+12;JUNDIAI;SP;05/02/2026;10/02/2026;10/02/2026;Entregue No Prazo;;Entrega realizada;Entrega Finalizada;10;2;5;2;RISSO;26040;;;
MOBIS BRASIL FABRICACAO DE AUTO PECAS LT;RODOVIARIO;1459916;05/02/2026;1;327184;05/02/2026;ANDRETA II DISTRIB.DE VEICULOS LTDA.;9,10E+12;JUNDIAI;SP;05/02/2026;10/02/2026;10/02/2026;Entregue No Prazo;;Entrega realizada;Entrega Finalizada;10;2;5;2;RISSO;26040;;;
MOBIS BRASIL FABRICACAO DE AUTO PECAS LT;RODOVIARIO;1459909;05/02/2026;6;327199;05/02/2026;DHC COMERCIO DE VEICULOS E PECAS LTDA;9,52E+12;BAURU;SP;05/02/2026;10/02/2026;10/02/2026;Entregue No Prazo;;Entrega realizada;Entrega Finalizada;10;2;5;2;RISSO;26010;;;
MOBIS BRASIL FABRICACAO DE AUTO PECAS LT;RODOVIARIO;1459932;05/02/2026;6;327206;05/02/2026;H - CAMINHO AUTOMOVEIS LTDA;2,53E+13;LIMEIRA;SP;05/02/2026;10/02/2026;10/02/2026;Entregue No Prazo;;Entrega realizada;Entrega Finalizada;10;2;5;2;RISSO;26092;;;
MOBIS BRASIL FABRICACAO DE AUTO PECAS LT;RODOVIARIO;1459921;05/02/2026;11;327182;05/02/2026;NEW VEICULOS E PECAS LTDA;1,59E+13;FRANCA;SP;05/02/2026;11/02/2026;10/02/2026;Entregue No Prazo;;Entrega realizada;Entrega Finalizada;11;2;5;2;RISSO;26014;;;
MOBIS BRASIL FABRICACAO DE AUTO PECAS LT;RODOVIARIO;1459934;05/02/2026;1;327185;05/02/2026;ANDRETA II DISTRIBUIDORA DE VEIC. LTDA;9,10E+12;RIO CLARO;SP;05/02/2026;11/02/2026;10/02/2026;Entregue No Prazo;;Entrega realizada;Entrega Finalizada;11;2;5;2;RISSO;26011;;;
MOBIS BRASIL FABRICACAO DE AUTO PECAS LT;RODOVIARIO;1460646;06/02/2026;1;327326;06/02/2026;CAOA MOTOR DO BRASIL LTDA (INDIANOPOLIS);1,68E+13;SAO PAULO;SP;06/02/2026;10/02/2026;10/02/2026;Entregue No Prazo;;Entrega realizada;Entrega Finalizada;10;2;6;2;RISSO;26091;;;
MOBIS BRASIL FABRICACAO DE AUTO PECAS LT;RODOVIARIO;1460632;06/02/2026;1;327334;06/02/2026;GRAND SPORT COM. DE VEIC. E PECAS LTDA;8,58E+12;GUARULHOS;SP;06/02/2026;10/02/2026;10/02/2026;Entregue No Prazo;;Entrega realizada;Entrega Finalizada;10;2;6;2;RISSO;26005;;;
MOBIS BRASIL FABRICACAO DE AUTO PECAS LT;RODOVIARIO;1460647;06/02/2026;1;327322;06/02/2026;ANDRETA II DISTRIBUIDORA DE VEIC. LTDA;9,10E+12;RIO CLARO;SP;06/02/2026;12/02/2026;10/02/2026;Entregue No Prazo;;Entrega realizada;Entrega Finalizada;12;2;6;2;RISSO;26011;;;
MOBIS BRASIL FABRICACAO DE AUTO PECAS LT;RODOVIARIO;1460644;06/02/2026;2;327325;06/02/2026;CAOA MOTOR DO BRASIL LTDA;1,68E+13;PRAIA GRANDE;SP;06/02/2026;12/02/2026;10/02/2026;Entregue No Prazo;;Entrega realizada;Entrega Finalizada;12;2;6;2;RISSO;5008;;;
MOBIS BRASIL FABRICACAO DE AUTO PECAS LT;RODOVIARIO;1460643;06/02/2026;3;327332;06/02/2026;DESTAQUE SEUL DISTR DE VEIC PEC LTDA;2,12E+13;CARAGUATATUBA;SP;06/02/2026;12/02/2026;10/02/2026;Entregue No Prazo;;Entrega realizada;Entrega Finalizada;12;2;6;2;RISSO;26082;;;
MOBIS BRASIL FABRICACAO DE AUTO PECAS LT;RODOVIARIO;1460678;06/02/2026;11;327336;06/02/2026;H R B COMERCIO DE VEICULOS LTDA;1,82E+13;SAO JOSE DO RIO PRETO;SP;06/02/2026;12/02/2026;10/02/2026;Entregue No Prazo;Avaria;Entrega realizada;Entrega Finalizada;12;2;6;2;RISSO;26050;;;
MOBIS BRASIL FABRICACAO DE AUTO PECAS LT;RODOVIARIO;1460638;06/02/2026;2;327336;06/02/2026;H R B COMERCIO DE VEICULOS LTDA;1,82E+13;SAO JOSE DO RIO PRETO;SP;06/02/2026;12/02/2026;10/02/2026;Entregue No Prazo;;Entrega realizada;Entrega Finalizada;12;2;6;2;RISSO;26050;;;
MOBIS BRASIL FABRICACAO DE AUTO PECAS LT;RODOVIARIO;1460631;06/02/2026;1;327337;06/02/2026;HYMAX DISTRIBUIDORA DE VEICULOS LTDA;1,73E+13;MOGI GUACU;SP;06/02/2026;12/02/2026;10/02/2026;Entregue No Prazo;;Entrega realizada;Entrega Finalizada;12;2;6;2;RISSO;26002;;;
MOBIS BRASIL FABRICACAO DE AUTO PECAS LT;RODOVIARIO;1461457;09/02/2026;2;327483;09/02/2026;BILLY DISTRIBUIDORA DE VEICULOS LTDA;1,34E+13;BARUERI;SP;09/02/2026;11/02/2026;10/02/2026;Entregue No Prazo;;Entrega realizada;Entrega Finalizada;11;2;9;2;RISSO;26003;;;
MOBIS BRASIL FABRICACAO DE AUTO PECAS LT;RODOVIARIO;1461480;09/02/2026;1;327489;09/02/2026;CAOA MOTOR DO BRASIL LTDA (CONSOLACAO);1,68E+13;SAO PAULO;SP;09/02/2026;11/02/2026;10/02/2026;Entregue No Prazo;;Entrega realizada;Entrega Finalizada;11;2;9;2;RISSO;26076;;;
MOBIS BRASIL FABRICACAO DE AUTO PECAS LT;RODOVIARIO;1461474;09/02/2026;1;327490;09/02/2026;CAOA MOTOR DO BRASIL LTDA (IPIRANGA);1,68E+13;SAO PAULO;SP;09/02/2026;11/02/2026;10/02/2026;Entregue No Prazo;;Entrega realizada;Entrega Finalizada;11;2;9;2;RISSO;26054;;;
MOBIS BRASIL FABRICACAO DE AUTO PECAS LT;RODOVIARIO;1461473;09/02/2026;9;327491;09/02/2026;CAOA MOTOR DO BRASIL LTDA (VL PRUDENTE);1,68E+13;SAO PAULO;SP;09/02/2026;11/02/2026;10/02/2026;Entregue No Prazo;;Entrega realizada;Entrega Finalizada;11;2;9;2;RISSO;26051;;;
MOBIS BRASIL FABRICACAO DE AUTO PECAS LT;RODOVIARIO;1461499;09/02/2026;1;327492;09/02/2026;CHS MOTORS VEICULOS PECAS E SERV.  LTDA;1,69E+13;SAO PAULO;SP;09/02/2026;11/02/2026;10/02/2026;Entregue No Prazo;;Entrega realizada;Entrega Finalizada;11;2;9;2;RISSO;26108;;;
MOBIS BRASIL FABRICACAO DE AUTO PECAS LT;RODOVIARIO;1461497;09/02/2026;2;327493;09/02/2026;CHS MOTORS VEICULOS PECAS E SERV. LTDA;1,69E+13;OSASCO;SP;09/02/2026;11/02/2026;10/02/2026;Entregue No Prazo;;Entrega realizada;Entrega Finalizada;11;2;9;2;RISSO;26106;;;
MOBIS BRASIL FABRICACAO DE AUTO PECAS LT;RODOVIARIO;1461546;09/02/2026;4;327494;09/02/2026;CHS MOTORS VEICULOS PECAS(VL. GUILHERME);1,69E+13;SAO PAULO;SP;09/02/2026;11/02/2026;10/02/2026;Entregue No Prazo;;Entrega realizada;Entrega Finalizada;11;2;9;2;RISSO;26052;;;
MOBIS BRASIL FABRICACAO DE AUTO PECAS LT;RODOVIARIO;1461467;09/02/2026;1;327499;09/02/2026;GRAND SPORT COM. DE VEIC. E PECAS LTDA;8,58E+12;SAO PAULO;SP;09/02/2026;11/02/2026;10/02/2026;Entregue No Prazo;;Entrega realizada;Entrega Finalizada;11;2;9;2;RISSO;26034;;;
MOBIS BRASIL FABRICACAO DE AUTO PECAS LT;RODOVIARIO;1461466;09/02/2026;2;327499;09/02/2026;GRAND SPORT COM. DE VEIC. E PECAS LTDA;8,58E+12;SAO PAULO;SP;09/02/2026;11/02/2026;10/02/2026;Entregue No Prazo;;Entrega realizada;Entrega Finalizada;11;2;9;2;RISSO;26034;;;
MOBIS BRASIL FABRICACAO DE AUTO PECAS LT;RODOVIARIO;1461490;09/02/2026;16;327501;09/02/2026;GRANDAY AUTOMOTORES LTDA (CHAC. CALIFOR);1,57E+13;SAO PAULO;SP;09/02/2026;11/02/2026;10/02/2026;Entregue No Prazo;;Entrega realizada;Entrega Finalizada;11;2;9;2;RISSO;26090;;;
MOBIS BRASIL FABRICACAO DE AUTO PECAS LT;RODOVIARIO;1461469;09/02/2026;5;327476;09/02/2026;ANDRETA II DISTRIB.DE VEICULOS LTDA.;9,10E+12;JUNDIAI;SP;09/02/2026;12/02/2026;10/02/2026;Entregue No Prazo;;Entrega realizada;Entrega Finalizada;12;2;9;2;RISSO;26040;;;
MOBIS BRASIL FABRICACAO DE AUTO PECAS LT;RODOVIARIO;1461462;09/02/2026;9;327479;09/02/2026;ANDRETA II DISTRIBUIDORA DE VEIC. LTDA;9,10E+12;CAMPINAS;SP;09/02/2026;12/02/2026;10/02/2026;Entregue No Prazo;;Entrega realizada;Entrega Finalizada;12;2;9;2;RISSO;26011;;;
MOBIS BRASIL FABRICACAO DE AUTO PECAS LT;RODOVIARIO;1461461;09/02/2026;1;327479;09/02/2026;ANDRETA II DISTRIBUIDORA DE VEIC. LTDA;9,10E+12;CAMPINAS;SP;09/02/2026;12/02/2026;10/02/2026;Entregue No Prazo;;Entrega realizada;Entrega Finalizada;12;2;9;2;RISSO;26011;;;
MOBIS BRASIL FABRICACAO DE AUTO PECAS LT;RODOVIARIO;1461477;09/02/2026;1;327486;09/02/2026;CAOA MOTOR DO BRASIL LTDA;1,68E+13;TAUBATE;SP;09/02/2026;12/02/2026;10/02/2026;Entregue No Prazo;;Entrega realizada;Entrega Finalizada;12;2;9;2;RISSO;5008;;;
MOBIS BRASIL FABRICACAO DE AUTO PECAS LT;RODOVIARIO;1461479;09/02/2026;3;327495;09/02/2026;DESTAQUE SEUL DISTR. DE VEIC. E PC. LTDA;2,12E+13;ATIBAIA;SP;09/02/2026;12/02/2026;10/02/2026;Entregue No Prazo;;Entrega realizada;Entrega Finalizada;12;2;9;2;RISSO;26075;;;
MOBIS BRASIL FABRICACAO DE AUTO PECAS LT;RODOVIARIO;1461478;09/02/2026;1;327495;09/02/2026;DESTAQUE SEUL DISTR. DE VEIC. E PC. LTDA;2,12E+13;ATIBAIA;SP;09/02/2026;12/02/2026;10/02/2026;Entregue No Prazo;;Entrega realizada;Entrega Finalizada;12;2;9;2;RISSO;26075;;;
MOBIS BRASIL FABRICACAO DE AUTO PECAS LT;RODOVIARIO;1461493;09/02/2026;6;327503;09/02/2026;H - CAMINHO AUTOMOVEIS LTDA;2,53E+13;LIMEIRA;SP;09/02/2026;12/02/2026;10/02/2026;Entregue No Prazo;;Entrega realizada;Entrega Finalizada;12;2;9;2;RISSO;26092;;;
MOBIS BRASIL FABRICACAO DE AUTO PECAS LT;RODOVIARIO;1461491;09/02/2026;1;327502;09/02/2026;H - CAMINHO AUTOMOVEIS LTDA;2,53E+13;PIRACICABA;SP;09/02/2026;13/02/2026;10/02/2026;Entregue No Prazo;;Entrega realizada;Entrega Finalizada;13;2;9;2;RISSO;26092;;;
MOBIS BRASIL FABRICACAO DE AUTO PECAS LT;RODOVIARIO;1461455;09/02/2026;3;327505;09/02/2026;HYMAX DISTRIBUIDORA DE VEICULOS LTDA;1,73E+13;MOGI GUACU;SP;09/02/2026;13/02/2026;10/02/2026;Entregue No Prazo;;Entrega realizada;Entrega Finalizada;13;2;9;2;RISSO;26002;;;
MOBIS BRASIL FABRICACAO DE AUTO PECAS LT;RODOVIARIO;1461456;09/02/2026;2;327505;09/02/2026;HYMAX DISTRIBUIDORA DE VEICULOS LTDA;1,73E+13;MOGI GUACU;SP;09/02/2026;13/02/2026;10/02/2026;Entregue No Prazo;;Entrega realizada;Entrega Finalizada;13;2;9;2;RISSO;26002;;;
MOBIS BRASIL FABRICACAO DE AUTO PECAS LT;RODOVIARIO;1458131;03/02/2026;4;327006;03/02/2026;NEW VEICULOS E PECAS LTDA;1,59E+13;RIBEIRAO PRETO;SP;03/02/2026;06/02/2026;11/02/2026;Entregue Fora do Prazo;;Entrega realizada;Entrega Finalizada;6;2;3;2;ALFA;26014;;;
MOBIS BRASIL FABRICACAO DE AUTO PECAS LT;RODOVIARIO;1459913;05/02/2026;1;327202;05/02/2026;GRAND SPORT COM. DE VEIC. E PECAS LTDA;8,58E+12;SAO PAULO;SP;05/02/2026;09/02/2026;11/02/2026;Entregue Fora do Prazo;;Entrega realizada;Entrega Finalizada;9;2;5;2;RISSO;26034;;;
MOBIS BRASIL FABRICACAO DE AUTO PECAS LT;RODOVIARIO;1459914;05/02/2026;7;327202;05/02/2026;GRAND SPORT COM. DE VEIC. E PECAS LTDA;8,58E+12;SAO PAULO;SP;05/02/2026;09/02/2026;11/02/2026;Entregue Fora do Prazo;;Entrega realizada;Entrega Finalizada;9;2;5;2;RISSO;26034;;;
MOBIS BRASIL FABRICACAO DE AUTO PECAS LT;RODOVIARIO;1459927;05/02/2026;30;327181;05/02/2026;DESTAQUE SEUL DISTR. DE VEIC. E PC. LTDA;2,12E+13;ATIBAIA;SP;05/02/2026;10/02/2026;11/02/2026;Entregue Fora do Prazo;;Entrega realizada;Entrega Finalizada;10;2;5;2;RISSO;26075;;;
MOBIS BRASIL FABRICACAO DE AUTO PECAS LT;RODOVIARIO;1459933;05/02/2026;2;327198;05/02/2026;DHC COMERCIO DE VEICULOS E PECAS LTDA;9,52E+12;OURINHOS;SP;05/02/2026;11/02/2026;11/02/2026;Entregue No Prazo;;Entrega realizada;Entrega Finalizada;11;2;5;2;RISSO;26010;;;
MOBIS BRASIL FABRICACAO DE AUTO PECAS LT;RODOVIARIO;1460636;06/02/2026;2;327324;06/02/2026;BILLY DISTRIBUIDORA DE VEICULOS LTDA;1,34E+13;SAO CAETANO DO SUL;SP;06/02/2026;10/02/2026;11/02/2026;Entregue Fora do Prazo;;Entrega realizada;Entrega Finalizada;10;2;6;2;RISSO;26003;;;
MOBIS BRASIL FABRICACAO DE AUTO PECAS LT;RODOVIARIO;1460637;06/02/2026;1;327324;06/02/2026;BILLY DISTRIBUIDORA DE VEICULOS LTDA;1,34E+13;SAO CAETANO DO SUL;SP;06/02/2026;10/02/2026;11/02/2026;Entregue Fora do Prazo;;Entrega realizada;Entrega Finalizada;10;2;6;2;RISSO;26003;;;
MOBIS BRASIL FABRICACAO DE AUTO PECAS LT;RODOVIARIO;1460634;06/02/2026;7;327338;06/02/2026;NEW VEICULOS E PECAS LTDA;1,59E+13;RIBEIRAO PRETO;SP;06/02/2026;11/02/2026;11/02/2026;Entregue No Prazo;;Entrega realizada;Entrega Finalizada;11;2;6;2;RISSO;26014;;;
MOBIS BRASIL FABRICACAO DE AUTO PECAS LT;RODOVIARIO;1461470;09/02/2026;1;327482;09/02/2026;BILLY DISTRIBUIDORA DE VEICULOS LTDA;1,34E+13;SAO CAETANO DO SUL;SP;09/02/2026;11/02/2026;11/02/2026;Entregue No Prazo;;Entrega realizada;Entrega Finalizada;11;2;9;2;RISSO;26003;;;
MOBIS BRASIL FABRICACAO DE AUTO PECAS LT;RODOVIARIO;1461475;09/02/2026;2;327487;09/02/2026;CAOA MOTOR DO BRASIL LTDA;1,68E+13;SAO BERNARDO DO CAMPO;SP;09/02/2026;11/02/2026;11/02/2026;Entregue No Prazo;;Entrega realizada;Entrega Finalizada;11;2;9;2;RISSO;5008;;;
MOBIS BRASIL FABRICACAO DE AUTO PECAS LT;RODOVIARIO;1461468;09/02/2026;1;327488;09/02/2026;CAOA MOTOR DO BRASIL LTDA (ARICANDUVA);1,68E+13;SAO PAULO;SP;09/02/2026;11/02/2026;11/02/2026;Entregue No Prazo;;Entrega realizada;Entrega Finalizada;11;2;9;2;RISSO;26039;;;
MOBIS BRASIL FABRICACAO DE AUTO PECAS LT;RODOVIARIO;1461458;09/02/2026;2;327509;09/02/2026;NOBRE DISTRIBUIDORA DE VEICULOS E PECAS;5,76E+12;MOGI DAS CRUZES;SP;09/02/2026;11/02/2026;11/02/2026;Entregue No Prazo;;Entrega realizada;Entrega Finalizada;11;2;9;2;RISSO;26004;;;
MOBIS BRASIL FABRICACAO DE AUTO PECAS LT;RODOVIARIO;1461472;09/02/2026;8;327477;09/02/2026;ANDRETA II DISTRIBUIDORA DE VEIC. LTDA;9,10E+12;AMERICANA;SP;09/02/2026;12/02/2026;11/02/2026;Entregue No Prazo;;Entrega realizada;Entrega Finalizada;12;2;9;2;RISSO;26011;;;
MOBIS BRASIL FABRICACAO DE AUTO PECAS LT;RODOVIARIO;1461488;09/02/2026;17;327484;09/02/2026;CAOA MOTOR DO BRASIL LTDA;1,68E+13;SANTOS;SP;09/02/2026;12/02/2026;11/02/2026;Entregue No Prazo;;Entrega realizada;Entrega Finalizada;12;2;9;2;RISSO;5008;;;
MOBIS BRASIL FABRICACAO DE AUTO PECAS LT;RODOVIARIO;1461460;09/02/2026;6;327498;09/02/2026;DHC COMERCIO DE VEICULOS E PECAS LTDA;9,52E+12;BAURU;SP;09/02/2026;12/02/2026;11/02/2026;Entregue No Prazo;;Entrega realizada;Entrega Finalizada;12;2;9;2;RISSO;26010;;;
MOBIS BRASIL FABRICACAO DE AUTO PECAS LT;RODOVIARIO;1461487;09/02/2026;1;327485;09/02/2026;CAOA MOTOR DO BRASIL LTDA;1,68E+13;PRAIA GRANDE;SP;09/02/2026;13/02/2026;11/02/2026;Entregue No Prazo;;Entrega realizada;Entrega Finalizada;13;2;9;2;RISSO;5008;;;
MOBIS BRASIL FABRICACAO DE AUTO PECAS LT;RODOVIARIO;1461485;09/02/2026;1;327496;09/02/2026;DESTAQUE SEUL DISTR DE VEIC PEC LTDA;2,12E+13;CARAGUATATUBA;SP;09/02/2026;13/02/2026;11/02/2026;Entregue No Prazo;;Entrega realizada;Entrega Finalizada;13;2;9;2;RISSO;26082;;;
MOBIS BRASIL FABRICACAO DE AUTO PECAS LT;RODOVIARIO;1461494;09/02/2026;1;327497;09/02/2026;DHC COMERCIO DE VEICULOS E PECAS LTDA;9,52E+12;OURINHOS;SP;09/02/2026;13/02/2026;11/02/2026;Entregue No Prazo;;Entrega realizada;Entrega Finalizada;13;2;9;2;RISSO;26010;;;
MOBIS BRASIL FABRICACAO DE AUTO PECAS LT;RODOVIARIO;1461547;09/02/2026;4;327504;09/02/2026;H R B COMERCIO DE VEICULOS LTDA;1,82E+13;SAO JOSE DO RIO PRETO;SP;09/02/2026;13/02/2026;11/02/2026;Entregue No Prazo;;Entrega realizada;Entrega Finalizada;13;2;9;2;RISSO;26050;;;
MOBIS BRASIL FABRICACAO DE AUTO PECAS LT;RODOVIARIO;1461496;09/02/2026;5;327508;09/02/2026;NEW VEICULOS E PECAS LTDA;1,59E+13;BARRETOS;SP;09/02/2026;13/02/2026;11/02/2026;Entregue No Prazo;;Entrega realizada;Entrega Finalizada;13;2;9;2;RISSO;26014;;;
MOBIS BRASIL FABRICACAO DE AUTO PECAS LT;RODOVIARIO;1462002;10/02/2026;1;327640;10/02/2026;BILLY DISTRIBUIDORA DE VEICULOS LTDA;1,34E+13;BARUERI;SP;10/02/2026;12/02/2026;11/02/2026;Entregue No Prazo;;Entrega realizada;Entrega Finalizada;12;2;10;2;RISSO;26003;;;
MOBIS BRASIL FABRICACAO DE AUTO PECAS LT;RODOVIARIO;1462007;10/02/2026;1;327643;10/02/2026;CAOA MOTOR DO BRASIL LTDA (VL PRUDENTE);1,68E+13;SAO PAULO;SP;10/02/2026;12/02/2026;11/02/2026;Entregue No Prazo;;Entrega realizada;Entrega Finalizada;12;2;10;2;RISSO;26051;;;
MOBIS BRASIL FABRICACAO DE AUTO PECAS LT;RODOVIARIO;1462013;10/02/2026;12;327650;10/02/2026;GRANDAY AUTOMOTORES LTDA (CHAC. CALIFOR);1,57E+13;SAO PAULO;SP;10/02/2026;12/02/2026;11/02/2026;Entregue No Prazo;;Entrega realizada;Entrega Finalizada;12;2;10;2;RISSO;26090;;;
MOBIS BRASIL FABRICACAO DE AUTO PECAS LT;RODOVIARIO;1462015;10/02/2026;1;327644;10/02/2026;CHS MOTORS VEICULOS PECAS E SERV.  LTDA;1,69E+13;SAO PAULO;SP;10/02/2026;12/02/2026;11/02/2026;Entregue No Prazo;;Entrega realizada;Entrega Finalizada;12;2;10;2;RISSO;26108;;;
MOBIS BRASIL FABRICACAO DE AUTO PECAS LT;RODOVIARIO;1462016;10/02/2026;1;327644;10/02/2026;CHS MOTORS VEICULOS PECAS E SERV.  LTDA;1,69E+13;SAO PAULO;SP;10/02/2026;12/02/2026;11/02/2026;Entregue No Prazo;;Entrega realizada;Entrega Finalizada;12;2;10;2;RISSO;26108;;;
MOBIS BRASIL FABRICACAO DE AUTO PECAS LT;RODOVIARIO;1460640;06/02/2026;1;327331;06/02/2026;DESTAQUE SEUL DISTR. DE VEIC. E PC. LTDA;2,12E+13;BRAGANCA PAULISTA;SP;06/02/2026;11/02/2026;12/02/2026;Entregue Fora do Prazo;;Entrega realizada;Entrega Finalizada;11;2;6;2;RISSO;26074;;;
MOBIS BRASIL FABRICACAO DE AUTO PECAS LT;RODOVIARIO;1461545;09/02/2026;1;327481;09/02/2026;BILLY DISTRIBUIDORA DE VEICULOS LTDA;1,34E+13;SAO PAULO;SP;09/02/2026;11/02/2026;12/02/2026;Entregue Fora do Prazo;;Entrega realizada;Entrega Finalizada;11;2;9;2;RISSO;26003;;;
MOBIS BRASIL FABRICACAO DE AUTO PECAS LT;RODOVIARIO;1461471;09/02/2026;1;327478;09/02/2026;ANDRETA II DISTRIBUIDORA DE VEIC. LTDA;9,10E+12;INDAIATUBA;SP;09/02/2026;12/02/2026;12/02/2026;Entregue No Prazo;;Entrega realizada;Entrega Finalizada;12;2;9;2;RISSO;26011;;;
MOBIS BRASIL FABRICACAO DE AUTO PECAS LT;RODOVIARIO;1461465;09/02/2026;2;327506;09/02/2026;MOTONET COMERCIO DE VEICULOS LTDA;9,28E+12;SOROCABA;SP;09/02/2026;12/02/2026;12/02/2026;Entregue No Prazo;;Entrega realizada;Entrega Finalizada;12;2;9;2;RISSO;26113;;;
MOBIS BRASIL FABRICACAO DE AUTO PECAS LT;RODOVIARIO;1461464;09/02/2026;7;327506;09/02/2026;MOTONET COMERCIO DE VEICULOS LTDA;9,28E+12;SOROCABA;SP;09/02/2026;12/02/2026;12/02/2026;Entregue No Prazo;;Entrega realizada;Entrega Finalizada;12;2;9;2;RISSO;26113;;;
MOBIS BRASIL FABRICACAO DE AUTO PECAS LT;RODOVIARIO;1461495;09/02/2026;2;327480;09/02/2026;ANDRETA II DISTRIBUIDORA DE VEIC. LTDA;9,10E+12;RIO CLARO;SP;09/02/2026;13/02/2026;12/02/2026;Entregue No Prazo;;Entrega realizada;Entrega Finalizada;13;2;9;2;RISSO;26011;;;
MOBIS BRASIL FABRICACAO DE AUTO PECAS LT;RODOVIARIO;1462003;10/02/2026;2;327654;10/02/2026;NOBRE DISTRIBUIDORA DE VEICULOS E PECAS;5,76E+12;MOGI DAS CRUZES;SP;10/02/2026;12/02/2026;12/02/2026;Entregue No Prazo;;Entrega realizada;Entrega Finalizada;12;2;10;2;RISSO;26004;;;
MOBIS BRASIL FABRICACAO DE AUTO PECAS LT;RODOVIARIO;1462004;10/02/2026;1;327648;10/02/2026;DHC COMERCIO DE VEICULOS E PECAS LTDA;9,52E+12;BAURU;SP;10/02/2026;13/02/2026;12/02/2026;Entregue No Prazo;;Entrega realizada;Entrega Finalizada;13;2;10;2;RISSO;26010;;;
MOBIS BRASIL FABRICACAO DE AUTO PECAS LT;RODOVIARIO;1462005;10/02/2026;9;327637;10/02/2026;ANDRETA II DISTRIBUIDORA DE VEIC. LTDA;9,10E+12;CAMPINAS;SP;10/02/2026;13/02/2026;12/02/2026;Entregue No Prazo;;Entrega realizada;Entrega Finalizada;13;2;10;2;RISSO;26011;;;
MOBIS BRASIL FABRICACAO DE AUTO PECAS LT;RODOVIARIO;1462006;10/02/2026;1;327638;10/02/2026;ANDRETA II DISTRIBUIDORA DE VEIC. LTDA;9,10E+12;AMERICANA;SP;10/02/2026;13/02/2026;12/02/2026;Entregue No Prazo;;Entrega realizada;Entrega Finalizada;13;2;10;2;RISSO;26011;;;
MOBIS BRASIL FABRICACAO DE AUTO PECAS LT;RODOVIARIO;1462008;10/02/2026;1;327649;10/02/2026;GOLDEN MOTORS VEICULOS LTDA;3,62E+12;ARACATUBA;SP;10/02/2026;16/02/2026;12/02/2026;Entregue No Prazo;;Entrega realizada;Entrega Finalizada;16;2;10;2;RISSO;12001;;;
MOBIS BRASIL FABRICACAO DE AUTO PECAS LT;RODOVIARIO;1462010;10/02/2026;5;327646;10/02/2026;DESTAQUE SEUL DISTR. DE VEIC. E PC. LTDA;2,12E+13;ATIBAIA;SP;10/02/2026;13/02/2026;12/02/2026;Entregue No Prazo;;Entrega realizada;Entrega Finalizada;13;2;10;2;RISSO;26075;;;
MOBIS BRASIL FABRICACAO DE AUTO PECAS LT;RODOVIARIO;1462011;10/02/2026;1;327647;10/02/2026;DESTAQUE SEUL DISTR DE VEIC PEC LTDA;2,12E+13;CARAGUATATUBA;SP;10/02/2026;16/02/2026;12/02/2026;Entregue No Prazo;;Entrega realizada;Entrega Finalizada;16;2;10;2;RISSO;26082;;;
MOBIS BRASIL FABRICACAO DE AUTO PECAS LT;RODOVIARIO;1462012;10/02/2026;3;327641;10/02/2026;CAOA MOTOR DO BRASIL LTDA;1,68E+13;SANTOS;SP;10/02/2026;13/02/2026;12/02/2026;Entregue No Prazo;;Entrega realizada;Entrega Finalizada;13;2;10;2;RISSO;5008;;;
MOBIS BRASIL FABRICACAO DE AUTO PECAS LT;RODOVIARIO;1462380;10/02/2026;28;327645;10/02/2026;CHS MOTORS VEICULOS PECAS(VL. GUILHERME);1,69E+13;SAO PAULO;SP;10/02/2026;12/02/2026;12/02/2026;Entregue No Prazo;;Entrega realizada;Entrega Finalizada;12;2;10;2;RISSO;26052;;;
MOBIS BRASIL FABRICACAO DE AUTO PECAS LT;RODOVIARIO;1462384;10/02/2026;9;327651;10/02/2026;H R B COMERCIO DE VEICULOS LTDA;1,82E+13;SAO JOSE DO RIO PRETO;SP;10/02/2026;16/02/2026;12/02/2026;Entregue No Prazo;;Entrega realizada;Entrega Finalizada;16;2;10;2;RISSO;26050;;;
MOBIS BRASIL FABRICACAO DE AUTO PECAS LT;RODOVIARIO;1462386;10/02/2026;3;327636;10/02/2026;ANDRETA II DISTRIB.DE VEICULOS LTDA.;9,10E+12;JUNDIAI;SP;10/02/2026;13/02/2026;12/02/2026;Entregue No Prazo;;Entrega realizada;Entrega Finalizada;13;2;10;2;RISSO;26040;;;
MOBIS BRASIL FABRICACAO DE AUTO PECAS LT;RODOVIARIO;1463203;11/02/2026;1;327781;11/02/2026;H - CAMINHO AUTOMOVEIS LTDA;2,53E+13;PIRACICABA;SP;11/02/2026;17/02/2026;12/02/2026;Entregue No Prazo;;Entrega realizada;Entrega Finalizada;17;2;11;2;RISSO;26092;;;
MOBIS BRASIL FABRICACAO DE AUTO PECAS LT;RODOVIARIO;1458107;03/02/2026;1;326995;03/02/2026;CAOA MOTOR DO BRASIL LTDA;1,68E+13;TAUBATE;SP;03/02/2026;06/02/2026;13/02/2026;Entregue Fora do Prazo;;Entrega realizada;Entrega Finalizada;6;2;3;2;ALFA;5008;;;
MOBIS BRASIL FABRICACAO DE AUTO PECAS LT;RODOVIARIO;1461459;09/02/2026;1;327500;09/02/2026;GRAND SPORT COM. DE VEIC. E PECAS LTDA;8,58E+12;GUARULHOS;SP;09/02/2026;11/02/2026;13/02/2026;Entregue Fora do Prazo;;Entrega realizada;Entrega Finalizada;11;2;9;2;RISSO;26005;;;
MOBIS BRASIL FABRICACAO DE AUTO PECAS LT;RODOVIARIO;1462014;10/02/2026;2;327653;10/02/2026;NEW VEICULOS E PECAS LTDA;1,59E+13;BARRETOS;SP;10/02/2026;16/02/2026;13/02/2026;Entregue No Prazo;;Entrega realizada;Entrega Finalizada;16;2;10;2;RISSO;26014;;;
MOBIS BRASIL FABRICACAO DE AUTO PECAS LT;RODOVIARIO;1462375;10/02/2026;4;327639;10/02/2026;BILLY DISTRIBUIDORA DE VEICULOS LTDA;1,34E+13;SAO PAULO;SP;10/02/2026;12/02/2026;13/02/2026;Entregue Fora do Prazo;;Entrega realizada;Entrega Finalizada;12;2;10;2;RISSO;26003;;;
MOBIS BRASIL FABRICACAO DE AUTO PECAS LT;RODOVIARIO;1463154;11/02/2026;1;327836;11/02/2026;JPG MOTORS COMERCIO DE VEICULOS LTDA;2,91E+13;CAMPO GRANDE;MS;11/02/2026;19/02/2026;13/02/2026;Entregue No Prazo;;Entrega realizada;Entrega Finalizada;19;2;11;2;CARVALIMA;12005;;;
MOBIS BRASIL FABRICACAO DE AUTO PECAS LT;RODOVIARIO;1463153;11/02/2026;1;327856;11/02/2026;ULSAN COMERCIO DE VEICULOS LTDA.;2,10E+13;CAMPO GRANDE;MS;11/02/2026;19/02/2026;13/02/2026;Entregue No Prazo;;Entrega realizada;Entrega Finalizada;19;2;11;2;CARVALIMA;12004;;;
MOBIS BRASIL FABRICACAO DE AUTO PECAS LT;RODOVIARIO;1463190;11/02/2026;3;327770;11/02/2026;CAOA MOTOR DO BRASIL LTDA (VL PRUDENTE);1,68E+13;SAO PAULO;SP;11/02/2026;13/02/2026;13/02/2026;Entregue No Prazo;;Entrega realizada;Entrega Finalizada;13;2;11;2;RISSO;26051;;;
MOBIS BRASIL FABRICACAO DE AUTO PECAS LT;RODOVIARIO;1463201;11/02/2026;1;327769;11/02/2026;CAOA MOTOR DO BRASIL LTDA (INDIANOPOLIS);1,68E+13;SAO PAULO;SP;11/02/2026;13/02/2026;13/02/2026;Entregue No Prazo;;Entrega realizada;Entrega Finalizada;13;2;11;2;RISSO;26091;;;
MOBIS BRASIL FABRICACAO DE AUTO PECAS LT;RODOVIARIO;1463268;11/02/2026;1;327766;11/02/2026;BILLY DISTRIBUIDORA DE VEICULOS LTDA;1,34E+13;SAO PAULO;SP;11/02/2026;13/02/2026;13/02/2026;Entregue No Prazo;;Entrega realizada;Entrega Finalizada;13;2;11;2;RISSO;26003;;;
MOBIS BRASIL FABRICACAO DE AUTO PECAS LT;RODOVIARIO;1463200;11/02/2026;2;327769;11/02/2026;CAOA MOTOR DO BRASIL LTDA (INDIANOPOLIS);1,68E+13;SAO PAULO;SP;11/02/2026;13/02/2026;13/02/2026;Entregue No Prazo;;Entrega realizada;Entrega Finalizada;13;2;11;2;RISSO;26091;;;
MOBIS BRASIL FABRICACAO DE AUTO PECAS LT;RODOVIARIO;1463196;11/02/2026;1;327775;11/02/2026;DHC COMERCIO DE VEICULOS E PECAS LTDA;9,52E+12;JAU;SP;11/02/2026;17/02/2026;13/02/2026;Entregue No Prazo;;Entrega realizada;Entrega Finalizada;17;2;11;2;RISSO;26010;;;
MOBIS BRASIL FABRICACAO DE AUTO PECAS LT;RODOVIARIO;1463184;11/02/2026;2;327779;11/02/2026;GRANDAY AUTOMOTORES LTDA;1,57E+13;SAO PAULO;SP;11/02/2026;13/02/2026;13/02/2026;Entregue No Prazo;;Entrega realizada;Entrega Finalizada;13;2;11;2;RISSO;26041;;;
MOBIS BRASIL FABRICACAO DE AUTO PECAS LT;RODOVIARIO;1463778;12/02/2026;9;327954;12/02/2026;ANDRETA II DISTRIBUIDORA DE VEIC. LTDA;9,10E+12;CAMPINAS;SP;12/02/2026;17/02/2026;13/02/2026;Entregue No Prazo;;Entrega realizada;Entrega Finalizada;17;2;12;2;RISSO;26011;;;
MOBIS BRASIL FABRICACAO DE AUTO PECAS LT;RODOVIARIO;1463781;12/02/2026;2;327968;12/02/2026;GRAND SPORT COM. DE VEIC. E PECAS LTDA;8,58E+12;SAO PAULO;SP;12/02/2026;16/02/2026;13/02/2026;Entregue No Prazo;;Entrega realizada;Entrega Finalizada;16;2;12;2;RISSO;26034;;;
MOBIS BRASIL FABRICACAO DE AUTO PECAS LT;RODOVIARIO;1463790;12/02/2026;1;327960;12/02/2026;CAOA MOTOR DO BRASIL LTDA (VL PRUDENTE);1,68E+13;SAO PAULO;SP;12/02/2026;16/02/2026;13/02/2026;Entregue No Prazo;;Entrega realizada;Entrega Finalizada;16;2;12;2;RISSO;26051;;;
MOBIS BRASIL FABRICACAO DE AUTO PECAS LT;RODOVIARIO;1463791;12/02/2026;1;327959;12/02/2026;CAOA MOTOR DO BRASIL LTDA (IPIRANGA);1,68E+13;SAO PAULO;SP;12/02/2026;16/02/2026;13/02/2026;Entregue No Prazo;;Entrega realizada;Entrega Finalizada;16;2;12;2;RISSO;26054;;;
MOBIS BRASIL FABRICACAO DE AUTO PECAS LT;RODOVIARIO;1463793;12/02/2026;1;327956;12/02/2026;CAOA MOTOR DO BRASIL LTDA;1,68E+13;CAMPINAS;SP;12/02/2026;17/02/2026;13/02/2026;Entregue No Prazo;;Entrega realizada;Entrega Finalizada;17;2;12;2;RISSO;5008;;;
MOBIS BRASIL FABRICACAO DE AUTO PECAS LT;RODOVIARIO;1463796;12/02/2026;1;327962;12/02/2026;CHS MOTORS VEICULOS PECAS E SERV.. LTDA;1,69E+13;SAO PAULO;SP;12/02/2026;16/02/2026;13/02/2026;Entregue No Prazo;;Entrega realizada;Entrega Finalizada;16;2;12;2;RISSO;26077;;;
MOBIS BRASIL FABRICACAO DE AUTO PECAS LT;RODOVIARIO;1463797;12/02/2026;4;327957;12/02/2026;CAOA MOTOR DO BRASIL LTDA;1,68E+13;SANTOS;SP;12/02/2026;17/02/2026;13/02/2026;Entregue No Prazo;;Entrega realizada;Entrega Finalizada;17;2;12;2;RISSO;5008;;;
MOBIS BRASIL FABRICACAO DE AUTO PECAS LT;RODOVIARIO;1463798;12/02/2026;2;327970;12/02/2026;GRANDAY AUTOMOTORES LTDA (CHAC. CALIFOR);1,57E+13;SAO PAULO;SP;12/02/2026;16/02/2026;13/02/2026;Entregue No Prazo;;Entrega realizada;Entrega Finalizada;16;2;12;2;RISSO;26090;;;
MOBIS BRASIL FABRICACAO DE AUTO PECAS LT;RODOVIARIO;1463799;12/02/2026;1;327958;12/02/2026;CAOA MOTOR DO BRASIL LTDA (INDIANOPOLIS);1,68E+13;SAO PAULO;SP;12/02/2026;16/02/2026;13/02/2026;Entregue No Prazo;;Entrega realizada;Entrega Finalizada;16;2;12;2;RISSO;26091;;;
MOBIS BRASIL FABRICACAO DE AUTO PECAS LT;RODOVIARIO;1463800;12/02/2026;3;327971;12/02/2026;H - CAMINHO AUTOMOVEIS LTDA;2,53E+13;PIRACICABA;SP;12/02/2026;18/02/2026;13/02/2026;Entregue No Prazo;;Entrega realizada;Entrega Finalizada;18;2;12;2;RISSO;26092;;;
MOBIS BRASIL FABRICACAO DE AUTO PECAS LT;RODOVIARIO;1463805;12/02/2026;1;327961;12/02/2026;CAOA MOTOR DO BRASIL LTDA(RAP. TAVARES);1,68E+13;SAO PAULO;SP;12/02/2026;16/02/2026;13/02/2026;Entregue No Prazo;;Entrega realizada;Entrega Finalizada;16;2;12;2;RISSO;26109;;;
MOBIS BRASIL FABRICACAO DE AUTO PECAS LT;RODOVIARIO;1463855;12/02/2026;10;327950;12/02/2026;ANDRETA II DISTRIB.DE VEICULOS LTDA.;9,10E+12;JUNDIAI;SP;12/02/2026;17/02/2026;13/02/2026;Entregue No Prazo;;Entrega realizada;Entrega Finalizada;17;2;12;2;RISSO;26040;;;
MOBIS BRASIL FABRICACAO DE AUTO PECAS LT;RODOVIARIO;1463856;12/02/2026;1;327964;12/02/2026;CHS MOTORS VEICULOS PECAS(VL. GUILHERME);1,69E+13;SAO PAULO;SP;12/02/2026;16/02/2026;13/02/2026;Entregue No Prazo;;Entrega realizada;Entrega Finalizada;16;2;12;2;RISSO;26052;;;
MOBIS BRASIL FABRICACAO DE AUTO PECAS LT;RODOVIARIO;1463152;11/02/2026;3;327832;11/02/2026;GOLDEN MOTORS VEICULOS LTDA;3,62E+12;DOURADOS;MS;11/02/2026;19/02/2026;14/02/2026;Entregue No Prazo;;Entrega realizada;Entrega Finalizada;19;2;11;2;CARVALIMA;12001;;;
MOBIS BRASIL FABRICACAO DE AUTO PECAS LT;RODOVIARIO;1463195;11/02/2026;15;327773;11/02/2026;DESTAQUE SEUL DISTR. DE VEIC. E PC. LTDA;2,12E+13;ATIBAIA;SP;11/02/2026;16/02/2026;16/02/2026;Entregue No Prazo;;Entrega realizada;Entrega Finalizada;16;2;11;2;RISSO;26075;;;
MOBIS BRASIL FABRICACAO DE AUTO PECAS LT;RODOVIARIO;1463188;11/02/2026;12;327782;11/02/2026;H R B COMERCIO DE VEICULOS LTDA;1,82E+13;SAO JOSE DO RIO PRETO;SP;11/02/2026;17/02/2026;16/02/2026;Entregue No Prazo;;Entrega realizada;Entrega Finalizada;17;2;11;2;RISSO;26050;;;
MOBIS BRASIL FABRICACAO DE AUTO PECAS LT;RODOVIARIO;1463178;11/02/2026;7;327777;11/02/2026;DHC COMERCIO DE VEICULOS E PECAS LTDA;9,52E+12;BAURU;SP;11/02/2026;16/02/2026;16/02/2026;Entregue No Prazo;;Entrega realizada;Entrega Finalizada;16;2;11;2;RISSO;26010;;;
MOBIS BRASIL FABRICACAO DE AUTO PECAS LT;RODOVIARIO;1463191;11/02/2026;2;327778;11/02/2026;GOLDEN MOTORS VEICULOS LTDA;3,62E+12;ARACATUBA;SP;11/02/2026;17/02/2026;16/02/2026;Entregue No Prazo;;Entrega realizada;Entrega Finalizada;17;2;11;2;RISSO;12001;;;
MOBIS BRASIL FABRICACAO DE AUTO PECAS LT;RODOVIARIO;1463193;11/02/2026;1;327768;11/02/2026;CAOA MOTOR DO BRASIL LTDA;1,68E+13;CAMPINAS;SP;11/02/2026;16/02/2026;16/02/2026;Entregue No Prazo;;Entrega realizada;Entrega Finalizada;16;2;11;2;RISSO;5008;;;
MOBIS BRASIL FABRICACAO DE AUTO PECAS LT;RODOVIARIO;1463786;12/02/2026;1;327951;12/02/2026;ANDRETA II DISTRIBUIDORA DE VEIC. LTDA;9,10E+12;AMERICANA;SP;12/02/2026;17/02/2026;16/02/2026;Entregue No Prazo;;Entrega realizada;Entrega Finalizada;17;2;12;2;RISSO;26011;;;
MOBIS BRASIL FABRICACAO DE AUTO PECAS LT;RODOVIARIO;1463803;12/02/2026;1;327952;12/02/2026;ANDRETA II DISTRIBUIDORA DE VEIC. LTDA;9,10E+12;RIO CLARO;SP;12/02/2026;18/02/2026;16/02/2026;Entregue No Prazo;;Entrega realizada;Entrega Finalizada;18;2;12;2;RISSO;26011;;;
MOBIS BRASIL FABRICACAO DE AUTO PECAS LT;RODOVIARIO;1464543;13/02/2026;1;328188;13/02/2026;CAOA MOTOR DO BRASIL LTDA (ARICANDUVA);1,68E+13;SAO PAULO;SP;13/02/2026;17/02/2026;16/02/2026;Entregue No Prazo;;Entrega realizada;Entrega Finalizada;17;2;13;2;RISSO;26039;;;
MOBIS BRASIL FABRICACAO DE AUTO PECAS LT;RODOVIARIO;1464553;13/02/2026;2;328189;13/02/2026;CAOA MOTOR DO BRASIL LTDA (INDIANOPOLIS);1,68E+13;SAO PAULO;SP;13/02/2026;17/02/2026;16/02/2026;Entregue No Prazo;;Entrega realizada;Entrega Finalizada;17;2;13;2;RISSO;26091;;;
MOBIS BRASIL FABRICACAO DE AUTO PECAS LT;RODOVIARIO;1464551;13/02/2026;3;328187;13/02/2026;CAOA MOTOR DO BRASIL LTDA;1,68E+13;PRAIA GRANDE;SP;13/02/2026;19/02/2026;16/02/2026;Entregue No Prazo;;Entrega realizada;Entrega Finalizada;19;2;13;2;RISSO;5008;;;
MOBIS BRASIL FABRICACAO DE AUTO PECAS LT;RODOVIARIO;1464492;13/02/2026;1;328265;13/02/2026;GOLDEN MOTORS VEICULOS LTDA;3,62E+12;TRES LAGOAS;MS;13/02/2026;23/02/2026;16/02/2026;Entregue No Prazo;;Entrega realizada;Entrega Finalizada;23;2;13;2;CARVALIMA;12001;;;
MOBIS BRASIL FABRICACAO DE AUTO PECAS LT;RODOVIARIO;1461548;09/02/2026;9;327507;09/02/2026;NEW VEICULOS E PECAS LTDA;1,59E+13;RIBEIRAO PRETO;SP;09/02/2026;12/02/2026;18/02/2026;Entregue Fora do Prazo;;Entrega realizada;Entrega Finalizada;12;2;9;2;RISSO;26014;;;
MOBIS BRASIL FABRICACAO DE AUTO PECAS LT;RODOVIARIO;1461428;09/02/2026;6;327603;09/02/2026;CYCOSA AUTOMOVEIS LTDA;4,76E+12;MACEIO;AL;09/02/2026;23/02/2026;18/02/2026;Entregue No Prazo;;Entrega realizada;Entrega Finalizada;23;2;9;2;TERMACO;2001;;;
MOBIS BRASIL FABRICACAO DE AUTO PECAS LT;RODOVIARIO;1461433;09/02/2026;1;327598;09/02/2026;AIKON VEICULOS LTDA;1,17E+13;ITABUNA;BA;09/02/2026;24/02/2026;18/02/2026;Entregue No Prazo;;Entrega realizada;Entrega Finalizada;24;2;9;2;TERMACO;5002;;;
MOBIS BRASIL FABRICACAO DE AUTO PECAS LT;RODOVIARIO;1461550;09/02/2026;2;327607;09/02/2026;NACIONAL NOVA MARABA DIST DE VEIC. LTDA;1,70E+13;PARAUAPEBAS;PA;09/02/2026;25/02/2026;18/02/2026;Entregue No Prazo;;Entrega realizada;Entrega Finalizada;25;2;9;2;CARVALIMA;14010;;;
MOBIS BRASIL FABRICACAO DE AUTO PECAS LT;RODOVIARIO;1461980;10/02/2026;2;327660;10/02/2026;CYCOSA AUTOMOVEIS LTDA;4,76E+12;MACEIO;AL;10/02/2026;24/02/2026;18/02/2026;Entregue No Prazo;;Entrega realizada;Entrega Finalizada;24;2;10;2;TERMACO;2001;;;
MOBIS BRASIL FABRICACAO DE AUTO PECAS LT;RODOVIARIO;1461983;10/02/2026;1;327662;10/02/2026;FAZZA MOTORS COMERCIO DE VEICULOS LTDA;1,24E+13;SALVADOR;BA;10/02/2026;20/02/2026;18/02/2026;Entregue No Prazo;;Entrega realizada;Entrega Finalizada;20;2;10;2;TERMACO;5007;;;
MOBIS BRASIL FABRICACAO DE AUTO PECAS LT;RODOVIARIO;1461984;10/02/2026;3;327659;10/02/2026;CAOA MOTOR DO BRASIL LTDA.;1,68E+13;LAURO DE FREITAS;BA;10/02/2026;25/02/2026;18/02/2026;Entregue No Prazo;;Entrega realizada;Entrega Finalizada;25;2;10;2;TERMACO;5008;;;
MOBIS BRASIL FABRICACAO DE AUTO PECAS LT;RODOVIARIO;1462001;10/02/2026;1;327677;10/02/2026;SEVEL VEICULOS LTDA;1,07E+13;ARACAJU;SE;10/02/2026;23/02/2026;18/02/2026;Entregue No Prazo;;Entrega realizada;Entrega Finalizada;23;2;10;2;TERMACO;25001;;;
MOBIS BRASIL FABRICACAO DE AUTO PECAS LT;RODOVIARIO;1462009;10/02/2026;1;327642;10/02/2026;CAOA MOTOR DO BRASIL LTDA;1,68E+13;SAO BERNARDO DO CAMPO;SP;10/02/2026;12/02/2026;18/02/2026;Entregue Fora do Prazo;;Entrega realizada;Entrega Finalizada;12;2;10;2;RISSO;5008;;;
MOBIS BRASIL FABRICACAO DE AUTO PECAS LT;RODOVIARIO;1462390;10/02/2026;8;327652;10/02/2026;NEW VEICULOS E PECAS LTDA;1,59E+13;RIBEIRAO PRETO;SP;10/02/2026;13/02/2026;18/02/2026;Entregue Fora do Prazo;;Entrega realizada;Entrega Finalizada;13;2;10;2;RISSO;26014;;;
MOBIS BRASIL FABRICACAO DE AUTO PECAS LT;RODOVIARIO;1462395;10/02/2026;33;327662;10/02/2026;FAZZA MOTORS COMERCIO DE VEICULOS LTDA;1,24E+13;SALVADOR;BA;10/02/2026;20/02/2026;18/02/2026;Entregue No Prazo;;Entrega realizada;Entrega Finalizada;20;2;10;2;TERMACO;5007;;;
MOBIS BRASIL FABRICACAO DE AUTO PECAS LT;RODOVIARIO;1462462;10/02/2026;1;327675;10/02/2026;PRIVILLEGE DISTRIBUIDORA DE VEICULOS LTD;1,72E+13;PALMAS;TO;10/02/2026;19/02/2026;18/02/2026;Entregue No Prazo;;Entrega realizada;Entrega Finalizada;19;2;10;2;CARVALIMA;27003;;;
MOBIS BRASIL FABRICACAO DE AUTO PECAS LT;RODOVIARIO;1463181;11/02/2026;3;327841;11/02/2026;NACIONAL NOVA MARABA DIST DE VEIC. LTDA;1,70E+13;PARAUAPEBAS;PA;11/02/2026;27/02/2026;18/02/2026;Entregue No Prazo;;Entrega realizada;Entrega Finalizada;27;2;11;2;CARVALIMA;14010;;;
MOBIS BRASIL FABRICACAO DE AUTO PECAS LT;RODOVIARIO;1463155;11/02/2026;42;327851;11/02/2026;SAGA ASIA COM. DE VEIC.PC.E SERV. LTDA;2,23E+13;VARZEA GRANDE;MT;11/02/2026;20/02/2026;18/02/2026;Entregue No Prazo;;Entrega realizada;Entrega Finalizada;20;2;11;2;CARVALIMA;13004;;;
MOBIS BRASIL FABRICACAO DE AUTO PECAS LT;RODOVIARIO;1463139;11/02/2026;4;327794;11/02/2026;SAGA KOREA COM. DE VEIC. E PC. LTDA;1,27E+13;GOIANIA;GO;11/02/2026;19/02/2026;18/02/2026;Entregue No Prazo;;Entrega realizada;Entrega Finalizada;19;2;11;2;RIO VERMELHO;9011;;;
MOBIS BRASIL FABRICACAO DE AUTO PECAS LT;RODOVIARIO;1463141;11/02/2026;14;327801;11/02/2026;URCA MOTORS VEICULOS LTDA;8,77E+12;RIO VERDE;GO;11/02/2026;23/02/2026;18/02/2026;Entregue No Prazo;;Entrega realizada;Entrega Finalizada;23;2;11;2;RIO VERMELHO;9014;;;
MOBIS BRASIL FABRICACAO DE AUTO PECAS LT;RODOVIARIO;1463140;11/02/2026;1;327795;11/02/2026;SAGA KOREA COM. DE VEIC. E PC. LTDA;1,27E+13;ANAPOLIS;GO;11/02/2026;24/02/2026;18/02/2026;Entregue No Prazo;;Entrega realizada;Entrega Finalizada;24;2;11;2;RIO VERMELHO;9012;;;
MOBIS BRASIL FABRICACAO DE AUTO PECAS LT;RODOVIARIO;1463151;11/02/2026;29;327787;11/02/2026;BDG AUTOVILLE VEICULOS LTDA;4,77E+13;CONTAGEM;MG;11/02/2026;16/02/2026;18/02/2026;Entregue No Prazo;;Entrega realizada;Entrega Finalizada;16;2;11;2;XD BETIM;11037;;;
MOBIS BRASIL FABRICACAO DE AUTO PECAS LT;RODOVIARIO;1463142;11/02/2026;1;327800;11/02/2026;URCA MOTORS VEICULOS LTDA;8,77E+12;ITUMBIARA;GO;11/02/2026;23/02/2026;18/02/2026;Entregue No Prazo;;Entrega realizada;Entrega Finalizada;23;2;11;2;RIO VERMELHO;9014;;;
MOBIS BRASIL FABRICACAO DE AUTO PECAS LT;RODOVIARIO;1463138;11/02/2026;8;327792;11/02/2026;NISA COMERCIAL DE VEIC. AUTOMOTORES LTDA;1,03E+13;APARECIDA DE GOIANIA;GO;11/02/2026;19/02/2026;18/02/2026;Entregue No Prazo;;Entrega realizada;Entrega Finalizada;19;2;11;2;RIO VERMELHO;9002;;;
MOBIS BRASIL FABRICACAO DE AUTO PECAS LT;RODOVIARIO;1463148;11/02/2026;10;327797;11/02/2026;TAI MOTORS VEICULOS S/A;9,27E+12;BELO HORIZONTE;MG;11/02/2026;16/02/2026;18/02/2026;Entregue No Prazo;;Entrega realizada;Entrega Finalizada;16;2;11;2;XD BETIM;8002;;;
MOBIS BRASIL FABRICACAO DE AUTO PECAS LT;RODOVIARIO;1463179;11/02/2026;15;327764;11/02/2026;ANDRETA II DISTRIBUIDORA DE VEIC. LTDA;9,10E+12;CAMPINAS;SP;11/02/2026;16/02/2026;18/02/2026;Entregue No Prazo;;Entrega realizada;Entrega Finalizada;16;2;11;2;RISSO;26011;;;
MOBIS BRASIL FABRICACAO DE AUTO PECAS LT;RODOVIARIO;1463267;11/02/2026;15;327772;11/02/2026;CHS MOTORS VEICULOS PECAS(VL. GUILHERME);1,69E+13;SAO PAULO;SP;11/02/2026;13/02/2026;18/02/2026;Entregue Fora do Prazo;;Entrega realizada;Entrega Finalizada;13;2;11;2;RISSO;26052;;;
MOBIS BRASIL FABRICACAO DE AUTO PECAS LT;RODOVIARIO;1463199;11/02/2026;18;327780;11/02/2026;GRANDAY AUTOMOTORES LTDA (CHAC. CALIFOR);1,57E+13;SAO PAULO;SP;11/02/2026;13/02/2026;18/02/2026;Entregue Fora do Prazo;;Entrega realizada;Entrega Finalizada;13;2;11;2;RISSO;26090;;;
MOBIS BRASIL FABRICACAO DE AUTO PECAS LT;RODOVIARIO;1463183;11/02/2026;1;327763;11/02/2026;ANDRETA II DISTRIB.DE VEICULOS LTDA.;9,10E+12;JUNDIAI;SP;11/02/2026;16/02/2026;18/02/2026;Entregue No Prazo;;Entrega realizada;Entrega Finalizada;16;2;11;2;RISSO;26040;;;
MOBIS BRASIL FABRICACAO DE AUTO PECAS LT;RODOVIARIO;1463204;11/02/2026;5;327771;11/02/2026;CAOA MOTOR DO BRASIL LTDA(RAP. TAVARES);1,68E+13;SAO PAULO;SP;11/02/2026;13/02/2026;18/02/2026;Entregue Fora do Prazo;;Entrega realizada;Entrega Finalizada;13;2;11;2;RISSO;26109;;;
MOBIS BRASIL FABRICACAO DE AUTO PECAS LT;RODOVIARIO;1463176;11/02/2026;1;327783;11/02/2026;HYMAX DISTRIBUIDORA DE VEICULOS LTDA;1,73E+13;MOGI GUACU;SP;11/02/2026;17/02/2026;18/02/2026;Entregue No Prazo;;Entrega realizada;Entrega Finalizada;17;2;11;2;RISSO;26002;;;
MOBIS BRASIL FABRICACAO DE AUTO PECAS LT;RODOVIARIO;1463186;11/02/2026;1;327767;11/02/2026;BILLY DISTRIBUIDORA DE VEICULOS LTDA;1,34E+13;SAO CAETANO DO SUL;SP;11/02/2026;13/02/2026;18/02/2026;Entregue Fora do Prazo;;Entrega realizada;Entrega Finalizada;13;2;11;2;RISSO;26003;;;
MOBIS BRASIL FABRICACAO DE AUTO PECAS LT;RODOVIARIO;1463182;11/02/2026;59;327785;11/02/2026;NEW VEICULOS E PECAS LTDA;1,59E+13;RIBEIRAO PRETO;SP;11/02/2026;16/02/2026;18/02/2026;Entregue No Prazo;;Entrega realizada;Entrega Finalizada;16;2;11;2;RISSO;26014;;;
MOBIS BRASIL FABRICACAO DE AUTO PECAS LT;RODOVIARIO;1463745;12/02/2026;7;328018;12/02/2026;TAI MOTORS VEICULOS S/A;9,27E+12;BELO HORIZONTE;MG;12/02/2026;18/02/2026;18/02/2026;Entregue No Prazo;;Entrega realizada;Entrega Finalizada;18;2;12;2;XD BETIM;8002;;;
MOBIS BRASIL FABRICACAO DE AUTO PECAS LT;RODOVIARIO;1463748;12/02/2026;21;328010;12/02/2026;BDG AUTOVILLE VEICULOS LTDA;4,77E+13;CONTAGEM;MG;12/02/2026;18/02/2026;18/02/2026;Entregue No Prazo;;Entrega realizada;Entrega Finalizada;18;2;12;2;XD BETIM;11037;;;
MOBIS BRASIL FABRICACAO DE AUTO PECAS LT;RODOVIARIO;1463749;12/02/2026;1;327993;12/02/2026;GOLDEN MOTORS VEICULOS LTDA;3,62E+12;DOURADOS;MS;12/02/2026;20/02/2026;18/02/2026;Entregue No Prazo;;Entrega realizada;Entrega Finalizada;20;2;12;2;CARVALIMA;12001;;;
MOBIS BRASIL FABRICACAO DE AUTO PECAS LT;RODOVIARIO;1463750;12/02/2026;1;327989;12/02/2026;COMETA MATO GROSSO COM. DE VEICULOS LTDA;1,54E+13;SINOP;MT;12/02/2026;24/02/2026;18/02/2026;Entregue No Prazo;;Entrega realizada;Entrega Finalizada;24;2;12;2;CARVALIMA;13003;;;
MOBIS BRASIL FABRICACAO DE AUTO PECAS LT;RODOVIARIO;1463751;12/02/2026;1;328004;12/02/2026;SAGA ASIA COM. DE VEIC.PC.E SERV. LTDA;2,23E+13;VARZEA GRANDE;MT;12/02/2026;23/02/2026;18/02/2026;Entregue No Prazo;;Entrega realizada;Entrega Finalizada;23;2;12;2;CARVALIMA;13004;;;
MOBIS BRASIL FABRICACAO DE AUTO PECAS LT;RODOVIARIO;1463753;12/02/2026;1;327987;12/02/2026;COMETA MATO GROSSO COM. DE VEICULOS LTDA;1,54E+13;TANGARA DA SERRA;MT;12/02/2026;23/02/2026;18/02/2026;Entregue No Prazo;;Entrega realizada;Entrega Finalizada;23;2;12;2;CARVALIMA;13007;;;
MOBIS BRASIL FABRICACAO DE AUTO PECAS LT;RODOVIARIO;1463776;12/02/2026;3;327974;12/02/2026;HYMAX DISTRIBUIDORA DE VEICULOS LTDA;1,73E+13;MOGI GUACU;SP;12/02/2026;18/02/2026;18/02/2026;Entregue No Prazo;;Entrega realizada;Entrega Finalizada;18;2;12;2;RISSO;26002;;;
MOBIS BRASIL FABRICACAO DE AUTO PECAS LT;RODOVIARIO;1463777;12/02/2026;2;327974;12/02/2026;HYMAX DISTRIBUIDORA DE VEICULOS LTDA;1,73E+13;MOGI GUACU;SP;12/02/2026;18/02/2026;18/02/2026;Entregue No Prazo;;Entrega realizada;Entrega Finalizada;18;2;12;2;RISSO;26002;;;
MOBIS BRASIL FABRICACAO DE AUTO PECAS LT;RODOVIARIO;1463779;12/02/2026;83;327975;12/02/2026;MOTONET COMERCIO DE VEICULOS LTDA;9,28E+12;SOROCABA;SP;12/02/2026;17/02/2026;18/02/2026;Entregue No Prazo;;Entrega realizada;Entrega Finalizada;17;2;12;2;RISSO;26113;;;
MOBIS BRASIL FABRICACAO DE AUTO PECAS LT;RODOVIARIO;1463780;12/02/2026;8;327976;12/02/2026;NEW VEICULOS E PECAS LTDA;1,59E+13;RIBEIRAO PRETO;SP;12/02/2026;17/02/2026;18/02/2026;Entregue No Prazo;;Entrega realizada;Entrega Finalizada;17;2;12;2;RISSO;26014;;;
MOBIS BRASIL FABRICACAO DE AUTO PECAS LT;RODOVIARIO;1463787;12/02/2026;1;327977;12/02/2026;NEW VEICULOS E PECAS LTDA;1,59E+13;FRANCA;SP;12/02/2026;18/02/2026;18/02/2026;Entregue No Prazo;;Entrega realizada;Entrega Finalizada;18;2;12;2;RISSO;26014;;;
MOBIS BRASIL FABRICACAO DE AUTO PECAS LT;RODOVIARIO;1463788;12/02/2026;2;327973;12/02/2026;H R B COMERCIO DE VEICULOS LTDA;1,82E+13;SAO JOSE DO RIO PRETO;SP;12/02/2026;18/02/2026;18/02/2026;Entregue No Prazo;;Entrega realizada;Entrega Finalizada;18;2;12;2;RISSO;26050;;;
MOBIS BRASIL FABRICACAO DE AUTO PECAS LT;RODOVIARIO;1463789;12/02/2026;6;327973;12/02/2026;H R B COMERCIO DE VEICULOS LTDA;1,82E+13;SAO JOSE DO RIO PRETO;SP;12/02/2026;18/02/2026;18/02/2026;Entregue No Prazo;;Entrega realizada;Entrega Finalizada;18;2;12;2;RISSO;26050;;;
MOBIS BRASIL FABRICACAO DE AUTO PECAS LT;RODOVIARIO;1463792;12/02/2026;1;327967;12/02/2026;GOLDEN MOTORS VEICULOS LTDA;3,62E+12;ARACATUBA;SP;12/02/2026;18/02/2026;18/02/2026;Entregue No Prazo;;Entrega realizada;Entrega Finalizada;18;2;12;2;RISSO;12001;;;
MOBIS BRASIL FABRICACAO DE AUTO PECAS LT;RODOVIARIO;1463794;12/02/2026;1;327965;12/02/2026;DESTAQUE SEUL DISTR. DE VEIC. E PC. LTDA;2,12E+13;ATIBAIA;SP;12/02/2026;17/02/2026;18/02/2026;Entregue No Prazo;;Entrega realizada;Entrega Finalizada;17;2;12;2;RISSO;26075;;;
MOBIS BRASIL FABRICACAO DE AUTO PECAS LT;RODOVIARIO;1463795;12/02/2026;2;327965;12/02/2026;DESTAQUE SEUL DISTR. DE VEIC. E PC. LTDA;2,12E+13;ATIBAIA;SP;12/02/2026;17/02/2026;18/02/2026;Entregue No Prazo;;Entrega realizada;Entrega Finalizada;17;2;12;2;RISSO;26075;;;
MOBIS BRASIL FABRICACAO DE AUTO PECAS LT;RODOVIARIO;1463802;12/02/2026;1;327972;12/02/2026;H - CAMINHO AUTOMOVEIS LTDA;2,53E+13;CATANDUVA;SP;12/02/2026;18/02/2026;18/02/2026;Entregue No Prazo;;Entrega realizada;Entrega Finalizada;18;2;12;2;RISSO;26092;;;
MOBIS BRASIL FABRICACAO DE AUTO PECAS LT;RODOVIARIO;1463804;12/02/2026;1;327963;12/02/2026;CHS MOTORS VEICULOS PECAS E SERV. LTDA;1,69E+13;OSASCO;SP;12/02/2026;16/02/2026;18/02/2026;Entregue No Prazo;;Entrega realizada;Entrega Finalizada;16;2;12;2;RISSO;26106;;;
MOBIS BRASIL FABRICACAO DE AUTO PECAS LT;RODOVIARIO;1464621;13/02/2026;90;328185;13/02/2026;BILLY DISTRIBUIDORA DE VEICULOS LTDA;1,34E+13;SAO CAETANO DO SUL;SP;13/02/2026;17/02/2026;18/02/2026;Entregue No Prazo;;Entrega realizada;Entrega Finalizada;17;2;13;2;RISSO;26003;;;
MOBIS BRASIL FABRICACAO DE AUTO PECAS LT;RODOVIARIO;1464549;13/02/2026;1;328186;13/02/2026;CAOA MOTOR DO BRASIL LTDA;1,68E+13;SAO BERNARDO DO CAMPO;SP;13/02/2026;17/02/2026;18/02/2026;Entregue No Prazo;;Entrega realizada;Entrega Finalizada;17;2;13;2;RISSO;5008;;;
MOBIS BRASIL FABRICACAO DE AUTO PECAS LT;RODOVIARIO;1464559;13/02/2026;1;328190;13/02/2026;CHS MOTORS VEICULOS PECAS E SERV. LTDA;1,69E+13;OSASCO;SP;13/02/2026;17/02/2026;18/02/2026;Entregue No Prazo;;Entrega realizada;Entrega Finalizada;17;2;13;2;RISSO;26106;;;
MOBIS BRASIL FABRICACAO DE AUTO PECAS LT;RODOVIARIO;1464617;13/02/2026;15;328191;13/02/2026;CHS MOTORS VEICULOS PECAS(VL. GUILHERME);1,69E+13;SAO PAULO;SP;13/02/2026;17/02/2026;18/02/2026;Entregue No Prazo;;Entrega realizada;Entrega Finalizada;17;2;13;2;RISSO;26052;;;
MOBIS BRASIL FABRICACAO DE AUTO PECAS LT;RODOVIARIO;1464552;13/02/2026;5;328196;13/02/2026;GRANDAY AUTOMOTORES LTDA (CHAC. CALIFOR);1,57E+13;SAO PAULO;SP;13/02/2026;17/02/2026;18/02/2026;Entregue No Prazo;;Entrega realizada;Entrega Finalizada;17;2;13;2;RISSO;26090;;;
MOBIS BRASIL FABRICACAO DE AUTO PECAS LT;RODOVIARIO;1464616;13/02/2026;1;328181;13/02/2026;ANDRETA II DISTRIB.DE VEICULOS LTDA.;9,10E+12;JUNDIAI;SP;13/02/2026;18/02/2026;18/02/2026;Entregue No Prazo;;Entrega realizada;Entrega Finalizada;18;2;13;2;RISSO;26040;;;
MOBIS BRASIL FABRICACAO DE AUTO PECAS LT;RODOVIARIO;1464540;13/02/2026;6;328182;13/02/2026;ANDRETA II DISTRIBUIDORA DE VEIC. LTDA;9,10E+12;CAMPINAS;SP;13/02/2026;18/02/2026;18/02/2026;Entregue No Prazo;;Entrega realizada;Entrega Finalizada;18;2;13;2;RISSO;26011;;;
MOBIS BRASIL FABRICACAO DE AUTO PECAS LT;RODOVIARIO;1464539;13/02/2026;8;328193;13/02/2026;DHC COMERCIO DE VEICULOS E PECAS LTDA;9,52E+12;BAURU;SP;13/02/2026;18/02/2026;18/02/2026;Entregue No Prazo;;Entrega realizada;Entrega Finalizada;18;2;13;2;RISSO;26010;;;
MOBIS BRASIL FABRICACAO DE AUTO PECAS LT;RODOVIARIO;1464556;13/02/2026;1;328198;13/02/2026;H - CAMINHO AUTOMOVEIS LTDA;2,53E+13;LIMEIRA;SP;13/02/2026;18/02/2026;18/02/2026;Entregue No Prazo;;Entrega realizada;Entrega Finalizada;18;2;13;2;RISSO;26092;;;
MOBIS BRASIL FABRICACAO DE AUTO PECAS LT;RODOVIARIO;1464555;13/02/2026;1;328198;13/02/2026;H - CAMINHO AUTOMOVEIS LTDA;2,53E+13;LIMEIRA;SP;13/02/2026;18/02/2026;18/02/2026;Entregue No Prazo;;Entrega realizada;Entrega Finalizada;18;2;13;2;RISSO;26092;;;
MOBIS BRASIL FABRICACAO DE AUTO PECAS LT;RODOVIARIO;1464542;13/02/2026;22;328204;13/02/2026;NEW VEICULOS E PECAS LTDA;1,59E+13;RIBEIRAO PRETO;SP;13/02/2026;18/02/2026;18/02/2026;Entregue No Prazo;;Entrega realizada;Entrega Finalizada;18;2;13;2;RISSO;26014;;;
MOBIS BRASIL FABRICACAO DE AUTO PECAS LT;RODOVIARIO;1464609;13/02/2026;1;328232;13/02/2026;BARI VEICULOS LTDA.;7,46E+12;CURITIBA;PR;13/02/2026;18/02/2026;18/02/2026;Entregue No Prazo;;Entrega realizada;Entrega Finalizada;18;2;13;2;BAUER;18029;;;
MOBIS BRASIL FABRICACAO DE AUTO PECAS LT;RODOVIARIO;1464508;13/02/2026;75;328245;13/02/2026;SEVEC VEICULOS LTDA;5,68E+11;CURITIBA;PR;13/02/2026;18/02/2026;18/02/2026;Entregue No Prazo;;Entrega realizada;Entrega Finalizada;18;2;13;2;BAUER;18012;;;
MOBIS BRASIL FABRICACAO DE AUTO PECAS LT;RODOVIARIO;1464507;13/02/2026;3;328245;13/02/2026;SEVEC VEICULOS LTDA;5,68E+11;CURITIBA;PR;13/02/2026;18/02/2026;18/02/2026;Entregue No Prazo;;Entrega realizada;Entrega Finalizada;18;2;13;2;BAUER;18012;;;
MOBIS BRASIL FABRICACAO DE AUTO PECAS LT;RODOVIARIO;1464558;13/02/2026;1;328197;13/02/2026;H - CAMINHO AUTOMOVEIS LTDA;2,53E+13;CATANDUVA;SP;13/02/2026;19/02/2026;18/02/2026;Entregue No Prazo;;Entrega realizada;Entrega Finalizada;19;2;13;2;RISSO;26092;;;
MOBIS BRASIL FABRICACAO DE AUTO PECAS LT;RODOVIARIO;1464554;13/02/2026;3;328199;13/02/2026;H - CAMINHO AUTOMOVEIS LTDA;2,53E+13;PIRACICABA;SP;13/02/2026;19/02/2026;18/02/2026;Entregue No Prazo;;Entrega realizada;Entrega Finalizada;19;2;13;2;RISSO;26092;;;
MOBIS BRASIL FABRICACAO DE AUTO PECAS LT;RODOVIARIO;1464547;13/02/2026;3;328200;13/02/2026;H R B COMERCIO DE VEICULOS LTDA;1,82E+13;SAO JOSE DO RIO PRETO;SP;13/02/2026;19/02/2026;18/02/2026;Entregue No Prazo;;Entrega realizada;Entrega Finalizada;19;2;13;2;RISSO;26050;;;
MOBIS BRASIL FABRICACAO DE AUTO PECAS LT;RODOVIARIO;1464548;13/02/2026;4;328200;13/02/2026;H R B COMERCIO DE VEICULOS LTDA;1,82E+13;SAO JOSE DO RIO PRETO;SP;13/02/2026;19/02/2026;18/02/2026;Entregue No Prazo;;Entrega realizada;Entrega Finalizada;19;2;13;2;RISSO;26050;;;
MOBIS BRASIL FABRICACAO DE AUTO PECAS LT;RODOVIARIO;1464546;13/02/2026;2;328203;13/02/2026;NEW VEICULOS E PECAS LTDA;1,59E+13;FRANCA;SP;13/02/2026;19/02/2026;18/02/2026;Entregue No Prazo;;Entrega realizada;Entrega Finalizada;19;2;13;2;RISSO;26014;;;
MOBIS BRASIL FABRICACAO DE AUTO PECAS LT;RODOVIARIO;1464526;13/02/2026;1;328234;13/02/2026;CARWAY SUL VEICULOS LTDA;1,03E+13;CANOAS;RS;13/02/2026;19/02/2026;18/02/2026;Entregue No Prazo;;Entrega realizada;Entrega Finalizada;19;2;13;2;BAUER;23003;;;
MOBIS BRASIL FABRICACAO DE AUTO PECAS LT;RODOVIARIO;1464525;13/02/2026;3;328241;13/02/2026;HOUSE PARTS-COM. DE PCS. E VEICULOS LTDA;1,15E+13;PORTO ALEGRE;RS;13/02/2026;19/02/2026;18/02/2026;Entregue No Prazo;;Entrega realizada;Entrega Finalizada;19;2;13;2;BAUER;23004;;;
MOBIS BRASIL FABRICACAO DE AUTO PECAS LT;RODOVIARIO;1464535;13/02/2026;1;328236;13/02/2026;CHINHAN AUTOMOVEIS LTDA;2,41E+13;CONCORDIA;SC;13/02/2026;23/02/2026;18/02/2026;Entregue No Prazo;;Entrega realizada;Entrega Finalizada;23;2;13;2;BAUER;23019;;;
MOBIS BRASIL FABRICACAO DE AUTO PECAS LT;RODOVIARIO;1464495;13/02/2026;8;328261;13/02/2026;COMETA MATO GROSSO COM. DE VEICULOS LTDA;1,54E+13;RONDONOPOLIS;MT;13/02/2026;25/02/2026;18/02/2026;Entregue No Prazo;;Entrega realizada;Entrega Finalizada;25;2;13;2;CARVALIMA;13006;;;
MOBIS BRASIL FABRICACAO DE AUTO PECAS LT;RODOVIARIO;1461553;09/02/2026;14;327612;09/02/2026;PATEO COMERCIO DE VEICULOS S A;7,78E+12;SALVADOR;BA;09/02/2026;19/02/2026;19/02/2026;Entregue No Prazo;;Entrega realizada;Entrega Finalizada;19;2;9;2;TERMACO;5003;;;
MOBIS BRASIL FABRICACAO DE AUTO PECAS LT;RODOVIARIO;1461443;09/02/2026;1;327605;09/02/2026;GRANDE COREIA COMERCIO DE VEICULOS LTDA;2,66E+13;BELEM;PA;09/02/2026;20/02/2026;19/02/2026;Entregue No Prazo;;Entrega realizada;Entrega Finalizada;20;2;9;2;CARVALIMA;14007;;;
MOBIS BRASIL FABRICACAO DE AUTO PECAS LT;RODOVIARIO;1461442;09/02/2026;20;327623;09/02/2026;UNIQUE COMERCIO DE AUTOMOVEIS LTDA;1,74E+13;ANANINDEUA;PA;09/02/2026;20/02/2026;19/02/2026;Entregue No Prazo;;Entrega realizada;Entrega Finalizada;20;2;9;2;CARVALIMA;14003;;;
MOBIS BRASIL FABRICACAO DE AUTO PECAS LT;RODOVIARIO;1461437;09/02/2026;2;327600;09/02/2026;CAOA MOTOR DO BRASIL LTDA;1,68E+13;FORTALEZA;CE;09/02/2026;23/02/2026;19/02/2026;Entregue No Prazo;;Entrega realizada;Entrega Finalizada;23;2;9;2;TERMACO;5008;;;
MOBIS BRASIL FABRICACAO DE AUTO PECAS LT;RODOVIARIO;1461551;09/02/2026;2;327604;09/02/2026;FAZZA MOTORS COMERCIO DE VEICULOS LTDA;1,24E+13;FORTALEZA;CE;09/02/2026;23/02/2026;19/02/2026;Entregue No Prazo;;Entrega realizada;Entrega Finalizada;23;2;9;2;TERMACO;5007;;;
MOBIS BRASIL FABRICACAO DE AUTO PECAS LT;RODOVIARIO;1461552;09/02/2026;1;327611;09/02/2026;PATEO COMERCIO DE VEICULOS S A;7,78E+12;FEIRA DE SANTANA;BA;09/02/2026;24/02/2026;19/02/2026;Entregue No Prazo;;Entrega realizada;Entrega Finalizada;24;2;9;2;TERMACO;5009;;;
MOBIS BRASIL FABRICACAO DE AUTO PECAS LT;RODOVIARIO;1461445;09/02/2026;13;327616;09/02/2026;PATEO COMERCIO DE VEICULOS S A;7,78E+12;JOAO PESSOA;PB;09/02/2026;24/02/2026;19/02/2026;Entregue No Prazo;;Entrega realizada;Entrega Finalizada;24;2;9;2;TERMACO;15003;;;
MOBIS BRASIL FABRICACAO DE AUTO PECAS LT;RODOVIARIO;1461452;09/02/2026;7;327622;09/02/2026;SAINT LAND COMERCIO DE VEICULOS LTDA;1,04E+13;NATAL;RN;09/02/2026;24/02/2026;19/02/2026;Entregue No Prazo;;Entrega realizada;Entrega Finalizada;24;2;9;2;TERMACO;6010;;;
MOBIS BRASIL FABRICACAO DE AUTO PECAS LT;RODOVIARIO;1461453;09/02/2026;3;327622;09/02/2026;SAINT LAND COMERCIO DE VEICULOS LTDA;1,04E+13;NATAL;RN;09/02/2026;24/02/2026;19/02/2026;Entregue No Prazo;;Entrega realizada;Entrega Finalizada;24;2;9;2;TERMACO;6010;;;
MOBIS BRASIL FABRICACAO DE AUTO PECAS LT;RODOVIARIO;1461446;09/02/2026;4;327599;09/02/2026;AUTORAC VEICULOS LTDA;1,06E+13;CARUARU;PE;09/02/2026;25/02/2026;19/02/2026;Entregue No Prazo;;Entrega realizada;Entrega Finalizada;25;2;9;2;TERMACO;16001;;;
MOBIS BRASIL FABRICACAO DE AUTO PECAS LT;RODOVIARIO;1461450;09/02/2026;3;327608;09/02/2026;ORIENTE AUTOMOVEIS LTDA;1,33E+13;PARNAMIRIM;RN;09/02/2026;25/02/2026;19/02/2026;Entregue No Prazo;;Entrega realizada;Entrega Finalizada;25;2;9;2;TERMACO;20001;;;
MOBIS BRASIL FABRICACAO DE AUTO PECAS LT;RODOVIARIO;1461439;09/02/2026;1;327620;09/02/2026;SAINT LAND COMERCIO DE VEICULOS LTDA;1,04E+13;JUAZEIRO DO NORTE;CE;09/02/2026;25/02/2026;19/02/2026;Entregue No Prazo;;Entrega realizada;Entrega Finalizada;25;2;9;2;TERMACO;6010;;;
MOBIS BRASIL FABRICACAO DE AUTO PECAS LT;RODOVIARIO;1461454;09/02/2026;1;327602;09/02/2026;COMETA JI PARANA COM. DE VEIC. LTDA;4,23E+12;JIPARANA;RO;09/02/2026;26/02/2026;19/02/2026;Entregue No Prazo;;Entrega realizada;Entrega Finalizada;26;2;9;2;CARVALIMA;21002;;;
MOBIS BRASIL FABRICACAO DE AUTO PECAS LT;RODOVIARIO;1461985;10/02/2026;1;327657;10/02/2026;AIKON VEICULOS LTDA;1,17E+13;ITABUNA;BA;10/02/2026;25/02/2026;19/02/2026;Entregue No Prazo;;Entrega realizada;Entrega Finalizada;25;2;10;2;TERMACO;5002;;;
MOBIS BRASIL FABRICACAO DE AUTO PECAS LT;RODOVIARIO;1461987;10/02/2026;1;327668;10/02/2026;MASTER COMERCIAL DE VEICULOS LTDA;2,85E+13;BARREIRAS;BA;10/02/2026;25/02/2026;19/02/2026;Entregue No Prazo;;Entrega realizada;Entrega Finalizada;25;2;10;2;TERMACO;5012;;;
MOBIS BRASIL FABRICACAO DE AUTO PECAS LT;RODOVIARIO;1461989;10/02/2026;5;327680;10/02/2026;VIA NORTE COM. E IMPORT. DE VEIC. LTDA;1,25E+13;SOBRAL;CE;10/02/2026;26/02/2026;19/02/2026;Entregue No Prazo;;Entrega realizada;Entrega Finalizada;26;2;10;2;TERMACO;6002;;;
MOBIS BRASIL FABRICACAO DE AUTO PECAS LT;RODOVIARIO;1461991;10/02/2026;1;327679;10/02/2026;UNIQUE COMERCIO DE AUTOMOVEIS LTDA;1,74E+13;ANANINDEUA;PA;10/02/2026;23/02/2026;19/02/2026;Entregue No Prazo;;Entrega realizada;Entrega Finalizada;23;2;10;2;CARVALIMA;14003;;;
MOBIS BRASIL FABRICACAO DE AUTO PECAS LT;RODOVIARIO;1461992;10/02/2026;2;327679;10/02/2026;UNIQUE COMERCIO DE AUTOMOVEIS LTDA;1,74E+13;ANANINDEUA;PA;10/02/2026;23/02/2026;19/02/2026;Entregue No Prazo;;Entrega realizada;Entrega Finalizada;23;2;10;2;CARVALIMA;14003;;;
MOBIS BRASIL FABRICACAO DE AUTO PECAS LT;RODOVIARIO;1461993;10/02/2026;1;327663;10/02/2026;GRANDE COREIA COMERCIO DE VEICULOS LTDA;2,66E+13;BELEM;PA;10/02/2026;23/02/2026;19/02/2026;Entregue No Prazo;;Entrega realizada;Entrega Finalizada;23;2;10;2;CARVALIMA;14007;;;
MOBIS BRASIL FABRICACAO DE AUTO PECAS LT;RODOVIARIO;1462393;10/02/2026;3;327661;10/02/2026;FAZZA MOTORS COM. DE VEICULOS LTDA;1,24E+13;FORTALEZA;CE;10/02/2026;24/02/2026;19/02/2026;Entregue No Prazo;;Entrega realizada;Entrega Finalizada;24;2;10;2;TERMACO;6001;;;
MOBIS BRASIL FABRICACAO DE AUTO PECAS LT;RODOVIARIO;1462398;10/02/2026;6;327672;10/02/2026;PATEO COMERCIO DE VEICULOS S A;7,78E+12;SALVADOR;BA;10/02/2026;20/02/2026;19/02/2026;Entregue No Prazo;;Entrega realizada;Entrega Finalizada;20;2;10;2;TERMACO;5003;;;
MOBIS BRASIL FABRICACAO DE AUTO PECAS LT;RODOVIARIO;1463157;11/02/2026;2;327824;11/02/2026;CAOA MOTOR DO BRASIL LTDA;1,68E+13;BELEM;PA;11/02/2026;24/02/2026;19/02/2026;Entregue No Prazo;;Entrega realizada;Entrega Finalizada;24;2;11;2;CARVALIMA;5008;;;
MOBIS BRASIL FABRICACAO DE AUTO PECAS LT;RODOVIARIO;1463172;11/02/2026;1;327840;11/02/2026;MONTREAL VEICULOS E PECAS LTDA;1,68E+13;MACAE;RJ;11/02/2026;18/02/2026;19/02/2026;Entregue No Prazo;;Entrega realizada;Entrega Finalizada;18;2;11;2;CAMILO;19030;;;
MOBIS BRASIL FABRICACAO DE AUTO PECAS LT;RODOVIARIO;1463165;11/02/2026;4;327835;11/02/2026;ITAVEMA MOTORS VEICULOS LTDA;7,73E+12;DUQUE DE CAXIAS;RJ;11/02/2026;17/02/2026;19/02/2026;Entregue No Prazo;;Entrega realizada;Entrega Finalizada;17;2;11;2;CAMILO;19001;;;
MOBIS BRASIL FABRICACAO DE AUTO PECAS LT;RODOVIARIO;1463171;11/02/2026;1;327825;11/02/2026;CAOA MOTOR DO BRASIL LTDA;1,68E+13;RIO DE JANEIRO;RJ;11/02/2026;17/02/2026;19/02/2026;Entregue No Prazo;;Entrega realizada;Entrega Finalizada;17;2;11;2;CAMILO;5008;;;
MOBIS BRASIL FABRICACAO DE AUTO PECAS LT;RODOVIARIO;1463169;11/02/2026;1;327826;11/02/2026;CAOA MOTOR DO BRASIL LTDA;1,68E+13;RIO DE JANEIRO;RJ;11/02/2026;17/02/2026;19/02/2026;Entregue No Prazo;;Entrega realizada;Entrega Finalizada;17;2;11;2;CAMILO;5008;;;
MOBIS BRASIL FABRICACAO DE AUTO PECAS LT;RODOVIARIO;1463166;11/02/2026;3;327827;11/02/2026;CAOA MOTOR DO BRASIL LTDA;1,68E+13;RIO DE JANEIRO;RJ;11/02/2026;17/02/2026;19/02/2026;Entregue No Prazo;;Entrega realizada;Entrega Finalizada;17;2;11;2;CAMILO;5008;;;
MOBIS BRASIL FABRICACAO DE AUTO PECAS LT;RODOVIARIO;1463164;11/02/2026;1;327835;11/02/2026;ITAVEMA MOTORS VEICULOS LTDA;7,73E+12;DUQUE DE CAXIAS;RJ;11/02/2026;17/02/2026;19/02/2026;Entregue No Prazo;;Entrega realizada;Entrega Finalizada;17;2;11;2;CAMILO;19001;;;
MOBIS BRASIL FABRICACAO DE AUTO PECAS LT;RODOVIARIO;1463185;11/02/2026;1;327846;11/02/2026;PATEO COMERCIO DE VEICULOS S A;7,78E+12;SALVADOR;BA;11/02/2026;23/02/2026;19/02/2026;Entregue No Prazo;;Entrega realizada;Entrega Finalizada;23;2;11;2;TERMACO;5003;;;
MOBIS BRASIL FABRICACAO DE AUTO PECAS LT;RODOVIARIO;1463156;11/02/2026;3;327857;11/02/2026;UNIQUE COMERCIO DE AUTOMOVEIS LTDA;1,74E+13;ANANINDEUA;PA;11/02/2026;24/02/2026;19/02/2026;Entregue No Prazo;;Entrega realizada;Entrega Finalizada;24;2;11;2;CARVALIMA;14003;;;
MOBIS BRASIL FABRICACAO DE AUTO PECAS LT;RODOVIARIO;1463129;11/02/2026;7;327859;11/02/2026;VIA NORTE COM. E IMPORT. DE VEIC. LTDA;1,25E+13;SOBRAL;CE;11/02/2026;27/02/2026;19/02/2026;Entregue No Prazo;;Entrega realizada;Entrega Finalizada;27;2;11;2;TERMACO;6002;;;
MOBIS BRASIL FABRICACAO DE AUTO PECAS LT;RODOVIARIO;1463170;11/02/2026;2;327854;11/02/2026;TAI MOTORS VEICULOS S/A.;9,27E+12;CAMPOS DOS GOYTACAZES;RJ;11/02/2026;18/02/2026;19/02/2026;Entregue No Prazo;;Entrega realizada;Entrega Finalizada;18;2;11;2;CAMILO;19023;;;
MOBIS BRASIL FABRICACAO DE AUTO PECAS LT;RODOVIARIO;1463144;11/02/2026;2;327799;11/02/2026;URCA MOTORS VEICULOS LTDA;8,77E+12;UBERLANDIA;MG;11/02/2026;18/02/2026;19/02/2026;Entregue No Prazo;;Entrega realizada;Entrega Finalizada;18;2;11;2;XD BETIM;9014;;;
MOBIS BRASIL FABRICACAO DE AUTO PECAS LT;RODOVIARIO;1463147;11/02/2026;2;327802;11/02/2026;URCA MOTORS VEICULOS LTDA;8,77E+12;UBERABA;MG;11/02/2026;18/02/2026;19/02/2026;Entregue No Prazo;;Entrega realizada;Entrega Finalizada;18;2;11;2;XD BETIM;9014;;;
MOBIS BRASIL FABRICACAO DE AUTO PECAS LT;RODOVIARIO;1463150;11/02/2026;6;327790;11/02/2026;GNC GRANDE COREIA MINAS GERAIS COMERCIO;4,27E+13;MONTES CLAROS;MG;11/02/2026;18/02/2026;19/02/2026;Entregue No Prazo;;Entrega realizada;Entrega Finalizada;18;2;11;2;XD BETIM;11035;;;
MOBIS BRASIL FABRICACAO DE AUTO PECAS LT;RODOVIARIO;1463131;11/02/2026;2;327793;11/02/2026;SAGA KOREA COM. DE VEIC. E PC. LTDA;1,27E+13;BRASILIA;DF;11/02/2026;19/02/2026;19/02/2026;Entregue No Prazo;;Entrega realizada;Entrega Finalizada;19;2;11;2;RIO VERMELHO;7005;;;
MOBIS BRASIL FABRICACAO DE AUTO PECAS LT;RODOVIARIO;1463149;11/02/2026;1;327788;11/02/2026;CAOA MOTOR DO BRASIL LTDA;1,68E+13;BELO HORIZONTE;MG;11/02/2026;16/02/2026;19/02/2026;Entregue No Prazo;;Entrega realizada;Entrega Finalizada;16;2;11;2;XD BETIM;5008;;;
MOBIS BRASIL FABRICACAO DE AUTO PECAS LT;RODOVIARIO;1463130;11/02/2026;4;327796;11/02/2026;SMAFF IMPORT VEICULOS LTDA;8,18E+12;BRASILIA;DF;11/02/2026;19/02/2026;19/02/2026;Entregue No Prazo;;Entrega realizada;Entrega Finalizada;19;2;11;2;RIO VERMELHO;7002;;;
MOBIS BRASIL FABRICACAO DE AUTO PECAS LT;RODOVIARIO;1463146;11/02/2026;1;327803;11/02/2026;VITAL COMERCIO DE VEICULOS LTDA;1,05E+13;IPATINGA;MG;11/02/2026;18/02/2026;19/02/2026;Entregue No Prazo;;Entrega realizada;Entrega Finalizada;18;2;11;2;XD BETIM;11016;;;
MOBIS BRASIL FABRICACAO DE AUTO PECAS LT;RODOVIARIO;1463143;11/02/2026;1;327798;11/02/2026;TRIAUTO KOREA AUTOMOVEIS LTDA;4,99E+13;CATALAO;GO;11/02/2026;25/02/2026;19/02/2026;Entregue No Prazo;;Entrega realizada;Entrega Finalizada;25;2;11;2;RIO VERMELHO;9018;;;
MOBIS BRASIL FABRICACAO DE AUTO PECAS LT;RODOVIARIO;1463180;11/02/2026;19;327784;11/02/2026;MOTONET COMERCIO DE VEICULOS LTDA;9,28E+12;SOROCABA;SP;11/02/2026;16/02/2026;19/02/2026;Entregue No Prazo;;Entrega realizada;Entrega Finalizada;16;2;11;2;RISSO;26113;;;
MOBIS BRASIL FABRICACAO DE AUTO PECAS LT;RODOVIARIO;1463177;11/02/2026;1;327786;11/02/2026;NOBRE DISTRIBUIDORA DE VEICULOS E PECAS;5,76E+12;MOGI DAS CRUZES;SP;11/02/2026;13/02/2026;19/02/2026;Entregue Fora do Prazo;;Entrega realizada;Entrega Finalizada;13;2;11;2;RISSO;26004;;;
MOBIS BRASIL FABRICACAO DE AUTO PECAS LT;RODOVIARIO;1463736;12/02/2026;13;328017;12/02/2026;SMAFF IMPORT VEICULOS LTDA;8,18E+12;BRASILIA;DF;12/02/2026;20/02/2026;19/02/2026;Entregue No Prazo;;Entrega realizada;Entrega Finalizada;20;2;12;2;RIO VERMELHO;7002;;;
MOBIS BRASIL FABRICACAO DE AUTO PECAS LT;RODOVIARIO;1463742;12/02/2026;1;328014;12/02/2026;IMOTORS VEICULOS LTDA;7,17E+12;JUIZ DE FORA;MG;12/02/2026;18/02/2026;19/02/2026;Entregue No Prazo;;Entrega realizada;Entrega Finalizada;18;2;12;2;XD BETIM;11010;;;
MOBIS BRASIL FABRICACAO DE AUTO PECAS LT;RODOVIARIO;1463743;12/02/2026;1;328022;12/02/2026;VITAL COMERCIO DE VEICULOS LTDA;1,05E+13;IPATINGA;MG;12/02/2026;19/02/2026;19/02/2026;Entregue No Prazo;;Entrega realizada;Entrega Finalizada;19;2;12;2;XD BETIM;11016;;;
MOBIS BRASIL FABRICACAO DE AUTO PECAS LT;RODOVIARIO;1463744;12/02/2026;1;328020;12/02/2026;URCA MOTORS VEICULOS LTDA;8,77E+12;UBERABA;MG;12/02/2026;18/02/2026;19/02/2026;Entregue No Prazo;;Entrega realizada;Entrega Finalizada;18;2;12;2;XD BETIM;9014;;;
MOBIS BRASIL FABRICACAO DE AUTO PECAS LT;RODOVIARIO;1463746;12/02/2026;16;328013;12/02/2026;CARBEL KOREA VEICULOS LTDA;2,07E+13;BELO HORIZONTE;MG;12/02/2026;18/02/2026;19/02/2026;Entregue No Prazo;;Entrega realizada;Entrega Finalizada;18;2;12;2;XD BETIM;11021;;;
MOBIS BRASIL FABRICACAO DE AUTO PECAS LT;RODOVIARIO;1463747;12/02/2026;6;328012;12/02/2026;CAOA MOTOR DO BRASIL LTDA;1,68E+13;BELO HORIZONTE;MG;12/02/2026;18/02/2026;19/02/2026;Entregue No Prazo;;Entrega realizada;Entrega Finalizada;18;2;12;2;XD BETIM;5008;;;
MOBIS BRASIL FABRICACAO DE AUTO PECAS LT;RODOVIARIO;1463752;12/02/2026;1;327988;12/02/2026;COMETA MATO GROSSO COM. DE VEICULOS LTDA;1,54E+13;RONDONOPOLIS;MT;12/02/2026;24/02/2026;19/02/2026;Entregue No Prazo;;Entrega realizada;Entrega Finalizada;24;2;12;2;CARVALIMA;13006;;;
MOBIS BRASIL FABRICACAO DE AUTO PECAS LT;RODOVIARIO;1463756;12/02/2026;4;327980;12/02/2026;AUTORAC VEICULOS LTDA;1,06E+13;CARUARU;PE;12/02/2026;02/03/2026;19/02/2026;Entregue No Prazo;;Entrega realizada;Entrega Finalizada;2;3;12;2;TERMACO;16001;;;
MOBIS BRASIL FABRICACAO DE AUTO PECAS LT;RODOVIARIO;1463764;12/02/2026;1;327996;12/02/2026;ITAVEMA MOTORS VEICULOS LTDA;7,73E+12;DUQUE DE CAXIAS;RJ;12/02/2026;18/02/2026;19/02/2026;Entregue No Prazo;;Entrega realizada;Entrega Finalizada;18;2;12;2;CAMILO;19001;;;
MOBIS BRASIL FABRICACAO DE AUTO PECAS LT;RODOVIARIO;1463767;12/02/2026;1;328007;12/02/2026;TAI MOTORS VEICULOS S/A.;9,27E+12;CAMPOS DOS GOYTACAZES;RJ;12/02/2026;19/02/2026;19/02/2026;Entregue No Prazo;;Entrega realizada;Entrega Finalizada;19;2;12;2;CAMILO;19023;;;
MOBIS BRASIL FABRICACAO DE AUTO PECAS LT;RODOVIARIO;1463769;12/02/2026;1;327984;12/02/2026;CAOA MOTOR DO BRASIL LTDA;1,68E+13;RIO DE JANEIRO;RJ;12/02/2026;18/02/2026;19/02/2026;Entregue No Prazo;;Entrega realizada;Entrega Finalizada;18;2;12;2;CAMILO;5008;;;
MOBIS BRASIL FABRICACAO DE AUTO PECAS LT;RODOVIARIO;1463770;12/02/2026;2;327999;12/02/2026;MONTREAL VEICULOS E PECAS LTDA;1,68E+13;MACAE;RJ;12/02/2026;19/02/2026;19/02/2026;Entregue No Prazo;;Entrega realizada;Entrega Finalizada;19;2;12;2;CAMILO;19030;;;
MOBIS BRASIL FABRICACAO DE AUTO PECAS LT;RODOVIARIO;1463782;12/02/2026;1;327969;12/02/2026;GRANDAY AUTOMOTORES LTDA;1,57E+13;SAO PAULO;SP;12/02/2026;16/02/2026;19/02/2026;Entregue No Prazo;;Entrega realizada;Entrega Finalizada;16;2;12;2;RISSO;26041;;;
MOBIS BRASIL FABRICACAO DE AUTO PECAS LT;RODOVIARIO;1463783;12/02/2026;1;327955;12/02/2026;BILLY DISTRIBUIDORA DE VEICULOS LTDA;1,34E+13;SAO CAETANO DO SUL;SP;12/02/2026;16/02/2026;19/02/2026;Entregue No Prazo;;Entrega realizada;Entrega Finalizada;16;2;12;2;RISSO;26003;;;
MOBIS BRASIL FABRICACAO DE AUTO PECAS LT;RODOVIARIO;1463784;12/02/2026;15;327955;12/02/2026;BILLY DISTRIBUIDORA DE VEICULOS LTDA;1,34E+13;SAO CAETANO DO SUL;SP;12/02/2026;16/02/2026;19/02/2026;Entregue No Prazo;;Entrega realizada;Entrega Finalizada;16;2;12;2;RISSO;26003;;;
MOBIS BRASIL FABRICACAO DE AUTO PECAS LT;RODOVIARIO;1463785;12/02/2026;1;327953;12/02/2026;ANDRETA II DISTRIBUIDORA DE VEIC. LTDA;9,10E+12;INDAIATUBA;SP;12/02/2026;17/02/2026;19/02/2026;Entregue No Prazo;;Entrega realizada;Entrega Finalizada;17;2;12;2;RISSO;26011;;;
MOBIS BRASIL FABRICACAO DE AUTO PECAS LT;RODOVIARIO;1463801;12/02/2026;2;327966;12/02/2026;DHC COMERCIO DE VEICULOS E PECAS LTDA;9,52E+12;OURINHOS;SP;12/02/2026;18/02/2026;19/02/2026;Entregue No Prazo;;Entrega realizada;Entrega Finalizada;18;2;12;2;RISSO;26010;;;
MOBIS BRASIL FABRICACAO DE AUTO PECAS LT;RODOVIARIO;1463854;12/02/2026;5;327978;12/02/2026;AMX COM. E SERVICOS DE AUTOMOTORES LTDA;1,20E+13;RIO DE JANEIRO;RJ;12/02/2026;18/02/2026;19/02/2026;Entregue No Prazo;;Entrega realizada;Entrega Finalizada;18;2;12;2;CAMILO;19009;;;
MOBIS BRASIL FABRICACAO DE AUTO PECAS LT;RODOVIARIO;1464538;13/02/2026;7;328195;13/02/2026;GRAND SPORT COM. DE VEIC. E PECAS LTDA;8,58E+12;GUARULHOS;SP;13/02/2026;17/02/2026;19/02/2026;Entregue No Prazo;;Entrega realizada;Entrega Finalizada;17;2;13;2;RISSO;26005;;;
MOBIS BRASIL FABRICACAO DE AUTO PECAS LT;RODOVIARIO;1464545;13/02/2026;2;328183;13/02/2026;ANDRETA II DISTRIBUIDORA DE VEIC. LTDA;9,10E+12;AMERICANA;SP;13/02/2026;18/02/2026;19/02/2026;Entregue No Prazo;;Entrega realizada;Entrega Finalizada;18;2;13;2;RISSO;26011;;;
MOBIS BRASIL FABRICACAO DE AUTO PECAS LT;RODOVIARIO;1464544;13/02/2026;4;328184;13/02/2026;ANDRETA II DISTRIBUIDORA DE VEIC. LTDA;9,10E+12;INDAIATUBA;SP;13/02/2026;18/02/2026;19/02/2026;Entregue No Prazo;;Entrega realizada;Entrega Finalizada;18;2;13;2;RISSO;26011;;;
MOBIS BRASIL FABRICACAO DE AUTO PECAS LT;RODOVIARIO;1464550;13/02/2026;2;328192;13/02/2026;DESTAQUE SEUL DISTR. DE VEIC. E PC. LTDA;2,12E+13;ATIBAIA;SP;13/02/2026;18/02/2026;19/02/2026;Entregue No Prazo;;Entrega realizada;Entrega Finalizada;18;2;13;2;RISSO;26075;;;
MOBIS BRASIL FABRICACAO DE AUTO PECAS LT;RODOVIARIO;1464541;13/02/2026;39;328202;13/02/2026;MOTONET COMERCIO DE VEICULOS LTDA;9,28E+12;SOROCABA;SP;13/02/2026;18/02/2026;19/02/2026;Entregue No Prazo;;Entrega realizada;Entrega Finalizada;18;2;13;2;RISSO;26113;;;
MOBIS BRASIL FABRICACAO DE AUTO PECAS LT;RODOVIARIO;1464486;13/02/2026;1;328207;13/02/2026;CAOA MOTOR DO BRASIL LTDA;1,68E+13;BELO HORIZONTE;MG;13/02/2026;18/02/2026;19/02/2026;Entregue No Prazo;;Entrega realizada;Entrega Finalizada;18;2;13;2;XD BETIM;5008;;;
MOBIS BRASIL FABRICACAO DE AUTO PECAS LT;RODOVIARIO;1464511;13/02/2026;4;328227;13/02/2026;BARI VEICULOS LTDA;7,46E+12;CURITIBA;PR;13/02/2026;18/02/2026;19/02/2026;Entregue No Prazo;;Entrega realizada;Entrega Finalizada;18;2;13;2;BAUER;18024;;;
MOBIS BRASIL FABRICACAO DE AUTO PECAS LT;RODOVIARIO;1464557;13/02/2026;1;328194;13/02/2026;DHC COMERCIO DE VEICULOS E PECAS LTDA;9,52E+12;OURINHOS;SP;13/02/2026;19/02/2026;19/02/2026;Entregue No Prazo;;Entrega realizada;Entrega Finalizada;19;2;13;2;RISSO;26010;;;
MOBIS BRASIL FABRICACAO DE AUTO PECAS LT;RODOVIARIO;1464620;13/02/2026;31;328201;13/02/2026;HYMAX DISTRIBUIDORA DE VEICULOS LTDA;1,73E+13;MOGI GUACU;SP;13/02/2026;19/02/2026;19/02/2026;Entregue No Prazo;;Entrega realizada;Entrega Finalizada;19;2;13;2;RISSO;26002;;;
MOBIS BRASIL FABRICACAO DE AUTO PECAS LT;RODOVIARIO;1464537;13/02/2026;3;328201;13/02/2026;HYMAX DISTRIBUIDORA DE VEICULOS LTDA;1,73E+13;MOGI GUACU;SP;13/02/2026;19/02/2026;19/02/2026;Entregue No Prazo;;Entrega realizada;Entrega Finalizada;19;2;13;2;RISSO;26002;;;
MOBIS BRASIL FABRICACAO DE AUTO PECAS LT;RODOVIARIO;1464482;13/02/2026;1;328209;13/02/2026;IMOTORS VEICULOS LTDA;7,17E+12;JUIZ DE FORA;MG;13/02/2026;19/02/2026;19/02/2026;Entregue No Prazo;;Entrega realizada;Entrega Finalizada;19;2;13;2;XD BETIM;11010;;;
MOBIS BRASIL FABRICACAO DE AUTO PECAS LT;RODOVIARIO;1464487;13/02/2026;1;328219;13/02/2026;TOKSU COMERCIO DE VEICULOS LTDA;1,12E+13;POUSO ALEGRE;MG;13/02/2026;19/02/2026;19/02/2026;Entregue No Prazo;;Entrega realizada;Entrega Finalizada;19;2;13;2;XD BETIM;11008;;;
MOBIS BRASIL FABRICACAO DE AUTO PECAS LT;RODOVIARIO;1464483;13/02/2026;4;328223;13/02/2026;VITAL COMERCIO DE VEICULOS LTDA;1,05E+13;IPATINGA;MG;13/02/2026;20/02/2026;19/02/2026;Entregue No Prazo;;Entrega realizada;Entrega Finalizada;20;2;13;2;XD BETIM;11016;;;
MOBIS BRASIL FABRICACAO DE AUTO PECAS LT;RODOVIARIO;1464613;13/02/2026;22;328229;13/02/2026;BARI VEICULOS LTDA;7,46E+12;BLUMENAU;SC;13/02/2026;20/02/2026;19/02/2026;Entregue No Prazo;;Entrega realizada;Entrega Finalizada;20;2;13;2;BAUER;18024;;;
MOBIS BRASIL FABRICACAO DE AUTO PECAS LT;RODOVIARIO;1464612;13/02/2026;2;328229;13/02/2026;BARI VEICULOS LTDA;7,46E+12;BLUMENAU;SC;13/02/2026;20/02/2026;19/02/2026;Entregue No Prazo;;Entrega realizada;Entrega Finalizada;20;2;13;2;BAUER;18024;;;
MOBIS BRASIL FABRICACAO DE AUTO PECAS LT;RODOVIARIO;1464533;13/02/2026;13;328243;13/02/2026;LR COMERCIO DE VEICULOS LTDA;1,05E+13;SAO JOSE;SC;13/02/2026;20/02/2026;19/02/2026;Entregue No Prazo;;Entrega realizada;Entrega Finalizada;20;2;13;2;BAUER;24007;;;
MOBIS BRASIL FABRICACAO DE AUTO PECAS LT;RODOVIARIO;1464608;13/02/2026;6;328244;13/02/2026;SANTA FE VEICULOS LTDA.;1,16E+13;FRANCISCO BELTRAO;PR;13/02/2026;20/02/2026;19/02/2026;Entregue No Prazo;;Entrega realizada;Entrega Finalizada;20;2;13;2;BAUER;18010;;;
MOBIS BRASIL FABRICACAO DE AUTO PECAS LT;RODOVIARIO;1464607;13/02/2026;2;328244;13/02/2026;SANTA FE VEICULOS LTDA.;1,16E+13;FRANCISCO BELTRAO;PR;13/02/2026;20/02/2026;19/02/2026;Entregue No Prazo;;Entrega realizada;Entrega Finalizada;20;2;13;2;BAUER;18010;;;
MOBIS BRASIL FABRICACAO DE AUTO PECAS LT;RODOVIARIO;1464471;13/02/2026;1;328214;13/02/2026;SAGA KOREA COM. DE VEIC. E PC. LTDA;1,27E+13;BRASILIA;DF;13/02/2026;23/02/2026;19/02/2026;Entregue No Prazo;;Entrega realizada;Entrega Finalizada;23;2;13;2;RIO VERMELHO;7005;;;
MOBIS BRASIL FABRICACAO DE AUTO PECAS LT;RODOVIARIO;1464470;13/02/2026;6;328216;13/02/2026;SMAFF IMPORT VEICULOS LTDA;8,18E+12;BRASILIA;DF;13/02/2026;23/02/2026;19/02/2026;Entregue No Prazo;;Entrega realizada;Entrega Finalizada;23;2;13;2;RIO VERMELHO;7002;;;
MOBIS BRASIL FABRICACAO DE AUTO PECAS LT;RODOVIARIO;1464534;13/02/2026;2;328230;13/02/2026;BARI VEICULOS LTDA;7,46E+12;BALNEARIO CAMBORIU;SC;13/02/2026;23/02/2026;19/02/2026;Entregue No Prazo;;Entrega realizada;Entrega Finalizada;23;2;13;2;BAUER;18024;;;
MOBIS BRASIL FABRICACAO DE AUTO PECAS LT;RODOVIARIO;1464494;13/02/2026;10;328280;13/02/2026;SAGA ASIA COM. DE VEIC.PC.E SERV. LTDA;2,23E+13;VARZEA GRANDE;MT;13/02/2026;24/02/2026;19/02/2026;Entregue No Prazo;;Entrega realizada;Entrega Finalizada;24;2;13;2;CARVALIMA;13004;;;
MOBIS BRASIL FABRICACAO DE AUTO PECAS LT;RODOVIARIO;1464606;13/02/2026;6;328273;13/02/2026;NACIONAL NOVA MARABA DIST DE VEIC. LTDA;1,70E+13;MARABA;PA;13/02/2026;27/02/2026;19/02/2026;Entregue No Prazo;;Entrega realizada;Entrega Finalizada;27;2;13;2;CARVALIMA;14005;;;
MOBIS BRASIL FABRICACAO DE AUTO PECAS LT;RODOVIARIO;1465091;18/02/2026;3;328502;18/02/2026;CAOA MOTOR DO BRASIL LTDA (INDIANOPOLIS);1,68E+13;SAO PAULO;SP;18/02/2026;20/02/2026;19/02/2026;Entregue No Prazo;;Entrega realizada;Entrega Finalizada;20;2;18;2;RISSO;26091;;;
MOBIS BRASIL FABRICACAO DE AUTO PECAS LT;RODOVIARIO;1465093;18/02/2026;5;328503;18/02/2026;CAOA MOTOR DO BRASIL LTDA(RAP. TAVARES);1,68E+13;SAO PAULO;SP;18/02/2026;20/02/2026;19/02/2026;Entregue No Prazo;;Entrega realizada;Entrega Finalizada;20;2;18;2;RISSO;26109;;;
MOBIS BRASIL FABRICACAO DE AUTO PECAS LT;RODOVIARIO;1465076;18/02/2026;3;328509;18/02/2026;GRAND SPORT COM. DE VEIC. E PECAS LTDA;8,58E+12;GUARULHOS;SP;18/02/2026;20/02/2026;19/02/2026;Entregue No Prazo;;Entrega realizada;Entrega Finalizada;20;2;18;2;RISSO;26005;;;
MOBIS BRASIL FABRICACAO DE AUTO PECAS LT;RODOVIARIO;1465081;18/02/2026;2;328510;18/02/2026;GRAND SPORT COM. DE VEIC. E PECAS LTDA;8,58E+12;SAO PAULO;SP;18/02/2026;20/02/2026;19/02/2026;Entregue No Prazo;;Entrega realizada;Entrega Finalizada;20;2;18;2;RISSO;26034;;;
MOBIS BRASIL FABRICACAO DE AUTO PECAS LT;RODOVIARIO;1465090;18/02/2026;12;328511;18/02/2026;GRANDAY AUTOMOTORES LTDA (CHAC. CALIFOR);1,57E+13;SAO PAULO;SP;18/02/2026;20/02/2026;19/02/2026;Entregue No Prazo;;Entrega realizada;Entrega Finalizada;20;2;18;2;RISSO;26090;;;
MOBIS BRASIL FABRICACAO DE AUTO PECAS LT;RODOVIARIO;1465097;18/02/2026;10;328494;18/02/2026;ANDRETA II DISTRIB.DE VEICULOS LTDA.;9,10E+12;JUNDIAI;SP;18/02/2026;23/02/2026;19/02/2026;Entregue No Prazo;;Entrega realizada;Entrega Finalizada;23;2;18;2;RISSO;26040;;;
MOBIS BRASIL FABRICACAO DE AUTO PECAS LT;RODOVIARIO;1465078;18/02/2026;43;328496;18/02/2026;ANDRETA II DISTRIBUIDORA DE VEIC. LTDA;9,10E+12;CAMPINAS;SP;18/02/2026;23/02/2026;19/02/2026;Entregue No Prazo;;Entrega realizada;Entrega Finalizada;23;2;18;2;RISSO;26011;;;
MOBIS BRASIL FABRICACAO DE AUTO PECAS LT;RODOVIARIO;1465088;18/02/2026;1;328506;18/02/2026;DESTAQUE SEUL DISTR. DE VEIC. E PC. LTDA;2,12E+13;ATIBAIA;SP;18/02/2026;23/02/2026;19/02/2026;Entregue No Prazo;;Entrega realizada;Entrega Finalizada;23;2;18;2;RISSO;26075;;;
MOBIS BRASIL FABRICACAO DE AUTO PECAS LT;RODOVIARIO;1465077;18/02/2026;2;328508;18/02/2026;DHC COMERCIO DE VEICULOS E PECAS LTDA;9,52E+12;BAURU;SP;18/02/2026;23/02/2026;19/02/2026;Entregue No Prazo;;Entrega realizada;Entrega Finalizada;23;2;18;2;RISSO;26010;;;
MOBIS BRASIL FABRICACAO DE AUTO PECAS LT;RODOVIARIO;1465089;18/02/2026;3;328507;18/02/2026;DHC COMERCIO DE VEICULOS E PECAS LTDA;9,52E+12;JAU;SP;18/02/2026;24/02/2026;19/02/2026;Entregue No Prazo;;Entrega realizada;Entrega Finalizada;24;2;18;2;RISSO;26010;;;
MOBIS BRASIL FABRICACAO DE AUTO PECAS LT;RODOVIARIO;1464491;13/02/2026;1;328218;13/02/2026;TECAR TRILHAS AUTOMOVEIS E SERVICOS LTDA;2,32E+13;DIVINOPOLIS;MG;13/02/2026;20/02/2026;19/02/2026;Entregue No Prazo;;Entrega realizada;Entrega Finalizada;20;2;13;2;XD BETIM;11039;;;
MOBIS BRASIL FABRICACAO DE AUTO PECAS LT;RODOVIARIO;1461544;09/02/2026;4;327618;09/02/2026;PRIVILLEGE DISTRIBUIDORA DE VEICULOS LTD;1,72E+13;PALMAS;TO;09/02/2026;18/02/2026;20/02/2026;Entregue No Prazo;;Entrega realizada;Entrega Finalizada;18;2;9;2;CARVALIMA;27003;;;
MOBIS BRASIL FABRICACAO DE AUTO PECAS LT;RODOVIARIO;1461549;09/02/2026;2;327621;09/02/2026;SAINT LAND COMERCIO DE VEICULOS LTDA;1,04E+13;ARACAJU;SE;09/02/2026;20/02/2026;20/02/2026;Entregue No Prazo;;Entrega realizada;Entrega Finalizada;20;2;9;2;TERMACO;6010;;;
MOBIS BRASIL FABRICACAO DE AUTO PECAS LT;RODOVIARIO;1461432;09/02/2026;3;327601;09/02/2026;CAOA MOTOR DO BRASIL LTDA.;1,68E+13;LAURO DE FREITAS;BA;09/02/2026;24/02/2026;20/02/2026;Entregue No Prazo;;Entrega realizada;Entrega Finalizada;24;2;9;2;TERMACO;5008;;;
MOBIS BRASIL FABRICACAO DE AUTO PECAS LT;RODOVIARIO;1461434;09/02/2026;3;327609;09/02/2026;ORVEL AUTOMOTOR HYD LTDA;2,52E+13;TEIXEIRA DE FREITAS;BA;09/02/2026;24/02/2026;20/02/2026;Entregue No Prazo;;Entrega realizada;Entrega Finalizada;24;2;9;2;TERMACO;5011;;;
MOBIS BRASIL FABRICACAO DE AUTO PECAS LT;RODOVIARIO;1461436;09/02/2026;3;327609;09/02/2026;ORVEL AUTOMOTOR HYD LTDA;2,52E+13;TEIXEIRA DE FREITAS;BA;09/02/2026;24/02/2026;20/02/2026;Entregue No Prazo;;Entrega realizada;Entrega Finalizada;24;2;9;2;TERMACO;5011;;;
MOBIS BRASIL FABRICACAO DE AUTO PECAS LT;RODOVIARIO;1461447;09/02/2026;1;327610;09/02/2026;PATEO COMERCIO DE VEICULOS S A;7,78E+12;RECIFE;PE;09/02/2026;24/02/2026;20/02/2026;Entregue No Prazo;;Entrega realizada;Entrega Finalizada;24;2;9;2;TERMACO;16004;;;
MOBIS BRASIL FABRICACAO DE AUTO PECAS LT;RODOVIARIO;1461440;09/02/2026;7;327613;09/02/2026;PATEO COMERCIO DE VEICULOS S A;7,78E+12;SAO LUIS;MA;09/02/2026;24/02/2026;20/02/2026;Entregue No Prazo;;Entrega realizada;Entrega Finalizada;24;2;9;2;TERMACO;10002;;;
MOBIS BRASIL FABRICACAO DE AUTO PECAS LT;RODOVIARIO;1461449;09/02/2026;1;327606;09/02/2026;GREEN CITY VEICULOS LTDA;2,10E+13;TERESINA;PI;09/02/2026;25/02/2026;20/02/2026;Entregue No Prazo;;Entrega realizada;Entrega Finalizada;25;2;9;2;TERMACO;17002;;;
MOBIS BRASIL FABRICACAO DE AUTO PECAS LT;RODOVIARIO;1461448;09/02/2026;3;327614;09/02/2026;PATEO COMERCIO DE VEICULOS S A;7,78E+12;JABOATAO DOS GUARARAPES;PE;09/02/2026;25/02/2026;20/02/2026;Entregue No Prazo;;Entrega realizada;Entrega Finalizada;25;2;9;2;TERMACO;16011;;;
MOBIS BRASIL FABRICACAO DE AUTO PECAS LT;RODOVIARIO;1461451;09/02/2026;4;327619;09/02/2026;SAINT LAND COM DE VEICULOS S A;1,04E+13;MOSSORO;RN;09/02/2026;25/02/2026;20/02/2026;Entregue No Prazo;;Entrega realizada;Entrega Finalizada;25;2;9;2;TERMACO;20002;;;
MOBIS BRASIL FABRICACAO DE AUTO PECAS LT;RODOVIARIO;1461986;10/02/2026;3;327670;10/02/2026;ORVEL AUTOMOTOR HYD LTDA;2,52E+13;TEIXEIRA DE FREITAS;BA;10/02/2026;25/02/2026;20/02/2026;Entregue No Prazo;;Entrega realizada;Entrega Finalizada;25;2;10;2;TERMACO;5011;;;
MOBIS BRASIL FABRICACAO DE AUTO PECAS LT;RODOVIARIO;1461996;10/02/2026;2;327658;10/02/2026;AUTORAC VEICULOS LTDA;1,06E+13;CARUARU;PE;10/02/2026;26/02/2026;20/02/2026;Entregue No Prazo;;Entrega realizada;Entrega Finalizada;26;2;10;2;TERMACO;16001;;;
MOBIS BRASIL FABRICACAO DE AUTO PECAS LT;RODOVIARIO;1461997;10/02/2026;2;327671;10/02/2026;PATEO COMERCIO DE VEICULOS S A;7,78E+12;RECIFE;PE;10/02/2026;25/02/2026;20/02/2026;Entregue No Prazo;;Entrega realizada;Entrega Finalizada;25;2;10;2;TERMACO;16004;;;
MOBIS BRASIL FABRICACAO DE AUTO PECAS LT;RODOVIARIO;1461998;10/02/2026;2;327666;10/02/2026;JPN COMERCIO DE AUTOMOVEIS LTDA;2,61E+13;GARANHUNS;PE;10/02/2026;26/02/2026;20/02/2026;Entregue No Prazo;;Entrega realizada;Entrega Finalizada;26;2;10;2;TERMACO;16009;;;
MOBIS BRASIL FABRICACAO DE AUTO PECAS LT;RODOVIARIO;1463135;11/02/2026;3;327849;11/02/2026;PRIME CACHOEIRO VEICULOS LTDA EPP;9,34E+12;CACHOEIRO DE ITAPEMIRIM;ES;11/02/2026;19/02/2026;20/02/2026;Entregue No Prazo;;Entrega realizada;Entrega Finalizada;19;2;11;2;CAMILO;8003;;;
MOBIS BRASIL FABRICACAO DE AUTO PECAS LT;RODOVIARIO;1463127;11/02/2026;5;327843;11/02/2026;ORVEL AUTOMOTOR HYD LTDA;2,52E+13;TEIXEIRA DE FREITAS;BA;11/02/2026;26/02/2026;20/02/2026;Entregue No Prazo;;Entrega realizada;Entrega Finalizada;26;2;11;2;TERMACO;5011;;;
MOBIS BRASIL FABRICACAO DE AUTO PECAS LT;RODOVIARIO;1463132;11/02/2026;10;327858;11/02/2026;VIA BRASIL AUTOMOVEIS LTDA.;4,72E+12;SERRA;ES;11/02/2026;18/02/2026;20/02/2026;Entregue No Prazo;;Entrega realizada;Entrega Finalizada;18;2;11;2;CAMILO;8001;;;
MOBIS BRASIL FABRICACAO DE AUTO PECAS LT;RODOVIARIO;1463134;11/02/2026;3;327853;11/02/2026;TAI MOTORS VEICULOS S/A;9,27E+12;VITORIA;ES;11/02/2026;18/02/2026;20/02/2026;Entregue No Prazo;;Entrega realizada;Entrega Finalizada;18;2;11;2;CAMILO;8002;;;
MOBIS BRASIL FABRICACAO DE AUTO PECAS LT;RODOVIARIO;1463174;11/02/2026;1;327829;11/02/2026;COMETA JI PARANA COM. DE VEIC. LTDA;4,23E+12;JIPARANA;RO;11/02/2026;02/03/2026;20/02/2026;Entregue No Prazo;;Entrega realizada;Entrega Finalizada;2;3;11;2;CARVALIMA;21002;;;
MOBIS BRASIL FABRICACAO DE AUTO PECAS LT;RODOVIARIO;1463161;11/02/2026;3;327837;11/02/2026;JPN COMERCIO DE AUTOMOVEIS LTDA;2,61E+13;GARANHUNS;PE;11/02/2026;27/02/2026;20/02/2026;Entregue No Prazo;;Entrega realizada;Entrega Finalizada;27;2;11;2;TERMACO;16009;;;
MOBIS BRASIL FABRICACAO DE AUTO PECAS LT;RODOVIARIO;1463168;11/02/2026;30;327834;11/02/2026;ITAVEMA MOTORS VEICULOS LTDA;7,73E+12;RIO DE JANEIRO;RJ;11/02/2026;17/02/2026;20/02/2026;Entregue No Prazo;;Entrega realizada;Entrega Finalizada;17;2;11;2;CAMILO;19001;;;
MOBIS BRASIL FABRICACAO DE AUTO PECAS LT;RODOVIARIO;1463162;11/02/2026;2;327823;11/02/2026;AUTORAC VEICULOS LTDA;1,06E+13;PETROLINA;PE;11/02/2026;27/02/2026;20/02/2026;Entregue No Prazo;;Entrega realizada;Entrega Finalizada;27;2;11;2;TERMACO;16001;;;
MOBIS BRASIL FABRICACAO DE AUTO PECAS LT;RODOVIARIO;1463124;11/02/2026;14;327831;11/02/2026;FAZZA MOTORS COMERCIO DE VEICULOS LTDA;1,24E+13;SALVADOR;BA;11/02/2026;23/02/2026;20/02/2026;Entregue No Prazo;;Entrega realizada;Entrega Finalizada;23;2;11;2;TERMACO;5007;;;
MOBIS BRASIL FABRICACAO DE AUTO PECAS LT;RODOVIARIO;1463137;11/02/2026;3;327850;11/02/2026;PRIME VILA VELHA VEICULOS LTDA.;2,14E+13;VILA VELHA;ES;11/02/2026;18/02/2026;20/02/2026;Entregue No Prazo;;Entrega realizada;Entrega Finalizada;18;2;11;2;CAMILO;8005;;;
MOBIS BRASIL FABRICACAO DE AUTO PECAS LT;RODOVIARIO;1463133;11/02/2026;58;327858;11/02/2026;VIA BRASIL AUTOMOVEIS LTDA.;4,72E+12;SERRA;ES;11/02/2026;18/02/2026;20/02/2026;Entregue No Prazo;;Entrega realizada;Entrega Finalizada;18;2;11;2;CAMILO;8001;;;
MOBIS BRASIL FABRICACAO DE AUTO PECAS LT;RODOVIARIO;1463167;11/02/2026;5;327860;11/02/2026;VIA VR VEICULOS LTDA;1,73E+13;VOLTA REDONDA;RJ;11/02/2026;18/02/2026;20/02/2026;Entregue No Prazo;;Entrega realizada;Entrega Finalizada;18;2;11;2;CAMILO;19016;;;
MOBIS BRASIL FABRICACAO DE AUTO PECAS LT;RODOVIARIO;1463125;11/02/2026;2;327828;11/02/2026;CAOA MOTOR DO BRASIL LTDA.;1,68E+13;LAURO DE FREITAS;BA;11/02/2026;26/02/2026;20/02/2026;Entregue No Prazo;;Entrega realizada;Entrega Finalizada;26;2;11;2;TERMACO;5008;;;
MOBIS BRASIL FABRICACAO DE AUTO PECAS LT;RODOVIARIO;1463737;12/02/2026;4;328011;12/02/2026;CAOA MOTOR DO BRASIL LTDA;1,68E+13;BRASILIA;DF;12/02/2026;20/02/2026;20/02/2026;Entregue No Prazo;;Entrega realizada;Entrega Finalizada;20;2;12;2;RIO VERMELHO;5008;;;
MOBIS BRASIL FABRICACAO DE AUTO PECAS LT;RODOVIARIO;1463738;12/02/2026;12;328009;12/02/2026;VIA BRASIL AUTOMOVEIS LTDA.;4,72E+12;SERRA;ES;12/02/2026;19/02/2026;20/02/2026;Entregue No Prazo;;Entrega realizada;Entrega Finalizada;19;2;12;2;CAMILO;8001;;;
MOBIS BRASIL FABRICACAO DE AUTO PECAS LT;RODOVIARIO;1463739;12/02/2026;2;328003;12/02/2026;PRIME CACHOEIRO VEICULOS LTDA EPP;9,34E+12;CACHOEIRO DE ITAPEMIRIM;ES;12/02/2026;20/02/2026;20/02/2026;Entregue No Prazo;;Entrega realizada;Entrega Finalizada;20;2;12;2;CAMILO;8003;;;
MOBIS BRASIL FABRICACAO DE AUTO PECAS LT;RODOVIARIO;1463759;12/02/2026;2;327997;12/02/2026;JPN COMERCIO DE AUTOMOVEIS LTDA;2,61E+13;GARANHUNS;PE;12/02/2026;02/03/2026;20/02/2026;Entregue No Prazo;;Entrega realizada;Entrega Finalizada;2;3;12;2;TERMACO;16009;;;
MOBIS BRASIL FABRICACAO DE AUTO PECAS LT;RODOVIARIO;1463765;12/02/2026;2;327995;12/02/2026;ITAVEMA MOTORS VEICULOS LTDA;7,73E+12;RIO DE JANEIRO;RJ;12/02/2026;18/02/2026;20/02/2026;Entregue No Prazo;;Entrega realizada;Entrega Finalizada;18;2;12;2;CAMILO;19001;;;
MOBIS BRASIL FABRICACAO DE AUTO PECAS LT;RODOVIARIO;1463766;12/02/2026;3;327995;12/02/2026;ITAVEMA MOTORS VEICULOS LTDA;7,73E+12;RIO DE JANEIRO;RJ;12/02/2026;18/02/2026;20/02/2026;Entregue No Prazo;;Entrega realizada;Entrega Finalizada;18;2;12;2;CAMILO;19001;;;
MOBIS BRASIL FABRICACAO DE AUTO PECAS LT;RODOVIARIO;1463773;12/02/2026;1;327986;12/02/2026;COMETA JI PARANA COM. DE VEIC. LTDA;4,23E+12;JIPARANA;RO;12/02/2026;03/03/2026;20/02/2026;Entregue No Prazo;;Entrega realizada;Entrega Finalizada;3;3;12;2;CARVALIMA;21002;;;
MOBIS BRASIL FABRICACAO DE AUTO PECAS LT;RODOVIARIO;1464490;13/02/2026;14;328206;13/02/2026;BDG AUTOVILLE VEICULOS LTDA;4,77E+13;CONTAGEM;MG;13/02/2026;18/02/2026;20/02/2026;Entregue No Prazo;;Entrega realizada;Entrega Finalizada;18;2;13;2;XD BETIM;11037;;;
MOBIS BRASIL FABRICACAO DE AUTO PECAS LT;RODOVIARIO;1464489;13/02/2026;1;328206;13/02/2026;BDG AUTOVILLE VEICULOS LTDA;4,77E+13;CONTAGEM;MG;13/02/2026;18/02/2026;20/02/2026;Entregue No Prazo;;Entrega realizada;Entrega Finalizada;18;2;13;2;XD BETIM;11037;;;
MOBIS BRASIL FABRICACAO DE AUTO PECAS LT;RODOVIARIO;1464485;13/02/2026;7;328208;13/02/2026;CARBEL KOREA VEICULOS LTDA;2,07E+13;BELO HORIZONTE;MG;13/02/2026;18/02/2026;20/02/2026;Entregue No Prazo;;Entrega realizada;Entrega Finalizada;18;2;13;2;XD BETIM;11021;;;
MOBIS BRASIL FABRICACAO DE AUTO PECAS LT;RODOVIARIO;1464484;13/02/2026;7;328217;13/02/2026;TAI MOTORS VEICULOS S/A;9,27E+12;BELO HORIZONTE;MG;13/02/2026;18/02/2026;20/02/2026;Entregue No Prazo;;Entrega realizada;Entrega Finalizada;18;2;13;2;XD BETIM;8002;;;
MOBIS BRASIL FABRICACAO DE AUTO PECAS LT;RODOVIARIO;1464488;13/02/2026;1;328221;13/02/2026;URCA MOTORS VEICULOS LTDA;8,77E+12;PATOS DE MINAS;MG;13/02/2026;19/02/2026;20/02/2026;Entregue No Prazo;;Entrega realizada;Entrega Finalizada;19;2;13;2;XD BETIM;9014;;;
MOBIS BRASIL FABRICACAO DE AUTO PECAS LT;RODOVIARIO;1464481;13/02/2026;40;328222;13/02/2026;URCA MOTORS VEICULOS LTDA;8,77E+12;UBERLANDIA;MG;13/02/2026;19/02/2026;20/02/2026;Entregue No Prazo;;Entrega realizada;Entrega Finalizada;19;2;13;2;XD BETIM;9014;;;
MOBIS BRASIL FABRICACAO DE AUTO PECAS LT;RODOVIARIO;1464510;13/02/2026;1;328228;13/02/2026;BARI VEICULOS LTDA;7,46E+12;SAO JOSE DOS PINHAIS;PR;13/02/2026;19/02/2026;20/02/2026;Entregue No Prazo;;Entrega realizada;Entrega Finalizada;19;2;13;2;BAUER;18024;;;
MOBIS BRASIL FABRICACAO DE AUTO PECAS LT;RODOVIARIO;1464509;13/02/2026;5;328231;13/02/2026;BARI VEICULOS LTDA;7,46E+12;PONTA GROSSA;PR;13/02/2026;19/02/2026;20/02/2026;Entregue No Prazo;;Entrega realizada;Entrega Finalizada;19;2;13;2;BAUER;18024;;;
MOBIS BRASIL FABRICACAO DE AUTO PECAS LT;RODOVIARIO;1464506;13/02/2026;8;328242;13/02/2026;LOVAT VEICULOS S/A;8,57E+12;LONDRINA;PR;13/02/2026;19/02/2026;20/02/2026;Entregue No Prazo;;Entrega realizada;Entrega Finalizada;19;2;13;2;BAUER;18008;;;
MOBIS BRASIL FABRICACAO DE AUTO PECAS LT;RODOVIARIO;1464610;13/02/2026;3;328246;13/02/2026;AMX COM. E SERVICOS DE AUTOMOTORES LTDA;1,20E+13;RIO DE JANEIRO;RJ;13/02/2026;19/02/2026;20/02/2026;Entregue Fora do Prazo;;Entrega realizada;Entrega Finalizada;19;2;13;2;CAMILO;19009;;;
MOBIS BRASIL FABRICACAO DE AUTO PECAS LT;RODOVIARIO;1464517;13/02/2026;2;328251;13/02/2026;CAOA MOTOR DO BRASIL LTDA;1,68E+13;NITEROI;RJ;13/02/2026;19/02/2026;20/02/2026;Entregue Fora do Prazo;;Entrega realizada;Entrega Finalizada;19;2;13;2;CAMILO;5008;;;
MOBIS BRASIL FABRICACAO DE AUTO PECAS LT;RODOVIARIO;1464520;13/02/2026;2;328256;13/02/2026;CAOA MOTOR DO BRASIL LTDA;1,68E+13;RIO DE JANEIRO;RJ;13/02/2026;19/02/2026;20/02/2026;Entregue Fora do Prazo;;Entrega realizada;Entrega Finalizada;19;2;13;2;CAMILO;5008;;;
MOBIS BRASIL FABRICACAO DE AUTO PECAS LT;RODOVIARIO;1464519;13/02/2026;1;328256;13/02/2026;CAOA MOTOR DO BRASIL LTDA;1,68E+13;RIO DE JANEIRO;RJ;13/02/2026;19/02/2026;20/02/2026;Entregue Fora do Prazo;;Entrega realizada;Entrega Finalizada;19;2;13;2;CAMILO;5008;;;
MOBIS BRASIL FABRICACAO DE AUTO PECAS LT;RODOVIARIO;1464512;13/02/2026;3;328270;13/02/2026;ITAVEMA MOTORS VEICULOS LTDA;7,73E+12;DUQUE DE CAXIAS;RJ;13/02/2026;19/02/2026;20/02/2026;Entregue Fora do Prazo;;Entrega realizada;Entrega Finalizada;19;2;13;2;CAMILO;19001;;;
MOBIS BRASIL FABRICACAO DE AUTO PECAS LT;RODOVIARIO;1464530;13/02/2026;1;328224;13/02/2026;ATUAL VEICULOS LTDA;1,33E+13;ARARANGUA;SC;13/02/2026;20/02/2026;20/02/2026;Entregue No Prazo;;Entrega realizada;Entrega Finalizada;20;2;13;2;BAUER;24001;;;
MOBIS BRASIL FABRICACAO DE AUTO PECAS LT;RODOVIARIO;1464527;13/02/2026;4;328238;13/02/2026;GALA COMERCIO DE VEICULOS LTDA.;1,77E+13;PELOTAS;RS;13/02/2026;20/02/2026;20/02/2026;Entregue No Prazo;;Entrega realizada;Entrega Finalizada;20;2;13;2;BAUER;23009;;;
MOBIS BRASIL FABRICACAO DE AUTO PECAS LT;RODOVIARIO;1464611;13/02/2026;3;328239;13/02/2026;GAMBATTO H1 VEICULOS LTDA;1,94E+13;PASSO FUNDO;RS;13/02/2026;20/02/2026;20/02/2026;Entregue No Prazo;;Entrega realizada;Entrega Finalizada;20;2;13;2;BAUER;23015;;;
MOBIS BRASIL FABRICACAO DE AUTO PECAS LT;RODOVIARIO;1464476;13/02/2026;4;328210;13/02/2026;NISA COMERCIAL DE VEIC. AUTOMOTORES LTDA;1,03E+13;APARECIDA DE GOIANIA;GO;13/02/2026;23/02/2026;20/02/2026;Entregue No Prazo;;Entrega realizada;Entrega Finalizada;23;2;13;2;RIO VERMELHO;9002;;;
MOBIS BRASIL FABRICACAO DE AUTO PECAS LT;RODOVIARIO;1464478;13/02/2026;1;328211;13/02/2026;NISA COMERCIAL DE VEIC. AUTOMOTORES LTDA;1,03E+13;GOIANIA;GO;13/02/2026;23/02/2026;20/02/2026;Entregue No Prazo;;Entrega realizada;Entrega Finalizada;23;2;13;2;RIO VERMELHO;9013;;;
MOBIS BRASIL FABRICACAO DE AUTO PECAS LT;RODOVIARIO;1464477;13/02/2026;21;328215;13/02/2026;SAGA KOREA COM. DE VEIC. E PC. LTDA;1,27E+13;GOIANIA;GO;13/02/2026;23/02/2026;20/02/2026;Entregue No Prazo;;Entrega realizada;Entrega Finalizada;23;2;13;2;RIO VERMELHO;9011;;;
MOBIS BRASIL FABRICACAO DE AUTO PECAS LT;RODOVIARIO;1464528;13/02/2026;3;328240;13/02/2026;HOUSE PARTS - COM. DE PECAS E VEIC. LTDA;1,15E+13;SANTA CRUZ DO SUL;RS;13/02/2026;23/02/2026;20/02/2026;Entregue No Prazo;;Entrega realizada;Entrega Finalizada;23;2;13;2;BAUER;23017;;;
MOBIS BRASIL FABRICACAO DE AUTO PECAS LT;RODOVIARIO;1464496;13/02/2026;1;328260;13/02/2026;COMETA MATO GROSSO COM. DE VEICULOS LTDA;1,54E+13;TANGARA DA SERRA;MT;13/02/2026;24/02/2026;20/02/2026;Entregue No Prazo;;Entrega realizada;Entrega Finalizada;24;2;13;2;CARVALIMA;13007;;;
MOBIS BRASIL FABRICACAO DE AUTO PECAS LT;RODOVIARIO;1464497;13/02/2026;1;328249;13/02/2026;CAOA MOTOR DO BRASIL LTDA;1,68E+13;BELEM;PA;13/02/2026;26/02/2026;20/02/2026;Entregue No Prazo;;Entrega realizada;Entrega Finalizada;26;2;13;2;CARVALIMA;5008;;;
MOBIS BRASIL FABRICACAO DE AUTO PECAS LT;RODOVIARIO;1464524;13/02/2026;1;328258;13/02/2026;COMETA JI PARANA COM. DE VEIC. LTDA;4,23E+12;JIPARANA;RO;13/02/2026;04/03/2026;20/02/2026;Entregue No Prazo;;Entrega realizada;Entrega Finalizada;4;3;13;2;CARVALIMA;21002;;;
MOBIS BRASIL FABRICACAO DE AUTO PECAS LT;RODOVIARIO;1465074;18/02/2026;31;328498;18/02/2026;BILLY DISTRIBUIDORA DE VEICULOS LTDA;1,34E+13;BARUERI;SP;18/02/2026;20/02/2026;20/02/2026;Entregue No Prazo;;Entrega realizada;Entrega Finalizada;20;2;18;2;RISSO;26003;;;
MOBIS BRASIL FABRICACAO DE AUTO PECAS LT;RODOVIARIO;1465094;18/02/2026;18;328505;18/02/2026;CHS MOTORS VEICULOS PECAS(VL. GUILHERME);1,69E+13;SAO PAULO;SP;18/02/2026;20/02/2026;20/02/2026;Entregue No Prazo;;Entrega realizada;Entrega Finalizada;20;2;18;2;RISSO;26052;;;
MOBIS BRASIL FABRICACAO DE AUTO PECAS LT;RODOVIARIO;1465075;18/02/2026;4;328516;18/02/2026;NOBRE DISTRIBUIDORA DE VEICULOS E PECAS;5,76E+12;MOGI DAS CRUZES;SP;18/02/2026;20/02/2026;20/02/2026;Entregue No Prazo;;Entrega realizada;Entrega Finalizada;20;2;18;2;RISSO;26004;;;
MOBIS BRASIL FABRICACAO DE AUTO PECAS LT;RODOVIARIO;1465083;18/02/2026;3;328495;18/02/2026;ANDRETA II DISTRIBUIDORA DE VEIC. LTDA;9,10E+12;AMERICANA;SP;18/02/2026;23/02/2026;20/02/2026;Entregue No Prazo;;Entrega realizada;Entrega Finalizada;23;2;18;2;RISSO;26011;;;
MOBIS BRASIL FABRICACAO DE AUTO PECAS LT;RODOVIARIO;1465087;18/02/2026;1;328500;18/02/2026;CAOA MOTOR DO BRASIL LTDA;1,68E+13;TAUBATE;SP;18/02/2026;23/02/2026;20/02/2026;Entregue No Prazo;;Entrega realizada;Entrega Finalizada;23;2;18;2;RISSO;5008;;;
MOBIS BRASIL FABRICACAO DE AUTO PECAS LT;RODOVIARIO;1465079;18/02/2026;2;328514;18/02/2026;MOTONET COMERCIO DE VEICULOS LTDA;9,28E+12;SOROCABA;SP;18/02/2026;23/02/2026;20/02/2026;Entregue No Prazo;;Entrega realizada;Entrega Finalizada;23;2;18;2;RISSO;26113;;;
MOBIS BRASIL FABRICACAO DE AUTO PECAS LT;RODOVIARIO;1465040;18/02/2026;12;328517;18/02/2026;BDG AUTOVILLE VEICULOS LTDA;4,77E+13;CONTAGEM;MG;18/02/2026;23/02/2026;20/02/2026;Entregue No Prazo;;Entrega realizada;Entrega Finalizada;23;2;18;2;XD BETIM;11037;;;
MOBIS BRASIL FABRICACAO DE AUTO PECAS LT;RODOVIARIO;1465103;18/02/2026;10;328526;18/02/2026;TAI MOTORS VEICULOS S/A;9,27E+12;BELO HORIZONTE;MG;18/02/2026;23/02/2026;20/02/2026;Entregue No Prazo;;Entrega realizada;Entrega Finalizada;23;2;18;2;XD BETIM;8002;;;
MOBIS BRASIL FABRICACAO DE AUTO PECAS LT;RODOVIARIO;1465092;18/02/2026;1;328497;18/02/2026;ANDRETA II DISTRIBUIDORA DE VEIC. LTDA;9,10E+12;RIO CLARO;SP;18/02/2026;24/02/2026;20/02/2026;Entregue No Prazo;;Entrega realizada;Entrega Finalizada;24;2;18;2;RISSO;26011;;;
MOBIS BRASIL FABRICACAO DE AUTO PECAS LT;RODOVIARIO;1465098;18/02/2026;9;328513;18/02/2026;HYMAX DISTRIBUIDORA DE VEICULOS LTDA;1,73E+13;MOGI GUACU;SP;18/02/2026;24/02/2026;20/02/2026;Entregue No Prazo;;Entrega realizada;Entrega Finalizada;24;2;18;2;RISSO;26002;;;
MOBIS BRASIL FABRICACAO DE AUTO PECAS LT;RODOVIARIO;1465073;18/02/2026;2;328513;18/02/2026;HYMAX DISTRIBUIDORA DE VEICULOS LTDA;1,73E+13;MOGI GUACU;SP;18/02/2026;24/02/2026;20/02/2026;Entregue No Prazo;;Entrega realizada;Entrega Finalizada;24;2;18;2;RISSO;26002;;;
MOBIS BRASIL FABRICACAO DE AUTO PECAS LT;RODOVIARIO;1465037;18/02/2026;10;328529;18/02/2026;URCA MOTORS VEICULOS LTDA;8,77E+12;UBERLANDIA;MG;18/02/2026;24/02/2026;20/02/2026;Entregue No Prazo;;Entrega realizada;Entrega Finalizada;24;2;18;2;XD BETIM;9014;;;
MOBIS BRASIL FABRICACAO DE AUTO PECAS LT;RODOVIARIO;1465052;18/02/2026;1;328531;18/02/2026;BARI VEICULOS LTDA;7,46E+12;SAO JOSE DOS PINHAIS;PR;18/02/2026;24/02/2026;20/02/2026;Entregue No Prazo;;Entrega realizada;Entrega Finalizada;24;2;18;2;BAUER;18024;;;
MOBIS BRASIL FABRICACAO DE AUTO PECAS LT;RODOVIARIO;1465051;18/02/2026;1;328532;18/02/2026;BARI VEICULOS LTDA;7,46E+12;PONTA GROSSA;PR;18/02/2026;24/02/2026;20/02/2026;Entregue No Prazo;;Entrega realizada;Entrega Finalizada;24;2;18;2;BAUER;18024;;;
MOBIS BRASIL FABRICACAO DE AUTO PECAS LT;RODOVIARIO;1465070;18/02/2026;3;328534;18/02/2026;BARI VEICULOS LTDA.;7,46E+12;ITAJAI;SC;18/02/2026;24/02/2026;20/02/2026;Entregue No Prazo;;Entrega realizada;Entrega Finalizada;24;2;18;2;BAUER;24014;;;
MOBIS BRASIL FABRICACAO DE AUTO PECAS LT;RODOVIARIO;1465071;18/02/2026;5;328537;18/02/2026;GAMBATTO H1 VEICULOS LTDA;1,94E+13;CHAPECO;SC;18/02/2026;25/02/2026;20/02/2026;Entregue No Prazo;;Entrega realizada;Entrega Finalizada;25;2;18;2;BAUER;24018;;;
MOBIS BRASIL FABRICACAO DE AUTO PECAS LT;RODOVIARIO;1465069;18/02/2026;1;328542;18/02/2026;LR COMERCIO DE VEICULOS LTDA;1,05E+13;SAO JOSE;SC;18/02/2026;25/02/2026;20/02/2026;Entregue No Prazo;;Entrega realizada;Entrega Finalizada;25;2;18;2;BAUER;24007;;;
MOBIS BRASIL FABRICACAO DE AUTO PECAS LT;RODOVIARIO;1465919;19/02/2026;12;328730;19/02/2026;BILLY DISTRIBUIDORA DE VEICULOS LTDA;1,34E+13;BARUERI;SP;19/02/2026;23/02/2026;20/02/2026;Entregue No Prazo;;Entrega realizada;Entrega Finalizada;23;2;19;2;RISSO;26003;;;
MOBIS BRASIL FABRICACAO DE AUTO PECAS LT;RODOVIARIO;1465937;19/02/2026;2;328744;19/02/2026;GRANDAY AUTOMOTORES LTDA (CHAC. CALIFOR);1,57E+13;SAO PAULO;SP;19/02/2026;23/02/2026;20/02/2026;Entregue No Prazo;;Entrega realizada;Entrega Finalizada;23;2;19;2;RISSO;26090;;;
MOBIS BRASIL FABRICACAO DE AUTO PECAS LT;RODOVIARIO;1465923;19/02/2026;29;328729;19/02/2026;ANDRETA II DISTRIBUIDORA DE VEIC. LTDA;9,10E+12;CAMPINAS;SP;19/02/2026;24/02/2026;20/02/2026;Entregue No Prazo;;Entrega realizada;Entrega Finalizada;24;2;19;2;RISSO;26011;;;
MOBIS BRASIL FABRICACAO DE AUTO PECAS LT;RODOVIARIO;1465932;19/02/2026;1;328734;19/02/2026;CAOA MOTOR DO BRASIL LTDA;1,68E+13;SAO JOSE DOS CAMPOS;SP;19/02/2026;24/02/2026;20/02/2026;Entregue No Prazo;;Entrega realizada;Entrega Finalizada;24;2;19;2;RISSO;5008;;;
MOBIS BRASIL FABRICACAO DE AUTO PECAS LT;RODOVIARIO;1465922;19/02/2026;10;328740;19/02/2026;DHC COMERCIO DE VEICULOS E PECAS LTDA;9,52E+12;BAURU;SP;19/02/2026;24/02/2026;20/02/2026;Entregue No Prazo;;Entrega realizada;Entrega Finalizada;24;2;19;2;RISSO;26010;;;
MOBIS BRASIL FABRICACAO DE AUTO PECAS LT;RODOVIARIO;1465939;19/02/2026;3;328746;19/02/2026;H - CAMINHO AUTOMOVEIS LTDA;2,53E+13;LIMEIRA;SP;19/02/2026;24/02/2026;20/02/2026;Entregue No Prazo;;Entrega realizada;Entrega Finalizada;24;2;19;2;RISSO;26092;;;
MOBIS BRASIL FABRICACAO DE AUTO PECAS LT;RODOVIARIO;1465935;19/02/2026;1;328741;19/02/2026;DHC COMERCIO DE VEICULOS E PECAS LTDA;9,52E+12;JAU;SP;19/02/2026;25/02/2026;20/02/2026;Entregue No Prazo;;Entrega realizada;Entrega Finalizada;25;2;19;2;RISSO;26010;;;
MOBIS BRASIL FABRICACAO DE AUTO PECAS LT;RODOVIARIO;1461979;10/02/2026;3;327678;10/02/2026;ULSAN COMERCIO DE VEICULOS LTDA;2,10E+13;RIO BRANCO;AC;10/02/2026;27/02/2026;21/02/2026;Entregue No Prazo;;Entrega realizada;Entrega Finalizada;27;2;10;2;CARVALIMA;21004;;;
MOBIS BRASIL FABRICACAO DE AUTO PECAS LT;RODOVIARIO;1463121;11/02/2026;3;327855;11/02/2026;ULSAN COMERCIO DE VEICULOS LTDA;2,10E+13;RIO BRANCO;AC;11/02/2026;02/03/2026;21/02/2026;Entregue No Prazo;;Entrega realizada;Entrega Finalizada;2;3;11;2;CARVALIMA;21004;;;
MOBIS BRASIL FABRICACAO DE AUTO PECAS LT;RODOVIARIO;1463774;12/02/2026;1;328005;12/02/2026;SAGA ASIA COM. DE VEIC.PC.E SERV. LTDA;2,14E+13;PORTO VELHO;RO;12/02/2026;26/02/2026;21/02/2026;Entregue No Prazo;;Entrega realizada;Entrega Finalizada;26;2;12;2;CARVALIMA;21003;;;
MOBIS BRASIL FABRICACAO DE AUTO PECAS LT;RODOVIARIO;1464493;13/02/2026;2;328259;13/02/2026;COMETA MATO GROSSO COM. DE VEICULOS LTDA;1,54E+13;SINOP;MT;13/02/2026;25/02/2026;21/02/2026;Entregue No Prazo;;Entrega realizada;Entrega Finalizada;25;2;13;2;CARVALIMA;13003;;;
MOBIS BRASIL FABRICACAO DE AUTO PECAS LT;RODOVIARIO;1458235;03/02/2026;1;326997;03/02/2026;CHS MOTORS VEICULOS PECAS E SERV.  LTDA;1,69E+13;SAO PAULO;SP;03/02/2026;05/02/2026;23/02/2026;Entregue Fora do Prazo;Recusa;31/03 Solicitado retorno para o XD Diadema;Entrega Finalizada;5;2;3;2;ALFA;26108;;;
MOBIS BRASIL FABRICACAO DE AUTO PECAS LT;RODOVIARIO;1458114;03/02/2026;2;326997;03/02/2026;CHS MOTORS VEICULOS PECAS E SERV.  LTDA;1,69E+13;SAO PAULO;SP;03/02/2026;05/02/2026;23/02/2026;Entregue Fora do Prazo;Recusa;31/03 Solicitado retorno para o XD Diadema;Entrega Finalizada;5;2;3;2;ALFA;26108;;;
MOBIS BRASIL FABRICACAO DE AUTO PECAS LT;RODOVIARIO;1461990;10/02/2026;1;327673;10/02/2026;PATEO COMERCIO DE VEICULOS S A;7,78E+12;SAO LUIS;MA;10/02/2026;25/02/2026;23/02/2026;Entregue No Prazo;;Entrega realizada;Entrega Finalizada;25;2;10;2;TERMACO;10002;;;
MOBIS BRASIL FABRICACAO DE AUTO PECAS LT;RODOVIARIO;1461999;10/02/2026;2;327665;10/02/2026;GREEN CITY VEICULOS LTDA;2,10E+13;TERESINA;PI;10/02/2026;26/02/2026;23/02/2026;Entregue No Prazo;;Entrega realizada;Entrega Finalizada;26;2;10;2;TERMACO;17002;;;
MOBIS BRASIL FABRICACAO DE AUTO PECAS LT;RODOVIARIO;1462000;10/02/2026;1;327676;10/02/2026;SAINT LAND COMERCIO DE VEICULOS LTDA;1,04E+13;NATAL;RN;10/02/2026;25/02/2026;23/02/2026;Entregue No Prazo;;Entrega realizada;Entrega Finalizada;25;2;10;2;TERMACO;6010;;;
MOBIS BRASIL FABRICACAO DE AUTO PECAS LT;RODOVIARIO;1463160;11/02/2026;2;327844;11/02/2026;PATEO COMERCIO DE VEICULOS S A;7,78E+12;RECIFE;PE;11/02/2026;26/02/2026;23/02/2026;Entregue No Prazo;;Entrega realizada;Entrega Finalizada;26;2;11;2;TERMACO;16004;;;
MOBIS BRASIL FABRICACAO DE AUTO PECAS LT;RODOVIARIO;1463122;11/02/2026;5;327830;11/02/2026;CYCOSA AUTOMOVEIS LTDA;4,76E+12;MACEIO;AL;11/02/2026;25/02/2026;23/02/2026;Entregue No Prazo;;Entrega realizada;Entrega Finalizada;25;2;11;2;TERMACO;2001;;;
MOBIS BRASIL FABRICACAO DE AUTO PECAS LT;RODOVIARIO;1463175;11/02/2026;3;327852;11/02/2026;SEVEL VEICULOS LTDA;1,07E+13;ARACAJU;SE;11/02/2026;24/02/2026;23/02/2026;Entregue No Prazo;;Entrega realizada;Entrega Finalizada;24;2;11;2;TERMACO;25001;;;
MOBIS BRASIL FABRICACAO DE AUTO PECAS LT;RODOVIARIO;1463136;11/02/2026;3;327848;11/02/2026;PRIME CACHOEIRO VEICULOS LTDA;9,34E+12;LINHARES;ES;11/02/2026;19/02/2026;23/02/2026;Entregue No Prazo;;Entrega realizada;Entrega Finalizada;19;2;11;2;CAMILO;8004;;;
MOBIS BRASIL FABRICACAO DE AUTO PECAS LT;RODOVIARIO;1463173;11/02/2026;7;327842;11/02/2026;ORIENTE AUTOMOVEIS LTDA;1,33E+13;PARNAMIRIM;RN;11/02/2026;27/02/2026;23/02/2026;Entregue No Prazo;;Entrega realizada;Entrega Finalizada;27;2;11;2;TERMACO;20001;;;
MOBIS BRASIL FABRICACAO DE AUTO PECAS LT;RODOVIARIO;1463126;11/02/2026;1;327847;11/02/2026;PATEO COMERCIO DE VEICULOS S A;7,78E+12;FEIRA DE SANTANA;BA;11/02/2026;26/02/2026;23/02/2026;Entregue No Prazo;;Entrega realizada;Entrega Finalizada;26;2;11;2;TERMACO;5009;;;
MOBIS BRASIL FABRICACAO DE AUTO PECAS LT;RODOVIARIO;1463145;11/02/2026;1;327789;11/02/2026;CONCESSIONARIA NAGOYA MOTOS E VEIC. LTDA;8,74E+12;UBA;MG;11/02/2026;18/02/2026;23/02/2026;Entregue No Prazo;;Entrega realizada;Entrega Finalizada;18;2;11;2;XD BETIM;11004;;;
MOBIS BRASIL FABRICACAO DE AUTO PECAS LT;RODOVIARIO;1463197;11/02/2026;1;327774;11/02/2026;DESTAQUE SEUL DISTR DE VEIC PEC LTDA;2,12E+13;CARAGUATATUBA;SP;11/02/2026;17/02/2026;23/02/2026;Entregue No Prazo;;Entrega realizada;Entrega Finalizada;17;2;11;2;RISSO;26082;;;
MOBIS BRASIL FABRICACAO DE AUTO PECAS LT;RODOVIARIO;1463731;12/02/2026;10;327990;12/02/2026;CYCOSA AUTOMOVEIS LTDA;4,76E+12;MACEIO;AL;12/02/2026;26/02/2026;23/02/2026;Entregue No Prazo;;Entrega realizada;Entrega Finalizada;26;2;12;2;TERMACO;2001;;;
MOBIS BRASIL FABRICACAO DE AUTO PECAS LT;RODOVIARIO;1463754;12/02/2026;1;327982;12/02/2026;CAOA MOTOR DO BRASIL LTDA;1,68E+13;CAMPINA GRANDE;PB;12/02/2026;02/03/2026;23/02/2026;Entregue No Prazo;;Entrega realizada;Entrega Finalizada;2;3;12;2;TERMACO;5008;;;
MOBIS BRASIL FABRICACAO DE AUTO PECAS LT;RODOVIARIO;1463757;12/02/2026;2;328001;12/02/2026;PATEO COMERCIO DE VEICULOS S A;7,78E+12;RECIFE;PE;12/02/2026;27/02/2026;23/02/2026;Entregue No Prazo;;Entrega realizada;Entrega Finalizada;27;2;12;2;TERMACO;16004;;;
MOBIS BRASIL FABRICACAO DE AUTO PECAS LT;RODOVIARIO;1463758;12/02/2026;4;327983;12/02/2026;CAOA MOTOR DO BRASIL LTDA;1,68E+13;RECIFE;PE;12/02/2026;27/02/2026;23/02/2026;Entregue No Prazo;;Entrega realizada;Entrega Finalizada;27;2;12;2;TERMACO;5008;;;
MOBIS BRASIL FABRICACAO DE AUTO PECAS LT;RODOVIARIO;1463762;12/02/2026;2;328002;12/02/2026;PATEO COMERCIO DE VEICULOS S A;7,78E+12;JABOATAO DOS GUARARAPES;PE;12/02/2026;02/03/2026;23/02/2026;Entregue No Prazo;;Entrega realizada;Entrega Finalizada;2;3;12;2;TERMACO;16011;;;
MOBIS BRASIL FABRICACAO DE AUTO PECAS LT;RODOVIARIO;1463771;12/02/2026;10;328006;12/02/2026;SAINT LAND COMERCIO DE VEICULOS LTDA;1,04E+13;NATAL;RN;12/02/2026;27/02/2026;23/02/2026;Entregue No Prazo;;Entrega realizada;Entrega Finalizada;27;2;12;2;TERMACO;6010;;;
MOBIS BRASIL FABRICACAO DE AUTO PECAS LT;RODOVIARIO;1463772;12/02/2026;5;328006;12/02/2026;SAINT LAND COMERCIO DE VEICULOS LTDA;1,04E+13;NATAL;RN;12/02/2026;27/02/2026;23/02/2026;Entregue No Prazo;;Entrega realizada;Entrega Finalizada;27;2;12;2;TERMACO;6010;;;
MOBIS BRASIL FABRICACAO DE AUTO PECAS LT;RODOVIARIO;1464614;13/02/2026;1;328233;13/02/2026;BARI VEICULOS LTDA.;7,46E+12;JOINVILLE;SC;13/02/2026;19/02/2026;23/02/2026;Entregue No Prazo;;Entrega realizada;Entrega Finalizada;19;2;13;2;BAUER;24013;;;
MOBIS BRASIL FABRICACAO DE AUTO PECAS LT;RODOVIARIO;1464516;13/02/2026;3;328250;13/02/2026;CAOA MOTOR DO BRASIL LTDA;1,68E+13;RIO DE JANEIRO;RJ;13/02/2026;19/02/2026;23/02/2026;Entregue No Prazo;;Entrega realizada;Entrega Finalizada;19;2;13;2;CAMILO;5008;;;
MOBIS BRASIL FABRICACAO DE AUTO PECAS LT;RODOVIARIO;1464513;13/02/2026;2;328253;13/02/2026;CAOA MOTOR DO BRASIL LTDA;1,68E+13;RIO DE JANEIRO;RJ;13/02/2026;19/02/2026;23/02/2026;Entregue No Prazo;;Entrega realizada;Entrega Finalizada;19;2;13;2;CAMILO;5008;;;
MOBIS BRASIL FABRICACAO DE AUTO PECAS LT;RODOVIARIO;1464521;13/02/2026;1;328254;13/02/2026;CAOA MOTOR DO BRASIL LTDA;1,68E+13;RIO DE JANEIRO;RJ;13/02/2026;19/02/2026;23/02/2026;Entregue No Prazo;;Entrega realizada;Entrega Finalizada;19;2;13;2;CAMILO;5008;;;
MOBIS BRASIL FABRICACAO DE AUTO PECAS LT;RODOVIARIO;1464515;13/02/2026;1;328269;13/02/2026;ITAVEMA MOTORS VEICULOS LTDA;7,73E+12;RIO DE JANEIRO;RJ;13/02/2026;19/02/2026;23/02/2026;Entregue No Prazo;;Entrega realizada;Entrega Finalizada;19;2;13;2;CAMILO;19001;;;
MOBIS BRASIL FABRICACAO DE AUTO PECAS LT;RODOVIARIO;1464514;13/02/2026;2;328269;13/02/2026;ITAVEMA MOTORS VEICULOS LTDA;7,73E+12;RIO DE JANEIRO;RJ;13/02/2026;19/02/2026;23/02/2026;Entregue No Prazo;;Entrega realizada;Entrega Finalizada;19;2;13;2;CAMILO;19001;;;
MOBIS BRASIL FABRICACAO DE AUTO PECAS LT;RODOVIARIO;1464532;13/02/2026;2;328225;13/02/2026;ATUAL VEICULOS LTDA;1,33E+13;TUBARAO;SC;13/02/2026;20/02/2026;23/02/2026;Entregue Fora do Prazo;;Entrega realizada;Entrega Finalizada;20;2;13;2;BAUER;24001;;;
MOBIS BRASIL FABRICACAO DE AUTO PECAS LT;RODOVIARIO;1464531;13/02/2026;1;328226;13/02/2026;ATUAL VEICULOS LTDA;1,33E+13;CRICIUMA;SC;13/02/2026;20/02/2026;23/02/2026;Entregue No Prazo;;Entrega realizada;Entrega Finalizada;20;2;13;2;BAUER;24001;;;
MOBIS BRASIL FABRICACAO DE AUTO PECAS LT;RODOVIARIO;1464473;13/02/2026;1;328284;13/02/2026;TAI MOTORS VEICULOS S/A;9,27E+12;VITORIA;ES;13/02/2026;20/02/2026;23/02/2026;Entregue No Prazo;;Entrega realizada;Entrega Finalizada;20;2;13;2;CAMILO;8002;;;
MOBIS BRASIL FABRICACAO DE AUTO PECAS LT;RODOVIARIO;1464472;13/02/2026;5;328285;13/02/2026;VIA BRASIL AUTOMOVEIS LTDA.;4,72E+12;SERRA;ES;13/02/2026;20/02/2026;23/02/2026;Entregue No Prazo;;Entrega realizada;Entrega Finalizada;20;2;13;2;CAMILO;8001;;;
MOBIS BRASIL FABRICACAO DE AUTO PECAS LT;RODOVIARIO;1464474;13/02/2026;3;328279;13/02/2026;PRIME CACHOEIRO VEICULOS LTDA EPP;9,34E+12;CACHOEIRO DE ITAPEMIRIM;ES;13/02/2026;23/02/2026;23/02/2026;Entregue No Prazo;;Entrega realizada;Entrega Finalizada;23;2;13;2;CAMILO;8003;;;
MOBIS BRASIL FABRICACAO DE AUTO PECAS LT;RODOVIARIO;1464479;13/02/2026;1;328220;13/02/2026;TRIAUTO KOREA AUTOMOVEIS LTDA;4,99E+13;CATALAO;GO;13/02/2026;27/02/2026;23/02/2026;Entregue No Prazo;;Entrega realizada;Entrega Finalizada;27;2;13;2;RIO VERMELHO;9018;;;
MOBIS BRASIL FABRICACAO DE AUTO PECAS LT;RODOVIARIO;1465096;18/02/2026;2;328499;18/02/2026;BILLY DISTRIBUIDORA DE VEICULOS LTDA;1,34E+13;SAO CAETANO DO SUL;SP;18/02/2026;20/02/2026;23/02/2026;Entregue No Prazo;;Entrega realizada;Entrega Finalizada;20;2;18;2;RISSO;26003;;;
MOBIS BRASIL FABRICACAO DE AUTO PECAS LT;RODOVIARIO;1465095;18/02/2026;45;328499;18/02/2026;BILLY DISTRIBUIDORA DE VEICULOS LTDA;1,34E+13;SAO CAETANO DO SUL;SP;18/02/2026;20/02/2026;23/02/2026;Entregue No Prazo;;Entrega realizada;Entrega Finalizada;20;2;18;2;RISSO;26003;;;
MOBIS BRASIL FABRICACAO DE AUTO PECAS LT;RODOVIARIO;1465082;18/02/2026;8;328504;18/02/2026;CHS MOTORS VEICULOS PECAS E SERV. LTDA.;1,69E+13;SAO PAULO;SP;18/02/2026;20/02/2026;23/02/2026;Entregue No Prazo;;Entrega realizada;Entrega Finalizada;20;2;18;2;RISSO;26036;;;
MOBIS BRASIL FABRICACAO DE AUTO PECAS LT;RODOVIARIO;1465080;18/02/2026;7;328515;18/02/2026;NEW VEICULOS E PECAS LTDA;1,59E+13;RIBEIRAO PRETO;SP;18/02/2026;23/02/2026;23/02/2026;Entregue No Prazo;;Entrega realizada;Entrega Finalizada;23;2;18;2;RISSO;26014;;;
MOBIS BRASIL FABRICACAO DE AUTO PECAS LT;RODOVIARIO;1465050;18/02/2026;10;328545;18/02/2026;SEVEC VEICULOS LTDA;5,68E+11;CURITIBA;PR;18/02/2026;23/02/2026;23/02/2026;Entregue No Prazo;;Entrega realizada;Entrega Finalizada;23;2;18;2;BAUER;18012;;;
MOBIS BRASIL FABRICACAO DE AUTO PECAS LT;RODOVIARIO;1465085;18/02/2026;7;328512;18/02/2026;H R B COMERCIO DE VEICULOS LTDA;1,82E+13;SAO JOSE DO RIO PRETO;SP;18/02/2026;24/02/2026;23/02/2026;Entregue No Prazo;;Entrega realizada;Entrega Finalizada;24;2;18;2;RISSO;26050;;;
MOBIS BRASIL FABRICACAO DE AUTO PECAS LT;RODOVIARIO;1465084;18/02/2026;2;328512;18/02/2026;H R B COMERCIO DE VEICULOS LTDA;1,82E+13;SAO JOSE DO RIO PRETO;SP;18/02/2026;24/02/2026;23/02/2026;Entregue No Prazo;;Entrega realizada;Entrega Finalizada;24;2;18;2;RISSO;26050;;;
MOBIS BRASIL FABRICACAO DE AUTO PECAS LT;RODOVIARIO;1465101;18/02/2026;3;328548;18/02/2026;AMX COM. E SERVICOS DE AUTOMOTORES LTDA;1,20E+13;RIO DE JANEIRO;RJ;18/02/2026;24/02/2026;23/02/2026;Entregue No Prazo;;Entrega realizada;Entrega Finalizada;24;2;18;2;CAMILO;19009;;;
MOBIS BRASIL FABRICACAO DE AUTO PECAS LT;RODOVIARIO;1465059;18/02/2026;1;328550;18/02/2026;CAOA MOTOR DO BRASIL LTDA;1,68E+13;RIO DE JANEIRO;RJ;18/02/2026;24/02/2026;23/02/2026;Entregue No Prazo;;Entrega realizada;Entrega Finalizada;24;2;18;2;CAMILO;5008;;;
MOBIS BRASIL FABRICACAO DE AUTO PECAS LT;RODOVIARIO;1465060;18/02/2026;1;328552;18/02/2026;CAOA MOTOR DO BRASIL LTDA;1,68E+13;RIO DE JANEIRO;RJ;18/02/2026;24/02/2026;23/02/2026;Entregue No Prazo;;Entrega realizada;Entrega Finalizada;24;2;18;2;CAMILO;5008;;;
MOBIS BRASIL FABRICACAO DE AUTO PECAS LT;RODOVIARIO;1465056;18/02/2026;3;328554;18/02/2026;CAOA MOTOR DO BRASIL LTDA;1,68E+13;RIO DE JANEIRO;RJ;18/02/2026;24/02/2026;23/02/2026;Entregue No Prazo;;Entrega realizada;Entrega Finalizada;24;2;18;2;CAMILO;5008;;;
MOBIS BRASIL FABRICACAO DE AUTO PECAS LT;RODOVIARIO;1465053;18/02/2026;2;328559;18/02/2026;ITAVEMA MOTORS VEICULOS LTDA;7,73E+12;DUQUE DE CAXIAS;RJ;18/02/2026;24/02/2026;23/02/2026;Entregue No Prazo;;Entrega realizada;Entrega Finalizada;24;2;18;2;CAMILO;19001;;;
MOBIS BRASIL FABRICACAO DE AUTO PECAS LT;RODOVIARIO;1465055;18/02/2026;1;328560;18/02/2026;ITAVEMA MOTORS VEICULOS LTDA;7,73E+12;RIO DE JANEIRO;RJ;18/02/2026;24/02/2026;23/02/2026;Entregue No Prazo;;Entrega realizada;Entrega Finalizada;24;2;18;2;CAMILO;19001;;;
MOBIS BRASIL FABRICACAO DE AUTO PECAS LT;RODOVIARIO;1465141;18/02/2026;1;328518;18/02/2026;CONCESSIONARIA NAGOYA MOTOS E VEIC. LTDA;8,74E+12;UBA;MG;18/02/2026;25/02/2026;23/02/2026;Entregue No Prazo;;Entrega realizada;Entrega Finalizada;25;2;18;2;XD BETIM;11004;;;
MOBIS BRASIL FABRICACAO DE AUTO PECAS LT;RODOVIARIO;1465038;18/02/2026;1;328528;18/02/2026;TOKSU COMERCIO DE VEICULOS LTDA;1,12E+13;BARBACENA;MG;18/02/2026;25/02/2026;23/02/2026;Entregue No Prazo;;Entrega realizada;Entrega Finalizada;25;2;18;2;XD BETIM;11008;;;
MOBIS BRASIL FABRICACAO DE AUTO PECAS LT;RODOVIARIO;1465102;18/02/2026;3;328544;18/02/2026;SANTA FE VEICULOS LTDA.;1,16E+13;FRANCISCO BELTRAO;PR;18/02/2026;25/02/2026;23/02/2026;Entregue No Prazo;;Entrega realizada;Entrega Finalizada;25;2;18;2;BAUER;18010;;;
MOBIS BRASIL FABRICACAO DE AUTO PECAS LT;RODOVIARIO;1465072;18/02/2026;1;328535;18/02/2026;CHINHAN AUTOMOVEIS LTDA;2,41E+13;CONCORDIA;SC;18/02/2026;26/02/2026;23/02/2026;Entregue No Prazo;;Entrega realizada;Entrega Finalizada;26;2;18;2;BAUER;23019;;;
MOBIS BRASIL FABRICACAO DE AUTO PECAS LT;RODOVIARIO;1465067;18/02/2026;2;328543;18/02/2026;NAZARETH VEICULOS LTDA;9,30E+12;IJUI;RS;18/02/2026;26/02/2026;23/02/2026;Entregue No Prazo;;Entrega realizada;Entrega Finalizada;26;2;18;2;BAUER;23021;;;
MOBIS BRASIL FABRICACAO DE AUTO PECAS LT;RODOVIARIO;1465042;18/02/2026;2;328574;18/02/2026;ULSAN COMERCIO DE VEICULOS LTDA.;2,10E+13;CAMPO GRANDE;MS;18/02/2026;26/02/2026;23/02/2026;Entregue No Prazo;;Entrega realizada;Entrega Finalizada;26;2;18;2;CARVALIMA;12004;;;
MOBIS BRASIL FABRICACAO DE AUTO PECAS LT;RODOVIARIO;1465043;18/02/2026;78;328569;18/02/2026;SAGA ASIA COM. DE VEIC.PC.E SERV. LTDA;2,23E+13;VARZEA GRANDE;MT;18/02/2026;27/02/2026;23/02/2026;Entregue No Prazo;;Entrega realizada;Entrega Finalizada;27;2;18;2;CARVALIMA;13004;;;
MOBIS BRASIL FABRICACAO DE AUTO PECAS LT;RODOVIARIO;1465044;18/02/2026;3;328555;18/02/2026;COMETA MATO GROSSO COM. DE VEICULOS LTDA;1,54E+13;RONDONOPOLIS;MT;18/02/2026;02/03/2026;23/02/2026;Entregue No Prazo;;Entrega realizada;Entrega Finalizada;2;3;18;2;CARVALIMA;13006;;;
MOBIS BRASIL FABRICACAO DE AUTO PECAS LT;RODOVIARIO;1465976;19/02/2026;85;328731;19/02/2026;BILLY DISTRIBUIDORA DE VEICULOS LTDA;1,34E+13;SAO CAETANO DO SUL;SP;19/02/2026;23/02/2026;23/02/2026;Entregue No Prazo;;Entrega realizada;Entrega Finalizada;23;2;19;2;RISSO;26003;;;
MOBIS BRASIL FABRICACAO DE AUTO PECAS LT;RODOVIARIO;1465975;19/02/2026;3;328731;19/02/2026;BILLY DISTRIBUIDORA DE VEICULOS LTDA;1,34E+13;SAO CAETANO DO SUL;SP;19/02/2026;23/02/2026;23/02/2026;Entregue No Prazo;;Entrega realizada;Entrega Finalizada;23;2;19;2;RISSO;26003;;;
MOBIS BRASIL FABRICACAO DE AUTO PECAS LT;RODOVIARIO;1465938;19/02/2026;1;328735;19/02/2026;CAOA MOTOR DO BRASIL LTDA (INDIANOPOLIS);1,68E+13;SAO PAULO;SP;19/02/2026;23/02/2026;23/02/2026;Entregue No Prazo;;Entrega realizada;Entrega Finalizada;23;2;19;2;RISSO;26091;;;
MOBIS BRASIL FABRICACAO DE AUTO PECAS LT;RODOVIARIO;1465941;19/02/2026;1;328736;19/02/2026;CHS MOTORS VEICULOS PECAS E SERV. LTDA;1,69E+13;OSASCO;SP;19/02/2026;23/02/2026;23/02/2026;Entregue No Prazo;;Entrega realizada;Entrega Finalizada;23;2;19;2;RISSO;26106;;;
MOBIS BRASIL FABRICACAO DE AUTO PECAS LT;RODOVIARIO;1465927;19/02/2026;1;328737;19/02/2026;CHS MOTORS VEICULOS PECAS E SERV LTDA  ;1,69E+13;SAO PAULO;SP;19/02/2026;23/02/2026;23/02/2026;Entregue No Prazo;;Entrega realizada;Entrega Finalizada;23;2;19;2;RISSO;26037;;;
MOBIS BRASIL FABRICACAO DE AUTO PECAS LT;RODOVIARIO;1465977;19/02/2026;14;328738;19/02/2026;CHS MOTORS VEICULOS PECAS(VL. GUILHERME);1,69E+13;SAO PAULO;SP;19/02/2026;23/02/2026;23/02/2026;Entregue No Prazo;;Entrega realizada;Entrega Finalizada;23;2;19;2;RISSO;26052;;;
MOBIS BRASIL FABRICACAO DE AUTO PECAS LT;RODOVIARIO;1465921;19/02/2026;1;328742;19/02/2026;GRAND SPORT COM. DE VEIC. E PECAS LTDA;8,58E+12;GUARULHOS;SP;19/02/2026;23/02/2026;23/02/2026;Entregue No Prazo;;Entrega realizada;Entrega Finalizada;23;2;19;2;RISSO;26005;;;
MOBIS BRASIL FABRICACAO DE AUTO PECAS LT;RODOVIARIO;1465926;19/02/2026;12;328743;19/02/2026;GRAND SPORT COM. DE VEIC. E PECAS LTDA;8,58E+12;SAO PAULO;SP;19/02/2026;23/02/2026;23/02/2026;Entregue No Prazo;;Entrega realizada;Entrega Finalizada;23;2;19;2;RISSO;26034;;;
MOBIS BRASIL FABRICACAO DE AUTO PECAS LT;RODOVIARIO;1465920;19/02/2026;1;328752;19/02/2026;NOBRE DISTRIBUIDORA DE VEICULOS E PECAS;5,76E+12;MOGI DAS CRUZES;SP;19/02/2026;23/02/2026;23/02/2026;Entregue No Prazo;;Entrega realizada;Entrega Finalizada;23;2;19;2;RISSO;26004;;;
MOBIS BRASIL FABRICACAO DE AUTO PECAS LT;RODOVIARIO;1465936;19/02/2026;2;328733;19/02/2026;CAOA MOTOR DO BRASIL LTDA;1,68E+13;SANTOS;SP;19/02/2026;24/02/2026;23/02/2026;Entregue No Prazo;;Entrega realizada;Entrega Finalizada;24;2;19;2;RISSO;5008;;;
MOBIS BRASIL FABRICACAO DE AUTO PECAS LT;RODOVIARIO;1465934;19/02/2026;1;328739;19/02/2026;DESTAQUE SEUL DISTR. DE VEIC. E PC. LTDA;2,12E+13;ATIBAIA;SP;19/02/2026;24/02/2026;23/02/2026;Entregue No Prazo;;Entrega realizada;Entrega Finalizada;24;2;19;2;RISSO;26075;;;
MOBIS BRASIL FABRICACAO DE AUTO PECAS LT;RODOVIARIO;1465925;19/02/2026;29;328750;19/02/2026;NEW VEICULOS E PECAS LTDA;1,59E+13;RIBEIRAO PRETO;SP;19/02/2026;24/02/2026;23/02/2026;Entregue No Prazo;;Entrega realizada;Entrega Finalizada;24;2;19;2;RISSO;26014;;;
MOBIS BRASIL FABRICACAO DE AUTO PECAS LT;RODOVIARIO;1465894;19/02/2026;1;328779;19/02/2026;BARI VEICULOS LTDA;7,46E+12;CURITIBA;PR;19/02/2026;24/02/2026;23/02/2026;Entregue No Prazo;;Entrega realizada;Entrega Finalizada;24;2;19;2;BAUER;18024;;;
MOBIS BRASIL FABRICACAO DE AUTO PECAS LT;RODOVIARIO;1465968;19/02/2026;2;328782;19/02/2026;BARI VEICULOS LTDA.;7,46E+12;CURITIBA;PR;19/02/2026;24/02/2026;23/02/2026;Entregue No Prazo;;Entrega realizada;Entrega Finalizada;24;2;19;2;BAUER;18029;;;
MOBIS BRASIL FABRICACAO DE AUTO PECAS LT;RODOVIARIO;1465890;19/02/2026;3;328795;19/02/2026;SEVEC VEICULOS LTDA;5,68E+11;CURITIBA;PR;19/02/2026;24/02/2026;23/02/2026;Entregue No Prazo;;Entrega realizada;Entrega Finalizada;24;2;19;2;BAUER;18012;;;
MOBIS BRASIL FABRICACAO DE AUTO PECAS LT;RODOVIARIO;1465940;19/02/2026;1;328745;19/02/2026;H - CAMINHO AUTOMOVEIS LTDA;2,53E+13;CATANDUVA;SP;19/02/2026;25/02/2026;23/02/2026;Entregue No Prazo;;Entrega realizada;Entrega Finalizada;25;2;19;2;RISSO;26092;;;
MOBIS BRASIL FABRICACAO DE AUTO PECAS LT;RODOVIARIO;1465929;19/02/2026;3;328747;19/02/2026;H R B COMERCIO DE VEICULOS LTDA;1,82E+13;SAO JOSE DO RIO PRETO;SP;19/02/2026;25/02/2026;23/02/2026;Entregue No Prazo;;Entrega realizada;Entrega Finalizada;25;2;19;2;RISSO;26050;;;
MOBIS BRASIL FABRICACAO DE AUTO PECAS LT;RODOVIARIO;1465930;19/02/2026;22;328747;19/02/2026;H R B COMERCIO DE VEICULOS LTDA;1,82E+13;SAO JOSE DO RIO PRETO;SP;19/02/2026;25/02/2026;23/02/2026;Entregue No Prazo;;Entrega realizada;Entrega Finalizada;25;2;19;2;RISSO;26050;;;
MOBIS BRASIL FABRICACAO DE AUTO PECAS LT;RODOVIARIO;1465933;19/02/2026;1;328751;19/02/2026;NEW VEICULOS E PECAS LTDA.;1,59E+13;ARARAQUARA;SP;19/02/2026;25/02/2026;23/02/2026;Entregue No Prazo;;Entrega realizada;Entrega Finalizada;25;2;19;2;RISSO;26071;;;
MOBIS BRASIL FABRICACAO DE AUTO PECAS LT;RODOVIARIO;1465858;19/02/2026;4;328766;19/02/2026;TOKSU COMERCIO DE VEICULOS LTDA;1,12E+13;JUIZ DE FORA;MG;19/02/2026;25/02/2026;23/02/2026;Entregue No Prazo;;Entrega realizada;Entrega Finalizada;25;2;19;2;XD BETIM;11008;;;
MOBIS BRASIL FABRICACAO DE AUTO PECAS LT;RODOVIARIO;1465854;19/02/2026;1;328770;19/02/2026;URCA MOTORS VEICULOS LTDA;8,77E+12;UBERLANDIA;MG;19/02/2026;25/02/2026;23/02/2026;Entregue No Prazo;;Entrega realizada;Entrega Finalizada;25;2;19;2;XD BETIM;9014;;;
MOBIS BRASIL FABRICACAO DE AUTO PECAS LT;RODOVIARIO;1465972;19/02/2026;1;328781;19/02/2026;BARI VEICULOS LTDA.;7,46E+12;JOINVILLE;SC;19/02/2026;25/02/2026;23/02/2026;Entregue No Prazo;;Entrega realizada;Entrega Finalizada;25;2;19;2;BAUER;24013;;;
MOBIS BRASIL FABRICACAO DE AUTO PECAS LT;RODOVIARIO;1465971;19/02/2026;1;328781;19/02/2026;BARI VEICULOS LTDA.;7,46E+12;JOINVILLE;SC;19/02/2026;25/02/2026;23/02/2026;Entregue No Prazo;;Entrega realizada;Entrega Finalizada;25;2;19;2;BAUER;24013;;;
MOBIS BRASIL FABRICACAO DE AUTO PECAS LT;RODOVIARIO;1465855;19/02/2026;1;328755;19/02/2026;CONCESSIONARIA NAGOYA MOTOS E VEIC. LTDA;8,74E+12;UBA;MG;19/02/2026;26/02/2026;23/02/2026;Entregue No Prazo;;Entrega realizada;Entrega Finalizada;26;2;19;2;XD BETIM;11004;;;
MOBIS BRASIL FABRICACAO DE AUTO PECAS LT;RODOVIARIO;1465856;19/02/2026;1;328767;19/02/2026;TOKSU COMERCIO DE VEICULOS LTDA;1,12E+13;BARBACENA;MG;19/02/2026;26/02/2026;23/02/2026;Entregue No Prazo;;Entrega realizada;Entrega Finalizada;26;2;19;2;XD BETIM;11008;;;
MOBIS BRASIL FABRICACAO DE AUTO PECAS LT;RODOVIARIO;1465970;19/02/2026;10;328780;19/02/2026;BARI VEICULOS LTDA;7,46E+12;BLUMENAU;SC;19/02/2026;26/02/2026;23/02/2026;Entregue No Prazo;;Entrega realizada;Entrega Finalizada;26;2;19;2;BAUER;18024;;;
MOBIS BRASIL FABRICACAO DE AUTO PECAS LT;RODOVIARIO;1465969;19/02/2026;1;328780;19/02/2026;BARI VEICULOS LTDA;7,46E+12;BLUMENAU;SC;19/02/2026;26/02/2026;23/02/2026;Entregue No Prazo;;Entrega realizada;Entrega Finalizada;26;2;19;2;BAUER;18024;;;
MOBIS BRASIL FABRICACAO DE AUTO PECAS LT;RODOVIARIO;1465916;19/02/2026;4;328789;19/02/2026;GAMBATTO H1 VEICULOS LTDA;1,94E+13;CHAPECO;SC;19/02/2026;26/02/2026;23/02/2026;Entregue No Prazo;;Entrega realizada;Entrega Finalizada;26;2;19;2;BAUER;24018;;;
MOBIS BRASIL FABRICACAO DE AUTO PECAS LT;RODOVIARIO;1465891;19/02/2026;1;328796;19/02/2026;ZENDAI VEICULOS LTDA;1,97E+13;TOLEDO;PR;19/02/2026;26/02/2026;23/02/2026;Entregue No Prazo;;Entrega realizada;Entrega Finalizada;26;2;19;2;BAUER;18016;;;
MOBIS BRASIL FABRICACAO DE AUTO PECAS LT;RODOVIARIO;1465917;19/02/2026;11;328785;19/02/2026;CHINHAN AUTOMOVEIS LTDA;2,41E+13;CONCORDIA;SC;19/02/2026;27/02/2026;23/02/2026;Entregue No Prazo;;Entrega realizada;Entrega Finalizada;27;2;19;2;BAUER;23019;;;
MOBIS BRASIL FABRICACAO DE AUTO PECAS LT;RODOVIARIO;1465911;19/02/2026;1;328786;19/02/2026;CHINHAN AUTOMOVEIS LTDA;2,41E+13;ERECHIM;RS;19/02/2026;27/02/2026;23/02/2026;Entregue No Prazo;;Entrega realizada;Entrega Finalizada;27;2;19;2;BAUER;23019;;;
MOBIS BRASIL FABRICACAO DE AUTO PECAS LT;RODOVIARIO;1466309;20/02/2026;1;328933;20/02/2026;CAOA MOTOR DO BRASIL LTDA (INDIANOPOLIS);1,68E+13;SAO PAULO;SP;20/02/2026;24/02/2026;23/02/2026;Entregue No Prazo;;Entrega realizada;Entrega Finalizada;24;2;20;2;RISSO;26091;;;
MOBIS BRASIL FABRICACAO DE AUTO PECAS LT;RODOVIARIO;1466315;20/02/2026;1;328935;20/02/2026;CHS MOTORS VEICULOS PECAS E SERV.  LTDA;1,69E+13;SAO PAULO;SP;20/02/2026;24/02/2026;23/02/2026;Entregue No Prazo;;Entrega realizada;Entrega Finalizada;24;2;20;2;RISSO;26108;;;
MOBIS BRASIL FABRICACAO DE AUTO PECAS LT;RODOVIARIO;1466314;20/02/2026;1;328936;20/02/2026;CHS MOTORS VEICULOS PECAS E SERV. LTDA;1,69E+13;OSASCO;SP;20/02/2026;24/02/2026;23/02/2026;Entregue No Prazo;;Entrega realizada;Entrega Finalizada;24;2;20;2;RISSO;26106;;;
MOBIS BRASIL FABRICACAO DE AUTO PECAS LT;RODOVIARIO;1466294;20/02/2026;1;328937;20/02/2026;CHS MOTORS VEICULOS PECAS E SERV LTDA  ;1,69E+13;SAO PAULO;SP;20/02/2026;24/02/2026;23/02/2026;Entregue No Prazo;;Entrega realizada;Entrega Finalizada;24;2;20;2;RISSO;26037;;;
MOBIS BRASIL FABRICACAO DE AUTO PECAS LT;RODOVIARIO;1466295;20/02/2026;1;328944;20/02/2026;GRANDAY AUTOMOTORES LTDA;1,57E+13;SAO PAULO;SP;20/02/2026;24/02/2026;23/02/2026;Entregue No Prazo;;Entrega realizada;Entrega Finalizada;24;2;20;2;RISSO;26041;;;
MOBIS BRASIL FABRICACAO DE AUTO PECAS LT;RODOVIARIO;1466308;20/02/2026;5;328945;20/02/2026;GRANDAY AUTOMOTORES LTDA (CHAC. CALIFOR);1,57E+13;SAO PAULO;SP;20/02/2026;24/02/2026;23/02/2026;Entregue No Prazo;;Entrega realizada;Entrega Finalizada;24;2;20;2;RISSO;26090;;;
MOBIS BRASIL FABRICACAO DE AUTO PECAS LT;RODOVIARIO;1466290;20/02/2026;2;328953;20/02/2026;NOBRE DISTRIBUIDORA DE VEICULOS E PECAS;5,76E+12;MOGI DAS CRUZES;SP;20/02/2026;24/02/2026;23/02/2026;Entregue No Prazo;;Entrega realizada;Entrega Finalizada;24;2;20;2;RISSO;26004;;;
MOBIS BRASIL FABRICACAO DE AUTO PECAS LT;RODOVIARIO;1466307;20/02/2026;5;328931;20/02/2026;CAOA MOTOR DO BRASIL LTDA;1,68E+13;SANTOS;SP;20/02/2026;25/02/2026;23/02/2026;Entregue No Prazo;;Entrega realizada;Entrega Finalizada;25;2;20;2;RISSO;5008;;;
MOBIS BRASIL FABRICACAO DE AUTO PECAS LT;RODOVIARIO;1466291;20/02/2026;14;328940;20/02/2026;DHC COMERCIO DE VEICULOS E PECAS LTDA;9,52E+12;BAURU;SP;20/02/2026;25/02/2026;23/02/2026;Entregue No Prazo;;Entrega realizada;Entrega Finalizada;25;2;20;2;RISSO;26010;;;
MOBIS BRASIL FABRICACAO DE AUTO PECAS LT;RODOVIARIO;1466293;20/02/2026;6;328951;20/02/2026;NEW VEICULOS E PECAS LTDA;1,59E+13;RIBEIRAO PRETO;SP;20/02/2026;25/02/2026;23/02/2026;Entregue No Prazo;;Entrega realizada;Entrega Finalizada;25;2;20;2;RISSO;26014;;;
MOBIS BRASIL FABRICACAO DE AUTO PECAS LT;RODOVIARIO;1466305;20/02/2026;1;328941;20/02/2026;DHC COMERCIO DE VEICULOS E PECAS LTDA;9,52E+12;BOTUCATU;SP;20/02/2026;26/02/2026;23/02/2026;Entregue No Prazo;;Entrega realizada;Entrega Finalizada;26;2;20;2;RISSO;26010;;;
MOBIS BRASIL FABRICACAO DE AUTO PECAS LT;RODOVIARIO;1466304;20/02/2026;1;328942;20/02/2026;DHC COMERCIO DE VEICULOS E PECAS LTDA;9,52E+12;JAU;SP;20/02/2026;26/02/2026;23/02/2026;Entregue No Prazo;;Entrega realizada;Entrega Finalizada;26;2;20;2;RISSO;26010;;;
MOBIS BRASIL FABRICACAO DE AUTO PECAS LT;RODOVIARIO;1466299;20/02/2026;1;328943;20/02/2026;GOLDEN MOTORS VEICULOS LTDA;3,62E+12;ARACATUBA;SP;20/02/2026;26/02/2026;23/02/2026;Entregue No Prazo;;Entrega realizada;Entrega Finalizada;26;2;20;2;RISSO;12001;;;
MOBIS BRASIL FABRICACAO DE AUTO PECAS LT;RODOVIARIO;1466297;20/02/2026;7;328948;20/02/2026;H R B COMERCIO DE VEICULOS LTDA;1,82E+13;SAO JOSE DO RIO PRETO;SP;20/02/2026;26/02/2026;23/02/2026;Entregue No Prazo;;Entrega realizada;Entrega Finalizada;26;2;20;2;RISSO;26050;;;
MOBIS BRASIL FABRICACAO DE AUTO PECAS LT;RODOVIARIO;1466296;20/02/2026;3;328948;20/02/2026;H R B COMERCIO DE VEICULOS LTDA;1,82E+13;SAO JOSE DO RIO PRETO;SP;20/02/2026;26/02/2026;23/02/2026;Entregue No Prazo;;Entrega realizada;Entrega Finalizada;26;2;20;2;RISSO;26050;;;
MOBIS BRASIL FABRICACAO DE AUTO PECAS LT;RODOVIARIO;1467225;23/02/2026;1;329141;23/02/2026;ANDRETA II DISTRIB.DE VEICULOS LTDA.;9,10E+12;JUNDIAI;SP;23/02/2026;26/02/2026;23/02/2026;Entregue No Prazo;;Entrega realizada;Entrega Finalizada;26;2;23;2;RISSO;26040;;;
MOBIS BRASIL FABRICACAO DE AUTO PECAS LT;RODOVIARIO;1465864;19/02/2026;1;328756;19/02/2026;GNC GRANDE COREIA MINAS GERAIS COMERCIO;4,27E+13;MONTES CLAROS;MG;19/02/2026;26/02/2026;23/02/2026;Entregue No Prazo;;Entrega realizada;Entrega Finalizada;26;2;19;2;XD BETIM;11035;;;
MOBIS BRASIL FABRICACAO DE AUTO PECAS LT;RODOVIARIO;1465965;19/02/2026;11;328765;19/02/2026;TAI MOTORS VEICULOS S/A;9,27E+12;BELO HORIZONTE;MG;19/02/2026;24/02/2026;23/02/2026;Entregue No Prazo;;Entrega realizada;Entrega Finalizada;24;2;19;2;XD BETIM;8002;;;
MOBIS BRASIL FABRICACAO DE AUTO PECAS LT;RODOVIARIO;1465041;18/02/2026;1;328527;18/02/2026;TECAR TRILHAS AUTOMOVEIS E SERVICOS LTDA;2,32E+13;DIVINOPOLIS;MG;18/02/2026;25/02/2026;23/02/2026;Entregue No Prazo;;Entrega realizada;Entrega Finalizada;25;2;18;2;XD BETIM;11039;;;
MOBIS BRASIL FABRICACAO DE AUTO PECAS LT;RODOVIARIO;1465860;19/02/2026;25;328754;19/02/2026;CARBEL KOREA VEICULOS LTDA;2,07E+13;BELO HORIZONTE;MG;19/02/2026;24/02/2026;23/02/2026;Entregue No Prazo;;Entrega realizada;Entrega Finalizada;24;2;19;2;XD BETIM;11021;;;
MOBIS BRASIL FABRICACAO DE AUTO PECAS LT;RODOVIARIO;1465867;19/02/2026;35;328753;19/02/2026;BDG AUTOVILLE VEICULOS LTDA;4,77E+13;CONTAGEM;MG;19/02/2026;24/02/2026;23/02/2026;Entregue No Prazo;;Entrega realizada;Entrega Finalizada;24;2;19;2;XD BETIM;11037;;;
MOBIS BRASIL FABRICACAO DE AUTO PECAS LT;RODOVIARIO;1461988;10/02/2026;1;327669;10/02/2026;MASTER COMERCIAL DE VEICULOS LTDA;2,85E+13;JACOBINA;BA;10/02/2026;25/02/2026;24/02/2026;Entregue No Prazo;;Entrega realizada;Entrega Finalizada;25;2;10;2;TERMACO;5013;;;
MOBIS BRASIL FABRICACAO DE AUTO PECAS LT;RODOVIARIO;1461994;10/02/2026;2;327664;10/02/2026;GRANDE COREIA COMERCIO DE VEICULOS LTDA;2,66E+13;CASTANHAL;PA;10/02/2026;23/02/2026;24/02/2026;Entregue Fora do Prazo;;Entrega realizada;Entrega Finalizada;23;2;10;2;CARVALIMA;14007;;;
MOBIS BRASIL FABRICACAO DE AUTO PECAS LT;RODOVIARIO;1463128;11/02/2026;1;327839;11/02/2026;MASTER COMERCIAL DE VEICULOS LTDA;2,85E+13;JACOBINA;BA;11/02/2026;26/02/2026;24/02/2026;Entregue No Prazo;;Entrega realizada;Entrega Finalizada;26;2;11;2;TERMACO;5013;;;
MOBIS BRASIL FABRICACAO DE AUTO PECAS LT;RODOVIARIO;1463163;11/02/2026;15;327833;11/02/2026;GREEN CITY VEICULOS LTDA;2,10E+13;TERESINA;PI;11/02/2026;27/02/2026;24/02/2026;Entregue No Prazo;;Entrega realizada;Entrega Finalizada;27;2;11;2;TERMACO;17002;;;
MOBIS BRASIL FABRICACAO DE AUTO PECAS LT;RODOVIARIO;1463187;11/02/2026;1;327765;11/02/2026;ANDRETA II DISTRIBUIDORA DE VEIC. LTDA;9,10E+12;INDAIATUBA;SP;11/02/2026;16/02/2026;24/02/2026;Entregue No Prazo;;Entrega realizada;Entrega Finalizada;16;2;11;2;RISSO;26011;;;
MOBIS BRASIL FABRICACAO DE AUTO PECAS LT;RODOVIARIO;1463733;12/02/2026;1;327992;12/02/2026;FAZZA MOTORS COMERCIO DE VEICULOS LTDA;1,24E+13;SALVADOR;BA;12/02/2026;24/02/2026;24/02/2026;Entregue No Prazo;;Entrega realizada;Entrega Finalizada;24;2;12;2;TERMACO;5007;;;
MOBIS BRASIL FABRICACAO DE AUTO PECAS LT;RODOVIARIO;1463734;12/02/2026;4;327985;12/02/2026;CAOA MOTOR DO BRASIL LTDA.;1,68E+13;LAURO DE FREITAS;BA;12/02/2026;27/02/2026;24/02/2026;Entregue No Prazo;;Entrega realizada;Entrega Finalizada;27;2;12;2;TERMACO;5008;;;
MOBIS BRASIL FABRICACAO DE AUTO PECAS LT;RODOVIARIO;1463768;12/02/2026;2;327981;12/02/2026;CAOA MOTOR DO BRASIL LTDA;1,68E+13;RIO DE JANEIRO;RJ;12/02/2026;18/02/2026;24/02/2026;Entregue No Prazo;Local fechado;Entrega realizada;Entrega Finalizada;18;2;12;2;CAMILO;5008;;;
MOBIS BRASIL FABRICACAO DE AUTO PECAS LT;RODOVIARIO;1463853;12/02/2026;4;327991;12/02/2026;FAZZA MOTORS COM. DE VEICULOS LTDA;1,24E+13;FORTALEZA;CE;12/02/2026;26/02/2026;24/02/2026;Entregue No Prazo;;Entrega realizada;Entrega Finalizada;26;2;12;2;TERMACO;6001;;;
MOBIS BRASIL FABRICACAO DE AUTO PECAS LT;RODOVIARIO;1464618;13/02/2026;4;328213;13/02/2026;PRIVILLEGE DISTRIBUIDORA DE VEICULOS LTD;1,72E+13;PALMAS;TO;13/02/2026;24/02/2026;24/02/2026;Entregue No Prazo;;Entrega realizada;Entrega Finalizada;24;2;13;2;RIO VERMELHO;27003;;;
MOBIS BRASIL FABRICACAO DE AUTO PECAS LT;RODOVIARIO;1464498;13/02/2026;2;328266;13/02/2026;GRANDE COREIA COMERCIO DE VEICULOS LTDA;2,66E+13;BELEM;PA;13/02/2026;26/02/2026;24/02/2026;Entregue No Prazo;;Entrega realizada;Entrega Finalizada;26;2;13;2;CARVALIMA;14007;;;
MOBIS BRASIL FABRICACAO DE AUTO PECAS LT;RODOVIARIO;1464462;13/02/2026;4;328262;13/02/2026;CYCOSA AUTOMOVEIS LTDA;4,76E+12;MACEIO;AL;13/02/2026;27/02/2026;24/02/2026;Entregue No Prazo;;Entrega realizada;Entrega Finalizada;27;2;13;2;TERMACO;2001;;;
MOBIS BRASIL FABRICACAO DE AUTO PECAS LT;RODOVIARIO;1464605;13/02/2026;1;328263;13/02/2026;FAZZA MOTORS COM. DE VEICULOS LTDA;1,24E+13;FORTALEZA;CE;13/02/2026;27/02/2026;24/02/2026;Entregue No Prazo;;Entrega realizada;Entrega Finalizada;27;2;13;2;TERMACO;6001;;;
MOBIS BRASIL FABRICACAO DE AUTO PECAS LT;RODOVIARIO;1464468;13/02/2026;2;328275;13/02/2026;ORVEL AUTOMOTOR HYD LTDA;2,52E+13;TEIXEIRA DE FREITAS;BA;13/02/2026;02/03/2026;24/02/2026;Entregue No Prazo;;Entrega realizada;Entrega Finalizada;2;3;13;2;TERMACO;5011;;;
MOBIS BRASIL FABRICACAO DE AUTO PECAS LT;RODOVIARIO;1464502;13/02/2026;11;328277;13/02/2026;PATEO COMERCIO DE VEICULOS S A;7,78E+12;RECIFE;PE;13/02/2026;02/03/2026;24/02/2026;Entregue No Prazo;;Entrega realizada;Entrega Finalizada;2;3;13;2;TERMACO;16004;;;
MOBIS BRASIL FABRICACAO DE AUTO PECAS LT;RODOVIARIO;1464501;13/02/2026;10;328248;13/02/2026;AUTORAC VEICULOS LTDA;1,06E+13;CARUARU;PE;13/02/2026;03/03/2026;24/02/2026;Entregue No Prazo;;Entrega realizada;Entrega Finalizada;3;3;13;2;TERMACO;16001;;;
MOBIS BRASIL FABRICACAO DE AUTO PECAS LT;RODOVIARIO;1464522;13/02/2026;1;328274;13/02/2026;ORIENTE AUTOMOVEIS LTDA;1,33E+13;PARNAMIRIM;RN;13/02/2026;03/03/2026;24/02/2026;Entregue No Prazo;;Entrega realizada;Entrega Finalizada;3;3;13;2;TERMACO;20001;;;
MOBIS BRASIL FABRICACAO DE AUTO PECAS LT;RODOVIARIO;1465086;18/02/2026;1;328501;18/02/2026;CAOA MOTOR DO BRASIL LTDA;1,68E+13;SAO BERNARDO DO CAMPO;SP;18/02/2026;20/02/2026;24/02/2026;Entregue Fora do Prazo;;Entrega realizada;Entrega Finalizada;20;2;18;2;RISSO;5008;;;
MOBIS BRASIL FABRICACAO DE AUTO PECAS LT;RODOVIARIO;1465064;18/02/2026;1;328539;18/02/2026;HOUSE PARTS-COM. DE PCS. E VEICULOS LTDA;1,15E+13;PORTO ALEGRE;RS;18/02/2026;24/02/2026;24/02/2026;Entregue No Prazo;;Entrega realizada;Entrega Finalizada;24;2;18;2;BAUER;23004;;;
MOBIS BRASIL FABRICACAO DE AUTO PECAS LT;RODOVIARIO;1465065;18/02/2026;3;328539;18/02/2026;HOUSE PARTS-COM. DE PCS. E VEICULOS LTDA;1,15E+13;PORTO ALEGRE;RS;18/02/2026;24/02/2026;24/02/2026;Entregue No Prazo;;Entrega realizada;Entrega Finalizada;24;2;18;2;BAUER;23004;;;
MOBIS BRASIL FABRICACAO DE AUTO PECAS LT;RODOVIARIO;1465048;18/02/2026;14;328540;18/02/2026;LOVAT VEICULOS S/A;8,57E+12;LONDRINA;PR;18/02/2026;24/02/2026;24/02/2026;Entregue No Prazo;;Entrega realizada;Entrega Finalizada;24;2;18;2;BAUER;18008;;;
MOBIS BRASIL FABRICACAO DE AUTO PECAS LT;RODOVIARIO;1465049;18/02/2026;6;328541;18/02/2026;LOVAT VEICULOS S/A;8,57E+12;MARINGA;PR;18/02/2026;24/02/2026;24/02/2026;Entregue No Prazo;;Entrega realizada;Entrega Finalizada;24;2;18;2;BAUER;18008;;;
MOBIS BRASIL FABRICACAO DE AUTO PECAS LT;RODOVIARIO;1465054;18/02/2026;1;328549;18/02/2026;CAOA MOTOR DO BRASIL LTDA;1,68E+13;RIO DE JANEIRO;RJ;18/02/2026;24/02/2026;24/02/2026;Entregue No Prazo;;Entrega realizada;Entrega Finalizada;24;2;18;2;CAMILO;5008;;;
MOBIS BRASIL FABRICACAO DE AUTO PECAS LT;RODOVIARIO;1465061;18/02/2026;1;328551;18/02/2026;CAOA MOTOR DO BRASIL LTDA;1,68E+13;RIO DE JANEIRO;RJ;18/02/2026;24/02/2026;24/02/2026;Entregue No Prazo;;Entrega realizada;Entrega Finalizada;24;2;18;2;CAMILO;5008;;;
MOBIS BRASIL FABRICACAO DE AUTO PECAS LT;RODOVIARIO;1465057;18/02/2026;1;328553;18/02/2026;CAOA MOTOR DO BRASIL LTDA;1,68E+13;NITEROI;RJ;18/02/2026;24/02/2026;24/02/2026;Entregue No Prazo;;Entrega realizada;Entrega Finalizada;24;2;18;2;CAMILO;5008;;;
MOBIS BRASIL FABRICACAO DE AUTO PECAS LT;RODOVIARIO;1465100;18/02/2026;5;328533;18/02/2026;BARI VEICULOS LTDA;7,46E+12;BLUMENAU;SC;18/02/2026;25/02/2026;24/02/2026;Entregue No Prazo;;Entrega realizada;Entrega Finalizada;25;2;18;2;BAUER;18024;;;
MOBIS BRASIL FABRICACAO DE AUTO PECAS LT;RODOVIARIO;1465068;18/02/2026;1;328538;18/02/2026;HOUSE PARTS COMERCIO DE PECAS E VEI;1,15E+13;CAXIAS DO SUL;RS;18/02/2026;25/02/2026;24/02/2026;Entregue No Prazo;;Entrega realizada;Entrega Finalizada;25;2;18;2;BAUER;23023;;;
MOBIS BRASIL FABRICACAO DE AUTO PECAS LT;RODOVIARIO;1465031;18/02/2026;29;328568;18/02/2026;PRIME VILA VELHA VEICULOS LTDA.;2,14E+13;VILA VELHA;ES;18/02/2026;25/02/2026;24/02/2026;Entregue No Prazo;;Entrega realizada;Entrega Finalizada;25;2;18;2;CAMILO;8005;;;
MOBIS BRASIL FABRICACAO DE AUTO PECAS LT;RODOVIARIO;1465026;18/02/2026;4;328522;18/02/2026;SAGA KOREA COM. DE VEIC. E PC. LTDA;1,27E+13;BRASILIA;DF;18/02/2026;26/02/2026;24/02/2026;Entregue No Prazo;;Entrega realizada;Entrega Finalizada;26;2;18;2;RIO VERMELHO;7004;;;
MOBIS BRASIL FABRICACAO DE AUTO PECAS LT;RODOVIARIO;1465027;18/02/2026;4;328524;18/02/2026;SAGA KOREA COM. DE VEIC. E PC. LTDA;1,27E+13;BRASILIA;DF;18/02/2026;26/02/2026;24/02/2026;Entregue No Prazo;;Entrega realizada;Entrega Finalizada;26;2;18;2;RIO VERMELHO;7005;;;
MOBIS BRASIL FABRICACAO DE AUTO PECAS LT;RODOVIARIO;1465024;18/02/2026;1;328525;18/02/2026;SMAFF IMPORT VEICULOS LTDA;8,18E+12;BRASILIA;DF;18/02/2026;26/02/2026;24/02/2026;Entregue No Prazo;;Entrega realizada;Entrega Finalizada;26;2;18;2;RIO VERMELHO;7002;;;
MOBIS BRASIL FABRICACAO DE AUTO PECAS LT;RODOVIARIO;1465025;18/02/2026;5;328525;18/02/2026;SMAFF IMPORT VEICULOS LTDA;8,18E+12;BRASILIA;DF;18/02/2026;26/02/2026;24/02/2026;Entregue No Prazo;;Entrega realizada;Entrega Finalizada;26;2;18;2;RIO VERMELHO;7002;;;
MOBIS BRASIL FABRICACAO DE AUTO PECAS LT;RODOVIARIO;1465028;18/02/2026;1;328567;18/02/2026;PRIME CACHOEIRO VEICULOS LTDA EPP;9,34E+12;CACHOEIRO DE ITAPEMIRIM;ES;18/02/2026;26/02/2026;24/02/2026;Entregue No Prazo;;Entrega realizada;Entrega Finalizada;26;2;18;2;CAMILO;8003;;;
MOBIS BRASIL FABRICACAO DE AUTO PECAS LT;RODOVIARIO;1465029;18/02/2026;2;328567;18/02/2026;PRIME CACHOEIRO VEICULOS LTDA EPP;9,34E+12;CACHOEIRO DE ITAPEMIRIM;ES;18/02/2026;26/02/2026;24/02/2026;Entregue No Prazo;;Entrega realizada;Entrega Finalizada;26;2;18;2;CAMILO;8003;;;
MOBIS BRASIL FABRICACAO DE AUTO PECAS LT;RODOVIARIO;1465022;18/02/2026;2;328557;18/02/2026;FAZZA MOTORS COMERCIO DE VEICULOS LTDA;1,24E+13;SALVADOR;BA;18/02/2026;02/03/2026;24/02/2026;Entregue No Prazo;;Entrega realizada;Entrega Finalizada;2;3;18;2;TERMACO;5007;;;
MOBIS BRASIL FABRICACAO DE AUTO PECAS LT;RODOVIARIO;1465021;18/02/2026;4;328557;18/02/2026;FAZZA MOTORS COMERCIO DE VEICULOS LTDA;1,24E+13;SALVADOR;BA;18/02/2026;02/03/2026;24/02/2026;Entregue No Prazo;;Entrega realizada;Entrega Finalizada;2;3;18;2;TERMACO;5007;;;
MOBIS BRASIL FABRICACAO DE AUTO PECAS LT;RODOVIARIO;1465104;18/02/2026;1;328563;18/02/2026;PATEO COMERCIO DE VEICULOS S A;7,78E+12;SALVADOR;BA;18/02/2026;02/03/2026;24/02/2026;Entregue No Prazo;;Entrega realizada;Entrega Finalizada;2;3;18;2;TERMACO;5003;;;
MOBIS BRASIL FABRICACAO DE AUTO PECAS LT;RODOVIARIO;1465105;18/02/2026;1;328563;18/02/2026;PATEO COMERCIO DE VEICULOS S A;7,78E+12;SALVADOR;BA;18/02/2026;02/03/2026;24/02/2026;Entregue No Prazo;;Entrega realizada;Entrega Finalizada;2;3;18;2;TERMACO;5003;;;
MOBIS BRASIL FABRICACAO DE AUTO PECAS LT;RODOVIARIO;1465019;18/02/2026;3;328556;18/02/2026;CYCOSA AUTOMOVEIS LTDA;4,76E+12;MACEIO;AL;18/02/2026;04/03/2026;24/02/2026;Entregue No Prazo;;Entrega realizada;Entrega Finalizada;4;3;18;2;TERMACO;2001;;;
MOBIS BRASIL FABRICACAO DE AUTO PECAS LT;RODOVIARIO;1465931;19/02/2026;1;328732;19/02/2026;CAOA MOTOR DO BRASIL LTDA;1,68E+13;SAO BERNARDO DO CAMPO;SP;19/02/2026;23/02/2026;24/02/2026;Entregue Fora do Prazo;;Entrega realizada;Entrega Finalizada;23;2;19;2;RISSO;5008;;;
MOBIS BRASIL FABRICACAO DE AUTO PECAS LT;RODOVIARIO;1465974;19/02/2026;6;328728;19/02/2026;ANDRETA II DISTRIB.DE VEICULOS LTDA.;9,10E+12;JUNDIAI;SP;19/02/2026;24/02/2026;24/02/2026;Entregue No Prazo;;Entrega realizada;Entrega Finalizada;24;2;19;2;RISSO;26040;;;
MOBIS BRASIL FABRICACAO DE AUTO PECAS LT;RODOVIARIO;1465924;19/02/2026;6;328748;19/02/2026;MOTONET COMERCIO DE VEICULOS LTDA;9,28E+12;SOROCABA;SP;19/02/2026;24/02/2026;24/02/2026;Entregue No Prazo;;Entrega realizada;Entrega Finalizada;24;2;19;2;RISSO;26113;;;
MOBIS BRASIL FABRICACAO DE AUTO PECAS LT;RODOVIARIO;1465928;19/02/2026;3;328749;19/02/2026;NEW VEICULOS E PECAS LTDA;1,59E+13;FRANCA;SP;19/02/2026;25/02/2026;24/02/2026;Entregue No Prazo;;Entrega realizada;Entrega Finalizada;25;2;19;2;RISSO;26014;;;
MOBIS BRASIL FABRICACAO DE AUTO PECAS LT;RODOVIARIO;1465865;19/02/2026;1;328769;19/02/2026;URCA MOTORS VEICULOS LTDA;8,77E+12;PATOS DE MINAS;MG;19/02/2026;25/02/2026;24/02/2026;Entregue No Prazo;;Entrega realizada;Entrega Finalizada;25;2;19;2;XD BETIM;9014;;;
MOBIS BRASIL FABRICACAO DE AUTO PECAS LT;RODOVIARIO;1465906;19/02/2026;9;328783;19/02/2026;CARWAY SUL VEICULOS LTDA;1,03E+13;CANOAS;RS;19/02/2026;25/02/2026;24/02/2026;Entregue No Prazo;;Entrega realizada;Entrega Finalizada;25;2;19;2;BAUER;23003;;;
MOBIS BRASIL FABRICACAO DE AUTO PECAS LT;RODOVIARIO;1465889;19/02/2026;7;328792;19/02/2026;LOVAT VEICULOS S/A;8,57E+12;MARINGA;PR;19/02/2026;25/02/2026;24/02/2026;Entregue No Prazo;;Entrega realizada;Entrega Finalizada;25;2;19;2;BAUER;18008;;;
MOBIS BRASIL FABRICACAO DE AUTO PECAS LT;RODOVIARIO;1465895;19/02/2026;5;328804;19/02/2026;CAOA MOTOR DO BRASIL LTDA;1,68E+13;RIO DE JANEIRO;RJ;19/02/2026;25/02/2026;24/02/2026;Entregue No Prazo;;Entrega realizada;Entrega Finalizada;25;2;19;2;CAMILO;5008;;;
MOBIS BRASIL FABRICACAO DE AUTO PECAS LT;RODOVIARIO;1465869;19/02/2026;1;328761;19/02/2026;RITMO MOTORS LTDA;1,94E+13;PASSOS;MG;19/02/2026;26/02/2026;24/02/2026;Entregue No Prazo;;Entrega realizada;Entrega Finalizada;26;2;19;2;XD BETIM;11040;;;
MOBIS BRASIL FABRICACAO DE AUTO PECAS LT;RODOVIARIO;1465861;19/02/2026;1;328771;19/02/2026;VIME AUTOMOVEIS E PECAS LTDA;2,85E+13;GUAXUPE;MG;19/02/2026;26/02/2026;24/02/2026;Entregue No Prazo;;Entrega realizada;Entrega Finalizada;26;2;19;2;XD BETIM;11031;;;
MOBIS BRASIL FABRICACAO DE AUTO PECAS LT;RODOVIARIO;1465964;19/02/2026;2;328773;19/02/2026;VITAL COMERCIO DE VEICULOS LTDA;1,05E+13;IPATINGA;MG;19/02/2026;26/02/2026;24/02/2026;Entregue No Prazo;;Entrega realizada;Entrega Finalizada;26;2;19;2;XD BETIM;11016;;;
MOBIS BRASIL FABRICACAO DE AUTO PECAS LT;RODOVIARIO;1465913;19/02/2026;2;328775;19/02/2026;ATUAL VEICULOS LTDA;1,33E+13;CRICIUMA;SC;19/02/2026;26/02/2026;24/02/2026;Entregue No Prazo;;Entrega realizada;Entrega Finalizada;26;2;19;2;BAUER;24001;;;
MOBIS BRASIL FABRICACAO DE AUTO PECAS LT;RODOVIARIO;1465915;19/02/2026;12;328794;19/02/2026;LR COMERCIO DE VEICULOS LTDA;1,05E+13;SAO JOSE;SC;19/02/2026;26/02/2026;24/02/2026;Entregue No Prazo;;Entrega realizada;Entrega Finalizada;26;2;19;2;BAUER;24007;;;
MOBIS BRASIL FABRICACAO DE AUTO PECAS LT;RODOVIARIO;1465901;19/02/2026;2;328832;19/02/2026;VIA VR VEICULOS LTDA;1,73E+13;PETROPOLIS;RJ;19/02/2026;26/02/2026;24/02/2026;Entregue No Prazo;;Entrega realizada;Entrega Finalizada;26;2;19;2;CAMILO;19016;;;
MOBIS BRASIL FABRICACAO DE AUTO PECAS LT;RODOVIARIO;1465898;19/02/2026;2;328833;19/02/2026;VIA VR VEICULOS LTDA;1,73E+13;VOLTA REDONDA;RJ;19/02/2026;26/02/2026;24/02/2026;Entregue No Prazo;;Entrega realizada;Entrega Finalizada;26;2;19;2;CAMILO;19016;;;
MOBIS BRASIL FABRICACAO DE AUTO PECAS LT;RODOVIARIO;1465838;19/02/2026;45;328763;19/02/2026;SAGA KOREA COM. DE VEIC. E PC. LTDA;1,27E+13;BRASILIA;DF;19/02/2026;27/02/2026;24/02/2026;Entregue No Prazo;;Entrega realizada;Entrega Finalizada;27;2;19;2;RIO VERMELHO;7005;;;
MOBIS BRASIL FABRICACAO DE AUTO PECAS LT;RODOVIARIO;1465835;19/02/2026;4;328764;19/02/2026;SMAFF IMPORT VEICULOS LTDA;8,18E+12;BRASILIA;DF;19/02/2026;27/02/2026;24/02/2026;Entregue No Prazo;;Entrega realizada;Entrega Finalizada;27;2;19;2;RIO VERMELHO;7002;;;
MOBIS BRASIL FABRICACAO DE AUTO PECAS LT;RODOVIARIO;1465910;19/02/2026;1;328790;19/02/2026;HOUSE PARTS - COM. DE PECAS E VEIC. LTDA;1,15E+13;LAJEADO;RS;19/02/2026;27/02/2026;24/02/2026;Entregue No Prazo;;Entrega realizada;Entrega Finalizada;27;2;19;2;BAUER;23018;;;
MOBIS BRASIL FABRICACAO DE AUTO PECAS LT;RODOVIARIO;1465870;19/02/2026;10;328830;19/02/2026;ULSAN COMERCIO DE VEICULOS LTDA.;2,10E+13;CAMPO GRANDE;MS;19/02/2026;27/02/2026;24/02/2026;Entregue No Prazo;;Entrega realizada;Entrega Finalizada;27;2;19;2;CARVALIMA;12004;;;
MOBIS BRASIL FABRICACAO DE AUTO PECAS LT;RODOVIARIO;1465876;19/02/2026;1;328803;19/02/2026;CAOA MOTOR DO BRASIL LTDA;1,68E+13;BELEM;PA;19/02/2026;04/03/2026;24/02/2026;Entregue No Prazo;;Entrega realizada;Entrega Finalizada;4;3;19;2;CARVALIMA;5008;;;
MOBIS BRASIL FABRICACAO DE AUTO PECAS LT;RODOVIARIO;1465878;19/02/2026;2;328810;19/02/2026;GRANDE COREIA COMERCIO DE VEICULOS LTDA;2,66E+13;BELEM;PA;19/02/2026;04/03/2026;24/02/2026;Entregue No Prazo;;Entrega realizada;Entrega Finalizada;4;3;19;2;CARVALIMA;14007;;;
MOBIS BRASIL FABRICACAO DE AUTO PECAS LT;RODOVIARIO;1466675;20/02/2026;7;328929;20/02/2026;BILLY DISTRIBUIDORA DE VEICULOS LTDA;1,34E+13;SAO CAETANO DO SUL;SP;20/02/2026;24/02/2026;24/02/2026;Entregue No Prazo;;Entrega realizada;Entrega Finalizada;24;2;20;2;RISSO;26003;;;
MOBIS BRASIL FABRICACAO DE AUTO PECAS LT;RODOVIARIO;1466298;20/02/2026;1;328934;20/02/2026;CAOA MOTOR DO BRASIL LTDA (VL PRUDENTE);1,68E+13;SAO PAULO;SP;20/02/2026;24/02/2026;24/02/2026;Entregue No Prazo;;Entrega realizada;Entrega Finalizada;24;2;20;2;RISSO;26051;;;
MOBIS BRASIL FABRICACAO DE AUTO PECAS LT;RODOVIARIO;1466674;20/02/2026;4;328927;20/02/2026;ANDRETA II DISTRIB.DE VEICULOS LTDA.;9,10E+12;JUNDIAI;SP;20/02/2026;25/02/2026;24/02/2026;Entregue No Prazo;;Entrega realizada;Entrega Finalizada;25;2;20;2;RISSO;26040;;;
MOBIS BRASIL FABRICACAO DE AUTO PECAS LT;RODOVIARIO;1466292;20/02/2026;11;328928;20/02/2026;ANDRETA II DISTRIBUIDORA DE VEIC. LTDA;9,10E+12;CAMPINAS;SP;20/02/2026;25/02/2026;24/02/2026;Entregue No Prazo;;Entrega realizada;Entrega Finalizada;25;2;20;2;RISSO;26011;;;
MOBIS BRASIL FABRICACAO DE AUTO PECAS LT;RODOVIARIO;1466300;20/02/2026;2;328932;20/02/2026;CAOA MOTOR DO BRASIL LTDA;1,68E+13;CAMPINAS;SP;20/02/2026;25/02/2026;24/02/2026;Entregue No Prazo;;Entrega realizada;Entrega Finalizada;25;2;20;2;RISSO;5008;;;
MOBIS BRASIL FABRICACAO DE AUTO PECAS LT;RODOVIARIO;1466302;20/02/2026;2;328938;20/02/2026;DESTAQUE SEUL DISTR. DE VEIC. E PC. LTDA;2,12E+13;ATIBAIA;SP;20/02/2026;25/02/2026;24/02/2026;Entregue No Prazo;;Entrega realizada;Entrega Finalizada;25;2;20;2;RISSO;26075;;;
MOBIS BRASIL FABRICACAO DE AUTO PECAS LT;RODOVIARIO;1466303;20/02/2026;8;328938;20/02/2026;DESTAQUE SEUL DISTR. DE VEIC. E PC. LTDA;2,12E+13;ATIBAIA;SP;20/02/2026;25/02/2026;24/02/2026;Entregue No Prazo;;Entrega realizada;Entrega Finalizada;25;2;20;2;RISSO;26075;;;
MOBIS BRASIL FABRICACAO DE AUTO PECAS LT;RODOVIARIO;1466254;20/02/2026;6;328954;20/02/2026;BDG AUTOVILLE VEICULOS LTDA;4,77E+13;CONTAGEM;MG;20/02/2026;25/02/2026;24/02/2026;Entregue No Prazo;;Entrega realizada;Entrega Finalizada;25;2;20;2;XD BETIM;11037;;;
MOBIS BRASIL FABRICACAO DE AUTO PECAS LT;RODOVIARIO;1466250;20/02/2026;1;328956;20/02/2026;CAOA MOTOR DO BRASIL LTDA;1,68E+13;BELO HORIZONTE;MG;20/02/2026;25/02/2026;24/02/2026;Entregue No Prazo;;Entrega realizada;Entrega Finalizada;25;2;20;2;XD BETIM;5008;;;
MOBIS BRASIL FABRICACAO DE AUTO PECAS LT;RODOVIARIO;1466249;20/02/2026;3;328957;20/02/2026;CARBEL KOREA VEICULOS LTDA;2,07E+13;BELO HORIZONTE;MG;20/02/2026;25/02/2026;24/02/2026;Entregue No Prazo;;Entrega realizada;Entrega Finalizada;25;2;20;2;XD BETIM;11021;;;
MOBIS BRASIL FABRICACAO DE AUTO PECAS LT;RODOVIARIO;1466667;20/02/2026;8;328966;20/02/2026;TAI MOTORS VEICULOS S/A;9,27E+12;BELO HORIZONTE;MG;20/02/2026;25/02/2026;24/02/2026;Entregue No Prazo;;Entrega realizada;Entrega Finalizada;25;2;20;2;XD BETIM;8002;;;
MOBIS BRASIL FABRICACAO DE AUTO PECAS LT;RODOVIARIO;1466269;20/02/2026;2;329005;20/02/2026;BARI VEICULOS LTDA;7,46E+12;CURITIBA;PR;20/02/2026;25/02/2026;24/02/2026;Entregue No Prazo;;Entrega realizada;Entrega Finalizada;25;2;20;2;BAUER;18024;;;
MOBIS BRASIL FABRICACAO DE AUTO PECAS LT;RODOVIARIO;1466669;20/02/2026;2;329008;20/02/2026;BARI VEICULOS LTDA.;7,46E+12;CURITIBA;PR;20/02/2026;25/02/2026;24/02/2026;Entregue No Prazo;;Entrega realizada;Entrega Finalizada;25;2;20;2;BAUER;18029;;;
MOBIS BRASIL FABRICACAO DE AUTO PECAS LT;RODOVIARIO;1466263;20/02/2026;1;329022;20/02/2026;SEVEC VEICULOS LTDA;5,68E+11;CURITIBA;PR;20/02/2026;25/02/2026;24/02/2026;Entregue No Prazo;;Entrega realizada;Entrega Finalizada;25;2;20;2;BAUER;18012;;;
MOBIS BRASIL FABRICACAO DE AUTO PECAS LT;RODOVIARIO;1466306;20/02/2026;1;328939;20/02/2026;DESTAQUE SEUL DISTR DE VEIC PEC LTDA;2,12E+13;CARAGUATATUBA;SP;20/02/2026;26/02/2026;24/02/2026;Entregue No Prazo;;Entrega realizada;Entrega Finalizada;26;2;20;2;RISSO;26082;;;
MOBIS BRASIL FABRICACAO DE AUTO PECAS LT;RODOVIARIO;1466311;20/02/2026;1;328947;20/02/2026;H - CAMINHO AUTOMOVEIS LTDA;2,53E+13;CATANDUVA;SP;20/02/2026;26/02/2026;24/02/2026;Entregue No Prazo;;Entrega realizada;Entrega Finalizada;26;2;20;2;RISSO;26092;;;
MOBIS BRASIL FABRICACAO DE AUTO PECAS LT;RODOVIARIO;1466673;20/02/2026;2;328949;20/02/2026;HYMAX DISTRIBUIDORA DE VEICULOS LTDA;1,73E+13;MOGI GUACU;SP;20/02/2026;26/02/2026;24/02/2026;Entregue No Prazo;;Entrega realizada;Entrega Finalizada;26;2;20;2;RISSO;26002;;;
MOBIS BRASIL FABRICACAO DE AUTO PECAS LT;RODOVIARIO;1466245;20/02/2026;5;328969;20/02/2026;URCA MOTORS VEICULOS LTDA;8,77E+12;UBERLANDIA;MG;20/02/2026;26/02/2026;24/02/2026;Entregue No Prazo;;Entrega realizada;Entrega Finalizada;26;2;20;2;XD BETIM;9014;;;
MOBIS BRASIL FABRICACAO DE AUTO PECAS LT;RODOVIARIO;1466268;20/02/2026;1;329003;20/02/2026;BARI VEICULOS LTDA;7,46E+12;SAO JOSE DOS PINHAIS;PR;20/02/2026;26/02/2026;24/02/2026;Entregue No Prazo;;Entrega realizada;Entrega Finalizada;26;2;20;2;BAUER;18024;;;
MOBIS BRASIL FABRICACAO DE AUTO PECAS LT;RODOVIARIO;1466265;20/02/2026;3;329023;20/02/2026;VETOR AUTOMOVEIS LTDA;2,12E+13;CASCAVEL;PR;20/02/2026;26/02/2026;24/02/2026;Entregue No Prazo;;Entrega realizada;Entrega Finalizada;26;2;20;2;BAUER;18019;;;
MOBIS BRASIL FABRICACAO DE AUTO PECAS LT;RODOVIARIO;1466251;20/02/2026;1;328972;20/02/2026;VIME AUTOMOVEIS E PECAS LTDA;2,85E+13;GUAXUPE;MG;20/02/2026;27/02/2026;24/02/2026;Entregue No Prazo;;Entrega realizada;Entrega Finalizada;27;2;20;2;XD BETIM;11031;;;
MOBIS BRASIL FABRICACAO DE AUTO PECAS LT;RODOVIARIO;1466247;20/02/2026;1;328973;20/02/2026;VITAL COMERCIO DE VEICULOS LTDA;1,05E+13;GOVERNADOR VALADARES;MG;20/02/2026;27/02/2026;24/02/2026;Entregue No Prazo;;Entrega realizada;Entrega Finalizada;27;2;20;2;XD BETIM;11016;;;
MOBIS BRASIL FABRICACAO DE AUTO PECAS LT;RODOVIARIO;1466274;20/02/2026;1;328999;20/02/2026;VIA VR VEICULOS LTDA;1,73E+13;PETROPOLIS;RJ;20/02/2026;27/02/2026;24/02/2026;Entregue No Prazo;;Entrega realizada;Entrega Finalizada;27;2;20;2;CAMILO;19016;;;
MOBIS BRASIL FABRICACAO DE AUTO PECAS LT;RODOVIARIO;1466287;20/02/2026;2;329014;20/02/2026;GAMBATTO H1 VEICULOS LTDA;1,94E+13;CHAPECO;SC;20/02/2026;27/02/2026;24/02/2026;Entregue No Prazo;;Entrega realizada;Entrega Finalizada;27;2;20;2;BAUER;24018;;;
MOBIS BRASIL FABRICACAO DE AUTO PECAS LT;RODOVIARIO;1466233;20/02/2026;7;328955;20/02/2026;CAOA MOTOR DO BRASIL LTDA;1,68E+13;BRASILIA;DF;20/02/2026;02/03/2026;24/02/2026;Entregue No Prazo;;Entrega realizada;Entrega Finalizada;2;3;20;2;RIO VERMELHO;5008;;;
MOBIS BRASIL FABRICACAO DE AUTO PECAS LT;RODOVIARIO;1466240;20/02/2026;2;328960;20/02/2026;NISA COMERCIAL DE VEIC. AUTOMOTORES LTDA;1,03E+13;GOIANIA;GO;20/02/2026;02/03/2026;24/02/2026;Entregue No Prazo;;Entrega realizada;Entrega Finalizada;2;3;20;2;RIO VERMELHO;9013;;;
MOBIS BRASIL FABRICACAO DE AUTO PECAS LT;RODOVIARIO;1466238;20/02/2026;1;328961;20/02/2026;SAGA KOREA COM. DE VEIC. E PC. LTDA;1,27E+13;GOIANIA;GO;20/02/2026;02/03/2026;24/02/2026;Entregue No Prazo;;Entrega realizada;Entrega Finalizada;2;3;20;2;RIO VERMELHO;9009;;;
MOBIS BRASIL FABRICACAO DE AUTO PECAS LT;RODOVIARIO;1466239;20/02/2026;1;328962;20/02/2026;SAGA KOREA COM. DE VEIC. E PC. LTDA;1,27E+13;GOIANIA;GO;20/02/2026;02/03/2026;24/02/2026;Entregue No Prazo;;Entrega realizada;Entrega Finalizada;2;3;20;2;RIO VERMELHO;9011;;;
MOBIS BRASIL FABRICACAO DE AUTO PECAS LT;RODOVIARIO;1466666;20/02/2026;17;328963;20/02/2026;SAGA KOREA COM. DE VEIC. E PC. LTDA;1,27E+13;BRASILIA;DF;20/02/2026;02/03/2026;24/02/2026;Entregue No Prazo;;Entrega realizada;Entrega Finalizada;2;3;20;2;RIO VERMELHO;7005;;;
MOBIS BRASIL FABRICACAO DE AUTO PECAS LT;RODOVIARIO;1466232;20/02/2026;1;328964;20/02/2026;SMAFF IMPORT VEICULOS LTDA;8,18E+12;BRASILIA;DF;20/02/2026;02/03/2026;24/02/2026;Entregue No Prazo;;Entrega realizada;Entrega Finalizada;2;3;20;2;RIO VERMELHO;7002;;;
MOBIS BRASIL FABRICACAO DE AUTO PECAS LT;RODOVIARIO;1466942;23/02/2026;6;329143;23/02/2026;BILLY DISTRIBUIDORA DE VEICULOS LTDA;1,34E+13;BARUERI;SP;23/02/2026;25/02/2026;24/02/2026;Entregue No Prazo;;Entrega realizada;Entrega Finalizada;25;2;23;2;RISSO;26003;;;
MOBIS BRASIL FABRICACAO DE AUTO PECAS LT;RODOVIARIO;1466960;23/02/2026;1;329150;23/02/2026;CAOA MOTOR DO BRASIL LTDA (INDIANOPOLIS);1,68E+13;SAO PAULO;SP;23/02/2026;25/02/2026;24/02/2026;Entregue No Prazo;;Entrega realizada;Entrega Finalizada;25;2;23;2;RISSO;26091;;;
MOBIS BRASIL FABRICACAO DE AUTO PECAS LT;RODOVIARIO;1466959;23/02/2026;2;329150;23/02/2026;CAOA MOTOR DO BRASIL LTDA (INDIANOPOLIS);1,68E+13;SAO PAULO;SP;23/02/2026;25/02/2026;24/02/2026;Entregue No Prazo;;Entrega realizada;Entrega Finalizada;25;2;23;2;RISSO;26091;;;
MOBIS BRASIL FABRICACAO DE AUTO PECAS LT;RODOVIARIO;1466951;23/02/2026;2;329151;23/02/2026;CAOA MOTOR DO BRASIL LTDA (VL PRUDENTE);1,68E+13;SAO PAULO;SP;23/02/2026;25/02/2026;24/02/2026;Entregue No Prazo;;Entrega realizada;Entrega Finalizada;25;2;23;2;RISSO;26051;;;
MOBIS BRASIL FABRICACAO DE AUTO PECAS LT;RODOVIARIO;1467228;23/02/2026;12;329153;23/02/2026;CHS MOTORS VEICULOS PECAS(VL. GUILHERME);1,69E+13;SAO PAULO;SP;23/02/2026;25/02/2026;24/02/2026;Entregue No Prazo;;Entrega realizada;Entrega Finalizada;25;2;23;2;RISSO;26052;;;
MOBIS BRASIL FABRICACAO DE AUTO PECAS LT;RODOVIARIO;1466947;23/02/2026;2;329157;23/02/2026;GRAND SPORT COM. DE VEIC. E PECAS LTDA;8,58E+12;SAO PAULO;SP;23/02/2026;25/02/2026;24/02/2026;Entregue No Prazo;;Entrega realizada;Entrega Finalizada;25;2;23;2;RISSO;26034;;;
MOBIS BRASIL FABRICACAO DE AUTO PECAS LT;RODOVIARIO;1466945;23/02/2026;2;329142;23/02/2026;ANDRETA II DISTRIBUIDORA DE VEIC. LTDA;9,10E+12;CAMPINAS;SP;23/02/2026;26/02/2026;24/02/2026;Entregue No Prazo;;Entrega realizada;Entrega Finalizada;26;2;23;2;RISSO;26011;;;
MOBIS BRASIL FABRICACAO DE AUTO PECAS LT;RODOVIARIO;1466957;23/02/2026;3;329146;23/02/2026;CAOA MOTOR DO BRASIL LTDA;1,68E+13;SANTOS;SP;23/02/2026;26/02/2026;24/02/2026;Entregue No Prazo;;Entrega realizada;Entrega Finalizada;26;2;23;2;RISSO;5008;;;
MOBIS BRASIL FABRICACAO DE AUTO PECAS LT;RODOVIARIO;1466944;23/02/2026;2;329156;23/02/2026;DHC COMERCIO DE VEICULOS E PECAS LTDA;9,52E+12;BAURU;SP;23/02/2026;26/02/2026;24/02/2026;Entregue No Prazo;;Entrega realizada;Entrega Finalizada;26;2;23;2;RISSO;26010;;;
MOBIS BRASIL FABRICACAO DE AUTO PECAS LT;RODOVIARIO;1466956;23/02/2026;2;329147;23/02/2026;CAOA MOTOR DO BRASIL LTDA;1,68E+13;PRAIA GRANDE;SP;23/02/2026;27/02/2026;24/02/2026;Entregue No Prazo;;Entrega realizada;Entrega Finalizada;27;2;23;2;RISSO;5008;;;
MOBIS BRASIL FABRICACAO DE AUTO PECAS LT;RODOVIARIO;1466955;23/02/2026;1;329155;23/02/2026;DHC COMERCIO DE VEICULOS E PECAS LTDA;9,52E+12;JAU;SP;23/02/2026;27/02/2026;24/02/2026;Entregue No Prazo;;Entrega realizada;Entrega Finalizada;27;2;23;2;RISSO;26010;;;
MOBIS BRASIL FABRICACAO DE AUTO PECAS LT;RODOVIARIO;1463158;11/02/2026;11;327845;11/02/2026;PATEO COMERCIO DE VEICULOS S A;7,78E+12;JOAO PESSOA;PB;11/02/2026;26/02/2026;25/02/2026;Entregue No Prazo;;Entrega realizada;Entrega Finalizada;26;2;11;2;TERMACO;15003;;;
MOBIS BRASIL FABRICACAO DE AUTO PECAS LT;RODOVIARIO;1463760;12/02/2026;1;327979;12/02/2026;AUTORAC VEICULOS LTDA;1,06E+13;PETROLINA;PE;12/02/2026;02/03/2026;25/02/2026;Entregue No Prazo;;Entrega realizada;Entrega Finalizada;2;3;12;2;TERMACO;16001;;;
MOBIS BRASIL FABRICACAO DE AUTO PECAS LT;RODOVIARIO;1463761;12/02/2026;1;327979;12/02/2026;AUTORAC VEICULOS LTDA;1,06E+13;PETROLINA;PE;12/02/2026;02/03/2026;25/02/2026;Entregue No Prazo;;Entrega realizada;Entrega Finalizada;2;3;12;2;TERMACO;16001;;;
MOBIS BRASIL FABRICACAO DE AUTO PECAS LT;RODOVIARIO;1463763;12/02/2026;5;327994;12/02/2026;GREEN CITY VEICULOS LTDA;2,10E+13;TERESINA;PI;12/02/2026;02/03/2026;25/02/2026;Entregue No Prazo;;Entrega realizada;Entrega Finalizada;2;3;12;2;TERMACO;17002;;;
MOBIS BRASIL FABRICACAO DE AUTO PECAS LT;RODOVIARIO;1464475;13/02/2026;3;328278;13/02/2026;PRIME CACHOEIRO VEICULOS LTDA;9,34E+12;LINHARES;ES;13/02/2026;23/02/2026;25/02/2026;Entregue Fora do Prazo;;Entrega realizada;Entrega Finalizada;23;2;13;2;CAMILO;8004;;;
MOBIS BRASIL FABRICACAO DE AUTO PECAS LT;RODOVIARIO;1464536;13/02/2026;4;328237;13/02/2026;CHINHAN AUTOMOVEIS LTDA.;2,41E+13;CACADOR;SC;13/02/2026;24/02/2026;25/02/2026;Entregue Fora do Prazo;;Entrega realizada;Entrega Finalizada;24;2;13;2;BAUER;24020;;;
MOBIS BRASIL FABRICACAO DE AUTO PECAS LT;RODOVIARIO;1464466;13/02/2026;1;328264;13/02/2026;FAZZA MOTORS COMERCIO DE VEICULOS LTDA;1,24E+13;SALVADOR;BA;13/02/2026;25/02/2026;25/02/2026;Entregue No Prazo;;Entrega realizada;Entrega Finalizada;25;2;13;2;TERMACO;5007;;;
MOBIS BRASIL FABRICACAO DE AUTO PECAS LT;RODOVIARIO;1464465;13/02/2026;1;328264;13/02/2026;FAZZA MOTORS COMERCIO DE VEICULOS LTDA;1,24E+13;SALVADOR;BA;13/02/2026;25/02/2026;25/02/2026;Entregue No Prazo;;Entrega realizada;Entrega Finalizada;25;2;13;2;TERMACO;5007;;;
MOBIS BRASIL FABRICACAO DE AUTO PECAS LT;RODOVIARIO;1464615;13/02/2026;1;328282;13/02/2026;SAINT LAND COMERCIO DE VEICULOS LTDA;1,04E+13;ARACAJU;SE;13/02/2026;26/02/2026;25/02/2026;Entregue No Prazo;;Entrega realizada;Entrega Finalizada;26;2;13;2;TERMACO;6010;;;
MOBIS BRASIL FABRICACAO DE AUTO PECAS LT;RODOVIARIO;1464467;13/02/2026;1;328257;13/02/2026;CAOA MOTOR DO BRASIL LTDA.;1,68E+13;LAURO DE FREITAS;BA;13/02/2026;02/03/2026;25/02/2026;Entregue No Prazo;;Entrega realizada;Entrega Finalizada;2;3;13;2;TERMACO;5008;;;
MOBIS BRASIL FABRICACAO DE AUTO PECAS LT;RODOVIARIO;1464523;13/02/2026;8;328281;13/02/2026;SAINT LAND COMERCIO DE VEICULOS LTDA;1,04E+13;NATAL;RN;13/02/2026;02/03/2026;25/02/2026;Entregue No Prazo;;Entrega realizada;Entrega Finalizada;2;3;13;2;TERMACO;6010;;;
MOBIS BRASIL FABRICACAO DE AUTO PECAS LT;RODOVIARIO;1464503;13/02/2026;10;328247;13/02/2026;AUTORAC VEICULOS LTDA;1,06E+13;PETROLINA;PE;13/02/2026;03/03/2026;25/02/2026;Entregue No Prazo;;Entrega realizada;Entrega Finalizada;3;3;13;2;TERMACO;16001;;;
MOBIS BRASIL FABRICACAO DE AUTO PECAS LT;RODOVIARIO;1464504;13/02/2026;3;328267;13/02/2026;GREEN CITY VEICULOS LTDA;2,10E+13;TERESINA;PI;13/02/2026;03/03/2026;25/02/2026;Entregue No Prazo;;Entrega realizada;Entrega Finalizada;3;3;13;2;TERMACO;17002;;;
MOBIS BRASIL FABRICACAO DE AUTO PECAS LT;RODOVIARIO;1464505;13/02/2026;2;328268;13/02/2026;GREEN CITY VEICULOS LTDA;2,10E+13;TERESINA;PI;13/02/2026;03/03/2026;25/02/2026;Entregue No Prazo;;Entrega realizada;Entrega Finalizada;3;3;13;2;TERMACO;17002;;;
MOBIS BRASIL FABRICACAO DE AUTO PECAS LT;RODOVIARIO;1464463;13/02/2026;1;328271;13/02/2026;JPN COMERCIO DE VEICULOS LTDA;3,20E+13;ARAPIRACA;AL;13/02/2026;03/03/2026;25/02/2026;Entregue No Prazo;;Entrega realizada;Entrega Finalizada;3;3;13;2;TERMACO;2003;;;
MOBIS BRASIL FABRICACAO DE AUTO PECAS LT;RODOVIARIO;1465039;18/02/2026;2;328530;18/02/2026;VIME AUTOMOVEIS E PECAS LTDA;2,85E+13;GUAXUPE;MG;18/02/2026;25/02/2026;25/02/2026;Entregue No Prazo;;Entrega realizada;Entrega Finalizada;25;2;18;2;XD BETIM;11031;;;
MOBIS BRASIL FABRICACAO DE AUTO PECAS LT;RODOVIARIO;1465032;18/02/2026;3;328520;18/02/2026;NISA COMERCIAL DE VEIC. AUTOMOTORES LTDA;1,03E+13;APARECIDA DE GOIANIA;GO;18/02/2026;26/02/2026;25/02/2026;Entregue No Prazo;;Entrega realizada;Entrega Finalizada;26;2;18;2;RIO VERMELHO;9002;;;
MOBIS BRASIL FABRICACAO DE AUTO PECAS LT;RODOVIARIO;1465033;18/02/2026;1;328523;18/02/2026;SAGA KOREA COM. DE VEIC. E PC. LTDA;1,27E+13;GOIANIA;GO;18/02/2026;26/02/2026;25/02/2026;Entregue No Prazo;;Entrega realizada;Entrega Finalizada;26;2;18;2;RIO VERMELHO;9011;;;
MOBIS BRASIL FABRICACAO DE AUTO PECAS LT;RODOVIARIO;1465034;18/02/2026;51;328523;18/02/2026;SAGA KOREA COM. DE VEIC. E PC. LTDA;1,27E+13;GOIANIA;GO;18/02/2026;26/02/2026;25/02/2026;Entregue No Prazo;;Entrega realizada;Entrega Finalizada;26;2;18;2;RIO VERMELHO;9011;;;
MOBIS BRASIL FABRICACAO DE AUTO PECAS LT;RODOVIARIO;1465063;18/02/2026;4;328570;18/02/2026;SAINT LAND COMERCIO DE VEICULOS LTDA;1,04E+13;NATAL;RN;18/02/2026;05/03/2026;25/02/2026;Entregue No Prazo;;Entrega realizada;Entrega Finalizada;5;3;18;2;TERMACO;6010;;;
MOBIS BRASIL FABRICACAO DE AUTO PECAS LT;RODOVIARIO;1465062;18/02/2026;18;328562;18/02/2026;ORIENTE AUTOMOVEIS LTDA;1,33E+13;PARNAMIRIM;RN;18/02/2026;06/03/2026;25/02/2026;Entregue No Prazo;;Entrega realizada;Entrega Finalizada;6;3;18;2;TERMACO;20001;Revolução Pernambucana de 1817;Estadual;PE
MOBIS BRASIL FABRICACAO DE AUTO PECAS LT;RODOVIARIO;1465863;19/02/2026;1;328772;19/02/2026;VIME POCOS COM. DE VEICULOS E PECAS LTDA;3,43E+13;POCOS DE CALDAS;MG;19/02/2026;25/02/2026;25/02/2026;Entregue No Prazo;;Entrega realizada;Entrega Finalizada;25;2;19;2;XD BETIM;11033;;;
MOBIS BRASIL FABRICACAO DE AUTO PECAS LT;RODOVIARIO;1465905;19/02/2026;1;328784;19/02/2026;CARWAY SUL VEICULOS LTDA;1,03E+13;PORTO ALEGRE;RS;19/02/2026;25/02/2026;25/02/2026;Entregue No Prazo;;Entrega realizada;Entrega Finalizada;25;2;19;2;BAUER;23003;;;
MOBIS BRASIL FABRICACAO DE AUTO PECAS LT;RODOVIARIO;1465967;19/02/2026;10;328793;19/02/2026;LOVAT VEICULOS S/A;8,57E+12;LONDRINA;PR;19/02/2026;25/02/2026;25/02/2026;Entregue No Prazo;;Entrega realizada;Entrega Finalizada;25;2;19;2;BAUER;18008;;;
MOBIS BRASIL FABRICACAO DE AUTO PECAS LT;RODOVIARIO;1465900;19/02/2026;1;328802;19/02/2026;CAOA MOTOR DO BRASIL LTDA;1,68E+13;RIO DE JANEIRO;RJ;19/02/2026;25/02/2026;25/02/2026;Entregue No Prazo;;Entrega realizada;Entrega Finalizada;25;2;19;2;CAMILO;5008;;;
MOBIS BRASIL FABRICACAO DE AUTO PECAS LT;RODOVIARIO;1465899;19/02/2026;14;328812;19/02/2026;ITAVEMA MOTORS VEICULOS LTDA;7,73E+12;RIO DE JANEIRO;RJ;19/02/2026;25/02/2026;25/02/2026;Entregue No Prazo;;Entrega realizada;Entrega Finalizada;25;2;19;2;CAMILO;19001;;;
MOBIS BRASIL FABRICACAO DE AUTO PECAS LT;RODOVIARIO;1465912;19/02/2026;3;328777;19/02/2026;ATUAL VEICULOS LTDA;1,33E+13;ARARANGUA;SC;19/02/2026;26/02/2026;25/02/2026;Entregue No Prazo;;Entrega realizada;Entrega Finalizada;26;2;19;2;BAUER;24001;;;
MOBIS BRASIL FABRICACAO DE AUTO PECAS LT;RODOVIARIO;1465897;19/02/2026;5;328809;19/02/2026;GRAFFITI VEICULOS LTDA.;1,71E+13;ITAPERUNA;RJ;19/02/2026;26/02/2026;25/02/2026;Entregue No Prazo;;Entrega realizada;Entrega Finalizada;26;2;19;2;CAMILO;19015;;;
MOBIS BRASIL FABRICACAO DE AUTO PECAS LT;RODOVIARIO;1465844;19/02/2026;1;328758;19/02/2026;NISA COMERCIAL DE VEIC. AUTOMOTORES LTDA;1,03E+13;APARECIDA DE GOIANIA;GO;19/02/2026;27/02/2026;25/02/2026;Entregue No Prazo;;Entrega realizada;Entrega Finalizada;27;2;19;2;RIO VERMELHO;9002;;;
MOBIS BRASIL FABRICACAO DE AUTO PECAS LT;RODOVIARIO;1465849;19/02/2026;1;328762;19/02/2026;SAGA KOREA COM. DE VEIC. E PC. LTDA;1,27E+13;GOIANIA;GO;19/02/2026;27/02/2026;25/02/2026;Entregue No Prazo;;Entrega realizada;Entrega Finalizada;27;2;19;2;RIO VERMELHO;9011;;;
MOBIS BRASIL FABRICACAO DE AUTO PECAS LT;RODOVIARIO;1465918;19/02/2026;7;328787;19/02/2026;CHINHAN AUTOMOVEIS LTDA.;2,41E+13;CACADOR;SC;19/02/2026;02/03/2026;25/02/2026;Entregue No Prazo;;Entrega realizada;Entrega Finalizada;2;3;19;2;BAUER;24020;;;
MOBIS BRASIL FABRICACAO DE AUTO PECAS LT;RODOVIARIO;1465873;19/02/2026;25;328823;19/02/2026;SAGA ASIA COM. DE VEIC.PC.E SERV. LTDA;2,23E+13;VARZEA GRANDE;MT;19/02/2026;02/03/2026;25/02/2026;Entregue No Prazo;;Entrega realizada;Entrega Finalizada;2;3;19;2;CARVALIMA;13004;;;
MOBIS BRASIL FABRICACAO DE AUTO PECAS LT;RODOVIARIO;1465871;19/02/2026;5;328806;19/02/2026;COMETA MATO GROSSO COM. DE VEICULOS LTDA;1,54E+13;SINOP;MT;19/02/2026;03/03/2026;25/02/2026;Entregue No Prazo;;Entrega realizada;Entrega Finalizada;3;3;19;2;CARVALIMA;13003;;;
MOBIS BRASIL FABRICACAO DE AUTO PECAS LT;RODOVIARIO;1465875;19/02/2026;22;328831;19/02/2026;UNIQUE COMERCIO DE AUTOMOVEIS LTDA;1,74E+13;ANANINDEUA;PA;19/02/2026;04/03/2026;25/02/2026;Entregue No Prazo;;Entrega realizada;Entrega Finalizada;4;3;19;2;CARVALIMA;14003;;;
MOBIS BRASIL FABRICACAO DE AUTO PECAS LT;RODOVIARIO;1465966;19/02/2026;1;328816;19/02/2026;NACIONAL NOVA MARABA DIST DE VEIC. LTDA;1,70E+13;MARABA;PA;19/02/2026;05/03/2026;25/02/2026;Entregue No Prazo;;Entrega realizada;Entrega Finalizada;5;3;19;2;CARVALIMA;14005;;;
MOBIS BRASIL FABRICACAO DE AUTO PECAS LT;RODOVIARIO;1465832;19/02/2026;1;328815;19/02/2026;MASTER COMERCIAL DE VEICULOS LTDA;2,85E+13;BARREIRAS;BA;19/02/2026;06/03/2026;25/02/2026;Entregue No Prazo;;Entrega realizada;Entrega Finalizada;6;3;19;2;TERMACO;5012;Revolução Pernambucana de 1817;Estadual;PE
MOBIS BRASIL FABRICACAO DE AUTO PECAS LT;RODOVIARIO;1466313;20/02/2026;3;328952;20/02/2026;NOBRE DISTRIBUIDORA DE VEIC. E PEC. LTDA;5,76E+12;SUZANO;SP;20/02/2026;24/02/2026;25/02/2026;Entregue Fora do Prazo;;Entrega realizada;Entrega Finalizada;24;2;20;2;RISSO;26103;;;
MOBIS BRASIL FABRICACAO DE AUTO PECAS LT;RODOVIARIO;1466301;20/02/2026;4;328930;20/02/2026;CAOA MOTOR DO BRASIL LTDA;1,68E+13;SAO CARLOS;SP;20/02/2026;25/02/2026;25/02/2026;Entregue No Prazo;;Entrega realizada;Entrega Finalizada;25;2;20;2;RISSO;5008;;;
MOBIS BRASIL FABRICACAO DE AUTO PECAS LT;RODOVIARIO;1466312;20/02/2026;1;328950;20/02/2026;NEW VEICULOS E PECAS LTDA;1,59E+13;BARRETOS;SP;20/02/2026;26/02/2026;25/02/2026;Entregue No Prazo;;Entrega realizada;Entrega Finalizada;26;2;20;2;RISSO;26014;;;
MOBIS BRASIL FABRICACAO DE AUTO PECAS LT;RODOVIARIO;1466246;20/02/2026;1;328967;20/02/2026;TOKSU COMERCIO DE VEICULOS LTDA;1,12E+13;JUIZ DE FORA;MG;20/02/2026;26/02/2026;25/02/2026;Entregue No Prazo;;Entrega realizada;Entrega Finalizada;26;2;20;2;XD BETIM;11008;;;
MOBIS BRASIL FABRICACAO DE AUTO PECAS LT;RODOVIARIO;1466248;20/02/2026;1;328971;20/02/2026;URCA MOTORS VEICULOS LTDA;8,77E+12;UBERABA;MG;20/02/2026;26/02/2026;25/02/2026;Entregue No Prazo;;Entrega realizada;Entrega Finalizada;26;2;20;2;XD BETIM;9014;;;
MOBIS BRASIL FABRICACAO DE AUTO PECAS LT;RODOVIARIO;1466266;20/02/2026;2;329006;20/02/2026;BARI VEICULOS LTDA;7,46E+12;GUARAPUAVA;PR;20/02/2026;26/02/2026;25/02/2026;Entregue No Prazo;;Entrega realizada;Entrega Finalizada;26;2;20;2;BAUER;18024;;;
MOBIS BRASIL FABRICACAO DE AUTO PECAS LT;RODOVIARIO;1466671;20/02/2026;1;329009;20/02/2026;BARI VEICULOS LTDA.;7,46E+12;JOINVILLE;SC;20/02/2026;26/02/2026;25/02/2026;Entregue No Prazo;;Entrega realizada;Entrega Finalizada;26;2;20;2;BAUER;24013;;;
MOBIS BRASIL FABRICACAO DE AUTO PECAS LT;RODOVIARIO;1466278;20/02/2026;24;329010;20/02/2026;CARWAY SUL VEICULOS LTDA;1,03E+13;CANOAS;RS;20/02/2026;26/02/2026;25/02/2026;Entregue No Prazo;;Entrega realizada;Entrega Finalizada;26;2;20;2;TRANSTRY;23003;;;
MOBIS BRASIL FABRICACAO DE AUTO PECAS LT;RODOVIARIO;1466262;20/02/2026;1;329019;20/02/2026;LOVAT VEICULOS S/A;8,57E+12;MARINGA;PR;20/02/2026;26/02/2026;25/02/2026;Entregue No Prazo;;Entrega realizada;Entrega Finalizada;26;2;20;2;BAUER;18008;;;
MOBIS BRASIL FABRICACAO DE AUTO PECAS LT;RODOVIARIO;1466253;20/02/2026;2;328958;20/02/2026;GNC GRANDE COREIA MINAS GERAIS COMERCIO;4,27E+13;MONTES CLAROS;MG;20/02/2026;27/02/2026;25/02/2026;Entregue No Prazo;;Entrega realizada;Entrega Finalizada;27;2;20;2;XD BETIM;11035;;;
MOBIS BRASIL FABRICACAO DE AUTO PECAS LT;RODOVIARIO;1466284;20/02/2026;1;329000;20/02/2026;ATUAL VEICULOS LTDA;1,33E+13;ARARANGUA;SC;20/02/2026;27/02/2026;25/02/2026;Entregue No Prazo;;Entrega realizada;Entrega Finalizada;27;2;20;2;BAUER;24001;;;
MOBIS BRASIL FABRICACAO DE AUTO PECAS LT;RODOVIARIO;1466285;20/02/2026;5;329002;20/02/2026;ATUAL VEICULOS LTDA;1,33E+13;CRICIUMA;SC;20/02/2026;27/02/2026;25/02/2026;Entregue No Prazo;;Entrega realizada;Entrega Finalizada;27;2;20;2;BAUER;24001;;;
MOBIS BRASIL FABRICACAO DE AUTO PECAS LT;RODOVIARIO;1466670;20/02/2026;5;329004;20/02/2026;BARI VEICULOS LTDA;7,46E+12;BLUMENAU;SC;20/02/2026;27/02/2026;25/02/2026;Entregue No Prazo;;Entrega realizada;Entrega Finalizada;27;2;20;2;BAUER;18024;;;
MOBIS BRASIL FABRICACAO DE AUTO PECAS LT;RODOVIARIO;1466289;20/02/2026;3;329020;20/02/2026;LR COMERCIO DE VEICULOS LTDA;1,05E+13;RIO DO SUL;SC;20/02/2026;27/02/2026;25/02/2026;Entregue No Prazo;;Entrega realizada;Entrega Finalizada;27;2;20;2;BAUER;24007;;;
MOBIS BRASIL FABRICACAO DE AUTO PECAS LT;RODOVIARIO;1466668;20/02/2026;3;329021;20/02/2026;SANTA FE VEICULOS LTDA.;1,16E+13;FRANCISCO BELTRAO;PR;20/02/2026;27/02/2026;25/02/2026;Entregue No Prazo;;Entrega realizada;Entrega Finalizada;27;2;20;2;BAUER;18010;;;
MOBIS BRASIL FABRICACAO DE AUTO PECAS LT;RODOVIARIO;1466264;20/02/2026;2;329024;20/02/2026;ZENDAI VEICULOS LTDA;1,97E+13;TOLEDO;PR;20/02/2026;27/02/2026;25/02/2026;Entregue No Prazo;;Entrega realizada;Entrega Finalizada;27;2;20;2;BAUER;18016;;;
MOBIS BRASIL FABRICACAO DE AUTO PECAS LT;RODOVIARIO;1466283;20/02/2026;6;329011;20/02/2026;CHINHAN AUTOMOVEIS LTDA;2,41E+13;ERECHIM;RS;20/02/2026;02/03/2026;25/02/2026;Entregue No Prazo;;Entrega realizada;Entrega Finalizada;2;3;20;2;BAUER;23019;;;
MOBIS BRASIL FABRICACAO DE AUTO PECAS LT;RODOVIARIO;1466282;20/02/2026;1;329015;20/02/2026;HOUSE PARTS - COM. DE PECAS E VEIC. LTDA;1,15E+13;SANTA CRUZ DO SUL;RS;20/02/2026;02/03/2026;25/02/2026;Entregue No Prazo;;Entrega realizada;Entrega Finalizada;2;3;20;2;BAUER;23017;;;
MOBIS BRASIL FABRICACAO DE AUTO PECAS LT;RODOVIARIO;1466241;20/02/2026;1;328970;20/02/2026;URCA MOTORS VEICULOS LTDA;8,77E+12;RIO VERDE;GO;20/02/2026;04/03/2026;25/02/2026;Entregue No Prazo;;Entrega realizada;Entrega Finalizada;4;3;20;2;RIO VERMELHO;9014;;;
MOBIS BRASIL FABRICACAO DE AUTO PECAS LT;RODOVIARIO;1466243;20/02/2026;1;328959;20/02/2026;NASA MOTORS LTDA.;2,65E+13;SAO LUIS DE MONTES BELOS;GO;20/02/2026;06/03/2026;25/02/2026;Entregue No Prazo;;Entrega realizada;Entrega Finalizada;6;3;20;2;RIO VERMELHO;9016;Revolução Pernambucana de 1817;Estadual;PE
MOBIS BRASIL FABRICACAO DE AUTO PECAS LT;RODOVIARIO;1466276;20/02/2026;2;328980;20/02/2026;COMETA JI PARANA COM. DE VEIC. LTDA;4,23E+12;JIPARANA;RO;20/02/2026;11/03/2026;25/02/2026;Entregue No Prazo;;Entrega realizada;Entrega Finalizada;11;3;20;2;CARVALIMA;21002;;;
MOBIS BRASIL FABRICACAO DE AUTO PECAS LT;RODOVIARIO;1467226;23/02/2026;1;329144;23/02/2026;BILLY DISTRIBUIDORA DE VEICULOS LTDA;1,34E+13;SAO CAETANO DO SUL;SP;23/02/2026;25/02/2026;25/02/2026;Entregue No Prazo;;Entrega realizada;Entrega Finalizada;25;2;23;2;RISSO;26003;;;
MOBIS BRASIL FABRICACAO DE AUTO PECAS LT;RODOVIARIO;1467227;23/02/2026;47;329144;23/02/2026;BILLY DISTRIBUIDORA DE VEICULOS LTDA;1,34E+13;SAO CAETANO DO SUL;SP;23/02/2026;25/02/2026;25/02/2026;Entregue No Prazo;;Entrega realizada;Entrega Finalizada;25;2;23;2;RISSO;26003;;;
MOBIS BRASIL FABRICACAO DE AUTO PECAS LT;RODOVIARIO;1467283;23/02/2026;2;329145;23/02/2026;BILLY DISTRIBUIDORA DE VEICULOS LTDA;1,34E+13;SAO PAULO;SP;23/02/2026;25/02/2026;25/02/2026;Entregue No Prazo;;Entrega realizada;Entrega Finalizada;25;2;23;2;RISSO;26003;;;
MOBIS BRASIL FABRICACAO DE AUTO PECAS LT;RODOVIARIO;1466952;23/02/2026;2;329148;23/02/2026;CAOA MOTOR DO BRASIL LTDA;1,68E+13;SAO BERNARDO DO CAMPO;SP;23/02/2026;25/02/2026;25/02/2026;Entregue No Prazo;;Entrega realizada;Entrega Finalizada;25;2;23;2;RISSO;5008;;;
MOBIS BRASIL FABRICACAO DE AUTO PECAS LT;RODOVIARIO;1466963;23/02/2026;1;329152;23/02/2026;CAOA MOTOR DO BRASIL LTDA(RAP. TAVARES);1,68E+13;SAO PAULO;SP;23/02/2026;25/02/2026;25/02/2026;Entregue No Prazo;;Entrega realizada;Entrega Finalizada;25;2;23;2;RISSO;26109;;;
MOBIS BRASIL FABRICACAO DE AUTO PECAS LT;RODOVIARIO;1466958;23/02/2026;16;329158;23/02/2026;GRANDAY AUTOMOTORES LTDA (CHAC. CALIFOR);1,57E+13;SAO PAULO;SP;23/02/2026;25/02/2026;25/02/2026;Entregue No Prazo;;Entrega realizada;Entrega Finalizada;25;2;23;2;RISSO;26090;;;
MOBIS BRASIL FABRICACAO DE AUTO PECAS LT;RODOVIARIO;1466962;23/02/2026;1;329164;23/02/2026;NOBRE DISTRIBUIDORA DE VEIC. E PEC. LTDA;5,76E+12;SUZANO;SP;23/02/2026;25/02/2026;25/02/2026;Entregue No Prazo;;Entrega realizada;Entrega Finalizada;25;2;23;2;RISSO;26103;;;
MOBIS BRASIL FABRICACAO DE AUTO PECAS LT;RODOVIARIO;1466943;23/02/2026;1;329165;23/02/2026;NOBRE DISTRIBUIDORA DE VEICULOS E PECAS;5,76E+12;MOGI DAS CRUZES;SP;23/02/2026;25/02/2026;25/02/2026;Entregue No Prazo;;Entrega realizada;Entrega Finalizada;25;2;23;2;RISSO;26004;;;
MOBIS BRASIL FABRICACAO DE AUTO PECAS LT;RODOVIARIO;1466953;23/02/2026;1;329149;23/02/2026;CAOA MOTOR DO BRASIL LTDA;1,68E+13;SAO CARLOS;SP;23/02/2026;26/02/2026;25/02/2026;Entregue No Prazo;;Entrega realizada;Entrega Finalizada;26;2;23;2;RISSO;5008;;;
MOBIS BRASIL FABRICACAO DE AUTO PECAS LT;RODOVIARIO;1467217;23/02/2026;3;329176;23/02/2026;TAI MOTORS VEICULOS S/A;9,27E+12;BELO HORIZONTE;MG;23/02/2026;26/02/2026;25/02/2026;Entregue No Prazo;;Entrega realizada;Entrega Finalizada;26;2;23;2;XD BETIM;8002;;;
MOBIS BRASIL FABRICACAO DE AUTO PECAS LT;RODOVIARIO;1466921;23/02/2026;8;329210;23/02/2026;BARI VEICULOS LTDA;7,46E+12;CURITIBA;PR;23/02/2026;26/02/2026;25/02/2026;Entregue No Prazo;;Entrega realizada;Entrega Finalizada;26;2;23;2;BAUER;18024;;;
MOBIS BRASIL FABRICACAO DE AUTO PECAS LT;RODOVIARIO;1466916;23/02/2026;2;329228;23/02/2026;SEVEC VEICULOS LTDA;5,68E+11;CURITIBA;PR;23/02/2026;26/02/2026;25/02/2026;Entregue No Prazo;;Entrega realizada;Entrega Finalizada;26;2;23;2;BAUER;18012;;;
MOBIS BRASIL FABRICACAO DE AUTO PECAS LT;RODOVIARIO;1466899;23/02/2026;4;329177;23/02/2026;URCA MOTORS VEICULOS LTDA;8,77E+12;UBERABA;MG;23/02/2026;27/02/2026;25/02/2026;Entregue No Prazo;;Entrega realizada;Entrega Finalizada;27;2;23;2;XD BETIM;9014;;;
MOBIS BRASIL FABRICACAO DE AUTO PECAS LT;RODOVIARIO;1466897;23/02/2026;1;329180;23/02/2026;URCA MOTORS VEICULOS LTDA;8,77E+12;UBERLANDIA;MG;23/02/2026;27/02/2026;25/02/2026;Entregue No Prazo;;Entrega realizada;Entrega Finalizada;27;2;23;2;XD BETIM;9014;;;
MOBIS BRASIL FABRICACAO DE AUTO PECAS LT;RODOVIARIO;1466920;23/02/2026;1;329212;23/02/2026;BARI VEICULOS LTDA;7,46E+12;SAO JOSE DOS PINHAIS;PR;23/02/2026;27/02/2026;25/02/2026;Entregue No Prazo;;Entrega realizada;Entrega Finalizada;27;2;23;2;BAUER;18024;;;
MOBIS BRASIL FABRICACAO DE AUTO PECAS LT;RODOVIARIO;1466918;23/02/2026;1;329213;23/02/2026;BARI VEICULOS LTDA;7,46E+12;GUARAPUAVA;PR;23/02/2026;27/02/2026;25/02/2026;Entregue No Prazo;;Entrega realizada;Entrega Finalizada;27;2;23;2;BAUER;18024;;;
MOBIS BRASIL FABRICACAO DE AUTO PECAS LT;RODOVIARIO;1467222;23/02/2026;4;329215;23/02/2026;BARI VEICULOS LTDA.;7,46E+12;JOINVILLE;SC;23/02/2026;27/02/2026;25/02/2026;Entregue No Prazo;;Entrega realizada;Entrega Finalizada;27;2;23;2;BAUER;24013;;;
MOBIS BRASIL FABRICACAO DE AUTO PECAS LT;RODOVIARIO;1466917;23/02/2026;1;329229;23/02/2026;VETOR AUTOMOVEIS LTDA;2,12E+13;CASCAVEL;PR;23/02/2026;27/02/2026;25/02/2026;Entregue No Prazo;;Entrega realizada;Entrega Finalizada;27;2;23;2;BAUER;18019;;;
MOBIS BRASIL FABRICACAO DE AUTO PECAS LT;RODOVIARIO;1466902;23/02/2026;3;329168;23/02/2026;GNC GRANDE COREIA MINAS GERAIS COMERCIO;4,27E+13;MONTES CLAROS;MG;23/02/2026;02/03/2026;25/02/2026;Entregue No Prazo;;Entrega realizada;Entrega Finalizada;2;3;23;2;XD BETIM;11035;;;
MOBIS BRASIL FABRICACAO DE AUTO PECAS LT;RODOVIARIO;1466936;23/02/2026;3;329209;23/02/2026;ATUAL VEICULOS LTDA;1,33E+13;CRICIUMA;SC;23/02/2026;02/03/2026;25/02/2026;Entregue No Prazo;;Entrega realizada;Entrega Finalizada;2;3;23;2;BAUER;24001;;;
MOBIS BRASIL FABRICACAO DE AUTO PECAS LT;RODOVIARIO;1467221;23/02/2026;12;329214;23/02/2026;BARI VEICULOS LTDA;7,46E+12;BLUMENAU;SC;23/02/2026;02/03/2026;25/02/2026;Entregue No Prazo;;Entrega realizada;Entrega Finalizada;2;3;23;2;BAUER;18024;;;
MOBIS BRASIL FABRICACAO DE AUTO PECAS LT;RODOVIARIO;1466938;23/02/2026;7;329225;23/02/2026;LR COMERCIO DE VEICULOS LTDA;1,05E+13;SAO JOSE;SC;23/02/2026;02/03/2026;25/02/2026;Entregue No Prazo;;Entrega realizada;Entrega Finalizada;2;3;23;2;BAUER;24007;;;
MOBIS BRASIL FABRICACAO DE AUTO PECAS LT;RODOVIARIO;1467219;23/02/2026;2;329227;23/02/2026;SANTA FE VEICULOS LTDA.;1,16E+13;FRANCISCO BELTRAO;PR;23/02/2026;02/03/2026;25/02/2026;Entregue No Prazo;;Entrega realizada;Entrega Finalizada;2;3;23;2;BAUER;18010;;;
MOBIS BRASIL FABRICACAO DE AUTO PECAS LT;RODOVIARIO;1467677;24/02/2026;3;329379;24/02/2026;CAOA MOTOR DO BRASIL LTDA (VL PRUDENTE);1,68E+13;SAO PAULO;SP;24/02/2026;26/02/2026;25/02/2026;Entregue No Prazo;;Entrega realizada;Entrega Finalizada;26;2;24;2;RISSO;26051;;;
MOBIS BRASIL FABRICACAO DE AUTO PECAS LT;RODOVIARIO;1467692;24/02/2026;2;329380;24/02/2026;CAOA MOTOR DO BRASIL LTDA(RAP. TAVARES);1,68E+13;SAO PAULO;SP;24/02/2026;26/02/2026;25/02/2026;Entregue No Prazo;;Entrega realizada;Entrega Finalizada;26;2;24;2;RISSO;26109;;;
MOBIS BRASIL FABRICACAO DE AUTO PECAS LT;RODOVIARIO;1467487;24/02/2026;1;329380;24/02/2026;CAOA MOTOR DO BRASIL LTDA(RAP. TAVARES);1,68E+13;SAO PAULO;SP;24/02/2026;26/02/2026;25/02/2026;Entregue No Prazo;;Entrega realizada;Entrega Finalizada;26;2;24;2;RISSO;26109;;;
MOBIS BRASIL FABRICACAO DE AUTO PECAS LT;RODOVIARIO;1467691;24/02/2026;1;329381;24/02/2026;CHS MOTORS VEICULOS PECAS E SERV.  LTDA;1,69E+13;SAO PAULO;SP;24/02/2026;26/02/2026;25/02/2026;Entregue No Prazo;;Entrega realizada;Entrega Finalizada;26;2;24;2;RISSO;26108;;;
MOBIS BRASIL FABRICACAO DE AUTO PECAS LT;RODOVIARIO;1467955;24/02/2026;5;329382;24/02/2026;CHS MOTORS VEICULOS PECAS(VL. GUILHERME);1,69E+13;SAO PAULO;SP;24/02/2026;26/02/2026;25/02/2026;Entregue No Prazo;;Entrega realizada;Entrega Finalizada;26;2;24;2;RISSO;26052;;;
MOBIS BRASIL FABRICACAO DE AUTO PECAS LT;RODOVIARIO;1467674;24/02/2026;4;329388;24/02/2026;GRAND SPORT COM. DE VEIC. E PECAS LTDA;8,58E+12;SAO PAULO;SP;24/02/2026;26/02/2026;25/02/2026;Entregue No Prazo;;Entrega realizada;Entrega Finalizada;26;2;24;2;RISSO;26034;;;
MOBIS BRASIL FABRICACAO DE AUTO PECAS LT;RODOVIARIO;1467684;24/02/2026;3;329390;24/02/2026;GRANDAY AUTOMOTORES LTDA (CHAC. CALIFOR);1,57E+13;SAO PAULO;SP;24/02/2026;26/02/2026;25/02/2026;Entregue No Prazo;;Entrega realizada;Entrega Finalizada;26;2;24;2;RISSO;26090;;;
MOBIS BRASIL FABRICACAO DE AUTO PECAS LT;RODOVIARIO;1467685;24/02/2026;15;329390;24/02/2026;GRANDAY AUTOMOTORES LTDA (CHAC. CALIFOR);1,57E+13;SAO PAULO;SP;24/02/2026;26/02/2026;25/02/2026;Entregue No Prazo;;Entrega realizada;Entrega Finalizada;26;2;24;2;RISSO;26090;;;
MOBIS BRASIL FABRICACAO DE AUTO PECAS LT;RODOVIARIO;1467486;24/02/2026;1;329390;24/02/2026;GRANDAY AUTOMOTORES LTDA (CHAC. CALIFOR);1,57E+13;SAO PAULO;SP;24/02/2026;26/02/2026;25/02/2026;Entregue No Prazo;;Entrega realizada;Entrega Finalizada;26;2;24;2;RISSO;26090;;;
MOBIS BRASIL FABRICACAO DE AUTO PECAS LT;RODOVIARIO;1467693;24/02/2026;20;329394;24/02/2026;H RACING GARAGE LTDA ;3,24E+13;SAO PAULO;SP;24/02/2026;26/02/2026;25/02/2026;Entregue No Prazo;;Entrega realizada;Entrega Finalizada;26;2;24;2;RISSO;29944;;;
MOBIS BRASIL FABRICACAO DE AUTO PECAS LT;RODOVIARIO;1467683;24/02/2026;1;329377;24/02/2026;CAOA MOTOR DO BRASIL LTDA;1,68E+13;SANTOS;SP;24/02/2026;27/02/2026;25/02/2026;Entregue No Prazo;;Entrega realizada;Entrega Finalizada;27;2;24;2;RISSO;5008;;;
MOBIS BRASIL FABRICACAO DE AUTO PECAS LT;RODOVIARIO;1467682;24/02/2026;2;329376;24/02/2026;CAOA MOTOR DO BRASIL LTDA;1,68E+13;PRAIA GRANDE;SP;24/02/2026;02/03/2026;25/02/2026;Entregue No Prazo;;Entrega realizada;Entrega Finalizada;2;3;24;2;RISSO;5008;;;
MOBIS BRASIL FABRICACAO DE AUTO PECAS LT;RODOVIARIO;1467687;24/02/2026;1;329391;24/02/2026;H - CAMINHO AUTOMOVEIS LTDA;2,53E+13;PIRACICABA;SP;24/02/2026;02/03/2026;25/02/2026;Entregue No Prazo;;Entrega realizada;Entrega Finalizada;2;3;24;2;RISSO;26092;;;
MOBIS BRASIL FABRICACAO DE AUTO PECAS LT;RODOVIARIO;1467688;24/02/2026;1;329391;24/02/2026;H - CAMINHO AUTOMOVEIS LTDA;2,53E+13;PIRACICABA;SP;24/02/2026;02/03/2026;25/02/2026;Entregue No Prazo;;Entrega realizada;Entrega Finalizada;2;3;24;2;RISSO;26092;;;
MOBIS BRASIL FABRICACAO DE AUTO PECAS LT;RODOVIARIO;1467952;24/02/2026;3;329395;24/02/2026;HYMAX DISTRIBUIDORA DE VEICULOS LTDA;1,73E+13;MOGI GUACU;SP;24/02/2026;02/03/2026;25/02/2026;Entregue No Prazo;;Entrega realizada;Entrega Finalizada;2;3;24;2;RISSO;26002;;;
MOBIS BRASIL FABRICACAO DE AUTO PECAS LT;RODOVIARIO;1461995;10/02/2026;3;327667;10/02/2026;JPN PATOS COMERCIO DE VEICULOS LTDA;4,20E+13;PATOS;PB;10/02/2026;26/02/2026;26/02/2026;Entregue No Prazo;;Entrega realizada;Entrega Finalizada;26;2;10;2;TERMACO;15004;;;
MOBIS BRASIL FABRICACAO DE AUTO PECAS LT;RODOVIARIO;1464499;13/02/2026;1;328252;13/02/2026;CAOA MOTOR DO BRASIL LTDA;1,68E+13;CAMPINA GRANDE;PB;13/02/2026;03/03/2026;26/02/2026;Entregue No Prazo;;Entrega realizada;Entrega Finalizada;3;3;13;2;TERMACO;5008;;;
MOBIS BRASIL FABRICACAO DE AUTO PECAS LT;RODOVIARIO;1464469;13/02/2026;3;328283;13/02/2026;SAINT LAND COMERCIO DE VEICULOS LTDA;1,04E+13;JUAZEIRO DO NORTE;CE;13/02/2026;03/03/2026;26/02/2026;Entregue No Prazo;;Entrega realizada;Entrega Finalizada;3;3;13;2;TERMACO;6010;;;
MOBIS BRASIL FABRICACAO DE AUTO PECAS LT;RODOVIARIO;1465066;18/02/2026;1;328536;18/02/2026;GALA COMERCIO DE VEICULOS LTDA.;1,77E+13;PELOTAS;RS;18/02/2026;25/02/2026;26/02/2026;Entregue Fora do Prazo;;Entrega realizada;Entrega Finalizada;25;2;18;2;BAUER;23009;;;
MOBIS BRASIL FABRICACAO DE AUTO PECAS LT;RODOVIARIO;1465058;18/02/2026;3;328573;18/02/2026;TAI MOTORS VEICULOS S/A.;9,27E+12;CAMPOS DOS GOYTACAZES;RJ;18/02/2026;25/02/2026;26/02/2026;Entregue Fora do Prazo;;Entrega realizada;Entrega Finalizada;25;2;18;2;CAMILO;19023;;;
MOBIS BRASIL FABRICACAO DE AUTO PECAS LT;RODOVIARIO;1465099;18/02/2026;3;328572;18/02/2026;SAINT LAND COMERCIO DE VEICULOS LTDA;1,04E+13;ARACAJU;SE;18/02/2026;03/03/2026;26/02/2026;Entregue No Prazo;;Entrega realizada;Entrega Finalizada;3;3;18;2;TERMACO;6010;;;
MOBIS BRASIL FABRICACAO DE AUTO PECAS LT;RODOVIARIO;1465035;18/02/2026;1;328519;18/02/2026;NASA MOTORS LTDA.;2,65E+13;SAO LUIS DE MONTES BELOS;GO;18/02/2026;04/03/2026;26/02/2026;Entregue No Prazo;;Entrega realizada;Entrega Finalizada;4;3;18;2;RIO VERMELHO;9016;;;
MOBIS BRASIL FABRICACAO DE AUTO PECAS LT;RODOVIARIO;1465046;18/02/2026;5;328564;18/02/2026;PATEO COMERCIO DE VEICULOS S A;7,78E+12;RECIFE;PE;18/02/2026;05/03/2026;26/02/2026;Entregue No Prazo;;Entrega realizada;Entrega Finalizada;5;3;18;2;TERMACO;16004;;;
MOBIS BRASIL FABRICACAO DE AUTO PECAS LT;RODOVIARIO;1465023;18/02/2026;1;328571;18/02/2026;SAINT LAND COMERCIO DE VEICULOS LTDA;1,04E+13;JUAZEIRO DO NORTE;CE;18/02/2026;06/03/2026;26/02/2026;Entregue No Prazo;;Entrega realizada;Entrega Finalizada;6;3;18;2;TERMACO;6010;Revolução Pernambucana de 1817;Estadual;PE
MOBIS BRASIL FABRICACAO DE AUTO PECAS LT;RODOVIARIO;1465909;19/02/2026;6;328788;19/02/2026;GALA COMERCIO DE VEICULOS LTDA.;1,77E+13;PELOTAS;RS;19/02/2026;26/02/2026;26/02/2026;Entregue No Prazo;;Entrega realizada;Entrega Finalizada;26;2;19;2;BAUER;23009;;;
MOBIS BRASIL FABRICACAO DE AUTO PECAS LT;RODOVIARIO;1465973;19/02/2026;3;328826;19/02/2026;SAINT LAND COMERCIO DE VEICULOS LTDA;1,04E+13;ARACAJU;SE;19/02/2026;04/03/2026;26/02/2026;Entregue No Prazo;;Entrega realizada;Entrega Finalizada;4;3;19;2;TERMACO;6010;;;
MOBIS BRASIL FABRICACAO DE AUTO PECAS LT;RODOVIARIO;1465850;19/02/2026;2;328757;19/02/2026;NASA MOTORS LTDA.;2,65E+13;SAO LUIS DE MONTES BELOS;GO;19/02/2026;05/03/2026;26/02/2026;Entregue No Prazo;;Entrega realizada;Entrega Finalizada;5;3;19;2;RIO VERMELHO;9016;;;
MOBIS BRASIL FABRICACAO DE AUTO PECAS LT;RODOVIARIO;1465826;19/02/2026;5;328807;19/02/2026;CYCOSA AUTOMOVEIS LTDA;4,76E+12;MACEIO;AL;19/02/2026;05/03/2026;26/02/2026;Entregue No Prazo;;Entrega realizada;Entrega Finalizada;5;3;19;2;TERMACO;2001;;;
MOBIS BRASIL FABRICACAO DE AUTO PECAS LT;RODOVIARIO;1465904;19/02/2026;2;328824;19/02/2026;SAGA ASIA COM. DE VEIC.PC.E SERV. LTDA;2,14E+13;PORTO VELHO;RO;19/02/2026;05/03/2026;26/02/2026;Entregue No Prazo;;Entrega realizada;Entrega Finalizada;5;3;19;2;CARVALIMA;21003;;;
MOBIS BRASIL FABRICACAO DE AUTO PECAS LT;RODOVIARIO;1465829;19/02/2026;1;328798;19/02/2026;AIKON VEICULOS LTDA;1,17E+13;VITORIA DA CONQUISTA;BA;19/02/2026;06/03/2026;26/02/2026;Entregue No Prazo;;Entrega realizada;Entrega Finalizada;6;3;19;2;TERMACO;5002;Revolução Pernambucana de 1817;Estadual;PE
MOBIS BRASIL FABRICACAO DE AUTO PECAS LT;RODOVIARIO;1465830;19/02/2026;1;328799;19/02/2026;AIKON VEICULOS LTDA;1,17E+13;ITABUNA;BA;19/02/2026;06/03/2026;26/02/2026;Entregue No Prazo;;Entrega realizada;Entrega Finalizada;6;3;19;2;TERMACO;5002;Revolução Pernambucana de 1817;Estadual;PE
MOBIS BRASIL FABRICACAO DE AUTO PECAS LT;RODOVIARIO;1466310;20/02/2026;1;328946;20/02/2026;H - CAMINHO AUTOMOVEIS LTDA;2,53E+13;LIMEIRA;SP;20/02/2026;25/02/2026;26/02/2026;Entregue Fora do Prazo;;Entrega realizada;Entrega Finalizada;25;2;20;2;RISSO;26092;;;
MOBIS BRASIL FABRICACAO DE AUTO PECAS LT;RODOVIARIO;1466277;20/02/2026;4;329018;20/02/2026;HOUSE PARTS-COM. DE PCS. E VEICULOS LTDA;1,15E+13;PORTO ALEGRE;RS;20/02/2026;26/02/2026;26/02/2026;Entregue No Prazo;;Entrega realizada;Entrega Finalizada;26;2;20;2;BAUER;23004;;;
MOBIS BRASIL FABRICACAO DE AUTO PECAS LT;RODOVIARIO;1466271;20/02/2026;1;328983;20/02/2026;GRAFFITI VEICULOS LTDA.;1,71E+13;ITAPERUNA;RJ;20/02/2026;27/02/2026;26/02/2026;Entregue No Prazo;;Entrega realizada;Entrega Finalizada;27;2;20;2;CAMILO;19015;;;
MOBIS BRASIL FABRICACAO DE AUTO PECAS LT;RODOVIARIO;1466235;20/02/2026;1;328995;20/02/2026;TAI MOTORS VEICULOS S/A;9,27E+12;VITORIA;ES;20/02/2026;27/02/2026;26/02/2026;Entregue No Prazo;;Entrega realizada;Entrega Finalizada;27;2;20;2;CAMILO;8002;;;
MOBIS BRASIL FABRICACAO DE AUTO PECAS LT;RODOVIARIO;1466234;20/02/2026;1;328998;20/02/2026;VIA BRASIL AUTOMOVEIS LTDA.;4,72E+12;SERRA;ES;20/02/2026;27/02/2026;26/02/2026;Entregue No Prazo;;Entrega realizada;Entrega Finalizada;27;2;20;2;CAMILO;8001;;;
MOBIS BRASIL FABRICACAO DE AUTO PECAS LT;RODOVIARIO;1466255;20/02/2026;1;328982;20/02/2026;GOLDEN MOTORS VEICULOS LTDA;3,62E+12;DOURADOS;MS;20/02/2026;02/03/2026;26/02/2026;Entregue No Prazo;;Entrega realizada;Entrega Finalizada;2;3;20;2;CARVALIMA;12001;;;
MOBIS BRASIL FABRICACAO DE AUTO PECAS LT;RODOVIARIO;1466242;20/02/2026;1;328968;20/02/2026;URCA MOTORS VEICULOS LTDA;8,77E+12;ITUMBIARA;GO;20/02/2026;04/03/2026;26/02/2026;Entregue No Prazo;;Entrega realizada;Entrega Finalizada;4;3;20;2;RIO VERMELHO;9014;;;
MOBIS BRASIL FABRICACAO DE AUTO PECAS LT;RODOVIARIO;1466903;23/02/2026;27;329167;23/02/2026;BDG AUTOVILLE VEICULOS LTDA;4,77E+13;CONTAGEM;MG;23/02/2026;26/02/2026;26/02/2026;Entregue No Prazo;;Entrega realizada;Entrega Finalizada;26;2;23;2;XD BETIM;11037;;;
MOBIS BRASIL FABRICACAO DE AUTO PECAS LT;RODOVIARIO;1466924;23/02/2026;29;329191;23/02/2026;ITAVEMA MOTORS VEICULOS LTDA;7,73E+12;RIO DE JANEIRO;RJ;23/02/2026;27/02/2026;26/02/2026;Entregue No Prazo;;Entrega realizada;Entrega Finalizada;27;2;23;2;CAMILO;19001;;;
MOBIS BRASIL FABRICACAO DE AUTO PECAS LT;RODOVIARIO;1466923;23/02/2026;1;329191;23/02/2026;ITAVEMA MOTORS VEICULOS LTDA;7,73E+12;RIO DE JANEIRO;RJ;23/02/2026;27/02/2026;26/02/2026;Entregue No Prazo;;Entrega realizada;Entrega Finalizada;27;2;23;2;CAMILO;19001;;;
MOBIS BRASIL FABRICACAO DE AUTO PECAS LT;RODOVIARIO;1466932;23/02/2026;1;329216;23/02/2026;CARWAY SUL VEICULOS LTDA;1,03E+13;NOVO HAMBURGO;RS;23/02/2026;27/02/2026;26/02/2026;Entregue No Prazo;;Entrega realizada;Entrega Finalizada;27;2;23;2;BAUER;23003;;;
MOBIS BRASIL FABRICACAO DE AUTO PECAS LT;RODOVIARIO;1466931;23/02/2026;1;329222;23/02/2026;HOUSE PARTS-COM. DE PCS. E VEICULOS LTDA;1,15E+13;PORTO ALEGRE;RS;23/02/2026;27/02/2026;26/02/2026;Entregue No Prazo;;Entrega realizada;Entrega Finalizada;27;2;23;2;BAUER;23004;;;
MOBIS BRASIL FABRICACAO DE AUTO PECAS LT;RODOVIARIO;1466904;23/02/2026;1;329173;23/02/2026;RITMO MOTORS LTDA;1,94E+13;PASSOS;MG;23/02/2026;02/03/2026;26/02/2026;Entregue No Prazo;;Entrega realizada;Entrega Finalizada;2;3;23;2;XD BETIM;11040;;;
MOBIS BRASIL FABRICACAO DE AUTO PECAS LT;RODOVIARIO;1466900;23/02/2026;4;329181;23/02/2026;VIME AUTOMOVEIS E PECAS LTDA;2,85E+13;GUAXUPE;MG;23/02/2026;02/03/2026;26/02/2026;Entregue No Prazo;;Entrega realizada;Entrega Finalizada;2;3;23;2;XD BETIM;11031;;;
MOBIS BRASIL FABRICACAO DE AUTO PECAS LT;RODOVIARIO;1466898;23/02/2026;1;329182;23/02/2026;VITAL COMERCIO DE VEICULOS LTDA;1,05E+13;GOVERNADOR VALADARES;MG;23/02/2026;02/03/2026;26/02/2026;Entregue No Prazo;;Entrega realizada;Entrega Finalizada;2;3;23;2;XD BETIM;11016;;;
MOBIS BRASIL FABRICACAO DE AUTO PECAS LT;RODOVIARIO;1466927;23/02/2026;1;329195;23/02/2026;MONTREAL VEICULOS E PECAS LTDA;1,68E+13;SAO PEDRO DA ALDEIA;RJ;23/02/2026;02/03/2026;26/02/2026;Entregue No Prazo;;Entrega realizada;Entrega Finalizada;2;3;23;2;CAMILO;19030;;;
MOBIS BRASIL FABRICACAO DE AUTO PECAS LT;RODOVIARIO;1466941;23/02/2026;1;329224;23/02/2026;LR COMERCIO DE VEICULOS LTDA;1,05E+13;RIO DO SUL;SC;23/02/2026;02/03/2026;26/02/2026;Entregue No Prazo;;Entrega realizada;Entrega Finalizada;2;3;23;2;BAUER;24007;;;
MOBIS BRASIL FABRICACAO DE AUTO PECAS LT;RODOVIARIO;1466939;23/02/2026;1;329226;23/02/2026;PONTO CERTO COMERCIO DE VEICULOS LTDA;1,50E+13;LAGES;SC;23/02/2026;02/03/2026;26/02/2026;Entregue No Prazo;;Entrega realizada;Entrega Finalizada;2;3;23;2;BAUER;24017;;;
MOBIS BRASIL FABRICACAO DE AUTO PECAS LT;RODOVIARIO;1466891;23/02/2026;3;329170;23/02/2026;NISA COMERCIAL DE VEIC. AUTOMOTORES LTDA;1,03E+13;APARECIDA DE GOIANIA;GO;23/02/2026;03/03/2026;26/02/2026;Entregue No Prazo;;Entrega realizada;Entrega Finalizada;3;3;23;2;RIO VERMELHO;9002;;;
MOBIS BRASIL FABRICACAO DE AUTO PECAS LT;RODOVIARIO;1466892;23/02/2026;1;329171;23/02/2026;NISA COMERCIAL DE VEIC. AUTOMOTORES LTDA;1,03E+13;GOIANIA;GO;23/02/2026;03/03/2026;26/02/2026;Entregue No Prazo;;Entrega realizada;Entrega Finalizada;3;3;23;2;RIO VERMELHO;9013;;;
MOBIS BRASIL FABRICACAO DE AUTO PECAS LT;RODOVIARIO;1467220;23/02/2026;2;329218;23/02/2026;CHINHAN AUTOMOVEIS LTDA;2,41E+13;ERECHIM;RS;23/02/2026;03/03/2026;26/02/2026;Entregue No Prazo;;Entrega realizada;Entrega Finalizada;3;3;23;2;BAUER;23019;;;
MOBIS BRASIL FABRICACAO DE AUTO PECAS LT;RODOVIARIO;1466934;23/02/2026;1;329220;23/02/2026;HOUSE PARTS - COM. DE PECAS E VEIC. LTDA;1,15E+13;SANTA CRUZ DO SUL;RS;23/02/2026;03/03/2026;26/02/2026;Entregue No Prazo;;Entrega realizada;Entrega Finalizada;3;3;23;2;BAUER;23017;;;
MOBIS BRASIL FABRICACAO DE AUTO PECAS LT;RODOVIARIO;1466935;23/02/2026;1;329221;23/02/2026;HOUSE PARTS - COM. DE PECAS E VEIC. LTDA;1,15E+13;LAJEADO;RS;23/02/2026;03/03/2026;26/02/2026;Entregue No Prazo;;Entrega realizada;Entrega Finalizada;3;3;23;2;BAUER;23018;;;
MOBIS BRASIL FABRICACAO DE AUTO PECAS LT;RODOVIARIO;1466894;23/02/2026;1;329178;23/02/2026;URCA MOTORS VEICULOS LTDA;8,77E+12;ITUMBIARA;GO;23/02/2026;05/03/2026;26/02/2026;Entregue No Prazo;;Entrega realizada;Entrega Finalizada;5;3;23;2;RIO VERMELHO;9014;;;
MOBIS BRASIL FABRICACAO DE AUTO PECAS LT;RODOVIARIO;1466908;23/02/2026;11;329188;23/02/2026;COMETA MATO GROSSO COM. DE VEICULOS LTDA;1,54E+13;RONDONOPOLIS;MT;23/02/2026;05/03/2026;26/02/2026;Entregue No Prazo;;Entrega realizada;Entrega Finalizada;5;3;23;2;CARVALIMA;13006;;;
MOBIS BRASIL FABRICACAO DE AUTO PECAS LT;RODOVIARIO;1467668;24/02/2026;4;329389;24/02/2026;GRAND SPORT COM. DE VEIC. E PECAS LTDA;8,58E+12;GUARULHOS;SP;24/02/2026;26/02/2026;26/02/2026;Entregue No Prazo;;Entrega realizada;Entrega Finalizada;26;2;24;2;RISSO;26005;;;
MOBIS BRASIL FABRICACAO DE AUTO PECAS LT;RODOVIARIO;1467670;24/02/2026;4;329374;24/02/2026;ANDRETA II DISTRIBUIDORA DE VEIC. LTDA;9,10E+12;CAMPINAS;SP;24/02/2026;27/02/2026;26/02/2026;Entregue No Prazo;;Entrega realizada;Entrega Finalizada;27;2;24;2;RISSO;26011;;;
MOBIS BRASIL FABRICACAO DE AUTO PECAS LT;RODOVIARIO;1467680;24/02/2026;3;329383;24/02/2026;DESTAQUE SEUL DISTR. DE VEIC. E PC. LTDA;2,12E+13;ATIBAIA;SP;24/02/2026;27/02/2026;26/02/2026;Entregue No Prazo;;Entrega realizada;Entrega Finalizada;27;2;24;2;RISSO;26075;;;
MOBIS BRASIL FABRICACAO DE AUTO PECAS LT;RODOVIARIO;1467681;24/02/2026;13;329383;24/02/2026;DESTAQUE SEUL DISTR. DE VEIC. E PC. LTDA;2,12E+13;ATIBAIA;SP;24/02/2026;27/02/2026;26/02/2026;Entregue No Prazo;;Entrega realizada;Entrega Finalizada;27;2;24;2;RISSO;26075;;;
MOBIS BRASIL FABRICACAO DE AUTO PECAS LT;RODOVIARIO;1467679;24/02/2026;2;329384;24/02/2026;DESTAQUE SEUL DISTR. DE VEIC. E PC. LTDA;2,12E+13;BRAGANCA PAULISTA;SP;24/02/2026;27/02/2026;26/02/2026;Entregue No Prazo;;Entrega realizada;Entrega Finalizada;27;2;24;2;RISSO;26074;;;
MOBIS BRASIL FABRICACAO DE AUTO PECAS LT;RODOVIARIO;1467669;24/02/2026;8;329385;24/02/2026;DHC COMERCIO DE VEICULOS E PECAS LTDA;9,52E+12;BAURU;SP;24/02/2026;27/02/2026;26/02/2026;Entregue No Prazo;;Entrega realizada;Entrega Finalizada;27;2;24;2;RISSO;26010;;;
MOBIS BRASIL FABRICACAO DE AUTO PECAS LT;RODOVIARIO;1467643;24/02/2026;1;329431;24/02/2026;BARI VEICULOS LTDA;7,46E+12;CURITIBA;PR;24/02/2026;27/02/2026;26/02/2026;Entregue No Prazo;;Entrega realizada;Entrega Finalizada;27;2;24;2;BAUER;18024;;;
MOBIS BRASIL FABRICACAO DE AUTO PECAS LT;RODOVIARIO;1467637;24/02/2026;1;329443;24/02/2026;SEVEC VEICULOS LTDA;5,68E+11;CURITIBA;PR;24/02/2026;27/02/2026;26/02/2026;Entregue No Prazo;;Entrega realizada;Entrega Finalizada;27;2;24;2;BAUER;18012;;;
MOBIS BRASIL FABRICACAO DE AUTO PECAS LT;RODOVIARIO;1467638;24/02/2026;1;329443;24/02/2026;SEVEC VEICULOS LTDA;5,68E+11;CURITIBA;PR;24/02/2026;27/02/2026;26/02/2026;Entregue No Prazo;;Entrega realizada;Entrega Finalizada;27;2;24;2;BAUER;18012;;;
MOBIS BRASIL FABRICACAO DE AUTO PECAS LT;RODOVIARIO;1467678;24/02/2026;1;329387;24/02/2026;GOLDEN MOTORS VEICULOS LTDA;3,62E+12;ARACATUBA;SP;24/02/2026;02/03/2026;26/02/2026;Entregue No Prazo;;Entrega realizada;Entrega Finalizada;2;3;24;2;RISSO;12001;;;
MOBIS BRASIL FABRICACAO DE AUTO PECAS LT;RODOVIARIO;1467485;24/02/2026;1;329393;24/02/2026;H R B COMERCIO DE VEICULOS LTDA;1,82E+13;SAO JOSE DO RIO PRETO;SP;24/02/2026;02/03/2026;26/02/2026;Entregue No Prazo;;Entrega realizada;Entrega Finalizada;2;3;24;2;RISSO;26050;;;
MOBIS BRASIL FABRICACAO DE AUTO PECAS LT;RODOVIARIO;1467675;24/02/2026;1;329393;24/02/2026;H R B COMERCIO DE VEICULOS LTDA;1,82E+13;SAO JOSE DO RIO PRETO;SP;24/02/2026;02/03/2026;26/02/2026;Entregue No Prazo;;Entrega realizada;Entrega Finalizada;2;3;24;2;RISSO;26050;;;
MOBIS BRASIL FABRICACAO DE AUTO PECAS LT;RODOVIARIO;1467676;24/02/2026;19;329393;24/02/2026;H R B COMERCIO DE VEICULOS LTDA;1,82E+13;SAO JOSE DO RIO PRETO;SP;24/02/2026;02/03/2026;26/02/2026;Entregue No Prazo;;Entrega realizada;Entrega Finalizada;2;3;24;2;RISSO;26050;;;
MOBIS BRASIL FABRICACAO DE AUTO PECAS LT;RODOVIARIO;1467481;24/02/2026;1;329430;24/02/2026;BARI VEICULOS LTDA;7,46E+12;GUARAPUAVA;PR;24/02/2026;02/03/2026;26/02/2026;Entregue No Prazo;;Entrega realizada;Entrega Finalizada;2;3;24;2;BAUER;18024;;;
MOBIS BRASIL FABRICACAO DE AUTO PECAS LT;RODOVIARIO;1467640;24/02/2026;1;329430;24/02/2026;BARI VEICULOS LTDA;7,46E+12;GUARAPUAVA;PR;24/02/2026;02/03/2026;26/02/2026;Entregue No Prazo;;Entrega realizada;Entrega Finalizada;2;3;24;2;BAUER;18024;;;
MOBIS BRASIL FABRICACAO DE AUTO PECAS LT;RODOVIARIO;1467639;24/02/2026;2;329444;24/02/2026;ZENDAI VEICULOS LTDA;1,97E+13;TOLEDO;PR;24/02/2026;03/03/2026;26/02/2026;Entregue No Prazo;;Entrega realizada;Entrega Finalizada;3;3;24;2;BAUER;18016;;;
MOBIS BRASIL FABRICACAO DE AUTO PECAS LT;RODOVIARIO;1468433;25/02/2026;6;329610;25/02/2026;BILLY DISTRIBUIDORA DE VEICULOS LTDA;1,34E+13;BARUERI;SP;25/02/2026;27/02/2026;26/02/2026;Entregue No Prazo;;Entrega realizada;Entrega Finalizada;27;2;25;2;RISSO;26003;;;
MOBIS BRASIL FABRICACAO DE AUTO PECAS LT;RODOVIARIO;1468452;25/02/2026;3;329612;25/02/2026;CAOA MOTOR DO BRASIL LTDA (INDIANOPOLIS);1,68E+13;SAO PAULO;SP;25/02/2026;27/02/2026;26/02/2026;Entregue No Prazo;;Entrega realizada;Entrega Finalizada;27;2;25;2;RISSO;26091;;;
MOBIS BRASIL FABRICACAO DE AUTO PECAS LT;RODOVIARIO;1468456;25/02/2026;3;329614;25/02/2026;CAOA MOTOR DO BRASIL LTDA(RAP. TAVARES);1,68E+13;SAO PAULO;SP;25/02/2026;27/02/2026;26/02/2026;Entregue No Prazo;;Entrega realizada;Entrega Finalizada;27;2;25;2;RISSO;26109;;;
MOBIS BRASIL FABRICACAO DE AUTO PECAS LT;RODOVIARIO;1468439;25/02/2026;1;329615;25/02/2026;CAOA MOTOR DO BRASIL LTDA(VL LEOPOLDINA);1,68E+13;SAO PAULO;SP;25/02/2026;27/02/2026;26/02/2026;Entregue No Prazo;;Entrega realizada;Entrega Finalizada;27;2;25;2;RISSO;26028;;;
MOBIS BRASIL FABRICACAO DE AUTO PECAS LT;RODOVIARIO;1468455;25/02/2026;1;329616;25/02/2026;CHS MOTORS VEICULOS PECAS E SERV.  LTDA;1,69E+13;SAO PAULO;SP;25/02/2026;27/02/2026;26/02/2026;Entregue No Prazo;;Entrega realizada;Entrega Finalizada;27;2;25;2;RISSO;26108;;;
MOBIS BRASIL FABRICACAO DE AUTO PECAS LT;RODOVIARIO;1468448;25/02/2026;1;329617;25/02/2026;CHS MOTORS VEICULOS PECAS E SERV.. LTDA;1,69E+13;SAO PAULO;SP;25/02/2026;27/02/2026;26/02/2026;Entregue No Prazo;;Entrega realizada;Entrega Finalizada;27;2;25;2;RISSO;26077;;;
MOBIS BRASIL FABRICACAO DE AUTO PECAS LT;RODOVIARIO;1468796;25/02/2026;1;329618;25/02/2026;CHS MOTORS VEICULOS PECAS(VL. GUILHERME);1,69E+13;SAO PAULO;SP;25/02/2026;27/02/2026;26/02/2026;Entregue No Prazo;;Entrega realizada;Entrega Finalizada;27;2;25;2;RISSO;26052;;;
MOBIS BRASIL FABRICACAO DE AUTO PECAS LT;RODOVIARIO;1468797;25/02/2026;2;329618;25/02/2026;CHS MOTORS VEICULOS PECAS(VL. GUILHERME);1,69E+13;SAO PAULO;SP;25/02/2026;27/02/2026;26/02/2026;Entregue No Prazo;;Entrega realizada;Entrega Finalizada;27;2;25;2;RISSO;26052;;;
MOBIS BRASIL FABRICACAO DE AUTO PECAS LT;RODOVIARIO;1468440;25/02/2026;1;329624;25/02/2026;GRAND SPORT COM. DE VEIC. E PECAS LTDA;8,58E+12;SAO PAULO;SP;25/02/2026;27/02/2026;26/02/2026;Entregue No Prazo;;Entrega realizada;Entrega Finalizada;27;2;25;2;RISSO;26034;;;
MOBIS BRASIL FABRICACAO DE AUTO PECAS LT;RODOVIARIO;1468441;25/02/2026;3;329625;25/02/2026;GRANDAY AUTOMOTORES LTDA;1,57E+13;SAO PAULO;SP;25/02/2026;27/02/2026;26/02/2026;Entregue No Prazo;;Entrega realizada;Entrega Finalizada;27;2;25;2;RISSO;26041;;;
MOBIS BRASIL FABRICACAO DE AUTO PECAS LT;RODOVIARIO;1468450;25/02/2026;10;329626;25/02/2026;GRANDAY AUTOMOTORES LTDA (CHAC. CALIFOR);1,57E+13;SAO PAULO;SP;25/02/2026;27/02/2026;26/02/2026;Entregue No Prazo;;Entrega realizada;Entrega Finalizada;27;2;25;2;RISSO;26090;;;
MOBIS BRASIL FABRICACAO DE AUTO PECAS LT;RODOVIARIO;1468451;25/02/2026;4;329626;25/02/2026;GRANDAY AUTOMOTORES LTDA (CHAC. CALIFOR);1,57E+13;SAO PAULO;SP;25/02/2026;27/02/2026;26/02/2026;Entregue No Prazo;;Entrega realizada;Entrega Finalizada;27;2;25;2;RISSO;26090;;;
MOBIS BRASIL FABRICACAO DE AUTO PECAS LT;RODOVIARIO;1468457;25/02/2026;9;329628;25/02/2026;H RACING GARAGE LTDA ;3,24E+13;SAO PAULO;SP;25/02/2026;27/02/2026;26/02/2026;Entregue No Prazo;;Entrega realizada;Entrega Finalizada;27;2;25;2;RISSO;29944;;;
MOBIS BRASIL FABRICACAO DE AUTO PECAS LT;RODOVIARIO;1468437;25/02/2026;6;329608;25/02/2026;ANDRETA II DISTRIBUIDORA DE VEIC. LTDA;9,10E+12;CAMPINAS;SP;25/02/2026;02/03/2026;26/02/2026;Entregue No Prazo;;Entrega realizada;Entrega Finalizada;2;3;25;2;RISSO;26011;;;
MOBIS BRASIL FABRICACAO DE AUTO PECAS LT;RODOVIARIO;1463159;11/02/2026;1;327838;11/02/2026;JPN PATOS COMERCIO DE VEICULOS LTDA;4,20E+13;PATOS;PB;11/02/2026;27/02/2026;27/02/2026;Entregue No Prazo;;Entrega realizada;Entrega Finalizada;27;2;11;2;TERMACO;15004;;;
MOBIS BRASIL FABRICACAO DE AUTO PECAS LT;RODOVIARIO;1465892;19/02/2026;9;328778;19/02/2026;BARI VEICULOS LTDA;7,46E+12;PONTA GROSSA;PR;19/02/2026;25/02/2026;27/02/2026;Entregue No Prazo;;Entrega realizada;Entrega Finalizada;25;2;19;2;BAUER;18024;;;
MOBIS BRASIL FABRICACAO DE AUTO PECAS LT;RODOVIARIO;1465843;19/02/2026;10;328822;19/02/2026;PRIME VILA VELHA VEICULOS LTDA.;2,14E+13;VILA VELHA;ES;19/02/2026;26/02/2026;27/02/2026;Entregue No Prazo;;Entrega realizada;Entrega Finalizada;26;2;19;2;CAMILO;8005;;;
MOBIS BRASIL FABRICACAO DE AUTO PECAS LT;RODOVIARIO;1465839;19/02/2026;1;328828;19/02/2026;TAI MOTORS VEICULOS S/A;9,27E+12;VITORIA;ES;19/02/2026;26/02/2026;27/02/2026;Entregue No Prazo;;Entrega realizada;Entrega Finalizada;26;2;19;2;CAMILO;8002;;;
MOBIS BRASIL FABRICACAO DE AUTO PECAS LT;RODOVIARIO;1465841;19/02/2026;1;328821;19/02/2026;PRIME CACHOEIRO VEICULOS LTDA EPP;9,34E+12;CACHOEIRO DE ITAPEMIRIM;ES;19/02/2026;27/02/2026;27/02/2026;Entregue No Prazo;;Entrega realizada;Entrega Finalizada;27;2;19;2;CAMILO;8003;;;
MOBIS BRASIL FABRICACAO DE AUTO PECAS LT;RODOVIARIO;1465840;19/02/2026;2;328821;19/02/2026;PRIME CACHOEIRO VEICULOS LTDA EPP;9,34E+12;CACHOEIRO DE ITAPEMIRIM;ES;19/02/2026;27/02/2026;27/02/2026;Entregue No Prazo;;Entrega realizada;Entrega Finalizada;27;2;19;2;CAMILO;8003;;;
MOBIS BRASIL FABRICACAO DE AUTO PECAS LT;RODOVIARIO;1465963;19/02/2026;1;328808;19/02/2026;FAZZA MOTORS COM. DE VEICULOS LTDA;1,24E+13;FORTALEZA;CE;19/02/2026;05/03/2026;27/02/2026;Entregue No Prazo;;Entrega realizada;Entrega Finalizada;5;3;19;2;TERMACO;6001;;;
MOBIS BRASIL FABRICACAO DE AUTO PECAS LT;RODOVIARIO;1465831;19/02/2026;1;328818;19/02/2026;ORVEL AUTOMOTOR HYD LTDA;2,52E+13;TEIXEIRA DE FREITAS;BA;19/02/2026;06/03/2026;27/02/2026;Entregue No Prazo;;Entrega realizada;Entrega Finalizada;6;3;19;2;TERMACO;5011;Revolução Pernambucana de 1817;Estadual;PE
MOBIS BRASIL FABRICACAO DE AUTO PECAS LT;RODOVIARIO;1465852;19/02/2026;2;328819;19/02/2026;PATEO COMERCIO DE VEICULOS S A;7,78E+12;SAO LUIS;MA;19/02/2026;06/03/2026;27/02/2026;Entregue No Prazo;;Entrega realizada;Entrega Finalizada;6;3;19;2;TERMACO;10002;Revolução Pernambucana de 1817;Estadual;PE
MOBIS BRASIL FABRICACAO DE AUTO PECAS LT;RODOVIARIO;1465903;19/02/2026;4;328825;19/02/2026;SAINT LAND COMERCIO DE VEICULOS LTDA;1,04E+13;NATAL;RN;19/02/2026;06/03/2026;27/02/2026;Entregue No Prazo;;Entrega realizada;Entrega Finalizada;6;3;19;2;TERMACO;6010;Revolução Pernambucana de 1817;Estadual;PE
MOBIS BRASIL FABRICACAO DE AUTO PECAS LT;RODOVIARIO;1465882;19/02/2026;3;328800;19/02/2026;AUTORAC VEICULOS LTDA;1,06E+13;CARUARU;PE;19/02/2026;09/03/2026;27/02/2026;Entregue No Prazo;;Entrega realizada;Entrega Finalizada;9;3;19;2;TERMACO;16001;;;
MOBIS BRASIL FABRICACAO DE AUTO PECAS LT;RODOVIARIO;1465888;19/02/2026;2;328811;19/02/2026;GREEN CITY VEICULOS LTDA;2,10E+13;TERESINA;PI;19/02/2026;09/03/2026;27/02/2026;Entregue No Prazo;;Entrega realizada;Entrega Finalizada;9;3;19;2;TERMACO;17002;;;
MOBIS BRASIL FABRICACAO DE AUTO PECAS LT;RODOVIARIO;1465902;19/02/2026;3;328817;19/02/2026;ORIENTE AUTOMOVEIS LTDA;1,33E+13;PARNAMIRIM;RN;19/02/2026;09/03/2026;27/02/2026;Entregue No Prazo;;Entrega realizada;Entrega Finalizada;9;3;19;2;TERMACO;20001;;;
MOBIS BRASIL FABRICACAO DE AUTO PECAS LT;RODOVIARIO;1465834;19/02/2026;3;328827;19/02/2026;SAINT LAND COMERCIO DE VEICULOS LTDA;1,04E+13;JUAZEIRO DO NORTE;CE;19/02/2026;09/03/2026;27/02/2026;Entregue No Prazo;;Entrega realizada;Entrega Finalizada;9;3;19;2;TERMACO;6010;;;
MOBIS BRASIL FABRICACAO DE AUTO PECAS LT;RODOVIARIO;1466267;20/02/2026;19;329007;20/02/2026;BARI VEICULOS LTDA;7,46E+12;PONTA GROSSA;PR;20/02/2026;26/02/2026;27/02/2026;Entregue Fora do Prazo;;Entrega realizada;Entrega Finalizada;26;2;20;2;BAUER;18024;;;
MOBIS BRASIL FABRICACAO DE AUTO PECAS LT;RODOVIARIO;1466252;20/02/2026;1;328965;20/02/2026;TAI MOTORS VEICULOS S/A;9,27E+12;MURIAE;MG;20/02/2026;27/02/2026;27/02/2026;Entregue No Prazo;;Entrega realizada;Entrega Finalizada;27;2;20;2;XD BETIM;8002;;;
MOBIS BRASIL FABRICACAO DE AUTO PECAS LT;RODOVIARIO;1466236;20/02/2026;1;328992;20/02/2026;PRIME CACHOEIRO VEICULOS LTDA EPP;9,34E+12;CACHOEIRO DE ITAPEMIRIM;ES;20/02/2026;02/03/2026;27/02/2026;Entregue No Prazo;;Entrega realizada;Entrega Finalizada;2;3;20;2;CAMILO;8003;;;
MOBIS BRASIL FABRICACAO DE AUTO PECAS LT;RODOVIARIO;1466288;20/02/2026;6;329012;20/02/2026;CHINHAN AUTOMOVEIS LTDA.;2,41E+13;CACADOR;SC;20/02/2026;03/03/2026;27/02/2026;Entregue No Prazo;;Entrega realizada;Entrega Finalizada;3;3;20;2;BAUER;24020;;;
MOBIS BRASIL FABRICACAO DE AUTO PECAS LT;RODOVIARIO;1466946;23/02/2026;21;329161;23/02/2026;NEW VEICULOS E PECAS LTDA;1,59E+13;RIBEIRAO PRETO;SP;23/02/2026;26/02/2026;27/02/2026;Entregue Fora do Prazo;Recusa;27/02 Recusa, cliente alegou que não cabe no depósito;Entrega Finalizada;26;2;23;2;RISSO;26014;;;
MOBIS BRASIL FABRICACAO DE AUTO PECAS LT;RODOVIARIO;1466949;23/02/2026;1;329159;23/02/2026;H R B COMERCIO DE VEICULOS LTDA;1,82E+13;SAO JOSE DO RIO PRETO;SP;23/02/2026;27/02/2026;27/02/2026;Entregue No Prazo;;Entrega realizada;Entrega Finalizada;27;2;23;2;RISSO;26050;;;
MOBIS BRASIL FABRICACAO DE AUTO PECAS LT;RODOVIARIO;1466950;23/02/2026;11;329159;23/02/2026;H R B COMERCIO DE VEICULOS LTDA;1,82E+13;SAO JOSE DO RIO PRETO;SP;23/02/2026;27/02/2026;27/02/2026;Entregue No Prazo;;Entrega realizada;Entrega Finalizada;27;2;23;2;RISSO;26050;;;
MOBIS BRASIL FABRICACAO DE AUTO PECAS LT;RODOVIARIO;1467223;23/02/2026;1;329160;23/02/2026;HYMAX DISTRIBUIDORA DE VEICULOS LTDA;1,73E+13;MOGI GUACU;SP;23/02/2026;27/02/2026;27/02/2026;Entregue No Prazo;;Entrega realizada;Entrega Finalizada;27;2;23;2;RISSO;26002;;;
MOBIS BRASIL FABRICACAO DE AUTO PECAS LT;RODOVIARIO;1467224;23/02/2026;1;329160;23/02/2026;HYMAX DISTRIBUIDORA DE VEICULOS LTDA;1,73E+13;MOGI GUACU;SP;23/02/2026;27/02/2026;27/02/2026;Entregue No Prazo;;Entrega realizada;Entrega Finalizada;27;2;23;2;RISSO;26002;;;
MOBIS BRASIL FABRICACAO DE AUTO PECAS LT;RODOVIARIO;1466928;23/02/2026;1;329184;23/02/2026;CAOA MOTOR DO BRASIL LTDA;1,68E+13;RIO DE JANEIRO;RJ;23/02/2026;27/02/2026;27/02/2026;Entregue No Prazo;;Entrega realizada;Entrega Finalizada;27;2;23;2;CAMILO;5008;;;
MOBIS BRASIL FABRICACAO DE AUTO PECAS LT;RODOVIARIO;1466922;23/02/2026;2;329185;23/02/2026;CAOA MOTOR DO BRASIL LTDA;1,68E+13;RIO DE JANEIRO;RJ;23/02/2026;27/02/2026;27/02/2026;Entregue No Prazo;;Entrega realizada;Entrega Finalizada;27;2;23;2;CAMILO;5008;;;
MOBIS BRASIL FABRICACAO DE AUTO PECAS LT;RODOVIARIO;1466925;23/02/2026;1;329187;23/02/2026;CAOA MOTOR DO BRASIL LTDA;1,68E+13;RIO DE JANEIRO;RJ;23/02/2026;27/02/2026;27/02/2026;Entregue No Prazo;;Entrega realizada;Entrega Finalizada;27;2;23;2;CAMILO;5008;;;
MOBIS BRASIL FABRICACAO DE AUTO PECAS LT;RODOVIARIO;1466919;23/02/2026;6;329211;23/02/2026;BARI VEICULOS LTDA;7,46E+12;PONTA GROSSA;PR;23/02/2026;27/02/2026;27/02/2026;Entregue No Prazo;;Entrega realizada;Entrega Finalizada;27;2;23;2;BAUER;18024;;;
MOBIS BRASIL FABRICACAO DE AUTO PECAS LT;RODOVIARIO;1467218;23/02/2026;5;329223;23/02/2026;LOVAT VEICULOS S/A;8,57E+12;LONDRINA;PR;23/02/2026;27/02/2026;27/02/2026;Entregue No Prazo;;Entrega realizada;Entrega Finalizada;27;2;23;2;BAUER;18008;;;
MOBIS BRASIL FABRICACAO DE AUTO PECAS LT;RODOVIARIO;1466901;23/02/2026;1;329175;23/02/2026;TAI MOTORS VEICULOS S/A;9,27E+12;MURIAE;MG;23/02/2026;02/03/2026;27/02/2026;Entregue No Prazo;;Entrega realizada;Entrega Finalizada;2;3;23;2;XD BETIM;8002;;;
MOBIS BRASIL FABRICACAO DE AUTO PECAS LT;RODOVIARIO;1466890;23/02/2026;3;329200;23/02/2026;PRIME VILA VELHA VEICULOS LTDA.;2,14E+13;VILA VELHA;ES;23/02/2026;02/03/2026;27/02/2026;Entregue No Prazo;;Entrega realizada;Entrega Finalizada;2;3;23;2;CAMILO;8005;;;
MOBIS BRASIL FABRICACAO DE AUTO PECAS LT;RODOVIARIO;1466888;23/02/2026;6;329205;23/02/2026;TAI MOTORS VEICULOS S/A;9,27E+12;VITORIA;ES;23/02/2026;02/03/2026;27/02/2026;Entregue No Prazo;;Entrega realizada;Entrega Finalizada;2;3;23;2;CAMILO;8002;;;
MOBIS BRASIL FABRICACAO DE AUTO PECAS LT;RODOVIARIO;1466926;23/02/2026;2;329206;23/02/2026;TAI MOTORS VEICULOS S/A.;9,27E+12;CAMPOS DOS GOYTACAZES;RJ;23/02/2026;02/03/2026;27/02/2026;Entregue No Prazo;;Entrega realizada;Entrega Finalizada;2;3;23;2;CAMILO;19023;;;
MOBIS BRASIL FABRICACAO DE AUTO PECAS LT;RODOVIARIO;1466905;23/02/2026;1;329190;23/02/2026;GOLDEN MOTORS VEICULOS LTDA;3,62E+12;DOURADOS;MS;23/02/2026;03/03/2026;27/02/2026;Entregue No Prazo;;Entrega realizada;Entrega Finalizada;3;3;23;2;CARVALIMA;12001;;;
MOBIS BRASIL FABRICACAO DE AUTO PECAS LT;RODOVIARIO;1466889;23/02/2026;4;329199;23/02/2026;PRIME CACHOEIRO VEICULOS LTDA EPP;9,34E+12;CACHOEIRO DE ITAPEMIRIM;ES;23/02/2026;03/03/2026;27/02/2026;Entregue No Prazo;;Entrega realizada;Entrega Finalizada;3;3;23;2;CAMILO;8003;;;
MOBIS BRASIL FABRICACAO DE AUTO PECAS LT;RODOVIARIO;1466907;23/02/2026;29;329202;23/02/2026;SAGA ASIA COM. DE VEIC.PC.E SERV. LTDA;2,23E+13;VARZEA GRANDE;MT;23/02/2026;04/03/2026;27/02/2026;Entregue No Prazo;;Entrega realizada;Entrega Finalizada;4;3;23;2;CARVALIMA;13004;;;
MOBIS BRASIL FABRICACAO DE AUTO PECAS LT;RODOVIARIO;1466906;23/02/2026;1;329202;23/02/2026;SAGA ASIA COM. DE VEIC.PC.E SERV. LTDA;2,23E+13;VARZEA GRANDE;MT;23/02/2026;04/03/2026;27/02/2026;Entregue No Prazo;;Entrega realizada;Entrega Finalizada;4;3;23;2;CARVALIMA;13004;;;
MOBIS BRASIL FABRICACAO DE AUTO PECAS LT;RODOVIARIO;1466893;23/02/2026;10;329179;23/02/2026;URCA MOTORS VEICULOS LTDA;8,77E+12;RIO VERDE;GO;23/02/2026;05/03/2026;27/02/2026;Entregue No Prazo;;Entrega realizada;Entrega Finalizada;5;3;23;2;RIO VERMELHO;9014;;;
MOBIS BRASIL FABRICACAO DE AUTO PECAS LT;RODOVIARIO;1467953;24/02/2026;3;329375;24/02/2026;BILLY DISTRIBUIDORA DE VEICULOS LTDA;1,34E+13;SAO CAETANO DO SUL;SP;24/02/2026;26/02/2026;27/02/2026;Entregue Fora do Prazo;;Entrega realizada;Entrega Finalizada;26;2;24;2;RISSO;26003;;;
MOBIS BRASIL FABRICACAO DE AUTO PECAS LT;RODOVIARIO;1467954;24/02/2026;96;329375;24/02/2026;BILLY DISTRIBUIDORA DE VEICULOS LTDA;1,34E+13;SAO CAETANO DO SUL;SP;24/02/2026;26/02/2026;27/02/2026;Entregue Fora do Prazo;;Entrega realizada;Entrega Finalizada;26;2;24;2;RISSO;26003;;;
MOBIS BRASIL FABRICACAO DE AUTO PECAS LT;RODOVIARIO;1467922;24/02/2026;3;329375;24/02/2026;BILLY DISTRIBUIDORA DE VEICULOS LTDA;1,34E+13;SAO CAETANO DO SUL;SP;24/02/2026;26/02/2026;27/02/2026;Entregue Fora do Prazo;;Entrega realizada;Entrega Finalizada;26;2;24;2;RISSO;26003;;;
MOBIS BRASIL FABRICACAO DE AUTO PECAS LT;RODOVIARIO;1467686;24/02/2026;2;329378;24/02/2026;CAOA MOTOR DO BRASIL LTDA (INDIANOPOLIS);1,68E+13;SAO PAULO;SP;24/02/2026;26/02/2026;27/02/2026;Entregue Fora do Prazo;;Entrega realizada;Entrega Finalizada;26;2;24;2;RISSO;26091;;;
MOBIS BRASIL FABRICACAO DE AUTO PECAS LT;RODOVIARIO;1467672;24/02/2026;15;329396;24/02/2026;MOTONET COMERCIO DE VEICULOS LTDA;9,28E+12;SOROCABA;SP;24/02/2026;27/02/2026;27/02/2026;Entregue No Prazo;;Entrega realizada;Entrega Finalizada;27;2;24;2;RISSO;26113;;;
MOBIS BRASIL FABRICACAO DE AUTO PECAS LT;RODOVIARIO;1467671;24/02/2026;1;329396;24/02/2026;MOTONET COMERCIO DE VEICULOS LTDA;9,28E+12;SOROCABA;SP;24/02/2026;27/02/2026;27/02/2026;Entregue No Prazo;;Entrega realizada;Entrega Finalizada;27;2;24;2;RISSO;26113;;;
MOBIS BRASIL FABRICACAO DE AUTO PECAS LT;RODOVIARIO;1467484;24/02/2026;2;329397;24/02/2026;NEW VEICULOS E PECAS LTDA;1,59E+13;RIBEIRAO PRETO;SP;24/02/2026;27/02/2026;27/02/2026;Entregue Fora do Prazo;Recusa;27/02 Recusa, cliente alegou que não cabe no depósito;Entrega Finalizada;27;2;24;2;RISSO;26014;;;
MOBIS BRASIL FABRICACAO DE AUTO PECAS LT;RODOVIARIO;1467623;24/02/2026;32;329398;24/02/2026;BDG AUTOVILLE VEICULOS LTDA;4,77E+13;CONTAGEM;MG;24/02/2026;27/02/2026;27/02/2026;Entregue No Prazo;;Entrega realizada;Entrega Finalizada;27;2;24;2;XD BETIM;11037;;;
MOBIS BRASIL FABRICACAO DE AUTO PECAS LT;RODOVIARIO;1467477;24/02/2026;1;329398;24/02/2026;BDG AUTOVILLE VEICULOS LTDA;4,77E+13;CONTAGEM;MG;24/02/2026;27/02/2026;27/02/2026;Entregue No Prazo;;Entrega realizada;Entrega Finalizada;27;2;24;2;XD BETIM;11037;;;
MOBIS BRASIL FABRICACAO DE AUTO PECAS LT;RODOVIARIO;1467616;24/02/2026;1;329399;24/02/2026;CAOA MOTOR DO BRASIL LTDA;1,68E+13;BELO HORIZONTE;MG;24/02/2026;27/02/2026;27/02/2026;Entregue No Prazo;;Entrega realizada;Entrega Finalizada;27;2;24;2;XD BETIM;5008;;;
MOBIS BRASIL FABRICACAO DE AUTO PECAS LT;RODOVIARIO;1467615;24/02/2026;1;329400;24/02/2026;CARBEL KOREA VEICULOS LTDA;2,07E+13;BELO HORIZONTE;MG;24/02/2026;27/02/2026;27/02/2026;Entregue No Prazo;;Entrega realizada;Entrega Finalizada;27;2;24;2;XD BETIM;11021;;;
MOBIS BRASIL FABRICACAO DE AUTO PECAS LT;RODOVIARIO;1467942;24/02/2026;6;329413;24/02/2026;TAI MOTORS VEICULOS S/A;9,27E+12;BELO HORIZONTE;MG;24/02/2026;27/02/2026;27/02/2026;Entregue No Prazo;;Entrega realizada;Entrega Finalizada;27;2;24;2;XD BETIM;8002;;;
MOBIS BRASIL FABRICACAO DE AUTO PECAS LT;RODOVIARIO;1467690;24/02/2026;1;329386;24/02/2026;DHC COMERCIO DE VEICULOS E PECAS LTDA;9,52E+12;OURINHOS;SP;24/02/2026;02/03/2026;27/02/2026;Entregue No Prazo;;Entrega realizada;Entrega Finalizada;2;3;24;2;RISSO;26010;;;
MOBIS BRASIL FABRICACAO DE AUTO PECAS LT;RODOVIARIO;1467612;24/02/2026;10;329403;24/02/2026;MOTORS COM DE VEICS E PCS LTDA;1,03E+13;SETE LAGOAS;MG;24/02/2026;02/03/2026;27/02/2026;Entregue No Prazo;;Entrega realizada;Entrega Finalizada;2;3;24;2;XD BETIM;11012;;;
MOBIS BRASIL FABRICACAO DE AUTO PECAS LT;RODOVIARIO;1467618;24/02/2026;1;329414;24/02/2026;TOKSU COMERCIO DE VEICULOS LTDA;1,12E+13;VARGINHA;MG;24/02/2026;02/03/2026;27/02/2026;Entregue No Prazo;;Entrega realizada;Entrega Finalizada;2;3;24;2;XD BETIM;11008;;;
MOBIS BRASIL FABRICACAO DE AUTO PECAS LT;RODOVIARIO;1467617;24/02/2026;2;329415;24/02/2026;TOKSU COMERCIO DE VEICULOS LTDA;1,12E+13;POUSO ALEGRE;MG;24/02/2026;02/03/2026;27/02/2026;Entregue No Prazo;;Entrega realizada;Entrega Finalizada;2;3;24;2;XD BETIM;11008;;;
MOBIS BRASIL FABRICACAO DE AUTO PECAS LT;RODOVIARIO;1467611;24/02/2026;6;329417;24/02/2026;URCA MOTORS VEICULOS LTDA;8,77E+12;UBERLANDIA;MG;24/02/2026;02/03/2026;27/02/2026;Entregue No Prazo;;Entrega realizada;Entrega Finalizada;2;3;24;2;XD BETIM;9014;;;
MOBIS BRASIL FABRICACAO DE AUTO PECAS LT;RODOVIARIO;1467476;24/02/2026;1;329417;24/02/2026;URCA MOTORS VEICULOS LTDA;8,77E+12;UBERLANDIA;MG;24/02/2026;02/03/2026;27/02/2026;Entregue No Prazo;;Entrega realizada;Entrega Finalizada;2;3;24;2;XD BETIM;9014;;;
MOBIS BRASIL FABRICACAO DE AUTO PECAS LT;RODOVIARIO;1467614;24/02/2026;1;329419;24/02/2026;URCA MOTORS VEICULOS LTDA;8,77E+12;UBERABA;MG;24/02/2026;02/03/2026;27/02/2026;Entregue No Prazo;;Entrega realizada;Entrega Finalizada;2;3;24;2;XD BETIM;9014;;;
MOBIS BRASIL FABRICACAO DE AUTO PECAS LT;RODOVIARIO;1467620;24/02/2026;2;329423;24/02/2026;VIME POCOS COM. DE VEICULOS E PECAS LTDA;3,43E+13;POCOS DE CALDAS;MG;24/02/2026;02/03/2026;27/02/2026;Entregue No Prazo;;Entrega realizada;Entrega Finalizada;2;3;24;2;XD BETIM;11033;;;
MOBIS BRASIL FABRICACAO DE AUTO PECAS LT;RODOVIARIO;1467621;24/02/2026;1;329401;24/02/2026;GNC GRANDE COREIA MINAS GERAIS COMERCIO;4,27E+13;MONTES CLAROS;MG;24/02/2026;03/03/2026;27/02/2026;Entregue No Prazo;;Entrega realizada;Entrega Finalizada;3;3;24;2;XD BETIM;11035;;;
MOBIS BRASIL FABRICACAO DE AUTO PECAS LT;RODOVIARIO;1467951;24/02/2026;10;329429;24/02/2026;BARI VEICULOS LTDA;7,46E+12;BLUMENAU;SC;24/02/2026;03/03/2026;27/02/2026;Entregue No Prazo;;Entrega realizada;Entrega Finalizada;3;3;24;2;BAUER;18024;;;
MOBIS BRASIL FABRICACAO DE AUTO PECAS LT;RODOVIARIO;1467603;24/02/2026;1;329405;24/02/2026;NISA COMERCIAL DE VEIC. AUTOMOTORES LTDA;1,03E+13;APARECIDA DE GOIANIA;GO;24/02/2026;04/03/2026;27/02/2026;Entregue No Prazo;;Entrega realizada;Entrega Finalizada;4;3;24;2;RIO VERMELHO;9002;;;
MOBIS BRASIL FABRICACAO DE AUTO PECAS LT;RODOVIARIO;1467473;24/02/2026;2;329411;24/02/2026;SAGA KOREA COM. DE VEIC. E PC. LTDA;1,27E+13;GOIANIA;GO;24/02/2026;04/03/2026;27/02/2026;Entregue No Prazo;;Entrega realizada;Entrega Finalizada;4;3;24;2;RIO VERMELHO;9011;;;
MOBIS BRASIL FABRICACAO DE AUTO PECAS LT;RODOVIARIO;1467604;24/02/2026;18;329411;24/02/2026;SAGA KOREA COM. DE VEIC. E PC. LTDA;1,27E+13;GOIANIA;GO;24/02/2026;04/03/2026;27/02/2026;Entregue No Prazo;;Entrega realizada;Entrega Finalizada;4;3;24;2;RIO VERMELHO;9011;;;
MOBIS BRASIL FABRICACAO DE AUTO PECAS LT;RODOVIARIO;1467625;24/02/2026;2;329483;24/02/2026;ULSAN COMERCIO DE VEICULOS LTDA.;2,10E+13;CAMPO GRANDE;MS;24/02/2026;04/03/2026;27/02/2026;Entregue No Prazo;;Entrega realizada;Entrega Finalizada;4;3;24;2;CARVALIMA;12004;;;
MOBIS BRASIL FABRICACAO DE AUTO PECAS LT;RODOVIARIO;1467478;24/02/2026;1;329483;24/02/2026;ULSAN COMERCIO DE VEICULOS LTDA.;2,10E+13;CAMPO GRANDE;MS;24/02/2026;04/03/2026;27/02/2026;Entregue No Prazo;;Entrega realizada;Entrega Finalizada;4;3;24;2;CARVALIMA;12004;;;
MOBIS BRASIL FABRICACAO DE AUTO PECAS LT;RODOVIARIO;1467605;24/02/2026;2;329421;24/02/2026;URCA MOTORS VEICULOS LTDA;8,77E+12;RIO VERDE;GO;24/02/2026;06/03/2026;27/02/2026;Entregue No Prazo;;Entrega realizada;Entrega Finalizada;6;3;24;2;RIO VERMELHO;9014;Revolução Pernambucana de 1817;Estadual;PE
MOBIS BRASIL FABRICACAO DE AUTO PECAS LT;RODOVIARIO;1468794;25/02/2026;3;329609;25/02/2026;BILLY DISTRIBUIDORA DE VEICULOS LTDA;1,34E+13;SAO CAETANO DO SUL;SP;25/02/2026;27/02/2026;27/02/2026;Entregue No Prazo;;Entrega realizada;Entrega Finalizada;27;2;25;2;RISSO;26003;;;
MOBIS BRASIL FABRICACAO DE AUTO PECAS LT;RODOVIARIO;1468795;25/02/2026;65;329609;25/02/2026;BILLY DISTRIBUIDORA DE VEICULOS LTDA;1,34E+13;SAO CAETANO DO SUL;SP;25/02/2026;27/02/2026;27/02/2026;Entregue No Prazo;;Entrega realizada;Entrega Finalizada;27;2;25;2;RISSO;26003;;;
MOBIS BRASIL FABRICACAO DE AUTO PECAS LT;RODOVIARIO;1468446;25/02/2026;1;329611;25/02/2026;CAOA MOTOR DO BRASIL LTDA;1,68E+13;CAMPINAS;SP;25/02/2026;02/03/2026;27/02/2026;Entregue No Prazo;;Entrega realizada;Entrega Finalizada;2;3;25;2;RISSO;5008;;;
MOBIS BRASIL FABRICACAO DE AUTO PECAS LT;RODOVIARIO;1468436;25/02/2026;5;329622;25/02/2026;DHC COMERCIO DE VEICULOS E PECAS LTDA;9,52E+12;BAURU;SP;25/02/2026;02/03/2026;27/02/2026;Entregue No Prazo;;Entrega realizada;Entrega Finalizada;2;3;25;2;RISSO;26010;;;
MOBIS BRASIL FABRICACAO DE AUTO PECAS LT;RODOVIARIO;1468438;25/02/2026;6;329630;25/02/2026;MOTONET COMERCIO DE VEICULOS LTDA;9,28E+12;SOROCABA;SP;25/02/2026;02/03/2026;27/02/2026;Entregue No Prazo;;Entrega realizada;Entrega Finalizada;2;3;25;2;RISSO;26113;;;
MOBIS BRASIL FABRICACAO DE AUTO PECAS LT;RODOVIARIO;1468793;25/02/2026;3;329629;25/02/2026;HYMAX DISTRIBUIDORA DE VEICULOS LTDA;1,73E+13;MOGI GUACU;SP;25/02/2026;03/03/2026;27/02/2026;Entregue No Prazo;;Entrega realizada;Entrega Finalizada;3;3;25;2;RISSO;26002;;;
MOBIS BRASIL FABRICACAO DE AUTO PECAS LT;RODOVIARIO;1469477;26/02/2026;13;329846;26/02/2026;BILLY DISTRIBUIDORA DE VEICULOS LTDA;1,34E+13;BARUERI;SP;26/02/2026;02/03/2026;27/02/2026;Entregue No Prazo;;Entrega realizada;Entrega Finalizada;2;3;26;2;RISSO;26003;;;
MOBIS BRASIL FABRICACAO DE AUTO PECAS LT;RODOVIARIO;1469482;26/02/2026;1;329849;26/02/2026;CHS MOTORS VEICULOS PECAS E SERV. LTDA.;1,69E+13;SAO PAULO;SP;26/02/2026;02/03/2026;27/02/2026;Entregue No Prazo;;Entrega realizada;Entrega Finalizada;2;3;26;2;RISSO;26036;;;
MOBIS BRASIL FABRICACAO DE AUTO PECAS LT;RODOVIARIO;1469582;26/02/2026;1;329850;26/02/2026;CHS MOTORS VEICULOS PECAS(VL. GUILHERME);1,69E+13;SAO PAULO;SP;26/02/2026;02/03/2026;27/02/2026;Entregue No Prazo;;Entrega realizada;Entrega Finalizada;2;3;26;2;RISSO;26052;;;
MOBIS BRASIL FABRICACAO DE AUTO PECAS LT;RODOVIARIO;1469481;26/02/2026;6;329853;26/02/2026;GRAND SPORT COM. DE VEIC. E PECAS LTDA;8,58E+12;SAO PAULO;SP;26/02/2026;02/03/2026;27/02/2026;Entregue No Prazo;;Entrega realizada;Entrega Finalizada;2;3;26;2;RISSO;26034;;;
MOBIS BRASIL FABRICACAO DE AUTO PECAS LT;RODOVIARIO;1469490;26/02/2026;8;329854;26/02/2026;GRANDAY AUTOMOTORES LTDA (CHAC. CALIFOR);1,57E+13;SAO PAULO;SP;26/02/2026;02/03/2026;27/02/2026;Entregue No Prazo;;Entrega realizada;Entrega Finalizada;2;3;26;2;RISSO;26090;;;
MOBIS BRASIL FABRICACAO DE AUTO PECAS LT;RODOVIARIO;1469491;26/02/2026;7;329854;26/02/2026;GRANDAY AUTOMOTORES LTDA (CHAC. CALIFOR);1,57E+13;SAO PAULO;SP;26/02/2026;02/03/2026;27/02/2026;Entregue No Prazo;;Entrega realizada;Entrega Finalizada;2;3;26;2;RISSO;26090;;;
MOBIS BRASIL FABRICACAO DE AUTO PECAS LT;RODOVIARIO;1469484;26/02/2026;2;329841;26/02/2026;ANDRETA II DISTRIBUIDORA DE VEIC. LTDA;9,10E+12;AMERICANA;SP;26/02/2026;03/03/2026;27/02/2026;Entregue No Prazo;;Entrega realizada;Entrega Finalizada;3;3;26;2;RISSO;26011;;;
MOBIS BRASIL FABRICACAO DE AUTO PECAS LT;RODOVIARIO;1469479;26/02/2026;21;329843;26/02/2026;ANDRETA II DISTRIBUIDORA DE VEIC. LTDA;9,10E+12;CAMPINAS;SP;26/02/2026;03/03/2026;27/02/2026;Entregue No Prazo;;Entrega realizada;Entrega Finalizada;3;3;26;2;RISSO;26011;;;
MOBIS BRASIL FABRICACAO DE AUTO PECAS LT;RODOVIARIO;1469478;26/02/2026;3;329852;26/02/2026;DHC COMERCIO DE VEICULOS E PECAS LTDA;9,52E+12;BAURU;SP;26/02/2026;03/03/2026;27/02/2026;Entregue No Prazo;;Entrega realizada;Entrega Finalizada;3;3;26;2;RISSO;26010;;;
MOBIS BRASIL FABRICACAO DE AUTO PECAS LT;RODOVIARIO;1469492;26/02/2026;2;329855;26/02/2026;H - CAMINHO AUTOMOVEIS LTDA;2,53E+13;PIRACICABA;SP;26/02/2026;04/03/2026;27/02/2026;Entregue No Prazo;;Entrega realizada;Entrega Finalizada;4;3;26;2;RISSO;26092;;;
MOBIS BRASIL FABRICACAO DE AUTO PECAS LT;RODOVIARIO;1465824;19/02/2026;1;328829;19/02/2026;ULSAN COMERCIO DE VEICULOS LTDA;2,10E+13;RIO BRANCO;AC;19/02/2026;10/03/2026;28/02/2026;Entregue No Prazo;;Entrega realizada;Entrega Finalizada;10;3;19;2;CARVALIMA;21004;;;
MOBIS BRASIL FABRICACAO DE AUTO PECAS LT;RODOVIARIO;1466895;23/02/2026;1;329169;23/02/2026;NASA MOTORS LTDA.;2,65E+13;SAO LUIS DE MONTES BELOS;GO;23/02/2026;09/03/2026;28/02/2026;Entregue No Prazo;;Entrega realizada;Entrega Finalizada;9;3;23;2;RIO VERMELHO;9016;;;
MOBIS BRASIL FABRICACAO DE AUTO PECAS LT;RODOVIARIO;1467474;24/02/2026;4;329404;24/02/2026;NASA MOTORS LTDA.;2,65E+13;SAO LUIS DE MONTES BELOS;GO;24/02/2026;10/03/2026;28/02/2026;Entregue No Prazo;;Entrega realizada;Entrega Finalizada;10;3;24;2;RIO VERMELHO;9016;;;
MOBIS BRASIL FABRICACAO DE AUTO PECAS LT;RODOVIARIO;1467607;24/02/2026;8;329404;24/02/2026;NASA MOTORS LTDA.;2,65E+13;SAO LUIS DE MONTES BELOS;GO;24/02/2026;10/03/2026;28/02/2026;Entregue No Prazo;;Entrega realizada;Entrega Finalizada;10;3;24;2;RIO VERMELHO;9016;;;
MOBIS BRASIL FABRICACAO DE AUTO PECAS LT;RODOVIARIO;1468384;25/02/2026;1;329697;25/02/2026;COMETA MATO GROSSO COM. DE VEICULOS LTDA;1,54E+13;TANGARA DA SERRA;MT;25/02/2026;06/03/2026;28/02/2026;Entregue No Prazo;;Entrega realizada;Entrega Finalizada;6;3;25;2;CARVALIMA;13007;Revolução Pernambucana de 1817;Estadual;PE
MOBIS BRASIL FABRICACAO DE AUTO PECAS LT;RODOVIARIO;1468385;25/02/2026;2;329697;25/02/2026;COMETA MATO GROSSO COM. DE VEICULOS LTDA;1,54E+13;TANGARA DA SERRA;MT;25/02/2026;06/03/2026;28/02/2026;Entregue No Prazo;;Entrega realizada;Entrega Finalizada;6;3;25;2;CARVALIMA;13007;Revolução Pernambucana de 1817;Estadual;PE
MOBIS BRASIL FABRICACAO DE AUTO PECAS LT;RODOVIARIO;1463194;11/02/2026;1;327776;11/02/2026;DHC COMERCIO DE VEICULOS E PECAS LTDA;9,52E+12;MARILIA;SP;11/02/2026;17/02/2026;02/03/2026;Entregue No Prazo;Reentrega;Entrega realizada;Entrega Finalizada;17;2;11;2;RISSO;26010;;;
MOBIS BRASIL FABRICACAO DE AUTO PECAS LT;RODOVIARIO;1463755;12/02/2026;5;327998;12/02/2026;JPN PATOS COMERCIO DE VEICULOS LTDA;4,20E+13;PATOS;PB;12/02/2026;02/03/2026;02/03/2026;Entregue No Prazo;;Entrega realizada;Entrega Finalizada;2;3;12;2;TERMACO;15004;;;
MOBIS BRASIL FABRICACAO DE AUTO PECAS LT;RODOVIARIO;1464480;13/02/2026;5;328276;13/02/2026;PATEO COMERCIO DE VEICULOS S A;7,78E+12;SAO LUIS;MA;13/02/2026;02/03/2026;02/03/2026;Entregue No Prazo;;Entrega realizada;Entrega Finalizada;2;3;13;2;TERMACO;10002;;;
MOBIS BRASIL FABRICACAO DE AUTO PECAS LT;RODOVIARIO;1465030;18/02/2026;2;328566;18/02/2026;PRIME CACHOEIRO VEICULOS LTDA;9,34E+12;LINHARES;ES;18/02/2026;26/02/2026;02/03/2026;Entregue No Prazo;Causas climáticas;Entrega realizada;Entrega Finalizada;26;2;18;2;CAMILO;8004;;;
MOBIS BRASIL FABRICACAO DE AUTO PECAS LT;RODOVIARIO;1465036;18/02/2026;1;328565;18/02/2026;PATEO COMERCIO DE VEICULOS S A;7,78E+12;SAO LUIS;MA;18/02/2026;05/03/2026;02/03/2026;Entregue No Prazo;;Entrega realizada;Entrega Finalizada;5;3;18;2;TERMACO;10002;;;
MOBIS BRASIL FABRICACAO DE AUTO PECAS LT;RODOVIARIO;1465851;19/02/2026;2;328768;19/02/2026;TRIAUTO KOREA AUTOMOVEIS LTDA;4,99E+13;CATALAO;GO;19/02/2026;05/03/2026;02/03/2026;Entregue No Prazo;;Entrega realizada;Entrega Finalizada;5;3;19;2;RIO VERMELHO;9018;;;
MOBIS BRASIL FABRICACAO DE AUTO PECAS LT;RODOVIARIO;1465883;19/02/2026;2;328805;19/02/2026;CAOA MOTOR DO BRASIL LTDA;1,68E+13;RECIFE;PE;19/02/2026;06/03/2026;02/03/2026;Entregue No Prazo;;Entrega realizada;Entrega Finalizada;6;3;19;2;TERMACO;5008;Revolução Pernambucana de 1817;Estadual;PE
MOBIS BRASIL FABRICACAO DE AUTO PECAS LT;RODOVIARIO;1465879;19/02/2026;4;328820;19/02/2026;PATEO COMERCIO DE VEICULOS S A;7,78E+12;JOAO PESSOA;PB;19/02/2026;06/03/2026;02/03/2026;Entregue No Prazo;;Entrega realizada;Entrega Finalizada;6;3;19;2;TERMACO;15003;Revolução Pernambucana de 1817;Estadual;PE
MOBIS BRASIL FABRICACAO DE AUTO PECAS LT;RODOVIARIO;1466273;20/02/2026;2;328976;20/02/2026;CAOA MOTOR DO BRASIL LTDA;1,68E+13;RIO DE JANEIRO;RJ;20/02/2026;26/02/2026;02/03/2026;Entregue Fora do Prazo;Recusa;Entrega realizada;Entrega Finalizada;26;2;20;2;CAMILO;5008;;;
MOBIS BRASIL FABRICACAO DE AUTO PECAS LT;RODOVIARIO;1466256;20/02/2026;1;328997;20/02/2026;UNIQUE COMERCIO DE AUTOMOVEIS LTDA;1,74E+13;ANANINDEUA;PA;20/02/2026;05/03/2026;02/03/2026;Entregue No Prazo;;Entrega realizada;Entrega Finalizada;5;3;20;2;CARVALIMA;14003;;;
MOBIS BRASIL FABRICACAO DE AUTO PECAS LT;RODOVIARIO;1466231;20/02/2026;3;328977;20/02/2026;CAOA MOTOR DO BRASIL LTDA;1,68E+13;FORTALEZA;CE;20/02/2026;06/03/2026;02/03/2026;Entregue No Prazo;;Entrega realizada;Entrega Finalizada;6;3;20;2;TERMACO;5008;Revolução Pernambucana de 1817;Estadual;PE
MOBIS BRASIL FABRICACAO DE AUTO PECAS LT;RODOVIARIO;1466227;20/02/2026;3;328981;20/02/2026;CYCOSA AUTOMOVEIS LTDA;4,76E+12;MACEIO;AL;20/02/2026;06/03/2026;02/03/2026;Entregue No Prazo;;Entrega realizada;Entrega Finalizada;6;3;20;2;TERMACO;2001;Revolução Pernambucana de 1817;Estadual;PE
MOBIS BRASIL FABRICACAO DE AUTO PECAS LT;RODOVIARIO;1466961;23/02/2026;1;329163;23/02/2026;NEW VEICULOS E PECAS LTDA;1,59E+13;BARRETOS;SP;23/02/2026;27/02/2026;02/03/2026;Entregue Fora do Prazo;;Entrega realizada;Entrega Finalizada;27;2;23;2;RISSO;26014;;;
MOBIS BRASIL FABRICACAO DE AUTO PECAS LT;RODOVIARIO;1466887;23/02/2026;25;329174;23/02/2026;SMAFF IMPORT VEICULOS LTDA;8,18E+12;BRASILIA;DF;23/02/2026;03/03/2026;02/03/2026;Entregue No Prazo;;Entrega realizada;Entrega Finalizada;3;3;23;2;RIO VERMELHO;7002;;;
MOBIS BRASIL FABRICACAO DE AUTO PECAS LT;RODOVIARIO;1466909;23/02/2026;1;329207;23/02/2026;UNIQUE COMERCIO DE AUTOMOVEIS LTDA;1,74E+13;ANANINDEUA;PA;23/02/2026;06/03/2026;02/03/2026;Entregue No Prazo;;Entrega realizada;Entrega Finalizada;6;3;23;2;CARVALIMA;14003;Revolução Pernambucana de 1817;Estadual;PE
MOBIS BRASIL FABRICACAO DE AUTO PECAS LT;RODOVIARIO;1466910;23/02/2026;1;329207;23/02/2026;UNIQUE COMERCIO DE AUTOMOVEIS LTDA;1,74E+13;ANANINDEUA;PA;23/02/2026;06/03/2026;02/03/2026;Entregue No Prazo;;Entrega realizada;Entrega Finalizada;6;3;23;2;CARVALIMA;14003;Revolução Pernambucana de 1817;Estadual;PE
MOBIS BRASIL FABRICACAO DE AUTO PECAS LT;RODOVIARIO;1466882;23/02/2026;5;329189;23/02/2026;CYCOSA AUTOMOVEIS LTDA;4,76E+12;MACEIO;AL;23/02/2026;09/03/2026;02/03/2026;Entregue No Prazo;;Entrega realizada;Entrega Finalizada;9;3;23;2;TERMACO;2001;;;
MOBIS BRASIL FABRICACAO DE AUTO PECAS LT;RODOVIARIO;1467622;24/02/2026;2;329418;24/02/2026;URCA MOTORS VEICULOS LTDA;8,77E+12;PATOS DE MINAS;MG;24/02/2026;02/03/2026;02/03/2026;Entregue No Prazo;;Entrega realizada;Entrega Finalizada;2;3;24;2;XD BETIM;9014;;;
MOBIS BRASIL FABRICACAO DE AUTO PECAS LT;RODOVIARIO;1467655;24/02/2026;1;329439;24/02/2026;HOUSE PARTS-COM. DE PCS. E VEICULOS LTDA;1,15E+13;PORTO ALEGRE;RS;24/02/2026;02/03/2026;02/03/2026;Entregue No Prazo;;Entrega realizada;Entrega Finalizada;2;3;24;2;BAUER;23004;;;
MOBIS BRASIL FABRICACAO DE AUTO PECAS LT;RODOVIARIO;1467656;24/02/2026;2;329439;24/02/2026;HOUSE PARTS-COM. DE PCS. E VEICULOS LTDA;1,15E+13;PORTO ALEGRE;RS;24/02/2026;02/03/2026;02/03/2026;Entregue No Prazo;;Entrega realizada;Entrega Finalizada;2;3;24;2;BAUER;23004;;;
MOBIS BRASIL FABRICACAO DE AUTO PECAS LT;RODOVIARIO;1467649;24/02/2026;1;329448;24/02/2026;CAOA MOTOR DO BRASIL LTDA;1,68E+13;RIO DE JANEIRO;RJ;24/02/2026;02/03/2026;02/03/2026;Entregue No Prazo;;Entrega realizada;Entrega Finalizada;2;3;24;2;CAMILO;5008;;;
MOBIS BRASIL FABRICACAO DE AUTO PECAS LT;RODOVIARIO;1467482;24/02/2026;1;329449;24/02/2026;CAOA MOTOR DO BRASIL LTDA;1,68E+13;RIO DE JANEIRO;RJ;24/02/2026;02/03/2026;02/03/2026;Entregue No Prazo;;Entrega realizada;Entrega Finalizada;2;3;24;2;CAMILO;5008;;;
MOBIS BRASIL FABRICACAO DE AUTO PECAS LT;RODOVIARIO;1467644;24/02/2026;1;329450;24/02/2026;CAOA MOTOR DO BRASIL LTDA;1,68E+13;RIO DE JANEIRO;RJ;24/02/2026;02/03/2026;02/03/2026;Entregue No Prazo;;Entrega realizada;Entrega Finalizada;2;3;24;2;CAMILO;5008;;;
MOBIS BRASIL FABRICACAO DE AUTO PECAS LT;RODOVIARIO;1467646;24/02/2026;1;329451;24/02/2026;CAOA MOTOR DO BRASIL LTDA;1,68E+13;NITEROI;RJ;24/02/2026;02/03/2026;02/03/2026;Entregue No Prazo;;Entrega realizada;Entrega Finalizada;2;3;24;2;CAMILO;5008;;;
MOBIS BRASIL FABRICACAO DE AUTO PECAS LT;RODOVIARIO;1467645;24/02/2026;6;329462;24/02/2026;ITAVEMA MOTORS VEICULOS LTDA;7,73E+12;RIO DE JANEIRO;RJ;24/02/2026;02/03/2026;02/03/2026;Entregue No Prazo;;Entrega realizada;Entrega Finalizada;2;3;24;2;CAMILO;19001;;;
MOBIS BRASIL FABRICACAO DE AUTO PECAS LT;RODOVIARIO;1467647;24/02/2026;1;329481;24/02/2026;TAI MOTORS VEICULOS S/A.;9,27E+12;CAMPOS DOS GOYTACAZES;RJ;24/02/2026;03/03/2026;02/03/2026;Entregue No Prazo;;Entrega realizada;Entrega Finalizada;3;3;24;2;CAMILO;19023;;;
MOBIS BRASIL FABRICACAO DE AUTO PECAS LT;RODOVIARIO;1467648;24/02/2026;2;329485;24/02/2026;VIA VR VEICULOS LTDA;1,73E+13;PETROPOLIS;RJ;24/02/2026;03/03/2026;02/03/2026;Entregue No Prazo;;Entrega realizada;Entrega Finalizada;3;3;24;2;CAMILO;19016;;;
MOBIS BRASIL FABRICACAO DE AUTO PECAS LT;RODOVIARIO;1467941;24/02/2026;1;329409;24/02/2026;SAGA KOREA COM. DE VEIC. E PC. LTDA;1,27E+13;BRASILIA;DF;24/02/2026;04/03/2026;02/03/2026;Entregue No Prazo;;Entrega realizada;Entrega Finalizada;4;3;24;2;RIO VERMELHO;7005;;;
MOBIS BRASIL FABRICACAO DE AUTO PECAS LT;RODOVIARIO;1467596;24/02/2026;6;329412;24/02/2026;SMAFF IMPORT VEICULOS LTDA;8,18E+12;BRASILIA;DF;24/02/2026;04/03/2026;02/03/2026;Entregue No Prazo;;Entrega realizada;Entrega Finalizada;4;3;24;2;RIO VERMELHO;7002;;;
MOBIS BRASIL FABRICACAO DE AUTO PECAS LT;RODOVIARIO;1467921;24/02/2026;1;329475;24/02/2026;SAGA ASIA COM. DE VEIC.PC.E SERV. LTDA;2,23E+13;VARZEA GRANDE;MT;24/02/2026;05/03/2026;02/03/2026;Entregue No Prazo;;Entrega realizada;Entrega Finalizada;5;3;24;2;CARVALIMA;13004;;;
MOBIS BRASIL FABRICACAO DE AUTO PECAS LT;RODOVIARIO;1467945;24/02/2026;4;329475;24/02/2026;SAGA ASIA COM. DE VEIC.PC.E SERV. LTDA;2,23E+13;VARZEA GRANDE;MT;24/02/2026;05/03/2026;02/03/2026;Entregue No Prazo;;Entrega realizada;Entrega Finalizada;5;3;24;2;CARVALIMA;13004;;;
MOBIS BRASIL FABRICACAO DE AUTO PECAS LT;RODOVIARIO;1467946;24/02/2026;3;329475;24/02/2026;SAGA ASIA COM. DE VEIC.PC.E SERV. LTDA;2,23E+13;VARZEA GRANDE;MT;24/02/2026;05/03/2026;02/03/2026;Entregue No Prazo;;Entrega realizada;Entrega Finalizada;5;3;24;2;CARVALIMA;13004;;;
MOBIS BRASIL FABRICACAO DE AUTO PECAS LT;RODOVIARIO;1467606;24/02/2026;1;329420;24/02/2026;URCA MOTORS VEICULOS LTDA;8,77E+12;ITUMBIARA;GO;24/02/2026;06/03/2026;02/03/2026;Entregue No Prazo;;Entrega realizada;Entrega Finalizada;6;3;24;2;RIO VERMELHO;9014;Revolução Pernambucana de 1817;Estadual;PE
MOBIS BRASIL FABRICACAO DE AUTO PECAS LT;RODOVIARIO;1467608;24/02/2026;3;329416;24/02/2026;TRIAUTO KOREA AUTOMOVEIS LTDA;4,99E+13;CATALAO;GO;24/02/2026;10/03/2026;02/03/2026;Entregue No Prazo;;Entrega realizada;Entrega Finalizada;10;3;24;2;RIO VERMELHO;9018;;;
MOBIS BRASIL FABRICACAO DE AUTO PECAS LT;RODOVIARIO;1468445;25/02/2026;4;329613;25/02/2026;CAOA MOTOR DO BRASIL LTDA (VL PRUDENTE);1,68E+13;SAO PAULO;SP;25/02/2026;27/02/2026;02/03/2026;Entregue Fora do Prazo;;Entrega realizada;Entrega Finalizada;27;2;25;2;RISSO;26051;;;
MOBIS BRASIL FABRICACAO DE AUTO PECAS LT;RODOVIARIO;1468435;25/02/2026;2;329623;25/02/2026;GRAND SPORT COM. DE VEIC. E PECAS LTDA;8,58E+12;GUARULHOS;SP;25/02/2026;27/02/2026;02/03/2026;Entregue Fora do Prazo;;Entrega realizada;Entrega Finalizada;27;2;25;2;RISSO;26005;;;
MOBIS BRASIL FABRICACAO DE AUTO PECAS LT;RODOVIARIO;1468379;25/02/2026;38;329635;25/02/2026;BDG AUTOVILLE VEICULOS LTDA;4,77E+13;CONTAGEM;MG;25/02/2026;02/03/2026;02/03/2026;Entregue No Prazo;;Entrega realizada;Entrega Finalizada;2;3;25;2;XD BETIM;11037;;;
MOBIS BRASIL FABRICACAO DE AUTO PECAS LT;RODOVIARIO;1468378;25/02/2026;1;329635;25/02/2026;BDG AUTOVILLE VEICULOS LTDA;4,77E+13;CONTAGEM;MG;25/02/2026;02/03/2026;02/03/2026;Entregue No Prazo;;Entrega realizada;Entrega Finalizada;2;3;25;2;XD BETIM;11037;;;
MOBIS BRASIL FABRICACAO DE AUTO PECAS LT;RODOVIARIO;1468374;25/02/2026;3;329637;25/02/2026;CAOA MOTOR DO BRASIL LTDA;1,68E+13;BELO HORIZONTE;MG;25/02/2026;02/03/2026;02/03/2026;Entregue No Prazo;;Entrega realizada;Entrega Finalizada;2;3;25;2;XD BETIM;5008;;;
MOBIS BRASIL FABRICACAO DE AUTO PECAS LT;RODOVIARIO;1468373;25/02/2026;15;329638;25/02/2026;CARBEL KOREA VEICULOS LTDA;2,07E+13;BELO HORIZONTE;MG;25/02/2026;02/03/2026;02/03/2026;Entregue No Prazo;;Entrega realizada;Entrega Finalizada;2;3;25;2;XD BETIM;11021;;;
MOBIS BRASIL FABRICACAO DE AUTO PECAS LT;RODOVIARIO;1468780;25/02/2026;14;329651;25/02/2026;TAI MOTORS VEICULOS S/A;9,27E+12;BELO HORIZONTE;MG;25/02/2026;02/03/2026;02/03/2026;Entregue No Prazo;;Entrega realizada;Entrega Finalizada;2;3;25;2;XD BETIM;8002;;;
MOBIS BRASIL FABRICACAO DE AUTO PECAS LT;RODOVIARIO;1468402;25/02/2026;7;329667;25/02/2026;BARI VEICULOS LTDA;7,46E+12;CURITIBA;PR;25/02/2026;02/03/2026;02/03/2026;Entregue No Prazo;;Entrega realizada;Entrega Finalizada;2;3;25;2;TRANSTRY;18024;;;
MOBIS BRASIL FABRICACAO DE AUTO PECAS LT;RODOVIARIO;1468396;25/02/2026;2;329682;25/02/2026;SEVEC VEICULOS LTDA;5,68E+11;CURITIBA;PR;25/02/2026;02/03/2026;02/03/2026;Entregue No Prazo;;Entrega realizada;Entrega Finalizada;2;3;25;2;TRANSTRY;18012;;;
MOBIS BRASIL FABRICACAO DE AUTO PECAS LT;RODOVIARIO;1468449;25/02/2026;1;329620;25/02/2026;DESTAQUE SEUL DISTR DE VEIC PEC LTDA;2,12E+13;CARAGUATATUBA;SP;25/02/2026;03/03/2026;02/03/2026;Entregue No Prazo;;Entrega realizada;Entrega Finalizada;3;3;25;2;RISSO;26082;;;
MOBIS BRASIL FABRICACAO DE AUTO PECAS LT;RODOVIARIO;1468443;25/02/2026;2;329627;25/02/2026;H R B COMERCIO DE VEICULOS LTDA;1,82E+13;SAO JOSE DO RIO PRETO;SP;25/02/2026;03/03/2026;02/03/2026;Entregue No Prazo;;Entrega realizada;Entrega Finalizada;3;3;25;2;RISSO;26050;;;
MOBIS BRASIL FABRICACAO DE AUTO PECAS LT;RODOVIARIO;1468444;25/02/2026;17;329627;25/02/2026;H R B COMERCIO DE VEICULOS LTDA;1,82E+13;SAO JOSE DO RIO PRETO;SP;25/02/2026;03/03/2026;02/03/2026;Entregue No Prazo;;Entrega realizada;Entrega Finalizada;3;3;25;2;RISSO;26050;;;
MOBIS BRASIL FABRICACAO DE AUTO PECAS LT;RODOVIARIO;1468442;25/02/2026;5;329631;25/02/2026;NEW VEICULOS E PECAS LTDA;1,59E+13;FRANCA;SP;25/02/2026;03/03/2026;02/03/2026;Entregue No Prazo;;Entrega realizada;Entrega Finalizada;3;3;25;2;RISSO;26014;;;
MOBIS BRASIL FABRICACAO DE AUTO PECAS LT;RODOVIARIO;1468454;25/02/2026;1;329634;25/02/2026;VIME SAO JOAO COM. DE VEIC. E PECAS LTDA;5,10E+13;SAO JOAO DA BOA VISTA;SP;25/02/2026;03/03/2026;02/03/2026;Entregue No Prazo;;Entrega realizada;Entrega Finalizada;3;3;25;2;RISSO;26107;;;
MOBIS BRASIL FABRICACAO DE AUTO PECAS LT;RODOVIARIO;1468375;25/02/2026;6;329652;25/02/2026;TOKSU COMERCIO DE VEICULOS LTDA;1,12E+13;POUSO ALEGRE;MG;25/02/2026;03/03/2026;02/03/2026;Entregue No Prazo;;Entrega realizada;Entrega Finalizada;3;3;25;2;XD BETIM;11008;;;
MOBIS BRASIL FABRICACAO DE AUTO PECAS LT;RODOVIARIO;1468368;25/02/2026;56;329657;25/02/2026;URCA MOTORS VEICULOS LTDA;8,77E+12;UBERLANDIA;MG;25/02/2026;03/03/2026;02/03/2026;Entregue No Prazo;;Entrega realizada;Entrega Finalizada;3;3;25;2;XD BETIM;9014;;;
MOBIS BRASIL FABRICACAO DE AUTO PECAS LT;RODOVIARIO;1468401;25/02/2026;4;329664;25/02/2026;BARI VEICULOS LTDA;7,46E+12;SAO JOSE DOS PINHAIS;PR;25/02/2026;03/03/2026;02/03/2026;Entregue No Prazo;;Entrega realizada;Entrega Finalizada;3;3;25;2;TRANSTRY;18024;;;
MOBIS BRASIL FABRICACAO DE AUTO PECAS LT;RODOVIARIO;1468398;25/02/2026;1;329668;25/02/2026;BARI VEICULOS LTDA;7,46E+12;PONTA GROSSA;PR;25/02/2026;03/03/2026;02/03/2026;Entregue No Prazo;;Entrega realizada;Entrega Finalizada;3;3;25;2;TRANSTRY;18024;;;
MOBIS BRASIL FABRICACAO DE AUTO PECAS LT;RODOVIARIO;1468399;25/02/2026;5;329668;25/02/2026;BARI VEICULOS LTDA;7,46E+12;PONTA GROSSA;PR;25/02/2026;03/03/2026;02/03/2026;Entregue No Prazo;;Entrega realizada;Entrega Finalizada;3;3;25;2;TRANSTRY;18024;;;
MOBIS BRASIL FABRICACAO DE AUTO PECAS LT;RODOVIARIO;1468410;25/02/2026;1;329690;25/02/2026;CAOA MOTOR DO BRASIL LTDA;1,68E+13;RIO DE JANEIRO;RJ;25/02/2026;03/03/2026;02/03/2026;Entregue No Prazo;;Entrega realizada;Entrega Finalizada;3;3;25;2;CAMILO;5008;;;
MOBIS BRASIL FABRICACAO DE AUTO PECAS LT;RODOVIARIO;1468411;25/02/2026;3;329690;25/02/2026;CAOA MOTOR DO BRASIL LTDA;1,68E+13;RIO DE JANEIRO;RJ;25/02/2026;03/03/2026;02/03/2026;Entregue No Prazo;;Entrega realizada;Entrega Finalizada;3;3;25;2;CAMILO;5008;;;
MOBIS BRASIL FABRICACAO DE AUTO PECAS LT;RODOVIARIO;1468403;25/02/2026;1;329693;25/02/2026;CAOA MOTOR DO BRASIL LTDA;1,68E+13;RIO DE JANEIRO;RJ;25/02/2026;03/03/2026;02/03/2026;Entregue No Prazo;;Entrega realizada;Entrega Finalizada;3;3;25;2;CAMILO;5008;;;
MOBIS BRASIL FABRICACAO DE AUTO PECAS LT;RODOVIARIO;1468407;25/02/2026;3;329695;25/02/2026;CAOA MOTOR DO BRASIL LTDA;1,68E+13;NITEROI;RJ;25/02/2026;03/03/2026;02/03/2026;Entregue No Prazo;;Entrega realizada;Entrega Finalizada;3;3;25;2;CAMILO;5008;;;
MOBIS BRASIL FABRICACAO DE AUTO PECAS LT;RODOVIARIO;1468405;25/02/2026;2;329704;25/02/2026;ITAVEMA MOTORS VEICULOS LTDA;7,73E+12;RIO DE JANEIRO;RJ;25/02/2026;03/03/2026;02/03/2026;Entregue No Prazo;;Entrega realizada;Entrega Finalizada;3;3;25;2;CAMILO;19001;;;
MOBIS BRASIL FABRICACAO DE AUTO PECAS LT;RODOVIARIO;1468406;25/02/2026;1;329704;25/02/2026;ITAVEMA MOTORS VEICULOS LTDA;7,73E+12;RIO DE JANEIRO;RJ;25/02/2026;03/03/2026;02/03/2026;Entregue No Prazo;;Entrega realizada;Entrega Finalizada;3;3;25;2;CAMILO;19001;;;
MOBIS BRASIL FABRICACAO DE AUTO PECAS LT;RODOVIARIO;1468380;25/02/2026;2;329647;25/02/2026;RITMO MOTORS LTDA;1,94E+13;PASSOS;MG;25/02/2026;04/03/2026;02/03/2026;Entregue No Prazo;;Entrega realizada;Entrega Finalizada;4;3;25;2;XD BETIM;11040;;;
MOBIS BRASIL FABRICACAO DE AUTO PECAS LT;RODOVIARIO;1468781;25/02/2026;4;329660;25/02/2026;VITAL COMERCIO DE VEICULOS LTDA;1,05E+13;IPATINGA;MG;25/02/2026;04/03/2026;02/03/2026;Entregue No Prazo;;Entrega realizada;Entrega Finalizada;4;3;25;2;XD BETIM;11016;;;
MOBIS BRASIL FABRICACAO DE AUTO PECAS LT;RODOVIARIO;1468425;25/02/2026;1;329661;25/02/2026;ATUAL VEICULOS LTDA;1,33E+13;ARARANGUA;SC;25/02/2026;04/03/2026;02/03/2026;Entregue No Prazo;;Entrega realizada;Entrega Finalizada;4;3;25;2;TRANSTRY;24001;;;
MOBIS BRASIL FABRICACAO DE AUTO PECAS LT;RODOVIARIO;1468790;25/02/2026;8;329666;25/02/2026;BARI VEICULOS LTDA;7,46E+12;BLUMENAU;SC;25/02/2026;04/03/2026;02/03/2026;Entregue No Prazo;;Entrega realizada;Entrega Finalizada;4;3;25;2;TRANSTRY;18024;;;
MOBIS BRASIL FABRICACAO DE AUTO PECAS LT;RODOVIARIO;1468428;25/02/2026;1;329679;25/02/2026;LR COMERCIO DE VEICULOS LTDA;1,05E+13;SAO JOSE;SC;25/02/2026;04/03/2026;02/03/2026;Entregue No Prazo;;Entrega realizada;Entrega Finalizada;4;3;25;2;TRANSTRY;24007;;;
MOBIS BRASIL FABRICACAO DE AUTO PECAS LT;RODOVIARIO;1468786;25/02/2026;5;329681;25/02/2026;SANTA FE VEICULOS LTDA.;1,16E+13;FRANCISCO BELTRAO;PR;25/02/2026;04/03/2026;02/03/2026;Entregue No Prazo;;Entrega realizada;Entrega Finalizada;4;3;25;2;TRANSTRY;18010;;;
MOBIS BRASIL FABRICACAO DE AUTO PECAS LT;RODOVIARIO;1468787;25/02/2026;2;329681;25/02/2026;SANTA FE VEICULOS LTDA.;1,16E+13;FRANCISCO BELTRAO;PR;25/02/2026;04/03/2026;02/03/2026;Entregue No Prazo;;Entrega realizada;Entrega Finalizada;4;3;25;2;TRANSTRY;18010;;;
MOBIS BRASIL FABRICACAO DE AUTO PECAS LT;RODOVIARIO;1468397;25/02/2026;2;329684;25/02/2026;ZENDAI VEICULOS LTDA;1,97E+13;TOLEDO;PR;25/02/2026;04/03/2026;02/03/2026;Entregue No Prazo;;Entrega realizada;Entrega Finalizada;4;3;25;2;TRANSTRY;18016;;;
MOBIS BRASIL FABRICACAO DE AUTO PECAS LT;RODOVIARIO;1468408;25/02/2026;1;329723;25/02/2026;TAI MOTORS VEICULOS S/A.;9,27E+12;CAMPOS DOS GOYTACAZES;RJ;25/02/2026;04/03/2026;02/03/2026;Entregue No Prazo;;Entrega realizada;Entrega Finalizada;4;3;25;2;CAMILO;19023;;;
MOBIS BRASIL FABRICACAO DE AUTO PECAS LT;RODOVIARIO;1468409;25/02/2026;1;329726;25/02/2026;VIA VR VEICULOS LTDA;1,73E+13;PETROPOLIS;RJ;25/02/2026;04/03/2026;02/03/2026;Entregue No Prazo;;Entrega realizada;Entrega Finalizada;4;3;25;2;CAMILO;19016;;;
MOBIS BRASIL FABRICACAO DE AUTO PECAS LT;RODOVIARIO;1468404;25/02/2026;2;329727;25/02/2026;VIA VR VEICULOS LTDA;1,73E+13;VOLTA REDONDA;RJ;25/02/2026;04/03/2026;02/03/2026;Entregue No Prazo;;Entrega realizada;Entrega Finalizada;4;3;25;2;CAMILO;19016;;;
MOBIS BRASIL FABRICACAO DE AUTO PECAS LT;RODOVIARIO;1468381;25/02/2026;2;329701;25/02/2026;GOLDEN MOTORS VEICULOS LTDA;3,62E+12;DOURADOS;MS;25/02/2026;05/03/2026;02/03/2026;Entregue No Prazo;;Entrega realizada;Entrega Finalizada;5;3;25;2;CARVALIMA;12001;;;
MOBIS BRASIL FABRICACAO DE AUTO PECAS LT;RODOVIARIO;1468782;25/02/2026;3;329716;25/02/2026;SAGA ASIA COM. DE VEIC.PC.E SERV. LTDA;2,23E+13;VARZEA GRANDE;MT;25/02/2026;06/03/2026;02/03/2026;Entregue No Prazo;;Entrega realizada;Entrega Finalizada;6;3;25;2;CARVALIMA;13004;Revolução Pernambucana de 1817;Estadual;PE
MOBIS BRASIL FABRICACAO DE AUTO PECAS LT;RODOVIARIO;1468792;25/02/2026;1;329716;25/02/2026;SAGA ASIA COM. DE VEIC.PC.E SERV. LTDA;2,23E+13;VARZEA GRANDE;MT;25/02/2026;06/03/2026;02/03/2026;Entregue No Prazo;;Entrega realizada;Entrega Finalizada;6;3;25;2;CARVALIMA;13004;Revolução Pernambucana de 1817;Estadual;PE
MOBIS BRASIL FABRICACAO DE AUTO PECAS LT;RODOVIARIO;1468383;25/02/2026;2;329696;25/02/2026;COMETA MATO GROSSO COM. DE VEICULOS LTDA;1,54E+13;RONDONOPOLIS;MT;25/02/2026;09/03/2026;02/03/2026;Entregue No Prazo;;Entrega realizada;Entrega Finalizada;9;3;25;2;CARVALIMA;13006;;;
MOBIS BRASIL FABRICACAO DE AUTO PECAS LT;RODOVIARIO;1469488;26/02/2026;1;329848;26/02/2026;CAOA MOTOR DO BRASIL LTDA;1,68E+13;SAO CARLOS;SP;26/02/2026;03/03/2026;02/03/2026;Entregue No Prazo;;Entrega realizada;Entrega Finalizada;3;3;26;2;RISSO;5008;;;
MOBIS BRASIL FABRICACAO DE AUTO PECAS LT;RODOVIARIO;1469458;26/02/2026;5;329910;26/02/2026;BARI VEICULOS LTDA;7,46E+12;CURITIBA;PR;26/02/2026;03/03/2026;02/03/2026;Entregue No Prazo;;Entrega realizada;Entrega Finalizada;3;3;26;2;TRANSTRY;18024;;;
MOBIS BRASIL FABRICACAO DE AUTO PECAS LT;RODOVIARIO;1469487;26/02/2026;2;329857;26/02/2026;H R B COMERCIO DE VEICULOS LTDA;1,82E+13;SAO JOSE DO RIO PRETO;SP;26/02/2026;04/03/2026;02/03/2026;Entregue No Prazo;;Entrega realizada;Entrega Finalizada;4;3;26;2;RISSO;26050;;;
MOBIS BRASIL FABRICACAO DE AUTO PECAS LT;RODOVIARIO;1469486;26/02/2026;2;329857;26/02/2026;H R B COMERCIO DE VEICULOS LTDA;1,82E+13;SAO JOSE DO RIO PRETO;SP;26/02/2026;04/03/2026;02/03/2026;Entregue No Prazo;;Entrega realizada;Entrega Finalizada;4;3;26;2;RISSO;26050;;;
MOBIS BRASIL FABRICACAO DE AUTO PECAS LT;RODOVIARIO;1469578;26/02/2026;4;329858;26/02/2026;HYMAX DISTRIBUIDORA DE VEICULOS LTDA;1,73E+13;MOGI GUACU;SP;26/02/2026;04/03/2026;02/03/2026;Entregue No Prazo;;Entrega realizada;Entrega Finalizada;4;3;26;2;RISSO;26002;;;
MOBIS BRASIL FABRICACAO DE AUTO PECAS LT;RODOVIARIO;1469573;26/02/2026;1;329858;26/02/2026;HYMAX DISTRIBUIDORA DE VEICULOS LTDA;1,73E+13;MOGI GUACU;SP;26/02/2026;04/03/2026;02/03/2026;Entregue No Prazo;;Entrega realizada;Entrega Finalizada;4;3;26;2;RISSO;26002;;;
MOBIS BRASIL FABRICACAO DE AUTO PECAS LT;RODOVIARIO;1469456;26/02/2026;13;329908;26/02/2026;BARI VEICULOS LTDA;7,46E+12;PONTA GROSSA;PR;26/02/2026;04/03/2026;02/03/2026;Entregue No Prazo;;Entrega realizada;Entrega Finalizada;4;3;26;2;TRANSTRY;18024;;;
MOBIS BRASIL FABRICACAO DE AUTO PECAS LT;RODOVIARIO;1469457;26/02/2026;1;329911;26/02/2026;BARI VEICULOS LTDA;7,46E+12;SAO JOSE DOS PINHAIS;PR;26/02/2026;04/03/2026;02/03/2026;Entregue No Prazo;;Entrega realizada;Entrega Finalizada;4;3;26;2;TRANSTRY;18024;;;
MOBIS BRASIL FABRICACAO DE AUTO PECAS LT;RODOVIARIO;1469474;26/02/2026;1;329912;26/02/2026;BARI VEICULOS LTDA.;7,46E+12;ITAJAI;SC;26/02/2026;04/03/2026;02/03/2026;Entregue No Prazo;;Entrega realizada;Entrega Finalizada;4;3;26;2;TRANSTRY;24014;;;
MOBIS BRASIL FABRICACAO DE AUTO PECAS LT;RODOVIARIO;1469455;26/02/2026;1;329924;26/02/2026;VETOR AUTOMOVEIS LTDA;2,12E+13;CASCAVEL;PR;26/02/2026;04/03/2026;02/03/2026;Entregue No Prazo;;Entrega realizada;Entrega Finalizada;4;3;26;2;TRANSTRY;18019;;;
MOBIS BRASIL FABRICACAO DE AUTO PECAS LT;RODOVIARIO;1469577;26/02/2026;1;329909;26/02/2026;BARI VEICULOS LTDA;7,46E+12;BLUMENAU;SC;26/02/2026;05/03/2026;02/03/2026;Entregue No Prazo;;Entrega realizada;Entrega Finalizada;5;3;26;2;TRANSTRY;18024;;;
MOBIS BRASIL FABRICACAO DE AUTO PECAS LT;RODOVIARIO;1469571;26/02/2026;20;329909;26/02/2026;BARI VEICULOS LTDA;7,46E+12;BLUMENAU;SC;26/02/2026;05/03/2026;02/03/2026;Entregue No Prazo;;Entrega realizada;Entrega Finalizada;5;3;26;2;TRANSTRY;18024;;;
MOBIS BRASIL FABRICACAO DE AUTO PECAS LT;RODOVIARIO;1469473;26/02/2026;2;329921;26/02/2026;LR COMERCIO DE VEICULOS LTDA;1,05E+13;SAO JOSE;SC;26/02/2026;05/03/2026;02/03/2026;Entregue No Prazo;;Entrega realizada;Entrega Finalizada;5;3;26;2;TRANSTRY;24007;;;
MOBIS BRASIL FABRICACAO DE AUTO PECAS LT;RODOVIARIO;1469472;26/02/2026;1;329922;26/02/2026;LS COMERCIO DE AUTOMOVEIS LTDA.;1,03E+13;BRUSQUE;SC;26/02/2026;05/03/2026;02/03/2026;Entregue No Prazo;;Entrega realizada;Entrega Finalizada;5;3;26;2;TRANSTRY;24006;;;
MOBIS BRASIL FABRICACAO DE AUTO PECAS LT;RODOVIARIO;1469565;26/02/2026;2;329895;26/02/2026;SAGA ASIA COM. DE VEIC.PC.E SERV. LTDA;2,23E+13;VARZEA GRANDE;MT;26/02/2026;09/03/2026;02/03/2026;Entregue No Prazo;;Entrega realizada;Entrega Finalizada;9;3;26;2;CARVALIMA;13004;;;
MOBIS BRASIL FABRICACAO DE AUTO PECAS LT;RODOVIARIO;1469566;26/02/2026;8;329895;26/02/2026;SAGA ASIA COM. DE VEIC.PC.E SERV. LTDA;2,23E+13;VARZEA GRANDE;MT;26/02/2026;09/03/2026;02/03/2026;Entregue No Prazo;;Entrega realizada;Entrega Finalizada;9;3;26;2;CARVALIMA;13004;;;
MOBIS BRASIL FABRICACAO DE AUTO PECAS LT;RODOVIARIO;1470341;27/02/2026;9;330094;27/02/2026;BILLY DISTRIBUIDORA DE VEICULOS LTDA;1,34E+13;BARUERI;SP;27/02/2026;03/03/2026;02/03/2026;Entregue No Prazo;;Entrega realizada;Entrega Finalizada;3;3;27;2;RISSO;26003;;;
MOBIS BRASIL FABRICACAO DE AUTO PECAS LT;RODOVIARIO;1470452;27/02/2026;75;330100;27/02/2026;CHS MOTORS VEICULOS PECAS(VL. GUILHERME);1,69E+13;SAO PAULO;SP;27/02/2026;03/03/2026;02/03/2026;Entregue No Prazo;;Entrega realizada;Entrega Finalizada;3;3;27;2;RISSO;26052;;;
MOBIS BRASIL FABRICACAO DE AUTO PECAS LT;RODOVIARIO;1470343;27/02/2026;7;330103;27/02/2026;GRAND SPORT COM. DE VEIC. E PECAS LTDA;8,58E+12;GUARULHOS;SP;27/02/2026;03/03/2026;02/03/2026;Entregue No Prazo;;Entrega realizada;Entrega Finalizada;3;3;27;2;RISSO;26005;;;
MOBIS BRASIL FABRICACAO DE AUTO PECAS LT;RODOVIARIO;1470350;27/02/2026;4;330104;27/02/2026;GRAND SPORT COM. DE VEIC. E PECAS LTDA;8,58E+12;SAO PAULO;SP;27/02/2026;03/03/2026;02/03/2026;Entregue No Prazo;;Entrega realizada;Entrega Finalizada;3;3;27;2;RISSO;26034;;;
MOBIS BRASIL FABRICACAO DE AUTO PECAS LT;RODOVIARIO;1470365;27/02/2026;6;330105;27/02/2026;GRANDAY AUTOMOTORES LTDA (CHAC. CALIFOR);1,57E+13;SAO PAULO;SP;27/02/2026;03/03/2026;02/03/2026;Entregue No Prazo;;Entrega realizada;Entrega Finalizada;3;3;27;2;RISSO;26090;;;
MOBIS BRASIL FABRICACAO DE AUTO PECAS LT;RODOVIARIO;1470367;27/02/2026;4;330105;27/02/2026;GRANDAY AUTOMOTORES LTDA (CHAC. CALIFOR);1,57E+13;SAO PAULO;SP;27/02/2026;03/03/2026;02/03/2026;Entregue No Prazo;;Entrega realizada;Entrega Finalizada;3;3;27;2;RISSO;26090;;;
MOBIS BRASIL FABRICACAO DE AUTO PECAS LT;RODOVIARIO;1470346;27/02/2026;12;330092;27/02/2026;ANDRETA II DISTRIBUIDORA DE VEIC. LTDA;9,10E+12;CAMPINAS;SP;27/02/2026;04/03/2026;02/03/2026;Entregue No Prazo;;Entrega realizada;Entrega Finalizada;4;3;27;2;RISSO;26011;;;
MOBIS BRASIL FABRICACAO DE AUTO PECAS LT;RODOVIARIO;1470360;27/02/2026;4;330097;27/02/2026;CAOA MOTOR DO BRASIL LTDA;1,68E+13;SAO JOSE DOS CAMPOS;SP;27/02/2026;04/03/2026;02/03/2026;Entregue No Prazo;;Entrega realizada;Entrega Finalizada;4;3;27;2;RISSO;5008;;;
MOBIS BRASIL FABRICACAO DE AUTO PECAS LT;RODOVIARIO;1470364;27/02/2026;1;330095;27/02/2026;CAOA MOTOR DO BRASIL LTDA;1,68E+13;PRAIA GRANDE;SP;27/02/2026;05/03/2026;02/03/2026;Entregue No Prazo;;Entrega realizada;Entrega Finalizada;5;3;27;2;RISSO;5008;;;
MOBIS BRASIL FABRICACAO DE AUTO PECAS LT;RODOVIARIO;1470368;27/02/2026;1;330106;27/02/2026;H - CAMINHO AUTOMOVEIS LTDA;2,53E+13;PIRACICABA;SP;27/02/2026;05/03/2026;02/03/2026;Entregue No Prazo;;Entrega realizada;Entrega Finalizada;5;3;27;2;RISSO;26092;;;
MOBIS BRASIL FABRICACAO DE AUTO PECAS LT;RODOVIARIO;1470369;27/02/2026;2;330106;27/02/2026;H - CAMINHO AUTOMOVEIS LTDA;2,53E+13;PIRACICABA;SP;27/02/2026;05/03/2026;02/03/2026;Entregue No Prazo;;Entrega realizada;Entrega Finalizada;5;3;27;2;RISSO;26092;;;
MOBIS BRASIL FABRICACAO DE AUTO PECAS LT;RODOVIARIO;1470373;27/02/2026;1;330107;27/02/2026;H - CAMINHO AUTOMOVEIS LTDA;2,53E+13;CATANDUVA;SP;27/02/2026;05/03/2026;02/03/2026;Entregue No Prazo;;Entrega realizada;Entrega Finalizada;5;3;27;2;RISSO;26092;;;
MOBIS BRASIL FABRICACAO DE AUTO PECAS LT;RODOVIARIO;1470356;27/02/2026;29;330109;27/02/2026;H R B COMERCIO DE VEICULOS LTDA;1,82E+13;SAO JOSE DO RIO PRETO;SP;27/02/2026;05/03/2026;02/03/2026;Entregue No Prazo;;Entrega realizada;Entrega Finalizada;5;3;27;2;RISSO;26050;;;
MOBIS BRASIL FABRICACAO DE AUTO PECAS LT;RODOVIARIO;1470449;27/02/2026;3;330110;27/02/2026;HYMAX DISTRIBUIDORA DE VEICULOS LTDA;1,73E+13;MOGI GUACU;SP;27/02/2026;05/03/2026;02/03/2026;Entregue No Prazo;;Entrega realizada;Entrega Finalizada;5;3;27;2;RISSO;26002;;;
MOBIS BRASIL FABRICACAO DE AUTO PECAS LT;RODOVIARIO;1470355;27/02/2026;7;330112;27/02/2026;NEW VEICULOS E PECAS LTDA;1,59E+13;FRANCA;SP;27/02/2026;05/03/2026;02/03/2026;Entregue No Prazo;;Entrega realizada;Entrega Finalizada;5;3;27;2;RISSO;26014;;;
MOBIS BRASIL FABRICACAO DE AUTO PECAS LT;RODOVIARIO;1463730;12/02/2026;3;328008;12/02/2026;ULSAN COMERCIO DE VEICULOS LTDA;2,10E+13;RIO BRANCO;AC;12/02/2026;03/03/2026;03/03/2026;Entregue No Prazo;;Entrega realizada;Entrega Finalizada;3;3;12;2;CARVALIMA;21004;;;
MOBIS BRASIL FABRICACAO DE AUTO PECAS LT;RODOVIARIO;1464500;13/02/2026;1;328272;13/02/2026;JPN PATOS COMERCIO DE VEICULOS LTDA;4,20E+13;PATOS;PB;13/02/2026;03/03/2026;03/03/2026;Entregue No Prazo;;Entrega realizada;Entrega Finalizada;3;3;13;2;TERMACO;15004;;;
MOBIS BRASIL FABRICACAO DE AUTO PECAS LT;RODOVIARIO;1465047;18/02/2026;1;328558;18/02/2026;GREEN CITY VEICULOS LTDA;2,10E+13;PARNAIBA;PI;18/02/2026;10/03/2026;03/03/2026;Entregue No Prazo;;Entrega realizada;Entrega Finalizada;10;3;18;2;TERMACO;17002;;;
MOBIS BRASIL FABRICACAO DE AUTO PECAS LT;RODOVIARIO;1465887;19/02/2026;1;328801;19/02/2026;AUTORAC VEICULOS LTDA;1,06E+13;PETROLINA;PE;19/02/2026;09/03/2026;03/03/2026;Entregue No Prazo;;Entrega realizada;Entrega Finalizada;9;3;19;2;TERMACO;16001;;;
MOBIS BRASIL FABRICACAO DE AUTO PECAS LT;RODOVIARIO;1465884;19/02/2026;1;328813;19/02/2026;JPN COMERCIO DE AUTOMOVEIS LTDA;2,61E+13;GARANHUNS;PE;19/02/2026;09/03/2026;03/03/2026;Entregue No Prazo;;Entrega realizada;Entrega Finalizada;9;3;19;2;TERMACO;16009;;;
MOBIS BRASIL FABRICACAO DE AUTO PECAS LT;RODOVIARIO;1465885;19/02/2026;1;328813;19/02/2026;JPN COMERCIO DE AUTOMOVEIS LTDA;2,61E+13;GARANHUNS;PE;19/02/2026;09/03/2026;03/03/2026;Entregue No Prazo;;Entrega realizada;Entrega Finalizada;9;3;19;2;TERMACO;16009;;;
MOBIS BRASIL FABRICACAO DE AUTO PECAS LT;RODOVIARIO;1466272;20/02/2026;9;328984;20/02/2026;ITAVEMA MOTORS VEICULOS LTDA;7,73E+12;RIO DE JANEIRO;RJ;20/02/2026;26/02/2026;03/03/2026;Entregue Fora do Prazo;;Entrega realizada;Entrega Finalizada;26;2;20;2;CAMILO;19001;;;
MOBIS BRASIL FABRICACAO DE AUTO PECAS LT;RODOVIARIO;1466286;20/02/2026;2;329001;20/02/2026;ATUAL VEICULOS LTDA;1,33E+13;TUBARAO;SC;20/02/2026;27/02/2026;03/03/2026;Entregue Fora do Prazo;;Entrega realizada;Entrega Finalizada;27;2;20;2;BAUER;24001;;;
MOBIS BRASIL FABRICACAO DE AUTO PECAS LT;RODOVIARIO;1466280;20/02/2026;2;329013;20/02/2026;GALA COMERCIO DE VEICULOS LTDA.;1,77E+13;PELOTAS;RS;20/02/2026;27/02/2026;03/03/2026;Entregue Fora do Prazo;;Entrega realizada;Entrega Finalizada;27;2;20;2;BAUER;23009;;;
MOBIS BRASIL FABRICACAO DE AUTO PECAS LT;RODOVIARIO;1466237;20/02/2026;1;328991;20/02/2026;PRIME CACHOEIRO VEICULOS LTDA;9,34E+12;LINHARES;ES;20/02/2026;02/03/2026;03/03/2026;Entregue Fora do Prazo;;Entrega realizada;Entrega Finalizada;2;3;20;2;CAMILO;8004;;;
MOBIS BRASIL FABRICACAO DE AUTO PECAS LT;RODOVIARIO;1466672;20/02/2026;1;328994;20/02/2026;SAINT LAND COMERCIO DE VEICULOS LTDA;1,04E+13;ARACAJU;SE;20/02/2026;05/03/2026;03/03/2026;Entregue No Prazo;;Entrega realizada;Entrega Finalizada;5;3;20;2;TERMACO;6010;;;
MOBIS BRASIL FABRICACAO DE AUTO PECAS LT;RODOVIARIO;1466257;20/02/2026;1;328988;20/02/2026;MISO VEICULOS LTDA;1,85E+13;SANTAREM;PA;20/02/2026;06/03/2026;03/03/2026;Entregue No Prazo;;Entrega realizada;Entrega Finalizada;6;3;20;2;CARVALIMA;4001;Revolução Pernambucana de 1817;Estadual;PE
MOBIS BRASIL FABRICACAO DE AUTO PECAS LT;RODOVIARIO;1466230;20/02/2026;1;328974;20/02/2026;AIKON VEICULOS LTDA;1,17E+13;ITABUNA;BA;20/02/2026;09/03/2026;03/03/2026;Entregue No Prazo;;Entrega realizada;Entrega Finalizada;9;3;20;2;TERMACO;5002;;;
MOBIS BRASIL FABRICACAO DE AUTO PECAS LT;RODOVIARIO;1466229;20/02/2026;1;328979;20/02/2026;CAOA MOTOR DO BRASIL LTDA.;1,68E+13;LAURO DE FREITAS;BA;20/02/2026;09/03/2026;03/03/2026;Entregue No Prazo;;Entrega realizada;Entrega Finalizada;9;3;20;2;TERMACO;5008;;;
MOBIS BRASIL FABRICACAO DE AUTO PECAS LT;RODOVIARIO;1466261;20/02/2026;1;328986;20/02/2026;JPN COMERCIO DE AUTOMOVEIS LTDA;2,61E+13;GARANHUNS;PE;20/02/2026;10/03/2026;03/03/2026;Entregue No Prazo;;Entrega realizada;Entrega Finalizada;10;3;20;2;TERMACO;16009;;;
MOBIS BRASIL FABRICACAO DE AUTO PECAS LT;RODOVIARIO;1466226;20/02/2026;1;328996;20/02/2026;ULSAN COMERCIO DE VEICULOS LTDA;2,10E+13;RIO BRANCO;AC;20/02/2026;11/03/2026;03/03/2026;Entregue No Prazo;;Entrega realizada;Entrega Finalizada;11;3;20;2;CARVALIMA;21004;;;
MOBIS BRASIL FABRICACAO DE AUTO PECAS LT;RODOVIARIO;1466948;23/02/2026;1;329162;23/02/2026;NEW VEICULOS E PECAS LTDA;1,59E+13;FRANCA;SP;23/02/2026;27/02/2026;03/03/2026;Entregue Fora do Prazo;;Entrega realizada;Entrega Finalizada;27;2;23;2;RISSO;26014;;;
MOBIS BRASIL FABRICACAO DE AUTO PECAS LT;RODOVIARIO;1466937;23/02/2026;2;329208;23/02/2026;ATUAL VEICULOS LTDA;1,33E+13;TUBARAO;SC;23/02/2026;02/03/2026;03/03/2026;Entregue Fora do Prazo;;Entrega realizada;Entrega Finalizada;2;3;23;2;BAUER;24001;;;
MOBIS BRASIL FABRICACAO DE AUTO PECAS LT;RODOVIARIO;1467689;24/02/2026;1;329392;24/02/2026;H - CAMINHO AUTOMOVEIS LTDA;2,53E+13;LIMEIRA;SP;24/02/2026;27/02/2026;03/03/2026;Entregue Fora do Prazo;;Entrega realizada;Entrega Finalizada;27;2;24;2;RISSO;26092;;;
MOBIS BRASIL FABRICACAO DE AUTO PECAS LT;RODOVIARIO;1467619;24/02/2026;2;329422;24/02/2026;VIME AUTOMOVEIS E PECAS LTDA;2,85E+13;GUAXUPE;MG;24/02/2026;03/03/2026;03/03/2026;Entregue No Prazo;;Entrega realizada;Entrega Finalizada;3;3;24;2;XD BETIM;11031;;;
MOBIS BRASIL FABRICACAO DE AUTO PECAS LT;RODOVIARIO;1467613;24/02/2026;1;329424;24/02/2026;VITAL COMERCIO DE VEICULOS LTDA;1,05E+13;GOVERNADOR VALADARES;MG;24/02/2026;03/03/2026;03/03/2026;Entregue No Prazo;;Entrega realizada;Entrega Finalizada;3;3;24;2;XD BETIM;11016;;;
MOBIS BRASIL FABRICACAO DE AUTO PECAS LT;RODOVIARIO;1467661;24/02/2026;2;329425;24/02/2026;ATUAL VEICULOS LTDA;1,33E+13;ARARANGUA;SC;24/02/2026;03/03/2026;03/03/2026;Entregue No Prazo;;Entrega realizada;Entrega Finalizada;3;3;24;2;BAUER;24001;;;
MOBIS BRASIL FABRICACAO DE AUTO PECAS LT;RODOVIARIO;1467663;24/02/2026;1;329426;24/02/2026;ATUAL VEICULOS LTDA;1,33E+13;TUBARAO;SC;24/02/2026;03/03/2026;03/03/2026;Entregue No Prazo;;Entrega realizada;Entrega Finalizada;3;3;24;2;BAUER;24001;;;
MOBIS BRASIL FABRICACAO DE AUTO PECAS LT;RODOVIARIO;1467650;24/02/2026;1;329465;24/02/2026;MONTREAL VEICULOS E PECAS LTDA;1,68E+13;SAO PEDRO DA ALDEIA;RJ;24/02/2026;03/03/2026;03/03/2026;Entregue No Prazo;;Entrega realizada;Entrega Finalizada;3;3;24;2;CAMILO;19030;;;
MOBIS BRASIL FABRICACAO DE AUTO PECAS LT;RODOVIARIO;1467624;24/02/2026;5;329458;24/02/2026;GOLDEN MOTORS VEICULOS LTDA;3,62E+12;DOURADOS;MS;24/02/2026;04/03/2026;03/03/2026;Entregue No Prazo;;Entrega realizada;Entrega Finalizada;4;3;24;2;CARVALIMA;12001;;;
MOBIS BRASIL FABRICACAO DE AUTO PECAS LT;RODOVIARIO;1467956;24/02/2026;4;329408;24/02/2026;PRIVILLEGE DISTRIBUIDORA DE VEICULOS LTD;1,72E+13;PALMAS;TO;24/02/2026;05/03/2026;03/03/2026;Entregue No Prazo;;Entrega realizada;Entrega Finalizada;5;3;24;2;RIO VERMELHO;27003;;;
MOBIS BRASIL FABRICACAO DE AUTO PECAS LT;RODOVIARIO;1467943;24/02/2026;2;329454;24/02/2026;COMETA MATO GROSSO COM. DE VEICULOS LTDA;1,54E+13;SINOP;MT;24/02/2026;06/03/2026;03/03/2026;Entregue No Prazo;;Entrega realizada;Entrega Finalizada;6;3;24;2;CARVALIMA;13003;Revolução Pernambucana de 1817;Estadual;PE
MOBIS BRASIL FABRICACAO DE AUTO PECAS LT;RODOVIARIO;1467944;24/02/2026;1;329454;24/02/2026;COMETA MATO GROSSO COM. DE VEICULOS LTDA;1,54E+13;SINOP;MT;24/02/2026;06/03/2026;03/03/2026;Entregue No Prazo;;Entrega realizada;Entrega Finalizada;6;3;24;2;CARVALIMA;13003;Revolução Pernambucana de 1817;Estadual;PE
MOBIS BRASIL FABRICACAO DE AUTO PECAS LT;RODOVIARIO;1467627;24/02/2026;1;329459;24/02/2026;GRANDE COREIA COMERCIO DE VEICULOS LTDA;2,66E+13;CASTANHAL;PA;24/02/2026;09/03/2026;03/03/2026;Entregue No Prazo;;Entrega realizada;Entrega Finalizada;9;3;24;2;CARVALIMA;14007;;;
MOBIS BRASIL FABRICACAO DE AUTO PECAS LT;RODOVIARIO;1467589;24/02/2026;2;329455;24/02/2026;CYCOSA AUTOMOVEIS LTDA;4,76E+12;MACEIO;AL;24/02/2026;10/03/2026;03/03/2026;Entregue No Prazo;;Entrega realizada;Entrega Finalizada;10;3;24;2;TERMACO;2001;;;
MOBIS BRASIL FABRICACAO DE AUTO PECAS LT;RODOVIARIO;1467472;24/02/2026;1;329455;24/02/2026;CYCOSA AUTOMOVEIS LTDA;4,76E+12;MACEIO;AL;24/02/2026;10/03/2026;03/03/2026;Entregue No Prazo;;Entrega realizada;Entrega Finalizada;10;3;24;2;TERMACO;2001;;;
MOBIS BRASIL FABRICACAO DE AUTO PECAS LT;RODOVIARIO;1467940;24/02/2026;3;329456;24/02/2026;FAZZA MOTORS COM. DE VEICULOS LTDA;1,24E+13;FORTALEZA;CE;24/02/2026;10/03/2026;03/03/2026;Entregue No Prazo;;Entrega realizada;Entrega Finalizada;10;3;24;2;TERMACO;6001;;;
MOBIS BRASIL FABRICACAO DE AUTO PECAS LT;RODOVIARIO;1467947;24/02/2026;15;329467;24/02/2026;NACIONAL NOVA MARABA DIST DE VEIC. LTDA;1,70E+13;MARABA;PA;24/02/2026;10/03/2026;03/03/2026;Entregue No Prazo;;Entrega realizada;Entrega Finalizada;10;3;24;2;CARVALIMA;14005;;;
MOBIS BRASIL FABRICACAO DE AUTO PECAS LT;RODOVIARIO;1467632;24/02/2026;3;329463;24/02/2026;JPN COMERCIO DE AUTOMOVEIS LTDA;2,61E+13;GARANHUNS;PE;24/02/2026;12/03/2026;03/03/2026;Entregue No Prazo;;Entrega realizada;Entrega Finalizada;12;3;24;2;TERMACO;16009;;;
MOBIS BRASIL FABRICACAO DE AUTO PECAS LT;RODOVIARIO;1467633;24/02/2026;1;329463;24/02/2026;JPN COMERCIO DE AUTOMOVEIS LTDA;2,61E+13;GARANHUNS;PE;24/02/2026;12/03/2026;03/03/2026;Entregue No Prazo;;Entrega realizada;Entrega Finalizada;12;3;24;2;TERMACO;16009;;;
MOBIS BRASIL FABRICACAO DE AUTO PECAS LT;RODOVIARIO;1467654;24/02/2026;2;329453;24/02/2026;COMETA JI PARANA COM. DE VEIC. LTDA;4,23E+12;JIPARANA;RO;24/02/2026;13/03/2026;03/03/2026;Entregue No Prazo;;Entrega realizada;Entrega Finalizada;13;3;24;2;CARVALIMA;21002;Batalha do Jenipapo;Estadual;PI
MOBIS BRASIL FABRICACAO DE AUTO PECAS LT;RODOVIARIO;1467653;24/02/2026;2;329453;24/02/2026;COMETA JI PARANA COM. DE VEIC. LTDA;4,23E+12;JIPARANA;RO;24/02/2026;13/03/2026;03/03/2026;Entregue No Prazo;;Entrega realizada;Entrega Finalizada;13;3;24;2;CARVALIMA;21002;Batalha do Jenipapo;Estadual;PI
MOBIS BRASIL FABRICACAO DE AUTO PECAS LT;RODOVIARIO;1468791;25/02/2026;138;329632;25/02/2026;NEW VEICULOS E PECAS LTDA;1,59E+13;RIBEIRAO PRETO;SP;25/02/2026;02/03/2026;03/03/2026;Entregue Fora do Prazo;;Entrega realizada;Entrega Finalizada;2;3;25;2;RISSO;26014;;;
MOBIS BRASIL FABRICACAO DE AUTO PECAS LT;RODOVIARIO;1468453;25/02/2026;2;329621;25/02/2026;DHC COMERCIO DE VEICULOS E PECAS LTDA;9,52E+12;OURINHOS;SP;25/02/2026;03/03/2026;03/03/2026;Entregue No Prazo;;Entrega realizada;Entrega Finalizada;3;3;25;2;RISSO;26010;;;
MOBIS BRASIL FABRICACAO DE AUTO PECAS LT;RODOVIARIO;1468370;25/02/2026;1;329640;25/02/2026;IMOTORS VEICULOS LTDA;7,17E+12;JUIZ DE FORA;MG;25/02/2026;03/03/2026;03/03/2026;Entregue No Prazo;;Entrega realizada;Entrega Finalizada;3;3;25;2;XD BETIM;11010;;;
MOBIS BRASIL FABRICACAO DE AUTO PECAS LT;RODOVIARIO;1468371;25/02/2026;19;329642;25/02/2026;MOTORS COM DE VEICS E PCS LTDA;1,03E+13;SETE LAGOAS;MG;25/02/2026;03/03/2026;03/03/2026;Entregue No Prazo;;Entrega realizada;Entrega Finalizada;3;3;25;2;XD BETIM;11012;;;
MOBIS BRASIL FABRICACAO DE AUTO PECAS LT;RODOVIARIO;1468369;25/02/2026;2;329653;25/02/2026;TOKSU COMERCIO DE VEICULOS LTDA;1,12E+13;JUIZ DE FORA;MG;25/02/2026;03/03/2026;03/03/2026;Entregue No Prazo;;Entrega realizada;Entrega Finalizada;3;3;25;2;XD BETIM;11008;;;
MOBIS BRASIL FABRICACAO DE AUTO PECAS LT;RODOVIARIO;1468372;25/02/2026;1;329656;25/02/2026;URCA MOTORS VEICULOS LTDA;8,77E+12;UBERABA;MG;25/02/2026;03/03/2026;03/03/2026;Entregue No Prazo;;Entrega realizada;Entrega Finalizada;3;3;25;2;XD BETIM;9014;;;
MOBIS BRASIL FABRICACAO DE AUTO PECAS LT;RODOVIARIO;1468431;25/02/2026;1;329665;25/02/2026;BARI VEICULOS LTDA;7,46E+12;JARAGUA DO SUL;SC;25/02/2026;03/03/2026;03/03/2026;Entregue No Prazo;;Entrega realizada;Entrega Finalizada;3;3;25;2;TRANSTRY;18024;;;
MOBIS BRASIL FABRICACAO DE AUTO PECAS LT;RODOVIARIO;1468420;25/02/2026;1;329669;25/02/2026;CARWAY SUL VEICULOS LTDA;1,03E+13;CANOAS;RS;25/02/2026;03/03/2026;03/03/2026;Entregue No Prazo;;Entrega realizada;Entrega Finalizada;3;3;25;2;TRANSTRY;23003;;;
MOBIS BRASIL FABRICACAO DE AUTO PECAS LT;RODOVIARIO;1468419;25/02/2026;1;329670;25/02/2026;CARWAY SUL VEICULOS LTDA;1,03E+13;NOVO HAMBURGO;RS;25/02/2026;03/03/2026;03/03/2026;Entregue No Prazo;;Entrega realizada;Entrega Finalizada;3;3;25;2;TRANSTRY;23003;;;
MOBIS BRASIL FABRICACAO DE AUTO PECAS LT;RODOVIARIO;1468418;25/02/2026;4;329677;25/02/2026;HOUSE PARTS-COM. DE PCS. E VEICULOS LTDA;1,15E+13;PORTO ALEGRE;RS;25/02/2026;03/03/2026;03/03/2026;Entregue No Prazo;;Entrega realizada;Entrega Finalizada;3;3;25;2;TRANSTRY;23004;;;
MOBIS BRASIL FABRICACAO DE AUTO PECAS LT;RODOVIARIO;1468394;25/02/2026;1;329678;25/02/2026;LOVAT VEICULOS S/A;8,57E+12;MARINGA;PR;25/02/2026;03/03/2026;03/03/2026;Entregue No Prazo;;Entrega realizada;Entrega Finalizada;3;3;25;2;TRANSTRY;18008;;;
MOBIS BRASIL FABRICACAO DE AUTO PECAS LT;RODOVIARIO;1468395;25/02/2026;1;329678;25/02/2026;LOVAT VEICULOS S/A;8,57E+12;MARINGA;PR;25/02/2026;03/03/2026;03/03/2026;Entregue No Prazo;;Entrega realizada;Entrega Finalizada;3;3;25;2;TRANSTRY;18008;;;
MOBIS BRASIL FABRICACAO DE AUTO PECAS LT;RODOVIARIO;1468377;25/02/2026;1;329639;25/02/2026;GNC GRANDE COREIA MINAS GERAIS COMERCIO;4,27E+13;MONTES CLAROS;MG;25/02/2026;04/03/2026;03/03/2026;Entregue No Prazo;;Entrega realizada;Entrega Finalizada;4;3;25;2;XD BETIM;11035;;;
MOBIS BRASIL FABRICACAO DE AUTO PECAS LT;RODOVIARIO;1468376;25/02/2026;1;329659;25/02/2026;VIME AUTOMOVEIS E PECAS LTDA;2,85E+13;GUAXUPE;MG;25/02/2026;04/03/2026;03/03/2026;Entregue No Prazo;;Entrega realizada;Entrega Finalizada;4;3;25;2;XD BETIM;11031;;;
MOBIS BRASIL FABRICACAO DE AUTO PECAS LT;RODOVIARIO;1468422;25/02/2026;1;329674;25/02/2026;GALA COMERCIO DE VEICULOS LTDA.;1,77E+13;PELOTAS;RS;25/02/2026;04/03/2026;03/03/2026;Entregue No Prazo;;Entrega realizada;Entrega Finalizada;4;3;25;2;TRANSTRY;23009;;;
MOBIS BRASIL FABRICACAO DE AUTO PECAS LT;RODOVIARIO;1468423;25/02/2026;1;329676;25/02/2026;HOUSE PARTS - COM DE PECAS E VEIC LTDA;1,15E+13;OSORIO;RS;25/02/2026;04/03/2026;03/03/2026;Entregue No Prazo;;Entrega realizada;Entrega Finalizada;4;3;25;2;TRANSTRY;23016;;;
MOBIS BRASIL FABRICACAO DE AUTO PECAS LT;RODOVIARIO;1468361;25/02/2026;1;329644;25/02/2026;NISA COMERCIAL DE VEIC. AUTOMOTORES LTDA;1,03E+13;GOIANIA;GO;25/02/2026;05/03/2026;03/03/2026;Entregue No Prazo;;Entrega realizada;Entrega Finalizada;5;3;25;2;RIO VERMELHO;9013;;;
MOBIS BRASIL FABRICACAO DE AUTO PECAS LT;RODOVIARIO;1468359;25/02/2026;2;329648;25/02/2026;SAGA KOREA COM. DE VEIC. E PC. LTDA;1,27E+13;GOIANIA;GO;25/02/2026;05/03/2026;03/03/2026;Entregue No Prazo;;Entrega realizada;Entrega Finalizada;5;3;25;2;RIO VERMELHO;9009;;;
MOBIS BRASIL FABRICACAO DE AUTO PECAS LT;RODOVIARIO;1468789;25/02/2026;5;329671;25/02/2026;CHINHAN AUTOMOVEIS LTDA;2,41E+13;ERECHIM;RS;25/02/2026;05/03/2026;03/03/2026;Entregue No Prazo;;Entrega realizada;Entrega Finalizada;5;3;25;2;TRANSTRY;23019;;;
MOBIS BRASIL FABRICACAO DE AUTO PECAS LT;RODOVIARIO;1468429;25/02/2026;6;329672;25/02/2026;CHINHAN AUTOMOVEIS LTDA;2,41E+13;CONCORDIA;SC;25/02/2026;05/03/2026;03/03/2026;Entregue No Prazo;;Entrega realizada;Entrega Finalizada;5;3;25;2;TRANSTRY;23019;;;
MOBIS BRASIL FABRICACAO DE AUTO PECAS LT;RODOVIARIO;1468424;25/02/2026;2;329680;25/02/2026;NAZARETH VEICULOS LTDA;9,30E+12;IJUI;RS;25/02/2026;05/03/2026;03/03/2026;Entregue No Prazo;;Entrega realizada;Entrega Finalizada;5;3;25;2;TRANSTRY;23021;;;
MOBIS BRASIL FABRICACAO DE AUTO PECAS LT;RODOVIARIO;1468382;25/02/2026;5;329724;25/02/2026;ULSAN COMERCIO DE VEICULOS LTDA.;2,10E+13;CAMPO GRANDE;MS;25/02/2026;05/03/2026;03/03/2026;Entregue No Prazo;;Entrega realizada;Entrega Finalizada;5;3;25;2;CARVALIMA;12004;;;
MOBIS BRASIL FABRICACAO DE AUTO PECAS LT;RODOVIARIO;1468347;25/02/2026;12;329698;25/02/2026;CYCOSA AUTOMOVEIS LTDA;4,76E+12;MACEIO;AL;25/02/2026;11/03/2026;03/03/2026;Entregue No Prazo;;Entrega realizada;Entrega Finalizada;11;3;25;2;TERMACO;2001;;;
MOBIS BRASIL FABRICACAO DE AUTO PECAS LT;RODOVIARIO;1468783;25/02/2026;5;329706;25/02/2026;NACIONAL NOVA MARABA DIST DE VEIC. LTDA;1,70E+13;MARABA;PA;25/02/2026;11/03/2026;03/03/2026;Entregue No Prazo;;Entrega realizada;Entrega Finalizada;11;3;25;2;CARVALIMA;14005;;;
MOBIS BRASIL FABRICACAO DE AUTO PECAS LT;RODOVIARIO;1468352;25/02/2026;1;329687;25/02/2026;AIKON VEICULOS LTDA;1,17E+13;ITABUNA;BA;25/02/2026;12/03/2026;03/03/2026;Entregue No Prazo;;Entrega realizada;Entrega Finalizada;12;3;25;2;TERMACO;5002;;;
MOBIS BRASIL FABRICACAO DE AUTO PECAS LT;RODOVIARIO;1468784;25/02/2026;4;329707;25/02/2026;NACIONAL NOVA MARABA DIST DE VEIC. LTDA;1,70E+13;PARAUAPEBAS;PA;25/02/2026;13/03/2026;03/03/2026;Entregue No Prazo;;Entrega realizada;Entrega Finalizada;13;3;25;2;CARVALIMA;14010;Batalha do Jenipapo;Estadual;PI
MOBIS BRASIL FABRICACAO DE AUTO PECAS LT;RODOVIARIO;1469580;26/02/2026;2;329847;26/02/2026;BILLY DISTRIBUIDORA DE VEICULOS LTDA;1,34E+13;SAO CAETANO DO SUL;SP;26/02/2026;02/03/2026;03/03/2026;Entregue Fora do Prazo;;Entrega realizada;Entrega Finalizada;2;3;26;2;RISSO;26003;;;
MOBIS BRASIL FABRICACAO DE AUTO PECAS LT;RODOVIARIO;1469581;26/02/2026;7;329847;26/02/2026;BILLY DISTRIBUIDORA DE VEICULOS LTDA;1,34E+13;SAO CAETANO DO SUL;SP;26/02/2026;02/03/2026;03/03/2026;Entregue Fora do Prazo;;Entrega realizada;Entrega Finalizada;2;3;26;2;RISSO;26003;;;
MOBIS BRASIL FABRICACAO DE AUTO PECAS LT;RODOVIARIO;1469579;26/02/2026;11;329840;26/02/2026;ANDRETA II DISTRIB.DE VEICULOS LTDA.;9,10E+12;JUNDIAI;SP;26/02/2026;03/03/2026;03/03/2026;Entregue No Prazo;;Entrega realizada;Entrega Finalizada;3;3;26;2;RISSO;26040;;;
MOBIS BRASIL FABRICACAO DE AUTO PECAS LT;RODOVIARIO;1469489;26/02/2026;19;329851;26/02/2026;DESTAQUE SEUL DISTR. DE VEIC. E PC. LTDA;2,12E+13;ATIBAIA;SP;26/02/2026;03/03/2026;03/03/2026;Entregue No Prazo;;Entrega realizada;Entrega Finalizada;3;3;26;2;RISSO;26075;;;
MOBIS BRASIL FABRICACAO DE AUTO PECAS LT;RODOVIARIO;1469493;26/02/2026;2;329856;26/02/2026;H - CAMINHO AUTOMOVEIS LTDA;2,53E+13;LIMEIRA;SP;26/02/2026;03/03/2026;03/03/2026;Entregue No Prazo;;Entrega realizada;Entrega Finalizada;3;3;26;2;RISSO;26092;;;
MOBIS BRASIL FABRICACAO DE AUTO PECAS LT;RODOVIARIO;1469480;26/02/2026;112;329859;26/02/2026;MOTONET COMERCIO DE VEICULOS LTDA;9,28E+12;SOROCABA;SP;26/02/2026;03/03/2026;03/03/2026;Entregue No Prazo;;Entrega realizada;Entrega Finalizada;3;3;26;2;RISSO;26113;;;
MOBIS BRASIL FABRICACAO DE AUTO PECAS LT;RODOVIARIO;1469444;26/02/2026;26;329861;26/02/2026;BDG AUTOVILLE VEICULOS LTDA;4,77E+13;CONTAGEM;MG;26/02/2026;03/03/2026;03/03/2026;Entregue No Prazo;;Entrega realizada;Entrega Finalizada;3;3;26;2;XD BETIM;11037;;;
MOBIS BRASIL FABRICACAO DE AUTO PECAS LT;RODOVIARIO;1469442;26/02/2026;1;329862;26/02/2026;CAOA MOTOR DO BRASIL LTDA;1,68E+13;BELO HORIZONTE;MG;26/02/2026;03/03/2026;03/03/2026;Entregue No Prazo;;Entrega realizada;Entrega Finalizada;3;3;26;2;XD BETIM;5008;;;
MOBIS BRASIL FABRICACAO DE AUTO PECAS LT;RODOVIARIO;1469441;26/02/2026;5;329863;26/02/2026;CARBEL KOREA VEICULOS LTDA;2,07E+13;BELO HORIZONTE;MG;26/02/2026;03/03/2026;03/03/2026;Entregue No Prazo;;Entrega realizada;Entrega Finalizada;3;3;26;2;XD BETIM;11021;;;
MOBIS BRASIL FABRICACAO DE AUTO PECAS LT;RODOVIARIO;1469564;26/02/2026;12;329868;26/02/2026;TAI MOTORS VEICULOS S/A;9,27E+12;BELO HORIZONTE;MG;26/02/2026;03/03/2026;03/03/2026;Entregue No Prazo;;Entrega realizada;Entrega Finalizada;3;3;26;2;XD BETIM;8002;;;
MOBIS BRASIL FABRICACAO DE AUTO PECAS LT;RODOVIARIO;1469438;26/02/2026;14;329870;26/02/2026;URCA MOTORS VEICULOS LTDA;8,77E+12;UBERLANDIA;MG;26/02/2026;04/03/2026;03/03/2026;Entregue No Prazo;;Entrega realizada;Entrega Finalizada;4;3;26;2;XD BETIM;9014;;;
MOBIS BRASIL FABRICACAO DE AUTO PECAS LT;RODOVIARIO;1469464;26/02/2026;1;329913;26/02/2026;CARWAY SUL VEICULOS LTDA;1,03E+13;PORTO ALEGRE;RS;26/02/2026;04/03/2026;03/03/2026;Entregue No Prazo;;Entrega realizada;Entrega Finalizada;4;3;26;2;TRANSTRY;23003;;;
MOBIS BRASIL FABRICACAO DE AUTO PECAS LT;RODOVIARIO;1469466;26/02/2026;1;329914;26/02/2026;CARWAY SUL VEICULOS LTDA;1,03E+13;CANOAS;RS;26/02/2026;04/03/2026;03/03/2026;Entregue No Prazo;;Entrega realizada;Entrega Finalizada;4;3;26;2;TRANSTRY;23003;;;
MOBIS BRASIL FABRICACAO DE AUTO PECAS LT;RODOVIARIO;1469465;26/02/2026;2;329918;26/02/2026;HOUSE PARTS-COM. DE PCS. E VEICULOS LTDA;1,15E+13;PORTO ALEGRE;RS;26/02/2026;04/03/2026;03/03/2026;Entregue No Prazo;;Entrega realizada;Entrega Finalizada;4;3;26;2;TRANSTRY;23004;;;
MOBIS BRASIL FABRICACAO DE AUTO PECAS LT;RODOVIARIO;1469454;26/02/2026;2;329919;26/02/2026;LOVAT VEICULOS S/A;8,57E+12;MARINGA;PR;26/02/2026;04/03/2026;03/03/2026;Entregue No Prazo;;Entrega realizada;Entrega Finalizada;4;3;26;2;TRANSTRY;18008;;;
MOBIS BRASIL FABRICACAO DE AUTO PECAS LT;RODOVIARIO;1469569;26/02/2026;14;329920;26/02/2026;LOVAT VEICULOS S/A;8,57E+12;LONDRINA;PR;26/02/2026;04/03/2026;03/03/2026;Entregue No Prazo;;Entrega realizada;Entrega Finalizada;4;3;26;2;TRANSTRY;18008;;;
MOBIS BRASIL FABRICACAO DE AUTO PECAS LT;RODOVIARIO;1469467;26/02/2026;2;329916;26/02/2026;GALA COMERCIO DE VEICULOS LTDA.;1,77E+13;PELOTAS;RS;26/02/2026;05/03/2026;03/03/2026;Entregue No Prazo;;Entrega realizada;Entrega Finalizada;5;3;26;2;TRANSTRY;23009;;;
MOBIS BRASIL FABRICACAO DE AUTO PECAS LT;RODOVIARIO;1469572;26/02/2026;1;329917;26/02/2026;GAMBATTO H1 VEICULOS LTDA;1,94E+13;CHAPECO;SC;26/02/2026;05/03/2026;03/03/2026;Entregue No Prazo;;Entrega realizada;Entrega Finalizada;5;3;26;2;TRANSTRY;24018;;;
MOBIS BRASIL FABRICACAO DE AUTO PECAS LT;RODOVIARIO;1469562;26/02/2026;4;329865;26/02/2026;SAGA KOREA COM. DE VEIC. E PC. LTDA;1,27E+13;BRASILIA;DF;26/02/2026;06/03/2026;03/03/2026;Entregue No Prazo;;Entrega realizada;Entrega Finalizada;6;3;26;2;RIO VERMELHO;7005;Revolução Pernambucana de 1817;Estadual;PE
MOBIS BRASIL FABRICACAO DE AUTO PECAS LT;RODOVIARIO;1469468;26/02/2026;1;329923;26/02/2026;NAZARETH VEICULOS LTDA;9,30E+12;IJUI;RS;26/02/2026;06/03/2026;03/03/2026;Entregue No Prazo;;Entrega realizada;Entrega Finalizada;6;3;26;2;TRANSTRY;23021;Revolução Pernambucana de 1817;Estadual;PE
MOBIS BRASIL FABRICACAO DE AUTO PECAS LT;AEREO;1468880;;;330040;26/02/2026;PATEO COMERCIO DE VEICULOS S A;7,78E+12;SAO LUIS;MA;;03/03/2026;03/03/2026;Entregue No Prazo;;Entrega realizada;Entrega Finalizada;3;3;0;1;GOL;5003;;;
MOBIS BRASIL FABRICACAO DE AUTO PECAS LT;RODOVIARIO;1470459;27/02/2026;2;330093;27/02/2026;BILLY DISTRIBUIDORA DE VEICULOS LTDA;1,34E+13;SAO CAETANO DO SUL;SP;27/02/2026;03/03/2026;03/03/2026;Entregue No Prazo;;Entrega realizada;Entrega Finalizada;3;3;27;2;RISSO;26003;;;
MOBIS BRASIL FABRICACAO DE AUTO PECAS LT;RODOVIARIO;1470458;27/02/2026;3;330093;27/02/2026;BILLY DISTRIBUIDORA DE VEICULOS LTDA;1,34E+13;SAO CAETANO DO SUL;SP;27/02/2026;03/03/2026;03/03/2026;Entregue No Prazo;;Entrega realizada;Entrega Finalizada;3;3;27;2;RISSO;26003;;;
MOBIS BRASIL FABRICACAO DE AUTO PECAS LT;RODOVIARIO;1470358;27/02/2026;2;330096;27/02/2026;CAOA MOTOR DO BRASIL LTDA;1,68E+13;SAO BERNARDO DO CAMPO;SP;27/02/2026;03/03/2026;03/03/2026;Entregue No Prazo;;Entrega realizada;Entrega Finalizada;3;3;27;2;RISSO;5008;;;
MOBIS BRASIL FABRICACAO DE AUTO PECAS LT;RODOVIARIO;1470352;27/02/2026;2;330099;27/02/2026;CAOA MOTOR DO BRASIL LTDA (ARICANDUVA);1,68E+13;SAO PAULO;SP;27/02/2026;03/03/2026;03/03/2026;Entregue No Prazo;;Entrega realizada;Entrega Finalizada;3;3;27;2;RISSO;26039;;;
MOBIS BRASIL FABRICACAO DE AUTO PECAS LT;RODOVIARIO;1470456;27/02/2026;8;330089;27/02/2026;ANDRETA II DISTRIB.DE VEICULOS LTDA.;9,10E+12;JUNDIAI;SP;27/02/2026;04/03/2026;03/03/2026;Entregue No Prazo;;Entrega realizada;Entrega Finalizada;4;3;27;2;RISSO;26040;;;
MOBIS BRASIL FABRICACAO DE AUTO PECAS LT;RODOVIARIO;1470359;27/02/2026;1;330098;27/02/2026;CAOA MOTOR DO BRASIL LTDA;1,68E+13;CAMPINAS;SP;27/02/2026;04/03/2026;03/03/2026;Entregue No Prazo;;Entrega realizada;Entrega Finalizada;4;3;27;2;RISSO;5008;;;
MOBIS BRASIL FABRICACAO DE AUTO PECAS LT;RODOVIARIO;1470363;27/02/2026;4;330101;27/02/2026;DESTAQUE SEUL DISTR. DE VEIC. E PC. LTDA;2,12E+13;ATIBAIA;SP;27/02/2026;04/03/2026;03/03/2026;Entregue No Prazo;;Entrega realizada;Entrega Finalizada;4;3;27;2;RISSO;26075;;;
MOBIS BRASIL FABRICACAO DE AUTO PECAS LT;RODOVIARIO;1470362;27/02/2026;2;330101;27/02/2026;DESTAQUE SEUL DISTR. DE VEIC. E PC. LTDA;2,12E+13;ATIBAIA;SP;27/02/2026;04/03/2026;03/03/2026;Entregue No Prazo;;Entrega realizada;Entrega Finalizada;4;3;27;2;RISSO;26075;;;
MOBIS BRASIL FABRICACAO DE AUTO PECAS LT;RODOVIARIO;1470344;27/02/2026;5;330102;27/02/2026;DHC COMERCIO DE VEICULOS E PECAS LTDA;9,52E+12;BAURU;SP;27/02/2026;04/03/2026;03/03/2026;Entregue No Prazo;;Entrega realizada;Entrega Finalizada;4;3;27;2;RISSO;26010;;;
MOBIS BRASIL FABRICACAO DE AUTO PECAS LT;RODOVIARIO;1470371;27/02/2026;1;330108;27/02/2026;H - CAMINHO AUTOMOVEIS LTDA;2,53E+13;LIMEIRA;SP;27/02/2026;04/03/2026;03/03/2026;Entregue No Prazo;;Entrega realizada;Entrega Finalizada;4;3;27;2;RISSO;26092;;;
MOBIS BRASIL FABRICACAO DE AUTO PECAS LT;RODOVIARIO;1470372;27/02/2026;2;330108;27/02/2026;H - CAMINHO AUTOMOVEIS LTDA;2,53E+13;LIMEIRA;SP;27/02/2026;04/03/2026;03/03/2026;Entregue No Prazo;;Entrega realizada;Entrega Finalizada;4;3;27;2;RISSO;26092;;;
MOBIS BRASIL FABRICACAO DE AUTO PECAS LT;RODOVIARIO;1470349;27/02/2026;50;330111;27/02/2026;MOTONET COMERCIO DE VEICULOS LTDA;9,28E+12;SOROCABA;SP;27/02/2026;04/03/2026;03/03/2026;Entregue No Prazo;;Entrega realizada;Entrega Finalizada;4;3;27;2;RISSO;26113;;;
MOBIS BRASIL FABRICACAO DE AUTO PECAS LT;RODOVIARIO;1470308;27/02/2026;2;330196;27/02/2026;VIA VR VEICULOS LTDA;1,73E+13;VOLTA REDONDA;RJ;27/02/2026;06/03/2026;03/03/2026;Entregue No Prazo;;Entrega realizada;Entrega Finalizada;6;3;27;2;CAMILO;19016;Revolução Pernambucana de 1817;Estadual;PE
MOBIS BRASIL FABRICACAO DE AUTO PECAS LT;RODOVIARIO;1470275;27/02/2026;4;330116;27/02/2026;NISA COMERCIAL DE VEIC. AUTOMOTORES LTDA;1,03E+13;APARECIDA DE GOIANIA;GO;27/02/2026;09/03/2026;03/03/2026;Entregue No Prazo;;Entrega realizada;Entrega Finalizada;9;3;27;2;RIO VERMELHO;9002;;;
MOBIS BRASIL FABRICACAO DE AUTO PECAS LT;RODOVIARIO;1470276;27/02/2026;2;330120;27/02/2026;SAGA KOREA COM. DE VEIC. E PC. LTDA;1,27E+13;GOIANIA;GO;27/02/2026;09/03/2026;03/03/2026;Entregue No Prazo;;Entrega realizada;Entrega Finalizada;9;3;27;2;RIO VERMELHO;9011;;;
MOBIS BRASIL FABRICACAO DE AUTO PECAS LT;RODOVIARIO;1470286;27/02/2026;1;330173;27/02/2026;JPG MOTORS COMERCIO DE VEICULOS LTDA;2,91E+13;CAMPO GRANDE;MS;27/02/2026;09/03/2026;03/03/2026;Entregue No Prazo;;Entrega realizada;Entrega Finalizada;9;3;27;2;CARVALIMA;12005;;;
MOBIS BRASIL FABRICACAO DE AUTO PECAS LT;RODOVIARIO;1470438;27/02/2026;2;330186;27/02/2026;SAGA ASIA COM. DE VEIC.PC.E SERV. LTDA;2,23E+13;VARZEA GRANDE;MT;27/02/2026;10/03/2026;03/03/2026;Entregue No Prazo;;Entrega realizada;Entrega Finalizada;10;3;27;2;CARVALIMA;13004;;;
MOBIS BRASIL FABRICACAO DE AUTO PECAS LT;RODOVIARIO;1471241;28/02/2026;6;330371;28/02/2026;BARI VEICULOS LTDA;7,46E+12;CURITIBA;PR;28/02/2026;05/03/2026;03/03/2026;Entregue No Prazo;;Entrega realizada;Entrega Finalizada;5;3;28;2;TRANSTRY;18024;;;
MOBIS BRASIL FABRICACAO DE AUTO PECAS LT;RODOVIARIO;1470903;28/02/2026;2;330369;28/02/2026;BARI VEICULOS LTDA;7,46E+12;PONTA GROSSA;PR;28/02/2026;06/03/2026;03/03/2026;Entregue No Prazo;;Entrega realizada;Entrega Finalizada;6;3;28;2;TRANSTRY;18024;Revolução Pernambucana de 1817;Estadual;PE
MOBIS BRASIL FABRICACAO DE AUTO PECAS LT;RODOVIARIO;1470904;28/02/2026;10;330369;28/02/2026;BARI VEICULOS LTDA;7,46E+12;PONTA GROSSA;PR;28/02/2026;06/03/2026;03/03/2026;Entregue No Prazo;;Entrega realizada;Entrega Finalizada;6;3;28;2;TRANSTRY;18024;Revolução Pernambucana de 1817;Estadual;PE
MOBIS BRASIL FABRICACAO DE AUTO PECAS LT;RODOVIARIO;1471175;28/02/2026;13;330379;28/02/2026;LOVAT VEICULOS S/A;8,57E+12;LONDRINA;PR;28/02/2026;06/03/2026;03/03/2026;Entregue No Prazo;;Entrega realizada;Entrega Finalizada;6;3;28;2;TRANSTRY;18008;Revolução Pernambucana de 1817;Estadual;PE
MOBIS BRASIL FABRICACAO DE AUTO PECAS LT;RODOVIARIO;1470901;28/02/2026;2;330380;28/02/2026;LOVAT VEICULOS S/A;8,57E+12;MARINGA;PR;28/02/2026;06/03/2026;03/03/2026;Entregue No Prazo;;Entrega realizada;Entrega Finalizada;6;3;28;2;TRANSTRY;18008;Revolução Pernambucana de 1817;Estadual;PE
MOBIS BRASIL FABRICACAO DE AUTO PECAS LT;RODOVIARIO;1470902;28/02/2026;1;330384;28/02/2026;VETOR AUTOMOVEIS LTDA;2,12E+13;CASCAVEL;PR;28/02/2026;06/03/2026;03/03/2026;Entregue No Prazo;;Entrega realizada;Entrega Finalizada;6;3;28;2;TRANSTRY;18019;Revolução Pernambucana de 1817;Estadual;PE
MOBIS BRASIL FABRICACAO DE AUTO PECAS LT;RODOVIARIO;1470927;28/02/2026;3;330402;02/03/2026;GRAND SPORT COM. DE VEIC. E PECAS LTDA;8,58E+12;SAO PAULO;SP;02/03/2026;04/03/2026;03/03/2026;Entregue No Prazo;;Entrega realizada;Entrega Finalizada;4;3;2;3;RISSO;26034;;;
MOBIS BRASIL FABRICACAO DE AUTO PECAS LT;RODOVIARIO;1470921;28/02/2026;2;330393;02/03/2026;BILLY DISTRIBUIDORA DE VEICULOS LTDA;1,34E+13;BARUERI;SP;02/03/2026;04/03/2026;03/03/2026;Entregue No Prazo;;Entrega realizada;Entrega Finalizada;4;3;2;3;RISSO;26003;;;
MOBIS BRASIL FABRICACAO DE AUTO PECAS LT;RODOVIARIO;1471231;28/02/2026;8;330390;02/03/2026;ANDRETA II DISTRIB.DE VEICULOS LTDA.;9,10E+12;JUNDIAI;SP;02/03/2026;05/03/2026;03/03/2026;Entregue No Prazo;;Entrega realizada;Entrega Finalizada;5;3;2;3;RISSO;26040;;;
MOBIS BRASIL FABRICACAO DE AUTO PECAS LT;RODOVIARIO;1470926;28/02/2026;1;330397;02/03/2026;CAOA MOTOR DO BRASIL LTDA (AGUA BRANCA);1,68E+13;SAO PAULO;SP;02/03/2026;04/03/2026;03/03/2026;Entregue No Prazo;;Entrega realizada;Entrega Finalizada;4;3;2;3;RISSO;26030;;;
MOBIS BRASIL FABRICACAO DE AUTO PECAS LT;RODOVIARIO;1470924;28/02/2026;27;330392;02/03/2026;ANDRETA II DISTRIBUIDORA DE VEIC. LTDA;9,10E+12;CAMPINAS;SP;02/03/2026;05/03/2026;03/03/2026;Entregue No Prazo;;Entrega realizada;Entrega Finalizada;5;3;2;3;RISSO;26011;;;
MOBIS BRASIL FABRICACAO DE AUTO PECAS LT;RODOVIARIO;1470932;28/02/2026;4;330410;02/03/2026;NOBRE SP DISTRIB. DE VEIC. E PEC. LTDA;1,70E+13;SAO PAULO;SP;02/03/2026;04/03/2026;03/03/2026;Entregue No Prazo;;Entrega realizada;Entrega Finalizada;4;3;2;3;RISSO;26081;;;
MOBIS BRASIL FABRICACAO DE AUTO PECAS LT;RODOVIARIO;1471210;28/02/2026;25;330398;02/03/2026;CHS MOTORS VEICULOS PECAS(VL. GUILHERME);1,69E+13;SAO PAULO;SP;02/03/2026;04/03/2026;03/03/2026;Entregue No Prazo;;Entrega realizada;Entrega Finalizada;4;3;2;3;RISSO;26052;;;
MOBIS BRASIL FABRICACAO DE AUTO PECAS LT;RODOVIARIO;1461981;10/02/2026;3;327674;10/02/2026;POLE POSITION TECNOLOGIA LTDA;3,45E+13;MANAUS;AM;10/02/2026;06/03/2026;04/03/2026;Entregue No Prazo;;Entrega realizada;Entrega Finalizada;6;3;10;2;NORTEX;3001;Revolução Pernambucana de 1817;Estadual;PE
MOBIS BRASIL FABRICACAO DE AUTO PECAS LT;RODOVIARIO;1461982;10/02/2026;5;327674;10/02/2026;POLE POSITION TECNOLOGIA LTDA;3,45E+13;MANAUS;AM;10/02/2026;06/03/2026;04/03/2026;Entregue No Prazo;;Entrega realizada;Entrega Finalizada;6;3;10;2;NORTEX;3001;Revolução Pernambucana de 1817;Estadual;PE
MOBIS BRASIL FABRICACAO DE AUTO PECAS LT;RODOVIARIO;1466270;20/02/2026;1;328985;20/02/2026;ITAVEMA MOTORS VEICULOS LTDA;7,73E+12;DUQUE DE CAXIAS;RJ;20/02/2026;26/02/2026;04/03/2026;Entregue Fora do Prazo;;Entrega realizada;Entrega Finalizada;26;2;20;2;CAMILO;19001;;;
MOBIS BRASIL FABRICACAO DE AUTO PECAS LT;RODOVIARIO;1466275;20/02/2026;3;328993;20/02/2026;SAINT LAND COMERCIO DE VEICULOS LTDA;1,04E+13;NATAL;RN;20/02/2026;09/03/2026;04/03/2026;Entregue No Prazo;;Entrega realizada;Entrega Finalizada;9;3;20;2;TERMACO;6010;;;
MOBIS BRASIL FABRICACAO DE AUTO PECAS LT;RODOVIARIO;1467216;23/02/2026;1;329196;23/02/2026;PATEO COMERCIO DE VEICULOS S A;7,78E+12;SALVADOR;BA;23/02/2026;05/03/2026;04/03/2026;Entregue No Prazo;;Entrega realizada;Entrega Finalizada;5;3;23;2;TERMACO;5003;;;
MOBIS BRASIL FABRICACAO DE AUTO PECAS LT;RODOVIARIO;1466913;23/02/2026;80;329197;23/02/2026;PATEO COMERCIO DE VEICULOS S A;7,78E+12;RECIFE;PE;23/02/2026;10/03/2026;04/03/2026;Entregue No Prazo;;Entrega realizada;Entrega Finalizada;10;3;23;2;TERMACO;16004;;;
MOBIS BRASIL FABRICACAO DE AUTO PECAS LT;RODOVIARIO;1467673;24/02/2026;108;329397;24/02/2026;NEW VEICULOS E PECAS LTDA;1,59E+13;RIBEIRAO PRETO;SP;24/02/2026;27/02/2026;04/03/2026;Entregue Fora do Prazo;Entrega Parcial;09/03 Falta de 1 volume;Entrega Finalizada;27;2;24;2;RISSO;26014;;;
MOBIS BRASIL FABRICACAO DE AUTO PECAS LT;RODOVIARIO;1467662;24/02/2026;8;329427;24/02/2026;ATUAL VEICULOS LTDA;1,33E+13;CRICIUMA;SC;24/02/2026;03/03/2026;04/03/2026;Entregue Fora do Prazo;;Entrega realizada;Entrega Finalizada;3;3;24;2;BAUER;24001;;;
MOBIS BRASIL FABRICACAO DE AUTO PECAS LT;RODOVIARIO;1467483;24/02/2026;1;329427;24/02/2026;ATUAL VEICULOS LTDA;1,33E+13;CRICIUMA;SC;24/02/2026;03/03/2026;04/03/2026;Entregue Fora do Prazo;;Entrega realizada;Entrega Finalizada;3;3;24;2;BAUER;24001;;;
MOBIS BRASIL FABRICACAO DE AUTO PECAS LT;RODOVIARIO;1467602;24/02/2026;2;329474;24/02/2026;PRIME VILA VELHA VEICULOS LTDA.;2,14E+13;VILA VELHA;ES;24/02/2026;03/03/2026;04/03/2026;Entregue Fora do Prazo;;Entrega realizada;Entrega Finalizada;3;3;24;2;CAMILO;8005;;;
MOBIS BRASIL FABRICACAO DE AUTO PECAS LT;RODOVIARIO;1467598;24/02/2026;7;329480;24/02/2026;TAI MOTORS VEICULOS S/A;9,27E+12;VITORIA;ES;24/02/2026;03/03/2026;04/03/2026;Entregue Fora do Prazo;;Entrega realizada;Entrega Finalizada;3;3;24;2;CAMILO;8002;;;
MOBIS BRASIL FABRICACAO DE AUTO PECAS LT;RODOVIARIO;1467597;24/02/2026;1;329410;24/02/2026;SAGA KOREA COM. DE VEIC. E PC. LTDA;1,27E+13;BRASILIA;DF;24/02/2026;04/03/2026;04/03/2026;Entregue No Prazo;;Entrega realizada;Entrega Finalizada;4;3;24;2;RIO VERMELHO;7004;;;
MOBIS BRASIL FABRICACAO DE AUTO PECAS LT;RODOVIARIO;1467599;24/02/2026;4;329473;24/02/2026;PRIME CACHOEIRO VEICULOS LTDA EPP;9,34E+12;CACHOEIRO DE ITAPEMIRIM;ES;24/02/2026;04/03/2026;04/03/2026;Entregue No Prazo;;Entrega realizada;Entrega Finalizada;4;3;24;2;CAMILO;8003;;;
MOBIS BRASIL FABRICACAO DE AUTO PECAS LT;RODOVIARIO;1467600;24/02/2026;4;329473;24/02/2026;PRIME CACHOEIRO VEICULOS LTDA EPP;9,34E+12;CACHOEIRO DE ITAPEMIRIM;ES;24/02/2026;04/03/2026;04/03/2026;Entregue No Prazo;;Entrega realizada;Entrega Finalizada;4;3;24;2;CAMILO;8003;;;
MOBIS BRASIL FABRICACAO DE AUTO PECAS LT;RODOVIARIO;1467667;24/02/2026;1;329478;24/02/2026;SAINT LAND COMERCIO DE VEICULOS LTDA;1,04E+13;ARACAJU;SE;24/02/2026;09/03/2026;04/03/2026;Entregue No Prazo;;Entrega realizada;Entrega Finalizada;9;3;24;2;TERMACO;6010;;;
MOBIS BRASIL FABRICACAO DE AUTO PECAS LT;RODOVIARIO;1467631;24/02/2026;3;329452;24/02/2026;CAOA MOTOR DO BRASIL LTDA;1,68E+13;RECIFE;PE;24/02/2026;11/03/2026;04/03/2026;Entregue No Prazo;;Entrega realizada;Entrega Finalizada;11;3;24;2;TERMACO;5008;;;
MOBIS BRASIL FABRICACAO DE AUTO PECAS LT;RODOVIARIO;1467939;24/02/2026;1;329468;24/02/2026;PATEO COMERCIO DE VEICULOS S A;7,78E+12;FEIRA DE SANTANA;BA;24/02/2026;11/03/2026;04/03/2026;Entregue No Prazo;;Entrega realizada;Entrega Finalizada;11;3;24;2;TERMACO;5009;;;
MOBIS BRASIL FABRICACAO DE AUTO PECAS LT;RODOVIARIO;1467629;24/02/2026;5;329470;24/02/2026;PATEO COMERCIO DE VEICULOS S A;7,78E+12;RECIFE;PE;24/02/2026;11/03/2026;04/03/2026;Entregue No Prazo;;Entrega realizada;Entrega Finalizada;11;3;24;2;TERMACO;16004;;;
MOBIS BRASIL FABRICACAO DE AUTO PECAS LT;RODOVIARIO;1467480;24/02/2026;1;329470;24/02/2026;PATEO COMERCIO DE VEICULOS S A;7,78E+12;RECIFE;PE;24/02/2026;11/03/2026;04/03/2026;Entregue No Prazo;;Entrega realizada;Entrega Finalizada;11;3;24;2;TERMACO;16004;;;
MOBIS BRASIL FABRICACAO DE AUTO PECAS LT;RODOVIARIO;1467630;24/02/2026;13;329470;24/02/2026;PATEO COMERCIO DE VEICULOS S A;7,78E+12;RECIFE;PE;24/02/2026;11/03/2026;04/03/2026;Entregue No Prazo;;Entrega realizada;Entrega Finalizada;11;3;24;2;TERMACO;16004;;;
MOBIS BRASIL FABRICACAO DE AUTO PECAS LT;RODOVIARIO;1467651;24/02/2026;3;329479;24/02/2026;SAINT LAND COMERCIO DE VEICULOS LTDA;1,04E+13;NATAL;RN;24/02/2026;11/03/2026;04/03/2026;Entregue No Prazo;;Entrega realizada;Entrega Finalizada;11;3;24;2;TERMACO;6010;;;
MOBIS BRASIL FABRICACAO DE AUTO PECAS LT;RODOVIARIO;1467652;24/02/2026;9;329479;24/02/2026;SAINT LAND COMERCIO DE VEICULOS LTDA;1,04E+13;NATAL;RN;24/02/2026;11/03/2026;04/03/2026;Entregue No Prazo;;Entrega realizada;Entrega Finalizada;11;3;24;2;TERMACO;6010;;;
MOBIS BRASIL FABRICACAO DE AUTO PECAS LT;RODOVIARIO;1467628;24/02/2026;4;329447;24/02/2026;AUTORAC VEICULOS LTDA;1,06E+13;CARUARU;PE;24/02/2026;12/03/2026;04/03/2026;Entregue No Prazo;;Entrega realizada;Entrega Finalizada;12;3;24;2;TERMACO;16001;;;
MOBIS BRASIL FABRICACAO DE AUTO PECAS LT;RODOVIARIO;1467610;24/02/2026;4;329466;24/02/2026;NACIONAL NOVA MARABA DIST DE VEIC. LTDA;1,70E+13;IMPERATRIZ;MA;24/02/2026;16/03/2026;04/03/2026;Entregue No Prazo;;Entrega realizada;Entrega Finalizada;16;3;24;2;TERMACO;10003;;;
MOBIS BRASIL FABRICACAO DE AUTO PECAS LT;RODOVIARIO;1468426;25/02/2026;3;329662;25/02/2026;ATUAL VEICULOS LTDA;1,33E+13;CRICIUMA;SC;25/02/2026;04/03/2026;04/03/2026;Entregue No Prazo;;Entrega realizada;Entrega Finalizada;4;3;25;2;TRANSTRY;24001;;;
MOBIS BRASIL FABRICACAO DE AUTO PECAS LT;RODOVIARIO;1468400;25/02/2026;3;329683;25/02/2026;VETOR AUTOMOVEIS LTDA;2,12E+13;FOZ DO IGUACU;PR;25/02/2026;04/03/2026;04/03/2026;Entregue No Prazo;;Entrega realizada;Entrega Finalizada;4;3;25;2;TRANSTRY;18019;;;
MOBIS BRASIL FABRICACAO DE AUTO PECAS LT;RODOVIARIO;1468412;25/02/2026;4;329705;25/02/2026;MONTREAL VEICULOS E PECAS LTDA;1,68E+13;SAO PEDRO DA ALDEIA;RJ;25/02/2026;04/03/2026;04/03/2026;Entregue No Prazo;;Entrega realizada;Entrega Finalizada;4;3;25;2;CAMILO;19030;;;
MOBIS BRASIL FABRICACAO DE AUTO PECAS LT;RODOVIARIO;1468357;25/02/2026;7;329722;25/02/2026;TAI MOTORS VEICULOS S/A;9,27E+12;VITORIA;ES;25/02/2026;04/03/2026;04/03/2026;Entregue No Prazo;;Entrega realizada;Entrega Finalizada;4;3;25;2;CAMILO;8002;;;
MOBIS BRASIL FABRICACAO DE AUTO PECAS LT;RODOVIARIO;1468356;25/02/2026;1;329636;25/02/2026;CAOA MOTOR DO BRASIL LTDA;1,68E+13;BRASILIA;DF;25/02/2026;05/03/2026;04/03/2026;Entregue No Prazo;;Entrega realizada;Entrega Finalizada;5;3;25;2;RIO VERMELHO;5008;;;
MOBIS BRASIL FABRICACAO DE AUTO PECAS LT;RODOVIARIO;1468360;25/02/2026;21;329649;25/02/2026;SAGA KOREA COM. DE VEIC. E PC. LTDA;1,27E+13;GOIANIA;GO;25/02/2026;05/03/2026;04/03/2026;Entregue No Prazo;;Entrega realizada;Entrega Finalizada;5;3;25;2;RIO VERMELHO;9011;;;
MOBIS BRASIL FABRICACAO DE AUTO PECAS LT;RODOVIARIO;1468421;25/02/2026;1;329675;25/02/2026;HOUSE PARTS - COM. DE PECAS E VEIC. LTDA;1,15E+13;SANTA MARIA;RS;25/02/2026;05/03/2026;04/03/2026;Entregue No Prazo;;Entrega realizada;Entrega Finalizada;5;3;25;2;TRANSTRY;23008;;;
MOBIS BRASIL FABRICACAO DE AUTO PECAS LT;RODOVIARIO;1468358;25/02/2026;1;329715;25/02/2026;PRIME CACHOEIRO VEICULOS LTDA EPP;9,34E+12;CACHOEIRO DE ITAPEMIRIM;ES;25/02/2026;05/03/2026;04/03/2026;Entregue No Prazo;;Entrega realizada;Entrega Finalizada;5;3;25;2;CAMILO;8003;;;
MOBIS BRASIL FABRICACAO DE AUTO PECAS LT;RODOVIARIO;1468430;25/02/2026;7;329673;25/02/2026;CHINHAN AUTOMOVEIS LTDA.;2,41E+13;CACADOR;SC;25/02/2026;06/03/2026;04/03/2026;Entregue No Prazo;;Entrega realizada;Entrega Finalizada;6;3;25;2;TRANSTRY;24020;Revolução Pernambucana de 1817;Estadual;PE
MOBIS BRASIL FABRICACAO DE AUTO PECAS LT;RODOVIARIO;1468777;25/02/2026;43;329710;25/02/2026;PATEO COMERCIO DE VEICULOS S A;7,78E+12;SALVADOR;BA;25/02/2026;09/03/2026;04/03/2026;Entregue No Prazo;;Entrega realizada;Entrega Finalizada;9;3;25;2;TERMACO;5003;;;
MOBIS BRASIL FABRICACAO DE AUTO PECAS LT;RODOVIARIO;1468363;25/02/2026;18;329643;25/02/2026;NASA MOTORS LTDA.;2,65E+13;SAO LUIS DE MONTES BELOS;GO;25/02/2026;11/03/2026;04/03/2026;Entregue No Prazo;;Entrega realizada;Entrega Finalizada;11;3;25;2;RIO VERMELHO;9016;;;
MOBIS BRASIL FABRICACAO DE AUTO PECAS LT;RODOVIARIO;1468390;25/02/2026;9;329711;25/02/2026;PATEO COMERCIO DE VEICULOS S A;7,78E+12;RECIFE;PE;25/02/2026;12/03/2026;04/03/2026;Entregue No Prazo;;Entrega realizada;Entrega Finalizada;12;3;25;2;TERMACO;16004;;;
MOBIS BRASIL FABRICACAO DE AUTO PECAS LT;RODOVIARIO;1468778;25/02/2026;1;329712;25/02/2026;PATEO COMERCIO DE VEICULOS S A;7,78E+12;FEIRA DE SANTANA;BA;25/02/2026;12/03/2026;04/03/2026;Entregue No Prazo;;Entrega realizada;Entrega Finalizada;12;3;25;2;TERMACO;5009;;;
MOBIS BRASIL FABRICACAO DE AUTO PECAS LT;RODOVIARIO;1468393;25/02/2026;1;329703;25/02/2026;GREEN CITY VEICULOS LTDA;2,10E+13;TERESINA;PI;25/02/2026;13/03/2026;04/03/2026;Entregue No Prazo;;Entrega realizada;Entrega Finalizada;13;3;25;2;TERMACO;17002;Batalha do Jenipapo;Estadual;PI
MOBIS BRASIL FABRICACAO DE AUTO PECAS LT;RODOVIARIO;1468367;25/02/2026;2;329708;25/02/2026;NACIONAL NOVA MARABA DIST DE VEIC. LTDA;1,70E+13;IMPERATRIZ;MA;25/02/2026;17/03/2026;04/03/2026;Entregue No Prazo;;Entrega realizada;Entrega Finalizada;17;3;25;2;TERMACO;10003;;;
MOBIS BRASIL FABRICACAO DE AUTO PECAS LT;RODOVIARIO;1469485;26/02/2026;1;329845;26/02/2026;BILLY DISTRIBUIDORA DE VEICULOS LTDA;1,34E+13;DIADEMA;SP;26/02/2026;02/03/2026;04/03/2026;Entregue Fora do Prazo;;Entrega realizada;Entrega Finalizada;2;3;26;2;RISSO;26003;;;
MOBIS BRASIL FABRICACAO DE AUTO PECAS LT;RODOVIARIO;1469483;26/02/2026;2;329842;26/02/2026;ANDRETA II DISTRIBUIDORA DE VEIC. LTDA;9,10E+12;INDAIATUBA;SP;26/02/2026;03/03/2026;04/03/2026;Entregue Fora do Prazo;;Entrega realizada;Entrega Finalizada;3;3;26;2;RISSO;26011;;;
MOBIS BRASIL FABRICACAO DE AUTO PECAS LT;RODOVIARIO;1469574;26/02/2026;44;329860;26/02/2026;NEW VEICULOS E PECAS LTDA;1,59E+13;RIBEIRAO PRETO;SP;26/02/2026;03/03/2026;04/03/2026;Entregue Fora do Prazo;;Entrega realizada;Entrega Finalizada;3;3;26;2;RISSO;26014;;;
MOBIS BRASIL FABRICACAO DE AUTO PECAS LT;RODOVIARIO;1469494;26/02/2026;2;329844;26/02/2026;ANDRETA II DISTRIBUIDORA DE VEIC. LTDA;9,10E+12;RIO CLARO;SP;26/02/2026;04/03/2026;04/03/2026;Entregue No Prazo;;Entrega realizada;Entrega Finalizada;4;3;26;2;RISSO;26011;;;
MOBIS BRASIL FABRICACAO DE AUTO PECAS LT;RODOVIARIO;1469443;26/02/2026;2;329869;26/02/2026;URCA MOTORS VEICULOS LTDA;8,77E+12;PATOS DE MINAS;MG;26/02/2026;04/03/2026;04/03/2026;Entregue No Prazo;;Entrega realizada;Entrega Finalizada;4;3;26;2;XD BETIM;9014;;;
MOBIS BRASIL FABRICACAO DE AUTO PECAS LT;RODOVIARIO;1469588;26/02/2026;4;329873;26/02/2026;AMX COM. E SERVICOS DE AUTOMOTORES LTDA;1,20E+13;RIO DE JANEIRO;RJ;26/02/2026;04/03/2026;04/03/2026;Entregue No Prazo;;Entrega realizada;Entrega Finalizada;4;3;26;2;CAMILO;19009;;;
MOBIS BRASIL FABRICACAO DE AUTO PECAS LT;RODOVIARIO;1469589;26/02/2026;1;329873;26/02/2026;AMX COM. E SERVICOS DE AUTOMOTORES LTDA;1,20E+13;RIO DE JANEIRO;RJ;26/02/2026;04/03/2026;04/03/2026;Entregue No Prazo;;Entrega realizada;Entrega Finalizada;4;3;26;2;CAMILO;19009;;;
MOBIS BRASIL FABRICACAO DE AUTO PECAS LT;RODOVIARIO;1469570;26/02/2026;75;329881;26/02/2026;ITAVEMA MOTORS VEICULOS LTDA;7,73E+12;RIO DE JANEIRO;RJ;26/02/2026;04/03/2026;04/03/2026;Entregue No Prazo;;Entrega realizada;Entrega Finalizada;4;3;26;2;CAMILO;19001;;;
MOBIS BRASIL FABRICACAO DE AUTO PECAS LT;RODOVIARIO;1469459;26/02/2026;3;329882;26/02/2026;ITAVEMA MOTORS VEICULOS LTDA;7,73E+12;DUQUE DE CAXIAS;RJ;26/02/2026;04/03/2026;04/03/2026;Entregue No Prazo;;Entrega realizada;Entrega Finalizada;4;3;26;2;CAMILO;19001;;;
MOBIS BRASIL FABRICACAO DE AUTO PECAS LT;RODOVIARIO;1469439;26/02/2026;1;329871;26/02/2026;VITAL COMERCIO DE VEICULOS LTDA;1,05E+13;IPATINGA;MG;26/02/2026;05/03/2026;04/03/2026;Entregue No Prazo;;Entrega realizada;Entrega Finalizada;5;3;26;2;XD BETIM;11016;;;
MOBIS BRASIL FABRICACAO DE AUTO PECAS LT;RODOVIARIO;1469440;26/02/2026;1;329871;26/02/2026;VITAL COMERCIO DE VEICULOS LTDA;1,05E+13;IPATINGA;MG;26/02/2026;05/03/2026;04/03/2026;Entregue No Prazo;;Entrega realizada;Entrega Finalizada;5;3;26;2;XD BETIM;11016;;;
MOBIS BRASIL FABRICACAO DE AUTO PECAS LT;RODOVIARIO;1469460;26/02/2026;1;329886;26/02/2026;MONTREAL VEICULOS E PECAS LTDA;1,68E+13;SAO PEDRO DA ALDEIA;RJ;26/02/2026;05/03/2026;04/03/2026;Entregue No Prazo;;Entrega realizada;Entrega Finalizada;5;3;26;2;CAMILO;19030;;;
MOBIS BRASIL FABRICACAO DE AUTO PECAS LT;RODOVIARIO;1469469;26/02/2026;4;329905;26/02/2026;ATUAL VEICULOS LTDA;1,33E+13;ARARANGUA;SC;26/02/2026;05/03/2026;04/03/2026;Entregue No Prazo;;Entrega realizada;Entrega Finalizada;5;3;26;2;TRANSTRY;24001;;;
MOBIS BRASIL FABRICACAO DE AUTO PECAS LT;RODOVIARIO;1469470;26/02/2026;20;329906;26/02/2026;ATUAL VEICULOS LTDA;1,33E+13;CRICIUMA;SC;26/02/2026;05/03/2026;04/03/2026;Entregue No Prazo;;Entrega realizada;Entrega Finalizada;5;3;26;2;TRANSTRY;24001;;;
MOBIS BRASIL FABRICACAO DE AUTO PECAS LT;RODOVIARIO;1469471;26/02/2026;1;329907;26/02/2026;ATUAL VEICULOS LTDA;1,33E+13;TUBARAO;SC;26/02/2026;05/03/2026;04/03/2026;Entregue No Prazo;;Entrega realizada;Entrega Finalizada;5;3;26;2;TRANSTRY;24001;;;
MOBIS BRASIL FABRICACAO DE AUTO PECAS LT;RODOVIARIO;1469445;26/02/2026;1;329903;26/02/2026;ULSAN COMERCIO DE VEICULOS LTDA.;2,10E+13;CAMPO GRANDE;MS;26/02/2026;06/03/2026;04/03/2026;Entregue No Prazo;;Entrega realizada;Entrega Finalizada;6;3;26;2;CARVALIMA;12004;Revolução Pernambucana de 1817;Estadual;PE
MOBIS BRASIL FABRICACAO DE AUTO PECAS LT;RODOVIARIO;1469475;26/02/2026;4;329915;26/02/2026;CHINHAN AUTOMOVEIS LTDA.;2,41E+13;CACADOR;SC;26/02/2026;09/03/2026;04/03/2026;Entregue No Prazo;;Entrega realizada;Entrega Finalizada;9;3;26;2;TRANSTRY;24020;;;
MOBIS BRASIL FABRICACAO DE AUTO PECAS LT;RODOVIARIO;1469436;26/02/2026;2;329864;26/02/2026;NASA MOTORS LTDA.;2,65E+13;SAO LUIS DE MONTES BELOS;GO;26/02/2026;12/03/2026;04/03/2026;Entregue No Prazo;;Entrega realizada;Entrega Finalizada;12;3;26;2;RIO VERMELHO;9016;;;
MOBIS BRASIL FABRICACAO DE AUTO PECAS LT;AEREO;1468874;;;330038;26/02/2026;GRANDE COREIA COMERCIO DE VEICULOS LTDA;2,66E+13;BELEM;PA;;04/03/2026;04/03/2026;Entregue No Prazo;;Entrega realizada;Entrega Finalizada;4;3;0;1;GOL;14007;;;
MOBIS BRASIL FABRICACAO DE AUTO PECAS LT;AEREO;1468877;;;330038;26/02/2026;GRANDE COREIA COMERCIO DE VEICULOS LTDA;2,66E+13;BELEM;PA;;04/03/2026;04/03/2026;Entregue No Prazo;;Entrega realizada;Entrega Finalizada;4;3;0;1;GOL;14007;;;
MOBIS BRASIL FABRICACAO DE AUTO PECAS LT;AEREO;1468886;;;330039;26/02/2026;NACIONAL NOVA MARABA DIST DE VEIC. LTDA;1,70E+13;PARAUAPEBAS;PA;;04/03/2026;04/03/2026;Entregue No Prazo;;Entrega realizada;Entrega Finalizada;4;3;0;1;GOL;14010;;;
MOBIS BRASIL FABRICACAO DE AUTO PECAS LT;AEREO;1468887;;;330039;26/02/2026;NACIONAL NOVA MARABA DIST DE VEIC. LTDA;1,70E+13;PARAUAPEBAS;PA;;04/03/2026;04/03/2026;Entregue No Prazo;;Entrega realizada;Entrega Finalizada;4;3;0;1;GOL;14010;;;
MOBIS BRASIL FABRICACAO DE AUTO PECAS LT;AEREO;1468878;;;330043;26/02/2026;UNIQUE COMERCIO DE AUTOMOVEIS LTDA;1,74E+13;ANANINDEUA;PA;;04/03/2026;04/03/2026;Entregue No Prazo;;Entrega realizada;Entrega Finalizada;4;3;0;1;GOL;14003;;;
MOBIS BRASIL FABRICACAO DE AUTO PECAS LT;AEREO;1468879;;;330043;26/02/2026;UNIQUE COMERCIO DE AUTOMOVEIS LTDA;1,74E+13;ANANINDEUA;PA;;04/03/2026;04/03/2026;Entregue No Prazo;;Entrega realizada;Entrega Finalizada;4;3;0;1;GOL;14003;;;
MOBIS BRASIL FABRICACAO DE AUTO PECAS LT;RODOVIARIO;1470353;27/02/2026;1;330091;27/02/2026;ANDRETA II DISTRIBUIDORA DE VEIC. LTDA;9,10E+12;AMERICANA;SP;27/02/2026;04/03/2026;04/03/2026;Entregue No Prazo;;Entrega realizada;Entrega Finalizada;4;3;27;2;RISSO;26011;;;
MOBIS BRASIL FABRICACAO DE AUTO PECAS LT;RODOVIARIO;1470451;27/02/2026;45;330113;27/02/2026;NEW VEICULOS E PECAS LTDA;1,59E+13;RIBEIRAO PRETO;SP;27/02/2026;04/03/2026;04/03/2026;Entregue No Prazo;Avaria;Entrega realizada;Entrega Finalizada;4;3;27;2;RISSO;26014;;;
MOBIS BRASIL FABRICACAO DE AUTO PECAS LT;RODOVIARIO;1470306;27/02/2026;1;330159;27/02/2026;CAOA MOTOR DO BRASIL LTDA;1,68E+13;RIO DE JANEIRO;RJ;27/02/2026;05/03/2026;04/03/2026;Entregue No Prazo;;Entrega realizada;Entrega Finalizada;5;3;27;2;CAMILO;5008;;;
MOBIS BRASIL FABRICACAO DE AUTO PECAS LT;RODOVIARIO;1470488;27/02/2026;1;330174;27/02/2026;MONTREAL VEICULOS E PECAS LTDA;1,68E+13;MACAE;RJ;27/02/2026;06/03/2026;04/03/2026;Entregue No Prazo;;Entrega realizada;Entrega Finalizada;6;3;27;2;CAMILO;19030;Revolução Pernambucana de 1817;Estadual;PE
MOBIS BRASIL FABRICACAO DE AUTO PECAS LT;RODOVIARIO;1470489;27/02/2026;2;330174;27/02/2026;MONTREAL VEICULOS E PECAS LTDA;1,68E+13;MACAE;RJ;27/02/2026;06/03/2026;04/03/2026;Entregue No Prazo;;Entrega realizada;Entrega Finalizada;6;3;27;2;CAMILO;19030;Revolução Pernambucana de 1817;Estadual;PE
MOBIS BRASIL FABRICACAO DE AUTO PECAS LT;RODOVIARIO;1470311;27/02/2026;3;330175;27/02/2026;MONTREAL VEICULOS E PECAS LTDA;1,68E+13;SAO PEDRO DA ALDEIA;RJ;27/02/2026;06/03/2026;04/03/2026;Entregue No Prazo;;Entrega realizada;Entrega Finalizada;6;3;27;2;CAMILO;19030;Revolução Pernambucana de 1817;Estadual;PE
MOBIS BRASIL FABRICACAO DE AUTO PECAS LT;RODOVIARIO;1470911;28/02/2026;114;330372;28/02/2026;CARWAY SUL VEICULOS LTDA;1,03E+13;CANOAS;RS;28/02/2026;06/03/2026;04/03/2026;Entregue No Prazo;;Entrega realizada;Entrega Finalizada;6;3;28;2;TRANSTRY;23003;Revolução Pernambucana de 1817;Estadual;PE
MOBIS BRASIL FABRICACAO DE AUTO PECAS LT;RODOVIARIO;1470910;28/02/2026;5;330378;28/02/2026;HOUSE PARTS-COM. DE PCS. E VEICULOS LTDA;1,15E+13;PORTO ALEGRE;RS;28/02/2026;06/03/2026;04/03/2026;Entregue No Prazo;;Entrega realizada;Entrega Finalizada;6;3;28;2;TRANSTRY;23004;Revolução Pernambucana de 1817;Estadual;PE
MOBIS BRASIL FABRICACAO DE AUTO PECAS LT;RODOVIARIO;1470916;28/02/2026;2;330367;28/02/2026;ATUAL VEICULOS LTDA;1,33E+13;TUBARAO;SC;28/02/2026;09/03/2026;04/03/2026;Entregue No Prazo;;Entrega realizada;Entrega Finalizada;9;3;28;2;TRANSTRY;24001;;;
MOBIS BRASIL FABRICACAO DE AUTO PECAS LT;RODOVIARIO;1470915;28/02/2026;1;330368;28/02/2026;ATUAL VEICULOS LTDA;1,33E+13;ARARANGUA;SC;28/02/2026;09/03/2026;04/03/2026;Entregue No Prazo;;Entrega realizada;Entrega Finalizada;9;3;28;2;TRANSTRY;24001;;;
MOBIS BRASIL FABRICACAO DE AUTO PECAS LT;RODOVIARIO;1471220;28/02/2026;11;330370;28/02/2026;BARI VEICULOS LTDA;7,46E+12;BLUMENAU;SC;28/02/2026;09/03/2026;04/03/2026;Entregue No Prazo;;Entrega realizada;Entrega Finalizada;9;3;28;2;TRANSTRY;18024;;;
MOBIS BRASIL FABRICACAO DE AUTO PECAS LT;RODOVIARIO;1471242;28/02/2026;3;330376;28/02/2026;GAMBATTO H1 VEICULOS LTDA;1,94E+13;CHAPECO;SC;28/02/2026;09/03/2026;04/03/2026;Entregue No Prazo;;Entrega realizada;Entrega Finalizada;9;3;28;2;TRANSTRY;24018;;;
MOBIS BRASIL FABRICACAO DE AUTO PECAS LT;RODOVIARIO;1470917;28/02/2026;1;330381;28/02/2026;LR COMERCIO DE VEICULOS LTDA;1,05E+13;SAO JOSE;SC;28/02/2026;09/03/2026;04/03/2026;Entregue No Prazo;;Entrega realizada;Entrega Finalizada;9;3;28;2;TRANSTRY;24007;;;
MOBIS BRASIL FABRICACAO DE AUTO PECAS LT;RODOVIARIO;1470918;28/02/2026;4;330373;28/02/2026;CHINHAN AUTOMOVEIS LTDA;2,41E+13;CONCORDIA;SC;28/02/2026;10/03/2026;04/03/2026;Entregue No Prazo;;Entrega realizada;Entrega Finalizada;10;3;28;2;TRANSTRY;23019;;;
MOBIS BRASIL FABRICACAO DE AUTO PECAS LT;RODOVIARIO;1470919;28/02/2026;3;330374;28/02/2026;CHINHAN AUTOMOVEIS LTDA.;2,41E+13;CACADOR;SC;28/02/2026;11/03/2026;04/03/2026;Entregue No Prazo;;Entrega realizada;Entrega Finalizada;11;3;28;2;TRANSTRY;24020;;;
MOBIS BRASIL FABRICACAO DE AUTO PECAS LT;AEREO;1469728;;;330344;28/02/2026;CAOA MOTOR DO BRASIL LTDA.;1,68E+13;LAURO DE FREITAS;BA;;04/03/2026;04/03/2026;Entregue No Prazo;;Entrega realizada;Entrega Finalizada;4;3;0;1;GOL;5008;;;
MOBIS BRASIL FABRICACAO DE AUTO PECAS LT;RODOVIARIO;1470906;28/02/2026;1;330434;02/03/2026;VIA VR VEICULOS LTDA;1,73E+13;PETROPOLIS;RJ;02/03/2026;09/03/2026;04/03/2026;Entregue No Prazo;;Entrega realizada;Entrega Finalizada;9;3;2;3;CAMILO;19016;;;
MOBIS BRASIL FABRICACAO DE AUTO PECAS LT;RODOVIARIO;1470893;28/02/2026;1;330420;02/03/2026;GOLDEN MOTORS VEICULOS LTDA;3,62E+12;TRES LAGOAS;MS;02/03/2026;10/03/2026;04/03/2026;Entregue No Prazo;;Entrega realizada;Entrega Finalizada;10;3;2;3;CARVALIMA;12001;;;
MOBIS BRASIL FABRICACAO DE AUTO PECAS LT;RODOVIARIO;1470905;28/02/2026;2;330435;02/03/2026;VIA VR VEICULOS LTDA;1,73E+13;VOLTA REDONDA;RJ;02/03/2026;09/03/2026;04/03/2026;Entregue No Prazo;;Entrega realizada;Entrega Finalizada;9;3;2;3;CAMILO;19016;;;
MOBIS BRASIL FABRICACAO DE AUTO PECAS LT;RODOVIARIO;1471207;28/02/2026;38;330395;02/03/2026;BILLY DISTRIBUIDORA DE VEICULOS LTDA;1,34E+13;SAO CAETANO DO SUL;SP;02/03/2026;04/03/2026;04/03/2026;Entregue No Prazo;;Entrega realizada;Entrega Finalizada;4;3;2;3;RISSO;26003;;;
MOBIS BRASIL FABRICACAO DE AUTO PECAS LT;RODOVIARIO;1470931;28/02/2026;1;330394;02/03/2026;BILLY DISTRIBUIDORA DE VEICULOS LTDA;1,34E+13;SAO PAULO;SP;02/03/2026;04/03/2026;04/03/2026;Entregue No Prazo;;Entrega realizada;Entrega Finalizada;4;3;2;3;RISSO;26003;;;
MOBIS BRASIL FABRICACAO DE AUTO PECAS LT;RODOVIARIO;1470930;28/02/2026;6;330396;02/03/2026;CAOA MOTOR DO BRASIL LTDA;1,68E+13;CAMPINAS;SP;02/03/2026;05/03/2026;04/03/2026;Entregue No Prazo;;Entrega realizada;Entrega Finalizada;5;3;2;3;RISSO;5008;;;
MOBIS BRASIL FABRICACAO DE AUTO PECAS LT;RODOVIARIO;1470936;28/02/2026;1;330404;02/03/2026;H - CAMINHO AUTOMOVEIS LTDA;2,53E+13;PIRACICABA;SP;02/03/2026;06/03/2026;04/03/2026;Entregue No Prazo;;Entrega realizada;Entrega Finalizada;6;3;2;3;RISSO;26092;Revolução Pernambucana de 1817;Estadual;PE
MOBIS BRASIL FABRICACAO DE AUTO PECAS LT;RODOVIARIO;1470925;28/02/2026;3;330407;02/03/2026;MOTONET COMERCIO DE VEICULOS LTDA;9,28E+12;SOROCABA;SP;02/03/2026;05/03/2026;04/03/2026;Entregue No Prazo;;Entrega realizada;Entrega Finalizada;5;3;2;3;RISSO;26113;;;
MOBIS BRASIL FABRICACAO DE AUTO PECAS LT;RODOVIARIO;1470928;28/02/2026;1;330405;02/03/2026;H R B COMERCIO DE VEICULOS LTDA;1,82E+13;SAO JOSE DO RIO PRETO;SP;02/03/2026;06/03/2026;04/03/2026;Entregue No Prazo;;Entrega realizada;Entrega Finalizada;6;3;2;3;RISSO;26050;Revolução Pernambucana de 1817;Estadual;PE
MOBIS BRASIL FABRICACAO DE AUTO PECAS LT;RODOVIARIO;1470935;28/02/2026;2;330404;02/03/2026;H - CAMINHO AUTOMOVEIS LTDA;2,53E+13;PIRACICABA;SP;02/03/2026;06/03/2026;04/03/2026;Entregue No Prazo;;Entrega realizada;Entrega Finalizada;6;3;2;3;RISSO;26092;Revolução Pernambucana de 1817;Estadual;PE
MOBIS BRASIL FABRICACAO DE AUTO PECAS LT;RODOVIARIO;1470922;28/02/2026;3;330409;02/03/2026;NOBRE DISTRIBUIDORA DE VEICULOS E PECAS;5,76E+12;MOGI DAS CRUZES;SP;02/03/2026;04/03/2026;04/03/2026;Entregue No Prazo;;Entrega realizada;Entrega Finalizada;4;3;2;3;RISSO;26004;;;
MOBIS BRASIL FABRICACAO DE AUTO PECAS LT;RODOVIARIO;1470929;28/02/2026;18;330405;02/03/2026;H R B COMERCIO DE VEICULOS LTDA;1,82E+13;SAO JOSE DO RIO PRETO;SP;02/03/2026;06/03/2026;04/03/2026;Entregue No Prazo;;Entrega realizada;Entrega Finalizada;6;3;2;3;RISSO;26050;Revolução Pernambucana de 1817;Estadual;PE
MOBIS BRASIL FABRICACAO DE AUTO PECAS LT;RODOVIARIO;1471202;28/02/2026;3;330406;02/03/2026;HYMAX DISTRIBUIDORA DE VEICULOS LTDA;1,73E+13;MOGI GUACU;SP;02/03/2026;06/03/2026;04/03/2026;Entregue No Prazo;;Entrega realizada;Entrega Finalizada;6;3;2;3;RISSO;26002;Revolução Pernambucana de 1817;Estadual;PE
MOBIS BRASIL FABRICACAO DE AUTO PECAS LT;RODOVIARIO;1471206;28/02/2026;3;330395;02/03/2026;BILLY DISTRIBUIDORA DE VEICULOS LTDA;1,34E+13;SAO CAETANO DO SUL;SP;02/03/2026;04/03/2026;04/03/2026;Entregue No Prazo;;Entrega realizada;Entrega Finalizada;4;3;2;3;RISSO;26003;;;
MOBIS BRASIL FABRICACAO DE AUTO PECAS LT;RODOVIARIO;1471243;28/02/2026;3;330400;02/03/2026;DHC COMERCIO DE VEICULOS E PECAS LTDA;9,52E+12;JAU;SP;02/03/2026;06/03/2026;04/03/2026;Entregue No Prazo;;Entrega realizada;Entrega Finalizada;6;3;2;3;RISSO;26010;Revolução Pernambucana de 1817;Estadual;PE
MOBIS BRASIL FABRICACAO DE AUTO PECAS LT;RODOVIARIO;1471980;03/03/2026;1;330544;03/03/2026;BILLY DISTRIBUIDORA DE VEICULOS LTDA;1,34E+13;SAO PAULO;SP;03/03/2026;05/03/2026;04/03/2026;Entregue No Prazo;;Entrega realizada;Entrega Finalizada;5;3;3;3;RISSO;26003;;;
MOBIS BRASIL FABRICACAO DE AUTO PECAS LT;RODOVIARIO;1472220;03/03/2026;5;330545;03/03/2026;BILLY DISTRIBUIDORA DE VEICULOS LTDA;1,34E+13;BARUERI;SP;03/03/2026;05/03/2026;04/03/2026;Entregue No Prazo;;Entrega realizada;Entrega Finalizada;5;3;3;3;RISSO;26003;;;
MOBIS BRASIL FABRICACAO DE AUTO PECAS LT;RODOVIARIO;1471984;03/03/2026;1;330548;03/03/2026;CAOA MOTOR DO BRASIL LTDA(RAP. TAVARES);1,68E+13;SAO PAULO;SP;03/03/2026;05/03/2026;04/03/2026;Entregue No Prazo;;Entrega realizada;Entrega Finalizada;5;3;3;3;RISSO;26109;;;
MOBIS BRASIL FABRICACAO DE AUTO PECAS LT;RODOVIARIO;1472232;03/03/2026;5;330549;03/03/2026;CHS MOTORS VEICULOS PECAS(VL. GUILHERME);1,69E+13;SAO PAULO;SP;03/03/2026;05/03/2026;04/03/2026;Entregue No Prazo;;Entrega realizada;Entrega Finalizada;5;3;3;3;RISSO;26052;;;
MOBIS BRASIL FABRICACAO DE AUTO PECAS LT;RODOVIARIO;1472233;03/03/2026;2;330549;03/03/2026;CHS MOTORS VEICULOS PECAS(VL. GUILHERME);1,69E+13;SAO PAULO;SP;03/03/2026;05/03/2026;04/03/2026;Entregue No Prazo;;Entrega realizada;Entrega Finalizada;5;3;3;3;RISSO;26052;;;
MOBIS BRASIL FABRICACAO DE AUTO PECAS LT;RODOVIARIO;1471982;03/03/2026;3;330555;03/03/2026;GRANDAY AUTOMOTORES LTDA (CHAC. CALIFOR);1,57E+13;SAO PAULO;SP;03/03/2026;05/03/2026;04/03/2026;Entregue No Prazo;;Entrega realizada;Entrega Finalizada;5;3;3;3;RISSO;26090;;;
MOBIS BRASIL FABRICACAO DE AUTO PECAS LT;RODOVIARIO;1471981;03/03/2026;7;330555;03/03/2026;GRANDAY AUTOMOTORES LTDA (CHAC. CALIFOR);1,57E+13;SAO PAULO;SP;03/03/2026;05/03/2026;04/03/2026;Entregue No Prazo;;Entrega realizada;Entrega Finalizada;5;3;3;3;RISSO;26090;;;
MOBIS BRASIL FABRICACAO DE AUTO PECAS LT;RODOVIARIO;1471969;03/03/2026;22;330543;03/03/2026;ANDRETA II DISTRIBUIDORA DE VEIC. LTDA;9,10E+12;CAMPINAS;SP;03/03/2026;06/03/2026;04/03/2026;Entregue No Prazo;;Entrega realizada;Entrega Finalizada;6;3;3;3;RISSO;26011;Revolução Pernambucana de 1817;Estadual;PE
MOBIS BRASIL FABRICACAO DE AUTO PECAS LT;RODOVIARIO;1471977;03/03/2026;3;330547;03/03/2026;CAOA MOTOR DO BRASIL LTDA;1,68E+13;CAMPINAS;SP;03/03/2026;06/03/2026;04/03/2026;Entregue No Prazo;;Entrega realizada;Entrega Finalizada;6;3;3;3;RISSO;5008;Revolução Pernambucana de 1817;Estadual;PE
MOBIS BRASIL FABRICACAO DE AUTO PECAS LT;RODOVIARIO;1472225;03/03/2026;4;330620;03/03/2026;BARI VEICULOS LTDA.;7,46E+12;CURITIBA;PR;03/03/2026;06/03/2026;04/03/2026;Entregue No Prazo;;Entrega realizada;Entrega Finalizada;6;3;3;3;TRANSTRY;18029;Revolução Pernambucana de 1817;Estadual;PE
MOBIS BRASIL FABRICACAO DE AUTO PECAS LT;RODOVIARIO;1471983;03/03/2026;1;330556;03/03/2026;H - CAMINHO AUTOMOVEIS LTDA;2,53E+13;PIRACICABA;SP;03/03/2026;09/03/2026;04/03/2026;Entregue No Prazo;;Entrega realizada;Entrega Finalizada;9;3;3;3;RISSO;26092;;;
MOBIS BRASIL FABRICACAO DE AUTO PECAS LT;RODOVIARIO;1471940;03/03/2026;6;330618;03/03/2026;BARI VEICULOS LTDA;7,46E+12;PONTA GROSSA;PR;03/03/2026;09/03/2026;04/03/2026;Entregue No Prazo;;Entrega realizada;Entrega Finalizada;9;3;3;3;TRANSTRY;18024;;;
MOBIS BRASIL FABRICACAO DE AUTO PECAS LT;RODOVIARIO;1463735;12/02/2026;1;328000;12/02/2026;ORVEL AUTOMOTOR HYD LTDA;2,52E+13;TEIXEIRA DE FREITAS;BA;12/02/2026;27/02/2026;05/03/2026;Entregue No Prazo;;Entrega realizada;Entrega Finalizada;27;2;12;2;TERMACO;5011;;;
MOBIS BRASIL FABRICACAO DE AUTO PECAS LT;RODOVIARIO;1464518;13/02/2026;1;328255;13/02/2026;CAOA MOTOR DO BRASIL LTDA;1,68E+13;RIO DE JANEIRO;RJ;13/02/2026;19/02/2026;05/03/2026;Entregue No Prazo;;Entrega realizada;Entrega Finalizada;19;2;13;2;CAMILO;5008;;;
MOBIS BRASIL FABRICACAO DE AUTO PECAS LT;RODOVIARIO;1465881;19/02/2026;1;328814;19/02/2026;JPN PATOS COMERCIO DE VEICULOS LTDA;4,20E+13;PATOS;PB;19/02/2026;09/03/2026;05/03/2026;Entregue No Prazo;;Entrega realizada;Entrega Finalizada;9;3;19;2;TERMACO;15004;;;
MOBIS BRASIL FABRICACAO DE AUTO PECAS LT;RODOVIARIO;1466228;20/02/2026;1;328975;20/02/2026;AIKON VEICULOS LTDA;1,17E+13;VITORIA DA CONQUISTA;BA;20/02/2026;09/03/2026;05/03/2026;Entregue No Prazo;;Entrega realizada;Entrega Finalizada;9;3;20;2;TERMACO;5002;;;
MOBIS BRASIL FABRICACAO DE AUTO PECAS LT;RODOVIARIO;1466244;20/02/2026;1;328989;20/02/2026;PATEO COMERCIO DE VEICULOS S A;7,78E+12;SAO LUIS;MA;20/02/2026;09/03/2026;05/03/2026;Entregue No Prazo;;Entrega realizada;Entrega Finalizada;9;3;20;2;TERMACO;10002;;;
MOBIS BRASIL FABRICACAO DE AUTO PECAS LT;RODOVIARIO;1466259;20/02/2026;1;328990;20/02/2026;PATEO COMERCIO DE VEICULOS S A;7,78E+12;JOAO PESSOA;PB;20/02/2026;09/03/2026;05/03/2026;Entregue No Prazo;;Entrega realizada;Entrega Finalizada;9;3;20;2;TERMACO;15003;;;
MOBIS BRASIL FABRICACAO DE AUTO PECAS LT;RODOVIARIO;1466258;20/02/2026;1;328978;20/02/2026;CAOA MOTOR DO BRASIL LTDA;1,68E+13;CAMPINA GRANDE;PB;20/02/2026;10/03/2026;05/03/2026;Entregue No Prazo;;Entrega realizada;Entrega Finalizada;10;3;20;2;TERMACO;5008;;;
MOBIS BRASIL FABRICACAO DE AUTO PECAS LT;RODOVIARIO;1466954;23/02/2026;1;329154;23/02/2026;DESTAQUE SEUL DISTR. DE VEIC. E PC. LTDA;2,12E+13;ATIBAIA;SP;23/02/2026;26/02/2026;05/03/2026;Entregue Fora do Prazo;EXTRAVIO;Extravio;Entrega Finalizada;26;2;23;2;RISSO;26075;;;
MOBIS BRASIL FABRICACAO DE AUTO PECAS LT;RODOVIARIO;1466911;23/02/2026;2;329186;23/02/2026;CAOA MOTOR DO BRASIL LTDA;1,68E+13;BELEM;PA;23/02/2026;06/03/2026;05/03/2026;Entregue No Prazo;;Entrega realizada;Entrega Finalizada;6;3;23;2;CARVALIMA;5008;Revolução Pernambucana de 1817;Estadual;PE
MOBIS BRASIL FABRICACAO DE AUTO PECAS LT;RODOVIARIO;1466885;23/02/2026;1;329193;23/02/2026;MASTER COMERCIAL DE VEICULOS LTDA;2,85E+13;JACOBINA;BA;23/02/2026;10/03/2026;05/03/2026;Entregue No Prazo;;Entrega realizada;Entrega Finalizada;10;3;23;2;TERMACO;5013;;;
MOBIS BRASIL FABRICACAO DE AUTO PECAS LT;RODOVIARIO;1466896;23/02/2026;2;329198;23/02/2026;PATEO COMERCIO DE VEICULOS S A;7,78E+12;SAO LUIS;MA;23/02/2026;10/03/2026;05/03/2026;Entregue No Prazo;;Entrega realizada;Entrega Finalizada;10;3;23;2;TERMACO;10002;;;
MOBIS BRASIL FABRICACAO DE AUTO PECAS LT;RODOVIARIO;1466929;23/02/2026;3;329203;23/02/2026;SAINT LAND COMERCIO DE VEICULOS LTDA;1,04E+13;NATAL;RN;23/02/2026;10/03/2026;05/03/2026;Entregue No Prazo;;Entrega realizada;Entrega Finalizada;10;3;23;2;TERMACO;6010;;;
MOBIS BRASIL FABRICACAO DE AUTO PECAS LT;RODOVIARIO;1466914;23/02/2026;1;329183;23/02/2026;AUTORAC VEICULOS LTDA;1,06E+13;PETROLINA;PE;23/02/2026;11/03/2026;05/03/2026;Entregue No Prazo;;Entrega realizada;Entrega Finalizada;11;3;23;2;TERMACO;16001;;;
MOBIS BRASIL FABRICACAO DE AUTO PECAS LT;RODOVIARIO;1466915;23/02/2026;4;329183;23/02/2026;AUTORAC VEICULOS LTDA;1,06E+13;PETROLINA;PE;23/02/2026;11/03/2026;05/03/2026;Entregue No Prazo;;Entrega realizada;Entrega Finalizada;11;3;23;2;TERMACO;16001;;;
MOBIS BRASIL FABRICACAO DE AUTO PECAS LT;RODOVIARIO;1466930;23/02/2026;2;329201;23/02/2026;SAGA ASIA COM. DE VEIC.PC.E SERV. LTDA;2,14E+13;PORTO VELHO;RO;23/02/2026;05/03/2026;05/03/2026;Entregue No Prazo;;Entrega realizada;Entrega Finalizada;5;3;23;2;CARVALIMA;21003;;;
MOBIS BRASIL FABRICACAO DE AUTO PECAS LT;RODOVIARIO;1467665;24/02/2026;1;329433;24/02/2026;BARI VEICULOS LTDA.;7,46E+12;ITAJAI;SC;24/02/2026;02/03/2026;05/03/2026;Entregue Fora do Prazo;;Entrega realizada;Entrega Finalizada;2;3;24;2;BAUER;24014;;;
MOBIS BRASIL FABRICACAO DE AUTO PECAS LT;RODOVIARIO;1467636;24/02/2026;4;329441;24/02/2026;LOVAT VEICULOS S/A;8,57E+12;MARINGA;PR;24/02/2026;02/03/2026;05/03/2026;Entregue Fora do Prazo;;Entrega realizada;Entrega Finalizada;2;3;24;2;BAUER;18008;;;
MOBIS BRASIL FABRICACAO DE AUTO PECAS LT;RODOVIARIO;1467950;24/02/2026;15;329476;24/02/2026;SAGA ASIA COM. DE VEIC.PC.E SERV. LTDA;2,14E+13;PORTO VELHO;RO;24/02/2026;05/03/2026;05/03/2026;Entregue No Prazo;;Entrega realizada;Entrega Finalizada;5;3;24;2;CARVALIMA;21003;;;
MOBIS BRASIL FABRICACAO DE AUTO PECAS LT;RODOVIARIO;1467479;24/02/2026;2;329484;24/02/2026;UNIQUE COMERCIO DE AUTOMOVEIS LTDA;1,74E+13;ANANINDEUA;PA;24/02/2026;09/03/2026;05/03/2026;Entregue No Prazo;;Entrega realizada;Entrega Finalizada;9;3;24;2;CARVALIMA;14003;;;
MOBIS BRASIL FABRICACAO DE AUTO PECAS LT;RODOVIARIO;1467626;24/02/2026;2;329484;24/02/2026;UNIQUE COMERCIO DE AUTOMOVEIS LTDA;1,74E+13;ANANINDEUA;PA;24/02/2026;09/03/2026;05/03/2026;Entregue No Prazo;;Entrega realizada;Entrega Finalizada;9;3;24;2;CARVALIMA;14003;;;
MOBIS BRASIL FABRICACAO DE AUTO PECAS LT;RODOVIARIO;1467592;24/02/2026;6;329445;24/02/2026;AIKON VEICULOS LTDA;1,17E+13;VITORIA DA CONQUISTA;BA;24/02/2026;11/03/2026;05/03/2026;Entregue No Prazo;;Entrega realizada;Entrega Finalizada;11;3;24;2;TERMACO;5002;;;
MOBIS BRASIL FABRICACAO DE AUTO PECAS LT;RODOVIARIO;1467475;24/02/2026;1;329469;24/02/2026;PATEO COMERCIO DE VEICULOS S A;7,78E+12;SAO LUIS;MA;24/02/2026;11/03/2026;05/03/2026;Entregue No Prazo;;Entrega realizada;Entrega Finalizada;11;3;24;2;TERMACO;10002;;;
MOBIS BRASIL FABRICACAO DE AUTO PECAS LT;RODOVIARIO;1467609;24/02/2026;24;329469;24/02/2026;PATEO COMERCIO DE VEICULOS S A;7,78E+12;SAO LUIS;MA;24/02/2026;11/03/2026;05/03/2026;Entregue No Prazo;;Entrega realizada;Entrega Finalizada;11;3;24;2;TERMACO;10002;;;
MOBIS BRASIL FABRICACAO DE AUTO PECAS LT;RODOVIARIO;1467948;24/02/2026;6;329460;24/02/2026;GREEN CITY VEICULOS LTDA;2,10E+13;TERESINA;PI;24/02/2026;12/03/2026;05/03/2026;Entregue No Prazo;;Entrega realizada;Entrega Finalizada;12;3;24;2;TERMACO;17002;;;
MOBIS BRASIL FABRICACAO DE AUTO PECAS LT;RODOVIARIO;1467635;24/02/2026;7;329461;24/02/2026;GREEN CITY VEICULOS LTDA;2,10E+13;TERESINA;PI;24/02/2026;12/03/2026;05/03/2026;Entregue No Prazo;;Entrega realizada;Entrega Finalizada;12;3;24;2;TERMACO;17002;;;
MOBIS BRASIL FABRICACAO DE AUTO PECAS LT;RODOVIARIO;1468434;25/02/2026;1;329633;25/02/2026;NOBRE DISTRIBUIDORA DE VEICULOS E PECAS;5,76E+12;MOGI DAS CRUZES;SP;25/02/2026;27/02/2026;05/03/2026;Entregue Fora do Prazo;EXTRAVIO;Extravio;Entrega Finalizada;27;2;25;2;RISSO;26004;;;
MOBIS BRASIL FABRICACAO DE AUTO PECAS LT;RODOVIARIO;1468447;25/02/2026;5;329619;25/02/2026;DESTAQUE SEUL DISTR. DE VEIC. E PC. LTDA;2,12E+13;ATIBAIA;SP;25/02/2026;02/03/2026;05/03/2026;Entregue Fora do Prazo;EXTRAVIO;Extravio;Entrega Finalizada;2;3;25;2;RISSO;26075;;;
MOBIS BRASIL FABRICACAO DE AUTO PECAS LT;RODOVIARIO;1468362;25/02/2026;5;329658;25/02/2026;URCA MOTORS VEICULOS LTDA;8,77E+12;ITUMBIARA;GO;25/02/2026;09/03/2026;05/03/2026;Entregue No Prazo;;Entrega realizada;Entrega Finalizada;9;3;25;2;RIO VERMELHO;9014;;;
MOBIS BRASIL FABRICACAO DE AUTO PECAS LT;RODOVIARIO;1468386;25/02/2026;3;329725;25/02/2026;UNIQUE COMERCIO DE AUTOMOVEIS LTDA;1,74E+13;ANANINDEUA;PA;25/02/2026;10/03/2026;05/03/2026;Entregue No Prazo;;Entrega realizada;Entrega Finalizada;10;3;25;2;CARVALIMA;14003;;;
MOBIS BRASIL FABRICACAO DE AUTO PECAS LT;RODOVIARIO;1468353;25/02/2026;2;329694;25/02/2026;CAOA MOTOR DO BRASIL LTDA;1,68E+13;FORTALEZA;CE;25/02/2026;11/03/2026;05/03/2026;Entregue No Prazo;;Entrega realizada;Entrega Finalizada;11;3;25;2;TERMACO;5008;;;
MOBIS BRASIL FABRICACAO DE AUTO PECAS LT;RODOVIARIO;1468779;25/02/2026;6;329699;25/02/2026;FAZZA MOTORS COM. DE VEICULOS LTDA;1,24E+13;FORTALEZA;CE;25/02/2026;11/03/2026;05/03/2026;Entregue No Prazo;;Entrega realizada;Entrega Finalizada;11;3;25;2;TERMACO;6001;;;
MOBIS BRASIL FABRICACAO DE AUTO PECAS LT;RODOVIARIO;1468391;25/02/2026;1;329692;25/02/2026;CAOA MOTOR DO BRASIL LTDA;1,68E+13;RECIFE;PE;25/02/2026;12/03/2026;05/03/2026;Entregue No Prazo;;Entrega realizada;Entrega Finalizada;12;3;25;2;TERMACO;5008;;;
MOBIS BRASIL FABRICACAO DE AUTO PECAS LT;RODOVIARIO;1468365;25/02/2026;2;329714;25/02/2026;PATEO COMERCIO DE VEICULOS S A;7,78E+12;SAO LUIS;MA;25/02/2026;12/03/2026;05/03/2026;Entregue No Prazo;;Entrega realizada;Entrega Finalizada;12;3;25;2;TERMACO;10002;;;
MOBIS BRASIL FABRICACAO DE AUTO PECAS LT;RODOVIARIO;1468366;25/02/2026;14;329714;25/02/2026;PATEO COMERCIO DE VEICULOS S A;7,78E+12;SAO LUIS;MA;25/02/2026;12/03/2026;05/03/2026;Entregue No Prazo;;Entrega realizada;Entrega Finalizada;12;3;25;2;TERMACO;10002;;;
MOBIS BRASIL FABRICACAO DE AUTO PECAS LT;RODOVIARIO;1469575;26/02/2026;1;329902;26/02/2026;TAI MOTORS VEICULOS S/A.;9,27E+12;CAMPOS DOS GOYTACAZES;RJ;26/02/2026;05/03/2026;05/03/2026;Entregue No Prazo;;Entrega realizada;Entrega Finalizada;5;3;26;2;CAMILO;19023;;;
MOBIS BRASIL FABRICACAO DE AUTO PECAS LT;RODOVIARIO;1469576;26/02/2026;1;329896;26/02/2026;SAGA ASIA COM. DE VEIC.PC.E SERV. LTDA;2,14E+13;PORTO VELHO;RO;26/02/2026;06/03/2026;05/03/2026;Entregue No Prazo;;Entrega realizada;Entrega Finalizada;6;3;26;2;CARVALIMA;21003;Revolução Pernambucana de 1817;Estadual;PE
MOBIS BRASIL FABRICACAO DE AUTO PECAS LT;RODOVIARIO;1469434;26/02/2026;2;329901;26/02/2026;TAI MOTORS VEICULOS S/A;9,27E+12;COLATINA;ES;26/02/2026;06/03/2026;05/03/2026;Entregue No Prazo;;Entrega realizada;Entrega Finalizada;6;3;26;2;CAMILO;8002;Revolução Pernambucana de 1817;Estadual;PE
MOBIS BRASIL FABRICACAO DE AUTO PECAS LT;RODOVIARIO;1469560;26/02/2026;12;329891;26/02/2026;PATEO COMERCIO DE VEICULOS S A;7,78E+12;SALVADOR;BA;26/02/2026;10/03/2026;05/03/2026;Entregue No Prazo;;Entrega realizada;Entrega Finalizada;10;3;26;2;TERMACO;5003;;;
MOBIS BRASIL FABRICACAO DE AUTO PECAS LT;RODOVIARIO;1469435;26/02/2026;1;329866;26/02/2026;SAGA KOREA COM. DE VEIC. E PC. LTDA;1,27E+13;ANAPOLIS;GO;26/02/2026;11/03/2026;05/03/2026;Entregue No Prazo;;Entrega realizada;Entrega Finalizada;11;3;26;2;RIO VERMELHO;9012;;;
MOBIS BRASIL FABRICACAO DE AUTO PECAS LT;RODOVIARIO;1469476;26/02/2026;1;329898;26/02/2026;SAINT LAND COMERCIO DE VEICULOS LTDA;1,04E+13;ARACAJU;SE;26/02/2026;11/03/2026;05/03/2026;Entregue No Prazo;;Entrega realizada;Entrega Finalizada;11;3;26;2;TERMACO;6010;;;
MOBIS BRASIL FABRICACAO DE AUTO PECAS LT;RODOVIARIO;1469587;26/02/2026;1;329900;26/02/2026;SEVEL VEICULOS LTDA;1,07E+13;ARACAJU;SE;26/02/2026;11/03/2026;05/03/2026;Entregue No Prazo;;Entrega realizada;Entrega Finalizada;11;3;26;2;TERMACO;25001;;;
MOBIS BRASIL FABRICACAO DE AUTO PECAS LT;RODOVIARIO;1469463;26/02/2026;2;329875;26/02/2026;COMETA JI PARANA COM. DE VEIC. LTDA;4,23E+12;JIPARANA;RO;26/02/2026;17/03/2026;05/03/2026;Entregue No Prazo;;Entrega realizada;Entrega Finalizada;17;3;26;2;CARVALIMA;21002;;;
MOBIS BRASIL FABRICACAO DE AUTO PECAS LT;RODOVIARIO;1470375;27/02/2026;1;330090;27/02/2026;ANDRETA II DISTRIBUIDORA DE VEIC. LTDA;9,10E+12;RIO CLARO;SP;27/02/2026;05/03/2026;05/03/2026;Entregue No Prazo;;Entrega realizada;Entrega Finalizada;5;3;27;2;RISSO;26011;;;
MOBIS BRASIL FABRICACAO DE AUTO PECAS LT;RODOVIARIO;1470310;27/02/2026;18;330171;27/02/2026;ITAVEMA MOTORS VEICULOS LTDA;7,73E+12;RIO DE JANEIRO;RJ;27/02/2026;05/03/2026;05/03/2026;Entregue No Prazo;;Entrega realizada;Entrega Finalizada;5;3;27;2;CAMILO;19001;;;
MOBIS BRASIL FABRICACAO DE AUTO PECAS LT;RODOVIARIO;1470444;27/02/2026;4;330172;27/02/2026;ITAVEMA MOTORS VEICULOS LTDA;7,73E+12;DUQUE DE CAXIAS;RJ;27/02/2026;05/03/2026;05/03/2026;Entregue No Prazo;;Entrega realizada;Entrega Finalizada;5;3;27;2;CAMILO;19001;;;
MOBIS BRASIL FABRICACAO DE AUTO PECAS LT;RODOVIARIO;1470442;27/02/2026;17;330151;27/02/2026;SANTA FE VEICULOS LTDA.;1,16E+13;FRANCISCO BELTRAO;PR;27/02/2026;06/03/2026;05/03/2026;Entregue No Prazo;Avaria;Entrega realizada;Entrega Finalizada;6;3;27;2;TRANSTRY;18010;Revolução Pernambucana de 1817;Estadual;PE
MOBIS BRASIL FABRICACAO DE AUTO PECAS LT;RODOVIARIO;1470273;27/02/2026;3;330190;27/02/2026;TAI MOTORS VEICULOS S/A;9,27E+12;VITORIA;ES;27/02/2026;06/03/2026;05/03/2026;Entregue No Prazo;;Entrega realizada;Entrega Finalizada;6;3;27;2;CAMILO;8002;Revolução Pernambucana de 1817;Estadual;PE
MOBIS BRASIL FABRICACAO DE AUTO PECAS LT;RODOVIARIO;1470445;27/02/2026;5;330191;27/02/2026;TAI MOTORS VEICULOS S/A.;9,27E+12;CAMPOS DOS GOYTACAZES;RJ;27/02/2026;06/03/2026;05/03/2026;Entregue No Prazo;;Entrega realizada;Entrega Finalizada;6;3;27;2;CAMILO;19023;Revolução Pernambucana de 1817;Estadual;PE
MOBIS BRASIL FABRICACAO DE AUTO PECAS LT;RODOVIARIO;1470432;27/02/2026;7;330121;27/02/2026;SAGA KOREA COM. DE VEIC. E PC. LTDA;1,27E+13;BRASILIA;DF;27/02/2026;09/03/2026;05/03/2026;Entregue No Prazo;;Entrega realizada;Entrega Finalizada;9;3;27;2;RIO VERMELHO;7005;;;
MOBIS BRASIL FABRICACAO DE AUTO PECAS LT;RODOVIARIO;1470274;27/02/2026;6;330185;27/02/2026;PRIME CACHOEIRO VEICULOS LTDA EPP;9,34E+12;CACHOEIRO DE ITAPEMIRIM;ES;27/02/2026;09/03/2026;05/03/2026;Entregue No Prazo;;Entrega realizada;Entrega Finalizada;9;3;27;2;CAMILO;8003;;;
MOBIS BRASIL FABRICACAO DE AUTO PECAS LT;RODOVIARIO;1470277;27/02/2026;7;330127;27/02/2026;URCA MOTORS VEICULOS LTDA;8,77E+12;RIO VERDE;GO;27/02/2026;11/03/2026;05/03/2026;Entregue No Prazo;;Entrega realizada;Entrega Finalizada;11;3;27;2;RIO VERMELHO;9014;;;
MOBIS BRASIL FABRICACAO DE AUTO PECAS LT;RODOVIARIO;1470437;27/02/2026;1;330164;27/02/2026;COMETA MATO GROSSO COM. DE VEICULOS LTDA;1,54E+13;SINOP;MT;27/02/2026;11/03/2026;05/03/2026;Entregue No Prazo;;Entrega realizada;Entrega Finalizada;11;3;27;2;CARVALIMA;13003;;;
MOBIS BRASIL FABRICACAO DE AUTO PECAS LT;RODOVIARIO;1470287;27/02/2026;1;330194;27/02/2026;UNIQUE COMERCIO DE AUTOMOVEIS LTDA;1,74E+13;ANANINDEUA;PA;27/02/2026;12/03/2026;05/03/2026;Entregue No Prazo;;Entrega realizada;Entrega Finalizada;12;3;27;2;CARVALIMA;14003;;;
MOBIS BRASIL FABRICACAO DE AUTO PECAS LT;RODOVIARIO;1470453;27/02/2026;2;330177;27/02/2026;NACIONAL NOVA MARABA DIST DE VEIC. LTDA;1,70E+13;MARABA;PA;27/02/2026;13/03/2026;05/03/2026;Entregue No Prazo;;Entrega realizada;Entrega Finalizada;13;3;27;2;CARVALIMA;14005;Batalha do Jenipapo;Estadual;PI
MOBIS BRASIL FABRICACAO DE AUTO PECAS LT;RODOVIARIO;1470439;27/02/2026;4;330176;27/02/2026;NACIONAL NOVA MARABA DIST DE VEIC. LTDA;1,70E+13;PARAUAPEBAS;PA;27/02/2026;17/03/2026;05/03/2026;Entregue No Prazo;;Entrega realizada;Entrega Finalizada;17;3;27;2;CARVALIMA;14010;;;
MOBIS BRASIL FABRICACAO DE AUTO PECAS LT;RODOVIARIO;1470315;27/02/2026;1;330163;27/02/2026;COMETA JI PARANA COM. DE VEIC. LTDA;4,23E+12;JIPARANA;RO;27/02/2026;18/03/2026;05/03/2026;Entregue No Prazo;;Entrega realizada;Entrega Finalizada;18;3;27;2;CARVALIMA;21002;;;
MOBIS BRASIL FABRICACAO DE AUTO PECAS LT;RODOVIARIO;1470912;28/02/2026;7;330375;28/02/2026;GALA COMERCIO DE VEICULOS LTDA.;1,77E+13;PELOTAS;RS;28/02/2026;09/03/2026;05/03/2026;Entregue No Prazo;;Entrega realizada;Entrega Finalizada;9;3;28;2;TRANSTRY;23009;;;
MOBIS BRASIL FABRICACAO DE AUTO PECAS LT;RODOVIARIO;1470913;28/02/2026;1;330377;28/02/2026;HOUSE PARTS - COM. DE PECAS E VEIC. LTDA;1,15E+13;SANTA CRUZ DO SUL;RS;28/02/2026;10/03/2026;05/03/2026;Entregue No Prazo;;Entrega realizada;Entrega Finalizada;10;3;28;2;TRANSTRY;23017;;;
MOBIS BRASIL FABRICACAO DE AUTO PECAS LT;AEREO;1469637;;;330346;28/02/2026;PRIVILLEGE DISTRIBUIDORA DE VEICULOS LTD;1,72E+13;PALMAS;TO;;05/03/2026;05/03/2026;Entregue No Prazo;;Entrega realizada;Entrega Finalizada;5;3;0;1;GOL;27003;;;
MOBIS BRASIL FABRICACAO DE AUTO PECAS LT;AEREO;1469727;;;330346;28/02/2026;PRIVILLEGE DISTRIBUIDORA DE VEICULOS LTD;1,72E+13;PALMAS;TO;;05/03/2026;05/03/2026;Entregue No Prazo;;Entrega realizada;Entrega Finalizada;5;3;0;1;GOL;27003;;;
MOBIS BRASIL FABRICACAO DE AUTO PECAS LT;RODOVIARIO;1470907;28/02/2026;1;330415;02/03/2026;CAOA MOTOR DO BRASIL LTDA;1,68E+13;RIO DE JANEIRO;RJ;02/03/2026;06/03/2026;05/03/2026;Entregue No Prazo;;Entrega realizada;Entrega Finalizada;6;3;2;3;CAMILO;5008;Revolução Pernambucana de 1817;Estadual;PE
MOBIS BRASIL FABRICACAO DE AUTO PECAS LT;RODOVIARIO;1471186;28/02/2026;3;330423;02/03/2026;ITAVEMA MOTORS VEICULOS LTDA;7,73E+12;RIO DE JANEIRO;RJ;02/03/2026;06/03/2026;05/03/2026;Entregue No Prazo;;Entrega realizada;Entrega Finalizada;6;3;2;3;CAMILO;19001;Revolução Pernambucana de 1817;Estadual;PE
MOBIS BRASIL FABRICACAO DE AUTO PECAS LT;RODOVIARIO;1470895;28/02/2026;3;330417;02/03/2026;COMETA MATO GROSSO COM. DE VEICULOS LTDA;1,54E+13;RONDONOPOLIS;MT;02/03/2026;12/03/2026;05/03/2026;Entregue No Prazo;;Entrega realizada;Entrega Finalizada;12;3;2;3;CARVALIMA;13006;;;
MOBIS BRASIL FABRICACAO DE AUTO PECAS LT;RODOVIARIO;1470937;28/02/2026;2;330391;02/03/2026;ANDRETA II DISTRIBUIDORA DE VEIC. LTDA;9,10E+12;RIO CLARO;SP;02/03/2026;06/03/2026;05/03/2026;Entregue No Prazo;;Entrega realizada;Entrega Finalizada;6;3;2;3;RISSO;26011;Revolução Pernambucana de 1817;Estadual;PE
MOBIS BRASIL FABRICACAO DE AUTO PECAS LT;RODOVIARIO;1470923;28/02/2026;7;330401;02/03/2026;DHC COMERCIO DE VEICULOS E PECAS LTDA;9,52E+12;BAURU;SP;02/03/2026;05/03/2026;05/03/2026;Entregue No Prazo;;Entrega realizada;Entrega Finalizada;5;3;2;3;RISSO;26010;;;
MOBIS BRASIL FABRICACAO DE AUTO PECAS LT;RODOVIARIO;1470934;28/02/2026;18;330403;02/03/2026;GRANDAY AUTOMOTORES LTDA (CHAC. CALIFOR);1,57E+13;SAO PAULO;SP;02/03/2026;04/03/2026;05/03/2026;Entregue Fora do Prazo;;Entrega realizada;Entrega Finalizada;4;3;2;3;RISSO;26090;;;
MOBIS BRASIL FABRICACAO DE AUTO PECAS LT;RODOVIARIO;1472231;03/03/2026;16;330546;03/03/2026;BILLY DISTRIBUIDORA DE VEICULOS LTDA;1,34E+13;SAO CAETANO DO SUL;SP;03/03/2026;05/03/2026;05/03/2026;Entregue No Prazo;;Entrega realizada;Entrega Finalizada;5;3;3;3;RISSO;26003;;;
MOBIS BRASIL FABRICACAO DE AUTO PECAS LT;RODOVIARIO;1471967;03/03/2026;4;330554;03/03/2026;GRAND SPORT COM. DE VEIC. E PECAS LTDA;8,58E+12;GUARULHOS;SP;03/03/2026;05/03/2026;05/03/2026;Entregue No Prazo;;Entrega realizada;Entrega Finalizada;5;3;3;3;RISSO;26005;;;
MOBIS BRASIL FABRICACAO DE AUTO PECAS LT;RODOVIARIO;1471966;03/03/2026;4;330563;03/03/2026;NOBRE DISTRIBUIDORA DE VEICULOS E PECAS;5,76E+12;MOGI DAS CRUZES;SP;03/03/2026;05/03/2026;05/03/2026;Entregue No Prazo;;Entrega realizada;Entrega Finalizada;5;3;3;3;RISSO;26004;;;
MOBIS BRASIL FABRICACAO DE AUTO PECAS LT;RODOVIARIO;1472239;03/03/2026;1;330541;03/03/2026;ANDRETA II DISTRIB.DE VEICULOS LTDA.;9,10E+12;JUNDIAI;SP;03/03/2026;06/03/2026;05/03/2026;Entregue No Prazo;;Entrega realizada;Entrega Finalizada;6;3;3;3;RISSO;26040;Revolução Pernambucana de 1817;Estadual;PE
MOBIS BRASIL FABRICACAO DE AUTO PECAS LT;RODOVIARIO;1471979;03/03/2026;41;330550;03/03/2026;DESTAQUE SEUL DISTR. DE VEIC. E PC. LTDA;2,12E+13;ATIBAIA;SP;03/03/2026;06/03/2026;05/03/2026;Entregue No Prazo;;Entrega realizada;Entrega Finalizada;6;3;3;3;RISSO;26075;Revolução Pernambucana de 1817;Estadual;PE
MOBIS BRASIL FABRICACAO DE AUTO PECAS LT;RODOVIARIO;1471970;03/03/2026;2;330559;03/03/2026;MOTONET COMERCIO DE VEICULOS LTDA;9,28E+12;SOROCABA;SP;03/03/2026;06/03/2026;05/03/2026;Entregue No Prazo;;Entrega realizada;Entrega Finalizada;6;3;3;3;RISSO;26113;Revolução Pernambucana de 1817;Estadual;PE
MOBIS BRASIL FABRICACAO DE AUTO PECAS LT;RODOVIARIO;1471971;03/03/2026;6;330559;03/03/2026;MOTONET COMERCIO DE VEICULOS LTDA;9,28E+12;SOROCABA;SP;03/03/2026;06/03/2026;05/03/2026;Entregue No Prazo;;Entrega realizada;Entrega Finalizada;6;3;3;3;RISSO;26113;Revolução Pernambucana de 1817;Estadual;PE
MOBIS BRASIL FABRICACAO DE AUTO PECAS LT;RODOVIARIO;1472227;03/03/2026;1;330616;03/03/2026;BARI VEICULOS LTDA;7,46E+12;CURITIBA;PR;03/03/2026;06/03/2026;05/03/2026;Entregue No Prazo;;Entrega realizada;Entrega Finalizada;6;3;3;3;TRANSTRY;18024;Revolução Pernambucana de 1817;Estadual;PE
MOBIS BRASIL FABRICACAO DE AUTO PECAS LT;RODOVIARIO;1471975;03/03/2026;1;330553;03/03/2026;GOLDEN MOTORS VEICULOS LTDA;3,62E+12;ARACATUBA;SP;03/03/2026;09/03/2026;05/03/2026;Entregue No Prazo;;Entrega realizada;Entrega Finalizada;9;3;3;3;RISSO;12001;;;
MOBIS BRASIL FABRICACAO DE AUTO PECAS LT;RODOVIARIO;1472218;03/03/2026;1;330558;03/03/2026;HYMAX DISTRIBUIDORA DE VEICULOS LTDA;1,73E+13;MOGI GUACU;SP;03/03/2026;09/03/2026;05/03/2026;Entregue No Prazo;;Entrega realizada;Entrega Finalizada;9;3;3;3;RISSO;26002;;;
MOBIS BRASIL FABRICACAO DE AUTO PECAS LT;RODOVIARIO;1472219;03/03/2026;2;330558;03/03/2026;HYMAX DISTRIBUIDORA DE VEICULOS LTDA;1,73E+13;MOGI GUACU;SP;03/03/2026;09/03/2026;05/03/2026;Entregue No Prazo;;Entrega realizada;Entrega Finalizada;9;3;3;3;RISSO;26002;;;
MOBIS BRASIL FABRICACAO DE AUTO PECAS LT;RODOVIARIO;1471974;03/03/2026;1;330562;03/03/2026;NOBRE DISTRIBUIDORA DE VEIC. E PEC. LTDA;5,76E+12;APARECIDA;SP;03/03/2026;09/03/2026;05/03/2026;Entregue No Prazo;;Entrega realizada;Entrega Finalizada;9;3;3;3;RISSO;26053;;;
MOBIS BRASIL FABRICACAO DE AUTO PECAS LT;RODOVIARIO;1471964;03/03/2026;2;330617;03/03/2026;BARI VEICULOS LTDA;7,46E+12;JARAGUA DO SUL;SC;03/03/2026;09/03/2026;05/03/2026;Entregue No Prazo;;Entrega realizada;Entrega Finalizada;9;3;3;3;TRANSTRY;18024;;;
MOBIS BRASIL FABRICACAO DE AUTO PECAS LT;RODOVIARIO;1472217;03/03/2026;3;330619;03/03/2026;BARI VEICULOS LTDA.;7,46E+12;JOINVILLE;SC;03/03/2026;09/03/2026;05/03/2026;Entregue No Prazo;;Entrega realizada;Entrega Finalizada;9;3;3;3;TRANSTRY;24013;;;
MOBIS BRASIL FABRICACAO DE AUTO PECAS LT;RODOVIARIO;1471939;03/03/2026;1;330637;03/03/2026;VETOR AUTOMOVEIS LTDA;2,12E+13;CASCAVEL;PR;03/03/2026;09/03/2026;05/03/2026;Entregue No Prazo;;Entrega realizada;Entrega Finalizada;9;3;3;3;TRANSTRY;18019;;;
MOBIS BRASIL FABRICACAO DE AUTO PECAS LT;RODOVIARIO;1472224;03/03/2026;3;330634;03/03/2026;SANTA FE VEICULOS LTDA.;1,16E+13;FRANCISCO BELTRAO;PR;03/03/2026;10/03/2026;05/03/2026;Entregue No Prazo;;Entrega realizada;Entrega Finalizada;10;3;3;3;TRANSTRY;18010;;;
MOBIS BRASIL FABRICACAO DE AUTO PECAS LT;RODOVIARIO;1472553;04/03/2026;1;330756;04/03/2026;BILLY DISTRIBUIDORA DE VEICULOS LTDA;1,34E+13;SAO PAULO;SP;04/03/2026;06/03/2026;05/03/2026;Entregue No Prazo;;Entrega realizada;Entrega Finalizada;6;3;4;3;RISSO;26003;Revolução Pernambucana de 1817;Estadual;PE
MOBIS BRASIL FABRICACAO DE AUTO PECAS LT;RODOVIARIO;1472539;04/03/2026;1;330764;04/03/2026;CAOA MOTOR DO BRASIL LTDA (AGUA BRANCA);1,68E+13;SAO PAULO;SP;04/03/2026;06/03/2026;05/03/2026;Entregue No Prazo;;Entrega realizada;Entrega Finalizada;6;3;4;3;RISSO;26030;Revolução Pernambucana de 1817;Estadual;PE
MOBIS BRASIL FABRICACAO DE AUTO PECAS LT;RODOVIARIO;1472563;04/03/2026;1;330766;04/03/2026;CAOA MOTOR DO BRASIL LTDA(RAP. TAVARES);1,68E+13;SAO PAULO;SP;04/03/2026;06/03/2026;05/03/2026;Entregue No Prazo;;Entrega realizada;Entrega Finalizada;6;3;4;3;RISSO;26109;Revolução Pernambucana de 1817;Estadual;PE
MOBIS BRASIL FABRICACAO DE AUTO PECAS LT;RODOVIARIO;1472562;04/03/2026;4;330767;04/03/2026;CHS MOTORS VEICULOS PECAS E SERV. LTDA;1,69E+13;OSASCO;SP;04/03/2026;06/03/2026;05/03/2026;Entregue No Prazo;;Entrega realizada;Entrega Finalizada;6;3;4;3;RISSO;26106;Revolução Pernambucana de 1817;Estadual;PE
MOBIS BRASIL FABRICACAO DE AUTO PECAS LT;RODOVIARIO;1472541;04/03/2026;4;330768;04/03/2026;CHS MOTORS VEICULOS PECAS E SERV LTDA  ;1,69E+13;SAO PAULO;SP;04/03/2026;06/03/2026;05/03/2026;Entregue No Prazo;;Entrega realizada;Entrega Finalizada;6;3;4;3;RISSO;26037;Revolução Pernambucana de 1817;Estadual;PE
MOBIS BRASIL FABRICACAO DE AUTO PECAS LT;RODOVIARIO;1472891;04/03/2026;2;330769;04/03/2026;CHS MOTORS VEICULOS PECAS(VL. GUILHERME);1,69E+13;SAO PAULO;SP;04/03/2026;06/03/2026;05/03/2026;Entregue No Prazo;;Entrega realizada;Entrega Finalizada;6;3;4;3;RISSO;26052;Revolução Pernambucana de 1817;Estadual;PE
MOBIS BRASIL FABRICACAO DE AUTO PECAS LT;RODOVIARIO;1472890;04/03/2026;1;330769;04/03/2026;CHS MOTORS VEICULOS PECAS(VL. GUILHERME);1,69E+13;SAO PAULO;SP;04/03/2026;06/03/2026;05/03/2026;Entregue No Prazo;;Entrega realizada;Entrega Finalizada;6;3;4;3;RISSO;26052;Revolução Pernambucana de 1817;Estadual;PE
MOBIS BRASIL FABRICACAO DE AUTO PECAS LT;RODOVIARIO;1472540;04/03/2026;5;330773;04/03/2026;GRAND SPORT COM. DE VEIC. E PECAS LTDA;8,58E+12;SAO PAULO;SP;04/03/2026;06/03/2026;05/03/2026;Entregue No Prazo;;Entrega realizada;Entrega Finalizada;6;3;4;3;RISSO;26034;Revolução Pernambucana de 1817;Estadual;PE
MOBIS BRASIL FABRICACAO DE AUTO PECAS LT;RODOVIARIO;1472557;04/03/2026;10;330775;04/03/2026;GRANDAY AUTOMOTORES LTDA (CHAC. CALIFOR);1,57E+13;SAO PAULO;SP;04/03/2026;06/03/2026;05/03/2026;Entregue No Prazo;;Entrega realizada;Entrega Finalizada;6;3;4;3;RISSO;26090;Revolução Pernambucana de 1817;Estadual;PE
MOBIS BRASIL FABRICACAO DE AUTO PECAS LT;RODOVIARIO;1472558;04/03/2026;8;330775;04/03/2026;GRANDAY AUTOMOTORES LTDA (CHAC. CALIFOR);1,57E+13;SAO PAULO;SP;04/03/2026;06/03/2026;05/03/2026;Entregue No Prazo;;Entrega realizada;Entrega Finalizada;6;3;4;3;RISSO;26090;Revolução Pernambucana de 1817;Estadual;PE
MOBIS BRASIL FABRICACAO DE AUTO PECAS LT;RODOVIARIO;1472888;04/03/2026;4;330754;04/03/2026;ANDRETA II DISTRIB.DE VEICULOS LTDA.;9,10E+12;JUNDIAI;SP;04/03/2026;09/03/2026;05/03/2026;Entregue No Prazo;;Entrega realizada;Entrega Finalizada;9;3;4;3;RISSO;26040;;;
MOBIS BRASIL FABRICACAO DE AUTO PECAS LT;RODOVIARIO;1472556;04/03/2026;2;330759;04/03/2026;CAOA MOTOR DO BRASIL LTDA;1,68E+13;SANTOS;SP;04/03/2026;09/03/2026;05/03/2026;Entregue No Prazo;;Entrega realizada;Entrega Finalizada;9;3;4;3;RISSO;5008;;;
MOBIS BRASIL FABRICACAO DE AUTO PECAS LT;RODOVIARIO;1472548;04/03/2026;4;330762;04/03/2026;CAOA MOTOR DO BRASIL LTDA;1,68E+13;CAMPINAS;SP;04/03/2026;09/03/2026;05/03/2026;Entregue No Prazo;;Entrega realizada;Entrega Finalizada;9;3;4;3;RISSO;5008;;;
MOBIS BRASIL FABRICACAO DE AUTO PECAS LT;RODOVIARIO;1472549;04/03/2026;2;330763;04/03/2026;CAOA MOTOR DO BRASIL LTDA;1,68E+13;SAO JOSE DOS CAMPOS;SP;04/03/2026;09/03/2026;05/03/2026;Entregue No Prazo;;Entrega realizada;Entrega Finalizada;9;3;4;3;RISSO;5008;;;
MOBIS BRASIL FABRICACAO DE AUTO PECAS LT;RODOVIARIO;1472535;04/03/2026;1;330771;04/03/2026;DHC COMERCIO DE VEICULOS E PECAS LTDA;9,52E+12;BAURU;SP;04/03/2026;09/03/2026;05/03/2026;Entregue No Prazo;;Entrega realizada;Entrega Finalizada;9;3;4;3;RISSO;26010;;;
MOBIS BRASIL FABRICACAO DE AUTO PECAS LT;RODOVIARIO;1472536;04/03/2026;1;330771;04/03/2026;DHC COMERCIO DE VEICULOS E PECAS LTDA;9,52E+12;BAURU;SP;04/03/2026;09/03/2026;05/03/2026;Entregue No Prazo;;Entrega realizada;Entrega Finalizada;9;3;4;3;RISSO;26010;;;
MOBIS BRASIL FABRICACAO DE AUTO PECAS LT;RODOVIARIO;1472555;04/03/2026;2;330760;04/03/2026;CAOA MOTOR DO BRASIL LTDA;1,68E+13;PRAIA GRANDE;SP;04/03/2026;10/03/2026;05/03/2026;Entregue No Prazo;;Entrega realizada;Entrega Finalizada;10;3;4;3;RISSO;5008;;;
MOBIS BRASIL FABRICACAO DE AUTO PECAS LT;RODOVIARIO;1472554;04/03/2026;1;330772;04/03/2026;DHC COMERCIO DE VEICULOS E PECAS LTDA;9,52E+12;BOTUCATU;SP;04/03/2026;10/03/2026;05/03/2026;Entregue No Prazo;;Entrega realizada;Entrega Finalizada;10;3;4;3;RISSO;26010;;;
MOBIS BRASIL FABRICACAO DE AUTO PECAS LT;RODOVIARIO;1472559;04/03/2026;1;330778;04/03/2026;H - CAMINHO AUTOMOVEIS LTDA;2,53E+13;PIRACICABA;SP;04/03/2026;10/03/2026;05/03/2026;Entregue No Prazo;;Entrega realizada;Entrega Finalizada;10;3;4;3;RISSO;26092;;;
MOBIS BRASIL FABRICACAO DE AUTO PECAS LT;RODOVIARIO;1465045;18/02/2026;1;328561;18/02/2026;JPN PATOS COMERCIO DE VEICULOS LTDA;4,20E+13;PATOS;PB;18/02/2026;06/03/2026;06/03/2026;Entregue No Prazo;;Entrega realizada;Entrega Finalizada;6;3;18;2;TERMACO;15004;Revolução Pernambucana de 1817;Estadual;PE
MOBIS BRASIL FABRICACAO DE AUTO PECAS LT;RODOVIARIO;1466886;23/02/2026;1;329204;23/02/2026;SAINT LAND COMERCIO DE VEICULOS LTDA;1,04E+13;JUAZEIRO DO NORTE;CE;23/02/2026;11/03/2026;06/03/2026;Entregue No Prazo;;Entrega realizada;Entrega Finalizada;11;3;23;2;TERMACO;6010;;;
MOBIS BRASIL FABRICACAO DE AUTO PECAS LT;RODOVIARIO;1467664;24/02/2026;5;329442;24/02/2026;LR COMERCIO DE VEICULOS LTDA;1,05E+13;SAO JOSE;SC;24/02/2026;03/03/2026;06/03/2026;Entregue Fora do Prazo;;Entrega realizada;Entrega Finalizada;3;3;24;2;TRANSTRY;24007;;;
MOBIS BRASIL FABRICACAO DE AUTO PECAS LT;RODOVIARIO;1467595;24/02/2026;3;329477;24/02/2026;SAINT LAND COMERCIO DE VEICULOS LTDA;1,04E+13;JUAZEIRO DO NORTE;CE;24/02/2026;12/03/2026;06/03/2026;Entregue No Prazo;;Entrega realizada;Entrega Finalizada;12;3;24;2;TERMACO;6010;;;
MOBIS BRASIL FABRICACAO DE AUTO PECAS LT;RODOVIARIO;1467588;24/02/2026;2;329482;24/02/2026;ULSAN COMERCIO DE VEICULOS LTDA;2,10E+13;RIO BRANCO;AC;24/02/2026;13/03/2026;06/03/2026;Entregue No Prazo;;Entrega realizada;Entrega Finalizada;13;3;24;2;CARVALIMA;21004;Batalha do Jenipapo;Estadual;PI
MOBIS BRASIL FABRICACAO DE AUTO PECAS LT;RODOVIARIO;1468355;25/02/2026;17;329650;25/02/2026;SMAFF IMPORT VEICULOS LTDA;8,18E+12;BRASILIA;DF;25/02/2026;05/03/2026;06/03/2026;Entregue Fora do Prazo;;Entrega realizada;Entrega Finalizada;5;3;25;2;RIO VERMELHO;7002;;;
MOBIS BRASIL FABRICACAO DE AUTO PECAS LT;RODOVIARIO;1468364;25/02/2026;2;329654;25/02/2026;TRIAUTO KOREA AUTOMOVEIS LTDA;4,99E+13;CATALAO;GO;25/02/2026;11/03/2026;06/03/2026;Entregue No Prazo;;Entrega realizada;Entrega Finalizada;11;3;25;2;RIO VERMELHO;9018;;;
MOBIS BRASIL FABRICACAO DE AUTO PECAS LT;RODOVIARIO;1468388;25/02/2026;1;329713;25/02/2026;PATEO COMERCIO DE VEICULOS S A;7,78E+12;JOAO PESSOA;PB;25/02/2026;12/03/2026;06/03/2026;Entregue No Prazo;;Entrega realizada;Entrega Finalizada;12;3;25;2;TERMACO;15003;;;
MOBIS BRASIL FABRICACAO DE AUTO PECAS LT;RODOVIARIO;1468416;25/02/2026;5;329720;25/02/2026;SAINT LAND COMERCIO DE VEICULOS LTDA;1,04E+13;NATAL;RN;25/02/2026;12/03/2026;06/03/2026;Entregue No Prazo;;Entrega realizada;Entrega Finalizada;12;3;25;2;TERMACO;6010;;;
MOBIS BRASIL FABRICACAO DE AUTO PECAS LT;RODOVIARIO;1468415;25/02/2026;4;329720;25/02/2026;SAINT LAND COMERCIO DE VEICULOS LTDA;1,04E+13;NATAL;RN;25/02/2026;12/03/2026;06/03/2026;Entregue No Prazo;;Entrega realizada;Entrega Finalizada;12;3;25;2;TERMACO;6010;;;
MOBIS BRASIL FABRICACAO DE AUTO PECAS LT;RODOVIARIO;1468785;25/02/2026;2;329702;25/02/2026;GREEN CITY VEICULOS LTDA;2,10E+13;TERESINA;PI;25/02/2026;13/03/2026;06/03/2026;Entregue No Prazo;;Entrega realizada;Entrega Finalizada;13;3;25;2;TERMACO;17002;Batalha do Jenipapo;Estadual;PI
MOBIS BRASIL FABRICACAO DE AUTO PECAS LT;RODOVIARIO;1468413;25/02/2026;1;329709;25/02/2026;ORIENTE AUTOMOVEIS LTDA;1,33E+13;PARNAMIRIM;RN;25/02/2026;13/03/2026;06/03/2026;Entregue No Prazo;;Entrega realizada;Entrega Finalizada;13;3;25;2;TERMACO;20001;Batalha do Jenipapo;Estadual;PI
MOBIS BRASIL FABRICACAO DE AUTO PECAS LT;RODOVIARIO;1468354;25/02/2026;1;329721;25/02/2026;SAINT LAND COMERCIO DE VEICULOS LTDA;1,04E+13;JUAZEIRO DO NORTE;CE;25/02/2026;13/03/2026;06/03/2026;Entregue No Prazo;;Entrega realizada;Entrega Finalizada;13;3;25;2;TERMACO;6010;Batalha do Jenipapo;Estadual;PI
MOBIS BRASIL FABRICACAO DE AUTO PECAS LT;RODOVIARIO;1468788;25/02/2026;5;329717;25/02/2026;SAGA ASIA COM. DE VEIC.PC.E SERV. LTDA;2,14E+13;PORTO VELHO;RO;25/02/2026;06/03/2026;06/03/2026;Entregue No Prazo;;Entrega realizada;Entrega Finalizada;6;3;25;2;CARVALIMA;21003;Revolução Pernambucana de 1817;Estadual;PE
MOBIS BRASIL FABRICACAO DE AUTO PECAS LT;RODOVIARIO;1469432;26/02/2026;5;329904;26/02/2026;VIA BRASIL AUTOMOVEIS LTDA.;4,72E+12;SERRA;ES;26/02/2026;05/03/2026;06/03/2026;Entregue No Prazo;;Entrega realizada;Entrega Finalizada;5;3;26;2;CAMILO;8001;;;
MOBIS BRASIL FABRICACAO DE AUTO PECAS LT;RODOVIARIO;1469431;26/02/2026;4;329867;26/02/2026;SMAFF IMPORT VEICULOS LTDA;8,18E+12;BRASILIA;DF;26/02/2026;06/03/2026;06/03/2026;Entregue No Prazo;;Entrega realizada;Entrega Finalizada;6;3;26;2;RIO VERMELHO;7002;Revolução Pernambucana de 1817;Estadual;PE
MOBIS BRASIL FABRICACAO DE AUTO PECAS LT;RODOVIARIO;1469433;26/02/2026;1;329894;26/02/2026;PRIME CACHOEIRO VEICULOS LTDA;9,34E+12;LINHARES;ES;26/02/2026;06/03/2026;06/03/2026;Entregue No Prazo;Comprovante retido;Entrega realizada;Entrega Finalizada;6;3;26;2;CAMILO;8004;Revolução Pernambucana de 1817;Estadual;PE
MOBIS BRASIL FABRICACAO DE AUTO PECAS LT;RODOVIARIO;1469428;26/02/2026;7;329876;26/02/2026;CYCOSA AUTOMOVEIS LTDA;4,76E+12;MACEIO;AL;26/02/2026;12/03/2026;06/03/2026;Entregue No Prazo;;Entrega realizada;Entrega Finalizada;12;3;26;2;TERMACO;2001;;;
MOBIS BRASIL FABRICACAO DE AUTO PECAS LT;RODOVIARIO;1469561;26/02/2026;1;329878;26/02/2026;FAZZA MOTORS COMERCIO DE VEICULOS LTDA;1,24E+13;FORTALEZA;CE;26/02/2026;12/03/2026;06/03/2026;Entregue No Prazo;;Entrega realizada;Entrega Finalizada;12;3;26;2;TERMACO;5007;;;
MOBIS BRASIL FABRICACAO DE AUTO PECAS LT;RODOVIARIO;1469447;26/02/2026;41;329893;26/02/2026;PATEO COMERCIO DE VEICULOS S A;7,78E+12;JOAO PESSOA;PB;26/02/2026;13/03/2026;06/03/2026;Entregue No Prazo;;Entrega realizada;Entrega Finalizada;13;3;26;2;TERMACO;15003;Batalha do Jenipapo;Estadual;PI
MOBIS BRASIL FABRICACAO DE AUTO PECAS LT;RODOVIARIO;1469437;26/02/2026;1;329888;26/02/2026;NACIONAL NOVA MARABA DIST DE VEIC. LTDA;1,70E+13;IMPERATRIZ;MA;26/02/2026;18/03/2026;06/03/2026;Entregue No Prazo;;Entrega realizada;Entrega Finalizada;18;3;26;2;TERMACO;10003;;;
MOBIS BRASIL FABRICACAO DE AUTO PECAS LT;AEREO;1468885;;;330041;26/02/2026;PATEO COMERCIO DE VEICULOS S A;7,78E+12;MANAUS;AM;;06/03/2026;06/03/2026;Entregue No Prazo;;Entrega realizada;Entrega Finalizada;6;3;0;1;GOL;5003;Revolução Pernambucana de 1817;Estadual;PE
MOBIS BRASIL FABRICACAO DE AUTO PECAS LT;AEREO;1468888;;;330042;26/02/2026;POLE POSITION TECNOLOGIA LTDA;3,45E+13;MANAUS;AM;;06/03/2026;06/03/2026;Entregue No Prazo;;Entrega realizada;Entrega Finalizada;6;3;0;1;GOL;3001;Revolução Pernambucana de 1817;Estadual;PE
MOBIS BRASIL FABRICACAO DE AUTO PECAS LT;RODOVIARIO;1470436;27/02/2026;134;330114;27/02/2026;BDG AUTOVILLE VEICULOS LTDA;4,77E+13;CONTAGEM;MG;27/02/2026;04/03/2026;06/03/2026;Entregue Fora do Prazo;;Entrega realizada;Entrega Finalizada;4;3;27;2;XD BETIM;11037;;;
MOBIS BRASIL FABRICACAO DE AUTO PECAS LT;RODOVIARIO;1470283;27/02/2026;1;330114;27/02/2026;BDG AUTOVILLE VEICULOS LTDA;4,77E+13;CONTAGEM;MG;27/02/2026;04/03/2026;06/03/2026;Entregue Fora do Prazo;;Entrega realizada;Entrega Finalizada;4;3;27;2;XD BETIM;11037;;;
MOBIS BRASIL FABRICACAO DE AUTO PECAS LT;RODOVIARIO;1470272;27/02/2026;5;330195;27/02/2026;VIA BRASIL AUTOMOVEIS LTDA.;4,72E+12;SERRA;ES;27/02/2026;06/03/2026;06/03/2026;Entregue No Prazo;;Entrega realizada;Entrega Finalizada;6;3;27;2;CAMILO;8001;Revolução Pernambucana de 1817;Estadual;PE
MOBIS BRASIL FABRICACAO DE AUTO PECAS LT;RODOVIARIO;1470284;27/02/2026;2;330167;27/02/2026;GOLDEN MOTORS VEICULOS LTDA;3,62E+12;DOURADOS;MS;27/02/2026;09/03/2026;06/03/2026;Entregue No Prazo;;Entrega realizada;Entrega Finalizada;9;3;27;2;CARVALIMA;12001;;;
MOBIS BRASIL FABRICACAO DE AUTO PECAS LT;RODOVIARIO;1470288;27/02/2026;3;330168;27/02/2026;GRANDE COREIA COMERCIO DE VEICULOS LTDA;2,66E+13;BELEM;PA;27/02/2026;12/03/2026;06/03/2026;Entregue No Prazo;;Entrega realizada;Entrega Finalizada;12;3;27;2;CARVALIMA;14007;;;
MOBIS BRASIL FABRICACAO DE AUTO PECAS LT;RODOVIARIO;1470877;28/02/2026;2;330356;28/02/2026;SAGA KOREA COM. DE VEIC. E PC. LTDA;1,27E+13;BRASILIA;DF;28/02/2026;10/03/2026;06/03/2026;Entregue No Prazo;;Entrega realizada;Entrega Finalizada;10;3;28;2;RIO VERMELHO;7004;;;
MOBIS BRASIL FABRICACAO DE AUTO PECAS LT;RODOVIARIO;1470880;28/02/2026;2;330357;28/02/2026;SAGA KOREA COM. DE VEIC. E PC. LTDA;1,27E+13;GOIANIA;GO;28/02/2026;10/03/2026;06/03/2026;Entregue No Prazo;;Entrega realizada;Entrega Finalizada;10;3;28;2;RIO VERMELHO;9011;;;
MOBIS BRASIL FABRICACAO DE AUTO PECAS LT;RODOVIARIO;1470881;28/02/2026;1;330357;28/02/2026;SAGA KOREA COM. DE VEIC. E PC. LTDA;1,27E+13;GOIANIA;GO;28/02/2026;10/03/2026;06/03/2026;Entregue No Prazo;;Entrega realizada;Entrega Finalizada;10;3;28;2;RIO VERMELHO;9011;;;
MOBIS BRASIL FABRICACAO DE AUTO PECAS LT;RODOVIARIO;1470876;28/02/2026;3;330358;28/02/2026;SMAFF IMPORT VEICULOS LTDA;8,18E+12;BRASILIA;DF;28/02/2026;10/03/2026;06/03/2026;Entregue No Prazo;;Entrega realizada;Entrega Finalizada;10;3;28;2;RIO VERMELHO;7002;;;
MOBIS BRASIL FABRICACAO DE AUTO PECAS LT;RODOVIARIO;1470914;28/02/2026;1;330382;28/02/2026;NAZARETH VEICULOS LTDA;9,30E+12;IJUI;RS;28/02/2026;10/03/2026;06/03/2026;Entregue No Prazo;;Entrega realizada;Entrega Finalizada;10;3;28;2;TRANSTRY;23021;;;
MOBIS BRASIL FABRICACAO DE AUTO PECAS LT;RODOVIARIO;1470894;28/02/2026;3;330432;02/03/2026;ULSAN COMERCIO DE VEICULOS LTDA.;2,10E+13;CAMPO GRANDE;MS;02/03/2026;10/03/2026;06/03/2026;Entregue No Prazo;;Entrega realizada;Entrega Finalizada;10;3;2;3;CARVALIMA;12004;;;
MOBIS BRASIL FABRICACAO DE AUTO PECAS LT;RODOVIARIO;1470892;28/02/2026;2;330421;02/03/2026;GOLDEN MOTORS VEICULOS LTDA;3,62E+12;DOURADOS;MS;02/03/2026;10/03/2026;06/03/2026;Entregue No Prazo;;Entrega realizada;Entrega Finalizada;10;3;2;3;CARVALIMA;12001;;;
MOBIS BRASIL FABRICACAO DE AUTO PECAS LT;RODOVIARIO;1471395;28/02/2026;62;330408;02/03/2026;NEW VEICULOS E PECAS LTDA;1,59E+13;RIBEIRAO PRETO;SP;02/03/2026;05/03/2026;06/03/2026;Entregue No Prazo;;Entrega realizada;Entrega Finalizada;5;3;2;3;RISSO;26014;;;
MOBIS BRASIL FABRICACAO DE AUTO PECAS LT;RODOVIARIO;1471394;28/02/2026;50;330408;02/03/2026;NEW VEICULOS E PECAS LTDA;1,59E+13;RIBEIRAO PRETO;SP;02/03/2026;05/03/2026;06/03/2026;Entregue No Prazo;;Entrega realizada;Entrega Finalizada;5;3;2;3;RISSO;26014;;;
MOBIS BRASIL FABRICACAO DE AUTO PECAS LT;RODOVIARIO;1470933;28/02/2026;3;330399;02/03/2026;DESTAQUE SEUL DISTR DE VEIC PEC LTDA;2,12E+13;CARAGUATATUBA;SP;02/03/2026;06/03/2026;06/03/2026;Entregue No Prazo;Recusa;09/03 Recusa;Entrega Finalizada;6;3;2;3;RISSO;26082;Revolução Pernambucana de 1817;Estadual;PE
MOBIS BRASIL FABRICACAO DE AUTO PECAS LT;RODOVIARIO;1471393;28/02/2026;18;330408;02/03/2026;NEW VEICULOS E PECAS LTDA;1,59E+13;RIBEIRAO PRETO;SP;02/03/2026;05/03/2026;06/03/2026;Entregue No Prazo;Falta de 01 volume;Entrega realizada;Entrega Finalizada;5;3;2;3;RISSO;26014;;;
MOBIS BRASIL FABRICACAO DE AUTO PECAS LT;RODOVIARIO;1471396;28/02/2026;35;330408;02/03/2026;NEW VEICULOS E PECAS LTDA;1,59E+13;RIBEIRAO PRETO;SP;02/03/2026;05/03/2026;06/03/2026;Entregue No Prazo;Comprovante retido;Entrega realizada;Entrega Finalizada;5;3;2;3;RISSO;26014;;;
MOBIS BRASIL FABRICACAO DE AUTO PECAS LT;RODOVIARIO;1471972;03/03/2026;1;330542;03/03/2026;ANDRETA II DISTRIBUIDORA DE VEIC. LTDA;9,10E+12;AMERICANA;SP;03/03/2026;06/03/2026;06/03/2026;Entregue No Prazo;;Entrega realizada;Entrega Finalizada;6;3;3;3;RISSO;26011;Revolução Pernambucana de 1817;Estadual;PE
MOBIS BRASIL FABRICACAO DE AUTO PECAS LT;RODOVIARIO;1472275;03/03/2026;99;330560;03/03/2026;NEW VEICULOS E PECAS LTDA;1,59E+13;RIBEIRAO PRETO;SP;03/03/2026;06/03/2026;06/03/2026;Entregue No Prazo;Falta parcial;Entrega realizada;Entrega Finalizada;6;3;3;3;RISSO;26014;Revolução Pernambucana de 1817;Estadual;PE
MOBIS BRASIL FABRICACAO DE AUTO PECAS LT;RODOVIARIO;1472221;03/03/2026;130;330560;03/03/2026;NEW VEICULOS E PECAS LTDA;1,59E+13;RIBEIRAO PRETO;SP;03/03/2026;06/03/2026;06/03/2026;Entregue No Prazo;Comprovante retido;Entrega realizada;Entrega Finalizada;6;3;3;3;RISSO;26014;Revolução Pernambucana de 1817;Estadual;PE
MOBIS BRASIL FABRICACAO DE AUTO PECAS LT;RODOVIARIO;1471952;03/03/2026;9;330621;03/03/2026;CARWAY SUL VEICULOS LTDA;1,03E+13;CANOAS;RS;03/03/2026;09/03/2026;06/03/2026;Entregue No Prazo;;Entrega realizada;Entrega Finalizada;9;3;3;3;TRANSTRY;23003;;;
MOBIS BRASIL FABRICACAO DE AUTO PECAS LT;RODOVIARIO;1471951;03/03/2026;2;330629;03/03/2026;HOUSE PARTS-COM. DE PCS. E VEICULOS LTDA;1,15E+13;PORTO ALEGRE;RS;03/03/2026;09/03/2026;06/03/2026;Entregue No Prazo;;Entrega realizada;Entrega Finalizada;9;3;3;3;TRANSTRY;23004;;;
MOBIS BRASIL FABRICACAO DE AUTO PECAS LT;RODOVIARIO;1472215;03/03/2026;67;330630;03/03/2026;LOVAT VEICULOS S/A;8,57E+12;LONDRINA;PR;03/03/2026;09/03/2026;06/03/2026;Entregue No Prazo;;Entrega realizada;Entrega Finalizada;9;3;3;3;TRANSTRY;18008;;;
MOBIS BRASIL FABRICACAO DE AUTO PECAS LT;RODOVIARIO;1472216;03/03/2026;8;330615;03/03/2026;BARI VEICULOS LTDA;7,46E+12;BLUMENAU;SC;03/03/2026;10/03/2026;06/03/2026;Entregue No Prazo;;Entrega realizada;Entrega Finalizada;10;3;3;3;TRANSTRY;18024;;;
MOBIS BRASIL FABRICACAO DE AUTO PECAS LT;RODOVIARIO;1472229;03/03/2026;1;330626;03/03/2026;GAMBATTO H1 VEICULOS LTDA;1,94E+13;PASSO FUNDO;RS;03/03/2026;10/03/2026;06/03/2026;Entregue No Prazo;;Entrega realizada;Entrega Finalizada;10;3;3;3;TRANSTRY;23015;;;
MOBIS BRASIL FABRICACAO DE AUTO PECAS LT;RODOVIARIO;1471959;03/03/2026;12;330632;03/03/2026;LR COMERCIO DE VEICULOS LTDA;1,05E+13;SAO JOSE;SC;03/03/2026;10/03/2026;06/03/2026;Entregue No Prazo;;Entrega realizada;Entrega Finalizada;10;3;3;3;TRANSTRY;24007;;;
MOBIS BRASIL FABRICACAO DE AUTO PECAS LT;RODOVIARIO;1471928;03/03/2026;4;330590;03/03/2026;GOLDEN MOTORS VEICULOS LTDA;3,62E+12;DOURADOS;MS;03/03/2026;11/03/2026;06/03/2026;Entregue No Prazo;;Entrega realizada;Entrega Finalizada;11;3;3;3;CARVALIMA;12001;;;
MOBIS BRASIL FABRICACAO DE AUTO PECAS LT;RODOVIARIO;1471960;03/03/2026;2;330622;03/03/2026;CHINHAN AUTOMOVEIS LTDA;2,41E+13;CONCORDIA;SC;03/03/2026;11/03/2026;06/03/2026;Entregue No Prazo;;Entrega realizada;Entrega Finalizada;11;3;3;3;TRANSTRY;23019;;;
MOBIS BRASIL FABRICACAO DE AUTO PECAS LT;RODOVIARIO;1472230;03/03/2026;8;330623;03/03/2026;CHINHAN AUTOMOVEIS LTDA;2,41E+13;ERECHIM;RS;03/03/2026;11/03/2026;06/03/2026;Entregue No Prazo;;Entrega realizada;Entrega Finalizada;11;3;3;3;TRANSTRY;23019;;;
MOBIS BRASIL FABRICACAO DE AUTO PECAS LT;RODOVIARIO;1471954;03/03/2026;2;330627;03/03/2026;HOUSE PARTS - COM. DE PECAS E VEIC. LTDA;1,15E+13;SANTA CRUZ DO SUL;RS;03/03/2026;11/03/2026;06/03/2026;Entregue No Prazo;;Entrega realizada;Entrega Finalizada;11;3;3;3;TRANSTRY;23017;;;
MOBIS BRASIL FABRICACAO DE AUTO PECAS LT;RODOVIARIO;1471953;03/03/2026;18;330628;03/03/2026;HOUSE PARTS - COM. DE PECAS E VEIC. LTDA;1,15E+13;SANTA MARIA;RS;03/03/2026;11/03/2026;06/03/2026;Entregue No Prazo;;Entrega realizada;Entrega Finalizada;11;3;3;3;TRANSTRY;23008;;;
MOBIS BRASIL FABRICACAO DE AUTO PECAS LT;RODOVIARIO;1472883;04/03/2026;2;330758;04/03/2026;BILLY DISTRIBUIDORA DE VEICULOS LTDA;1,34E+13;BARUERI;SP;04/03/2026;06/03/2026;06/03/2026;Entregue No Prazo;;Entrega realizada;Entrega Finalizada;6;3;4;3;RISSO;26003;Revolução Pernambucana de 1817;Estadual;PE
MOBIS BRASIL FABRICACAO DE AUTO PECAS LT;RODOVIARIO;1472545;04/03/2026;1;330765;04/03/2026;CAOA MOTOR DO BRASIL LTDA (VL PRUDENTE);1,68E+13;SAO PAULO;SP;04/03/2026;06/03/2026;06/03/2026;Entregue No Prazo;;Entrega realizada;Entrega Finalizada;6;3;4;3;RISSO;26051;Revolução Pernambucana de 1817;Estadual;PE
MOBIS BRASIL FABRICACAO DE AUTO PECAS LT;RODOVIARIO;1472534;04/03/2026;1;330774;04/03/2026;GRAND SPORT COM. DE VEIC. E PECAS LTDA;8,58E+12;GUARULHOS;SP;04/03/2026;06/03/2026;06/03/2026;Entregue No Prazo;;Entrega realizada;Entrega Finalizada;6;3;4;3;RISSO;26005;Revolução Pernambucana de 1817;Estadual;PE
MOBIS BRASIL FABRICACAO DE AUTO PECAS LT;RODOVIARIO;1472537;04/03/2026;11;330755;04/03/2026;ANDRETA II DISTRIBUIDORA DE VEIC. LTDA;9,10E+12;CAMPINAS;SP;04/03/2026;09/03/2026;06/03/2026;Entregue No Prazo;;Entrega realizada;Entrega Finalizada;9;3;4;3;RISSO;26011;;;
MOBIS BRASIL FABRICACAO DE AUTO PECAS LT;RODOVIARIO;1472552;04/03/2026;7;330770;04/03/2026;DESTAQUE SEUL DISTR. DE VEIC. E PC. LTDA;2,12E+13;ATIBAIA;SP;04/03/2026;09/03/2026;06/03/2026;Entregue No Prazo;;Entrega realizada;Entrega Finalizada;9;3;4;3;RISSO;26075;;;
MOBIS BRASIL FABRICACAO DE AUTO PECAS LT;RODOVIARIO;1472560;04/03/2026;2;330777;04/03/2026;H - CAMINHO AUTOMOVEIS LTDA;2,53E+13;LIMEIRA;SP;04/03/2026;09/03/2026;06/03/2026;Entregue No Prazo;;Entrega realizada;Entrega Finalizada;9;3;4;3;RISSO;26092;;;
MOBIS BRASIL FABRICACAO DE AUTO PECAS LT;RODOVIARIO;1472538;04/03/2026;3;330781;04/03/2026;MOTONET COMERCIO DE VEICULOS LTDA;9,28E+12;SOROCABA;SP;04/03/2026;09/03/2026;06/03/2026;Entregue No Prazo;;Entrega realizada;Entrega Finalizada;9;3;4;3;RISSO;26113;;;
MOBIS BRASIL FABRICACAO DE AUTO PECAS LT;RODOVIARIO;1472882;04/03/2026;96;330783;04/03/2026;NEW VEICULOS E PECAS LTDA;1,59E+13;RIBEIRAO PRETO;SP;04/03/2026;09/03/2026;06/03/2026;Entregue No Prazo;;Entrega realizada;Entrega Finalizada;9;3;4;3;RISSO;26014;;;
MOBIS BRASIL FABRICACAO DE AUTO PECAS LT;RODOVIARIO;1472878;04/03/2026;10;330843;04/03/2026;BARI VEICULOS LTDA;7,46E+12;CURITIBA;PR;04/03/2026;09/03/2026;06/03/2026;Entregue No Prazo;;Entrega realizada;Entrega Finalizada;9;3;4;3;TRANSTRY;18024;;;
MOBIS BRASIL FABRICACAO DE AUTO PECAS LT;RODOVIARIO;1472510;04/03/2026;1;330848;04/03/2026;BARI VEICULOS LTDA.;7,46E+12;CURITIBA;PR;04/03/2026;09/03/2026;06/03/2026;Entregue No Prazo;;Entrega realizada;Entrega Finalizada;9;3;4;3;TRANSTRY;18029;;;
MOBIS BRASIL FABRICACAO DE AUTO PECAS LT;RODOVIARIO;1472561;04/03/2026;1;330776;04/03/2026;H - CAMINHO AUTOMOVEIS LTDA;2,53E+13;CATANDUVA;SP;04/03/2026;10/03/2026;06/03/2026;Entregue No Prazo;;Entrega realizada;Entrega Finalizada;10;3;4;3;RISSO;26092;;;
MOBIS BRASIL FABRICACAO DE AUTO PECAS LT;RODOVIARIO;1472886;04/03/2026;2;330780;04/03/2026;HYMAX DISTRIBUIDORA DE VEICULOS LTDA;1,73E+13;MOGI GUACU;SP;04/03/2026;10/03/2026;06/03/2026;Entregue No Prazo;;Entrega realizada;Entrega Finalizada;10;3;4;3;RISSO;26002;;;
MOBIS BRASIL FABRICACAO DE AUTO PECAS LT;RODOVIARIO;1472887;04/03/2026;2;330780;04/03/2026;HYMAX DISTRIBUIDORA DE VEICULOS LTDA;1,73E+13;MOGI GUACU;SP;04/03/2026;10/03/2026;06/03/2026;Entregue No Prazo;;Entrega realizada;Entrega Finalizada;10;3;4;3;RISSO;26002;;;
MOBIS BRASIL FABRICACAO DE AUTO PECAS LT;RODOVIARIO;1472550;04/03/2026;1;330785;04/03/2026;NEW VEICULOS E PECAS LTDA.;1,59E+13;ARARAQUARA;SP;04/03/2026;10/03/2026;06/03/2026;Entregue No Prazo;;Entrega realizada;Entrega Finalizada;10;3;4;3;RISSO;26071;;;
MOBIS BRASIL FABRICACAO DE AUTO PECAS LT;RODOVIARIO;1472508;04/03/2026;6;330844;04/03/2026;BARI VEICULOS LTDA;7,46E+12;PONTA GROSSA;PR;04/03/2026;10/03/2026;06/03/2026;Entregue No Prazo;;Entrega realizada;Entrega Finalizada;10;3;4;3;TRANSTRY;18024;;;
MOBIS BRASIL FABRICACAO DE AUTO PECAS LT;RODOVIARIO;1472527;04/03/2026;1;330847;04/03/2026;BARI VEICULOS LTDA.;7,46E+12;JOINVILLE;SC;04/03/2026;10/03/2026;06/03/2026;Entregue No Prazo;;Entrega realizada;Entrega Finalizada;10;3;4;3;TRANSTRY;24013;;;
MOBIS BRASIL FABRICACAO DE AUTO PECAS LT;RODOVIARIO;1472875;04/03/2026;18;330857;04/03/2026;LOVAT VEICULOS S/A;8,57E+12;LONDRINA;PR;04/03/2026;10/03/2026;06/03/2026;Entregue No Prazo;;Entrega realizada;Entrega Finalizada;10;3;4;3;TRANSTRY;18008;;;
MOBIS BRASIL FABRICACAO DE AUTO PECAS LT;RODOVIARIO;1473548;05/03/2026;2;330923;05/03/2026;BILLY DISTRIBUIDORA DE VEICULOS LTDA;1,34E+13;SAO CAETANO DO SUL;SP;05/03/2026;09/03/2026;06/03/2026;Entregue No Prazo;;Entrega realizada;Entrega Finalizada;9;3;5;3;RISSO;26003;;;
MOBIS BRASIL FABRICACAO DE AUTO PECAS LT;RODOVIARIO;1473495;05/03/2026;27;330923;05/03/2026;BILLY DISTRIBUIDORA DE VEICULOS LTDA;1,34E+13;SAO CAETANO DO SUL;SP;05/03/2026;09/03/2026;06/03/2026;Entregue No Prazo;;Entrega realizada;Entrega Finalizada;9;3;5;3;RISSO;26003;;;
MOBIS BRASIL FABRICACAO DE AUTO PECAS LT;RODOVIARIO;1473485;05/03/2026;1;330924;05/03/2026;BILLY DISTRIBUIDORA DE VEICULOS LTDA;1,34E+13;SAO PAULO;SP;05/03/2026;09/03/2026;06/03/2026;Entregue No Prazo;;Entrega realizada;Entrega Finalizada;9;3;5;3;RISSO;26003;;;
MOBIS BRASIL FABRICACAO DE AUTO PECAS LT;RODOVIARIO;1473473;05/03/2026;1;330925;05/03/2026;BILLY DISTRIBUIDORA DE VEICULOS LTDA;1,34E+13;BARUERI;SP;05/03/2026;09/03/2026;06/03/2026;Entregue No Prazo;;Entrega realizada;Entrega Finalizada;9;3;5;3;RISSO;26003;;;
MOBIS BRASIL FABRICACAO DE AUTO PECAS LT;RODOVIARIO;1473481;05/03/2026;1;330927;05/03/2026;CAOA MOTOR DO BRASIL LTDA (VL PRUDENTE);1,68E+13;SAO PAULO;SP;05/03/2026;09/03/2026;06/03/2026;Entregue No Prazo;;Entrega realizada;Entrega Finalizada;9;3;5;3;RISSO;26051;;;
MOBIS BRASIL FABRICACAO DE AUTO PECAS LT;RODOVIARIO;1473477;05/03/2026;1;330928;05/03/2026;CHS MOTORS VEICULOS PECAS E SERV LTDA  ;1,69E+13;SAO PAULO;SP;05/03/2026;09/03/2026;06/03/2026;Entregue No Prazo;;Entrega realizada;Entrega Finalizada;9;3;5;3;RISSO;26037;;;
MOBIS BRASIL FABRICACAO DE AUTO PECAS LT;RODOVIARIO;1473494;05/03/2026;17;330929;05/03/2026;CHS MOTORS VEICULOS PECAS(VL. GUILHERME);1,69E+13;SAO PAULO;SP;05/03/2026;09/03/2026;06/03/2026;Entregue No Prazo;;Entrega realizada;Entrega Finalizada;9;3;5;3;RISSO;26052;;;
MOBIS BRASIL FABRICACAO DE AUTO PECAS LT;RODOVIARIO;1473486;05/03/2026;9;330933;05/03/2026;GRANDAY AUTOMOTORES LTDA (CHAC. CALIFOR);1,57E+13;SAO PAULO;SP;05/03/2026;09/03/2026;06/03/2026;Entregue No Prazo;;Entrega realizada;Entrega Finalizada;9;3;5;3;RISSO;26090;;;
MOBIS BRASIL FABRICACAO DE AUTO PECAS LT;RODOVIARIO;1473476;05/03/2026;14;330922;05/03/2026;ANDRETA II DISTRIBUIDORA DE VEIC. LTDA;9,10E+12;CAMPINAS;SP;05/03/2026;10/03/2026;06/03/2026;Entregue No Prazo;;Entrega realizada;Entrega Finalizada;10;3;5;3;RISSO;26011;;;
MOBIS BRASIL FABRICACAO DE AUTO PECAS LT;RODOVIARIO;1473483;05/03/2026;2;330926;05/03/2026;CAOA MOTOR DO BRASIL LTDA;1,68E+13;CAMPINAS;SP;05/03/2026;10/03/2026;06/03/2026;Entregue No Prazo;;Entrega realizada;Entrega Finalizada;10;3;5;3;RISSO;5008;;;
MOBIS BRASIL FABRICACAO DE AUTO PECAS LT;RODOVIARIO;1473475;05/03/2026;1;330931;05/03/2026;DHC COMERCIO DE VEICULOS E PECAS LTDA;9,52E+12;BAURU;SP;05/03/2026;10/03/2026;06/03/2026;Entregue No Prazo;;Entrega realizada;Entrega Finalizada;10;3;5;3;RISSO;26010;;;
MOBIS BRASIL FABRICACAO DE AUTO PECAS LT;RODOVIARIO;1473487;05/03/2026;2;330934;05/03/2026;H - CAMINHO AUTOMOVEIS LTDA;2,53E+13;PIRACICABA;SP;05/03/2026;11/03/2026;06/03/2026;Entregue No Prazo;;Entrega realizada;Entrega Finalizada;11;3;5;3;RISSO;26092;;;
MOBIS BRASIL FABRICACAO DE AUTO PECAS LT;RODOVIARIO;1473524;05/03/2026;3;330937;05/03/2026;HYMAX DISTRIBUIDORA DE VEICULOS LTDA;1,73E+13;MOGI GUACU;SP;05/03/2026;11/03/2026;06/03/2026;Entregue No Prazo;;Entrega realizada;Entrega Finalizada;11;3;5;3;RISSO;26002;;;
MOBIS BRASIL FABRICACAO DE AUTO PECAS LT;RODOVIARIO;1469446;26/02/2026;1;329885;26/02/2026;MISO VEICULOS LTDA;1,85E+13;SANTAREM;PA;26/02/2026;12/03/2026;07/03/2026;Entregue No Prazo;;Entrega realizada;Entrega Finalizada;12;3;26;2;CARVALIMA;4001;;;
MOBIS BRASIL FABRICACAO DE AUTO PECAS LT;RODOVIARIO;1470909;28/02/2026;1;330416;02/03/2026;COMETA JI PARANA COM. DE VEIC. LTDA;4,23E+12;JIPARANA;RO;02/03/2026;19/03/2026;07/03/2026;Entregue No Prazo;;Entrega realizada;Entrega Finalizada;19;3;2;3;CARVALIMA;21002;;;
MOBIS BRASIL FABRICACAO DE AUTO PECAS LT;RODOVIARIO;1472222;03/03/2026;1;330587;03/03/2026;COMETA MATO GROSSO COM. DE VEICULOS LTDA;1,54E+13;SINOP;MT;03/03/2026;13/03/2026;07/03/2026;Entregue No Prazo;;Entrega realizada;Entrega Finalizada;13;3;3;3;CARVALIMA;13003;Batalha do Jenipapo;Estadual;PI
MOBIS BRASIL FABRICACAO DE AUTO PECAS LT;RODOVIARIO;1472497;04/03/2026;1;330820;04/03/2026;GOLDEN MOTORS VEICULOS LTDA;3,62E+12;TRES LAGOAS;MS;04/03/2026;12/03/2026;07/03/2026;Entregue No Prazo;;Entrega realizada;Entrega Finalizada;12;3;4;3;CARVALIMA;12001;;;
MOBIS BRASIL FABRICACAO DE AUTO PECAS LT;RODOVIARIO;1461430;09/02/2026;1;327615;09/02/2026;PATEO COMERCIO DE VEICULOS S A;7,78E+12;MANAUS;AM;09/02/2026;05/03/2026;09/03/2026;Entregue No Prazo;;Entrega realizada;Entrega Finalizada;5;3;9;2;NORTEX;3002;;;
MOBIS BRASIL FABRICACAO DE AUTO PECAS LT;RODOVIARIO;1461429;09/02/2026;4;327617;09/02/2026;POLE POSITION TECNOLOGIA LTDA;3,45E+13;MANAUS;AM;09/02/2026;05/03/2026;09/03/2026;Entregue No Prazo;;Entrega realizada;Entrega Finalizada;5;3;9;2;NORTEX;3001;;;
MOBIS BRASIL FABRICACAO DE AUTO PECAS LT;RODOVIARIO;1466260;20/02/2026;2;328987;20/02/2026;JPN PATOS COMERCIO DE VEICULOS LTDA;4,20E+13;PATOS;PB;20/02/2026;10/03/2026;09/03/2026;Entregue No Prazo;;Entrega realizada;Entrega Finalizada;10;3;20;2;TERMACO;15004;;;
MOBIS BRASIL FABRICACAO DE AUTO PECAS LT;RODOVIARIO;1466884;23/02/2026;3;329194;23/02/2026;MASTER COMERCIAL DE VEICULOS LTDA;2,85E+13;BARREIRAS;BA;23/02/2026;10/03/2026;09/03/2026;Entregue No Prazo;;Entrega realizada;Entrega Finalizada;10;3;23;2;TERMACO;5012;;;
MOBIS BRASIL FABRICACAO DE AUTO PECAS LT;RODOVIARIO;1467641;24/02/2026;1;329428;24/02/2026;BARI VEICULOS LTDA;7,46E+12;PONTA GROSSA;PR;24/02/2026;02/03/2026;09/03/2026;Entregue Fora do Prazo;;Entrega realizada;Entrega Finalizada;2;3;24;2;TRANSTRY;18024;;;
MOBIS BRASIL FABRICACAO DE AUTO PECAS LT;RODOVIARIO;1467601;24/02/2026;9;329472;24/02/2026;PRIME CACHOEIRO VEICULOS LTDA;9,34E+12;LINHARES;ES;24/02/2026;04/03/2026;09/03/2026;Entregue Fora do Prazo;;Entrega realizada;Entrega Finalizada;4;3;24;2;CAMILO;8004;;;
MOBIS BRASIL FABRICACAO DE AUTO PECAS LT;RODOVIARIO;1467594;24/02/2026;1;329464;24/02/2026;MASTER COMERCIAL DE VEICULOS LTDA;2,85E+13;BARREIRAS;BA;24/02/2026;11/03/2026;09/03/2026;Entregue No Prazo;;Entrega realizada;Entrega Finalizada;11;3;24;2;TERMACO;5012;;;
MOBIS BRASIL FABRICACAO DE AUTO PECAS LT;RODOVIARIO;1468020;24/02/2026;1;329471;24/02/2026;PATEO COMERCIO DE VEICULOS S A;7,78E+12;JOAO PESSOA;PB;24/02/2026;11/03/2026;09/03/2026;Entregue No Prazo;;Entrega realizada;Entrega Finalizada;11;3;24;2;TERMACO;15003;;;
MOBIS BRASIL FABRICACAO DE AUTO PECAS LT;RODOVIARIO;1467634;24/02/2026;1;329446;24/02/2026;AUTORAC VEICULOS LTDA;1,06E+13;PETROLINA;PE;24/02/2026;12/03/2026;09/03/2026;Entregue No Prazo;;Entrega realizada;Entrega Finalizada;12;3;24;2;TERMACO;16001;;;
MOBIS BRASIL FABRICACAO DE AUTO PECAS LT;RODOVIARIO;1468432;25/02/2026;1;329719;25/02/2026;SAINT LAND COMERCIO DE VEICULOS LTDA;1,04E+13;ARACAJU;SE;25/02/2026;10/03/2026;09/03/2026;Entregue No Prazo;;Entrega realizada;Entrega Finalizada;10;3;25;2;TERMACO;6010;;;
MOBIS BRASIL FABRICACAO DE AUTO PECAS LT;RODOVIARIO;1468392;25/02/2026;3;329689;25/02/2026;AUTORAC VEICULOS LTDA;1,06E+13;PETROLINA;PE;25/02/2026;13/03/2026;09/03/2026;Entregue No Prazo;;Entrega realizada;Entrega Finalizada;13;3;25;2;TERMACO;16001;Batalha do Jenipapo;Estadual;PI
MOBIS BRASIL FABRICACAO DE AUTO PECAS LT;RODOVIARIO;1469429;26/02/2026;3;329872;26/02/2026;AIKON VEICULOS LTDA;1,17E+13;VITORIA DA CONQUISTA;BA;26/02/2026;13/03/2026;09/03/2026;Entregue No Prazo;;Entrega realizada;Entrega Finalizada;13;3;26;2;TERMACO;5002;Batalha do Jenipapo;Estadual;PI
MOBIS BRASIL FABRICACAO DE AUTO PECAS LT;RODOVIARIO;1469563;26/02/2026;1;329890;26/02/2026;PATEO COMERCIO DE VEICULOS S A;7,78E+12;SAO LUIS;MA;26/02/2026;13/03/2026;09/03/2026;Entregue No Prazo;;Entrega realizada;Entrega Finalizada;13;3;26;2;TERMACO;10002;Batalha do Jenipapo;Estadual;PI
MOBIS BRASIL FABRICACAO DE AUTO PECAS LT;RODOVIARIO;1469453;26/02/2026;2;329879;26/02/2026;GREEN CITY VEICULOS LTDA;2,10E+13;TERESINA;PI;26/02/2026;16/03/2026;09/03/2026;Entregue No Prazo;;Entrega realizada;Entrega Finalizada;16;3;26;2;TERMACO;17002;;;
MOBIS BRASIL FABRICACAO DE AUTO PECAS LT;RODOVIARIO;1469568;26/02/2026;1;329880;26/02/2026;GREEN CITY VEICULOS LTDA;2,10E+13;TERESINA;PI;26/02/2026;16/03/2026;09/03/2026;Entregue No Prazo;;Entrega realizada;Entrega Finalizada;16;3;26;2;TERMACO;17002;;;
MOBIS BRASIL FABRICACAO DE AUTO PECAS LT;RODOVIARIO;1470340;27/02/2026;1;330187;27/02/2026;SAINT LAND COMERCIO DE VEICULOS LTDA;1,04E+13;ARACAJU;SE;27/02/2026;12/03/2026;09/03/2026;Entregue No Prazo;;Entrega realizada;Entrega Finalizada;12;3;27;2;TERMACO;6010;;;
MOBIS BRASIL FABRICACAO DE AUTO PECAS LT;RODOVIARIO;1470265;27/02/2026;3;330155;27/02/2026;AIKON VEICULOS LTDA;1,17E+13;VITORIA DA CONQUISTA;BA;27/02/2026;16/03/2026;09/03/2026;Entregue No Prazo;;Entrega realizada;Entrega Finalizada;16;3;27;2;TERMACO;5002;;;
MOBIS BRASIL FABRICACAO DE AUTO PECAS LT;RODOVIARIO;1470431;27/02/2026;11;330181;27/02/2026;PATEO COMERCIO DE VEICULOS S A;7,78E+12;FEIRA DE SANTANA;BA;27/02/2026;16/03/2026;09/03/2026;Entregue No Prazo;;Entrega realizada;Entrega Finalizada;16;3;27;2;TERMACO;5009;;;
MOBIS BRASIL FABRICACAO DE AUTO PECAS LT;RODOVIARIO;1470295;27/02/2026;1;330170;27/02/2026;GREEN CITY VEICULOS LTDA;2,10E+13;TERESINA;PI;27/02/2026;17/03/2026;09/03/2026;Entregue No Prazo;;Entrega realizada;Entrega Finalizada;17;3;27;2;TERMACO;17002;;;
MOBIS BRASIL FABRICACAO DE AUTO PECAS LT;RODOVIARIO;1470882;28/02/2026;1;330363;28/02/2026;URCA MOTORS VEICULOS LTDA;8,77E+12;RIO VERDE;GO;28/02/2026;12/03/2026;09/03/2026;Entregue No Prazo;;Entrega realizada;Entrega Finalizada;12;3;28;2;RIO VERMELHO;9014;;;
MOBIS BRASIL FABRICACAO DE AUTO PECAS LT;AEREO;1469726;;;330345;28/02/2026;GRANDE COREIA COMERCIO DE VEICULOS LTDA;2,66E+13;BELEM;PA;;09/03/2026;09/03/2026;Entregue No Prazo;;Entrega realizada;Entrega Finalizada;9;3;0;1;GOL;14007;;;
MOBIS BRASIL FABRICACAO DE AUTO PECAS LT;AEREO;1469632;;;330348;28/02/2026;UNIQUE COMERCIO DE AUTOMOVEIS LTDA;1,74E+13;ANANINDEUA;PA;;09/03/2026;09/03/2026;Entregue No Prazo;;Entrega realizada;Entrega Finalizada;9;3;0;1;GOL;14003;;;
MOBIS BRASIL FABRICACAO DE AUTO PECAS LT;AEREO;1469633;;;330348;28/02/2026;UNIQUE COMERCIO DE AUTOMOVEIS LTDA;1,74E+13;ANANINDEUA;PA;;09/03/2026;09/03/2026;Entregue No Prazo;;Entrega realizada;Entrega Finalizada;9;3;0;1;GOL;14003;;;
MOBIS BRASIL FABRICACAO DE AUTO PECAS LT;AEREO;1469729;;;330348;28/02/2026;UNIQUE COMERCIO DE AUTOMOVEIS LTDA;1,74E+13;ANANINDEUA;PA;;09/03/2026;09/03/2026;Entregue No Prazo;;Entrega realizada;Entrega Finalizada;9;3;0;1;GOL;14003;;;
MOBIS BRASIL FABRICACAO DE AUTO PECAS LT;RODOVIARIO;1470896;28/02/2026;2;330414;02/03/2026;CAOA MOTOR DO BRASIL LTDA;1,68E+13;BELEM;PA;02/03/2026;13/03/2026;09/03/2026;Entregue No Prazo;;Entrega realizada;Entrega Finalizada;13;3;2;3;CARVALIMA;5008;Batalha do Jenipapo;Estadual;PI
MOBIS BRASIL FABRICACAO DE AUTO PECAS LT;RODOVIARIO;1470879;28/02/2026;4;330431;02/03/2026;TAI MOTORS VEICULOS S/A;9,27E+12;VITORIA;ES;02/03/2026;09/03/2026;09/03/2026;Entregue No Prazo;;Entrega realizada;Entrega Finalizada;9;3;2;3;CAMILO;8002;;;
MOBIS BRASIL FABRICACAO DE AUTO PECAS LT;RODOVIARIO;1471943;03/03/2026;1;330579;03/03/2026;AMX COM. E SERVICOS DE AUTOMOTORES LTDA;1,20E+13;RIO DE JANEIRO;RJ;03/03/2026;09/03/2026;09/03/2026;Entregue No Prazo;;Entrega realizada;Entrega Finalizada;9;3;3;3;CAMILO;19009;;;
MOBIS BRASIL FABRICACAO DE AUTO PECAS LT;RODOVIARIO;1471947;03/03/2026;2;330582;03/03/2026;CAOA MOTOR DO BRASIL LTDA;1,68E+13;RIO DE JANEIRO;RJ;03/03/2026;09/03/2026;09/03/2026;Entregue No Prazo;;Entrega realizada;Entrega Finalizada;9;3;3;3;CAMILO;5008;;;
MOBIS BRASIL FABRICACAO DE AUTO PECAS LT;RODOVIARIO;1471945;03/03/2026;2;330584;03/03/2026;CAOA MOTOR DO BRASIL LTDA;1,68E+13;RIO DE JANEIRO;RJ;03/03/2026;09/03/2026;09/03/2026;Entregue No Prazo;;Entrega realizada;Entrega Finalizada;9;3;3;3;CAMILO;5008;;;
MOBIS BRASIL FABRICACAO DE AUTO PECAS LT;RODOVIARIO;1471942;03/03/2026;4;330636;03/03/2026;VETOR AUTOMOVEIS LTDA;2,12E+13;UMUARAMA;PR;03/03/2026;09/03/2026;09/03/2026;Entregue No Prazo;;Entrega realizada;Entrega Finalizada;9;3;3;3;TRANSTRY;18019;;;
MOBIS BRASIL FABRICACAO DE AUTO PECAS LT;RODOVIARIO;1471956;03/03/2026;2;330612;03/03/2026;ATUAL VEICULOS LTDA;1,33E+13;CRICIUMA;SC;03/03/2026;10/03/2026;09/03/2026;Entregue No Prazo;;Entrega realizada;Entrega Finalizada;10;3;3;3;TRANSTRY;24001;;;
MOBIS BRASIL FABRICACAO DE AUTO PECAS LT;RODOVIARIO;1471955;03/03/2026;6;330613;03/03/2026;ATUAL VEICULOS LTDA;1,33E+13;ARARANGUA;SC;03/03/2026;10/03/2026;09/03/2026;Entregue No Prazo;;Entrega realizada;Entrega Finalizada;10;3;3;3;TRANSTRY;24001;;;
MOBIS BRASIL FABRICACAO DE AUTO PECAS LT;RODOVIARIO;1471957;03/03/2026;2;330614;03/03/2026;ATUAL VEICULOS LTDA;1,33E+13;TUBARAO;SC;03/03/2026;10/03/2026;09/03/2026;Entregue No Prazo;;Entrega realizada;Entrega Finalizada;10;3;3;3;TRANSTRY;24001;;;
MOBIS BRASIL FABRICACAO DE AUTO PECAS LT;RODOVIARIO;1471958;03/03/2026;2;330614;03/03/2026;ATUAL VEICULOS LTDA;1,33E+13;TUBARAO;SC;03/03/2026;10/03/2026;09/03/2026;Entregue No Prazo;;Entrega realizada;Entrega Finalizada;10;3;3;3;TRANSTRY;24001;;;
MOBIS BRASIL FABRICACAO DE AUTO PECAS LT;RODOVIARIO;1472228;03/03/2026;5;330625;03/03/2026;GALA COMERCIO DE VEICULOS LTDA.;1,77E+13;PELOTAS;RS;03/03/2026;10/03/2026;09/03/2026;Entregue No Prazo;;Entrega realizada;Entrega Finalizada;10;3;3;3;TRANSTRY;23009;;;
MOBIS BRASIL FABRICACAO DE AUTO PECAS LT;RODOVIARIO;1471963;03/03/2026;3;330633;03/03/2026;LR COMERCIO DE VEICULOS LTDA;1,05E+13;RIO DO SUL;SC;03/03/2026;10/03/2026;09/03/2026;Entregue No Prazo;;Entrega realizada;Entrega Finalizada;10;3;3;3;TRANSTRY;24007;;;
MOBIS BRASIL FABRICACAO DE AUTO PECAS LT;RODOVIARIO;1471920;03/03/2026;2;330571;03/03/2026;SAGA KOREA COM. DE VEIC. E PC. LTDA;1,27E+13;GOIANIA;GO;03/03/2026;11/03/2026;09/03/2026;Entregue No Prazo;;Entrega realizada;Entrega Finalizada;11;3;3;3;RIO VERMELHO;9011;;;
MOBIS BRASIL FABRICACAO DE AUTO PECAS LT;RODOVIARIO;1472212;03/03/2026;16;330604;03/03/2026;SAGA ASIA COM. DE VEIC.PC.E SERV. LTDA;2,23E+13;VARZEA GRANDE;MT;03/03/2026;12/03/2026;09/03/2026;Entregue No Prazo;;Entrega realizada;Entrega Finalizada;12;3;3;3;CARVALIMA;13004;;;
MOBIS BRASIL FABRICACAO DE AUTO PECAS LT;RODOVIARIO;1471962;03/03/2026;1;330624;03/03/2026;CHINHAN AUTOMOVEIS LTDA.;2,41E+13;CACADOR;SC;03/03/2026;12/03/2026;09/03/2026;Entregue No Prazo;;Entrega realizada;Entrega Finalizada;12;3;3;3;TRANSTRY;24020;;;
MOBIS BRASIL FABRICACAO DE AUTO PECAS LT;RODOVIARIO;1471961;03/03/2026;1;330624;03/03/2026;CHINHAN AUTOMOVEIS LTDA.;2,41E+13;CACADOR;SC;03/03/2026;12/03/2026;09/03/2026;Entregue No Prazo;;Entrega realizada;Entrega Finalizada;12;3;3;3;TRANSTRY;24020;;;
MOBIS BRASIL FABRICACAO DE AUTO PECAS LT;RODOVIARIO;1472213;03/03/2026;2;330595;03/03/2026;NACIONAL NOVA MARABA DIST DE VEIC. LTDA;1,70E+13;MARABA;PA;03/03/2026;17/03/2026;09/03/2026;Entregue No Prazo;;Entrega realizada;Entrega Finalizada;17;3;3;3;CARVALIMA;14005;;;
MOBIS BRASIL FABRICACAO DE AUTO PECAS LT;RODOVIARIO;1472543;04/03/2026;1;330779;04/03/2026;H R B COMERCIO DE VEICULOS LTDA;1,82E+13;SAO JOSE DO RIO PRETO;SP;04/03/2026;10/03/2026;09/03/2026;Entregue No Prazo;;Entrega realizada;Entrega Finalizada;10;3;4;3;RISSO;26050;;;
MOBIS BRASIL FABRICACAO DE AUTO PECAS LT;RODOVIARIO;1472544;04/03/2026;15;330779;04/03/2026;H R B COMERCIO DE VEICULOS LTDA;1,82E+13;SAO JOSE DO RIO PRETO;SP;04/03/2026;10/03/2026;09/03/2026;Entregue No Prazo;;Entrega realizada;Entrega Finalizada;10;3;4;3;RISSO;26050;;;
MOBIS BRASIL FABRICACAO DE AUTO PECAS LT;RODOVIARIO;1472542;04/03/2026;7;330784;04/03/2026;NEW VEICULOS E PECAS LTDA;1,59E+13;FRANCA;SP;04/03/2026;10/03/2026;09/03/2026;Entregue No Prazo;;Entrega realizada;Entrega Finalizada;10;3;4;3;RISSO;26014;;;
MOBIS BRASIL FABRICACAO DE AUTO PECAS LT;RODOVIARIO;1472546;04/03/2026;1;330786;04/03/2026;NOBRE DISTRIBUIDORA DE VEIC. E PEC. LTDA;5,76E+12;APARECIDA;SP;04/03/2026;10/03/2026;09/03/2026;Entregue No Prazo;;Entrega realizada;Entrega Finalizada;10;3;4;3;RISSO;26053;;;
MOBIS BRASIL FABRICACAO DE AUTO PECAS LT;RODOVIARIO;1472528;04/03/2026;1;330846;04/03/2026;BARI VEICULOS LTDA.;7,46E+12;ITAJAI;SC;04/03/2026;10/03/2026;09/03/2026;Entregue No Prazo;;Entrega realizada;Entrega Finalizada;10;3;4;3;TRANSTRY;24014;;;
MOBIS BRASIL FABRICACAO DE AUTO PECAS LT;RODOVIARIO;1472518;04/03/2026;2;330855;04/03/2026;HOUSE PARTS-COM. DE PCS. E VEICULOS LTDA;1,15E+13;PORTO ALEGRE;RS;04/03/2026;10/03/2026;09/03/2026;Entregue No Prazo;;Entrega realizada;Entrega Finalizada;10;3;4;3;TRANSTRY;23004;;;
MOBIS BRASIL FABRICACAO DE AUTO PECAS LT;RODOVIARIO;1472523;04/03/2026;4;330840;04/03/2026;ATUAL VEICULOS LTDA;1,33E+13;ARARANGUA;SC;04/03/2026;11/03/2026;09/03/2026;Entregue No Prazo;;Entrega realizada;Entrega Finalizada;11;3;4;3;TRANSTRY;24001;;;
MOBIS BRASIL FABRICACAO DE AUTO PECAS LT;RODOVIARIO;1472524;04/03/2026;2;330841;04/03/2026;ATUAL VEICULOS LTDA;1,33E+13;CRICIUMA;SC;04/03/2026;11/03/2026;09/03/2026;Entregue No Prazo;;Entrega realizada;Entrega Finalizada;11;3;4;3;TRANSTRY;24001;;;
MOBIS BRASIL FABRICACAO DE AUTO PECAS LT;RODOVIARIO;1472525;04/03/2026;3;330842;04/03/2026;ATUAL VEICULOS LTDA;1,33E+13;TUBARAO;SC;04/03/2026;11/03/2026;09/03/2026;Entregue No Prazo;;Entrega realizada;Entrega Finalizada;11;3;4;3;TRANSTRY;24001;;;
MOBIS BRASIL FABRICACAO DE AUTO PECAS LT;RODOVIARIO;1472881;04/03/2026;22;330845;04/03/2026;BARI VEICULOS LTDA;7,46E+12;BLUMENAU;SC;04/03/2026;11/03/2026;09/03/2026;Entregue No Prazo;;Entrega realizada;Entrega Finalizada;11;3;4;3;TRANSTRY;18024;;;
MOBIS BRASIL FABRICACAO DE AUTO PECAS LT;RODOVIARIO;1472880;04/03/2026;1;330852;04/03/2026;GALA COMERCIO DE VEICULOS LTDA.;1,77E+13;PELOTAS;RS;04/03/2026;11/03/2026;09/03/2026;Entregue No Prazo;;Entrega realizada;Entrega Finalizada;11;3;4;3;TRANSTRY;23009;;;
MOBIS BRASIL FABRICACAO DE AUTO PECAS LT;RODOVIARIO;1472526;04/03/2026;3;330858;04/03/2026;LR COMERCIO DE VEICULOS LTDA;1,05E+13;SAO JOSE;SC;04/03/2026;11/03/2026;09/03/2026;Entregue No Prazo;;Entrega realizada;Entrega Finalizada;11;3;4;3;TRANSTRY;24007;;;
MOBIS BRASIL FABRICACAO DE AUTO PECAS LT;RODOVIARIO;1472531;04/03/2026;2;330859;04/03/2026;LR COMERCIO DE VEICULOS LTDA;1,05E+13;RIO DO SUL;SC;04/03/2026;11/03/2026;09/03/2026;Entregue No Prazo;;Entrega realizada;Entrega Finalizada;11;3;4;3;TRANSTRY;24007;;;
MOBIS BRASIL FABRICACAO DE AUTO PECAS LT;RODOVIARIO;1472507;04/03/2026;2;330861;04/03/2026;SANTA FE COMERCIO DE VEICULOS S A.;1,16E+13;PATO BRANCO;PR;04/03/2026;11/03/2026;09/03/2026;Entregue No Prazo;;Entrega realizada;Entrega Finalizada;11;3;4;3;TRANSTRY;18014;;;
MOBIS BRASIL FABRICACAO DE AUTO PECAS LT;RODOVIARIO;1472496;04/03/2026;2;330819;04/03/2026;GOLDEN MOTORS VEICULOS LTDA;3,62E+12;DOURADOS;MS;04/03/2026;12/03/2026;09/03/2026;Entregue No Prazo;;Entrega realizada;Entrega Finalizada;12;3;4;3;CARVALIMA;12001;;;
MOBIS BRASIL FABRICACAO DE AUTO PECAS LT;RODOVIARIO;1472522;04/03/2026;1;330850;04/03/2026;CHINHAN AUTOMOVEIS LTDA;2,41E+13;ERECHIM;RS;04/03/2026;12/03/2026;09/03/2026;Entregue No Prazo;;Entrega realizada;Entrega Finalizada;12;3;4;3;TRANSTRY;23019;;;
MOBIS BRASIL FABRICACAO DE AUTO PECAS LT;RODOVIARIO;1472530;04/03/2026;3;330851;04/03/2026;CHINHAN AUTOMOVEIS LTDA.;2,41E+13;CACADOR;SC;04/03/2026;13/03/2026;09/03/2026;Entregue No Prazo;Falta Parcial;Entrega realizada;Entrega Finalizada;13;3;4;3;TRANSTRY;24020;Batalha do Jenipapo;Estadual;PI
MOBIS BRASIL FABRICACAO DE AUTO PECAS LT;RODOVIARIO;1473508;05/03/2026;1;330920;05/03/2026;ANDRETA II DISTRIB.DE VEICULOS LTDA.;9,10E+12;JUNDIAI;SP;05/03/2026;10/03/2026;09/03/2026;Entregue No Prazo;;Entrega realizada;Entrega Finalizada;10;3;5;3;RISSO;26040;;;
MOBIS BRASIL FABRICACAO DE AUTO PECAS LT;RODOVIARIO;1473484;05/03/2026;8;330930;05/03/2026;DESTAQUE SEUL DISTR. DE VEIC. E PC. LTDA;2,12E+13;ATIBAIA;SP;05/03/2026;10/03/2026;09/03/2026;Entregue No Prazo;;Entrega realizada;Entrega Finalizada;10;3;5;3;RISSO;26075;;;
MOBIS BRASIL FABRICACAO DE AUTO PECAS LT;RODOVIARIO;1473452;05/03/2026;1;330957;05/03/2026;BARI VEICULOS LTDA;7,46E+12;CURITIBA;PR;05/03/2026;10/03/2026;09/03/2026;Entregue No Prazo;;Entrega realizada;Entrega Finalizada;10;3;5;3;TRANSTRY;18024;;;
MOBIS BRASIL FABRICACAO DE AUTO PECAS LT;RODOVIARIO;1473482;05/03/2026;1;330932;05/03/2026;GOLDEN MOTORS VEICULOS LTDA;3,62E+12;ARACATUBA;SP;05/03/2026;11/03/2026;09/03/2026;Entregue No Prazo;;Entrega realizada;Entrega Finalizada;11;3;5;3;RISSO;12001;;;
MOBIS BRASIL FABRICACAO DE AUTO PECAS LT;RODOVIARIO;1473480;05/03/2026;4;330936;05/03/2026;H R B COMERCIO DE VEICULOS LTDA;1,82E+13;SAO JOSE DO RIO PRETO;SP;05/03/2026;11/03/2026;09/03/2026;Entregue No Prazo;;Entrega realizada;Entrega Finalizada;11;3;5;3;RISSO;26050;;;
MOBIS BRASIL FABRICACAO DE AUTO PECAS LT;RODOVIARIO;1473479;05/03/2026;1;330939;05/03/2026;NEW VEICULOS E PECAS LTDA;1,59E+13;FRANCA;SP;05/03/2026;11/03/2026;09/03/2026;Entregue No Prazo;;Entrega realizada;Entrega Finalizada;11;3;5;3;RISSO;26014;;;
MOBIS BRASIL FABRICACAO DE AUTO PECAS LT;RODOVIARIO;1473451;05/03/2026;3;330959;05/03/2026;BARI VEICULOS LTDA;7,46E+12;PONTA GROSSA;PR;05/03/2026;11/03/2026;09/03/2026;Entregue No Prazo;;Entrega realizada;Entrega Finalizada;11;3;5;3;TRANSTRY;18024;;;
MOBIS BRASIL FABRICACAO DE AUTO PECAS LT;RODOVIARIO;1473916;06/03/2026;1;331082;06/03/2026;GRAND SPORT COM. DE VEIC. E PECAS LTDA;8,58E+12;SAO PAULO;SP;06/03/2026;10/03/2026;09/03/2026;Entregue No Prazo;;Entrega realizada;Entrega Finalizada;10;3;6;3;RISSO;26034;;;
MOBIS BRASIL FABRICACAO DE AUTO PECAS LT;RODOVIARIO;1473921;06/03/2026;3;331073;06/03/2026;CAOA MOTOR DO BRASIL LTDA (VL PRUDENTE);1,68E+13;SAO PAULO;SP;06/03/2026;10/03/2026;09/03/2026;Entregue No Prazo;;Entrega realizada;Entrega Finalizada;10;3;6;3;RISSO;26051;;;
MOBIS BRASIL FABRICACAO DE AUTO PECAS LT;RODOVIARIO;1473924;06/03/2026;6;331069;06/03/2026;CAOA MOTOR DO BRASIL LTDA;1,68E+13;CAMPINAS;SP;06/03/2026;11/03/2026;09/03/2026;Entregue No Prazo;;Entrega realizada;Entrega Finalizada;11;3;6;3;RISSO;5008;;;
MOBIS BRASIL FABRICACAO DE AUTO PECAS LT;RODOVIARIO;1473928;06/03/2026;1;331066;06/03/2026;BILLY DISTRIBUIDORA DE VEICULOS LTDA;1,34E+13;SAO PAULO;SP;06/03/2026;10/03/2026;09/03/2026;Entregue No Prazo;;Entrega realizada;Entrega Finalizada;10;3;6;3;RISSO;26003;;;
MOBIS BRASIL FABRICACAO DE AUTO PECAS LT;RODOVIARIO;1473930;06/03/2026;2;331070;06/03/2026;CAOA MOTOR DO BRASIL LTDA;1,68E+13;SANTOS;SP;06/03/2026;11/03/2026;09/03/2026;Entregue No Prazo;;Entrega realizada;Entrega Finalizada;11;3;6;3;RISSO;5008;;;
MOBIS BRASIL FABRICACAO DE AUTO PECAS LT;RODOVIARIO;1473931;06/03/2026;18;331083;06/03/2026;GRANDAY AUTOMOTORES LTDA (CHAC. CALIFOR);1,57E+13;SAO PAULO;SP;06/03/2026;10/03/2026;09/03/2026;Entregue No Prazo;;Entrega realizada;Entrega Finalizada;10;3;6;3;RISSO;26090;;;
MOBIS BRASIL FABRICACAO DE AUTO PECAS LT;RODOVIARIO;1473933;06/03/2026;3;331084;06/03/2026;H - CAMINHO AUTOMOVEIS LTDA;2,53E+13;PIRACICABA;SP;06/03/2026;12/03/2026;09/03/2026;Entregue No Prazo;;Entrega realizada;Entrega Finalizada;12;3;6;3;RISSO;26092;;;
MOBIS BRASIL FABRICACAO DE AUTO PECAS LT;RODOVIARIO;1473934;06/03/2026;4;331084;06/03/2026;H - CAMINHO AUTOMOVEIS LTDA;2,53E+13;PIRACICABA;SP;06/03/2026;12/03/2026;09/03/2026;Entregue No Prazo;;Entrega realizada;Entrega Finalizada;12;3;6;3;RISSO;26092;;;
MOBIS BRASIL FABRICACAO DE AUTO PECAS LT;RODOVIARIO;1474299;06/03/2026;2;331072;06/03/2026;CAOA MOTOR DO BRASIL LTDA (IPIRANGA);1,68E+13;SAO PAULO;SP;06/03/2026;10/03/2026;09/03/2026;Entregue No Prazo;;Entrega realizada;Entrega Finalizada;10;3;6;3;RISSO;26054;;;
MOBIS BRASIL FABRICACAO DE AUTO PECAS LT;RODOVIARIO;1474300;06/03/2026;9;331078;06/03/2026;DHC COMERCIO DE VEICULOS E PECAS LTDA;9,52E+12;JAU;SP;06/03/2026;12/03/2026;09/03/2026;Entregue No Prazo;;Entrega realizada;Entrega Finalizada;12;3;6;3;RISSO;26010;;;
MOBIS BRASIL FABRICACAO DE AUTO PECAS LT;RODOVIARIO;1466912;23/02/2026;1;329192;23/02/2026;JPN PATOS COMERCIO DE VEICULOS LTDA;4,20E+13;PATOS;PB;23/02/2026;11/03/2026;10/03/2026;Entregue No Prazo;;Entrega realizada;Entrega Finalizada;11;3;23;2;TERMACO;15004;;;
MOBIS BRASIL FABRICACAO DE AUTO PECAS LT;RODOVIARIO;1468389;25/02/2026;1;329688;25/02/2026;AUTORAC VEICULOS LTDA;1,06E+13;CARUARU;PE;25/02/2026;13/03/2026;10/03/2026;Entregue No Prazo;;Entrega realizada;Entrega Finalizada;13;3;25;2;TERMACO;16001;Batalha do Jenipapo;Estadual;PI
MOBIS BRASIL FABRICACAO DE AUTO PECAS LT;RODOVIARIO;1468414;25/02/2026;3;329718;25/02/2026;SAINT LAND COM DE VEICULOS S A;1,04E+13;MOSSORO;RN;25/02/2026;13/03/2026;10/03/2026;Entregue No Prazo;;Entrega realizada;Entrega Finalizada;13;3;25;2;TERMACO;20002;Batalha do Jenipapo;Estadual;PI
MOBIS BRASIL FABRICACAO DE AUTO PECAS LT;RODOVIARIO;1469450;26/02/2026;1;329892;26/02/2026;PATEO COMERCIO DE VEICULOS S A;7,78E+12;RECIFE;PE;26/02/2026;13/03/2026;10/03/2026;Entregue No Prazo;;Entrega realizada;Entrega Finalizada;13;3;26;2;TERMACO;16004;Batalha do Jenipapo;Estadual;PI
MOBIS BRASIL FABRICACAO DE AUTO PECAS LT;RODOVIARIO;1469449;26/02/2026;1;329874;26/02/2026;AUTORAC VEICULOS LTDA;1,06E+13;CARUARU;PE;26/02/2026;16/03/2026;10/03/2026;Entregue No Prazo;;Entrega realizada;Entrega Finalizada;16;3;26;2;TERMACO;16001;;;
MOBIS BRASIL FABRICACAO DE AUTO PECAS LT;RODOVIARIO;1469452;26/02/2026;2;329883;26/02/2026;JPN COMERCIO DE AUTOMOVEIS LTDA;2,61E+13;GARANHUNS;PE;26/02/2026;16/03/2026;10/03/2026;Entregue No Prazo;;Entrega realizada;Entrega Finalizada;16;3;26;2;TERMACO;16009;;;
MOBIS BRASIL FABRICACAO DE AUTO PECAS LT;RODOVIARIO;1469451;26/02/2026;1;329883;26/02/2026;JPN COMERCIO DE AUTOMOVEIS LTDA;2,61E+13;GARANHUNS;PE;26/02/2026;16/03/2026;10/03/2026;Entregue No Prazo;;Entrega realizada;Entrega Finalizada;16;3;26;2;TERMACO;16009;;;
MOBIS BRASIL FABRICACAO DE AUTO PECAS LT;RODOVIARIO;1469448;26/02/2026;2;329884;26/02/2026;JPN PATOS COMERCIO DE VEICULOS LTDA;4,20E+13;PATOS;PB;26/02/2026;16/03/2026;10/03/2026;Entregue No Prazo;;Entrega realizada;Entrega Finalizada;16;3;26;2;TERMACO;15004;;;
MOBIS BRASIL FABRICACAO DE AUTO PECAS LT;RODOVIARIO;1469567;26/02/2026;2;329887;26/02/2026;NACIONAL NOVA MARABA DIST DE VEIC. LTDA;1,70E+13;PARAUAPEBAS;PA;26/02/2026;16/03/2026;10/03/2026;Entregue No Prazo;;Entrega realizada;Entrega Finalizada;16;3;26;2;CARVALIMA;14010;;;
MOBIS BRASIL FABRICACAO DE AUTO PECAS LT;RODOVIARIO;1470435;27/02/2026;10;330122;27/02/2026;TAI MOTORS VEICULOS S/A;9,27E+12;BELO HORIZONTE;MG;27/02/2026;04/03/2026;10/03/2026;Entregue Fora do Prazo;;Entrega realizada;Entrega Finalizada;4;3;27;2;XD BETIM;8002;;;
MOBIS BRASIL FABRICACAO DE AUTO PECAS LT;RODOVIARIO;1470280;27/02/2026;2;330123;27/02/2026;TOKSU COMERCIO DE VEICULOS LTDA;1,12E+13;POUSO ALEGRE;MG;27/02/2026;05/03/2026;10/03/2026;Entregue Fora do Prazo;;Entrega realizada;Entrega Finalizada;5;3;27;2;XD BETIM;11008;;;
MOBIS BRASIL FABRICACAO DE AUTO PECAS LT;RODOVIARIO;1470281;27/02/2026;2;330124;27/02/2026;TOKSU COMERCIO DE VEICULOS LTDA;1,12E+13;VARGINHA;MG;27/02/2026;05/03/2026;10/03/2026;Entregue Fora do Prazo;;Entrega realizada;Entrega Finalizada;5;3;27;2;XD BETIM;11008;;;
MOBIS BRASIL FABRICACAO DE AUTO PECAS LT;RODOVIARIO;1470282;27/02/2026;1;330126;27/02/2026;URCA MOTORS VEICULOS LTDA;8,77E+12;PATOS DE MINAS;MG;27/02/2026;05/03/2026;10/03/2026;Entregue Fora do Prazo;;Entrega realizada;Entrega Finalizada;5;3;27;2;XD BETIM;9014;;;
MOBIS BRASIL FABRICACAO DE AUTO PECAS LT;RODOVIARIO;1470279;27/02/2026;1;330128;27/02/2026;VITAL COMERCIO DE VEICULOS LTDA;1,05E+13;IPATINGA;MG;27/02/2026;06/03/2026;10/03/2026;Entregue Fora do Prazo;;Entrega realizada;Entrega Finalizada;6;3;27;2;XD BETIM;11016;Revolução Pernambucana de 1817;Estadual;PE
MOBIS BRASIL FABRICACAO DE AUTO PECAS LT;RODOVIARIO;1470285;27/02/2026;6;330193;27/02/2026;ULSAN COMERCIO DE VEICULOS LTDA.;2,10E+13;CAMPO GRANDE;MS;27/02/2026;09/03/2026;10/03/2026;Entregue Fora do Prazo;;Entrega realizada;Entrega Finalizada;9;3;27;2;CARVALIMA;12004;;;
MOBIS BRASIL FABRICACAO DE AUTO PECAS LT;RODOVIARIO;1470266;27/02/2026;2;330166;27/02/2026;FAZZA MOTORS COMERCIO DE VEICULOS LTDA;1,24E+13;SALVADOR;BA;27/02/2026;11/03/2026;10/03/2026;Entregue No Prazo;;Entrega realizada;Entrega Finalizada;11;3;27;2;TERMACO;5007;;;
MOBIS BRASIL FABRICACAO DE AUTO PECAS LT;RODOVIARIO;1470267;27/02/2026;1;330166;27/02/2026;FAZZA MOTORS COMERCIO DE VEICULOS LTDA;1,24E+13;SALVADOR;BA;27/02/2026;11/03/2026;10/03/2026;Entregue No Prazo;;Entrega realizada;Entrega Finalizada;11;3;27;2;TERMACO;5007;;;
MOBIS BRASIL FABRICACAO DE AUTO PECAS LT;RODOVIARIO;1470430;27/02/2026;3;330180;27/02/2026;PATEO COMERCIO DE VEICULOS S A;7,78E+12;SALVADOR;BA;27/02/2026;11/03/2026;10/03/2026;Entregue No Prazo;;Entrega realizada;Entrega Finalizada;11;3;27;2;TERMACO;5003;;;
MOBIS BRASIL FABRICACAO DE AUTO PECAS LT;RODOVIARIO;1470278;27/02/2026;1;330115;27/02/2026;NASA MOTORS LTDA.;2,65E+13;SAO LUIS DE MONTES BELOS;GO;27/02/2026;13/03/2026;10/03/2026;Entregue No Prazo;;Entrega realizada;Entrega Finalizada;13;3;27;2;RIO VERMELHO;9016;Batalha do Jenipapo;Estadual;PI
MOBIS BRASIL FABRICACAO DE AUTO PECAS LT;RODOVIARIO;1470263;27/02/2026;4;330165;27/02/2026;CYCOSA AUTOMOVEIS LTDA;4,76E+12;MACEIO;AL;27/02/2026;13/03/2026;10/03/2026;Entregue No Prazo;;Entrega realizada;Entrega Finalizada;13;3;27;2;TERMACO;2001;Batalha do Jenipapo;Estadual;PI
MOBIS BRASIL FABRICACAO DE AUTO PECAS LT;RODOVIARIO;1470268;27/02/2026;2;330162;27/02/2026;CAOA MOTOR DO BRASIL LTDA.;1,68E+13;LAURO DE FREITAS;BA;27/02/2026;16/03/2026;10/03/2026;Entregue No Prazo;;Entrega realizada;Entrega Finalizada;16;3;27;2;TERMACO;5008;;;
MOBIS BRASIL FABRICACAO DE AUTO PECAS LT;RODOVIARIO;1470314;27/02/2026;3;330189;27/02/2026;SAINT LAND COMERCIO DE VEICULOS LTDA;1,04E+13;NATAL;RN;27/02/2026;16/03/2026;10/03/2026;Entregue No Prazo;;Entrega realizada;Entrega Finalizada;16;3;27;2;TERMACO;6010;;;
MOBIS BRASIL FABRICACAO DE AUTO PECAS LT;RODOVIARIO;1470291;27/02/2026;2;330156;27/02/2026;AUTORAC VEICULOS LTDA;1,06E+13;CARUARU;PE;27/02/2026;17/03/2026;10/03/2026;Entregue No Prazo;;Entrega realizada;Entrega Finalizada;17;3;27;2;TERMACO;16001;;;
MOBIS BRASIL FABRICACAO DE AUTO PECAS LT;RODOVIARIO;1470294;27/02/2026;1;330157;27/02/2026;AUTORAC VEICULOS LTDA;1,06E+13;PETROLINA;PE;27/02/2026;17/03/2026;10/03/2026;Entregue No Prazo;;Entrega realizada;Entrega Finalizada;17;3;27;2;TERMACO;16001;;;
MOBIS BRASIL FABRICACAO DE AUTO PECAS LT;RODOVIARIO;1470454;27/02/2026;1;330169;27/02/2026;GREEN CITY VEICULOS LTDA;2,10E+13;TERESINA;PI;27/02/2026;17/03/2026;10/03/2026;Entregue No Prazo;;Entrega realizada;Entrega Finalizada;17;3;27;2;TERMACO;17002;;;
MOBIS BRASIL FABRICACAO DE AUTO PECAS LT;RODOVIARIO;1470312;27/02/2026;6;330178;27/02/2026;ORIENTE AUTOMOVEIS LTDA;1,33E+13;PARNAMIRIM;RN;27/02/2026;17/03/2026;10/03/2026;Entregue No Prazo;;Entrega realizada;Entrega Finalizada;17;3;27;2;TERMACO;20001;;;
MOBIS BRASIL FABRICACAO DE AUTO PECAS LT;RODOVIARIO;1471166;28/02/2026;66;330349;28/02/2026;BDG AUTOVILLE VEICULOS LTDA;4,77E+13;CONTAGEM;MG;28/02/2026;05/03/2026;10/03/2026;Entregue Fora do Prazo;;Entrega realizada;Entrega Finalizada;5;3;28;2;XD BETIM;11037;;;
MOBIS BRASIL FABRICACAO DE AUTO PECAS LT;RODOVIARIO;1470887;28/02/2026;19;330350;28/02/2026;CARBEL KOREA VEICULOS LTDA;2,07E+13;BELO HORIZONTE;MG;28/02/2026;05/03/2026;10/03/2026;Entregue Fora do Prazo;;Entrega realizada;Entrega Finalizada;5;3;28;2;XD BETIM;11021;;;
MOBIS BRASIL FABRICACAO DE AUTO PECAS LT;RODOVIARIO;1471161;28/02/2026;15;330359;28/02/2026;TAI MOTORS VEICULOS S/A;9,27E+12;BELO HORIZONTE;MG;28/02/2026;05/03/2026;10/03/2026;Entregue Fora do Prazo;;Entrega realizada;Entrega Finalizada;5;3;28;2;XD BETIM;8002;;;
MOBIS BRASIL FABRICACAO DE AUTO PECAS LT;RODOVIARIO;1470888;28/02/2026;2;330360;28/02/2026;TOKSU COMERCIO DE VEICULOS LTDA;1,12E+13;VARGINHA;MG;28/02/2026;06/03/2026;10/03/2026;Entregue Fora do Prazo;;Entrega realizada;Entrega Finalizada;6;3;28;2;XD BETIM;11008;Revolução Pernambucana de 1817;Estadual;PE
MOBIS BRASIL FABRICACAO DE AUTO PECAS LT;RODOVIARIO;1470889;28/02/2026;2;330364;28/02/2026;VIME AUTOMOVEIS E PECAS LTDA;2,85E+13;GUAXUPE;MG;28/02/2026;09/03/2026;10/03/2026;Entregue Fora do Prazo;;Entrega realizada;Entrega Finalizada;9;3;28;2;XD BETIM;11031;;;
MOBIS BRASIL FABRICACAO DE AUTO PECAS LT;RODOVIARIO;1470886;28/02/2026;4;330366;28/02/2026;VITAL COMERCIO DE VEICULOS LTDA;1,05E+13;IPATINGA;MG;28/02/2026;09/03/2026;10/03/2026;Entregue Fora do Prazo;;Entrega realizada;Entrega Finalizada;9;3;28;2;XD BETIM;11016;;;
MOBIS BRASIL FABRICACAO DE AUTO PECAS LT;RODOVIARIO;1470883;28/02/2026;1;330362;28/02/2026;TRIAUTO KOREA AUTOMOVEIS LTDA;4,99E+13;CATALAO;GO;28/02/2026;16/03/2026;10/03/2026;Entregue No Prazo;;Entrega realizada;Entrega Finalizada;16;3;28;2;RIO VERMELHO;9018;;;
MOBIS BRASIL FABRICACAO DE AUTO PECAS LT;RODOVIARIO;1470871;28/02/2026;2;330418;02/03/2026;CYCOSA AUTOMOVEIS LTDA;4,76E+12;MACEIO;AL;02/03/2026;16/03/2026;10/03/2026;Entregue No Prazo;;Entrega realizada;Entrega Finalizada;16;3;2;3;TERMACO;2001;;;
MOBIS BRASIL FABRICACAO DE AUTO PECAS LT;RODOVIARIO;1470874;28/02/2026;1;330412;02/03/2026;AIKON VEICULOS LTDA;1,17E+13;ITABUNA;BA;02/03/2026;17/03/2026;10/03/2026;Entregue No Prazo;;Entrega realizada;Entrega Finalizada;17;3;2;3;TERMACO;5002;;;
MOBIS BRASIL FABRICACAO DE AUTO PECAS LT;RODOVIARIO;1470899;28/02/2026;94;330426;02/03/2026;PATEO COMERCIO DE VEICULOS S A;7,78E+12;RECIFE;PE;02/03/2026;17/03/2026;10/03/2026;Entregue No Prazo;;Entrega realizada;Entrega Finalizada;17;3;2;3;TERMACO;16004;;;
MOBIS BRASIL FABRICACAO DE AUTO PECAS LT;RODOVIARIO;1471193;28/02/2026;6;330428;02/03/2026;SAGA ASIA COM. DE VEIC.PC.E SERV. LTDA;2,14E+13;PORTO VELHO;RO;02/03/2026;10/03/2026;10/03/2026;Entregue No Prazo;;Entrega realizada;Entrega Finalizada;10;3;2;3;CARVALIMA;21003;;;
MOBIS BRASIL FABRICACAO DE AUTO PECAS LT;RODOVIARIO;1471968;03/03/2026;2;330551;03/03/2026;DHC COMERCIO DE VEICULOS E PECAS LTDA;9,52E+12;BAURU;SP;03/03/2026;06/03/2026;10/03/2026;Entregue Fora do Prazo;Extravio;10/03 Extravio;Entrega Finalizada;6;3;3;3;RISSO;26010;Revolução Pernambucana de 1817;Estadual;PE
MOBIS BRASIL FABRICACAO DE AUTO PECAS LT;RODOVIARIO;1472211;03/03/2026;40;330564;03/03/2026;BDG AUTOVILLE VEICULOS LTDA;4,77E+13;CONTAGEM;MG;03/03/2026;06/03/2026;10/03/2026;Entregue Fora do Prazo;;Entrega realizada;Entrega Finalizada;6;3;3;3;XD BETIM;11037;Revolução Pernambucana de 1817;Estadual;PE
MOBIS BRASIL FABRICACAO DE AUTO PECAS LT;RODOVIARIO;1472210;03/03/2026;10;330573;03/03/2026;TAI MOTORS VEICULOS S/A;9,27E+12;BELO HORIZONTE;MG;03/03/2026;06/03/2026;10/03/2026;Entregue Fora do Prazo;;Entrega realizada;Entrega Finalizada;6;3;3;3;XD BETIM;8002;Revolução Pernambucana de 1817;Estadual;PE
MOBIS BRASIL FABRICACAO DE AUTO PECAS LT;RODOVIARIO;1471976;03/03/2026;2;330552;03/03/2026;GOLDEN MOTORS VEICULOS LTDA;3,62E+12;PRESIDENTE PRUDENTE;SP;03/03/2026;09/03/2026;10/03/2026;Entregue Fora do Prazo;Extravio;10/03 Extravio;Entrega Finalizada;9;3;3;3;RISSO;12001;;;
MOBIS BRASIL FABRICACAO DE AUTO PECAS LT;RODOVIARIO;1471973;03/03/2026;9;330557;03/03/2026;H R B COMERCIO DE VEICULOS LTDA;1,82E+13;SAO JOSE DO RIO PRETO;SP;03/03/2026;09/03/2026;10/03/2026;Entregue Fora do Prazo;Extravio;10/03 Extravio;Entrega Finalizada;9;3;3;3;RISSO;26050;;;
MOBIS BRASIL FABRICACAO DE AUTO PECAS LT;RODOVIARIO;1471978;03/03/2026;1;330561;03/03/2026;NEW VEICULOS E PECAS LTDA.;1,59E+13;ARARAQUARA;SP;03/03/2026;09/03/2026;10/03/2026;Entregue Fora do Prazo;Extravio;10/03 Extravio;Entrega Finalizada;9;3;3;3;RISSO;26071;;;
MOBIS BRASIL FABRICACAO DE AUTO PECAS LT;RODOVIARIO;1471923;03/03/2026;16;330576;03/03/2026;URCA MOTORS VEICULOS LTDA;8,77E+12;UBERLANDIA;MG;03/03/2026;09/03/2026;10/03/2026;Entregue Fora do Prazo;;Entrega realizada;Entrega Finalizada;9;3;3;3;XD BETIM;9014;;;
MOBIS BRASIL FABRICACAO DE AUTO PECAS LT;RODOVIARIO;1471946;03/03/2026;1;330583;03/03/2026;CAOA MOTOR DO BRASIL LTDA;1,68E+13;RIO DE JANEIRO;RJ;03/03/2026;09/03/2026;10/03/2026;Entregue Fora do Prazo;;Entrega realizada;Entrega Finalizada;9;3;3;3;CAMILO;5008;;;
MOBIS BRASIL FABRICACAO DE AUTO PECAS LT;RODOVIARIO;1471944;03/03/2026;8;330593;03/03/2026;ITAVEMA MOTORS VEICULOS LTDA;7,73E+12;RIO DE JANEIRO;RJ;03/03/2026;09/03/2026;10/03/2026;Entregue Fora do Prazo;;Entrega realizada;Entrega Finalizada;9;3;3;3;CAMILO;19001;;;
MOBIS BRASIL FABRICACAO DE AUTO PECAS LT;RODOVIARIO;1472223;03/03/2026;2;330631;03/03/2026;LOVAT VEICULOS S/A;8,57E+12;MARINGA;PR;03/03/2026;09/03/2026;10/03/2026;Entregue Fora do Prazo;;Entrega realizada;Entrega Finalizada;9;3;3;3;TRANSTRY;18008;;;
MOBIS BRASIL FABRICACAO DE AUTO PECAS LT;RODOVIARIO;1471926;03/03/2026;1;330577;03/03/2026;VIME AUTOMOVEIS E PECAS LTDA;2,85E+13;GUAXUPE;MG;03/03/2026;10/03/2026;10/03/2026;Entregue No Prazo;;Entrega realizada;Entrega Finalizada;10;3;3;3;XD BETIM;11031;;;
MOBIS BRASIL FABRICACAO DE AUTO PECAS LT;RODOVIARIO;1471941;03/03/2026;11;330635;03/03/2026;VETOR AUTOMOVEIS LTDA;2,12E+13;FOZ DO IGUACU;PR;03/03/2026;10/03/2026;10/03/2026;Entregue No Prazo;;Entrega realizada;Entrega Finalizada;10;3;3;3;TRANSTRY;18019;;;
MOBIS BRASIL FABRICACAO DE AUTO PECAS LT;RODOVIARIO;1471914;03/03/2026;2;330565;03/03/2026;CAOA MOTOR DO BRASIL LTDA;1,68E+13;BRASILIA;DF;03/03/2026;11/03/2026;10/03/2026;Entregue No Prazo;;Entrega realizada;Entrega Finalizada;11;3;3;3;RIO VERMELHO;5008;;;
MOBIS BRASIL FABRICACAO DE AUTO PECAS LT;RODOVIARIO;1471919;03/03/2026;3;330567;03/03/2026;NISA COMERCIAL DE VEIC. AUTOMOTORES LTDA;1,03E+13;APARECIDA DE GOIANIA;GO;03/03/2026;11/03/2026;10/03/2026;Entregue No Prazo;;Entrega realizada;Entrega Finalizada;11;3;3;3;RIO VERMELHO;9002;;;
MOBIS BRASIL FABRICACAO DE AUTO PECAS LT;RODOVIARIO;1472205;03/03/2026;25;330570;03/03/2026;SAGA KOREA COM. DE VEIC. E PC. LTDA;1,27E+13;BRASILIA;DF;03/03/2026;11/03/2026;10/03/2026;Entregue No Prazo;;Entrega realizada;Entrega Finalizada;11;3;3;3;RIO VERMELHO;7005;;;
MOBIS BRASIL FABRICACAO DE AUTO PECAS LT;RODOVIARIO;1471913;03/03/2026;33;330572;03/03/2026;SMAFF IMPORT VEICULOS LTDA;8,18E+12;BRASILIA;DF;03/03/2026;11/03/2026;10/03/2026;Entregue No Prazo;;Entrega realizada;Entrega Finalizada;11;3;3;3;RIO VERMELHO;7002;;;
MOBIS BRASIL FABRICACAO DE AUTO PECAS LT;RODOVIARIO;1471912;03/03/2026;1;330572;03/03/2026;SMAFF IMPORT VEICULOS LTDA;8,18E+12;BRASILIA;DF;03/03/2026;11/03/2026;10/03/2026;Entregue No Prazo;;Entrega realizada;Entrega Finalizada;11;3;3;3;RIO VERMELHO;7002;;;
MOBIS BRASIL FABRICACAO DE AUTO PECAS LT;RODOVIARIO;1471929;03/03/2026;5;330608;03/03/2026;ULSAN COMERCIO DE VEICULOS LTDA.;2,10E+13;CAMPO GRANDE;MS;03/03/2026;11/03/2026;10/03/2026;Entregue No Prazo;;Entrega realizada;Entrega Finalizada;11;3;3;3;CARVALIMA;12004;;;
MOBIS BRASIL FABRICACAO DE AUTO PECAS LT;RODOVIARIO;1471930;03/03/2026;1;330605;03/03/2026;SAGA SEUL COMERCIO DE VEICULOS, PECAS E;2,23E+13;CUIABA;MT;03/03/2026;12/03/2026;10/03/2026;Entregue No Prazo;;Entrega realizada;Entrega Finalizada;12;3;3;3;CARVALIMA;13005;;;
MOBIS BRASIL FABRICACAO DE AUTO PECAS LT;RODOVIARIO;1471932;03/03/2026;3;330591;03/03/2026;GRANDE COREIA COMERCIO DE VEICULOS LTDA;2,66E+13;BELEM;PA;03/03/2026;16/03/2026;10/03/2026;Entregue No Prazo;;Entrega realizada;Entrega Finalizada;16;3;3;3;CARVALIMA;14007;;;
MOBIS BRASIL FABRICACAO DE AUTO PECAS LT;RODOVIARIO;1471950;03/03/2026;2;330586;03/03/2026;COMETA JI PARANA COM. DE VEIC. LTDA;4,23E+12;JIPARANA;RO;03/03/2026;20/03/2026;10/03/2026;Entregue No Prazo;;Entrega realizada;Entrega Finalizada;20;3;3;3;CARVALIMA;21002;;;
MOBIS BRASIL FABRICACAO DE AUTO PECAS LT;RODOVIARIO;1472547;04/03/2026;2;330761;04/03/2026;CAOA MOTOR DO BRASIL LTDA;1,68E+13;SAO BERNARDO DO CAMPO;SP;04/03/2026;06/03/2026;10/03/2026;Entregue Fora do Prazo;;Entrega realizada;Entrega Finalizada;6;3;4;3;RISSO;5008;Revolução Pernambucana de 1817;Estadual;PE
MOBIS BRASIL FABRICACAO DE AUTO PECAS LT;RODOVIARIO;1472533;04/03/2026;3;330787;04/03/2026;NOBRE DISTRIBUIDORA DE VEICULOS E PECAS;5,76E+12;MOGI DAS CRUZES;SP;04/03/2026;06/03/2026;10/03/2026;Entregue Fora do Prazo;;Entrega realizada;Entrega Finalizada;6;3;4;3;RISSO;26004;Revolução Pernambucana de 1817;Estadual;PE
MOBIS BRASIL FABRICACAO DE AUTO PECAS LT;RODOVIARIO;1472551;04/03/2026;1;330782;04/03/2026;NEW VEICULOS E PECAS LTDA;1,59E+13;RIBEIRAO PRETO;SP;04/03/2026;09/03/2026;10/03/2026;Entregue Fora do Prazo;;Entrega realizada;Entrega Finalizada;9;3;4;3;RISSO;26014;;;
MOBIS BRASIL FABRICACAO DE AUTO PECAS LT;RODOVIARIO;1472870;04/03/2026;32;330789;04/03/2026;BDG AUTOVILLE VEICULOS LTDA;4,77E+13;CONTAGEM;MG;04/03/2026;09/03/2026;10/03/2026;Entregue Fora do Prazo;;Entrega realizada;Entrega Finalizada;9;3;4;3;XD BETIM;11037;;;
MOBIS BRASIL FABRICACAO DE AUTO PECAS LT;RODOVIARIO;1472869;04/03/2026;3;330790;04/03/2026;CAOA MOTOR DO BRASIL LTDA;1,68E+13;BELO HORIZONTE;MG;04/03/2026;09/03/2026;10/03/2026;Entregue Fora do Prazo;;Entrega realizada;Entrega Finalizada;9;3;4;3;XD BETIM;5008;;;
MOBIS BRASIL FABRICACAO DE AUTO PECAS LT;RODOVIARIO;1472492;04/03/2026;12;330791;04/03/2026;CARBEL KOREA VEICULOS LTDA;2,07E+13;BELO HORIZONTE;MG;04/03/2026;09/03/2026;10/03/2026;Entregue Fora do Prazo;;Entrega realizada;Entrega Finalizada;9;3;4;3;XD BETIM;11021;;;
MOBIS BRASIL FABRICACAO DE AUTO PECAS LT;RODOVIARIO;1472868;04/03/2026;7;330801;04/03/2026;TAI MOTORS VEICULOS S/A;9,27E+12;BELO HORIZONTE;MG;04/03/2026;09/03/2026;10/03/2026;Entregue Fora do Prazo;;Entrega realizada;Entrega Finalizada;9;3;4;3;XD BETIM;8002;;;
MOBIS BRASIL FABRICACAO DE AUTO PECAS LT;RODOVIARIO;1472489;04/03/2026;17;330805;04/03/2026;URCA MOTORS VEICULOS LTDA;8,77E+12;UBERLANDIA;MG;04/03/2026;10/03/2026;10/03/2026;Entregue No Prazo;;Entrega realizada;Entrega Finalizada;10;3;4;3;XD BETIM;9014;;;
MOBIS BRASIL FABRICACAO DE AUTO PECAS LT;RODOVIARIO;1472514;04/03/2026;1;330812;04/03/2026;CAOA MOTOR DO BRASIL LTDA;1,68E+13;RIO DE JANEIRO;RJ;04/03/2026;10/03/2026;10/03/2026;Entregue No Prazo;;Entrega realizada;Entrega Finalizada;10;3;4;3;CAMILO;5008;;;
MOBIS BRASIL FABRICACAO DE AUTO PECAS LT;RODOVIARIO;1472511;04/03/2026;12;330822;04/03/2026;ITAVEMA MOTORS VEICULOS LTDA;7,73E+12;DUQUE DE CAXIAS;RJ;04/03/2026;10/03/2026;10/03/2026;Entregue No Prazo;;Entrega realizada;Entrega Finalizada;10;3;4;3;CAMILO;19001;;;
MOBIS BRASIL FABRICACAO DE AUTO PECAS LT;RODOVIARIO;1472513;04/03/2026;21;330823;04/03/2026;ITAVEMA MOTORS VEICULOS LTDA;7,73E+12;RIO DE JANEIRO;RJ;04/03/2026;10/03/2026;10/03/2026;Entregue No Prazo;;Entrega realizada;Entrega Finalizada;10;3;4;3;CAMILO;19001;;;
MOBIS BRASIL FABRICACAO DE AUTO PECAS LT;RODOVIARIO;1472519;04/03/2026;9;330849;04/03/2026;CARWAY SUL VEICULOS LTDA;1,03E+13;CANOAS;RS;04/03/2026;10/03/2026;10/03/2026;Entregue No Prazo;;Entrega realizada;Entrega Finalizada;10;3;4;3;TRANSTRY;23003;;;
MOBIS BRASIL FABRICACAO DE AUTO PECAS LT;RODOVIARIO;1472506;04/03/2026;1;330856;04/03/2026;LOVAT VEICULOS S/A;8,57E+12;MARINGA;PR;04/03/2026;10/03/2026;10/03/2026;Entregue No Prazo;;Entrega realizada;Entrega Finalizada;10;3;4;3;TRANSTRY;18008;;;
MOBIS BRASIL FABRICACAO DE AUTO PECAS LT;RODOVIARIO;1472493;04/03/2026;4;330806;04/03/2026;VIME AUTOMOVEIS E PECAS LTDA;2,85E+13;GUAXUPE;MG;04/03/2026;11/03/2026;10/03/2026;Entregue No Prazo;;Entrega realizada;Entrega Finalizada;11;3;4;3;XD BETIM;11031;;;
MOBIS BRASIL FABRICACAO DE AUTO PECAS LT;RODOVIARIO;1472491;04/03/2026;5;330808;04/03/2026;VITAL COMERCIO DE VEICULOS LTDA;1,05E+13;IPATINGA;MG;04/03/2026;11/03/2026;10/03/2026;Entregue No Prazo;;Entrega realizada;Entrega Finalizada;11;3;4;3;XD BETIM;11016;;;
MOBIS BRASIL FABRICACAO DE AUTO PECAS LT;RODOVIARIO;1472512;04/03/2026;2;330839;04/03/2026;VIA VR VEICULOS LTDA;1,73E+13;VOLTA REDONDA;RJ;04/03/2026;11/03/2026;10/03/2026;Entregue No Prazo;;Entrega realizada;Entrega Finalizada;11;3;4;3;CAMILO;19016;;;
MOBIS BRASIL FABRICACAO DE AUTO PECAS LT;RODOVIARIO;1472529;04/03/2026;1;330860;04/03/2026;PONTO CERTO COMERCIO DE VEICULOS LTDA;1,50E+13;LAGES;SC;04/03/2026;11/03/2026;10/03/2026;Entregue No Prazo;;Entrega realizada;Entrega Finalizada;11;3;4;3;TRANSTRY;24017;;;
MOBIS BRASIL FABRICACAO DE AUTO PECAS LT;RODOVIARIO;1472877;04/03/2026;1;330862;04/03/2026;SANTA FE VEICULOS LTDA.;1,16E+13;FRANCISCO BELTRAO;PR;04/03/2026;11/03/2026;10/03/2026;Entregue No Prazo;;Entrega realizada;Entrega Finalizada;11;3;4;3;TRANSTRY;18010;;;
MOBIS BRASIL FABRICACAO DE AUTO PECAS LT;RODOVIARIO;1472876;04/03/2026;4;330862;04/03/2026;SANTA FE VEICULOS LTDA.;1,16E+13;FRANCISCO BELTRAO;PR;04/03/2026;11/03/2026;10/03/2026;Entregue No Prazo;;Entrega realizada;Entrega Finalizada;11;3;4;3;TRANSTRY;18010;;;
MOBIS BRASIL FABRICACAO DE AUTO PECAS LT;RODOVIARIO;1472509;04/03/2026;1;330863;04/03/2026;VETOR AUTOMOVEIS LTDA;2,12E+13;FOZ DO IGUACU;PR;04/03/2026;11/03/2026;10/03/2026;Entregue No Prazo;;Entrega realizada;Entrega Finalizada;11;3;4;3;TRANSTRY;18019;;;
MOBIS BRASIL FABRICACAO DE AUTO PECAS LT;RODOVIARIO;1472484;04/03/2026;4;330794;04/03/2026;NISA COMERCIAL DE VEIC. AUTOMOTORES LTDA;1,03E+13;GOIANIA;GO;04/03/2026;12/03/2026;10/03/2026;Entregue No Prazo;;Entrega realizada;Entrega Finalizada;12;3;4;3;RIO VERMELHO;9013;;;
MOBIS BRASIL FABRICACAO DE AUTO PECAS LT;RODOVIARIO;1472865;04/03/2026;11;330798;04/03/2026;SAGA KOREA COM. DE VEIC. E PC. LTDA;1,27E+13;BRASILIA;DF;04/03/2026;12/03/2026;10/03/2026;Entregue No Prazo;;Entrega realizada;Entrega Finalizada;12;3;4;3;RIO VERMELHO;7005;;;
MOBIS BRASIL FABRICACAO DE AUTO PECAS LT;RODOVIARIO;1472483;04/03/2026;1;330799;04/03/2026;SAGA KOREA COM. DE VEIC. E PC. LTDA;1,27E+13;GOIANIA;GO;04/03/2026;12/03/2026;10/03/2026;Entregue No Prazo;;Entrega realizada;Entrega Finalizada;12;3;4;3;RIO VERMELHO;9011;;;
MOBIS BRASIL FABRICACAO DE AUTO PECAS LT;RODOVIARIO;1472479;04/03/2026;28;330800;04/03/2026;SMAFF IMPORT VEICULOS LTDA;8,18E+12;BRASILIA;DF;04/03/2026;12/03/2026;10/03/2026;Entregue No Prazo;;Entrega realizada;Entrega Finalizada;12;3;4;3;RIO VERMELHO;7002;;;
MOBIS BRASIL FABRICACAO DE AUTO PECAS LT;RODOVIARIO;1472521;04/03/2026;1;330853;04/03/2026;HOUSE PARTS - COM. DE PECAS E VEIC. LTDA;1,15E+13;SANTA CRUZ DO SUL;RS;04/03/2026;12/03/2026;10/03/2026;Entregue No Prazo;;Entrega realizada;Entrega Finalizada;12;3;4;3;TRANSTRY;23017;;;
MOBIS BRASIL FABRICACAO DE AUTO PECAS LT;RODOVIARIO;1472520;04/03/2026;2;330854;04/03/2026;HOUSE PARTS - COM. DE PECAS E VEIC. LTDA;1,15E+13;SANTA MARIA;RS;04/03/2026;12/03/2026;10/03/2026;Entregue No Prazo;;Entrega realizada;Entrega Finalizada;12;3;4;3;TRANSTRY;23008;;;
MOBIS BRASIL FABRICACAO DE AUTO PECAS LT;RODOVIARIO;1472871;04/03/2026;2;330816;04/03/2026;COMETA MATO GROSSO COM. DE VEICULOS LTDA;1,54E+13;SINOP;MT;04/03/2026;16/03/2026;10/03/2026;Entregue No Prazo;;Entrega realizada;Entrega Finalizada;16;3;4;3;CARVALIMA;13003;;;
MOBIS BRASIL FABRICACAO DE AUTO PECAS LT;RODOVIARIO;1472477;04/03/2026;2;330814;04/03/2026;CAOA MOTOR DO BRASIL LTDA.;1,68E+13;LAURO DE FREITAS;BA;04/03/2026;19/03/2026;10/03/2026;Entregue No Prazo;;Entrega realizada;Entrega Finalizada;19;3;4;3;TERMACO;5008;;;
MOBIS BRASIL FABRICACAO DE AUTO PECAS LT;RODOVIARIO;1473478;05/03/2026;1;330921;05/03/2026;ANDRETA II DISTRIBUIDORA DE VEIC. LTDA;9,10E+12;AMERICANA;SP;05/03/2026;10/03/2026;10/03/2026;Entregue No Prazo;;Entrega realizada;Entrega Finalizada;10;3;5;3;RISSO;26011;;;
MOBIS BRASIL FABRICACAO DE AUTO PECAS LT;RODOVIARIO;1473488;05/03/2026;1;330935;05/03/2026;H - CAMINHO AUTOMOVEIS LTDA;2,53E+13;LIMEIRA;SP;05/03/2026;10/03/2026;10/03/2026;Entregue No Prazo;;Entrega realizada;Entrega Finalizada;10;3;5;3;RISSO;26092;;;
MOBIS BRASIL FABRICACAO DE AUTO PECAS LT;RODOVIARIO;1473507;05/03/2026;38;330938;05/03/2026;NEW VEICULOS E PECAS LTDA;1,59E+13;RIBEIRAO PRETO;SP;05/03/2026;10/03/2026;10/03/2026;Entregue No Prazo;;Entrega realizada;Entrega Finalizada;10;3;5;3;RISSO;26014;;;
MOBIS BRASIL FABRICACAO DE AUTO PECAS LT;RODOVIARIO;1473526;05/03/2026;23;330941;05/03/2026;BDG AUTOVILLE VEICULOS LTDA;4,77E+13;CONTAGEM;MG;05/03/2026;10/03/2026;10/03/2026;Entregue No Prazo;;Entrega realizada;Entrega Finalizada;10;3;5;3;XD BETIM;11037;;;
MOBIS BRASIL FABRICACAO DE AUTO PECAS LT;RODOVIARIO;1473547;05/03/2026;2;330941;05/03/2026;BDG AUTOVILLE VEICULOS LTDA;4,77E+13;CONTAGEM;MG;05/03/2026;10/03/2026;10/03/2026;Entregue No Prazo;;Entrega realizada;Entrega Finalizada;10;3;5;3;XD BETIM;11037;;;
MOBIS BRASIL FABRICACAO DE AUTO PECAS LT;RODOVIARIO;1473436;05/03/2026;2;330943;05/03/2026;CAOA MOTOR DO BRASIL LTDA;1,68E+13;BELO HORIZONTE;MG;05/03/2026;10/03/2026;10/03/2026;Entregue No Prazo;;Entrega realizada;Entrega Finalizada;10;3;5;3;XD BETIM;5008;;;
MOBIS BRASIL FABRICACAO DE AUTO PECAS LT;RODOVIARIO;1473435;05/03/2026;8;330944;05/03/2026;CARBEL KOREA VEICULOS LTDA;2,07E+13;BELO HORIZONTE;MG;05/03/2026;10/03/2026;10/03/2026;Entregue No Prazo;;Entrega realizada;Entrega Finalizada;10;3;5;3;XD BETIM;11021;;;
MOBIS BRASIL FABRICACAO DE AUTO PECAS LT;RODOVIARIO;1473450;05/03/2026;11;330971;05/03/2026;SEVEC VEICULOS LTDA;5,68E+11;CURITIBA;PR;05/03/2026;10/03/2026;10/03/2026;Entregue No Prazo;;Entrega realizada;Entrega Finalizada;10;3;5;3;TRANSTRY;18012;;;
MOBIS BRASIL FABRICACAO DE AUTO PECAS LT;RODOVIARIO;1473433;05/03/2026;1;330954;05/03/2026;URCA MOTORS VEICULOS LTDA;8,77E+12;UBERLANDIA;MG;05/03/2026;11/03/2026;10/03/2026;Entregue No Prazo;;Entrega realizada;Entrega Finalizada;11;3;5;3;XD BETIM;9014;;;
MOBIS BRASIL FABRICACAO DE AUTO PECAS LT;RODOVIARIO;1473470;05/03/2026;2;330960;05/03/2026;BARI VEICULOS LTDA.;7,46E+12;JOINVILLE;SC;05/03/2026;11/03/2026;10/03/2026;Entregue No Prazo;;Entrega realizada;Entrega Finalizada;11;3;5;3;TRANSTRY;24013;;;
MOBIS BRASIL FABRICACAO DE AUTO PECAS LT;RODOVIARIO;1473463;05/03/2026;1;330961;05/03/2026;CARWAY SUL VEICULOS LTDA;1,03E+13;CANOAS;RS;05/03/2026;11/03/2026;10/03/2026;Entregue No Prazo;;Entrega realizada;Entrega Finalizada;11;3;5;3;TRANSTRY;23003;;;
MOBIS BRASIL FABRICACAO DE AUTO PECAS LT;RODOVIARIO;1473462;05/03/2026;1;330966;05/03/2026;HOUSE PARTS-COM. DE PCS. E VEICULOS LTDA;1,15E+13;PORTO ALEGRE;RS;05/03/2026;11/03/2026;10/03/2026;Entregue No Prazo;;Entrega realizada;Entrega Finalizada;11;3;5;3;TRANSTRY;23004;;;
MOBIS BRASIL FABRICACAO DE AUTO PECAS LT;RODOVIARIO;1473455;05/03/2026;3;330976;05/03/2026;CAOA MOTOR DO BRASIL LTDA;1,68E+13;RIO DE JANEIRO;RJ;05/03/2026;11/03/2026;10/03/2026;Entregue No Prazo;;Entrega realizada;Entrega Finalizada;11;3;5;3;CAMILO;5008;;;
MOBIS BRASIL FABRICACAO DE AUTO PECAS LT;RODOVIARIO;1473459;05/03/2026;2;330977;05/03/2026;CAOA MOTOR DO BRASIL LTDA;1,68E+13;RIO DE JANEIRO;RJ;05/03/2026;11/03/2026;10/03/2026;Entregue No Prazo;;Entrega realizada;Entrega Finalizada;11;3;5;3;CAMILO;5008;;;
MOBIS BRASIL FABRICACAO DE AUTO PECAS LT;RODOVIARIO;1473458;05/03/2026;2;330979;05/03/2026;CAOA MOTOR DO BRASIL LTDA;1,68E+13;RIO DE JANEIRO;RJ;05/03/2026;11/03/2026;10/03/2026;Entregue No Prazo;;Entrega realizada;Entrega Finalizada;11;3;5;3;CAMILO;5008;;;
MOBIS BRASIL FABRICACAO DE AUTO PECAS LT;RODOVIARIO;1473453;05/03/2026;6;330987;05/03/2026;ITAVEMA MOTORS VEICULOS LTDA;7,73E+12;DUQUE DE CAXIAS;RJ;05/03/2026;11/03/2026;10/03/2026;Entregue No Prazo;;Entrega realizada;Entrega Finalizada;11;3;5;3;CAMILO;19001;;;
MOBIS BRASIL FABRICACAO DE AUTO PECAS LT;RODOVIARIO;1473457;05/03/2026;12;330988;05/03/2026;ITAVEMA MOTORS VEICULOS LTDA;7,73E+12;RIO DE JANEIRO;RJ;05/03/2026;11/03/2026;10/03/2026;Entregue No Prazo;;Entrega realizada;Entrega Finalizada;11;3;5;3;CAMILO;19001;;;
MOBIS BRASIL FABRICACAO DE AUTO PECAS LT;RODOVIARIO;1473437;05/03/2026;2;330949;05/03/2026;RITMO MOTORS LTDA;1,94E+13;PASSOS;MG;05/03/2026;12/03/2026;10/03/2026;Entregue No Prazo;;Entrega realizada;Entrega Finalizada;12;3;5;3;XD BETIM;11040;;;
MOBIS BRASIL FABRICACAO DE AUTO PECAS LT;RODOVIARIO;1473466;05/03/2026;9;330955;05/03/2026;ATUAL VEICULOS LTDA;1,33E+13;CRICIUMA;SC;05/03/2026;12/03/2026;10/03/2026;Entregue No Prazo;;Entrega realizada;Entrega Finalizada;12;3;5;3;TRANSTRY;24001;;;
MOBIS BRASIL FABRICACAO DE AUTO PECAS LT;RODOVIARIO;1473467;05/03/2026;3;330956;05/03/2026;ATUAL VEICULOS LTDA;1,33E+13;TUBARAO;SC;05/03/2026;12/03/2026;10/03/2026;Entregue No Prazo;;Entrega realizada;Entrega Finalizada;12;3;5;3;TRANSTRY;24001;;;
MOBIS BRASIL FABRICACAO DE AUTO PECAS LT;RODOVIARIO;1473512;05/03/2026;12;330958;05/03/2026;BARI VEICULOS LTDA;7,46E+12;BLUMENAU;SC;05/03/2026;12/03/2026;10/03/2026;Entregue No Prazo;;Entrega realizada;Entrega Finalizada;12;3;5;3;TRANSTRY;18024;;;
MOBIS BRASIL FABRICACAO DE AUTO PECAS LT;RODOVIARIO;1473513;05/03/2026;1;330965;05/03/2026;HOUSE PARTS COMERCIO DE PECAS E VEI;1,15E+13;CAXIAS DO SUL;RS;05/03/2026;12/03/2026;10/03/2026;Entregue No Prazo;;Entrega realizada;Entrega Finalizada;12;3;5;3;TRANSTRY;23023;;;
MOBIS BRASIL FABRICACAO DE AUTO PECAS LT;RODOVIARIO;1473469;05/03/2026;4;330968;05/03/2026;LR COMERCIO DE VEICULOS LTDA;1,05E+13;SAO JOSE;SC;05/03/2026;12/03/2026;10/03/2026;Entregue No Prazo;;Entrega realizada;Entrega Finalizada;12;3;5;3;TRANSTRY;24007;;;
MOBIS BRASIL FABRICACAO DE AUTO PECAS LT;RODOVIARIO;1473468;05/03/2026;2;330968;05/03/2026;LR COMERCIO DE VEICULOS LTDA;1,05E+13;SAO JOSE;SC;05/03/2026;12/03/2026;10/03/2026;Entregue No Prazo;;Entrega realizada;Entrega Finalizada;12;3;5;3;TRANSTRY;24007;;;
MOBIS BRASIL FABRICACAO DE AUTO PECAS LT;RODOVIARIO;1473471;05/03/2026;1;330969;05/03/2026;PONTO CERTO COMERCIO DE VEICULOS LTDA;1,50E+13;LAGES;SC;05/03/2026;12/03/2026;10/03/2026;Entregue No Prazo;;Entrega realizada;Entrega Finalizada;12;3;5;3;TRANSTRY;24017;;;
MOBIS BRASIL FABRICACAO DE AUTO PECAS LT;RODOVIARIO;1473530;05/03/2026;1;330970;05/03/2026;SANTA FE VEICULOS LTDA.;1,16E+13;FRANCISCO BELTRAO;PR;05/03/2026;12/03/2026;10/03/2026;Entregue No Prazo;;Entrega realizada;Entrega Finalizada;12;3;5;3;TRANSTRY;18010;;;
MOBIS BRASIL FABRICACAO DE AUTO PECAS LT;RODOVIARIO;1473424;05/03/2026;1;330942;05/03/2026;CAOA MOTOR DO BRASIL LTDA;1,68E+13;BRASILIA;DF;05/03/2026;13/03/2026;10/03/2026;Entregue No Prazo;;Entrega realizada;Entrega Finalizada;13;3;5;3;RIO VERMELHO;5008;Batalha do Jenipapo;Estadual;PI
MOBIS BRASIL FABRICACAO DE AUTO PECAS LT;RODOVIARIO;1473464;05/03/2026;1;330964;05/03/2026;HOUSE PARTS - COM. DE PECAS E VEIC. LTDA;1,15E+13;SANTA CRUZ DO SUL;RS;05/03/2026;13/03/2026;10/03/2026;Entregue No Prazo;;Entrega realizada;Entrega Finalizada;13;3;5;3;TRANSTRY;23017;Batalha do Jenipapo;Estadual;PI
MOBIS BRASIL FABRICACAO DE AUTO PECAS LT;RODOVIARIO;1473438;05/03/2026;1;330985;05/03/2026;GOLDEN MOTORS VEICULOS LTDA;3,62E+12;DOURADOS;MS;05/03/2026;13/03/2026;10/03/2026;Entregue No Prazo;;Entrega realizada;Entrega Finalizada;13;3;5;3;CARVALIMA;12001;Batalha do Jenipapo;Estadual;PI
MOBIS BRASIL FABRICACAO DE AUTO PECAS LT;RODOVIARIO;1473439;05/03/2026;1;331009;05/03/2026;ULSAN COMERCIO DE VEICULOS LTDA.;2,10E+13;CAMPO GRANDE;MS;05/03/2026;13/03/2026;10/03/2026;Entregue No Prazo;;Entrega realizada;Entrega Finalizada;13;3;5;3;CARVALIMA;12004;Batalha do Jenipapo;Estadual;PI
MOBIS BRASIL FABRICACAO DE AUTO PECAS LT;RODOVIARIO;1473525;05/03/2026;7;331004;05/03/2026;SAGA ASIA COM. DE VEIC.PC.E SERV. LTDA;2,23E+13;VARZEA GRANDE;MT;05/03/2026;16/03/2026;10/03/2026;Entregue No Prazo;;Entrega realizada;Entrega Finalizada;16;3;5;3;CARVALIMA;13004;;;
MOBIS BRASIL FABRICACAO DE AUTO PECAS LT;RODOVIARIO;1473550;05/03/2026;3;330981;05/03/2026;COMETA MATO GROSSO COM. DE VEICULOS LTDA;1,54E+13;SINOP;MT;05/03/2026;17/03/2026;10/03/2026;Entregue No Prazo;;Entrega realizada;Entrega Finalizada;17;3;5;3;CARVALIMA;13003;;;
MOBIS BRASIL FABRICACAO DE AUTO PECAS LT;RODOVIARIO;1473881;06/03/2026;1;331136;06/03/2026;SEVEC VEICULOS LTDA;5,68E+11;CURITIBA;PR;06/03/2026;11/03/2026;10/03/2026;Entregue No Prazo;;Entrega realizada;Entrega Finalizada;11;3;6;3;TRANSTRY;18012;;;
MOBIS BRASIL FABRICACAO DE AUTO PECAS LT;RODOVIARIO;1473882;06/03/2026;10;331136;06/03/2026;SEVEC VEICULOS LTDA;5,68E+11;CURITIBA;PR;06/03/2026;11/03/2026;10/03/2026;Entregue No Prazo;;Entrega realizada;Entrega Finalizada;11;3;6;3;TRANSTRY;18012;;;
MOBIS BRASIL FABRICACAO DE AUTO PECAS LT;RODOVIARIO;1473883;06/03/2026;12;331118;06/03/2026;BARI VEICULOS LTDA;7,46E+12;PONTA GROSSA;PR;06/03/2026;12/03/2026;10/03/2026;Entregue No Prazo;;Entrega realizada;Entrega Finalizada;12;3;6;3;TRANSTRY;18024;;;
MOBIS BRASIL FABRICACAO DE AUTO PECAS LT;RODOVIARIO;1473886;06/03/2026;1;331183;06/03/2026;VIA VR VEICULOS LTDA;1,73E+13;VOLTA REDONDA;RJ;06/03/2026;13/03/2026;10/03/2026;Entregue No Prazo;;Entrega realizada;Entrega Finalizada;13;3;6;3;CAMILO;19016;Batalha do Jenipapo;Estadual;PI
MOBIS BRASIL FABRICACAO DE AUTO PECAS LT;RODOVIARIO;1473908;06/03/2026;4;331094;06/03/2026;NOBRE DISTRIBUIDORA DE VEICULOS E PECAS;5,76E+12;MOGI DAS CRUZES;SP;06/03/2026;10/03/2026;10/03/2026;Entregue No Prazo;Extravio;10/03 Extravio;Entrega Finalizada;10;3;6;3;RISSO;26004;;;
MOBIS BRASIL FABRICACAO DE AUTO PECAS LT;RODOVIARIO;1473909;06/03/2026;34;331094;06/03/2026;NOBRE DISTRIBUIDORA DE VEICULOS E PECAS;5,76E+12;MOGI DAS CRUZES;SP;06/03/2026;10/03/2026;10/03/2026;Entregue No Prazo;Extravio;10/03 Extravio;Entrega Finalizada;10;3;6;3;RISSO;26004;;;
MOBIS BRASIL FABRICACAO DE AUTO PECAS LT;RODOVIARIO;1473910;06/03/2026;1;331081;06/03/2026;GRAND SPORT COM. DE VEIC. E PECAS LTDA;8,58E+12;GUARULHOS;SP;06/03/2026;10/03/2026;10/03/2026;Entregue No Prazo;;Entrega realizada;Entrega Finalizada;10;3;6;3;RISSO;26005;;;
MOBIS BRASIL FABRICACAO DE AUTO PECAS LT;RODOVIARIO;1473911;06/03/2026;3;331081;06/03/2026;GRAND SPORT COM. DE VEIC. E PECAS LTDA;8,58E+12;GUARULHOS;SP;06/03/2026;10/03/2026;10/03/2026;Entregue No Prazo;;Entrega realizada;Entrega Finalizada;10;3;6;3;RISSO;26005;;;
MOBIS BRASIL FABRICACAO DE AUTO PECAS LT;RODOVIARIO;1473912;06/03/2026;3;331079;06/03/2026;DHC COMERCIO DE VEICULOS E PECAS LTDA;9,52E+12;BAURU;SP;06/03/2026;11/03/2026;10/03/2026;Entregue No Prazo;Extravio;10/03 Extravio;Entrega Finalizada;11;3;6;3;RISSO;26010;;;
MOBIS BRASIL FABRICACAO DE AUTO PECAS LT;RODOVIARIO;1473917;06/03/2026;1;331074;06/03/2026;CHS MOTORS VEICULOS PECAS E SERV LTDA  ;1,69E+13;SAO PAULO;SP;06/03/2026;10/03/2026;10/03/2026;Entregue No Prazo;;Entrega realizada;Entrega Finalizada;10;3;6;3;RISSO;26037;;;
MOBIS BRASIL FABRICACAO DE AUTO PECAS LT;RODOVIARIO;1473918;06/03/2026;1;331063;06/03/2026;ANDRETA II DISTRIBUIDORA DE VEIC. LTDA;9,10E+12;INDAIATUBA;SP;06/03/2026;11/03/2026;10/03/2026;Entregue No Prazo;;Entrega realizada;Entrega Finalizada;11;3;6;3;RISSO;26011;;;
MOBIS BRASIL FABRICACAO DE AUTO PECAS LT;RODOVIARIO;1473919;06/03/2026;1;331085;06/03/2026;H R B COMERCIO DE VEICULOS LTDA;1,82E+13;SAO JOSE DO RIO PRETO;SP;06/03/2026;12/03/2026;10/03/2026;Entregue No Prazo;;Entrega realizada;Entrega Finalizada;12;3;6;3;RISSO;26050;;;
MOBIS BRASIL FABRICACAO DE AUTO PECAS LT;RODOVIARIO;1473920;06/03/2026;10;331085;06/03/2026;H R B COMERCIO DE VEICULOS LTDA;1,82E+13;SAO JOSE DO RIO PRETO;SP;06/03/2026;12/03/2026;10/03/2026;Entregue No Prazo;;Entrega realizada;Entrega Finalizada;12;3;6;3;RISSO;26050;;;
MOBIS BRASIL FABRICACAO DE AUTO PECAS LT;RODOVIARIO;1473923;06/03/2026;3;331080;06/03/2026;GOLDEN MOTORS VEICULOS LTDA;3,62E+12;ARACATUBA;SP;06/03/2026;12/03/2026;10/03/2026;Entregue No Prazo;;Entrega realizada;Entrega Finalizada;12;3;6;3;RISSO;12001;;;
MOBIS BRASIL FABRICACAO DE AUTO PECAS LT;RODOVIARIO;1473925;06/03/2026;1;331068;06/03/2026;CAOA MOTOR DO BRASIL LTDA;1,68E+13;TAUBATE;SP;06/03/2026;11/03/2026;10/03/2026;Entregue No Prazo;;Entrega realizada;Entrega Finalizada;11;3;6;3;RISSO;5008;;;
MOBIS BRASIL FABRICACAO DE AUTO PECAS LT;RODOVIARIO;1473936;06/03/2026;1;331090;06/03/2026;NEW VEICULOS E PECAS LTDA;1,59E+13;BARRETOS;SP;06/03/2026;12/03/2026;10/03/2026;Entregue No Prazo;;Entrega realizada;Entrega Finalizada;12;3;6;3;RISSO;26014;;;
MOBIS BRASIL FABRICACAO DE AUTO PECAS LT;RODOVIARIO;1474271;06/03/2026;2;331095;06/03/2026;BDG AUTOVILLE VEICULOS LTDA;4,77E+13;CONTAGEM;MG;06/03/2026;11/03/2026;10/03/2026;Entregue No Prazo;;Entrega realizada;Entrega Finalizada;11;3;6;3;XD BETIM;11037;;;
MOBIS BRASIL FABRICACAO DE AUTO PECAS LT;RODOVIARIO;1474272;06/03/2026;24;331095;06/03/2026;BDG AUTOVILLE VEICULOS LTDA;4,77E+13;CONTAGEM;MG;06/03/2026;12/03/2026;10/03/2026;Entregue No Prazo;;Entrega realizada;Entrega Finalizada;12;3;6;3;XD BETIM;11037;;;
MOBIS BRASIL FABRICACAO DE AUTO PECAS LT;RODOVIARIO;1474282;06/03/2026;7;331119;06/03/2026;BARI VEICULOS LTDA;7,46E+12;CURITIBA;PR;06/03/2026;11/03/2026;10/03/2026;Entregue No Prazo;;Entrega realizada;Entrega Finalizada;11;3;6;3;TRANSTRY;18024;;;
MOBIS BRASIL FABRICACAO DE AUTO PECAS LT;RODOVIARIO;1474291;06/03/2026;8;331086;06/03/2026;HYMAX DISTRIBUIDORA DE VEICULOS LTDA;1,73E+13;MOGI GUACU;SP;06/03/2026;12/03/2026;10/03/2026;Entregue No Prazo;Extravio;10/03 Extravio;Entrega Finalizada;12;3;6;3;RISSO;26002;;;
MOBIS BRASIL FABRICACAO DE AUTO PECAS LT;RODOVIARIO;1474292;06/03/2026;28;331086;06/03/2026;HYMAX DISTRIBUIDORA DE VEICULOS LTDA;1,73E+13;MOGI GUACU;SP;06/03/2026;12/03/2026;10/03/2026;Entregue No Prazo;Extravio;10/03 Extravio;Entrega Finalizada;12;3;6;3;RISSO;26002;;;
MOBIS BRASIL FABRICACAO DE AUTO PECAS LT;RODOVIARIO;1474293;06/03/2026;13;331067;06/03/2026;BILLY DISTRIBUIDORA DE VEICULOS LTDA;1,34E+13;BARUERI;SP;06/03/2026;10/03/2026;10/03/2026;Entregue No Prazo;Extravio;10/03 Extravio;Entrega Finalizada;10;3;6;3;RISSO;26003;;;
MOBIS BRASIL FABRICACAO DE AUTO PECAS LT;RODOVIARIO;1474294;06/03/2026;87;331089;06/03/2026;NEW VEICULOS E PECAS LTDA;1,59E+13;RIBEIRAO PRETO;SP;06/03/2026;11/03/2026;10/03/2026;Entregue No Prazo;;Entrega realizada;Entrega Finalizada;11;3;6;3;RISSO;26014;;;
MOBIS BRASIL FABRICACAO DE AUTO PECAS LT;RODOVIARIO;1474295;06/03/2026;2;331065;06/03/2026;BILLY DISTRIBUIDORA DE VEICULOS LTDA;1,34E+13;SAO CAETANO DO SUL;SP;06/03/2026;10/03/2026;10/03/2026;Entregue No Prazo;Extravio;10/03 Extravio;Entrega Finalizada;10;3;6;3;RISSO;26003;;;
MOBIS BRASIL FABRICACAO DE AUTO PECAS LT;RODOVIARIO;1474296;06/03/2026;43;331065;06/03/2026;BILLY DISTRIBUIDORA DE VEICULOS LTDA;1,34E+13;SAO CAETANO DO SUL;SP;06/03/2026;10/03/2026;10/03/2026;Entregue No Prazo;Extravio;10/03 Extravio;Entrega Finalizada;10;3;6;3;RISSO;26003;;;
MOBIS BRASIL FABRICACAO DE AUTO PECAS LT;RODOVIARIO;1474297;06/03/2026;15;331088;06/03/2026;NEW VEICULOS E PECAS LTDA;1,59E+13;FRANCA;SP;06/03/2026;12/03/2026;10/03/2026;Entregue No Prazo;;Entrega realizada;Entrega Finalizada;12;3;6;3;RISSO;26014;;;
MOBIS BRASIL FABRICACAO DE AUTO PECAS LT;RODOVIARIO;1474298;06/03/2026;40;331075;06/03/2026;CHS MOTORS VEICULOS PECAS(VL. GUILHERME);1,69E+13;SAO PAULO;SP;06/03/2026;10/03/2026;10/03/2026;Entregue No Prazo;;Entrega realizada;Entrega Finalizada;10;3;6;3;RISSO;26052;;;
MOBIS BRASIL FABRICACAO DE AUTO PECAS LT;RODOVIARIO;1474308;06/03/2026;5;331060;06/03/2026;ANDRETA II DISTRIB.DE VEICULOS LTDA.;9,10E+12;JUNDIAI;SP;06/03/2026;11/03/2026;10/03/2026;Entregue No Prazo;Extravio;10/03 Extravio;Entrega Finalizada;11;3;6;3;RISSO;26040;;;
MOBIS BRASIL FABRICACAO DE AUTO PECAS LT;RODOVIARIO;1474649;09/03/2026;2;331372;09/03/2026;BILLY DISTRIBUIDORA DE VEICULOS LTDA;1,34E+13;BARUERI;SP;09/03/2026;11/03/2026;10/03/2026;Entregue No Prazo;;Entrega realizada;Entrega Finalizada;11;3;9;3;RISSO;26003;;;
MOBIS BRASIL FABRICACAO DE AUTO PECAS LT;RODOVIARIO;1474667;09/03/2026;1;331376;09/03/2026;CAOA MOTOR DO BRASIL LTDA (INDIANOPOLIS);1,68E+13;SAO PAULO;SP;09/03/2026;11/03/2026;10/03/2026;Entregue No Prazo;;Entrega realizada;Entrega Finalizada;11;3;9;3;RISSO;26091;;;
MOBIS BRASIL FABRICACAO DE AUTO PECAS LT;RODOVIARIO;1474658;09/03/2026;1;331377;09/03/2026;CAOA MOTOR DO BRASIL LTDA (VL PRUDENTE);1,68E+13;SAO PAULO;SP;09/03/2026;11/03/2026;10/03/2026;Entregue No Prazo;;Entrega realizada;Entrega Finalizada;11;3;9;3;RISSO;26051;;;
MOBIS BRASIL FABRICACAO DE AUTO PECAS LT;RODOVIARIO;1475045;09/03/2026;21;331378;09/03/2026;CHS MOTORS VEICULOS PECAS(VL. GUILHERME);1,69E+13;SAO PAULO;SP;09/03/2026;11/03/2026;10/03/2026;Entregue No Prazo;;Entrega realizada;Entrega Finalizada;11;3;9;3;RISSO;26052;;;
MOBIS BRASIL FABRICACAO DE AUTO PECAS LT;RODOVIARIO;1474656;09/03/2026;2;331383;09/03/2026;GRAND SPORT COM. DE VEIC. E PECAS LTDA;8,58E+12;SAO PAULO;SP;09/03/2026;11/03/2026;10/03/2026;Entregue No Prazo;;Entrega realizada;Entrega Finalizada;11;3;9;3;RISSO;26034;;;
MOBIS BRASIL FABRICACAO DE AUTO PECAS LT;RODOVIARIO;1474666;09/03/2026;1;331384;09/03/2026;GRANDAY AUTOMOTORES LTDA (CHAC. CALIFOR);1,57E+13;SAO PAULO;SP;09/03/2026;11/03/2026;10/03/2026;Entregue No Prazo;;Entrega realizada;Entrega Finalizada;11;3;9;3;RISSO;26090;;;
MOBIS BRASIL FABRICACAO DE AUTO PECAS LT;RODOVIARIO;1474665;09/03/2026;14;331384;09/03/2026;GRANDAY AUTOMOTORES LTDA (CHAC. CALIFOR);1,57E+13;SAO PAULO;SP;09/03/2026;11/03/2026;10/03/2026;Entregue No Prazo;;Entrega realizada;Entrega Finalizada;11;3;9;3;RISSO;26090;;;
MOBIS BRASIL FABRICACAO DE AUTO PECAS LT;RODOVIARIO;1474660;09/03/2026;1;331374;09/03/2026;CAOA MOTOR DO BRASIL LTDA;1,68E+13;CAMPINAS;SP;09/03/2026;12/03/2026;10/03/2026;Entregue No Prazo;;Entrega realizada;Entrega Finalizada;12;3;9;3;RISSO;5008;;;
MOBIS BRASIL FABRICACAO DE AUTO PECAS LT;RODOVIARIO;1474664;09/03/2026;1;331375;09/03/2026;CAOA MOTOR DO BRASIL LTDA;1,68E+13;SANTOS;SP;09/03/2026;12/03/2026;10/03/2026;Entregue No Prazo;;Entrega realizada;Entrega Finalizada;12;3;9;3;RISSO;5008;;;
MOBIS BRASIL FABRICACAO DE AUTO PECAS LT;RODOVIARIO;1474653;09/03/2026;5;331380;09/03/2026;DHC COMERCIO DE VEICULOS E PECAS LTDA;9,52E+12;BAURU;SP;09/03/2026;12/03/2026;10/03/2026;Entregue No Prazo;;Entrega realizada;Entrega Finalizada;12;3;9;3;RISSO;26010;;;
MOBIS BRASIL FABRICACAO DE AUTO PECAS LT;RODOVIARIO;1474668;09/03/2026;2;331385;09/03/2026;H - CAMINHO AUTOMOVEIS LTDA;2,53E+13;PIRACICABA;SP;09/03/2026;13/03/2026;10/03/2026;Entregue No Prazo;;Entrega realizada;Entrega Finalizada;13;3;9;3;RISSO;26092;Batalha do Jenipapo;Estadual;PI
MOBIS BRASIL FABRICACAO DE AUTO PECAS LT;RODOVIARIO;1474669;09/03/2026;5;331385;09/03/2026;H - CAMINHO AUTOMOVEIS LTDA;2,53E+13;PIRACICABA;SP;09/03/2026;13/03/2026;10/03/2026;Entregue No Prazo;;Entrega realizada;Entrega Finalizada;13;3;9;3;RISSO;26092;Batalha do Jenipapo;Estadual;PI
MOBIS BRASIL FABRICACAO DE AUTO PECAS LT;RODOVIARIO;1475035;09/03/2026;3;331387;09/03/2026;HYMAX DISTRIBUIDORA DE VEICULOS LTDA;1,73E+13;MOGI GUACU;SP;09/03/2026;13/03/2026;10/03/2026;Entregue No Prazo;;Entrega realizada;Entrega Finalizada;13;3;9;3;RISSO;26002;Batalha do Jenipapo;Estadual;PI
MOBIS BRASIL FABRICACAO DE AUTO PECAS LT;RODOVIARIO;1473862;06/03/2026;1;331110;06/03/2026;TOKSU COMERCIO DE VEICULOS LTDA;1,12E+13;VARGINHA;MG;06/03/2026;12/03/2026;10/03/2026;Entregue No Prazo;;Entrega realizada;Entrega Finalizada;12;3;6;3;XD BETIM;11008;;;
MOBIS BRASIL FABRICACAO DE AUTO PECAS LT;RODOVIARIO;1474270;06/03/2026;4;331097;06/03/2026;CAOA MOTOR DO BRASIL LTDA;1,68E+13;BELO HORIZONTE;MG;06/03/2026;11/03/2026;10/03/2026;Entregue No Prazo;;Entrega realizada;Entrega Finalizada;11;3;6;3;XD BETIM;5008;;;
MOBIS BRASIL FABRICACAO DE AUTO PECAS LT;RODOVIARIO;1473857;06/03/2026;1;331112;06/03/2026;URCA MOTORS VEICULOS LTDA;8,77E+12;UBERLANDIA;MG;06/03/2026;12/03/2026;10/03/2026;Entregue No Prazo;;Entrega realizada;Entrega Finalizada;12;3;6;3;XD BETIM;9014;;;
MOBIS BRASIL FABRICACAO DE AUTO PECAS LT;RODOVIARIO;1473864;06/03/2026;1;331113;06/03/2026;URCA MOTORS VEICULOS LTDA;8,77E+12;PATOS DE MINAS;MG;06/03/2026;12/03/2026;10/03/2026;Entregue No Prazo;;Entrega realizada;Entrega Finalizada;12;3;6;3;XD BETIM;9014;;;
MOBIS BRASIL FABRICACAO DE AUTO PECAS LT;RODOVIARIO;1466281;20/02/2026;1;329017;20/02/2026;HOUSE PARTS - COM DE PECAS E VEIC LTDA;1,15E+13;OSORIO;RS;20/02/2026;27/02/2026;11/03/2026;Entregue Fora do Prazo;;Entrega realizada;Entrega Finalizada;27;2;20;2;TRANSTRY;23016;;;
MOBIS BRASIL FABRICACAO DE AUTO PECAS LT;RODOVIARIO;1466933;23/02/2026;6;329217;23/02/2026;CARWAY SUL VEICULOS LTDA;1,03E+13;CANOAS;RS;23/02/2026;27/02/2026;11/03/2026;Entregue Fora do Prazo;;Entrega realizada;Entrega Finalizada;27;2;23;2;TRANSTRY;23003;;;
MOBIS BRASIL FABRICACAO DE AUTO PECAS LT;RODOVIARIO;1467659;24/02/2026;1;329438;24/02/2026;HOUSE PARTS - COM DE PECAS E VEIC LTDA;1,15E+13;OSORIO;RS;24/02/2026;03/03/2026;11/03/2026;Entregue Fora do Prazo;;Entrega realizada;Entrega Finalizada;3;3;24;2;TRANSTRY;23016;;;
MOBIS BRASIL FABRICACAO DE AUTO PECAS LT;RODOVIARIO;1468427;25/02/2026;2;329663;25/02/2026;ATUAL VEICULOS LTDA;1,33E+13;TUBARAO;SC;25/02/2026;04/03/2026;11/03/2026;Entregue Fora do Prazo;;Entrega realizada;Entrega Finalizada;4;3;25;2;TRANSTRY;24001;;;
MOBIS BRASIL FABRICACAO DE AUTO PECAS LT;RODOVIARIO;1468387;25/02/2026;1;329691;25/02/2026;CAOA MOTOR DO BRASIL LTDA;1,68E+13;CAMPINA GRANDE;PB;25/02/2026;13/03/2026;11/03/2026;Entregue No Prazo;;Entrega realizada;Entrega Finalizada;13;3;25;2;TERMACO;5008;Batalha do Jenipapo;Estadual;PI
MOBIS BRASIL FABRICACAO DE AUTO PECAS LT;RODOVIARIO;1469017;26/02/2026;3;329889;26/02/2026;ORVEL AUTOMOTOR HYD LTDA;2,52E+13;TEIXEIRA DE FREITAS;BA;26/02/2026;13/03/2026;11/03/2026;Entregue No Prazo;;Entrega realizada;Entrega Finalizada;13;3;26;2;TERMACO;5011;Batalha do Jenipapo;Estadual;PI
MOBIS BRASIL FABRICACAO DE AUTO PECAS LT;RODOVIARIO;1469462;26/02/2026;5;329899;26/02/2026;SAINT LAND COMERCIO DE VEICULOS LTDA;1,04E+13;NATAL;RN;26/02/2026;13/03/2026;11/03/2026;Entregue No Prazo;;Entrega realizada;Entrega Finalizada;13;3;26;2;TERMACO;6010;Batalha do Jenipapo;Estadual;PI
MOBIS BRASIL FABRICACAO DE AUTO PECAS LT;RODOVIARIO;1469018;26/02/2026;1;329899;26/02/2026;SAINT LAND COMERCIO DE VEICULOS LTDA;1,04E+13;NATAL;RN;26/02/2026;13/03/2026;11/03/2026;Entregue No Prazo;;Entrega realizada;Entrega Finalizada;13;3;26;2;TERMACO;6010;Batalha do Jenipapo;Estadual;PI
MOBIS BRASIL FABRICACAO DE AUTO PECAS LT;RODOVIARIO;1469639;26/02/2026;1;330118;27/02/2026;PRIVILLEGE DISTRIBUIDORA DE VEICULOS LTD;1,72E+13;PALMAS;TO;27/02/2026;10/03/2026;11/03/2026;Entregue Fora do Prazo;;Entrega realizada;Entrega Finalizada;10;3;27;2;RIO VERMELHO;27003;;;
MOBIS BRASIL FABRICACAO DE AUTO PECAS LT;RODOVIARIO;1470376;27/02/2026;1;330118;27/02/2026;PRIVILLEGE DISTRIBUIDORA DE VEICULOS LTD;1,72E+13;PALMAS;TO;27/02/2026;10/03/2026;11/03/2026;Entregue Fora do Prazo;;Entrega realizada;Entrega Finalizada;10;3;27;2;RIO VERMELHO;27003;;;
MOBIS BRASIL FABRICACAO DE AUTO PECAS LT;RODOVIARIO;1470269;27/02/2026;4;330179;27/02/2026;ORVEL AUTOMOTOR HYD LTDA;2,52E+13;TEIXEIRA DE FREITAS;BA;27/02/2026;16/03/2026;11/03/2026;Entregue No Prazo;;Entrega realizada;Entrega Finalizada;16;3;27;2;TERMACO;5011;;;
MOBIS BRASIL FABRICACAO DE AUTO PECAS LT;RODOVIARIO;1470290;27/02/2026;33;330183;27/02/2026;PATEO COMERCIO DE VEICULOS S A;7,78E+12;JOAO PESSOA;PB;27/02/2026;16/03/2026;11/03/2026;Entregue No Prazo;;Entrega realizada;Entrega Finalizada;16;3;27;2;TERMACO;15003;;;
MOBIS BRASIL FABRICACAO DE AUTO PECAS LT;RODOVIARIO;1470271;27/02/2026;9;330188;27/02/2026;SAINT LAND COMERCIO DE VEICULOS LTDA;1,04E+13;JUAZEIRO DO NORTE;CE;27/02/2026;17/03/2026;11/03/2026;Entregue No Prazo;;Entrega realizada;Entrega Finalizada;17;3;27;2;TERMACO;6010;;;
MOBIS BRASIL FABRICACAO DE AUTO PECAS LT;RODOVIARIO;1470885;28/02/2026;2;330352;28/02/2026;IMOTORS VEICULOS LTDA;7,17E+12;JUIZ DE FORA;MG;28/02/2026;06/03/2026;11/03/2026;Entregue Fora do Prazo;;Entrega realizada;Entrega Finalizada;6;3;28;2;XD BETIM;11010;Revolução Pernambucana de 1817;Estadual;PE
MOBIS BRASIL FABRICACAO DE AUTO PECAS LT;RODOVIARIO;1470884;28/02/2026;5;330361;28/02/2026;TOKSU COMERCIO DE VEICULOS LTDA;1,12E+13;JUIZ DE FORA;MG;28/02/2026;06/03/2026;11/03/2026;Entregue Fora do Prazo;;Entrega realizada;Entrega Finalizada;6;3;28;2;XD BETIM;11008;Revolução Pernambucana de 1817;Estadual;PE
MOBIS BRASIL FABRICACAO DE AUTO PECAS LT;RODOVIARIO;1470890;28/02/2026;2;330365;28/02/2026;VIME POCOS COM. DE VEICULOS E PECAS LTDA;3,43E+13;POCOS DE CALDAS;MG;28/02/2026;06/03/2026;11/03/2026;Entregue Fora do Prazo;;Entrega realizada;Entrega Finalizada;6;3;28;2;XD BETIM;11033;Revolução Pernambucana de 1817;Estadual;PE
MOBIS BRASIL FABRICACAO DE AUTO PECAS LT;RODOVIARIO;1470891;28/02/2026;6;330351;28/02/2026;GNC GRANDE COREIA MINAS GERAIS COMERCIO;4,27E+13;MONTES CLAROS;MG;28/02/2026;09/03/2026;11/03/2026;Entregue Fora do Prazo;;Entrega realizada;Entrega Finalizada;9;3;28;2;XD BETIM;11035;;;
MOBIS BRASIL FABRICACAO DE AUTO PECAS LT;RODOVIARIO;1470938;28/02/2026;4;330354;28/02/2026;PRIVILLEGE DISTRIBUIDORA DE VEICULOS LTD;1,72E+13;PALMAS;TO;28/02/2026;11/03/2026;11/03/2026;Entregue No Prazo;;Entrega realizada;Entrega Finalizada;11;3;28;2;RIO VERMELHO;27003;;;
MOBIS BRASIL FABRICACAO DE AUTO PECAS LT;AEREO;1469634;;;330347;28/02/2026;ULSAN COMERCIO DE VEICULOS LTDA;2,10E+13;RIO BRANCO;AC;;11/03/2026;11/03/2026;Entregue No Prazo;;Entrega realizada;Entrega Finalizada;11;3;0;1;GOL;21004;;;
MOBIS BRASIL FABRICACAO DE AUTO PECAS LT;AEREO;1469636;;;330347;28/02/2026;ULSAN COMERCIO DE VEICULOS LTDA;2,10E+13;RIO BRANCO;AC;;11/03/2026;11/03/2026;Entregue No Prazo;;Entrega realizada;Entrega Finalizada;11;3;0;1;GOL;21004;;;
MOBIS BRASIL FABRICACAO DE AUTO PECAS LT;AEREO;1469725;;;330347;28/02/2026;ULSAN COMERCIO DE VEICULOS LTDA;2,10E+13;RIO BRANCO;AC;;11/03/2026;11/03/2026;Entregue No Prazo;;Entrega realizada;Entrega Finalizada;11;3;0;1;GOL;21004;;;
MOBIS BRASIL FABRICACAO DE AUTO PECAS LT;RODOVIARIO;1470900;28/02/2026;2;330422;02/03/2026;GREEN CITY VEICULOS LTDA;2,10E+13;TERESINA;PI;02/03/2026;18/03/2026;11/03/2026;Entregue No Prazo;;Entrega realizada;Entrega Finalizada;18;3;2;3;TERMACO;17002;;;
MOBIS BRASIL FABRICACAO DE AUTO PECAS LT;RODOVIARIO;1470873;28/02/2026;3;330419;02/03/2026;FAZZA MOTORS COMERCIO DE VEICULOS LTDA;1,24E+13;SALVADOR;BA;02/03/2026;12/03/2026;11/03/2026;Entregue No Prazo;;Entrega realizada;Entrega Finalizada;12;3;2;3;TERMACO;5007;;;
MOBIS BRASIL FABRICACAO DE AUTO PECAS LT;RODOVIARIO;1471925;03/03/2026;1;330574;03/03/2026;TOKSU COMERCIO DE VEICULOS LTDA;1,12E+13;JUIZ DE FORA;MG;03/03/2026;09/03/2026;11/03/2026;Entregue Fora do Prazo;;Entrega realizada;Entrega Finalizada;9;3;3;3;XD BETIM;11008;;;
MOBIS BRASIL FABRICACAO DE AUTO PECAS LT;RODOVIARIO;1471927;03/03/2026;1;330578;03/03/2026;VIME POCOS COM. DE VEICULOS E PECAS LTDA;3,43E+13;POCOS DE CALDAS;MG;03/03/2026;09/03/2026;11/03/2026;Entregue Fora do Prazo;;Entrega realizada;Entrega Finalizada;9;3;3;3;XD BETIM;11033;;;
MOBIS BRASIL FABRICACAO DE AUTO PECAS LT;RODOVIARIO;1471924;03/03/2026;2;330575;03/03/2026;TOKSU COMERCIO DE VEICULOS LTDA;1,12E+13;BARBACENA;MG;03/03/2026;10/03/2026;11/03/2026;Entregue Fora do Prazo;;Entrega realizada;Entrega Finalizada;10;3;3;3;XD BETIM;11008;;;
MOBIS BRASIL FABRICACAO DE AUTO PECAS LT;RODOVIARIO;1471915;03/03/2026;1;330610;03/03/2026;VIA BRASIL AUTOMOVEIS LTDA.;4,72E+12;SERRA;ES;03/03/2026;10/03/2026;11/03/2026;Entregue No Prazo;;Entrega realizada;Entrega Finalizada;10;3;3;3;CAMILO;8001;;;
MOBIS BRASIL FABRICACAO DE AUTO PECAS LT;RODOVIARIO;1471916;03/03/2026;8;330610;03/03/2026;VIA BRASIL AUTOMOVEIS LTDA.;4,72E+12;SERRA;ES;03/03/2026;10/03/2026;11/03/2026;Entregue No Prazo;;Entrega realizada;Entrega Finalizada;10;3;3;3;CAMILO;8001;;;
MOBIS BRASIL FABRICACAO DE AUTO PECAS LT;RODOVIARIO;1471918;03/03/2026;4;330602;03/03/2026;PRIME CACHOEIRO VEICULOS LTDA;9,34E+12;LINHARES;ES;03/03/2026;11/03/2026;11/03/2026;Entregue No Prazo;;Entrega realizada;Entrega Finalizada;11;3;3;3;CAMILO;8004;;;
MOBIS BRASIL FABRICACAO DE AUTO PECAS LT;RODOVIARIO;1471917;03/03/2026;1;330603;03/03/2026;PRIME CACHOEIRO VEICULOS LTDA EPP;9,34E+12;CACHOEIRO DE ITAPEMIRIM;ES;03/03/2026;11/03/2026;11/03/2026;Entregue No Prazo;;Entrega realizada;Entrega Finalizada;11;3;3;3;CAMILO;8003;;;
MOBIS BRASIL FABRICACAO DE AUTO PECAS LT;RODOVIARIO;1471921;03/03/2026;1;330566;03/03/2026;NASA MOTORS LTDA.;2,65E+13;SAO LUIS DE MONTES BELOS;GO;03/03/2026;17/03/2026;11/03/2026;Entregue No Prazo;;Entrega realizada;Entrega Finalizada;17;3;3;3;RIO VERMELHO;9016;;;
MOBIS BRASIL FABRICACAO DE AUTO PECAS LT;RODOVIARIO;1472203;03/03/2026;7;330588;03/03/2026;CYCOSA AUTOMOVEIS LTDA;4,76E+12;MACEIO;AL;03/03/2026;17/03/2026;11/03/2026;Entregue No Prazo;;Entrega realizada;Entrega Finalizada;17;3;3;3;TERMACO;2001;;;
MOBIS BRASIL FABRICACAO DE AUTO PECAS LT;RODOVIARIO;1471909;03/03/2026;4;330598;03/03/2026;ORVEL AUTOMOTOR HYD LTDA;2,52E+13;TEIXEIRA DE FREITAS;BA;03/03/2026;18/03/2026;11/03/2026;Entregue No Prazo;;Entrega realizada;Entrega Finalizada;18;3;3;3;TERMACO;5011;;;
MOBIS BRASIL FABRICACAO DE AUTO PECAS LT;RODOVIARIO;1471933;03/03/2026;5;330599;03/03/2026;PATEO COMERCIO DE VEICULOS S A;7,78E+12;JOAO PESSOA;PB;03/03/2026;18/03/2026;11/03/2026;Entregue No Prazo;;Entrega realizada;Entrega Finalizada;18;3;3;3;TERMACO;15003;;;
MOBIS BRASIL FABRICACAO DE AUTO PECAS LT;RODOVIARIO;1472490;04/03/2026;1;330802;04/03/2026;TOKSU COMERCIO DE VEICULOS LTDA;1,12E+13;JUIZ DE FORA;MG;04/03/2026;10/03/2026;11/03/2026;Entregue Fora do Prazo;;Entrega realizada;Entrega Finalizada;10;3;4;3;XD BETIM;11008;;;
MOBIS BRASIL FABRICACAO DE AUTO PECAS LT;RODOVIARIO;1472494;04/03/2026;1;330807;04/03/2026;VIME POCOS COM. DE VEICULOS E PECAS LTDA;3,43E+13;POCOS DE CALDAS;MG;04/03/2026;10/03/2026;11/03/2026;Entregue Fora do Prazo;;Entrega realizada;Entrega Finalizada;10;3;4;3;XD BETIM;11033;;;
MOBIS BRASIL FABRICACAO DE AUTO PECAS LT;RODOVIARIO;1472495;04/03/2026;3;330792;04/03/2026;GNC GRANDE COREIA MINAS GERAIS COMERCIO;4,27E+13;MONTES CLAROS;MG;04/03/2026;11/03/2026;11/03/2026;Entregue No Prazo;;Entrega realizada;Entrega Finalizada;11;3;4;3;XD BETIM;11035;;;
MOBIS BRASIL FABRICACAO DE AUTO PECAS LT;RODOVIARIO;1472879;04/03/2026;1;330836;04/03/2026;TAI MOTORS VEICULOS S/A.;9,27E+12;CAMPOS DOS GOYTACAZES;RJ;04/03/2026;11/03/2026;11/03/2026;Entregue No Prazo;;Entrega realizada;Entrega Finalizada;11;3;4;3;CAMILO;19023;;;
MOBIS BRASIL FABRICACAO DE AUTO PECAS LT;RODOVIARIO;1472485;04/03/2026;1;330804;04/03/2026;URCA MOTORS VEICULOS LTDA;8,77E+12;ITUMBIARA;GO;04/03/2026;16/03/2026;11/03/2026;Entregue No Prazo;;Entrega realizada;Entrega Finalizada;16;3;4;3;RIO VERMELHO;9014;;;
MOBIS BRASIL FABRICACAO DE AUTO PECAS LT;RODOVIARIO;1472486;04/03/2026;1;330793;04/03/2026;NASA MOTORS LTDA.;2,65E+13;SAO LUIS DE MONTES BELOS;GO;04/03/2026;18/03/2026;11/03/2026;Entregue No Prazo;;Entrega realizada;Entrega Finalizada;18;3;4;3;RIO VERMELHO;9016;;;
MOBIS BRASIL FABRICACAO DE AUTO PECAS LT;RODOVIARIO;1472487;04/03/2026;4;330793;04/03/2026;NASA MOTORS LTDA.;2,65E+13;SAO LUIS DE MONTES BELOS;GO;04/03/2026;18/03/2026;11/03/2026;Entregue No Prazo;;Entrega realizada;Entrega Finalizada;18;3;4;3;RIO VERMELHO;9016;;;
MOBIS BRASIL FABRICACAO DE AUTO PECAS LT;RODOVIARIO;1472864;04/03/2026;2;330817;04/03/2026;CYCOSA AUTOMOVEIS LTDA;4,76E+12;MACEIO;AL;04/03/2026;18/03/2026;11/03/2026;Entregue No Prazo;;Entrega realizada;Entrega Finalizada;18;3;4;3;TERMACO;2001;;;
MOBIS BRASIL FABRICACAO DE AUTO PECAS LT;RODOVIARIO;1472475;04/03/2026;1;330809;04/03/2026;AIKON VEICULOS LTDA;1,17E+13;VITORIA DA CONQUISTA;BA;04/03/2026;19/03/2026;11/03/2026;Entregue No Prazo;;Entrega realizada;Entrega Finalizada;19;3;4;3;TERMACO;5002;;;
MOBIS BRASIL FABRICACAO DE AUTO PECAS LT;RODOVIARIO;1472488;04/03/2026;1;330826;04/03/2026;NACIONAL NOVA MARABA DIST DE VEIC. LTDA;1,70E+13;IMPERATRIZ;MA;04/03/2026;24/03/2026;11/03/2026;Entregue No Prazo;;Entrega realizada;Entrega Finalizada;24;3;4;3;TERMACO;10003;;;
MOBIS BRASIL FABRICACAO DE AUTO PECAS LT;RODOVIARIO;1473474;05/03/2026;2;330940;05/03/2026;NOBRE DISTRIBUIDORA DE VEICULOS E PECAS;5,76E+12;MOGI DAS CRUZES;SP;05/03/2026;09/03/2026;11/03/2026;Entregue Fora do Prazo;;Entrega realizada;Entrega Finalizada;9;3;5;3;RISSO;26004;;;
MOBIS BRASIL FABRICACAO DE AUTO PECAS LT;RODOVIARIO;1473546;05/03/2026;10;330952;05/03/2026;TAI MOTORS VEICULOS S/A;9,27E+12;BELO HORIZONTE;MG;05/03/2026;10/03/2026;11/03/2026;Entregue Fora do Prazo;;Entrega realizada;Entrega Finalizada;10;3;5;3;XD BETIM;8002;;;
MOBIS BRASIL FABRICACAO DE AUTO PECAS LT;RODOVIARIO;1473434;05/03/2026;3;330953;05/03/2026;TOKSU COMERCIO DE VEICULOS LTDA;1,12E+13;JUIZ DE FORA;MG;05/03/2026;11/03/2026;11/03/2026;Entregue No Prazo;;Entrega realizada;Entrega Finalizada;11;3;5;3;XD BETIM;11008;;;
MOBIS BRASIL FABRICACAO DE AUTO PECAS LT;RODOVIARIO;1473514;05/03/2026;21;330967;05/03/2026;LOVAT VEICULOS S/A;8,57E+12;LONDRINA;PR;05/03/2026;11/03/2026;11/03/2026;Entregue No Prazo;;Entrega realizada;Entrega Finalizada;11;3;5;3;TRANSTRY;18008;;;
MOBIS BRASIL FABRICACAO DE AUTO PECAS LT;RODOVIARIO;1473454;05/03/2026;2;330973;05/03/2026;AMX COM. E SERVICOS DE AUTOMOTORES LTDA;1,20E+13;RIO DE JANEIRO;RJ;05/03/2026;11/03/2026;11/03/2026;Entregue No Prazo;;Entrega realizada;Entrega Finalizada;11;3;5;3;CAMILO;19009;;;
MOBIS BRASIL FABRICACAO DE AUTO PECAS LT;RODOVIARIO;1473529;05/03/2026;2;330963;05/03/2026;GALA COMERCIO DE VEICULOS LTDA.;1,77E+13;PELOTAS;RS;05/03/2026;12/03/2026;11/03/2026;Entregue No Prazo;;Entrega realizada;Entrega Finalizada;12;3;5;3;TRANSTRY;23009;;;
MOBIS BRASIL FABRICACAO DE AUTO PECAS LT;RODOVIARIO;1473456;05/03/2026;3;331011;05/03/2026;VIA VR VEICULOS LTDA;1,73E+13;VOLTA REDONDA;RJ;05/03/2026;12/03/2026;11/03/2026;Entregue No Prazo;;Entrega realizada;Entrega Finalizada;12;3;5;3;CAMILO;19016;;;
MOBIS BRASIL FABRICACAO DE AUTO PECAS LT;RODOVIARIO;1473465;05/03/2026;8;330962;05/03/2026;CHINHAN AUTOMOVEIS LTDA;2,41E+13;ERECHIM;RS;05/03/2026;13/03/2026;11/03/2026;Entregue No Prazo;;Entrega realizada;Entrega Finalizada;13;3;5;3;TRANSTRY;23019;Batalha do Jenipapo;Estadual;PI
MOBIS BRASIL FABRICACAO DE AUTO PECAS LT;RODOVIARIO;1473419;05/03/2026;1;330984;05/03/2026;FAZZA MOTORS COMERCIO DE VEICULOS LTDA;1,24E+13;SALVADOR;BA;05/03/2026;17/03/2026;11/03/2026;Entregue No Prazo;;Entrega realizada;Entrega Finalizada;17;3;5;3;TERMACO;5007;;;
MOBIS BRASIL FABRICACAO DE AUTO PECAS LT;RODOVIARIO;1473420;05/03/2026;2;330984;05/03/2026;FAZZA MOTORS COMERCIO DE VEICULOS LTDA;1,24E+13;SALVADOR;BA;05/03/2026;17/03/2026;11/03/2026;Entregue No Prazo;;Entrega realizada;Entrega Finalizada;17;3;5;3;TERMACO;5007;;;
MOBIS BRASIL FABRICACAO DE AUTO PECAS LT;RODOVIARIO;1473549;05/03/2026;2;330993;05/03/2026;NACIONAL NOVA MARABA DIST DE VEIC. LTDA;1,70E+13;MARABA;PA;05/03/2026;19/03/2026;11/03/2026;Entregue No Prazo;;Entrega realizada;Entrega Finalizada;19;3;5;3;CARVALIMA;14005;;;
MOBIS BRASIL FABRICACAO DE AUTO PECAS LT;RODOVIARIO;1473532;05/03/2026;1;330992;05/03/2026;NACIONAL NOVA MARABA DIST DE VEIC. LTDA;1,70E+13;PARAUAPEBAS;PA;05/03/2026;23/03/2026;11/03/2026;Entregue No Prazo;;Entrega realizada;Entrega Finalizada;23;3;5;3;CARVALIMA;14010;;;
MOBIS BRASIL FABRICACAO DE AUTO PECAS LT;RODOVIARIO;1473858;06/03/2026;1;331109;06/03/2026;TOKSU COMERCIO DE VEICULOS LTDA;1,12E+13;JUIZ DE FORA;MG;06/03/2026;12/03/2026;11/03/2026;Entregue No Prazo;;Entrega realizada;Entrega Finalizada;12;3;6;3;XD BETIM;11008;;;
MOBIS BRASIL FABRICACAO DE AUTO PECAS LT;RODOVIARIO;1473859;06/03/2026;1;331099;06/03/2026;IMOTORS VEICULOS LTDA;7,17E+12;JUIZ DE FORA;MG;06/03/2026;12/03/2026;11/03/2026;Entregue No Prazo;;Entrega realizada;Entrega Finalizada;12;3;6;3;XD BETIM;11010;;;
MOBIS BRASIL FABRICACAO DE AUTO PECAS LT;RODOVIARIO;1473860;06/03/2026;1;331114;06/03/2026;VITAL COMERCIO DE VEICULOS LTDA;1,05E+13;GOVERNADOR VALADARES;MG;06/03/2026;13/03/2026;11/03/2026;Entregue No Prazo;;Entrega realizada;Entrega Finalizada;13;3;6;3;XD BETIM;11016;Batalha do Jenipapo;Estadual;PI
MOBIS BRASIL FABRICACAO DE AUTO PECAS LT;RODOVIARIO;1473861;06/03/2026;1;331114;06/03/2026;VITAL COMERCIO DE VEICULOS LTDA;1,05E+13;GOVERNADOR VALADARES;MG;06/03/2026;13/03/2026;11/03/2026;Entregue No Prazo;;Entrega realizada;Entrega Finalizada;13;3;6;3;XD BETIM;11016;Batalha do Jenipapo;Estadual;PI
MOBIS BRASIL FABRICACAO DE AUTO PECAS LT;RODOVIARIO;1473863;06/03/2026;4;331098;06/03/2026;GNC GRANDE COREIA MINAS GERAIS COMERCIO;4,27E+13;MONTES CLAROS;MG;06/03/2026;13/03/2026;11/03/2026;Entregue No Prazo;;Entrega realizada;Entrega Finalizada;13;3;6;3;XD BETIM;11035;Batalha do Jenipapo;Estadual;PI
MOBIS BRASIL FABRICACAO DE AUTO PECAS LT;RODOVIARIO;1473867;06/03/2026;2;331147;06/03/2026;COMETA MATO GROSSO COM. DE VEICULOS LTDA;1,54E+13;RONDONOPOLIS;MT;06/03/2026;18/03/2026;11/03/2026;Entregue No Prazo;;Entrega realizada;Entrega Finalizada;18;3;6;3;CARVALIMA;13006;;;
MOBIS BRASIL FABRICACAO DE AUTO PECAS LT;RODOVIARIO;1473868;06/03/2026;2;331145;06/03/2026;COMETA MATO GROSSO COM. DE VEICULOS LTDA;1,54E+13;TANGARA DA SERRA;MT;06/03/2026;17/03/2026;11/03/2026;Entregue No Prazo;;Entrega realizada;Entrega Finalizada;17;3;6;3;CARVALIMA;13007;;;
MOBIS BRASIL FABRICACAO DE AUTO PECAS LT;RODOVIARIO;1473889;06/03/2026;1;331141;06/03/2026;CAOA MOTOR DO BRASIL LTDA;1,68E+13;RIO DE JANEIRO;RJ;06/03/2026;12/03/2026;11/03/2026;Entregue No Prazo;;Entrega realizada;Entrega Finalizada;12;3;6;3;CAMILO;5008;;;
MOBIS BRASIL FABRICACAO DE AUTO PECAS LT;RODOVIARIO;1473890;06/03/2026;1;331159;06/03/2026;MONTREAL VEICULOS E PECAS LTDA;1,68E+13;MACAE;RJ;06/03/2026;13/03/2026;11/03/2026;Entregue No Prazo;;Entrega realizada;Entrega Finalizada;13;3;6;3;CAMILO;19030;Batalha do Jenipapo;Estadual;PI
MOBIS BRASIL FABRICACAO DE AUTO PECAS LT;RODOVIARIO;1473891;06/03/2026;2;331160;06/03/2026;MONTREAL VEICULOS E PECAS LTDA;1,68E+13;SAO PEDRO DA ALDEIA;RJ;06/03/2026;13/03/2026;11/03/2026;Entregue No Prazo;;Entrega realizada;Entrega Finalizada;13;3;6;3;CAMILO;19030;Batalha do Jenipapo;Estadual;PI
MOBIS BRASIL FABRICACAO DE AUTO PECAS LT;RODOVIARIO;1473895;06/03/2026;9;331131;06/03/2026;HOUSE PARTS-COM. DE PCS. E VEICULOS LTDA;1,15E+13;PORTO ALEGRE;RS;06/03/2026;12/03/2026;11/03/2026;Entregue No Prazo;;Entrega realizada;Entrega Finalizada;12;3;6;3;TRANSTRY;23004;;;
MOBIS BRASIL FABRICACAO DE AUTO PECAS LT;RODOVIARIO;1473896;06/03/2026;8;331122;06/03/2026;CARWAY SUL VEICULOS LTDA;1,03E+13;CANOAS;RS;06/03/2026;12/03/2026;11/03/2026;Entregue No Prazo;;Entrega realizada;Entrega Finalizada;12;3;6;3;TRANSTRY;23003;;;
MOBIS BRASIL FABRICACAO DE AUTO PECAS LT;RODOVIARIO;1473900;06/03/2026;1;331125;06/03/2026;GALA COMERCIO DE VEICULOS LTDA;1,77E+13;BAGE;RS;06/03/2026;17/03/2026;11/03/2026;Entregue No Prazo;;Entrega realizada;Entrega Finalizada;17;3;6;3;TRANSTRY;23009;;;
MOBIS BRASIL FABRICACAO DE AUTO PECAS LT;RODOVIARIO;1473901;06/03/2026;4;331117;06/03/2026;ATUAL VEICULOS LTDA;1,33E+13;ARARANGUA;SC;06/03/2026;13/03/2026;11/03/2026;Entregue No Prazo;;Entrega realizada;Entrega Finalizada;13;3;6;3;TRANSTRY;24001;Batalha do Jenipapo;Estadual;PI
MOBIS BRASIL FABRICACAO DE AUTO PECAS LT;RODOVIARIO;1473902;06/03/2026;15;331116;06/03/2026;ATUAL VEICULOS LTDA;1,33E+13;CRICIUMA;SC;06/03/2026;13/03/2026;11/03/2026;Entregue No Prazo;;Entrega realizada;Entrega Finalizada;13;3;6;3;TRANSTRY;24001;Batalha do Jenipapo;Estadual;PI
MOBIS BRASIL FABRICACAO DE AUTO PECAS LT;RODOVIARIO;1473903;06/03/2026;9;331115;06/03/2026;ATUAL VEICULOS LTDA;1,33E+13;TUBARAO;SC;06/03/2026;13/03/2026;11/03/2026;Entregue No Prazo;;Entrega realizada;Entrega Finalizada;13;3;6;3;TRANSTRY;24001;Batalha do Jenipapo;Estadual;PI
MOBIS BRASIL FABRICACAO DE AUTO PECAS LT;RODOVIARIO;1473904;06/03/2026;1;331134;06/03/2026;LR COMERCIO DE VEICULOS LTDA;1,05E+13;SAO JOSE;SC;06/03/2026;13/03/2026;11/03/2026;Entregue No Prazo;;Entrega realizada;Entrega Finalizada;13;3;6;3;TRANSTRY;24007;Batalha do Jenipapo;Estadual;PI
MOBIS BRASIL FABRICACAO DE AUTO PECAS LT;RODOVIARIO;1473905;06/03/2026;19;331134;06/03/2026;LR COMERCIO DE VEICULOS LTDA;1,05E+13;SAO JOSE;SC;06/03/2026;13/03/2026;11/03/2026;Entregue No Prazo;;Entrega realizada;Entrega Finalizada;13;3;6;3;TRANSTRY;24007;Batalha do Jenipapo;Estadual;PI
MOBIS BRASIL FABRICACAO DE AUTO PECAS LT;RODOVIARIO;1473906;06/03/2026;1;331121;06/03/2026;BARI VEICULOS LTDA.;7,46E+12;ITAJAI;SC;06/03/2026;12/03/2026;11/03/2026;Entregue No Prazo;;Entrega realizada;Entrega Finalizada;12;3;6;3;TRANSTRY;24014;;;
MOBIS BRASIL FABRICACAO DE AUTO PECAS LT;RODOVIARIO;1473913;06/03/2026;11;331062;06/03/2026;ANDRETA II DISTRIBUIDORA DE VEIC. LTDA;9,10E+12;CAMPINAS;SP;06/03/2026;11/03/2026;11/03/2026;Entregue No Prazo;;Entrega realizada;Entrega Finalizada;11;3;6;3;RISSO;26011;;;
MOBIS BRASIL FABRICACAO DE AUTO PECAS LT;RODOVIARIO;1473914;06/03/2026;3;331087;06/03/2026;MOTONET COMERCIO DE VEICULOS LTDA;9,28E+12;SOROCABA;SP;06/03/2026;11/03/2026;11/03/2026;Entregue No Prazo;;Entrega realizada;Entrega Finalizada;11;3;6;3;RISSO;26113;;;
MOBIS BRASIL FABRICACAO DE AUTO PECAS LT;RODOVIARIO;1473915;06/03/2026;2;331087;06/03/2026;MOTONET COMERCIO DE VEICULOS LTDA;9,28E+12;SOROCABA;SP;06/03/2026;11/03/2026;11/03/2026;Entregue No Prazo;;Entrega realizada;Entrega Finalizada;11;3;6;3;RISSO;26113;;;
MOBIS BRASIL FABRICACAO DE AUTO PECAS LT;RODOVIARIO;1473922;06/03/2026;1;331093;06/03/2026;NOBRE DISTRIBUIDORA DE VEIC. E PEC. LTDA;5,76E+12;APARECIDA;SP;06/03/2026;12/03/2026;11/03/2026;Entregue No Prazo;;Entrega realizada;Entrega Finalizada;12;3;6;3;RISSO;26053;;;
MOBIS BRASIL FABRICACAO DE AUTO PECAS LT;RODOVIARIO;1473935;06/03/2026;1;331064;06/03/2026;ANDRETA II DISTRIBUIDORA DE VEIC. LTDA;9,10E+12;RIO CLARO;SP;06/03/2026;12/03/2026;11/03/2026;Entregue No Prazo;;Entrega realizada;Entrega Finalizada;12;3;6;3;RISSO;26011;;;
MOBIS BRASIL FABRICACAO DE AUTO PECAS LT;RODOVIARIO;1473937;06/03/2026;1;331092;06/03/2026;NOBRE DISTRIBUIDORA DE VEIC. E PEC. LTDA;5,76E+12;SUZANO;SP;06/03/2026;10/03/2026;11/03/2026;Entregue Fora do Prazo;;Entrega realizada;Entrega Finalizada;10;3;6;3;RISSO;26103;;;
MOBIS BRASIL FABRICACAO DE AUTO PECAS LT;RODOVIARIO;1474269;06/03/2026;7;331108;06/03/2026;TAI MOTORS VEICULOS S/A;9,27E+12;BELO HORIZONTE;MG;06/03/2026;12/03/2026;11/03/2026;Entregue No Prazo;;Entrega realizada;Entrega Finalizada;12;3;6;3;XD BETIM;8002;;;
MOBIS BRASIL FABRICACAO DE AUTO PECAS LT;RODOVIARIO;1474274;06/03/2026;1;331172;06/03/2026;SAGA ASIA COM. DE VEIC.PC.E SERV. LTDA;2,23E+13;VARZEA GRANDE;MT;06/03/2026;17/03/2026;11/03/2026;Entregue No Prazo;;Entrega realizada;Entrega Finalizada;17;3;6;3;CARVALIMA;13004;;;
MOBIS BRASIL FABRICACAO DE AUTO PECAS LT;RODOVIARIO;1474275;06/03/2026;6;331172;06/03/2026;SAGA ASIA COM. DE VEIC.PC.E SERV. LTDA;2,23E+13;VARZEA GRANDE;MT;06/03/2026;17/03/2026;11/03/2026;Entregue No Prazo;;Entrega realizada;Entrega Finalizada;17;3;6;3;CARVALIMA;13004;;;
MOBIS BRASIL FABRICACAO DE AUTO PECAS LT;RODOVIARIO;1474279;06/03/2026;25;331133;06/03/2026;LOVAT VEICULOS S/A;8,57E+12;LONDRINA;PR;06/03/2026;12/03/2026;11/03/2026;Entregue No Prazo;;Entrega realizada;Entrega Finalizada;12;3;6;3;TRANSTRY;18008;;;
MOBIS BRASIL FABRICACAO DE AUTO PECAS LT;RODOVIARIO;1474280;06/03/2026;3;331135;06/03/2026;SANTA FE VEICULOS LTDA.;1,16E+13;FRANCISCO BELTRAO;PR;06/03/2026;13/03/2026;11/03/2026;Entregue No Prazo;;Entrega realizada;Entrega Finalizada;13;3;6;3;TRANSTRY;18010;Batalha do Jenipapo;Estadual;PI
MOBIS BRASIL FABRICACAO DE AUTO PECAS LT;RODOVIARIO;1474281;06/03/2026;1;331135;06/03/2026;SANTA FE VEICULOS LTDA.;1,16E+13;FRANCISCO BELTRAO;PR;06/03/2026;13/03/2026;11/03/2026;Entregue No Prazo;;Entrega realizada;Entrega Finalizada;13;3;6;3;TRANSTRY;18010;Batalha do Jenipapo;Estadual;PI
MOBIS BRASIL FABRICACAO DE AUTO PECAS LT;RODOVIARIO;1474283;06/03/2026;1;331154;06/03/2026;ITAVEMA MOTORS VEICULOS LTDA;7,73E+12;DUQUE DE CAXIAS;RJ;06/03/2026;12/03/2026;11/03/2026;Entregue No Prazo;;Entrega realizada;Entrega Finalizada;12;3;6;3;CAMILO;19001;;;
MOBIS BRASIL FABRICACAO DE AUTO PECAS LT;RODOVIARIO;1474284;06/03/2026;1;331154;06/03/2026;ITAVEMA MOTORS VEICULOS LTDA;7,73E+12;DUQUE DE CAXIAS;RJ;06/03/2026;12/03/2026;11/03/2026;Entregue No Prazo;;Entrega realizada;Entrega Finalizada;12;3;6;3;CAMILO;19001;;;
MOBIS BRASIL FABRICACAO DE AUTO PECAS LT;RODOVIARIO;1474287;06/03/2026;1;331120;06/03/2026;BARI VEICULOS LTDA;7,46E+12;BLUMENAU;SC;06/03/2026;13/03/2026;11/03/2026;Entregue No Prazo;;Entrega realizada;Entrega Finalizada;13;3;6;3;TRANSTRY;18024;Batalha do Jenipapo;Estadual;PI
MOBIS BRASIL FABRICACAO DE AUTO PECAS LT;RODOVIARIO;1474288;06/03/2026;16;331120;06/03/2026;BARI VEICULOS LTDA;7,46E+12;BLUMENAU;SC;06/03/2026;13/03/2026;11/03/2026;Entregue No Prazo;;Entrega realizada;Entrega Finalizada;13;3;6;3;TRANSTRY;18024;Batalha do Jenipapo;Estadual;PI
MOBIS BRASIL FABRICACAO DE AUTO PECAS LT;RODOVIARIO;1474301;06/03/2026;1;331061;06/03/2026;ANDRETA II DISTRIBUIDORA DE VEIC. LTDA;9,10E+12;VALINHOS;SP;06/03/2026;11/03/2026;11/03/2026;Entregue No Prazo;;Entrega realizada;Entrega Finalizada;11;3;6;3;RISSO;26011;;;
MOBIS BRASIL FABRICACAO DE AUTO PECAS LT;RODOVIARIO;1475040;09/03/2026;1;331373;09/03/2026;BILLY DISTRIBUIDORA DE VEICULOS LTDA;1,34E+13;SAO CAETANO DO SUL;SP;09/03/2026;11/03/2026;11/03/2026;Entregue No Prazo;;Entrega realizada;Entrega Finalizada;11;3;9;3;RISSO;26003;;;
MOBIS BRASIL FABRICACAO DE AUTO PECAS LT;RODOVIARIO;1474652;09/03/2026;3;331382;09/03/2026;GRAND SPORT COM. DE VEIC. E PECAS LTDA;8,58E+12;GUARULHOS;SP;09/03/2026;11/03/2026;11/03/2026;Entregue No Prazo;;Entrega realizada;Entrega Finalizada;11;3;9;3;RISSO;26005;;;
MOBIS BRASIL FABRICACAO DE AUTO PECAS LT;RODOVIARIO;1474650;09/03/2026;5;331392;09/03/2026;NOBRE DISTRIBUIDORA DE VEICULOS E PECAS;5,76E+12;MOGI DAS CRUZES;SP;09/03/2026;11/03/2026;11/03/2026;Entregue No Prazo;;Entrega realizada;Entrega Finalizada;11;3;9;3;RISSO;26004;;;
MOBIS BRASIL FABRICACAO DE AUTO PECAS LT;RODOVIARIO;1474651;09/03/2026;15;331392;09/03/2026;NOBRE DISTRIBUIDORA DE VEICULOS E PECAS;5,76E+12;MOGI DAS CRUZES;SP;09/03/2026;11/03/2026;11/03/2026;Entregue No Prazo;;Entrega realizada;Entrega Finalizada;11;3;9;3;RISSO;26004;;;
MOBIS BRASIL FABRICACAO DE AUTO PECAS LT;RODOVIARIO;1474654;09/03/2026;5;331371;09/03/2026;ANDRETA II DISTRIBUIDORA DE VEIC. LTDA;9,10E+12;CAMPINAS;SP;09/03/2026;12/03/2026;11/03/2026;Entregue No Prazo;;Entrega realizada;Entrega Finalizada;12;3;9;3;RISSO;26011;;;
MOBIS BRASIL FABRICACAO DE AUTO PECAS LT;RODOVIARIO;1474663;09/03/2026;10;331379;09/03/2026;DESTAQUE SEUL DISTR. DE VEIC. E PC. LTDA;2,12E+13;ATIBAIA;SP;09/03/2026;12/03/2026;11/03/2026;Entregue No Prazo;;Entrega realizada;Entrega Finalizada;12;3;9;3;RISSO;26075;;;
MOBIS BRASIL FABRICACAO DE AUTO PECAS LT;RODOVIARIO;1474662;09/03/2026;3;331379;09/03/2026;DESTAQUE SEUL DISTR. DE VEIC. E PC. LTDA;2,12E+13;ATIBAIA;SP;09/03/2026;12/03/2026;11/03/2026;Entregue No Prazo;;Entrega realizada;Entrega Finalizada;12;3;9;3;RISSO;26075;;;
MOBIS BRASIL FABRICACAO DE AUTO PECAS LT;RODOVIARIO;1474655;09/03/2026;3;331388;09/03/2026;MOTONET COMERCIO DE VEICULOS LTDA;9,28E+12;SOROCABA;SP;09/03/2026;12/03/2026;11/03/2026;Entregue No Prazo;;Entrega realizada;Entrega Finalizada;12;3;9;3;RISSO;26113;;;
MOBIS BRASIL FABRICACAO DE AUTO PECAS LT;RODOVIARIO;1475038;09/03/2026;23;331389;09/03/2026;NEW VEICULOS E PECAS LTDA;1,59E+13;RIBEIRAO PRETO;SP;09/03/2026;12/03/2026;11/03/2026;Entregue No Prazo;;Entrega realizada;Entrega Finalizada;12;3;9;3;RISSO;26014;;;
MOBIS BRASIL FABRICACAO DE AUTO PECAS LT;RODOVIARIO;1474631;09/03/2026;7;331418;09/03/2026;BARI VEICULOS LTDA;7,46E+12;CURITIBA;PR;09/03/2026;12/03/2026;11/03/2026;Entregue No Prazo;;Entrega realizada;Entrega Finalizada;12;3;9;3;TRANSTRY;18024;;;
MOBIS BRASIL FABRICACAO DE AUTO PECAS LT;RODOVIARIO;1474659;09/03/2026;1;331381;09/03/2026;GOLDEN MOTORS VEICULOS LTDA;3,62E+12;ARACATUBA;SP;09/03/2026;13/03/2026;11/03/2026;Entregue No Prazo;;Entrega realizada;Entrega Finalizada;13;3;9;3;RISSO;12001;Batalha do Jenipapo;Estadual;PI
MOBIS BRASIL FABRICACAO DE AUTO PECAS LT;RODOVIARIO;1474657;09/03/2026;9;331386;09/03/2026;H R B COMERCIO DE VEICULOS LTDA;1,82E+13;SAO JOSE DO RIO PRETO;SP;09/03/2026;13/03/2026;11/03/2026;Entregue No Prazo;;Entrega realizada;Entrega Finalizada;13;3;9;3;RISSO;26050;Batalha do Jenipapo;Estadual;PI
MOBIS BRASIL FABRICACAO DE AUTO PECAS LT;RODOVIARIO;1475048;09/03/2026;1;331390;09/03/2026;NEW VEICULOS E PECAS LTDA;1,59E+13;FRANCA;SP;09/03/2026;13/03/2026;11/03/2026;Entregue No Prazo;;Entrega realizada;Entrega Finalizada;13;3;9;3;RISSO;26014;Batalha do Jenipapo;Estadual;PI
MOBIS BRASIL FABRICACAO DE AUTO PECAS LT;RODOVIARIO;1474647;09/03/2026;1;331420;09/03/2026;BARI VEICULOS LTDA.;7,46E+12;JOINVILLE;SC;09/03/2026;13/03/2026;11/03/2026;Entregue No Prazo;;Entrega realizada;Entrega Finalizada;13;3;9;3;TRANSTRY;24013;Batalha do Jenipapo;Estadual;PI
MOBIS BRASIL FABRICACAO DE AUTO PECAS LT;RODOVIARIO;1474644;09/03/2026;5;331416;09/03/2026;ATUAL VEICULOS LTDA;1,33E+13;TUBARAO;SC;09/03/2026;16/03/2026;11/03/2026;Entregue No Prazo;;Entrega realizada;Entrega Finalizada;16;3;9;3;TRANSTRY;24001;;;
MOBIS BRASIL FABRICACAO DE AUTO PECAS LT;RODOVIARIO;1475028;09/03/2026;15;331417;09/03/2026;BARI VEICULOS LTDA;7,46E+12;BLUMENAU;SC;09/03/2026;16/03/2026;11/03/2026;Entregue No Prazo;;Entrega realizada;Entrega Finalizada;16;3;9;3;TRANSTRY;18024;;;
MOBIS BRASIL FABRICACAO DE AUTO PECAS LT;RODOVIARIO;1474646;09/03/2026;4;331430;09/03/2026;LR COMERCIO DE VEICULOS LTDA;1,05E+13;SAO JOSE;SC;09/03/2026;16/03/2026;11/03/2026;Entregue No Prazo;;Entrega realizada;Entrega Finalizada;16;3;9;3;TRANSTRY;24007;;;
MOBIS BRASIL FABRICACAO DE AUTO PECAS LT;RODOVIARIO;1474629;09/03/2026;4;331434;09/03/2026;VETOR AUTOMOVEIS LTDA;2,12E+13;FOZ DO IGUACU;PR;09/03/2026;16/03/2026;11/03/2026;Entregue No Prazo;;Entrega realizada;Entrega Finalizada;16;3;9;3;TRANSTRY;18019;;;
MOBIS BRASIL FABRICACAO DE AUTO PECAS LT;RODOVIARIO;1475455;10/03/2026;1;331701;10/03/2026;CAOA MOTOR DO BRASIL LTDA (INDIANOPOLIS);1,68E+13;SAO PAULO;SP;10/03/2026;12/03/2026;11/03/2026;Entregue No Prazo;;Entrega realizada;Entrega Finalizada;12;3;10;3;RISSO;26091;;;
MOBIS BRASIL FABRICACAO DE AUTO PECAS LT;RODOVIARIO;1475444;10/03/2026;5;331702;10/03/2026;CAOA MOTOR DO BRASIL LTDA (VL PRUDENTE);1,68E+13;SAO PAULO;SP;10/03/2026;12/03/2026;11/03/2026;Entregue No Prazo;;Entrega realizada;Entrega Finalizada;12;3;10;3;RISSO;26051;;;
MOBIS BRASIL FABRICACAO DE AUTO PECAS LT;RODOVIARIO;1475439;10/03/2026;6;331708;10/03/2026;GRAND SPORT COM. DE VEIC. E PECAS LTDA;8,58E+12;SAO PAULO;SP;10/03/2026;12/03/2026;11/03/2026;Entregue No Prazo;;Entrega realizada;Entrega Finalizada;12;3;10;3;RISSO;26034;;;
MOBIS BRASIL FABRICACAO DE AUTO PECAS LT;RODOVIARIO;1475454;10/03/2026;16;331710;10/03/2026;GRANDAY AUTOMOTORES LTDA (CHAC. CALIFOR);1,57E+13;SAO PAULO;SP;10/03/2026;12/03/2026;11/03/2026;Entregue No Prazo;;Entrega realizada;Entrega Finalizada;12;3;10;3;RISSO;26090;;;
MOBIS BRASIL FABRICACAO DE AUTO PECAS LT;RODOVIARIO;1475452;10/03/2026;3;331719;10/03/2026;NOBRE SP DISTRIB. DE VEIC. E PEC. LTDA;1,70E+13;SAO PAULO;SP;10/03/2026;12/03/2026;11/03/2026;Entregue No Prazo;;Entrega realizada;Entrega Finalizada;12;3;10;3;RISSO;26081;;;
MOBIS BRASIL FABRICACAO DE AUTO PECAS LT;RODOVIARIO;1475437;10/03/2026;14;331693;10/03/2026;ANDRETA II DISTRIBUIDORA DE VEIC. LTDA;9,10E+12;CAMPINAS;SP;10/03/2026;13/03/2026;11/03/2026;Entregue No Prazo;;Entrega realizada;Entrega Finalizada;13;3;10;3;RISSO;26011;Batalha do Jenipapo;Estadual;PI
MOBIS BRASIL FABRICACAO DE AUTO PECAS LT;RODOVIARIO;1475446;10/03/2026;1;331700;10/03/2026;CAOA MOTOR DO BRASIL LTDA;1,68E+13;SAO JOSE DOS CAMPOS;SP;10/03/2026;13/03/2026;11/03/2026;Entregue No Prazo;;Entrega realizada;Entrega Finalizada;13;3;10;3;RISSO;5008;Batalha do Jenipapo;Estadual;PI
MOBIS BRASIL FABRICACAO DE AUTO PECAS LT;RODOVIARIO;1475456;10/03/2026;3;331711;10/03/2026;H - CAMINHO AUTOMOVEIS LTDA;2,53E+13;PIRACICABA;SP;10/03/2026;16/03/2026;11/03/2026;Entregue No Prazo;;Entrega realizada;Entrega Finalizada;16;3;10;3;RISSO;26092;;;
MOBIS BRASIL FABRICACAO DE AUTO PECAS LT;RODOVIARIO;1467658;24/02/2026;1;329435;24/02/2026;GALA COMERCIO DE VEICULOS LTDA.;1,77E+13;PELOTAS;RS;24/02/2026;03/03/2026;12/03/2026;Entregue Fora do Prazo;;Entrega realizada;Entrega Finalizada;3;3;24;2;TRANSTRY;23009;;;
MOBIS BRASIL FABRICACAO DE AUTO PECAS LT;RODOVIARIO;1467660;24/02/2026;1;329437;24/02/2026;HOUSE PARTS - COM. DE PECAS E VEIC. LTDA;1,15E+13;LAJEADO;RS;24/02/2026;04/03/2026;12/03/2026;Entregue Fora do Prazo;;Entrega realizada;Entrega Finalizada;4;3;24;2;TRANSTRY;23018;;;
MOBIS BRASIL FABRICACAO DE AUTO PECAS LT;RODOVIARIO;1469461;26/02/2026;2;329897;26/02/2026;SAINT LAND COM DE VEICULOS S A;1,04E+13;MOSSORO;RN;26/02/2026;16/03/2026;12/03/2026;Entregue No Prazo;;Entrega realizada;Entrega Finalizada;16;3;26;2;TERMACO;20002;;;
MOBIS BRASIL FABRICACAO DE AUTO PECAS LT;RODOVIARIO;1470460;27/02/2026;3;330119;27/02/2026;PRIVILLEGE DISTRIBUIDORA DE VEICULOS LTD;1,72E+13;ARAGUAINA;TO;27/02/2026;13/03/2026;12/03/2026;Entregue No Prazo;;Entrega realizada;Entrega Finalizada;13;3;27;2;RIO VERMELHO;27002;Batalha do Jenipapo;Estadual;PI
MOBIS BRASIL FABRICACAO DE AUTO PECAS LT;RODOVIARIO;1470270;27/02/2026;3;330158;27/02/2026;CAOA MOTOR DO BRASIL LTDA;1,68E+13;FORTALEZA;CE;27/02/2026;13/03/2026;12/03/2026;Entregue No Prazo;;Entrega realizada;Entrega Finalizada;13;3;27;2;TERMACO;5008;Batalha do Jenipapo;Estadual;PI
MOBIS BRASIL FABRICACAO DE AUTO PECAS LT;RODOVIARIO;1470434;27/02/2026;1;330182;27/02/2026;PATEO COMERCIO DE VEICULOS S A;7,78E+12;SAO LUIS;MA;27/02/2026;16/03/2026;12/03/2026;Entregue No Prazo;;Entrega realizada;Entrega Finalizada;16;3;27;2;TERMACO;10002;;;
MOBIS BRASIL FABRICACAO DE AUTO PECAS LT;RODOVIARIO;1471199;28/02/2026;1;330355;28/02/2026;PRIVILLEGE DISTRIBUIDORA DE VEICULOS LTD;1,72E+13;ARAGUAINA;TO;28/02/2026;16/03/2026;12/03/2026;Entregue No Prazo;;Entrega realizada;Entrega Finalizada;16;3;28;2;RIO VERMELHO;27002;;;
MOBIS BRASIL FABRICACAO DE AUTO PECAS LT;RODOVIARIO;1471198;28/02/2026;1;330355;28/02/2026;PRIVILLEGE DISTRIBUIDORA DE VEICULOS LTD;1,72E+13;ARAGUAINA;TO;28/02/2026;16/03/2026;12/03/2026;Entregue No Prazo;;Entrega realizada;Entrega Finalizada;16;3;28;2;RIO VERMELHO;27002;;;
MOBIS BRASIL FABRICACAO DE AUTO PECAS LT;RODOVIARIO;1471156;28/02/2026;1;330427;02/03/2026;PATEO COMERCIO DE VEICULOS S A;7,78E+12;SAO LUIS;MA;02/03/2026;17/03/2026;12/03/2026;Entregue No Prazo;;Entrega realizada;Entrega Finalizada;17;3;2;3;TERMACO;10002;;;
MOBIS BRASIL FABRICACAO DE AUTO PECAS LT;RODOVIARIO;1472480;04/03/2026;17;330838;04/03/2026;VIA BRASIL AUTOMOVEIS LTDA.;4,72E+12;SERRA;ES;04/03/2026;11/03/2026;12/03/2026;Entregue Fora do Prazo;;Entrega realizada;Entrega Finalizada;11;3;4;3;CAMILO;8001;;;
MOBIS BRASIL FABRICACAO DE AUTO PECAS LT;RODOVIARIO;1472482;04/03/2026;2;330831;04/03/2026;PRIME CACHOEIRO VEICULOS LTDA;9,34E+12;LINHARES;ES;04/03/2026;12/03/2026;12/03/2026;Entregue No Prazo;;Entrega realizada;Entrega Finalizada;12;3;4;3;CAMILO;8004;;;
MOBIS BRASIL FABRICACAO DE AUTO PECAS LT;RODOVIARIO;1472498;04/03/2026;1;330815;04/03/2026;COMETA MATO GROSSO COM. DE VEICULOS LTDA;1,54E+13;RONDONOPOLIS;MT;04/03/2026;16/03/2026;12/03/2026;Entregue No Prazo;;Entrega realizada;Entrega Finalizada;16;3;4;3;CARVALIMA;13006;;;
MOBIS BRASIL FABRICACAO DE AUTO PECAS LT;RODOVIARIO;1473552;05/03/2026;1;331003;05/03/2026;PRIME VILA VELHA VEICULOS LTDA.;2,14E+13;VILA VELHA;ES;05/03/2026;12/03/2026;12/03/2026;Entregue No Prazo;;Entrega realizada;Entrega Finalizada;12;3;5;3;CAMILO;8005;;;
MOBIS BRASIL FABRICACAO DE AUTO PECAS LT;RODOVIARIO;1473425;05/03/2026;4;331010;05/03/2026;VIA BRASIL AUTOMOVEIS LTDA.;4,72E+12;SERRA;ES;05/03/2026;12/03/2026;12/03/2026;Entregue No Prazo;;Entrega realizada;Entrega Finalizada;12;3;5;3;CAMILO;8001;;;
MOBIS BRASIL FABRICACAO DE AUTO PECAS LT;RODOVIARIO;1473493;05/03/2026;88;330951;05/03/2026;SMAFF IMPORT VEICULOS LTDA;8,18E+12;BRASILIA;DF;05/03/2026;13/03/2026;12/03/2026;Entregue No Prazo;;Entrega realizada;Entrega Finalizada;13;3;5;3;RIO VERMELHO;7002;Batalha do Jenipapo;Estadual;PI
MOBIS BRASIL FABRICACAO DE AUTO PECAS LT;RODOVIARIO;1473426;05/03/2026;5;331002;05/03/2026;PRIME CACHOEIRO VEICULOS LTDA EPP;9,34E+12;CACHOEIRO DE ITAPEMIRIM;ES;05/03/2026;13/03/2026;12/03/2026;Entregue No Prazo;;Entrega realizada;Entrega Finalizada;13;3;5;3;CAMILO;8003;Batalha do Jenipapo;Estadual;PI
MOBIS BRASIL FABRICACAO DE AUTO PECAS LT;RODOVIARIO;1473554;05/03/2026;1;330998;05/03/2026;PATEO COMERCIO DE VEICULOS S A;7,78E+12;SALVADOR;BA;05/03/2026;17/03/2026;12/03/2026;Entregue No Prazo;;Entrega realizada;Entrega Finalizada;17;3;5;3;TERMACO;5003;;;
MOBIS BRASIL FABRICACAO DE AUTO PECAS LT;RODOVIARIO;1473472;05/03/2026;1;331008;05/03/2026;SAINT LAND COMERCIO DE VEICULOS LTDA;1,04E+13;ARACAJU;SE;05/03/2026;18/03/2026;12/03/2026;Entregue No Prazo;;Entrega realizada;Entrega Finalizada;18;3;5;3;TERMACO;6010;;;
MOBIS BRASIL FABRICACAO DE AUTO PECAS LT;RODOVIARIO;1473447;05/03/2026;2;330975;05/03/2026;CAOA MOTOR DO BRASIL LTDA;1,68E+13;RECIFE;PE;05/03/2026;20/03/2026;12/03/2026;Entregue No Prazo;;Entrega realizada;Entrega Finalizada;20;3;5;3;TERMACO;5008;;;
MOBIS BRASIL FABRICACAO DE AUTO PECAS LT;RODOVIARIO;1473553;05/03/2026;2;330999;05/03/2026;PATEO COMERCIO DE VEICULOS S A;7,78E+12;FEIRA DE SANTANA;BA;05/03/2026;20/03/2026;12/03/2026;Entregue No Prazo;;Entrega realizada;Entrega Finalizada;20;3;5;3;TERMACO;5009;;;
MOBIS BRASIL FABRICACAO DE AUTO PECAS LT;RODOVIARIO;1473846;06/03/2026;1;331096;06/03/2026;CAOA MOTOR DO BRASIL LTDA;1,68E+13;BRASILIA;DF;06/03/2026;16/03/2026;12/03/2026;Entregue No Prazo;;Entrega realizada;Entrega Finalizada;16;3;6;3;RIO VERMELHO;5008;;;
MOBIS BRASIL FABRICACAO DE AUTO PECAS LT;RODOVIARIO;1473848;06/03/2026;2;331170;06/03/2026;PRIME CACHOEIRO VEICULOS LTDA EPP;9,34E+12;CACHOEIRO DE ITAPEMIRIM;ES;06/03/2026;16/03/2026;12/03/2026;Entregue No Prazo;;Entrega realizada;Entrega Finalizada;16;3;6;3;CAMILO;8003;;;
MOBIS BRASIL FABRICACAO DE AUTO PECAS LT;RODOVIARIO;1473866;06/03/2026;1;331155;06/03/2026;JPG MOTORS COMERCIO DE VEICULOS LTDA;2,91E+13;CAMPO GRANDE;MS;06/03/2026;16/03/2026;12/03/2026;Entregue No Prazo;;Entrega realizada;Entrega Finalizada;16;3;6;3;CARVALIMA;12005;;;
MOBIS BRASIL FABRICACAO DE AUTO PECAS LT;RODOVIARIO;1473884;06/03/2026;10;331137;06/03/2026;VETOR AUTOMOVEIS LTDA;2,12E+13;UMUARAMA;PR;06/03/2026;12/03/2026;12/03/2026;Entregue No Prazo;;Entrega realizada;Entrega Finalizada;12;3;6;3;TRANSTRY;18019;;;
MOBIS BRASIL FABRICACAO DE AUTO PECAS LT;RODOVIARIO;1473888;06/03/2026;2;331178;06/03/2026;TAI MOTORS VEICULOS S/A.;9,27E+12;CAMPOS DOS GOYTACAZES;RJ;06/03/2026;13/03/2026;12/03/2026;Entregue No Prazo;;Entrega realizada;Entrega Finalizada;13;3;6;3;CAMILO;19023;Batalha do Jenipapo;Estadual;PI
MOBIS BRASIL FABRICACAO DE AUTO PECAS LT;RODOVIARIO;1473897;06/03/2026;1;331130;06/03/2026;HOUSE PARTS - COM. DE PECAS E VEIC. LTDA;1,15E+13;SANTA MARIA;RS;06/03/2026;16/03/2026;12/03/2026;Entregue No Prazo;;Entrega realizada;Entrega Finalizada;16;3;6;3;TRANSTRY;23008;;;
MOBIS BRASIL FABRICACAO DE AUTO PECAS LT;RODOVIARIO;1473898;06/03/2026;1;331129;06/03/2026;HOUSE PARTS - COM. DE PECAS E VEIC. LTDA;1,15E+13;SANTA CRUZ DO SUL;RS;06/03/2026;16/03/2026;12/03/2026;Entregue No Prazo;;Entrega realizada;Entrega Finalizada;16;3;6;3;TRANSTRY;23017;;;
MOBIS BRASIL FABRICACAO DE AUTO PECAS LT;RODOVIARIO;1473899;06/03/2026;12;331123;06/03/2026;CHINHAN AUTOMOVEIS LTDA;2,41E+13;ERECHIM;RS;06/03/2026;16/03/2026;12/03/2026;Entregue No Prazo;;Entrega realizada;Entrega Finalizada;16;3;6;3;TRANSTRY;23019;;;
MOBIS BRASIL FABRICACAO DE AUTO PECAS LT;RODOVIARIO;1473907;06/03/2026;8;331124;06/03/2026;CHINHAN AUTOMOVEIS LTDA.;2,41E+13;CACADOR;SC;06/03/2026;17/03/2026;12/03/2026;Entregue No Prazo;;Entrega realizada;Entrega Finalizada;17;3;6;3;TRANSTRY;24020;;;
MOBIS BRASIL FABRICACAO DE AUTO PECAS LT;RODOVIARIO;1473926;06/03/2026;1;331091;06/03/2026;NEW VEICULOS E PECAS LTDA.;1,59E+13;ARARAQUARA;SP;06/03/2026;12/03/2026;12/03/2026;Entregue No Prazo;;Entrega realizada;Entrega Finalizada;12;3;6;3;RISSO;26071;;;
MOBIS BRASIL FABRICACAO DE AUTO PECAS LT;RODOVIARIO;1473927;06/03/2026;25;331076;06/03/2026;DESTAQUE SEUL DISTR. DE VEIC. E PC. LTDA;2,12E+13;ATIBAIA;SP;06/03/2026;11/03/2026;12/03/2026;Entregue Fora do Prazo;;Entrega realizada;Entrega Finalizada;11;3;6;3;RISSO;26075;;;
MOBIS BRASIL FABRICACAO DE AUTO PECAS LT;RODOVIARIO;1474262;06/03/2026;87;331106;06/03/2026;SAGA KOREA COM. DE VEIC. E PC. LTDA;1,27E+13;BRASILIA;DF;06/03/2026;17/03/2026;12/03/2026;Entregue No Prazo;;Entrega realizada;Entrega Finalizada;17;3;6;3;RIO VERMELHO;7005;;;
MOBIS BRASIL FABRICACAO DE AUTO PECAS LT;RODOVIARIO;1474266;06/03/2026;8;331182;06/03/2026;VIA BRASIL AUTOMOVEIS LTDA.;4,72E+12;SERRA;ES;06/03/2026;13/03/2026;12/03/2026;Entregue No Prazo;;Entrega realizada;Entrega Finalizada;13;3;6;3;CAMILO;8001;Batalha do Jenipapo;Estadual;PI
MOBIS BRASIL FABRICACAO DE AUTO PECAS LT;RODOVIARIO;1474267;06/03/2026;3;331171;06/03/2026;PRIME VILA VELHA VEICULOS LTDA.;2,14E+13;VILA VELHA;ES;06/03/2026;13/03/2026;12/03/2026;Entregue No Prazo;;Entrega realizada;Entrega Finalizada;13;3;6;3;CAMILO;8005;Batalha do Jenipapo;Estadual;PI
MOBIS BRASIL FABRICACAO DE AUTO PECAS LT;RODOVIARIO;1474273;06/03/2026;2;331146;06/03/2026;COMETA MATO GROSSO COM. DE VEICULOS LTDA;1,54E+13;SINOP;MT;06/03/2026;18/03/2026;12/03/2026;Entregue No Prazo;;Entrega realizada;Entrega Finalizada;18;3;6;3;CARVALIMA;13003;;;
MOBIS BRASIL FABRICACAO DE AUTO PECAS LT;RODOVIARIO;1474276;06/03/2026;2;331161;06/03/2026;NACIONAL NOVA MARABA DIST DE VEIC. LTDA;1,70E+13;MARABA;PA;06/03/2026;20/03/2026;12/03/2026;Entregue No Prazo;;Entrega realizada;Entrega Finalizada;20;3;6;3;CARVALIMA;14005;;;
MOBIS BRASIL FABRICACAO DE AUTO PECAS LT;RODOVIARIO;1474285;06/03/2026;1;331126;06/03/2026;GALA COMERCIO DE VEICULOS LTDA.;1,77E+13;PELOTAS;RS;06/03/2026;13/03/2026;12/03/2026;Entregue No Prazo;;Entrega realizada;Entrega Finalizada;13;3;6;3;TRANSTRY;23009;Batalha do Jenipapo;Estadual;PI
MOBIS BRASIL FABRICACAO DE AUTO PECAS LT;RODOVIARIO;1474286;06/03/2026;1;331127;06/03/2026;GAMBATTO H1 VEICULOS LTDA;1,94E+13;PASSO FUNDO;RS;06/03/2026;13/03/2026;12/03/2026;Entregue No Prazo;;Entrega realizada;Entrega Finalizada;13;3;6;3;TRANSTRY;23015;Batalha do Jenipapo;Estadual;PI
MOBIS BRASIL FABRICACAO DE AUTO PECAS LT;RODOVIARIO;1474289;06/03/2026;4;331128;06/03/2026;GAMBATTO H1 VEICULOS LTDA;1,94E+13;CHAPECO;SC;06/03/2026;13/03/2026;12/03/2026;Entregue No Prazo;;Entrega realizada;Entrega Finalizada;13;3;6;3;TRANSTRY;24018;Batalha do Jenipapo;Estadual;PI
MOBIS BRASIL FABRICACAO DE AUTO PECAS LT;RODOVIARIO;1474661;09/03/2026;1;331391;09/03/2026;NEW VEICULOS E PECAS LTDA.;1,59E+13;ARARAQUARA;SP;09/03/2026;13/03/2026;12/03/2026;Entregue No Prazo;;Entrega realizada;Entrega Finalizada;13;3;9;3;RISSO;26071;Batalha do Jenipapo;Estadual;PI
MOBIS BRASIL FABRICACAO DE AUTO PECAS LT;RODOVIARIO;1474628;09/03/2026;1;331419;09/03/2026;BARI VEICULOS LTDA;7,46E+12;PONTA GROSSA;PR;09/03/2026;13/03/2026;12/03/2026;Entregue No Prazo;;Entrega realizada;Entrega Finalizada;13;3;9;3;TRANSTRY;18024;Batalha do Jenipapo;Estadual;PI
MOBIS BRASIL FABRICACAO DE AUTO PECAS LT;RODOVIARIO;1474627;09/03/2026;1;331419;09/03/2026;BARI VEICULOS LTDA;7,46E+12;PONTA GROSSA;PR;09/03/2026;13/03/2026;12/03/2026;Entregue No Prazo;;Entrega realizada;Entrega Finalizada;13;3;9;3;TRANSTRY;18024;Batalha do Jenipapo;Estadual;PI
MOBIS BRASIL FABRICACAO DE AUTO PECAS LT;RODOVIARIO;1475018;09/03/2026;6;331428;09/03/2026;LOVAT VEICULOS S/A;8,57E+12;LONDRINA;PR;09/03/2026;13/03/2026;12/03/2026;Entregue No Prazo;;Entrega realizada;Entrega Finalizada;13;3;9;3;TRANSTRY;18008;Batalha do Jenipapo;Estadual;PI
MOBIS BRASIL FABRICACAO DE AUTO PECAS LT;RODOVIARIO;1475049;09/03/2026;1;331428;09/03/2026;LOVAT VEICULOS S/A;8,57E+12;LONDRINA;PR;09/03/2026;13/03/2026;12/03/2026;Entregue No Prazo;;Entrega realizada;Entrega Finalizada;13;3;9;3;TRANSTRY;18008;Batalha do Jenipapo;Estadual;PI
MOBIS BRASIL FABRICACAO DE AUTO PECAS LT;RODOVIARIO;1474632;09/03/2026;7;331491;09/03/2026;AMX COM. E SERVICOS DE AUTOMOTORES LTDA;1,20E+13;RIO DE JANEIRO;RJ;09/03/2026;13/03/2026;12/03/2026;Entregue No Prazo;;Entrega realizada;Entrega Finalizada;13;3;9;3;CAMILO;19009;Batalha do Jenipapo;Estadual;PI
MOBIS BRASIL FABRICACAO DE AUTO PECAS LT;RODOVIARIO;1474633;09/03/2026;1;331494;09/03/2026;CAOA MOTOR DO BRASIL LTDA;1,68E+13;RIO DE JANEIRO;RJ;09/03/2026;13/03/2026;12/03/2026;Entregue No Prazo;;Entrega realizada;Entrega Finalizada;13;3;9;3;CAMILO;5008;Batalha do Jenipapo;Estadual;PI
MOBIS BRASIL FABRICACAO DE AUTO PECAS LT;RODOVIARIO;1475027;09/03/2026;4;331424;09/03/2026;GALA COMERCIO DE VEICULOS LTDA.;1,77E+13;PELOTAS;RS;09/03/2026;16/03/2026;12/03/2026;Entregue No Prazo;;Entrega realizada;Entrega Finalizada;16;3;9;3;TRANSTRY;23009;;;
MOBIS BRASIL FABRICACAO DE AUTO PECAS LT;RODOVIARIO;1474645;09/03/2026;1;331431;09/03/2026;LS COMERCIO DE AUTOMOVEIS LTDA.;1,03E+13;BRUSQUE;SC;09/03/2026;16/03/2026;12/03/2026;Entregue No Prazo;;Entrega realizada;Entrega Finalizada;16;3;9;3;TRANSTRY;24006;;;
MOBIS BRASIL FABRICACAO DE AUTO PECAS LT;RODOVIARIO;1474635;09/03/2026;1;331507;09/03/2026;MONTREAL VEICULOS E PECAS LTDA;1,68E+13;MACAE;RJ;09/03/2026;16/03/2026;12/03/2026;Entregue No Prazo;;Entrega realizada;Entrega Finalizada;16;3;9;3;CAMILO;19030;;;
MOBIS BRASIL FABRICACAO DE AUTO PECAS LT;RODOVIARIO;1475026;09/03/2026;5;331519;09/03/2026;TAI MOTORS VEICULOS S/A.;9,27E+12;CAMPOS DOS GOYTACAZES;RJ;09/03/2026;16/03/2026;12/03/2026;Entregue No Prazo;;Entrega realizada;Entrega Finalizada;16;3;9;3;CAMILO;19023;;;
MOBIS BRASIL FABRICACAO DE AUTO PECAS LT;RODOVIARIO;1474642;09/03/2026;2;331421;09/03/2026;CHINHAN AUTOMOVEIS LTDA;2,41E+13;ERECHIM;RS;09/03/2026;17/03/2026;12/03/2026;Entregue No Prazo;;Entrega realizada;Entrega Finalizada;17;3;9;3;TRANSTRY;23019;;;
MOBIS BRASIL FABRICACAO DE AUTO PECAS LT;RODOVIARIO;1474640;09/03/2026;2;331425;09/03/2026;HOUSE PARTS - COM. DE PECAS E VEIC. LTDA;1,15E+13;SANTA MARIA;RS;09/03/2026;17/03/2026;12/03/2026;Entregue No Prazo;;Entrega realizada;Entrega Finalizada;17;3;9;3;TRANSTRY;23008;;;
MOBIS BRASIL FABRICACAO DE AUTO PECAS LT;RODOVIARIO;1474641;09/03/2026;1;331426;09/03/2026;HOUSE PARTS - COM. DE PECAS E VEIC. LTDA;1,15E+13;SANTA CRUZ DO SUL;RS;09/03/2026;17/03/2026;12/03/2026;Entregue No Prazo;;Entrega realizada;Entrega Finalizada;17;3;9;3;TRANSTRY;23017;;;
MOBIS BRASIL FABRICACAO DE AUTO PECAS LT;RODOVIARIO;1474610;09/03/2026;1;331520;09/03/2026;ULSAN COMERCIO DE VEICULOS LTDA.;2,10E+13;CAMPO GRANDE;MS;09/03/2026;17/03/2026;12/03/2026;Entregue No Prazo;;Entrega realizada;Entrega Finalizada;17;3;9;3;CARVALIMA;12004;;;
MOBIS BRASIL FABRICACAO DE AUTO PECAS LT;RODOVIARIO;1474648;09/03/2026;2;331422;09/03/2026;CHINHAN AUTOMOVEIS LTDA.;2,41E+13;CACADOR;SC;09/03/2026;18/03/2026;12/03/2026;Entregue No Prazo;;Entrega realizada;Entrega Finalizada;18;3;9;3;TRANSTRY;24020;;;
MOBIS BRASIL FABRICACAO DE AUTO PECAS LT;RODOVIARIO;1474611;09/03/2026;1;331497;09/03/2026;COMETA MATO GROSSO COM. DE VEICULOS LTDA;1,54E+13;TANGARA DA SERRA;MT;09/03/2026;18/03/2026;12/03/2026;Entregue No Prazo;;Entrega realizada;Entrega Finalizada;18;3;9;3;CARVALIMA;13007;;;
MOBIS BRASIL FABRICACAO DE AUTO PECAS LT;RODOVIARIO;1475450;10/03/2026;3;331696;10/03/2026;BILLY DISTRIBUIDORA DE VEICULOS LTDA;1,34E+13;SAO PAULO;SP;10/03/2026;12/03/2026;12/03/2026;Entregue No Prazo;;Entrega realizada;Entrega Finalizada;12;3;10;3;RISSO;26003;;;
MOBIS BRASIL FABRICACAO DE AUTO PECAS LT;RODOVIARIO;1475738;10/03/2026;3;331697;10/03/2026;BILLY DISTRIBUIDORA DE VEICULOS LTDA;1,34E+13;SAO CAETANO DO SUL;SP;10/03/2026;12/03/2026;12/03/2026;Entregue No Prazo;;Entrega realizada;Entrega Finalizada;12;3;10;3;RISSO;26003;;;
MOBIS BRASIL FABRICACAO DE AUTO PECAS LT;RODOVIARIO;1475435;10/03/2026;2;331709;10/03/2026;GRAND SPORT COM. DE VEIC. E PECAS LTDA;8,58E+12;GUARULHOS;SP;10/03/2026;12/03/2026;12/03/2026;Entregue No Prazo;;Entrega realizada;Entrega Finalizada;12;3;10;3;RISSO;26005;;;
MOBIS BRASIL FABRICACAO DE AUTO PECAS LT;RODOVIARIO;1475434;10/03/2026;9;331718;10/03/2026;NOBRE DISTRIBUIDORA DE VEICULOS E PECAS;5,76E+12;MOGI DAS CRUZES;SP;10/03/2026;12/03/2026;12/03/2026;Entregue No Prazo;;Entrega realizada;Entrega Finalizada;12;3;10;3;RISSO;26004;;;
MOBIS BRASIL FABRICACAO DE AUTO PECAS LT;RODOVIARIO;1475453;10/03/2026;1;331698;10/03/2026;CAOA MOTOR DO BRASIL LTDA;1,68E+13;SANTOS;SP;10/03/2026;13/03/2026;12/03/2026;Entregue No Prazo;;Entrega realizada;Entrega Finalizada;13;3;10;3;RISSO;5008;Batalha do Jenipapo;Estadual;PI
MOBIS BRASIL FABRICACAO DE AUTO PECAS LT;RODOVIARIO;1475449;10/03/2026;4;331703;10/03/2026;DESTAQUE SEUL DISTR. DE VEIC. E PC. LTDA;2,12E+13;ATIBAIA;SP;10/03/2026;13/03/2026;12/03/2026;Entregue No Prazo;;Entrega realizada;Entrega Finalizada;13;3;10;3;RISSO;26075;Batalha do Jenipapo;Estadual;PI
MOBIS BRASIL FABRICACAO DE AUTO PECAS LT;RODOVIARIO;1475438;10/03/2026;1;331714;10/03/2026;MOTONET COMERCIO DE VEICULOS LTDA;9,28E+12;SOROCABA;SP;10/03/2026;13/03/2026;12/03/2026;Entregue No Prazo;;Entrega realizada;Entrega Finalizada;13;3;10;3;RISSO;26113;Batalha do Jenipapo;Estadual;PI
MOBIS BRASIL FABRICACAO DE AUTO PECAS LT;RODOVIARIO;1475409;10/03/2026;8;331728;10/03/2026;BARI VEICULOS LTDA;7,46E+12;CURITIBA;PR;10/03/2026;13/03/2026;12/03/2026;Entregue No Prazo;;Entrega realizada;Entrega Finalizada;13;3;10;3;TRANSTRY;18024;Batalha do Jenipapo;Estadual;PI
MOBIS BRASIL FABRICACAO DE AUTO PECAS LT;RODOVIARIO;1475405;10/03/2026;3;331740;10/03/2026;SEVEC VEICULOS LTDA;5,68E+11;CURITIBA;PR;10/03/2026;13/03/2026;12/03/2026;Entregue No Prazo;;Entrega realizada;Entrega Finalizada;13;3;10;3;TRANSTRY;18012;Batalha do Jenipapo;Estadual;PI
MOBIS BRASIL FABRICACAO DE AUTO PECAS LT;RODOVIARIO;1475457;10/03/2026;1;331705;10/03/2026;DHC COMERCIO DE VEICULOS E PECAS LTDA;9,52E+12;OURINHOS;SP;10/03/2026;16/03/2026;12/03/2026;Entregue No Prazo;;Entrega realizada;Entrega Finalizada;16;3;10;3;RISSO;26010;;;
MOBIS BRASIL FABRICACAO DE AUTO PECAS LT;RODOVIARIO;1475442;10/03/2026;1;331712;10/03/2026;H R B COMERCIO DE VEICULOS LTDA;1,82E+13;SAO JOSE DO RIO PRETO;SP;10/03/2026;16/03/2026;12/03/2026;Entregue No Prazo;;Entrega realizada;Entrega Finalizada;16;3;10;3;RISSO;26050;;;
MOBIS BRASIL FABRICACAO DE AUTO PECAS LT;RODOVIARIO;1475443;10/03/2026;28;331712;10/03/2026;H R B COMERCIO DE VEICULOS LTDA;1,82E+13;SAO JOSE DO RIO PRETO;SP;10/03/2026;16/03/2026;12/03/2026;Entregue No Prazo;;Entrega realizada;Entrega Finalizada;16;3;10;3;RISSO;26050;;;
MOBIS BRASIL FABRICACAO DE AUTO PECAS LT;RODOVIARIO;1475734;10/03/2026;2;331713;10/03/2026;HYMAX DISTRIBUIDORA DE VEICULOS LTDA;1,73E+13;MOGI GUACU;SP;10/03/2026;16/03/2026;12/03/2026;Entregue No Prazo;;Entrega realizada;Entrega Finalizada;16;3;10;3;RISSO;26002;;;
MOBIS BRASIL FABRICACAO DE AUTO PECAS LT;RODOVIARIO;1475458;10/03/2026;1;331720;10/03/2026;VIME SAO JOAO COM. DE VEIC. E PECAS LTDA;5,10E+13;SAO JOAO DA BOA VISTA;SP;10/03/2026;16/03/2026;12/03/2026;Entregue No Prazo;;Entrega realizada;Entrega Finalizada;16;3;10;3;RISSO;26107;;;
MOBIS BRASIL FABRICACAO DE AUTO PECAS LT;RODOVIARIO;1475408;10/03/2026;11;331724;10/03/2026;BARI VEICULOS LTDA;7,46E+12;PONTA GROSSA;PR;10/03/2026;16/03/2026;12/03/2026;Entregue No Prazo;;Entrega realizada;Entrega Finalizada;16;3;10;3;TRANSTRY;18024;;;
MOBIS BRASIL FABRICACAO DE AUTO PECAS LT;RODOVIARIO;1475427;10/03/2026;3;331729;10/03/2026;BARI VEICULOS LTDA.;7,46E+12;JOINVILLE;SC;10/03/2026;16/03/2026;12/03/2026;Entregue No Prazo;;Entrega realizada;Entrega Finalizada;16;3;10;3;TRANSTRY;24013;;;
MOBIS BRASIL FABRICACAO DE AUTO PECAS LT;RODOVIARIO;1475720;10/03/2026;12;331737;10/03/2026;LOVAT VEICULOS S/A;8,57E+12;LONDRINA;PR;10/03/2026;16/03/2026;12/03/2026;Entregue No Prazo;;Entrega realizada;Entrega Finalizada;16;3;10;3;TRANSTRY;18008;;;
MOBIS BRASIL FABRICACAO DE AUTO PECAS LT;RODOVIARIO;1475431;10/03/2026;2;331734;10/03/2026;GAMBATTO H1 VEICULOS LTDA;1,94E+13;CHAPECO;SC;10/03/2026;17/03/2026;12/03/2026;Entregue No Prazo;;Entrega realizada;Entrega Finalizada;17;3;10;3;TRANSTRY;24018;;;
MOBIS BRASIL FABRICACAO DE AUTO PECAS LT;RODOVIARIO;1475430;10/03/2026;1;331734;10/03/2026;GAMBATTO H1 VEICULOS LTDA;1,94E+13;CHAPECO;SC;10/03/2026;17/03/2026;12/03/2026;Entregue No Prazo;;Entrega realizada;Entrega Finalizada;17;3;10;3;TRANSTRY;24018;;;
MOBIS BRASIL FABRICACAO DE AUTO PECAS LT;RODOVIARIO;1475406;10/03/2026;2;331741;10/03/2026;ZENDAI VEICULOS LTDA;1,97E+13;TOLEDO;PR;10/03/2026;17/03/2026;12/03/2026;Entregue No Prazo;;Entrega realizada;Entrega Finalizada;17;3;10;3;TRANSTRY;18016;;;
MOBIS BRASIL FABRICACAO DE AUTO PECAS LT;RODOVIARIO;1475385;10/03/2026;3;331763;10/03/2026;VIME AUTOMOVEIS E PECAS LTDA;2,85E+13;GUAXUPE;MG;10/03/2026;17/03/2026;12/03/2026;Entregue No Prazo;;Entrega realizada;Entrega Finalizada;17;3;10;3;XD BETIM;11031;;;
MOBIS BRASIL FABRICACAO DE AUTO PECAS LT;RODOVIARIO;1475432;10/03/2026;7;331732;10/03/2026;CHINHAN AUTOMOVEIS LTDA.;2,41E+13;CACADOR;SC;10/03/2026;19/03/2026;12/03/2026;Entregue No Prazo;;Entrega realizada;Entrega Finalizada;19;3;10;3;TRANSTRY;24020;;;
MOBIS BRASIL FABRICACAO DE AUTO PECAS LT;RODOVIARIO;1476018;11/03/2026;2;331914;11/03/2026;BILLY DISTRIBUIDORA DE VEICULOS LTDA;1,34E+13;SAO PAULO;SP;11/03/2026;13/03/2026;12/03/2026;Entregue No Prazo;;Entrega realizada;Entrega Finalizada;13;3;11;3;RISSO;26003;Batalha do Jenipapo;Estadual;PI
MOBIS BRASIL FABRICACAO DE AUTO PECAS LT;RODOVIARIO;1475999;11/03/2026;1;331915;11/03/2026;BILLY DISTRIBUIDORA DE VEICULOS LTDA;1,34E+13;BARUERI;SP;11/03/2026;13/03/2026;12/03/2026;Entregue No Prazo;;Entrega realizada;Entrega Finalizada;13;3;11;3;RISSO;26003;Batalha do Jenipapo;Estadual;PI
MOBIS BRASIL FABRICACAO DE AUTO PECAS LT;RODOVIARIO;1476006;11/03/2026;1;331919;11/03/2026;CAOA MOTOR DO BRASIL LTDA (ARICANDUVA);1,68E+13;SAO PAULO;SP;11/03/2026;13/03/2026;12/03/2026;Entregue No Prazo;;Entrega realizada;Entrega Finalizada;13;3;11;3;RISSO;26039;Batalha do Jenipapo;Estadual;PI
MOBIS BRASIL FABRICACAO DE AUTO PECAS LT;RODOVIARIO;1476020;11/03/2026;1;331920;11/03/2026;CAOA MOTOR DO BRASIL LTDA (INDIANOPOLIS);1,68E+13;SAO PAULO;SP;11/03/2026;13/03/2026;12/03/2026;Entregue No Prazo;;Entrega realizada;Entrega Finalizada;13;3;11;3;RISSO;26091;Batalha do Jenipapo;Estadual;PI
MOBIS BRASIL FABRICACAO DE AUTO PECAS LT;RODOVIARIO;1476013;11/03/2026;1;331921;11/03/2026;CAOA MOTOR DO BRASIL LTDA (VL PRUDENTE);1,68E+13;SAO PAULO;SP;11/03/2026;13/03/2026;12/03/2026;Entregue No Prazo;;Entrega realizada;Entrega Finalizada;13;3;11;3;RISSO;26051;Batalha do Jenipapo;Estadual;PI
MOBIS BRASIL FABRICACAO DE AUTO PECAS LT;RODOVIARIO;1476025;11/03/2026;5;331922;11/03/2026;CHS MOTORS VEICULOS PECAS E SERV.  LTDA;1,69E+13;SAO PAULO;SP;11/03/2026;13/03/2026;12/03/2026;Entregue No Prazo;;Entrega realizada;Entrega Finalizada;13;3;11;3;RISSO;26108;Batalha do Jenipapo;Estadual;PI
MOBIS BRASIL FABRICACAO DE AUTO PECAS LT;RODOVIARIO;1476005;11/03/2026;1;331927;11/03/2026;GRAND SPORT COM. DE VEIC. E PECAS LTDA;8,58E+12;SAO PAULO;SP;11/03/2026;13/03/2026;12/03/2026;Entregue No Prazo;;Entrega realizada;Entrega Finalizada;13;3;11;3;RISSO;26034;Batalha do Jenipapo;Estadual;PI
MOBIS BRASIL FABRICACAO DE AUTO PECAS LT;RODOVIARIO;1476008;11/03/2026;1;331928;11/03/2026;GRANDAY AUTOMOTORES LTDA;1,57E+13;SAO PAULO;SP;11/03/2026;13/03/2026;12/03/2026;Entregue No Prazo;;Entrega realizada;Entrega Finalizada;13;3;11;3;RISSO;26041;Batalha do Jenipapo;Estadual;PI
MOBIS BRASIL FABRICACAO DE AUTO PECAS LT;RODOVIARIO;1476003;11/03/2026;54;331913;11/03/2026;ANDRETA II DISTRIBUIDORA DE VEIC. LTDA;9,10E+12;CAMPINAS;SP;11/03/2026;16/03/2026;12/03/2026;Entregue No Prazo;;Entrega realizada;Entrega Finalizada;16;3;11;3;RISSO;26011;;;
MOBIS BRASIL FABRICACAO DE AUTO PECAS LT;RODOVIARIO;1476021;11/03/2026;3;331931;11/03/2026;H - CAMINHO AUTOMOVEIS LTDA;2,53E+13;PIRACICABA;SP;11/03/2026;17/03/2026;12/03/2026;Entregue No Prazo;;Entrega realizada;Entrega Finalizada;17;3;11;3;RISSO;26092;;;
MOBIS BRASIL FABRICACAO DE AUTO PECAS LT;RODOVIARIO;1476490;11/03/2026;5;331933;11/03/2026;HYMAX DISTRIBUIDORA DE VEICULOS LTDA;1,73E+13;MOGI GUACU;SP;11/03/2026;17/03/2026;12/03/2026;Entregue No Prazo;;Entrega realizada;Entrega Finalizada;17;3;11;3;RISSO;26002;;;
MOBIS BRASIL FABRICACAO DE AUTO PECAS LT;RODOVIARIO;1467593;24/02/2026;22;329457;24/02/2026;FAZZA MOTORS COMERCIO DE VEICULOS LTDA;1,24E+13;SALVADOR;BA;24/02/2026;06/03/2026;13/03/2026;Entregue No Prazo;;Entrega realizada;Entrega Finalizada;6;3;24;2;TERMACO;5007;Revolução Pernambucana de 1817;Estadual;PE
MOBIS BRASIL FABRICACAO DE AUTO PECAS LT;RODOVIARIO;1468350;25/02/2026;1;329700;25/02/2026;FAZZA MOTORS COMERCIO DE VEICULOS LTDA;1,24E+13;SALVADOR;BA;25/02/2026;09/03/2026;13/03/2026;Entregue No Prazo;;Entrega realizada;Entrega Finalizada;9;3;25;2;TERMACO;5007;;;
MOBIS BRASIL FABRICACAO DE AUTO PECAS LT;RODOVIARIO;1468351;25/02/2026;23;329700;25/02/2026;FAZZA MOTORS COMERCIO DE VEICULOS LTDA;1,24E+13;SALVADOR;BA;25/02/2026;09/03/2026;13/03/2026;Entregue No Prazo;;Entrega realizada;Entrega Finalizada;9;3;25;2;TERMACO;5007;;;
MOBIS BRASIL FABRICACAO DE AUTO PECAS LT;RODOVIARIO;1469430;26/02/2026;3;329877;26/02/2026;FAZZA MOTORS COMERCIO DE VEICULOS LTDA;1,24E+13;SALVADOR;BA;26/02/2026;10/03/2026;13/03/2026;Entregue No Prazo;;Entrega realizada;Entrega Finalizada;10;3;26;2;TERMACO;5007;;;
MOBIS BRASIL FABRICACAO DE AUTO PECAS LT;RODOVIARIO;1470289;27/02/2026;3;330160;27/02/2026;CAOA MOTOR DO BRASIL LTDA;1,68E+13;CAMPINA GRANDE;PB;27/02/2026;17/03/2026;13/03/2026;Entregue No Prazo;;Entrega realizada;Entrega Finalizada;17;3;27;2;TERMACO;5008;;;
MOBIS BRASIL FABRICACAO DE AUTO PECAS LT;RODOVIARIO;1470908;28/02/2026;5;330430;02/03/2026;SAINT LAND COMERCIO DE VEICULOS LTDA;1,04E+13;NATAL;RN;02/03/2026;17/03/2026;13/03/2026;Entregue No Prazo;;Entrega realizada;Entrega Finalizada;17;3;2;3;TERMACO;6010;;;
MOBIS BRASIL FABRICACAO DE AUTO PECAS LT;RODOVIARIO;1470898;28/02/2026;5;330413;02/03/2026;AUTORAC VEICULOS LTDA;1,06E+13;CARUARU;PE;02/03/2026;18/03/2026;13/03/2026;Entregue No Prazo;;Entrega realizada;Entrega Finalizada;18;3;2;3;TERMACO;16001;;;
MOBIS BRASIL FABRICACAO DE AUTO PECAS LT;RODOVIARIO;1470875;28/02/2026;3;330425;02/03/2026;ORVEL AUTOMOTOR HYD LTDA;2,52E+13;TEIXEIRA DE FREITAS;BA;02/03/2026;17/03/2026;13/03/2026;Entregue No Prazo;;Entrega realizada;Entrega Finalizada;17;3;2;3;TERMACO;5011;;;
MOBIS BRASIL FABRICACAO DE AUTO PECAS LT;RODOVIARIO;1471965;03/03/2026;3;330606;03/03/2026;SAINT LAND COMERCIO DE VEICULOS LTDA;1,04E+13;ARACAJU;SE;03/03/2026;16/03/2026;13/03/2026;Entregue No Prazo;;Entrega realizada;Entrega Finalizada;16;3;3;3;TERMACO;6010;;;
MOBIS BRASIL FABRICACAO DE AUTO PECAS LT;RODOVIARIO;1471931;03/03/2026;1;330609;03/03/2026;UNIQUE COMERCIO DE AUTOMOVEIS LTDA;1,74E+13;ANANINDEUA;PA;03/03/2026;16/03/2026;13/03/2026;Entregue No Prazo;;Entrega realizada;Entrega Finalizada;16;3;3;3;CARVALIMA;14003;;;
MOBIS BRASIL FABRICACAO DE AUTO PECAS LT;RODOVIARIO;1472481;04/03/2026;3;330835;04/03/2026;TAI MOTORS VEICULOS S/A;9,27E+12;VITORIA;ES;04/03/2026;11/03/2026;13/03/2026;Entregue Fora do Prazo;;Entrega realizada;Entrega Finalizada;11;3;4;3;CAMILO;8002;;;
MOBIS BRASIL FABRICACAO DE AUTO PECAS LT;RODOVIARIO;1472476;04/03/2026;2;330818;04/03/2026;FAZZA MOTORS COMERCIO DE VEICULOS LTDA;1,24E+13;SALVADOR;BA;04/03/2026;16/03/2026;13/03/2026;Entregue No Prazo;;Entrega realizada;Entrega Finalizada;16;3;4;3;TERMACO;5007;;;
MOBIS BRASIL FABRICACAO DE AUTO PECAS LT;RODOVIARIO;1472532;04/03/2026;2;330834;04/03/2026;SAINT LAND COMERCIO DE VEICULOS LTDA;1,04E+13;ARACAJU;SE;04/03/2026;17/03/2026;13/03/2026;Entregue No Prazo;;Entrega realizada;Entrega Finalizada;17;3;4;3;TERMACO;6010;;;
MOBIS BRASIL FABRICACAO DE AUTO PECAS LT;RODOVIARIO;1472499;04/03/2026;2;330837;04/03/2026;UNIQUE COMERCIO DE AUTOMOVEIS LTDA;1,74E+13;ANANINDEUA;PA;04/03/2026;17/03/2026;13/03/2026;Entregue No Prazo;;Entrega realizada;Entrega Finalizada;17;3;4;3;CARVALIMA;14003;;;
MOBIS BRASIL FABRICACAO DE AUTO PECAS LT;RODOVIARIO;1472500;04/03/2026;1;330837;04/03/2026;UNIQUE COMERCIO DE AUTOMOVEIS LTDA;1,74E+13;ANANINDEUA;PA;04/03/2026;17/03/2026;13/03/2026;Entregue No Prazo;;Entrega realizada;Entrega Finalizada;17;3;4;3;CARVALIMA;14003;;;
MOBIS BRASIL FABRICACAO DE AUTO PECAS LT;RODOVIARIO;1472505;04/03/2026;2;330810;04/03/2026;AUTORAC VEICULOS LTDA;1,06E+13;PETROLINA;PE;04/03/2026;20/03/2026;13/03/2026;Entregue No Prazo;;Entrega realizada;Entrega Finalizada;20;3;4;3;TERMACO;16001;;;
MOBIS BRASIL FABRICACAO DE AUTO PECAS LT;RODOVIARIO;1472873;04/03/2026;4;330811;04/03/2026;AUTORAC VEICULOS LTDA;1,06E+13;CARUARU;PE;04/03/2026;20/03/2026;13/03/2026;Entregue No Prazo;;Entrega realizada;Entrega Finalizada;20;3;4;3;TERMACO;16001;;;
MOBIS BRASIL FABRICACAO DE AUTO PECAS LT;RODOVIARIO;1472504;04/03/2026;2;330824;04/03/2026;JPN COMERCIO DE AUTOMOVEIS LTDA;2,61E+13;GARANHUNS;PE;04/03/2026;20/03/2026;13/03/2026;Entregue No Prazo;;Entrega realizada;Entrega Finalizada;20;3;4;3;TERMACO;16009;;;
MOBIS BRASIL FABRICACAO DE AUTO PECAS LT;RODOVIARIO;1473427;05/03/2026;2;331001;05/03/2026;PRIME CACHOEIRO VEICULOS LTDA;9,34E+12;LINHARES;ES;05/03/2026;13/03/2026;13/03/2026;Entregue No Prazo;;Entrega realizada;Entrega Finalizada;13;3;5;3;CAMILO;8004;Batalha do Jenipapo;Estadual;PI
MOBIS BRASIL FABRICACAO DE AUTO PECAS LT;RODOVIARIO;1473440;05/03/2026;4;330978;05/03/2026;CAOA MOTOR DO BRASIL LTDA;1,68E+13;BELEM;PA;05/03/2026;18/03/2026;13/03/2026;Entregue No Prazo;;Entrega realizada;Entrega Finalizada;18;3;5;3;CARVALIMA;5008;;;
MOBIS BRASIL FABRICACAO DE AUTO PECAS LT;RODOVIARIO;1473441;05/03/2026;5;330991;05/03/2026;MISO VEICULOS LTDA;1,85E+13;SANTAREM;PA;05/03/2026;19/03/2026;13/03/2026;Entregue No Prazo;;Entrega realizada;Entrega Finalizada;19;3;5;3;CARVALIMA;4001;;;
MOBIS BRASIL FABRICACAO DE AUTO PECAS LT;RODOVIARIO;1473421;05/03/2026;12;330995;05/03/2026;ORVEL AUTOMOTOR HYD LTDA;2,52E+13;TEIXEIRA DE FREITAS;BA;05/03/2026;20/03/2026;13/03/2026;Entregue No Prazo;;Entrega realizada;Entrega Finalizada;20;3;5;3;TERMACO;5011;;;
MOBIS BRASIL FABRICACAO DE AUTO PECAS LT;RODOVIARIO;1473449;05/03/2026;1;330974;05/03/2026;AUTORAC VEICULOS LTDA;1,06E+13;PETROLINA;PE;05/03/2026;23/03/2026;13/03/2026;Entregue No Prazo;;Entrega realizada;Entrega Finalizada;23;3;5;3;TERMACO;16001;;;
MOBIS BRASIL FABRICACAO DE AUTO PECAS LT;RODOVIARIO;1473442;05/03/2026;1;330980;05/03/2026;CAOA MOTOR DO BRASIL LTDA;1,68E+13;CAMPINA GRANDE;PB;05/03/2026;23/03/2026;13/03/2026;Entregue No Prazo;;Entrega realizada;Entrega Finalizada;23;3;5;3;TERMACO;5008;;;
MOBIS BRASIL FABRICACAO DE AUTO PECAS LT;RODOVIARIO;1473448;05/03/2026;1;330989;05/03/2026;JPN COMERCIO DE AUTOMOVEIS LTDA;2,61E+13;GARANHUNS;PE;05/03/2026;23/03/2026;13/03/2026;Entregue No Prazo;;Entrega realizada;Entrega Finalizada;23;3;5;3;TERMACO;16009;;;
MOBIS BRASIL FABRICACAO DE AUTO PECAS LT;RODOVIARIO;1473847;06/03/2026;8;331177;06/03/2026;TAI MOTORS VEICULOS S/A;9,27E+12;VITORIA;ES;06/03/2026;13/03/2026;13/03/2026;Entregue No Prazo;;Entrega realizada;Entrega Finalizada;13;3;6;3;CAMILO;8002;Batalha do Jenipapo;Estadual;PI
MOBIS BRASIL FABRICACAO DE AUTO PECAS LT;RODOVIARIO;1473849;06/03/2026;3;331169;06/03/2026;PRIME CACHOEIRO VEICULOS LTDA;9,34E+12;LINHARES;ES;06/03/2026;16/03/2026;13/03/2026;Entregue No Prazo;;Entrega realizada;Entrega Finalizada;16;3;6;3;CAMILO;8004;;;
MOBIS BRASIL FABRICACAO DE AUTO PECAS LT;RODOVIARIO;1473850;06/03/2026;1;331176;06/03/2026;TAI MOTORS VEICULOS S/A;9,27E+12;COLATINA;ES;06/03/2026;16/03/2026;13/03/2026;Entregue No Prazo;;Entrega realizada;Entrega Finalizada;16;3;6;3;CAMILO;8002;;;
MOBIS BRASIL FABRICACAO DE AUTO PECAS LT;RODOVIARIO;1473865;06/03/2026;3;331180;06/03/2026;ULSAN COMERCIO DE VEICULOS LTDA.;2,10E+13;CAMPO GRANDE;MS;06/03/2026;16/03/2026;13/03/2026;Entregue No Prazo;;Entrega realizada;Entrega Finalizada;16;3;6;3;CARVALIMA;12004;;;
MOBIS BRASIL FABRICACAO DE AUTO PECAS LT;RODOVIARIO;1473869;06/03/2026;1;331181;06/03/2026;UNIQUE COMERCIO DE AUTOMOVEIS LTDA;1,74E+13;ANANINDEUA;PA;06/03/2026;19/03/2026;13/03/2026;Entregue No Prazo;;Entrega realizada;Entrega Finalizada;19;3;6;3;CARVALIMA;14003;;;
MOBIS BRASIL FABRICACAO DE AUTO PECAS LT;RODOVIARIO;1473870;06/03/2026;1;331144;06/03/2026;CAOA MOTOR DO BRASIL LTDA;1,68E+13;BELEM;PA;06/03/2026;19/03/2026;13/03/2026;Entregue No Prazo;;Entrega realizada;Entrega Finalizada;19;3;6;3;CARVALIMA;5008;;;
MOBIS BRASIL FABRICACAO DE AUTO PECAS LT;RODOVIARIO;1473880;06/03/2026;5;331132;06/03/2026;LOVAT VEICULOS S/A;8,57E+12;MARINGA;PR;06/03/2026;12/03/2026;13/03/2026;Entregue Fora do Prazo;;Entrega realizada;Entrega Finalizada;12;3;6;3;TRANSTRY;18008;;;
MOBIS BRASIL FABRICACAO DE AUTO PECAS LT;RODOVIARIO;1473929;06/03/2026;1;331077;06/03/2026;DESTAQUE SEUL DISTR DE VEIC PEC LTDA;2,12E+13;CARAGUATATUBA;SP;06/03/2026;12/03/2026;13/03/2026;Entregue Fora do Prazo;;Entrega realizada;Entrega Finalizada;12;3;6;3;RISSO;26082;;;
MOBIS BRASIL FABRICACAO DE AUTO PECAS LT;RODOVIARIO;1474248;06/03/2026;47;331107;06/03/2026;SMAFF IMPORT VEICULOS LTDA;8,18E+12;BRASILIA;DF;06/03/2026;17/03/2026;13/03/2026;Entregue No Prazo;;Entrega realizada;Entrega Finalizada;17;3;6;3;RIO VERMELHO;7002;;;
MOBIS BRASIL FABRICACAO DE AUTO PECAS LT;RODOVIARIO;1474265;06/03/2026;1;331107;06/03/2026;SMAFF IMPORT VEICULOS LTDA;8,18E+12;BRASILIA;DF;06/03/2026;16/03/2026;13/03/2026;Entregue No Prazo;;Entrega realizada;Entrega Finalizada;16;3;6;3;RIO VERMELHO;7002;;;
MOBIS BRASIL FABRICACAO DE AUTO PECAS LT;RODOVIARIO;1475009;09/03/2026;5;331469;09/03/2026;BDG AUTOVILLE VEICULOS LTDA;4,77E+13;CONTAGEM;MG;09/03/2026;12/03/2026;13/03/2026;Entregue Fora do Prazo;;Entrega realizada;Entrega Finalizada;12;3;9;3;XD BETIM;11037;;;
MOBIS BRASIL FABRICACAO DE AUTO PECAS LT;RODOVIARIO;1475008;09/03/2026;27;331469;09/03/2026;BDG AUTOVILLE VEICULOS LTDA;4,77E+13;CONTAGEM;MG;09/03/2026;12/03/2026;13/03/2026;Entregue Fora do Prazo;;Entrega realizada;Entrega Finalizada;12;3;9;3;XD BETIM;11037;;;
MOBIS BRASIL FABRICACAO DE AUTO PECAS LT;RODOVIARIO;1474606;09/03/2026;1;331471;09/03/2026;CAOA MOTOR DO BRASIL LTDA;1,68E+13;BELO HORIZONTE;MG;09/03/2026;12/03/2026;13/03/2026;Entregue Fora do Prazo;;Entrega realizada;Entrega Finalizada;12;3;9;3;XD BETIM;5008;;;
MOBIS BRASIL FABRICACAO DE AUTO PECAS LT;RODOVIARIO;1474605;09/03/2026;14;331472;09/03/2026;CARBEL KOREA VEICULOS LTDA;2,07E+13;BELO HORIZONTE;MG;09/03/2026;12/03/2026;13/03/2026;Entregue Fora do Prazo;;Entrega realizada;Entrega Finalizada;12;3;9;3;XD BETIM;11021;;;
MOBIS BRASIL FABRICACAO DE AUTO PECAS LT;RODOVIARIO;1475050;09/03/2026;11;331481;09/03/2026;TAI MOTORS VEICULOS S/A;9,27E+12;BELO HORIZONTE;MG;09/03/2026;12/03/2026;13/03/2026;Entregue Fora do Prazo;;Entrega realizada;Entrega Finalizada;12;3;9;3;XD BETIM;8002;;;
MOBIS BRASIL FABRICACAO DE AUTO PECAS LT;RODOVIARIO;1474625;09/03/2026;5;331429;09/03/2026;LOVAT VEICULOS S/A;8,57E+12;MARINGA;PR;09/03/2026;13/03/2026;13/03/2026;Entregue No Prazo;;Entrega realizada;Entrega Finalizada;13;3;9;3;TRANSTRY;18008;Batalha do Jenipapo;Estadual;PI
MOBIS BRASIL FABRICACAO DE AUTO PECAS LT;RODOVIARIO;1474607;09/03/2026;1;331482;09/03/2026;TOKSU COMERCIO DE VEICULOS LTDA;1,12E+13;VARGINHA;MG;09/03/2026;13/03/2026;13/03/2026;Entregue No Prazo;;Entrega realizada;Entrega Finalizada;13;3;9;3;XD BETIM;11008;Batalha do Jenipapo;Estadual;PI
MOBIS BRASIL FABRICACAO DE AUTO PECAS LT;RODOVIARIO;1474602;09/03/2026;67;331488;09/03/2026;URCA MOTORS VEICULOS LTDA;8,77E+12;UBERLANDIA;MG;09/03/2026;13/03/2026;13/03/2026;Entregue No Prazo;;Entrega realizada;Entrega Finalizada;13;3;9;3;XD BETIM;9014;Batalha do Jenipapo;Estadual;PI
MOBIS BRASIL FABRICACAO DE AUTO PECAS LT;RODOVIARIO;1474608;09/03/2026;2;331489;09/03/2026;VIME POCOS COM. DE VEICULOS E PECAS LTDA;3,43E+13;POCOS DE CALDAS;MG;09/03/2026;13/03/2026;13/03/2026;Entregue No Prazo;;Entrega realizada;Entrega Finalizada;13;3;9;3;XD BETIM;11033;Batalha do Jenipapo;Estadual;PI
MOBIS BRASIL FABRICACAO DE AUTO PECAS LT;RODOVIARIO;1474634;09/03/2026;13;331504;09/03/2026;ITAVEMA MOTORS VEICULOS LTDA;7,73E+12;RIO DE JANEIRO;RJ;09/03/2026;13/03/2026;13/03/2026;Entregue No Prazo;;Entrega realizada;Entrega Finalizada;13;3;9;3;CAMILO;19001;Batalha do Jenipapo;Estadual;PI
MOBIS BRASIL FABRICACAO DE AUTO PECAS LT;RODOVIARIO;1474626;09/03/2026;2;331432;09/03/2026;SANTA FE COMERCIO DE VEICULOS S A.;1,16E+13;PATO BRANCO;PR;09/03/2026;16/03/2026;13/03/2026;Entregue No Prazo;;Entrega realizada;Entrega Finalizada;16;3;9;3;TRANSTRY;18014;;;
MOBIS BRASIL FABRICACAO DE AUTO PECAS LT;RODOVIARIO;1475023;09/03/2026;7;331433;09/03/2026;SANTA FE VEICULOS LTDA.;1,16E+13;FRANCISCO BELTRAO;PR;09/03/2026;16/03/2026;13/03/2026;Entregue No Prazo;;Entrega realizada;Entrega Finalizada;16;3;9;3;TRANSTRY;18010;;;
MOBIS BRASIL FABRICACAO DE AUTO PECAS LT;RODOVIARIO;1474609;09/03/2026;1;331473;09/03/2026;GNC GRANDE COREIA MINAS GERAIS COMERCIO;4,27E+13;MONTES CLAROS;MG;09/03/2026;16/03/2026;13/03/2026;Entregue No Prazo;;Entrega realizada;Entrega Finalizada;16;3;9;3;XD BETIM;11035;;;
MOBIS BRASIL FABRICACAO DE AUTO PECAS LT;RODOVIARIO;1474588;09/03/2026;2;331470;09/03/2026;CAOA MOTOR DO BRASIL LTDA;1,68E+13;BRASILIA;DF;09/03/2026;17/03/2026;13/03/2026;Entregue No Prazo;;Entrega realizada;Entrega Finalizada;17;3;9;3;RIO VERMELHO;5008;;;
MOBIS BRASIL FABRICACAO DE AUTO PECAS LT;RODOVIARIO;1474592;09/03/2026;10;331514;09/03/2026;PRIME CACHOEIRO VEICULOS LTDA EPP;9,34E+12;CACHOEIRO DE ITAPEMIRIM;ES;09/03/2026;17/03/2026;13/03/2026;Entregue No Prazo;;Entrega realizada;Entrega Finalizada;17;3;9;3;CAMILO;8003;;;
MOBIS BRASIL FABRICACAO DE AUTO PECAS LT;RODOVIARIO;1474591;09/03/2026;1;331514;09/03/2026;PRIME CACHOEIRO VEICULOS LTDA EPP;9,34E+12;CACHOEIRO DE ITAPEMIRIM;ES;09/03/2026;17/03/2026;13/03/2026;Entregue No Prazo;;Entrega realizada;Entrega Finalizada;17;3;9;3;CAMILO;8003;;;
MOBIS BRASIL FABRICACAO DE AUTO PECAS LT;RODOVIARIO;1475744;10/03/2026;1;331692;10/03/2026;ANDRETA II DISTRIB.DE VEICULOS LTDA.;9,10E+12;JUNDIAI;SP;10/03/2026;13/03/2026;13/03/2026;Entregue No Prazo;;Entrega realizada;Entrega Finalizada;13;3;10;3;RISSO;26040;Batalha do Jenipapo;Estadual;PI
MOBIS BRASIL FABRICACAO DE AUTO PECAS LT;RODOVIARIO;1475440;10/03/2026;1;331694;10/03/2026;ANDRETA II DISTRIBUIDORA DE VEIC. LTDA;9,10E+12;INDAIATUBA;SP;10/03/2026;13/03/2026;13/03/2026;Entregue No Prazo;;Entrega realizada;Entrega Finalizada;13;3;10;3;RISSO;26011;Batalha do Jenipapo;Estadual;PI
MOBIS BRASIL FABRICACAO DE AUTO PECAS LT;RODOVIARIO;1475441;10/03/2026;2;331695;10/03/2026;ANDRETA II DISTRIBUIDORA DE VEIC. LTDA;9,10E+12;AMERICANA;SP;10/03/2026;13/03/2026;13/03/2026;Entregue No Prazo;;Entrega realizada;Entrega Finalizada;13;3;10;3;RISSO;26011;Batalha do Jenipapo;Estadual;PI
MOBIS BRASIL FABRICACAO DE AUTO PECAS LT;RODOVIARIO;1475447;10/03/2026;2;331699;10/03/2026;CAOA MOTOR DO BRASIL LTDA;1,68E+13;SAO CARLOS;SP;10/03/2026;13/03/2026;13/03/2026;Entregue No Prazo;;Entrega realizada;Entrega Finalizada;13;3;10;3;RISSO;5008;Batalha do Jenipapo;Estadual;PI
MOBIS BRASIL FABRICACAO DE AUTO PECAS LT;RODOVIARIO;1475428;10/03/2026;1;331730;10/03/2026;BARI VEICULOS LTDA.;7,46E+12;ITAJAI;SC;10/03/2026;16/03/2026;13/03/2026;Entregue No Prazo;;Entrega realizada;Entrega Finalizada;16;3;10;3;TRANSTRY;24014;;;
MOBIS BRASIL FABRICACAO DE AUTO PECAS LT;RODOVIARIO;1475426;10/03/2026;15;331727;10/03/2026;BARI VEICULOS LTDA;7,46E+12;BLUMENAU;SC;10/03/2026;17/03/2026;13/03/2026;Entregue No Prazo;;Entrega realizada;Entrega Finalizada;17;3;10;3;TRANSTRY;18024;;;
MOBIS BRASIL FABRICACAO DE AUTO PECAS LT;RODOVIARIO;1475725;10/03/2026;3;331739;10/03/2026;SANTA FE VEICULOS LTDA.;1,16E+13;FRANCISCO BELTRAO;PR;10/03/2026;17/03/2026;13/03/2026;Entregue No Prazo;;Entrega realizada;Entrega Finalizada;17;3;10;3;TRANSTRY;18010;;;
MOBIS BRASIL FABRICACAO DE AUTO PECAS LT;RODOVIARIO;1475411;10/03/2026;5;331807;10/03/2026;VIA VR VEICULOS LTDA;1,73E+13;VOLTA REDONDA;RJ;10/03/2026;17/03/2026;13/03/2026;Entregue No Prazo;;Entrega realizada;Entrega Finalizada;17;3;10;3;CAMILO;19016;;;
MOBIS BRASIL FABRICACAO DE AUTO PECAS LT;RODOVIARIO;1475429;10/03/2026;1;331726;10/03/2026;BARI VEICULOS LTDA;7,46E+12;BALNEARIO CAMBORIU;SC;10/03/2026;18/03/2026;13/03/2026;Entregue No Prazo;;Entrega realizada;Entrega Finalizada;18;3;10;3;TRANSTRY;18024;;;
MOBIS BRASIL FABRICACAO DE AUTO PECAS LT;RODOVIARIO;1475390;10/03/2026;1;331804;10/03/2026;ULSAN COMERCIO DE VEICULOS LTDA.;2,10E+13;CAMPO GRANDE;MS;10/03/2026;18/03/2026;13/03/2026;Entregue No Prazo;;Entrega realizada;Entrega Finalizada;18;3;10;3;CARVALIMA;12004;;;
MOBIS BRASIL FABRICACAO DE AUTO PECAS LT;RODOVIARIO;1475391;10/03/2026;1;331775;10/03/2026;COMETA MATO GROSSO COM. DE VEICULOS LTDA;1,54E+13;TANGARA DA SERRA;MT;10/03/2026;19/03/2026;13/03/2026;Entregue No Prazo;;Entrega realizada;Entrega Finalizada;19;3;10;3;CARVALIMA;13007;;;
MOBIS BRASIL FABRICACAO DE AUTO PECAS LT;RODOVIARIO;1475710;10/03/2026;1;331795;10/03/2026;SAGA ASIA COM. DE VEIC.PC.E SERV. LTDA;2,23E+13;VARZEA GRANDE;MT;10/03/2026;19/03/2026;13/03/2026;Entregue No Prazo;;Entrega realizada;Entrega Finalizada;19;3;10;3;CARVALIMA;13004;;;
MOBIS BRASIL FABRICACAO DE AUTO PECAS LT;RODOVIARIO;1475711;10/03/2026;1;331795;10/03/2026;SAGA ASIA COM. DE VEIC.PC.E SERV. LTDA;2,23E+13;VARZEA GRANDE;MT;10/03/2026;19/03/2026;13/03/2026;Entregue No Prazo;;Entrega realizada;Entrega Finalizada;19;3;10;3;CARVALIMA;13004;;;
MOBIS BRASIL FABRICACAO DE AUTO PECAS LT;RODOVIARIO;1476009;11/03/2026;75;331916;11/03/2026;BILLY DISTRIBUIDORA DE VEICULOS LTDA;1,34E+13;SAO CAETANO DO SUL;SP;11/03/2026;13/03/2026;13/03/2026;Entregue No Prazo;;Entrega realizada;Entrega Finalizada;13;3;11;3;RISSO;26003;Batalha do Jenipapo;Estadual;PI
MOBIS BRASIL FABRICACAO DE AUTO PECAS LT;RODOVIARIO;1476001;11/03/2026;6;331926;11/03/2026;GRAND SPORT COM. DE VEIC. E PECAS LTDA;8,58E+12;GUARULHOS;SP;11/03/2026;13/03/2026;13/03/2026;Entregue No Prazo;;Entrega realizada;Entrega Finalizada;13;3;11;3;RISSO;26005;Batalha do Jenipapo;Estadual;PI
MOBIS BRASIL FABRICACAO DE AUTO PECAS LT;RODOVIARIO;1476019;11/03/2026;16;331929;11/03/2026;GRANDAY AUTOMOTORES LTDA (CHAC. CALIFOR);1,57E+13;SAO PAULO;SP;11/03/2026;13/03/2026;13/03/2026;Entregue No Prazo;;Entrega realizada;Entrega Finalizada;13;3;11;3;RISSO;26090;Batalha do Jenipapo;Estadual;PI
MOBIS BRASIL FABRICACAO DE AUTO PECAS LT;RODOVIARIO;1476000;11/03/2026;3;331939;11/03/2026;NOBRE DISTRIBUIDORA DE VEICULOS E PECAS;5,76E+12;MOGI DAS CRUZES;SP;11/03/2026;13/03/2026;13/03/2026;Entregue No Prazo;;Entrega realizada;Entrega Finalizada;13;3;11;3;RISSO;26004;Batalha do Jenipapo;Estadual;PI
MOBIS BRASIL FABRICACAO DE AUTO PECAS LT;RODOVIARIO;1476007;11/03/2026;2;331911;11/03/2026;ANDRETA II DISTRIB.DE VEICULOS LTDA.;9,10E+12;JUNDIAI;SP;11/03/2026;16/03/2026;13/03/2026;Entregue No Prazo;;Entrega realizada;Entrega Finalizada;16;3;11;3;RISSO;26040;;;
MOBIS BRASIL FABRICACAO DE AUTO PECAS LT;RODOVIARIO;1476010;11/03/2026;2;331912;11/03/2026;ANDRETA II DISTRIBUIDORA DE VEIC. LTDA;9,10E+12;AMERICANA;SP;11/03/2026;16/03/2026;13/03/2026;Entregue No Prazo;;Entrega realizada;Entrega Finalizada;16;3;11;3;RISSO;26011;;;
MOBIS BRASIL FABRICACAO DE AUTO PECAS LT;RODOVIARIO;1476014;11/03/2026;1;331917;11/03/2026;CAOA MOTOR DO BRASIL LTDA;1,68E+13;CAMPINAS;SP;11/03/2026;16/03/2026;13/03/2026;Entregue No Prazo;;Entrega realizada;Entrega Finalizada;16;3;11;3;RISSO;5008;;;
MOBIS BRASIL FABRICACAO DE AUTO PECAS LT;RODOVIARIO;1476017;11/03/2026;6;331923;11/03/2026;DESTAQUE SEUL DISTR. DE VEIC. E PC. LTDA;2,12E+13;ATIBAIA;SP;11/03/2026;16/03/2026;13/03/2026;Entregue No Prazo;;Entrega realizada;Entrega Finalizada;16;3;11;3;RISSO;26075;;;
MOBIS BRASIL FABRICACAO DE AUTO PECAS LT;RODOVIARIO;1476002;11/03/2026;22;331924;11/03/2026;DHC COMERCIO DE VEICULOS E PECAS LTDA;9,52E+12;BAURU;SP;11/03/2026;16/03/2026;13/03/2026;Entregue No Prazo;;Entrega realizada;Entrega Finalizada;16;3;11;3;RISSO;26010;;;
MOBIS BRASIL FABRICACAO DE AUTO PECAS LT;RODOVIARIO;1476022;11/03/2026;2;331930;11/03/2026;H - CAMINHO AUTOMOVEIS LTDA;2,53E+13;LIMEIRA;SP;11/03/2026;16/03/2026;13/03/2026;Entregue No Prazo;;Entrega realizada;Entrega Finalizada;16;3;11;3;RISSO;26092;;;
MOBIS BRASIL FABRICACAO DE AUTO PECAS LT;RODOVIARIO;1476004;11/03/2026;8;331934;11/03/2026;MOTONET COMERCIO DE VEICULOS LTDA;9,28E+12;SOROCABA;SP;11/03/2026;16/03/2026;13/03/2026;Entregue No Prazo;;Entrega realizada;Entrega Finalizada;16;3;11;3;RISSO;26113;;;
MOBIS BRASIL FABRICACAO DE AUTO PECAS LT;RODOVIARIO;1475978;11/03/2026;5;331993;11/03/2026;BARI VEICULOS LTDA;7,46E+12;CURITIBA;PR;11/03/2026;16/03/2026;13/03/2026;Entregue No Prazo;;Entrega realizada;Entrega Finalizada;16;3;11;3;TRANSTRY;18024;;;
MOBIS BRASIL FABRICACAO DE AUTO PECAS LT;RODOVIARIO;1475977;11/03/2026;1;331997;11/03/2026;BARI VEICULOS LTDA.;7,46E+12;CURITIBA;PR;11/03/2026;16/03/2026;13/03/2026;Entregue No Prazo;;Entrega realizada;Entrega Finalizada;16;3;11;3;TRANSTRY;18029;;;
MOBIS BRASIL FABRICACAO DE AUTO PECAS LT;RODOVIARIO;1476023;11/03/2026;1;331925;11/03/2026;DHC COMERCIO DE VEICULOS E PECAS LTDA;9,52E+12;OURINHOS;SP;11/03/2026;17/03/2026;13/03/2026;Entregue No Prazo;;Entrega realizada;Entrega Finalizada;17;3;11;3;RISSO;26010;;;
MOBIS BRASIL FABRICACAO DE AUTO PECAS LT;RODOVIARIO;1476012;11/03/2026;20;331932;11/03/2026;H R B COMERCIO DE VEICULOS LTDA;1,82E+13;SAO JOSE DO RIO PRETO;SP;11/03/2026;17/03/2026;13/03/2026;Entregue No Prazo;;Entrega realizada;Entrega Finalizada;17;3;11;3;RISSO;26050;;;
MOBIS BRASIL FABRICACAO DE AUTO PECAS LT;RODOVIARIO;1475959;11/03/2026;1;331951;11/03/2026;TOKSU COMERCIO DE VEICULOS LTDA;1,12E+13;POUSO ALEGRE;MG;11/03/2026;17/03/2026;13/03/2026;Entregue No Prazo;;Entrega realizada;Entrega Finalizada;17;3;11;3;XD BETIM;11008;;;
MOBIS BRASIL FABRICACAO DE AUTO PECAS LT;RODOVIARIO;1475976;11/03/2026;5;331994;11/03/2026;BARI VEICULOS LTDA;7,46E+12;PONTA GROSSA;PR;11/03/2026;17/03/2026;13/03/2026;Entregue No Prazo;;Entrega realizada;Entrega Finalizada;17;3;11;3;TRANSTRY;18024;;;
MOBIS BRASIL FABRICACAO DE AUTO PECAS LT;RODOVIARIO;1475973;11/03/2026;5;332005;11/03/2026;LOVAT VEICULOS S/A;8,57E+12;LONDRINA;PR;11/03/2026;17/03/2026;13/03/2026;Entregue No Prazo;;Entrega realizada;Entrega Finalizada;17;3;11;3;TRANSTRY;18008;;;
MOBIS BRASIL FABRICACAO DE AUTO PECAS LT;RODOVIARIO;1475974;11/03/2026;1;332007;11/03/2026;VETOR AUTOMOVEIS LTDA;2,12E+13;CASCAVEL;PR;11/03/2026;17/03/2026;13/03/2026;Entregue No Prazo;;Entrega realizada;Entrega Finalizada;17;3;11;3;TRANSTRY;18019;;;
MOBIS BRASIL FABRICACAO DE AUTO PECAS LT;RODOVIARIO;1475960;11/03/2026;1;331954;11/03/2026;VIME AUTOMOVEIS E PECAS LTDA;2,85E+13;GUAXUPE;MG;11/03/2026;18/03/2026;13/03/2026;Entregue No Prazo;;Entrega realizada;Entrega Finalizada;18;3;11;3;XD BETIM;11031;;;
MOBIS BRASIL FABRICACAO DE AUTO PECAS LT;RODOVIARIO;1475982;11/03/2026;1;331990;11/03/2026;VIA VR VEICULOS LTDA;1,73E+13;VOLTA REDONDA;RJ;11/03/2026;18/03/2026;13/03/2026;Entregue No Prazo;;Entrega realizada;Entrega Finalizada;18;3;11;3;CAMILO;19016;;;
MOBIS BRASIL FABRICACAO DE AUTO PECAS LT;RODOVIARIO;1475996;11/03/2026;35;331996;11/03/2026;BARI VEICULOS LTDA;7,46E+12;BLUMENAU;SC;11/03/2026;18/03/2026;13/03/2026;Entregue No Prazo;;Entrega realizada;Entrega Finalizada;18;3;11;3;TRANSTRY;18024;;;
MOBIS BRASIL FABRICACAO DE AUTO PECAS LT;RODOVIARIO;1476882;12/03/2026;1;332142;12/03/2026;CAOA MOTOR DO BRASIL LTDA (ARICANDUVA);1,68E+13;SAO PAULO;SP;12/03/2026;16/03/2026;13/03/2026;Entregue No Prazo;;Entrega realizada;Entrega Finalizada;16;3;12;3;RISSO;26039;;;
MOBIS BRASIL FABRICACAO DE AUTO PECAS LT;RODOVIARIO;1476902;12/03/2026;1;332145;12/03/2026;CHS MOTORS VEICULOS PECAS E SERV.  LTDA;1,69E+13;SAO PAULO;SP;12/03/2026;16/03/2026;13/03/2026;Entregue No Prazo;;Entrega realizada;Entrega Finalizada;16;3;12;3;RISSO;26108;;;
MOBIS BRASIL FABRICACAO DE AUTO PECAS LT;RODOVIARIO;1476878;12/03/2026;18;332149;12/03/2026;DHC COMERCIO DE VEICULOS E PECAS LTDA;9,52E+12;BAURU;SP;12/03/2026;17/03/2026;13/03/2026;Entregue No Prazo;;Entrega realizada;Entrega Finalizada;17;3;12;3;RISSO;26010;;;
MOBIS BRASIL FABRICACAO DE AUTO PECAS LT;RODOVIARIO;1476898;12/03/2026;2;332154;12/03/2026;H - CAMINHO AUTOMOVEIS LTDA;2,53E+13;PIRACICABA;SP;12/03/2026;18/03/2026;13/03/2026;Entregue No Prazo;;Entrega realizada;Entrega Finalizada;18;3;12;3;RISSO;26092;;;
MOBIS BRASIL FABRICACAO DE AUTO PECAS LT;RODOVIARIO;1470262;27/02/2026;4;330192;27/02/2026;ULSAN COMERCIO DE VEICULOS LTDA;2,10E+13;RIO BRANCO;AC;27/02/2026;18/03/2026;14/03/2026;Entregue No Prazo;;Entrega realizada;Entrega Finalizada;18;3;27;2;CARVALIMA;21004;;;
MOBIS BRASIL FABRICACAO DE AUTO PECAS LT;RODOVIARIO;1471922;03/03/2026;6;330596;03/03/2026;NACIONAL NOVA MARABA DIST DE VEIC. LTDA;1,70E+13;IMPERATRIZ;MA;03/03/2026;23/03/2026;14/03/2026;Entregue No Prazo;;Entrega realizada;Entrega Finalizada;23;3;3;3;TERMACO;10003;;;
MOBIS BRASIL FABRICACAO DE AUTO PECAS LT;RODOVIARIO;1472209;03/03/2026;8;330596;03/03/2026;NACIONAL NOVA MARABA DIST DE VEIC. LTDA;1,70E+13;IMPERATRIZ;MA;03/03/2026;23/03/2026;14/03/2026;Entregue No Prazo;;Entrega realizada;Entrega Finalizada;23;3;3;3;TERMACO;10003;;;
MOBIS BRASIL FABRICACAO DE AUTO PECAS LT;RODOVIARIO;1473444;05/03/2026;3;330990;05/03/2026;JPN PATOS COMERCIO DE VEICULOS LTDA;4,20E+13;PATOS;PB;05/03/2026;23/03/2026;14/03/2026;Entregue No Prazo;;Entrega realizada;Entrega Finalizada;23;3;5;3;TERMACO;15004;;;
MOBIS BRASIL FABRICACAO DE AUTO PECAS LT;RODOVIARIO;1473432;05/03/2026;1;330994;05/03/2026;NACIONAL NOVA MARABA DIST DE VEIC. LTDA;1,70E+13;IMPERATRIZ;MA;05/03/2026;25/03/2026;14/03/2026;Entregue No Prazo;;Entrega realizada;Entrega Finalizada;25;3;5;3;TERMACO;10003;Abolição da Escravidão no Ceará;Estadual;CE
MOBIS BRASIL FABRICACAO DE AUTO PECAS LT;RODOVIARIO;1470293;27/02/2026;3;330161;27/02/2026;CAOA MOTOR DO BRASIL LTDA;1,68E+13;RECIFE;PE;27/02/2026;16/03/2026;16/03/2026;Entregue No Prazo;;Entrega realizada;Entrega Finalizada;16;3;27;2;TERMACO;5008;;;
MOBIS BRASIL FABRICACAO DE AUTO PECAS LT;RODOVIARIO;1470292;27/02/2026;9;330184;27/02/2026;PATEO COMERCIO DE VEICULOS S A;7,78E+12;RECIFE;PE;27/02/2026;16/03/2026;16/03/2026;Entregue No Prazo;;Entrega realizada;Entrega Finalizada;16;3;27;2;TERMACO;16004;;;
MOBIS BRASIL FABRICACAO DE AUTO PECAS LT;RODOVIARIO;1471985;03/03/2026;2;330569;03/03/2026;PRIVILLEGE DISTRIBUIDORA DE VEICULOS LTD;1,72E+13;PALMAS;TO;03/03/2026;12/03/2026;16/03/2026;Entregue Fora do Prazo;;Entrega realizada;Entrega Finalizada;12;3;3;3;RIO VERMELHO;27003;;;
MOBIS BRASIL FABRICACAO DE AUTO PECAS LT;RODOVIARIO;1472204;03/03/2026;2;330589;03/03/2026;FAZZA MOTORS COMERCIO DE VEICULOS LTDA;1,24E+13;FORTALEZA;CE;03/03/2026;17/03/2026;16/03/2026;Entregue No Prazo;;Entrega realizada;Entrega Finalizada;17;3;3;3;TERMACO;5007;;;
MOBIS BRASIL FABRICACAO DE AUTO PECAS LT;RODOVIARIO;1471936;03/03/2026;1;330585;03/03/2026;CAOA MOTOR DO BRASIL LTDA;1,68E+13;RECIFE;PE;03/03/2026;18/03/2026;16/03/2026;Entregue No Prazo;;Entrega realizada;Entrega Finalizada;18;3;3;3;TERMACO;5008;;;
MOBIS BRASIL FABRICACAO DE AUTO PECAS LT;RODOVIARIO;1471910;03/03/2026;2;330594;03/03/2026;MASTER COMERCIAL DE VEICULOS LTDA;2,85E+13;BARREIRAS;BA;03/03/2026;18/03/2026;16/03/2026;Entregue No Prazo;;Entrega realizada;Entrega Finalizada;18;3;3;3;TERMACO;5012;;;
MOBIS BRASIL FABRICACAO DE AUTO PECAS LT;RODOVIARIO;1471934;03/03/2026;2;330601;03/03/2026;PATEO COMERCIO DE VEICULOS S A;7,78E+12;RECIFE;PE;03/03/2026;18/03/2026;16/03/2026;Entregue No Prazo;;Entrega realizada;Entrega Finalizada;18;3;3;3;TERMACO;16004;;;
MOBIS BRASIL FABRICACAO DE AUTO PECAS LT;RODOVIARIO;1471935;03/03/2026;1;330601;03/03/2026;PATEO COMERCIO DE VEICULOS S A;7,78E+12;RECIFE;PE;03/03/2026;18/03/2026;16/03/2026;Entregue No Prazo;;Entrega realizada;Entrega Finalizada;18;3;3;3;TERMACO;16004;;;
MOBIS BRASIL FABRICACAO DE AUTO PECAS LT;RODOVIARIO;1471949;03/03/2026;2;330607;03/03/2026;SAINT LAND COMERCIO DE VEICULOS LTDA;1,04E+13;NATAL;RN;03/03/2026;18/03/2026;16/03/2026;Entregue No Prazo;;Entrega realizada;Entrega Finalizada;18;3;3;3;TERMACO;6010;;;
MOBIS BRASIL FABRICACAO DE AUTO PECAS LT;RODOVIARIO;1471948;03/03/2026;1;330597;03/03/2026;ORIENTE AUTOMOVEIS LTDA;1,33E+13;PARNAMIRIM;RN;03/03/2026;19/03/2026;16/03/2026;Entregue No Prazo;;Entrega realizada;Entrega Finalizada;19;3;3;3;TERMACO;20001;;;
MOBIS BRASIL FABRICACAO DE AUTO PECAS LT;RODOVIARIO;1471911;03/03/2026;2;330611;03/03/2026;VIA NORTE COM. E IMPORT. DE VEIC. LTDA;1,25E+13;SOBRAL;CE;03/03/2026;19/03/2026;16/03/2026;Entregue No Prazo;;Entrega realizada;Entrega Finalizada;19;3;3;3;TERMACO;6002;;;
MOBIS BRASIL FABRICACAO DE AUTO PECAS LT;RODOVIARIO;1472565;04/03/2026;5;330796;04/03/2026;PRIVILLEGE DISTRIBUIDORA DE VEICULOS LTD;1,72E+13;PALMAS;TO;04/03/2026;13/03/2026;16/03/2026;Entregue Fora do Prazo;;Entrega realizada;Entrega Finalizada;13;3;4;3;RIO VERMELHO;27003;Batalha do Jenipapo;Estadual;PI
MOBIS BRASIL FABRICACAO DE AUTO PECAS LT;RODOVIARIO;1472478;04/03/2026;2;330813;04/03/2026;CAOA MOTOR DO BRASIL LTDA;1,68E+13;FORTALEZA;CE;04/03/2026;18/03/2026;16/03/2026;Entregue No Prazo;;Entrega realizada;Entrega Finalizada;18;3;4;3;TERMACO;5008;;;
MOBIS BRASIL FABRICACAO DE AUTO PECAS LT;RODOVIARIO;1472503;04/03/2026;2;330828;04/03/2026;PATEO COMERCIO DE VEICULOS S A;7,78E+12;RECIFE;PE;04/03/2026;19/03/2026;16/03/2026;Entregue No Prazo;;Entrega realizada;Entrega Finalizada;19;3;4;3;TERMACO;16004;;;
MOBIS BRASIL FABRICACAO DE AUTO PECAS LT;RODOVIARIO;1472502;04/03/2026;4;330829;04/03/2026;PATEO COMERCIO DE VEICULOS S A;7,78E+12;JOAO PESSOA;PB;04/03/2026;19/03/2026;16/03/2026;Entregue No Prazo;;Entrega realizada;Entrega Finalizada;19;3;4;3;TERMACO;15003;;;
MOBIS BRASIL FABRICACAO DE AUTO PECAS LT;RODOVIARIO;1472501;04/03/2026;1;330829;04/03/2026;PATEO COMERCIO DE VEICULOS S A;7,78E+12;JOAO PESSOA;PB;04/03/2026;19/03/2026;16/03/2026;Entregue No Prazo;;Entrega realizada;Entrega Finalizada;19;3;4;3;TERMACO;15003;;;
MOBIS BRASIL FABRICACAO DE AUTO PECAS LT;RODOVIARIO;1472874;04/03/2026;6;330821;04/03/2026;GREEN CITY VEICULOS LTDA;2,10E+13;TERESINA;PI;04/03/2026;20/03/2026;16/03/2026;Entregue No Prazo;;Entrega realizada;Entrega Finalizada;20;3;4;3;TERMACO;17002;;;
MOBIS BRASIL FABRICACAO DE AUTO PECAS LT;RODOVIARIO;1473430;05/03/2026;3;330946;05/03/2026;NISA COMERCIAL DE VEIC. AUTOMOTORES LTDA;1,03E+13;GOIANIA;GO;05/03/2026;13/03/2026;16/03/2026;Entregue Fora do Prazo;;Entrega realizada;Entrega Finalizada;13;3;5;3;RIO VERMELHO;9013;Batalha do Jenipapo;Estadual;PI
MOBIS BRASIL FABRICACAO DE AUTO PECAS LT;RODOVIARIO;1473428;05/03/2026;9;330947;05/03/2026;NISA COMERCIAL DE VEIC. AUTOMOTORES LTDA;1,03E+13;APARECIDA DE GOIANIA;GO;05/03/2026;13/03/2026;16/03/2026;Entregue Fora do Prazo;;Entrega realizada;Entrega Finalizada;13;3;5;3;RIO VERMELHO;9002;Batalha do Jenipapo;Estadual;PI
MOBIS BRASIL FABRICACAO DE AUTO PECAS LT;RODOVIARIO;1473429;05/03/2026;125;330950;05/03/2026;SAGA KOREA COM. DE VEIC. E PC. LTDA;1,27E+13;GOIANIA;GO;05/03/2026;13/03/2026;16/03/2026;Entregue Fora do Prazo;;Entrega realizada;Entrega Finalizada;13;3;5;3;RIO VERMELHO;9011;Batalha do Jenipapo;Estadual;PI
MOBIS BRASIL FABRICACAO DE AUTO PECAS LT;RODOVIARIO;1473417;05/03/2026;1;330982;05/03/2026;CYCOSA AUTOMOVEIS LTDA;4,76E+12;MACEIO;AL;05/03/2026;19/03/2026;16/03/2026;Entregue No Prazo;;Entrega realizada;Entrega Finalizada;19;3;5;3;TERMACO;2001;;;
MOBIS BRASIL FABRICACAO DE AUTO PECAS LT;RODOVIARIO;1473422;05/03/2026;1;330983;05/03/2026;FAZZA MOTORS COM. DE VEICULOS LTDA;1,24E+13;FORTALEZA;CE;05/03/2026;19/03/2026;16/03/2026;Entregue No Prazo;;Entrega realizada;Entrega Finalizada;19;3;5;3;TERMACO;6001;;;
MOBIS BRASIL FABRICACAO DE AUTO PECAS LT;RODOVIARIO;1473446;05/03/2026;2;330997;05/03/2026;PATEO COMERCIO DE VEICULOS S A;7,78E+12;RECIFE;PE;05/03/2026;20/03/2026;16/03/2026;Entregue No Prazo;;Entrega realizada;Entrega Finalizada;20;3;5;3;TERMACO;16004;;;
MOBIS BRASIL FABRICACAO DE AUTO PECAS LT;RODOVIARIO;1473445;05/03/2026;1;330997;05/03/2026;PATEO COMERCIO DE VEICULOS S A;7,78E+12;RECIFE;PE;05/03/2026;20/03/2026;16/03/2026;Entregue No Prazo;;Entrega realizada;Entrega Finalizada;20;3;5;3;TERMACO;16004;;;
MOBIS BRASIL FABRICACAO DE AUTO PECAS LT;RODOVIARIO;1473443;05/03/2026;2;331000;05/03/2026;PATEO COMERCIO DE VEICULOS S A;7,78E+12;JOAO PESSOA;PB;05/03/2026;20/03/2026;16/03/2026;Entregue No Prazo;;Entrega realizada;Entrega Finalizada;20;3;5;3;TERMACO;15003;;;
MOBIS BRASIL FABRICACAO DE AUTO PECAS LT;RODOVIARIO;1473461;05/03/2026;10;331006;05/03/2026;SAINT LAND COMERCIO DE VEICULOS LTDA;1,04E+13;NATAL;RN;05/03/2026;20/03/2026;16/03/2026;Entregue No Prazo;;Entrega realizada;Entrega Finalizada;20;3;5;3;TERMACO;6010;;;
MOBIS BRASIL FABRICACAO DE AUTO PECAS LT;RODOVIARIO;1473871;06/03/2026;2;331158;06/03/2026;MISO VEICULOS LTDA;1,85E+13;SANTAREM;PA;06/03/2026;20/03/2026;16/03/2026;Entregue No Prazo;;Entrega realizada;Entrega Finalizada;20;3;6;3;CARVALIMA;4001;;;
MOBIS BRASIL FABRICACAO DE AUTO PECAS LT;RODOVIARIO;1473872;06/03/2026;1;331151;06/03/2026;GRANDE COREIA COMERCIO DE VEICULOS LTDA;2,66E+13;BELEM;PA;06/03/2026;19/03/2026;16/03/2026;Entregue No Prazo;;Entrega realizada;Entrega Finalizada;19;3;6;3;CARVALIMA;14007;;;
MOBIS BRASIL FABRICACAO DE AUTO PECAS LT;RODOVIARIO;1473885;06/03/2026;7;331140;06/03/2026;CAOA MOTOR DO BRASIL LTDA;1,68E+13;RIO DE JANEIRO;RJ;06/03/2026;12/03/2026;16/03/2026;Entregue Fora do Prazo;;Entrega realizada;Entrega Finalizada;12;3;6;3;CAMILO;5008;;;
MOBIS BRASIL FABRICACAO DE AUTO PECAS LT;RODOVIARIO;1473932;06/03/2026;2;331071;06/03/2026;CAOA MOTOR DO BRASIL LTDA (INDIANOPOLIS);1,68E+13;SAO PAULO;SP;06/03/2026;10/03/2026;16/03/2026;Entregue Fora do Prazo;;Entrega realizada;Entrega Finalizada;10;3;6;3;RISSO;26091;;;
MOBIS BRASIL FABRICACAO DE AUTO PECAS LT;RODOVIARIO;1474639;09/03/2026;5;331427;09/03/2026;HOUSE PARTS-COM. DE PCS. E VEICULOS LTDA;1,15E+13;PORTO ALEGRE;RS;09/03/2026;13/03/2026;16/03/2026;Entregue Fora do Prazo;;Entrega realizada;Entrega Finalizada;13;3;9;3;TRANSTRY;23004;Batalha do Jenipapo;Estadual;PI
MOBIS BRASIL FABRICACAO DE AUTO PECAS LT;RODOVIARIO;1474630;09/03/2026;1;331435;09/03/2026;VETOR AUTOMOVEIS LTDA;2,12E+13;UMUARAMA;PR;09/03/2026;13/03/2026;16/03/2026;Entregue Fora do Prazo;;Entrega realizada;Entrega Finalizada;13;3;9;3;TRANSTRY;18019;Batalha do Jenipapo;Estadual;PI
MOBIS BRASIL FABRICACAO DE AUTO PECAS LT;RODOVIARIO;1474604;09/03/2026;3;331485;09/03/2026;URCA MOTORS VEICULOS LTDA;8,77E+12;UBERABA;MG;09/03/2026;13/03/2026;16/03/2026;Entregue Fora do Prazo;;Entrega realizada;Entrega Finalizada;13;3;9;3;XD BETIM;9014;Batalha do Jenipapo;Estadual;PI
MOBIS BRASIL FABRICACAO DE AUTO PECAS LT;RODOVIARIO;1475025;09/03/2026;2;331503;09/03/2026;ITAVEMA MOTORS VEICULOS LTDA;7,73E+12;DUQUE DE CAXIAS;RJ;09/03/2026;13/03/2026;16/03/2026;Entregue Fora do Prazo;;Entrega realizada;Entrega Finalizada;13;3;9;3;CAMILO;19001;Batalha do Jenipapo;Estadual;PI
MOBIS BRASIL FABRICACAO DE AUTO PECAS LT;RODOVIARIO;1474603;09/03/2026;1;331490;09/03/2026;VITAL COMERCIO DE VEICULOS LTDA;1,05E+13;GOVERNADOR VALADARES;MG;09/03/2026;16/03/2026;16/03/2026;Entregue No Prazo;;Entrega realizada;Entrega Finalizada;16;3;9;3;XD BETIM;11016;;;
MOBIS BRASIL FABRICACAO DE AUTO PECAS LT;RODOVIARIO;1474590;09/03/2026;2;331517;09/03/2026;TAI MOTORS VEICULOS S/A;9,27E+12;VITORIA;ES;09/03/2026;16/03/2026;16/03/2026;Entregue No Prazo;;Entrega realizada;Entrega Finalizada;16;3;9;3;CAMILO;8002;;;
MOBIS BRASIL FABRICACAO DE AUTO PECAS LT;RODOVIARIO;1474589;09/03/2026;3;331521;09/03/2026;VIA BRASIL AUTOMOVEIS LTDA.;4,72E+12;SERRA;ES;09/03/2026;16/03/2026;16/03/2026;Entregue No Prazo;;Entrega realizada;Entrega Finalizada;16;3;9;3;CAMILO;8001;;;
MOBIS BRASIL FABRICACAO DE AUTO PECAS LT;RODOVIARIO;1474593;09/03/2026;1;331518;09/03/2026;TAI MOTORS VEICULOS S/A;9,27E+12;COLATINA;ES;09/03/2026;17/03/2026;16/03/2026;Entregue No Prazo;;Entrega realizada;Entrega Finalizada;17;3;9;3;CAMILO;8002;;;
MOBIS BRASIL FABRICACAO DE AUTO PECAS LT;RODOVIARIO;1474643;09/03/2026;1;331423;09/03/2026;GALA COMERCIO DE VEICULOS LTDA;1,77E+13;BAGE;RS;09/03/2026;18/03/2026;16/03/2026;Entregue No Prazo;;Entrega realizada;Entrega Finalizada;18;3;9;3;TRANSTRY;23009;;;
MOBIS BRASIL FABRICACAO DE AUTO PECAS LT;RODOVIARIO;1474612;09/03/2026;2;331495;09/03/2026;CAOA MOTOR DO BRASIL LTDA;1,68E+13;BELEM;PA;09/03/2026;20/03/2026;16/03/2026;Entregue No Prazo;;Entrega realizada;Entrega Finalizada;20;3;9;3;CARVALIMA;5008;;;
MOBIS BRASIL FABRICACAO DE AUTO PECAS LT;RODOVIARIO;1474613;09/03/2026;10;331499;09/03/2026;GRANDE COREIA COMERCIO DE VEICULOS LTDA;2,66E+13;BELEM;PA;09/03/2026;20/03/2026;16/03/2026;Entregue No Prazo;;Entrega realizada;Entrega Finalizada;20;3;9;3;CARVALIMA;14007;;;
MOBIS BRASIL FABRICACAO DE AUTO PECAS LT;RODOVIARIO;1475436;10/03/2026;6;331704;10/03/2026;DHC COMERCIO DE VEICULOS E PECAS LTDA;9,52E+12;BAURU;SP;10/03/2026;13/03/2026;16/03/2026;Entregue Fora do Prazo;;Entrega realizada;Entrega Finalizada;13;3;10;3;RISSO;26010;Batalha do Jenipapo;Estadual;PI
MOBIS BRASIL FABRICACAO DE AUTO PECAS LT;RODOVIARIO;1475700;10/03/2026;33;331742;10/03/2026;BDG AUTOVILLE VEICULOS LTDA;4,77E+13;CONTAGEM;MG;10/03/2026;13/03/2026;16/03/2026;Entregue Fora do Prazo;;Entrega realizada;Entrega Finalizada;13;3;10;3;XD BETIM;11037;Batalha do Jenipapo;Estadual;PI
MOBIS BRASIL FABRICACAO DE AUTO PECAS LT;RODOVIARIO;1475701;10/03/2026;2;331742;10/03/2026;BDG AUTOVILLE VEICULOS LTDA;4,77E+13;CONTAGEM;MG;10/03/2026;13/03/2026;16/03/2026;Entregue Fora do Prazo;;Entrega realizada;Entrega Finalizada;13;3;10;3;XD BETIM;11037;Batalha do Jenipapo;Estadual;PI
MOBIS BRASIL FABRICACAO DE AUTO PECAS LT;RODOVIARIO;1475382;10/03/2026;10;331744;10/03/2026;CARBEL KOREA VEICULOS LTDA;2,07E+13;BELO HORIZONTE;MG;10/03/2026;13/03/2026;16/03/2026;Entregue Fora do Prazo;;Entrega realizada;Entrega Finalizada;13;3;10;3;XD BETIM;11021;Batalha do Jenipapo;Estadual;PI
MOBIS BRASIL FABRICACAO DE AUTO PECAS LT;RODOVIARIO;1475696;10/03/2026;20;331753;10/03/2026;TAI MOTORS VEICULOS S/A;9,27E+12;BELO HORIZONTE;MG;10/03/2026;13/03/2026;16/03/2026;Entregue Fora do Prazo;;Entrega realizada;Entrega Finalizada;13;3;10;3;XD BETIM;8002;Batalha do Jenipapo;Estadual;PI
MOBIS BRASIL FABRICACAO DE AUTO PECAS LT;RODOVIARIO;1475451;10/03/2026;1;331706;10/03/2026;DHC COMERCIO DE VEICULOS E PECAS LTDA;9,52E+12;BOTUCATU;SP;10/03/2026;16/03/2026;16/03/2026;Entregue No Prazo;;Entrega realizada;Entrega Finalizada;16;3;10;3;RISSO;26010;;;
MOBIS BRASIL FABRICACAO DE AUTO PECAS LT;RODOVIARIO;1475740;10/03/2026;2;331716;10/03/2026;NEW VEICULOS E PECAS LTDA;1,59E+13;FRANCA;SP;10/03/2026;16/03/2026;16/03/2026;Entregue No Prazo;;Entrega realizada;Entrega Finalizada;16;3;10;3;RISSO;26014;;;
MOBIS BRASIL FABRICACAO DE AUTO PECAS LT;RODOVIARIO;1475407;10/03/2026;3;331725;10/03/2026;BARI VEICULOS LTDA;7,46E+12;GUARAPUAVA;PR;10/03/2026;16/03/2026;16/03/2026;Entregue No Prazo;;Entrega realizada;Entrega Finalizada;16;3;10;3;TRANSTRY;18024;;;
MOBIS BRASIL FABRICACAO DE AUTO PECAS LT;RODOVIARIO;1475419;10/03/2026;3;331736;10/03/2026;HOUSE PARTS-COM. DE PCS. E VEICULOS LTDA;1,15E+13;PORTO ALEGRE;RS;10/03/2026;16/03/2026;16/03/2026;Entregue No Prazo;;Entrega realizada;Entrega Finalizada;16;3;10;3;TRANSTRY;23004;;;
MOBIS BRASIL FABRICACAO DE AUTO PECAS LT;RODOVIARIO;1475384;10/03/2026;1;331756;10/03/2026;TOKSU COMERCIO DE VEICULOS LTDA;1,12E+13;VARGINHA;MG;10/03/2026;16/03/2026;16/03/2026;Entregue No Prazo;;Entrega realizada;Entrega Finalizada;16;3;10;3;XD BETIM;11008;;;
MOBIS BRASIL FABRICACAO DE AUTO PECAS LT;RODOVIARIO;1475383;10/03/2026;1;331757;10/03/2026;TOKSU COMERCIO DE VEICULOS LTDA;1,12E+13;POUSO ALEGRE;MG;10/03/2026;16/03/2026;16/03/2026;Entregue No Prazo;;Entrega realizada;Entrega Finalizada;16;3;10;3;XD BETIM;11008;;;
MOBIS BRASIL FABRICACAO DE AUTO PECAS LT;RODOVIARIO;1475379;10/03/2026;28;331759;10/03/2026;URCA MOTORS VEICULOS LTDA;8,77E+12;UBERLANDIA;MG;10/03/2026;16/03/2026;16/03/2026;Entregue No Prazo;;Entrega realizada;Entrega Finalizada;16;3;10;3;XD BETIM;9014;;;
MOBIS BRASIL FABRICACAO DE AUTO PECAS LT;RODOVIARIO;1475410;10/03/2026;3;331767;10/03/2026;AMX COM. E SERVICOS DE AUTOMOTORES LTDA;1,20E+13;RIO DE JANEIRO;RJ;10/03/2026;16/03/2026;16/03/2026;Entregue No Prazo;;Entrega realizada;Entrega Finalizada;16;3;10;3;CAMILO;19009;;;
MOBIS BRASIL FABRICACAO DE AUTO PECAS LT;RODOVIARIO;1475415;10/03/2026;1;331770;10/03/2026;CAOA MOTOR DO BRASIL LTDA;1,68E+13;RIO DE JANEIRO;RJ;10/03/2026;16/03/2026;16/03/2026;Entregue No Prazo;;Entrega realizada;Entrega Finalizada;16;3;10;3;CAMILO;5008;;;
MOBIS BRASIL FABRICACAO DE AUTO PECAS LT;RODOVIARIO;1475413;10/03/2026;2;331773;10/03/2026;CAOA MOTOR DO BRASIL LTDA;1,68E+13;RIO DE JANEIRO;RJ;10/03/2026;16/03/2026;16/03/2026;Entregue No Prazo;;Entrega realizada;Entrega Finalizada;16;3;10;3;CAMILO;5008;;;
MOBIS BRASIL FABRICACAO DE AUTO PECAS LT;RODOVIARIO;1475412;10/03/2026;11;331781;10/03/2026;ITAVEMA MOTORS VEICULOS LTDA;7,73E+12;RIO DE JANEIRO;RJ;10/03/2026;16/03/2026;16/03/2026;Entregue No Prazo;;Entrega realizada;Entrega Finalizada;16;3;10;3;CAMILO;19001;;;
MOBIS BRASIL FABRICACAO DE AUTO PECAS LT;RODOVIARIO;1475728;10/03/2026;4;331782;10/03/2026;ITAVEMA MOTORS VEICULOS LTDA;7,73E+12;DUQUE DE CAXIAS;RJ;10/03/2026;16/03/2026;16/03/2026;Entregue No Prazo;;Entrega realizada;Entrega Finalizada;16;3;10;3;CAMILO;19001;;;
MOBIS BRASIL FABRICACAO DE AUTO PECAS LT;RODOVIARIO;1475423;10/03/2026;7;331722;10/03/2026;ATUAL VEICULOS LTDA;1,33E+13;ARARANGUA;SC;10/03/2026;17/03/2026;16/03/2026;Entregue No Prazo;;Entrega realizada;Entrega Finalizada;17;3;10;3;TRANSTRY;24001;;;
MOBIS BRASIL FABRICACAO DE AUTO PECAS LT;RODOVIARIO;1475424;10/03/2026;7;331723;10/03/2026;ATUAL VEICULOS LTDA;1,33E+13;TUBARAO;SC;10/03/2026;17/03/2026;16/03/2026;Entregue No Prazo;;Entrega realizada;Entrega Finalizada;17;3;10;3;TRANSTRY;24001;;;
MOBIS BRASIL FABRICACAO DE AUTO PECAS LT;RODOVIARIO;1475421;10/03/2026;3;331733;10/03/2026;GALA COMERCIO DE VEICULOS LTDA.;1,77E+13;PELOTAS;RS;10/03/2026;17/03/2026;16/03/2026;Entregue No Prazo;;Entrega realizada;Entrega Finalizada;17;3;10;3;TRANSTRY;23009;;;
MOBIS BRASIL FABRICACAO DE AUTO PECAS LT;RODOVIARIO;1475425;10/03/2026;14;331738;10/03/2026;LR COMERCIO DE VEICULOS LTDA;1,05E+13;SAO JOSE;SC;10/03/2026;17/03/2026;16/03/2026;Entregue No Prazo;;Entrega realizada;Entrega Finalizada;17;3;10;3;TRANSTRY;24007;;;
MOBIS BRASIL FABRICACAO DE AUTO PECAS LT;RODOVIARIO;1475388;10/03/2026;1;331755;10/03/2026;TECAR TRILHAS AUTOMOVEIS E SERVICOS LTDA;2,32E+13;DIVINOPOLIS;MG;10/03/2026;17/03/2026;16/03/2026;Entregue No Prazo;;Entrega realizada;Entrega Finalizada;17;3;10;3;XD BETIM;11039;;;
MOBIS BRASIL FABRICACAO DE AUTO PECAS LT;RODOVIARIO;1475380;10/03/2026;1;331764;10/03/2026;VITAL COMERCIO DE VEICULOS LTDA;1,05E+13;IPATINGA;MG;10/03/2026;17/03/2026;16/03/2026;Entregue No Prazo;;Entrega realizada;Entrega Finalizada;17;3;10;3;XD BETIM;11016;;;
MOBIS BRASIL FABRICACAO DE AUTO PECAS LT;RODOVIARIO;1475414;10/03/2026;1;331802;10/03/2026;TAI MOTORS VEICULOS S/A.;9,27E+12;CAMPOS DOS GOYTACAZES;RJ;10/03/2026;17/03/2026;16/03/2026;Entregue No Prazo;;Entrega realizada;Entrega Finalizada;17;3;10;3;CAMILO;19023;;;
MOBIS BRASIL FABRICACAO DE AUTO PECAS LT;RODOVIARIO;1475422;10/03/2026;2;331731;10/03/2026;CHINHAN AUTOMOVEIS LTDA;2,41E+13;ERECHIM;RS;10/03/2026;18/03/2026;16/03/2026;Entregue No Prazo;;Entrega realizada;Entrega Finalizada;18;3;10;3;TRANSTRY;23019;;;
MOBIS BRASIL FABRICACAO DE AUTO PECAS LT;RODOVIARIO;1475705;10/03/2026;12;331774;10/03/2026;COMETA MATO GROSSO COM. DE VEICULOS LTDA;1,54E+13;SINOP;MT;10/03/2026;20/03/2026;16/03/2026;Entregue No Prazo;;Entrega realizada;Entrega Finalizada;20;3;10;3;CARVALIMA;13003;;;
MOBIS BRASIL FABRICACAO DE AUTO PECAS LT;RODOVIARIO;1476015;11/03/2026;2;331918;11/03/2026;CAOA MOTOR DO BRASIL LTDA;1,68E+13;SAO CARLOS;SP;11/03/2026;16/03/2026;16/03/2026;Entregue No Prazo;;Entrega realizada;Entrega Finalizada;16;3;11;3;RISSO;5008;;;
MOBIS BRASIL FABRICACAO DE AUTO PECAS LT;RODOVIARIO;1476011;11/03/2026;2;331936;11/03/2026;NEW VEICULOS E PECAS LTDA;1,59E+13;FRANCA;SP;11/03/2026;17/03/2026;16/03/2026;Entregue No Prazo;;Entrega realizada;Entrega Finalizada;17;3;11;3;RISSO;26014;;;
MOBIS BRASIL FABRICACAO DE AUTO PECAS LT;RODOVIARIO;1475985;11/03/2026;1;331962;11/03/2026;CAOA MOTOR DO BRASIL LTDA;1,68E+13;RIO DE JANEIRO;RJ;11/03/2026;17/03/2026;16/03/2026;Entregue No Prazo;;Entrega realizada;Entrega Finalizada;17;3;11;3;CAMILO;5008;;;
MOBIS BRASIL FABRICACAO DE AUTO PECAS LT;RODOVIARIO;1475980;11/03/2026;3;331963;11/03/2026;CAOA MOTOR DO BRASIL LTDA;1,68E+13;RIO DE JANEIRO;RJ;11/03/2026;17/03/2026;16/03/2026;Entregue No Prazo;;Entrega realizada;Entrega Finalizada;17;3;11;3;CAMILO;5008;;;
MOBIS BRASIL FABRICACAO DE AUTO PECAS LT;RODOVIARIO;1475979;11/03/2026;2;331970;11/03/2026;ITAVEMA MOTORS VEICULOS LTDA;7,73E+12;DUQUE DE CAXIAS;RJ;11/03/2026;17/03/2026;16/03/2026;Entregue No Prazo;;Entrega realizada;Entrega Finalizada;17;3;11;3;CAMILO;19001;;;
MOBIS BRASIL FABRICACAO DE AUTO PECAS LT;RODOVIARIO;1475975;11/03/2026;1;331995;11/03/2026;BARI VEICULOS LTDA;7,46E+12;GUARAPUAVA;PR;11/03/2026;17/03/2026;16/03/2026;Entregue No Prazo;;Entrega realizada;Entrega Finalizada;17;3;11;3;TRANSTRY;18024;;;
MOBIS BRASIL FABRICACAO DE AUTO PECAS LT;RODOVIARIO;1475988;11/03/2026;1;331998;11/03/2026;CARWAY SUL VEICULOS LTDA;1,03E+13;CANOAS;RS;11/03/2026;17/03/2026;16/03/2026;Entregue No Prazo;;Entrega realizada;Entrega Finalizada;17;3;11;3;TRANSTRY;23003;;;
MOBIS BRASIL FABRICACAO DE AUTO PECAS LT;RODOVIARIO;1475986;11/03/2026;1;331972;11/03/2026;MONTREAL VEICULOS E PECAS LTDA;1,68E+13;SAO PEDRO DA ALDEIA;RJ;11/03/2026;18/03/2026;16/03/2026;Entregue No Prazo;;Entrega realizada;Entrega Finalizada;18;3;11;3;CAMILO;19030;;;
MOBIS BRASIL FABRICACAO DE AUTO PECAS LT;RODOVIARIO;1475994;11/03/2026;2;331992;11/03/2026;ATUAL VEICULOS LTDA;1,33E+13;TUBARAO;SC;11/03/2026;18/03/2026;16/03/2026;Entregue No Prazo;;Entrega realizada;Entrega Finalizada;18;3;11;3;TRANSTRY;24001;;;
MOBIS BRASIL FABRICACAO DE AUTO PECAS LT;RODOVIARIO;1475990;11/03/2026;3;332002;11/03/2026;GALA COMERCIO DE VEICULOS LTDA.;1,77E+13;PELOTAS;RS;11/03/2026;18/03/2026;16/03/2026;Entregue No Prazo;;Entrega realizada;Entrega Finalizada;18;3;11;3;TRANSTRY;23009;;;
MOBIS BRASIL FABRICACAO DE AUTO PECAS LT;RODOVIARIO;1475995;11/03/2026;3;332006;11/03/2026;LR COMERCIO DE VEICULOS LTDA;1,05E+13;SAO JOSE;SC;11/03/2026;18/03/2026;16/03/2026;Entregue No Prazo;;Entrega realizada;Entrega Finalizada;18;3;11;3;TRANSTRY;24007;;;
MOBIS BRASIL FABRICACAO DE AUTO PECAS LT;RODOVIARIO;1475965;11/03/2026;1;331971;11/03/2026;JPG MOTORS COMERCIO DE VEICULOS LTDA;2,91E+13;CAMPO GRANDE;MS;11/03/2026;19/03/2026;16/03/2026;Entregue No Prazo;;Entrega realizada;Entrega Finalizada;19;3;11;3;CARVALIMA;12005;;;
MOBIS BRASIL FABRICACAO DE AUTO PECAS LT;RODOVIARIO;1475964;11/03/2026;2;331987;11/03/2026;ULSAN COMERCIO DE VEICULOS LTDA.;2,10E+13;CAMPO GRANDE;MS;11/03/2026;19/03/2026;16/03/2026;Entregue No Prazo;;Entrega realizada;Entrega Finalizada;19;3;11;3;CARVALIMA;12004;;;
MOBIS BRASIL FABRICACAO DE AUTO PECAS LT;RODOVIARIO;1475992;11/03/2026;8;331999;11/03/2026;CHINHAN AUTOMOVEIS LTDA;2,41E+13;ERECHIM;RS;11/03/2026;19/03/2026;16/03/2026;Entregue No Prazo;;Entrega realizada;Entrega Finalizada;19;3;11;3;TRANSTRY;23019;;;
MOBIS BRASIL FABRICACAO DE AUTO PECAS LT;RODOVIARIO;1475991;11/03/2026;1;332003;11/03/2026;HOUSE PARTS - COM. DE PECAS E VEIC. LTDA;1,15E+13;SANTA CRUZ DO SUL;RS;11/03/2026;19/03/2026;16/03/2026;Entregue No Prazo;;Entrega realizada;Entrega Finalizada;19;3;11;3;TRANSTRY;23017;;;
MOBIS BRASIL FABRICACAO DE AUTO PECAS LT;RODOVIARIO;1476494;11/03/2026;9;331980;11/03/2026;SAGA ASIA COM. DE VEIC.PC.E SERV. LTDA;2,23E+13;VARZEA GRANDE;MT;11/03/2026;20/03/2026;16/03/2026;Entregue No Prazo;;Entrega realizada;Entrega Finalizada;20;3;11;3;CARVALIMA;13004;;;
MOBIS BRASIL FABRICACAO DE AUTO PECAS LT;RODOVIARIO;1475993;11/03/2026;1;332001;11/03/2026;GALA COMERCIO DE VEICULOS LTDA;1,77E+13;BAGE;RS;11/03/2026;20/03/2026;16/03/2026;Entregue No Prazo;;Entrega realizada;Entrega Finalizada;20;3;11;3;TRANSTRY;23009;;;
MOBIS BRASIL FABRICACAO DE AUTO PECAS LT;RODOVIARIO;1476884;12/03/2026;131;332139;12/03/2026;BILLY DISTRIBUIDORA DE VEICULOS LTDA;1,34E+13;SAO CAETANO DO SUL;SP;12/03/2026;16/03/2026;16/03/2026;Entregue No Prazo;;Entrega realizada;Entrega Finalizada;16;3;12;3;RISSO;26003;;;
MOBIS BRASIL FABRICACAO DE AUTO PECAS LT;RODOVIARIO;1476875;12/03/2026;1;332140;12/03/2026;BILLY DISTRIBUIDORA DE VEICULOS LTDA;1,34E+13;BARUERI;SP;12/03/2026;16/03/2026;16/03/2026;Entregue No Prazo;;Entrega realizada;Entrega Finalizada;16;3;12;3;RISSO;26003;;;
MOBIS BRASIL FABRICACAO DE AUTO PECAS LT;RODOVIARIO;1476897;12/03/2026;1;332143;12/03/2026;CAOA MOTOR DO BRASIL LTDA (INDIANOPOLIS);1,68E+13;SAO PAULO;SP;12/03/2026;16/03/2026;16/03/2026;Entregue No Prazo;;Entrega realizada;Entrega Finalizada;16;3;12;3;RISSO;26091;;;
MOBIS BRASIL FABRICACAO DE AUTO PECAS LT;RODOVIARIO;1476890;12/03/2026;9;332144;12/03/2026;CAOA MOTOR DO BRASIL LTDA (VL PRUDENTE);1,68E+13;SAO PAULO;SP;12/03/2026;16/03/2026;16/03/2026;Entregue No Prazo;;Entrega realizada;Entrega Finalizada;16;3;12;3;RISSO;26051;;;
MOBIS BRASIL FABRICACAO DE AUTO PECAS LT;RODOVIARIO;1476891;12/03/2026;10;332146;12/03/2026;CHS MOTORS VEICULOS PECAS(VL. GUILHERME);1,69E+13;SAO PAULO;SP;12/03/2026;16/03/2026;16/03/2026;Entregue No Prazo;;Entrega realizada;Entrega Finalizada;16;3;12;3;RISSO;26052;;;
MOBIS BRASIL FABRICACAO DE AUTO PECAS LT;RODOVIARIO;1476881;12/03/2026;1;332152;12/03/2026;GRAND SPORT COM. DE VEIC. E PECAS LTDA;8,58E+12;SAO PAULO;SP;12/03/2026;16/03/2026;16/03/2026;Entregue No Prazo;;Entrega realizada;Entrega Finalizada;16;3;12;3;RISSO;26034;;;
MOBIS BRASIL FABRICACAO DE AUTO PECAS LT;RODOVIARIO;1476895;12/03/2026;24;332153;12/03/2026;GRANDAY AUTOMOTORES LTDA (CHAC. CALIFOR);1,57E+13;SAO PAULO;SP;12/03/2026;16/03/2026;16/03/2026;Entregue No Prazo;;Entrega realizada;Entrega Finalizada;16;3;12;3;RISSO;26090;;;
MOBIS BRASIL FABRICACAO DE AUTO PECAS LT;RODOVIARIO;1476896;12/03/2026;2;332153;12/03/2026;GRANDAY AUTOMOTORES LTDA (CHAC. CALIFOR);1,57E+13;SAO PAULO;SP;12/03/2026;16/03/2026;16/03/2026;Entregue No Prazo;;Entrega realizada;Entrega Finalizada;16;3;12;3;RISSO;26090;;;
MOBIS BRASIL FABRICACAO DE AUTO PECAS LT;RODOVIARIO;1476885;12/03/2026;4;332137;12/03/2026;ANDRETA II DISTRIBUIDORA DE VEIC. LTDA;9,10E+12;INDAIATUBA;SP;12/03/2026;17/03/2026;16/03/2026;Entregue No Prazo;;Entrega realizada;Entrega Finalizada;17;3;12;3;RISSO;26011;;;
MOBIS BRASIL FABRICACAO DE AUTO PECAS LT;RODOVIARIO;1476893;12/03/2026;5;332147;12/03/2026;DESTAQUE SEUL DISTR. DE VEIC. E PC. LTDA;2,12E+13;ATIBAIA;SP;12/03/2026;17/03/2026;16/03/2026;Entregue No Prazo;;Entrega realizada;Entrega Finalizada;17;3;12;3;RISSO;26075;;;
MOBIS BRASIL FABRICACAO DE AUTO PECAS LT;RODOVIARIO;1476847;12/03/2026;8;332186;12/03/2026;BARI VEICULOS LTDA;7,46E+12;CURITIBA;PR;12/03/2026;17/03/2026;16/03/2026;Entregue No Prazo;;Entrega realizada;Entrega Finalizada;17;3;12;3;TRANSTRY;18024;;;
MOBIS BRASIL FABRICACAO DE AUTO PECAS LT;RODOVIARIO;1476846;12/03/2026;1;332188;12/03/2026;BARI VEICULOS LTDA.;7,46E+12;CURITIBA;PR;12/03/2026;17/03/2026;16/03/2026;Entregue No Prazo;;Entrega realizada;Entrega Finalizada;17;3;12;3;TRANSTRY;18029;;;
MOBIS BRASIL FABRICACAO DE AUTO PECAS LT;RODOVIARIO;1476845;12/03/2026;1;332201;12/03/2026;VETOR AUTOMOVEIS LTDA;2,12E+13;UMUARAMA;PR;12/03/2026;18/03/2026;16/03/2026;Entregue No Prazo;;Entrega realizada;Entrega Finalizada;18;3;12;3;TRANSTRY;18019;;;
MOBIS BRASIL FABRICACAO DE AUTO PECAS LT;RODOVIARIO;1476870;12/03/2026;2;332185;12/03/2026;BARI VEICULOS LTDA;7,46E+12;BLUMENAU;SC;12/03/2026;19/03/2026;16/03/2026;Entregue No Prazo;;Entrega realizada;Entrega Finalizada;19;3;12;3;TRANSTRY;18024;;;
MOBIS BRASIL FABRICACAO DE AUTO PECAS LT;RODOVIARIO;1476871;12/03/2026;18;332185;12/03/2026;BARI VEICULOS LTDA;7,46E+12;BLUMENAU;SC;12/03/2026;19/03/2026;16/03/2026;Entregue No Prazo;;Entrega realizada;Entrega Finalizada;19;3;12;3;TRANSTRY;18024;;;
MOBIS BRASIL FABRICACAO DE AUTO PECAS LT;RODOVIARIO;1476872;12/03/2026;1;332189;12/03/2026;CHINHAN AUTOMOVEIS LTDA;2,41E+13;CONCORDIA;SC;12/03/2026;20/03/2026;16/03/2026;Entregue No Prazo;;Entrega realizada;Entrega Finalizada;20;3;12;3;TRANSTRY;23019;;;
MOBIS BRASIL FABRICACAO DE AUTO PECAS LT;RODOVIARIO;1477828;13/03/2026;13;332434;13/03/2026;BILLY DISTRIBUIDORA DE VEICULOS LTDA;1,34E+13;BARUERI;SP;13/03/2026;17/03/2026;16/03/2026;Entregue No Prazo;;Entrega realizada;Entrega Finalizada;17;3;13;3;RISSO;26003;;;
MOBIS BRASIL FABRICACAO DE AUTO PECAS LT;RODOVIARIO;1477843;13/03/2026;1;332437;13/03/2026;CAOA MOTOR DO BRASIL LTDA;1,68E+13;SANTO ANDRE;SP;13/03/2026;17/03/2026;16/03/2026;Entregue No Prazo;;Entrega realizada;Entrega Finalizada;17;3;13;3;RISSO;5008;;;
MOBIS BRASIL FABRICACAO DE AUTO PECAS LT;RODOVIARIO;1477841;13/03/2026;2;332439;13/03/2026;CAOA MOTOR DO BRASIL LTDA (VL PRUDENTE);1,68E+13;SAO PAULO;SP;13/03/2026;17/03/2026;16/03/2026;Entregue No Prazo;;Entrega realizada;Entrega Finalizada;17;3;13;3;RISSO;26051;;;
MOBIS BRASIL FABRICACAO DE AUTO PECAS LT;RODOVIARIO;1477834;13/03/2026;1;332447;13/03/2026;GRAND SPORT COM. DE VEIC. E PECAS LTDA;8,58E+12;SAO PAULO;SP;13/03/2026;17/03/2026;16/03/2026;Entregue No Prazo;;Entrega realizada;Entrega Finalizada;17;3;13;3;RISSO;26034;;;
MOBIS BRASIL FABRICACAO DE AUTO PECAS LT;RODOVIARIO;1477830;13/03/2026;2;332448;13/03/2026;GRAND SPORT COM. DE VEIC. E PECAS LTDA;8,58E+12;GUARULHOS;SP;13/03/2026;17/03/2026;16/03/2026;Entregue No Prazo;;Entrega realizada;Entrega Finalizada;17;3;13;3;RISSO;26005;;;
MOBIS BRASIL FABRICACAO DE AUTO PECAS LT;RODOVIARIO;1477852;13/03/2026;10;332449;13/03/2026;GRANDAY AUTOMOTORES LTDA (CHAC. CALIFOR);1,57E+13;SAO PAULO;SP;13/03/2026;17/03/2026;16/03/2026;Entregue No Prazo;;Entrega realizada;Entrega Finalizada;17;3;13;3;RISSO;26090;;;
MOBIS BRASIL FABRICACAO DE AUTO PECAS LT;RODOVIARIO;1477853;13/03/2026;2;332449;13/03/2026;GRANDAY AUTOMOTORES LTDA (CHAC. CALIFOR);1,57E+13;SAO PAULO;SP;13/03/2026;17/03/2026;16/03/2026;Entregue No Prazo;;Entrega realizada;Entrega Finalizada;17;3;13;3;RISSO;26090;;;
MOBIS BRASIL FABRICACAO DE AUTO PECAS LT;RODOVIARIO;1477832;13/03/2026;19;332430;13/03/2026;ANDRETA II DISTRIBUIDORA DE VEIC. LTDA;9,10E+12;CAMPINAS;SP;13/03/2026;18/03/2026;16/03/2026;Entregue No Prazo;;Entrega realizada;Entrega Finalizada;18;3;13;3;RISSO;26011;;;
MOBIS BRASIL FABRICACAO DE AUTO PECAS LT;RODOVIARIO;1477851;13/03/2026;2;332436;13/03/2026;CAOA MOTOR DO BRASIL LTDA;1,68E+13;SANTOS;SP;13/03/2026;18/03/2026;16/03/2026;Entregue No Prazo;;Entrega realizada;Entrega Finalizada;18;3;13;3;RISSO;5008;;;
MOBIS BRASIL FABRICACAO DE AUTO PECAS LT;RODOVIARIO;1477831;13/03/2026;21;332445;13/03/2026;DHC COMERCIO DE VEICULOS E PECAS LTDA;9,52E+12;BAURU;SP;13/03/2026;18/03/2026;16/03/2026;Entregue No Prazo;;Entrega realizada;Entrega Finalizada;18;3;13;3;RISSO;26010;;;
MOBIS BRASIL FABRICACAO DE AUTO PECAS LT;RODOVIARIO;1477849;13/03/2026;1;332444;13/03/2026;DHC COMERCIO DE VEICULOS E PECAS LTDA;9,52E+12;JAU;SP;13/03/2026;19/03/2026;16/03/2026;Entregue No Prazo;;Entrega realizada;Entrega Finalizada;19;3;13;3;RISSO;26010;;;
MOBIS BRASIL FABRICACAO DE AUTO PECAS LT;RODOVIARIO;1477854;13/03/2026;2;332451;13/03/2026;H - CAMINHO AUTOMOVEIS LTDA;2,53E+13;PIRACICABA;SP;13/03/2026;19/03/2026;16/03/2026;Entregue No Prazo;;Entrega realizada;Entrega Finalizada;19;3;13;3;RISSO;26092;;;
MOBIS BRASIL FABRICACAO DE AUTO PECAS LT;AEREO;1477919;13/03/2026;1;332655;13/03/2026;CAOA MOTOR DO BRASIL LTDA.;1,68E+13;LAURO DE FREITAS;BA;13/03/2026;24/03/2026;16/03/2026;Entregue No Prazo;;Entrega realizada;Entrega Finalizada;24;3;13;3;GOL;5008;;;
MOBIS BRASIL FABRICACAO DE AUTO PECAS LT;RODOVIARIO;1478136;16/03/2026;14;332686;16/03/2026;DHC COMERCIO DE VEICULOS E PECAS LTDA;9,52E+12;BAURU;SP;16/03/2026;19/03/2026;16/03/2026;Entregue No Prazo;;Entrega realizada;Entrega Finalizada;19;3;16;3;RISSO;26010;;;
MOBIS BRASIL FABRICACAO DE AUTO PECAS LT;RODOVIARIO;1463740;12/02/2026;3;328016;12/02/2026;SAGA KOREA COM. DE VEIC. E PC. LTDA;1,27E+13;GOIANIA;GO;12/02/2026;20/02/2026;17/03/2026;Entregue Fora do Prazo;Extravio;Falta total, volumes não localizados;Entrega Finalizada;20;2;12;2;RIO VERMELHO;9009;;;
MOBIS BRASIL FABRICACAO DE AUTO PECAS LT;RODOVIARIO;1463741;12/02/2026;1;328021;12/02/2026;URCA MOTORS VEICULOS LTDA;8,77E+12;RIO VERDE;GO;12/02/2026;24/02/2026;17/03/2026;Entregue Fora do Prazo;Extravio;Falta total, volume não localizado;Entrega Finalizada;24;2;12;2;RIO VERMELHO;9014;;;
MOBIS BRASIL FABRICACAO DE AUTO PECAS LT;RODOVIARIO;1467642;24/02/2026;2;329432;24/02/2026;BARI VEICULOS LTDA;7,46E+12;SAO JOSE DOS PINHAIS;PR;24/02/2026;02/03/2026;17/03/2026;Entregue Fora do Prazo;EXTRAVIO;Solicitado um novo pedido devido ao extravio;Entrega Finalizada;2;3;24;2;BAUER;18024;;;
MOBIS BRASIL FABRICACAO DE AUTO PECAS LT;RODOVIARIO;1472208;03/03/2026;3;330600;03/03/2026;PATEO COMERCIO DE VEICULOS S A;7,78E+12;SAO LUIS;MA;03/03/2026;18/03/2026;17/03/2026;Entregue No Prazo;;Entrega realizada;Entrega Finalizada;18;3;3;3;TERMACO;10002;;;
MOBIS BRASIL FABRICACAO DE AUTO PECAS LT;RODOVIARIO;1472214;03/03/2026;2;330581;03/03/2026;AUTORAC VEICULOS LTDA;1,06E+13;CARUARU;PE;03/03/2026;19/03/2026;17/03/2026;Entregue No Prazo;;Entrega realizada;Entrega Finalizada;19;3;3;3;TERMACO;16001;;;
MOBIS BRASIL FABRICACAO DE AUTO PECAS LT;RODOVIARIO;1472866;04/03/2026;2;330830;04/03/2026;PATEO COMERCIO DE VEICULOS S A;7,78E+12;SAO LUIS;MA;04/03/2026;19/03/2026;17/03/2026;Entregue No Prazo;;Entrega realizada;Entrega Finalizada;19;3;4;3;TERMACO;10002;;;
MOBIS BRASIL FABRICACAO DE AUTO PECAS LT;RODOVIARIO;1472867;04/03/2026;5;330830;04/03/2026;PATEO COMERCIO DE VEICULOS S A;7,78E+12;SAO LUIS;MA;04/03/2026;19/03/2026;17/03/2026;Entregue No Prazo;;Entrega realizada;Entrega Finalizada;19;3;4;3;TERMACO;10002;;;
MOBIS BRASIL FABRICACAO DE AUTO PECAS LT;RODOVIARIO;1472516;04/03/2026;3;330833;04/03/2026;SAINT LAND COMERCIO DE VEICULOS LTDA;1,04E+13;NATAL;RN;04/03/2026;19/03/2026;17/03/2026;Entregue No Prazo;;Entrega realizada;Entrega Finalizada;19;3;4;3;TERMACO;6010;;;
MOBIS BRASIL FABRICACAO DE AUTO PECAS LT;RODOVIARIO;1472515;04/03/2026;4;330827;04/03/2026;ORIENTE AUTOMOVEIS LTDA;1,33E+13;PARNAMIRIM;RN;04/03/2026;20/03/2026;17/03/2026;Entregue No Prazo;;Entrega realizada;Entrega Finalizada;20;3;4;3;TERMACO;20001;;;
MOBIS BRASIL FABRICACAO DE AUTO PECAS LT;AEREO;1473489;;;;04/03/2026;;;;;;26/03/2026;17/03/2026;Entregue No Prazo;;Entrega realizada;Entrega Finalizada;26;3;0;1;GOL;#N/D;Aniversário do Município;Porto Alegre;RS
MOBIS BRASIL FABRICACAO DE AUTO PECAS LT;RODOVIARIO;1473431;05/03/2026;1;330945;05/03/2026;NASA MOTORS LTDA.;2,65E+13;SAO LUIS DE MONTES BELOS;GO;05/03/2026;19/03/2026;17/03/2026;Entregue No Prazo;;Entrega realizada;Entrega Finalizada;19;3;5;3;RIO VERMELHO;9016;;;
MOBIS BRASIL FABRICACAO DE AUTO PECAS LT;RODOVIARIO;1473551;05/03/2026;2;330996;05/03/2026;PATEO COMERCIO DE VEICULOS S A;7,78E+12;SAO LUIS;MA;05/03/2026;20/03/2026;17/03/2026;Entregue No Prazo;;Entrega realizada;Entrega Finalizada;20;3;5;3;TERMACO;10002;;;
MOBIS BRASIL FABRICACAO DE AUTO PECAS LT;RODOVIARIO;1473531;05/03/2026;2;330986;05/03/2026;GREEN CITY VEICULOS LTDA;2,10E+13;TERESINA;PI;05/03/2026;23/03/2026;17/03/2026;Entregue No Prazo;;Entrega realizada;Entrega Finalizada;23;3;5;3;TERMACO;17002;;;
MOBIS BRASIL FABRICACAO DE AUTO PECAS LT;RODOVIARIO;1473460;05/03/2026;2;331005;05/03/2026;SAINT LAND COM DE VEICULOS S A;1,04E+13;MOSSORO;RN;05/03/2026;23/03/2026;17/03/2026;Entregue No Prazo;;Entrega realizada;Entrega Finalizada;23;3;5;3;TERMACO;20002;;;
MOBIS BRASIL FABRICACAO DE AUTO PECAS LT;RODOVIARIO;1469635;26/02/2026;12;331152;06/03/2026;GRANDE COREIA COMERCIO DE VEICULOS LTDA;2,66E+13;CASTANHAL;PA;06/03/2026;19/03/2026;17/03/2026;Entregue No Prazo;;Entrega realizada;Entrega Finalizada;19;3;6;3;CARVALIMA;14007;;;
MOBIS BRASIL FABRICACAO DE AUTO PECAS LT;RODOVIARIO;1473838;06/03/2026;1;331179;06/03/2026;ULSAN COMERCIO DE VEICULOS LTDA;2,10E+13;RIO BRANCO;AC;06/03/2026;25/03/2026;17/03/2026;Entregue No Prazo;;Entrega realizada;Entrega Finalizada;25;3;6;3;CARVALIMA;21004;Abolição da Escravidão no Ceará;Estadual;CE
MOBIS BRASIL FABRICACAO DE AUTO PECAS LT;RODOVIARIO;1473851;06/03/2026;7;331105;06/03/2026;SAGA KOREA COM. DE VEIC. E PC. LTDA;1,27E+13;GOIANIA;GO;06/03/2026;16/03/2026;17/03/2026;Entregue Fora do Prazo;;Entrega realizada;Entrega Finalizada;16;3;6;3;RIO VERMELHO;9009;;;
MOBIS BRASIL FABRICACAO DE AUTO PECAS LT;RODOVIARIO;1473852;06/03/2026;54;331104;06/03/2026;SAGA KOREA COM. DE VEIC. E PC. LTDA;1,27E+13;GOIANIA;GO;06/03/2026;16/03/2026;17/03/2026;Entregue Fora do Prazo;;Entrega realizada;Entrega Finalizada;16;3;6;3;RIO VERMELHO;9011;;;
MOBIS BRASIL FABRICACAO DE AUTO PECAS LT;RODOVIARIO;1473853;06/03/2026;1;331100;06/03/2026;NISA COMERCIAL DE VEIC. AUTOMOTORES LTDA;1,03E+13;GOIANIA;GO;06/03/2026;16/03/2026;17/03/2026;Entregue Fora do Prazo;;Entrega realizada;Entrega Finalizada;16;3;6;3;RIO VERMELHO;9013;;;
MOBIS BRASIL FABRICACAO DE AUTO PECAS LT;RODOVIARIO;1473873;06/03/2026;1;331152;06/03/2026;GRANDE COREIA COMERCIO DE VEICULOS LTDA;2,66E+13;CASTANHAL;PA;06/03/2026;19/03/2026;17/03/2026;Entregue No Prazo;;Entrega realizada;Entrega Finalizada;19;3;6;3;CARVALIMA;14007;;;
MOBIS BRASIL FABRICACAO DE AUTO PECAS LT;RODOVIARIO;1473876;06/03/2026;2;331167;06/03/2026;PATEO COMERCIO DE VEICULOS S A;7,78E+12;RECIFE;PE;06/03/2026;25/03/2026;17/03/2026;Entregue No Prazo;;Entrega realizada;Entrega Finalizada;25;3;6;3;TERMACO;16004;Abolição da Escravidão no Ceará;Estadual;CE
MOBIS BRASIL FABRICACAO DE AUTO PECAS LT;RODOVIARIO;1473877;06/03/2026;5;331167;06/03/2026;PATEO COMERCIO DE VEICULOS S A;7,78E+12;RECIFE;PE;06/03/2026;25/03/2026;17/03/2026;Entregue No Prazo;;Entrega realizada;Entrega Finalizada;25;3;6;3;TERMACO;16004;Abolição da Escravidão no Ceará;Estadual;CE
MOBIS BRASIL FABRICACAO DE AUTO PECAS LT;RODOVIARIO;1473887;06/03/2026;3;331142;06/03/2026;CAOA MOTOR DO BRASIL LTDA;1,68E+13;NITEROI;RJ;06/03/2026;12/03/2026;17/03/2026;Entregue Fora do Prazo;Entregue na unidade errada;Entrega realizada;Entrega Finalizada;12;3;6;3;CAMILO;5008;;;
MOBIS BRASIL FABRICACAO DE AUTO PECAS LT;RODOVIARIO;1474246;06/03/2026;6;331165;06/03/2026;PATEO COMERCIO DE VEICULOS S A;7,78E+12;SALVADOR;BA;06/03/2026;20/03/2026;17/03/2026;Entregue No Prazo;;Entrega realizada;Entrega Finalizada;20;3;6;3;TERMACO;5003;;;
MOBIS BRASIL FABRICACAO DE AUTO PECAS LT;RODOVIARIO;1474247;06/03/2026;3;331166;06/03/2026;PATEO COMERCIO DE VEICULOS S A;7,78E+12;FEIRA DE SANTANA;BA;06/03/2026;25/03/2026;17/03/2026;Entregue No Prazo;;Entrega realizada;Entrega Finalizada;25;3;6;3;TERMACO;5009;Abolição da Escravidão no Ceará;Estadual;CE
MOBIS BRASIL FABRICACAO DE AUTO PECAS LT;RODOVIARIO;1474277;06/03/2026;2;331139;06/03/2026;AUTORAC VEICULOS LTDA;1,06E+13;CARUARU;PE;06/03/2026;26/03/2026;17/03/2026;Entregue No Prazo;;Entrega realizada;Entrega Finalizada;26;3;6;3;TERMACO;16001;Aniversário do Município;Porto Alegre;RS
MOBIS BRASIL FABRICACAO DE AUTO PECAS LT;RODOVIARIO;1474999;09/03/2026;24;331477;09/03/2026;SAGA KOREA COM. DE VEIC. E PC. LTDA;1,27E+13;BRASILIA;DF;09/03/2026;17/03/2026;17/03/2026;Entregue No Prazo;;Entrega realizada;Entrega Finalizada;17;3;9;3;RIO VERMELHO;7005;;;
MOBIS BRASIL FABRICACAO DE AUTO PECAS LT;RODOVIARIO;1474595;09/03/2026;5;331478;09/03/2026;SAGA KOREA COM. DE VEIC. E PC. LTDA;1,27E+13;GOIANIA;GO;09/03/2026;17/03/2026;17/03/2026;Entregue No Prazo;;Entrega realizada;Entrega Finalizada;17;3;9;3;RIO VERMELHO;9011;;;
MOBIS BRASIL FABRICACAO DE AUTO PECAS LT;RODOVIARIO;1474587;09/03/2026;24;331479;09/03/2026;SMAFF IMPORT VEICULOS LTDA;8,18E+12;BRASILIA;DF;09/03/2026;17/03/2026;17/03/2026;Entregue No Prazo;;Entrega realizada;Entrega Finalizada;17;3;9;3;RIO VERMELHO;7002;;;
MOBIS BRASIL FABRICACAO DE AUTO PECAS LT;RODOVIARIO;1474995;09/03/2026;9;331480;09/03/2026;SMAFF IMPORT VEICULOS LTDA;8,18E+12;BRASILIA;DF;09/03/2026;17/03/2026;17/03/2026;Entregue No Prazo;;Entrega realizada;Entrega Finalizada;17;3;9;3;RIO VERMELHO;7002;;;
MOBIS BRASIL FABRICACAO DE AUTO PECAS LT;RODOVIARIO;1474991;09/03/2026;1;331511;09/03/2026;PATEO COMERCIO DE VEICULOS S A;7,78E+12;SALVADOR;BA;09/03/2026;19/03/2026;17/03/2026;Entregue No Prazo;;Entrega realizada;Entrega Finalizada;19;3;9;3;TERMACO;5003;;;
MOBIS BRASIL FABRICACAO DE AUTO PECAS LT;RODOVIARIO;1474619;09/03/2026;1;331496;09/03/2026;CAOA MOTOR DO BRASIL LTDA;1,68E+13;RECIFE;PE;09/03/2026;24/03/2026;17/03/2026;Entregue No Prazo;;Entrega realizada;Entrega Finalizada;24;3;9;3;TERMACO;5008;;;
MOBIS BRASIL FABRICACAO DE AUTO PECAS LT;RODOVIARIO;1474618;09/03/2026;4;331510;09/03/2026;PATEO COMERCIO DE VEICULOS S A;7,78E+12;RECIFE;PE;09/03/2026;24/03/2026;17/03/2026;Entregue No Prazo;;Entrega realizada;Entrega Finalizada;24;3;9;3;TERMACO;16004;;;
MOBIS BRASIL FABRICACAO DE AUTO PECAS LT;RODOVIARIO;1474617;09/03/2026;1;331493;09/03/2026;AUTORAC VEICULOS LTDA;1,06E+13;CARUARU;PE;09/03/2026;25/03/2026;17/03/2026;Entregue No Prazo;;Entrega realizada;Entrega Finalizada;25;3;9;3;TERMACO;16001;Abolição da Escravidão no Ceará;Estadual;CE
MOBIS BRASIL FABRICACAO DE AUTO PECAS LT;RODOVIARIO;1475445;10/03/2026;2;331707;10/03/2026;GOLDEN MOTORS VEICULOS LTDA;3,62E+12;PRESIDENTE PRUDENTE;SP;10/03/2026;16/03/2026;17/03/2026;Entregue Fora do Prazo;;Entrega realizada;Entrega Finalizada;16;3;10;3;RISSO;12001;;;
MOBIS BRASIL FABRICACAO DE AUTO PECAS LT;RODOVIARIO;1475381;10/03/2026;3;331760;10/03/2026;URCA MOTORS VEICULOS LTDA;8,77E+12;UBERABA;MG;10/03/2026;16/03/2026;17/03/2026;Entregue Fora do Prazo;;Entrega realizada;Entrega Finalizada;16;3;10;3;XD BETIM;9014;;;
MOBIS BRASIL FABRICACAO DE AUTO PECAS LT;RODOVIARIO;1475387;10/03/2026;3;331745;10/03/2026;GNC GRANDE COREIA MINAS GERAIS COMERCIO;4,27E+13;MONTES CLAROS;MG;10/03/2026;17/03/2026;17/03/2026;Entregue No Prazo;;Entrega realizada;Entrega Finalizada;17;3;10;3;XD BETIM;11035;;;
MOBIS BRASIL FABRICACAO DE AUTO PECAS LT;RODOVIARIO;1475368;10/03/2026;5;331800;10/03/2026;TAI MOTORS VEICULOS S/A;9,27E+12;VITORIA;ES;10/03/2026;17/03/2026;17/03/2026;Entregue No Prazo;;Entrega realizada;Entrega Finalizada;17;3;10;3;CAMILO;8002;;;
MOBIS BRASIL FABRICACAO DE AUTO PECAS LT;RODOVIARIO;1475420;10/03/2026;9;331735;10/03/2026;HOUSE PARTS - COM. DE PECAS E VEIC. LTDA;1,15E+13;SANTA MARIA;RS;10/03/2026;18/03/2026;17/03/2026;Entregue No Prazo;;Entrega realizada;Entrega Finalizada;18;3;10;3;TRANSTRY;23008;;;
MOBIS BRASIL FABRICACAO DE AUTO PECAS LT;RODOVIARIO;1475372;10/03/2026;1;331749;10/03/2026;SAGA KOREA COM. DE VEIC. E PC. LTDA;1,27E+13;GOIANIA;GO;10/03/2026;18/03/2026;17/03/2026;Entregue No Prazo;;Entrega realizada;Entrega Finalizada;18;3;10;3;RIO VERMELHO;9011;;;
MOBIS BRASIL FABRICACAO DE AUTO PECAS LT;RODOVIARIO;1475373;10/03/2026;1;331749;10/03/2026;SAGA KOREA COM. DE VEIC. E PC. LTDA;1,27E+13;GOIANIA;GO;10/03/2026;18/03/2026;17/03/2026;Entregue No Prazo;;Entrega realizada;Entrega Finalizada;18;3;10;3;RIO VERMELHO;9011;;;
MOBIS BRASIL FABRICACAO DE AUTO PECAS LT;RODOVIARIO;1475679;10/03/2026;35;331751;10/03/2026;SMAFF IMPORT VEICULOS LTDA;8,18E+12;BRASILIA;DF;10/03/2026;18/03/2026;17/03/2026;Entregue No Prazo;;Entrega realizada;Entrega Finalizada;18;3;10;3;RIO VERMELHO;7002;;;
MOBIS BRASIL FABRICACAO DE AUTO PECAS LT;RODOVIARIO;1475389;10/03/2026;1;331778;10/03/2026;GOLDEN MOTORS VEICULOS LTDA;3,62E+12;DOURADOS;MS;10/03/2026;18/03/2026;17/03/2026;Entregue No Prazo;;Entrega realizada;Entrega Finalizada;18;3;10;3;CARVALIMA;12001;;;
MOBIS BRASIL FABRICACAO DE AUTO PECAS LT;RODOVIARIO;1475370;10/03/2026;2;331794;10/03/2026;PRIME CACHOEIRO VEICULOS LTDA EPP;9,34E+12;CACHOEIRO DE ITAPEMIRIM;ES;10/03/2026;18/03/2026;17/03/2026;Entregue No Prazo;;Entrega realizada;Entrega Finalizada;18;3;10;3;CAMILO;8003;;;
MOBIS BRASIL FABRICACAO DE AUTO PECAS LT;RODOVIARIO;1475369;10/03/2026;3;331794;10/03/2026;PRIME CACHOEIRO VEICULOS LTDA EPP;9,34E+12;CACHOEIRO DE ITAPEMIRIM;ES;10/03/2026;18/03/2026;17/03/2026;Entregue No Prazo;;Entrega realizada;Entrega Finalizada;18;3;10;3;CAMILO;8003;;;
MOBIS BRASIL FABRICACAO DE AUTO PECAS LT;RODOVIARIO;1475371;10/03/2026;2;331801;10/03/2026;TAI MOTORS VEICULOS S/A;9,27E+12;COLATINA;ES;10/03/2026;18/03/2026;17/03/2026;Entregue No Prazo;;Entrega realizada;Entrega Finalizada;18;3;10;3;CAMILO;8002;;;
MOBIS BRASIL FABRICACAO DE AUTO PECAS LT;RODOVIARIO;1475675;10/03/2026;3;331793;10/03/2026;PATEO COMERCIO DE VEICULOS S A;7,78E+12;SALVADOR;BA;10/03/2026;20/03/2026;17/03/2026;Entregue No Prazo;;Entrega realizada;Entrega Finalizada;20;3;10;3;TERMACO;5003;;;
MOBIS BRASIL FABRICACAO DE AUTO PECAS LT;RODOVIARIO;1475394;10/03/2026;2;331772;10/03/2026;CAOA MOTOR DO BRASIL LTDA;1,68E+13;BELEM;PA;10/03/2026;23/03/2026;17/03/2026;Entregue No Prazo;;Entrega realizada;Entrega Finalizada;23;3;10;3;CARVALIMA;5008;;;
MOBIS BRASIL FABRICACAO DE AUTO PECAS LT;RODOVIARIO;1475962;11/03/2026;16;331940;11/03/2026;BDG AUTOVILLE VEICULOS LTDA;4,77E+13;CONTAGEM;MG;11/03/2026;16/03/2026;17/03/2026;Entregue Fora do Prazo;;Entrega realizada;Entrega Finalizada;16;3;11;3;XD BETIM;11037;;;
MOBIS BRASIL FABRICACAO DE AUTO PECAS LT;RODOVIARIO;1476024;11/03/2026;1;331935;11/03/2026;NEW VEICULOS E PECAS LTDA;1,59E+13;BARRETOS;SP;11/03/2026;17/03/2026;17/03/2026;Entregue No Prazo;;Entrega realizada;Entrega Finalizada;17;3;11;3;RISSO;26014;;;
MOBIS BRASIL FABRICACAO DE AUTO PECAS LT;RODOVIARIO;1475956;11/03/2026;1;331953;11/03/2026;URCA MOTORS VEICULOS LTDA;8,77E+12;UBERLANDIA;MG;11/03/2026;17/03/2026;17/03/2026;Entregue No Prazo;;Entrega realizada;Entrega Finalizada;17;3;11;3;XD BETIM;9014;;;
MOBIS BRASIL FABRICACAO DE AUTO PECAS LT;RODOVIARIO;1475983;11/03/2026;9;331969;11/03/2026;ITAVEMA MOTORS VEICULOS LTDA;7,73E+12;RIO DE JANEIRO;RJ;11/03/2026;17/03/2026;17/03/2026;Entregue No Prazo;;Entrega realizada;Entrega Finalizada;17;3;11;3;CAMILO;19001;;;
MOBIS BRASIL FABRICACAO DE AUTO PECAS LT;RODOVIARIO;1475957;11/03/2026;2;331952;11/03/2026;TOKSU COMERCIO DE VEICULOS LTDA;1,12E+13;BARBACENA;MG;11/03/2026;18/03/2026;17/03/2026;Entregue No Prazo;;Entrega realizada;Entrega Finalizada;18;3;11;3;XD BETIM;11008;;;
MOBIS BRASIL FABRICACAO DE AUTO PECAS LT;RODOVIARIO;1475981;11/03/2026;2;331967;11/03/2026;GRAFFITI VEICULOS LTDA.;1,71E+13;ITAPERUNA;RJ;11/03/2026;18/03/2026;17/03/2026;Entregue No Prazo;;Entrega realizada;Entrega Finalizada;18;3;11;3;CAMILO;19015;;;
MOBIS BRASIL FABRICACAO DE AUTO PECAS LT;RODOVIARIO;1475984;11/03/2026;3;331986;11/03/2026;TAI MOTORS VEICULOS S/A.;9,27E+12;CAMPOS DOS GOYTACAZES;RJ;11/03/2026;18/03/2026;17/03/2026;Entregue No Prazo;;Entrega realizada;Entrega Finalizada;18;3;11;3;CAMILO;19023;;;
MOBIS BRASIL FABRICACAO DE AUTO PECAS LT;RODOVIARIO;1475963;11/03/2026;2;331966;11/03/2026;GOLDEN MOTORS VEICULOS LTDA;3,62E+12;DOURADOS;MS;11/03/2026;19/03/2026;17/03/2026;Entregue No Prazo;;Entrega realizada;Entrega Finalizada;19;3;11;3;CARVALIMA;12001;;;
MOBIS BRASIL FABRICACAO DE AUTO PECAS LT;RODOVIARIO;1475997;11/03/2026;7;332000;11/03/2026;CHINHAN AUTOMOVEIS LTDA.;2,41E+13;CACADOR;SC;11/03/2026;20/03/2026;17/03/2026;Entregue No Prazo;;Entrega realizada;Entrega Finalizada;20;3;11;3;TRANSTRY;24020;;;
MOBIS BRASIL FABRICACAO DE AUTO PECAS LT;RODOVIARIO;1475967;11/03/2026;1;331961;11/03/2026;CAOA MOTOR DO BRASIL LTDA;1,68E+13;BELEM;PA;11/03/2026;24/03/2026;17/03/2026;Entregue No Prazo;;Entrega realizada;Entrega Finalizada;24;3;11;3;CARVALIMA;5008;;;
MOBIS BRASIL FABRICACAO DE AUTO PECAS LT;RODOVIARIO;1475942;11/03/2026;9;331977;11/03/2026;PATEO COMERCIO DE VEICULOS S A;7,78E+12;FEIRA DE SANTANA;BA;11/03/2026;26/03/2026;17/03/2026;Entregue No Prazo;;Entrega realizada;Entrega Finalizada;26;3;11;3;TERMACO;5009;Aniversário do Município;Porto Alegre;RS
MOBIS BRASIL FABRICACAO DE AUTO PECAS LT;RODOVIARIO;1476883;12/03/2026;2;332134;12/03/2026;ANDRETA II DISTRIB.DE VEICULOS LTDA.;9,10E+12;JUNDIAI;SP;12/03/2026;17/03/2026;17/03/2026;Entregue No Prazo;;Entrega realizada;Entrega Finalizada;17;3;12;3;RISSO;26040;;;
MOBIS BRASIL FABRICACAO DE AUTO PECAS LT;RODOVIARIO;1476880;12/03/2026;94;332157;12/03/2026;MOTONET COMERCIO DE VEICULOS LTDA;9,28E+12;SOROCABA;SP;12/03/2026;17/03/2026;17/03/2026;Entregue No Prazo;;Entrega realizada;Entrega Finalizada;17;3;12;3;RISSO;26113;;;
MOBIS BRASIL FABRICACAO DE AUTO PECAS LT;RODOVIARIO;1476827;12/03/2026;26;332162;12/03/2026;BDG AUTOVILLE VEICULOS LTDA;4,77E+13;CONTAGEM;MG;12/03/2026;17/03/2026;17/03/2026;Entregue No Prazo;;Entrega realizada;Entrega Finalizada;17;3;12;3;XD BETIM;11037;;;
MOBIS BRASIL FABRICACAO DE AUTO PECAS LT;RODOVIARIO;1476824;12/03/2026;7;332164;12/03/2026;CARBEL KOREA VEICULOS LTDA;2,07E+13;BELO HORIZONTE;MG;12/03/2026;17/03/2026;17/03/2026;Entregue No Prazo;;Entrega realizada;Entrega Finalizada;17;3;12;3;XD BETIM;11021;;;
MOBIS BRASIL FABRICACAO DE AUTO PECAS LT;RODOVIARIO;1476894;12/03/2026;1;332141;12/03/2026;CAOA MOTOR DO BRASIL LTDA;1,68E+13;PRAIA GRANDE;SP;12/03/2026;18/03/2026;17/03/2026;Entregue No Prazo;;Entrega realizada;Entrega Finalizada;18;3;12;3;RISSO;5008;;;
MOBIS BRASIL FABRICACAO DE AUTO PECAS LT;RODOVIARIO;1476892;12/03/2026;1;332150;12/03/2026;GOLDEN MOTORS VEICULOS LTDA;3,62E+12;PRESIDENTE PRUDENTE;SP;12/03/2026;18/03/2026;17/03/2026;Entregue No Prazo;;Entrega realizada;Entrega Finalizada;18;3;12;3;RISSO;12001;;;
MOBIS BRASIL FABRICACAO DE AUTO PECAS LT;RODOVIARIO;1476888;12/03/2026;2;332155;12/03/2026;H R B COMERCIO DE VEICULOS LTDA;1,82E+13;SAO JOSE DO RIO PRETO;SP;12/03/2026;18/03/2026;17/03/2026;Entregue No Prazo;;Entrega realizada;Entrega Finalizada;18;3;12;3;RISSO;26050;;;
MOBIS BRASIL FABRICACAO DE AUTO PECAS LT;RODOVIARIO;1476889;12/03/2026;12;332155;12/03/2026;H R B COMERCIO DE VEICULOS LTDA;1,82E+13;SAO JOSE DO RIO PRETO;SP;12/03/2026;18/03/2026;17/03/2026;Entregue No Prazo;;Entrega realizada;Entrega Finalizada;18;3;12;3;RISSO;26050;;;
MOBIS BRASIL FABRICACAO DE AUTO PECAS LT;RODOVIARIO;1476887;12/03/2026;24;332158;12/03/2026;NEW VEICULOS E PECAS LTDA;1,59E+13;FRANCA;SP;12/03/2026;18/03/2026;17/03/2026;Entregue No Prazo;;Entrega realizada;Entrega Finalizada;18;3;12;3;RISSO;26014;;;
MOBIS BRASIL FABRICACAO DE AUTO PECAS LT;RODOVIARIO;1476825;12/03/2026;1;332176;12/03/2026;TOKSU COMERCIO DE VEICULOS LTDA;1,12E+13;POUSO ALEGRE;MG;12/03/2026;18/03/2026;17/03/2026;Entregue No Prazo;;Entrega realizada;Entrega Finalizada;18;3;12;3;XD BETIM;11008;;;
MOBIS BRASIL FABRICACAO DE AUTO PECAS LT;RODOVIARIO;1476822;12/03/2026;5;332181;12/03/2026;URCA MOTORS VEICULOS LTDA;8,77E+12;UBERLANDIA;MG;12/03/2026;18/03/2026;17/03/2026;Entregue No Prazo;;Entrega realizada;Entrega Finalizada;18;3;12;3;XD BETIM;9014;;;
MOBIS BRASIL FABRICACAO DE AUTO PECAS LT;RODOVIARIO;1476844;12/03/2026;11;332187;12/03/2026;BARI VEICULOS LTDA;7,46E+12;PONTA GROSSA;PR;12/03/2026;18/03/2026;17/03/2026;Entregue No Prazo;;Entrega realizada;Entrega Finalizada;18;3;12;3;TRANSTRY;18024;;;
MOBIS BRASIL FABRICACAO DE AUTO PECAS LT;RODOVIARIO;1476843;12/03/2026;2;332187;12/03/2026;BARI VEICULOS LTDA;7,46E+12;PONTA GROSSA;PR;12/03/2026;18/03/2026;17/03/2026;Entregue No Prazo;;Entrega realizada;Entrega Finalizada;18;3;12;3;TRANSTRY;18024;;;
MOBIS BRASIL FABRICACAO DE AUTO PECAS LT;RODOVIARIO;1476838;12/03/2026;10;332196;12/03/2026;LOVAT VEICULOS S/A;8,57E+12;LONDRINA;PR;12/03/2026;18/03/2026;17/03/2026;Entregue No Prazo;;Entrega realizada;Entrega Finalizada;18;3;12;3;TRANSTRY;18008;;;
MOBIS BRASIL FABRICACAO DE AUTO PECAS LT;RODOVIARIO;1476848;12/03/2026;3;332205;12/03/2026;CAOA MOTOR DO BRASIL LTDA;1,68E+13;RIO DE JANEIRO;RJ;12/03/2026;18/03/2026;17/03/2026;Entregue No Prazo;;Entrega realizada;Entrega Finalizada;18;3;12;3;CAMILO;5008;;;
MOBIS BRASIL FABRICACAO DE AUTO PECAS LT;RODOVIARIO;1476855;12/03/2026;3;332206;12/03/2026;CAOA MOTOR DO BRASIL LTDA;1,68E+13;RIO DE JANEIRO;RJ;12/03/2026;18/03/2026;17/03/2026;Entregue No Prazo;;Entrega realizada;Entrega Finalizada;18;3;12;3;CAMILO;5008;;;
MOBIS BRASIL FABRICACAO DE AUTO PECAS LT;RODOVIARIO;1476826;12/03/2026;2;332165;12/03/2026;GNC GRANDE COREIA MINAS GERAIS COMERCIO;4,27E+13;MONTES CLAROS;MG;12/03/2026;19/03/2026;17/03/2026;Entregue No Prazo;;Entrega realizada;Entrega Finalizada;19;3;12;3;XD BETIM;11035;;;
MOBIS BRASIL FABRICACAO DE AUTO PECAS LT;RODOVIARIO;1476823;12/03/2026;4;332177;12/03/2026;TOKSU COMERCIO DE VEICULOS LTDA;1,12E+13;BARBACENA;MG;12/03/2026;19/03/2026;17/03/2026;Entregue No Prazo;;Entrega realizada;Entrega Finalizada;19;3;12;3;XD BETIM;11008;;;
MOBIS BRASIL FABRICACAO DE AUTO PECAS LT;RODOVIARIO;1476869;12/03/2026;3;332197;12/03/2026;LR COMERCIO DE VEICULOS LTDA;1,05E+13;SAO JOSE;SC;12/03/2026;19/03/2026;17/03/2026;Entregue No Prazo;;Entrega realizada;Entrega Finalizada;19;3;12;3;TRANSTRY;24007;;;
MOBIS BRASIL FABRICACAO DE AUTO PECAS LT;RODOVIARIO;1476842;12/03/2026;1;332202;12/03/2026;ZENDAI VEICULOS LTDA;1,97E+13;TOLEDO;PR;12/03/2026;19/03/2026;17/03/2026;Entregue No Prazo;;Entrega realizada;Entrega Finalizada;19;3;12;3;TRANSTRY;18016;;;
MOBIS BRASIL FABRICACAO DE AUTO PECAS LT;RODOVIARIO;1476856;12/03/2026;1;332221;12/03/2026;MONTREAL VEICULOS E PECAS LTDA;1,68E+13;SAO PEDRO DA ALDEIA;RJ;12/03/2026;19/03/2026;17/03/2026;Entregue No Prazo;;Entrega realizada;Entrega Finalizada;19;3;12;3;CAMILO;19030;;;
MOBIS BRASIL FABRICACAO DE AUTO PECAS LT;RODOVIARIO;1476854;12/03/2026;1;332240;12/03/2026;VIA VR VEICULOS LTDA;1,73E+13;PETROPOLIS;RJ;12/03/2026;19/03/2026;17/03/2026;Entregue No Prazo;;Entrega realizada;Entrega Finalizada;19;3;12;3;CAMILO;19016;;;
MOBIS BRASIL FABRICACAO DE AUTO PECAS LT;RODOVIARIO;1476828;12/03/2026;1;332215;12/03/2026;GOLDEN MOTORS VEICULOS LTDA;3,62E+12;DOURADOS;MS;12/03/2026;20/03/2026;17/03/2026;Entregue No Prazo;;Entrega realizada;Entrega Finalizada;20;3;12;3;CARVALIMA;12001;;;
MOBIS BRASIL FABRICACAO DE AUTO PECAS LT;RODOVIARIO;1477251;12/03/2026;1;332211;12/03/2026;COMETA MATO GROSSO COM. DE VEICULOS LTDA;1,54E+13;SINOP;MT;12/03/2026;24/03/2026;17/03/2026;Entregue No Prazo;;Entrega realizada;Entrega Finalizada;24;3;12;3;CARVALIMA;13003;;;
MOBIS BRASIL FABRICACAO DE AUTO PECAS LT;RODOVIARIO;1477837;13/03/2026;114;332433;13/03/2026;BILLY DISTRIBUIDORA DE VEICULOS LTDA;1,34E+13;SAO CAETANO DO SUL;SP;13/03/2026;17/03/2026;17/03/2026;Entregue No Prazo;;Entrega realizada;Entrega Finalizada;17;3;13;3;RISSO;26003;;;
MOBIS BRASIL FABRICACAO DE AUTO PECAS LT;RODOVIARIO;1477836;13/03/2026;4;332429;13/03/2026;ANDRETA II DISTRIB.DE VEICULOS LTDA.;9,10E+12;JUNDIAI;SP;13/03/2026;18/03/2026;17/03/2026;Entregue No Prazo;;Entrega realizada;Entrega Finalizada;18;3;13;3;RISSO;26040;;;
MOBIS BRASIL FABRICACAO DE AUTO PECAS LT;RODOVIARIO;1477845;13/03/2026;2;332435;13/03/2026;CAOA MOTOR DO BRASIL LTDA;1,68E+13;SAO JOSE DOS CAMPOS;SP;13/03/2026;18/03/2026;17/03/2026;Entregue No Prazo;;Entrega realizada;Entrega Finalizada;18;3;13;3;RISSO;5008;;;
MOBIS BRASIL FABRICACAO DE AUTO PECAS LT;RODOVIARIO;1477844;13/03/2026;2;332438;13/03/2026;CAOA MOTOR DO BRASIL LTDA;1,68E+13;CAMPINAS;SP;13/03/2026;18/03/2026;17/03/2026;Entregue No Prazo;;Entrega realizada;Entrega Finalizada;18;3;13;3;RISSO;5008;;;
MOBIS BRASIL FABRICACAO DE AUTO PECAS LT;RODOVIARIO;1477848;13/03/2026;15;332441;13/03/2026;DESTAQUE SEUL DISTR. DE VEIC. E PC. LTDA;2,12E+13;ATIBAIA;SP;13/03/2026;18/03/2026;17/03/2026;Entregue No Prazo;;Entrega realizada;Entrega Finalizada;18;3;13;3;RISSO;26075;;;
MOBIS BRASIL FABRICACAO DE AUTO PECAS LT;RODOVIARIO;1477847;13/03/2026;1;332441;13/03/2026;DESTAQUE SEUL DISTR. DE VEIC. E PC. LTDA;2,12E+13;ATIBAIA;SP;13/03/2026;18/03/2026;17/03/2026;Entregue No Prazo;;Entrega realizada;Entrega Finalizada;18;3;13;3;RISSO;26075;;;
MOBIS BRASIL FABRICACAO DE AUTO PECAS LT;RODOVIARIO;1477855;13/03/2026;1;332450;13/03/2026;H - CAMINHO AUTOMOVEIS LTDA;2,53E+13;LIMEIRA;SP;13/03/2026;18/03/2026;17/03/2026;Entregue No Prazo;;Entrega realizada;Entrega Finalizada;18;3;13;3;RISSO;26092;;;
MOBIS BRASIL FABRICACAO DE AUTO PECAS LT;RODOVIARIO;1477833;13/03/2026;11;332454;13/03/2026;MOTONET COMERCIO DE VEICULOS LTDA;9,28E+12;SOROCABA;SP;13/03/2026;18/03/2026;17/03/2026;Entregue No Prazo;;Entrega realizada;Entrega Finalizada;18;3;13;3;RISSO;26113;;;
MOBIS BRASIL FABRICACAO DE AUTO PECAS LT;RODOVIARIO;1477802;13/03/2026;1;332481;13/03/2026;BARI VEICULOS LTDA;7,46E+12;CURITIBA;PR;13/03/2026;18/03/2026;17/03/2026;Entregue No Prazo;;Entrega realizada;Entrega Finalizada;18;3;13;3;TRANSTRY;18024;;;
MOBIS BRASIL FABRICACAO DE AUTO PECAS LT;RODOVIARIO;1477803;13/03/2026;5;332481;13/03/2026;BARI VEICULOS LTDA;7,46E+12;CURITIBA;PR;13/03/2026;18/03/2026;17/03/2026;Entregue No Prazo;;Entrega realizada;Entrega Finalizada;18;3;13;3;TRANSTRY;18024;;;
MOBIS BRASIL FABRICACAO DE AUTO PECAS LT;RODOVIARIO;1477801;13/03/2026;2;332484;13/03/2026;BARI VEICULOS LTDA.;7,46E+12;CURITIBA;PR;13/03/2026;18/03/2026;17/03/2026;Entregue No Prazo;;Entrega realizada;Entrega Finalizada;18;3;13;3;TRANSTRY;18029;;;
MOBIS BRASIL FABRICACAO DE AUTO PECAS LT;RODOVIARIO;1477798;13/03/2026;11;332497;13/03/2026;SEVEC VEICULOS LTDA;5,68E+11;CURITIBA;PR;13/03/2026;18/03/2026;17/03/2026;Entregue No Prazo;Avaria de 01 volume;Entrega realizada;Entrega Finalizada;18;3;13;3;TRANSTRY;18012;;;
MOBIS BRASIL FABRICACAO DE AUTO PECAS LT;RODOVIARIO;1477850;13/03/2026;1;332442;13/03/2026;DESTAQUE SEUL DISTR DE VEIC PEC LTDA;2,12E+13;CARAGUATATUBA;SP;13/03/2026;19/03/2026;17/03/2026;Entregue No Prazo;;Entrega realizada;Entrega Finalizada;19;3;13;3;RISSO;26082;;;
MOBIS BRASIL FABRICACAO DE AUTO PECAS LT;RODOVIARIO;1477842;13/03/2026;2;332446;13/03/2026;GOLDEN MOTORS VEICULOS LTDA;3,62E+12;ARACATUBA;SP;13/03/2026;19/03/2026;17/03/2026;Entregue No Prazo;;Entrega realizada;Entrega Finalizada;19;3;13;3;RISSO;12001;;;
MOBIS BRASIL FABRICACAO DE AUTO PECAS LT;RODOVIARIO;1477840;13/03/2026;12;332452;13/03/2026;H R B COMERCIO DE VEICULOS LTDA;1,82E+13;SAO JOSE DO RIO PRETO;SP;13/03/2026;19/03/2026;17/03/2026;Entregue No Prazo;;Entrega realizada;Entrega Finalizada;19;3;13;3;RISSO;26050;;;
MOBIS BRASIL FABRICACAO DE AUTO PECAS LT;RODOVIARIO;1477839;13/03/2026;2;332452;13/03/2026;H R B COMERCIO DE VEICULOS LTDA;1,82E+13;SAO JOSE DO RIO PRETO;SP;13/03/2026;19/03/2026;17/03/2026;Entregue No Prazo;;Entrega realizada;Entrega Finalizada;19;3;13;3;RISSO;26050;;;
MOBIS BRASIL FABRICACAO DE AUTO PECAS LT;RODOVIARIO;1477863;13/03/2026;14;332453;13/03/2026;HYMAX DISTRIBUIDORA DE VEICULOS LTDA;1,73E+13;MOGI GUACU;SP;13/03/2026;19/03/2026;17/03/2026;Entregue No Prazo;;Entrega realizada;Entrega Finalizada;19;3;13;3;RISSO;26002;;;
MOBIS BRASIL FABRICACAO DE AUTO PECAS LT;RODOVIARIO;1477868;13/03/2026;1;332453;13/03/2026;HYMAX DISTRIBUIDORA DE VEICULOS LTDA;1,73E+13;MOGI GUACU;SP;13/03/2026;19/03/2026;17/03/2026;Entregue No Prazo;;Entrega realizada;Entrega Finalizada;19;3;13;3;RISSO;26002;;;
MOBIS BRASIL FABRICACAO DE AUTO PECAS LT;RODOVIARIO;1477873;13/03/2026;2;332455;13/03/2026;NEW VEICULOS E PECAS LTDA;1,59E+13;FRANCA;SP;13/03/2026;19/03/2026;17/03/2026;Entregue No Prazo;;Entrega realizada;Entrega Finalizada;19;3;13;3;RISSO;26014;;;
MOBIS BRASIL FABRICACAO DE AUTO PECAS LT;RODOVIARIO;1477799;13/03/2026;22;332482;13/03/2026;BARI VEICULOS LTDA;7,46E+12;PONTA GROSSA;PR;13/03/2026;19/03/2026;17/03/2026;Entregue No Prazo;;Entrega realizada;Entrega Finalizada;19;3;13;3;TRANSTRY;18024;;;
MOBIS BRASIL FABRICACAO DE AUTO PECAS LT;RODOVIARIO;1477796;13/03/2026;20;332492;13/03/2026;LOVAT VEICULOS S/A;8,57E+12;LONDRINA;PR;13/03/2026;19/03/2026;17/03/2026;Entregue No Prazo;;Entrega realizada;Entrega Finalizada;19;3;13;3;TRANSTRY;18008;;;
MOBIS BRASIL FABRICACAO DE AUTO PECAS LT;RODOVIARIO;1477806;13/03/2026;12;332501;13/03/2026;AMX COM. E SERVICOS DE AUTOMOTORES LTDA;1,20E+13;RIO DE JANEIRO;RJ;13/03/2026;19/03/2026;17/03/2026;Entregue No Prazo;;Entrega realizada;Entrega Finalizada;19;3;13;3;CAMILO;19009;;;
MOBIS BRASIL FABRICACAO DE AUTO PECAS LT;RODOVIARIO;1477807;13/03/2026;5;332503;13/03/2026;CAOA MOTOR DO BRASIL LTDA;1,68E+13;RIO DE JANEIRO;RJ;13/03/2026;19/03/2026;17/03/2026;Entregue No Prazo;;Entrega realizada;Entrega Finalizada;19;3;13;3;CAMILO;5008;;;
MOBIS BRASIL FABRICACAO DE AUTO PECAS LT;RODOVIARIO;1477805;13/03/2026;2;332514;13/03/2026;ITAVEMA MOTORS VEICULOS LTDA;7,73E+12;DUQUE DE CAXIAS;RJ;13/03/2026;19/03/2026;17/03/2026;Entregue No Prazo;;Entrega realizada;Entrega Finalizada;19;3;13;3;CAMILO;19001;;;
MOBIS BRASIL FABRICACAO DE AUTO PECAS LT;RODOVIARIO;1477804;13/03/2026;1;332514;13/03/2026;ITAVEMA MOTORS VEICULOS LTDA;7,73E+12;DUQUE DE CAXIAS;RJ;13/03/2026;19/03/2026;17/03/2026;Entregue No Prazo;;Entrega realizada;Entrega Finalizada;19;3;13;3;CAMILO;19001;;;
MOBIS BRASIL FABRICACAO DE AUTO PECAS LT;RODOVIARIO;1478151;16/03/2026;1;332675;16/03/2026;BILLY DISTRIBUIDORA DE VEICULOS LTDA;1,34E+13;SAO PAULO;SP;16/03/2026;18/03/2026;17/03/2026;Entregue No Prazo;;Entrega realizada;Entrega Finalizada;18;3;16;3;RISSO;26003;;;
MOBIS BRASIL FABRICACAO DE AUTO PECAS LT;RODOVIARIO;1478134;16/03/2026;4;332677;16/03/2026;BILLY DISTRIBUIDORA DE VEICULOS LTDA;1,34E+13;BARUERI;SP;16/03/2026;18/03/2026;17/03/2026;Entregue No Prazo;;Entrega realizada;Entrega Finalizada;18;3;16;3;RISSO;26003;;;
MOBIS BRASIL FABRICACAO DE AUTO PECAS LT;RODOVIARIO;1478155;16/03/2026;1;332679;16/03/2026;CAOA MOTOR DO BRASIL LTDA (INDIANOPOLIS);1,68E+13;SAO PAULO;SP;16/03/2026;18/03/2026;17/03/2026;Entregue No Prazo;;Entrega realizada;Entrega Finalizada;18;3;16;3;RISSO;26091;;;
MOBIS BRASIL FABRICACAO DE AUTO PECAS LT;RODOVIARIO;1478147;16/03/2026;5;332680;16/03/2026;CAOA MOTOR DO BRASIL LTDA (VL PRUDENTE);1,68E+13;SAO PAULO;SP;16/03/2026;18/03/2026;17/03/2026;Entregue No Prazo;;Entrega realizada;Entrega Finalizada;18;3;16;3;RISSO;26051;;;
MOBIS BRASIL FABRICACAO DE AUTO PECAS LT;RODOVIARIO;1478139;16/03/2026;1;332689;16/03/2026;GRAND SPORT COM. DE VEIC. E PECAS LTDA;8,58E+12;SAO PAULO;SP;16/03/2026;18/03/2026;17/03/2026;Entregue No Prazo;;Entrega realizada;Entrega Finalizada;18;3;16;3;RISSO;26034;;;
MOBIS BRASIL FABRICACAO DE AUTO PECAS LT;RODOVIARIO;1478137;16/03/2026;19;332673;16/03/2026;ANDRETA II DISTRIBUIDORA DE VEIC. LTDA;9,10E+12;CAMPINAS;SP;16/03/2026;19/03/2026;17/03/2026;Entregue No Prazo;;Entrega realizada;Entrega Finalizada;19;3;16;3;RISSO;26011;;;
MOBIS BRASIL FABRICACAO DE AUTO PECAS LT;RODOVIARIO;1478153;16/03/2026;1;332678;16/03/2026;CAOA MOTOR DO BRASIL LTDA;1,68E+13;PRAIA GRANDE;SP;16/03/2026;20/03/2026;17/03/2026;Entregue No Prazo;;Entrega realizada;Entrega Finalizada;20;3;16;3;RISSO;5008;;;
MOBIS BRASIL FABRICACAO DE AUTO PECAS LT;RODOVIARIO;1478156;16/03/2026;3;332691;16/03/2026;H - CAMINHO AUTOMOVEIS LTDA;2,53E+13;PIRACICABA;SP;16/03/2026;20/03/2026;17/03/2026;Entregue No Prazo;;Entrega realizada;Entrega Finalizada;20;3;16;3;RISSO;26092;;;
MOBIS BRASIL FABRICACAO DE AUTO PECAS LT;RODOVIARIO;1478133;16/03/2026;4;332694;16/03/2026;HYMAX DISTRIBUIDORA DE VEICULOS LTDA;1,73E+13;MOGI GUACU;SP;16/03/2026;20/03/2026;17/03/2026;Entregue No Prazo;;Entrega realizada;Entrega Finalizada;20;3;16;3;RISSO;26002;;;
MOBIS BRASIL FABRICACAO DE AUTO PECAS LT;RODOVIARIO;1466940;23/02/2026;3;329219;23/02/2026;CHINHAN AUTOMOVEIS LTDA.;2,41E+13;CACADOR;SC;23/02/2026;04/03/2026;18/03/2026;Entregue Fora do Prazo;EXTRAVIO;Solicitado um novo pedido devido ao extravio;Entrega Finalizada;4;3;23;2;BAUER;24020;;;
MOBIS BRASIL FABRICACAO DE AUTO PECAS LT;RODOVIARIO;1467666;24/02/2026;6;329434;24/02/2026;CHINHAN AUTOMOVEIS LTDA.;2,41E+13;CACADOR;SC;24/02/2026;05/03/2026;18/03/2026;Entregue Fora do Prazo;EXTRAVIO;Solicitado um novo pedido devido ao extravio;Entrega Finalizada;5;3;24;2;BAUER;24020;;;
MOBIS BRASIL FABRICACAO DE AUTO PECAS LT;RODOVIARIO;1473423;05/03/2026;1;331007;05/03/2026;SAINT LAND COMERCIO DE VEICULOS LTDA;1,04E+13;JUAZEIRO DO NORTE;CE;05/03/2026;23/03/2026;18/03/2026;Entregue No Prazo;;Entrega realizada;Entrega Finalizada;23;3;5;3;TERMACO;6010;;;
MOBIS BRASIL FABRICACAO DE AUTO PECAS LT;RODOVIARIO;1473840;06/03/2026;1;331150;06/03/2026;FAZZA MOTORS COMERCIO DE VEICULOS LTDA;1,24E+13;SALVADOR;BA;06/03/2026;20/03/2026;18/03/2026;Entregue No Prazo;;Entrega realizada;Entrega Finalizada;20;3;6;3;TERMACO;5007;;;
MOBIS BRASIL FABRICACAO DE AUTO PECAS LT;RODOVIARIO;1473841;06/03/2026;4;331164;06/03/2026;ORVEL AUTOMOTOR HYD LTDA;2,52E+13;TEIXEIRA DE FREITAS;BA;06/03/2026;25/03/2026;18/03/2026;Entregue No Prazo;;Entrega realizada;Entrega Finalizada;25;3;6;3;TERMACO;5011;Abolição da Escravidão no Ceará;Estadual;CE
MOBIS BRASIL FABRICACAO DE AUTO PECAS LT;RODOVIARIO;1473842;06/03/2026;11;331164;06/03/2026;ORVEL AUTOMOTOR HYD LTDA;2,52E+13;TEIXEIRA DE FREITAS;BA;06/03/2026;25/03/2026;18/03/2026;Entregue No Prazo;;Entrega realizada;Entrega Finalizada;25;3;6;3;TERMACO;5011;Abolição da Escravidão no Ceará;Estadual;CE
MOBIS BRASIL FABRICACAO DE AUTO PECAS LT;RODOVIARIO;1473843;06/03/2026;2;331157;06/03/2026;MASTER COMERCIAL DE VEICULOS LTDA;2,85E+13;JACOBINA;BA;06/03/2026;25/03/2026;18/03/2026;Entregue No Prazo;;Entrega realizada;Entrega Finalizada;25;3;6;3;TERMACO;5013;Abolição da Escravidão no Ceará;Estadual;CE
MOBIS BRASIL FABRICACAO DE AUTO PECAS LT;RODOVIARIO;1473854;06/03/2026;4;331111;06/03/2026;TRIAUTO KOREA AUTOMOVEIS LTDA;4,99E+13;CATALAO;GO;06/03/2026;20/03/2026;18/03/2026;Entregue No Prazo;;Entrega realizada;Entrega Finalizada;20;3;6;3;RIO VERMELHO;9018;;;
MOBIS BRASIL FABRICACAO DE AUTO PECAS LT;RODOVIARIO;1473855;06/03/2026;1;331162;06/03/2026;NACIONAL NOVA MARABA DIST DE VEIC. LTDA;1,70E+13;IMPERATRIZ;MA;06/03/2026;30/03/2026;18/03/2026;Entregue No Prazo;;Entrega realizada;Entrega Finalizada;30;3;6;3;TERMACO;10003;;;
MOBIS BRASIL FABRICACAO DE AUTO PECAS LT;RODOVIARIO;1473856;06/03/2026;1;331162;06/03/2026;NACIONAL NOVA MARABA DIST DE VEIC. LTDA;1,70E+13;IMPERATRIZ;MA;06/03/2026;30/03/2026;18/03/2026;Entregue No Prazo;;Entrega realizada;Entrega Finalizada;30;3;6;3;TERMACO;10003;;;
MOBIS BRASIL FABRICACAO DE AUTO PECAS LT;RODOVIARIO;1473892;06/03/2026;4;331163;06/03/2026;ORIENTE AUTOMOVEIS LTDA;1,33E+13;PARNAMIRIM;RN;06/03/2026;26/03/2026;18/03/2026;Entregue No Prazo;;Entrega realizada;Entrega Finalizada;26;3;6;3;TERMACO;20001;Aniversário do Município;Porto Alegre;RS
MOBIS BRASIL FABRICACAO DE AUTO PECAS LT;RODOVIARIO;1473893;06/03/2026;2;331174;06/03/2026;SAINT LAND COMERCIO DE VEICULOS LTDA;1,04E+13;NATAL;RN;06/03/2026;25/03/2026;18/03/2026;Entregue No Prazo;;Entrega realizada;Entrega Finalizada;25;3;6;3;TERMACO;6010;Abolição da Escravidão no Ceará;Estadual;CE
MOBIS BRASIL FABRICACAO DE AUTO PECAS LT;RODOVIARIO;1473894;06/03/2026;2;331174;06/03/2026;SAINT LAND COMERCIO DE VEICULOS LTDA;1,04E+13;NATAL;RN;06/03/2026;25/03/2026;18/03/2026;Entregue No Prazo;;Entrega realizada;Entrega Finalizada;25;3;6;3;TERMACO;6010;Abolição da Escravidão no Ceará;Estadual;CE
MOBIS BRASIL FABRICACAO DE AUTO PECAS LT;RODOVIARIO;1474245;06/03/2026;4;331148;06/03/2026;CYCOSA AUTOMOVEIS LTDA;4,76E+12;MACEIO;AL;06/03/2026;24/03/2026;18/03/2026;Entregue No Prazo;;Entrega realizada;Entrega Finalizada;24;3;6;3;TERMACO;2001;;;
MOBIS BRASIL FABRICACAO DE AUTO PECAS LT;RODOVIARIO;1474290;06/03/2026;6;331175;06/03/2026;SEVEL VEICULOS LTDA;1,07E+13;ARACAJU;SE;06/03/2026;23/03/2026;18/03/2026;Entregue No Prazo;;Entrega realizada;Entrega Finalizada;23;3;6;3;TERMACO;25001;;;
MOBIS BRASIL FABRICACAO DE AUTO PECAS LT;RODOVIARIO;1474597;09/03/2026;1;331486;09/03/2026;URCA MOTORS VEICULOS LTDA;8,77E+12;ITUMBIARA;GO;09/03/2026;19/03/2026;18/03/2026;Entregue No Prazo;;Entrega realizada;Entrega Finalizada;19;3;9;3;RIO VERMELHO;9014;;;
MOBIS BRASIL FABRICACAO DE AUTO PECAS LT;RODOVIARIO;1474596;09/03/2026;3;331487;09/03/2026;URCA MOTORS VEICULOS LTDA;8,77E+12;RIO VERDE;GO;09/03/2026;19/03/2026;18/03/2026;Entregue No Prazo;;Entrega realizada;Entrega Finalizada;19;3;9;3;RIO VERMELHO;9014;;;
MOBIS BRASIL FABRICACAO DE AUTO PECAS LT;RODOVIARIO;1474584;09/03/2026;39;331498;09/03/2026;FAZZA MOTORS COMERCIO DE VEICULOS LTDA;1,24E+13;SALVADOR;BA;09/03/2026;19/03/2026;18/03/2026;Entregue No Prazo;Avaria;Entrega realizada;Entrega Finalizada;19;3;9;3;TERMACO;5007;;;
MOBIS BRASIL FABRICACAO DE AUTO PECAS LT;RODOVIARIO;1475079;09/03/2026;3;331516;09/03/2026;SEVEL VEICULOS LTDA;1,07E+13;ARACAJU;SE;09/03/2026;20/03/2026;18/03/2026;Entregue No Prazo;;Entrega realizada;Entrega Finalizada;20;3;9;3;TERMACO;25001;;;
MOBIS BRASIL FABRICACAO DE AUTO PECAS LT;RODOVIARIO;1475077;09/03/2026;1;331516;09/03/2026;SEVEL VEICULOS LTDA;1,07E+13;ARACAJU;SE;09/03/2026;20/03/2026;18/03/2026;Entregue No Prazo;;Entrega realizada;Entrega Finalizada;20;3;9;3;TERMACO;25001;;;
MOBIS BRASIL FABRICACAO DE AUTO PECAS LT;RODOVIARIO;1474598;09/03/2026;2;331474;09/03/2026;NASA MOTORS LTDA.;2,65E+13;SAO LUIS DE MONTES BELOS;GO;09/03/2026;23/03/2026;18/03/2026;Entregue No Prazo;;Entrega realizada;Entrega Finalizada;23;3;9;3;RIO VERMELHO;9016;;;
MOBIS BRASIL FABRICACAO DE AUTO PECAS LT;RODOVIARIO;1474599;09/03/2026;1;331483;09/03/2026;TRIAUTO KOREA AUTOMOVEIS LTDA;4,99E+13;CATALAO;GO;09/03/2026;23/03/2026;18/03/2026;Entregue No Prazo;;Entrega realizada;Entrega Finalizada;23;3;9;3;RIO VERMELHO;9018;;;
MOBIS BRASIL FABRICACAO DE AUTO PECAS LT;RODOVIARIO;1474586;09/03/2026;1;331509;09/03/2026;ORVEL AUTOMOTOR HYD LTDA;2,52E+13;TEIXEIRA DE FREITAS;BA;09/03/2026;24/03/2026;18/03/2026;Entregue No Prazo;;Entrega realizada;Entrega Finalizada;24;3;9;3;TERMACO;5011;;;
MOBIS BRASIL FABRICACAO DE AUTO PECAS LT;RODOVIARIO;1474585;09/03/2026;3;331509;09/03/2026;ORVEL AUTOMOTOR HYD LTDA;2,52E+13;TEIXEIRA DE FREITAS;BA;09/03/2026;24/03/2026;18/03/2026;Entregue No Prazo;;Entrega realizada;Entrega Finalizada;24;3;9;3;TERMACO;5011;;;
MOBIS BRASIL FABRICACAO DE AUTO PECAS LT;RODOVIARIO;1474637;09/03/2026;4;331515;09/03/2026;SAINT LAND COMERCIO DE VEICULOS LTDA;1,04E+13;NATAL;RN;09/03/2026;24/03/2026;18/03/2026;Entregue No Prazo;;Entrega realizada;Entrega Finalizada;24;3;9;3;TERMACO;6010;;;
MOBIS BRASIL FABRICACAO DE AUTO PECAS LT;RODOVIARIO;1474636;09/03/2026;3;331508;09/03/2026;ORIENTE AUTOMOVEIS LTDA;1,33E+13;PARNAMIRIM;RN;09/03/2026;25/03/2026;18/03/2026;Entregue No Prazo;;Entrega realizada;Entrega Finalizada;25;3;9;3;TERMACO;20001;Abolição da Escravidão no Ceará;Estadual;CE
MOBIS BRASIL FABRICACAO DE AUTO PECAS LT;RODOVIARIO;1475742;10/03/2026;25;331715;10/03/2026;NEW VEICULOS E PECAS LTDA;1,59E+13;RIBEIRAO PRETO;SP;10/03/2026;13/03/2026;18/03/2026;Entregue No Prazo;;Entrega realizada;Entrega Finalizada;13;3;10;3;RISSO;26014;Batalha do Jenipapo;Estadual;PI
MOBIS BRASIL FABRICACAO DE AUTO PECAS LT;RODOVIARIO;1475683;10/03/2026;52;331806;10/03/2026;VIA BRASIL AUTOMOVEIS LTDA.;4,72E+12;SERRA;ES;10/03/2026;17/03/2026;18/03/2026;Entregue Fora do Prazo;;Entrega realizada;Entrega Finalizada;17;3;10;3;CAMILO;8001;;;
MOBIS BRASIL FABRICACAO DE AUTO PECAS LT;RODOVIARIO;1475367;10/03/2026;2;331743;10/03/2026;CAOA MOTOR DO BRASIL LTDA;1,68E+13;BRASILIA;DF;10/03/2026;18/03/2026;18/03/2026;Entregue No Prazo;;Entrega realizada;Entrega Finalizada;18;3;10;3;RIO VERMELHO;5008;;;
MOBIS BRASIL FABRICACAO DE AUTO PECAS LT;RODOVIARIO;1475366;10/03/2026;11;331752;10/03/2026;SMAFF IMPORT VEICULOS LTDA;8,18E+12;BRASILIA;DF;10/03/2026;18/03/2026;18/03/2026;Entregue No Prazo;;Entrega realizada;Entrega Finalizada;18;3;10;3;RIO VERMELHO;7002;;;
MOBIS BRASIL FABRICACAO DE AUTO PECAS LT;RODOVIARIO;1475375;10/03/2026;2;331761;10/03/2026;URCA MOTORS VEICULOS LTDA;8,77E+12;RIO VERDE;GO;10/03/2026;20/03/2026;18/03/2026;Entregue No Prazo;;Entrega realizada;Entrega Finalizada;20;3;10;3;RIO VERMELHO;9014;;;
MOBIS BRASIL FABRICACAO DE AUTO PECAS LT;RODOVIARIO;1475376;10/03/2026;1;331762;10/03/2026;URCA MOTORS VEICULOS LTDA;8,77E+12;ITUMBIARA;GO;10/03/2026;20/03/2026;18/03/2026;Entregue No Prazo;;Entrega realizada;Entrega Finalizada;20;3;10;3;RIO VERMELHO;9014;;;
MOBIS BRASIL FABRICACAO DE AUTO PECAS LT;RODOVIARIO;1475360;10/03/2026;20;331777;10/03/2026;FAZZA MOTORS COMERCIO DE VEICULOS LTDA;1,24E+13;SALVADOR;BA;10/03/2026;20/03/2026;18/03/2026;Entregue No Prazo;;Entrega realizada;Entrega Finalizada;20;3;10;3;TERMACO;5007;;;
MOBIS BRASIL FABRICACAO DE AUTO PECAS LT;RODOVIARIO;1475374;10/03/2026;8;331750;10/03/2026;SAGA KOREA COM. DE VEIC. E PC. LTDA;1,27E+13;ANAPOLIS;GO;10/03/2026;23/03/2026;18/03/2026;Entregue No Prazo;;Entrega realizada;Entrega Finalizada;23;3;10;3;RIO VERMELHO;9012;;;
MOBIS BRASIL FABRICACAO DE AUTO PECAS LT;RODOVIARIO;1475377;10/03/2026;1;331747;10/03/2026;NASA MOTORS LTDA.;2,65E+13;SAO LUIS DE MONTES BELOS;GO;10/03/2026;24/03/2026;18/03/2026;Entregue No Prazo;;Entrega realizada;Entrega Finalizada;24;3;10;3;RIO VERMELHO;9016;;;
MOBIS BRASIL FABRICACAO DE AUTO PECAS LT;RODOVIARIO;1475363;10/03/2026;3;331788;10/03/2026;ORVEL AUTOMOTOR HYD LTDA;2,52E+13;TEIXEIRA DE FREITAS;BA;10/03/2026;25/03/2026;18/03/2026;Entregue No Prazo;;Entrega realizada;Entrega Finalizada;25;3;10;3;TERMACO;5011;Abolição da Escravidão no Ceará;Estadual;CE
MOBIS BRASIL FABRICACAO DE AUTO PECAS LT;RODOVIARIO;1476493;11/03/2026;10;331949;11/03/2026;TAI MOTORS VEICULOS S/A;9,27E+12;BELO HORIZONTE;MG;11/03/2026;16/03/2026;18/03/2026;Entregue Fora do Prazo;;Entrega realizada;Entrega Finalizada;16;3;11;3;XD BETIM;8002;;;
MOBIS BRASIL FABRICACAO DE AUTO PECAS LT;RODOVIARIO;1475958;11/03/2026;2;331955;11/03/2026;VITAL COMERCIO DE VEICULOS LTDA;1,05E+13;GOVERNADOR VALADARES;MG;11/03/2026;18/03/2026;18/03/2026;Entregue No Prazo;;Entrega realizada;Entrega Finalizada;18;3;11;3;XD BETIM;11016;;;
MOBIS BRASIL FABRICACAO DE AUTO PECAS LT;RODOVIARIO;1475949;11/03/2026;7;331985;11/03/2026;TAI MOTORS VEICULOS S/A;9,27E+12;VITORIA;ES;11/03/2026;18/03/2026;18/03/2026;Entregue No Prazo;;Entrega realizada;Entrega Finalizada;18;3;11;3;CAMILO;8002;;;
MOBIS BRASIL FABRICACAO DE AUTO PECAS LT;RODOVIARIO;1475948;11/03/2026;10;331989;11/03/2026;VIA BRASIL AUTOMOVEIS LTDA.;4,72E+12;SERRA;ES;11/03/2026;18/03/2026;18/03/2026;Entregue No Prazo;;Entrega realizada;Entrega Finalizada;18;3;11;3;CAMILO;8001;;;
MOBIS BRASIL FABRICACAO DE AUTO PECAS LT;RODOVIARIO;1475947;11/03/2026;1;331944;11/03/2026;SAGA KOREA COM. DE VEIC. E PC. LTDA;1,27E+13;BRASILIA;DF;11/03/2026;19/03/2026;18/03/2026;Entregue No Prazo;;Entrega realizada;Entrega Finalizada;19;3;11;3;RIO VERMELHO;7005;;;
MOBIS BRASIL FABRICACAO DE AUTO PECAS LT;RODOVIARIO;1475952;11/03/2026;1;331946;11/03/2026;SAGA KOREA COM. DE VEIC. E PC. LTDA;1,27E+13;GOIANIA;GO;11/03/2026;19/03/2026;18/03/2026;Entregue No Prazo;;Entrega realizada;Entrega Finalizada;19;3;11;3;RIO VERMELHO;9011;;;
MOBIS BRASIL FABRICACAO DE AUTO PECAS LT;RODOVIARIO;1476492;11/03/2026;33;331947;11/03/2026;SMAFF IMPORT VEICULOS LTDA;8,18E+12;BRASILIA;DF;11/03/2026;19/03/2026;18/03/2026;Entregue No Prazo;;Entrega realizada;Entrega Finalizada;19;3;11;3;RIO VERMELHO;7002;;;
MOBIS BRASIL FABRICACAO DE AUTO PECAS LT;RODOVIARIO;1475946;11/03/2026;9;331948;11/03/2026;SMAFF IMPORT VEICULOS LTDA;8,18E+12;BRASILIA;DF;11/03/2026;19/03/2026;18/03/2026;Entregue No Prazo;;Entrega realizada;Entrega Finalizada;19;3;11;3;RIO VERMELHO;7002;;;
MOBIS BRASIL FABRICACAO DE AUTO PECAS LT;RODOVIARIO;1475951;11/03/2026;3;331978;11/03/2026;PRIME CACHOEIRO VEICULOS LTDA;9,34E+12;LINHARES;ES;11/03/2026;19/03/2026;18/03/2026;Entregue No Prazo;;Entrega realizada;Entrega Finalizada;19;3;11;3;CAMILO;8004;;;
MOBIS BRASIL FABRICACAO DE AUTO PECAS LT;RODOVIARIO;1475950;11/03/2026;2;331979;11/03/2026;PRIME CACHOEIRO VEICULOS LTDA EPP;9,34E+12;CACHOEIRO DE ITAPEMIRIM;ES;11/03/2026;19/03/2026;18/03/2026;Entregue No Prazo;;Entrega realizada;Entrega Finalizada;19;3;11;3;CAMILO;8003;;;
MOBIS BRASIL FABRICACAO DE AUTO PECAS LT;RODOVIARIO;1475998;11/03/2026;1;331983;11/03/2026;SAINT LAND COMERCIO DE VEICULOS LTDA;1,04E+13;ARACAJU;SE;11/03/2026;24/03/2026;18/03/2026;Entregue No Prazo;;Entrega realizada;Entrega Finalizada;24;3;11;3;TERMACO;6010;;;
MOBIS BRASIL FABRICACAO DE AUTO PECAS LT;RODOVIARIO;1475943;11/03/2026;2;331957;11/03/2026;AIKON VEICULOS LTDA;1,17E+13;ITABUNA;BA;11/03/2026;26/03/2026;18/03/2026;Entregue No Prazo;;Entrega realizada;Entrega Finalizada;26;3;11;3;TERMACO;5002;Aniversário do Município;Porto Alegre;RS
MOBIS BRASIL FABRICACAO DE AUTO PECAS LT;RODOVIARIO;1475971;11/03/2026;21;331974;11/03/2026;PATEO COMERCIO DE VEICULOS S A;7,78E+12;RECIFE;PE;11/03/2026;26/03/2026;18/03/2026;Entregue No Prazo;;Entrega realizada;Entrega Finalizada;26;3;11;3;TERMACO;16004;Aniversário do Município;Porto Alegre;RS
MOBIS BRASIL FABRICACAO DE AUTO PECAS LT;RODOVIARIO;1476876;12/03/2026;17;332161;12/03/2026;NOBRE DISTRIBUIDORA DE VEICULOS E PECAS;5,76E+12;MOGI DAS CRUZES;SP;12/03/2026;16/03/2026;18/03/2026;Entregue Fora do Prazo;;Entrega realizada;Entrega Finalizada;16;3;12;3;RISSO;26004;;;
MOBIS BRASIL FABRICACAO DE AUTO PECAS LT;RODOVIARIO;1476886;12/03/2026;6;332135;12/03/2026;ANDRETA II DISTRIBUIDORA DE VEIC. LTDA;9,10E+12;AMERICANA;SP;12/03/2026;17/03/2026;18/03/2026;Entregue Fora do Prazo;;Entrega realizada;Entrega Finalizada;17;3;12;3;RISSO;26011;;;
MOBIS BRASIL FABRICACAO DE AUTO PECAS LT;RODOVIARIO;1476879;12/03/2026;30;332138;12/03/2026;ANDRETA II DISTRIBUIDORA DE VEIC. LTDA;9,10E+12;CAMPINAS;SP;12/03/2026;17/03/2026;18/03/2026;Entregue Fora do Prazo;Conferencia no cliente;Entrega realizada;Entrega Finalizada;17;3;12;3;RISSO;26011;;;
MOBIS BRASIL FABRICACAO DE AUTO PECAS LT;RODOVIARIO;1477238;12/03/2026;8;332175;12/03/2026;TAI MOTORS VEICULOS S/A;9,27E+12;BELO HORIZONTE;MG;12/03/2026;17/03/2026;18/03/2026;Entregue Fora do Prazo;;Entrega realizada;Entrega Finalizada;17;3;12;3;XD BETIM;8002;;;
MOBIS BRASIL FABRICACAO DE AUTO PECAS LT;RODOVIARIO;1476841;12/03/2026;73;332200;12/03/2026;SEVEC VEICULOS LTDA;5,68E+11;CURITIBA;PR;12/03/2026;17/03/2026;18/03/2026;Entregue Fora do Prazo;;Entrega realizada;Entrega Finalizada;17;3;12;3;TRANSTRY;18012;;;
MOBIS BRASIL FABRICACAO DE AUTO PECAS LT;RODOVIARIO;1476900;12/03/2026;1;332136;12/03/2026;ANDRETA II DISTRIBUIDORA DE VEIC. LTDA;9,10E+12;RIO CLARO;SP;12/03/2026;18/03/2026;18/03/2026;Entregue No Prazo;;Entrega realizada;Entrega Finalizada;18;3;12;3;RISSO;26011;;;
MOBIS BRASIL FABRICACAO DE AUTO PECAS LT;RODOVIARIO;1476899;12/03/2026;1;332148;12/03/2026;DHC COMERCIO DE VEICULOS E PECAS LTDA;9,52E+12;OURINHOS;SP;12/03/2026;18/03/2026;18/03/2026;Entregue No Prazo;;Entrega realizada;Entrega Finalizada;18;3;12;3;RISSO;26010;;;
MOBIS BRASIL FABRICACAO DE AUTO PECAS LT;RODOVIARIO;1477274;12/03/2026;2;332156;12/03/2026;HYMAX DISTRIBUIDORA DE VEICULOS LTDA;1,73E+13;MOGI GUACU;SP;12/03/2026;18/03/2026;18/03/2026;Entregue No Prazo;;Entrega realizada;Entrega Finalizada;18;3;12;3;RISSO;26002;;;
MOBIS BRASIL FABRICACAO DE AUTO PECAS LT;RODOVIARIO;1477273;12/03/2026;9;332156;12/03/2026;HYMAX DISTRIBUIDORA DE VEICULOS LTDA;1,73E+13;MOGI GUACU;SP;12/03/2026;18/03/2026;18/03/2026;Entregue No Prazo;;Entrega realizada;Entrega Finalizada;18;3;12;3;RISSO;26002;;;
MOBIS BRASIL FABRICACAO DE AUTO PECAS LT;RODOVIARIO;1476901;12/03/2026;2;332160;12/03/2026;NEW VEICULOS E PECAS LTDA;1,59E+13;BARRETOS;SP;12/03/2026;18/03/2026;18/03/2026;Entregue No Prazo;;Entrega realizada;Entrega Finalizada;18;3;12;3;RISSO;26014;;;
MOBIS BRASIL FABRICACAO DE AUTO PECAS LT;RODOVIARIO;1476861;12/03/2026;1;332194;12/03/2026;HOUSE PARTS-COM. DE PCS. E VEICULOS LTDA;1,15E+13;PORTO ALEGRE;RS;12/03/2026;18/03/2026;18/03/2026;Entregue No Prazo;;Entrega realizada;Entrega Finalizada;18;3;12;3;TRANSTRY;23004;;;
MOBIS BRASIL FABRICACAO DE AUTO PECAS LT;RODOVIARIO;1476862;12/03/2026;6;332194;12/03/2026;HOUSE PARTS-COM. DE PCS. E VEICULOS LTDA;1,15E+13;PORTO ALEGRE;RS;12/03/2026;18/03/2026;18/03/2026;Entregue No Prazo;;Entrega realizada;Entrega Finalizada;18;3;12;3;TRANSTRY;23004;;;
MOBIS BRASIL FABRICACAO DE AUTO PECAS LT;RODOVIARIO;1476839;12/03/2026;1;332195;12/03/2026;LOVAT VEICULOS S/A;8,57E+12;MARINGA;PR;12/03/2026;18/03/2026;18/03/2026;Entregue No Prazo;;Entrega realizada;Entrega Finalizada;18;3;12;3;TRANSTRY;18008;;;
MOBIS BRASIL FABRICACAO DE AUTO PECAS LT;RODOVIARIO;1476865;12/03/2026;8;332182;12/03/2026;ATUAL VEICULOS LTDA;1,33E+13;ARARANGUA;SC;12/03/2026;19/03/2026;18/03/2026;Entregue No Prazo;;Entrega realizada;Entrega Finalizada;19;3;12;3;TRANSTRY;24001;;;
MOBIS BRASIL FABRICACAO DE AUTO PECAS LT;RODOVIARIO;1476864;12/03/2026;3;332191;12/03/2026;GALA COMERCIO DE VEICULOS LTDA.;1,77E+13;PELOTAS;RS;12/03/2026;19/03/2026;18/03/2026;Entregue No Prazo;;Entrega realizada;Entrega Finalizada;19;3;12;3;TRANSTRY;23009;;;
MOBIS BRASIL FABRICACAO DE AUTO PECAS LT;RODOVIARIO;1477270;12/03/2026;1;332192;12/03/2026;GAMBATTO H1 VEICULOS LTDA;1,94E+13;PASSO FUNDO;RS;12/03/2026;19/03/2026;18/03/2026;Entregue No Prazo;;Entrega realizada;Entrega Finalizada;19;3;12;3;TRANSTRY;23015;;;
MOBIS BRASIL FABRICACAO DE AUTO PECAS LT;RODOVIARIO;1476868;12/03/2026;2;332198;12/03/2026;LS COMERCIO DE AUTOMOVEIS LTDA.;1,03E+13;BRUSQUE;SC;12/03/2026;19/03/2026;18/03/2026;Entregue No Prazo;;Entrega realizada;Entrega Finalizada;19;3;12;3;TRANSTRY;24006;;;
MOBIS BRASIL FABRICACAO DE AUTO PECAS LT;RODOVIARIO;1476840;12/03/2026;4;332199;12/03/2026;SANTA FE VEICULOS LTDA.;1,16E+13;FRANCISCO BELTRAO;PR;12/03/2026;19/03/2026;18/03/2026;Entregue No Prazo;;Entrega realizada;Entrega Finalizada;19;3;12;3;TRANSTRY;18010;;;
MOBIS BRASIL FABRICACAO DE AUTO PECAS LT;RODOVIARIO;1476813;12/03/2026;2;332230;12/03/2026;PRIME VILA VELHA VEICULOS LTDA.;2,14E+13;VILA VELHA;ES;12/03/2026;19/03/2026;18/03/2026;Entregue No Prazo;;Entrega realizada;Entrega Finalizada;19;3;12;3;CAMILO;8005;;;
MOBIS BRASIL FABRICACAO DE AUTO PECAS LT;RODOVIARIO;1476809;12/03/2026;8;332236;12/03/2026;TAI MOTORS VEICULOS S/A;9,27E+12;VITORIA;ES;12/03/2026;19/03/2026;18/03/2026;Entregue No Prazo;;Entrega realizada;Entrega Finalizada;19;3;12;3;CAMILO;8002;;;
MOBIS BRASIL FABRICACAO DE AUTO PECAS LT;RODOVIARIO;1476808;12/03/2026;2;332239;12/03/2026;VIA BRASIL AUTOMOVEIS LTDA.;4,72E+12;SERRA;ES;12/03/2026;19/03/2026;18/03/2026;Entregue No Prazo;;Entrega realizada;Entrega Finalizada;19;3;12;3;CAMILO;8001;;;
MOBIS BRASIL FABRICACAO DE AUTO PECAS LT;RODOVIARIO;1476849;12/03/2026;3;332241;12/03/2026;VIA VR VEICULOS LTDA;1,73E+13;VOLTA REDONDA;RJ;12/03/2026;19/03/2026;18/03/2026;Entregue No Prazo;;Entrega realizada;Entrega Finalizada;19;3;12;3;CAMILO;19016;;;
MOBIS BRASIL FABRICACAO DE AUTO PECAS LT;RODOVIARIO;1476807;12/03/2026;1;332163;12/03/2026;CAOA MOTOR DO BRASIL LTDA;1,68E+13;BRASILIA;DF;12/03/2026;20/03/2026;18/03/2026;Entregue No Prazo;;Entrega realizada;Entrega Finalizada;20;3;12;3;RIO VERMELHO;5008;;;
MOBIS BRASIL FABRICACAO DE AUTO PECAS LT;RODOVIARIO;1476816;12/03/2026;2;332167;12/03/2026;NISA COMERCIAL DE VEIC. AUTOMOTORES LTDA;1,03E+13;GOIANIA;GO;12/03/2026;20/03/2026;18/03/2026;Entregue No Prazo;;Entrega realizada;Entrega Finalizada;20;3;12;3;RIO VERMELHO;9013;;;
MOBIS BRASIL FABRICACAO DE AUTO PECAS LT;RODOVIARIO;1476806;12/03/2026;9;332170;12/03/2026;SAGA KOREA COM. DE VEIC. E PC. LTDA;1,27E+13;BRASILIA;DF;12/03/2026;20/03/2026;18/03/2026;Entregue No Prazo;;Entrega realizada;Entrega Finalizada;20;3;12;3;RIO VERMELHO;7005;;;
MOBIS BRASIL FABRICACAO DE AUTO PECAS LT;RODOVIARIO;1476814;12/03/2026;2;332171;12/03/2026;SAGA KOREA COM. DE VEIC. E PC. LTDA;1,27E+13;GOIANIA;GO;12/03/2026;20/03/2026;18/03/2026;Entregue No Prazo;;Entrega realizada;Entrega Finalizada;20;3;12;3;RIO VERMELHO;9011;;;
MOBIS BRASIL FABRICACAO DE AUTO PECAS LT;RODOVIARIO;1476815;12/03/2026;3;332171;12/03/2026;SAGA KOREA COM. DE VEIC. E PC. LTDA;1,27E+13;GOIANIA;GO;12/03/2026;20/03/2026;18/03/2026;Entregue No Prazo;;Entrega realizada;Entrega Finalizada;20;3;12;3;RIO VERMELHO;9011;;;
MOBIS BRASIL FABRICACAO DE AUTO PECAS LT;RODOVIARIO;1476805;12/03/2026;1;332172;12/03/2026;SAGA KOREA COM. DE VEIC. E PC. LTDA;1,27E+13;BRASILIA;DF;12/03/2026;20/03/2026;18/03/2026;Entregue No Prazo;;Entrega realizada;Entrega Finalizada;20;3;12;3;RIO VERMELHO;7004;;;
MOBIS BRASIL FABRICACAO DE AUTO PECAS LT;RODOVIARIO;1476804;12/03/2026;5;332173;12/03/2026;SMAFF IMPORT VEICULOS LTDA;8,18E+12;BRASILIA;DF;12/03/2026;20/03/2026;18/03/2026;Entregue No Prazo;;Entrega realizada;Entrega Finalizada;20;3;12;3;RIO VERMELHO;7002;;;
MOBIS BRASIL FABRICACAO DE AUTO PECAS LT;RODOVIARIO;1477229;12/03/2026;25;332174;12/03/2026;SMAFF IMPORT VEICULOS LTDA;8,18E+12;BRASILIA;DF;12/03/2026;20/03/2026;18/03/2026;Entregue No Prazo;;Entrega realizada;Entrega Finalizada;20;3;12;3;RIO VERMELHO;7002;;;
MOBIS BRASIL FABRICACAO DE AUTO PECAS LT;RODOVIARIO;1476810;12/03/2026;1;332229;12/03/2026;PRIME CACHOEIRO VEICULOS LTDA EPP;9,34E+12;CACHOEIRO DE ITAPEMIRIM;ES;12/03/2026;20/03/2026;18/03/2026;Entregue No Prazo;;Entrega realizada;Entrega Finalizada;20;3;12;3;CAMILO;8003;;;
MOBIS BRASIL FABRICACAO DE AUTO PECAS LT;RODOVIARIO;1476811;12/03/2026;1;332229;12/03/2026;PRIME CACHOEIRO VEICULOS LTDA EPP;9,34E+12;CACHOEIRO DE ITAPEMIRIM;ES;12/03/2026;20/03/2026;18/03/2026;Entregue No Prazo;;Entrega realizada;Entrega Finalizada;20;3;12;3;CAMILO;8003;;;
MOBIS BRASIL FABRICACAO DE AUTO PECAS LT;RODOVIARIO;1477264;12/03/2026;1;332232;12/03/2026;SAGA ASIA COM. DE VEIC.PC.E SERV. LTDA;2,23E+13;VARZEA GRANDE;MT;12/03/2026;23/03/2026;18/03/2026;Entregue No Prazo;;Entrega realizada;Entrega Finalizada;23;3;12;3;CARVALIMA;13004;;;
MOBIS BRASIL FABRICACAO DE AUTO PECAS LT;RODOVIARIO;1476831;12/03/2026;1;332212;12/03/2026;COMETA MATO GROSSO COM. DE VEICULOS LTDA;1,54E+13;RONDONOPOLIS;MT;12/03/2026;24/03/2026;18/03/2026;Entregue No Prazo;;Entrega realizada;Entrega Finalizada;24;3;12;3;CARVALIMA;13006;;;
MOBIS BRASIL FABRICACAO DE AUTO PECAS LT;RODOVIARIO;1476820;12/03/2026;3;332178;12/03/2026;TRIAUTO KOREA AUTOMOVEIS LTDA;4,99E+13;CATALAO;GO;12/03/2026;26/03/2026;18/03/2026;Entregue No Prazo;;Entrega realizada;Entrega Finalizada;26;3;12;3;RIO VERMELHO;9018;Aniversário do Município;Porto Alegre;RS
MOBIS BRASIL FABRICACAO DE AUTO PECAS LT;RODOVIARIO;1477838;13/03/2026;3;332432;13/03/2026;ANDRETA II DISTRIBUIDORA DE VEIC. LTDA;9,10E+12;AMERICANA;SP;13/03/2026;18/03/2026;18/03/2026;Entregue No Prazo;;Entrega realizada;Entrega Finalizada;18;3;13;3;RISSO;26011;;;
MOBIS BRASIL FABRICACAO DE AUTO PECAS LT;RODOVIARIO;1477856;13/03/2026;2;332443;13/03/2026;DHC COMERCIO DE VEICULOS E PECAS LTDA;9,52E+12;OURINHOS;SP;13/03/2026;19/03/2026;18/03/2026;Entregue No Prazo;;Entrega realizada;Entrega Finalizada;19;3;13;3;RISSO;26010;;;
MOBIS BRASIL FABRICACAO DE AUTO PECAS LT;RODOVIARIO;1477823;13/03/2026;4;332485;13/03/2026;BARI VEICULOS LTDA.;7,46E+12;JOINVILLE;SC;13/03/2026;19/03/2026;18/03/2026;Entregue No Prazo;;Entrega realizada;Entrega Finalizada;19;3;13;3;TRANSTRY;24013;;;
MOBIS BRASIL FABRICACAO DE AUTO PECAS LT;RODOVIARIO;1477813;13/03/2026;5;332491;13/03/2026;HOUSE PARTS-COM. DE PCS. E VEICULOS LTDA;1,15E+13;PORTO ALEGRE;RS;13/03/2026;19/03/2026;18/03/2026;Entregue No Prazo;;Entrega realizada;Entrega Finalizada;19;3;13;3;TRANSTRY;23004;;;
MOBIS BRASIL FABRICACAO DE AUTO PECAS LT;RODOVIARIO;1477812;13/03/2026;6;332491;13/03/2026;HOUSE PARTS-COM. DE PCS. E VEICULOS LTDA;1,15E+13;PORTO ALEGRE;RS;13/03/2026;19/03/2026;18/03/2026;Entregue No Prazo;;Entrega realizada;Entrega Finalizada;19;3;13;3;TRANSTRY;23004;;;
MOBIS BRASIL FABRICACAO DE AUTO PECAS LT;RODOVIARIO;1477817;13/03/2026;1;332479;13/03/2026;ATUAL VEICULOS LTDA;1,33E+13;ARARANGUA;SC;13/03/2026;20/03/2026;18/03/2026;Entregue No Prazo;;Entrega realizada;Entrega Finalizada;20;3;13;3;TRANSTRY;24001;;;
MOBIS BRASIL FABRICACAO DE AUTO PECAS LT;RODOVIARIO;1477821;13/03/2026;1;332483;13/03/2026;BARI VEICULOS LTDA;7,46E+12;BLUMENAU;SC;13/03/2026;20/03/2026;18/03/2026;Entregue No Prazo;;Entrega realizada;Entrega Finalizada;20;3;13;3;TRANSTRY;18024;;;
MOBIS BRASIL FABRICACAO DE AUTO PECAS LT;RODOVIARIO;1477822;13/03/2026;19;332483;13/03/2026;BARI VEICULOS LTDA;7,46E+12;BLUMENAU;SC;13/03/2026;20/03/2026;18/03/2026;Entregue No Prazo;;Entrega realizada;Entrega Finalizada;20;3;13;3;TRANSTRY;18024;;;
MOBIS BRASIL FABRICACAO DE AUTO PECAS LT;RODOVIARIO;1477814;13/03/2026;4;332489;13/03/2026;GALA COMERCIO DE VEICULOS LTDA.;1,77E+13;PELOTAS;RS;13/03/2026;20/03/2026;18/03/2026;Entregue No Prazo;;Entrega realizada;Entrega Finalizada;20;3;13;3;TRANSTRY;23009;;;
MOBIS BRASIL FABRICACAO DE AUTO PECAS LT;RODOVIARIO;1477815;13/03/2026;1;332490;13/03/2026;HOUSE PARTS COMERCIO DE PECAS E VEI;1,15E+13;CAXIAS DO SUL;RS;13/03/2026;20/03/2026;18/03/2026;Entregue No Prazo;;Entrega realizada;Entrega Finalizada;20;3;13;3;TRANSTRY;23023;;;
MOBIS BRASIL FABRICACAO DE AUTO PECAS LT;RODOVIARIO;1477816;13/03/2026;1;332490;13/03/2026;HOUSE PARTS COMERCIO DE PECAS E VEI;1,15E+13;CAXIAS DO SUL;RS;13/03/2026;20/03/2026;18/03/2026;Entregue No Prazo;;Entrega realizada;Entrega Finalizada;20;3;13;3;TRANSTRY;23023;;;
MOBIS BRASIL FABRICACAO DE AUTO PECAS LT;RODOVIARIO;1477820;13/03/2026;11;332493;13/03/2026;LR COMERCIO DE VEICULOS LTDA;1,05E+13;SAO JOSE;SC;13/03/2026;20/03/2026;18/03/2026;Entregue No Prazo;;Entrega realizada;Entrega Finalizada;20;3;13;3;TRANSTRY;24007;;;
MOBIS BRASIL FABRICACAO DE AUTO PECAS LT;RODOVIARIO;1477824;13/03/2026;1;332495;13/03/2026;PONTO CERTO COMERCIO DE VEICULOS LTDA;1,50E+13;LAGES;SC;13/03/2026;20/03/2026;18/03/2026;Entregue No Prazo;;Entrega realizada;Entrega Finalizada;20;3;13;3;TRANSTRY;24017;;;
MOBIS BRASIL FABRICACAO DE AUTO PECAS LT;RODOVIARIO;1477797;13/03/2026;1;332496;13/03/2026;SANTA FE VEICULOS LTDA.;1,16E+13;FRANCISCO BELTRAO;PR;13/03/2026;20/03/2026;18/03/2026;Entregue No Prazo;;Entrega realizada;Entrega Finalizada;20;3;13;3;TRANSTRY;18010;;;
MOBIS BRASIL FABRICACAO DE AUTO PECAS LT;RODOVIARIO;1477800;13/03/2026;1;332498;13/03/2026;VETOR AUTOMOVEIS LTDA;2,12E+13;FOZ DO IGUACU;PR;13/03/2026;20/03/2026;18/03/2026;Entregue No Prazo;;Entrega realizada;Entrega Finalizada;20;3;13;3;TRANSTRY;18019;;;
MOBIS BRASIL FABRICACAO DE AUTO PECAS LT;RODOVIARIO;1477764;13/03/2026;1;332527;13/03/2026;PRIME VILA VELHA VEICULOS LTDA.;2,14E+13;VILA VELHA;ES;13/03/2026;20/03/2026;18/03/2026;Entregue No Prazo;;Entrega realizada;Entrega Finalizada;20;3;13;3;CAMILO;8005;;;
MOBIS BRASIL FABRICACAO DE AUTO PECAS LT;RODOVIARIO;1477761;13/03/2026;10;332531;13/03/2026;TAI MOTORS VEICULOS S/A;9,27E+12;VITORIA;ES;13/03/2026;20/03/2026;18/03/2026;Entregue No Prazo;;Entrega realizada;Entrega Finalizada;20;3;13;3;CAMILO;8002;;;
MOBIS BRASIL FABRICACAO DE AUTO PECAS LT;RODOVIARIO;1477825;13/03/2026;1;332487;13/03/2026;CHINHAN AUTOMOVEIS LTDA;2,41E+13;CONCORDIA;SC;13/03/2026;23/03/2026;18/03/2026;Entregue No Prazo;;Entrega realizada;Entrega Finalizada;23;3;13;3;TRANSTRY;23019;;;
MOBIS BRASIL FABRICACAO DE AUTO PECAS LT;RODOVIARIO;1477763;13/03/2026;1;332526;13/03/2026;PRIME CACHOEIRO VEICULOS LTDA EPP;9,34E+12;CACHOEIRO DE ITAPEMIRIM;ES;13/03/2026;23/03/2026;18/03/2026;Entregue No Prazo;;Entrega realizada;Entrega Finalizada;23;3;13;3;CAMILO;8003;;;
MOBIS BRASIL FABRICACAO DE AUTO PECAS LT;RODOVIARIO;1477762;13/03/2026;1;332526;13/03/2026;PRIME CACHOEIRO VEICULOS LTDA EPP;9,34E+12;CACHOEIRO DE ITAPEMIRIM;ES;13/03/2026;23/03/2026;18/03/2026;Entregue No Prazo;;Entrega realizada;Entrega Finalizada;23;3;13;3;CAMILO;8003;;;
MOBIS BRASIL FABRICACAO DE AUTO PECAS LT;RODOVIARIO;1477765;13/03/2026;3;332532;13/03/2026;TAI MOTORS VEICULOS S/A;9,27E+12;COLATINA;ES;13/03/2026;23/03/2026;18/03/2026;Entregue No Prazo;;Entrega realizada;Entrega Finalizada;23;3;13;3;CAMILO;8002;;;
MOBIS BRASIL FABRICACAO DE AUTO PECAS LT;RODOVIARIO;1477781;13/03/2026;4;332528;13/03/2026;SAGA ASIA COM. DE VEIC.PC.E SERV. LTDA;2,23E+13;VARZEA GRANDE;MT;13/03/2026;24/03/2026;18/03/2026;Entregue No Prazo;;Entrega realizada;Entrega Finalizada;24;3;13;3;CARVALIMA;13004;;;
MOBIS BRASIL FABRICACAO DE AUTO PECAS LT;RODOVIARIO;1477782;13/03/2026;1;332505;13/03/2026;COMETA MATO GROSSO COM. DE VEICULOS LTDA;1,54E+13;RONDONOPOLIS;MT;13/03/2026;25/03/2026;18/03/2026;Entregue No Prazo;;Entrega realizada;Entrega Finalizada;25;3;13;3;CARVALIMA;13006;Abolição da Escravidão no Ceará;Estadual;CE
MOBIS BRASIL FABRICACAO DE AUTO PECAS LT;RODOVIARIO;1478141;16/03/2026;3;332676;16/03/2026;BILLY DISTRIBUIDORA DE VEICULOS LTDA;1,34E+13;SAO CAETANO DO SUL;SP;16/03/2026;18/03/2026;18/03/2026;Entregue No Prazo;;Entrega realizada;Entrega Finalizada;18;3;16;3;RISSO;26003;;;
MOBIS BRASIL FABRICACAO DE AUTO PECAS LT;RODOVIARIO;1478142;16/03/2026;111;332676;16/03/2026;BILLY DISTRIBUIDORA DE VEICULOS LTDA;1,34E+13;SAO CAETANO DO SUL;SP;16/03/2026;18/03/2026;18/03/2026;Entregue No Prazo;;Entrega realizada;Entrega Finalizada;18;3;16;3;RISSO;26003;;;
MOBIS BRASIL FABRICACAO DE AUTO PECAS LT;RODOVIARIO;1478161;16/03/2026;1;332681;16/03/2026;CAOA MOTOR DO BRASIL LTDA(RAP. TAVARES);1,68E+13;SAO PAULO;SP;16/03/2026;18/03/2026;18/03/2026;Entregue No Prazo;;Entrega realizada;Entrega Finalizada;18;3;16;3;RISSO;26109;;;
MOBIS BRASIL FABRICACAO DE AUTO PECAS LT;RODOVIARIO;1478160;16/03/2026;1;332682;16/03/2026;CHS MOTORS VEICULOS PECAS E SERV.  LTDA;1,69E+13;SAO PAULO;SP;16/03/2026;18/03/2026;18/03/2026;Entregue No Prazo;;Entrega realizada;Entrega Finalizada;18;3;16;3;RISSO;26108;;;
MOBIS BRASIL FABRICACAO DE AUTO PECAS LT;RODOVIARIO;1478148;16/03/2026;60;332683;16/03/2026;CHS MOTORS VEICULOS PECAS(VL. GUILHERME);1,69E+13;SAO PAULO;SP;16/03/2026;18/03/2026;18/03/2026;Entregue No Prazo;;Entrega realizada;Entrega Finalizada;18;3;16;3;RISSO;26052;;;
MOBIS BRASIL FABRICACAO DE AUTO PECAS LT;RODOVIARIO;1478154;16/03/2026;26;332690;16/03/2026;GRANDAY AUTOMOTORES LTDA (CHAC. CALIFOR);1,57E+13;SAO PAULO;SP;16/03/2026;18/03/2026;18/03/2026;Entregue No Prazo;;Entrega realizada;Entrega Finalizada;18;3;16;3;RISSO;26090;;;
MOBIS BRASIL FABRICACAO DE AUTO PECAS LT;RODOVIARIO;1478144;16/03/2026;3;332672;16/03/2026;ANDRETA II DISTRIBUIDORA DE VEIC. LTDA;9,10E+12;AMERICANA;SP;16/03/2026;19/03/2026;18/03/2026;Entregue No Prazo;;Entrega realizada;Entrega Finalizada;19;3;16;3;RISSO;26011;;;
MOBIS BRASIL FABRICACAO DE AUTO PECAS LT;RODOVIARIO;1478143;16/03/2026;2;332674;16/03/2026;ANDRETA II DISTRIBUIDORA DE VEIC. LTDA;9,10E+12;INDAIATUBA;SP;16/03/2026;19/03/2026;18/03/2026;Entregue No Prazo;;Entrega realizada;Entrega Finalizada;19;3;16;3;RISSO;26011;;;
MOBIS BRASIL FABRICACAO DE AUTO PECAS LT;RODOVIARIO;1478150;16/03/2026;6;332684;16/03/2026;DESTAQUE SEUL DISTR. DE VEIC. E PC. LTDA;2,12E+13;ATIBAIA;SP;16/03/2026;19/03/2026;18/03/2026;Entregue No Prazo;;Entrega realizada;Entrega Finalizada;19;3;16;3;RISSO;26075;;;
MOBIS BRASIL FABRICACAO DE AUTO PECAS LT;RODOVIARIO;1478138;16/03/2026;44;332695;16/03/2026;MOTONET COMERCIO DE VEICULOS LTDA;9,28E+12;SOROCABA;SP;16/03/2026;19/03/2026;18/03/2026;Entregue No Prazo;Avaria;Entrega realizada;Entrega Finalizada;19;3;16;3;RISSO;26113;;;
MOBIS BRASIL FABRICACAO DE AUTO PECAS LT;RODOVIARIO;1478106;16/03/2026;5;332720;16/03/2026;BARI VEICULOS LTDA;7,46E+12;CURITIBA;PR;16/03/2026;19/03/2026;18/03/2026;Entregue No Prazo;;Entrega realizada;Entrega Finalizada;19;3;16;3;TRANSTRY;18024;;;
MOBIS BRASIL FABRICACAO DE AUTO PECAS LT;RODOVIARIO;1478107;16/03/2026;3;332720;16/03/2026;BARI VEICULOS LTDA;7,46E+12;CURITIBA;PR;16/03/2026;19/03/2026;18/03/2026;Entregue No Prazo;;Entrega realizada;Entrega Finalizada;19;3;16;3;TRANSTRY;18024;;;
MOBIS BRASIL FABRICACAO DE AUTO PECAS LT;RODOVIARIO;1478145;16/03/2026;2;332693;16/03/2026;H R B COMERCIO DE VEICULOS LTDA;1,82E+13;SAO JOSE DO RIO PRETO;SP;16/03/2026;20/03/2026;18/03/2026;Entregue No Prazo;;Entrega realizada;Entrega Finalizada;20;3;16;3;RISSO;26050;;;
MOBIS BRASIL FABRICACAO DE AUTO PECAS LT;RODOVIARIO;1478146;16/03/2026;7;332693;16/03/2026;H R B COMERCIO DE VEICULOS LTDA;1,82E+13;SAO JOSE DO RIO PRETO;SP;16/03/2026;20/03/2026;18/03/2026;Entregue No Prazo;;Entrega realizada;Entrega Finalizada;20;3;16;3;RISSO;26050;;;
MOBIS BRASIL FABRICACAO DE AUTO PECAS LT;RODOVIARIO;1478460;16/03/2026;2;332697;16/03/2026;NEW VEICULOS E PECAS LTDA;1,59E+13;FRANCA;SP;16/03/2026;20/03/2026;18/03/2026;Entregue No Prazo;;Entrega realizada;Entrega Finalizada;20;3;16;3;RISSO;26014;;;
MOBIS BRASIL FABRICACAO DE AUTO PECAS LT;RODOVIARIO;1478100;16/03/2026;1;332733;16/03/2026;SANTA FE COMERCIO DE VEICULOS S A.;1,16E+13;PATO BRANCO;PR;16/03/2026;23/03/2026;18/03/2026;Entregue No Prazo;;Entrega realizada;Entrega Finalizada;23;3;16;3;TRANSTRY;18014;;;
MOBIS BRASIL FABRICACAO DE AUTO PECAS LT;RODOVIARIO;1478098;16/03/2026;5;332734;16/03/2026;SANTA FE VEICULOS LTDA.;1,16E+13;FRANCISCO BELTRAO;PR;16/03/2026;23/03/2026;18/03/2026;Entregue No Prazo;;Entrega realizada;Entrega Finalizada;23;3;16;3;TRANSTRY;18010;;;
MOBIS BRASIL FABRICACAO DE AUTO PECAS LT;RODOVIARIO;1478105;16/03/2026;1;332737;16/03/2026;VETOR AUTOMOVEIS LTDA;2,12E+13;FOZ DO IGUACU;PR;16/03/2026;23/03/2026;18/03/2026;Entregue No Prazo;;Entrega realizada;Entrega Finalizada;23;3;16;3;TRANSTRY;18019;;;
MOBIS BRASIL FABRICACAO DE AUTO PECAS LT;RODOVIARIO;1478874;17/03/2026;3;332886;17/03/2026;BILLY DISTRIBUIDORA DE VEICULOS LTDA;1,34E+13;SAO CAETANO DO SUL;SP;17/03/2026;19/03/2026;18/03/2026;Entregue No Prazo;;Entrega realizada;Entrega Finalizada;19;3;17;3;RISSO;26003;;;
MOBIS BRASIL FABRICACAO DE AUTO PECAS LT;RODOVIARIO;1478875;17/03/2026;53;332886;17/03/2026;BILLY DISTRIBUIDORA DE VEICULOS LTDA;1,34E+13;SAO CAETANO DO SUL;SP;17/03/2026;19/03/2026;18/03/2026;Entregue No Prazo;;Entrega realizada;Entrega Finalizada;19;3;17;3;RISSO;26003;;;
MOBIS BRASIL FABRICACAO DE AUTO PECAS LT;RODOVIARIO;1478879;17/03/2026;2;332894;17/03/2026;CAOA MOTOR DO BRASIL LTDA (VL PRUDENTE);1,68E+13;SAO PAULO;SP;17/03/2026;19/03/2026;18/03/2026;Entregue No Prazo;;Entrega realizada;Entrega Finalizada;19;3;17;3;RISSO;26051;;;
MOBIS BRASIL FABRICACAO DE AUTO PECAS LT;RODOVIARIO;1478878;17/03/2026;3;332894;17/03/2026;CAOA MOTOR DO BRASIL LTDA (VL PRUDENTE);1,68E+13;SAO PAULO;SP;17/03/2026;19/03/2026;18/03/2026;Entregue No Prazo;;Entrega realizada;Entrega Finalizada;19;3;17;3;RISSO;26051;;;
MOBIS BRASIL FABRICACAO DE AUTO PECAS LT;RODOVIARIO;1478890;17/03/2026;2;332895;17/03/2026;CAOA MOTOR DO BRASIL LTDA(RAP. TAVARES);1,68E+13;SAO PAULO;SP;17/03/2026;19/03/2026;18/03/2026;Entregue No Prazo;;Entrega realizada;Entrega Finalizada;19;3;17;3;RISSO;26109;;;
MOBIS BRASIL FABRICACAO DE AUTO PECAS LT;RODOVIARIO;1478974;17/03/2026;64;332896;17/03/2026;CHS MOTORS VEICULOS PECAS(VL. GUILHERME);1,69E+13;SAO PAULO;SP;17/03/2026;19/03/2026;18/03/2026;Entregue No Prazo;;Entrega realizada;Entrega Finalizada;19;3;17;3;RISSO;26052;;;
MOBIS BRASIL FABRICACAO DE AUTO PECAS LT;RODOVIARIO;1478869;17/03/2026;11;332900;17/03/2026;GRAND SPORT COM. DE VEIC. E PECAS LTDA;8,58E+12;SAO PAULO;SP;17/03/2026;19/03/2026;18/03/2026;Entregue No Prazo;;Entrega realizada;Entrega Finalizada;19;3;17;3;RISSO;26034;;;
MOBIS BRASIL FABRICACAO DE AUTO PECAS LT;RODOVIARIO;1478886;17/03/2026;17;332902;17/03/2026;GRANDAY AUTOMOTORES LTDA (CHAC. CALIFOR);1,57E+13;SAO PAULO;SP;17/03/2026;19/03/2026;18/03/2026;Entregue No Prazo;;Entrega realizada;Entrega Finalizada;19;3;17;3;RISSO;26090;;;
MOBIS BRASIL FABRICACAO DE AUTO PECAS LT;RODOVIARIO;1478884;17/03/2026;3;332910;17/03/2026;NOBRE SP DISTRIB. DE VEIC. E PEC. LTDA;1,70E+13;SAO PAULO;SP;17/03/2026;19/03/2026;18/03/2026;Entregue No Prazo;;Entrega realizada;Entrega Finalizada;19;3;17;3;RISSO;26081;;;
MOBIS BRASIL FABRICACAO DE AUTO PECAS LT;RODOVIARIO;1478885;17/03/2026;4;332889;17/03/2026;CAOA MOTOR DO BRASIL LTDA;1,68E+13;SANTOS;SP;17/03/2026;20/03/2026;18/03/2026;Entregue No Prazo;;Entrega realizada;Entrega Finalizada;20;3;17;3;RISSO;5008;;;
MOBIS BRASIL FABRICACAO DE AUTO PECAS LT;RODOVIARIO;1478864;17/03/2026;2;332898;17/03/2026;DHC COMERCIO DE VEICULOS E PECAS LTDA;9,52E+12;BAURU;SP;17/03/2026;20/03/2026;18/03/2026;Entregue No Prazo;;Entrega realizada;Entrega Finalizada;20;3;17;3;RISSO;26010;;;
MOBIS BRASIL FABRICACAO DE AUTO PECAS LT;RODOVIARIO;1478881;17/03/2026;1;332899;17/03/2026;DHC COMERCIO DE VEICULOS E PECAS LTDA;9,52E+12;MARILIA;SP;17/03/2026;23/03/2026;18/03/2026;Entregue No Prazo;;Entrega realizada;Entrega Finalizada;23;3;17;3;RISSO;26010;;;
MOBIS BRASIL FABRICACAO DE AUTO PECAS LT;RODOVIARIO;1464529;13/02/2026;4;328235;13/02/2026;CHINHAN AUTOMOVEIS LTDA;2,41E+13;ERECHIM;RS;13/02/2026;23/02/2026;19/03/2026;Entregue Fora do Prazo;EXTRAVIO;"Solicitado um novo pedido; Transf. B / T";Entrega Finalizada;23;2;13;2;BAUER;23019;;;
MOBIS BRASIL FABRICACAO DE AUTO PECAS LT;RODOVIARIO;1465907;19/02/2026;3;328791;19/02/2026;HOUSE PARTS - COM. DE PECAS E VEIC. LTDA;1,15E+13;SANTA MARIA;RS;19/02/2026;27/02/2026;19/03/2026;Entregue Fora do Prazo;EXTRAVIO;"Solicitado um novo pedido; Transf. B / T";Entrega Finalizada;27;2;19;2;BAUER;23008;;;
MOBIS BRASIL FABRICACAO DE AUTO PECAS LT;RODOVIARIO;1465908;19/02/2026;1;328791;19/02/2026;HOUSE PARTS - COM. DE PECAS E VEIC. LTDA;1,15E+13;SANTA MARIA;RS;19/02/2026;27/02/2026;19/03/2026;Entregue Fora do Prazo;EXTRAVIO;"Solicitado um novo pedido; Transf. B / T";Entrega Finalizada;27;2;19;2;BAUER;23008;;;
MOBIS BRASIL FABRICACAO DE AUTO PECAS LT;RODOVIARIO;1466279;20/02/2026;1;329016;20/02/2026;HOUSE PARTS - COM. DE PECAS E VEIC. LTDA;1,15E+13;SANTA MARIA;RS;20/02/2026;02/03/2026;19/03/2026;Entregue Fora do Prazo;EXTRAVIO;"Solicitado um novo pedido; Transf. B / T";Entrega Finalizada;2;3;20;2;BAUER;23008;;;
MOBIS BRASIL FABRICACAO DE AUTO PECAS LT;RODOVIARIO;1467949;24/02/2026;4;329440;24/02/2026;LOVAT VEICULOS S/A;8,57E+12;LONDRINA;PR;24/02/2026;02/03/2026;19/03/2026;Entregue Fora do Prazo;EXTRAVIO;"Solicitado um novo pedido; Transf. B / T";Entrega Finalizada;2;3;24;2;BAUER;18008;;;
MOBIS BRASIL FABRICACAO DE AUTO PECAS LT;RODOVIARIO;1467657;24/02/2026;1;329436;24/02/2026;HOUSE PARTS - COM. DE PECAS E VEIC. LTDA;1,15E+13;SANTA MARIA;RS;24/02/2026;04/03/2026;19/03/2026;Entregue Fora do Prazo;EXTRAVIO;"Solicitado um novo pedido; Transf. B / T";Entrega Finalizada;4;3;24;2;BAUER;23008;;;
MOBIS BRASIL FABRICACAO DE AUTO PECAS LT;RODOVIARIO;1470897;28/02/2026;1;330424;02/03/2026;JPN PATOS COMERCIO DE VEICULOS LTDA;4,20E+13;PATOS;PB;02/03/2026;18/03/2026;19/03/2026;Entregue Fora do Prazo;;Entrega realizada;Entrega Finalizada;18;3;2;3;TERMACO;15004;;;
MOBIS BRASIL FABRICACAO DE AUTO PECAS LT;RODOVIARIO;1472564;04/03/2026;2;330797;04/03/2026;PRIVILLEGE DISTRIBUIDORA DE VEICULOS LTD;1,72E+13;ARAGUAINA;TO;04/03/2026;18/03/2026;19/03/2026;Entregue Fora do Prazo;;Entrega realizada;Entrega Finalizada;18;3;4;3;RIO VERMELHO;27002;;;
MOBIS BRASIL FABRICACAO DE AUTO PECAS LT;RODOVIARIO;1473845;06/03/2026;3;331173;06/03/2026;SAINT LAND COMERCIO DE VEICULOS LTDA;1,04E+13;JUAZEIRO DO NORTE;CE;06/03/2026;26/03/2026;19/03/2026;Entregue No Prazo;;Entrega realizada;Entrega Finalizada;26;3;6;3;TERMACO;6010;Aniversário do Município;Porto Alegre;RS
MOBIS BRASIL FABRICACAO DE AUTO PECAS LT;RODOVIARIO;1474268;06/03/2026;1;331168;06/03/2026;PATEO COMERCIO DE VEICULOS S A;7,78E+12;SAO LUIS;MA;06/03/2026;25/03/2026;19/03/2026;Entregue No Prazo;;Entrega realizada;Entrega Finalizada;25;3;6;3;TERMACO;10002;Abolição da Escravidão no Ceará;Estadual;CE
MOBIS BRASIL FABRICACAO DE AUTO PECAS LT;RODOVIARIO;1474278;06/03/2026;6;331153;06/03/2026;GREEN CITY VEICULOS LTDA;2,10E+13;TERESINA;PI;06/03/2026;26/03/2026;19/03/2026;Entregue No Prazo;;Entrega realizada;Entrega Finalizada;26;3;6;3;TERMACO;17002;Aniversário do Município;Porto Alegre;RS
MOBIS BRASIL FABRICACAO DE AUTO PECAS LT;RODOVIARIO;1474594;09/03/2026;8;331475;09/03/2026;NISA COMERCIAL DE VEIC. AUTOMOTORES LTDA;1,03E+13;APARECIDA DE GOIANIA;GO;09/03/2026;17/03/2026;19/03/2026;Entregue Fora do Prazo;;Entrega realizada;Entrega Finalizada;17;3;9;3;RIO VERMELHO;9002;;;
MOBIS BRASIL FABRICACAO DE AUTO PECAS LT;RODOVIARIO;1475014;09/03/2026;2;331500;09/03/2026;GREEN CITY VEICULOS LTDA;2,10E+13;TERESINA;PI;09/03/2026;25/03/2026;19/03/2026;Entregue No Prazo;;Entrega realizada;Entrega Finalizada;25;3;9;3;TERMACO;17002;Abolição da Escravidão no Ceará;Estadual;CE
MOBIS BRASIL FABRICACAO DE AUTO PECAS LT;RODOVIARIO;1474622;09/03/2026;2;331502;09/03/2026;GREEN CITY VEICULOS LTDA;2,10E+13;TERESINA;PI;09/03/2026;25/03/2026;19/03/2026;Entregue No Prazo;;Entrega realizada;Entrega Finalizada;25;3;9;3;TERMACO;17002;Abolição da Escravidão no Ceará;Estadual;CE
MOBIS BRASIL FABRICACAO DE AUTO PECAS LT;RODOVIARIO;1474623;09/03/2026;1;331502;09/03/2026;GREEN CITY VEICULOS LTDA;2,10E+13;TERESINA;PI;09/03/2026;25/03/2026;19/03/2026;Entregue No Prazo;;Entrega realizada;Entrega Finalizada;25;3;9;3;TERMACO;17002;Abolição da Escravidão no Ceará;Estadual;CE
MOBIS BRASIL FABRICACAO DE AUTO PECAS LT;RODOVIARIO;1474624;09/03/2026;2;331501;09/03/2026;GREEN CITY VEICULOS LTDA;2,10E+13;PARNAIBA;PI;09/03/2026;27/03/2026;19/03/2026;Entregue No Prazo;;Entrega realizada;Entrega Finalizada;27;3;9;3;TERMACO;17002;;;
MOBIS BRASIL FABRICACAO DE AUTO PECAS LT;RODOVIARIO;1475448;10/03/2026;1;331717;10/03/2026;NEW VEICULOS E PECAS LTDA.;1,59E+13;ARARAQUARA;SP;10/03/2026;16/03/2026;19/03/2026;Entregue Fora do Prazo;;Entrega realizada;Entrega Finalizada;16;3;10;3;RISSO;26071;;;
MOBIS BRASIL FABRICACAO DE AUTO PECAS LT;RODOVIARIO;1475386;10/03/2026;1;331754;10/03/2026;TAI MOTORS VEICULOS S/A;9,27E+12;MURIAE;MG;10/03/2026;17/03/2026;19/03/2026;Entregue Fora do Prazo;;Entrega realizada;Entrega Finalizada;17;3;10;3;XD BETIM;8002;;;
MOBIS BRASIL FABRICACAO DE AUTO PECAS LT;RODOVIARIO;1475731;10/03/2026;1;331796;10/03/2026;SAGA ASIA COM. DE VEIC.PC.E SERV. LTDA;2,14E+13;PORTO VELHO;RO;10/03/2026;19/03/2026;19/03/2026;Entregue No Prazo;;Entrega realizada;Entrega Finalizada;19;3;10;3;CARVALIMA;21003;;;
MOBIS BRASIL FABRICACAO DE AUTO PECAS LT;RODOVIARIO;1475395;10/03/2026;3;331779;10/03/2026;GRANDE COREIA COMERCIO DE VEICULOS LTDA;2,66E+13;BELEM;PA;10/03/2026;23/03/2026;19/03/2026;Entregue No Prazo;;Entrega realizada;Entrega Finalizada;23;3;10;3;CARVALIMA;14007;;;
MOBIS BRASIL FABRICACAO DE AUTO PECAS LT;RODOVIARIO;1475393;10/03/2026;21;331805;10/03/2026;UNIQUE COMERCIO DE AUTOMOVEIS LTDA;1,74E+13;ANANINDEUA;PA;10/03/2026;23/03/2026;19/03/2026;Entregue No Prazo;;Entrega realizada;Entrega Finalizada;23;3;10;3;CARVALIMA;14003;;;
MOBIS BRASIL FABRICACAO DE AUTO PECAS LT;RODOVIARIO;1475392;10/03/2026;2;331805;10/03/2026;UNIQUE COMERCIO DE AUTOMOVEIS LTDA;1,74E+13;ANANINDEUA;PA;10/03/2026;23/03/2026;19/03/2026;Entregue No Prazo;;Entrega realizada;Entrega Finalizada;23;3;10;3;CARVALIMA;14003;;;
MOBIS BRASIL FABRICACAO DE AUTO PECAS LT;RODOVIARIO;1475364;10/03/2026;1;331785;10/03/2026;MASTER COMERCIAL DE VEICULOS LTDA;2,85E+13;BARREIRAS;BA;10/03/2026;25/03/2026;19/03/2026;Entregue No Prazo;;Entrega realizada;Entrega Finalizada;25;3;10;3;TERMACO;5012;Abolição da Escravidão no Ceará;Estadual;CE
MOBIS BRASIL FABRICACAO DE AUTO PECAS LT;RODOVIARIO;1475361;10/03/2026;4;331789;10/03/2026;PATEO COMERCIO DE VEICULOS S A;7,78E+12;FEIRA DE SANTANA;BA;10/03/2026;25/03/2026;19/03/2026;Entregue No Prazo;;Entrega realizada;Entrega Finalizada;25;3;10;3;TERMACO;5009;Abolição da Escravidão no Ceará;Estadual;CE
MOBIS BRASIL FABRICACAO DE AUTO PECAS LT;RODOVIARIO;1475365;10/03/2026;3;331799;10/03/2026;SAINT LAND COMERCIO DE VEICULOS LTDA;1,04E+13;JUAZEIRO DO NORTE;CE;10/03/2026;26/03/2026;19/03/2026;Entregue No Prazo;;Entrega realizada;Entrega Finalizada;26;3;10;3;TERMACO;6010;Aniversário do Município;Porto Alegre;RS
MOBIS BRASIL FABRICACAO DE AUTO PECAS LT;RODOVIARIO;1475961;11/03/2026;1;331950;11/03/2026;TAI MOTORS VEICULOS S/A;9,27E+12;MURIAE;MG;11/03/2026;18/03/2026;19/03/2026;Entregue Fora do Prazo;;Entrega realizada;Entrega Finalizada;18;3;11;3;XD BETIM;8002;;;
MOBIS BRASIL FABRICACAO DE AUTO PECAS LT;RODOVIARIO;1475989;11/03/2026;4;332004;11/03/2026;HOUSE PARTS - COM. DE PECAS E VEIC. LTDA;1,15E+13;SANTA MARIA;RS;11/03/2026;19/03/2026;19/03/2026;Entregue No Prazo;;Entrega realizada;Entrega Finalizada;19;3;11;3;TRANSTRY;23008;;;
MOBIS BRASIL FABRICACAO DE AUTO PECAS LT;RODOVIARIO;1475953;11/03/2026;5;331945;11/03/2026;SAGA KOREA COM. DE VEIC. E PC. LTDA;1,27E+13;ANAPOLIS;GO;11/03/2026;24/03/2026;19/03/2026;Entregue No Prazo;;Entrega realizada;Entrega Finalizada;24;3;11;3;RIO VERMELHO;9012;;;
MOBIS BRASIL FABRICACAO DE AUTO PECAS LT;RODOVIARIO;1475966;11/03/2026;10;331988;11/03/2026;UNIQUE COMERCIO DE AUTOMOVEIS LTDA;1,74E+13;ANANINDEUA;PA;11/03/2026;24/03/2026;19/03/2026;Entregue No Prazo;;Entrega realizada;Entrega Finalizada;24;3;11;3;CARVALIMA;14003;;;
MOBIS BRASIL FABRICACAO DE AUTO PECAS LT;RODOVIARIO;1475955;11/03/2026;1;331942;11/03/2026;NASA MOTORS LTDA.;2,65E+13;SAO LUIS DE MONTES BELOS;GO;11/03/2026;25/03/2026;19/03/2026;Entregue No Prazo;;Entrega realizada;Entrega Finalizada;25;3;11;3;RIO VERMELHO;9016;Abolição da Escravidão no Ceará;Estadual;CE
MOBIS BRASIL FABRICACAO DE AUTO PECAS LT;RODOVIARIO;1475954;11/03/2026;1;331942;11/03/2026;NASA MOTORS LTDA.;2,65E+13;SAO LUIS DE MONTES BELOS;GO;11/03/2026;25/03/2026;19/03/2026;Entregue No Prazo;;Entrega realizada;Entrega Finalizada;25;3;11;3;RIO VERMELHO;9016;Abolição da Escravidão no Ceará;Estadual;CE
MOBIS BRASIL FABRICACAO DE AUTO PECAS LT;RODOVIARIO;1476877;12/03/2026;2;332151;12/03/2026;GRAND SPORT COM. DE VEIC. E PECAS LTDA;8,58E+12;GUARULHOS;SP;12/03/2026;16/03/2026;19/03/2026;Entregue Fora do Prazo;;Entrega realizada;Entrega Finalizada;16;3;12;3;RISSO;26005;;;
MOBIS BRASIL FABRICACAO DE AUTO PECAS LT;RODOVIARIO;1476866;12/03/2026;5;332183;12/03/2026;ATUAL VEICULOS LTDA;1,33E+13;CRICIUMA;SC;12/03/2026;19/03/2026;19/03/2026;Entregue No Prazo;;Entrega realizada;Entrega Finalizada;19;3;12;3;TRANSTRY;24001;;;
MOBIS BRASIL FABRICACAO DE AUTO PECAS LT;RODOVIARIO;1476867;12/03/2026;3;332184;12/03/2026;ATUAL VEICULOS LTDA;1,33E+13;TUBARAO;SC;12/03/2026;19/03/2026;19/03/2026;Entregue No Prazo;;Entrega realizada;Entrega Finalizada;19;3;12;3;TRANSTRY;24001;;;
MOBIS BRASIL FABRICACAO DE AUTO PECAS LT;RODOVIARIO;1476853;12/03/2026;4;332237;12/03/2026;TAI MOTORS VEICULOS S/A.;9,27E+12;CAMPOS DOS GOYTACAZES;RJ;12/03/2026;19/03/2026;19/03/2026;Entregue No Prazo;;Entrega realizada;Entrega Finalizada;19;3;12;3;CAMILO;19023;;;
MOBIS BRASIL FABRICACAO DE AUTO PECAS LT;RODOVIARIO;1476863;12/03/2026;1;332193;12/03/2026;HOUSE PARTS - COM. DE PECAS E VEIC. LTDA;1,15E+13;SANTA MARIA;RS;12/03/2026;20/03/2026;19/03/2026;Entregue No Prazo;;Entrega realizada;Entrega Finalizada;20;3;12;3;TRANSTRY;23008;;;
MOBIS BRASIL FABRICACAO DE AUTO PECAS LT;RODOVIARIO;1476812;12/03/2026;2;332228;12/03/2026;PRIME CACHOEIRO VEICULOS LTDA;9,34E+12;LINHARES;ES;12/03/2026;20/03/2026;19/03/2026;Entregue No Prazo;;Entrega realizada;Entrega Finalizada;20;3;12;3;CAMILO;8004;;;
MOBIS BRASIL FABRICACAO DE AUTO PECAS LT;RODOVIARIO;1476829;12/03/2026;3;332238;12/03/2026;ULSAN COMERCIO DE VEICULOS LTDA.;2,10E+13;CAMPO GRANDE;MS;12/03/2026;20/03/2026;19/03/2026;Entregue No Prazo;;Entrega realizada;Entrega Finalizada;20;3;12;3;CARVALIMA;12004;;;
MOBIS BRASIL FABRICACAO DE AUTO PECAS LT;RODOVIARIO;1476832;12/03/2026;5;332216;12/03/2026;GRANDE COREIA COMERCIO DE VEICULOS LTDA;2,66E+13;BELEM;PA;12/03/2026;25/03/2026;19/03/2026;Entregue No Prazo;;Entrega realizada;Entrega Finalizada;25;3;12;3;CARVALIMA;14007;Abolição da Escravidão no Ceará;Estadual;CE
MOBIS BRASIL FABRICACAO DE AUTO PECAS LT;RODOVIARIO;1476802;12/03/2026;2;332220;12/03/2026;MASTER COMERCIAL DE VEICULOS LTDA;2,85E+13;BARREIRAS;BA;12/03/2026;27/03/2026;19/03/2026;Entregue No Prazo;;Entrega realizada;Entrega Finalizada;27;3;12;3;TERMACO;5012;;;
MOBIS BRASIL FABRICACAO DE AUTO PECAS LT;RODOVIARIO;1476799;12/03/2026;2;332224;12/03/2026;PATEO COMERCIO DE VEICULOS S A;7,78E+12;FEIRA DE SANTANA;BA;12/03/2026;27/03/2026;19/03/2026;Entregue No Prazo;;Entrega realizada;Entrega Finalizada;27;3;12;3;TERMACO;5009;;;
MOBIS BRASIL FABRICACAO DE AUTO PECAS LT;RODOVIARIO;1477857;13/03/2026;2;332431;13/03/2026;ANDRETA II DISTRIBUIDORA DE VEIC. LTDA;9,10E+12;VALINHOS;SP;13/03/2026;18/03/2026;19/03/2026;Entregue Fora do Prazo;;Entrega realizada;Entrega Finalizada;18;3;13;3;RISSO;26011;;;
MOBIS BRASIL FABRICACAO DE AUTO PECAS LT;RODOVIARIO;1477866;13/03/2026;82;332456;13/03/2026;NEW VEICULOS E PECAS LTDA;1,59E+13;RIBEIRAO PRETO;SP;13/03/2026;18/03/2026;19/03/2026;Entregue Fora do Prazo;;Entrega realizada;Entrega Finalizada;18;3;13;3;RISSO;26014;;;
MOBIS BRASIL FABRICACAO DE AUTO PECAS LT;RODOVIARIO;1477883;13/03/2026;54;332486;13/03/2026;CARWAY SUL VEICULOS LTDA;1,03E+13;CANOAS;RS;13/03/2026;19/03/2026;19/03/2026;Entregue No Prazo;;Entrega realizada;Entrega Finalizada;19;3;13;3;TRANSTRY;23003;;;
MOBIS BRASIL FABRICACAO DE AUTO PECAS LT;RODOVIARIO;1477882;13/03/2026;99;332486;13/03/2026;CARWAY SUL VEICULOS LTDA;1,03E+13;CANOAS;RS;13/03/2026;19/03/2026;19/03/2026;Entregue No Prazo;;Entrega realizada;Entrega Finalizada;19;3;13;3;TRANSTRY;23003;;;
MOBIS BRASIL FABRICACAO DE AUTO PECAS LT;RODOVIARIO;1477819;13/03/2026;2;332480;13/03/2026;ATUAL VEICULOS LTDA;1,33E+13;TUBARAO;SC;13/03/2026;20/03/2026;19/03/2026;Entregue No Prazo;;Entrega realizada;Entrega Finalizada;20;3;13;3;TRANSTRY;24001;;;
MOBIS BRASIL FABRICACAO DE AUTO PECAS LT;RODOVIARIO;1477810;13/03/2026;2;332533;13/03/2026;TAI MOTORS VEICULOS S/A.;9,27E+12;CAMPOS DOS GOYTACAZES;RJ;13/03/2026;20/03/2026;19/03/2026;Entregue No Prazo;;Entrega realizada;Entrega Finalizada;20;3;13;3;CAMILO;19023;;;
MOBIS BRASIL FABRICACAO DE AUTO PECAS LT;RODOVIARIO;1477760;13/03/2026;1;332460;13/03/2026;CAOA MOTOR DO BRASIL LTDA;1,68E+13;BRASILIA;DF;13/03/2026;23/03/2026;19/03/2026;Entregue No Prazo;;Entrega realizada;Entrega Finalizada;23;3;13;3;RIO VERMELHO;5008;;;
MOBIS BRASIL FABRICACAO DE AUTO PECAS LT;RODOVIARIO;1477759;13/03/2026;5;332469;13/03/2026;SAGA KOREA COM. DE VEIC. E PC. LTDA;1,27E+13;BRASILIA;DF;13/03/2026;23/03/2026;19/03/2026;Entregue No Prazo;;Entrega realizada;Entrega Finalizada;23;3;13;3;RIO VERMELHO;7005;;;
MOBIS BRASIL FABRICACAO DE AUTO PECAS LT;RODOVIARIO;1477758;13/03/2026;1;332470;13/03/2026;SAGA KOREA COM. DE VEIC. E PC. LTDA;1,27E+13;BRASILIA;DF;13/03/2026;23/03/2026;19/03/2026;Entregue No Prazo;;Entrega realizada;Entrega Finalizada;23;3;13;3;RIO VERMELHO;7004;;;
MOBIS BRASIL FABRICACAO DE AUTO PECAS LT;RODOVIARIO;1477757;13/03/2026;1;332471;13/03/2026;SMAFF IMPORT VEICULOS LTDA;8,18E+12;BRASILIA;DF;13/03/2026;23/03/2026;19/03/2026;Entregue No Prazo;;Entrega realizada;Entrega Finalizada;23;3;13;3;RIO VERMELHO;7002;;;
MOBIS BRASIL FABRICACAO DE AUTO PECAS LT;RODOVIARIO;1477858;13/03/2026;1;332472;13/03/2026;SMAFF IMPORT VEICULOS LTDA;8,18E+12;BRASILIA;DF;13/03/2026;23/03/2026;19/03/2026;Entregue No Prazo;;Entrega realizada;Entrega Finalizada;23;3;13;3;RIO VERMELHO;7002;;;
MOBIS BRASIL FABRICACAO DE AUTO PECAS LT;RODOVIARIO;1477872;13/03/2026;6;332472;13/03/2026;SMAFF IMPORT VEICULOS LTDA;8,18E+12;BRASILIA;DF;13/03/2026;23/03/2026;19/03/2026;Entregue No Prazo;;Entrega realizada;Entrega Finalizada;23;3;13;3;RIO VERMELHO;7002;;;
MOBIS BRASIL FABRICACAO DE AUTO PECAS LT;RODOVIARIO;1477787;13/03/2026;3;332510;13/03/2026;GRANDE COREIA COMERCIO DE VEICULOS LTDA;2,66E+13;BELEM;PA;13/03/2026;26/03/2026;19/03/2026;Entregue No Prazo;;Entrega realizada;Entrega Finalizada;26;3;13;3;CARVALIMA;14007;Aniversário do Município;Porto Alegre;RS
MOBIS BRASIL FABRICACAO DE AUTO PECAS LT;RODOVIARIO;1477783;13/03/2026;1;332534;13/03/2026;UNIQUE COMERCIO DE AUTOMOVEIS LTDA;1,74E+13;ANANINDEUA;PA;13/03/2026;26/03/2026;19/03/2026;Entregue No Prazo;;Entrega realizada;Entrega Finalizada;26;3;13;3;CARVALIMA;14003;Aniversário do Município;Porto Alegre;RS
MOBIS BRASIL FABRICACAO DE AUTO PECAS LT;RODOVIARIO;1477784;13/03/2026;1;332534;13/03/2026;UNIQUE COMERCIO DE AUTOMOVEIS LTDA;1,74E+13;ANANINDEUA;PA;13/03/2026;26/03/2026;19/03/2026;Entregue No Prazo;;Entrega realizada;Entrega Finalizada;26;3;13;3;CARVALIMA;14003;Aniversário do Município;Porto Alegre;RS
MOBIS BRASIL FABRICACAO DE AUTO PECAS LT;RODOVIARIO;1477785;13/03/2026;2;332520;13/03/2026;NACIONAL NOVA MARABA DIST DE VEIC. LTDA;1,70E+13;MARABA;PA;13/03/2026;27/03/2026;19/03/2026;Entregue No Prazo;;Entrega realizada;Entrega Finalizada;27;3;13;3;CARVALIMA;14005;;;
MOBIS BRASIL FABRICACAO DE AUTO PECAS LT;RODOVIARIO;1477862;13/03/2026;1;332518;13/03/2026;NACIONAL NOVA MARABA DIST DE VEIC. LTDA;1,70E+13;PARAUAPEBAS;PA;13/03/2026;31/03/2026;19/03/2026;Entregue No Prazo;;Entrega realizada;Entrega Finalizada;31;3;13;3;CARVALIMA;14010;;;
MOBIS BRASIL FABRICACAO DE AUTO PECAS LT;RODOVIARIO;1478135;16/03/2026;4;332688;16/03/2026;GRAND SPORT COM. DE VEIC. E PECAS LTDA;8,58E+12;GUARULHOS;SP;16/03/2026;18/03/2026;19/03/2026;Entregue Fora do Prazo;;Entrega realizada;Entrega Finalizada;18;3;16;3;RISSO;26005;;;
MOBIS BRASIL FABRICACAO DE AUTO PECAS LT;RODOVIARIO;1478140;16/03/2026;7;332670;16/03/2026;ANDRETA II DISTRIB.DE VEICULOS LTDA.;9,10E+12;JUNDIAI;SP;16/03/2026;19/03/2026;19/03/2026;Entregue No Prazo;;Entrega realizada;Entrega Finalizada;19;3;16;3;RISSO;26040;;;
MOBIS BRASIL FABRICACAO DE AUTO PECAS LT;RODOVIARIO;1478099;16/03/2026;19;332735;16/03/2026;SEVEC VEICULOS LTDA;5,68E+11;CURITIBA;PR;16/03/2026;19/03/2026;19/03/2026;Entregue No Prazo;;Entrega realizada;Entrega Finalizada;19;3;16;3;TRANSTRY;18012;;;
MOBIS BRASIL FABRICACAO DE AUTO PECAS LT;RODOVIARIO;1478130;16/03/2026;1;332722;16/03/2026;BARI VEICULOS LTDA.;7,46E+12;ITAJAI;SC;16/03/2026;20/03/2026;19/03/2026;Entregue No Prazo;;Entrega realizada;Entrega Finalizada;20;3;16;3;TRANSTRY;24014;;;
MOBIS BRASIL FABRICACAO DE AUTO PECAS LT;RODOVIARIO;1478119;16/03/2026;3;332729;16/03/2026;HOUSE PARTS-COM. DE PCS. E VEICULOS LTDA;1,15E+13;PORTO ALEGRE;RS;16/03/2026;20/03/2026;19/03/2026;Entregue No Prazo;;Entrega realizada;Entrega Finalizada;20;3;16;3;TRANSTRY;23004;;;
MOBIS BRASIL FABRICACAO DE AUTO PECAS LT;RODOVIARIO;1478096;16/03/2026;13;332730;16/03/2026;LOVAT VEICULOS S/A;8,57E+12;LONDRINA;PR;16/03/2026;20/03/2026;19/03/2026;Entregue No Prazo;;Entrega realizada;Entrega Finalizada;20;3;16;3;TRANSTRY;18008;;;
MOBIS BRASIL FABRICACAO DE AUTO PECAS LT;RODOVIARIO;1478102;16/03/2026;10;332736;16/03/2026;VETOR AUTOMOVEIS LTDA;2,12E+13;CASCAVEL;PR;16/03/2026;20/03/2026;19/03/2026;Entregue No Prazo;;Entrega realizada;Entrega Finalizada;20;3;16;3;TRANSTRY;18019;;;
MOBIS BRASIL FABRICACAO DE AUTO PECAS LT;RODOVIARIO;1478109;16/03/2026;7;332739;16/03/2026;AMX COM. E SERVICOS DE AUTOMOTORES LTDA;1,20E+13;RIO DE JANEIRO;RJ;16/03/2026;20/03/2026;19/03/2026;Entregue No Prazo;;Entrega realizada;Entrega Finalizada;20;3;16;3;CAMILO;19009;;;
MOBIS BRASIL FABRICACAO DE AUTO PECAS LT;RODOVIARIO;1478108;16/03/2026;5;332749;16/03/2026;ITAVEMA MOTORS VEICULOS LTDA;7,73E+12;DUQUE DE CAXIAS;RJ;16/03/2026;20/03/2026;19/03/2026;Entregue No Prazo;;Entrega realizada;Entrega Finalizada;20;3;16;3;CAMILO;19001;;;
MOBIS BRASIL FABRICACAO DE AUTO PECAS LT;RODOVIARIO;1478129;16/03/2026;13;332718;16/03/2026;BARI VEICULOS LTDA;7,46E+12;BLUMENAU;SC;16/03/2026;23/03/2026;19/03/2026;Entregue No Prazo;;Entrega realizada;Entrega Finalizada;23;3;16;3;TRANSTRY;18024;;;
MOBIS BRASIL FABRICACAO DE AUTO PECAS LT;RODOVIARIO;1478110;16/03/2026;1;332770;16/03/2026;VIA VR VEICULOS LTDA;1,73E+13;VOLTA REDONDA;RJ;16/03/2026;23/03/2026;19/03/2026;Entregue No Prazo;;Entrega realizada;Entrega Finalizada;23;3;16;3;CAMILO;19016;;;
MOBIS BRASIL FABRICACAO DE AUTO PECAS LT;RODOVIARIO;1478111;16/03/2026;2;332770;16/03/2026;VIA VR VEICULOS LTDA;1,73E+13;VOLTA REDONDA;RJ;16/03/2026;23/03/2026;19/03/2026;Entregue No Prazo;;Entrega realizada;Entrega Finalizada;23;3;16;3;CAMILO;19016;;;
MOBIS BRASIL FABRICACAO DE AUTO PECAS LT;RODOVIARIO;1478066;16/03/2026;8;332708;16/03/2026;SMAFF IMPORT VEICULOS LTDA;8,18E+12;BRASILIA;DF;16/03/2026;24/03/2026;19/03/2026;Entregue No Prazo;;Entrega realizada;Entrega Finalizada;24;3;16;3;RIO VERMELHO;7002;;;
MOBIS BRASIL FABRICACAO DE AUTO PECAS LT;RODOVIARIO;1478441;16/03/2026;2;332709;16/03/2026;SMAFF IMPORT VEICULOS LTDA;8,18E+12;BRASILIA;DF;16/03/2026;24/03/2026;19/03/2026;Entregue No Prazo;;Entrega realizada;Entrega Finalizada;24;3;16;3;RIO VERMELHO;7002;;;
MOBIS BRASIL FABRICACAO DE AUTO PECAS LT;RODOVIARIO;1478131;16/03/2026;1;332719;16/03/2026;BARI VEICULOS LTDA;7,46E+12;BALNEARIO CAMBORIU;SC;16/03/2026;24/03/2026;19/03/2026;Entregue No Prazo;;Entrega realizada;Entrega Finalizada;24;3;16;3;TRANSTRY;18024;;;
MOBIS BRASIL FABRICACAO DE AUTO PECAS LT;RODOVIARIO;1478121;16/03/2026;6;332727;16/03/2026;HOUSE PARTS - COM. DE PECAS E VEIC. LTDA;1,15E+13;SANTA MARIA;RS;16/03/2026;24/03/2026;19/03/2026;Entregue No Prazo;;Entrega realizada;Entrega Finalizada;24;3;16;3;TRANSTRY;23008;;;
MOBIS BRASIL FABRICACAO DE AUTO PECAS LT;RODOVIARIO;1478124;16/03/2026;3;332728;16/03/2026;HOUSE PARTS - COM. DE PECAS E VEIC. LTDA;1,15E+13;SANTA CRUZ DO SUL;RS;16/03/2026;24/03/2026;19/03/2026;Entregue No Prazo;;Entrega realizada;Entrega Finalizada;24;3;16;3;TRANSTRY;23017;;;
MOBIS BRASIL FABRICACAO DE AUTO PECAS LT;RODOVIARIO;1478089;16/03/2026;1;332743;16/03/2026;COMETA MATO GROSSO COM. DE VEICULOS LTDA;1,54E+13;TANGARA DA SERRA;MT;16/03/2026;25/03/2026;19/03/2026;Entregue No Prazo;;Entrega realizada;Entrega Finalizada;25;3;16;3;CARVALIMA;13007;Abolição da Escravidão no Ceará;Estadual;CE
MOBIS BRASIL FABRICACAO DE AUTO PECAS LT;RODOVIARIO;1478860;17/03/2026;1;332885;17/03/2026;BILLY DISTRIBUIDORA DE VEICULOS LTDA;1,34E+13;BARUERI;SP;17/03/2026;19/03/2026;19/03/2026;Entregue No Prazo;;Entrega realizada;Entrega Finalizada;19;3;17;3;RISSO;26003;;;
MOBIS BRASIL FABRICACAO DE AUTO PECAS LT;RODOVIARIO;1478871;17/03/2026;1;332891;17/03/2026;CAOA MOTOR DO BRASIL LTDA (ARICANDUVA);1,68E+13;SAO PAULO;SP;17/03/2026;19/03/2026;19/03/2026;Entregue No Prazo;;Entrega realizada;Entrega Finalizada;19;3;17;3;RISSO;26039;;;
MOBIS BRASIL FABRICACAO DE AUTO PECAS LT;RODOVIARIO;1478887;17/03/2026;1;332892;17/03/2026;CAOA MOTOR DO BRASIL LTDA (INDIANOPOLIS);1,68E+13;SAO PAULO;SP;17/03/2026;19/03/2026;19/03/2026;Entregue No Prazo;;Entrega realizada;Entrega Finalizada;19;3;17;3;RISSO;26091;;;
MOBIS BRASIL FABRICACAO DE AUTO PECAS LT;RODOVIARIO;1478870;17/03/2026;1;332893;17/03/2026;CAOA MOTOR DO BRASIL LTDA (SANTANA);1,68E+13;SAO PAULO;SP;17/03/2026;19/03/2026;19/03/2026;Entregue No Prazo;;Entrega realizada;Entrega Finalizada;19;3;17;3;RISSO;26035;;;
MOBIS BRASIL FABRICACAO DE AUTO PECAS LT;RODOVIARIO;1478862;17/03/2026;1;332901;17/03/2026;GRAND SPORT COM. DE VEIC. E PECAS LTDA;8,58E+12;GUARULHOS;SP;17/03/2026;19/03/2026;19/03/2026;Entregue No Prazo;;Entrega realizada;Entrega Finalizada;19;3;17;3;RISSO;26005;;;
MOBIS BRASIL FABRICACAO DE AUTO PECAS LT;RODOVIARIO;1478863;17/03/2026;3;332901;17/03/2026;GRAND SPORT COM. DE VEIC. E PECAS LTDA;8,58E+12;GUARULHOS;SP;17/03/2026;19/03/2026;19/03/2026;Entregue No Prazo;;Entrega realizada;Entrega Finalizada;19;3;17;3;RISSO;26005;;;
MOBIS BRASIL FABRICACAO DE AUTO PECAS LT;RODOVIARIO;1478880;17/03/2026;2;332890;17/03/2026;CAOA MOTOR DO BRASIL LTDA;1,68E+13;CAMPINAS;SP;17/03/2026;20/03/2026;19/03/2026;Entregue No Prazo;;Entrega realizada;Entrega Finalizada;20;3;17;3;RISSO;5008;;;
MOBIS BRASIL FABRICACAO DE AUTO PECAS LT;RODOVIARIO;1478833;17/03/2026;1;332936;17/03/2026;BARI VEICULOS LTDA;7,46E+12;CURITIBA;PR;17/03/2026;20/03/2026;19/03/2026;Entregue No Prazo;;Entrega realizada;Entrega Finalizada;20;3;17;3;TRANSTRY;18024;;;
MOBIS BRASIL FABRICACAO DE AUTO PECAS LT;RODOVIARIO;1478826;17/03/2026;25;332952;17/03/2026;SEVEC VEICULOS LTDA;5,68E+11;CURITIBA;PR;17/03/2026;20/03/2026;19/03/2026;Entregue No Prazo;;Entrega realizada;Entrega Finalizada;20;3;17;3;TRANSTRY;18012;;;
MOBIS BRASIL FABRICACAO DE AUTO PECAS LT;RODOVIARIO;1478825;17/03/2026;1;332952;17/03/2026;SEVEC VEICULOS LTDA;5,68E+11;CURITIBA;PR;17/03/2026;20/03/2026;19/03/2026;Entregue No Prazo;;Entrega realizada;Entrega Finalizada;20;3;17;3;TRANSTRY;18012;;;
MOBIS BRASIL FABRICACAO DE AUTO PECAS LT;RODOVIARIO;1478854;17/03/2026;1;332939;17/03/2026;BARI VEICULOS LTDA.;7,46E+12;JOINVILLE;SC;17/03/2026;23/03/2026;19/03/2026;Entregue No Prazo;;Entrega realizada;Entrega Finalizada;23;3;17;3;TRANSTRY;24013;;;
MOBIS BRASIL FABRICACAO DE AUTO PECAS LT;RODOVIARIO;1478855;17/03/2026;1;332939;17/03/2026;BARI VEICULOS LTDA.;7,46E+12;JOINVILLE;SC;17/03/2026;23/03/2026;19/03/2026;Entregue No Prazo;;Entrega realizada;Entrega Finalizada;23;3;17;3;TRANSTRY;24013;;;
MOBIS BRASIL FABRICACAO DE AUTO PECAS LT;RODOVIARIO;1478822;17/03/2026;1;332947;17/03/2026;LOVAT VEICULOS S/A;8,57E+12;LONDRINA;PR;17/03/2026;23/03/2026;19/03/2026;Entregue No Prazo;;Entrega realizada;Entrega Finalizada;23;3;17;3;TRANSTRY;18008;;;
MOBIS BRASIL FABRICACAO DE AUTO PECAS LT;RODOVIARIO;1478830;17/03/2026;1;332953;17/03/2026;VETOR AUTOMOVEIS LTDA;2,12E+13;CASCAVEL;PR;17/03/2026;23/03/2026;19/03/2026;Entregue No Prazo;;Entrega realizada;Entrega Finalizada;23;3;17;3;TRANSTRY;18019;;;
MOBIS BRASIL FABRICACAO DE AUTO PECAS LT;RODOVIARIO;1478829;17/03/2026;2;332953;17/03/2026;VETOR AUTOMOVEIS LTDA;2,12E+13;CASCAVEL;PR;17/03/2026;23/03/2026;19/03/2026;Entregue No Prazo;;Entrega realizada;Entrega Finalizada;23;3;17;3;TRANSTRY;18019;;;
MOBIS BRASIL FABRICACAO DE AUTO PECAS LT;RODOVIARIO;1478834;17/03/2026;8;332955;17/03/2026;AMX COM. E SERVICOS DE AUTOMOTORES LTDA;1,20E+13;RIO DE JANEIRO;RJ;17/03/2026;23/03/2026;19/03/2026;Entregue No Prazo;;Entrega realizada;Entrega Finalizada;23;3;17;3;CAMILO;19009;;;
MOBIS BRASIL FABRICACAO DE AUTO PECAS LT;RODOVIARIO;1478839;17/03/2026;1;332958;17/03/2026;CAOA MOTOR DO BRASIL LTDA;1,68E+13;RIO DE JANEIRO;RJ;17/03/2026;23/03/2026;19/03/2026;Entregue No Prazo;;Entrega realizada;Entrega Finalizada;23;3;17;3;CAMILO;5008;;;
MOBIS BRASIL FABRICACAO DE AUTO PECAS LT;RODOVIARIO;1478837;17/03/2026;1;332960;17/03/2026;CAOA MOTOR DO BRASIL LTDA;1,68E+13;NITEROI;RJ;17/03/2026;23/03/2026;19/03/2026;Entregue No Prazo;;Entrega realizada;Entrega Finalizada;23;3;17;3;CAMILO;5008;;;
MOBIS BRASIL FABRICACAO DE AUTO PECAS LT;RODOVIARIO;1478856;17/03/2026;6;332944;17/03/2026;GAMBATTO H1 VEICULOS LTDA;1,94E+13;CHAPECO;SC;17/03/2026;24/03/2026;19/03/2026;Entregue No Prazo;;Entrega realizada;Entrega Finalizada;24;3;17;3;TRANSTRY;24018;;;
MOBIS BRASIL FABRICACAO DE AUTO PECAS LT;RODOVIARIO;1478824;17/03/2026;3;332951;17/03/2026;SANTA FE VEICULOS LTDA.;1,16E+13;FRANCISCO BELTRAO;PR;17/03/2026;24/03/2026;19/03/2026;Entregue No Prazo;;Entrega realizada;Entrega Finalizada;24;3;17;3;TRANSTRY;18010;;;
MOBIS BRASIL FABRICACAO DE AUTO PECAS LT;RODOVIARIO;1478827;17/03/2026;1;332954;17/03/2026;ZENDAI VEICULOS LTDA;1,97E+13;TOLEDO;PR;17/03/2026;24/03/2026;19/03/2026;Entregue No Prazo;;Entrega realizada;Entrega Finalizada;24;3;17;3;TRANSTRY;18016;;;
MOBIS BRASIL FABRICACAO DE AUTO PECAS LT;RODOVIARIO;1478828;17/03/2026;3;332954;17/03/2026;ZENDAI VEICULOS LTDA;1,97E+13;TOLEDO;PR;17/03/2026;24/03/2026;19/03/2026;Entregue No Prazo;;Entrega realizada;Entrega Finalizada;24;3;17;3;TRANSTRY;18016;;;
MOBIS BRASIL FABRICACAO DE AUTO PECAS LT;RODOVIARIO;1478805;17/03/2026;2;332967;17/03/2026;GOLDEN MOTORS VEICULOS LTDA;3,62E+12;TRES LAGOAS;MS;17/03/2026;25/03/2026;19/03/2026;Entregue No Prazo;;Entrega realizada;Entrega Finalizada;25;3;17;3;CARVALIMA;12001;Abolição da Escravidão no Ceará;Estadual;CE
MOBIS BRASIL FABRICACAO DE AUTO PECAS LT;RODOVIARIO;1479541;18/03/2026;4;333138;18/03/2026;BILLY DISTRIBUIDORA DE VEICULOS LTDA;1,34E+13;BARUERI;SP;18/03/2026;20/03/2026;19/03/2026;Entregue No Prazo;;Entrega realizada;Entrega Finalizada;20;3;18;3;RISSO;26003;;;
MOBIS BRASIL FABRICACAO DE AUTO PECAS LT;RODOVIARIO;1479540;18/03/2026;1;333138;18/03/2026;BILLY DISTRIBUIDORA DE VEICULOS LTDA;1,34E+13;BARUERI;SP;18/03/2026;20/03/2026;19/03/2026;Entregue No Prazo;;Entrega realizada;Entrega Finalizada;20;3;18;3;RISSO;26003;;;
MOBIS BRASIL FABRICACAO DE AUTO PECAS LT;RODOVIARIO;1479553;18/03/2026;1;333143;18/03/2026;CAOA MOTOR DO BRASIL LTDA (VL PRUDENTE);1,68E+13;SAO PAULO;SP;18/03/2026;20/03/2026;19/03/2026;Entregue No Prazo;;Entrega realizada;Entrega Finalizada;20;3;18;3;RISSO;26051;;;
MOBIS BRASIL FABRICACAO DE AUTO PECAS LT;RODOVIARIO;1479566;18/03/2026;12;333145;18/03/2026;CHS MOTORS VEICULOS PECAS E SERV. LTDA;1,69E+13;OSASCO;SP;18/03/2026;20/03/2026;19/03/2026;Entregue No Prazo;;Entrega realizada;Entrega Finalizada;20;3;18;3;RISSO;26106;;;
MOBIS BRASIL FABRICACAO DE AUTO PECAS LT;RODOVIARIO;1479546;18/03/2026;23;333146;18/03/2026;CHS MOTORS VEICULOS PECAS E SERV LTDA  ;1,69E+13;SAO PAULO;SP;18/03/2026;20/03/2026;19/03/2026;Entregue No Prazo;;Entrega realizada;Entrega Finalizada;20;3;18;3;RISSO;26037;;;
MOBIS BRASIL FABRICACAO DE AUTO PECAS LT;RODOVIARIO;1479554;18/03/2026;2;333147;18/03/2026;CHS MOTORS VEICULOS PECAS(VL. GUILHERME);1,69E+13;SAO PAULO;SP;18/03/2026;20/03/2026;19/03/2026;Entregue No Prazo;;Entrega realizada;Entrega Finalizada;20;3;18;3;RISSO;26052;;;
MOBIS BRASIL FABRICACAO DE AUTO PECAS LT;RODOVIARIO;1479545;18/03/2026;3;333153;18/03/2026;GRAND SPORT COM. DE VEIC. E PECAS LTDA;8,58E+12;SAO PAULO;SP;18/03/2026;20/03/2026;19/03/2026;Entregue No Prazo;;Entrega realizada;Entrega Finalizada;20;3;18;3;RISSO;26034;;;
MOBIS BRASIL FABRICACAO DE AUTO PECAS LT;RODOVIARIO;1479562;18/03/2026;31;333154;18/03/2026;GRANDAY AUTOMOTORES LTDA (CHAC. CALIFOR);1,57E+13;SAO PAULO;SP;18/03/2026;20/03/2026;19/03/2026;Entregue No Prazo;;Entrega realizada;Entrega Finalizada;20;3;18;3;RISSO;26090;;;
MOBIS BRASIL FABRICACAO DE AUTO PECAS LT;RODOVIARIO;1479559;18/03/2026;1;333161;18/03/2026;NOBRE SP DISTRIB. DE VEIC. E PEC. LTDA;1,70E+13;SAO PAULO;SP;18/03/2026;20/03/2026;19/03/2026;Entregue No Prazo;;Entrega realizada;Entrega Finalizada;20;3;18;3;RISSO;26081;;;
MOBIS BRASIL FABRICACAO DE AUTO PECAS LT;RODOVIARIO;1479542;18/03/2026;2;333151;18/03/2026;DHC COMERCIO DE VEICULOS E PECAS LTDA;9,52E+12;BAURU;SP;18/03/2026;23/03/2026;19/03/2026;Entregue No Prazo;;Entrega realizada;Entrega Finalizada;23;3;18;3;RISSO;26010;;;
MOBIS BRASIL FABRICACAO DE AUTO PECAS LT;RODOVIARIO;1479563;18/03/2026;1;333155;18/03/2026;H - CAMINHO AUTOMOVEIS LTDA;2,53E+13;PIRACICABA;SP;18/03/2026;24/03/2026;19/03/2026;Entregue No Prazo;;Entrega realizada;Entrega Finalizada;24;3;18;3;RISSO;26092;;;
MOBIS BRASIL FABRICACAO DE AUTO PECAS LT;RODOVIARIO;1470878;28/02/2026;4;330433;02/03/2026;VIA BRASIL AUTOMOVEIS LTDA.;4,72E+12;SERRA;ES;02/03/2026;09/03/2026;20/03/2026;Entregue Fora do Prazo;;Entrega realizada;Entrega Finalizada;9;3;2;3;CAMILO;8001;;;
MOBIS BRASIL FABRICACAO DE AUTO PECAS LT;RODOVIARIO;1471937;03/03/2026;1;330580;03/03/2026;AUTORAC VEICULOS LTDA;1,06E+13;PETROLINA;PE;03/03/2026;19/03/2026;20/03/2026;Entregue No Prazo;;Entrega realizada;Entrega Finalizada;19;3;3;3;TERMACO;16001;;;
MOBIS BRASIL FABRICACAO DE AUTO PECAS LT;RODOVIARIO;1472872;04/03/2026;2;330832;04/03/2026;SAGA ASIA COM. DE VEIC.PC.E SERV. LTDA;2,23E+13;VARZEA GRANDE;MT;04/03/2026;13/03/2026;20/03/2026;Entregue Fora do Prazo;;Entrega realizada;Entrega Finalizada;13;3;4;3;CARVALIMA;13004;Batalha do Jenipapo;Estadual;PI
MOBIS BRASIL FABRICACAO DE AUTO PECAS LT;RODOVIARIO;1472940;04/03/2026;1;330825;04/03/2026;JPN PATOS COMERCIO DE VEICULOS LTDA;4,20E+13;PATOS;PB;04/03/2026;20/03/2026;20/03/2026;Entregue No Prazo;CTE retido;Entrega realizada;Entrega Finalizada;20;3;4;3;TERMACO;15004;;;
MOBIS BRASIL FABRICACAO DE AUTO PECAS LT;RODOVIARIO;1473844;06/03/2026;2;331149;06/03/2026;FAZZA MOTORS COM. DE VEICULOS LTDA;1,24E+13;FORTALEZA;CE;06/03/2026;24/03/2026;20/03/2026;Entregue No Prazo;;Entrega realizada;Entrega Finalizada;24;3;6;3;TERMACO;6001;;;
MOBIS BRASIL FABRICACAO DE AUTO PECAS LT;RODOVIARIO;1473878;06/03/2026;1;331138;06/03/2026;AUTORAC VEICULOS LTDA;1,06E+13;PETROLINA;PE;06/03/2026;25/03/2026;20/03/2026;Entregue No Prazo;;Entrega realizada;Entrega Finalizada;25;3;6;3;TERMACO;16001;Abolição da Escravidão no Ceará;Estadual;CE
MOBIS BRASIL FABRICACAO DE AUTO PECAS LT;RODOVIARIO;1473879;06/03/2026;3;331138;06/03/2026;AUTORAC VEICULOS LTDA;1,06E+13;PETROLINA;PE;06/03/2026;26/03/2026;20/03/2026;Entregue No Prazo;;Entrega realizada;Entrega Finalizada;26;3;6;3;TERMACO;16001;Aniversário do Município;Porto Alegre;RS
MOBIS BRASIL FABRICACAO DE AUTO PECAS LT;RODOVIARIO;1474621;09/03/2026;1;331492;09/03/2026;AUTORAC VEICULOS LTDA;1,06E+13;PETROLINA;PE;09/03/2026;25/03/2026;20/03/2026;Entregue No Prazo;;Entrega realizada;Entrega Finalizada;25;3;9;3;TERMACO;16001;Abolição da Escravidão no Ceará;Estadual;CE
MOBIS BRASIL FABRICACAO DE AUTO PECAS LT;RODOVIARIO;1474620;09/03/2026;2;331505;09/03/2026;JPN COMERCIO DE AUTOMOVEIS LTDA;2,61E+13;GARANHUNS;PE;09/03/2026;25/03/2026;20/03/2026;Entregue No Prazo;;Entrega realizada;Entrega Finalizada;25;3;9;3;TERMACO;16009;Abolição da Escravidão no Ceará;Estadual;CE
MOBIS BRASIL FABRICACAO DE AUTO PECAS LT;RODOVIARIO;1475433;10/03/2026;1;331797;10/03/2026;SAINT LAND COMERCIO DE VEICULOS LTDA;1,04E+13;ARACAJU;SE;10/03/2026;23/03/2026;20/03/2026;Entregue No Prazo;;Entrega realizada;Entrega Finalizada;23;3;10;3;TERMACO;6010;;;
MOBIS BRASIL FABRICACAO DE AUTO PECAS LT;RODOVIARIO;1475356;10/03/2026;7;331776;10/03/2026;CYCOSA AUTOMOVEIS LTDA;4,76E+12;MACEIO;AL;10/03/2026;24/03/2026;20/03/2026;Entregue No Prazo;;Entrega realizada;Entrega Finalizada;24;3;10;3;TERMACO;2001;;;
MOBIS BRASIL FABRICACAO DE AUTO PECAS LT;RODOVIARIO;1475362;10/03/2026;3;331766;10/03/2026;AIKON VEICULOS LTDA;1,17E+13;ITABUNA;BA;10/03/2026;25/03/2026;20/03/2026;Entregue No Prazo;;Entrega realizada;Entrega Finalizada;25;3;10;3;TERMACO;5002;Abolição da Escravidão no Ceará;Estadual;CE
MOBIS BRASIL FABRICACAO DE AUTO PECAS LT;RODOVIARIO;1475401;10/03/2026;1;331771;10/03/2026;CAOA MOTOR DO BRASIL LTDA;1,68E+13;RECIFE;PE;10/03/2026;25/03/2026;20/03/2026;Entregue No Prazo;;Entrega realizada;Entrega Finalizada;25;3;10;3;TERMACO;5008;Abolição da Escravidão no Ceará;Estadual;CE
MOBIS BRASIL FABRICACAO DE AUTO PECAS LT;RODOVIARIO;1475404;10/03/2026;1;331768;10/03/2026;AUTORAC VEICULOS LTDA;1,06E+13;PETROLINA;PE;10/03/2026;26/03/2026;20/03/2026;Entregue No Prazo;;Entrega realizada;Entrega Finalizada;26;3;10;3;TERMACO;16001;Aniversário do Município;Porto Alegre;RS
MOBIS BRASIL FABRICACAO DE AUTO PECAS LT;RODOVIARIO;1475398;10/03/2026;1;331769;10/03/2026;AUTORAC VEICULOS LTDA;1,06E+13;CARUARU;PE;10/03/2026;26/03/2026;20/03/2026;Entregue No Prazo;;Entrega realizada;Entrega Finalizada;26;3;10;3;TERMACO;16001;Aniversário do Município;Porto Alegre;RS
MOBIS BRASIL FABRICACAO DE AUTO PECAS LT;RODOVIARIO;1475402;10/03/2026;1;331783;10/03/2026;JPN COMERCIO DE AUTOMOVEIS LTDA;2,61E+13;GARANHUNS;PE;10/03/2026;26/03/2026;20/03/2026;Entregue No Prazo;;Entrega realizada;Entrega Finalizada;26;3;10;3;TERMACO;16009;Aniversário do Município;Porto Alegre;RS
MOBIS BRASIL FABRICACAO DE AUTO PECAS LT;RODOVIARIO;1475403;10/03/2026;1;331783;10/03/2026;JPN COMERCIO DE AUTOMOVEIS LTDA;2,61E+13;GARANHUNS;PE;10/03/2026;26/03/2026;20/03/2026;Entregue No Prazo;;Entrega realizada;Entrega Finalizada;26;3;10;3;TERMACO;16009;Aniversário do Município;Porto Alegre;RS
MOBIS BRASIL FABRICACAO DE AUTO PECAS LT;RODOVIARIO;1475397;10/03/2026;1;331784;10/03/2026;JPN PATOS COMERCIO DE VEICULOS LTDA;4,20E+13;PATOS;PB;10/03/2026;26/03/2026;20/03/2026;Entregue No Prazo;;Entrega realizada;Entrega Finalizada;26;3;10;3;TERMACO;15004;Aniversário do Município;Porto Alegre;RS
MOBIS BRASIL FABRICACAO DE AUTO PECAS LT;RODOVIARIO;1475355;10/03/2026;2;331803;10/03/2026;ULSAN COMERCIO DE VEICULOS LTDA;2,10E+13;RIO BRANCO;AC;10/03/2026;27/03/2026;20/03/2026;Entregue No Prazo;;Entrega realizada;Entrega Finalizada;27;3;10;3;CARVALIMA;21004;;;
MOBIS BRASIL FABRICACAO DE AUTO PECAS LT;RODOVIARIO;1476489;11/03/2026;40;331937;11/03/2026;NEW VEICULOS E PECAS LTDA;1,59E+13;RIBEIRAO PRETO;SP;11/03/2026;16/03/2026;20/03/2026;Entregue No Prazo;Avaria;Entrega realizada;Entrega Finalizada;16;3;11;3;RISSO;26014;;;
MOBIS BRASIL FABRICACAO DE AUTO PECAS LT;RODOVIARIO;1476016;11/03/2026;1;331938;11/03/2026;NEW VEICULOS E PECAS LTDA.;1,59E+13;ARARAQUARA;SP;11/03/2026;17/03/2026;20/03/2026;Entregue Fora do Prazo;;Entrega realizada;Entrega Finalizada;17;3;11;3;RISSO;26071;;;
MOBIS BRASIL FABRICACAO DE AUTO PECAS LT;RODOVIARIO;1475936;11/03/2026;6;331964;11/03/2026;CYCOSA AUTOMOVEIS LTDA;4,76E+12;MACEIO;AL;11/03/2026;25/03/2026;20/03/2026;Entregue No Prazo;;Entrega realizada;Entrega Finalizada;25;3;11;3;TERMACO;2001;Abolição da Escravidão no Ceará;Estadual;CE
MOBIS BRASIL FABRICACAO DE AUTO PECAS LT;RODOVIARIO;1475969;11/03/2026;1;331976;11/03/2026;PATEO COMERCIO DE VEICULOS S A;7,78E+12;JOAO PESSOA;PB;11/03/2026;26/03/2026;20/03/2026;Entregue No Prazo;;Entrega realizada;Entrega Finalizada;26;3;11;3;TERMACO;15003;Aniversário do Município;Porto Alegre;RS
MOBIS BRASIL FABRICACAO DE AUTO PECAS LT;RODOVIARIO;1475970;11/03/2026;2;331958;11/03/2026;AUTORAC VEICULOS LTDA;1,06E+13;CARUARU;PE;11/03/2026;27/03/2026;20/03/2026;Entregue No Prazo;;Entrega realizada;Entrega Finalizada;27;3;11;3;TERMACO;16001;;;
MOBIS BRASIL FABRICACAO DE AUTO PECAS LT;RODOVIARIO;1475972;11/03/2026;4;331959;11/03/2026;AUTORAC VEICULOS LTDA;1,06E+13;PETROLINA;PE;11/03/2026;27/03/2026;20/03/2026;Entregue No Prazo;;Entrega realizada;Entrega Finalizada;27;3;11;3;TERMACO;16001;;;
MOBIS BRASIL FABRICACAO DE AUTO PECAS LT;RODOVIARIO;1475968;11/03/2026;2;331960;11/03/2026;CAOA MOTOR DO BRASIL LTDA;1,68E+13;CAMPINA GRANDE;PB;11/03/2026;27/03/2026;20/03/2026;Entregue No Prazo;;Entrega realizada;Entrega Finalizada;27;3;11;3;TERMACO;5008;;;
MOBIS BRASIL FABRICACAO DE AUTO PECAS LT;RODOVIARIO;1477275;12/03/2026;108;332159;12/03/2026;NEW VEICULOS E PECAS LTDA;1,59E+13;RIBEIRAO PRETO;SP;12/03/2026;17/03/2026;20/03/2026;Entregue No Prazo;;Entrega realizada;Entrega Finalizada;17;3;12;3;RISSO;26014;;;
MOBIS BRASIL FABRICACAO DE AUTO PECAS LT;RODOVIARIO;1477280;12/03/2026;99;332159;12/03/2026;NEW VEICULOS E PECAS LTDA;1,59E+13;RIBEIRAO PRETO;SP;12/03/2026;17/03/2026;20/03/2026;Entregue No Prazo;Avaria;Entrega realizada;Entrega Finalizada;17;3;12;3;RISSO;26014;;;
MOBIS BRASIL FABRICACAO DE AUTO PECAS LT;RODOVIARIO;1476850;12/03/2026;2;332218;12/03/2026;ITAVEMA MOTORS VEICULOS LTDA;7,73E+12;RIO DE JANEIRO;RJ;12/03/2026;18/03/2026;20/03/2026;Entregue Fora do Prazo;;Entrega realizada;Entrega Finalizada;18;3;12;3;CAMILO;19001;;;
MOBIS BRASIL FABRICACAO DE AUTO PECAS LT;RODOVIARIO;1476851;12/03/2026;5;332218;12/03/2026;ITAVEMA MOTORS VEICULOS LTDA;7,73E+12;RIO DE JANEIRO;RJ;12/03/2026;18/03/2026;20/03/2026;Entregue Fora do Prazo;;Entrega realizada;Entrega Finalizada;18;3;12;3;CAMILO;19001;;;
MOBIS BRASIL FABRICACAO DE AUTO PECAS LT;RODOVIARIO;1476873;12/03/2026;6;332190;12/03/2026;CHINHAN AUTOMOVEIS LTDA.;2,41E+13;CACADOR;SC;12/03/2026;23/03/2026;20/03/2026;Entregue No Prazo;;Entrega realizada;Entrega Finalizada;23;3;12;3;TRANSTRY;24020;;;
MOBIS BRASIL FABRICACAO DE AUTO PECAS LT;RODOVIARIO;1476817;12/03/2026;2;332180;12/03/2026;URCA MOTORS VEICULOS LTDA;8,77E+12;RIO VERDE;GO;12/03/2026;24/03/2026;20/03/2026;Entregue No Prazo;;Entrega realizada;Entrega Finalizada;24;3;12;3;RIO VERMELHO;9014;;;
MOBIS BRASIL FABRICACAO DE AUTO PECAS LT;RODOVIARIO;1477218;12/03/2026;19;332223;12/03/2026;PATEO COMERCIO DE VEICULOS S A;7,78E+12;SALVADOR;BA;12/03/2026;24/03/2026;20/03/2026;Entregue No Prazo;;Entrega realizada;Entrega Finalizada;24;3;12;3;TERMACO;5003;;;
MOBIS BRASIL FABRICACAO DE AUTO PECAS LT;RODOVIARIO;1476874;12/03/2026;1;332233;12/03/2026;SAINT LAND COMERCIO DE VEICULOS LTDA;1,04E+13;ARACAJU;SE;12/03/2026;25/03/2026;20/03/2026;Entregue No Prazo;;Entrega realizada;Entrega Finalizada;25;3;12;3;TERMACO;6010;Abolição da Escravidão no Ceará;Estadual;CE
MOBIS BRASIL FABRICACAO DE AUTO PECAS LT;RODOVIARIO;1476837;12/03/2026;1;332209;12/03/2026;CAOA MOTOR DO BRASIL LTDA;1,68E+13;RECIFE;PE;12/03/2026;27/03/2026;20/03/2026;Entregue No Prazo;;Entrega realizada;Entrega Finalizada;27;3;12;3;TERMACO;5008;;;
MOBIS BRASIL FABRICACAO DE AUTO PECAS LT;RODOVIARIO;1476798;12/03/2026;1;332210;12/03/2026;CAOA MOTOR DO BRASIL LTDA.;1,68E+13;LAURO DE FREITAS;BA;12/03/2026;27/03/2026;20/03/2026;Entregue No Prazo;;Entrega realizada;Entrega Finalizada;27;3;12;3;TERMACO;5008;;;
MOBIS BRASIL FABRICACAO DE AUTO PECAS LT;RODOVIARIO;1477835;13/03/2026;2;332440;13/03/2026;CHS MOTORS VEICULOS PECAS E SERV LTDA  ;1,69E+13;SAO PAULO;SP;13/03/2026;17/03/2026;20/03/2026;Entregue Fora do Prazo;;Entrega realizada;Entrega Finalizada;17;3;13;3;RISSO;26037;;;
MOBIS BRASIL FABRICACAO DE AUTO PECAS LT;RODOVIARIO;1477809;13/03/2026;5;332513;13/03/2026;ITAVEMA MOTORS VEICULOS LTDA;7,73E+12;RIO DE JANEIRO;RJ;13/03/2026;19/03/2026;20/03/2026;Entregue Fora do Prazo;;Entrega realizada;Entrega Finalizada;19;3;13;3;CAMILO;19001;;;
MOBIS BRASIL FABRICACAO DE AUTO PECAS LT;RODOVIARIO;1477818;13/03/2026;8;332478;13/03/2026;ATUAL VEICULOS LTDA;1,33E+13;CRICIUMA;SC;13/03/2026;20/03/2026;20/03/2026;Entregue No Prazo;;Entrega realizada;Entrega Finalizada;20;3;13;3;TRANSTRY;24001;;;
MOBIS BRASIL FABRICACAO DE AUTO PECAS LT;RODOVIARIO;1477827;13/03/2026;1;332494;13/03/2026;LR COMERCIO DE VEICULOS LTDA;1,05E+13;RIO DO SUL;SC;13/03/2026;20/03/2026;20/03/2026;Entregue No Prazo;;Entrega realizada;Entrega Finalizada;20;3;13;3;TRANSTRY;24007;;;
MOBIS BRASIL FABRICACAO DE AUTO PECAS LT;RODOVIARIO;1477767;13/03/2026;4;332466;13/03/2026;NISA COMERCIAL DE VEIC. AUTOMOTORES LTDA;1,03E+13;GOIANIA;GO;13/03/2026;23/03/2026;20/03/2026;Entregue No Prazo;;Entrega realizada;Entrega Finalizada;23;3;13;3;RIO VERMELHO;9013;;;
MOBIS BRASIL FABRICACAO DE AUTO PECAS LT;RODOVIARIO;1477780;13/03/2026;3;332509;13/03/2026;GOLDEN MOTORS VEICULOS LTDA;3,62E+12;DOURADOS;MS;13/03/2026;23/03/2026;20/03/2026;Entregue No Prazo;;Entrega realizada;Entrega Finalizada;23;3;13;3;CARVALIMA;12001;;;
MOBIS BRASIL FABRICACAO DE AUTO PECAS LT;RODOVIARIO;1477826;13/03/2026;11;332488;13/03/2026;CHINHAN AUTOMOVEIS LTDA.;2,41E+13;CACADOR;SC;13/03/2026;24/03/2026;20/03/2026;Entregue No Prazo;;Entrega realizada;Entrega Finalizada;24;3;13;3;TRANSTRY;24020;;;
MOBIS BRASIL FABRICACAO DE AUTO PECAS LT;RODOVIARIO;1477786;13/03/2026;1;332517;13/03/2026;MISO VEICULOS LTDA;1,85E+13;SANTAREM;PA;13/03/2026;27/03/2026;20/03/2026;Entregue No Prazo;;Entrega realizada;Entrega Finalizada;27;3;13;3;CARVALIMA;4001;;;
MOBIS BRASIL FABRICACAO DE AUTO PECAS LT;RODOVIARIO;1478159;16/03/2026;1;332698;16/03/2026;NOBRE DISTRIBUIDORA DE VEIC. E PEC. LTDA;5,76E+12;SUZANO;SP;16/03/2026;18/03/2026;20/03/2026;Entregue Fora do Prazo;;Entrega realizada;Entrega Finalizada;18;3;16;3;RISSO;26103;;;
MOBIS BRASIL FABRICACAO DE AUTO PECAS LT;RODOVIARIO;1478157;16/03/2026;1;332692;16/03/2026;H - CAMINHO AUTOMOVEIS LTDA;2,53E+13;LIMEIRA;SP;16/03/2026;19/03/2026;20/03/2026;Entregue Fora do Prazo;;Entrega realizada;Entrega Finalizada;19;3;16;3;RISSO;26092;;;
MOBIS BRASIL FABRICACAO DE AUTO PECAS LT;RODOVIARIO;1478456;16/03/2026;66;332696;16/03/2026;NEW VEICULOS E PECAS LTDA;1,59E+13;RIBEIRAO PRETO;SP;16/03/2026;19/03/2026;20/03/2026;Entregue Fora do Prazo;Avaria;Entrega realizada;Entrega Finalizada;19;3;16;3;RISSO;26014;;;
MOBIS BRASIL FABRICACAO DE AUTO PECAS LT;RODOVIARIO;1478158;16/03/2026;1;332671;16/03/2026;ANDRETA II DISTRIBUIDORA DE VEIC. LTDA;9,10E+12;RIO CLARO;SP;16/03/2026;20/03/2026;20/03/2026;Entregue No Prazo;;Entrega realizada;Entrega Finalizada;20;3;16;3;RISSO;26011;;;
MOBIS BRASIL FABRICACAO DE AUTO PECAS LT;RODOVIARIO;1478152;16/03/2026;1;332685;16/03/2026;DESTAQUE SEUL DISTR DE VEIC PEC LTDA;2,12E+13;CARAGUATATUBA;SP;16/03/2026;20/03/2026;20/03/2026;Entregue No Prazo;;Entrega realizada;Entrega Finalizada;20;3;16;3;RISSO;26082;;;
MOBIS BRASIL FABRICACAO DE AUTO PECAS LT;RODOVIARIO;1478149;16/03/2026;1;332687;16/03/2026;GOLDEN MOTORS VEICULOS LTDA;3,62E+12;PRESIDENTE PRUDENTE;SP;16/03/2026;20/03/2026;20/03/2026;Entregue No Prazo;;Entrega realizada;Entrega Finalizada;20;3;16;3;RISSO;12001;;;
MOBIS BRASIL FABRICACAO DE AUTO PECAS LT;RODOVIARIO;1478104;16/03/2026;26;332721;16/03/2026;BARI VEICULOS LTDA;7,46E+12;PONTA GROSSA;PR;16/03/2026;20/03/2026;20/03/2026;Entregue No Prazo;;Entrega realizada;Entrega Finalizada;20;3;16;3;TRANSTRY;18024;;;
MOBIS BRASIL FABRICACAO DE AUTO PECAS LT;RODOVIARIO;1478103;16/03/2026;2;332721;16/03/2026;BARI VEICULOS LTDA;7,46E+12;PONTA GROSSA;PR;16/03/2026;20/03/2026;20/03/2026;Entregue No Prazo;;Entrega realizada;Entrega Finalizada;20;3;16;3;TRANSTRY;18024;;;
MOBIS BRASIL FABRICACAO DE AUTO PECAS LT;RODOVIARIO;1478097;16/03/2026;2;332731;16/03/2026;LOVAT VEICULOS S/A;8,57E+12;MARINGA;PR;16/03/2026;20/03/2026;20/03/2026;Entregue No Prazo;;Entrega realizada;Entrega Finalizada;20;3;16;3;TRANSTRY;18008;;;
MOBIS BRASIL FABRICACAO DE AUTO PECAS LT;RODOVIARIO;1478114;16/03/2026;1;332741;16/03/2026;CAOA MOTOR DO BRASIL LTDA;1,68E+13;RIO DE JANEIRO;RJ;16/03/2026;20/03/2026;20/03/2026;Entregue No Prazo;;Entrega realizada;Entrega Finalizada;20;3;16;3;CAMILO;5008;;;
MOBIS BRASIL FABRICACAO DE AUTO PECAS LT;RODOVIARIO;1478112;16/03/2026;1;332748;16/03/2026;ITAVEMA MOTORS VEICULOS LTDA;7,73E+12;RIO DE JANEIRO;RJ;16/03/2026;20/03/2026;20/03/2026;Entregue No Prazo;;Entrega realizada;Entrega Finalizada;20;3;16;3;CAMILO;19001;;;
MOBIS BRASIL FABRICACAO DE AUTO PECAS LT;RODOVIARIO;1478113;16/03/2026;8;332748;16/03/2026;ITAVEMA MOTORS VEICULOS LTDA;7,73E+12;RIO DE JANEIRO;RJ;16/03/2026;20/03/2026;20/03/2026;Entregue No Prazo;;Entrega realizada;Entrega Finalizada;20;3;16;3;CAMILO;19001;;;
MOBIS BRASIL FABRICACAO DE AUTO PECAS LT;RODOVIARIO;1478125;16/03/2026;4;332715;16/03/2026;ATUAL VEICULOS LTDA;1,33E+13;ARARANGUA;SC;16/03/2026;23/03/2026;20/03/2026;Entregue No Prazo;;Entrega realizada;Entrega Finalizada;23;3;16;3;TRANSTRY;24001;;;
MOBIS BRASIL FABRICACAO DE AUTO PECAS LT;RODOVIARIO;1478127;16/03/2026;1;332716;16/03/2026;ATUAL VEICULOS LTDA;1,33E+13;TUBARAO;SC;16/03/2026;23/03/2026;20/03/2026;Entregue No Prazo;;Entrega realizada;Entrega Finalizada;23;3;16;3;TRANSTRY;24001;;;
MOBIS BRASIL FABRICACAO DE AUTO PECAS LT;RODOVIARIO;1478126;16/03/2026;4;332717;16/03/2026;ATUAL VEICULOS LTDA;1,33E+13;CRICIUMA;SC;16/03/2026;23/03/2026;20/03/2026;Entregue No Prazo;;Entrega realizada;Entrega Finalizada;23;3;16;3;TRANSTRY;24001;;;
MOBIS BRASIL FABRICACAO DE AUTO PECAS LT;RODOVIARIO;1478122;16/03/2026;1;332725;16/03/2026;GALA COMERCIO DE VEICULOS LTDA.;1,77E+13;PELOTAS;RS;16/03/2026;23/03/2026;20/03/2026;Entregue No Prazo;;Entrega realizada;Entrega Finalizada;23;3;16;3;TRANSTRY;23009;;;
MOBIS BRASIL FABRICACAO DE AUTO PECAS LT;RODOVIARIO;1478128;16/03/2026;1;332732;16/03/2026;LR COMERCIO DE VEICULOS LTDA;1,05E+13;SAO JOSE;SC;16/03/2026;23/03/2026;20/03/2026;Entregue No Prazo;;Entrega realizada;Entrega Finalizada;23;3;16;3;TRANSTRY;24007;;;
MOBIS BRASIL FABRICACAO DE AUTO PECAS LT;RODOVIARIO;1478071;16/03/2026;1;332760;16/03/2026;PRIME VILA VELHA VEICULOS LTDA.;2,14E+13;VILA VELHA;ES;16/03/2026;23/03/2026;20/03/2026;Entregue No Prazo;;Entrega realizada;Entrega Finalizada;23;3;16;3;CAMILO;8005;;;
MOBIS BRASIL FABRICACAO DE AUTO PECAS LT;RODOVIARIO;1478068;16/03/2026;12;332765;16/03/2026;TAI MOTORS VEICULOS S/A;9,27E+12;VITORIA;ES;16/03/2026;23/03/2026;20/03/2026;Entregue No Prazo;;Entrega realizada;Entrega Finalizada;23;3;16;3;CAMILO;8002;;;
MOBIS BRASIL FABRICACAO DE AUTO PECAS LT;RODOVIARIO;1478067;16/03/2026;1;332769;16/03/2026;VIA BRASIL AUTOMOVEIS LTDA.;4,72E+12;SERRA;ES;16/03/2026;23/03/2026;20/03/2026;Entregue No Prazo;;Entrega realizada;Entrega Finalizada;23;3;16;3;CAMILO;8001;;;
MOBIS BRASIL FABRICACAO DE AUTO PECAS LT;RODOVIARIO;1478069;16/03/2026;1;332759;16/03/2026;PRIME CACHOEIRO VEICULOS LTDA EPP;9,34E+12;CACHOEIRO DE ITAPEMIRIM;ES;16/03/2026;24/03/2026;20/03/2026;Entregue No Prazo;;Entrega realizada;Entrega Finalizada;24;3;16;3;CAMILO;8003;;;
MOBIS BRASIL FABRICACAO DE AUTO PECAS LT;RODOVIARIO;1478087;16/03/2026;4;332767;16/03/2026;ULSAN COMERCIO DE VEICULOS LTDA.;2,10E+13;CAMPO GRANDE;MS;16/03/2026;24/03/2026;20/03/2026;Entregue No Prazo;Avaria;Entrega realizada;Entrega Finalizada;24;3;16;3;CARVALIMA;12004;;;
MOBIS BRASIL FABRICACAO DE AUTO PECAS LT;RODOVIARIO;1478132;16/03/2026;5;332724;16/03/2026;CHINHAN AUTOMOVEIS LTDA.;2,41E+13;CACADOR;SC;16/03/2026;25/03/2026;20/03/2026;Entregue No Prazo;;Entrega realizada;Entrega Finalizada;25;3;16;3;TRANSTRY;24020;Abolição da Escravidão no Ceará;Estadual;CE
MOBIS BRASIL FABRICACAO DE AUTO PECAS LT;RODOVIARIO;1478088;16/03/2026;91;332761;16/03/2026;SAGA ASIA COM. DE VEIC.PC.E SERV. LTDA;2,23E+13;VARZEA GRANDE;MT;16/03/2026;25/03/2026;20/03/2026;Entregue No Prazo;;Entrega realizada;Entrega Finalizada;25;3;16;3;CARVALIMA;13004;Abolição da Escravidão no Ceará;Estadual;CE
MOBIS BRASIL FABRICACAO DE AUTO PECAS LT;RODOVIARIO;1478876;17/03/2026;1;332887;17/03/2026;BILLY DISTRIBUIDORA DE VEICULOS LTDA;1,34E+13;DIADEMA;SP;17/03/2026;19/03/2026;20/03/2026;Entregue Fora do Prazo;;Entrega realizada;Entrega Finalizada;19;3;17;3;RISSO;26003;;;
MOBIS BRASIL FABRICACAO DE AUTO PECAS LT;RODOVIARIO;1478889;17/03/2026;2;332908;17/03/2026;NOBRE DISTRIBUIDORA DE VEIC. E PEC. LTDA;5,76E+12;SUZANO;SP;17/03/2026;19/03/2026;20/03/2026;Entregue Fora do Prazo;;Entrega realizada;Entrega Finalizada;19;3;17;3;RISSO;26103;;;
MOBIS BRASIL FABRICACAO DE AUTO PECAS LT;RODOVIARIO;1478861;17/03/2026;1;332909;17/03/2026;NOBRE DISTRIBUIDORA DE VEICULOS E PECAS;5,76E+12;MOGI DAS CRUZES;SP;17/03/2026;19/03/2026;20/03/2026;Entregue Fora do Prazo;;Entrega realizada;Entrega Finalizada;19;3;17;3;RISSO;26004;;;
MOBIS BRASIL FABRICACAO DE AUTO PECAS LT;RODOVIARIO;1478872;17/03/2026;1;332883;17/03/2026;ANDRETA II DISTRIB.DE VEICULOS LTDA.;9,10E+12;JUNDIAI;SP;17/03/2026;20/03/2026;20/03/2026;Entregue No Prazo;;Entrega realizada;Entrega Finalizada;20;3;17;3;RISSO;26040;;;
MOBIS BRASIL FABRICACAO DE AUTO PECAS LT;RODOVIARIO;1478873;17/03/2026;4;332883;17/03/2026;ANDRETA II DISTRIB.DE VEICULOS LTDA.;9,10E+12;JUNDIAI;SP;17/03/2026;20/03/2026;20/03/2026;Entregue No Prazo;;Entrega realizada;Entrega Finalizada;20;3;17;3;RISSO;26040;;;
MOBIS BRASIL FABRICACAO DE AUTO PECAS LT;RODOVIARIO;1478865;17/03/2026;10;332884;17/03/2026;ANDRETA II DISTRIBUIDORA DE VEIC. LTDA;9,10E+12;CAMPINAS;SP;17/03/2026;20/03/2026;20/03/2026;Entregue No Prazo;;Entrega realizada;Entrega Finalizada;20;3;17;3;RISSO;26011;;;
MOBIS BRASIL FABRICACAO DE AUTO PECAS LT;RODOVIARIO;1478866;17/03/2026;5;332884;17/03/2026;ANDRETA II DISTRIBUIDORA DE VEIC. LTDA;9,10E+12;CAMPINAS;SP;17/03/2026;20/03/2026;20/03/2026;Entregue No Prazo;;Entrega realizada;Entrega Finalizada;20;3;17;3;RISSO;26011;;;
MOBIS BRASIL FABRICACAO DE AUTO PECAS LT;RODOVIARIO;1478882;17/03/2026;1;332888;17/03/2026;CAOA MOTOR DO BRASIL LTDA;1,68E+13;SAO CARLOS;SP;17/03/2026;20/03/2026;20/03/2026;Entregue No Prazo;;Entrega realizada;Entrega Finalizada;20;3;17;3;RISSO;5008;;;
MOBIS BRASIL FABRICACAO DE AUTO PECAS LT;RODOVIARIO;1478883;17/03/2026;2;332897;17/03/2026;DESTAQUE SEUL DISTR. DE VEIC. E PC. LTDA;2,12E+13;ATIBAIA;SP;17/03/2026;20/03/2026;20/03/2026;Entregue No Prazo;;Entrega realizada;Entrega Finalizada;20;3;17;3;RISSO;26075;;;
MOBIS BRASIL FABRICACAO DE AUTO PECAS LT;RODOVIARIO;1478867;17/03/2026;3;332905;17/03/2026;MOTONET COMERCIO DE VEICULOS LTDA;9,28E+12;SOROCABA;SP;17/03/2026;20/03/2026;20/03/2026;Entregue No Prazo;Avaria;Entrega realizada;Entrega Finalizada;20;3;17;3;RISSO;26113;;;
MOBIS BRASIL FABRICACAO DE AUTO PECAS LT;RODOVIARIO;1478868;17/03/2026;3;332905;17/03/2026;MOTONET COMERCIO DE VEICULOS LTDA;9,28E+12;SOROCABA;SP;17/03/2026;20/03/2026;20/03/2026;Entregue No Prazo;;Entrega realizada;Entrega Finalizada;20;3;17;3;RISSO;26113;;;
MOBIS BRASIL FABRICACAO DE AUTO PECAS LT;RODOVIARIO;1478797;17/03/2026;1;332912;17/03/2026;CAOA MOTOR DO BRASIL LTDA;1,68E+13;BELO HORIZONTE;MG;17/03/2026;20/03/2026;20/03/2026;Entregue No Prazo;;Entrega realizada;Entrega Finalizada;20;3;17;3;XD BETIM;5008;;;
MOBIS BRASIL FABRICACAO DE AUTO PECAS LT;RODOVIARIO;1478796;17/03/2026;15;332913;17/03/2026;CARBEL KOREA VEICULOS LTDA;2,07E+13;BELO HORIZONTE;MG;17/03/2026;20/03/2026;20/03/2026;Entregue No Prazo;;Entrega realizada;Entrega Finalizada;20;3;17;3;XD BETIM;11021;;;
MOBIS BRASIL FABRICACAO DE AUTO PECAS LT;RODOVIARIO;1478795;17/03/2026;23;332923;17/03/2026;TAI MOTORS VEICULOS S/A;9,27E+12;BELO HORIZONTE;MG;17/03/2026;20/03/2026;20/03/2026;Entregue No Prazo;;Entrega realizada;Entrega Finalizada;20;3;17;3;XD BETIM;8002;;;
MOBIS BRASIL FABRICACAO DE AUTO PECAS LT;RODOVIARIO;1478877;17/03/2026;11;332903;17/03/2026;H R B COMERCIO DE VEICULOS LTDA;1,82E+13;SAO JOSE DO RIO PRETO;SP;17/03/2026;23/03/2026;20/03/2026;Entregue No Prazo;;Entrega realizada;Entrega Finalizada;23;3;17;3;RISSO;26050;;;
MOBIS BRASIL FABRICACAO DE AUTO PECAS LT;RODOVIARIO;1478859;17/03/2026;4;332904;17/03/2026;HYMAX DISTRIBUIDORA DE VEICULOS LTDA;1,73E+13;MOGI GUACU;SP;17/03/2026;23/03/2026;20/03/2026;Entregue No Prazo;;Entrega realizada;Entrega Finalizada;23;3;17;3;RISSO;26002;;;
MOBIS BRASIL FABRICACAO DE AUTO PECAS LT;RODOVIARIO;1478888;17/03/2026;2;332907;17/03/2026;NEW VEICULOS E PECAS LTDA;1,59E+13;BARRETOS;SP;17/03/2026;23/03/2026;20/03/2026;Entregue No Prazo;;Entrega realizada;Entrega Finalizada;23;3;17;3;RISSO;26014;;;
MOBIS BRASIL FABRICACAO DE AUTO PECAS LT;RODOVIARIO;1478792;17/03/2026;11;332928;17/03/2026;URCA MOTORS VEICULOS LTDA;8,77E+12;UBERLANDIA;MG;17/03/2026;23/03/2026;20/03/2026;Entregue No Prazo;;Entrega realizada;Entrega Finalizada;23;3;17;3;XD BETIM;9014;;;
MOBIS BRASIL FABRICACAO DE AUTO PECAS LT;RODOVIARIO;1478791;17/03/2026;1;332928;17/03/2026;URCA MOTORS VEICULOS LTDA;8,77E+12;UBERLANDIA;MG;17/03/2026;23/03/2026;20/03/2026;Entregue No Prazo;;Entrega realizada;Entrega Finalizada;23;3;17;3;XD BETIM;9014;;;
MOBIS BRASIL FABRICACAO DE AUTO PECAS LT;RODOVIARIO;1478831;17/03/2026;1;332938;17/03/2026;BARI VEICULOS LTDA;7,46E+12;PONTA GROSSA;PR;17/03/2026;23/03/2026;20/03/2026;Entregue No Prazo;;Entrega realizada;Entrega Finalizada;23;3;17;3;TRANSTRY;18024;;;
MOBIS BRASIL FABRICACAO DE AUTO PECAS LT;RODOVIARIO;1478832;17/03/2026;10;332938;17/03/2026;BARI VEICULOS LTDA;7,46E+12;PONTA GROSSA;PR;17/03/2026;23/03/2026;20/03/2026;Entregue No Prazo;;Entrega realizada;Entrega Finalizada;23;3;17;3;TRANSTRY;18024;;;
MOBIS BRASIL FABRICACAO DE AUTO PECAS LT;RODOVIARIO;1478823;17/03/2026;1;332948;17/03/2026;LOVAT VEICULOS S/A;8,57E+12;MARINGA;PR;17/03/2026;23/03/2026;20/03/2026;Entregue No Prazo;;Entrega realizada;Entrega Finalizada;23;3;17;3;TRANSTRY;18008;;;
MOBIS BRASIL FABRICACAO DE AUTO PECAS LT;RODOVIARIO;1478836;17/03/2026;6;332970;17/03/2026;ITAVEMA MOTORS VEICULOS LTDA;7,73E+12;RIO DE JANEIRO;RJ;17/03/2026;23/03/2026;20/03/2026;Entregue No Prazo;;Entrega realizada;Entrega Finalizada;23;3;17;3;CAMILO;19001;;;
MOBIS BRASIL FABRICACAO DE AUTO PECAS LT;RODOVIARIO;1478800;17/03/2026;5;332914;17/03/2026;GNC GRANDE COREIA MINAS GERAIS COMERCIO;4,27E+13;MONTES CLAROS;MG;17/03/2026;24/03/2026;20/03/2026;Entregue No Prazo;;Entrega realizada;Entrega Finalizada;24;3;17;3;XD BETIM;11035;;;
MOBIS BRASIL FABRICACAO DE AUTO PECAS LT;RODOVIARIO;1478802;17/03/2026;2;332924;17/03/2026;TECAR TRILHAS AUTOMOVEIS E SERVICOS LTDA;2,32E+13;DIVINOPOLIS;MG;17/03/2026;24/03/2026;20/03/2026;Entregue No Prazo;;Entrega realizada;Entrega Finalizada;24;3;17;3;XD BETIM;11039;;;
MOBIS BRASIL FABRICACAO DE AUTO PECAS LT;RODOVIARIO;1478793;17/03/2026;2;332931;17/03/2026;VITAL COMERCIO DE VEICULOS LTDA;1,05E+13;GOVERNADOR VALADARES;MG;17/03/2026;24/03/2026;20/03/2026;Entregue No Prazo;;Entrega realizada;Entrega Finalizada;24;3;17;3;XD BETIM;11016;;;
MOBIS BRASIL FABRICACAO DE AUTO PECAS LT;RODOVIARIO;1478794;17/03/2026;5;332932;17/03/2026;VITAL COMERCIO DE VEICULOS LTDA;1,05E+13;IPATINGA;MG;17/03/2026;24/03/2026;20/03/2026;Entregue No Prazo;;Entrega realizada;Entrega Finalizada;24;3;17;3;XD BETIM;11016;;;
MOBIS BRASIL FABRICACAO DE AUTO PECAS LT;RODOVIARIO;1478853;17/03/2026;17;332937;17/03/2026;BARI VEICULOS LTDA;7,46E+12;BLUMENAU;SC;17/03/2026;24/03/2026;20/03/2026;Entregue No Prazo;;Entrega realizada;Entrega Finalizada;24;3;17;3;TRANSTRY;18024;;;
MOBIS BRASIL FABRICACAO DE AUTO PECAS LT;RODOVIARIO;1478852;17/03/2026;13;332949;17/03/2026;LR COMERCIO DE VEICULOS LTDA;1,05E+13;SAO JOSE;SC;17/03/2026;24/03/2026;20/03/2026;Entregue No Prazo;;Entrega realizada;Entrega Finalizada;24;3;17;3;TRANSTRY;24007;;;
MOBIS BRASIL FABRICACAO DE AUTO PECAS LT;RODOVIARIO;1478858;17/03/2026;1;332950;17/03/2026;LR COMERCIO DE VEICULOS LTDA;1,05E+13;RIO DO SUL;SC;17/03/2026;24/03/2026;20/03/2026;Entregue No Prazo;;Entrega realizada;Entrega Finalizada;24;3;17;3;TRANSTRY;24007;;;
MOBIS BRASIL FABRICACAO DE AUTO PECAS LT;RODOVIARIO;1478838;17/03/2026;1;332974;17/03/2026;MONTREAL VEICULOS E PECAS LTDA;1,68E+13;MACAE;RJ;17/03/2026;24/03/2026;20/03/2026;Entregue No Prazo;;Entrega realizada;Entrega Finalizada;24;3;17;3;CAMILO;19030;;;
MOBIS BRASIL FABRICACAO DE AUTO PECAS LT;RODOVIARIO;1478804;17/03/2026;1;332966;17/03/2026;GOLDEN MOTORS VEICULOS LTDA;3,62E+12;DOURADOS;MS;17/03/2026;25/03/2026;20/03/2026;Entregue No Prazo;;Entrega realizada;Entrega Finalizada;25;3;17;3;CARVALIMA;12001;Abolição da Escravidão no Ceará;Estadual;CE
MOBIS BRASIL FABRICACAO DE AUTO PECAS LT;RODOVIARIO;1478806;17/03/2026;3;332984;17/03/2026;ULSAN COMERCIO DE VEICULOS LTDA.;2,10E+13;CAMPO GRANDE;MS;17/03/2026;25/03/2026;20/03/2026;Entregue No Prazo;;Entrega realizada;Entrega Finalizada;25;3;17;3;CARVALIMA;12004;Abolição da Escravidão no Ceará;Estadual;CE
MOBIS BRASIL FABRICACAO DE AUTO PECAS LT;RODOVIARIO;1478809;17/03/2026;2;332963;17/03/2026;COMETA MATO GROSSO COM. DE VEICULOS LTDA;1,54E+13;TANGARA DA SERRA;MT;17/03/2026;26/03/2026;20/03/2026;Entregue No Prazo;;Entrega realizada;Entrega Finalizada;26;3;17;3;CARVALIMA;13007;Aniversário do Município;Porto Alegre;RS
MOBIS BRASIL FABRICACAO DE AUTO PECAS LT;RODOVIARIO;1478810;17/03/2026;1;332963;17/03/2026;COMETA MATO GROSSO COM. DE VEICULOS LTDA;1,54E+13;TANGARA DA SERRA;MT;17/03/2026;26/03/2026;20/03/2026;Entregue No Prazo;;Entrega realizada;Entrega Finalizada;26;3;17;3;CARVALIMA;13007;Aniversário do Município;Porto Alegre;RS
MOBIS BRASIL FABRICACAO DE AUTO PECAS LT;RODOVIARIO;1478998;17/03/2026;60;332981;17/03/2026;SAGA ASIA COM. DE VEIC.PC.E SERV. LTDA;2,23E+13;VARZEA GRANDE;MT;17/03/2026;26/03/2026;20/03/2026;Entregue No Prazo;Avaria;Entrega realizada;Entrega Finalizada;26;3;17;3;CARVALIMA;13004;Aniversário do Município;Porto Alegre;RS
MOBIS BRASIL FABRICACAO DE AUTO PECAS LT;RODOVIARIO;1478807;17/03/2026;1;332981;17/03/2026;SAGA ASIA COM. DE VEIC.PC.E SERV. LTDA;2,23E+13;VARZEA GRANDE;MT;17/03/2026;26/03/2026;20/03/2026;Entregue No Prazo;Avaria;Entrega realizada;Entrega Finalizada;26;3;17;3;CARVALIMA;13004;Aniversário do Município;Porto Alegre;RS
MOBIS BRASIL FABRICACAO DE AUTO PECAS LT;RODOVIARIO;1478808;17/03/2026;3;332962;17/03/2026;COMETA MATO GROSSO COM. DE VEICULOS LTDA;1,54E+13;RONDONOPOLIS;MT;17/03/2026;27/03/2026;20/03/2026;Entregue No Prazo;;Entrega realizada;Entrega Finalizada;27;3;17;3;CARVALIMA;13006;;;
MOBIS BRASIL FABRICACAO DE AUTO PECAS LT;RODOVIARIO;1479567;18/03/2026;1;333144;18/03/2026;CHS MOTORS VEICULOS PECAS E SERV.  LTDA;1,69E+13;SAO PAULO;SP;18/03/2026;20/03/2026;20/03/2026;Entregue No Prazo;;Entrega realizada;Entrega Finalizada;20;3;18;3;RISSO;26108;;;
MOBIS BRASIL FABRICACAO DE AUTO PECAS LT;RODOVIARIO;1479565;18/03/2026;1;333160;18/03/2026;NOBRE DISTRIBUIDORA DE VEIC. E PEC. LTDA;5,76E+12;SUZANO;SP;18/03/2026;20/03/2026;20/03/2026;Entregue No Prazo;;Entrega realizada;Entrega Finalizada;20;3;18;3;RISSO;26103;;;
MOBIS BRASIL FABRICACAO DE AUTO PECAS LT;RODOVIARIO;1479547;18/03/2026;1;333135;18/03/2026;ANDRETA II DISTRIB.DE VEICULOS LTDA.;9,10E+12;JUNDIAI;SP;18/03/2026;23/03/2026;20/03/2026;Entregue No Prazo;;Entrega realizada;Entrega Finalizada;23;3;18;3;RISSO;26040;;;
MOBIS BRASIL FABRICACAO DE AUTO PECAS LT;RODOVIARIO;1479550;18/03/2026;2;333136;18/03/2026;ANDRETA II DISTRIBUIDORA DE VEIC. LTDA;9,10E+12;AMERICANA;SP;18/03/2026;23/03/2026;20/03/2026;Entregue No Prazo;;Entrega realizada;Entrega Finalizada;23;3;18;3;RISSO;26011;;;
MOBIS BRASIL FABRICACAO DE AUTO PECAS LT;RODOVIARIO;1479543;18/03/2026;11;333137;18/03/2026;ANDRETA II DISTRIBUIDORA DE VEIC. LTDA;9,10E+12;CAMPINAS;SP;18/03/2026;23/03/2026;20/03/2026;Entregue No Prazo;;Entrega realizada;Entrega Finalizada;23;3;18;3;RISSO;26011;;;
MOBIS BRASIL FABRICACAO DE AUTO PECAS LT;RODOVIARIO;1479557;18/03/2026;1;333141;18/03/2026;CAOA MOTOR DO BRASIL LTDA;1,68E+13;SAO CARLOS;SP;18/03/2026;23/03/2026;20/03/2026;Entregue No Prazo;;Entrega realizada;Entrega Finalizada;23;3;18;3;RISSO;5008;;;
MOBIS BRASIL FABRICACAO DE AUTO PECAS LT;RODOVIARIO;1479561;18/03/2026;1;333142;18/03/2026;CAOA MOTOR DO BRASIL LTDA;1,68E+13;SANTOS;SP;18/03/2026;23/03/2026;20/03/2026;Entregue No Prazo;;Entrega realizada;Entrega Finalizada;23;3;18;3;RISSO;5008;;;
MOBIS BRASIL FABRICACAO DE AUTO PECAS LT;RODOVIARIO;1479544;18/03/2026;2;333158;18/03/2026;MOTONET COMERCIO DE VEICULOS LTDA;9,28E+12;SOROCABA;SP;18/03/2026;23/03/2026;20/03/2026;Entregue No Prazo;Avaria;Entrega realizada;Entrega Finalizada;23;3;18;3;RISSO;26113;;;
MOBIS BRASIL FABRICACAO DE AUTO PECAS LT;RODOVIARIO;1479513;18/03/2026;5;333181;18/03/2026;BARI VEICULOS LTDA;7,46E+12;CURITIBA;PR;18/03/2026;23/03/2026;20/03/2026;Entregue No Prazo;;Entrega realizada;Entrega Finalizada;23;3;18;3;TRANSTRY;18024;;;
MOBIS BRASIL FABRICACAO DE AUTO PECAS LT;RODOVIARIO;1479512;18/03/2026;2;333184;18/03/2026;BARI VEICULOS LTDA.;7,46E+12;CURITIBA;PR;18/03/2026;23/03/2026;20/03/2026;Entregue No Prazo;;Entrega realizada;Entrega Finalizada;23;3;18;3;TRANSTRY;18029;;;
MOBIS BRASIL FABRICACAO DE AUTO PECAS LT;RODOVIARIO;1479508;18/03/2026;10;333199;18/03/2026;SEVEC VEICULOS LTDA;5,68E+11;CURITIBA;PR;18/03/2026;23/03/2026;20/03/2026;Entregue No Prazo;;Entrega realizada;Entrega Finalizada;23;3;18;3;TRANSTRY;18012;;;
MOBIS BRASIL FABRICACAO DE AUTO PECAS LT;RODOVIARIO;1479555;18/03/2026;1;333152;18/03/2026;GOLDEN MOTORS VEICULOS LTDA;3,62E+12;ARACATUBA;SP;18/03/2026;24/03/2026;20/03/2026;Entregue No Prazo;;Entrega realizada;Entrega Finalizada;24;3;18;3;RISSO;12001;;;
MOBIS BRASIL FABRICACAO DE AUTO PECAS LT;RODOVIARIO;1479538;18/03/2026;11;333157;18/03/2026;HYMAX DISTRIBUIDORA DE VEICULOS LTDA;1,73E+13;MOGI GUACU;SP;18/03/2026;24/03/2026;20/03/2026;Entregue No Prazo;;Entrega realizada;Entrega Finalizada;24;3;18;3;RISSO;26002;;;
MOBIS BRASIL FABRICACAO DE AUTO PECAS LT;RODOVIARIO;1479539;18/03/2026;1;333157;18/03/2026;HYMAX DISTRIBUIDORA DE VEICULOS LTDA;1,73E+13;MOGI GUACU;SP;18/03/2026;24/03/2026;20/03/2026;Entregue No Prazo;;Entrega realizada;Entrega Finalizada;24;3;18;3;RISSO;26002;;;
MOBIS BRASIL FABRICACAO DE AUTO PECAS LT;RODOVIARIO;1479514;18/03/2026;1;333216;18/03/2026;ITAVEMA MOTORS VEICULOS LTDA;7,73E+12;DUQUE DE CAXIAS;RJ;18/03/2026;24/03/2026;20/03/2026;Entregue No Prazo;;Entrega realizada;Entrega Finalizada;24;3;18;3;CAMILO;19001;;;
MOBIS BRASIL FABRICACAO DE AUTO PECAS LT;RODOVIARIO;1479515;18/03/2026;1;333226;18/03/2026;VIA VR VEICULOS LTDA;1,73E+13;VOLTA REDONDA;RJ;18/03/2026;25/03/2026;20/03/2026;Entregue No Prazo;;Entrega realizada;Entrega Finalizada;25;3;18;3;CAMILO;19016;Abolição da Escravidão no Ceará;Estadual;CE
MOBIS BRASIL FABRICACAO DE AUTO PECAS LT;RODOVIARIO;1479493;18/03/2026;3;333212;18/03/2026;GOLDEN MOTORS VEICULOS LTDA;3,62E+12;TRES LAGOAS;MS;18/03/2026;26/03/2026;20/03/2026;Entregue No Prazo;;Entrega realizada;Entrega Finalizada;26;3;18;3;CARVALIMA;12001;Aniversário do Município;Porto Alegre;RS
MOBIS BRASIL FABRICACAO DE AUTO PECAS LT;RODOVIARIO;1479536;18/03/2026;2;333189;18/03/2026;CHINHAN AUTOMOVEIS LTDA.;2,41E+13;CACADOR;SC;18/03/2026;27/03/2026;20/03/2026;Entregue No Prazo;;Entrega realizada;Entrega Finalizada;27;3;18;3;TRANSTRY;24020;;;
MOBIS BRASIL FABRICACAO DE AUTO PECAS LT;RODOVIARIO;1480196;19/03/2026;1;333530;19/03/2026;BILLY DISTRIBUIDORA DE VEICULOS LTDA;1,34E+13;SAO PAULO;SP;19/03/2026;23/03/2026;20/03/2026;Entregue No Prazo;;Entrega realizada;Entrega Finalizada;23;3;19;3;RISSO;26003;;;
MOBIS BRASIL FABRICACAO DE AUTO PECAS LT;RODOVIARIO;1480185;19/03/2026;7;333531;19/03/2026;BILLY DISTRIBUIDORA DE VEICULOS LTDA;1,34E+13;SAO CAETANO DO SUL;SP;19/03/2026;23/03/2026;20/03/2026;Entregue No Prazo;;Entrega realizada;Entrega Finalizada;23;3;19;3;RISSO;26003;;;
MOBIS BRASIL FABRICACAO DE AUTO PECAS LT;RODOVIARIO;1480186;19/03/2026;59;333531;19/03/2026;BILLY DISTRIBUIDORA DE VEICULOS LTDA;1,34E+13;SAO CAETANO DO SUL;SP;19/03/2026;23/03/2026;20/03/2026;Entregue No Prazo;;Entrega realizada;Entrega Finalizada;23;3;19;3;RISSO;26003;;;
MOBIS BRASIL FABRICACAO DE AUTO PECAS LT;RODOVIARIO;1480176;19/03/2026;12;333532;19/03/2026;BILLY DISTRIBUIDORA DE VEICULOS LTDA;1,34E+13;BARUERI;SP;19/03/2026;23/03/2026;20/03/2026;Entregue No Prazo;;Entrega realizada;Entrega Finalizada;23;3;19;3;RISSO;26003;;;
MOBIS BRASIL FABRICACAO DE AUTO PECAS LT;RODOVIARIO;1480200;19/03/2026;1;333535;19/03/2026;CAOA MOTOR DO BRASIL LTDA (INDIANOPOLIS);1,68E+13;SAO PAULO;SP;19/03/2026;23/03/2026;20/03/2026;Entregue No Prazo;;Entrega realizada;Entrega Finalizada;23;3;19;3;RISSO;26091;;;
MOBIS BRASIL FABRICACAO DE AUTO PECAS LT;RODOVIARIO;1480189;19/03/2026;2;333536;19/03/2026;CAOA MOTOR DO BRASIL LTDA (VL PRUDENTE);1,68E+13;SAO PAULO;SP;19/03/2026;23/03/2026;20/03/2026;Entregue No Prazo;;Entrega realizada;Entrega Finalizada;23;3;19;3;RISSO;26051;;;
MOBIS BRASIL FABRICACAO DE AUTO PECAS LT;RODOVIARIO;1480204;19/03/2026;5;333538;19/03/2026;CHS MOTORS VEICULOS PECAS E SERV. LTDA;1,69E+13;OSASCO;SP;19/03/2026;23/03/2026;20/03/2026;Entregue No Prazo;;Entrega realizada;Entrega Finalizada;23;3;19;3;RISSO;26106;;;
MOBIS BRASIL FABRICACAO DE AUTO PECAS LT;RODOVIARIO;1480190;19/03/2026;14;333540;19/03/2026;CHS MOTORS VEICULOS PECAS(VL. GUILHERME);1,69E+13;SAO PAULO;SP;19/03/2026;23/03/2026;20/03/2026;Entregue No Prazo;;Entrega realizada;Entrega Finalizada;23;3;19;3;RISSO;26052;;;
MOBIS BRASIL FABRICACAO DE AUTO PECAS LT;RODOVIARIO;1480182;19/03/2026;1;333546;19/03/2026;GRAND SPORT COM. DE VEIC. E PECAS LTDA;8,58E+12;SAO PAULO;SP;19/03/2026;23/03/2026;20/03/2026;Entregue No Prazo;;Entrega realizada;Entrega Finalizada;23;3;19;3;RISSO;26034;;;
MOBIS BRASIL FABRICACAO DE AUTO PECAS LT;RODOVIARIO;1480199;19/03/2026;16;333548;19/03/2026;GRANDAY AUTOMOTORES LTDA (CHAC. CALIFOR);1,57E+13;SAO PAULO;SP;19/03/2026;23/03/2026;20/03/2026;Entregue No Prazo;;Entrega realizada;Entrega Finalizada;23;3;19;3;RISSO;26090;;;
MOBIS BRASIL FABRICACAO DE AUTO PECAS LT;RODOVIARIO;1480197;19/03/2026;1;333558;19/03/2026;NOBRE SP DISTRIB. DE VEIC. E PEC. LTDA;1,70E+13;SAO PAULO;SP;19/03/2026;23/03/2026;20/03/2026;Entregue No Prazo;;Entrega realizada;Entrega Finalizada;23;3;19;3;RISSO;26081;;;
MOBIS BRASIL FABRICACAO DE AUTO PECAS LT;RODOVIARIO;1480184;19/03/2026;1;333526;19/03/2026;ANDRETA II DISTRIB.DE VEICULOS LTDA.;9,10E+12;JUNDIAI;SP;19/03/2026;24/03/2026;20/03/2026;Entregue No Prazo;;Entrega realizada;Entrega Finalizada;24;3;19;3;RISSO;26040;;;
MOBIS BRASIL FABRICACAO DE AUTO PECAS LT;RODOVIARIO;1480187;19/03/2026;1;333527;19/03/2026;ANDRETA II DISTRIBUIDORA DE VEIC. LTDA;9,10E+12;AMERICANA;SP;19/03/2026;24/03/2026;20/03/2026;Entregue No Prazo;;Entrega realizada;Entrega Finalizada;24;3;19;3;RISSO;26011;;;
MOBIS BRASIL FABRICACAO DE AUTO PECAS LT;RODOVIARIO;1480194;19/03/2026;3;333534;19/03/2026;CAOA MOTOR DO BRASIL LTDA;1,68E+13;TAUBATE;SP;19/03/2026;24/03/2026;20/03/2026;Entregue No Prazo;;Entrega realizada;Entrega Finalizada;24;3;19;3;RISSO;5008;;;
MOBIS BRASIL FABRICACAO DE AUTO PECAS LT;RODOVIARIO;1480203;19/03/2026;1;333529;19/03/2026;ANDRETA II DISTRIBUIDORA DE VEIC. LTDA;9,10E+12;RIO CLARO;SP;19/03/2026;25/03/2026;20/03/2026;Entregue No Prazo;;Entrega realizada;Entrega Finalizada;25;3;19;3;RISSO;26011;Abolição da Escravidão no Ceará;Estadual;CE
MOBIS BRASIL FABRICACAO DE AUTO PECAS LT;RODOVIARIO;1480201;19/03/2026;2;333549;19/03/2026;H - CAMINHO AUTOMOVEIS LTDA;2,53E+13;PIRACICABA;SP;19/03/2026;25/03/2026;20/03/2026;Entregue No Prazo;;Entrega realizada;Entrega Finalizada;25;3;19;3;RISSO;26092;Abolição da Escravidão no Ceará;Estadual;CE
MOBIS BRASIL FABRICACAO DE AUTO PECAS LT;RODOVIARIO;1480202;19/03/2026;1;333550;19/03/2026;H - CAMINHO AUTOMOVEIS LTDA;2,53E+13;CATANDUVA;SP;19/03/2026;25/03/2026;20/03/2026;Entregue No Prazo;;Entrega realizada;Entrega Finalizada;25;3;19;3;RISSO;26092;Abolição da Escravidão no Ceará;Estadual;CE
MOBIS BRASIL FABRICACAO DE AUTO PECAS LT;RODOVIARIO;1496006;17/04/2026;67;338517;20/04/2026;BILLY DISTRIBUIDORA DE VEICULOS LTDA;1,34E+13;SAO CAETANO DO SUL;SP;20/04/2026;22/04/2026;20/03/2026;Entregue No Prazo;;Entrega realizada;Entrega Finalizada;22;4;20;4;BV LOG;26003;;;
MOBIS BRASIL FABRICACAO DE AUTO PECAS LT;RODOVIARIO;1496031;17/04/2026;100;338517;20/04/2026;BILLY DISTRIBUIDORA DE VEICULOS LTDA;1,34E+13;SAO CAETANO DO SUL;SP;20/04/2026;22/04/2026;20/03/2026;Entregue No Prazo;;Entrega realizada;Entrega Finalizada;22;4;20;4;BV LOG;26003;;;
MOBIS BRASIL FABRICACAO DE AUTO PECAS LT;RODOVIARIO;1496012;17/04/2026;3;338518;20/04/2026;CAOA MOTOR DO BRASIL LTDA (VL PRUDENTE);1,68E+13;SAO PAULO;SP;20/04/2026;22/04/2026;20/03/2026;Entregue No Prazo;;Entrega realizada;Entrega Finalizada;22;4;20;4;BV LOG;26051;;;
MOBIS BRASIL FABRICACAO DE AUTO PECAS LT;RODOVIARIO;1496013;17/04/2026;2;338519;20/04/2026;CHS MOTORS VEICULOS PECAS(VL. GUILHERME);1,69E+13;SAO PAULO;SP;20/04/2026;22/04/2026;20/03/2026;Entregue No Prazo;;Entrega realizada;Entrega Finalizada;22;4;20;4;BV LOG;26052;;;
MOBIS BRASIL FABRICACAO DE AUTO PECAS LT;RODOVIARIO;1478801;17/03/2026;38;332911;17/03/2026;BDG AUTOVILLE VEICULOS LTDA;4,77E+13;CONTAGEM;MG;17/03/2026;20/03/2026;21/03/2026;Entregue Fora do Prazo;;Entrega realizada;Entrega Finalizada;20;3;17;3;XD BETIM;11037;;;
MOBIS BRASIL FABRICACAO DE AUTO PECAS LT;RODOVIARIO;1479564;18/03/2026;1;333150;18/03/2026;DHC COMERCIO DE VEICULOS E PECAS LTDA;9,52E+12;OURINHOS;SP;18/03/2026;24/03/2026;21/03/2026;Entregue No Prazo;;Entrega realizada;Entrega Finalizada;24;3;18;3;RISSO;26010;;;
MOBIS BRASIL FABRICACAO DE AUTO PECAS LT;RODOVIARIO;1469638;26/02/2026;18;331102;06/03/2026;PRIVILLEGE DISTRIBUIDORA DE VEICULOS LTD;1,72E+13;PALMAS;TO;06/03/2026;17/03/2026;23/03/2026;Entregue Fora do Prazo;;Entrega realizada;Entrega Finalizada;17;3;6;3;RIO VERMELHO;27003;;;
MOBIS BRASIL FABRICACAO DE AUTO PECAS LT;RODOVIARIO;1473874;06/03/2026;1;331143;06/03/2026;CAOA MOTOR DO BRASIL LTDA;1,68E+13;CAMPINA GRANDE;PB;06/03/2026;26/03/2026;23/03/2026;Entregue No Prazo;;Entrega realizada;Entrega Finalizada;26;3;6;3;TERMACO;5008;Aniversário do Município;Porto Alegre;RS
MOBIS BRASIL FABRICACAO DE AUTO PECAS LT;RODOVIARIO;1473939;06/03/2026;1;331102;06/03/2026;PRIVILLEGE DISTRIBUIDORA DE VEICULOS LTD;1,72E+13;PALMAS;TO;06/03/2026;17/03/2026;23/03/2026;Entregue Fora do Prazo;;Entrega realizada;Entrega Finalizada;17;3;6;3;RIO VERMELHO;27003;;;
MOBIS BRASIL FABRICACAO DE AUTO PECAS LT;RODOVIARIO;1474600;09/03/2026;1;331512;09/03/2026;PATEO COMERCIO DE VEICULOS S A;7,78E+12;SAO LUIS;MA;09/03/2026;24/03/2026;23/03/2026;Entregue No Prazo;;Entrega realizada;Entrega Finalizada;24;3;9;3;TERMACO;10002;;;
MOBIS BRASIL FABRICACAO DE AUTO PECAS LT;RODOVIARIO;1474601;09/03/2026;6;331512;09/03/2026;PATEO COMERCIO DE VEICULOS S A;7,78E+12;SAO LUIS;MA;09/03/2026;24/03/2026;23/03/2026;Entregue No Prazo;;Entrega realizada;Entrega Finalizada;24;3;9;3;TERMACO;10002;;;
MOBIS BRASIL FABRICACAO DE AUTO PECAS LT;RODOVIARIO;1474614;09/03/2026;2;331513;09/03/2026;PATEO COMERCIO DE VEICULOS S A;7,78E+12;JOAO PESSOA;PB;09/03/2026;24/03/2026;23/03/2026;Entregue No Prazo;;Entrega realizada;Entrega Finalizada;24;3;9;3;TERMACO;15003;;;
MOBIS BRASIL FABRICACAO DE AUTO PECAS LT;RODOVIARIO;1475693;10/03/2026;2;331791;10/03/2026;PATEO COMERCIO DE VEICULOS S A;7,78E+12;SAO LUIS;MA;10/03/2026;25/03/2026;23/03/2026;Entregue No Prazo;;Entrega realizada;Entrega Finalizada;25;3;10;3;TERMACO;10002;Abolição da Escravidão no Ceará;Estadual;CE
MOBIS BRASIL FABRICACAO DE AUTO PECAS LT;RODOVIARIO;1475692;10/03/2026;10;331791;10/03/2026;PATEO COMERCIO DE VEICULOS S A;7,78E+12;SAO LUIS;MA;10/03/2026;25/03/2026;23/03/2026;Entregue No Prazo;;Entrega realizada;Entrega Finalizada;25;3;10;3;TERMACO;10002;Abolição da Escravidão no Ceará;Estadual;CE
MOBIS BRASIL FABRICACAO DE AUTO PECAS LT;RODOVIARIO;1475396;10/03/2026;3;331792;10/03/2026;PATEO COMERCIO DE VEICULOS S A;7,78E+12;JOAO PESSOA;PB;10/03/2026;25/03/2026;23/03/2026;Entregue No Prazo;;Entrega realizada;Entrega Finalizada;25;3;10;3;TERMACO;15003;Abolição da Escravidão no Ceará;Estadual;CE
MOBIS BRASIL FABRICACAO DE AUTO PECAS LT;RODOVIARIO;1475378;10/03/2026;1;331786;10/03/2026;NACIONAL NOVA MARABA DIST DE VEIC. LTDA;1,70E+13;IMPERATRIZ;MA;10/03/2026;30/03/2026;23/03/2026;Entregue No Prazo;;Entrega realizada;Entrega Finalizada;30;3;10;3;TERMACO;10003;;;
MOBIS BRASIL FABRICACAO DE AUTO PECAS LT;RODOVIARIO;1476501;11/03/2026;4;331981;11/03/2026;SAGA ASIA COM. DE VEIC.PC.E SERV. LTDA;2,14E+13;PORTO VELHO;RO;11/03/2026;20/03/2026;23/03/2026;Entregue Fora do Prazo;;Entrega realizada;Entrega Finalizada;20;3;11;3;CARVALIMA;21003;;;
MOBIS BRASIL FABRICACAO DE AUTO PECAS LT;RODOVIARIO;1475941;11/03/2026;6;331965;11/03/2026;FAZZA MOTORS COMERCIO DE VEICULOS LTDA;1,24E+13;SALVADOR;BA;11/03/2026;23/03/2026;23/03/2026;Entregue No Prazo;;Entrega realizada;Entrega Finalizada;23;3;11;3;TERMACO;5007;;;
MOBIS BRASIL FABRICACAO DE AUTO PECAS LT;RODOVIARIO;1475940;11/03/2026;99;331975;11/03/2026;PATEO COMERCIO DE VEICULOS S A;7,78E+12;SALVADOR;BA;11/03/2026;23/03/2026;23/03/2026;Entregue No Prazo;;Entrega realizada;Entrega Finalizada;23;3;11;3;TERMACO;5003;;;
MOBIS BRASIL FABRICACAO DE AUTO PECAS LT;RODOVIARIO;1475945;11/03/2026;2;331984;11/03/2026;SAINT LAND COMERCIO DE VEICULOS LTDA;1,04E+13;JUAZEIRO DO NORTE;CE;11/03/2026;27/03/2026;23/03/2026;Entregue No Prazo;;Entrega realizada;Entrega Finalizada;27;3;11;3;TERMACO;6010;;;
MOBIS BRASIL FABRICACAO DE AUTO PECAS LT;RODOVIARIO;1476903;12/03/2026;1;332169;12/03/2026;PRIVILLEGE DISTRIBUIDORA DE VEICULOS LTD;1,72E+13;PALMAS;TO;12/03/2026;23/03/2026;23/03/2026;Entregue No Prazo;;Entrega realizada;Entrega Finalizada;23;3;12;3;RIO VERMELHO;27003;;;
MOBIS BRASIL FABRICACAO DE AUTO PECAS LT;RODOVIARIO;1476859;12/03/2026;1;332231;12/03/2026;SAGA ASIA COM. DE VEIC.PC.E SERV. LTDA;2,14E+13;PORTO VELHO;RO;12/03/2026;23/03/2026;23/03/2026;Entregue No Prazo;;Entrega realizada;Entrega Finalizada;23;3;12;3;CARVALIMA;21003;;;
MOBIS BRASIL FABRICACAO DE AUTO PECAS LT;RODOVIARIO;1476797;12/03/2026;16;332214;12/03/2026;FAZZA MOTORS COMERCIO DE VEICULOS LTDA;1,24E+13;SALVADOR;BA;12/03/2026;24/03/2026;23/03/2026;Entregue No Prazo;;Entrega realizada;Entrega Finalizada;24;3;12;3;TERMACO;5007;;;
MOBIS BRASIL FABRICACAO DE AUTO PECAS LT;RODOVIARIO;1476821;12/03/2026;1;332225;12/03/2026;PATEO COMERCIO DE VEICULOS S A;7,78E+12;SAO LUIS;MA;12/03/2026;27/03/2026;23/03/2026;Entregue No Prazo;;Entrega realizada;Entrega Finalizada;27;3;12;3;TERMACO;10002;;;
MOBIS BRASIL FABRICACAO DE AUTO PECAS LT;RODOVIARIO;1476835;12/03/2026;1;332204;12/03/2026;AUTORAC VEICULOS LTDA;1,06E+13;CARUARU;PE;12/03/2026;30/03/2026;23/03/2026;Entregue No Prazo;;Entrega realizada;Entrega Finalizada;30;3;12;3;TERMACO;16001;;;
MOBIS BRASIL FABRICACAO DE AUTO PECAS LT;RODOVIARIO;1476803;12/03/2026;1;332235;12/03/2026;SAINT LAND COMERCIO DE VEICULOS LTDA;1,04E+13;JUAZEIRO DO NORTE;CE;12/03/2026;30/03/2026;23/03/2026;Entregue No Prazo;;Entrega realizada;Entrega Finalizada;30;3;12;3;TERMACO;6010;;;
MOBIS BRASIL FABRICACAO DE AUTO PECAS LT;RODOVIARIO;1477778;13/03/2026;1;332459;13/03/2026;BDG AUTOVILLE VEICULOS LTDA;4,77E+13;CONTAGEM;MG;13/03/2026;18/03/2026;23/03/2026;Entregue Fora do Prazo;;Entrega realizada;Entrega Finalizada;18;3;13;3;XD BETIM;11037;;;
MOBIS BRASIL FABRICACAO DE AUTO PECAS LT;RODOVIARIO;1477779;13/03/2026;4;332459;13/03/2026;BDG AUTOVILLE VEICULOS LTDA;4,77E+13;CONTAGEM;MG;13/03/2026;18/03/2026;23/03/2026;Entregue Fora do Prazo;;Entrega realizada;Entrega Finalizada;18;3;13;3;XD BETIM;11037;;;
MOBIS BRASIL FABRICACAO DE AUTO PECAS LT;RODOVIARIO;1477774;13/03/2026;3;332461;13/03/2026;CARBEL KOREA VEICULOS LTDA;2,07E+13;BELO HORIZONTE;MG;13/03/2026;18/03/2026;23/03/2026;Entregue Fora do Prazo;;Entrega realizada;Entrega Finalizada;18;3;13;3;XD BETIM;11021;;;
MOBIS BRASIL FABRICACAO DE AUTO PECAS LT;RODOVIARIO;1477775;13/03/2026;2;332476;13/03/2026;VIME POCOS COM. DE VEICULOS E PECAS LTDA;3,43E+13;POCOS DE CALDAS;MG;13/03/2026;19/03/2026;23/03/2026;Entregue Fora do Prazo;;Entrega realizada;Entrega Finalizada;19;3;13;3;XD BETIM;11033;;;
MOBIS BRASIL FABRICACAO DE AUTO PECAS LT;RODOVIARIO;1477811;13/03/2026;2;332529;13/03/2026;SAGA ASIA COM. DE VEIC.PC.E SERV. LTDA;2,14E+13;PORTO VELHO;RO;13/03/2026;26/03/2026;23/03/2026;Entregue No Prazo;;Entrega realizada;Entrega Finalizada;26;3;13;3;CARVALIMA;21003;Aniversário do Município;Porto Alegre;RS
MOBIS BRASIL FABRICACAO DE AUTO PECAS LT;RODOVIARIO;1477756;13/03/2026;3;332507;13/03/2026;FAZZA MOTORS COM. DE VEICULOS LTDA;1,24E+13;FORTALEZA;CE;13/03/2026;27/03/2026;23/03/2026;Entregue No Prazo;;Entrega realizada;Entrega Finalizada;27;3;13;3;TERMACO;6001;;;
MOBIS BRASIL FABRICACAO DE AUTO PECAS LT;RODOVIARIO;1477755;13/03/2026;1;332516;13/03/2026;MASTER COMERCIAL DE VEICULOS LTDA;2,85E+13;BARREIRAS;BA;13/03/2026;30/03/2026;23/03/2026;Entregue No Prazo;;Entrega realizada;Entrega Finalizada;30;3;13;3;TERMACO;5012;;;
MOBIS BRASIL FABRICACAO DE AUTO PECAS LT;RODOVIARIO;1478084;16/03/2026;58;332699;16/03/2026;BDG AUTOVILLE VEICULOS LTDA;4,77E+13;CONTAGEM;MG;16/03/2026;19/03/2026;23/03/2026;Entregue Fora do Prazo;;Entrega realizada;Entrega Finalizada;19;3;16;3;XD BETIM;11037;;;
MOBIS BRASIL FABRICACAO DE AUTO PECAS LT;RODOVIARIO;1478082;16/03/2026;2;332700;16/03/2026;CARBEL KOREA VEICULOS LTDA;2,07E+13;BELO HORIZONTE;MG;16/03/2026;19/03/2026;23/03/2026;Entregue Fora do Prazo;;Entrega realizada;Entrega Finalizada;19;3;16;3;XD BETIM;11021;;;
MOBIS BRASIL FABRICACAO DE AUTO PECAS LT;RODOVIARIO;1478081;16/03/2026;12;332710;16/03/2026;TAI MOTORS VEICULOS S/A;9,27E+12;BELO HORIZONTE;MG;16/03/2026;19/03/2026;23/03/2026;Entregue Fora do Prazo;;Entrega realizada;Entrega Finalizada;19;3;16;3;XD BETIM;8002;;;
MOBIS BRASIL FABRICACAO DE AUTO PECAS LT;RODOVIARIO;1478120;16/03/2026;32;332723;16/03/2026;CARWAY SUL VEICULOS LTDA;1,03E+13;CANOAS;RS;16/03/2026;20/03/2026;23/03/2026;Entregue Fora do Prazo;;Entrega realizada;Entrega Finalizada;20;3;16;3;TRANSTRY;23003;;;
MOBIS BRASIL FABRICACAO DE AUTO PECAS LT;RODOVIARIO;1478101;16/03/2026;1;332738;16/03/2026;ZENDAI VEICULOS LTDA;1,97E+13;TOLEDO;PR;16/03/2026;23/03/2026;23/03/2026;Entregue No Prazo;;Entrega realizada;Entrega Finalizada;23;3;16;3;TRANSTRY;18016;;;
MOBIS BRASIL FABRICACAO DE AUTO PECAS LT;RODOVIARIO;1478115;16/03/2026;2;332766;16/03/2026;TAI MOTORS VEICULOS S/A.;9,27E+12;CAMPOS DOS GOYTACAZES;RJ;16/03/2026;23/03/2026;23/03/2026;Entregue No Prazo;;Entrega realizada;Entrega Finalizada;23;3;16;3;CAMILO;19023;;;
MOBIS BRASIL FABRICACAO DE AUTO PECAS LT;RODOVIARIO;1478075;16/03/2026;3;332704;16/03/2026;NISA COMERCIAL DE VEIC. AUTOMOTORES LTDA;1,03E+13;GOIANIA;GO;16/03/2026;24/03/2026;23/03/2026;Entregue No Prazo;;Entrega realizada;Entrega Finalizada;24;3;16;3;RIO VERMELHO;9013;;;
MOBIS BRASIL FABRICACAO DE AUTO PECAS LT;RODOVIARIO;1478074;16/03/2026;11;332707;16/03/2026;SAGA KOREA COM. DE VEIC. E PC. LTDA;1,27E+13;GOIANIA;GO;16/03/2026;24/03/2026;23/03/2026;Entregue No Prazo;;Entrega realizada;Entrega Finalizada;24;3;16;3;RIO VERMELHO;9011;;;
MOBIS BRASIL FABRICACAO DE AUTO PECAS LT;RODOVIARIO;1478073;16/03/2026;2;332707;16/03/2026;SAGA KOREA COM. DE VEIC. E PC. LTDA;1,27E+13;GOIANIA;GO;16/03/2026;24/03/2026;23/03/2026;Entregue No Prazo;;Entrega realizada;Entrega Finalizada;24;3;16;3;RIO VERMELHO;9011;;;
MOBIS BRASIL FABRICACAO DE AUTO PECAS LT;RODOVIARIO;1478086;16/03/2026;5;332747;16/03/2026;GOLDEN MOTORS VEICULOS LTDA;3,62E+12;DOURADOS;MS;16/03/2026;24/03/2026;23/03/2026;Entregue No Prazo;;Entrega realizada;Entrega Finalizada;24;3;16;3;CARVALIMA;12001;;;
MOBIS BRASIL FABRICACAO DE AUTO PECAS LT;RODOVIARIO;1478070;16/03/2026;2;332758;16/03/2026;PRIME CACHOEIRO VEICULOS LTDA;9,34E+12;LINHARES;ES;16/03/2026;24/03/2026;23/03/2026;Entregue No Prazo;;Entrega realizada;Entrega Finalizada;24;3;16;3;CAMILO;8004;;;
MOBIS BRASIL FABRICACAO DE AUTO PECAS LT;RODOVIARIO;1478064;16/03/2026;1;332745;16/03/2026;FAZZA MOTORS COM. DE VEICULOS LTDA;1,24E+13;FORTALEZA;CE;16/03/2026;30/03/2026;23/03/2026;Entregue No Prazo;;Entrega realizada;Entrega Finalizada;30;3;16;3;TERMACO;6001;;;
MOBIS BRASIL FABRICACAO DE AUTO PECAS LT;RODOVIARIO;1478091;16/03/2026;1;332752;16/03/2026;NACIONAL NOVA MARABA DIST DE VEIC. LTDA;1,70E+13;MARABA;PA;16/03/2026;30/03/2026;23/03/2026;Entregue No Prazo;;Entrega realizada;Entrega Finalizada;30;3;16;3;CARVALIMA;14005;;;
MOBIS BRASIL FABRICACAO DE AUTO PECAS LT;RODOVIARIO;1478062;16/03/2026;1;332751;16/03/2026;MASTER COMERCIAL DE VEICULOS LTDA;2,85E+13;BARREIRAS;BA;16/03/2026;31/03/2026;23/03/2026;Entregue No Prazo;;Entrega realizada;Entrega Finalizada;31;3;16;3;TERMACO;5012;;;
MOBIS BRASIL FABRICACAO DE AUTO PECAS LT;RODOVIARIO;1478798;17/03/2026;1;332925;17/03/2026;TOKSU COMERCIO DE VEICULOS LTDA;1,12E+13;VARGINHA;MG;17/03/2026;23/03/2026;23/03/2026;Entregue No Prazo;;Entrega realizada;Entrega Finalizada;23;3;17;3;XD BETIM;11008;;;
MOBIS BRASIL FABRICACAO DE AUTO PECAS LT;RODOVIARIO;1478799;17/03/2026;3;332930;17/03/2026;VIME POCOS COM. DE VEICULOS E PECAS LTDA;3,43E+13;POCOS DE CALDAS;MG;17/03/2026;23/03/2026;23/03/2026;Entregue No Prazo;;Entrega realizada;Entrega Finalizada;23;3;17;3;XD BETIM;11033;;;
MOBIS BRASIL FABRICACAO DE AUTO PECAS LT;RODOVIARIO;1478835;17/03/2026;5;332957;17/03/2026;CAOA MOTOR DO BRASIL LTDA;1,68E+13;RIO DE JANEIRO;RJ;17/03/2026;23/03/2026;23/03/2026;Entregue No Prazo;;Entrega realizada;Entrega Finalizada;23;3;17;3;CAMILO;5008;;;
MOBIS BRASIL FABRICACAO DE AUTO PECAS LT;RODOVIARIO;1478849;17/03/2026;1;332933;17/03/2026;ATUAL VEICULOS LTDA;1,33E+13;ARARANGUA;SC;17/03/2026;24/03/2026;23/03/2026;Entregue No Prazo;;Entrega realizada;Entrega Finalizada;24;3;17;3;TRANSTRY;24001;;;
MOBIS BRASIL FABRICACAO DE AUTO PECAS LT;RODOVIARIO;1478851;17/03/2026;6;332935;17/03/2026;ATUAL VEICULOS LTDA;1,33E+13;TUBARAO;SC;17/03/2026;24/03/2026;23/03/2026;Entregue No Prazo;;Entrega realizada;Entrega Finalizada;24;3;17;3;TRANSTRY;24001;;;
MOBIS BRASIL FABRICACAO DE AUTO PECAS LT;RODOVIARIO;1478783;17/03/2026;3;332916;17/03/2026;NISA COMERCIAL DE VEIC. AUTOMOTORES LTDA;1,03E+13;APARECIDA DE GOIANIA;GO;17/03/2026;25/03/2026;23/03/2026;Entregue No Prazo;;Entrega realizada;Entrega Finalizada;25;3;17;3;RIO VERMELHO;9002;Abolição da Escravidão no Ceará;Estadual;CE
MOBIS BRASIL FABRICACAO DE AUTO PECAS LT;RODOVIARIO;1478782;17/03/2026;76;332921;17/03/2026;SAGA KOREA COM. DE VEIC. E PC. LTDA;1,27E+13;BRASILIA;DF;17/03/2026;25/03/2026;23/03/2026;Entregue No Prazo;;Entrega realizada;Entrega Finalizada;25;3;17;3;RIO VERMELHO;7005;Abolição da Escravidão no Ceará;Estadual;CE
MOBIS BRASIL FABRICACAO DE AUTO PECAS LT;RODOVIARIO;1478993;17/03/2026;8;332922;17/03/2026;SMAFF IMPORT VEICULOS LTDA;8,18E+12;BRASILIA;DF;17/03/2026;25/03/2026;23/03/2026;Entregue No Prazo;;Entrega realizada;Entrega Finalizada;25;3;17;3;RIO VERMELHO;7002;Abolição da Escravidão no Ceará;Estadual;CE
MOBIS BRASIL FABRICACAO DE AUTO PECAS LT;RODOVIARIO;1478842;17/03/2026;1;332980;17/03/2026;SAGA ASIA COM. DE VEIC.PC.E SERV. LTDA;2,14E+13;PORTO VELHO;RO;17/03/2026;27/03/2026;23/03/2026;Entregue No Prazo;;Entrega realizada;Entrega Finalizada;27;3;17;3;CARVALIMA;21003;;;
MOBIS BRASIL FABRICACAO DE AUTO PECAS LT;RODOVIARIO;1478812;17/03/2026;4;332959;17/03/2026;CAOA MOTOR DO BRASIL LTDA;1,68E+13;BELEM;PA;17/03/2026;30/03/2026;23/03/2026;Entregue No Prazo;;Entrega realizada;Entrega Finalizada;30;3;17;3;CARVALIMA;5008;;;
MOBIS BRASIL FABRICACAO DE AUTO PECAS LT;RODOVIARIO;1478813;17/03/2026;1;332975;17/03/2026;NACIONAL NOVA MARABA DIST DE VEIC. LTDA;1,70E+13;MARABA;PA;17/03/2026;31/03/2026;23/03/2026;Entregue No Prazo;;Entrega realizada;Entrega Finalizada;31;3;17;3;CARVALIMA;14005;;;
MOBIS BRASIL FABRICACAO DE AUTO PECAS LT;RODOVIARIO;1479549;18/03/2026;60;333139;18/03/2026;BILLY DISTRIBUIDORA DE VEICULOS LTDA;1,34E+13;SAO CAETANO DO SUL;SP;18/03/2026;20/03/2026;23/03/2026;Entregue Fora do Prazo;;Entrega realizada;Entrega Finalizada;20;3;18;3;RISSO;26003;;;
MOBIS BRASIL FABRICACAO DE AUTO PECAS LT;RODOVIARIO;1479548;18/03/2026;4;333139;18/03/2026;BILLY DISTRIBUIDORA DE VEICULOS LTDA;1,34E+13;SAO CAETANO DO SUL;SP;18/03/2026;20/03/2026;23/03/2026;Entregue Fora do Prazo;;Entrega realizada;Entrega Finalizada;20;3;18;3;RISSO;26003;;;
MOBIS BRASIL FABRICACAO DE AUTO PECAS LT;RODOVIARIO;1479556;18/03/2026;3;333140;18/03/2026;CAOA MOTOR DO BRASIL LTDA;1,68E+13;SANTO ANDRE;SP;18/03/2026;20/03/2026;23/03/2026;Entregue Fora do Prazo;;Entrega realizada;Entrega Finalizada;20;3;18;3;RISSO;5008;;;
MOBIS BRASIL FABRICACAO DE AUTO PECAS LT;RODOVIARIO;1479489;18/03/2026;3;333162;18/03/2026;BDG AUTOVILLE VEICULOS LTDA;4,77E+13;CONTAGEM;MG;18/03/2026;23/03/2026;23/03/2026;Entregue No Prazo;;Entrega realizada;Entrega Finalizada;23;3;18;3;XD BETIM;11037;;;
MOBIS BRASIL FABRICACAO DE AUTO PECAS LT;RODOVIARIO;1479487;18/03/2026;7;333163;18/03/2026;CARBEL KOREA VEICULOS LTDA;2,07E+13;BELO HORIZONTE;MG;18/03/2026;23/03/2026;23/03/2026;Entregue No Prazo;;Entrega realizada;Entrega Finalizada;23;3;18;3;XD BETIM;11021;;;
MOBIS BRASIL FABRICACAO DE AUTO PECAS LT;RODOVIARIO;1479486;18/03/2026;10;333170;18/03/2026;TAI MOTORS VEICULOS S/A;9,27E+12;BELO HORIZONTE;MG;18/03/2026;23/03/2026;23/03/2026;Entregue No Prazo;;Entrega realizada;Entrega Finalizada;23;3;18;3;XD BETIM;8002;;;
MOBIS BRASIL FABRICACAO DE AUTO PECAS LT;RODOVIARIO;1479560;18/03/2026;1;333149;18/03/2026;DESTAQUE SEUL DISTR DE VEIC PEC LTDA;2,12E+13;CARAGUATATUBA;SP;18/03/2026;24/03/2026;23/03/2026;Entregue No Prazo;;Entrega realizada;Entrega Finalizada;24;3;18;3;RISSO;26082;;;
MOBIS BRASIL FABRICACAO DE AUTO PECAS LT;RODOVIARIO;1479552;18/03/2026;58;333156;18/03/2026;H R B COMERCIO DE VEICULOS LTDA;1,82E+13;SAO JOSE DO RIO PRETO;SP;18/03/2026;24/03/2026;23/03/2026;Entregue No Prazo;;"Entrega realizada; Conferencia no cliente";Entrega Finalizada;24;3;18;3;RISSO;26050;;;
MOBIS BRASIL FABRICACAO DE AUTO PECAS LT;RODOVIARIO;1479551;18/03/2026;1;333156;18/03/2026;H R B COMERCIO DE VEICULOS LTDA;1,82E+13;SAO JOSE DO RIO PRETO;SP;18/03/2026;24/03/2026;23/03/2026;Entregue No Prazo;;"Entrega realizada; Conferencia no cliente";Entrega Finalizada;24;3;18;3;RISSO;26050;;;
MOBIS BRASIL FABRICACAO DE AUTO PECAS LT;RODOVIARIO;1479483;18/03/2026;1;333174;18/03/2026;URCA MOTORS VEICULOS LTDA;8,77E+12;UBERLANDIA;MG;18/03/2026;24/03/2026;23/03/2026;Entregue No Prazo;;Entrega realizada;Entrega Finalizada;24;3;18;3;XD BETIM;9014;;;
MOBIS BRASIL FABRICACAO DE AUTO PECAS LT;RODOVIARIO;1479510;18/03/2026;5;333183;18/03/2026;BARI VEICULOS LTDA;7,46E+12;PONTA GROSSA;PR;18/03/2026;24/03/2026;23/03/2026;Entregue No Prazo;;Entrega realizada;Entrega Finalizada;24;3;18;3;TRANSTRY;18024;;;
MOBIS BRASIL FABRICACAO DE AUTO PECAS LT;RODOVIARIO;1479533;18/03/2026;2;333185;18/03/2026;BARI VEICULOS LTDA.;7,46E+12;JOINVILLE;SC;18/03/2026;24/03/2026;23/03/2026;Entregue No Prazo;;Entrega realizada;Entrega Finalizada;24;3;18;3;TRANSTRY;24013;;;
MOBIS BRASIL FABRICACAO DE AUTO PECAS LT;RODOVIARIO;1479506;18/03/2026;2;333195;18/03/2026;LOVAT VEICULOS S/A;8,57E+12;LONDRINA;PR;18/03/2026;24/03/2026;23/03/2026;Entregue No Prazo;;Entrega realizada;Entrega Finalizada;24;3;18;3;TRANSTRY;18008;;;
MOBIS BRASIL FABRICACAO DE AUTO PECAS LT;RODOVIARIO;1479507;18/03/2026;5;333196;18/03/2026;LOVAT VEICULOS S/A;8,57E+12;MARINGA;PR;18/03/2026;24/03/2026;23/03/2026;Entregue No Prazo;;Entrega realizada;Entrega Finalizada;24;3;18;3;TRANSTRY;18008;;;
MOBIS BRASIL FABRICACAO DE AUTO PECAS LT;RODOVIARIO;1479509;18/03/2026;3;333200;18/03/2026;VETOR AUTOMOVEIS LTDA;2,12E+13;CASCAVEL;PR;18/03/2026;24/03/2026;23/03/2026;Entregue No Prazo;;Entrega realizada;Entrega Finalizada;24;3;18;3;TRANSTRY;18019;;;
MOBIS BRASIL FABRICACAO DE AUTO PECAS LT;RODOVIARIO;1479527;18/03/2026;2;333180;18/03/2026;ATUAL VEICULOS LTDA;1,33E+13;ARARANGUA;SC;18/03/2026;25/03/2026;23/03/2026;Entregue No Prazo;;Entrega realizada;Entrega Finalizada;25;3;18;3;TRANSTRY;24001;Abolição da Escravidão no Ceará;Estadual;CE
MOBIS BRASIL FABRICACAO DE AUTO PECAS LT;RODOVIARIO;1479531;18/03/2026;2;333182;18/03/2026;BARI VEICULOS LTDA;7,46E+12;BLUMENAU;SC;18/03/2026;25/03/2026;23/03/2026;Entregue No Prazo;;Entrega realizada;Entrega Finalizada;25;3;18;3;TRANSTRY;18024;Abolição da Escravidão no Ceará;Estadual;CE
MOBIS BRASIL FABRICACAO DE AUTO PECAS LT;RODOVIARIO;1479532;18/03/2026;10;333182;18/03/2026;BARI VEICULOS LTDA;7,46E+12;BLUMENAU;SC;18/03/2026;25/03/2026;23/03/2026;Entregue No Prazo;;Entrega realizada;Entrega Finalizada;25;3;18;3;TRANSTRY;18024;Abolição da Escravidão no Ceará;Estadual;CE
MOBIS BRASIL FABRICACAO DE AUTO PECAS LT;RODOVIARIO;1479534;18/03/2026;1;333191;18/03/2026;GAMBATTO H1 VEICULOS LTDA;1,94E+13;CHAPECO;SC;18/03/2026;25/03/2026;23/03/2026;Entregue No Prazo;;Entrega realizada;Entrega Finalizada;25;3;18;3;TRANSTRY;24018;Abolição da Escravidão no Ceará;Estadual;CE
MOBIS BRASIL FABRICACAO DE AUTO PECAS LT;RODOVIARIO;1479530;18/03/2026;3;333197;18/03/2026;LR COMERCIO DE VEICULOS LTDA;1,05E+13;SAO JOSE;SC;18/03/2026;25/03/2026;23/03/2026;Entregue No Prazo;;Entrega realizada;Entrega Finalizada;25;3;18;3;TRANSTRY;24007;Abolição da Escravidão no Ceará;Estadual;CE
MOBIS BRASIL FABRICACAO DE AUTO PECAS LT;RODOVIARIO;1479537;18/03/2026;2;333198;18/03/2026;LR COMERCIO DE VEICULOS LTDA;1,05E+13;RIO DO SUL;SC;18/03/2026;25/03/2026;23/03/2026;Entregue No Prazo;;Entrega realizada;Entrega Finalizada;25;3;18;3;TRANSTRY;24007;Abolição da Escravidão no Ceará;Estadual;CE
MOBIS BRASIL FABRICACAO DE AUTO PECAS LT;RODOVIARIO;1479511;18/03/2026;1;333201;18/03/2026;VETOR AUTOMOVEIS LTDA;2,12E+13;FOZ DO IGUACU;PR;18/03/2026;25/03/2026;23/03/2026;Entregue No Prazo;;Entrega realizada;Entrega Finalizada;25;3;18;3;TRANSTRY;18019;Abolição da Escravidão no Ceará;Estadual;CE
MOBIS BRASIL FABRICACAO DE AUTO PECAS LT;RODOVIARIO;1479477;18/03/2026;2;333166;18/03/2026;NISA COMERCIAL DE VEIC. AUTOMOTORES LTDA;1,03E+13;GOIANIA;GO;18/03/2026;26/03/2026;23/03/2026;Entregue No Prazo;;Entrega realizada;Entrega Finalizada;26;3;18;3;RIO VERMELHO;9013;Aniversário do Município;Porto Alegre;RS
MOBIS BRASIL FABRICACAO DE AUTO PECAS LT;RODOVIARIO;1479475;18/03/2026;10;333167;18/03/2026;SAGA KOREA COM. DE VEIC. E PC. LTDA;1,27E+13;BRASILIA;DF;18/03/2026;26/03/2026;23/03/2026;Entregue No Prazo;;Entrega realizada;Entrega Finalizada;26;3;18;3;RIO VERMELHO;7005;Aniversário do Município;Porto Alegre;RS
MOBIS BRASIL FABRICACAO DE AUTO PECAS LT;RODOVIARIO;1479954;18/03/2026;18;333168;18/03/2026;SMAFF IMPORT VEICULOS LTDA;8,18E+12;BRASILIA;DF;18/03/2026;26/03/2026;23/03/2026;Entregue No Prazo;;Entrega realizada;Entrega Finalizada;26;3;18;3;RIO VERMELHO;7002;Aniversário do Município;Porto Alegre;RS
MOBIS BRASIL FABRICACAO DE AUTO PECAS LT;RODOVIARIO;1479474;18/03/2026;4;333169;18/03/2026;SMAFF IMPORT VEICULOS LTDA;8,18E+12;BRASILIA;DF;18/03/2026;26/03/2026;23/03/2026;Entregue No Prazo;;Entrega realizada;Entrega Finalizada;26;3;18;3;RIO VERMELHO;7002;Aniversário do Município;Porto Alegre;RS
MOBIS BRASIL FABRICACAO DE AUTO PECAS LT;RODOVIARIO;1479492;18/03/2026;1;333211;18/03/2026;GOLDEN MOTORS VEICULOS LTDA;3,62E+12;DOURADOS;MS;18/03/2026;26/03/2026;23/03/2026;Entregue No Prazo;;Entrega realizada;Entrega Finalizada;26;3;18;3;CARVALIMA;12001;Aniversário do Município;Porto Alegre;RS
MOBIS BRASIL FABRICACAO DE AUTO PECAS LT;RODOVIARIO;1479496;18/03/2026;1;333206;18/03/2026;COMETA MATO GROSSO COM. DE VEICULOS LTDA;1,54E+13;TANGARA DA SERRA;MT;18/03/2026;27/03/2026;23/03/2026;Entregue No Prazo;;Entrega realizada;Entrega Finalizada;27;3;18;3;CARVALIMA;13007;;;
MOBIS BRASIL FABRICACAO DE AUTO PECAS LT;RODOVIARIO;1479495;18/03/2026;2;333207;18/03/2026;COMETA MATO GROSSO COM. DE VEICULOS LTDA;1,54E+13;RONDONOPOLIS;MT;18/03/2026;30/03/2026;23/03/2026;Entregue No Prazo;;Entrega realizada;Entrega Finalizada;30;3;18;3;CARVALIMA;13006;;;
MOBIS BRASIL FABRICACAO DE AUTO PECAS LT;RODOVIARIO;1479494;18/03/2026;1;333208;18/03/2026;COMETA MATO GROSSO COM. DE VEICULOS LTDA;1,54E+13;SINOP;MT;18/03/2026;30/03/2026;23/03/2026;Entregue No Prazo;;Entrega realizada;Entrega Finalizada;30;3;18;3;CARVALIMA;13003;;;
MOBIS BRASIL FABRICACAO DE AUTO PECAS LT;RODOVIARIO;1480192;19/03/2026;1;333533;19/03/2026;CAOA MOTOR DO BRASIL LTDA;1,68E+13;SANTO ANDRE;SP;19/03/2026;23/03/2026;23/03/2026;Entregue No Prazo;;Entrega realizada;Entrega Finalizada;23;3;19;3;RISSO;5008;;;
MOBIS BRASIL FABRICACAO DE AUTO PECAS LT;RODOVIARIO;1480205;19/03/2026;4;333537;19/03/2026;CHS MOTORS VEICULOS PECAS E SERV.  LTDA;1,69E+13;SAO PAULO;SP;19/03/2026;23/03/2026;23/03/2026;Entregue No Prazo;;Entrega realizada;Entrega Finalizada;23;3;19;3;RISSO;26108;;;
MOBIS BRASIL FABRICACAO DE AUTO PECAS LT;RODOVIARIO;1480183;19/03/2026;2;333539;19/03/2026;CHS MOTORS VEICULOS PECAS E SERV LTDA  ;1,69E+13;SAO PAULO;SP;19/03/2026;23/03/2026;23/03/2026;Entregue No Prazo;;Entrega realizada;Entrega Finalizada;23;3;19;3;RISSO;26037;;;
MOBIS BRASIL FABRICACAO DE AUTO PECAS LT;RODOVIARIO;1480178;19/03/2026;4;333547;19/03/2026;GRAND SPORT COM. DE VEIC. E PECAS LTDA;8,58E+12;GUARULHOS;SP;19/03/2026;23/03/2026;23/03/2026;Entregue No Prazo;;Entrega realizada;Entrega Finalizada;23;3;19;3;RISSO;26005;;;
MOBIS BRASIL FABRICACAO DE AUTO PECAS LT;RODOVIARIO;1480141;19/03/2026;1;333432;19/03/2026;BARI VEICULOS LTDA;7,46E+12;CURITIBA;PR;19/03/2026;24/03/2026;23/03/2026;Entregue No Prazo;;Entrega realizada;Entrega Finalizada;24;3;19;3;TRANSTRY;18024;;;
MOBIS BRASIL FABRICACAO DE AUTO PECAS LT;RODOVIARIO;1480119;19/03/2026;27;333506;19/03/2026;BDG AUTOVILLE VEICULOS LTDA;4,77E+13;CONTAGEM;MG;19/03/2026;24/03/2026;23/03/2026;Entregue No Prazo;;Entrega realizada;Entrega Finalizada;24;3;19;3;XD BETIM;11037;;;
MOBIS BRASIL FABRICACAO DE AUTO PECAS LT;RODOVIARIO;1480114;19/03/2026;1;333507;19/03/2026;CAOA MOTOR DO BRASIL LTDA;1,68E+13;BELO HORIZONTE;MG;19/03/2026;24/03/2026;23/03/2026;Entregue No Prazo;;Entrega realizada;Entrega Finalizada;24;3;19;3;XD BETIM;5008;;;
MOBIS BRASIL FABRICACAO DE AUTO PECAS LT;RODOVIARIO;1480113;19/03/2026;23;333519;19/03/2026;TAI MOTORS VEICULOS S/A;9,27E+12;BELO HORIZONTE;MG;19/03/2026;24/03/2026;23/03/2026;Entregue No Prazo;;Entrega realizada;Entrega Finalizada;24;3;19;3;XD BETIM;8002;;;
MOBIS BRASIL FABRICACAO DE AUTO PECAS LT;RODOVIARIO;1480181;19/03/2026;6;333553;19/03/2026;MOTONET COMERCIO DE VEICULOS LTDA;9,28E+12;SOROCABA;SP;19/03/2026;24/03/2026;23/03/2026;Entregue No Prazo;;Entrega realizada;Entrega Finalizada;24;3;19;3;RISSO;26113;;;
MOBIS BRASIL FABRICACAO DE AUTO PECAS LT;RODOVIARIO;1480109;19/03/2026;1;333522;19/03/2026;URCA MOTORS VEICULOS LTDA;8,77E+12;UBERLANDIA;MG;19/03/2026;25/03/2026;23/03/2026;Entregue No Prazo;;Entrega realizada;Entrega Finalizada;25;3;19;3;XD BETIM;9014;Abolição da Escravidão no Ceará;Estadual;CE
MOBIS BRASIL FABRICACAO DE AUTO PECAS LT;RODOVIARIO;1480116;19/03/2026;1;333524;19/03/2026;VIME POCOS COM. DE VEICULOS E PECAS LTDA;3,43E+13;POCOS DE CALDAS;MG;19/03/2026;25/03/2026;23/03/2026;Entregue No Prazo;;Entrega realizada;Entrega Finalizada;25;3;19;3;XD BETIM;11033;Abolição da Escravidão no Ceará;Estadual;CE
MOBIS BRASIL FABRICACAO DE AUTO PECAS LT;RODOVIARIO;1480206;19/03/2026;1;333545;19/03/2026;GOLDEN MOTORS VEICULOS LTDA;3,62E+12;VOTUPORANGA;SP;19/03/2026;25/03/2026;23/03/2026;Entregue No Prazo;;Entrega realizada;Entrega Finalizada;25;3;19;3;RISSO;12001;Abolição da Escravidão no Ceará;Estadual;CE
MOBIS BRASIL FABRICACAO DE AUTO PECAS LT;RODOVIARIO;1480188;19/03/2026;27;333551;19/03/2026;H R B COMERCIO DE VEICULOS LTDA;1,82E+13;SAO JOSE DO RIO PRETO;SP;19/03/2026;25/03/2026;23/03/2026;Entregue No Prazo;;"Entrega realizada; Conferencia no cliente";Entrega Finalizada;25;3;19;3;RISSO;26050;Abolição da Escravidão no Ceará;Estadual;CE
MOBIS BRASIL FABRICACAO DE AUTO PECAS LT;RODOVIARIO;1480743;19/03/2026;1;333555;19/03/2026;NEW VEICULOS E PECAS LTDA;1,59E+13;FRANCA;SP;19/03/2026;25/03/2026;23/03/2026;Entregue No Prazo;;Entrega realizada;Entrega Finalizada;25;3;19;3;RISSO;26014;Abolição da Escravidão no Ceará;Estadual;CE
MOBIS BRASIL FABRICACAO DE AUTO PECAS LT;RODOVIARIO;1480145;19/03/2026;1;333602;19/03/2026;VIA VR VEICULOS LTDA;1,73E+13;VOLTA REDONDA;RJ;19/03/2026;26/03/2026;23/03/2026;Entregue No Prazo;;Entrega realizada;Entrega Finalizada;26;3;19;3;CAMILO;19016;Aniversário do Município;Porto Alegre;RS
MOBIS BRASIL FABRICACAO DE AUTO PECAS LT;RODOVIARIO;1480124;19/03/2026;2;333570;19/03/2026;COMETA MATO GROSSO COM. DE VEICULOS LTDA;1,54E+13;RONDONOPOLIS;MT;19/03/2026;31/03/2026;23/03/2026;Entregue No Prazo;;Entrega realizada;Entrega Finalizada;31;3;19;3;CARVALIMA;13006;;;
MOBIS BRASIL FABRICACAO DE AUTO PECAS LT;RODOVIARIO;1480154;19/03/2026;1;333572;19/03/2026;COMETA RONDONIA COMERCIO DE VEICULO;4,23E+12;VILHENA;RO;19/03/2026;01/04/2026;23/03/2026;Entregue No Prazo;;Entrega realizada;Entrega Finalizada;1;4;19;3;CARVALIMA;#N/D;;;
MOBIS BRASIL FABRICACAO DE AUTO PECAS LT;RODOVIARIO;1480940;20/03/2026;2;333639;20/03/2026;BILLY DISTRIBUIDORA DE VEICULOS LTDA;1,34E+13;SAO PAULO;SP;20/03/2026;24/03/2026;23/03/2026;Entregue No Prazo;;Entrega realizada;Entrega Finalizada;24;3;20;3;RISSO;26003;;;
MOBIS BRASIL FABRICACAO DE AUTO PECAS LT;RODOVIARIO;1480929;20/03/2026;2;333640;20/03/2026;BILLY DISTRIBUIDORA DE VEICULOS LTDA;1,34E+13;SAO CAETANO DO SUL;SP;20/03/2026;24/03/2026;23/03/2026;Entregue No Prazo;;Entrega realizada;Entrega Finalizada;24;3;20;3;RISSO;26003;;;
MOBIS BRASIL FABRICACAO DE AUTO PECAS LT;RODOVIARIO;1480930;20/03/2026;9;333640;20/03/2026;BILLY DISTRIBUIDORA DE VEICULOS LTDA;1,34E+13;SAO CAETANO DO SUL;SP;20/03/2026;24/03/2026;23/03/2026;Entregue No Prazo;;Entrega realizada;Entrega Finalizada;24;3;20;3;RISSO;26003;;;
MOBIS BRASIL FABRICACAO DE AUTO PECAS LT;RODOVIARIO;1480921;20/03/2026;68;333641;20/03/2026;BILLY DISTRIBUIDORA DE VEICULOS LTDA;1,34E+13;BARUERI;SP;20/03/2026;24/03/2026;23/03/2026;Entregue No Prazo;;Entrega realizada;Entrega Finalizada;24;3;20;3;RISSO;26003;;;
MOBIS BRASIL FABRICACAO DE AUTO PECAS LT;RODOVIARIO;1480920;20/03/2026;3;333641;20/03/2026;BILLY DISTRIBUIDORA DE VEICULOS LTDA;1,34E+13;BARUERI;SP;20/03/2026;24/03/2026;23/03/2026;Entregue No Prazo;;Entrega realizada;Entrega Finalizada;24;3;20;3;RISSO;26003;;;
MOBIS BRASIL FABRICACAO DE AUTO PECAS LT;RODOVIARIO;1480934;20/03/2026;1;333645;20/03/2026;CAOA MOTOR DO BRASIL LTDA (VL PRUDENTE);1,68E+13;SAO PAULO;SP;20/03/2026;24/03/2026;23/03/2026;Entregue No Prazo;;Entrega realizada;Entrega Finalizada;24;3;20;3;RISSO;26051;;;
MOBIS BRASIL FABRICACAO DE AUTO PECAS LT;RODOVIARIO;1480945;20/03/2026;2;333646;20/03/2026;CHS MOTORS VEICULOS PECAS E SERV.  LTDA;1,69E+13;SAO PAULO;SP;20/03/2026;24/03/2026;23/03/2026;Entregue No Prazo;;Entrega realizada;Entrega Finalizada;24;3;20;3;RISSO;26108;;;
MOBIS BRASIL FABRICACAO DE AUTO PECAS LT;RODOVIARIO;1480935;20/03/2026;1;333647;20/03/2026;CHS MOTORS VEICULOS PECAS(VL. GUILHERME);1,69E+13;SAO PAULO;SP;20/03/2026;24/03/2026;23/03/2026;Entregue No Prazo;;Entrega realizada;Entrega Finalizada;24;3;20;3;RISSO;26052;;;
MOBIS BRASIL FABRICACAO DE AUTO PECAS LT;RODOVIARIO;1480923;20/03/2026;1;333652;20/03/2026;GRAND SPORT COM. DE VEIC. E PECAS LTDA;8,58E+12;GUARULHOS;SP;20/03/2026;24/03/2026;23/03/2026;Entregue No Prazo;;Entrega realizada;Entrega Finalizada;24;3;20;3;RISSO;26005;;;
MOBIS BRASIL FABRICACAO DE AUTO PECAS LT;RODOVIARIO;1480924;20/03/2026;1;333652;20/03/2026;GRAND SPORT COM. DE VEIC. E PECAS LTDA;8,58E+12;GUARULHOS;SP;20/03/2026;24/03/2026;23/03/2026;Entregue No Prazo;;Entrega realizada;Entrega Finalizada;24;3;20;3;RISSO;26005;;;
MOBIS BRASIL FABRICACAO DE AUTO PECAS LT;RODOVIARIO;1480928;20/03/2026;7;333634;20/03/2026;ANDRETA II DISTRIB.DE VEICULOS LTDA.;9,10E+12;JUNDIAI;SP;20/03/2026;25/03/2026;23/03/2026;Entregue No Prazo;;Entrega realizada;Entrega Finalizada;25;3;20;3;RISSO;26040;Abolição da Escravidão no Ceará;Estadual;CE
MOBIS BRASIL FABRICACAO DE AUTO PECAS LT;RODOVIARIO;1480926;20/03/2026;39;333638;20/03/2026;ANDRETA II DISTRIBUIDORA DE VEIC. LTDA;9,10E+12;CAMPINAS;SP;20/03/2026;25/03/2026;23/03/2026;Entregue No Prazo;;Entrega realizada;Entrega Finalizada;25;3;20;3;RISSO;26011;Abolição da Escravidão no Ceará;Estadual;CE
MOBIS BRASIL FABRICACAO DE AUTO PECAS LT;RODOVIARIO;1480942;20/03/2026;2;333643;20/03/2026;CAOA MOTOR DO BRASIL LTDA;1,68E+13;SANTOS;SP;20/03/2026;25/03/2026;23/03/2026;Entregue No Prazo;;Entrega realizada;Entrega Finalizada;25;3;20;3;RISSO;5008;Abolição da Escravidão no Ceará;Estadual;CE
MOBIS BRASIL FABRICACAO DE AUTO PECAS LT;RODOVIARIO;1480937;20/03/2026;1;333644;20/03/2026;CAOA MOTOR DO BRASIL LTDA;1,68E+13;CAMPINAS;SP;20/03/2026;25/03/2026;23/03/2026;Entregue No Prazo;;Entrega realizada;Entrega Finalizada;25;3;20;3;RISSO;5008;Abolição da Escravidão no Ceará;Estadual;CE
MOBIS BRASIL FABRICACAO DE AUTO PECAS LT;RODOVIARIO;1480925;20/03/2026;2;333649;20/03/2026;DHC COMERCIO DE VEICULOS E PECAS LTDA;9,52E+12;BAURU;SP;20/03/2026;25/03/2026;23/03/2026;Entregue No Prazo;;Entrega realizada;Entrega Finalizada;25;3;20;3;RISSO;26010;Abolição da Escravidão no Ceará;Estadual;CE
MOBIS BRASIL FABRICACAO DE AUTO PECAS LT;RODOVIARIO;1480941;20/03/2026;3;333642;20/03/2026;CAOA MOTOR DO BRASIL LTDA;1,68E+13;PRAIA GRANDE;SP;20/03/2026;26/03/2026;23/03/2026;Entregue No Prazo;;Entrega realizada;Entrega Finalizada;26;3;20;3;RISSO;5008;Aniversário do Município;Porto Alegre;RS
MOBIS BRASIL FABRICACAO DE AUTO PECAS LT;RODOVIARIO;1480918;20/03/2026;2;333655;20/03/2026;HYMAX DISTRIBUIDORA DE VEICULOS LTDA;1,73E+13;MOGI GUACU;SP;20/03/2026;26/03/2026;23/03/2026;Entregue No Prazo;;Entrega realizada;Entrega Finalizada;26;3;20;3;RISSO;26002;Aniversário do Município;Porto Alegre;RS
MOBIS BRASIL FABRICACAO DE AUTO PECAS LT;RODOVIARIO;1480919;20/03/2026;27;333655;20/03/2026;HYMAX DISTRIBUIDORA DE VEICULOS LTDA;1,73E+13;MOGI GUACU;SP;20/03/2026;26/03/2026;23/03/2026;Entregue No Prazo;;Entrega realizada;Entrega Finalizada;26;3;20;3;RISSO;26002;Aniversário do Município;Porto Alegre;RS
MOBIS BRASIL FABRICACAO DE AUTO PECAS LT;RODOVIARIO;1480872;20/03/2026;1;333692;20/03/2026;COMETA MATO GROSSO COM. DE VEICULOS LTDA;1,54E+13;RONDONOPOLIS;MT;20/03/2026;01/04/2026;23/03/2026;Entregue No Prazo;;Entrega realizada;Entrega Finalizada;1;4;20;3;CARVALIMA;13006;;;
MOBIS BRASIL FABRICACAO DE AUTO PECAS LT;RODOVIARIO;1481641;23/03/2026;1;333887;23/03/2026;ANDRETA II DISTRIB.DE VEICULOS LTDA.;9,10E+12;JUNDIAI;SP;23/03/2026;26/03/2026;23/03/2026;Entregue No Prazo;;Entrega realizada;Entrega Finalizada;26;3;23;3;RISSO;26040;Aniversário do Município;Porto Alegre;RS
MOBIS BRASIL FABRICACAO DE AUTO PECAS LT;RODOVIARIO;1464464;13/02/2026;2;328212;13/02/2026;PATEO COMERCIO DE VEICULOS S A;7,78E+12;MANAUS;AM;13/02/2026;11/03/2026;24/03/2026;Entregue Fora do Prazo;;Entrega realizada;Entrega Finalizada;11;3;13;2;NORTEX;3002;;;
MOBIS BRASIL FABRICACAO DE AUTO PECAS LT;RODOVIARIO;1475400;10/03/2026;43;331790;10/03/2026;PATEO COMERCIO DE VEICULOS S A;7,78E+12;RECIFE;PE;10/03/2026;25/03/2026;24/03/2026;Entregue No Prazo;;Entrega realizada;Entrega Finalizada;25;3;10;3;TERMACO;16004;Abolição da Escravidão no Ceará;Estadual;CE
MOBIS BRASIL FABRICACAO DE AUTO PECAS LT;RODOVIARIO;1475399;10/03/2026;2;331790;10/03/2026;PATEO COMERCIO DE VEICULOS S A;7,78E+12;RECIFE;PE;10/03/2026;25/03/2026;24/03/2026;Entregue No Prazo;;Entrega realizada;Entrega Finalizada;25;3;10;3;TERMACO;16004;Abolição da Escravidão no Ceará;Estadual;CE
MOBIS BRASIL FABRICACAO DE AUTO PECAS LT;RODOVIARIO;1475417;10/03/2026;4;331798;10/03/2026;SAINT LAND COMERCIO DE VEICULOS LTDA;1,04E+13;NATAL;RN;10/03/2026;25/03/2026;24/03/2026;Entregue No Prazo;;Entrega realizada;Entrega Finalizada;25;3;10;3;TERMACO;6010;Abolição da Escravidão no Ceará;Estadual;CE
MOBIS BRASIL FABRICACAO DE AUTO PECAS LT;RODOVIARIO;1475416;10/03/2026;1;331787;10/03/2026;ORIENTE AUTOMOVEIS LTDA;1,33E+13;PARNAMIRIM;RN;10/03/2026;26/03/2026;24/03/2026;Entregue No Prazo;;Entrega realizada;Entrega Finalizada;26;3;10;3;TERMACO;20001;Aniversário do Município;Porto Alegre;RS
MOBIS BRASIL FABRICACAO DE AUTO PECAS LT;RODOVIARIO;1475987;11/03/2026;1;331982;11/03/2026;SAINT LAND COMERCIO DE VEICULOS LTDA;1,04E+13;NATAL;RN;11/03/2026;26/03/2026;24/03/2026;Entregue No Prazo;;Entrega realizada;Entrega Finalizada;26;3;11;3;TERMACO;6010;Aniversário do Município;Porto Alegre;RS
MOBIS BRASIL FABRICACAO DE AUTO PECAS LT;RODOVIARIO;1476830;12/03/2026;2;332219;12/03/2026;JPG MOTORS COMERCIO DE VEICULOS LTDA;2,91E+13;CAMPO GRANDE;MS;12/03/2026;20/03/2026;24/03/2026;Entregue Fora do Prazo;;Entrega realizada;Entrega Finalizada;20;3;12;3;CARVALIMA;12005;;;
MOBIS BRASIL FABRICACAO DE AUTO PECAS LT;RODOVIARIO;1476794;12/03/2026;2;332213;12/03/2026;CYCOSA AUTOMOVEIS LTDA;4,76E+12;MACEIO;AL;12/03/2026;26/03/2026;24/03/2026;Entregue No Prazo;;Entrega realizada;Entrega Finalizada;26;3;12;3;TERMACO;2001;Aniversário do Município;Porto Alegre;RS
MOBIS BRASIL FABRICACAO DE AUTO PECAS LT;RODOVIARIO;1476836;12/03/2026;2;332227;12/03/2026;PATEO COMERCIO DE VEICULOS S A;7,78E+12;RECIFE;PE;12/03/2026;27/03/2026;24/03/2026;Entregue No Prazo;;Entrega realizada;Entrega Finalizada;27;3;12;3;TERMACO;16004;;;
MOBIS BRASIL FABRICACAO DE AUTO PECAS LT;RODOVIARIO;1476858;12/03/2026;2;332234;12/03/2026;SAINT LAND COMERCIO DE VEICULOS LTDA;1,04E+13;NATAL;RN;12/03/2026;27/03/2026;24/03/2026;Entregue No Prazo;;Entrega realizada;Entrega Finalizada;27;3;12;3;TERMACO;6010;;;
MOBIS BRASIL FABRICACAO DE AUTO PECAS LT;RODOVIARIO;1476857;12/03/2026;2;332234;12/03/2026;SAINT LAND COMERCIO DE VEICULOS LTDA;1,04E+13;NATAL;RN;12/03/2026;27/03/2026;24/03/2026;Entregue No Prazo;;Entrega realizada;Entrega Finalizada;27;3;12;3;TERMACO;6010;;;
MOBIS BRASIL FABRICACAO DE AUTO PECAS LT;RODOVIARIO;1476833;12/03/2026;1;332208;12/03/2026;CAOA MOTOR DO BRASIL LTDA;1,68E+13;CAMPINA GRANDE;PB;12/03/2026;30/03/2026;24/03/2026;Entregue No Prazo;;Entrega realizada;Entrega Finalizada;30;3;12;3;TERMACO;5008;;;
MOBIS BRASIL FABRICACAO DE AUTO PECAS LT;RODOVIARIO;1477772;13/03/2026;5;332463;13/03/2026;IMOTORS VEICULOS LTDA;7,17E+12;JUIZ DE FORA;MG;13/03/2026;19/03/2026;24/03/2026;Entregue Fora do Prazo;;Entrega realizada;Entrega Finalizada;19;3;13;3;XD BETIM;11010;;;
MOBIS BRASIL FABRICACAO DE AUTO PECAS LT;RODOVIARIO;1477777;13/03/2026;1;332462;13/03/2026;GNC GRANDE COREIA MINAS GERAIS COMERCIO;4,27E+13;MONTES CLAROS;MG;13/03/2026;20/03/2026;24/03/2026;Entregue Fora do Prazo;;Entrega realizada;Entrega Finalizada;20;3;13;3;XD BETIM;11035;;;
MOBIS BRASIL FABRICACAO DE AUTO PECAS LT;RODOVIARIO;1477771;13/03/2026;3;332474;13/03/2026;TOKSU COMERCIO DE VEICULOS LTDA;1,12E+13;BARBACENA;MG;13/03/2026;20/03/2026;24/03/2026;Entregue Fora do Prazo;;Entrega realizada;Entrega Finalizada;20;3;13;3;XD BETIM;11008;;;
MOBIS BRASIL FABRICACAO DE AUTO PECAS LT;RODOVIARIO;1477773;13/03/2026;2;332477;13/03/2026;VITAL COMERCIO DE VEICULOS LTDA;1,05E+13;IPATINGA;MG;13/03/2026;20/03/2026;24/03/2026;Entregue Fora do Prazo;;Entrega realizada;Entrega Finalizada;20;3;13;3;XD BETIM;11016;;;
MOBIS BRASIL FABRICACAO DE AUTO PECAS LT;RODOVIARIO;1477766;13/03/2026;50;332468;13/03/2026;SAGA KOREA COM. DE VEIC. E PC. LTDA;1,27E+13;GOIANIA;GO;13/03/2026;23/03/2026;24/03/2026;Entregue Fora do Prazo;;Entrega realizada;Entrega Finalizada;23;3;13;3;RIO VERMELHO;9011;;;
MOBIS BRASIL FABRICACAO DE AUTO PECAS LT;RODOVIARIO;1477889;13/03/2026;1;332530;13/03/2026;SEVEL VEICULOS LTDA;1,07E+13;ARACAJU;SE;13/03/2026;26/03/2026;24/03/2026;Entregue No Prazo;;Entrega realizada;Entrega Finalizada;26;3;13;3;TERMACO;25001;Aniversário do Município;Porto Alegre;RS
MOBIS BRASIL FABRICACAO DE AUTO PECAS LT;RODOVIARIO;1477888;13/03/2026;10;332530;13/03/2026;SEVEL VEICULOS LTDA;1,07E+13;ARACAJU;SE;13/03/2026;26/03/2026;24/03/2026;Entregue No Prazo;;Entrega realizada;Entrega Finalizada;26;3;13;3;TERMACO;25001;Aniversário do Município;Porto Alegre;RS
MOBIS BRASIL FABRICACAO DE AUTO PECAS LT;RODOVIARIO;1477753;13/03/2026;2;332499;13/03/2026;AIKON VEICULOS LTDA;1,17E+13;ITABUNA;BA;13/03/2026;30/03/2026;24/03/2026;Entregue No Prazo;;Entrega realizada;Entrega Finalizada;30;3;13;3;TERMACO;5002;;;
MOBIS BRASIL FABRICACAO DE AUTO PECAS LT;RODOVIARIO;1477748;13/03/2026;1;332500;13/03/2026;AIKON VEICULOS LTDA;1,17E+13;VITORIA DA CONQUISTA;BA;13/03/2026;30/03/2026;24/03/2026;Entregue No Prazo;;Entrega realizada;Entrega Finalizada;30;3;13;3;TERMACO;5002;;;
MOBIS BRASIL FABRICACAO DE AUTO PECAS LT;RODOVIARIO;1477752;13/03/2026;3;332523;13/03/2026;PATEO COMERCIO DE VEICULOS S A;7,78E+12;FEIRA DE SANTANA;BA;13/03/2026;30/03/2026;24/03/2026;Entregue No Prazo;;Entrega realizada;Entrega Finalizada;30;3;13;3;TERMACO;5009;;;
MOBIS BRASIL FABRICACAO DE AUTO PECAS LT;RODOVIARIO;1477792;13/03/2026;2;332502;13/03/2026;AUTORAC VEICULOS LTDA;1,06E+13;CARUARU;PE;13/03/2026;31/03/2026;24/03/2026;Entregue No Prazo;;Entrega realizada;Entrega Finalizada;31;3;13;3;TERMACO;16001;;;
MOBIS BRASIL FABRICACAO DE AUTO PECAS LT;RODOVIARIO;1478080;16/03/2026;8;332714;16/03/2026;URCA MOTORS VEICULOS LTDA;8,77E+12;UBERLANDIA;MG;16/03/2026;20/03/2026;24/03/2026;Entregue Fora do Prazo;;Entrega realizada;Entrega Finalizada;20;3;16;3;XD BETIM;9014;;;
MOBIS BRASIL FABRICACAO DE AUTO PECAS LT;RODOVIARIO;1478083;16/03/2026;13;332701;16/03/2026;GNC GRANDE COREIA MINAS GERAIS COMERCIO;4,27E+13;MONTES CLAROS;MG;16/03/2026;23/03/2026;24/03/2026;Entregue Fora do Prazo;;Entrega realizada;Entrega Finalizada;23;3;16;3;XD BETIM;11035;;;
MOBIS BRASIL FABRICACAO DE AUTO PECAS LT;RODOVIARIO;1478085;16/03/2026;2;332706;16/03/2026;RITMO MOTORS LTDA;1,94E+13;PASSOS;MG;16/03/2026;23/03/2026;24/03/2026;Entregue Fora do Prazo;;Entrega realizada;Entrega Finalizada;23;3;16;3;XD BETIM;11040;;;
MOBIS BRASIL FABRICACAO DE AUTO PECAS LT;RODOVIARIO;1478123;16/03/2026;2;332726;16/03/2026;GAMBATTO H1 VEICULOS LTDA;1,94E+13;PASSO FUNDO;RS;16/03/2026;23/03/2026;24/03/2026;Entregue Fora do Prazo;;Entrega realizada;Entrega Finalizada;23;3;16;3;TRANSTRY;23015;;;
MOBIS BRASIL FABRICACAO DE AUTO PECAS LT;RODOVIARIO;1478072;16/03/2026;1;332703;16/03/2026;NISA COMERCIAL DE VEIC. AUTOMOTORES LTDA;1,03E+13;APARECIDA DE GOIANIA;GO;16/03/2026;24/03/2026;24/03/2026;Entregue No Prazo;;Entrega realizada;Entrega Finalizada;24;3;16;3;RIO VERMELHO;9002;;;
MOBIS BRASIL FABRICACAO DE AUTO PECAS LT;RODOVIARIO;1478076;16/03/2026;4;332713;16/03/2026;URCA MOTORS VEICULOS LTDA;8,77E+12;ITUMBIARA;GO;16/03/2026;26/03/2026;24/03/2026;Entregue No Prazo;;Entrega realizada;Entrega Finalizada;26;3;16;3;RIO VERMELHO;9014;Aniversário do Município;Porto Alegre;RS
MOBIS BRASIL FABRICACAO DE AUTO PECAS LT;RODOVIARIO;1478543;16/03/2026;7;332764;16/03/2026;SEVEL VEICULOS LTDA;1,07E+13;ARACAJU;SE;16/03/2026;27/03/2026;24/03/2026;Entregue No Prazo;;Entrega realizada;Entrega Finalizada;27;3;16;3;TERMACO;25001;;;
MOBIS BRASIL FABRICACAO DE AUTO PECAS LT;RODOVIARIO;1478541;16/03/2026;1;332764;16/03/2026;SEVEL VEICULOS LTDA;1,07E+13;ARACAJU;SE;16/03/2026;27/03/2026;24/03/2026;Entregue No Prazo;;Entrega realizada;Entrega Finalizada;27;3;16;3;TERMACO;25001;;;
MOBIS BRASIL FABRICACAO DE AUTO PECAS LT;RODOVIARIO;1478547;16/03/2026;1;332764;16/03/2026;SEVEL VEICULOS LTDA;1,07E+13;ARACAJU;SE;16/03/2026;27/03/2026;24/03/2026;Entregue No Prazo;;Entrega realizada;Entrega Finalizada;27;3;16;3;TERMACO;25001;;;
MOBIS BRASIL FABRICACAO DE AUTO PECAS LT;RODOVIARIO;1478544;16/03/2026;4;332764;16/03/2026;SEVEL VEICULOS LTDA;1,07E+13;ARACAJU;SE;16/03/2026;27/03/2026;24/03/2026;Entregue No Prazo;;Entrega realizada;Entrega Finalizada;27;3;16;3;TERMACO;25001;;;
MOBIS BRASIL FABRICACAO DE AUTO PECAS LT;RODOVIARIO;1478090;16/03/2026;1;332768;16/03/2026;UNIQUE COMERCIO DE AUTOMOVEIS LTDA;1,74E+13;ANANINDEUA;PA;16/03/2026;27/03/2026;24/03/2026;Entregue No Prazo;;Entrega realizada;Entrega Finalizada;27;3;16;3;CARVALIMA;14003;;;
MOBIS BRASIL FABRICACAO DE AUTO PECAS LT;RODOVIARIO;1478061;16/03/2026;2;332755;16/03/2026;PATEO COMERCIO DE VEICULOS S A;7,78E+12;FEIRA DE SANTANA;BA;16/03/2026;31/03/2026;24/03/2026;Entregue No Prazo;;Entrega realizada;Entrega Finalizada;31;3;16;3;TERMACO;5009;;;
MOBIS BRASIL FABRICACAO DE AUTO PECAS LT;RODOVIARIO;1478094;16/03/2026;2;332757;16/03/2026;PATEO COMERCIO DE VEICULOS S A;7,78E+12;RECIFE;PE;16/03/2026;31/03/2026;24/03/2026;Entregue No Prazo;;Entrega realizada;Entrega Finalizada;31;3;16;3;TERMACO;16004;;;
MOBIS BRASIL FABRICACAO DE AUTO PECAS LT;RODOVIARIO;1478095;16/03/2026;1;332740;16/03/2026;AUTORAC VEICULOS LTDA;1,06E+13;PETROLINA;PE;16/03/2026;01/04/2026;24/03/2026;Entregue No Prazo;;Entrega realizada;Entrega Finalizada;1;4;16;3;TERMACO;16001;;;
MOBIS BRASIL FABRICACAO DE AUTO PECAS LT;RODOVIARIO;1479002;17/03/2026;71;332906;17/03/2026;NEW VEICULOS E PECAS LTDA;1,59E+13;RIBEIRAO PRETO;SP;17/03/2026;20/03/2026;24/03/2026;Entregue Fora do Prazo;Entrega Parcial;Entrega realizada;Entrega Finalizada;20;3;17;3;RISSO;26014;;;
MOBIS BRASIL FABRICACAO DE AUTO PECAS LT;RODOVIARIO;1478844;17/03/2026;2;332946;17/03/2026;HOUSE PARTS-COM. DE PCS. E VEICULOS LTDA;1,15E+13;PORTO ALEGRE;RS;17/03/2026;23/03/2026;24/03/2026;Entregue Fora do Prazo;;Entrega realizada;Entrega Finalizada;23;3;17;3;TRANSTRY;23004;;;
MOBIS BRASIL FABRICACAO DE AUTO PECAS LT;RODOVIARIO;1478803;17/03/2026;2;332919;17/03/2026;RITMO MOTORS LTDA;1,94E+13;PASSOS;MG;17/03/2026;24/03/2026;24/03/2026;Entregue No Prazo;;Entrega realizada;Entrega Finalizada;24;3;17;3;XD BETIM;11040;;;
MOBIS BRASIL FABRICACAO DE AUTO PECAS LT;RODOVIARIO;1478850;17/03/2026;1;332934;17/03/2026;ATUAL VEICULOS LTDA;1,33E+13;CRICIUMA;SC;17/03/2026;24/03/2026;24/03/2026;Entregue No Prazo;;Entrega realizada;Entrega Finalizada;24;3;17;3;TRANSTRY;24001;;;
MOBIS BRASIL FABRICACAO DE AUTO PECAS LT;RODOVIARIO;1478847;17/03/2026;1;332943;17/03/2026;GALA COMERCIO DE VEICULOS LTDA.;1,77E+13;PELOTAS;RS;17/03/2026;24/03/2026;24/03/2026;Entregue No Prazo;;Entrega realizada;Entrega Finalizada;24;3;17;3;TRANSTRY;23009;;;
MOBIS BRASIL FABRICACAO DE AUTO PECAS LT;RODOVIARIO;1478786;17/03/2026;6;332917;17/03/2026;NISA COMERCIAL DE VEIC. AUTOMOTORES LTDA;1,03E+13;GOIANIA;GO;17/03/2026;25/03/2026;24/03/2026;Entregue No Prazo;;Entrega realizada;Entrega Finalizada;25;3;17;3;RIO VERMELHO;9013;Abolição da Escravidão no Ceará;Estadual;CE
MOBIS BRASIL FABRICACAO DE AUTO PECAS LT;RODOVIARIO;1478787;17/03/2026;1;332929;17/03/2026;URCA MOTORS VEICULOS LTDA;8,77E+12;RIO VERDE;GO;17/03/2026;27/03/2026;24/03/2026;Entregue No Prazo;;Entrega realizada;Entrega Finalizada;27;3;17;3;RIO VERMELHO;9014;;;
MOBIS BRASIL FABRICACAO DE AUTO PECAS LT;RODOVIARIO;1478811;17/03/2026;11;332985;17/03/2026;UNIQUE COMERCIO DE AUTOMOVEIS LTDA;1,74E+13;ANANINDEUA;PA;17/03/2026;30/03/2026;24/03/2026;Entregue No Prazo;;Entrega realizada;Entrega Finalizada;30;3;17;3;CARVALIMA;14003;;;
MOBIS BRASIL FABRICACAO DE AUTO PECAS LT;RODOVIARIO;1478780;17/03/2026;2;332961;17/03/2026;CAOA MOTOR DO BRASIL LTDA;1,68E+13;FORTALEZA;CE;17/03/2026;31/03/2026;24/03/2026;Entregue No Prazo;;Entrega realizada;Entrega Finalizada;31;3;17;3;TERMACO;5008;;;
MOBIS BRASIL FABRICACAO DE AUTO PECAS LT;RODOVIARIO;1478818;17/03/2026;26;332979;17/03/2026;PATEO COMERCIO DE VEICULOS S A;7,78E+12;RECIFE;PE;17/03/2026;01/04/2026;24/03/2026;Entregue No Prazo;;Entrega realizada;Entrega Finalizada;1;4;17;3;TERMACO;16004;;;
MOBIS BRASIL FABRICACAO DE AUTO PECAS LT;RODOVIARIO;1478817;17/03/2026;1;332979;17/03/2026;PATEO COMERCIO DE VEICULOS S A;7,78E+12;RECIFE;PE;17/03/2026;01/04/2026;24/03/2026;Entregue No Prazo;;Entrega realizada;Entrega Finalizada;1;4;17;3;TERMACO;16004;;;
MOBIS BRASIL FABRICACAO DE AUTO PECAS LT;RODOVIARIO;1479558;18/03/2026;23;333148;18/03/2026;DESTAQUE SEUL DISTR. DE VEIC. E PC. LTDA;2,12E+13;ATIBAIA;SP;18/03/2026;23/03/2026;24/03/2026;Entregue Fora do Prazo;;Entrega realizada;Entrega Finalizada;23;3;18;3;RISSO;26075;;;
MOBIS BRASIL FABRICACAO DE AUTO PECAS LT;RODOVIARIO;1479521;18/03/2026;4;333194;18/03/2026;HOUSE PARTS-COM. DE PCS. E VEICULOS LTDA;1,15E+13;PORTO ALEGRE;RS;18/03/2026;24/03/2026;24/03/2026;Entregue No Prazo;;Entrega realizada;Entrega Finalizada;24;3;18;3;TRANSTRY;23004;;;
MOBIS BRASIL FABRICACAO DE AUTO PECAS LT;RODOVIARIO;1479516;18/03/2026;1;333217;18/03/2026;ITAVEMA MOTORS VEICULOS LTDA;7,73E+12;RIO DE JANEIRO;RJ;18/03/2026;24/03/2026;24/03/2026;Entregue No Prazo;;Entrega realizada;Entrega Finalizada;24;3;18;3;CAMILO;19001;;;
MOBIS BRASIL FABRICACAO DE AUTO PECAS LT;RODOVIARIO;1479517;18/03/2026;23;333217;18/03/2026;ITAVEMA MOTORS VEICULOS LTDA;7,73E+12;RIO DE JANEIRO;RJ;18/03/2026;24/03/2026;24/03/2026;Entregue No Prazo;;Entrega realizada;Entrega Finalizada;24;3;18;3;CAMILO;19001;;;
MOBIS BRASIL FABRICACAO DE AUTO PECAS LT;RODOVIARIO;1479488;18/03/2026;4;333164;18/03/2026;GNC GRANDE COREIA MINAS GERAIS COMERCIO;4,27E+13;MONTES CLAROS;MG;18/03/2026;25/03/2026;24/03/2026;Entregue No Prazo;;Entrega realizada;Entrega Finalizada;25;3;18;3;XD BETIM;11035;Abolição da Escravidão no Ceará;Estadual;CE
MOBIS BRASIL FABRICACAO DE AUTO PECAS LT;RODOVIARIO;1479484;18/03/2026;1;333172;18/03/2026;TOKSU COMERCIO DE VEICULOS LTDA;1,12E+13;BARBACENA;MG;18/03/2026;25/03/2026;24/03/2026;Entregue No Prazo;;Entrega realizada;Entrega Finalizada;25;3;18;3;XD BETIM;11008;Abolição da Escravidão no Ceará;Estadual;CE
MOBIS BRASIL FABRICACAO DE AUTO PECAS LT;RODOVIARIO;1479485;18/03/2026;3;333176;18/03/2026;VITAL COMERCIO DE VEICULOS LTDA;1,05E+13;IPATINGA;MG;18/03/2026;25/03/2026;24/03/2026;Entregue No Prazo;;Entrega realizada;Entrega Finalizada;25;3;18;3;XD BETIM;11016;Abolição da Escravidão no Ceará;Estadual;CE
MOBIS BRASIL FABRICACAO DE AUTO PECAS LT;RODOVIARIO;1479529;18/03/2026;7;333178;18/03/2026;ATUAL VEICULOS LTDA;1,33E+13;TUBARAO;SC;18/03/2026;25/03/2026;24/03/2026;Entregue No Prazo;;Entrega realizada;Entrega Finalizada;25;3;18;3;TRANSTRY;24001;Abolição da Escravidão no Ceará;Estadual;CE
MOBIS BRASIL FABRICACAO DE AUTO PECAS LT;RODOVIARIO;1479528;18/03/2026;2;333179;18/03/2026;ATUAL VEICULOS LTDA;1,33E+13;CRICIUMA;SC;18/03/2026;25/03/2026;24/03/2026;Entregue No Prazo;;Entrega realizada;Entrega Finalizada;25;3;18;3;TRANSTRY;24001;Abolição da Escravidão no Ceará;Estadual;CE
MOBIS BRASIL FABRICACAO DE AUTO PECAS LT;RODOVIARIO;1479524;18/03/2026;1;333190;18/03/2026;GALA COMERCIO DE VEICULOS LTDA.;1,77E+13;PELOTAS;RS;18/03/2026;25/03/2026;24/03/2026;Entregue No Prazo;;Entrega realizada;Entrega Finalizada;25;3;18;3;TRANSTRY;23009;Abolição da Escravidão no Ceará;Estadual;CE
MOBIS BRASIL FABRICACAO DE AUTO PECAS LT;RODOVIARIO;1479476;18/03/2026;8;333224;18/03/2026;TAI MOTORS VEICULOS S/A;9,27E+12;VITORIA;ES;18/03/2026;25/03/2026;24/03/2026;Entregue No Prazo;;Entrega realizada;Entrega Finalizada;25;3;18;3;CAMILO;8002;Abolição da Escravidão no Ceará;Estadual;CE
MOBIS BRASIL FABRICACAO DE AUTO PECAS LT;RODOVIARIO;1479478;18/03/2026;1;333175;18/03/2026;URCA MOTORS VEICULOS LTDA;8,77E+12;ITUMBIARA;GO;18/03/2026;30/03/2026;24/03/2026;Entregue No Prazo;;Entrega realizada;Entrega Finalizada;30;3;18;3;RIO VERMELHO;9014;;;
MOBIS BRASIL FABRICACAO DE AUTO PECAS LT;RODOVIARIO;1479472;18/03/2026;3;333210;18/03/2026;FAZZA MOTORS COMERCIO DE VEICULOS LTDA;1,24E+13;SALVADOR;BA;18/03/2026;30/03/2026;24/03/2026;Entregue No Prazo;;Entrega realizada;Entrega Finalizada;30;3;18;3;TERMACO;5007;;;
MOBIS BRASIL FABRICACAO DE AUTO PECAS LT;RODOVIARIO;1479498;18/03/2026;1;333204;18/03/2026;CAOA MOTOR DO BRASIL LTDA;1,68E+13;BELEM;PA;18/03/2026;31/03/2026;24/03/2026;Entregue No Prazo;;Entrega realizada;Entrega Finalizada;31;3;18;3;CARVALIMA;5008;;;
MOBIS BRASIL FABRICACAO DE AUTO PECAS LT;RODOVIARIO;1479497;18/03/2026;8;333225;18/03/2026;UNIQUE COMERCIO DE AUTOMOVEIS LTDA;1,74E+13;ANANINDEUA;PA;18/03/2026;31/03/2026;24/03/2026;Entregue No Prazo;;Entrega realizada;Entrega Finalizada;31;3;18;3;CARVALIMA;14003;;;
MOBIS BRASIL FABRICACAO DE AUTO PECAS LT;RODOVIARIO;1480177;19/03/2026;5;333557;19/03/2026;NOBRE DISTRIBUIDORA DE VEICULOS E PECAS;5,76E+12;MOGI DAS CRUZES;SP;19/03/2026;23/03/2026;24/03/2026;Entregue Fora do Prazo;;Entrega realizada;Entrega Finalizada;23;3;19;3;RISSO;26004;;;
MOBIS BRASIL FABRICACAO DE AUTO PECAS LT;RODOVIARIO;1480138;19/03/2026;4;333449;19/03/2026;SEVEC VEICULOS LTDA;5,68E+11;CURITIBA;PR;19/03/2026;24/03/2026;24/03/2026;Entregue No Prazo;;Entrega realizada;Entrega Finalizada;24;3;19;3;TRANSTRY;18012;;;
MOBIS BRASIL FABRICACAO DE AUTO PECAS LT;RODOVIARIO;1480180;19/03/2026;11;333528;19/03/2026;ANDRETA II DISTRIBUIDORA DE VEIC. LTDA;9,10E+12;CAMPINAS;SP;19/03/2026;24/03/2026;24/03/2026;Entregue No Prazo;;Entrega realizada;Entrega Finalizada;24;3;19;3;RISSO;26011;;;
MOBIS BRASIL FABRICACAO DE AUTO PECAS LT;RODOVIARIO;1480195;19/03/2026;2;333541;19/03/2026;DESTAQUE SEUL DISTR. DE VEIC. E PC. LTDA;2,12E+13;ATIBAIA;SP;19/03/2026;24/03/2026;24/03/2026;Entregue No Prazo;;Entrega realizada;Entrega Finalizada;24;3;19;3;RISSO;26075;;;
MOBIS BRASIL FABRICACAO DE AUTO PECAS LT;RODOVIARIO;1480155;19/03/2026;1;333444;19/03/2026;HOUSE PARTS-COM. DE PCS. E VEICULOS LTDA;1,15E+13;PORTO ALEGRE;RS;19/03/2026;25/03/2026;24/03/2026;Entregue No Prazo;;Entrega realizada;Entrega Finalizada;25;3;19;3;TRANSTRY;23004;Abolição da Escravidão no Ceará;Estadual;CE
MOBIS BRASIL FABRICACAO DE AUTO PECAS LT;RODOVIARIO;1480156;19/03/2026;9;333444;19/03/2026;HOUSE PARTS-COM. DE PCS. E VEICULOS LTDA;1,15E+13;PORTO ALEGRE;RS;19/03/2026;25/03/2026;24/03/2026;Entregue No Prazo;;Entrega realizada;Entrega Finalizada;25;3;19;3;TRANSTRY;23004;Abolição da Escravidão no Ceará;Estadual;CE
MOBIS BRASIL FABRICACAO DE AUTO PECAS LT;RODOVIARIO;1480111;19/03/2026;1;333509;19/03/2026;IMOTORS VEICULOS LTDA;7,17E+12;JUIZ DE FORA;MG;19/03/2026;25/03/2026;24/03/2026;Entregue No Prazo;;Entrega realizada;Entrega Finalizada;25;3;19;3;XD BETIM;11010;Abolição da Escravidão no Ceará;Estadual;CE
MOBIS BRASIL FABRICACAO DE AUTO PECAS LT;RODOVIARIO;1480110;19/03/2026;2;333520;19/03/2026;TOKSU COMERCIO DE VEICULOS LTDA;1,12E+13;JUIZ DE FORA;MG;19/03/2026;25/03/2026;24/03/2026;Entregue No Prazo;;Entrega realizada;Entrega Finalizada;25;3;19;3;XD BETIM;11008;Abolição da Escravidão no Ceará;Estadual;CE
MOBIS BRASIL FABRICACAO DE AUTO PECAS LT;RODOVIARIO;1480198;19/03/2026;2;333542;19/03/2026;DESTAQUE SEUL DISTR DE VEIC PEC LTDA;2,12E+13;CARAGUATATUBA;SP;19/03/2026;25/03/2026;24/03/2026;Entregue No Prazo;;Entrega realizada;Entrega Finalizada;25;3;19;3;RISSO;26082;Abolição da Escravidão no Ceará;Estadual;CE
MOBIS BRASIL FABRICACAO DE AUTO PECAS LT;RODOVIARIO;1480193;19/03/2026;3;333543;19/03/2026;DHC COMERCIO DE VEICULOS E PECAS LTDA;9,52E+12;MARILIA;SP;19/03/2026;25/03/2026;24/03/2026;Entregue No Prazo;;Entrega realizada;Entrega Finalizada;25;3;19;3;RISSO;26010;Abolição da Escravidão no Ceará;Estadual;CE
MOBIS BRASIL FABRICACAO DE AUTO PECAS LT;RODOVIARIO;1480143;19/03/2026;23;333564;19/03/2026;AMX COM. E SERVICOS DE AUTOMOTORES LTDA;1,20E+13;RIO DE JANEIRO;RJ;19/03/2026;25/03/2026;24/03/2026;Entregue No Prazo;;Entrega realizada;Entrega Finalizada;25;3;19;3;CAMILO;19009;Abolição da Escravidão no Ceará;Estadual;CE
MOBIS BRASIL FABRICACAO DE AUTO PECAS LT;RODOVIARIO;1480144;19/03/2026;1;333567;19/03/2026;CAOA MOTOR DO BRASIL LTDA;1,68E+13;RIO DE JANEIRO;RJ;19/03/2026;25/03/2026;24/03/2026;Entregue No Prazo;;Entrega realizada;Entrega Finalizada;25;3;19;3;CAMILO;5008;Abolição da Escravidão no Ceará;Estadual;CE
MOBIS BRASIL FABRICACAO DE AUTO PECAS LT;RODOVIARIO;1480142;19/03/2026;3;333578;19/03/2026;ITAVEMA MOTORS VEICULOS LTDA;7,73E+12;DUQUE DE CAXIAS;RJ;19/03/2026;25/03/2026;24/03/2026;Entregue No Prazo;;Entrega realizada;Entrega Finalizada;25;3;19;3;CAMILO;19001;Abolição da Escravidão no Ceará;Estadual;CE
MOBIS BRASIL FABRICACAO DE AUTO PECAS LT;RODOVIARIO;1480146;19/03/2026;1;333579;19/03/2026;ITAVEMA MOTORS VEICULOS LTDA;7,73E+12;RIO DE JANEIRO;RJ;19/03/2026;25/03/2026;24/03/2026;Entregue No Prazo;;Entrega realizada;Entrega Finalizada;25;3;19;3;CAMILO;19001;Abolição da Escravidão no Ceará;Estadual;CE
MOBIS BRASIL FABRICACAO DE AUTO PECAS LT;RODOVIARIO;1480147;19/03/2026;18;333579;19/03/2026;ITAVEMA MOTORS VEICULOS LTDA;7,73E+12;RIO DE JANEIRO;RJ;19/03/2026;25/03/2026;24/03/2026;Entregue No Prazo;;Entrega realizada;Entrega Finalizada;25;3;19;3;CAMILO;19001;Abolição da Escravidão no Ceará;Estadual;CE
MOBIS BRASIL FABRICACAO DE AUTO PECAS LT;RODOVIARIO;1480164;19/03/2026;9;333429;19/03/2026;ATUAL VEICULOS LTDA;1,33E+13;ARARANGUA;SC;19/03/2026;26/03/2026;24/03/2026;Entregue No Prazo;;Entrega realizada;Entrega Finalizada;26;3;19;3;TRANSTRY;24001;Aniversário do Município;Porto Alegre;RS
MOBIS BRASIL FABRICACAO DE AUTO PECAS LT;RODOVIARIO;1480165;19/03/2026;6;333430;19/03/2026;ATUAL VEICULOS LTDA;1,33E+13;CRICIUMA;SC;19/03/2026;26/03/2026;24/03/2026;Entregue No Prazo;;Entrega realizada;Entrega Finalizada;26;3;19;3;TRANSTRY;24001;Aniversário do Município;Porto Alegre;RS
MOBIS BRASIL FABRICACAO DE AUTO PECAS LT;RODOVIARIO;1480169;19/03/2026;2;333435;19/03/2026;BARI VEICULOS LTDA;7,46E+12;BLUMENAU;SC;19/03/2026;26/03/2026;24/03/2026;Entregue No Prazo;;Entrega realizada;Entrega Finalizada;26;3;19;3;TRANSTRY;18024;Aniversário do Município;Porto Alegre;RS
MOBIS BRASIL FABRICACAO DE AUTO PECAS LT;RODOVIARIO;1480170;19/03/2026;22;333435;19/03/2026;BARI VEICULOS LTDA;7,46E+12;BLUMENAU;SC;19/03/2026;26/03/2026;24/03/2026;Entregue No Prazo;;Entrega realizada;Entrega Finalizada;26;3;19;3;TRANSTRY;18024;Aniversário do Município;Porto Alegre;RS
MOBIS BRASIL FABRICACAO DE AUTO PECAS LT;RODOVIARIO;1480160;19/03/2026;2;333440;19/03/2026;GALA COMERCIO DE VEICULOS LTDA.;1,77E+13;PELOTAS;RS;19/03/2026;26/03/2026;24/03/2026;Entregue No Prazo;;Entrega realizada;Entrega Finalizada;26;3;19;3;TRANSTRY;23009;Aniversário do Município;Porto Alegre;RS
MOBIS BRASIL FABRICACAO DE AUTO PECAS LT;RODOVIARIO;1480168;19/03/2026;5;333446;19/03/2026;LR COMERCIO DE VEICULOS LTDA;1,05E+13;SAO JOSE;SC;19/03/2026;26/03/2026;24/03/2026;Entregue No Prazo;;Entrega realizada;Entrega Finalizada;26;3;19;3;TRANSTRY;24007;Aniversário do Município;Porto Alegre;RS
MOBIS BRASIL FABRICACAO DE AUTO PECAS LT;RODOVIARIO;1480167;19/03/2026;2;333447;19/03/2026;LS COMERCIO DE AUTOMOVEIS LTDA.;1,03E+13;BRUSQUE;SC;19/03/2026;26/03/2026;24/03/2026;Entregue No Prazo;;Entrega realizada;Entrega Finalizada;26;3;19;3;TRANSTRY;24006;Aniversário do Município;Porto Alegre;RS
MOBIS BRASIL FABRICACAO DE AUTO PECAS LT;RODOVIARIO;1480118;19/03/2026;1;333508;19/03/2026;GNC GRANDE COREIA MINAS GERAIS COMERCIO;4,27E+13;MONTES CLAROS;MG;19/03/2026;26/03/2026;24/03/2026;Entregue No Prazo;;Entrega realizada;Entrega Finalizada;26;3;19;3;XD BETIM;11035;Aniversário do Município;Porto Alegre;RS
MOBIS BRASIL FABRICACAO DE AUTO PECAS LT;RODOVIARIO;1480115;19/03/2026;1;333523;19/03/2026;VIME AUTOMOVEIS E PECAS LTDA;2,85E+13;GUAXUPE;MG;19/03/2026;26/03/2026;24/03/2026;Entregue No Prazo;;Entrega realizada;Entrega Finalizada;26;3;19;3;XD BETIM;11031;Aniversário do Município;Porto Alegre;RS
MOBIS BRASIL FABRICACAO DE AUTO PECAS LT;RODOVIARIO;1480112;19/03/2026;3;333525;19/03/2026;VITAL COMERCIO DE VEICULOS LTDA;1,05E+13;GOVERNADOR VALADARES;MG;19/03/2026;26/03/2026;24/03/2026;Entregue No Prazo;;Entrega realizada;Entrega Finalizada;26;3;19;3;XD BETIM;11016;Aniversário do Município;Porto Alegre;RS
MOBIS BRASIL FABRICACAO DE AUTO PECAS LT;RODOVIARIO;1480150;19/03/2026;2;333583;19/03/2026;MONTREAL VEICULOS E PECAS LTDA;1,68E+13;SAO PEDRO DA ALDEIA;RJ;19/03/2026;26/03/2026;24/03/2026;Entregue No Prazo;;Entrega realizada;Entrega Finalizada;26;3;19;3;CAMILO;19030;Aniversário do Município;Porto Alegre;RS
MOBIS BRASIL FABRICACAO DE AUTO PECAS LT;RODOVIARIO;1480149;19/03/2026;1;333584;19/03/2026;MONTREAL VEICULOS E PECAS LTDA;1,68E+13;MACAE;RJ;19/03/2026;26/03/2026;24/03/2026;Entregue No Prazo;;Entrega realizada;Entrega Finalizada;26;3;19;3;CAMILO;19030;Aniversário do Município;Porto Alegre;RS
MOBIS BRASIL FABRICACAO DE AUTO PECAS LT;RODOVIARIO;1480096;19/03/2026;9;333600;19/03/2026;VIA BRASIL AUTOMOVEIS LTDA.;4,72E+12;SERRA;ES;19/03/2026;26/03/2026;24/03/2026;Entregue No Prazo;;Entrega realizada;Entrega Finalizada;26;3;19;3;CAMILO;8001;Aniversário do Município;Porto Alegre;RS
MOBIS BRASIL FABRICACAO DE AUTO PECAS LT;RODOVIARIO;1480172;19/03/2026;1;333433;19/03/2026;BARI VEICULOS LTDA;7,46E+12;BALNEARIO CAMBORIU;SC;19/03/2026;27/03/2026;24/03/2026;Entregue No Prazo;;Entrega realizada;Entrega Finalizada;27;3;19;3;TRANSTRY;18024;;;
MOBIS BRASIL FABRICACAO DE AUTO PECAS LT;RODOVIARIO;1480100;19/03/2026;1;333511;19/03/2026;NISA COMERCIAL DE VEIC. AUTOMOTORES LTDA;1,03E+13;APARECIDA DE GOIANIA;GO;19/03/2026;27/03/2026;24/03/2026;Entregue No Prazo;;Entrega realizada;Entrega Finalizada;27;3;19;3;RIO VERMELHO;9002;;;
MOBIS BRASIL FABRICACAO DE AUTO PECAS LT;RODOVIARIO;1480102;19/03/2026;2;333512;19/03/2026;NISA COMERCIAL DE VEIC. AUTOMOTORES LTDA;1,03E+13;GOIANIA;GO;19/03/2026;27/03/2026;24/03/2026;Entregue No Prazo;;Entrega realizada;Entrega Finalizada;27;3;19;3;RIO VERMELHO;9013;;;
MOBIS BRASIL FABRICACAO DE AUTO PECAS LT;RODOVIARIO;1480753;19/03/2026;3;333515;19/03/2026;SAGA KOREA COM. DE VEIC. E PC. LTDA;1,27E+13;BRASILIA;DF;19/03/2026;27/03/2026;24/03/2026;Entregue No Prazo;;Entrega realizada;Entrega Finalizada;27;3;19;3;RIO VERMELHO;7005;;;
MOBIS BRASIL FABRICACAO DE AUTO PECAS LT;RODOVIARIO;1480095;19/03/2026;1;333516;19/03/2026;SMAFF IMPORT VEICULOS LTDA;8,18E+12;BRASILIA;DF;19/03/2026;27/03/2026;24/03/2026;Entregue No Prazo;;Entrega realizada;Entrega Finalizada;27;3;19;3;RIO VERMELHO;7002;;;
MOBIS BRASIL FABRICACAO DE AUTO PECAS LT;RODOVIARIO;1480746;19/03/2026;6;333517;19/03/2026;SMAFF IMPORT VEICULOS LTDA;8,18E+12;BRASILIA;DF;19/03/2026;27/03/2026;24/03/2026;Entregue No Prazo;;Entrega realizada;Entrega Finalizada;27;3;19;3;RIO VERMELHO;7002;;;
MOBIS BRASIL FABRICACAO DE AUTO PECAS LT;RODOVIARIO;1480120;19/03/2026;7;333574;19/03/2026;GOLDEN MOTORS VEICULOS LTDA;3,62E+12;DOURADOS;MS;19/03/2026;27/03/2026;24/03/2026;Entregue No Prazo;Avaria;Entrega realizada;Entrega Finalizada;27;3;19;3;CARVALIMA;12001;;;
MOBIS BRASIL FABRICACAO DE AUTO PECAS LT;RODOVIARIO;1480098;19/03/2026;1;333589;19/03/2026;PRIME CACHOEIRO VEICULOS LTDA EPP;9,34E+12;CACHOEIRO DE ITAPEMIRIM;ES;19/03/2026;27/03/2026;24/03/2026;Entregue No Prazo;;Entrega realizada;Entrega Finalizada;27;3;19;3;CAMILO;8003;;;
MOBIS BRASIL FABRICACAO DE AUTO PECAS LT;RODOVIARIO;1480125;19/03/2026;1;333571;19/03/2026;COMETA MATO GROSSO COM. DE VEICULOS LTDA;1,54E+13;TANGARA DA SERRA;MT;19/03/2026;30/03/2026;24/03/2026;Entregue No Prazo;;Entrega realizada;Entrega Finalizada;30;3;19;3;CARVALIMA;13007;;;
MOBIS BRASIL FABRICACAO DE AUTO PECAS LT;RODOVIARIO;1480122;19/03/2026;1;333590;19/03/2026;SAGA ASIA COM. DE VEIC.PC.E SERV. LTDA;2,23E+13;VARZEA GRANDE;MT;19/03/2026;30/03/2026;24/03/2026;Entregue No Prazo;;Entrega realizada;Entrega Finalizada;30;3;19;3;CARVALIMA;13004;;;
MOBIS BRASIL FABRICACAO DE AUTO PECAS LT;RODOVIARIO;1480123;19/03/2026;11;333590;19/03/2026;SAGA ASIA COM. DE VEIC.PC.E SERV. LTDA;2,23E+13;VARZEA GRANDE;MT;19/03/2026;30/03/2026;24/03/2026;Entregue No Prazo;;Entrega realizada;Entrega Finalizada;30;3;19;3;CARVALIMA;13004;;;
MOBIS BRASIL FABRICACAO DE AUTO PECAS LT;RODOVIARIO;1480103;19/03/2026;1;333521;19/03/2026;URCA MOTORS VEICULOS LTDA;8,77E+12;ITUMBIARA;GO;19/03/2026;31/03/2026;24/03/2026;Entregue No Prazo;;Entrega realizada;Entrega Finalizada;31;3;19;3;RIO VERMELHO;9014;;;
MOBIS BRASIL FABRICACAO DE AUTO PECAS LT;RODOVIARIO;1480126;19/03/2026;1;333568;19/03/2026;CAOA MOTOR DO BRASIL LTDA;1,68E+13;BELEM;PA;19/03/2026;01/04/2026;24/03/2026;Entregue No Prazo;;Entrega realizada;Entrega Finalizada;1;4;19;3;CARVALIMA;5008;;;
MOBIS BRASIL FABRICACAO DE AUTO PECAS LT;RODOVIARIO;1480128;19/03/2026;1;333586;19/03/2026;NACIONAL NOVA MARABA DIST DE VEIC. LTDA;1,70E+13;PARAUAPEBAS;PA;19/03/2026;06/04/2026;24/03/2026;Entregue No Prazo;;Entrega realizada;Entrega Finalizada;6;4;19;3;CARVALIMA;14010;;;
MOBIS BRASIL FABRICACAO DE AUTO PECAS LT;RODOVIARIO;1480153;19/03/2026;3;333569;19/03/2026;COMETA JI PARANA COM. DE VEIC. LTDA;4,23E+12;JIPARANA;RO;19/03/2026;07/04/2026;24/03/2026;Entregue No Prazo;;Entrega realizada;Entrega Finalizada;7;4;19;3;CARVALIMA;21002;;;
MOBIS BRASIL FABRICACAO DE AUTO PECAS LT;RODOVIARIO;1480943;20/03/2026;11;333653;20/03/2026;GRANDAY AUTOMOTORES LTDA (CHAC. CALIFOR);1,57E+13;SAO PAULO;SP;20/03/2026;24/03/2026;24/03/2026;Entregue No Prazo;;Entrega realizada;Entrega Finalizada;24;3;20;3;RISSO;26090;;;
MOBIS BRASIL FABRICACAO DE AUTO PECAS LT;RODOVIARIO;1480922;20/03/2026;6;333659;20/03/2026;NOBRE DISTRIBUIDORA DE VEICULOS E PECAS;5,76E+12;MOGI DAS CRUZES;SP;20/03/2026;24/03/2026;24/03/2026;Entregue No Prazo;;Entrega realizada;Entrega Finalizada;24;3;20;3;RISSO;26004;;;
MOBIS BRASIL FABRICACAO DE AUTO PECAS LT;RODOVIARIO;1480932;20/03/2026;6;333635;20/03/2026;ANDRETA II DISTRIBUIDORA DE VEIC. LTDA;9,10E+12;AMERICANA;SP;20/03/2026;25/03/2026;24/03/2026;Entregue No Prazo;;Entrega realizada;Entrega Finalizada;25;3;20;3;RISSO;26011;Abolição da Escravidão no Ceará;Estadual;CE
MOBIS BRASIL FABRICACAO DE AUTO PECAS LT;RODOVIARIO;1480939;20/03/2026;14;333648;20/03/2026;DESTAQUE SEUL DISTR. DE VEIC. E PC. LTDA;2,12E+13;ATIBAIA;SP;20/03/2026;25/03/2026;24/03/2026;Entregue No Prazo;;Entrega realizada;Entrega Finalizada;25;3;20;3;RISSO;26075;Abolição da Escravidão no Ceará;Estadual;CE
MOBIS BRASIL FABRICACAO DE AUTO PECAS LT;RODOVIARIO;1480927;20/03/2026;11;333656;20/03/2026;MOTONET COMERCIO DE VEICULOS LTDA;9,28E+12;SOROCABA;SP;20/03/2026;25/03/2026;24/03/2026;Entregue No Prazo;;Entrega realizada;Entrega Finalizada;25;3;20;3;RISSO;26113;Abolição da Escravidão no Ceará;Estadual;CE
MOBIS BRASIL FABRICACAO DE AUTO PECAS LT;RODOVIARIO;1480887;20/03/2026;2;333665;20/03/2026;BARI VEICULOS LTDA;7,46E+12;CURITIBA;PR;20/03/2026;25/03/2026;24/03/2026;Entregue No Prazo;;Entrega realizada;Entrega Finalizada;25;3;20;3;TRANSTRY;18024;Abolição da Escravidão no Ceará;Estadual;CE
MOBIS BRASIL FABRICACAO DE AUTO PECAS LT;RODOVIARIO;1480886;20/03/2026;2;333668;20/03/2026;BARI VEICULOS LTDA.;7,46E+12;CURITIBA;PR;20/03/2026;25/03/2026;24/03/2026;Entregue No Prazo;;Entrega realizada;Entrega Finalizada;25;3;20;3;TRANSTRY;18029;Abolição da Escravidão no Ceará;Estadual;CE
MOBIS BRASIL FABRICACAO DE AUTO PECAS LT;RODOVIARIO;1480944;20/03/2026;1;333636;20/03/2026;ANDRETA II DISTRIBUIDORA DE VEIC. LTDA;9,10E+12;RIO CLARO;SP;20/03/2026;26/03/2026;24/03/2026;Entregue No Prazo;;Entrega realizada;Entrega Finalizada;26;3;20;3;RISSO;26011;Aniversário do Município;Porto Alegre;RS
MOBIS BRASIL FABRICACAO DE AUTO PECAS LT;RODOVIARIO;1480936;20/03/2026;2;333651;20/03/2026;GOLDEN MOTORS VEICULOS LTDA;3,62E+12;PRESIDENTE PRUDENTE;SP;20/03/2026;26/03/2026;24/03/2026;Entregue No Prazo;;Entrega realizada;Entrega Finalizada;26;3;20;3;RISSO;12001;Aniversário do Município;Porto Alegre;RS
MOBIS BRASIL FABRICACAO DE AUTO PECAS LT;RODOVIARIO;1480933;20/03/2026;15;333654;20/03/2026;H R B COMERCIO DE VEICULOS LTDA;1,82E+13;SAO JOSE DO RIO PRETO;SP;20/03/2026;26/03/2026;24/03/2026;Entregue No Prazo;;Entrega realizada;Entrega Finalizada;26;3;20;3;RISSO;26050;Aniversário do Município;Porto Alegre;RS
MOBIS BRASIL FABRICACAO DE AUTO PECAS LT;RODOVIARIO;1481456;20/03/2026;1;333658;20/03/2026;NEW VEICULOS E PECAS LTDA;1,59E+13;FRANCA;SP;20/03/2026;26/03/2026;24/03/2026;Entregue No Prazo;;Entrega realizada;Entrega Finalizada;26;3;20;3;RISSO;26014;Aniversário do Município;Porto Alegre;RS
MOBIS BRASIL FABRICACAO DE AUTO PECAS LT;RODOVIARIO;1480880;20/03/2026;22;333678;20/03/2026;LOVAT VEICULOS S/A;8,57E+12;LONDRINA;PR;20/03/2026;26/03/2026;24/03/2026;Entregue No Prazo;;Entrega realizada;Entrega Finalizada;26;3;20;3;TRANSTRY;18008;Aniversário do Município;Porto Alegre;RS
MOBIS BRASIL FABRICACAO DE AUTO PECAS LT;RODOVIARIO;1480870;20/03/2026;1;333621;20/03/2026;RITMO MOTORS LTDA;1,94E+13;PASSOS;MG;20/03/2026;27/03/2026;24/03/2026;Entregue No Prazo;;Entrega realizada;Entrega Finalizada;27;3;20;3;XD BETIM;11040;;;
MOBIS BRASIL FABRICACAO DE AUTO PECAS LT;RODOVIARIO;1480865;20/03/2026;1;333631;20/03/2026;VIME AUTOMOVEIS E PECAS LTDA;2,85E+13;GUAXUPE;MG;20/03/2026;27/03/2026;24/03/2026;Entregue No Prazo;;Entrega realizada;Entrega Finalizada;27;3;20;3;XD BETIM;11031;;;
MOBIS BRASIL FABRICACAO DE AUTO PECAS LT;RODOVIARIO;1480890;20/03/2026;2;333716;20/03/2026;VIA VR VEICULOS LTDA;1,73E+13;VOLTA REDONDA;RJ;20/03/2026;27/03/2026;24/03/2026;Entregue No Prazo;;Entrega realizada;Entrega Finalizada;27;3;20;3;CAMILO;19016;;;
MOBIS BRASIL FABRICACAO DE AUTO PECAS LT;RODOVIARIO;1480854;20/03/2026;1;333617;20/03/2026;NISA COMERCIAL DE VEIC. AUTOMOTORES LTDA;1,03E+13;APARECIDA DE GOIANIA;GO;20/03/2026;30/03/2026;24/03/2026;Entregue No Prazo;;Entrega realizada;Entrega Finalizada;30;3;20;3;RIO VERMELHO;9002;;;
MOBIS BRASIL FABRICACAO DE AUTO PECAS LT;RODOVIARIO;1480857;20/03/2026;1;333618;20/03/2026;NISA COMERCIAL DE VEIC. AUTOMOTORES LTDA;1,03E+13;GOIANIA;GO;20/03/2026;30/03/2026;24/03/2026;Entregue No Prazo;;Entrega realizada;Entrega Finalizada;30;3;20;3;RIO VERMELHO;9013;;;
MOBIS BRASIL FABRICACAO DE AUTO PECAS LT;RODOVIARIO;1480850;20/03/2026;15;333622;20/03/2026;SAGA KOREA COM. DE VEIC. E PC. LTDA;1,27E+13;BRASILIA;DF;20/03/2026;30/03/2026;24/03/2026;Entregue No Prazo;;Entrega realizada;Entrega Finalizada;30;3;20;3;RIO VERMELHO;7005;;;
MOBIS BRASIL FABRICACAO DE AUTO PECAS LT;RODOVIARIO;1480849;20/03/2026;5;333623;20/03/2026;SAGA KOREA COM. DE VEIC. E PC. LTDA;1,27E+13;BRASILIA;DF;20/03/2026;30/03/2026;24/03/2026;Entregue No Prazo;;Entrega realizada;Entrega Finalizada;30;3;20;3;RIO VERMELHO;7004;;;
MOBIS BRASIL FABRICACAO DE AUTO PECAS LT;RODOVIARIO;1480855;20/03/2026;134;333625;20/03/2026;SAGA KOREA COM. DE VEIC. E PC. LTDA;1,27E+13;GOIANIA;GO;20/03/2026;30/03/2026;24/03/2026;Entregue No Prazo;;Entrega realizada;Entrega Finalizada;30;3;20;3;RIO VERMELHO;9011;;;
MOBIS BRASIL FABRICACAO DE AUTO PECAS LT;RODOVIARIO;1480848;20/03/2026;2;333626;20/03/2026;SMAFF IMPORT VEICULOS LTDA;8,18E+12;BRASILIA;DF;20/03/2026;30/03/2026;24/03/2026;Entregue No Prazo;;Entrega realizada;Entrega Finalizada;30;3;20;3;RIO VERMELHO;7002;;;
MOBIS BRASIL FABRICACAO DE AUTO PECAS LT;RODOVIARIO;1481442;20/03/2026;1;333627;20/03/2026;SMAFF IMPORT VEICULOS LTDA;8,18E+12;BRASILIA;DF;20/03/2026;30/03/2026;24/03/2026;Entregue No Prazo;;Entrega realizada;Entrega Finalizada;30;3;20;3;RIO VERMELHO;7002;;;
MOBIS BRASIL FABRICACAO DE AUTO PECAS LT;RODOVIARIO;1481650;23/03/2026;1;333894;23/03/2026;CAOA MOTOR DO BRASIL LTDA (INDIANOPOLIS);1,68E+13;SAO PAULO;SP;23/03/2026;25/03/2026;24/03/2026;Entregue No Prazo;;Entrega realizada;Entrega Finalizada;25;3;23;3;RISSO;26091;Abolição da Escravidão no Ceará;Estadual;CE
MOBIS BRASIL FABRICACAO DE AUTO PECAS LT;RODOVIARIO;1481655;23/03/2026;1;333896;23/03/2026;CHS MOTORS VEICULOS PECAS E SERV.  LTDA;1,69E+13;SAO PAULO;SP;23/03/2026;25/03/2026;24/03/2026;Entregue No Prazo;;Entrega realizada;Entrega Finalizada;25;3;23;3;RISSO;26108;Abolição da Escravidão no Ceará;Estadual;CE
MOBIS BRASIL FABRICACAO DE AUTO PECAS LT;RODOVIARIO;1481654;23/03/2026;3;333897;23/03/2026;CHS MOTORS VEICULOS PECAS E SERV. LTDA;1,69E+13;OSASCO;SP;23/03/2026;25/03/2026;24/03/2026;Entregue No Prazo;;Entrega realizada;Entrega Finalizada;25;3;23;3;RISSO;26106;Abolição da Escravidão no Ceará;Estadual;CE
MOBIS BRASIL FABRICACAO DE AUTO PECAS LT;RODOVIARIO;1481640;23/03/2026;2;333898;23/03/2026;CHS MOTORS VEICULOS PECAS E SERV. LTDA.;1,69E+13;SAO PAULO;SP;23/03/2026;25/03/2026;24/03/2026;Entregue No Prazo;;Entrega realizada;Entrega Finalizada;25;3;23;3;RISSO;26036;Abolição da Escravidão no Ceará;Estadual;CE
MOBIS BRASIL FABRICACAO DE AUTO PECAS LT;RODOVIARIO;1481646;23/03/2026;1;333899;23/03/2026;CHS MOTORS VEICULOS PECAS(VL. GUILHERME);1,69E+13;SAO PAULO;SP;23/03/2026;25/03/2026;24/03/2026;Entregue No Prazo;;Entrega realizada;Entrega Finalizada;25;3;23;3;RISSO;26052;Abolição da Escravidão no Ceará;Estadual;CE
MOBIS BRASIL FABRICACAO DE AUTO PECAS LT;RODOVIARIO;1481649;23/03/2026;13;333902;23/03/2026;GRANDAY AUTOMOTORES LTDA (CHAC. CALIFOR);1,57E+13;SAO PAULO;SP;23/03/2026;25/03/2026;24/03/2026;Entregue No Prazo;;Entrega realizada;Entrega Finalizada;25;3;23;3;RISSO;26090;Abolição da Escravidão no Ceará;Estadual;CE
MOBIS BRASIL FABRICACAO DE AUTO PECAS LT;RODOVIARIO;1481637;23/03/2026;29;333888;23/03/2026;ANDRETA II DISTRIBUIDORA DE VEIC. LTDA;9,10E+12;CAMPINAS;SP;23/03/2026;26/03/2026;24/03/2026;Entregue No Prazo;;Entrega realizada;Entrega Finalizada;26;3;23;3;RISSO;26011;Aniversário do Município;Porto Alegre;RS
MOBIS BRASIL FABRICACAO DE AUTO PECAS LT;RODOVIARIO;1481647;23/03/2026;2;333893;23/03/2026;CAOA MOTOR DO BRASIL LTDA;1,68E+13;CAMPINAS;SP;23/03/2026;26/03/2026;24/03/2026;Entregue No Prazo;;Entrega realizada;Entrega Finalizada;26;3;23;3;RISSO;5008;Aniversário do Município;Porto Alegre;RS
MOBIS BRASIL FABRICACAO DE AUTO PECAS LT;RODOVIARIO;1481648;23/03/2026;1;333892;23/03/2026;CAOA MOTOR DO BRASIL LTDA;1,68E+13;PRAIA GRANDE;SP;23/03/2026;27/03/2026;24/03/2026;Entregue No Prazo;;Entrega realizada;Entrega Finalizada;27;3;23;3;RISSO;5008;;;
MOBIS BRASIL FABRICACAO DE AUTO PECAS LT;RODOVIARIO;1481651;23/03/2026;2;333904;23/03/2026;H - CAMINHO AUTOMOVEIS LTDA;2,53E+13;PIRACICABA;SP;23/03/2026;27/03/2026;24/03/2026;Entregue No Prazo;;Entrega realizada;Entrega Finalizada;27;3;23;3;RISSO;26092;;;
MOBIS BRASIL FABRICACAO DE AUTO PECAS LT;RODOVIARIO;1480864;20/03/2026;15;333615;20/03/2026;CARBEL KOREA VEICULOS LTDA;2,07E+13;BELO HORIZONTE;MG;20/03/2026;25/03/2026;24/03/2026;Entregue No Prazo;;Entrega realizada;Entrega Finalizada;25;3;20;3;XD BETIM;11021;Abolição da Escravidão no Ceará;Estadual;CE
MOBIS BRASIL FABRICACAO DE AUTO PECAS LT;RODOVIARIO;1480863;20/03/2026;16;333628;20/03/2026;TAI MOTORS VEICULOS S/A;9,27E+12;BELO HORIZONTE;MG;20/03/2026;25/03/2026;24/03/2026;Entregue No Prazo;;Entrega realizada;Entrega Finalizada;25;3;20;3;XD BETIM;8002;Abolição da Escravidão no Ceará;Estadual;CE
MOBIS BRASIL FABRICACAO DE AUTO PECAS LT;RODOVIARIO;1480868;20/03/2026;2;333614;20/03/2026;BDG AUTOVILLE VEICULOS LTDA;4,77E+13;CONTAGEM;MG;20/03/2026;25/03/2026;24/03/2026;Entregue No Prazo;;Entrega realizada;Entrega Finalizada;25;3;20;3;XD BETIM;11037;Abolição da Escravidão no Ceará;Estadual;CE
MOBIS BRASIL FABRICACAO DE AUTO PECAS LT;RODOVIARIO;1480869;20/03/2026;71;333614;20/03/2026;BDG AUTOVILLE VEICULOS LTDA;4,77E+13;CONTAGEM;MG;20/03/2026;25/03/2026;24/03/2026;Entregue No Prazo;;Entrega realizada;Entrega Finalizada;25;3;20;3;XD BETIM;11037;Abolição da Escravidão no Ceará;Estadual;CE
MOBIS BRASIL FABRICACAO DE AUTO PECAS LT;RODOVIARIO;1479490;18/03/2026;2;333171;18/03/2026;TECAR TRILHAS AUTOMOVEIS E SERVICOS LTDA;2,32E+13;DIVINOPOLIS;MG;18/03/2026;25/03/2026;24/03/2026;Entregue No Prazo;;Entrega realizada;Entrega Finalizada;25;3;18;3;XD BETIM;11039;Abolição da Escravidão no Ceará;Estadual;CE
MOBIS BRASIL FABRICACAO DE AUTO PECAS LT;RODOVIARIO;1479491;18/03/2026;2;333171;18/03/2026;TECAR TRILHAS AUTOMOVEIS E SERVICOS LTDA;2,32E+13;DIVINOPOLIS;MG;18/03/2026;25/03/2026;24/03/2026;Entregue No Prazo;;Entrega realizada;Entrega Finalizada;25;3;18;3;XD BETIM;11039;Abolição da Escravidão no Ceará;Estadual;CE
MOBIS BRASIL FABRICACAO DE AUTO PECAS LT;RODOVIARIO;1463123;11/02/2026;3;327791;11/02/2026;MISO VEICULOS LTDA;1,85E+13;MACAPA;AP;11/02/2026;27/03/2026;25/03/2026;Entregue No Prazo;;Entrega realizada;Entrega Finalizada;27;3;11;2;NORTEX;4001;;;
MOBIS BRASIL FABRICACAO DE AUTO PECAS LT;RODOVIARIO;1463732;12/02/2026;1;328015;12/02/2026;MISO VEICULOS LTDA;1,85E+13;MACAPA;AP;12/02/2026;05/03/2026;25/03/2026;Entregue Fora do Prazo;;Entrega realizada;Entrega Finalizada;5;3;12;2;NORTEX;4001;;;
MOBIS BRASIL FABRICACAO DE AUTO PECAS LT;RODOVIARIO;1465914;19/02/2026;3;328776;19/02/2026;ATUAL VEICULOS LTDA;1,33E+13;TUBARAO;SC;19/02/2026;26/02/2026;25/03/2026;Entregue Fora do Prazo;Avaria;29/05 Em transferencia para a cidade de destino;Entrega Finalizada;26;2;19;2;TRANSTRY;24001;;;
MOBIS BRASIL FABRICACAO DE AUTO PECAS LT;RODOVIARIO;1467591;24/02/2026;2;329402;24/02/2026;MISO VEICULOS LTDA;1,85E+13;MACAPA;AP;24/02/2026;17/03/2026;25/03/2026;Entregue Fora do Prazo;;Entrega realizada;Entrega Finalizada;17;3;24;2;NORTEX;4001;;;
MOBIS BRASIL FABRICACAO DE AUTO PECAS LT;RODOVIARIO;1468349;25/02/2026;1;329641;25/02/2026;MISO VEICULOS LTDA;1,85E+13;MACAPA;AP;25/02/2026;18/03/2026;25/03/2026;Entregue Fora do Prazo;;Entrega realizada;Entrega Finalizada;18;3;25;2;NORTEX;4001;;;
MOBIS BRASIL FABRICACAO DE AUTO PECAS LT;RODOVIARIO;1470920;28/02/2026;1;330429;02/03/2026;SAINT LAND COMERCIO DE VEICULOS LTDA;1,04E+13;ARACAJU;SE;02/03/2026;13/03/2026;25/03/2026;Entregue Fora do Prazo;Sinistro;02/04 Sinistro;Entrega Finalizada;13;3;2;3;TERMACO;6010;Batalha do Jenipapo;Estadual;PI
MOBIS BRASIL FABRICACAO DE AUTO PECAS LT;RODOVIARIO;1471938;03/03/2026;3;330592;03/03/2026;GREEN CITY VEICULOS LTDA;2,10E+13;TERESINA;PI;03/03/2026;19/03/2026;25/03/2026;Entregue Fora do Prazo;;Entrega realizada;Entrega Finalizada;19;3;3;3;TERMACO;17002;;;
MOBIS BRASIL FABRICACAO DE AUTO PECAS LT;RODOVIARIO;1473875;06/03/2026;1;331156;06/03/2026;JPN PATOS COMERCIO DE VEICULOS LTDA;4,20E+13;PATOS;PB;06/03/2026;26/03/2026;25/03/2026;Entregue No Prazo;;Entrega realizada;Entrega Finalizada;26;3;6;3;TERMACO;15004;Aniversário do Município;Porto Alegre;RS
MOBIS BRASIL FABRICACAO DE AUTO PECAS LT;RODOVIARIO;1474616;09/03/2026;3;331506;09/03/2026;JPN PATOS COMERCIO DE VEICULOS LTDA;4,20E+13;PATOS;PB;09/03/2026;25/03/2026;25/03/2026;Entregue No Prazo;;Entrega realizada;Entrega Finalizada;25;3;9;3;TERMACO;15004;Abolição da Escravidão no Ceará;Estadual;CE
MOBIS BRASIL FABRICACAO DE AUTO PECAS LT;RODOVIARIO;1474615;09/03/2026;1;331506;09/03/2026;JPN PATOS COMERCIO DE VEICULOS LTDA;4,20E+13;PATOS;PB;09/03/2026;25/03/2026;25/03/2026;Entregue No Prazo;;Entrega realizada;Entrega Finalizada;25;3;9;3;TERMACO;15004;Abolição da Escravidão no Ceará;Estadual;CE
MOBIS BRASIL FABRICACAO DE AUTO PECAS LT;RODOVIARIO;1475939;11/03/2026;5;331956;11/03/2026;AIKON VEICULOS LTDA;1,17E+13;VITORIA DA CONQUISTA;BA;11/03/2026;26/03/2026;25/03/2026;Entregue No Prazo;;Entrega realizada;Entrega Finalizada;26;3;11;3;TERMACO;5002;Aniversário do Município;Porto Alegre;RS
MOBIS BRASIL FABRICACAO DE AUTO PECAS LT;RODOVIARIO;1475944;11/03/2026;1;331973;11/03/2026;ORVEL AUTOMOTOR HYD LTDA;2,52E+13;TEIXEIRA DE FREITAS;BA;11/03/2026;26/03/2026;25/03/2026;Entregue No Prazo;;Entrega realizada;Entrega Finalizada;26;3;11;3;TERMACO;5011;Aniversário do Município;Porto Alegre;RS
MOBIS BRASIL FABRICACAO DE AUTO PECAS LT;RODOVIARIO;1476796;12/03/2026;2;332203;12/03/2026;AIKON VEICULOS LTDA;1,17E+13;VITORIA DA CONQUISTA;BA;12/03/2026;27/03/2026;25/03/2026;Entregue No Prazo;;Entrega realizada;Entrega Finalizada;27;3;12;3;TERMACO;5002;;;
MOBIS BRASIL FABRICACAO DE AUTO PECAS LT;RODOVIARIO;1476800;12/03/2026;1;332222;12/03/2026;ORVEL AUTOMOTOR HYD LTDA;2,52E+13;TEIXEIRA DE FREITAS;BA;12/03/2026;27/03/2026;25/03/2026;Entregue No Prazo;;Entrega realizada;Entrega Finalizada;27;3;12;3;TERMACO;5011;;;
MOBIS BRASIL FABRICACAO DE AUTO PECAS LT;RODOVIARIO;1476801;12/03/2026;1;332222;12/03/2026;ORVEL AUTOMOTOR HYD LTDA;2,52E+13;TEIXEIRA DE FREITAS;BA;12/03/2026;27/03/2026;25/03/2026;Entregue No Prazo;;Entrega realizada;Entrega Finalizada;27;3;12;3;TERMACO;5011;;;
MOBIS BRASIL FABRICACAO DE AUTO PECAS LT;RODOVIARIO;1476834;12/03/2026;4;332226;12/03/2026;PATEO COMERCIO DE VEICULOS S A;7,78E+12;JOAO PESSOA;PB;12/03/2026;27/03/2026;25/03/2026;Entregue No Prazo;;Entrega realizada;Entrega Finalizada;27;3;12;3;TERMACO;15003;;;
MOBIS BRASIL FABRICACAO DE AUTO PECAS LT;RODOVIARIO;1477267;12/03/2026;3;332217;12/03/2026;GREEN CITY VEICULOS LTDA;2,10E+13;TERESINA;PI;12/03/2026;30/03/2026;25/03/2026;Entregue No Prazo;;Entrega realizada;Entrega Finalizada;30;3;12;3;TERMACO;17002;;;
MOBIS BRASIL FABRICACAO DE AUTO PECAS LT;RODOVIARIO;1477829;13/03/2026;2;332458;13/03/2026;NOBRE DISTRIBUIDORA DE VEICULOS E PECAS;5,76E+12;MOGI DAS CRUZES;SP;13/03/2026;17/03/2026;25/03/2026;Entregue Fora do Prazo;;Entrega realizada;Entrega Finalizada;17;3;13;3;RISSO;26004;;;
MOBIS BRASIL FABRICACAO DE AUTO PECAS LT;RODOVIARIO;1477846;13/03/2026;2;332457;13/03/2026;NEW VEICULOS E PECAS LTDA.;1,59E+13;ARARAQUARA;SP;13/03/2026;19/03/2026;25/03/2026;Entregue Fora do Prazo;;Entrega realizada;Entrega Finalizada;19;3;13;3;RISSO;26071;;;
MOBIS BRASIL FABRICACAO DE AUTO PECAS LT;RODOVIARIO;1477751;13/03/2026;16;332508;13/03/2026;FAZZA MOTORS COMERCIO DE VEICULOS LTDA;1,24E+13;SALVADOR;BA;13/03/2026;25/03/2026;25/03/2026;Entregue No Prazo;;Entrega realizada;Entrega Finalizada;25;3;13;3;TERMACO;5007;Abolição da Escravidão no Ceará;Estadual;CE
MOBIS BRASIL FABRICACAO DE AUTO PECAS LT;RODOVIARIO;1477750;13/03/2026;11;332522;13/03/2026;PATEO COMERCIO DE VEICULOS S A;7,78E+12;SALVADOR;BA;13/03/2026;25/03/2026;25/03/2026;Entregue No Prazo;;Entrega realizada;Entrega Finalizada;25;3;13;3;TERMACO;5003;Abolição da Escravidão no Ceará;Estadual;CE
MOBIS BRASIL FABRICACAO DE AUTO PECAS LT;RODOVIARIO;1477749;13/03/2026;1;332522;13/03/2026;PATEO COMERCIO DE VEICULOS S A;7,78E+12;SALVADOR;BA;13/03/2026;25/03/2026;25/03/2026;Entregue No Prazo;;Entrega realizada;Entrega Finalizada;25;3;13;3;TERMACO;5003;Abolição da Escravidão no Ceará;Estadual;CE
MOBIS BRASIL FABRICACAO DE AUTO PECAS LT;RODOVIARIO;1477754;13/03/2026;4;332521;13/03/2026;ORVEL AUTOMOTOR HYD LTDA;2,52E+13;TEIXEIRA DE FREITAS;BA;13/03/2026;30/03/2026;25/03/2026;Entregue No Prazo;;Entrega realizada;Entrega Finalizada;30;3;13;3;TERMACO;5011;;;
MOBIS BRASIL FABRICACAO DE AUTO PECAS LT;RODOVIARIO;1478060;16/03/2026;2;332746;16/03/2026;FAZZA MOTORS COMERCIO DE VEICULOS LTDA;1,24E+13;SALVADOR;BA;16/03/2026;26/03/2026;25/03/2026;Entregue No Prazo;;Entrega realizada;Entrega Finalizada;26;3;16;3;TERMACO;5007;Aniversário do Município;Porto Alegre;RS
MOBIS BRASIL FABRICACAO DE AUTO PECAS LT;RODOVIARIO;1478059;16/03/2026;5;332754;16/03/2026;PATEO COMERCIO DE VEICULOS S A;7,78E+12;SALVADOR;BA;16/03/2026;26/03/2026;25/03/2026;Entregue No Prazo;;Entrega realizada;Entrega Finalizada;26;3;16;3;TERMACO;5003;Aniversário do Município;Porto Alegre;RS
MOBIS BRASIL FABRICACAO DE AUTO PECAS LT;RODOVIARIO;1478093;16/03/2026;7;332756;16/03/2026;PATEO COMERCIO DE VEICULOS S A;7,78E+12;JOAO PESSOA;PB;16/03/2026;31/03/2026;25/03/2026;Entregue No Prazo;;Entrega realizada;Entrega Finalizada;31;3;16;3;TERMACO;15003;;;
MOBIS BRASIL FABRICACAO DE AUTO PECAS LT;RODOVIARIO;1478117;16/03/2026;12;332763;16/03/2026;SAINT LAND COMERCIO DE VEICULOS LTDA;1,04E+13;NATAL;RN;16/03/2026;31/03/2026;25/03/2026;Entregue No Prazo;;Entrega realizada;Entrega Finalizada;31;3;16;3;TERMACO;6010;;;
MOBIS BRASIL FABRICACAO DE AUTO PECAS LT;RODOVIARIO;1478116;16/03/2026;50;332753;16/03/2026;ORIENTE AUTOMOVEIS LTDA;1,33E+13;PARNAMIRIM;RN;16/03/2026;01/04/2026;25/03/2026;Entregue No Prazo;;Entrega realizada;Entrega Finalizada;1;4;16;3;TERMACO;20001;;;
MOBIS BRASIL FABRICACAO DE AUTO PECAS LT;RODOVIARIO;1478845;17/03/2026;1;332940;17/03/2026;CARWAY SUL VEICULOS LTDA;1,03E+13;CANOAS;RS;17/03/2026;23/03/2026;25/03/2026;Entregue Fora do Prazo;;Entrega realizada;Entrega Finalizada;23;3;17;3;TRANSTRY;23003;;;
MOBIS BRASIL FABRICACAO DE AUTO PECAS LT;RODOVIARIO;1478848;17/03/2026;12;332941;17/03/2026;CHINHAN AUTOMOVEIS LTDA;2,41E+13;ERECHIM;RS;17/03/2026;25/03/2026;25/03/2026;Entregue No Prazo;;Entrega realizada;Entrega Finalizada;25;3;17;3;TRANSTRY;23019;Abolição da Escravidão no Ceará;Estadual;CE
MOBIS BRASIL FABRICACAO DE AUTO PECAS LT;RODOVIARIO;1478846;17/03/2026;1;332945;17/03/2026;HOUSE PARTS - COM. DE PECAS E VEIC. LTDA;1,15E+13;SANTA MARIA;RS;17/03/2026;25/03/2026;25/03/2026;Entregue No Prazo;;Entrega realizada;Entrega Finalizada;25;3;17;3;TRANSTRY;23008;Abolição da Escravidão no Ceará;Estadual;CE
MOBIS BRASIL FABRICACAO DE AUTO PECAS LT;RODOVIARIO;1478857;17/03/2026;10;332942;17/03/2026;CHINHAN AUTOMOVEIS LTDA.;2,41E+13;CACADOR;SC;17/03/2026;26/03/2026;25/03/2026;Entregue No Prazo;;Entrega realizada;Entrega Finalizada;26;3;17;3;TRANSTRY;24020;Aniversário do Município;Porto Alegre;RS
MOBIS BRASIL FABRICACAO DE AUTO PECAS LT;RODOVIARIO;1478779;17/03/2026;2;332973;17/03/2026;MASTER COMERCIAL DE VEICULOS LTDA;2,85E+13;BARREIRAS;BA;17/03/2026;01/04/2026;25/03/2026;Entregue No Prazo;;Entrega realizada;Entrega Finalizada;1;4;17;3;TERMACO;5012;;;
MOBIS BRASIL FABRICACAO DE AUTO PECAS LT;RODOVIARIO;1478814;17/03/2026;1;332978;17/03/2026;PATEO COMERCIO DE VEICULOS S A;7,78E+12;JOAO PESSOA;PB;17/03/2026;01/04/2026;25/03/2026;Entregue No Prazo;;Entrega realizada;Entrega Finalizada;1;4;17;3;TERMACO;15003;;;
MOBIS BRASIL FABRICACAO DE AUTO PECAS LT;RODOVIARIO;1479522;18/03/2026;2;333186;18/03/2026;CARWAY SUL VEICULOS LTDA;1,03E+13;CANOAS;RS;18/03/2026;24/03/2026;25/03/2026;Entregue Fora do Prazo;;Entrega realizada;Entrega Finalizada;24;3;18;3;TRANSTRY;23003;;;
MOBIS BRASIL FABRICACAO DE AUTO PECAS LT;RODOVIARIO;1479526;18/03/2026;9;333187;18/03/2026;CHINHAN AUTOMOVEIS LTDA;2,41E+13;ERECHIM;RS;18/03/2026;26/03/2026;25/03/2026;Entregue No Prazo;;Entrega realizada;Entrega Finalizada;26;3;18;3;TRANSTRY;23019;Aniversário do Município;Porto Alegre;RS
MOBIS BRASIL FABRICACAO DE AUTO PECAS LT;RODOVIARIO;1479535;18/03/2026;2;333188;18/03/2026;CHINHAN AUTOMOVEIS LTDA;2,41E+13;CONCORDIA;SC;18/03/2026;26/03/2026;25/03/2026;Entregue No Prazo;;Entrega realizada;Entrega Finalizada;26;3;18;3;TRANSTRY;23019;Aniversário do Município;Porto Alegre;RS
MOBIS BRASIL FABRICACAO DE AUTO PECAS LT;RODOVIARIO;1479523;18/03/2026;4;333192;18/03/2026;HOUSE PARTS - COM. DE PECAS E VEIC. LTDA;1,15E+13;SANTA MARIA;RS;18/03/2026;26/03/2026;25/03/2026;Entregue No Prazo;;Entrega realizada;Entrega Finalizada;26;3;18;3;TRANSTRY;23008;Aniversário do Município;Porto Alegre;RS
MOBIS BRASIL FABRICACAO DE AUTO PECAS LT;RODOVIARIO;1479471;18/03/2026;3;333202;18/03/2026;AIKON VEICULOS LTDA;1,17E+13;VITORIA DA CONQUISTA;BA;18/03/2026;02/04/2026;25/03/2026;Entregue No Prazo;;entrega realizada;Entrega Finalizada;2;4;18;3;TERMACO;5002;;;
MOBIS BRASIL FABRICACAO DE AUTO PECAS LT;RODOVIARIO;1480179;19/03/2026;6;333544;19/03/2026;DHC COMERCIO DE VEICULOS E PECAS LTDA;9,52E+12;BAURU;SP;19/03/2026;24/03/2026;25/03/2026;Entregue Fora do Prazo;;Entrega realizada;Entrega Finalizada;24;3;19;3;RISSO;26010;;;
MOBIS BRASIL FABRICACAO DE AUTO PECAS LT;RODOVIARIO;1480139;19/03/2026;7;333434;19/03/2026;BARI VEICULOS LTDA;7,46E+12;PONTA GROSSA;PR;19/03/2026;25/03/2026;25/03/2026;Entregue No Prazo;;Entrega realizada;Entrega Finalizada;25;3;19;3;TRANSTRY;18024;Abolição da Escravidão no Ceará;Estadual;CE
MOBIS BRASIL FABRICACAO DE AUTO PECAS LT;RODOVIARIO;1480171;19/03/2026;4;333436;19/03/2026;BARI VEICULOS LTDA.;7,46E+12;JOINVILLE;SC;19/03/2026;25/03/2026;25/03/2026;Entregue No Prazo;;Entrega realizada;Entrega Finalizada;25;3;19;3;TRANSTRY;24013;Abolição da Escravidão no Ceará;Estadual;CE
MOBIS BRASIL FABRICACAO DE AUTO PECAS LT;RODOVIARIO;1480136;19/03/2026;7;333445;19/03/2026;LOVAT VEICULOS S/A;8,57E+12;LONDRINA;PR;19/03/2026;25/03/2026;25/03/2026;Entregue No Prazo;;Entrega realizada;Entrega Finalizada;25;3;19;3;TRANSTRY;18008;Abolição da Escravidão no Ceará;Estadual;CE
MOBIS BRASIL FABRICACAO DE AUTO PECAS LT;RODOVIARIO;1480140;19/03/2026;1;333450;19/03/2026;VETOR AUTOMOVEIS LTDA;2,12E+13;UMUARAMA;PR;19/03/2026;25/03/2026;25/03/2026;Entregue No Prazo;;Entrega realizada;Entrega Finalizada;25;3;19;3;TRANSTRY;18019;Abolição da Escravidão no Ceará;Estadual;CE
MOBIS BRASIL FABRICACAO DE AUTO PECAS LT;RODOVIARIO;1480191;19/03/2026;2;333556;19/03/2026;NOBRE DISTRIBUIDORA DE VEIC. E PEC. LTDA;5,76E+12;APARECIDA;SP;19/03/2026;25/03/2026;25/03/2026;Entregue No Prazo;;Entrega realizada;Entrega Finalizada;25;3;19;3;RISSO;26053;Abolição da Escravidão no Ceará;Estadual;CE
MOBIS BRASIL FABRICACAO DE AUTO PECAS LT;RODOVIARIO;1480166;19/03/2026;7;333431;19/03/2026;ATUAL VEICULOS LTDA;1,33E+13;TUBARAO;SC;19/03/2026;26/03/2026;25/03/2026;Entregue No Prazo;;Entrega realizada;Entrega Finalizada;26;3;19;3;TRANSTRY;24001;Aniversário do Município;Porto Alegre;RS
MOBIS BRASIL FABRICACAO DE AUTO PECAS LT;RODOVIARIO;1480161;19/03/2026;2;333443;19/03/2026;HOUSE PARTS - COM DE PECAS E VEIC LTDA;1,15E+13;OSORIO;RS;19/03/2026;26/03/2026;25/03/2026;Entregue No Prazo;Avaria;Entrega realizada;Entrega Finalizada;26;3;19;3;TRANSTRY;23016;Aniversário do Município;Porto Alegre;RS
MOBIS BRASIL FABRICACAO DE AUTO PECAS LT;RODOVIARIO;1480137;19/03/2026;4;333448;19/03/2026;SANTA FE VEICULOS LTDA.;1,16E+13;FRANCISCO BELTRAO;PR;19/03/2026;26/03/2026;25/03/2026;Entregue No Prazo;;Entrega realizada;Entrega Finalizada;26;3;19;3;TRANSTRY;18010;Aniversário do Município;Porto Alegre;RS
MOBIS BRASIL FABRICACAO DE AUTO PECAS LT;RODOVIARIO;1480097;19/03/2026;9;333596;19/03/2026;TAI MOTORS VEICULOS S/A;9,27E+12;VITORIA;ES;19/03/2026;26/03/2026;25/03/2026;Entregue No Prazo;;Entrega realizada;Entrega Finalizada;26;3;19;3;CAMILO;8002;Aniversário do Município;Porto Alegre;RS
MOBIS BRASIL FABRICACAO DE AUTO PECAS LT;RODOVIARIO;1480148;19/03/2026;6;333597;19/03/2026;TAI MOTORS VEICULOS S/A.;9,27E+12;CAMPOS DOS GOYTACAZES;RJ;19/03/2026;26/03/2026;25/03/2026;Entregue No Prazo;;Entrega realizada;Entrega Finalizada;26;3;19;3;CAMILO;19023;Aniversário do Município;Porto Alegre;RS
MOBIS BRASIL FABRICACAO DE AUTO PECAS LT;RODOVIARIO;1480163;19/03/2026;6;333438;19/03/2026;CHINHAN AUTOMOVEIS LTDA;2,41E+13;ERECHIM;RS;19/03/2026;27/03/2026;25/03/2026;Entregue No Prazo;;Entrega realizada;Entrega Finalizada;27;3;19;3;TRANSTRY;23019;;;
MOBIS BRASIL FABRICACAO DE AUTO PECAS LT;RODOVIARIO;1480159;19/03/2026;5;333441;19/03/2026;HOUSE PARTS - COM. DE PECAS E VEIC. LTDA;1,15E+13;SANTA MARIA;RS;19/03/2026;27/03/2026;25/03/2026;Entregue No Prazo;;Entrega realizada;Entrega Finalizada;27;3;19;3;TRANSTRY;23008;;;
MOBIS BRASIL FABRICACAO DE AUTO PECAS LT;RODOVIARIO;1480158;19/03/2026;2;333441;19/03/2026;HOUSE PARTS - COM. DE PECAS E VEIC. LTDA;1,15E+13;SANTA MARIA;RS;19/03/2026;27/03/2026;25/03/2026;Entregue No Prazo;;Entrega realizada;Entrega Finalizada;27;3;19;3;TRANSTRY;23008;;;
MOBIS BRASIL FABRICACAO DE AUTO PECAS LT;RODOVIARIO;1480121;19/03/2026;4;333599;19/03/2026;ULSAN COMERCIO DE VEICULOS LTDA.;2,10E+13;CAMPO GRANDE;MS;19/03/2026;27/03/2026;25/03/2026;Entregue No Prazo;;Entrega realizada;Entrega Finalizada;27;3;19;3;CARVALIMA;12004;;;
MOBIS BRASIL FABRICACAO DE AUTO PECAS LT;RODOVIARIO;1480173;19/03/2026;2;333439;19/03/2026;CHINHAN AUTOMOVEIS LTDA.;2,41E+13;CACADOR;SC;19/03/2026;30/03/2026;25/03/2026;Entregue No Prazo;;Entrega realizada;Entrega Finalizada;30;3;19;3;TRANSTRY;24020;;;
MOBIS BRASIL FABRICACAO DE AUTO PECAS LT;RODOVIARIO;1480101;19/03/2026;4;333514;19/03/2026;SAGA KOREA COM. DE VEIC. E PC. LTDA;1,27E+13;ANAPOLIS;GO;19/03/2026;01/04/2026;25/03/2026;Entregue No Prazo;;Entrega realizada;Entrega Finalizada;1;4;19;3;RIO VERMELHO;9012;;;
MOBIS BRASIL FABRICACAO DE AUTO PECAS LT;RODOVIARIO;1480931;20/03/2026;3;333637;20/03/2026;ANDRETA II DISTRIBUIDORA DE VEIC. LTDA;9,10E+12;INDAIATUBA;SP;20/03/2026;25/03/2026;25/03/2026;Entregue No Prazo;;Entrega realizada;Entrega Finalizada;25;3;20;3;RISSO;26011;Abolição da Escravidão no Ceará;Estadual;CE
MOBIS BRASIL FABRICACAO DE AUTO PECAS LT;RODOVIARIO;1480866;20/03/2026;1;333632;20/03/2026;VIME POCOS COM. DE VEICULOS E PECAS LTDA;3,43E+13;POCOS DE CALDAS;MG;20/03/2026;26/03/2026;25/03/2026;Entregue No Prazo;;Entrega realizada;Entrega Finalizada;26;3;20;3;XD BETIM;11033;Aniversário do Município;Porto Alegre;RS
MOBIS BRASIL FABRICACAO DE AUTO PECAS LT;RODOVIARIO;1480938;20/03/2026;1;333650;20/03/2026;DHC COMERCIO DE VEICULOS E PECAS LTDA;9,52E+12;MARILIA;SP;20/03/2026;26/03/2026;25/03/2026;Entregue No Prazo;;Entrega realizada;Entrega Finalizada;26;3;20;3;RISSO;26010;Aniversário do Município;Porto Alegre;RS
MOBIS BRASIL FABRICACAO DE AUTO PECAS LT;RODOVIARIO;1480917;20/03/2026;1;333664;20/03/2026;BARI VEICULOS LTDA;7,46E+12;JARAGUA DO SUL;SC;20/03/2026;26/03/2026;25/03/2026;Entregue No Prazo;;Entrega realizada;Entrega Finalizada;26;3;20;3;TRANSTRY;18024;Aniversário do Município;Porto Alegre;RS
MOBIS BRASIL FABRICACAO DE AUTO PECAS LT;RODOVIARIO;1480883;20/03/2026;18;333667;20/03/2026;BARI VEICULOS LTDA;7,46E+12;PONTA GROSSA;PR;20/03/2026;26/03/2026;25/03/2026;Entregue No Prazo;;Entrega realizada;Entrega Finalizada;26;3;20;3;TRANSTRY;18024;Aniversário do Município;Porto Alegre;RS
MOBIS BRASIL FABRICACAO DE AUTO PECAS LT;RODOVIARIO;1480882;20/03/2026;1;333667;20/03/2026;BARI VEICULOS LTDA;7,46E+12;PONTA GROSSA;PR;20/03/2026;26/03/2026;25/03/2026;Entregue No Prazo;;Entrega realizada;Entrega Finalizada;26;3;20;3;TRANSTRY;18024;Aniversário do Município;Porto Alegre;RS
MOBIS BRASIL FABRICACAO DE AUTO PECAS LT;RODOVIARIO;1480881;20/03/2026;2;333681;20/03/2026;VETOR AUTOMOVEIS LTDA;2,12E+13;CASCAVEL;PR;20/03/2026;26/03/2026;25/03/2026;Entregue No Prazo;;Entrega realizada;Entrega Finalizada;26;3;20;3;TRANSTRY;18019;Aniversário do Município;Porto Alegre;RS
MOBIS BRASIL FABRICACAO DE AUTO PECAS LT;RODOVIARIO;1480888;20/03/2026;7;333685;20/03/2026;AMX COM. E SERVICOS DE AUTOMOTORES LTDA;1,20E+13;RIO DE JANEIRO;RJ;20/03/2026;26/03/2026;25/03/2026;Entregue No Prazo;;Entrega realizada;Entrega Finalizada;26;3;20;3;CAMILO;19009;Aniversário do Município;Porto Alegre;RS
MOBIS BRASIL FABRICACAO DE AUTO PECAS LT;RODOVIARIO;1480894;20/03/2026;2;333687;20/03/2026;CAOA MOTOR DO BRASIL LTDA;1,68E+13;RIO DE JANEIRO;RJ;20/03/2026;26/03/2026;25/03/2026;Entregue No Prazo;;Entrega realizada;Entrega Finalizada;26;3;20;3;CAMILO;5008;Aniversário do Município;Porto Alegre;RS
MOBIS BRASIL FABRICACAO DE AUTO PECAS LT;RODOVIARIO;1480889;20/03/2026;7;333688;20/03/2026;CAOA MOTOR DO BRASIL LTDA;1,68E+13;RIO DE JANEIRO;RJ;20/03/2026;26/03/2026;25/03/2026;Entregue No Prazo;;Entrega realizada;Entrega Finalizada;26;3;20;3;CAMILO;5008;Aniversário do Município;Porto Alegre;RS
MOBIS BRASIL FABRICACAO DE AUTO PECAS LT;RODOVIARIO;1480891;20/03/2026;1;333698;20/03/2026;ITAVEMA MOTORS VEICULOS LTDA;7,73E+12;RIO DE JANEIRO;RJ;20/03/2026;26/03/2026;25/03/2026;Entregue No Prazo;;Entrega realizada;Entrega Finalizada;26;3;20;3;CAMILO;19001;Aniversário do Município;Porto Alegre;RS
MOBIS BRASIL FABRICACAO DE AUTO PECAS LT;RODOVIARIO;1480892;20/03/2026;3;333698;20/03/2026;ITAVEMA MOTORS VEICULOS LTDA;7,73E+12;RIO DE JANEIRO;RJ;20/03/2026;26/03/2026;25/03/2026;Entregue No Prazo;;Entrega realizada;Entrega Finalizada;26;3;20;3;CAMILO;19001;Aniversário do Município;Porto Alegre;RS
MOBIS BRASIL FABRICACAO DE AUTO PECAS LT;RODOVIARIO;1481450;20/03/2026;2;333699;20/03/2026;ITAVEMA MOTORS VEICULOS LTDA;7,73E+12;DUQUE DE CAXIAS;RJ;20/03/2026;26/03/2026;25/03/2026;Entregue No Prazo;;Entrega realizada;Entrega Finalizada;26;3;20;3;CAMILO;19001;Aniversário do Município;Porto Alegre;RS
MOBIS BRASIL FABRICACAO DE AUTO PECAS LT;RODOVIARIO;1480911;20/03/2026;4;333679;20/03/2026;LR COMERCIO DE VEICULOS LTDA;1,05E+13;SAO JOSE;SC;20/03/2026;27/03/2026;25/03/2026;Entregue No Prazo;;Entrega realizada;Entrega Finalizada;27;3;20;3;TRANSTRY;24007;;;
MOBIS BRASIL FABRICACAO DE AUTO PECAS LT;RODOVIARIO;1480910;20/03/2026;1;333679;20/03/2026;LR COMERCIO DE VEICULOS LTDA;1,05E+13;SAO JOSE;SC;20/03/2026;27/03/2026;25/03/2026;Entregue No Prazo;;Entrega realizada;Entrega Finalizada;27;3;20;3;TRANSTRY;24007;;;
MOBIS BRASIL FABRICACAO DE AUTO PECAS LT;RODOVIARIO;1480909;20/03/2026;1;333680;20/03/2026;LS COMERCIO DE AUTOMOVEIS LTDA.;1,03E+13;BRUSQUE;SC;20/03/2026;27/03/2026;25/03/2026;Entregue No Prazo;;Entrega realizada;Entrega Finalizada;27;3;20;3;TRANSTRY;24006;;;
MOBIS BRASIL FABRICACAO DE AUTO PECAS LT;RODOVIARIO;1480884;20/03/2026;1;333682;20/03/2026;VETOR AUTOMOVEIS LTDA;2,12E+13;FOZ DO IGUACU;PR;20/03/2026;27/03/2026;25/03/2026;Entregue No Prazo;;Entrega realizada;Entrega Finalizada;27;3;20;3;TRANSTRY;18019;;;
MOBIS BRASIL FABRICACAO DE AUTO PECAS LT;RODOVIARIO;1480893;20/03/2026;5;333714;20/03/2026;TAI MOTORS VEICULOS S/A.;9,27E+12;CAMPOS DOS GOYTACAZES;RJ;20/03/2026;27/03/2026;25/03/2026;Entregue No Prazo;;Entrega realizada;Entrega Finalizada;27;3;20;3;CAMILO;19023;;;
MOBIS BRASIL FABRICACAO DE AUTO PECAS LT;RODOVIARIO;1480913;20/03/2026;1;333663;20/03/2026;BARI VEICULOS LTDA;7,46E+12;BALNEARIO CAMBORIU;SC;20/03/2026;30/03/2026;25/03/2026;Entregue No Prazo;;Entrega realizada;Entrega Finalizada;30;3;20;3;TRANSTRY;18024;;;
MOBIS BRASIL FABRICACAO DE AUTO PECAS LT;RODOVIARIO;1480914;20/03/2026;1;333663;20/03/2026;BARI VEICULOS LTDA;7,46E+12;BALNEARIO CAMBORIU;SC;20/03/2026;30/03/2026;25/03/2026;Entregue No Prazo;;Entrega realizada;Entrega Finalizada;30;3;20;3;TRANSTRY;18024;;;
MOBIS BRASIL FABRICACAO DE AUTO PECAS LT;RODOVIARIO;1480871;20/03/2026;2;333696;20/03/2026;GOLDEN MOTORS VEICULOS LTDA;3,62E+12;DOURADOS;MS;20/03/2026;30/03/2026;25/03/2026;Entregue No Prazo;;Entrega realizada;Entrega Finalizada;30;3;20;3;CARVALIMA;12001;;;
MOBIS BRASIL FABRICACAO DE AUTO PECAS LT;RODOVIARIO;1480916;20/03/2026;8;333672;20/03/2026;CHINHAN AUTOMOVEIS LTDA.;2,41E+13;CACADOR;SC;20/03/2026;31/03/2026;25/03/2026;Entregue No Prazo;;Entrega realizada;Entrega Finalizada;31;3;20;3;TRANSTRY;24020;;;
MOBIS BRASIL FABRICACAO DE AUTO PECAS LT;RODOVIARIO;1481449;20/03/2026;2;333709;20/03/2026;SAGA ASIA COM. DE VEIC.PC.E SERV. LTDA;2,23E+13;VARZEA GRANDE;MT;20/03/2026;31/03/2026;25/03/2026;Entregue No Prazo;;Entrega realizada;Entrega Finalizada;31;3;20;3;CARVALIMA;13004;;;
MOBIS BRASIL FABRICACAO DE AUTO PECAS LT;RODOVIARIO;1480856;20/03/2026;3;333624;20/03/2026;SAGA KOREA COM. DE VEIC. E PC. LTDA;1,27E+13;ANAPOLIS;GO;20/03/2026;02/04/2026;25/03/2026;Entregue No Prazo;;Entrega realizada;Entrega Finalizada;2;4;20;3;RIO VERMELHO;9012;;;
MOBIS BRASIL FABRICACAO DE AUTO PECAS LT;RODOVIARIO;1480845;20/03/2026;2;333702;20/03/2026;MASTER COMERCIAL DE VEICULOS LTDA;2,85E+13;BARREIRAS;BA;20/03/2026;06/04/2026;25/03/2026;Entregue No Prazo;;Entrega realizada;Entrega Finalizada;6;4;20;3;TERMACO;5012;;;
MOBIS BRASIL FABRICACAO DE AUTO PECAS LT;RODOVIARIO;1481633;23/03/2026;3;333890;23/03/2026;BILLY DISTRIBUIDORA DE VEICULOS LTDA;1,34E+13;BARUERI;SP;23/03/2026;25/03/2026;25/03/2026;Entregue No Prazo;;Entrega realizada;Entrega Finalizada;25;3;23;3;RISSO;26003;Abolição da Escravidão no Ceará;Estadual;CE
MOBIS BRASIL FABRICACAO DE AUTO PECAS LT;RODOVIARIO;1481634;23/03/2026;25;333890;23/03/2026;BILLY DISTRIBUIDORA DE VEICULOS LTDA;1,34E+13;BARUERI;SP;23/03/2026;25/03/2026;25/03/2026;Entregue No Prazo;;Entrega realizada;Entrega Finalizada;25;3;23;3;RISSO;26003;Abolição da Escravidão no Ceará;Estadual;CE
MOBIS BRASIL FABRICACAO DE AUTO PECAS LT;RODOVIARIO;1481653;23/03/2026;3;333908;23/03/2026;NOBRE DISTRIBUIDORA DE VEIC. E PEC. LTDA;5,76E+12;SUZANO;SP;23/03/2026;25/03/2026;25/03/2026;Entregue No Prazo;;Entrega realizada;Entrega Finalizada;25;3;23;3;RISSO;26103;Abolição da Escravidão no Ceará;Estadual;CE
MOBIS BRASIL FABRICACAO DE AUTO PECAS LT;RODOVIARIO;1481635;23/03/2026;3;333909;23/03/2026;NOBRE DISTRIBUIDORA DE VEICULOS E PECAS;5,76E+12;MOGI DAS CRUZES;SP;23/03/2026;25/03/2026;25/03/2026;Entregue No Prazo;;Entrega realizada;Entrega Finalizada;25;3;23;3;RISSO;26004;Abolição da Escravidão no Ceará;Estadual;CE
MOBIS BRASIL FABRICACAO DE AUTO PECAS LT;RODOVIARIO;1481644;23/03/2026;3;333889;23/03/2026;ANDRETA II DISTRIBUIDORA DE VEIC. LTDA;9,10E+12;AMERICANA;SP;23/03/2026;26/03/2026;25/03/2026;Entregue No Prazo;;Entrega realizada;Entrega Finalizada;26;3;23;3;RISSO;26011;Aniversário do Município;Porto Alegre;RS
MOBIS BRASIL FABRICACAO DE AUTO PECAS LT;RODOVIARIO;1482414;23/03/2026;12;333900;23/03/2026;DESTAQUE SEUL DISTR. DE VEIC. E PC. LTDA;2,12E+13;ATIBAIA;SP;23/03/2026;26/03/2026;25/03/2026;Entregue No Prazo;;Entrega realizada;Entrega Finalizada;26;3;23;3;RISSO;26075;Aniversário do Município;Porto Alegre;RS
MOBIS BRASIL FABRICACAO DE AUTO PECAS LT;RODOVIARIO;1481636;23/03/2026;4;333901;23/03/2026;DHC COMERCIO DE VEICULOS E PECAS LTDA;9,52E+12;BAURU;SP;23/03/2026;26/03/2026;25/03/2026;Entregue No Prazo;;Entrega realizada;Entrega Finalizada;26;3;23;3;RISSO;26010;Aniversário do Município;Porto Alegre;RS
MOBIS BRASIL FABRICACAO DE AUTO PECAS LT;RODOVIARIO;1481594;23/03/2026;36;333910;23/03/2026;BDG AUTOVILLE VEICULOS LTDA;4,77E+13;CONTAGEM;MG;23/03/2026;26/03/2026;25/03/2026;Entregue No Prazo;;Entrega realizada;Entrega Finalizada;26;3;23;3;XD BETIM;11037;Aniversário do Município;Porto Alegre;RS
MOBIS BRASIL FABRICACAO DE AUTO PECAS LT;RODOVIARIO;1481591;23/03/2026;5;333911;23/03/2026;CARBEL KOREA VEICULOS LTDA;2,07E+13;BELO HORIZONTE;MG;23/03/2026;26/03/2026;25/03/2026;Entregue No Prazo;;Entrega realizada;Entrega Finalizada;26;3;23;3;XD BETIM;11021;Aniversário do Município;Porto Alegre;RS
MOBIS BRASIL FABRICACAO DE AUTO PECAS LT;RODOVIARIO;1481590;23/03/2026;10;333919;23/03/2026;TAI MOTORS VEICULOS S/A;9,27E+12;BELO HORIZONTE;MG;23/03/2026;26/03/2026;25/03/2026;Entregue No Prazo;;Entrega realizada;Entrega Finalizada;26;3;23;3;XD BETIM;8002;Aniversário do Município;Porto Alegre;RS
MOBIS BRASIL FABRICACAO DE AUTO PECAS LT;RODOVIARIO;1481613;23/03/2026;2;333953;23/03/2026;BARI VEICULOS LTDA;7,46E+12;CURITIBA;PR;23/03/2026;26/03/2026;25/03/2026;Entregue No Prazo;;Entrega realizada;Entrega Finalizada;26;3;23;3;TRANSTRY;18024;Aniversário do Município;Porto Alegre;RS
MOBIS BRASIL FABRICACAO DE AUTO PECAS LT;RODOVIARIO;1481612;23/03/2026;1;333956;23/03/2026;BARI VEICULOS LTDA.;7,46E+12;CURITIBA;PR;23/03/2026;26/03/2026;25/03/2026;Entregue No Prazo;;Entrega realizada;Entrega Finalizada;26;3;23;3;TRANSTRY;18029;Aniversário do Município;Porto Alegre;RS
MOBIS BRASIL FABRICACAO DE AUTO PECAS LT;RODOVIARIO;1481611;23/03/2026;11;333954;23/03/2026;BARI VEICULOS LTDA;7,46E+12;PONTA GROSSA;PR;23/03/2026;27/03/2026;25/03/2026;Entregue No Prazo;;Entrega realizada;Entrega Finalizada;27;3;23;3;TRANSTRY;18024;;;
MOBIS BRASIL FABRICACAO DE AUTO PECAS LT;RODOVIARIO;1481610;23/03/2026;3;333954;23/03/2026;BARI VEICULOS LTDA;7,46E+12;PONTA GROSSA;PR;23/03/2026;27/03/2026;25/03/2026;Entregue No Prazo;;Entrega realizada;Entrega Finalizada;27;3;23;3;TRANSTRY;18024;;;
MOBIS BRASIL FABRICACAO DE AUTO PECAS LT;RODOVIARIO;1481608;23/03/2026;1;333963;23/03/2026;LOVAT VEICULOS S/A;8,57E+12;LONDRINA;PR;23/03/2026;27/03/2026;25/03/2026;Entregue No Prazo;;Entrega realizada;Entrega Finalizada;27;3;23;3;TRANSTRY;18008;;;
MOBIS BRASIL FABRICACAO DE AUTO PECAS LT;RODOVIARIO;1481607;23/03/2026;1;333963;23/03/2026;LOVAT VEICULOS S/A;8,57E+12;LONDRINA;PR;23/03/2026;27/03/2026;25/03/2026;Entregue No Prazo;;Entrega realizada;Entrega Finalizada;27;3;23;3;TRANSTRY;18008;;;
MOBIS BRASIL FABRICACAO DE AUTO PECAS LT;RODOVIARIO;1481628;23/03/2026;2;333964;23/03/2026;LR COMERCIO DE VEICULOS LTDA;1,05E+13;SAO JOSE;SC;23/03/2026;30/03/2026;25/03/2026;Entregue No Prazo;;Entrega realizada;Entrega Finalizada;30;3;23;3;TRANSTRY;24007;;;
MOBIS BRASIL FABRICACAO DE AUTO PECAS LT;RODOVIARIO;1481609;23/03/2026;1;333966;23/03/2026;SANTA FE VEICULOS LTDA.;1,16E+13;FRANCISCO BELTRAO;PR;23/03/2026;30/03/2026;25/03/2026;Entregue No Prazo;;Entrega realizada;Entrega Finalizada;30;3;23;3;TRANSTRY;18010;;;
MOBIS BRASIL FABRICACAO DE AUTO PECAS LT;RODOVIARIO;1481631;23/03/2026;3;333958;23/03/2026;CHINHAN AUTOMOVEIS LTDA.;2,41E+13;CACADOR;SC;23/03/2026;01/04/2026;25/03/2026;Entregue No Prazo;;Entrega realizada;Entrega Finalizada;1;4;23;3;TRANSTRY;24020;;;
MOBIS BRASIL FABRICACAO DE AUTO PECAS LT;RODOVIARIO;1482704;24/03/2026;16;334115;24/03/2026;CHS MOTORS VEICULOS PECAS(VL. GUILHERME);1,69E+13;SAO PAULO;SP;24/03/2026;26/03/2026;25/03/2026;Entregue No Prazo;;Entrega realizada;Entrega Finalizada;26;3;24;3;RISSO;26052;Aniversário do Município;Porto Alegre;RS
MOBIS BRASIL FABRICACAO DE AUTO PECAS LT;RODOVIARIO;1482694;24/03/2026;21;334119;24/03/2026;GRAND SPORT COM. DE VEIC. E PECAS LTDA;8,58E+12;SAO PAULO;SP;24/03/2026;26/03/2026;25/03/2026;Entregue No Prazo;;Entrega realizada;Entrega Finalizada;26;3;24;3;RISSO;26034;Aniversário do Município;Porto Alegre;RS
MOBIS BRASIL FABRICACAO DE AUTO PECAS LT;RODOVIARIO;1482710;24/03/2026;8;334120;24/03/2026;GRANDAY AUTOMOTORES LTDA (CHAC. CALIFOR);1,57E+13;SAO PAULO;SP;24/03/2026;26/03/2026;25/03/2026;Entregue No Prazo;;Entrega realizada;Entrega Finalizada;26;3;24;3;RISSO;26090;Aniversário do Município;Porto Alegre;RS
MOBIS BRASIL FABRICACAO DE AUTO PECAS LT;RODOVIARIO;1482711;24/03/2026;7;334120;24/03/2026;GRANDAY AUTOMOTORES LTDA (CHAC. CALIFOR);1,57E+13;SAO PAULO;SP;24/03/2026;26/03/2026;25/03/2026;Entregue No Prazo;;Entrega realizada;Entrega Finalizada;26;3;24;3;RISSO;26090;Aniversário do Município;Porto Alegre;RS
MOBIS BRASIL FABRICACAO DE AUTO PECAS LT;RODOVIARIO;1482700;24/03/2026;6;334103;24/03/2026;ANDRETA II DISTRIBUIDORA DE VEIC. LTDA;9,10E+12;AMERICANA;SP;24/03/2026;27/03/2026;25/03/2026;Entregue No Prazo;;Entrega realizada;Entrega Finalizada;27;3;24;3;RISSO;26011;;;
MOBIS BRASIL FABRICACAO DE AUTO PECAS LT;RODOVIARIO;1482691;24/03/2026;1;334106;24/03/2026;ANDRETA II DISTRIBUIDORA DE VEIC. LTDA;9,10E+12;CAMPINAS;SP;24/03/2026;27/03/2026;25/03/2026;Entregue No Prazo;;Entrega realizada;Entrega Finalizada;27;3;24;3;RISSO;26011;;;
MOBIS BRASIL FABRICACAO DE AUTO PECAS LT;RODOVIARIO;1482692;24/03/2026;44;334106;24/03/2026;ANDRETA II DISTRIBUIDORA DE VEIC. LTDA;9,10E+12;CAMPINAS;SP;24/03/2026;27/03/2026;25/03/2026;Entregue No Prazo;;Entrega realizada;Entrega Finalizada;27;3;24;3;RISSO;26011;;;
MOBIS BRASIL FABRICACAO DE AUTO PECAS LT;RODOVIARIO;1482705;24/03/2026;4;334111;24/03/2026;CAOA MOTOR DO BRASIL LTDA;1,68E+13;CAMPINAS;SP;24/03/2026;27/03/2026;25/03/2026;Entregue No Prazo;;Entrega realizada;Entrega Finalizada;27;3;24;3;RISSO;5008;;;
MOBIS BRASIL FABRICACAO DE AUTO PECAS LT;RODOVIARIO;1482690;24/03/2026;9;334118;24/03/2026;DHC COMERCIO DE VEICULOS E PECAS LTDA;9,52E+12;BAURU;SP;24/03/2026;27/03/2026;25/03/2026;Entregue No Prazo;;Entrega realizada;Entrega Finalizada;27;3;24;3;RISSO;26010;;;
MOBIS BRASIL FABRICACAO DE AUTO PECAS LT;RODOVIARIO;1482659;24/03/2026;3;334199;24/03/2026;BARI VEICULOS LTDA;7,46E+12;CURITIBA;PR;24/03/2026;27/03/2026;25/03/2026;Entregue No Prazo;;Entrega realizada;Entrega Finalizada;27;3;24;3;TRANSTRY;18024;;;
MOBIS BRASIL FABRICACAO DE AUTO PECAS LT;RODOVIARIO;1482658;24/03/2026;2;334199;24/03/2026;BARI VEICULOS LTDA;7,46E+12;CURITIBA;PR;24/03/2026;27/03/2026;25/03/2026;Entregue No Prazo;;Entrega realizada;Entrega Finalizada;27;3;24;3;TRANSTRY;18024;;;
MOBIS BRASIL FABRICACAO DE AUTO PECAS LT;RODOVIARIO;1482707;24/03/2026;3;334117;24/03/2026;DHC COMERCIO DE VEICULOS E PECAS LTDA;9,52E+12;JAU;SP;24/03/2026;30/03/2026;25/03/2026;Entregue No Prazo;;Entrega realizada;Entrega Finalizada;30;3;24;3;RISSO;26010;;;
MOBIS BRASIL FABRICACAO DE AUTO PECAS LT;RODOVIARIO;1482713;24/03/2026;3;334122;24/03/2026;H - CAMINHO AUTOMOVEIS LTDA;2,53E+13;PIRACICABA;SP;24/03/2026;30/03/2026;25/03/2026;Entregue No Prazo;;Entrega realizada;Entrega Finalizada;30;3;24;3;RISSO;26092;;;
MOBIS BRASIL FABRICACAO DE AUTO PECAS LT;RODOVIARIO;1482679;24/03/2026;3;334201;24/03/2026;BARI VEICULOS LTDA.;7,46E+12;JOINVILLE;SC;24/03/2026;30/03/2026;25/03/2026;Entregue No Prazo;;Entrega realizada;Entrega Finalizada;30;3;24;3;TRANSTRY;24013;;;
MOBIS BRASIL FABRICACAO DE AUTO PECAS LT;RODOVIARIO;1474670;09/03/2026;2;331476;09/03/2026;PRIVILLEGE DISTRIBUIDORA DE VEICULOS LTD;1,72E+13;PALMAS;TO;09/03/2026;18/03/2026;26/03/2026;Entregue Fora do Prazo;;Entrega realizada;Entrega Finalizada;18;3;9;3;RIO VERMELHO;27003;;;
MOBIS BRASIL FABRICACAO DE AUTO PECAS LT;RODOVIARIO;1477776;13/03/2026;2;332473;13/03/2026;TAI MOTORS VEICULOS S/A;9,27E+12;MURIAE;MG;13/03/2026;20/03/2026;26/03/2026;Entregue Fora do Prazo;;Entrega realizada;Entrega Finalizada;20;3;13;3;XD BETIM;8002;;;
MOBIS BRASIL FABRICACAO DE AUTO PECAS LT;RODOVIARIO;1477808;13/03/2026;1;332535;13/03/2026;VIA VR VEICULOS LTDA;1,73E+13;VOLTA REDONDA;RJ;13/03/2026;20/03/2026;26/03/2026;Entregue Fora do Prazo;Falta total;Entrega realizada;Entrega Finalizada;20;3;13;3;CAMILO;19016;;;
MOBIS BRASIL FABRICACAO DE AUTO PECAS LT;RODOVIARIO;1477745;13/03/2026;2;332506;13/03/2026;CYCOSA AUTOMOVEIS LTDA;4,76E+12;MACEIO;AL;13/03/2026;27/03/2026;26/03/2026;Entregue No Prazo;;Entrega realizada;Entrega Finalizada;27;3;13;3;TERMACO;2001;;;
MOBIS BRASIL FABRICACAO DE AUTO PECAS LT;RODOVIARIO;1477790;13/03/2026;24;332524;13/03/2026;PATEO COMERCIO DE VEICULOS S A;7,78E+12;JOAO PESSOA;PB;13/03/2026;30/03/2026;26/03/2026;Entregue No Prazo;;Entrega realizada;Entrega Finalizada;30;3;13;3;TERMACO;15003;;;
MOBIS BRASIL FABRICACAO DE AUTO PECAS LT;RODOVIARIO;1477789;13/03/2026;2;332524;13/03/2026;PATEO COMERCIO DE VEICULOS S A;7,78E+12;JOAO PESSOA;PB;13/03/2026;30/03/2026;26/03/2026;Entregue No Prazo;;Entrega realizada;Entrega Finalizada;30;3;13;3;TERMACO;15003;;;
MOBIS BRASIL FABRICACAO DE AUTO PECAS LT;RODOVIARIO;1477793;13/03/2026;3;332525;13/03/2026;PATEO COMERCIO DE VEICULOS S A;7,78E+12;RECIFE;PE;13/03/2026;30/03/2026;26/03/2026;Entregue No Prazo;;Entrega realizada;Entrega Finalizada;30;3;13;3;TERMACO;16004;;;
MOBIS BRASIL FABRICACAO DE AUTO PECAS LT;RODOVIARIO;1477788;13/03/2026;2;332504;13/03/2026;CAOA MOTOR DO BRASIL LTDA;1,68E+13;CAMPINA GRANDE;PB;13/03/2026;31/03/2026;26/03/2026;Entregue No Prazo;;Entrega realizada;Entrega Finalizada;31;3;13;3;TERMACO;5008;;;
MOBIS BRASIL FABRICACAO DE AUTO PECAS LT;RODOVIARIO;1477791;13/03/2026;1;332515;13/03/2026;JPN PATOS COMERCIO DE VEICULOS LTDA;4,20E+13;PATOS;PB;13/03/2026;31/03/2026;26/03/2026;Entregue No Prazo;;Entrega realizada;Entrega Finalizada;31;3;13;3;TERMACO;15004;;;
MOBIS BRASIL FABRICACAO DE AUTO PECAS LT;RODOVIARIO;1477770;13/03/2026;2;332519;13/03/2026;NACIONAL NOVA MARABA DIST DE VEIC. LTDA;1,70E+13;IMPERATRIZ;MA;13/03/2026;02/04/2026;26/03/2026;Entregue No Prazo;;Entrega realizada;Entrega Finalizada;2;4;13;3;TERMACO;10003;;;
MOBIS BRASIL FABRICACAO DE AUTO PECAS LT;RODOVIARIO;1478058;16/03/2026;3;332744;16/03/2026;CYCOSA AUTOMOVEIS LTDA;4,76E+12;MACEIO;AL;16/03/2026;30/03/2026;26/03/2026;Entregue No Prazo;;Entrega realizada;Entrega Finalizada;30;3;16;3;TERMACO;2001;;;
MOBIS BRASIL FABRICACAO DE AUTO PECAS LT;RODOVIARIO;1478092;16/03/2026;1;332742;16/03/2026;CAOA MOTOR DO BRASIL LTDA;1,68E+13;CAMPINA GRANDE;PB;16/03/2026;01/04/2026;26/03/2026;Entregue No Prazo;;Entrega realizada;Entrega Finalizada;1;4;16;3;TERMACO;5008;;;
MOBIS BRASIL FABRICACAO DE AUTO PECAS LT;RODOVIARIO;1478776;17/03/2026;1;332964;17/03/2026;CYCOSA AUTOMOVEIS LTDA;4,76E+12;MACEIO;AL;17/03/2026;31/03/2026;26/03/2026;Entregue No Prazo;;Entrega realizada;Entrega Finalizada;31;3;17;3;TERMACO;2001;;;
MOBIS BRASIL FABRICACAO DE AUTO PECAS LT;RODOVIARIO;1478777;17/03/2026;6;332964;17/03/2026;CYCOSA AUTOMOVEIS LTDA;4,76E+12;MACEIO;AL;17/03/2026;31/03/2026;26/03/2026;Entregue No Prazo;;Entrega realizada;Entrega Finalizada;31;3;17;3;TERMACO;2001;;;
MOBIS BRASIL FABRICACAO DE AUTO PECAS LT;RODOVIARIO;1478816;17/03/2026;1;332956;17/03/2026;AUTORAC VEICULOS LTDA;1,06E+13;CARUARU;PE;17/03/2026;02/04/2026;26/03/2026;Entregue No Prazo;;Entrega realizada;Entrega Finalizada;2;4;17;3;TERMACO;16001;;;
MOBIS BRASIL FABRICACAO DE AUTO PECAS LT;RODOVIARIO;1478815;17/03/2026;3;332972;17/03/2026;JPN PATOS COMERCIO DE VEICULOS LTDA;4,20E+13;PATOS;PB;17/03/2026;02/04/2026;26/03/2026;Entregue No Prazo;;Entrega realizada;Entrega Finalizada;2;4;17;3;TERMACO;15004;;;
MOBIS BRASIL FABRICACAO DE AUTO PECAS LT;RODOVIARIO;1478790;17/03/2026;4;332976;17/03/2026;NACIONAL NOVA MARABA DIST DE VEIC. LTDA;1,70E+13;IMPERATRIZ;MA;17/03/2026;06/04/2026;26/03/2026;Entregue No Prazo;;Entrega realizada;Entrega Finalizada;6;4;17;3;TERMACO;10003;;;
MOBIS BRASIL FABRICACAO DE AUTO PECAS LT;RODOVIARIO;1479964;18/03/2026;110;333159;18/03/2026;NEW VEICULOS E PECAS LTDA;1,59E+13;RIBEIRAO PRETO;SP;18/03/2026;23/03/2026;26/03/2026;Entregue Fora do Prazo;;Entrega realizada;Entrega Finalizada;23;3;18;3;RISSO;26014;;;
MOBIS BRASIL FABRICACAO DE AUTO PECAS LT;RODOVIARIO;1479525;18/03/2026;2;333193;18/03/2026;HOUSE PARTS - COM. DE PECAS E VEIC. LTDA;1,15E+13;SANTA CRUZ DO SUL;RS;18/03/2026;26/03/2026;26/03/2026;Entregue No Prazo;;Entrega realizada;Entrega Finalizada;26;3;18;3;TRANSTRY;23017;Aniversário do Município;Porto Alegre;RS
MOBIS BRASIL FABRICACAO DE AUTO PECAS LT;RODOVIARIO;1479502;18/03/2026;9;333222;18/03/2026;PATEO COMERCIO DE VEICULOS S A;7,78E+12;RECIFE;PE;18/03/2026;02/04/2026;26/03/2026;Entregue No Prazo;;entrega realizada;Entrega Finalizada;2;4;18;3;TERMACO;16004;;;
MOBIS BRASIL FABRICACAO DE AUTO PECAS LT;RODOVIARIO;1479501;18/03/2026;2;333203;18/03/2026;AUTORAC VEICULOS LTDA;1,06E+13;CARUARU;PE;18/03/2026;03/04/2026;26/03/2026;Entregue No Prazo;;Entrega realizada;Entrega Finalizada;3;4;18;3;TERMACO;16001;;;
MOBIS BRASIL FABRICACAO DE AUTO PECAS LT;RODOVIARIO;1479499;18/03/2026;3;333205;18/03/2026;CAOA MOTOR DO BRASIL LTDA;1,68E+13;CAMPINA GRANDE;PB;18/03/2026;03/04/2026;26/03/2026;Entregue No Prazo;;Entrega realizada;Entrega Finalizada;3;4;18;3;TERMACO;5008;;;
MOBIS BRASIL FABRICACAO DE AUTO PECAS LT;RODOVIARIO;1479500;18/03/2026;8;333218;18/03/2026;JPN PATOS COMERCIO DE VEICULOS LTDA;4,20E+13;PATOS;PB;18/03/2026;03/04/2026;26/03/2026;Entregue No Prazo;;Entrega realizada;Entrega Finalizada;3;4;18;3;TERMACO;15004;;;
MOBIS BRASIL FABRICACAO DE AUTO PECAS LT;RODOVIARIO;1479519;18/03/2026;1;333223;18/03/2026;SAGA ASIA COM. DE VEIC.PC.E SERV. LTDA;2,14E+13;PORTO VELHO;RO;18/03/2026;03/04/2026;26/03/2026;Entregue No Prazo;;Entrega realizada;Entrega Finalizada;3;4;18;3;CARVALIMA;21003;;;
MOBIS BRASIL FABRICACAO DE AUTO PECAS LT;RODOVIARIO;1479482;18/03/2026;2;333219;18/03/2026;NACIONAL NOVA MARABA DIST DE VEIC. LTDA;1,70E+13;IMPERATRIZ;MA;18/03/2026;07/04/2026;26/03/2026;Entregue No Prazo;;Entrega realizada;Entrega Finalizada;7;4;18;3;TERMACO;10003;;;
MOBIS BRASIL FABRICACAO DE AUTO PECAS LT;RODOVIARIO;1479481;18/03/2026;1;333219;18/03/2026;NACIONAL NOVA MARABA DIST DE VEIC. LTDA;1,70E+13;IMPERATRIZ;MA;18/03/2026;07/04/2026;26/03/2026;Entregue No Prazo;;Entrega realizada;Entrega Finalizada;7;4;18;3;TERMACO;10003;;;
MOBIS BRASIL FABRICACAO DE AUTO PECAS LT;RODOVIARIO;1480744;19/03/2026;150;333554;19/03/2026;NEW VEICULOS E PECAS LTDA;1,59E+13;RIBEIRAO PRETO;SP;19/03/2026;24/03/2026;26/03/2026;Entregue Fora do Prazo;;Entrega realizada;Entrega Finalizada;24;3;19;3;RISSO;26014;;;
MOBIS BRASIL FABRICACAO DE AUTO PECAS LT;RODOVIARIO;1480157;19/03/2026;68;333437;19/03/2026;CARWAY SUL VEICULOS LTDA;1,03E+13;CANOAS;RS;19/03/2026;25/03/2026;26/03/2026;Entregue Fora do Prazo;;Entrega realizada;Entrega Finalizada;25;3;19;3;TRANSTRY;23003;Abolição da Escravidão no Ceará;Estadual;CE
MOBIS BRASIL FABRICACAO DE AUTO PECAS LT;RODOVIARIO;1480117;19/03/2026;1;333518;19/03/2026;TAI MOTORS VEICULOS S/A;9,27E+12;MURIAE;MG;19/03/2026;26/03/2026;26/03/2026;Entregue No Prazo;;Entrega realizada;Entrega Finalizada;26;3;19;3;XD BETIM;8002;Aniversário do Município;Porto Alegre;RS
MOBIS BRASIL FABRICACAO DE AUTO PECAS LT;RODOVIARIO;1480162;19/03/2026;1;333442;19/03/2026;HOUSE PARTS - COM. DE PECAS E VEIC. LTDA;1,15E+13;SANTA CRUZ DO SUL;RS;19/03/2026;27/03/2026;26/03/2026;Entregue No Prazo;;Entrega realizada;Entrega Finalizada;27;3;19;3;TRANSTRY;23017;;;
MOBIS BRASIL FABRICACAO DE AUTO PECAS LT;RODOVIARIO;1480099;19/03/2026;2;333595;19/03/2026;TAI MOTORS VEICULOS S/A;9,27E+12;COLATINA;ES;19/03/2026;27/03/2026;26/03/2026;Entregue No Prazo;Falta de 01 volume;Entrega realizada;Entrega Finalizada;27;3;19;3;CAMILO;8002;;;
MOBIS BRASIL FABRICACAO DE AUTO PECAS LT;RODOVIARIO;1480127;19/03/2026;1;333575;19/03/2026;GRANDE COREIA COMERCIO DE VEICULOS LTDA;2,66E+13;BELEM;PA;19/03/2026;01/04/2026;26/03/2026;Entregue No Prazo;;Entrega realizada;Entrega Finalizada;1;4;19;3;CARVALIMA;14007;;;
MOBIS BRASIL FABRICACAO DE AUTO PECAS LT;RODOVIARIO;1480174;19/03/2026;1;333594;19/03/2026;SAINT LAND COMERCIO DE VEICULOS LTDA;1,04E+13;ARACAJU;SE;19/03/2026;01/04/2026;26/03/2026;Entregue No Prazo;;Entrega realizada;Entrega Finalizada;1;4;19;3;TERMACO;6010;;;
MOBIS BRASIL FABRICACAO DE AUTO PECAS LT;RODOVIARIO;1480130;19/03/2026;3;333565;19/03/2026;AUTORAC VEICULOS LTDA;1,06E+13;CARUARU;PE;19/03/2026;06/04/2026;26/03/2026;Entregue No Prazo;;Entrega realizada;Entrega Finalizada;6;4;19;3;TERMACO;16001;;;
MOBIS BRASIL FABRICACAO DE AUTO PECAS LT;RODOVIARIO;1480133;19/03/2026;5;333566;19/03/2026;AUTORAC VEICULOS LTDA;1,06E+13;PETROLINA;PE;19/03/2026;06/04/2026;26/03/2026;Entregue No Prazo;;Entrega realizada;Entrega Finalizada;6;4;19;3;TERMACO;16001;;;
MOBIS BRASIL FABRICACAO DE AUTO PECAS LT;RODOVIARIO;1480132;19/03/2026;1;333566;19/03/2026;AUTORAC VEICULOS LTDA;1,06E+13;PETROLINA;PE;19/03/2026;06/04/2026;26/03/2026;Entregue No Prazo;;Entrega realizada;Entrega Finalizada;6;4;19;3;TERMACO;16001;;;
MOBIS BRASIL FABRICACAO DE AUTO PECAS LT;RODOVIARIO;1480108;19/03/2026;1;333585;19/03/2026;NACIONAL NOVA MARABA DIST DE VEIC. LTDA;1,70E+13;IMPERATRIZ;MA;19/03/2026;08/04/2026;26/03/2026;Entregue No Prazo;;Entrega realizada;Entrega Finalizada;8;4;19;3;TERMACO;10003;;;
MOBIS BRASIL FABRICACAO DE AUTO PECAS LT;RODOVIARIO;1480107;19/03/2026;1;333585;19/03/2026;NACIONAL NOVA MARABA DIST DE VEIC. LTDA;1,70E+13;IMPERATRIZ;MA;19/03/2026;08/04/2026;26/03/2026;Entregue No Prazo;;Entrega realizada;Entrega Finalizada;8;4;19;3;TERMACO;10003;;;
MOBIS BRASIL FABRICACAO DE AUTO PECAS LT;RODOVIARIO;1480900;20/03/2026;15;333669;20/03/2026;CARWAY SUL VEICULOS LTDA;1,03E+13;CANOAS;RS;20/03/2026;26/03/2026;26/03/2026;Entregue No Prazo;;Entrega realizada;Entrega Finalizada;26;3;20;3;TRANSTRY;23003;Aniversário do Município;Porto Alegre;RS
MOBIS BRASIL FABRICACAO DE AUTO PECAS LT;RODOVIARIO;1480899;20/03/2026;5;333677;20/03/2026;HOUSE PARTS-COM. DE PCS. E VEICULOS LTDA;1,15E+13;PORTO ALEGRE;RS;20/03/2026;26/03/2026;26/03/2026;Entregue No Prazo;;Entrega realizada;Entrega Finalizada;26;3;20;3;TRANSTRY;23004;Aniversário do Município;Porto Alegre;RS
MOBIS BRASIL FABRICACAO DE AUTO PECAS LT;RODOVIARIO;1480912;20/03/2026;15;333666;20/03/2026;BARI VEICULOS LTDA;7,46E+12;BLUMENAU;SC;20/03/2026;27/03/2026;26/03/2026;Entregue No Prazo;;Entrega realizada;Entrega Finalizada;27;3;20;3;TRANSTRY;18024;;;
MOBIS BRASIL FABRICACAO DE AUTO PECAS LT;RODOVIARIO;1480901;20/03/2026;2;333673;20/03/2026;GALA COMERCIO DE VEICULOS LTDA.;1,77E+13;PELOTAS;RS;20/03/2026;27/03/2026;26/03/2026;Entregue No Prazo;;Entrega realizada;Entrega Finalizada;27;3;20;3;TRANSTRY;23009;;;
MOBIS BRASIL FABRICACAO DE AUTO PECAS LT;RODOVIARIO;1480905;20/03/2026;1;333676;20/03/2026;HOUSE PARTS COMERCIO DE PECAS E VEI;1,15E+13;CAXIAS DO SUL;RS;20/03/2026;27/03/2026;26/03/2026;Entregue No Prazo;;Entrega realizada;Entrega Finalizada;27;3;20;3;TRANSTRY;23023;;;
MOBIS BRASIL FABRICACAO DE AUTO PECAS LT;RODOVIARIO;1480853;20/03/2026;8;333708;20/03/2026;PRIME VILA VELHA VEICULOS LTDA.;2,14E+13;VILA VELHA;ES;20/03/2026;27/03/2026;26/03/2026;Entregue No Prazo;;Entrega realizada;Entrega Finalizada;27;3;20;3;CAMILO;8005;;;
MOBIS BRASIL FABRICACAO DE AUTO PECAS LT;RODOVIARIO;1480852;20/03/2026;5;333713;20/03/2026;TAI MOTORS VEICULOS S/A;9,27E+12;VITORIA;ES;20/03/2026;27/03/2026;26/03/2026;Entregue No Prazo;;Entrega realizada;Entrega Finalizada;27;3;20;3;CAMILO;8002;;;
MOBIS BRASIL FABRICACAO DE AUTO PECAS LT;RODOVIARIO;1480851;20/03/2026;4;333715;20/03/2026;VIA BRASIL AUTOMOVEIS LTDA.;4,72E+12;SERRA;ES;20/03/2026;27/03/2026;26/03/2026;Entregue No Prazo;;Entrega realizada;Entrega Finalizada;27;3;20;3;CAMILO;8001;;;
MOBIS BRASIL FABRICACAO DE AUTO PECAS LT;RODOVIARIO;1480902;20/03/2026;1;333674;20/03/2026;HOUSE PARTS - COM. DE PECAS E VEIC. LTDA;1,15E+13;SANTA CRUZ DO SUL;RS;20/03/2026;30/03/2026;26/03/2026;Entregue No Prazo;;Entrega realizada;Entrega Finalizada;30;3;20;3;TRANSTRY;23017;;;
MOBIS BRASIL FABRICACAO DE AUTO PECAS LT;RODOVIARIO;1480903;20/03/2026;3;333675;20/03/2026;HOUSE PARTS - COM. DE PECAS E VEIC. LTDA;1,15E+13;LAJEADO;RS;20/03/2026;30/03/2026;26/03/2026;Entregue No Prazo;;Entrega realizada;Entrega Finalizada;30;3;20;3;TRANSTRY;23018;;;
MOBIS BRASIL FABRICACAO DE AUTO PECAS LT;RODOVIARIO;1480858;20/03/2026;4;333630;20/03/2026;URCA MOTORS VEICULOS LTDA;8,77E+12;RIO VERDE;GO;20/03/2026;01/04/2026;26/03/2026;Entregue No Prazo;;Entrega realizada;Entrega Finalizada;1;4;20;3;RIO VERMELHO;9014;;;
MOBIS BRASIL FABRICACAO DE AUTO PECAS LT;RODOVIARIO;1480843;20/03/2026;3;333695;20/03/2026;FAZZA MOTORS COMERCIO DE VEICULOS LTDA;1,24E+13;SALVADOR;BA;20/03/2026;01/04/2026;26/03/2026;Entregue No Prazo;;Entrega realizada;Entrega Finalizada;1;4;20;3;TERMACO;5007;;;
MOBIS BRASIL FABRICACAO DE AUTO PECAS LT;RODOVIARIO;1480842;20/03/2026;6;333705;20/03/2026;PATEO COMERCIO DE VEICULOS S A;7,78E+12;SALVADOR;BA;20/03/2026;01/04/2026;26/03/2026;Entregue No Prazo;;Entrega realizada;Entrega Finalizada;1;4;20;3;TERMACO;5003;;;
MOBIS BRASIL FABRICACAO DE AUTO PECAS LT;RODOVIARIO;1480874;20/03/2026;2;333697;20/03/2026;GRANDE COREIA COMERCIO DE VEICULOS LTDA;2,66E+13;BELEM;PA;20/03/2026;02/04/2026;26/03/2026;Entregue No Prazo;;Entrega realizada;Entrega Finalizada;2;4;20;3;CARVALIMA;14007;;;
MOBIS BRASIL FABRICACAO DE AUTO PECAS LT;RODOVIARIO;1481461;20/03/2026;8;333712;20/03/2026;SEVEL VEICULOS LTDA;1,07E+13;ARACAJU;SE;20/03/2026;02/04/2026;26/03/2026;Entregue No Prazo;;Entrega realizada;Entrega Finalizada;2;4;20;3;TERMACO;25001;;;
MOBIS BRASIL FABRICACAO DE AUTO PECAS LT;RODOVIARIO;1480879;20/03/2026;1;333686;20/03/2026;AUTORAC VEICULOS LTDA;1,06E+13;PETROLINA;PE;20/03/2026;07/04/2026;26/03/2026;Entregue No Prazo;;Entrega realizada;Entrega Finalizada;7;4;20;3;TERMACO;16001;;;
MOBIS BRASIL FABRICACAO DE AUTO PECAS LT;RODOVIARIO;1481642;23/03/2026;1;333891;23/03/2026;BILLY DISTRIBUIDORA DE VEICULOS LTDA;1,34E+13;SAO CAETANO DO SUL;SP;23/03/2026;25/03/2026;26/03/2026;Entregue Fora do Prazo;;Entrega realizada;Entrega Finalizada;25;3;23;3;RISSO;26003;Abolição da Escravidão no Ceará;Estadual;CE
MOBIS BRASIL FABRICACAO DE AUTO PECAS LT;RODOVIARIO;1481643;23/03/2026;16;333891;23/03/2026;BILLY DISTRIBUIDORA DE VEICULOS LTDA;1,34E+13;SAO CAETANO DO SUL;SP;23/03/2026;25/03/2026;26/03/2026;Entregue Fora do Prazo;;Entrega realizada;Entrega Finalizada;25;3;23;3;RISSO;26003;Abolição da Escravidão no Ceará;Estadual;CE
MOBIS BRASIL FABRICACAO DE AUTO PECAS LT;RODOVIARIO;1481652;23/03/2026;1;333903;23/03/2026;H - CAMINHO AUTOMOVEIS LTDA;2,53E+13;LIMEIRA;SP;23/03/2026;26/03/2026;26/03/2026;Entregue No Prazo;;Entrega realizada;Entrega Finalizada;26;3;23;3;RISSO;26092;Aniversário do Município;Porto Alegre;RS
MOBIS BRASIL FABRICACAO DE AUTO PECAS LT;RODOVIARIO;1481638;23/03/2026;20;333907;23/03/2026;MOTONET COMERCIO DE VEICULOS LTDA;9,28E+12;SOROCABA;SP;23/03/2026;26/03/2026;26/03/2026;Entregue No Prazo;;Entrega realizada;Entrega Finalizada;26;3;23;3;RISSO;26113;Aniversário do Município;Porto Alegre;RS
MOBIS BRASIL FABRICACAO DE AUTO PECAS LT;RODOVIARIO;1481645;23/03/2026;5;333905;23/03/2026;H R B COMERCIO DE VEICULOS LTDA;1,82E+13;SAO JOSE DO RIO PRETO;SP;23/03/2026;27/03/2026;26/03/2026;Entregue No Prazo;;Entrega realizada;Entrega Finalizada;27;3;23;3;RISSO;26050;;;
MOBIS BRASIL FABRICACAO DE AUTO PECAS LT;RODOVIARIO;1481632;23/03/2026;11;333906;23/03/2026;HYMAX DISTRIBUIDORA DE VEICULOS LTDA;1,73E+13;MOGI GUACU;SP;23/03/2026;27/03/2026;26/03/2026;Entregue No Prazo;;Entrega realizada;Entrega Finalizada;27;3;23;3;RISSO;26002;;;
MOBIS BRASIL FABRICACAO DE AUTO PECAS LT;RODOVIARIO;1481614;23/03/2026;2;333934;23/03/2026;ITAVEMA MOTORS VEICULOS LTDA;7,73E+12;DUQUE DE CAXIAS;RJ;23/03/2026;27/03/2026;26/03/2026;Entregue No Prazo;;Entrega realizada;Entrega Finalizada;27;3;23;3;CAMILO;19001;;;
MOBIS BRASIL FABRICACAO DE AUTO PECAS LT;RODOVIARIO;1481616;23/03/2026;1;333935;23/03/2026;ITAVEMA MOTORS VEICULOS LTDA;7,73E+12;RIO DE JANEIRO;RJ;23/03/2026;27/03/2026;26/03/2026;Entregue No Prazo;;Entrega realizada;Entrega Finalizada;27;3;23;3;CAMILO;19001;;;
MOBIS BRASIL FABRICACAO DE AUTO PECAS LT;RODOVIARIO;1481617;23/03/2026;28;333935;23/03/2026;ITAVEMA MOTORS VEICULOS LTDA;7,73E+12;RIO DE JANEIRO;RJ;23/03/2026;27/03/2026;26/03/2026;Entregue No Prazo;;Entrega realizada;Entrega Finalizada;27;3;23;3;CAMILO;19001;;;
MOBIS BRASIL FABRICACAO DE AUTO PECAS LT;RODOVIARIO;1481621;23/03/2026;1;333957;23/03/2026;CARWAY SUL VEICULOS LTDA;1,03E+13;PORTO ALEGRE;RS;23/03/2026;27/03/2026;26/03/2026;Entregue No Prazo;;Entrega realizada;Entrega Finalizada;27;3;23;3;TRANSTRY;23003;;;
MOBIS BRASIL FABRICACAO DE AUTO PECAS LT;RODOVIARIO;1481622;23/03/2026;2;333962;23/03/2026;HOUSE PARTS-COM. DE PCS. E VEICULOS LTDA;1,15E+13;PORTO ALEGRE;RS;23/03/2026;27/03/2026;26/03/2026;Entregue No Prazo;;Entrega realizada;Entrega Finalizada;27;3;23;3;TRANSTRY;23004;;;
MOBIS BRASIL FABRICACAO DE AUTO PECAS LT;RODOVIARIO;1481596;23/03/2026;2;333914;23/03/2026;RITMO MOTORS LTDA;1,94E+13;PASSOS;MG;23/03/2026;30/03/2026;26/03/2026;Entregue No Prazo;;Entrega realizada;Entrega Finalizada;30;3;23;3;XD BETIM;11040;;;
MOBIS BRASIL FABRICACAO DE AUTO PECAS LT;RODOVIARIO;1481595;23/03/2026;1;333920;23/03/2026;TECAR TRILHAS AUTOMOVEIS E SERVICOS LTDA;2,32E+13;DIVINOPOLIS;MG;23/03/2026;30/03/2026;26/03/2026;Entregue No Prazo;;Entrega realizada;Entrega Finalizada;30;3;23;3;XD BETIM;11039;;;
MOBIS BRASIL FABRICACAO DE AUTO PECAS LT;RODOVIARIO;1481629;23/03/2026;8;333955;23/03/2026;BARI VEICULOS LTDA;7,46E+12;BLUMENAU;SC;23/03/2026;30/03/2026;26/03/2026;Entregue No Prazo;;Entrega realizada;Entrega Finalizada;30;3;23;3;TRANSTRY;18024;;;
MOBIS BRASIL FABRICACAO DE AUTO PECAS LT;RODOVIARIO;1481623;23/03/2026;1;333959;23/03/2026;GALA COMERCIO DE VEICULOS LTDA.;1,77E+13;PELOTAS;RS;23/03/2026;30/03/2026;26/03/2026;Entregue No Prazo;;Entrega realizada;Entrega Finalizada;30;3;23;3;TRANSTRY;23009;;;
MOBIS BRASIL FABRICACAO DE AUTO PECAS LT;RODOVIARIO;1481630;23/03/2026;1;333960;23/03/2026;GAMBATTO H1 VEICULOS LTDA;1,94E+13;CHAPECO;SC;23/03/2026;30/03/2026;26/03/2026;Entregue No Prazo;;Entrega realizada;Entrega Finalizada;30;3;23;3;TRANSTRY;24018;;;
MOBIS BRASIL FABRICACAO DE AUTO PECAS LT;RODOVIARIO;1481598;23/03/2026;1;333949;23/03/2026;ULSAN COMERCIO DE VEICULOS LTDA.;2,10E+13;CAMPO GRANDE;MS;23/03/2026;31/03/2026;26/03/2026;Entregue No Prazo;;Entrega realizada;Entrega Finalizada;31;3;23;3;CARVALIMA;12004;;;
MOBIS BRASIL FABRICACAO DE AUTO PECAS LT;RODOVIARIO;1481624;23/03/2026;1;333961;23/03/2026;HOUSE PARTS - COM. DE PECAS E VEIC. LTDA;1,15E+13;LAJEADO;RS;23/03/2026;31/03/2026;26/03/2026;Entregue No Prazo;;Entrega realizada;Entrega Finalizada;31;3;23;3;TRANSTRY;23018;;;
MOBIS BRASIL FABRICACAO DE AUTO PECAS LT;RODOVIARIO;1481625;23/03/2026;1;333965;23/03/2026;NAZARETH VEICULOS LTDA;9,30E+12;IJUI;RS;23/03/2026;31/03/2026;26/03/2026;Entregue No Prazo;;Entrega realizada;Entrega Finalizada;31;3;23;3;TRANSTRY;23021;;;
MOBIS BRASIL FABRICACAO DE AUTO PECAS LT;RODOVIARIO;1482188;23/03/2026;29;333946;23/03/2026;SAGA ASIA COM. DE VEIC.PC.E SERV. LTDA;2,23E+13;VARZEA GRANDE;MT;23/03/2026;01/04/2026;26/03/2026;Entregue No Prazo;;Entrega realizada;Entrega Finalizada;1;4;23;3;CARVALIMA;13004;;;
MOBIS BRASIL FABRICACAO DE AUTO PECAS LT;RODOVIARIO;1482698;24/03/2026;74;334107;24/03/2026;BILLY DISTRIBUIDORA DE VEICULOS LTDA;1,34E+13;SAO CAETANO DO SUL;SP;24/03/2026;26/03/2026;26/03/2026;Entregue No Prazo;;Entrega realizada;Entrega Finalizada;26;3;24;3;RISSO;26003;Aniversário do Município;Porto Alegre;RS
MOBIS BRASIL FABRICACAO DE AUTO PECAS LT;RODOVIARIO;1482701;24/03/2026;1;334109;24/03/2026;BILLY DISTRIBUIDORA DE VEICULOS LTDA;1,34E+13;DIADEMA;SP;24/03/2026;26/03/2026;26/03/2026;Entregue No Prazo;;Entrega realizada;Entrega Finalizada;26;3;24;3;RISSO;26003;Aniversário do Município;Porto Alegre;RS
MOBIS BRASIL FABRICACAO DE AUTO PECAS LT;RODOVIARIO;1482712;24/03/2026;4;334112;24/03/2026;CAOA MOTOR DO BRASIL LTDA (INDIANOPOLIS);1,68E+13;SAO PAULO;SP;24/03/2026;26/03/2026;26/03/2026;Entregue No Prazo;;Entrega realizada;Entrega Finalizada;26;3;24;3;RISSO;26091;Aniversário do Município;Porto Alegre;RS
MOBIS BRASIL FABRICACAO DE AUTO PECAS LT;RODOVIARIO;1482695;24/03/2026;1;334113;24/03/2026;CAOA MOTOR DO BRASIL LTDA (SANTANA);1,68E+13;SAO PAULO;SP;24/03/2026;26/03/2026;26/03/2026;Entregue No Prazo;;Entrega realizada;Entrega Finalizada;26;3;24;3;RISSO;26035;Aniversário do Município;Porto Alegre;RS
MOBIS BRASIL FABRICACAO DE AUTO PECAS LT;RODOVIARIO;1482703;24/03/2026;1;334114;24/03/2026;CAOA MOTOR DO BRASIL LTDA (VL PRUDENTE);1,68E+13;SAO PAULO;SP;24/03/2026;26/03/2026;26/03/2026;Entregue No Prazo;;Entrega realizada;Entrega Finalizada;26;3;24;3;RISSO;26051;Aniversário do Município;Porto Alegre;RS
MOBIS BRASIL FABRICACAO DE AUTO PECAS LT;RODOVIARIO;1482708;24/03/2026;1;334128;24/03/2026;NOBRE SP DISTRIB. DE VEIC. E PEC. LTDA;1,70E+13;SAO PAULO;SP;24/03/2026;26/03/2026;26/03/2026;Entregue No Prazo;;Entrega realizada;Entrega Finalizada;26;3;24;3;RISSO;26081;Aniversário do Município;Porto Alegre;RS
MOBIS BRASIL FABRICACAO DE AUTO PECAS LT;RODOVIARIO;1482696;24/03/2026;1;334102;24/03/2026;ANDRETA II DISTRIB.DE VEICULOS LTDA.;9,10E+12;JUNDIAI;SP;24/03/2026;27/03/2026;26/03/2026;Entregue No Prazo;;Entrega realizada;Entrega Finalizada;27;3;24;3;RISSO;26040;;;
MOBIS BRASIL FABRICACAO DE AUTO PECAS LT;RODOVIARIO;1482697;24/03/2026;1;334102;24/03/2026;ANDRETA II DISTRIB.DE VEICULOS LTDA.;9,10E+12;JUNDIAI;SP;24/03/2026;27/03/2026;26/03/2026;Entregue No Prazo;;Entrega realizada;Entrega Finalizada;27;3;24;3;RISSO;26040;;;
MOBIS BRASIL FABRICACAO DE AUTO PECAS LT;RODOVIARIO;1482699;24/03/2026;5;334104;24/03/2026;ANDRETA II DISTRIBUIDORA DE VEIC. LTDA;9,10E+12;INDAIATUBA;SP;24/03/2026;27/03/2026;26/03/2026;Entregue No Prazo;;Entrega realizada;Entrega Finalizada;27;3;24;3;RISSO;26011;;;
MOBIS BRASIL FABRICACAO DE AUTO PECAS LT;RODOVIARIO;1482715;24/03/2026;1;334105;24/03/2026;ANDRETA II DISTRIBUIDORA DE VEIC. LTDA;9,10E+12;VALINHOS;SP;24/03/2026;27/03/2026;26/03/2026;Entregue No Prazo;;Entrega realizada;Entrega Finalizada;27;3;24;3;RISSO;26011;;;
MOBIS BRASIL FABRICACAO DE AUTO PECAS LT;RODOVIARIO;1482709;24/03/2026;3;334110;24/03/2026;CAOA MOTOR DO BRASIL LTDA;1,68E+13;SANTOS;SP;24/03/2026;27/03/2026;26/03/2026;Entregue No Prazo;;Entrega realizada;Entrega Finalizada;27;3;24;3;RISSO;5008;;;
MOBIS BRASIL FABRICACAO DE AUTO PECAS LT;RODOVIARIO;1482706;24/03/2026;12;334116;24/03/2026;DESTAQUE SEUL DISTR. DE VEIC. E PC. LTDA;2,12E+13;ATIBAIA;SP;24/03/2026;27/03/2026;26/03/2026;Entregue No Prazo;;Entrega realizada;Entrega Finalizada;27;3;24;3;RISSO;26075;;;
MOBIS BRASIL FABRICACAO DE AUTO PECAS LT;RODOVIARIO;1482631;24/03/2026;20;334130;24/03/2026;BDG AUTOVILLE VEICULOS LTDA;4,77E+13;CONTAGEM;MG;24/03/2026;27/03/2026;26/03/2026;Entregue No Prazo;;Entrega realizada;Entrega Finalizada;27;3;24;3;XD BETIM;11037;;;
MOBIS BRASIL FABRICACAO DE AUTO PECAS LT;RODOVIARIO;1482630;24/03/2026;1;334130;24/03/2026;BDG AUTOVILLE VEICULOS LTDA;4,77E+13;CONTAGEM;MG;24/03/2026;27/03/2026;26/03/2026;Entregue No Prazo;;Entrega realizada;Entrega Finalizada;27;3;24;3;XD BETIM;11037;;;
MOBIS BRASIL FABRICACAO DE AUTO PECAS LT;RODOVIARIO;1482625;24/03/2026;21;334131;24/03/2026;CARBEL KOREA VEICULOS LTDA;2,07E+13;BELO HORIZONTE;MG;24/03/2026;27/03/2026;26/03/2026;Entregue No Prazo;;Entrega realizada;Entrega Finalizada;27;3;24;3;XD BETIM;11021;;;
MOBIS BRASIL FABRICACAO DE AUTO PECAS LT;RODOVIARIO;1482624;24/03/2026;18;334141;24/03/2026;TAI MOTORS VEICULOS S/A;9,27E+12;BELO HORIZONTE;MG;24/03/2026;27/03/2026;26/03/2026;Entregue No Prazo;;Entrega realizada;Entrega Finalizada;27;3;24;3;XD BETIM;8002;;;
MOBIS BRASIL FABRICACAO DE AUTO PECAS LT;RODOVIARIO;1482656;24/03/2026;2;334200;24/03/2026;BARI VEICULOS LTDA.;7,46E+12;CURITIBA;PR;24/03/2026;27/03/2026;26/03/2026;Entregue No Prazo;;Entrega realizada;Entrega Finalizada;27;3;24;3;TRANSTRY;18029;;;
MOBIS BRASIL FABRICACAO DE AUTO PECAS LT;RODOVIARIO;1482702;24/03/2026;3;334123;24/03/2026;H R B COMERCIO DE VEICULOS LTDA;1,82E+13;SAO JOSE DO RIO PRETO;SP;24/03/2026;30/03/2026;26/03/2026;Entregue No Prazo;;Entrega realizada;Entrega Finalizada;30;3;24;3;RISSO;26050;;;
MOBIS BRASIL FABRICACAO DE AUTO PECAS LT;RODOVIARIO;1482687;24/03/2026;1;334124;24/03/2026;HYMAX DISTRIBUIDORA DE VEICULOS LTDA;1,73E+13;MOGI GUACU;SP;24/03/2026;30/03/2026;26/03/2026;Entregue No Prazo;;Entrega realizada;Entrega Finalizada;30;3;24;3;RISSO;26002;;;
MOBIS BRASIL FABRICACAO DE AUTO PECAS LT;RODOVIARIO;1482620;24/03/2026;11;334145;24/03/2026;URCA MOTORS VEICULOS LTDA;8,77E+12;UBERLANDIA;MG;24/03/2026;30/03/2026;26/03/2026;Entregue No Prazo;;Entrega realizada;Entrega Finalizada;30;3;24;3;XD BETIM;9014;;;
MOBIS BRASIL FABRICACAO DE AUTO PECAS LT;RODOVIARIO;1482657;24/03/2026;2;334193;24/03/2026;BARI VEICULOS LTDA;7,46E+12;SAO JOSE DOS PINHAIS;PR;24/03/2026;30/03/2026;26/03/2026;Entregue No Prazo;;Entrega realizada;Entrega Finalizada;30;3;24;3;TRANSTRY;18024;;;
MOBIS BRASIL FABRICACAO DE AUTO PECAS LT;RODOVIARIO;1482646;24/03/2026;6;334212;24/03/2026;LOVAT VEICULOS S/A;8,57E+12;LONDRINA;PR;24/03/2026;30/03/2026;26/03/2026;Entregue No Prazo;;Entrega realizada;Entrega Finalizada;30;3;24;3;TRANSTRY;18008;;;
MOBIS BRASIL FABRICACAO DE AUTO PECAS LT;RODOVIARIO;1482632;24/03/2026;1;334142;24/03/2026;TECAR TRILHAS AUTOMOVEIS E SERVICOS LTDA;2,32E+13;DIVINOPOLIS;MG;24/03/2026;31/03/2026;26/03/2026;Entregue No Prazo;;Entrega realizada;Entrega Finalizada;31;3;24;3;XD BETIM;11039;;;
MOBIS BRASIL FABRICACAO DE AUTO PECAS LT;RODOVIARIO;1482623;24/03/2026;1;334151;24/03/2026;VITAL COMERCIO DE VEICULOS LTDA;1,05E+13;IPATINGA;MG;24/03/2026;31/03/2026;26/03/2026;Entregue No Prazo;;Entrega realizada;Entrega Finalizada;31;3;24;3;XD BETIM;11016;;;
MOBIS BRASIL FABRICACAO DE AUTO PECAS LT;RODOVIARIO;1482662;24/03/2026;4;334188;24/03/2026;VIA VR VEICULOS LTDA;1,73E+13;PETROPOLIS;RJ;24/03/2026;31/03/2026;26/03/2026;Entregue No Prazo;;Entrega realizada;Entrega Finalizada;31;3;24;3;CAMILO;19016;;;
MOBIS BRASIL FABRICACAO DE AUTO PECAS LT;RODOVIARIO;1482682;24/03/2026;1;334207;24/03/2026;GAMBATTO H1 VEICULOS LTDA;1,94E+13;CHAPECO;SC;24/03/2026;31/03/2026;26/03/2026;Entregue No Prazo;;Entrega realizada;Entrega Finalizada;31;3;24;3;TRANSTRY;24018;;;
MOBIS BRASIL FABRICACAO DE AUTO PECAS LT;RODOVIARIO;1483534;25/03/2026;1;334358;25/03/2026;BILLY DISTRIBUIDORA DE VEICULOS LTDA;1,34E+13;SAO CAETANO DO SUL;SP;25/03/2026;27/03/2026;26/03/2026;Entregue No Prazo;;Entrega realizada;Entrega Finalizada;27;3;25;3;RISSO;26003;;;
MOBIS BRASIL FABRICACAO DE AUTO PECAS LT;RODOVIARIO;1483535;25/03/2026;51;334358;25/03/2026;BILLY DISTRIBUIDORA DE VEICULOS LTDA;1,34E+13;SAO CAETANO DO SUL;SP;25/03/2026;27/03/2026;26/03/2026;Entregue No Prazo;;Entrega realizada;Entrega Finalizada;27;3;25;3;RISSO;26003;;;
MOBIS BRASIL FABRICACAO DE AUTO PECAS LT;RODOVIARIO;1483540;25/03/2026;91;334366;25/03/2026;CHS MOTORS VEICULOS PECAS(VL. GUILHERME);1,69E+13;SAO PAULO;SP;25/03/2026;27/03/2026;26/03/2026;Entregue No Prazo;;Entrega realizada;Entrega Finalizada;27;3;25;3;RISSO;26052;;;
MOBIS BRASIL FABRICACAO DE AUTO PECAS LT;RODOVIARIO;1483539;25/03/2026;5;334366;25/03/2026;CHS MOTORS VEICULOS PECAS(VL. GUILHERME);1,69E+13;SAO PAULO;SP;25/03/2026;27/03/2026;26/03/2026;Entregue No Prazo;;Entrega realizada;Entrega Finalizada;27;3;25;3;RISSO;26052;;;
MOBIS BRASIL FABRICACAO DE AUTO PECAS LT;RODOVIARIO;1483533;25/03/2026;2;334354;25/03/2026;ANDRETA II DISTRIB.DE VEICULOS LTDA.;9,10E+12;JUNDIAI;SP;25/03/2026;30/03/2026;26/03/2026;Entregue No Prazo;;Entrega realizada;Entrega Finalizada;30;3;25;3;RISSO;26040;;;
MOBIS BRASIL FABRICACAO DE AUTO PECAS LT;RODOVIARIO;1483532;25/03/2026;1;334354;25/03/2026;ANDRETA II DISTRIB.DE VEICULOS LTDA.;9,10E+12;JUNDIAI;SP;25/03/2026;30/03/2026;26/03/2026;Entregue No Prazo;;Entrega realizada;Entrega Finalizada;30;3;25;3;RISSO;26040;;;
MOBIS BRASIL FABRICACAO DE AUTO PECAS LT;RODOVIARIO;1483528;25/03/2026;37;334355;25/03/2026;ANDRETA II DISTRIBUIDORA DE VEIC. LTDA;9,10E+12;CAMPINAS;SP;25/03/2026;30/03/2026;26/03/2026;Entregue No Prazo;;Entrega realizada;Entrega Finalizada;30;3;25;3;RISSO;26011;;;
MOBIS BRASIL FABRICACAO DE AUTO PECAS LT;RODOVIARIO;1483524;25/03/2026;2;334373;25/03/2026;HYMAX DISTRIBUIDORA DE VEICULOS LTDA;1,73E+13;MOGI GUACU;SP;25/03/2026;31/03/2026;26/03/2026;Entregue No Prazo;;Entrega realizada;Entrega Finalizada;31;3;25;3;RISSO;26002;;;
MOBIS BRASIL FABRICACAO DE AUTO PECAS LT;RODOVIARIO;1484206;26/03/2026;9;334641;26/03/2026;DESTAQUE SEUL DISTR. DE VEIC. E PC. LTDA;2,12E+13;ATIBAIA;SP;26/03/2026;31/03/2026;26/03/2026;Entregue No Prazo;;Entrega realizada;Entrega Finalizada;31;3;26;3;RISSO;26075;;;
MOBIS BRASIL FABRICACAO DE AUTO PECAS LT;RODOVIARIO;1480867;20/03/2026;1;333629;20/03/2026;TAI MOTORS VEICULOS S/A;9,27E+12;MURIAE;MG;20/03/2026;27/03/2026;26/03/2026;Entregue No Prazo;;Entrega realizada;Entrega Finalizada;27;3;20;3;XD BETIM;8002;;;
MOBIS BRASIL FABRICACAO DE AUTO PECAS LT;RODOVIARIO;1476818;12/03/2026;1;332166;12/03/2026;NASA MOTORS LTDA.;2,65E+13;SAO LUIS DE MONTES BELOS;GO;12/03/2026;26/03/2026;27/03/2026;Entregue Fora do Prazo;;Entrega realizada;Entrega Finalizada;26;3;12;3;RIO VERMELHO;9016;Aniversário do Município;Porto Alegre;RS
MOBIS BRASIL FABRICACAO DE AUTO PECAS LT;RODOVIARIO;1476819;12/03/2026;5;332166;12/03/2026;NASA MOTORS LTDA.;2,65E+13;SAO LUIS DE MONTES BELOS;GO;12/03/2026;26/03/2026;27/03/2026;Entregue Fora do Prazo;;Entrega realizada;Entrega Finalizada;26;3;12;3;RIO VERMELHO;9016;Aniversário do Município;Porto Alegre;RS
MOBIS BRASIL FABRICACAO DE AUTO PECAS LT;RODOVIARIO;1477768;13/03/2026;1;332465;13/03/2026;NASA MOTORS LTDA.;2,65E+13;SAO LUIS DE MONTES BELOS;GO;13/03/2026;27/03/2026;27/03/2026;Entregue No Prazo;;Entrega realizada;Entrega Finalizada;27;3;13;3;RIO VERMELHO;9016;;;
MOBIS BRASIL FABRICACAO DE AUTO PECAS LT;RODOVIARIO;1477769;13/03/2026;1;332475;13/03/2026;TRIAUTO KOREA AUTOMOVEIS LTDA;4,99E+13;CATALAO;GO;13/03/2026;27/03/2026;27/03/2026;Entregue No Prazo;;Entrega realizada;Entrega Finalizada;27;3;13;3;RIO VERMELHO;9018;;;
MOBIS BRASIL FABRICACAO DE AUTO PECAS LT;RODOVIARIO;1478077;16/03/2026;1;332702;16/03/2026;NASA MOTORS LTDA.;2,65E+13;SAO LUIS DE MONTES BELOS;GO;16/03/2026;30/03/2026;27/03/2026;Entregue No Prazo;;Entrega realizada;Entrega Finalizada;30;3;16;3;RIO VERMELHO;9016;;;
MOBIS BRASIL FABRICACAO DE AUTO PECAS LT;RODOVIARIO;1478078;16/03/2026;2;332702;16/03/2026;NASA MOTORS LTDA.;2,65E+13;SAO LUIS DE MONTES BELOS;GO;16/03/2026;30/03/2026;27/03/2026;Entregue No Prazo;;Entrega realizada;Entrega Finalizada;30;3;16;3;RIO VERMELHO;9016;;;
MOBIS BRASIL FABRICACAO DE AUTO PECAS LT;RODOVIARIO;1478079;16/03/2026;3;332711;16/03/2026;TRIAUTO KOREA AUTOMOVEIS LTDA;4,99E+13;CATALAO;GO;16/03/2026;30/03/2026;27/03/2026;Entregue No Prazo;;Entrega realizada;Entrega Finalizada;30;3;16;3;RIO VERMELHO;9018;;;
MOBIS BRASIL FABRICACAO DE AUTO PECAS LT;RODOVIARIO;1478063;16/03/2026;1;332750;16/03/2026;MASTER COMERCIAL DE VEICULOS LTDA;2,85E+13;JACOBINA;BA;16/03/2026;31/03/2026;27/03/2026;Entregue No Prazo;;Entrega realizada;Entrega Finalizada;31;3;16;3;TERMACO;5013;;;
MOBIS BRASIL FABRICACAO DE AUTO PECAS LT;RODOVIARIO;1478065;16/03/2026;1;332762;16/03/2026;SAINT LAND COMERCIO DE VEICULOS LTDA;1,04E+13;JUAZEIRO DO NORTE;CE;16/03/2026;01/04/2026;27/03/2026;Entregue No Prazo;;Entrega realizada;Entrega Finalizada;1;4;16;3;TERMACO;6010;;;
MOBIS BRASIL FABRICACAO DE AUTO PECAS LT;RODOVIARIO;1478778;17/03/2026;1;332965;17/03/2026;FAZZA MOTORS COMERCIO DE VEICULOS LTDA;1,24E+13;SALVADOR;BA;17/03/2026;27/03/2026;27/03/2026;Entregue No Prazo;;Entrega realizada;Entrega Finalizada;27;3;17;3;TERMACO;5007;;;
MOBIS BRASIL FABRICACAO DE AUTO PECAS LT;RODOVIARIO;1478788;17/03/2026;1;332915;17/03/2026;NASA MOTORS LTDA.;2,65E+13;SAO LUIS DE MONTES BELOS;GO;17/03/2026;31/03/2026;27/03/2026;Entregue No Prazo;;Entrega realizada;Entrega Finalizada;31;3;17;3;RIO VERMELHO;9016;;;
MOBIS BRASIL FABRICACAO DE AUTO PECAS LT;RODOVIARIO;1478789;17/03/2026;2;332926;17/03/2026;TRIAUTO KOREA AUTOMOVEIS LTDA;4,99E+13;CATALAO;GO;17/03/2026;31/03/2026;27/03/2026;Entregue No Prazo;;Entrega realizada;Entrega Finalizada;31;3;17;3;RIO VERMELHO;9018;;;
MOBIS BRASIL FABRICACAO DE AUTO PECAS LT;RODOVIARIO;1478841;17/03/2026;8;332982;17/03/2026;SAINT LAND COMERCIO DE VEICULOS LTDA;1,04E+13;NATAL;RN;17/03/2026;01/04/2026;27/03/2026;Entregue No Prazo;;Entrega realizada;Entrega Finalizada;1;4;17;3;TERMACO;6010;;;
MOBIS BRASIL FABRICACAO DE AUTO PECAS LT;RODOVIARIO;1478819;17/03/2026;1;332971;17/03/2026;JPN COMERCIO DE AUTOMOVEIS LTDA;2,61E+13;GARANHUNS;PE;17/03/2026;02/04/2026;27/03/2026;Entregue No Prazo;;Entrega realizada;Entrega Finalizada;2;4;17;3;TERMACO;16009;;;
MOBIS BRASIL FABRICACAO DE AUTO PECAS LT;RODOVIARIO;1478840;17/03/2026;14;332977;17/03/2026;ORIENTE AUTOMOVEIS LTDA;1,33E+13;PARNAMIRIM;RN;17/03/2026;02/04/2026;27/03/2026;Entregue No Prazo;;Entrega realizada;Entrega Finalizada;2;4;17;3;TERMACO;20001;;;
MOBIS BRASIL FABRICACAO DE AUTO PECAS LT;RODOVIARIO;1479479;18/03/2026;3;333165;18/03/2026;NASA MOTORS LTDA.;2,65E+13;SAO LUIS DE MONTES BELOS;GO;18/03/2026;01/04/2026;27/03/2026;Entregue No Prazo;;Entrega realizada;Entrega Finalizada;1;4;18;3;RIO VERMELHO;9016;;;
MOBIS BRASIL FABRICACAO DE AUTO PECAS LT;RODOVIARIO;1479480;18/03/2026;3;333165;18/03/2026;NASA MOTORS LTDA.;2,65E+13;SAO LUIS DE MONTES BELOS;GO;18/03/2026;01/04/2026;27/03/2026;Entregue No Prazo;;Entrega realizada;Entrega Finalizada;1;4;18;3;RIO VERMELHO;9016;;;
MOBIS BRASIL FABRICACAO DE AUTO PECAS LT;RODOVIARIO;1479470;18/03/2026;6;333209;18/03/2026;CYCOSA AUTOMOVEIS LTDA;4,76E+12;MACEIO;AL;18/03/2026;01/04/2026;27/03/2026;Entregue No Prazo;;Entrega realizada;Entrega Finalizada;1;4;18;3;TERMACO;2001;;;
MOBIS BRASIL FABRICACAO DE AUTO PECAS LT;RODOVIARIO;1480090;19/03/2026;18;333588;19/03/2026;PATEO COMERCIO DE VEICULOS S A;7,78E+12;SALVADOR;BA;19/03/2026;31/03/2026;27/03/2026;Entregue No Prazo;;Entrega realizada;Entrega Finalizada;31;3;19;3;TERMACO;5003;;;
MOBIS BRASIL FABRICACAO DE AUTO PECAS LT;RODOVIARIO;1480104;19/03/2026;1;333510;19/03/2026;NASA MOTORS LTDA.;2,65E+13;SAO LUIS DE MONTES BELOS;GO;19/03/2026;02/04/2026;27/03/2026;Entregue No Prazo;;Entrega realizada;Entrega Finalizada;2;4;19;3;RIO VERMELHO;9016;;;
MOBIS BRASIL FABRICACAO DE AUTO PECAS LT;RODOVIARIO;1480105;19/03/2026;1;333510;19/03/2026;NASA MOTORS LTDA.;2,65E+13;SAO LUIS DE MONTES BELOS;GO;19/03/2026;02/04/2026;27/03/2026;Entregue No Prazo;;Entrega realizada;Entrega Finalizada;2;4;19;3;RIO VERMELHO;9016;;;
MOBIS BRASIL FABRICACAO DE AUTO PECAS LT;RODOVIARIO;1480088;19/03/2026;5;333573;19/03/2026;CYCOSA AUTOMOVEIS LTDA;4,76E+12;MACEIO;AL;19/03/2026;02/04/2026;27/03/2026;Entregue No Prazo;;Entrega realizada;Entrega Finalizada;2;4;19;3;TERMACO;2001;;;
MOBIS BRASIL FABRICACAO DE AUTO PECAS LT;RODOVIARIO;1480131;19/03/2026;2;333580;19/03/2026;JPN COMERCIO DE AUTOMOVEIS LTDA;2,61E+13;GARANHUNS;PE;19/03/2026;06/04/2026;27/03/2026;Entregue No Prazo;;Entrega realizada;Entrega Finalizada;6;4;19;3;TERMACO;16009;;;
MOBIS BRASIL FABRICACAO DE AUTO PECAS LT;RODOVIARIO;1480129;19/03/2026;9;333581;19/03/2026;JPN PATOS COMERCIO DE VEICULOS LTDA;4,20E+13;PATOS;PB;19/03/2026;06/04/2026;27/03/2026;Entregue No Prazo;;Entrega realizada;Entrega Finalizada;6;4;19;3;TERMACO;15004;;;
MOBIS BRASIL FABRICACAO DE AUTO PECAS LT;RODOVIARIO;1480885;20/03/2026;4;333683;20/03/2026;VETOR AUTOMOVEIS LTDA;2,12E+13;UMUARAMA;PR;20/03/2026;26/03/2026;27/03/2026;Entregue Fora do Prazo;;Entrega realizada;Entrega Finalizada;26;3;20;3;TRANSTRY;18019;Aniversário do Município;Porto Alegre;RS
MOBIS BRASIL FABRICACAO DE AUTO PECAS LT;RODOVIARIO;1480906;20/03/2026;1;333660;20/03/2026;ATUAL VEICULOS LTDA;1,33E+13;ARARANGUA;SC;20/03/2026;27/03/2026;27/03/2026;Entregue No Prazo;;Entrega realizada;Entrega Finalizada;27;3;20;3;TRANSTRY;24001;;;
MOBIS BRASIL FABRICACAO DE AUTO PECAS LT;RODOVIARIO;1480908;20/03/2026;8;333662;20/03/2026;ATUAL VEICULOS LTDA;1,33E+13;TUBARAO;SC;20/03/2026;27/03/2026;27/03/2026;Entregue No Prazo;;Entrega realizada;Entrega Finalizada;27;3;20;3;TRANSTRY;24001;;;
MOBIS BRASIL FABRICACAO DE AUTO PECAS LT;RODOVIARIO;1480873;20/03/2026;3;333689;20/03/2026;CAOA MOTOR DO BRASIL LTDA;1,68E+13;BELEM;PA;20/03/2026;02/04/2026;27/03/2026;Entregue No Prazo;;Entrega realizada;Entrega Finalizada;2;4;20;3;CARVALIMA;5008;;;
MOBIS BRASIL FABRICACAO DE AUTO PECAS LT;RODOVIARIO;1480860;20/03/2026;1;333616;20/03/2026;NASA MOTORS LTDA.;2,65E+13;SAO LUIS DE MONTES BELOS;GO;20/03/2026;03/04/2026;27/03/2026;Entregue No Prazo;;Entrega realizada;Entrega Finalizada;3;4;20;3;RIO VERMELHO;9016;;;
MOBIS BRASIL FABRICACAO DE AUTO PECAS LT;RODOVIARIO;1480859;20/03/2026;3;333616;20/03/2026;NASA MOTORS LTDA.;2,65E+13;SAO LUIS DE MONTES BELOS;GO;20/03/2026;03/04/2026;27/03/2026;Entregue No Prazo;;Entrega realizada;Entrega Finalizada;3;4;20;3;RIO VERMELHO;9016;;;
MOBIS BRASIL FABRICACAO DE AUTO PECAS LT;RODOVIARIO;1480841;20/03/2026;2;333693;20/03/2026;CYCOSA AUTOMOVEIS LTDA;4,76E+12;MACEIO;AL;20/03/2026;03/04/2026;27/03/2026;Entregue No Prazo;;Entrega realizada;Entrega Finalizada;3;4;20;3;TERMACO;2001;;;
MOBIS BRASIL FABRICACAO DE AUTO PECAS LT;RODOVIARIO;1480877;20/03/2026;1;333690;20/03/2026;CAOA MOTOR DO BRASIL LTDA;1,68E+13;RECIFE;PE;20/03/2026;06/04/2026;27/03/2026;Entregue No Prazo;;Entrega realizada;Entrega Finalizada;6;4;20;3;TERMACO;5008;;;
MOBIS BRASIL FABRICACAO DE AUTO PECAS LT;RODOVIARIO;1480876;20/03/2026;5;333701;20/03/2026;JPN PATOS COMERCIO DE VEICULOS LTDA;4,20E+13;PATOS;PB;20/03/2026;07/04/2026;27/03/2026;Entregue No Prazo;;Entrega realizada;Entrega Finalizada;7;4;20;3;TERMACO;15004;;;
MOBIS BRASIL FABRICACAO DE AUTO PECAS LT;RODOVIARIO;1481589;23/03/2026;1;333912;23/03/2026;IMOTORS VEICULOS LTDA;7,17E+12;JUIZ DE FORA;MG;23/03/2026;27/03/2026;27/03/2026;Entregue No Prazo;;Entrega realizada;Entrega Finalizada;27;3;23;3;XD BETIM;11010;;;
MOBIS BRASIL FABRICACAO DE AUTO PECAS LT;RODOVIARIO;1481593;23/03/2026;4;333922;23/03/2026;URCA MOTORS VEICULOS LTDA;8,77E+12;PATOS DE MINAS;MG;23/03/2026;27/03/2026;27/03/2026;Entregue No Prazo;;Entrega realizada;Entrega Finalizada;27;3;23;3;XD BETIM;9014;;;
MOBIS BRASIL FABRICACAO DE AUTO PECAS LT;RODOVIARIO;1481615;23/03/2026;1;333925;23/03/2026;CAOA MOTOR DO BRASIL LTDA;1,68E+13;RIO DE JANEIRO;RJ;23/03/2026;27/03/2026;27/03/2026;Entregue No Prazo;;Entrega realizada;Entrega Finalizada;27;3;23;3;CAMILO;5008;;;
MOBIS BRASIL FABRICACAO DE AUTO PECAS LT;RODOVIARIO;1481582;23/03/2026;7;333915;23/03/2026;SAGA KOREA COM. DE VEIC. E PC. LTDA;1,27E+13;BRASILIA;DF;23/03/2026;31/03/2026;27/03/2026;Entregue No Prazo;;Entrega realizada;Entrega Finalizada;31;3;23;3;RIO VERMELHO;7005;;;
MOBIS BRASIL FABRICACAO DE AUTO PECAS LT;RODOVIARIO;1481581;23/03/2026;1;333915;23/03/2026;SAGA KOREA COM. DE VEIC. E PC. LTDA;1,27E+13;BRASILIA;DF;23/03/2026;31/03/2026;27/03/2026;Entregue No Prazo;;Entrega realizada;Entrega Finalizada;31;3;23;3;RIO VERMELHO;7005;;;
MOBIS BRASIL FABRICACAO DE AUTO PECAS LT;RODOVIARIO;1481580;23/03/2026;1;333916;23/03/2026;SAGA KOREA COM. DE VEIC. E PC. LTDA;1,27E+13;BRASILIA;DF;23/03/2026;31/03/2026;27/03/2026;Entregue No Prazo;;Entrega realizada;Entrega Finalizada;31;3;23;3;RIO VERMELHO;7004;;;
MOBIS BRASIL FABRICACAO DE AUTO PECAS LT;RODOVIARIO;1481579;23/03/2026;1;333918;23/03/2026;SMAFF IMPORT VEICULOS LTDA;8,18E+12;BRASILIA;DF;23/03/2026;31/03/2026;27/03/2026;Entregue No Prazo;;Entrega realizada;Entrega Finalizada;31;3;23;3;RIO VERMELHO;7002;;;
MOBIS BRASIL FABRICACAO DE AUTO PECAS LT;RODOVIARIO;1481597;23/03/2026;1;333931;23/03/2026;GOLDEN MOTORS VEICULOS LTDA;3,62E+12;DOURADOS;MS;23/03/2026;31/03/2026;27/03/2026;Entregue No Prazo;;Entrega realizada;Entrega Finalizada;31;3;23;3;CARVALIMA;12001;;;
MOBIS BRASIL FABRICACAO DE AUTO PECAS LT;RODOVIARIO;1481584;23/03/2026;1;333944;23/03/2026;PRIME CACHOEIRO VEICULOS LTDA EPP;9,34E+12;CACHOEIRO DE ITAPEMIRIM;ES;23/03/2026;31/03/2026;27/03/2026;Entregue No Prazo;;Entrega realizada;Entrega Finalizada;31;3;23;3;CAMILO;8003;;;
MOBIS BRASIL FABRICACAO DE AUTO PECAS LT;RODOVIARIO;1481583;23/03/2026;4;333944;23/03/2026;PRIME CACHOEIRO VEICULOS LTDA EPP;9,34E+12;CACHOEIRO DE ITAPEMIRIM;ES;23/03/2026;31/03/2026;27/03/2026;Entregue No Prazo;;Entrega realizada;Entrega Finalizada;31;3;23;3;CAMILO;8003;;;
MOBIS BRASIL FABRICACAO DE AUTO PECAS LT;RODOVIARIO;1481599;23/03/2026;4;333927;23/03/2026;COMETA MATO GROSSO COM. DE VEICULOS LTDA;1,54E+13;SINOP;MT;23/03/2026;02/04/2026;27/03/2026;Entregue No Prazo;;Entrega realizada;Entrega Finalizada;2;4;23;3;CARVALIMA;13003;;;
MOBIS BRASIL FABRICACAO DE AUTO PECAS LT;RODOVIARIO;1482688;24/03/2026;10;334108;24/03/2026;BILLY DISTRIBUIDORA DE VEICULOS LTDA;1,34E+13;BARUERI;SP;24/03/2026;26/03/2026;27/03/2026;Entregue Fora do Prazo;;Entrega realizada;Entrega Finalizada;26;3;24;3;RISSO;26003;Aniversário do Município;Porto Alegre;RS
MOBIS BRASIL FABRICACAO DE AUTO PECAS LT;RODOVIARIO;1482689;24/03/2026;7;334127;24/03/2026;NOBRE DISTRIBUIDORA DE VEICULOS E PECAS;5,76E+12;MOGI DAS CRUZES;SP;24/03/2026;26/03/2026;27/03/2026;Entregue Fora do Prazo;;Entrega realizada;Entrega Finalizada;26;3;24;3;RISSO;26004;Aniversário do Município;Porto Alegre;RS
MOBIS BRASIL FABRICACAO DE AUTO PECAS LT;RODOVIARIO;1482693;24/03/2026;81;334125;24/03/2026;MOTONET COMERCIO DE VEICULOS LTDA;9,28E+12;SOROCABA;SP;24/03/2026;27/03/2026;27/03/2026;Entregue No Prazo;;Entrega realizada;Entrega Finalizada;27;3;24;3;RISSO;26113;;;
MOBIS BRASIL FABRICACAO DE AUTO PECAS LT;RODOVIARIO;1483206;24/03/2026;1;334126;24/03/2026;NEW VEICULOS E PECAS LTDA;1,59E+13;RIBEIRAO PRETO;SP;24/03/2026;27/03/2026;27/03/2026;Entregue No Prazo;;Entrega realizada;Entrega Finalizada;27;3;24;3;RISSO;26014;;;
MOBIS BRASIL FABRICACAO DE AUTO PECAS LT;RODOVIARIO;1482622;24/03/2026;2;334133;24/03/2026;IMOTORS VEICULOS LTDA;7,17E+12;JUIZ DE FORA;MG;24/03/2026;30/03/2026;27/03/2026;Entregue No Prazo;;Entrega realizada;Entrega Finalizada;30;3;24;3;XD BETIM;11010;;;
MOBIS BRASIL FABRICACAO DE AUTO PECAS LT;RODOVIARIO;1482621;24/03/2026;3;334143;24/03/2026;TOKSU COMERCIO DE VEICULOS LTDA;1,12E+13;JUIZ DE FORA;MG;24/03/2026;30/03/2026;27/03/2026;Entregue No Prazo;;Entrega realizada;Entrega Finalizada;30;3;24;3;XD BETIM;11008;;;
MOBIS BRASIL FABRICACAO DE AUTO PECAS LT;RODOVIARIO;1482629;24/03/2026;2;334148;24/03/2026;URCA MOTORS VEICULOS LTDA;8,77E+12;PATOS DE MINAS;MG;24/03/2026;30/03/2026;27/03/2026;Entregue No Prazo;;Entrega realizada;Entrega Finalizada;30;3;24;3;XD BETIM;9014;;;
MOBIS BRASIL FABRICACAO DE AUTO PECAS LT;RODOVIARIO;1482627;24/03/2026;1;334150;24/03/2026;VIME POCOS COM. DE VEICULOS E PECAS LTDA;3,43E+13;POCOS DE CALDAS;MG;24/03/2026;30/03/2026;27/03/2026;Entregue No Prazo;;Entrega realizada;Entrega Finalizada;30;3;24;3;XD BETIM;11033;;;
MOBIS BRASIL FABRICACAO DE AUTO PECAS LT;RODOVIARIO;1482663;24/03/2026;1;334154;24/03/2026;CAOA MOTOR DO BRASIL LTDA;1,68E+13;RIO DE JANEIRO;RJ;24/03/2026;30/03/2026;27/03/2026;Entregue No Prazo;;Entrega realizada;Entrega Finalizada;30;3;24;3;CAMILO;5008;;;
MOBIS BRASIL FABRICACAO DE AUTO PECAS LT;RODOVIARIO;1482665;24/03/2026;1;334155;24/03/2026;CAOA MOTOR DO BRASIL LTDA;1,68E+13;RIO DE JANEIRO;RJ;24/03/2026;30/03/2026;27/03/2026;Entregue No Prazo;;Entrega realizada;Entrega Finalizada;30;3;24;3;CAMILO;5008;;;
MOBIS BRASIL FABRICACAO DE AUTO PECAS LT;RODOVIARIO;1482661;24/03/2026;1;334156;24/03/2026;CAOA MOTOR DO BRASIL LTDA;1,68E+13;RIO DE JANEIRO;RJ;24/03/2026;30/03/2026;27/03/2026;Entregue No Prazo;;Entrega realizada;Entrega Finalizada;30;3;24;3;CAMILO;5008;;;
MOBIS BRASIL FABRICACAO DE AUTO PECAS LT;RODOVIARIO;1483208;24/03/2026;17;334168;24/03/2026;ITAVEMA MOTORS VEICULOS LTDA;7,73E+12;RIO DE JANEIRO;RJ;24/03/2026;30/03/2026;27/03/2026;Entregue No Prazo;;Entrega realizada;Entrega Finalizada;30;3;24;3;CAMILO;19001;;;
MOBIS BRASIL FABRICACAO DE AUTO PECAS LT;RODOVIARIO;1482685;24/03/2026;3;334195;24/03/2026;BARI VEICULOS LTDA;7,46E+12;JARAGUA DO SUL;SC;24/03/2026;30/03/2026;27/03/2026;Entregue No Prazo;;Entrega realizada;Entrega Finalizada;30;3;24;3;TRANSTRY;18024;;;
MOBIS BRASIL FABRICACAO DE AUTO PECAS LT;RODOVIARIO;1482655;24/03/2026;32;334198;24/03/2026;BARI VEICULOS LTDA;7,46E+12;PONTA GROSSA;PR;24/03/2026;30/03/2026;27/03/2026;Entregue No Prazo;;Entrega realizada;Entrega Finalizada;30;3;24;3;TRANSTRY;18024;;;
MOBIS BRASIL FABRICACAO DE AUTO PECAS LT;RODOVIARIO;1482654;24/03/2026;4;334198;24/03/2026;BARI VEICULOS LTDA;7,46E+12;PONTA GROSSA;PR;24/03/2026;30/03/2026;27/03/2026;Entregue No Prazo;;Entrega realizada;Entrega Finalizada;30;3;24;3;TRANSTRY;18024;;;
MOBIS BRASIL FABRICACAO DE AUTO PECAS LT;RODOVIARIO;1482680;24/03/2026;1;334202;24/03/2026;BARI VEICULOS LTDA.;7,46E+12;ITAJAI;SC;24/03/2026;30/03/2026;27/03/2026;Entregue No Prazo;;Entrega realizada;Entrega Finalizada;30;3;24;3;TRANSTRY;24014;;;
MOBIS BRASIL FABRICACAO DE AUTO PECAS LT;RODOVIARIO;1482669;24/03/2026;2;334203;24/03/2026;CARWAY SUL VEICULOS LTDA;1,03E+13;CANOAS;RS;24/03/2026;30/03/2026;27/03/2026;Entregue No Prazo;;Entrega realizada;Entrega Finalizada;30;3;24;3;TRANSTRY;23003;;;
MOBIS BRASIL FABRICACAO DE AUTO PECAS LT;RODOVIARIO;1482668;24/03/2026;2;334211;24/03/2026;HOUSE PARTS-COM. DE PCS. E VEICULOS LTDA;1,15E+13;PORTO ALEGRE;RS;24/03/2026;30/03/2026;27/03/2026;Entregue No Prazo;;Entrega realizada;Entrega Finalizada;30;3;24;3;TRANSTRY;23004;;;
MOBIS BRASIL FABRICACAO DE AUTO PECAS LT;RODOVIARIO;1482647;24/03/2026;1;334213;24/03/2026;LOVAT VEICULOS S/A;8,57E+12;MARINGA;PR;24/03/2026;30/03/2026;27/03/2026;Entregue No Prazo;;Entrega realizada;Entrega Finalizada;30;3;24;3;TRANSTRY;18008;;;
MOBIS BRASIL FABRICACAO DE AUTO PECAS LT;RODOVIARIO;1482648;24/03/2026;2;334213;24/03/2026;LOVAT VEICULOS S/A;8,57E+12;MARINGA;PR;24/03/2026;30/03/2026;27/03/2026;Entregue No Prazo;;Entrega realizada;Entrega Finalizada;30;3;24;3;TRANSTRY;18008;;;
MOBIS BRASIL FABRICACAO DE AUTO PECAS LT;RODOVIARIO;1482628;24/03/2026;2;334132;24/03/2026;GNC GRANDE COREIA MINAS GERAIS COMERCIO;4,27E+13;MONTES CLAROS;MG;24/03/2026;31/03/2026;27/03/2026;Entregue No Prazo;;Entrega realizada;Entrega Finalizada;31;3;24;3;XD BETIM;11035;;;
MOBIS BRASIL FABRICACAO DE AUTO PECAS LT;RODOVIARIO;1482664;24/03/2026;1;334173;24/03/2026;MONTREAL VEICULOS E PECAS LTDA;1,68E+13;SAO PEDRO DA ALDEIA;RJ;24/03/2026;31/03/2026;27/03/2026;Entregue No Prazo;;Entrega realizada;Entrega Finalizada;31;3;24;3;CAMILO;19030;;;
MOBIS BRASIL FABRICACAO DE AUTO PECAS LT;RODOVIARIO;1482678;24/03/2026;34;334194;24/03/2026;BARI VEICULOS LTDA;7,46E+12;BLUMENAU;SC;24/03/2026;31/03/2026;27/03/2026;Entregue No Prazo;;Entrega realizada;Entrega Finalizada;31;3;24;3;TRANSTRY;18024;;;
MOBIS BRASIL FABRICACAO DE AUTO PECAS LT;RODOVIARIO;1482674;24/03/2026;1;334210;24/03/2026;HOUSE PARTS COMERCIO DE PECAS E VEI;1,15E+13;CAXIAS DO SUL;RS;24/03/2026;31/03/2026;27/03/2026;Entregue No Prazo;;Entrega realizada;Entrega Finalizada;31;3;24;3;TRANSTRY;23023;;;
MOBIS BRASIL FABRICACAO DE AUTO PECAS LT;RODOVIARIO;1482677;24/03/2026;2;334215;24/03/2026;LR COMERCIO DE VEICULOS LTDA;1,05E+13;SAO JOSE;SC;24/03/2026;31/03/2026;27/03/2026;Entregue No Prazo;;Entrega realizada;Entrega Finalizada;31;3;24;3;TRANSTRY;24007;;;
MOBIS BRASIL FABRICACAO DE AUTO PECAS LT;RODOVIARIO;1482652;24/03/2026;3;334218;24/03/2026;ZENDAI VEICULOS LTDA;1,97E+13;TOLEDO;PR;24/03/2026;31/03/2026;27/03/2026;Entregue No Prazo;;Entrega realizada;Entrega Finalizada;31;3;24;3;TRANSTRY;18016;;;
MOBIS BRASIL FABRICACAO DE AUTO PECAS LT;RODOVIARIO;1482608;24/03/2026;11;334140;24/03/2026;SAGA KOREA COM. DE VEIC. E PC. LTDA;1,27E+13;BRASILIA;DF;24/03/2026;01/04/2026;27/03/2026;Entregue No Prazo;;Entrega realizada;Entrega Finalizada;1;4;24;3;RIO VERMELHO;7005;;;
MOBIS BRASIL FABRICACAO DE AUTO PECAS LT;RODOVIARIO;1482634;24/03/2026;8;334185;24/03/2026;ULSAN COMERCIO DE VEICULOS LTDA.;2,10E+13;CAMPO GRANDE;MS;24/03/2026;01/04/2026;27/03/2026;Entregue No Prazo;;Entrega realizada;Entrega Finalizada;1;4;24;3;CARVALIMA;12004;;;
MOBIS BRASIL FABRICACAO DE AUTO PECAS LT;RODOVIARIO;1482681;24/03/2026;3;334197;24/03/2026;BARI VEICULOS LTDA;7,46E+12;BALNEARIO CAMBORIU;SC;24/03/2026;01/04/2026;27/03/2026;Entregue No Prazo;;Entrega realizada;Entrega Finalizada;1;4;24;3;TRANSTRY;18024;;;
MOBIS BRASIL FABRICACAO DE AUTO PECAS LT;RODOVIARIO;1483209;24/03/2026;72;334180;24/03/2026;SAGA ASIA COM. DE VEIC.PC.E SERV. LTDA;2,23E+13;VARZEA GRANDE;MT;24/03/2026;02/04/2026;27/03/2026;Entregue No Prazo;;Entrega realizada;Entrega Finalizada;2;4;24;3;CARVALIMA;13004;;;
MOBIS BRASIL FABRICACAO DE AUTO PECAS LT;RODOVIARIO;1483525;25/03/2026;2;334359;25/03/2026;BILLY DISTRIBUIDORA DE VEICULOS LTDA;1,34E+13;BARUERI;SP;25/03/2026;27/03/2026;27/03/2026;Entregue No Prazo;;Entrega realizada;Entrega Finalizada;27;3;25;3;RISSO;26003;;;
MOBIS BRASIL FABRICACAO DE AUTO PECAS LT;RODOVIARIO;1483545;25/03/2026;2;334362;25/03/2026;CAOA MOTOR DO BRASIL LTDA (INDIANOPOLIS);1,68E+13;SAO PAULO;SP;25/03/2026;27/03/2026;27/03/2026;Entregue No Prazo;;Entrega realizada;Entrega Finalizada;27;3;25;3;RISSO;26091;;;
MOBIS BRASIL FABRICACAO DE AUTO PECAS LT;RODOVIARIO;1483538;25/03/2026;1;334363;25/03/2026;CAOA MOTOR DO BRASIL LTDA (VL PRUDENTE);1,68E+13;SAO PAULO;SP;25/03/2026;27/03/2026;27/03/2026;Entregue No Prazo;;Entrega realizada;Entrega Finalizada;27;3;25;3;RISSO;26051;;;
MOBIS BRASIL FABRICACAO DE AUTO PECAS LT;RODOVIARIO;1483550;25/03/2026;2;334364;25/03/2026;CHS MOTORS VEICULOS PECAS E SERV.  LTDA;1,69E+13;SAO PAULO;SP;25/03/2026;27/03/2026;27/03/2026;Entregue No Prazo;;Entrega realizada;Entrega Finalizada;27;3;25;3;RISSO;26108;;;
MOBIS BRASIL FABRICACAO DE AUTO PECAS LT;RODOVIARIO;1483549;25/03/2026;3;334365;25/03/2026;CHS MOTORS VEICULOS PECAS E SERV. LTDA;1,69E+13;OSASCO;SP;25/03/2026;27/03/2026;27/03/2026;Entregue No Prazo;;Entrega realizada;Entrega Finalizada;27;3;25;3;RISSO;26106;;;
MOBIS BRASIL FABRICACAO DE AUTO PECAS LT;RODOVIARIO;1483548;25/03/2026;2;334365;25/03/2026;CHS MOTORS VEICULOS PECAS E SERV. LTDA;1,69E+13;OSASCO;SP;25/03/2026;27/03/2026;27/03/2026;Entregue No Prazo;;Entrega realizada;Entrega Finalizada;27;3;25;3;RISSO;26106;;;
MOBIS BRASIL FABRICACAO DE AUTO PECAS LT;RODOVIARIO;1483531;25/03/2026;2;334369;25/03/2026;GRAND SPORT COM. DE VEIC. E PECAS LTDA;8,58E+12;SAO PAULO;SP;25/03/2026;27/03/2026;27/03/2026;Entregue No Prazo;;Entrega realizada;Entrega Finalizada;27;3;25;3;RISSO;26034;;;
MOBIS BRASIL FABRICACAO DE AUTO PECAS LT;RODOVIARIO;1483544;25/03/2026;2;334370;25/03/2026;GRANDAY AUTOMOTORES LTDA (CHAC. CALIFOR);1,57E+13;SAO PAULO;SP;25/03/2026;27/03/2026;27/03/2026;Entregue No Prazo;;Entrega realizada;Entrega Finalizada;27;3;25;3;RISSO;26090;;;
MOBIS BRASIL FABRICACAO DE AUTO PECAS LT;RODOVIARIO;1483547;25/03/2026;2;334377;25/03/2026;NOBRE DISTRIBUIDORA DE VEIC. E PEC. LTDA;5,76E+12;SUZANO;SP;25/03/2026;27/03/2026;27/03/2026;Entregue No Prazo;;Entrega realizada;Entrega Finalizada;27;3;25;3;RISSO;26103;;;
MOBIS BRASIL FABRICACAO DE AUTO PECAS LT;RODOVIARIO;1483526;25/03/2026;1;334378;25/03/2026;NOBRE DISTRIBUIDORA DE VEICULOS E PECAS;5,76E+12;MOGI DAS CRUZES;SP;25/03/2026;27/03/2026;27/03/2026;Entregue No Prazo;;Entrega realizada;Entrega Finalizada;27;3;25;3;RISSO;26004;;;
MOBIS BRASIL FABRICACAO DE AUTO PECAS LT;RODOVIARIO;1483529;25/03/2026;1;334374;25/03/2026;MOTONET COMERCIO DE VEICULOS LTDA;9,28E+12;SOROCABA;SP;25/03/2026;30/03/2026;27/03/2026;Entregue No Prazo;;Entrega realizada;Entrega Finalizada;30;3;25;3;RISSO;26113;;;
MOBIS BRASIL FABRICACAO DE AUTO PECAS LT;RODOVIARIO;1483493;25/03/2026;1;334385;25/03/2026;TAI MOTORS VEICULOS S/A;9,27E+12;BELO HORIZONTE;MG;25/03/2026;30/03/2026;27/03/2026;Entregue No Prazo;;Entrega realizada;Entrega Finalizada;30;3;25;3;XD BETIM;8002;;;
MOBIS BRASIL FABRICACAO DE AUTO PECAS LT;RODOVIARIO;1483506;25/03/2026;6;334392;25/03/2026;BARI VEICULOS LTDA;7,46E+12;CURITIBA;PR;25/03/2026;30/03/2026;27/03/2026;Entregue No Prazo;;Entrega realizada;Entrega Finalizada;30;3;25;3;TRANSTRY;18024;;;
MOBIS BRASIL FABRICACAO DE AUTO PECAS LT;RODOVIARIO;1483507;25/03/2026;1;334392;25/03/2026;BARI VEICULOS LTDA;7,46E+12;CURITIBA;PR;25/03/2026;30/03/2026;27/03/2026;Entregue No Prazo;;Entrega realizada;Entrega Finalizada;30;3;25;3;TRANSTRY;18024;;;
MOBIS BRASIL FABRICACAO DE AUTO PECAS LT;RODOVIARIO;1483502;25/03/2026;1;334406;25/03/2026;SEVEC VEICULOS LTDA;5,68E+11;CURITIBA;PR;25/03/2026;30/03/2026;27/03/2026;Entregue No Prazo;;Entrega realizada;Entrega Finalizada;30;3;25;3;TRANSTRY;18012;;;
MOBIS BRASIL FABRICACAO DE AUTO PECAS LT;RODOVIARIO;1483543;25/03/2026;5;334361;25/03/2026;CAOA MOTOR DO BRASIL LTDA;1,68E+13;PRAIA GRANDE;SP;25/03/2026;31/03/2026;27/03/2026;Entregue No Prazo;;Entrega realizada;Entrega Finalizada;31;3;25;3;RISSO;5008;;;
MOBIS BRASIL FABRICACAO DE AUTO PECAS LT;RODOVIARIO;1483492;25/03/2026;2;334386;25/03/2026;TOKSU COMERCIO DE VEICULOS LTDA;1,12E+13;JUIZ DE FORA;MG;25/03/2026;31/03/2026;27/03/2026;Entregue No Prazo;;Entrega realizada;Entrega Finalizada;31;3;25;3;XD BETIM;11008;;;
MOBIS BRASIL FABRICACAO DE AUTO PECAS LT;RODOVIARIO;1483495;25/03/2026;1;334388;25/03/2026;URCA MOTORS VEICULOS LTDA;8,77E+12;PATOS DE MINAS;MG;25/03/2026;31/03/2026;27/03/2026;Entregue No Prazo;;Entrega realizada;Entrega Finalizada;31;3;25;3;XD BETIM;9014;;;
MOBIS BRASIL FABRICACAO DE AUTO PECAS LT;RODOVIARIO;1483491;25/03/2026;2;334389;25/03/2026;URCA MOTORS VEICULOS LTDA;8,77E+12;UBERLANDIA;MG;25/03/2026;31/03/2026;27/03/2026;Entregue No Prazo;;Entrega realizada;Entrega Finalizada;31;3;25;3;XD BETIM;9014;;;
MOBIS BRASIL FABRICACAO DE AUTO PECAS LT;RODOVIARIO;1483500;25/03/2026;5;334402;25/03/2026;LOVAT VEICULOS S/A;8,57E+12;LONDRINA;PR;25/03/2026;31/03/2026;27/03/2026;Entregue No Prazo;;Entrega realizada;Entrega Finalizada;31;3;25;3;TRANSTRY;18008;;;
MOBIS BRASIL FABRICACAO DE AUTO PECAS LT;RODOVIARIO;1483508;25/03/2026;1;334506;25/03/2026;AMX COM. E SERVICOS DE AUTOMOTORES LTDA;1,20E+13;RIO DE JANEIRO;RJ;25/03/2026;31/03/2026;27/03/2026;Entregue No Prazo;;Entrega realizada;Entrega Finalizada;31;3;25;3;CAMILO;19009;;;
MOBIS BRASIL FABRICACAO DE AUTO PECAS LT;RODOVIARIO;1484009;25/03/2026;10;334511;25/03/2026;ITAVEMA MOTORS VEICULOS LTDA;7,73E+12;RIO DE JANEIRO;RJ;25/03/2026;31/03/2026;27/03/2026;Entregue No Prazo;;Entrega realizada;Entrega Finalizada;31;3;25;3;CAMILO;19001;;;
MOBIS BRASIL FABRICACAO DE AUTO PECAS LT;RODOVIARIO;1484199;26/03/2026;33;334635;26/03/2026;BILLY DISTRIBUIDORA DE VEICULOS LTDA;1,34E+13;SAO CAETANO DO SUL;SP;26/03/2026;30/03/2026;27/03/2026;Entregue No Prazo;;Entrega realizada;Entrega Finalizada;30;3;26;3;RISSO;26003;;;
MOBIS BRASIL FABRICACAO DE AUTO PECAS LT;RODOVIARIO;1484198;26/03/2026;1;334635;26/03/2026;BILLY DISTRIBUIDORA DE VEICULOS LTDA;1,34E+13;SAO CAETANO DO SUL;SP;26/03/2026;30/03/2026;27/03/2026;Entregue No Prazo;;Entrega realizada;Entrega Finalizada;30;3;26;3;RISSO;26003;;;
MOBIS BRASIL FABRICACAO DE AUTO PECAS LT;RODOVIARIO;1484193;26/03/2026;4;334636;26/03/2026;BILLY DISTRIBUIDORA DE VEICULOS LTDA;1,34E+13;BARUERI;SP;26/03/2026;30/03/2026;27/03/2026;Entregue No Prazo;;Entrega realizada;Entrega Finalizada;30;3;26;3;RISSO;26003;;;
MOBIS BRASIL FABRICACAO DE AUTO PECAS LT;RODOVIARIO;1484202;26/03/2026;12;334640;26/03/2026;CHS MOTORS VEICULOS PECAS(VL. GUILHERME);1,69E+13;SAO PAULO;SP;26/03/2026;30/03/2026;27/03/2026;Entregue No Prazo;;Entrega realizada;Entrega Finalizada;30;3;26;3;RISSO;26052;;;
MOBIS BRASIL FABRICACAO DE AUTO PECAS LT;RODOVIARIO;1484213;26/03/2026;1;334653;26/03/2026;NOBRE DISTRIBUIDORA DE VEIC. E PEC. LTDA;5,76E+12;SUZANO;SP;26/03/2026;30/03/2026;27/03/2026;Entregue No Prazo;;Entrega realizada;Entrega Finalizada;30;3;26;3;RISSO;26103;;;
MOBIS BRASIL FABRICACAO DE AUTO PECAS LT;RODOVIARIO;1484196;26/03/2026;10;334633;26/03/2026;ANDRETA II DISTRIBUIDORA DE VEIC. LTDA;9,10E+12;CAMPINAS;SP;26/03/2026;31/03/2026;27/03/2026;Entregue No Prazo;;Entrega realizada;Entrega Finalizada;31;3;26;3;RISSO;26011;;;
MOBIS BRASIL FABRICACAO DE AUTO PECAS LT;RODOVIARIO;1484205;26/03/2026;1;334637;26/03/2026;CAOA MOTOR DO BRASIL LTDA;1,68E+13;SAO JOSE DOS CAMPOS;SP;26/03/2026;31/03/2026;27/03/2026;Entregue No Prazo;;Entrega realizada;Entrega Finalizada;31;3;26;3;RISSO;5008;;;
MOBIS BRASIL FABRICACAO DE AUTO PECAS LT;RODOVIARIO;1484195;26/03/2026;3;334642;26/03/2026;DHC COMERCIO DE VEICULOS E PECAS LTDA;9,52E+12;BAURU;SP;26/03/2026;31/03/2026;27/03/2026;Entregue No Prazo;;Entrega realizada;Entrega Finalizada;31;3;26;3;RISSO;26010;;;
MOBIS BRASIL FABRICACAO DE AUTO PECAS LT;RODOVIARIO;1484211;26/03/2026;1;334631;26/03/2026;ANDRETA II DISTRIBUIDORA DE VEIC. LTDA;9,10E+12;RIO CLARO;SP;26/03/2026;01/04/2026;27/03/2026;Entregue No Prazo;;Entrega realizada;Entrega Finalizada;1;4;26;3;RISSO;26011;;;
MOBIS BRASIL FABRICACAO DE AUTO PECAS LT;RODOVIARIO;1484207;26/03/2026;1;334639;26/03/2026;CAOA MOTOR DO BRASIL LTDA;1,68E+13;PRAIA GRANDE;SP;26/03/2026;01/04/2026;27/03/2026;Entregue No Prazo;;Entrega realizada;Entrega Finalizada;1;4;26;3;RISSO;5008;;;
MOBIS BRASIL FABRICACAO DE AUTO PECAS LT;RODOVIARIO;1484209;26/03/2026;3;334646;26/03/2026;H - CAMINHO AUTOMOVEIS LTDA;2,53E+13;PIRACICABA;SP;26/03/2026;01/04/2026;27/03/2026;Entregue No Prazo;;Entrega realizada;Entrega Finalizada;1;4;26;3;RISSO;26092;;;
MOBIS BRASIL FABRICACAO DE AUTO PECAS LT;RODOVIARIO;1484755;26/03/2026;9;334652;26/03/2026;NEW VEICULOS E PECAS LTDA.;1,59E+13;ARARAQUARA;SP;26/03/2026;01/04/2026;27/03/2026;Entregue No Prazo;;Entrega realizada;Entrega Finalizada;1;4;26;3;RISSO;26071;;;
MOBIS BRASIL FABRICACAO DE AUTO PECAS LT;RODOVIARIO;1483494;25/03/2026;3;334381;25/03/2026;CARBEL KOREA VEICULOS LTDA;2,07E+13;BELO HORIZONTE;MG;25/03/2026;30/03/2026;27/03/2026;Entregue No Prazo;;Entrega realizada;Entrega Finalizada;30;3;25;3;XD BETIM;11021;;;
MOBIS BRASIL FABRICACAO DE AUTO PECAS LT;RODOVIARIO;1480898;20/03/2026;2;333691;20/03/2026;COMETA JI PARANA COM. DE VEIC. LTDA;4,23E+12;JIPARANA;RO;20/03/2026;08/04/2026;28/03/2026;Entregue No Prazo;;Entrega realizada;Entrega Finalizada;8;4;20;3;CARVALIMA;21002;;;
MOBIS BRASIL FABRICACAO DE AUTO PECAS LT;RODOVIARIO;1481619;23/03/2026;1;333926;23/03/2026;COMETA JI PARANA COM. DE VEIC. LTDA;4,23E+12;JIPARANA;RO;23/03/2026;09/04/2026;28/03/2026;Entregue No Prazo;;Entrega realizada;Entrega Finalizada;9;4;23;3;CARVALIMA;21002;;;
MOBIS BRASIL FABRICACAO DE AUTO PECAS LT;RODOVIARIO;1483530;25/03/2026;19;334374;25/03/2026;MOTONET COMERCIO DE VEICULOS LTDA;9,28E+12;SOROCABA;SP;25/03/2026;30/03/2026;28/03/2026;Entregue No Prazo;;Entrega realizada;Entrega Finalizada;30;3;25;3;RISSO;26113;;;
MOBIS BRASIL FABRICACAO DE AUTO PECAS LT;RODOVIARIO;1484143;26/03/2026;2;334741;26/03/2026;GOLDEN MOTORS VEICULOS LTDA;3,62E+12;TRES LAGOAS;MS;26/03/2026;03/04/2026;28/03/2026;Entregue No Prazo;;Entrega realizada;Entrega Finalizada;3;4;26;3;CARVALIMA;12001;;;
MOBIS BRASIL FABRICACAO DE AUTO PECAS LT;RODOVIARIO;1500446;27/04/2026;77;339606;27/04/2026;SEVEC VEICULOS LTDA;5,68E+11;CURITIBA;PR;27/04/2026;30/04/2026;28/03/2026;Entregue No Prazo;;Entrega realizada;Entrega Finalizada;30;4;27;4;TRANSTRY;18012;;;
MOBIS BRASIL FABRICACAO DE AUTO PECAS LT;RODOVIARIO;1501005;27/04/2026;28;339606;27/04/2026;SEVEC VEICULOS LTDA;5,68E+11;CURITIBA;PR;27/04/2026;30/04/2026;28/03/2026;Entregue No Prazo;;Entrega realizada;Entrega Finalizada;30;4;27;4;TRANSTRY;18012;;;
MOBIS BRASIL FABRICACAO DE AUTO PECAS LT;RODOVIARIO;1465020;18/02/2026;1;328521;18/02/2026;PATEO COMERCIO DE VEICULOS S A;7,78E+12;MANAUS;AM;18/02/2026;16/03/2026;30/03/2026;Entregue Fora do Prazo;;Entrega realizada;Entrega Finalizada;16;3;18;2;NORTEX;3002;;;
MOBIS BRASIL FABRICACAO DE AUTO PECAS LT;RODOVIARIO;1466883;23/02/2026;15;329172;23/02/2026;PATEO COMERCIO DE VEICULOS S A;7,78E+12;MANAUS;AM;23/02/2026;19/03/2026;30/03/2026;Entregue Fora do Prazo;;Entrega realizada;Entrega Finalizada;19;3;23;2;NORTEX;3002;;;
MOBIS BRASIL FABRICACAO DE AUTO PECAS LT;RODOVIARIO;1468348;25/02/2026;2;329645;25/02/2026;PATEO COMERCIO DE VEICULOS S A;7,78E+12;MANAUS;AM;25/02/2026;23/03/2026;30/03/2026;Entregue Fora do Prazo;;Entrega realizada;Entrega Finalizada;23;3;25;2;NORTEX;3002;;;
MOBIS BRASIL FABRICACAO DE AUTO PECAS LT;RODOVIARIO;1475715;10/03/2026;5;331780;10/03/2026;GREEN CITY VEICULOS LTDA;2,10E+13;TERESINA;PI;10/03/2026;26/03/2026;30/03/2026;Entregue Fora do Prazo;;Entrega realizada;Entrega Finalizada;26;3;10;3;TERMACO;17002;Aniversário do Município;Porto Alegre;RS
MOBIS BRASIL FABRICACAO DE AUTO PECAS LT;RODOVIARIO;1476495;11/03/2026;6;331968;11/03/2026;GREEN CITY VEICULOS LTDA;2,10E+13;TERESINA;PI;11/03/2026;27/03/2026;30/03/2026;Entregue Fora do Prazo;;Entrega realizada;Entrega Finalizada;27;3;11;3;TERMACO;17002;;;
MOBIS BRASIL FABRICACAO DE AUTO PECAS LT;RODOVIARIO;1478162;16/03/2026;3;332705;16/03/2026;PRIVILLEGE DISTRIBUIDORA DE VEICULOS LTD;1,72E+13;PALMAS;TO;16/03/2026;25/03/2026;30/03/2026;Entregue Fora do Prazo;;Entrega realizada;Entrega Finalizada;25;3;16;3;RIO VERMELHO;27003;Abolição da Escravidão no Ceará;Estadual;CE
MOBIS BRASIL FABRICACAO DE AUTO PECAS LT;RODOVIARIO;1478163;16/03/2026;4;332705;16/03/2026;PRIVILLEGE DISTRIBUIDORA DE VEICULOS LTD;1,72E+13;PALMAS;TO;16/03/2026;25/03/2026;30/03/2026;Entregue Fora do Prazo;;Entrega realizada;Entrega Finalizada;25;3;16;3;RIO VERMELHO;27003;Abolição da Escravidão no Ceará;Estadual;CE
MOBIS BRASIL FABRICACAO DE AUTO PECAS LT;RODOVIARIO;1478892;17/03/2026;4;332918;17/03/2026;PRIVILLEGE DISTRIBUIDORA DE VEICULOS LTD;1,72E+13;PALMAS;TO;17/03/2026;26/03/2026;30/03/2026;Entregue Fora do Prazo;;Entrega realizada;Entrega Finalizada;26;3;17;3;RIO VERMELHO;27003;Aniversário do Município;Porto Alegre;RS
MOBIS BRASIL FABRICACAO DE AUTO PECAS LT;RODOVIARIO;1478891;17/03/2026;7;332918;17/03/2026;PRIVILLEGE DISTRIBUIDORA DE VEICULOS LTD;1,72E+13;PALMAS;TO;17/03/2026;26/03/2026;30/03/2026;Entregue Fora do Prazo;;Entrega realizada;Entrega Finalizada;26;3;17;3;RIO VERMELHO;27003;Aniversário do Município;Porto Alegre;RS
MOBIS BRASIL FABRICACAO DE AUTO PECAS LT;RODOVIARIO;1478781;17/03/2026;1;332983;17/03/2026;SAINT LAND COMERCIO DE VEICULOS LTDA;1,04E+13;JUAZEIRO DO NORTE;CE;17/03/2026;02/04/2026;30/03/2026;Entregue No Prazo;;Entrega realizada;Entrega Finalizada;2;4;17;3;TERMACO;6010;;;
MOBIS BRASIL FABRICACAO DE AUTO PECAS LT;RODOVIARIO;1479518;18/03/2026;3;333220;18/03/2026;ORIENTE AUTOMOVEIS LTDA;1,33E+13;PARNAMIRIM;RN;18/03/2026;03/04/2026;30/03/2026;Entregue No Prazo;;Entrega realizada;Entrega Finalizada;3;4;18;3;TERMACO;20001;;;
MOBIS BRASIL FABRICACAO DE AUTO PECAS LT;RODOVIARIO;1480091;19/03/2026;3;333562;19/03/2026;AIKON VEICULOS LTDA;1,17E+13;ITABUNA;BA;19/03/2026;03/04/2026;30/03/2026;Entregue No Prazo;;Entrega realizada;Entrega Finalizada;3;4;19;3;TERMACO;5002;;;
MOBIS BRASIL FABRICACAO DE AUTO PECAS LT;RODOVIARIO;1480106;19/03/2026;33;333587;19/03/2026;PATEO COMERCIO DE VEICULOS S A;7,78E+12;SAO LUIS;MA;19/03/2026;03/04/2026;30/03/2026;Entregue No Prazo;;Entrega realizada;Entrega Finalizada;3;4;19;3;TERMACO;10002;;;
MOBIS BRASIL FABRICACAO DE AUTO PECAS LT;RODOVIARIO;1480152;19/03/2026;12;333592;19/03/2026;SAINT LAND COMERCIO DE VEICULOS LTDA;1,04E+13;NATAL;RN;19/03/2026;03/04/2026;30/03/2026;Entregue No Prazo;;Entrega realizada;Entrega Finalizada;3;4;19;3;TERMACO;6010;;;
MOBIS BRASIL FABRICACAO DE AUTO PECAS LT;RODOVIARIO;1480093;19/03/2026;1;333601;19/03/2026;VIA NORTE COM. E IMPORT. DE VEIC. LTDA;1,25E+13;SOBRAL;CE;19/03/2026;06/04/2026;30/03/2026;Entregue No Prazo;;Entrega realizada;Entrega Finalizada;6;4;19;3;TERMACO;6002;;;
MOBIS BRASIL FABRICACAO DE AUTO PECAS LT;RODOVIARIO;1480907;20/03/2026;12;333661;20/03/2026;ATUAL VEICULOS LTDA;1,33E+13;CRICIUMA;SC;20/03/2026;27/03/2026;30/03/2026;Entregue Fora do Prazo;;Entrega realizada;Entrega Finalizada;27;3;20;3;TRANSTRY;24001;;;
MOBIS BRASIL FABRICACAO DE AUTO PECAS LT;RODOVIARIO;1480915;20/03/2026;1;333670;20/03/2026;CHINHAN AUTOMOVEIS LTDA;2,41E+13;CONCORDIA;SC;20/03/2026;30/03/2026;30/03/2026;Entregue No Prazo;;Entrega realizada;Entrega Finalizada;30;3;20;3;TRANSTRY;23019;;;
MOBIS BRASIL FABRICACAO DE AUTO PECAS LT;RODOVIARIO;1480904;20/03/2026;8;333671;20/03/2026;CHINHAN AUTOMOVEIS LTDA;2,41E+13;ERECHIM;RS;20/03/2026;30/03/2026;30/03/2026;Entregue No Prazo;;Entrega realizada;Entrega Finalizada;30;3;20;3;TRANSTRY;23019;;;
MOBIS BRASIL FABRICACAO DE AUTO PECAS LT;RODOVIARIO;1480846;20/03/2026;4;333694;20/03/2026;FAZZA MOTORS COM. DE VEICULOS LTDA;1,24E+13;FORTALEZA;CE;20/03/2026;03/04/2026;30/03/2026;Entregue No Prazo;;Entrega realizada;Entrega Finalizada;3;4;20;3;TERMACO;6001;;;
MOBIS BRASIL FABRICACAO DE AUTO PECAS LT;RODOVIARIO;1480844;20/03/2026;1;333684;20/03/2026;AIKON VEICULOS LTDA;1,17E+13;ITABUNA;BA;20/03/2026;06/04/2026;30/03/2026;Entregue No Prazo;;Entrega realizada;Entrega Finalizada;6;4;20;3;TERMACO;5002;;;
MOBIS BRASIL FABRICACAO DE AUTO PECAS LT;RODOVIARIO;1480875;20/03/2026;36;333706;20/03/2026;PATEO COMERCIO DE VEICULOS S A;7,78E+12;JOAO PESSOA;PB;20/03/2026;06/04/2026;30/03/2026;Entregue No Prazo;;Entrega realizada;Entrega Finalizada;6;4;20;3;TERMACO;15003;;;
MOBIS BRASIL FABRICACAO DE AUTO PECAS LT;RODOVIARIO;1480861;20/03/2026;4;333707;20/03/2026;PATEO COMERCIO DE VEICULOS S A;7,78E+12;SAO LUIS;MA;20/03/2026;06/04/2026;30/03/2026;Entregue No Prazo;;Entrega realizada;Entrega Finalizada;6;4;20;3;TERMACO;10002;;;
MOBIS BRASIL FABRICACAO DE AUTO PECAS LT;RODOVIARIO;1480862;20/03/2026;3;333703;20/03/2026;NACIONAL NOVA MARABA DIST DE VEIC. LTDA;1,70E+13;IMPERATRIZ;MA;20/03/2026;09/04/2026;30/03/2026;Entregue No Prazo;;Entrega realizada;Entrega Finalizada;9;4;20;3;TERMACO;10003;;;
MOBIS BRASIL FABRICACAO DE AUTO PECAS LT;RODOVIARIO;1481592;23/03/2026;1;333923;23/03/2026;VIME AUTOMOVEIS E PECAS LTDA;2,85E+13;GUAXUPE;MG;23/03/2026;30/03/2026;30/03/2026;Entregue No Prazo;;Entrega realizada;Entrega Finalizada;30;3;23;3;XD BETIM;11031;;;
MOBIS BRASIL FABRICACAO DE AUTO PECAS LT;RODOVIARIO;1481626;23/03/2026;1;333951;23/03/2026;ATUAL VEICULOS LTDA;1,33E+13;CRICIUMA;SC;23/03/2026;30/03/2026;30/03/2026;Entregue No Prazo;;Entrega realizada;Entrega Finalizada;30;3;23;3;TRANSTRY;24001;;;
MOBIS BRASIL FABRICACAO DE AUTO PECAS LT;RODOVIARIO;1481627;23/03/2026;1;333952;23/03/2026;ATUAL VEICULOS LTDA;1,33E+13;TUBARAO;SC;23/03/2026;30/03/2026;30/03/2026;Entregue No Prazo;;Entrega realizada;Entrega Finalizada;30;3;23;3;TRANSTRY;24001;;;
MOBIS BRASIL FABRICACAO DE AUTO PECAS LT;RODOVIARIO;1481585;23/03/2026;43;333917;23/03/2026;SAGA KOREA COM. DE VEIC. E PC. LTDA;1,27E+13;GOIANIA;GO;23/03/2026;31/03/2026;30/03/2026;Entregue No Prazo;;Entrega realizada;Entrega Finalizada;31;3;23;3;RIO VERMELHO;9011;;;
MOBIS BRASIL FABRICACAO DE AUTO PECAS LT;RODOVIARIO;1481586;23/03/2026;1;333921;23/03/2026;URCA MOTORS VEICULOS LTDA;8,77E+12;RIO VERDE;GO;23/03/2026;02/04/2026;30/03/2026;Entregue No Prazo;;Entrega realizada;Entrega Finalizada;2;4;23;3;RIO VERMELHO;9014;;;
MOBIS BRASIL FABRICACAO DE AUTO PECAS LT;RODOVIARIO;1481601;23/03/2026;2;333932;23/03/2026;GRANDE COREIA COMERCIO DE VEICULOS LTDA;2,66E+13;BELEM;PA;23/03/2026;03/04/2026;30/03/2026;Entregue No Prazo;;Entrega realizada;Entrega Finalizada;3;4;23;3;CARVALIMA;14007;;;
MOBIS BRASIL FABRICACAO DE AUTO PECAS LT;RODOVIARIO;1481578;23/03/2026;2;333929;23/03/2026;FAZZA MOTORS COM. DE VEICULOS LTDA;1,24E+13;FORTALEZA;CE;23/03/2026;06/04/2026;30/03/2026;Entregue No Prazo;;Entrega realizada;Entrega Finalizada;6;4;23;3;TERMACO;6001;;;
MOBIS BRASIL FABRICACAO DE AUTO PECAS LT;RODOVIARIO;1481620;23/03/2026;10;333945;23/03/2026;SAGA ASIA COM. DE VEIC.PC.E SERV. LTDA;2,14E+13;PORTO VELHO;RO;23/03/2026;09/04/2026;30/03/2026;Entregue No Prazo;;Entrega realizada;Entrega Finalizada;9;4;23;3;CARVALIMA;21003;;;
MOBIS BRASIL FABRICACAO DE AUTO PECAS LT;RODOVIARIO;1482653;24/03/2026;1;334196;24/03/2026;BARI VEICULOS LTDA;7,46E+12;GUARAPUAVA;PR;24/03/2026;30/03/2026;30/03/2026;Entregue No Prazo;;Entrega realizada;Entrega Finalizada;30;3;24;3;TRANSTRY;18024;;;
MOBIS BRASIL FABRICACAO DE AUTO PECAS LT;RODOVIARIO;1482626;24/03/2026;1;334149;24/03/2026;VIME AUTOMOVEIS E PECAS LTDA;2,85E+13;GUAXUPE;MG;24/03/2026;31/03/2026;30/03/2026;Entregue No Prazo;;Entrega realizada;Entrega Finalizada;31;3;24;3;XD BETIM;11031;;;
MOBIS BRASIL FABRICACAO DE AUTO PECAS LT;RODOVIARIO;1482660;24/03/2026;1;334164;24/03/2026;GRAFFITI VEICULOS LTDA.;1,71E+13;ITAPERUNA;RJ;24/03/2026;31/03/2026;30/03/2026;Entregue No Prazo;;Entrega realizada;Entrega Finalizada;31;3;24;3;CAMILO;19015;;;
MOBIS BRASIL FABRICACAO DE AUTO PECAS LT;RODOVIARIO;1482609;24/03/2026;1;334187;24/03/2026;VIA BRASIL AUTOMOVEIS LTDA.;4,72E+12;SERRA;ES;24/03/2026;31/03/2026;30/03/2026;Entregue No Prazo;;Entrega realizada;Entrega Finalizada;31;3;24;3;CAMILO;8001;;;
MOBIS BRASIL FABRICACAO DE AUTO PECAS LT;RODOVIARIO;1482675;24/03/2026;1;334191;24/03/2026;ATUAL VEICULOS LTDA;1,33E+13;CRICIUMA;SC;24/03/2026;31/03/2026;30/03/2026;Entregue No Prazo;;Entrega realizada;Entrega Finalizada;31;3;24;3;TRANSTRY;24001;;;
MOBIS BRASIL FABRICACAO DE AUTO PECAS LT;RODOVIARIO;1482676;24/03/2026;4;334192;24/03/2026;ATUAL VEICULOS LTDA;1,33E+13;TUBARAO;SC;24/03/2026;31/03/2026;30/03/2026;Entregue No Prazo;;Entrega realizada;Entrega Finalizada;31;3;24;3;TRANSTRY;24001;;;
MOBIS BRASIL FABRICACAO DE AUTO PECAS LT;RODOVIARIO;1482671;24/03/2026;2;334205;24/03/2026;GALA COMERCIO DE VEICULOS LTDA.;1,77E+13;PELOTAS;RS;24/03/2026;31/03/2026;30/03/2026;Entregue No Prazo;;Entrega realizada;Entrega Finalizada;31;3;24;3;TRANSTRY;23009;;;
MOBIS BRASIL FABRICACAO DE AUTO PECAS LT;RODOVIARIO;1482651;24/03/2026;1;334216;24/03/2026;SANTA FE COMERCIO DE VEICULOS S A.;1,16E+13;PATO BRANCO;PR;24/03/2026;31/03/2026;30/03/2026;Entregue No Prazo;;Entrega realizada;Entrega Finalizada;31;3;24;3;TRANSTRY;18014;;;
MOBIS BRASIL FABRICACAO DE AUTO PECAS LT;RODOVIARIO;1482649;24/03/2026;19;334217;24/03/2026;SANTA FE VEICULOS LTDA.;1,16E+13;FRANCISCO BELTRAO;PR;24/03/2026;31/03/2026;30/03/2026;Entregue No Prazo;;Entrega realizada;Entrega Finalizada;31;3;24;3;TRANSTRY;18010;;;
MOBIS BRASIL FABRICACAO DE AUTO PECAS LT;RODOVIARIO;1482650;24/03/2026;2;334217;24/03/2026;SANTA FE VEICULOS LTDA.;1,16E+13;FRANCISCO BELTRAO;PR;24/03/2026;31/03/2026;30/03/2026;Entregue No Prazo;;Entrega realizada;Entrega Finalizada;31;3;24;3;TRANSTRY;18010;;;
MOBIS BRASIL FABRICACAO DE AUTO PECAS LT;RODOVIARIO;1482615;24/03/2026;7;334135;24/03/2026;NISA COMERCIAL DE VEIC. AUTOMOTORES LTDA;1,03E+13;APARECIDA DE GOIANIA;GO;24/03/2026;01/04/2026;30/03/2026;Entregue No Prazo;;Entrega realizada;Entrega Finalizada;1;4;24;3;RIO VERMELHO;9002;;;
MOBIS BRASIL FABRICACAO DE AUTO PECAS LT;RODOVIARIO;1482616;24/03/2026;2;334139;24/03/2026;SAGA KOREA COM. DE VEIC. E PC. LTDA;1,27E+13;GOIANIA;GO;24/03/2026;01/04/2026;30/03/2026;Entregue No Prazo;;Entrega realizada;Entrega Finalizada;1;4;24;3;RIO VERMELHO;9011;;;
MOBIS BRASIL FABRICACAO DE AUTO PECAS LT;RODOVIARIO;1482611;24/03/2026;1;334178;24/03/2026;PRIME CACHOEIRO VEICULOS LTDA EPP;9,34E+12;CACHOEIRO DE ITAPEMIRIM;ES;24/03/2026;01/04/2026;30/03/2026;Entregue No Prazo;;Entrega realizada;Entrega Finalizada;1;4;24;3;CAMILO;8003;;;
MOBIS BRASIL FABRICACAO DE AUTO PECAS LT;RODOVIARIO;1482612;24/03/2026;1;334178;24/03/2026;PRIME CACHOEIRO VEICULOS LTDA EPP;9,34E+12;CACHOEIRO DE ITAPEMIRIM;ES;24/03/2026;01/04/2026;30/03/2026;Entregue No Prazo;;Entrega realizada;Entrega Finalizada;1;4;24;3;CAMILO;8003;;;
MOBIS BRASIL FABRICACAO DE AUTO PECAS LT;RODOVIARIO;1482683;24/03/2026;6;334204;24/03/2026;CHINHAN AUTOMOVEIS LTDA.;2,41E+13;CACADOR;SC;24/03/2026;02/04/2026;30/03/2026;Entregue No Prazo;;Entrega realizada;Entrega Finalizada;2;4;24;3;TRANSTRY;24020;;;
MOBIS BRASIL FABRICACAO DE AUTO PECAS LT;RODOVIARIO;1482617;24/03/2026;1;334146;24/03/2026;URCA MOTORS VEICULOS LTDA;8,77E+12;RIO VERDE;GO;24/03/2026;03/04/2026;30/03/2026;Entregue No Prazo;;Entrega realizada;Entrega Finalizada;3;4;24;3;RIO VERMELHO;9014;;;
MOBIS BRASIL FABRICACAO DE AUTO PECAS LT;RODOVIARIO;1482637;24/03/2026;1;334165;24/03/2026;GRANDE COREIA COMERCIO DE VEICULOS LTDA;2,66E+13;BELEM;PA;24/03/2026;06/04/2026;30/03/2026;Entregue No Prazo;;Entrega realizada;Entrega Finalizada;6;4;24;3;CARVALIMA;14007;;;
MOBIS BRASIL FABRICACAO DE AUTO PECAS LT;RODOVIARIO;1483541;25/03/2026;2;334360;25/03/2026;CAOA MOTOR DO BRASIL LTDA;1,68E+13;SANTO ANDRE;SP;25/03/2026;27/03/2026;30/03/2026;Entregue Fora do Prazo;;Entrega realizada;Entrega Finalizada;27;3;25;3;RISSO;5008;;;
MOBIS BRASIL FABRICACAO DE AUTO PECAS LT;RODOVIARIO;1483542;25/03/2026;6;334367;25/03/2026;DESTAQUE SEUL DISTR. DE VEIC. E PC. LTDA;2,12E+13;ATIBAIA;SP;25/03/2026;30/03/2026;30/03/2026;Entregue No Prazo;;Entrega realizada;Entrega Finalizada;30;3;25;3;RISSO;26075;;;
MOBIS BRASIL FABRICACAO DE AUTO PECAS LT;RODOVIARIO;1483496;25/03/2026;2;334380;25/03/2026;BDG AUTOVILLE VEICULOS LTDA;4,77E+13;CONTAGEM;MG;25/03/2026;30/03/2026;30/03/2026;Entregue No Prazo;;Entrega realizada;Entrega Finalizada;30;3;25;3;XD BETIM;11037;;;
MOBIS BRASIL FABRICACAO DE AUTO PECAS LT;RODOVIARIO;1483537;25/03/2026;13;334372;25/03/2026;H R B COMERCIO DE VEICULOS LTDA;1,82E+13;SAO JOSE DO RIO PRETO;SP;25/03/2026;31/03/2026;30/03/2026;Entregue No Prazo;;Entrega realizada;Entrega Finalizada;31;3;25;3;RISSO;26050;;;
MOBIS BRASIL FABRICACAO DE AUTO PECAS LT;RODOVIARIO;1483504;25/03/2026;21;334393;25/03/2026;BARI VEICULOS LTDA;7,46E+12;PONTA GROSSA;PR;25/03/2026;31/03/2026;30/03/2026;Entregue No Prazo;;Entrega realizada;Entrega Finalizada;31;3;25;3;TRANSTRY;18024;;;
MOBIS BRASIL FABRICACAO DE AUTO PECAS LT;RODOVIARIO;1483521;25/03/2026;1;334395;25/03/2026;BARI VEICULOS LTDA.;7,46E+12;JOINVILLE;SC;25/03/2026;31/03/2026;30/03/2026;Entregue No Prazo;;Entrega realizada;Entrega Finalizada;31;3;25;3;TRANSTRY;24013;;;
MOBIS BRASIL FABRICACAO DE AUTO PECAS LT;RODOVIARIO;1483503;25/03/2026;1;334407;25/03/2026;VETOR AUTOMOVEIS LTDA;2,12E+13;CASCAVEL;PR;25/03/2026;31/03/2026;30/03/2026;Entregue No Prazo;;Entrega realizada;Entrega Finalizada;31;3;25;3;TRANSTRY;18019;;;
MOBIS BRASIL FABRICACAO DE AUTO PECAS LT;RODOVIARIO;1483505;25/03/2026;1;334408;25/03/2026;VETOR AUTOMOVEIS LTDA;2,12E+13;UMUARAMA;PR;25/03/2026;31/03/2026;30/03/2026;Entregue No Prazo;;Entrega realizada;Entrega Finalizada;31;3;25;3;TRANSTRY;18019;;;
MOBIS BRASIL FABRICACAO DE AUTO PECAS LT;RODOVIARIO;1483515;25/03/2026;2;334390;25/03/2026;ATUAL VEICULOS LTDA;1,33E+13;ARARANGUA;SC;25/03/2026;01/04/2026;30/03/2026;Entregue No Prazo;;Entrega realizada;Entrega Finalizada;1;4;25;3;TRANSTRY;24001;;;
MOBIS BRASIL FABRICACAO DE AUTO PECAS LT;RODOVIARIO;1483516;25/03/2026;5;334391;25/03/2026;ATUAL VEICULOS LTDA;1,33E+13;TUBARAO;SC;25/03/2026;01/04/2026;30/03/2026;Entregue No Prazo;;Entrega realizada;Entrega Finalizada;1;4;25;3;TRANSTRY;24001;;;
MOBIS BRASIL FABRICACAO DE AUTO PECAS LT;RODOVIARIO;1483519;25/03/2026;1;334394;25/03/2026;BARI VEICULOS LTDA;7,46E+12;BLUMENAU;SC;25/03/2026;01/04/2026;30/03/2026;Entregue No Prazo;;Entrega realizada;Entrega Finalizada;1;4;25;3;TRANSTRY;18024;;;
MOBIS BRASIL FABRICACAO DE AUTO PECAS LT;RODOVIARIO;1483520;25/03/2026;18;334394;25/03/2026;BARI VEICULOS LTDA;7,46E+12;BLUMENAU;SC;25/03/2026;01/04/2026;30/03/2026;Entregue No Prazo;;Entrega realizada;Entrega Finalizada;1;4;25;3;TRANSTRY;18024;;;
MOBIS BRASIL FABRICACAO DE AUTO PECAS LT;RODOVIARIO;1483518;25/03/2026;5;334403;25/03/2026;LR COMERCIO DE VEICULOS LTDA;1,05E+13;SAO JOSE;SC;25/03/2026;01/04/2026;30/03/2026;Entregue No Prazo;;Entrega realizada;Entrega Finalizada;1;4;25;3;TRANSTRY;24007;;;
MOBIS BRASIL FABRICACAO DE AUTO PECAS LT;RODOVIARIO;1483517;25/03/2026;1;334404;25/03/2026;LS COMERCIO DE AUTOMOVEIS LTDA.;1,03E+13;BRUSQUE;SC;25/03/2026;01/04/2026;30/03/2026;Entregue No Prazo;;Entrega realizada;Entrega Finalizada;1;4;25;3;TRANSTRY;24006;;;
MOBIS BRASIL FABRICACAO DE AUTO PECAS LT;RODOVIARIO;1483501;25/03/2026;4;334405;25/03/2026;SANTA FE VEICULOS LTDA.;1,16E+13;FRANCISCO BELTRAO;PR;25/03/2026;01/04/2026;30/03/2026;Entregue No Prazo;;Entrega realizada;Entrega Finalizada;1;4;25;3;TRANSTRY;18010;;;
MOBIS BRASIL FABRICACAO DE AUTO PECAS LT;RODOVIARIO;1483488;25/03/2026;1;334384;25/03/2026;SAGA KOREA COM. DE VEIC. E PC. LTDA;1,27E+13;BRASILIA;DF;25/03/2026;02/04/2026;30/03/2026;Entregue No Prazo;;Entrega realizada;Entrega Finalizada;2;4;25;3;RIO VERMELHO;7005;;;
MOBIS BRASIL FABRICACAO DE AUTO PECAS LT;RODOVIARIO;1483489;25/03/2026;1;334514;25/03/2026;PRIME CACHOEIRO VEICULOS LTDA EPP;9,34E+12;CACHOEIRO DE ITAPEMIRIM;ES;25/03/2026;02/04/2026;30/03/2026;Entregue No Prazo;;Entrega realizada;Entrega Finalizada;2;4;25;3;CAMILO;8003;;;
MOBIS BRASIL FABRICACAO DE AUTO PECAS LT;RODOVIARIO;1483522;25/03/2026;1;334398;25/03/2026;CHINHAN AUTOMOVEIS LTDA.;2,41E+13;CACADOR;SC;25/03/2026;03/04/2026;30/03/2026;Entregue No Prazo;;Entrega realizada;Entrega Finalizada;3;4;25;3;TRANSTRY;24020;;;
MOBIS BRASIL FABRICACAO DE AUTO PECAS LT;RODOVIARIO;1484204;26/03/2026;1;334638;26/03/2026;CAOA MOTOR DO BRASIL LTDA;1,68E+13;SANTO ANDRE;SP;26/03/2026;30/03/2026;30/03/2026;Entregue No Prazo;;Entrega realizada;Entrega Finalizada;30;3;26;3;RISSO;5008;;;
MOBIS BRASIL FABRICACAO DE AUTO PECAS LT;RODOVIARIO;1484194;26/03/2026;6;334654;26/03/2026;NOBRE DISTRIBUIDORA DE VEICULOS E PECAS;5,76E+12;MOGI DAS CRUZES;SP;26/03/2026;30/03/2026;30/03/2026;Entregue No Prazo;;Entrega realizada;Entrega Finalizada;30;3;26;3;RISSO;26004;;;
MOBIS BRASIL FABRICACAO DE AUTO PECAS LT;RODOVIARIO;1484197;26/03/2026;5;334649;26/03/2026;MOTONET COMERCIO DE VEICULOS LTDA;9,28E+12;SOROCABA;SP;26/03/2026;31/03/2026;30/03/2026;Entregue No Prazo;;Entrega realizada;Entrega Finalizada;31;3;26;3;RISSO;26113;;;
MOBIS BRASIL FABRICACAO DE AUTO PECAS LT;RODOVIARIO;1484165;26/03/2026;8;334688;26/03/2026;SEVEC VEICULOS LTDA;5,68E+11;CURITIBA;PR;26/03/2026;31/03/2026;30/03/2026;Entregue No Prazo;;Entrega realizada;Entrega Finalizada;31;3;26;3;TRANSTRY;18012;;;
MOBIS BRASIL FABRICACAO DE AUTO PECAS LT;RODOVIARIO;1484139;26/03/2026;1;334705;26/03/2026;BDG AUTOVILLE VEICULOS LTDA;4,77E+13;CONTAGEM;MG;26/03/2026;31/03/2026;30/03/2026;Entregue No Prazo;;Entrega realizada;Entrega Finalizada;31;3;26;3;XD BETIM;11037;;;
MOBIS BRASIL FABRICACAO DE AUTO PECAS LT;RODOVIARIO;1484140;26/03/2026;32;334705;26/03/2026;BDG AUTOVILLE VEICULOS LTDA;4,77E+13;CONTAGEM;MG;26/03/2026;31/03/2026;30/03/2026;Entregue No Prazo;;Entrega realizada;Entrega Finalizada;31;3;26;3;XD BETIM;11037;;;
MOBIS BRASIL FABRICACAO DE AUTO PECAS LT;RODOVIARIO;1484137;26/03/2026;6;334706;26/03/2026;CAOA MOTOR DO BRASIL LTDA;1,68E+13;BELO HORIZONTE;MG;26/03/2026;31/03/2026;30/03/2026;Entregue No Prazo;;Entrega realizada;Entrega Finalizada;31;3;26;3;XD BETIM;5008;;;
MOBIS BRASIL FABRICACAO DE AUTO PECAS LT;RODOVIARIO;1484136;26/03/2026;3;334707;26/03/2026;CARBEL KOREA VEICULOS LTDA;2,07E+13;BELO HORIZONTE;MG;26/03/2026;31/03/2026;30/03/2026;Entregue No Prazo;;Entrega realizada;Entrega Finalizada;31;3;26;3;XD BETIM;11021;;;
MOBIS BRASIL FABRICACAO DE AUTO PECAS LT;RODOVIARIO;1484201;26/03/2026;4;334647;26/03/2026;H R B COMERCIO DE VEICULOS LTDA;1,82E+13;SAO JOSE DO RIO PRETO;SP;26/03/2026;01/04/2026;30/03/2026;Entregue No Prazo;;Entrega realizada;Entrega Finalizada;1;4;26;3;RISSO;26050;;;
MOBIS BRASIL FABRICACAO DE AUTO PECAS LT;RODOVIARIO;1484192;26/03/2026;1;334648;26/03/2026;HYMAX DISTRIBUIDORA DE VEICULOS LTDA;1,73E+13;MOGI GUACU;SP;26/03/2026;01/04/2026;30/03/2026;Entregue No Prazo;;Entrega realizada;Entrega Finalizada;1;4;26;3;RISSO;26002;;;
MOBIS BRASIL FABRICACAO DE AUTO PECAS LT;RODOVIARIO;1484191;26/03/2026;2;334648;26/03/2026;HYMAX DISTRIBUIDORA DE VEICULOS LTDA;1,73E+13;MOGI GUACU;SP;26/03/2026;01/04/2026;30/03/2026;Entregue No Prazo;;Entrega realizada;Entrega Finalizada;1;4;26;3;RISSO;26002;;;
MOBIS BRASIL FABRICACAO DE AUTO PECAS LT;RODOVIARIO;1484167;26/03/2026;5;334676;26/03/2026;BARI VEICULOS LTDA;7,46E+12;PONTA GROSSA;PR;26/03/2026;01/04/2026;30/03/2026;Entregue No Prazo;;Entrega realizada;Entrega Finalizada;1;4;26;3;TRANSTRY;18024;;;
MOBIS BRASIL FABRICACAO DE AUTO PECAS LT;RODOVIARIO;1484168;26/03/2026;8;334676;26/03/2026;BARI VEICULOS LTDA;7,46E+12;PONTA GROSSA;PR;26/03/2026;01/04/2026;30/03/2026;Entregue No Prazo;;Entrega realizada;Entrega Finalizada;1;4;26;3;TRANSTRY;18024;;;
MOBIS BRASIL FABRICACAO DE AUTO PECAS LT;RODOVIARIO;1484189;26/03/2026;1;334678;26/03/2026;BARI VEICULOS LTDA.;7,46E+12;JOINVILLE;SC;26/03/2026;01/04/2026;30/03/2026;Entregue No Prazo;;Entrega realizada;Entrega Finalizada;1;4;26;3;TRANSTRY;24013;;;
MOBIS BRASIL FABRICACAO DE AUTO PECAS LT;RODOVIARIO;1484166;26/03/2026;6;334689;26/03/2026;VETOR AUTOMOVEIS LTDA;2,12E+13;CASCAVEL;PR;26/03/2026;01/04/2026;30/03/2026;Entregue No Prazo;;Entrega realizada;Entrega Finalizada;1;4;26;3;TRANSTRY;18019;;;
MOBIS BRASIL FABRICACAO DE AUTO PECAS LT;RODOVIARIO;1484169;26/03/2026;1;334690;26/03/2026;VETOR AUTOMOVEIS LTDA;2,12E+13;FOZ DO IGUACU;PR;26/03/2026;02/04/2026;30/03/2026;Entregue No Prazo;;Entrega realizada;Entrega Finalizada;2;4;26;3;TRANSTRY;18019;;;
MOBIS BRASIL FABRICACAO DE AUTO PECAS LT;RODOVIARIO;1484141;26/03/2026;3;334716;26/03/2026;RITMO MOTORS LTDA;1,94E+13;PASSOS;MG;26/03/2026;02/04/2026;30/03/2026;Entregue No Prazo;;Entrega realizada;Entrega Finalizada;2;4;26;3;XD BETIM;11040;;;
MOBIS BRASIL FABRICACAO DE AUTO PECAS LT;RODOVIARIO;1484134;26/03/2026;1;334726;26/03/2026;VITAL COMERCIO DE VEICULOS LTDA;1,05E+13;IPATINGA;MG;26/03/2026;02/04/2026;30/03/2026;Entregue No Prazo;;Entrega realizada;Entrega Finalizada;2;4;26;3;XD BETIM;11016;;;
MOBIS BRASIL FABRICACAO DE AUTO PECAS LT;RODOVIARIO;1484174;26/03/2026;4;334768;26/03/2026;VIA VR VEICULOS LTDA;1,73E+13;VOLTA REDONDA;RJ;26/03/2026;02/04/2026;30/03/2026;Entregue No Prazo;;Entrega realizada;Entrega Finalizada;2;4;26;3;CAMILO;19016;;;
MOBIS BRASIL FABRICACAO DE AUTO PECAS LT;RODOVIARIO;1484190;26/03/2026;3;334681;26/03/2026;CHINHAN AUTOMOVEIS LTDA.;2,41E+13;CACADOR;SC;26/03/2026;06/04/2026;30/03/2026;Entregue No Prazo;;Entrega realizada;Entrega Finalizada;6;4;26;3;TRANSTRY;24020;;;
MOBIS BRASIL FABRICACAO DE AUTO PECAS LT;RODOVIARIO;1484148;26/03/2026;1;334734;26/03/2026;COMETA MATO GROSSO COM. DE VEICULOS LTDA;1,54E+13;RONDONOPOLIS;MT;26/03/2026;07/04/2026;30/03/2026;Entregue No Prazo;;Entrega realizada;Entrega Finalizada;7;4;26;3;CARVALIMA;13006;;;
MOBIS BRASIL FABRICACAO DE AUTO PECAS LT;RODOVIARIO;1484969;27/03/2026;3;334799;27/03/2026;BILLY DISTRIBUIDORA DE VEICULOS LTDA;1,34E+13;SAO CAETANO DO SUL;SP;27/03/2026;31/03/2026;30/03/2026;Entregue No Prazo;;Entrega realizada;Entrega Finalizada;31;3;27;3;RISSO;26003;;;
MOBIS BRASIL FABRICACAO DE AUTO PECAS LT;RODOVIARIO;1484970;27/03/2026;15;334799;27/03/2026;BILLY DISTRIBUIDORA DE VEICULOS LTDA;1,34E+13;SAO CAETANO DO SUL;SP;27/03/2026;31/03/2026;30/03/2026;Entregue No Prazo;;Entrega realizada;Entrega Finalizada;31;3;27;3;RISSO;26003;;;
MOBIS BRASIL FABRICACAO DE AUTO PECAS LT;RODOVIARIO;1484968;27/03/2026;1;334802;27/03/2026;CAOA MOTOR DO BRASIL LTDA (ARICANDUVA);1,68E+13;SAO PAULO;SP;27/03/2026;31/03/2026;30/03/2026;Entregue No Prazo;;Entrega realizada;Entrega Finalizada;31;3;27;3;RISSO;26039;;;
MOBIS BRASIL FABRICACAO DE AUTO PECAS LT;RODOVIARIO;1484985;27/03/2026;2;334803;27/03/2026;CAOA MOTOR DO BRASIL LTDA (INDIANOPOLIS);1,68E+13;SAO PAULO;SP;27/03/2026;31/03/2026;30/03/2026;Entregue No Prazo;;Entrega realizada;Entrega Finalizada;31;3;27;3;RISSO;26091;;;
MOBIS BRASIL FABRICACAO DE AUTO PECAS LT;RODOVIARIO;1484973;27/03/2026;1;334804;27/03/2026;CAOA MOTOR DO BRASIL LTDA (VL PRUDENTE);1,68E+13;SAO PAULO;SP;27/03/2026;31/03/2026;30/03/2026;Entregue No Prazo;;Entrega realizada;Entrega Finalizada;31;3;27;3;RISSO;26051;;;
MOBIS BRASIL FABRICACAO DE AUTO PECAS LT;RODOVIARIO;1484967;27/03/2026;2;334805;27/03/2026;CHS MOTORS VEICULOS PECAS E SERV LTDA  ;1,69E+13;SAO PAULO;SP;27/03/2026;31/03/2026;30/03/2026;Entregue No Prazo;;Entrega realizada;Entrega Finalizada;31;3;27;3;RISSO;26037;;;
MOBIS BRASIL FABRICACAO DE AUTO PECAS LT;RODOVIARIO;1484974;27/03/2026;1;334806;27/03/2026;CHS MOTORS VEICULOS PECAS(VL. GUILHERME);1,69E+13;SAO PAULO;SP;27/03/2026;31/03/2026;30/03/2026;Entregue No Prazo;;Entrega realizada;Entrega Finalizada;31;3;27;3;RISSO;26052;;;
MOBIS BRASIL FABRICACAO DE AUTO PECAS LT;RODOVIARIO;1484975;27/03/2026;1;334806;27/03/2026;CHS MOTORS VEICULOS PECAS(VL. GUILHERME);1,69E+13;SAO PAULO;SP;27/03/2026;31/03/2026;30/03/2026;Entregue No Prazo;;Entrega realizada;Entrega Finalizada;31;3;27;3;RISSO;26052;;;
MOBIS BRASIL FABRICACAO DE AUTO PECAS LT;RODOVIARIO;1484966;27/03/2026;5;334815;27/03/2026;GRAND SPORT COM. DE VEIC. E PECAS LTDA;8,58E+12;SAO PAULO;SP;27/03/2026;31/03/2026;30/03/2026;Entregue No Prazo;;Entrega realizada;Entrega Finalizada;31;3;27;3;RISSO;26034;;;
MOBIS BRASIL FABRICACAO DE AUTO PECAS LT;RODOVIARIO;1484961;27/03/2026;1;334816;27/03/2026;GRAND SPORT COM. DE VEIC. E PECAS LTDA;8,58E+12;GUARULHOS;SP;27/03/2026;31/03/2026;30/03/2026;Entregue No Prazo;;Entrega realizada;Entrega Finalizada;31;3;27;3;RISSO;26005;;;
MOBIS BRASIL FABRICACAO DE AUTO PECAS LT;RODOVIARIO;1484960;27/03/2026;1;334828;27/03/2026;NOBRE DISTRIBUIDORA DE VEICULOS E PECAS;5,76E+12;MOGI DAS CRUZES;SP;27/03/2026;31/03/2026;30/03/2026;Entregue No Prazo;;Entrega realizada;Entrega Finalizada;31;3;27;3;RISSO;26004;;;
MOBIS BRASIL FABRICACAO DE AUTO PECAS LT;RODOVIARIO;1484978;27/03/2026;1;334801;27/03/2026;CAOA MOTOR DO BRASIL LTDA;1,68E+13;SAO JOSE DOS CAMPOS;SP;27/03/2026;01/04/2026;30/03/2026;Entregue No Prazo;;Entrega realizada;Entrega Finalizada;1;4;27;3;RISSO;5008;;;
MOBIS BRASIL FABRICACAO DE AUTO PECAS LT;RODOVIARIO;1484962;27/03/2026;1;334809;27/03/2026;DHC COMERCIO DE VEICULOS E PECAS LTDA;9,52E+12;BAURU;SP;27/03/2026;01/04/2026;30/03/2026;Entregue No Prazo;;Entrega realizada;Entrega Finalizada;1;4;27;3;RISSO;26010;;;
MOBIS BRASIL FABRICACAO DE AUTO PECAS LT;RODOVIARIO;1484933;27/03/2026;1;334855;27/03/2026;BARI VEICULOS LTDA.;7,46E+12;CURITIBA;PR;27/03/2026;01/04/2026;30/03/2026;Entregue No Prazo;;Entrega realizada;Entrega Finalizada;1;4;27;3;TRANSTRY;18029;;;
MOBIS BRASIL FABRICACAO DE AUTO PECAS LT;RODOVIARIO;1484929;27/03/2026;1;334864;27/03/2026;SEVEC VEICULOS LTDA;5,68E+11;CURITIBA;PR;27/03/2026;01/04/2026;30/03/2026;Entregue No Prazo;;Entrega realizada;Entrega Finalizada;1;4;27;3;TRANSTRY;18012;;;
MOBIS BRASIL FABRICACAO DE AUTO PECAS LT;RODOVIARIO;1484982;27/03/2026;2;334811;27/03/2026;DHC COMERCIO DE VEICULOS E PECAS LTDA;9,52E+12;BOTUCATU;SP;27/03/2026;02/04/2026;30/03/2026;Entregue No Prazo;;Entrega realizada;Entrega Finalizada;2;4;27;3;RISSO;26010;;;
MOBIS BRASIL FABRICACAO DE AUTO PECAS LT;RODOVIARIO;1484981;27/03/2026;1;334813;27/03/2026;DHC COMERCIO DE VEICULOS E PECAS LTDA;9,52E+12;JAU;SP;27/03/2026;02/04/2026;30/03/2026;Entregue No Prazo;;Entrega realizada;Entrega Finalizada;2;4;27;3;RISSO;26010;;;
MOBIS BRASIL FABRICACAO DE AUTO PECAS LT;RODOVIARIO;1484976;27/03/2026;2;334814;27/03/2026;GOLDEN MOTORS VEICULOS LTDA;3,62E+12;ARACATUBA;SP;27/03/2026;02/04/2026;30/03/2026;Entregue No Prazo;;Entrega realizada;Entrega Finalizada;2;4;27;3;RISSO;12001;;;
MOBIS BRASIL FABRICACAO DE AUTO PECAS LT;RODOVIARIO;1484989;27/03/2026;1;334818;27/03/2026;H - CAMINHO AUTOMOVEIS LTDA;2,53E+13;CATANDUVA;SP;27/03/2026;02/04/2026;30/03/2026;Entregue No Prazo;;Entrega realizada;Entrega Finalizada;2;4;27;3;RISSO;26092;;;
MOBIS BRASIL FABRICACAO DE AUTO PECAS LT;RODOVIARIO;1484986;27/03/2026;6;334820;27/03/2026;H - CAMINHO AUTOMOVEIS LTDA;2,53E+13;PIRACICABA;SP;27/03/2026;02/04/2026;30/03/2026;Entregue No Prazo;;Entrega realizada;Entrega Finalizada;2;4;27;3;RISSO;26092;;;
MOBIS BRASIL FABRICACAO DE AUTO PECAS LT;RODOVIARIO;1484972;27/03/2026;19;334821;27/03/2026;H R B COMERCIO DE VEICULOS LTDA;1,82E+13;SAO JOSE DO RIO PRETO;SP;27/03/2026;02/04/2026;30/03/2026;Entregue No Prazo;;Entrega realizada;Entrega Finalizada;2;4;27;3;RISSO;26050;;;
MOBIS BRASIL FABRICACAO DE AUTO PECAS LT;RODOVIARIO;1484971;27/03/2026;2;334821;27/03/2026;H R B COMERCIO DE VEICULOS LTDA;1,82E+13;SAO JOSE DO RIO PRETO;SP;27/03/2026;02/04/2026;30/03/2026;Entregue No Prazo;;Entrega realizada;Entrega Finalizada;2;4;27;3;RISSO;26050;;;
MOBIS BRASIL FABRICACAO DE AUTO PECAS LT;RODOVIARIO;1484958;27/03/2026;2;334822;27/03/2026;HYMAX DISTRIBUIDORA DE VEICULOS LTDA;1,73E+13;MOGI GUACU;SP;27/03/2026;02/04/2026;30/03/2026;Entregue No Prazo;;Entrega realizada;Entrega Finalizada;2;4;27;3;RISSO;26002;;;
MOBIS BRASIL FABRICACAO DE AUTO PECAS LT;RODOVIARIO;1484990;27/03/2026;24;334826;27/03/2026;NEW VEICULOS E PECAS LTDA;1,59E+13;BARRETOS;SP;27/03/2026;02/04/2026;30/03/2026;Entregue No Prazo;;Entrega realizada;Entrega Finalizada;2;4;27;3;RISSO;26014;;;
MOBIS BRASIL FABRICACAO DE AUTO PECAS LT;RODOVIARIO;1485443;27/03/2026;41;334827;27/03/2026;NEW VEICULOS E PECAS LTDA.;1,59E+13;ARARAQUARA;SP;27/03/2026;02/04/2026;30/03/2026;Entregue No Prazo;;Entrega realizada;Entrega Finalizada;2;4;27;3;RISSO;26071;;;
MOBIS BRASIL FABRICACAO DE AUTO PECAS LT;RODOVIARIO;1484931;27/03/2026;10;334851;27/03/2026;BARI VEICULOS LTDA;7,46E+12;PONTA GROSSA;PR;27/03/2026;02/04/2026;30/03/2026;Entregue No Prazo;;Entrega realizada;Entrega Finalizada;2;4;27;3;TRANSTRY;18024;;;
MOBIS BRASIL FABRICACAO DE AUTO PECAS LT;RODOVIARIO;1484934;27/03/2026;2;334852;27/03/2026;BARI VEICULOS LTDA;7,46E+12;SAO JOSE DOS PINHAIS;PR;27/03/2026;02/04/2026;30/03/2026;Entregue No Prazo;;Entrega realizada;Entrega Finalizada;2;4;27;3;TRANSTRY;18024;;;
MOBIS BRASIL FABRICACAO DE AUTO PECAS LT;RODOVIARIO;1484954;27/03/2026;1;334856;27/03/2026;BARI VEICULOS LTDA.;7,46E+12;JOINVILLE;SC;27/03/2026;02/04/2026;30/03/2026;Entregue No Prazo;;Entrega realizada;Entrega Finalizada;2;4;27;3;TRANSTRY;24013;;;
MOBIS BRASIL FABRICACAO DE AUTO PECAS LT;RODOVIARIO;1484930;27/03/2026;4;334865;27/03/2026;VETOR AUTOMOVEIS LTDA;2,12E+13;CASCAVEL;PR;27/03/2026;02/04/2026;30/03/2026;Entregue No Prazo;;Entrega realizada;Entrega Finalizada;2;4;27;3;TRANSTRY;18019;;;
MOBIS BRASIL FABRICACAO DE AUTO PECAS LT;RODOVIARIO;1484917;27/03/2026;1;335009;27/03/2026;GOLDEN MOTORS VEICULOS LTDA;3,62E+12;TRES LAGOAS;MS;27/03/2026;06/04/2026;30/03/2026;Entregue No Prazo;;Entrega realizada;Entrega Finalizada;6;4;27;3;CARVALIMA;12001;;;
MOBIS BRASIL FABRICACAO DE AUTO PECAS LT;RODOVIARIO;1484920;27/03/2026;2;335004;27/03/2026;COMETA MATO GROSSO COM. DE VEICULOS LTDA;1,54E+13;RONDONOPOLIS;MT;27/03/2026;08/04/2026;30/03/2026;Entregue No Prazo;;Entrega realizada;Entrega Finalizada;8;4;27;3;CARVALIMA;13006;;;
MOBIS BRASIL FABRICACAO DE AUTO PECAS LT;RODOVIARIO;1484135;26/03/2026;20;334721;26/03/2026;TAI MOTORS VEICULOS S/A;9,27E+12;BELO HORIZONTE;MG;26/03/2026;31/03/2026;30/03/2026;Entregue No Prazo;;Entrega realizada;Entrega Finalizada;31;3;26;3;XD BETIM;8002;;;
MOBIS BRASIL FABRICACAO DE AUTO PECAS LT;RODOVIARIO;1484132;26/03/2026;5;334724;26/03/2026;URCA MOTORS VEICULOS LTDA;8,77E+12;UBERLANDIA;MG;26/03/2026;01/04/2026;30/03/2026;Entregue No Prazo;;Entrega realizada;Entrega Finalizada;1;4;26;3;XD BETIM;9014;;;
MOBIS BRASIL FABRICACAO DE AUTO PECAS LT;RODOVIARIO;1477794;13/03/2026;1;332511;13/03/2026;GREEN CITY VEICULOS LTDA;2,10E+13;TERESINA;PI;13/03/2026;31/03/2026;31/03/2026;Entregue No Prazo;;Entrega realizada;Entrega Finalizada;31;3;13;3;TERMACO;17002;;;
MOBIS BRASIL FABRICACAO DE AUTO PECAS LT;RODOVIARIO;1477795;13/03/2026;4;332512;13/03/2026;GREEN CITY VEICULOS LTDA;2,10E+13;TERESINA;PI;13/03/2026;31/03/2026;31/03/2026;Entregue No Prazo;;Entrega realizada;Entrega Finalizada;31;3;13;3;TERMACO;17002;;;
MOBIS BRASIL FABRICACAO DE AUTO PECAS LT;RODOVIARIO;1478784;17/03/2026;1;332920;17/03/2026;SAGA KOREA COM. DE VEIC. E PC. LTDA;1,27E+13;GOIANIA;GO;17/03/2026;25/03/2026;31/03/2026;Entregue Fora do Prazo;;Entrega realizada;Entrega Finalizada;25;3;17;3;RIO VERMELHO;9011;Abolição da Escravidão no Ceará;Estadual;CE
MOBIS BRASIL FABRICACAO DE AUTO PECAS LT;RODOVIARIO;1478785;17/03/2026;2;332920;17/03/2026;SAGA KOREA COM. DE VEIC. E PC. LTDA;1,27E+13;GOIANIA;GO;17/03/2026;25/03/2026;31/03/2026;Entregue Fora do Prazo;;Entrega realizada;Entrega Finalizada;25;3;17;3;RIO VERMELHO;9011;Abolição da Escravidão no Ceará;Estadual;CE
MOBIS BRASIL FABRICACAO DE AUTO PECAS LT;RODOVIARIO;1478821;17/03/2026;3;332968;17/03/2026;GREEN CITY VEICULOS LTDA;2,10E+13;TERESINA;PI;17/03/2026;02/04/2026;31/03/2026;Entregue No Prazo;;Entrega realizada;Entrega Finalizada;2;4;17;3;TERMACO;17002;;;
MOBIS BRASIL FABRICACAO DE AUTO PECAS LT;RODOVIARIO;1479473;18/03/2026;1;333221;18/03/2026;ORVEL AUTOMOTOR HYD LTDA;2,52E+13;TEIXEIRA DE FREITAS;BA;18/03/2026;02/04/2026;31/03/2026;Entregue No Prazo;;entrega realizada;Entrega Finalizada;2;4;18;3;TERMACO;5011;;;
MOBIS BRASIL FABRICACAO DE AUTO PECAS LT;RODOVIARIO;1479503;18/03/2026;2;333213;18/03/2026;GREEN CITY VEICULOS LTDA;2,10E+13;TERESINA;PI;18/03/2026;03/04/2026;31/03/2026;Entregue No Prazo;;Entrega realizada;Entrega Finalizada;3;4;18;3;TERMACO;17002;;;
MOBIS BRASIL FABRICACAO DE AUTO PECAS LT;RODOVIARIO;1479505;18/03/2026;3;333214;18/03/2026;GREEN CITY VEICULOS LTDA;2,10E+13;TERESINA;PI;18/03/2026;03/04/2026;31/03/2026;Entregue No Prazo;;Entrega realizada;Entrega Finalizada;3;4;18;3;TERMACO;17002;;;
MOBIS BRASIL FABRICACAO DE AUTO PECAS LT;RODOVIARIO;1480089;19/03/2026;1;333563;19/03/2026;AIKON VEICULOS LTDA;1,17E+13;VITORIA DA CONQUISTA;BA;19/03/2026;03/04/2026;31/03/2026;Entregue No Prazo;;Entrega realizada;Entrega Finalizada;3;4;19;3;TERMACO;5002;;;
MOBIS BRASIL FABRICACAO DE AUTO PECAS LT;RODOVIARIO;1480092;19/03/2026;1;333582;19/03/2026;MASTER COMERCIAL DE VEICULOS LTDA;2,85E+13;BARREIRAS;BA;19/03/2026;03/04/2026;31/03/2026;Entregue No Prazo;;Entrega realizada;Entrega Finalizada;3;4;19;3;TERMACO;5012;;;
MOBIS BRASIL FABRICACAO DE AUTO PECAS LT;RODOVIARIO;1480087;19/03/2026;3;333598;19/03/2026;ULSAN COMERCIO DE VEICULOS LTDA;2,10E+13;RIO BRANCO;AC;19/03/2026;07/04/2026;31/03/2026;Entregue No Prazo;;Entrega realizada;Entrega Finalizada;7;4;19;3;CARVALIMA;21004;;;
MOBIS BRASIL FABRICACAO DE AUTO PECAS LT;RODOVIARIO;1480896;20/03/2026;5;333711;20/03/2026;SAINT LAND COMERCIO DE VEICULOS LTDA;1,04E+13;NATAL;RN;20/03/2026;06/04/2026;31/03/2026;Entregue No Prazo;;Entrega realizada;Entrega Finalizada;6;4;20;3;TERMACO;6010;;;
MOBIS BRASIL FABRICACAO DE AUTO PECAS LT;RODOVIARIO;1480897;20/03/2026;3;333711;20/03/2026;SAINT LAND COMERCIO DE VEICULOS LTDA;1,04E+13;NATAL;RN;20/03/2026;06/04/2026;31/03/2026;Entregue No Prazo;;Entrega realizada;Entrega Finalizada;6;4;20;3;TERMACO;6010;;;
MOBIS BRASIL FABRICACAO DE AUTO PECAS LT;RODOVIARIO;1480895;20/03/2026;1;333704;20/03/2026;ORIENTE AUTOMOVEIS LTDA;1,33E+13;PARNAMIRIM;RN;20/03/2026;07/04/2026;31/03/2026;Entregue No Prazo;;Entrega realizada;Entrega Finalizada;7;4;20;3;TERMACO;20001;;;
MOBIS BRASIL FABRICACAO DE AUTO PECAS LT;RODOVIARIO;1481575;23/03/2026;15;333930;23/03/2026;FAZZA MOTORS COMERCIO DE VEICULOS LTDA;1,24E+13;SALVADOR;BA;23/03/2026;02/04/2026;31/03/2026;Entregue No Prazo;;Entrega realizada;Entrega Finalizada;2;4;23;3;TERMACO;5007;;;
MOBIS BRASIL FABRICACAO DE AUTO PECAS LT;RODOVIARIO;1481574;23/03/2026;1;333930;23/03/2026;FAZZA MOTORS COMERCIO DE VEICULOS LTDA;1,24E+13;SALVADOR;BA;23/03/2026;02/04/2026;31/03/2026;Entregue No Prazo;;Entrega realizada;Entrega Finalizada;2;4;23;3;TERMACO;5007;;;
MOBIS BRASIL FABRICACAO DE AUTO PECAS LT;RODOVIARIO;1481573;23/03/2026;2;333941;23/03/2026;PATEO COMERCIO DE VEICULOS S A;7,78E+12;SALVADOR;BA;23/03/2026;02/04/2026;31/03/2026;Entregue No Prazo;;Entrega realizada;Entrega Finalizada;2;4;23;3;TERMACO;5003;;;
MOBIS BRASIL FABRICACAO DE AUTO PECAS LT;RODOVIARIO;1481600;23/03/2026;2;333950;23/03/2026;UNIQUE COMERCIO DE AUTOMOVEIS LTDA;1,74E+13;ANANINDEUA;PA;23/03/2026;03/04/2026;31/03/2026;Entregue No Prazo;;Entrega realizada;Entrega Finalizada;3;4;23;3;CARVALIMA;14003;;;
MOBIS BRASIL FABRICACAO DE AUTO PECAS LT;RODOVIARIO;1481571;23/03/2026;1;333928;23/03/2026;CYCOSA AUTOMOVEIS LTDA;4,76E+12;MACEIO;AL;23/03/2026;06/04/2026;31/03/2026;Entregue No Prazo;;Entrega realizada;Entrega Finalizada;6;4;23;3;TERMACO;2001;;;
MOBIS BRASIL FABRICACAO DE AUTO PECAS LT;RODOVIARIO;1481576;23/03/2026;2;333939;23/03/2026;ORVEL AUTOMOTOR HYD LTDA;2,52E+13;TEIXEIRA DE FREITAS;BA;23/03/2026;07/04/2026;31/03/2026;Entregue No Prazo;;Entrega realizada;Entrega Finalizada;7;4;23;3;TERMACO;5011;;;
MOBIS BRASIL FABRICACAO DE AUTO PECAS LT;RODOVIARIO;1481604;23/03/2026;3;333940;23/03/2026;PATEO COMERCIO DE VEICULOS S A;7,78E+12;RECIFE;PE;23/03/2026;07/04/2026;31/03/2026;Entregue No Prazo;;Entrega realizada;Entrega Finalizada;7;4;23;3;TERMACO;16004;;;
MOBIS BRASIL FABRICACAO DE AUTO PECAS LT;RODOVIARIO;1482610;24/03/2026;9;334184;24/03/2026;TAI MOTORS VEICULOS S/A;9,27E+12;VITORIA;ES;24/03/2026;31/03/2026;31/03/2026;Entregue No Prazo;;Entrega realizada;Entrega Finalizada;31;3;24;3;CAMILO;8002;;;
MOBIS BRASIL FABRICACAO DE AUTO PECAS LT;RODOVIARIO;1482672;24/03/2026;1;334206;24/03/2026;GAMBATTO H1 VEICULOS LTDA;1,94E+13;PASSO FUNDO;RS;24/03/2026;31/03/2026;31/03/2026;Entregue No Prazo;;Entrega realizada;Entrega Finalizada;31;3;24;3;TRANSTRY;23015;;;
MOBIS BRASIL FABRICACAO DE AUTO PECAS LT;RODOVIARIO;1482633;24/03/2026;3;334163;24/03/2026;GOLDEN MOTORS VEICULOS LTDA;3,62E+12;DOURADOS;MS;24/03/2026;01/04/2026;31/03/2026;Entregue No Prazo;;Entrega realizada;Entrega Finalizada;1;4;24;3;CARVALIMA;12001;;;
MOBIS BRASIL FABRICACAO DE AUTO PECAS LT;RODOVIARIO;1482613;24/03/2026;1;334177;24/03/2026;PRIME CACHOEIRO VEICULOS LTDA;9,34E+12;LINHARES;ES;24/03/2026;01/04/2026;31/03/2026;Entregue No Prazo;;Entrega realizada;Entrega Finalizada;1;4;24;3;CAMILO;8004;;;
MOBIS BRASIL FABRICACAO DE AUTO PECAS LT;RODOVIARIO;1482673;24/03/2026;1;334209;24/03/2026;HOUSE PARTS - COM. DE PECAS E VEIC. LTDA;1,15E+13;SANTA CRUZ DO SUL;RS;24/03/2026;01/04/2026;31/03/2026;Entregue No Prazo;;Entrega realizada;Entrega Finalizada;1;4;24;3;TRANSTRY;23017;;;
MOBIS BRASIL FABRICACAO DE AUTO PECAS LT;RODOVIARIO;1482618;24/03/2026;3;334147;24/03/2026;URCA MOTORS VEICULOS LTDA;8,77E+12;ITUMBIARA;GO;24/03/2026;03/04/2026;31/03/2026;Entregue No Prazo;;Entrega realizada;Entrega Finalizada;3;4;24;3;RIO VERMELHO;9014;;;
MOBIS BRASIL FABRICACAO DE AUTO PECAS LT;RODOVIARIO;1482601;24/03/2026;39;334162;24/03/2026;FAZZA MOTORS COMERCIO DE VEICULOS LTDA;1,24E+13;SALVADOR;BA;24/03/2026;03/04/2026;31/03/2026;Entregue No Prazo;;Entrega realizada;Entrega Finalizada;3;4;24;3;TERMACO;5007;;;
MOBIS BRASIL FABRICACAO DE AUTO PECAS LT;RODOVIARIO;1482686;24/03/2026;2;334183;24/03/2026;SAINT LAND COMERCIO DE VEICULOS LTDA;1,04E+13;ARACAJU;SE;24/03/2026;06/04/2026;31/03/2026;Entregue No Prazo;;Entrega realizada;Entrega Finalizada;6;4;24;3;TERMACO;6010;;;
MOBIS BRASIL FABRICACAO DE AUTO PECAS LT;RODOVIARIO;1482635;24/03/2026;8;334186;24/03/2026;UNIQUE COMERCIO DE AUTOMOVEIS LTDA;1,74E+13;ANANINDEUA;PA;24/03/2026;06/04/2026;31/03/2026;Entregue No Prazo;;Entrega realizada;Entrega Finalizada;6;4;24;3;CARVALIMA;14003;;;
MOBIS BRASIL FABRICACAO DE AUTO PECAS LT;RODOVIARIO;1482602;24/03/2026;2;334158;24/03/2026;CAOA MOTOR DO BRASIL LTDA.;1,68E+13;LAURO DE FREITAS;BA;24/03/2026;08/04/2026;31/03/2026;Entregue No Prazo;;Entrega realizada;Entrega Finalizada;8;4;24;3;TERMACO;5008;;;
MOBIS BRASIL FABRICACAO DE AUTO PECAS LT;RODOVIARIO;1482603;24/03/2026;4;334175;24/03/2026;PATEO COMERCIO DE VEICULOS S A;7,78E+12;FEIRA DE SANTANA;BA;24/03/2026;08/04/2026;31/03/2026;Entregue No Prazo;;Entrega realizada;Entrega Finalizada;8;4;24;3;TERMACO;5009;;;
MOBIS BRASIL FABRICACAO DE AUTO PECAS LT;RODOVIARIO;1482667;24/03/2026;11;334181;24/03/2026;SAGA ASIA COM. DE VEIC.PC.E SERV. LTDA;2,14E+13;PORTO VELHO;RO;24/03/2026;06/04/2026;31/03/2026;Entregue No Prazo;;Entrega realizada;Entrega Finalizada;6;4;24;3;CARVALIMA;21003;;;
MOBIS BRASIL FABRICACAO DE AUTO PECAS LT;RODOVIARIO;1484010;25/03/2026;1;334356;25/03/2026;ANDRETA II DISTRIBUIDORA DE VEIC. LTDA;9,10E+12;AMERICANA;SP;25/03/2026;30/03/2026;31/03/2026;Entregue Fora do Prazo;;Entrega realizada;Entrega Finalizada;30;3;25;3;RISSO;26011;;;
MOBIS BRASIL FABRICACAO DE AUTO PECAS LT;RODOVIARIO;1483536;25/03/2026;1;334357;25/03/2026;ANDRETA II DISTRIBUIDORA DE VEIC. LTDA;9,10E+12;INDAIATUBA;SP;25/03/2026;30/03/2026;31/03/2026;Entregue Fora do Prazo;;Entrega realizada;Entrega Finalizada;30;3;25;3;RISSO;26011;;;
MOBIS BRASIL FABRICACAO DE AUTO PECAS LT;RODOVIARIO;1483527;25/03/2026;7;334368;25/03/2026;DHC COMERCIO DE VEICULOS E PECAS LTDA;9,52E+12;BAURU;SP;25/03/2026;30/03/2026;31/03/2026;Entregue Fora do Prazo;;Entrega realizada;Entrega Finalizada;30;3;25;3;RISSO;26010;;;
MOBIS BRASIL FABRICACAO DE AUTO PECAS LT;RODOVIARIO;1483511;25/03/2026;45;334396;25/03/2026;CARWAY SUL VEICULOS LTDA;1,03E+13;CANOAS;RS;25/03/2026;31/03/2026;31/03/2026;Entregue No Prazo;;Entrega realizada;Entrega Finalizada;31;3;25;3;TRANSTRY;23003;;;
MOBIS BRASIL FABRICACAO DE AUTO PECAS LT;RODOVIARIO;1483510;25/03/2026;3;334401;25/03/2026;HOUSE PARTS-COM. DE PCS. E VEICULOS LTDA;1,15E+13;PORTO ALEGRE;RS;25/03/2026;31/03/2026;31/03/2026;Entregue No Prazo;;Entrega realizada;Entrega Finalizada;31;3;25;3;TRANSTRY;23004;;;
MOBIS BRASIL FABRICACAO DE AUTO PECAS LT;RODOVIARIO;1483512;25/03/2026;2;334399;25/03/2026;GALA COMERCIO DE VEICULOS LTDA.;1,77E+13;PELOTAS;RS;25/03/2026;01/04/2026;31/03/2026;Entregue No Prazo;;Entrega realizada;Entrega Finalizada;1;4;25;3;TRANSTRY;23009;;;
MOBIS BRASIL FABRICACAO DE AUTO PECAS LT;RODOVIARIO;1483514;25/03/2026;3;334397;25/03/2026;CHINHAN AUTOMOVEIS LTDA;2,41E+13;ERECHIM;RS;25/03/2026;02/04/2026;31/03/2026;Entregue No Prazo;;Entrega realizada;Entrega Finalizada;2;4;25;3;TRANSTRY;23019;;;
MOBIS BRASIL FABRICACAO DE AUTO PECAS LT;RODOVIARIO;1483513;25/03/2026;1;334400;25/03/2026;HOUSE PARTS - COM. DE PECAS E VEIC. LTDA;1,15E+13;SANTA CRUZ DO SUL;RS;25/03/2026;02/04/2026;31/03/2026;Entregue No Prazo;;Entrega realizada;Entrega Finalizada;2;4;25;3;TRANSTRY;23017;;;
MOBIS BRASIL FABRICACAO DE AUTO PECAS LT;RODOVIARIO;1483497;25/03/2026;1;334507;25/03/2026;COMETA MATO GROSSO COM. DE VEICULOS LTDA;1,54E+13;TANGARA DA SERRA;MT;25/03/2026;03/04/2026;31/03/2026;Entregue No Prazo;;Entrega realizada;Entrega Finalizada;3;4;25;3;CARVALIMA;13007;;;
MOBIS BRASIL FABRICACAO DE AUTO PECAS LT;RODOVIARIO;1484008;25/03/2026;4;334515;25/03/2026;SAGA ASIA COM. DE VEIC.PC.E SERV. LTDA;2,23E+13;VARZEA GRANDE;MT;25/03/2026;03/04/2026;31/03/2026;Entregue No Prazo;;Entrega realizada;Entrega Finalizada;3;4;25;3;CARVALIMA;13004;;;
MOBIS BRASIL FABRICACAO DE AUTO PECAS LT;RODOVIARIO;1484200;26/03/2026;1;334634;26/03/2026;BILLY DISTRIBUIDORA DE VEICULOS LTDA;1,34E+13;DIADEMA;SP;26/03/2026;30/03/2026;31/03/2026;Entregue Fora do Prazo;;Entrega realizada;Entrega Finalizada;30;3;26;3;RISSO;26003;;;
MOBIS BRASIL FABRICACAO DE AUTO PECAS LT;RODOVIARIO;1484208;26/03/2026;25;334645;26/03/2026;GRANDAY AUTOMOTORES LTDA (CHAC. CALIFOR);1,57E+13;SAO PAULO;SP;26/03/2026;30/03/2026;31/03/2026;Entregue Fora do Prazo;;Entrega realizada;Entrega Finalizada;30;3;26;3;RISSO;26090;;;
MOBIS BRASIL FABRICACAO DE AUTO PECAS LT;RODOVIARIO;1484754;26/03/2026;2;334632;26/03/2026;ANDRETA II DISTRIBUIDORA DE VEIC. LTDA;9,10E+12;AMERICANA;SP;26/03/2026;31/03/2026;31/03/2026;Entregue No Prazo;;Entrega realizada;Entrega Finalizada;31;3;26;3;RISSO;26011;;;
MOBIS BRASIL FABRICACAO DE AUTO PECAS LT;RODOVIARIO;1484203;26/03/2026;2;334644;26/03/2026;GOLDEN MOTORS VEICULOS LTDA;3,62E+12;PRESIDENTE PRUDENTE;SP;26/03/2026;01/04/2026;31/03/2026;Entregue No Prazo;;Entrega realizada;Entrega Finalizada;1;4;26;3;RISSO;12001;;;
MOBIS BRASIL FABRICACAO DE AUTO PECAS LT;RODOVIARIO;1484212;26/03/2026;2;334651;26/03/2026;NEW VEICULOS E PECAS LTDA;1,59E+13;BARRETOS;SP;26/03/2026;01/04/2026;31/03/2026;Entregue No Prazo;;Entrega realizada;Entrega Finalizada;1;4;26;3;RISSO;26014;;;
MOBIS BRASIL FABRICACAO DE AUTO PECAS LT;RODOVIARIO;1484180;26/03/2026;20;334679;26/03/2026;CARWAY SUL VEICULOS LTDA;1,03E+13;CANOAS;RS;26/03/2026;01/04/2026;31/03/2026;Entregue No Prazo;;Entrega realizada;Entrega Finalizada;1;4;26;3;TRANSTRY;23003;;;
MOBIS BRASIL FABRICACAO DE AUTO PECAS LT;RODOVIARIO;1484179;26/03/2026;2;334684;26/03/2026;HOUSE PARTS-COM. DE PCS. E VEICULOS LTDA;1,15E+13;PORTO ALEGRE;RS;26/03/2026;01/04/2026;31/03/2026;Entregue No Prazo;;Entrega realizada;Entrega Finalizada;1;4;26;3;TRANSTRY;23004;;;
MOBIS BRASIL FABRICACAO DE AUTO PECAS LT;RODOVIARIO;1484133;26/03/2026;3;334722;26/03/2026;TOKSU COMERCIO DE VEICULOS LTDA;1,12E+13;JUIZ DE FORA;MG;26/03/2026;01/04/2026;31/03/2026;Entregue No Prazo;;Entrega realizada;Entrega Finalizada;1;4;26;3;XD BETIM;11008;;;
MOBIS BRASIL FABRICACAO DE AUTO PECAS LT;RODOVIARIO;1484171;26/03/2026;6;334729;26/03/2026;AMX COM. E SERVICOS DE AUTOMOTORES LTDA;1,20E+13;RIO DE JANEIRO;RJ;26/03/2026;01/04/2026;31/03/2026;Entregue No Prazo;;Entrega realizada;Entrega Finalizada;1;4;26;3;CAMILO;19009;;;
MOBIS BRASIL FABRICACAO DE AUTO PECAS LT;RODOVIARIO;1484172;26/03/2026;1;334732;26/03/2026;CAOA MOTOR DO BRASIL LTDA;1,68E+13;RIO DE JANEIRO;RJ;26/03/2026;01/04/2026;31/03/2026;Entregue No Prazo;;Entrega realizada;Entrega Finalizada;1;4;26;3;CAMILO;5008;;;
MOBIS BRASIL FABRICACAO DE AUTO PECAS LT;RODOVIARIO;1484175;26/03/2026;24;334746;26/03/2026;ITAVEMA MOTORS VEICULOS LTDA;7,73E+12;RIO DE JANEIRO;RJ;26/03/2026;01/04/2026;31/03/2026;Entregue No Prazo;;Entrega realizada;Entrega Finalizada;1;4;26;3;CAMILO;19001;;;
MOBIS BRASIL FABRICACAO DE AUTO PECAS LT;RODOVIARIO;1484170;26/03/2026;2;334747;26/03/2026;ITAVEMA MOTORS VEICULOS LTDA;7,73E+12;DUQUE DE CAXIAS;RJ;26/03/2026;01/04/2026;31/03/2026;Entregue No Prazo;;Entrega realizada;Entrega Finalizada;1;4;26;3;CAMILO;19001;;;
MOBIS BRASIL FABRICACAO DE AUTO PECAS LT;RODOVIARIO;1484184;26/03/2026;1;334674;26/03/2026;ATUAL VEICULOS LTDA;1,33E+13;CRICIUMA;SC;26/03/2026;02/04/2026;31/03/2026;Entregue No Prazo;;Entrega realizada;Entrega Finalizada;2;4;26;3;TRANSTRY;24001;;;
MOBIS BRASIL FABRICACAO DE AUTO PECAS LT;RODOVIARIO;1484185;26/03/2026;9;334675;26/03/2026;ATUAL VEICULOS LTDA;1,33E+13;TUBARAO;SC;26/03/2026;02/04/2026;31/03/2026;Entregue No Prazo;;Entrega realizada;Entrega Finalizada;2;4;26;3;TRANSTRY;24001;;;
MOBIS BRASIL FABRICACAO DE AUTO PECAS LT;RODOVIARIO;1484188;26/03/2026;20;334677;26/03/2026;BARI VEICULOS LTDA;7,46E+12;BLUMENAU;SC;26/03/2026;02/04/2026;31/03/2026;Entregue No Prazo;;Entrega realizada;Entrega Finalizada;2;4;26;3;TRANSTRY;18024;;;
MOBIS BRASIL FABRICACAO DE AUTO PECAS LT;RODOVIARIO;1484187;26/03/2026;1;334677;26/03/2026;BARI VEICULOS LTDA;7,46E+12;BLUMENAU;SC;26/03/2026;02/04/2026;31/03/2026;Entregue No Prazo;;Entrega realizada;Entrega Finalizada;2;4;26;3;TRANSTRY;18024;;;
MOBIS BRASIL FABRICACAO DE AUTO PECAS LT;RODOVIARIO;1484182;26/03/2026;1;334682;26/03/2026;GALA COMERCIO DE VEICULOS LTDA.;1,77E+13;PELOTAS;RS;26/03/2026;02/04/2026;31/03/2026;Entregue No Prazo;;Entrega realizada;Entrega Finalizada;2;4;26;3;TRANSTRY;23009;;;
MOBIS BRASIL FABRICACAO DE AUTO PECAS LT;RODOVIARIO;1484186;26/03/2026;1;334687;26/03/2026;LR COMERCIO DE VEICULOS LTDA;1,05E+13;SAO JOSE;SC;26/03/2026;02/04/2026;31/03/2026;Entregue No Prazo;;Entrega realizada;Entrega Finalizada;2;4;26;3;TRANSTRY;24007;;;
MOBIS BRASIL FABRICACAO DE AUTO PECAS LT;RODOVIARIO;1484138;26/03/2026;1;334708;26/03/2026;GNC GRANDE COREIA MINAS GERAIS COMERCIO;4,27E+13;MONTES CLAROS;MG;26/03/2026;02/04/2026;31/03/2026;Entregue No Prazo;;Entrega realizada;Entrega Finalizada;2;4;26;3;XD BETIM;11035;;;
MOBIS BRASIL FABRICACAO DE AUTO PECAS LT;RODOVIARIO;1484177;26/03/2026;3;334750;26/03/2026;MONTREAL VEICULOS E PECAS LTDA;1,68E+13;SAO PEDRO DA ALDEIA;RJ;26/03/2026;02/04/2026;31/03/2026;Entregue No Prazo;;Entrega realizada;Entrega Finalizada;2;4;26;3;CAMILO;19030;;;
MOBIS BRASIL FABRICACAO DE AUTO PECAS LT;RODOVIARIO;1484176;26/03/2026;4;334764;26/03/2026;TAI MOTORS VEICULOS S/A.;9,27E+12;CAMPOS DOS GOYTACAZES;RJ;26/03/2026;02/04/2026;31/03/2026;Entregue No Prazo;;Entrega realizada;Entrega Finalizada;2;4;26;3;CAMILO;19023;;;
MOBIS BRASIL FABRICACAO DE AUTO PECAS LT;RODOVIARIO;1484183;26/03/2026;1;334680;26/03/2026;CHINHAN AUTOMOVEIS LTDA;2,41E+13;ERECHIM;RS;26/03/2026;03/04/2026;31/03/2026;Entregue No Prazo;;Entrega realizada;Entrega Finalizada;3;4;26;3;TRANSTRY;23019;;;
MOBIS BRASIL FABRICACAO DE AUTO PECAS LT;RODOVIARIO;1484123;26/03/2026;8;334711;26/03/2026;NISA COMERCIAL DE VEIC. AUTOMOTORES LTDA;1,03E+13;APARECIDA DE GOIANIA;GO;26/03/2026;03/04/2026;31/03/2026;Entregue No Prazo;;Entrega realizada;Entrega Finalizada;3;4;26;3;RIO VERMELHO;9002;;;
MOBIS BRASIL FABRICACAO DE AUTO PECAS LT;RODOVIARIO;1484125;26/03/2026;1;334712;26/03/2026;NISA COMERCIAL DE VEIC. AUTOMOTORES LTDA;1,03E+13;GOIANIA;GO;26/03/2026;03/04/2026;31/03/2026;Entregue No Prazo;;Entrega realizada;Entrega Finalizada;3;4;26;3;RIO VERMELHO;9013;;;
MOBIS BRASIL FABRICACAO DE AUTO PECAS LT;RODOVIARIO;1484124;26/03/2026;2;334717;26/03/2026;SAGA KOREA COM. DE VEIC. E PC. LTDA;1,27E+13;GOIANIA;GO;26/03/2026;03/04/2026;31/03/2026;Entregue No Prazo;;Entrega realizada;Entrega Finalizada;3;4;26;3;RIO VERMELHO;9011;;;
MOBIS BRASIL FABRICACAO DE AUTO PECAS LT;RODOVIARIO;1484118;26/03/2026;5;334718;26/03/2026;SAGA KOREA COM. DE VEIC. E PC. LTDA;1,27E+13;BRASILIA;DF;26/03/2026;03/04/2026;31/03/2026;Entregue No Prazo;;Entrega realizada;Entrega Finalizada;3;4;26;3;RIO VERMELHO;7005;;;
MOBIS BRASIL FABRICACAO DE AUTO PECAS LT;RODOVIARIO;1484117;26/03/2026;5;334719;26/03/2026;SMAFF IMPORT VEICULOS LTDA;8,18E+12;BRASILIA;DF;26/03/2026;03/04/2026;31/03/2026;Entregue No Prazo;;Entrega realizada;Entrega Finalizada;3;4;26;3;RIO VERMELHO;7002;;;
MOBIS BRASIL FABRICACAO DE AUTO PECAS LT;RODOVIARIO;1484753;26/03/2026;2;334720;26/03/2026;SMAFF IMPORT VEICULOS LTDA;8,18E+12;BRASILIA;DF;26/03/2026;03/04/2026;31/03/2026;Entregue No Prazo;;Entrega realizada;Entrega Finalizada;3;4;26;3;RIO VERMELHO;7002;;;
MOBIS BRASIL FABRICACAO DE AUTO PECAS LT;RODOVIARIO;1484142;26/03/2026;5;334740;26/03/2026;GOLDEN MOTORS VEICULOS LTDA;3,62E+12;DOURADOS;MS;26/03/2026;03/04/2026;31/03/2026;Entregue No Prazo;;Entrega realizada;Entrega Finalizada;3;4;26;3;CARVALIMA;12001;;;
MOBIS BRASIL FABRICACAO DE AUTO PECAS LT;RODOVIARIO;1484144;26/03/2026;4;334766;26/03/2026;ULSAN COMERCIO DE VEICULOS LTDA.;2,10E+13;CAMPO GRANDE;MS;26/03/2026;03/04/2026;31/03/2026;Entregue No Prazo;;Entrega realizada;Entrega Finalizada;3;4;26;3;CARVALIMA;12004;;;
MOBIS BRASIL FABRICACAO DE AUTO PECAS LT;RODOVIARIO;1484150;26/03/2026;3;334733;26/03/2026;CAOA MOTOR DO BRASIL LTDA;1,68E+13;BELEM;PA;26/03/2026;08/04/2026;31/03/2026;Entregue No Prazo;;Entrega realizada;Entrega Finalizada;8;4;26;3;CARVALIMA;5008;;;
MOBIS BRASIL FABRICACAO DE AUTO PECAS LT;RODOVIARIO;1484149;26/03/2026;4;334767;26/03/2026;UNIQUE COMERCIO DE AUTOMOVEIS LTDA;1,74E+13;ANANINDEUA;PA;26/03/2026;08/04/2026;31/03/2026;Entregue No Prazo;;Entrega realizada;Entrega Finalizada;8;4;26;3;CARVALIMA;14003;;;
MOBIS BRASIL FABRICACAO DE AUTO PECAS LT;RODOVIARIO;1484959;27/03/2026;21;334800;27/03/2026;BILLY DISTRIBUIDORA DE VEICULOS LTDA;1,34E+13;BARUERI;SP;27/03/2026;31/03/2026;31/03/2026;Entregue No Prazo;;Entrega realizada;Entrega Finalizada;31;3;27;3;RISSO;26003;;;
MOBIS BRASIL FABRICACAO DE AUTO PECAS LT;RODOVIARIO;1484914;27/03/2026;3;334778;27/03/2026;BDG AUTOVILLE VEICULOS LTDA;4,77E+13;CONTAGEM;MG;27/03/2026;01/04/2026;31/03/2026;Entregue No Prazo;;Entrega realizada;Entrega Finalizada;1;4;27;3;XD BETIM;11037;;;
MOBIS BRASIL FABRICACAO DE AUTO PECAS LT;RODOVIARIO;1484915;27/03/2026;36;334778;27/03/2026;BDG AUTOVILLE VEICULOS LTDA;4,77E+13;CONTAGEM;MG;27/03/2026;01/04/2026;31/03/2026;Entregue No Prazo;;Entrega realizada;Entrega Finalizada;1;4;27;3;XD BETIM;11037;;;
MOBIS BRASIL FABRICACAO DE AUTO PECAS LT;RODOVIARIO;1484912;27/03/2026;1;334779;27/03/2026;CAOA MOTOR DO BRASIL LTDA;1,68E+13;BELO HORIZONTE;MG;27/03/2026;01/04/2026;31/03/2026;Entregue No Prazo;;Entrega realizada;Entrega Finalizada;1;4;27;3;XD BETIM;5008;;;
MOBIS BRASIL FABRICACAO DE AUTO PECAS LT;RODOVIARIO;1484911;27/03/2026;31;334780;27/03/2026;CARBEL KOREA VEICULOS LTDA;2,07E+13;BELO HORIZONTE;MG;27/03/2026;01/04/2026;31/03/2026;Entregue No Prazo;;Entrega realizada;Entrega Finalizada;1;4;27;3;XD BETIM;11021;;;
MOBIS BRASIL FABRICACAO DE AUTO PECAS LT;RODOVIARIO;1484910;27/03/2026;21;334791;27/03/2026;TAI MOTORS VEICULOS S/A;9,27E+12;BELO HORIZONTE;MG;27/03/2026;01/04/2026;31/03/2026;Entregue No Prazo;;Entrega realizada;Entrega Finalizada;1;4;27;3;XD BETIM;8002;;;
MOBIS BRASIL FABRICACAO DE AUTO PECAS LT;RODOVIARIO;1484963;27/03/2026;2;334797;27/03/2026;ANDRETA II DISTRIBUIDORA DE VEIC. LTDA;9,10E+12;CAMPINAS;SP;27/03/2026;01/04/2026;31/03/2026;Entregue No Prazo;;Entrega realizada;Entrega Finalizada;1;4;27;3;RISSO;26011;;;
MOBIS BRASIL FABRICACAO DE AUTO PECAS LT;RODOVIARIO;1484964;27/03/2026;8;334797;27/03/2026;ANDRETA II DISTRIBUIDORA DE VEIC. LTDA;9,10E+12;CAMPINAS;SP;27/03/2026;01/04/2026;31/03/2026;Entregue No Prazo;;Entrega realizada;Entrega Finalizada;1;4;27;3;RISSO;26011;;;
MOBIS BRASIL FABRICACAO DE AUTO PECAS LT;RODOVIARIO;1485462;27/03/2026;1;334798;27/03/2026;ANDRETA II DISTRIBUIDORA DE VEIC. LTDA;9,10E+12;AMERICANA;SP;27/03/2026;01/04/2026;31/03/2026;Entregue No Prazo;;Entrega realizada;Entrega Finalizada;1;4;27;3;RISSO;26011;;;
MOBIS BRASIL FABRICACAO DE AUTO PECAS LT;RODOVIARIO;1484980;27/03/2026;7;334807;27/03/2026;DESTAQUE SEUL DISTR. DE VEIC. E PC. LTDA;2,12E+13;ATIBAIA;SP;27/03/2026;01/04/2026;31/03/2026;Entregue No Prazo;;Entrega realizada;Entrega Finalizada;1;4;27;3;RISSO;26075;;;
MOBIS BRASIL FABRICACAO DE AUTO PECAS LT;RODOVIARIO;1484979;27/03/2026;1;334808;27/03/2026;DESTAQUE SEUL DISTR. DE VEIC. E PC. LTDA;2,12E+13;BRAGANCA PAULISTA;SP;27/03/2026;01/04/2026;31/03/2026;Entregue No Prazo;;Entrega realizada;Entrega Finalizada;1;4;27;3;RISSO;26074;;;
MOBIS BRASIL FABRICACAO DE AUTO PECAS LT;RODOVIARIO;1484987;27/03/2026;2;334819;27/03/2026;H - CAMINHO AUTOMOVEIS LTDA;2,53E+13;LIMEIRA;SP;27/03/2026;01/04/2026;31/03/2026;Entregue No Prazo;;Entrega realizada;Entrega Finalizada;1;4;27;3;RISSO;26092;;;
MOBIS BRASIL FABRICACAO DE AUTO PECAS LT;RODOVIARIO;1484965;27/03/2026;2;334823;27/03/2026;MOTONET COMERCIO DE VEICULOS LTDA;9,28E+12;SOROCABA;SP;27/03/2026;01/04/2026;31/03/2026;Entregue No Prazo;;Entrega realizada;Entrega Finalizada;1;4;27;3;RISSO;26113;;;
MOBIS BRASIL FABRICACAO DE AUTO PECAS LT;RODOVIARIO;1484909;27/03/2026;2;334781;27/03/2026;IMOTORS VEICULOS LTDA;7,17E+12;JUIZ DE FORA;MG;27/03/2026;02/04/2026;31/03/2026;Entregue No Prazo;;Entrega realizada;Entrega Finalizada;2;4;27;3;XD BETIM;11010;;;
MOBIS BRASIL FABRICACAO DE AUTO PECAS LT;RODOVIARIO;1484913;27/03/2026;1;334792;27/03/2026;TOKSU COMERCIO DE VEICULOS LTDA;1,12E+13;VARGINHA;MG;27/03/2026;02/04/2026;31/03/2026;Entregue No Prazo;;Entrega realizada;Entrega Finalizada;2;4;27;3;XD BETIM;11008;;;
MOBIS BRASIL FABRICACAO DE AUTO PECAS LT;RODOVIARIO;1484908;27/03/2026;4;334793;27/03/2026;TOKSU COMERCIO DE VEICULOS LTDA;1,12E+13;JUIZ DE FORA;MG;27/03/2026;02/04/2026;31/03/2026;Entregue No Prazo;;Entrega realizada;Entrega Finalizada;2;4;27;3;XD BETIM;11008;;;
MOBIS BRASIL FABRICACAO DE AUTO PECAS LT;RODOVIARIO;1484907;27/03/2026;1;334796;27/03/2026;URCA MOTORS VEICULOS LTDA;8,77E+12;UBERLANDIA;MG;27/03/2026;02/04/2026;31/03/2026;Entregue No Prazo;;Entrega realizada;Entrega Finalizada;2;4;27;3;XD BETIM;9014;;;
MOBIS BRASIL FABRICACAO DE AUTO PECAS LT;RODOVIARIO;1484991;27/03/2026;8;334824;27/03/2026;NEW VEICULOS E PECAS LTDA;1,59E+13;SERTAOZINHO;SP;27/03/2026;02/04/2026;31/03/2026;Entregue No Prazo;;Entrega realizada;Entrega Finalizada;2;4;27;3;RISSO;26014;;;
MOBIS BRASIL FABRICACAO DE AUTO PECAS LT;RODOVIARIO;1484938;27/03/2026;2;335035;27/03/2026;VIA VR VEICULOS LTDA;1,73E+13;VOLTA REDONDA;RJ;27/03/2026;03/04/2026;31/03/2026;Entregue No Prazo;;Entrega realizada;Entrega Finalizada;3;4;27;3;CAMILO;19016;;;
MOBIS BRASIL FABRICACAO DE AUTO PECAS LT;RODOVIARIO;1484937;27/03/2026;2;335035;27/03/2026;VIA VR VEICULOS LTDA;1,73E+13;VOLTA REDONDA;RJ;27/03/2026;03/04/2026;31/03/2026;Entregue No Prazo;;Entrega realizada;Entrega Finalizada;3;4;27;3;CAMILO;19016;;;
MOBIS BRASIL FABRICACAO DE AUTO PECAS LT;RODOVIARIO;1484891;27/03/2026;7;334787;27/03/2026;SAGA KOREA COM. DE VEIC. E PC. LTDA;1,27E+13;BRASILIA;DF;27/03/2026;06/04/2026;31/03/2026;Entregue No Prazo;;Entrega realizada;Entrega Finalizada;6;4;27;3;RIO VERMELHO;7005;;;
MOBIS BRASIL FABRICACAO DE AUTO PECAS LT;RODOVIARIO;1484899;27/03/2026;2;334789;27/03/2026;SAGA KOREA COM. DE VEIC. E PC. LTDA;1,27E+13;GOIANIA;GO;27/03/2026;06/04/2026;31/03/2026;Entregue No Prazo;;Entrega realizada;Entrega Finalizada;6;4;27;3;RIO VERMELHO;9011;;;
MOBIS BRASIL FABRICACAO DE AUTO PECAS LT;RODOVIARIO;1484900;27/03/2026;91;334789;27/03/2026;SAGA KOREA COM. DE VEIC. E PC. LTDA;1,27E+13;GOIANIA;GO;27/03/2026;06/04/2026;31/03/2026;Entregue No Prazo;;Entrega realizada;Entrega Finalizada;6;4;27;3;RIO VERMELHO;9011;;;
MOBIS BRASIL FABRICACAO DE AUTO PECAS LT;RODOVIARIO;1485446;27/03/2026;14;334790;27/03/2026;SMAFF IMPORT VEICULOS LTDA;8,18E+12;BRASILIA;DF;27/03/2026;06/04/2026;31/03/2026;Entregue No Prazo;;Entrega realizada;Entrega Finalizada;6;4;27;3;RIO VERMELHO;7002;;;
MOBIS BRASIL FABRICACAO DE AUTO PECAS LT;RODOVIARIO;1485453;27/03/2026;7;335026;27/03/2026;SAGA ASIA COM. DE VEIC.PC.E SERV. LTDA;2,23E+13;VARZEA GRANDE;MT;27/03/2026;07/04/2026;31/03/2026;Entregue No Prazo;;Entrega realizada;Entrega Finalizada;7;4;27;3;CARVALIMA;13004;;;
MOBIS BRASIL FABRICACAO DE AUTO PECAS LT;RODOVIARIO;1485764;30/03/2026;1;335064;30/03/2026;BILLY DISTRIBUIDORA DE VEICULOS LTDA;1,34E+13;SAO PAULO;SP;30/03/2026;01/04/2026;31/03/2026;Entregue No Prazo;;Entrega realizada;Entrega Finalizada;1;4;30;3;RISSO;26003;;;
MOBIS BRASIL FABRICACAO DE AUTO PECAS LT;RODOVIARIO;1485745;30/03/2026;8;335066;30/03/2026;BILLY DISTRIBUIDORA DE VEICULOS LTDA;1,34E+13;BARUERI;SP;30/03/2026;01/04/2026;31/03/2026;Entregue No Prazo;;Entrega realizada;Entrega Finalizada;1;4;30;3;RISSO;26003;;;
MOBIS BRASIL FABRICACAO DE AUTO PECAS LT;RODOVIARIO;1485771;30/03/2026;2;335070;30/03/2026;CAOA MOTOR DO BRASIL LTDA (INDIANOPOLIS);1,68E+13;SAO PAULO;SP;30/03/2026;01/04/2026;31/03/2026;Entregue No Prazo;;Entrega realizada;Entrega Finalizada;1;4;30;3;RISSO;26091;;;
MOBIS BRASIL FABRICACAO DE AUTO PECAS LT;RODOVIARIO;1485752;30/03/2026;2;335077;30/03/2026;GRAND SPORT COM. DE VEIC. E PECAS LTDA;8,58E+12;SAO PAULO;SP;30/03/2026;01/04/2026;31/03/2026;Entregue No Prazo;;Entrega realizada;Entrega Finalizada;1;4;30;3;RISSO;26034;;;
MOBIS BRASIL FABRICACAO DE AUTO PECAS LT;RODOVIARIO;1485769;30/03/2026;13;335079;30/03/2026;GRANDAY AUTOMOTORES LTDA (CHAC. CALIFOR);1,57E+13;SAO PAULO;SP;30/03/2026;01/04/2026;31/03/2026;Entregue No Prazo;;Entrega realizada;Entrega Finalizada;1;4;30;3;RISSO;26090;;;
MOBIS BRASIL FABRICACAO DE AUTO PECAS LT;RODOVIARIO;1485770;30/03/2026;9;335079;30/03/2026;GRANDAY AUTOMOTORES LTDA (CHAC. CALIFOR);1,57E+13;SAO PAULO;SP;30/03/2026;01/04/2026;31/03/2026;Entregue No Prazo;;Entrega realizada;Entrega Finalizada;1;4;30;3;RISSO;26090;;;
MOBIS BRASIL FABRICACAO DE AUTO PECAS LT;RODOVIARIO;1485777;30/03/2026;13;335082;30/03/2026;H RACING GARAGE LTDA ;3,24E+13;COTIA;SP;30/03/2026;01/04/2026;31/03/2026;Entregue No Prazo;;Entrega realizada;Entrega Finalizada;1;4;30;3;RISSO;29944;;;
MOBIS BRASIL FABRICACAO DE AUTO PECAS LT;RODOVIARIO;1485766;30/03/2026;1;335091;30/03/2026;NOBRE SP DISTRIB. DE VEIC. E PEC. LTDA;1,70E+13;SAO PAULO;SP;30/03/2026;01/04/2026;31/03/2026;Entregue No Prazo;;Entrega realizada;Entrega Finalizada;1;4;30;3;RISSO;26081;;;
MOBIS BRASIL FABRICACAO DE AUTO PECAS LT;RODOVIARIO;1485753;30/03/2026;1;335062;30/03/2026;ANDRETA II DISTRIB.DE VEICULOS LTDA.;9,10E+12;JUNDIAI;SP;30/03/2026;02/04/2026;31/03/2026;Entregue No Prazo;;Entrega realizada;Entrega Finalizada;2;4;30;3;RISSO;26040;;;
MOBIS BRASIL FABRICACAO DE AUTO PECAS LT;RODOVIARIO;1485749;30/03/2026;18;335063;30/03/2026;ANDRETA II DISTRIBUIDORA DE VEIC. LTDA;9,10E+12;CAMPINAS;SP;30/03/2026;02/04/2026;31/03/2026;Entregue No Prazo;;Entrega realizada;Entrega Finalizada;2;4;30;3;RISSO;26011;;;
MOBIS BRASIL FABRICACAO DE AUTO PECAS LT;RODOVIARIO;1485748;30/03/2026;5;335074;30/03/2026;DHC COMERCIO DE VEICULOS E PECAS LTDA;9,52E+12;BAURU;SP;30/03/2026;02/04/2026;31/03/2026;Entregue No Prazo;;Entrega realizada;Entrega Finalizada;2;4;30;3;RISSO;26010;;;
MOBIS BRASIL FABRICACAO DE AUTO PECAS LT;RODOVIARIO;1485750;30/03/2026;2;335084;30/03/2026;MOTONET COMERCIO DE VEICULOS LTDA;9,28E+12;SOROCABA;SP;30/03/2026;02/04/2026;31/03/2026;Entregue No Prazo;;Entrega realizada;Entrega Finalizada;2;4;30;3;RISSO;26113;;;
MOBIS BRASIL FABRICACAO DE AUTO PECAS LT;RODOVIARIO;1485772;30/03/2026;3;335080;30/03/2026;H - CAMINHO AUTOMOVEIS LTDA;2,53E+13;PIRACICABA;SP;30/03/2026;03/04/2026;31/03/2026;Entregue No Prazo;;Entrega realizada;Entrega Finalizada;3;4;30;3;RISSO;26092;;;
MOBIS BRASIL FABRICACAO DE AUTO PECAS LT;RODOVIARIO;1485744;30/03/2026;1;335083;30/03/2026;HYMAX DISTRIBUIDORA DE VEICULOS LTDA;1,73E+13;MOGI GUACU;SP;30/03/2026;03/04/2026;31/03/2026;Entregue No Prazo;;Entrega realizada;Entrega Finalizada;3;4;30;3;RISSO;26002;;;
MOBIS BRASIL FABRICACAO DE AUTO PECAS LT;RODOVIARIO;1485740;30/03/2026;7;335099;30/03/2026;BARI VEICULOS LTDA.;7,46E+12;JOINVILLE;SC;30/03/2026;03/04/2026;31/03/2026;Entregue No Prazo;;Entrega realizada;Entrega Finalizada;3;4;30;3;TRANSTRY;24013;;;
MOBIS BRASIL FABRICACAO DE AUTO PECAS LT;RODOVIARIO;1480094;19/03/2026;1;333593;19/03/2026;SAINT LAND COMERCIO DE VEICULOS LTDA;1,04E+13;JUAZEIRO DO NORTE;CE;19/03/2026;06/04/2026;01/04/2026;Entregue No Prazo;;Entrega realizada;Entrega Finalizada;6;4;19;3;TERMACO;6010;;;
MOBIS BRASIL FABRICACAO DE AUTO PECAS LT;RODOVIARIO;1481457;20/03/2026;78;333657;20/03/2026;NEW VEICULOS E PECAS LTDA;1,59E+13;RIBEIRAO PRETO;SP;20/03/2026;25/03/2026;01/04/2026;Entregue Fora do Prazo;;Entrega realizada;Entrega Finalizada;25;3;20;3;RISSO;26014;Abolição da Escravidão no Ceará;Estadual;CE
MOBIS BRASIL FABRICACAO DE AUTO PECAS LT;RODOVIARIO;1479968;18/03/2026;99;333717;20/03/2026;NEW VEICULOS E PECAS LTDA;1,59E+13;RIBEIRAO PRETO;SP;20/03/2026;25/03/2026;01/04/2026;Entregue Fora do Prazo;;Entrega realizada;Entrega Finalizada;25;3;20;3;RISSO;26014;Abolição da Escravidão no Ceará;Estadual;CE
MOBIS BRASIL FABRICACAO DE AUTO PECAS LT;RODOVIARIO;1482439;23/03/2026;1;333948;23/03/2026;SEVEL VEICULOS LTDA;1,07E+13;ARACAJU;SE;23/03/2026;03/04/2026;01/04/2026;Entregue No Prazo;;Entrega realizada;Entrega Finalizada;3;4;23;3;TERMACO;25001;;;
MOBIS BRASIL FABRICACAO DE AUTO PECAS LT;RODOVIARIO;1481587;23/03/2026;2;333942;23/03/2026;PATEO COMERCIO DE VEICULOS S A;7,78E+12;SAO LUIS;MA;23/03/2026;07/04/2026;01/04/2026;Entregue No Prazo;;Entrega realizada;Entrega Finalizada;7;4;23;3;TERMACO;10002;;;
MOBIS BRASIL FABRICACAO DE AUTO PECAS LT;RODOVIARIO;1481602;23/03/2026;6;333943;23/03/2026;PATEO COMERCIO DE VEICULOS S A;7,78E+12;JOAO PESSOA;PB;23/03/2026;07/04/2026;01/04/2026;Entregue No Prazo;;Entrega realizada;Entrega Finalizada;7;4;23;3;TERMACO;15003;;;
MOBIS BRASIL FABRICACAO DE AUTO PECAS LT;RODOVIARIO;1481603;23/03/2026;2;333936;23/03/2026;JPN PATOS COMERCIO DE VEICULOS LTDA;4,20E+13;PATOS;PB;23/03/2026;08/04/2026;01/04/2026;Entregue No Prazo;;Entrega realizada;Entrega Finalizada;8;4;23;3;TERMACO;15004;;;
MOBIS BRASIL FABRICACAO DE AUTO PECAS LT;RODOVIARIO;1482714;24/03/2026;1;334121;24/03/2026;H - CAMINHO AUTOMOVEIS LTDA;2,53E+13;LIMEIRA;SP;24/03/2026;27/03/2026;01/04/2026;Entregue Fora do Prazo;;Entrega realizada;Entrega Finalizada;27;3;24;3;RISSO;26092;;;
MOBIS BRASIL FABRICACAO DE AUTO PECAS LT;RODOVIARIO;1482684;24/03/2026;2;334214;24/03/2026;LR COMERCIO DE VEICULOS LTDA;1,05E+13;RIO DO SUL;SC;24/03/2026;31/03/2026;01/04/2026;Entregue Fora do Prazo;;Entrega realizada;Entrega Finalizada;31;3;24;3;TRANSTRY;24007;;;
MOBIS BRASIL FABRICACAO DE AUTO PECAS LT;RODOVIARIO;1482670;24/03/2026;3;334208;24/03/2026;HOUSE PARTS - COM. DE PECAS E VEIC. LTDA;1,15E+13;SANTA MARIA;RS;24/03/2026;01/04/2026;01/04/2026;Entregue No Prazo;;Entrega realizada;Entrega Finalizada;1;4;24;3;TRANSTRY;23008;;;
MOBIS BRASIL FABRICACAO DE AUTO PECAS LT;RODOVIARIO;1482640;24/03/2026;2;334157;24/03/2026;CAOA MOTOR DO BRASIL LTDA;1,68E+13;RECIFE;PE;24/03/2026;08/04/2026;01/04/2026;Entregue No Prazo;;Entrega realizada;Entrega Finalizada;8;4;24;3;TERMACO;5008;;;
MOBIS BRASIL FABRICACAO DE AUTO PECAS LT;RODOVIARIO;1482604;24/03/2026;1;334170;24/03/2026;MASTER COMERCIAL DE VEICULOS LTDA;2,85E+13;BARREIRAS;BA;24/03/2026;08/04/2026;01/04/2026;Entregue No Prazo;;Entrega realizada;Entrega Finalizada;8;4;24;3;TERMACO;5012;;;
MOBIS BRASIL FABRICACAO DE AUTO PECAS LT;RODOVIARIO;1483546;25/03/2026;1;334371;25/03/2026;H - CAMINHO AUTOMOVEIS LTDA;2,53E+13;CATANDUVA;SP;25/03/2026;31/03/2026;01/04/2026;Entregue Fora do Prazo;;Entrega realizada;Entrega Finalizada;31;3;25;3;RISSO;26092;;;
MOBIS BRASIL FABRICACAO DE AUTO PECAS LT;RODOVIARIO;1483523;25/03/2026;1;334516;25/03/2026;SAINT LAND COMERCIO DE VEICULOS LTDA;1,04E+13;ARACAJU;SE;25/03/2026;07/04/2026;01/04/2026;Entregue No Prazo;;Entrega realizada;Entrega Finalizada;7;4;25;3;TERMACO;6010;;;
MOBIS BRASIL FABRICACAO DE AUTO PECAS LT;RODOVIARIO;1484210;26/03/2026;3;334643;26/03/2026;DHC COMERCIO DE VEICULOS E PECAS LTDA;9,52E+12;OURINHOS;SP;26/03/2026;01/04/2026;01/04/2026;Entregue No Prazo;;Entrega realizada;Entrega Finalizada;1;4;26;3;RISSO;26010;;;
MOBIS BRASIL FABRICACAO DE AUTO PECAS LT;RODOVIARIO;1484163;26/03/2026;2;334685;26/03/2026;LOVAT VEICULOS S/A;8,57E+12;LONDRINA;PR;26/03/2026;01/04/2026;01/04/2026;Entregue No Prazo;;Entrega realizada;Entrega Finalizada;1;4;26;3;TRANSTRY;18008;;;
MOBIS BRASIL FABRICACAO DE AUTO PECAS LT;RODOVIARIO;1484173;26/03/2026;6;334742;26/03/2026;GRAFFITI VEICULOS LTDA.;1,71E+13;ITAPERUNA;RJ;26/03/2026;02/04/2026;01/04/2026;Entregue No Prazo;;Entrega realizada;Entrega Finalizada;2;4;26;3;CAMILO;19015;;;
MOBIS BRASIL FABRICACAO DE AUTO PECAS LT;RODOVIARIO;1484119;26/03/2026;16;334762;26/03/2026;TAI MOTORS VEICULOS S/A;9,27E+12;VITORIA;ES;26/03/2026;02/04/2026;01/04/2026;Entregue No Prazo;;Entrega realizada;Entrega Finalizada;2;4;26;3;CAMILO;8002;;;
MOBIS BRASIL FABRICACAO DE AUTO PECAS LT;RODOVIARIO;1484181;26/03/2026;1;334683;26/03/2026;HOUSE PARTS - COM. DE PECAS E VEIC. LTDA;1,15E+13;SANTA MARIA;RS;26/03/2026;03/04/2026;01/04/2026;Entregue No Prazo;;Entrega realizada;Entrega Finalizada;3;4;26;3;TRANSTRY;23008;;;
MOBIS BRASIL FABRICACAO DE AUTO PECAS LT;RODOVIARIO;1484120;26/03/2026;11;334759;26/03/2026;PRIME CACHOEIRO VEICULOS LTDA EPP;9,34E+12;CACHOEIRO DE ITAPEMIRIM;ES;26/03/2026;03/04/2026;01/04/2026;Entregue No Prazo;;Entrega realizada;Entrega Finalizada;3;4;26;3;CAMILO;8003;;;
MOBIS BRASIL FABRICACAO DE AUTO PECAS LT;RODOVIARIO;1484145;26/03/2026;2;334735;26/03/2026;COMETA MATO GROSSO COM. DE VEICULOS LTDA;1,54E+13;SINOP;MT;26/03/2026;07/04/2026;01/04/2026;Entregue No Prazo;;Entrega realizada;Entrega Finalizada;7;4;26;3;CARVALIMA;13003;;;
MOBIS BRASIL FABRICACAO DE AUTO PECAS LT;RODOVIARIO;1484127;26/03/2026;3;334710;26/03/2026;NASA MOTORS LTDA.;2,65E+13;SAO LUIS DE MONTES BELOS;GO;26/03/2026;09/04/2026;01/04/2026;Entregue No Prazo;;Entrega realizada;Entrega Finalizada;9;4;26;3;RIO VERMELHO;9016;;;
MOBIS BRASIL FABRICACAO DE AUTO PECAS LT;RODOVIARIO;1484128;26/03/2026;10;334710;26/03/2026;NASA MOTORS LTDA.;2,65E+13;SAO LUIS DE MONTES BELOS;GO;26/03/2026;09/04/2026;01/04/2026;Entregue No Prazo;;Entrega realizada;Entrega Finalizada;9;4;26;3;RIO VERMELHO;9016;;;
MOBIS BRASIL FABRICACAO DE AUTO PECAS LT;RODOVIARIO;1484109;26/03/2026;1;334727;26/03/2026;AIKON VEICULOS LTDA;1,17E+13;VITORIA DA CONQUISTA;BA;26/03/2026;10/04/2026;01/04/2026;Entregue No Prazo;;Entrega realizada;Entrega Finalizada;10;4;26;3;TERMACO;5002;;;
MOBIS BRASIL FABRICACAO DE AUTO PECAS LT;RODOVIARIO;1484153;26/03/2026;2;334752;26/03/2026;NACIONAL NOVA MARABA DIST DE VEIC. LTDA;1,70E+13;PARAUAPEBAS;PA;26/03/2026;13/04/2026;01/04/2026;Entregue No Prazo;;Entrega realizada;Entrega Finalizada;13;4;26;3;CARVALIMA;14010;;;
MOBIS BRASIL FABRICACAO DE AUTO PECAS LT;RODOVIARIO;1484983;27/03/2026;13;334817;27/03/2026;GRANDAY AUTOMOTORES LTDA (CHAC. CALIFOR);1,57E+13;SAO PAULO;SP;27/03/2026;31/03/2026;01/04/2026;Entregue Fora do Prazo;;Entrega realizada;Entrega Finalizada;31;3;27;3;RISSO;26090;;;
MOBIS BRASIL FABRICACAO DE AUTO PECAS LT;RODOVIARIO;1484984;27/03/2026;14;334817;27/03/2026;GRANDAY AUTOMOTORES LTDA (CHAC. CALIFOR);1,57E+13;SAO PAULO;SP;27/03/2026;31/03/2026;01/04/2026;Entregue Fora do Prazo;;Entrega realizada;Entrega Finalizada;31;3;27;3;RISSO;26090;;;
MOBIS BRASIL FABRICACAO DE AUTO PECAS LT;RODOVIARIO;1485439;27/03/2026;12;334825;27/03/2026;NEW VEICULOS E PECAS LTDA;1,59E+13;RIBEIRAO PRETO;SP;27/03/2026;01/04/2026;01/04/2026;Entregue No Prazo;;Entrega realizada;Entrega Finalizada;1;4;27;3;RISSO;26014;;;
MOBIS BRASIL FABRICACAO DE AUTO PECAS LT;RODOVIARIO;1484977;27/03/2026;2;334810;27/03/2026;DHC COMERCIO DE VEICULOS E PECAS LTDA;9,52E+12;MARILIA;SP;27/03/2026;02/04/2026;01/04/2026;Entregue No Prazo;;Entrega realizada;Entrega Finalizada;2;4;27;3;RISSO;26010;;;
MOBIS BRASIL FABRICACAO DE AUTO PECAS LT;RODOVIARIO;1484988;27/03/2026;1;334812;27/03/2026;DHC COMERCIO DE VEICULOS E PECAS LTDA;9,52E+12;OURINHOS;SP;27/03/2026;02/04/2026;01/04/2026;Entregue No Prazo;;Entrega realizada;Entrega Finalizada;2;4;27;3;RISSO;26010;;;
MOBIS BRASIL FABRICACAO DE AUTO PECAS LT;RODOVIARIO;1484928;27/03/2026;40;334861;27/03/2026;LOVAT VEICULOS S/A;8,57E+12;LONDRINA;PR;27/03/2026;02/04/2026;01/04/2026;Entregue No Prazo;;Entrega realizada;Entrega Finalizada;2;4;27;3;TRANSTRY;18008;;;
MOBIS BRASIL FABRICACAO DE AUTO PECAS LT;RODOVIARIO;1484939;27/03/2026;1;335001;27/03/2026;CAOA MOTOR DO BRASIL LTDA;1,68E+13;NITEROI;RJ;27/03/2026;02/04/2026;01/04/2026;Entregue No Prazo;;Entrega realizada;Entrega Finalizada;2;4;27;3;CAMILO;5008;;;
MOBIS BRASIL FABRICACAO DE AUTO PECAS LT;RODOVIARIO;1484941;27/03/2026;1;335002;27/03/2026;CAOA MOTOR DO BRASIL LTDA;1,68E+13;RIO DE JANEIRO;RJ;27/03/2026;02/04/2026;01/04/2026;Entregue No Prazo;;Entrega realizada;Entrega Finalizada;2;4;27;3;CAMILO;5008;;;
MOBIS BRASIL FABRICACAO DE AUTO PECAS LT;RODOVIARIO;1485469;27/03/2026;2;335012;27/03/2026;ITAVEMA MOTORS VEICULOS LTDA;7,73E+12;RIO DE JANEIRO;RJ;27/03/2026;02/04/2026;01/04/2026;Entregue No Prazo;;Entrega realizada;Entrega Finalizada;2;4;27;3;CAMILO;19001;;;
MOBIS BRASIL FABRICACAO DE AUTO PECAS LT;RODOVIARIO;1485458;27/03/2026;7;335012;27/03/2026;ITAVEMA MOTORS VEICULOS LTDA;7,73E+12;RIO DE JANEIRO;RJ;27/03/2026;02/04/2026;01/04/2026;Entregue No Prazo;;Entrega realizada;Entrega Finalizada;2;4;27;3;CAMILO;19001;;;
MOBIS BRASIL FABRICACAO DE AUTO PECAS LT;RODOVIARIO;1484935;27/03/2026;5;335013;27/03/2026;ITAVEMA MOTORS VEICULOS LTDA;7,73E+12;DUQUE DE CAXIAS;RJ;27/03/2026;02/04/2026;01/04/2026;Entregue No Prazo;;Entrega realizada;Entrega Finalizada;2;4;27;3;CAMILO;19001;;;
MOBIS BRASIL FABRICACAO DE AUTO PECAS LT;RODOVIARIO;1484953;27/03/2026;54;334853;27/03/2026;BARI VEICULOS LTDA;7,46E+12;BLUMENAU;SC;27/03/2026;03/04/2026;01/04/2026;Entregue No Prazo;;Entrega realizada;Entrega Finalizada;3;4;27;3;TRANSTRY;18024;;;
MOBIS BRASIL FABRICACAO DE AUTO PECAS LT;RODOVIARIO;1484956;27/03/2026;2;334859;27/03/2026;GAMBATTO H1 VEICULOS LTDA;1,94E+13;CHAPECO;SC;27/03/2026;03/04/2026;01/04/2026;Entregue No Prazo;;Entrega realizada;Entrega Finalizada;3;4;27;3;TRANSTRY;24018;;;
MOBIS BRASIL FABRICACAO DE AUTO PECAS LT;RODOVIARIO;1484952;27/03/2026;5;334862;27/03/2026;LR COMERCIO DE VEICULOS LTDA;1,05E+13;SAO JOSE;SC;27/03/2026;03/04/2026;01/04/2026;Entregue No Prazo;;Entrega realizada;Entrega Finalizada;3;4;27;3;TRANSTRY;24007;;;
MOBIS BRASIL FABRICACAO DE AUTO PECAS LT;RODOVIARIO;1484951;27/03/2026;1;334863;27/03/2026;LS COMERCIO DE AUTOMOVEIS LTDA.;1,03E+13;BRUSQUE;SC;27/03/2026;03/04/2026;01/04/2026;Entregue No Prazo;;Entrega realizada;Entrega Finalizada;3;4;27;3;TRANSTRY;24006;;;
MOBIS BRASIL FABRICACAO DE AUTO PECAS LT;RODOVIARIO;1484936;27/03/2026;1;335010;27/03/2026;GRAFFITI VEICULOS LTDA.;1,71E+13;ITAPERUNA;RJ;27/03/2026;03/04/2026;01/04/2026;Entregue No Prazo;;Entrega realizada;Entrega Finalizada;3;4;27;3;CAMILO;19015;;;
MOBIS BRASIL FABRICACAO DE AUTO PECAS LT;RODOVIARIO;1484942;27/03/2026;1;335017;27/03/2026;MONTREAL VEICULOS E PECAS LTDA;1,68E+13;SAO PEDRO DA ALDEIA;RJ;27/03/2026;03/04/2026;01/04/2026;Entregue No Prazo;;Entrega realizada;Entrega Finalizada;3;4;27;3;CAMILO;19030;;;
MOBIS BRASIL FABRICACAO DE AUTO PECAS LT;RODOVIARIO;1484940;27/03/2026;5;335031;27/03/2026;TAI MOTORS VEICULOS S/A.;9,27E+12;CAMPOS DOS GOYTACAZES;RJ;27/03/2026;03/04/2026;01/04/2026;Entregue No Prazo;;Entrega realizada;Entrega Finalizada;3;4;27;3;CAMILO;19023;;;
MOBIS BRASIL FABRICACAO DE AUTO PECAS LT;RODOVIARIO;1484897;27/03/2026;2;334784;27/03/2026;NISA COMERCIAL DE VEIC. AUTOMOTORES LTDA;1,03E+13;APARECIDA DE GOIANIA;GO;27/03/2026;06/04/2026;01/04/2026;Entregue No Prazo;;Entrega realizada;Entrega Finalizada;6;4;27;3;RIO VERMELHO;9002;;;
MOBIS BRASIL FABRICACAO DE AUTO PECAS LT;RODOVIARIO;1484898;27/03/2026;14;334788;27/03/2026;SAGA KOREA COM. DE VEIC. E PC. LTDA;1,27E+13;GOIANIA;GO;27/03/2026;06/04/2026;01/04/2026;Entregue No Prazo;;Entrega realizada;Entrega Finalizada;6;4;27;3;RIO VERMELHO;9009;;;
MOBIS BRASIL FABRICACAO DE AUTO PECAS LT;RODOVIARIO;1484955;27/03/2026;1;334854;27/03/2026;BARI VEICULOS LTDA;7,46E+12;BALNEARIO CAMBORIU;SC;27/03/2026;06/04/2026;01/04/2026;Entregue No Prazo;;Entrega realizada;Entrega Finalizada;6;4;27;3;TRANSTRY;18024;;;
MOBIS BRASIL FABRICACAO DE AUTO PECAS LT;RODOVIARIO;1484916;27/03/2026;8;335008;27/03/2026;GOLDEN MOTORS VEICULOS LTDA;3,62E+12;DOURADOS;MS;27/03/2026;06/04/2026;01/04/2026;Entregue No Prazo;;Entrega realizada;Entrega Finalizada;6;4;27;3;CARVALIMA;12001;;;
MOBIS BRASIL FABRICACAO DE AUTO PECAS LT;RODOVIARIO;1484903;27/03/2026;8;334783;27/03/2026;NASA MOTORS LTDA.;2,65E+13;SAO LUIS DE MONTES BELOS;GO;27/03/2026;10/04/2026;01/04/2026;Entregue No Prazo;;Entrega realizada;Entrega Finalizada;10;4;27;3;RIO VERMELHO;9016;;;
MOBIS BRASIL FABRICACAO DE AUTO PECAS LT;RODOVIARIO;1484888;27/03/2026;1;335016;27/03/2026;MASTER COMERCIAL DE VEICULOS LTDA;2,85E+13;BARREIRAS;BA;27/03/2026;13/04/2026;01/04/2026;Entregue No Prazo;;Entrega realizada;Entrega Finalizada;13;4;27;3;TERMACO;5012;;;
MOBIS BRASIL FABRICACAO DE AUTO PECAS LT;RODOVIARIO;1485760;30/03/2026;2;335071;30/03/2026;CAOA MOTOR DO BRASIL LTDA (IPIRANGA);1,68E+13;SAO PAULO;SP;30/03/2026;01/04/2026;01/04/2026;Entregue No Prazo;;Entrega realizada;Entrega Finalizada;1;4;30;3;RISSO;26054;;;
MOBIS BRASIL FABRICACAO DE AUTO PECAS LT;RODOVIARIO;1485759;30/03/2026;2;335071;30/03/2026;CAOA MOTOR DO BRASIL LTDA (IPIRANGA);1,68E+13;SAO PAULO;SP;30/03/2026;01/04/2026;01/04/2026;Entregue No Prazo;;Entrega realizada;Entrega Finalizada;1;4;30;3;RISSO;26054;;;
MOBIS BRASIL FABRICACAO DE AUTO PECAS LT;RODOVIARIO;1485747;30/03/2026;3;335078;30/03/2026;GRAND SPORT COM. DE VEIC. E PECAS LTDA;8,58E+12;GUARULHOS;SP;30/03/2026;01/04/2026;01/04/2026;Entregue No Prazo;;Entrega realizada;Entrega Finalizada;1;4;30;3;RISSO;26005;;;
MOBIS BRASIL FABRICACAO DE AUTO PECAS LT;RODOVIARIO;1485773;30/03/2026;1;335089;30/03/2026;NOBRE DISTRIBUIDORA DE VEIC. E PEC. LTDA;5,76E+12;SUZANO;SP;30/03/2026;01/04/2026;01/04/2026;Entregue No Prazo;;Entrega realizada;Entrega Finalizada;1;4;30;3;RISSO;26103;;;
MOBIS BRASIL FABRICACAO DE AUTO PECAS LT;RODOVIARIO;1485694;30/03/2026;2;335046;30/03/2026;BDG AUTOVILLE VEICULOS LTDA;4,77E+13;CONTAGEM;MG;30/03/2026;02/04/2026;01/04/2026;Entregue No Prazo;;Entrega realizada;Entrega Finalizada;2;4;30;3;XD BETIM;11037;;;
MOBIS BRASIL FABRICACAO DE AUTO PECAS LT;RODOVIARIO;1485695;30/03/2026;19;335046;30/03/2026;BDG AUTOVILLE VEICULOS LTDA;4,77E+13;CONTAGEM;MG;30/03/2026;02/04/2026;01/04/2026;Entregue No Prazo;;Entrega realizada;Entrega Finalizada;2;4;30;3;XD BETIM;11037;;;
MOBIS BRASIL FABRICACAO DE AUTO PECAS LT;RODOVIARIO;1485690;30/03/2026;13;335055;30/03/2026;TAI MOTORS VEICULOS S/A;9,27E+12;BELO HORIZONTE;MG;30/03/2026;02/04/2026;01/04/2026;Entregue No Prazo;;Entrega realizada;Entrega Finalizada;2;4;30;3;XD BETIM;8002;;;
MOBIS BRASIL FABRICACAO DE AUTO PECAS LT;RODOVIARIO;1485768;30/03/2026;3;335069;30/03/2026;CAOA MOTOR DO BRASIL LTDA;1,68E+13;SANTOS;SP;30/03/2026;02/04/2026;01/04/2026;Entregue No Prazo;;Entrega realizada;Entrega Finalizada;2;4;30;3;RISSO;5008;;;
MOBIS BRASIL FABRICACAO DE AUTO PECAS LT;RODOVIARIO;1485763;30/03/2026;3;335073;30/03/2026;DESTAQUE SEUL DISTR. DE VEIC. E PC. LTDA;2,12E+13;ATIBAIA;SP;30/03/2026;02/04/2026;01/04/2026;Entregue No Prazo;;Entrega realizada;Entrega Finalizada;2;4;30;3;RISSO;26075;;;
MOBIS BRASIL FABRICACAO DE AUTO PECAS LT;RODOVIARIO;1485751;30/03/2026;2;335084;30/03/2026;MOTONET COMERCIO DE VEICULOS LTDA;9,28E+12;SOROCABA;SP;30/03/2026;02/04/2026;01/04/2026;Entregue No Prazo;;Entrega realizada;Entrega Finalizada;2;4;30;3;RISSO;26113;;;
MOBIS BRASIL FABRICACAO DE AUTO PECAS LT;RODOVIARIO;1485716;30/03/2026;5;335097;30/03/2026;BARI VEICULOS LTDA;7,46E+12;CURITIBA;PR;30/03/2026;02/04/2026;01/04/2026;Entregue No Prazo;;Entrega realizada;Entrega Finalizada;2;4;30;3;TRANSTRY;18024;;;
MOBIS BRASIL FABRICACAO DE AUTO PECAS LT;RODOVIARIO;1485715;30/03/2026;1;335100;30/03/2026;BARI VEICULOS LTDA.;7,46E+12;CURITIBA;PR;30/03/2026;02/04/2026;01/04/2026;Entregue No Prazo;;Entrega realizada;Entrega Finalizada;2;4;30;3;TRANSTRY;18029;;;
MOBIS BRASIL FABRICACAO DE AUTO PECAS LT;RODOVIARIO;1485688;30/03/2026;1;335056;30/03/2026;URCA MOTORS VEICULOS LTDA;8,77E+12;UBERLANDIA;MG;30/03/2026;03/04/2026;01/04/2026;Entregue No Prazo;;Entrega realizada;Entrega Finalizada;3;4;30;3;XD BETIM;9014;;;
MOBIS BRASIL FABRICACAO DE AUTO PECAS LT;RODOVIARIO;1485767;30/03/2026;2;335067;30/03/2026;CAOA MOTOR DO BRASIL LTDA;1,68E+13;PRAIA GRANDE;SP;30/03/2026;03/04/2026;01/04/2026;Entregue No Prazo;;Entrega realizada;Entrega Finalizada;3;4;30;3;RISSO;5008;;;
MOBIS BRASIL FABRICACAO DE AUTO PECAS LT;RODOVIARIO;1485765;30/03/2026;2;335075;30/03/2026;DHC COMERCIO DE VEICULOS E PECAS LTDA;9,52E+12;BOTUCATU;SP;30/03/2026;03/04/2026;01/04/2026;Entregue No Prazo;;Entrega realizada;Entrega Finalizada;3;4;30;3;RISSO;26010;;;
MOBIS BRASIL FABRICACAO DE AUTO PECAS LT;RODOVIARIO;1485761;30/03/2026;1;335076;30/03/2026;GOLDEN MOTORS VEICULOS LTDA;3,62E+12;PRESIDENTE PRUDENTE;SP;30/03/2026;03/04/2026;01/04/2026;Entregue No Prazo;;Entrega realizada;Entrega Finalizada;3;4;30;3;RISSO;12001;;;
MOBIS BRASIL FABRICACAO DE AUTO PECAS LT;RODOVIARIO;1485756;30/03/2026;1;335081;30/03/2026;H R B COMERCIO DE VEICULOS LTDA;1,82E+13;SAO JOSE DO RIO PRETO;SP;30/03/2026;03/04/2026;01/04/2026;Entregue No Prazo;;Entrega realizada;Entrega Finalizada;3;4;30;3;RISSO;26050;;;
MOBIS BRASIL FABRICACAO DE AUTO PECAS LT;RODOVIARIO;1485757;30/03/2026;10;335081;30/03/2026;H R B COMERCIO DE VEICULOS LTDA;1,82E+13;SAO JOSE DO RIO PRETO;SP;30/03/2026;03/04/2026;01/04/2026;Entregue No Prazo;;Entrega realizada;Entrega Finalizada;3;4;30;3;RISSO;26050;;;
MOBIS BRASIL FABRICACAO DE AUTO PECAS LT;RODOVIARIO;1486286;30/03/2026;15;335088;30/03/2026;NEW VEICULOS E PECAS LTDA.;1,59E+13;ARARAQUARA;SP;30/03/2026;03/04/2026;01/04/2026;Entregue No Prazo;;Entrega realizada;Entrega Finalizada;3;4;30;3;RISSO;26071;;;
MOBIS BRASIL FABRICACAO DE AUTO PECAS LT;RODOVIARIO;1485714;30/03/2026;9;335095;30/03/2026;BARI VEICULOS LTDA;7,46E+12;PONTA GROSSA;PR;30/03/2026;03/04/2026;01/04/2026;Entregue No Prazo;;Entrega realizada;Entrega Finalizada;3;4;30;3;TRANSTRY;18024;;;
MOBIS BRASIL FABRICACAO DE AUTO PECAS LT;RODOVIARIO;1485711;30/03/2026;9;335107;30/03/2026;LOVAT VEICULOS S/A;8,57E+12;LONDRINA;PR;30/03/2026;03/04/2026;01/04/2026;Entregue No Prazo;;Entrega realizada;Entrega Finalizada;3;4;30;3;TRANSTRY;18008;;;
MOBIS BRASIL FABRICACAO DE AUTO PECAS LT;RODOVIARIO;1485692;30/03/2026;1;335057;30/03/2026;VIME AUTOMOVEIS E PECAS LTDA;2,85E+13;GUAXUPE;MG;30/03/2026;06/04/2026;01/04/2026;Entregue No Prazo;;Entrega realizada;Entrega Finalizada;6;4;30;3;XD BETIM;11031;;;
MOBIS BRASIL FABRICACAO DE AUTO PECAS LT;RODOVIARIO;1485689;30/03/2026;8;335058;30/03/2026;VITAL COMERCIO DE VEICULOS LTDA;1,05E+13;IPATINGA;MG;30/03/2026;06/04/2026;01/04/2026;Entregue No Prazo;;Entrega realizada;Entrega Finalizada;6;4;30;3;XD BETIM;11016;;;
MOBIS BRASIL FABRICACAO DE AUTO PECAS LT;RODOVIARIO;1485742;30/03/2026;1;335104;30/03/2026;GAMBATTO H1 VEICULOS LTDA;1,94E+13;CHAPECO;SC;30/03/2026;06/04/2026;01/04/2026;Entregue No Prazo;;Entrega realizada;Entrega Finalizada;6;4;30;3;TRANSTRY;24018;;;
MOBIS BRASIL FABRICACAO DE AUTO PECAS LT;RODOVIARIO;1486795;31/03/2026;9;335360;31/03/2026;BILLY DISTRIBUIDORA DE VEICULOS LTDA;1,34E+13;BARUERI;SP;31/03/2026;02/04/2026;01/04/2026;Entregue No Prazo;;Entrega realizada;Entrega Finalizada;2;4;31;3;RISSO;26003;;;
MOBIS BRASIL FABRICACAO DE AUTO PECAS LT;RODOVIARIO;1486809;31/03/2026;1;335361;31/03/2026;BILLY DISTRIBUIDORA DE VEICULOS LTDA;1,34E+13;SAO PAULO;SP;31/03/2026;02/04/2026;01/04/2026;Entregue No Prazo;;Entrega realizada;Entrega Finalizada;2;4;31;3;RISSO;26003;;;
MOBIS BRASIL FABRICACAO DE AUTO PECAS LT;RODOVIARIO;1486800;31/03/2026;1;335370;31/03/2026;GRAND SPORT COM. DE VEIC. E PECAS LTDA;8,58E+12;SAO PAULO;SP;31/03/2026;02/04/2026;01/04/2026;Entregue No Prazo;;Entrega realizada;Entrega Finalizada;2;4;31;3;RISSO;26034;;;
MOBIS BRASIL FABRICACAO DE AUTO PECAS LT;RODOVIARIO;1486814;31/03/2026;3;335371;31/03/2026;GRANDAY AUTOMOTORES LTDA (CHAC. CALIFOR);1,57E+13;SAO PAULO;SP;31/03/2026;02/04/2026;01/04/2026;Entregue No Prazo;;Entrega realizada;Entrega Finalizada;2;4;31;3;RISSO;26090;;;
MOBIS BRASIL FABRICACAO DE AUTO PECAS LT;RODOVIARIO;1486813;31/03/2026;6;335371;31/03/2026;GRANDAY AUTOMOTORES LTDA (CHAC. CALIFOR);1,57E+13;SAO PAULO;SP;31/03/2026;02/04/2026;01/04/2026;Entregue No Prazo;;Entrega realizada;Entrega Finalizada;2;4;31;3;RISSO;26090;;;
MOBIS BRASIL FABRICACAO DE AUTO PECAS LT;RODOVIARIO;1486815;31/03/2026;8;335373;31/03/2026;H RACING GARAGE LTDA ;3,24E+13;COTIA;SP;31/03/2026;02/04/2026;01/04/2026;Entregue No Prazo;;Entrega realizada;Entrega Finalizada;2;4;31;3;RISSO;29944;;;
MOBIS BRASIL FABRICACAO DE AUTO PECAS LT;RODOVIARIO;1486811;31/03/2026;1;335377;31/03/2026;NOBRE SP DISTRIB. DE VEIC. E PEC. LTDA;1,70E+13;SAO PAULO;SP;31/03/2026;02/04/2026;01/04/2026;Entregue No Prazo;;Entrega realizada;Entrega Finalizada;2;4;31;3;RISSO;26081;;;
MOBIS BRASIL FABRICACAO DE AUTO PECAS LT;RODOVIARIO;1486801;31/03/2026;1;335357;31/03/2026;ANDRETA II DISTRIB.DE VEICULOS LTDA.;9,10E+12;JUNDIAI;SP;31/03/2026;03/04/2026;01/04/2026;Entregue No Prazo;;Entrega realizada;Entrega Finalizada;3;4;31;3;RISSO;26040;;;
MOBIS BRASIL FABRICACAO DE AUTO PECAS LT;RODOVIARIO;1487161;31/03/2026;1;335358;31/03/2026;ANDRETA II DISTRIBUIDORA DE VEIC. LTDA;9,10E+12;AMERICANA;SP;31/03/2026;03/04/2026;01/04/2026;Entregue No Prazo;;Entrega realizada;Entrega Finalizada;3;4;31;3;RISSO;26011;;;
MOBIS BRASIL FABRICACAO DE AUTO PECAS LT;RODOVIARIO;1486799;31/03/2026;23;335359;31/03/2026;ANDRETA II DISTRIBUIDORA DE VEIC. LTDA;9,10E+12;CAMPINAS;SP;31/03/2026;03/04/2026;01/04/2026;Entregue No Prazo;;Entrega realizada;Entrega Finalizada;3;4;31;3;RISSO;26011;;;
MOBIS BRASIL FABRICACAO DE AUTO PECAS LT;RODOVIARIO;1486798;31/03/2026;1;335359;31/03/2026;ANDRETA II DISTRIBUIDORA DE VEIC. LTDA;9,10E+12;CAMPINAS;SP;31/03/2026;03/04/2026;01/04/2026;Entregue No Prazo;;Entrega realizada;Entrega Finalizada;3;4;31;3;RISSO;26011;;;
MOBIS BRASIL FABRICACAO DE AUTO PECAS LT;RODOVIARIO;1486808;31/03/2026;1;335367;31/03/2026;DESTAQUE SEUL DISTR. DE VEIC. E PC. LTDA;2,12E+13;ATIBAIA;SP;31/03/2026;03/04/2026;01/04/2026;Entregue No Prazo;;Entrega realizada;Entrega Finalizada;3;4;31;3;RISSO;26075;;;
MOBIS BRASIL FABRICACAO DE AUTO PECAS LT;RODOVIARIO;1486812;31/03/2026;2;335363;31/03/2026;CAOA MOTOR DO BRASIL LTDA;1,68E+13;PRAIA GRANDE;SP;31/03/2026;06/04/2026;01/04/2026;Entregue No Prazo;;Entrega realizada;Entrega Finalizada;6;4;31;3;RISSO;5008;;;
MOBIS BRASIL FABRICACAO DE AUTO PECAS LT;RODOVIARIO;1486794;31/03/2026;5;335374;31/03/2026;HYMAX DISTRIBUIDORA DE VEICULOS LTDA;1,73E+13;MOGI GUACU;SP;31/03/2026;06/04/2026;01/04/2026;Entregue No Prazo;;Entrega realizada;Entrega Finalizada;6;4;31;3;RISSO;26002;;;
MOBIS BRASIL FABRICACAO DE AUTO PECAS LT;RODOVIARIO;1486793;31/03/2026;4;335374;31/03/2026;HYMAX DISTRIBUIDORA DE VEICULOS LTDA;1,73E+13;MOGI GUACU;SP;31/03/2026;06/04/2026;01/04/2026;Entregue No Prazo;;Entrega realizada;Entrega Finalizada;6;4;31;3;RISSO;26002;;;
MOBIS BRASIL FABRICACAO DE AUTO PECAS LT;RODOVIARIO;1485691;30/03/2026;5;335047;30/03/2026;CARBEL KOREA VEICULOS LTDA;2,07E+13;BELO HORIZONTE;MG;30/03/2026;02/04/2026;01/04/2026;Entregue No Prazo;;Entrega realizada;Entrega Finalizada;2;4;30;3;XD BETIM;11021;;;
MOBIS BRASIL FABRICACAO DE AUTO PECAS LT;RODOVIARIO;1486733;31/03/2026;1;335390;31/03/2026;TOKSU COMERCIO DE VEICULOS LTDA;1,12E+13;JUIZ DE FORA;MG;31/03/2026;06/04/2026;01/04/2026;Entregue No Prazo;;Entrega realizada;Entrega Finalizada;6;4;31;3;XD BETIM;11008;;;
MOBIS BRASIL FABRICACAO DE AUTO PECAS LT;RODOVIARIO;1467938;24/02/2026;2;329407;24/02/2026;POLE POSITION TECNOLOGIA LTDA;3,45E+13;MANAUS;AM;24/02/2026;20/03/2026;02/04/2026;Entregue Fora do Prazo;;Entrega realizada;Entrega Finalizada;20;3;24;2;NORTEX;3001;;;
MOBIS BRASIL FABRICACAO DE AUTO PECAS LT;RODOVIARIO;1468776;25/02/2026;1;329646;25/02/2026;POLE POSITION TECNOLOGIA LTDA;3,45E+13;MANAUS;AM;25/02/2026;23/03/2026;02/04/2026;Entregue Fora do Prazo;;Entrega realizada;Entrega Finalizada;23;3;25;2;NORTEX;3001;;;
MOBIS BRASIL FABRICACAO DE AUTO PECAS LT;RODOVIARIO;1473938;06/03/2026;1;331103;06/03/2026;PRIVILLEGE DISTRIBUIDORA DE VEICULOS LTD;1,72E+13;ARAGUAINA;TO;06/03/2026;20/03/2026;02/04/2026;Entregue Fora do Prazo;;Entrega realizada;Entrega Finalizada;20;3;6;3;RIO VERMELHO;27002;;;
MOBIS BRASIL FABRICACAO DE AUTO PECAS LT;RODOVIARIO;1476852;12/03/2026;3;332207;12/03/2026;CAOA MOTOR DO BRASIL LTDA;1,68E+13;RIO DE JANEIRO;RJ;12/03/2026;18/03/2026;02/04/2026;Entregue Fora do Prazo;Falta de 01 volume;Entrega realizada;Entrega Finalizada;18;3;12;3;CAMILO;5008;;;
MOBIS BRASIL FABRICACAO DE AUTO PECAS LT;RODOVIARIO;1480946;20/03/2026;1;333620;20/03/2026;PRIVILLEGE DISTRIBUIDORA DE VEICULOS LTD;1,72E+13;PALMAS;TO;20/03/2026;31/03/2026;02/04/2026;Entregue Fora do Prazo;;Entrega realizada;Entrega Finalizada;31;3;20;3;RIO VERMELHO;27003;;;
MOBIS BRASIL FABRICACAO DE AUTO PECAS LT;RODOVIARIO;1480947;20/03/2026;1;333620;20/03/2026;PRIVILLEGE DISTRIBUIDORA DE VEICULOS LTD;1,72E+13;PALMAS;TO;20/03/2026;31/03/2026;02/04/2026;Entregue Fora do Prazo;;Entrega realizada;Entrega Finalizada;31;3;20;3;RIO VERMELHO;27003;;;
MOBIS BRASIL FABRICACAO DE AUTO PECAS LT;RODOVIARIO;1481577;23/03/2026;1;333937;23/03/2026;MASTER COMERCIAL DE VEICULOS LTDA;2,85E+13;BARREIRAS;BA;23/03/2026;07/04/2026;02/04/2026;Entregue No Prazo;;Entrega realizada;Entrega Finalizada;7;4;23;3;TERMACO;5012;;;
MOBIS BRASIL FABRICACAO DE AUTO PECAS LT;RODOVIARIO;1481618;23/03/2026;2;333947;23/03/2026;SAINT LAND COMERCIO DE VEICULOS LTDA;1,04E+13;NATAL;RN;23/03/2026;07/04/2026;02/04/2026;Entregue No Prazo;;Entrega realizada;Entrega Finalizada;7;4;23;3;TERMACO;6010;;;
MOBIS BRASIL FABRICACAO DE AUTO PECAS LT;RODOVIARIO;1481605;23/03/2026;1;333924;23/03/2026;AUTORAC VEICULOS LTDA;1,06E+13;PETROLINA;PE;23/03/2026;08/04/2026;02/04/2026;Entregue No Prazo;;Entrega realizada;Entrega Finalizada;8;4;23;3;TERMACO;16001;;;
MOBIS BRASIL FABRICACAO DE AUTO PECAS LT;RODOVIARIO;1481588;23/03/2026;3;333938;23/03/2026;NACIONAL NOVA MARABA DIST DE VEIC. LTDA;1,70E+13;IMPERATRIZ;MA;23/03/2026;10/04/2026;02/04/2026;Entregue No Prazo;;Entrega realizada;Entrega Finalizada;10;4;23;3;TERMACO;10003;;;
MOBIS BRASIL FABRICACAO DE AUTO PECAS LT;RODOVIARIO;1482717;24/03/2026;1;334137;24/03/2026;PRIVILLEGE DISTRIBUIDORA DE VEICULOS LTD;1,72E+13;PALMAS;TO;24/03/2026;02/04/2026;02/04/2026;Entregue No Prazo;;Entrega realizada;Entrega Finalizada;2;4;24;3;RIO VERMELHO;27003;;;
MOBIS BRASIL FABRICACAO DE AUTO PECAS LT;RODOVIARIO;1482619;24/03/2026;5;334144;24/03/2026;TRIAUTO KOREA AUTOMOVEIS LTDA;4,99E+13;CATALAO;GO;24/03/2026;07/04/2026;02/04/2026;Entregue No Prazo;;Entrega realizada;Entrega Finalizada;7;4;24;3;RIO VERMELHO;9018;;;
MOBIS BRASIL FABRICACAO DE AUTO PECAS LT;RODOVIARIO;1482606;24/03/2026;3;334160;24/03/2026;FAZZA MOTORS COM. DE VEICULOS LTDA;1,24E+13;FORTALEZA;CE;24/03/2026;07/04/2026;02/04/2026;Entregue No Prazo;;Entrega realizada;Entrega Finalizada;7;4;24;3;TERMACO;6001;;;
MOBIS BRASIL FABRICACAO DE AUTO PECAS LT;RODOVIARIO;1482607;24/03/2026;5;334161;24/03/2026;FAZZA MOTORS COMERCIO DE VEICULOS LTDA;1,24E+13;FORTALEZA;CE;24/03/2026;07/04/2026;02/04/2026;Entregue No Prazo;;Entrega realizada;Entrega Finalizada;7;4;24;3;TERMACO;5007;;;
MOBIS BRASIL FABRICACAO DE AUTO PECAS LT;RODOVIARIO;1482636;24/03/2026;2;334172;24/03/2026;MISO VEICULOS LTDA;1,85E+13;SANTAREM;PA;24/03/2026;07/04/2026;02/04/2026;Entregue No Prazo;;Entrega realizada;Entrega Finalizada;7;4;24;3;CARVALIMA;4001;;;
MOBIS BRASIL FABRICACAO DE AUTO PECAS LT;RODOVIARIO;1482605;24/03/2026;2;334171;24/03/2026;MASTER COMERCIAL DE VEICULOS LTDA;2,85E+13;JACOBINA;BA;24/03/2026;08/04/2026;02/04/2026;Entregue No Prazo;;Entrega realizada;Entrega Finalizada;8;4;24;3;TERMACO;5013;;;
MOBIS BRASIL FABRICACAO DE AUTO PECAS LT;RODOVIARIO;1482639;24/03/2026;84;334176;24/03/2026;PATEO COMERCIO DE VEICULOS S A;7,78E+12;RECIFE;PE;24/03/2026;08/04/2026;02/04/2026;Entregue No Prazo;;Entrega realizada;Entrega Finalizada;8;4;24;3;TERMACO;16004;;;
MOBIS BRASIL FABRICACAO DE AUTO PECAS LT;RODOVIARIO;1482643;24/03/2026;4;334153;24/03/2026;AUTORAC VEICULOS LTDA;1,06E+13;PETROLINA;PE;24/03/2026;09/04/2026;02/04/2026;Entregue No Prazo;;Entrega realizada;Entrega Finalizada;9;4;24;3;TERMACO;16001;;;
MOBIS BRASIL FABRICACAO DE AUTO PECAS LT;RODOVIARIO;1482642;24/03/2026;1;334153;24/03/2026;AUTORAC VEICULOS LTDA;1,06E+13;PETROLINA;PE;24/03/2026;09/04/2026;02/04/2026;Entregue No Prazo;;Entrega realizada;Entrega Finalizada;9;4;24;3;TERMACO;16001;;;
MOBIS BRASIL FABRICACAO DE AUTO PECAS LT;RODOVIARIO;1483490;25/03/2026;1;334387;25/03/2026;TRIAUTO KOREA AUTOMOVEIS LTDA;4,99E+13;CATALAO;GO;25/03/2026;08/04/2026;02/04/2026;Entregue No Prazo;;Entrega realizada;Entrega Finalizada;8;4;25;3;RIO VERMELHO;9018;;;
MOBIS BRASIL FABRICACAO DE AUTO PECAS LT;RODOVIARIO;1484164;26/03/2026;3;334686;26/03/2026;LOVAT VEICULOS S/A;8,57E+12;MARINGA;PR;26/03/2026;01/04/2026;02/04/2026;Entregue Fora do Prazo;;Entrega realizada;Entrega Finalizada;1;4;26;3;TRANSTRY;18008;;;
MOBIS BRASIL FABRICACAO DE AUTO PECAS LT;RODOVIARIO;1484769;26/03/2026;2;334714;26/03/2026;PRIVILLEGE DISTRIBUIDORA DE VEICULOS LTD;1,72E+13;PALMAS;TO;26/03/2026;06/04/2026;02/04/2026;Entregue No Prazo;;Entrega realizada;Entrega Finalizada;6;4;26;3;RIO VERMELHO;27003;;;
MOBIS BRASIL FABRICACAO DE AUTO PECAS LT;RODOVIARIO;1484147;26/03/2026;27;334760;26/03/2026;SAGA ASIA COM. DE VEIC.PC.E SERV. LTDA;2,23E+13;VARZEA GRANDE;MT;26/03/2026;06/04/2026;02/04/2026;Entregue No Prazo;;Entrega realizada;Entrega Finalizada;6;4;26;3;CARVALIMA;13004;;;
MOBIS BRASIL FABRICACAO DE AUTO PECAS LT;RODOVIARIO;1484146;26/03/2026;1;334760;26/03/2026;SAGA ASIA COM. DE VEIC.PC.E SERV. LTDA;2,23E+13;VARZEA GRANDE;MT;26/03/2026;06/04/2026;02/04/2026;Entregue No Prazo;;Entrega realizada;Entrega Finalizada;6;4;26;3;CARVALIMA;13004;;;
MOBIS BRASIL FABRICACAO DE AUTO PECAS LT;RODOVIARIO;1484126;26/03/2026;1;334725;26/03/2026;URCA MOTORS VEICULOS LTDA;8,77E+12;RIO VERDE;GO;26/03/2026;07/04/2026;02/04/2026;Entregue No Prazo;;Entrega realizada;Entrega Finalizada;7;4;26;3;RIO VERMELHO;9014;;;
MOBIS BRASIL FABRICACAO DE AUTO PECAS LT;RODOVIARIO;1484129;26/03/2026;4;334723;26/03/2026;TRIAUTO KOREA AUTOMOVEIS LTDA;4,99E+13;CATALAO;GO;26/03/2026;09/04/2026;02/04/2026;Entregue No Prazo;;Entrega realizada;Entrega Finalizada;9;4;26;3;RIO VERMELHO;9018;;;
MOBIS BRASIL FABRICACAO DE AUTO PECAS LT;RODOVIARIO;1484178;26/03/2026;11;334761;26/03/2026;SAINT LAND COMERCIO DE VEICULOS LTDA;1,04E+13;NATAL;RN;26/03/2026;10/04/2026;02/04/2026;Entregue No Prazo;;Entrega realizada;Entrega Finalizada;10;4;26;3;TERMACO;6010;;;
MOBIS BRASIL FABRICACAO DE AUTO PECAS LT;RODOVIARIO;1484159;26/03/2026;3;334731;26/03/2026;AUTORAC VEICULOS LTDA;1,06E+13;PETROLINA;PE;26/03/2026;13/04/2026;02/04/2026;Entregue No Prazo;;Entrega realizada;Entrega Finalizada;13;4;26;3;TERMACO;16001;;;
MOBIS BRASIL FABRICACAO DE AUTO PECAS LT;RODOVIARIO;1484160;26/03/2026;1;334731;26/03/2026;AUTORAC VEICULOS LTDA;1,06E+13;PETROLINA;PE;26/03/2026;13/04/2026;02/04/2026;Entregue No Prazo;;Entrega realizada;Entrega Finalizada;13;4;26;3;TERMACO;16001;;;
MOBIS BRASIL FABRICACAO DE AUTO PECAS LT;RODOVIARIO;1484131;26/03/2026;1;334751;26/03/2026;NACIONAL NOVA MARABA DIST DE VEIC. LTDA;1,70E+13;IMPERATRIZ;MA;26/03/2026;15/04/2026;02/04/2026;Entregue No Prazo;;Entrega realizada;Entrega Finalizada;15;4;26;3;TERMACO;10003;;;
MOBIS BRASIL FABRICACAO DE AUTO PECAS LT;RODOVIARIO;1484946;27/03/2026;3;334860;27/03/2026;HOUSE PARTS-COM. DE PCS. E VEICULOS LTDA;1,15E+13;PORTO ALEGRE;RS;27/03/2026;02/04/2026;02/04/2026;Entregue No Prazo;;Entrega realizada;Entrega Finalizada;2;4;27;3;TRANSTRY;23004;;;
MOBIS BRASIL FABRICACAO DE AUTO PECAS LT;RODOVIARIO;1484949;27/03/2026;8;334849;27/03/2026;ATUAL VEICULOS LTDA;1,33E+13;CRICIUMA;SC;27/03/2026;03/04/2026;02/04/2026;Entregue No Prazo;;Entrega realizada;Entrega Finalizada;3;4;27;3;TRANSTRY;24001;;;
MOBIS BRASIL FABRICACAO DE AUTO PECAS LT;RODOVIARIO;1484948;27/03/2026;5;334849;27/03/2026;ATUAL VEICULOS LTDA;1,33E+13;CRICIUMA;SC;27/03/2026;03/04/2026;02/04/2026;Entregue No Prazo;;Entrega realizada;Entrega Finalizada;3;4;27;3;TRANSTRY;24001;;;
MOBIS BRASIL FABRICACAO DE AUTO PECAS LT;RODOVIARIO;1484950;27/03/2026;3;334850;27/03/2026;ATUAL VEICULOS LTDA;1,33E+13;TUBARAO;SC;27/03/2026;03/04/2026;02/04/2026;Entregue No Prazo;;Entrega realizada;Entrega Finalizada;3;4;27;3;TRANSTRY;24001;;;
MOBIS BRASIL FABRICACAO DE AUTO PECAS LT;RODOVIARIO;1484893;27/03/2026;14;335029;27/03/2026;TAI MOTORS VEICULOS S/A;9,27E+12;VITORIA;ES;27/03/2026;03/04/2026;02/04/2026;Entregue No Prazo;;Entrega realizada;Entrega Finalizada;3;4;27;3;CAMILO;8002;;;
MOBIS BRASIL FABRICACAO DE AUTO PECAS LT;RODOVIARIO;1484894;27/03/2026;2;335025;27/03/2026;PRIME CACHOEIRO VEICULOS LTDA EPP;9,34E+12;CACHOEIRO DE ITAPEMIRIM;ES;27/03/2026;06/04/2026;02/04/2026;Entregue No Prazo;;Entrega realizada;Entrega Finalizada;6;4;27;3;CAMILO;8003;;;
MOBIS BRASIL FABRICACAO DE AUTO PECAS LT;RODOVIARIO;1484918;27/03/2026;1;335032;27/03/2026;ULSAN COMERCIO DE VEICULOS LTDA.;2,10E+13;CAMPO GRANDE;MS;27/03/2026;06/04/2026;02/04/2026;Entregue No Prazo;;Entrega realizada;Entrega Finalizada;6;4;27;3;CARVALIMA;12004;;;
MOBIS BRASIL FABRICACAO DE AUTO PECAS LT;RODOVIARIO;1484957;27/03/2026;1;334857;27/03/2026;CHINHAN AUTOMOVEIS LTDA.;2,41E+13;CACADOR;SC;27/03/2026;07/04/2026;02/04/2026;Entregue No Prazo;;Entrega realizada;Entrega Finalizada;7;4;27;3;TRANSTRY;24020;;;
MOBIS BRASIL FABRICACAO DE AUTO PECAS LT;RODOVIARIO;1484902;27/03/2026;2;334795;27/03/2026;URCA MOTORS VEICULOS LTDA;8,77E+12;RIO VERDE;GO;27/03/2026;08/04/2026;02/04/2026;Entregue No Prazo;;Entrega realizada;Entrega Finalizada;8;4;27;3;RIO VERMELHO;9014;;;
MOBIS BRASIL FABRICACAO DE AUTO PECAS LT;RODOVIARIO;1484885;27/03/2026;1;335020;27/03/2026;PATEO COMERCIO DE VEICULOS S A;7,78E+12;SALVADOR;BA;27/03/2026;08/04/2026;02/04/2026;Entregue No Prazo;;Entrega realizada;Entrega Finalizada;8;4;27;3;TERMACO;5003;;;
MOBIS BRASIL FABRICACAO DE AUTO PECAS LT;RODOVIARIO;1484901;27/03/2026;6;334786;27/03/2026;SAGA KOREA COM. DE VEIC. E PC. LTDA;1,27E+13;ANAPOLIS;GO;27/03/2026;09/04/2026;02/04/2026;Entregue No Prazo;;Entrega realizada;Entrega Finalizada;9;4;27;3;RIO VERMELHO;9012;;;
MOBIS BRASIL FABRICACAO DE AUTO PECAS LT;RODOVIARIO;1484921;27/03/2026;1;335033;27/03/2026;UNIQUE COMERCIO DE AUTOMOVEIS LTDA;1,74E+13;ANANINDEUA;PA;27/03/2026;09/04/2026;02/04/2026;Entregue No Prazo;;Entrega realizada;Entrega Finalizada;9;4;27;3;CARVALIMA;14003;;;
MOBIS BRASIL FABRICACAO DE AUTO PECAS LT;RODOVIARIO;1484904;27/03/2026;3;334794;27/03/2026;TRIAUTO KOREA AUTOMOVEIS LTDA;4,99E+13;CATALAO;GO;27/03/2026;10/04/2026;02/04/2026;Entregue No Prazo;;Entrega realizada;Entrega Finalizada;10;4;27;3;RIO VERMELHO;9018;;;
MOBIS BRASIL FABRICACAO DE AUTO PECAS LT;RODOVIARIO;1484922;27/03/2026;1;335018;27/03/2026;NACIONAL NOVA MARABA DIST DE VEIC. LTDA;1,70E+13;MARABA;PA;27/03/2026;10/04/2026;02/04/2026;Entregue No Prazo;;Entrega realizada;Entrega Finalizada;10;4;27;3;CARVALIMA;14005;;;
MOBIS BRASIL FABRICACAO DE AUTO PECAS LT;RODOVIARIO;1484945;27/03/2026;4;335027;27/03/2026;SAGA ASIA COM. DE VEIC.PC.E SERV. LTDA;2,14E+13;PORTO VELHO;RO;27/03/2026;10/04/2026;02/04/2026;Entregue No Prazo;;Entrega realizada;Entrega Finalizada;10;4;27;3;CARVALIMA;21003;;;
MOBIS BRASIL FABRICACAO DE AUTO PECAS LT;RODOVIARIO;1484926;27/03/2026;6;335000;27/03/2026;AUTORAC VEICULOS LTDA;1,06E+13;PETROLINA;PE;27/03/2026;14/04/2026;02/04/2026;Entregue No Prazo;;Entrega realizada;Entrega Finalizada;14;4;27;3;TERMACO;16001;;;
MOBIS BRASIL FABRICACAO DE AUTO PECAS LT;RODOVIARIO;1485758;30/03/2026;3;335072;30/03/2026;CAOA MOTOR DO BRASIL LTDA (VL PRUDENTE);1,68E+13;SAO PAULO;SP;30/03/2026;01/04/2026;02/04/2026;Entregue Fora do Prazo;;Entrega realizada;Entrega Finalizada;1;4;30;3;RISSO;26051;;;
MOBIS BRASIL FABRICACAO DE AUTO PECAS LT;RODOVIARIO;1485746;30/03/2026;2;335090;30/03/2026;NOBRE DISTRIBUIDORA DE VEICULOS E PECAS;5,76E+12;MOGI DAS CRUZES;SP;30/03/2026;01/04/2026;02/04/2026;Entregue Fora do Prazo;;Entrega realizada;Entrega Finalizada;1;4;30;3;RISSO;26004;;;
MOBIS BRASIL FABRICACAO DE AUTO PECAS LT;RODOVIARIO;1485762;30/03/2026;1;335068;30/03/2026;CAOA MOTOR DO BRASIL LTDA;1,68E+13;SAO CARLOS;SP;30/03/2026;02/04/2026;02/04/2026;Entregue No Prazo;;Entrega realizada;Entrega Finalizada;2;4;30;3;RISSO;5008;;;
MOBIS BRASIL FABRICACAO DE AUTO PECAS LT;RODOVIARIO;1485774;30/03/2026;16;335085;30/03/2026;NEW VEICULOS E PECAS LTDA;1,59E+13;SERTAOZINHO;SP;30/03/2026;03/04/2026;02/04/2026;Entregue No Prazo;;Entrega realizada;Entrega Finalizada;3;4;30;3;RISSO;26014;;;
MOBIS BRASIL FABRICACAO DE AUTO PECAS LT;RODOVIARIO;1486297;30/03/2026;31;335087;30/03/2026;NEW VEICULOS E PECAS LTDA;1,59E+13;BARRETOS;SP;30/03/2026;03/04/2026;02/04/2026;Entregue No Prazo;;Entrega realizada;Entrega Finalizada;3;4;30;3;RISSO;26014;;;
MOBIS BRASIL FABRICACAO DE AUTO PECAS LT;RODOVIARIO;1485730;30/03/2026;9;335106;30/03/2026;HOUSE PARTS-COM. DE PCS. E VEICULOS LTDA;1,15E+13;PORTO ALEGRE;RS;30/03/2026;03/04/2026;02/04/2026;Entregue No Prazo;;Entrega realizada;Entrega Finalizada;3;4;30;3;TRANSTRY;23004;;;
MOBIS BRASIL FABRICACAO DE AUTO PECAS LT;RODOVIARIO;1485729;30/03/2026;1;335106;30/03/2026;HOUSE PARTS-COM. DE PCS. E VEICULOS LTDA;1,15E+13;PORTO ALEGRE;RS;30/03/2026;03/04/2026;02/04/2026;Entregue No Prazo;;Entrega realizada;Entrega Finalizada;3;4;30;3;TRANSTRY;23004;;;
MOBIS BRASIL FABRICACAO DE AUTO PECAS LT;RODOVIARIO;1485721;30/03/2026;1;335116;30/03/2026;CAOA MOTOR DO BRASIL LTDA;1,68E+13;NITEROI;RJ;30/03/2026;03/04/2026;02/04/2026;Entregue No Prazo;;Entrega realizada;Entrega Finalizada;3;4;30;3;CAMILO;5008;;;
MOBIS BRASIL FABRICACAO DE AUTO PECAS LT;RODOVIARIO;1485718;30/03/2026;1;335117;30/03/2026;CAOA MOTOR DO BRASIL LTDA;1,68E+13;RIO DE JANEIRO;RJ;30/03/2026;03/04/2026;02/04/2026;Entregue No Prazo;;Entrega realizada;Entrega Finalizada;3;4;30;3;CAMILO;5008;;;
MOBIS BRASIL FABRICACAO DE AUTO PECAS LT;RODOVIARIO;1485723;30/03/2026;1;335118;30/03/2026;CAOA MOTOR DO BRASIL LTDA;1,68E+13;RIO DE JANEIRO;RJ;30/03/2026;03/04/2026;02/04/2026;Entregue No Prazo;;Entrega realizada;Entrega Finalizada;3;4;30;3;CAMILO;5008;;;
MOBIS BRASIL FABRICACAO DE AUTO PECAS LT;RODOVIARIO;1485717;30/03/2026;3;335128;30/03/2026;ITAVEMA MOTORS VEICULOS LTDA;7,73E+12;DUQUE DE CAXIAS;RJ;30/03/2026;03/04/2026;02/04/2026;Entregue No Prazo;;Entrega realizada;Entrega Finalizada;3;4;30;3;CAMILO;19001;;;
MOBIS BRASIL FABRICACAO DE AUTO PECAS LT;RODOVIARIO;1486218;30/03/2026;3;335129;30/03/2026;ITAVEMA MOTORS VEICULOS LTDA;7,73E+12;RIO DE JANEIRO;RJ;30/03/2026;03/04/2026;02/04/2026;Entregue No Prazo;;Entrega realizada;Entrega Finalizada;3;4;30;3;CAMILO;19001;;;
MOBIS BRASIL FABRICACAO DE AUTO PECAS LT;RODOVIARIO;1486226;30/03/2026;3;335129;30/03/2026;ITAVEMA MOTORS VEICULOS LTDA;7,73E+12;RIO DE JANEIRO;RJ;30/03/2026;03/04/2026;02/04/2026;Entregue No Prazo;;Entrega realizada;Entrega Finalizada;3;4;30;3;CAMILO;19001;;;
MOBIS BRASIL FABRICACAO DE AUTO PECAS LT;RODOVIARIO;1485739;30/03/2026;94;335096;30/03/2026;BARI VEICULOS LTDA;7,46E+12;BLUMENAU;SC;30/03/2026;06/04/2026;02/04/2026;Entregue No Prazo;;Entrega realizada;Entrega Finalizada;6;4;30;3;TRANSTRY;18024;;;
MOBIS BRASIL FABRICACAO DE AUTO PECAS LT;RODOVIARIO;1485738;30/03/2026;5;335096;30/03/2026;BARI VEICULOS LTDA;7,46E+12;BLUMENAU;SC;30/03/2026;06/04/2026;02/04/2026;Entregue No Prazo;;Entrega realizada;Entrega Finalizada;6;4;30;3;TRANSTRY;18024;;;
MOBIS BRASIL FABRICACAO DE AUTO PECAS LT;RODOVIARIO;1485737;30/03/2026;1;335108;30/03/2026;LR COMERCIO DE VEICULOS LTDA;1,05E+13;SAO JOSE;SC;30/03/2026;06/04/2026;02/04/2026;Entregue No Prazo;;Entrega realizada;Entrega Finalizada;6;4;30;3;TRANSTRY;24007;;;
MOBIS BRASIL FABRICACAO DE AUTO PECAS LT;RODOVIARIO;1485713;30/03/2026;1;335109;30/03/2026;SANTA FE VEICULOS LTDA.;1,16E+13;FRANCISCO BELTRAO;PR;30/03/2026;06/04/2026;02/04/2026;Entregue No Prazo;;Entrega realizada;Entrega Finalizada;6;4;30;3;TRANSTRY;18010;;;
MOBIS BRASIL FABRICACAO DE AUTO PECAS LT;RODOVIARIO;1485712;30/03/2026;2;335109;30/03/2026;SANTA FE VEICULOS LTDA.;1,16E+13;FRANCISCO BELTRAO;PR;30/03/2026;06/04/2026;02/04/2026;Entregue No Prazo;;Entrega realizada;Entrega Finalizada;6;4;30;3;TRANSTRY;18010;;;
MOBIS BRASIL FABRICACAO DE AUTO PECAS LT;RODOVIARIO;1485724;30/03/2026;1;335133;30/03/2026;MONTREAL VEICULOS E PECAS LTDA;1,68E+13;SAO PEDRO DA ALDEIA;RJ;30/03/2026;06/04/2026;02/04/2026;Entregue No Prazo;;Entrega realizada;Entrega Finalizada;6;4;30;3;CAMILO;19030;;;
MOBIS BRASIL FABRICACAO DE AUTO PECAS LT;RODOVIARIO;1485722;30/03/2026;9;335148;30/03/2026;TAI MOTORS VEICULOS S/A.;9,27E+12;CAMPOS DOS GOYTACAZES;RJ;30/03/2026;06/04/2026;02/04/2026;Entregue No Prazo;;Entrega realizada;Entrega Finalizada;6;4;30;3;CAMILO;19023;;;
MOBIS BRASIL FABRICACAO DE AUTO PECAS LT;RODOVIARIO;1485684;30/03/2026;26;335052;30/03/2026;SAGA KOREA COM. DE VEIC. E PC. LTDA;1,27E+13;GOIANIA;GO;30/03/2026;07/04/2026;02/04/2026;Entregue No Prazo;;Entrega realizada;Entrega Finalizada;7;4;30;3;RIO VERMELHO;9011;;;
MOBIS BRASIL FABRICACAO DE AUTO PECAS LT;RODOVIARIO;1485683;30/03/2026;2;335052;30/03/2026;SAGA KOREA COM. DE VEIC. E PC. LTDA;1,27E+13;GOIANIA;GO;30/03/2026;07/04/2026;02/04/2026;Entregue No Prazo;;Entrega realizada;Entrega Finalizada;7;4;30;3;RIO VERMELHO;9011;;;
MOBIS BRASIL FABRICACAO DE AUTO PECAS LT;RODOVIARIO;1485741;30/03/2026;3;335098;30/03/2026;BARI VEICULOS LTDA;7,46E+12;BALNEARIO CAMBORIU;SC;30/03/2026;07/04/2026;02/04/2026;Entregue No Prazo;;Entrega realizada;Entrega Finalizada;7;4;30;3;TRANSTRY;18024;;;
MOBIS BRASIL FABRICACAO DE AUTO PECAS LT;RODOVIARIO;1485743;30/03/2026;4;335102;30/03/2026;CHINHAN AUTOMOVEIS LTDA.;2,41E+13;CACADOR;SC;30/03/2026;08/04/2026;02/04/2026;Entregue No Prazo;;Entrega realizada;Entrega Finalizada;8;4;30;3;TRANSTRY;24020;;;
MOBIS BRASIL FABRICACAO DE AUTO PECAS LT;RODOVIARIO;1486160;30/03/2026;8;335145;30/03/2026;SAGA ASIA COM. DE VEIC.PC.E SERV. LTDA;2,23E+13;VARZEA GRANDE;MT;30/03/2026;08/04/2026;02/04/2026;Entregue No Prazo;;Entrega realizada;Entrega Finalizada;8;4;30;3;CARVALIMA;13004;;;
MOBIS BRASIL FABRICACAO DE AUTO PECAS LT;RODOVIARIO;1485700;30/03/2026;4;335121;30/03/2026;COMETA MATO GROSSO COM. DE VEICULOS LTDA;1,54E+13;RONDONOPOLIS;MT;30/03/2026;09/04/2026;02/04/2026;Entregue No Prazo;;Entrega realizada;Entrega Finalizada;9;4;30;3;CARVALIMA;13006;;;
MOBIS BRASIL FABRICACAO DE AUTO PECAS LT;RODOVIARIO;1486805;31/03/2026;1;335365;31/03/2026;CAOA MOTOR DO BRASIL LTDA (IPIRANGA);1,68E+13;SAO PAULO;SP;31/03/2026;02/04/2026;02/04/2026;Entregue No Prazo;;Entrega realizada;Entrega Finalizada;2;4;31;3;RISSO;26054;;;
MOBIS BRASIL FABRICACAO DE AUTO PECAS LT;RODOVIARIO;1486807;31/03/2026;1;335366;31/03/2026;DESTAQUE SEUL DISTR. DE VEIC. E PC. LTDA;2,12E+13;BRAGANCA PAULISTA;SP;31/03/2026;03/04/2026;02/04/2026;Entregue No Prazo;;Entrega realizada;Entrega Finalizada;3;4;31;3;RISSO;26074;;;
MOBIS BRASIL FABRICACAO DE AUTO PECAS LT;RODOVIARIO;1486797;31/03/2026;9;335369;31/03/2026;DHC COMERCIO DE VEICULOS E PECAS LTDA;9,52E+12;BAURU;SP;31/03/2026;03/04/2026;02/04/2026;Entregue No Prazo;;Entrega realizada;Entrega Finalizada;3;4;31;3;RISSO;26010;;;
MOBIS BRASIL FABRICACAO DE AUTO PECAS LT;RODOVIARIO;1486739;31/03/2026;2;335381;31/03/2026;BDG AUTOVILLE VEICULOS LTDA;4,77E+13;CONTAGEM;MG;31/03/2026;03/04/2026;02/04/2026;Entregue No Prazo;;Entrega realizada;Entrega Finalizada;3;4;31;3;XD BETIM;11037;;;
MOBIS BRASIL FABRICACAO DE AUTO PECAS LT;RODOVIARIO;1486735;31/03/2026;28;335389;31/03/2026;TAI MOTORS VEICULOS S/A;9,27E+12;BELO HORIZONTE;MG;31/03/2026;03/04/2026;02/04/2026;Entregue No Prazo;;Entrega realizada;Entrega Finalizada;3;4;31;3;XD BETIM;8002;;;
MOBIS BRASIL FABRICACAO DE AUTO PECAS LT;RODOVIARIO;1486760;31/03/2026;1;335400;31/03/2026;BARI VEICULOS LTDA;7,46E+12;CURITIBA;PR;31/03/2026;03/04/2026;02/04/2026;Entregue No Prazo;;Entrega realizada;Entrega Finalizada;3;4;31;3;TRANSTRY;18024;;;
MOBIS BRASIL FABRICACAO DE AUTO PECAS LT;RODOVIARIO;1486761;31/03/2026;3;335400;31/03/2026;BARI VEICULOS LTDA;7,46E+12;CURITIBA;PR;31/03/2026;03/04/2026;02/04/2026;Entregue No Prazo;;Entrega realizada;Entrega Finalizada;3;4;31;3;TRANSTRY;18024;;;
MOBIS BRASIL FABRICACAO DE AUTO PECAS LT;RODOVIARIO;1486759;31/03/2026;3;335403;31/03/2026;BARI VEICULOS LTDA.;7,46E+12;CURITIBA;PR;31/03/2026;03/04/2026;02/04/2026;Entregue No Prazo;;Entrega realizada;Entrega Finalizada;3;4;31;3;TRANSTRY;18029;;;
MOBIS BRASIL FABRICACAO DE AUTO PECAS LT;RODOVIARIO;1486756;31/03/2026;9;335417;31/03/2026;SEVEC VEICULOS LTDA;5,68E+11;CURITIBA;PR;31/03/2026;03/04/2026;02/04/2026;Entregue No Prazo;;Entrega realizada;Entrega Finalizada;3;4;31;3;TRANSTRY;18012;;;
MOBIS BRASIL FABRICACAO DE AUTO PECAS LT;RODOVIARIO;1486734;31/03/2026;3;335394;31/03/2026;URCA MOTORS VEICULOS LTDA;8,77E+12;UBERABA;MG;31/03/2026;06/04/2026;02/04/2026;Entregue No Prazo;;Entrega realizada;Entrega Finalizada;6;4;31;3;XD BETIM;9014;;;
MOBIS BRASIL FABRICACAO DE AUTO PECAS LT;RODOVIARIO;1486736;31/03/2026;2;335396;31/03/2026;VIME POCOS COM. DE VEICULOS E PECAS LTDA;3,43E+13;POCOS DE CALDAS;MG;31/03/2026;06/04/2026;02/04/2026;Entregue No Prazo;;Entrega realizada;Entrega Finalizada;6;4;31;3;XD BETIM;11033;;;
MOBIS BRASIL FABRICACAO DE AUTO PECAS LT;RODOVIARIO;1487591;01/04/2026;1;335601;01/04/2026;BILLY DISTRIBUIDORA DE VEICULOS LTDA;1,34E+13;BARUERI;SP;01/04/2026;03/04/2026;02/04/2026;Entregue No Prazo;;Entrega realizada;Entrega Finalizada;3;4;1;4;RISSO;26003;;;
MOBIS BRASIL FABRICACAO DE AUTO PECAS LT;RODOVIARIO;1487607;01/04/2026;2;335603;01/04/2026;CAOA MOTOR DO BRASIL LTDA (INDIANOPOLIS);1,68E+13;SAO PAULO;SP;01/04/2026;03/04/2026;02/04/2026;Entregue No Prazo;;Entrega realizada;Entrega Finalizada;3;4;1;4;RISSO;26091;;;
MOBIS BRASIL FABRICACAO DE AUTO PECAS LT;RODOVIARIO;1487606;01/04/2026;10;335607;01/04/2026;GRANDAY AUTOMOTORES LTDA (CHAC. CALIFOR);1,57E+13;SAO PAULO;SP;01/04/2026;03/04/2026;02/04/2026;Entregue No Prazo;;Entrega realizada;Entrega Finalizada;3;4;1;4;RISSO;26090;;;
MOBIS BRASIL FABRICACAO DE AUTO PECAS LT;RODOVIARIO;1487599;01/04/2026;6;335597;01/04/2026;ANDRETA II DISTRIB.DE VEICULOS LTDA.;9,10E+12;JUNDIAI;SP;01/04/2026;06/04/2026;02/04/2026;Entregue No Prazo;;Entrega realizada;Entrega Finalizada;6;4;1;4;RISSO;26040;;;
MOBIS BRASIL FABRICACAO DE AUTO PECAS LT;RODOVIARIO;1487595;01/04/2026;2;335598;01/04/2026;ANDRETA II DISTRIBUIDORA DE VEIC. LTDA;9,10E+12;CAMPINAS;SP;01/04/2026;06/04/2026;02/04/2026;Entregue No Prazo;;Entrega realizada;Entrega Finalizada;6;4;1;4;RISSO;26011;;;
MOBIS BRASIL FABRICACAO DE AUTO PECAS LT;RODOVIARIO;1487596;01/04/2026;60;335598;01/04/2026;ANDRETA II DISTRIBUIDORA DE VEIC. LTDA;9,10E+12;CAMPINAS;SP;01/04/2026;06/04/2026;02/04/2026;Entregue No Prazo;;Entrega realizada;Entrega Finalizada;6;4;1;4;RISSO;26011;;;
MOBIS BRASIL FABRICACAO DE AUTO PECAS LT;RODOVIARIO;1487602;01/04/2026;2;335600;01/04/2026;ANDRETA II DISTRIBUIDORA DE VEIC. LTDA;9,10E+12;INDAIATUBA;SP;01/04/2026;06/04/2026;02/04/2026;Entregue No Prazo;;Entrega realizada;Entrega Finalizada;6;4;1;4;RISSO;26011;;;
MOBIS BRASIL FABRICACAO DE AUTO PECAS LT;RODOVIARIO;1487594;01/04/2026;2;335606;01/04/2026;DHC COMERCIO DE VEICULOS E PECAS LTDA;9,52E+12;BAURU;SP;01/04/2026;06/04/2026;02/04/2026;Entregue No Prazo;;Entrega realizada;Entrega Finalizada;6;4;1;4;RISSO;26010;;;
MOBIS BRASIL FABRICACAO DE AUTO PECAS LT;RODOVIARIO;1487593;01/04/2026;1;335606;01/04/2026;DHC COMERCIO DE VEICULOS E PECAS LTDA;9,52E+12;BAURU;SP;01/04/2026;06/04/2026;02/04/2026;Entregue No Prazo;;Entrega realizada;Entrega Finalizada;6;4;1;4;RISSO;26010;;;
MOBIS BRASIL FABRICACAO DE AUTO PECAS LT;RODOVIARIO;1487608;01/04/2026;1;335608;01/04/2026;H - CAMINHO AUTOMOVEIS LTDA;2,53E+13;CATANDUVA;SP;01/04/2026;07/04/2026;02/04/2026;Entregue No Prazo;;Entrega realizada;Entrega Finalizada;7;4;1;4;RISSO;26092;;;
MOBIS BRASIL FABRICACAO DE AUTO PECAS LT;RODOVIARIO;1487590;01/04/2026;5;335610;01/04/2026;HYMAX DISTRIBUIDORA DE VEICULOS LTDA;1,73E+13;MOGI GUACU;SP;01/04/2026;07/04/2026;02/04/2026;Entregue No Prazo;;Entrega realizada;Entrega Finalizada;7;4;1;4;RISSO;26002;;;
MOBIS BRASIL FABRICACAO DE AUTO PECAS LT;RODOVIARIO;1484130;26/03/2026;1;334755;26/03/2026;PATEO COMERCIO DE VEICULOS S A;7,78E+12;SAO LUIS;MA;26/03/2026;10/04/2026;04/04/2026;Entregue No Prazo;;Entrega realizada;Entrega Finalizada;10;4;26;3;TERMACO;10002;;;
MOBIS BRASIL FABRICACAO DE AUTO PECAS LT;RODOVIARIO;1484932;27/03/2026;1;334866;27/03/2026;VETOR AUTOMOVEIS LTDA;2,12E+13;FOZ DO IGUACU;PR;27/03/2026;06/04/2026;04/04/2026;Entregue No Prazo;;Entrega realizada;Entrega Finalizada;6;4;27;3;TRANSTRY;18019;;;
MOBIS BRASIL FABRICACAO DE AUTO PECAS LT;RODOVIARIO;1486181;30/03/2026;40;335086;30/03/2026;NEW VEICULOS E PECAS LTDA;1,59E+13;RIBEIRAO PRETO;SP;30/03/2026;02/04/2026;04/04/2026;Entregue Fora do Prazo;;Entrega realizada;Entrega Finalizada;2;4;30;3;RISSO;26014;;;
MOBIS BRASIL FABRICACAO DE AUTO PECAS LT;RODOVIARIO;1485699;30/03/2026;6;335122;30/03/2026;COMETA MATO GROSSO COM. DE VEICULOS LTDA;1,54E+13;SINOP;MT;30/03/2026;09/04/2026;04/04/2026;Entregue No Prazo;;Entrega realizada;Entrega Finalizada;9;4;30;3;CARVALIMA;13003;;;
MOBIS BRASIL FABRICACAO DE AUTO PECAS LT;RODOVIARIO;1487159;31/03/2026;61;335375;31/03/2026;NEW VEICULOS E PECAS LTDA;1,59E+13;RIBEIRAO PRETO;SP;31/03/2026;03/04/2026;04/04/2026;Entregue No Prazo;;Entrega realizada;Entrega Finalizada;3;4;31;3;RISSO;26014;;;
MOBIS BRASIL FABRICACAO DE AUTO PECAS LT;RODOVIARIO;1486742;31/03/2026;1;335542;31/03/2026;COMETA MATO GROSSO COM. DE VEICULOS LTDA;1,54E+13;SINOP;MT;31/03/2026;10/04/2026;04/04/2026;Entregue No Prazo;;Entrega realizada;Entrega Finalizada;10;4;31;3;CARVALIMA;13003;;;
MOBIS BRASIL FABRICACAO DE AUTO PECAS LT;RODOVIARIO;1488035;01/04/2026;2;335599;01/04/2026;ANDRETA II DISTRIBUIDORA DE VEIC. LTDA;9,10E+12;AMERICANA;SP;01/04/2026;06/04/2026;04/04/2026;Entregue No Prazo;;Entrega realizada;Entrega Finalizada;6;4;1;4;RISSO;26011;;;
MOBIS BRASIL FABRICACAO DE AUTO PECAS LT;RODOVIARIO;1488029;01/04/2026;100;335612;01/04/2026;NEW VEICULOS E PECAS LTDA;1,59E+13;RIBEIRAO PRETO;SP;01/04/2026;06/04/2026;04/04/2026;Entregue No Prazo;;Entrega realizada;Entrega Finalizada;6;4;1;4;RISSO;26014;;;
MOBIS BRASIL FABRICACAO DE AUTO PECAS LT;RODOVIARIO;1471278;28/02/2026;5;330383;28/02/2026;SANTA FE VEICULOS LTDA.;1,16E+13;FRANCISCO BELTRAO;PR;28/02/2026;09/03/2026;06/04/2026;Entregue Fora do Prazo;;Entrega realizada;Entrega Finalizada;9;3;28;2;TRANSTRY;18010;;;
MOBIS BRASIL FABRICACAO DE AUTO PECAS LT;RODOVIARIO;1480208;19/03/2026;3;333513;19/03/2026;PRIVILLEGE DISTRIBUIDORA DE VEICULOS LTD;1,72E+13;PALMAS;TO;19/03/2026;30/03/2026;06/04/2026;Entregue Fora do Prazo;;Entrega realizada;Entrega Finalizada;30;3;19;3;RIO VERMELHO;27003;;;
MOBIS BRASIL FABRICACAO DE AUTO PECAS LT;RODOVIARIO;1480207;19/03/2026;1;333513;19/03/2026;PRIVILLEGE DISTRIBUIDORA DE VEICULOS LTD;1,72E+13;PALMAS;TO;19/03/2026;30/03/2026;06/04/2026;Entregue Fora do Prazo;;Entrega realizada;Entrega Finalizada;30;3;19;3;RIO VERMELHO;27003;;;
MOBIS BRASIL FABRICACAO DE AUTO PECAS LT;RODOVIARIO;1480151;19/03/2026;3;333591;19/03/2026;SAINT LAND COM DE VEICULOS S A;1,04E+13;MOSSORO;RN;19/03/2026;06/04/2026;06/04/2026;Entregue No Prazo;;Entrega realizada;Entrega Finalizada;6;4;19;3;TERMACO;20002;;;
MOBIS BRASIL FABRICACAO DE AUTO PECAS LT;RODOVIARIO;1472889;04/03/2026;5;333877;20/03/2026;BILLY DISTRIBUIDORA DE VEICULOS LTDA;1,34E+13;SAO CAETANO DO SUL;SP;20/03/2026;24/03/2026;06/04/2026;Entregue Fora do Prazo;Avaria;Entrega realizada;Entrega Finalizada;24;3;20;3;RISSO;26003;;;
MOBIS BRASIL FABRICACAO DE AUTO PECAS LT;RODOVIARIO;1480878;20/03/2026;3;333700;20/03/2026;JPN COMERCIO DE AUTOMOVEIS LTDA;2,61E+13;GARANHUNS;PE;20/03/2026;07/04/2026;06/04/2026;Entregue No Prazo;;Entrega realizada;Entrega Finalizada;7;4;20;3;TERMACO;16009;;;
MOBIS BRASIL FABRICACAO DE AUTO PECAS LT;RODOVIARIO;1482614;24/03/2026;2;334179;24/03/2026;PRIME VILA VELHA VEICULOS LTDA.;2,14E+13;VILA VELHA;ES;24/03/2026;31/03/2026;06/04/2026;Entregue Fora do Prazo;;Entrega realizada;Entrega Finalizada;31;3;24;3;CAMILO;8005;;;
MOBIS BRASIL FABRICACAO DE AUTO PECAS LT;RODOVIARIO;1482716;24/03/2026;6;334138;24/03/2026;PRIVILLEGE DISTRIBUIDORA DE VEICULOS LTD;1,72E+13;ARAGUAINA;TO;24/03/2026;07/04/2026;06/04/2026;Entregue No Prazo;;Entrega realizada;Entrega Finalizada;7;4;24;3;RIO VERMELHO;27002;;;
MOBIS BRASIL FABRICACAO DE AUTO PECAS LT;RODOVIARIO;1482597;24/03/2026;9;334159;24/03/2026;CYCOSA AUTOMOVEIS LTDA;4,76E+12;MACEIO;AL;24/03/2026;07/04/2026;06/04/2026;Entregue No Prazo;;Entrega realizada;Entrega Finalizada;7;4;24;3;TERMACO;2001;;;
MOBIS BRASIL FABRICACAO DE AUTO PECAS LT;RODOVIARIO;1482638;24/03/2026;2;334174;24/03/2026;PATEO COMERCIO DE VEICULOS S A;7,78E+12;JOAO PESSOA;PB;24/03/2026;08/04/2026;06/04/2026;Entregue No Prazo;;Entrega realizada;Entrega Finalizada;8;4;24;3;TERMACO;15003;;;
MOBIS BRASIL FABRICACAO DE AUTO PECAS LT;RODOVIARIO;1482666;24/03/2026;8;334182;24/03/2026;SAINT LAND COMERCIO DE VEICULOS LTDA;1,04E+13;NATAL;RN;24/03/2026;08/04/2026;06/04/2026;Entregue No Prazo;;Entrega realizada;Entrega Finalizada;8;4;24;3;TERMACO;6010;;;
MOBIS BRASIL FABRICACAO DE AUTO PECAS LT;RODOVIARIO;1482641;24/03/2026;5;334169;24/03/2026;JPN COMERCIO DE AUTOMOVEIS LTDA;2,61E+13;GARANHUNS;PE;24/03/2026;09/04/2026;06/04/2026;Entregue No Prazo;;Entrega realizada;Entrega Finalizada;9;4;24;3;TERMACO;16009;;;
MOBIS BRASIL FABRICACAO DE AUTO PECAS LT;RODOVIARIO;1484005;25/03/2026;34;334375;25/03/2026;NEW VEICULOS E PECAS LTDA;1,59E+13;RIBEIRAO PRETO;SP;25/03/2026;30/03/2026;06/04/2026;Entregue Fora do Prazo;;Entrega realizada;Entrega Finalizada;30;3;25;3;RISSO;26014;;;
MOBIS BRASIL FABRICACAO DE AUTO PECAS LT;RODOVIARIO;1484004;25/03/2026;15;334376;25/03/2026;NEW VEICULOS E PECAS LTDA;1,59E+13;RIBEIRAO PRETO;SP;25/03/2026;30/03/2026;06/04/2026;Entregue Fora do Prazo;;Entrega realizada;Entrega Finalizada;30;3;25;3;RISSO;26014;;;
MOBIS BRASIL FABRICACAO DE AUTO PECAS LT;RODOVIARIO;1483486;25/03/2026;10;334513;25/03/2026;PATEO COMERCIO DE VEICULOS S A;7,78E+12;SALVADOR;BA;25/03/2026;06/04/2026;06/04/2026;Entregue No Prazo;;Entrega realizada;Entrega Finalizada;6;4;25;3;TERMACO;5003;;;
MOBIS BRASIL FABRICACAO DE AUTO PECAS LT;RODOVIARIO;1483483;25/03/2026;3;334508;25/03/2026;CYCOSA AUTOMOVEIS LTDA;4,76E+12;MACEIO;AL;25/03/2026;08/04/2026;06/04/2026;Entregue No Prazo;;Entrega realizada;Entrega Finalizada;8;4;25;3;TERMACO;2001;;;
MOBIS BRASIL FABRICACAO DE AUTO PECAS LT;RODOVIARIO;1483482;25/03/2026;1;334508;25/03/2026;CYCOSA AUTOMOVEIS LTDA;4,76E+12;MACEIO;AL;25/03/2026;08/04/2026;06/04/2026;Entregue No Prazo;;Entrega realizada;Entrega Finalizada;8;4;25;3;TERMACO;2001;;;
MOBIS BRASIL FABRICACAO DE AUTO PECAS LT;RODOVIARIO;1483487;25/03/2026;4;334509;25/03/2026;FAZZA MOTORS COM. DE VEICULOS LTDA;1,24E+13;FORTALEZA;CE;25/03/2026;08/04/2026;06/04/2026;Entregue No Prazo;;Entrega realizada;Entrega Finalizada;8;4;25;3;TERMACO;6001;;;
MOBIS BRASIL FABRICACAO DE AUTO PECAS LT;RODOVIARIO;1483509;25/03/2026;2;334517;25/03/2026;SAINT LAND COMERCIO DE VEICULOS LTDA;1,04E+13;NATAL;RN;25/03/2026;09/04/2026;06/04/2026;Entregue No Prazo;;Entrega realizada;Entrega Finalizada;9;4;25;3;TERMACO;6010;;;
MOBIS BRASIL FABRICACAO DE AUTO PECAS LT;RODOVIARIO;1484750;26/03/2026;16;334650;26/03/2026;NEW VEICULOS E PECAS LTDA;1,59E+13;RIBEIRAO PRETO;SP;26/03/2026;31/03/2026;06/04/2026;Entregue Fora do Prazo;;Entrega realizada;Entrega Finalizada;31;3;26;3;RISSO;26014;;;
MOBIS BRASIL FABRICACAO DE AUTO PECAS LT;RODOVIARIO;1484122;26/03/2026;1;334763;26/03/2026;TAI MOTORS VEICULOS S/A;9,27E+12;COLATINA;ES;26/03/2026;03/04/2026;06/04/2026;Entregue No Prazo;;Entrega realizada;Entrega Finalizada;3;4;26;3;CAMILO;8002;;;
MOBIS BRASIL FABRICACAO DE AUTO PECAS LT;RODOVIARIO;1484110;26/03/2026;30;334754;26/03/2026;PATEO COMERCIO DE VEICULOS S A;7,78E+12;SALVADOR;BA;26/03/2026;07/04/2026;06/04/2026;Entregue No Prazo;;Entrega realizada;Entrega Finalizada;7;4;26;3;TERMACO;5003;;;
MOBIS BRASIL FABRICACAO DE AUTO PECAS LT;RODOVIARIO;1484106;26/03/2026;9;334736;26/03/2026;CYCOSA AUTOMOVEIS LTDA;4,76E+12;MACEIO;AL;26/03/2026;09/04/2026;06/04/2026;Entregue No Prazo;;Entrega realizada;Entrega Finalizada;9;4;26;3;TERMACO;2001;;;
MOBIS BRASIL FABRICACAO DE AUTO PECAS LT;RODOVIARIO;1484115;26/03/2026;2;334737;26/03/2026;FAZZA MOTORS COM. DE VEICULOS LTDA;1,24E+13;FORTALEZA;CE;26/03/2026;09/04/2026;06/04/2026;Entregue No Prazo;;Entrega realizada;Entrega Finalizada;9;4;26;3;TERMACO;6001;;;
MOBIS BRASIL FABRICACAO DE AUTO PECAS LT;RODOVIARIO;1484116;26/03/2026;57;334738;26/03/2026;FAZZA MOTORS COMERCIO DE VEICULOS LTDA;1,24E+13;FORTALEZA;CE;26/03/2026;09/04/2026;06/04/2026;Entregue No Prazo;;Entrega realizada;Entrega Finalizada;9;4;26;3;TERMACO;5007;;;
MOBIS BRASIL FABRICACAO DE AUTO PECAS LT;RODOVIARIO;1484892;27/03/2026;7;335034;27/03/2026;VIA BRASIL AUTOMOVEIS LTDA.;4,72E+12;SERRA;ES;27/03/2026;03/04/2026;06/04/2026;Entregue No Prazo;;Entrega realizada;Entrega Finalizada;3;4;27;3;CAMILO;8001;;;
MOBIS BRASIL FABRICACAO DE AUTO PECAS LT;RODOVIARIO;1484919;27/03/2026;1;335014;27/03/2026;JPG MOTORS COMERCIO DE VEICULOS LTDA;2,91E+13;CAMPO GRANDE;MS;27/03/2026;06/04/2026;06/04/2026;Entregue No Prazo;;Entrega realizada;Entrega Finalizada;6;4;27;3;CARVALIMA;12005;;;
MOBIS BRASIL FABRICACAO DE AUTO PECAS LT;RODOVIARIO;1484895;27/03/2026;5;335024;27/03/2026;PRIME CACHOEIRO VEICULOS LTDA;9,34E+12;LINHARES;ES;27/03/2026;06/04/2026;06/04/2026;Entregue No Prazo;;Entrega realizada;Entrega Finalizada;6;4;27;3;CAMILO;8004;;;
MOBIS BRASIL FABRICACAO DE AUTO PECAS LT;RODOVIARIO;1484896;27/03/2026;5;335030;27/03/2026;TAI MOTORS VEICULOS S/A;9,27E+12;COLATINA;ES;27/03/2026;06/04/2026;06/04/2026;Entregue No Prazo;;Entrega realizada;Entrega Finalizada;6;4;27;3;CAMILO;8002;;;
MOBIS BRASIL FABRICACAO DE AUTO PECAS LT;RODOVIARIO;1484887;27/03/2026;20;335007;27/03/2026;FAZZA MOTORS COMERCIO DE VEICULOS LTDA;1,24E+13;SALVADOR;BA;27/03/2026;08/04/2026;06/04/2026;Entregue No Prazo;;Entrega realizada;Entrega Finalizada;8;4;27;3;TERMACO;5007;;;
MOBIS BRASIL FABRICACAO DE AUTO PECAS LT;RODOVIARIO;1484886;27/03/2026;2;335007;27/03/2026;FAZZA MOTORS COMERCIO DE VEICULOS LTDA;1,24E+13;SALVADOR;BA;27/03/2026;08/04/2026;06/04/2026;Entregue No Prazo;;Entrega realizada;Entrega Finalizada;8;4;27;3;TERMACO;5007;;;
MOBIS BRASIL FABRICACAO DE AUTO PECAS LT;RODOVIARIO;1484889;27/03/2026;1;335005;27/03/2026;FAZZA MOTORS COM. DE VEICULOS LTDA;1,24E+13;FORTALEZA;CE;27/03/2026;10/04/2026;06/04/2026;Entregue No Prazo;;Entrega realizada;Entrega Finalizada;10;4;27;3;TERMACO;6001;;;
MOBIS BRASIL FABRICACAO DE AUTO PECAS LT;RODOVIARIO;1484890;27/03/2026;55;335006;27/03/2026;FAZZA MOTORS COMERCIO DE VEICULOS LTDA;1,24E+13;FORTALEZA;CE;27/03/2026;10/04/2026;06/04/2026;Entregue No Prazo;;Entrega realizada;Entrega Finalizada;10;4;27;3;TERMACO;5007;;;
MOBIS BRASIL FABRICACAO DE AUTO PECAS LT;RODOVIARIO;1484943;27/03/2026;2;335028;27/03/2026;SAINT LAND COMERCIO DE VEICULOS LTDA;1,04E+13;NATAL;RN;27/03/2026;13/04/2026;06/04/2026;Entregue No Prazo;;Entrega realizada;Entrega Finalizada;13;4;27;3;TERMACO;6010;;;
MOBIS BRASIL FABRICACAO DE AUTO PECAS LT;RODOVIARIO;1484924;27/03/2026;2;335015;27/03/2026;JPN PATOS COMERCIO DE VEICULOS LTDA;4,20E+13;PATOS;PB;27/03/2026;14/04/2026;06/04/2026;Entregue No Prazo;;Entrega realizada;Entrega Finalizada;14;4;27;3;TERMACO;15004;;;
MOBIS BRASIL FABRICACAO DE AUTO PECAS LT;RODOVIARIO;1484944;27/03/2026;1;335003;27/03/2026;COMETA JI PARANA COM. DE VEIC. LTDA;4,23E+12;JIPARANA;RO;27/03/2026;15/04/2026;06/04/2026;Entregue No Prazo;;Entrega realizada;Entrega Finalizada;15;4;27;3;CARVALIMA;21002;;;
MOBIS BRASIL FABRICACAO DE AUTO PECAS LT;RODOVIARIO;1485731;30/03/2026;1;335101;30/03/2026;CARWAY SUL VEICULOS LTDA;1,03E+13;NOVO HAMBURGO;RS;30/03/2026;06/04/2026;06/04/2026;Entregue No Prazo;;Entrega realizada;Entrega Finalizada;6;4;30;3;TRANSTRY;23003;;;
MOBIS BRASIL FABRICACAO DE AUTO PECAS LT;RODOVIARIO;1485736;30/03/2026;11;335093;30/03/2026;ATUAL VEICULOS LTDA;1,33E+13;TUBARAO;SC;30/03/2026;06/04/2026;06/04/2026;Entregue No Prazo;;Entrega realizada;Entrega Finalizada;6;4;30;3;TRANSTRY;24001;;;
MOBIS BRASIL FABRICACAO DE AUTO PECAS LT;RODOVIARIO;1485735;30/03/2026;5;335094;30/03/2026;ATUAL VEICULOS LTDA;1,33E+13;CRICIUMA;SC;30/03/2026;06/04/2026;06/04/2026;Entregue No Prazo;;Entrega realizada;Entrega Finalizada;6;4;30;3;TRANSTRY;24001;;;
MOBIS BRASIL FABRICACAO DE AUTO PECAS LT;RODOVIARIO;1485734;30/03/2026;5;335094;30/03/2026;ATUAL VEICULOS LTDA;1,33E+13;CRICIUMA;SC;30/03/2026;06/04/2026;06/04/2026;Entregue No Prazo;;Entrega realizada;Entrega Finalizada;6;4;30;3;TRANSTRY;24001;;;
MOBIS BRASIL FABRICACAO DE AUTO PECAS LT;RODOVIARIO;1485732;30/03/2026;1;335103;30/03/2026;GAMBATTO H1 VEICULOS LTDA;1,94E+13;PASSO FUNDO;RS;30/03/2026;06/04/2026;06/04/2026;Entregue No Prazo;;Entrega realizada;Entrega Finalizada;6;4;30;3;TRANSTRY;23015;;;
MOBIS BRASIL FABRICACAO DE AUTO PECAS LT;RODOVIARIO;1485733;30/03/2026;1;335105;30/03/2026;HOUSE PARTS COMERCIO DE PECAS E VEI;1,15E+13;CAXIAS DO SUL;RS;30/03/2026;06/04/2026;06/04/2026;Entregue No Prazo;;Entrega realizada;Entrega Finalizada;6;4;30;3;TRANSTRY;23023;;;
MOBIS BRASIL FABRICACAO DE AUTO PECAS LT;RODOVIARIO;1485678;30/03/2026;2;335150;30/03/2026;VIA BRASIL AUTOMOVEIS LTDA.;4,72E+12;SERRA;ES;30/03/2026;06/04/2026;06/04/2026;Entregue No Prazo;;Entrega realizada;Entrega Finalizada;6;4;30;3;CAMILO;8001;;;
MOBIS BRASIL FABRICACAO DE AUTO PECAS LT;RODOVIARIO;1485677;30/03/2026;1;335150;30/03/2026;VIA BRASIL AUTOMOVEIS LTDA.;4,72E+12;SERRA;ES;30/03/2026;06/04/2026;06/04/2026;Entregue No Prazo;;Entrega realizada;Entrega Finalizada;6;4;30;3;CAMILO;8001;;;
MOBIS BRASIL FABRICACAO DE AUTO PECAS LT;RODOVIARIO;1485720;30/03/2026;4;335151;30/03/2026;VIA VR VEICULOS LTDA;1,73E+13;VOLTA REDONDA;RJ;30/03/2026;06/04/2026;06/04/2026;Entregue No Prazo;;Entrega realizada;Entrega Finalizada;6;4;30;3;CAMILO;19016;;;
MOBIS BRASIL FABRICACAO DE AUTO PECAS LT;RODOVIARIO;1485719;30/03/2026;1;335151;30/03/2026;VIA VR VEICULOS LTDA;1,73E+13;VOLTA REDONDA;RJ;30/03/2026;06/04/2026;06/04/2026;Entregue No Prazo;;Entrega realizada;Entrega Finalizada;6;4;30;3;CAMILO;19016;;;
MOBIS BRASIL FABRICACAO DE AUTO PECAS LT;RODOVIARIO;1485686;30/03/2026;4;335048;30/03/2026;NISA COMERCIAL DE VEIC. AUTOMOTORES LTDA;1,03E+13;GOIANIA;GO;30/03/2026;07/04/2026;06/04/2026;Entregue No Prazo;;Entrega realizada;Entrega Finalizada;7;4;30;3;RIO VERMELHO;9013;;;
MOBIS BRASIL FABRICACAO DE AUTO PECAS LT;RODOVIARIO;1485676;30/03/2026;1;335051;30/03/2026;SAGA KOREA COM. DE VEIC. E PC. LTDA;1,27E+13;BRASILIA;DF;30/03/2026;07/04/2026;06/04/2026;Entregue No Prazo;;Entrega realizada;Entrega Finalizada;7;4;30;3;RIO VERMELHO;7005;;;
MOBIS BRASIL FABRICACAO DE AUTO PECAS LT;RODOVIARIO;1486325;30/03/2026;15;335054;30/03/2026;SMAFF IMPORT VEICULOS LTDA;8,18E+12;BRASILIA;DF;30/03/2026;07/04/2026;06/04/2026;Entregue No Prazo;;Entrega realizada;Entrega Finalizada;7;4;30;3;RIO VERMELHO;7002;;;
MOBIS BRASIL FABRICACAO DE AUTO PECAS LT;RODOVIARIO;1485698;30/03/2026;2;335130;30/03/2026;JPG MOTORS COMERCIO DE VEICULOS LTDA;2,91E+13;CAMPO GRANDE;MS;30/03/2026;07/04/2026;06/04/2026;Entregue No Prazo;;Entrega realizada;Entrega Finalizada;7;4;30;3;CARVALIMA;12005;;;
MOBIS BRASIL FABRICACAO DE AUTO PECAS LT;RODOVIARIO;1485697;30/03/2026;10;335149;30/03/2026;ULSAN COMERCIO DE VEICULOS LTDA.;2,10E+13;CAMPO GRANDE;MS;30/03/2026;07/04/2026;06/04/2026;Entregue No Prazo;;Entrega realizada;Entrega Finalizada;7;4;30;3;CARVALIMA;12004;;;
MOBIS BRASIL FABRICACAO DE AUTO PECAS LT;RODOVIARIO;1485685;30/03/2026;4;335053;30/03/2026;SAGA KOREA COM. DE VEIC. E PC. LTDA;1,27E+13;ANAPOLIS;GO;30/03/2026;10/04/2026;06/04/2026;Entregue No Prazo;;Entrega realizada;Entrega Finalizada;10;4;30;3;RIO VERMELHO;9012;;;
MOBIS BRASIL FABRICACAO DE AUTO PECAS LT;RODOVIARIO;1485674;30/03/2026;2;335123;30/03/2026;FAZZA MOTORS COM. DE VEICULOS LTDA;1,24E+13;FORTALEZA;CE;30/03/2026;13/04/2026;06/04/2026;Entregue No Prazo;;Entrega realizada;Entrega Finalizada;13;4;30;3;TERMACO;6001;;;
MOBIS BRASIL FABRICACAO DE AUTO PECAS LT;RODOVIARIO;1485675;30/03/2026;7;335124;30/03/2026;FAZZA MOTORS COMERCIO DE VEICULOS LTDA;1,24E+13;FORTALEZA;CE;30/03/2026;13/04/2026;06/04/2026;Entregue No Prazo;;Entrega realizada;Entrega Finalizada;13;4;30;3;TERMACO;5007;;;
MOBIS BRASIL FABRICACAO DE AUTO PECAS LT;RODOVIARIO;1486802;31/03/2026;2;335362;31/03/2026;BILLY DISTRIBUIDORA DE VEICULOS LTDA;1,34E+13;SAO CAETANO DO SUL;SP;31/03/2026;02/04/2026;06/04/2026;Entregue Fora do Prazo;;Entrega realizada;Entrega Finalizada;2;4;31;3;RISSO;26003;;;
MOBIS BRASIL FABRICACAO DE AUTO PECAS LT;RODOVIARIO;1486803;31/03/2026;56;335362;31/03/2026;BILLY DISTRIBUIDORA DE VEICULOS LTDA;1,34E+13;SAO CAETANO DO SUL;SP;31/03/2026;02/04/2026;06/04/2026;Entregue Fora do Prazo;;Entrega realizada;Entrega Finalizada;2;4;31;3;RISSO;26003;;;
MOBIS BRASIL FABRICACAO DE AUTO PECAS LT;RODOVIARIO;1486806;31/03/2026;2;335364;31/03/2026;CAOA MOTOR DO BRASIL LTDA;1,68E+13;SAO BERNARDO DO CAMPO;SP;31/03/2026;02/04/2026;06/04/2026;Entregue Fora do Prazo;;Entrega realizada;Entrega Finalizada;2;4;31;3;RISSO;5008;;;
MOBIS BRASIL FABRICACAO DE AUTO PECAS LT;RODOVIARIO;1486810;31/03/2026;3;335368;31/03/2026;DHC COMERCIO DE VEICULOS E PECAS LTDA;9,52E+12;BOTUCATU;SP;31/03/2026;06/04/2026;06/04/2026;Entregue No Prazo;;Entrega realizada;Entrega Finalizada;6;4;31;3;RISSO;26010;;;
MOBIS BRASIL FABRICACAO DE AUTO PECAS LT;RODOVIARIO;1486804;31/03/2026;2;335372;31/03/2026;H R B COMERCIO DE VEICULOS LTDA;1,82E+13;SAO JOSE DO RIO PRETO;SP;31/03/2026;06/04/2026;06/04/2026;Entregue No Prazo;;Entrega realizada;Entrega Finalizada;6;4;31;3;RISSO;26050;;;
MOBIS BRASIL FABRICACAO DE AUTO PECAS LT;RODOVIARIO;1486738;31/03/2026;1;335392;31/03/2026;URCA MOTORS VEICULOS LTDA;8,77E+12;PATOS DE MINAS;MG;31/03/2026;06/04/2026;06/04/2026;Entregue No Prazo;;Entrega realizada;Entrega Finalizada;6;4;31;3;XD BETIM;9014;;;
MOBIS BRASIL FABRICACAO DE AUTO PECAS LT;RODOVIARIO;1486758;31/03/2026;13;335402;31/03/2026;BARI VEICULOS LTDA;7,46E+12;PONTA GROSSA;PR;31/03/2026;06/04/2026;06/04/2026;Entregue No Prazo;;Entrega realizada;Entrega Finalizada;6;4;31;3;TRANSTRY;18024;;;
MOBIS BRASIL FABRICACAO DE AUTO PECAS LT;RODOVIARIO;1486789;31/03/2026;3;335404;31/03/2026;BARI VEICULOS LTDA.;7,46E+12;ITAJAI;SC;31/03/2026;06/04/2026;06/04/2026;Entregue No Prazo;;Entrega realizada;Entrega Finalizada;6;4;31;3;TRANSTRY;24014;;;
MOBIS BRASIL FABRICACAO DE AUTO PECAS LT;RODOVIARIO;1486788;31/03/2026;4;335405;31/03/2026;BARI VEICULOS LTDA.;7,46E+12;JOINVILLE;SC;31/03/2026;06/04/2026;06/04/2026;Entregue No Prazo;;Entrega realizada;Entrega Finalizada;6;4;31;3;TRANSTRY;24013;;;
MOBIS BRASIL FABRICACAO DE AUTO PECAS LT;RODOVIARIO;1486768;31/03/2026;1;335535;31/03/2026;CAOA MOTOR DO BRASIL LTDA;1,68E+13;RIO DE JANEIRO;RJ;31/03/2026;06/04/2026;06/04/2026;Entregue No Prazo;;Entrega realizada;Entrega Finalizada;6;4;31;3;CAMILO;5008;;;
MOBIS BRASIL FABRICACAO DE AUTO PECAS LT;RODOVIARIO;1486767;31/03/2026;7;335539;31/03/2026;CAOA MOTOR DO BRASIL LTDA;1,68E+13;NITEROI;RJ;31/03/2026;06/04/2026;06/04/2026;Entregue No Prazo;;Entrega realizada;Entrega Finalizada;6;4;31;3;CAMILO;5008;;;
MOBIS BRASIL FABRICACAO DE AUTO PECAS LT;RODOVIARIO;1487158;31/03/2026;1;335550;31/03/2026;ITAVEMA MOTORS VEICULOS LTDA;7,73E+12;RIO DE JANEIRO;RJ;31/03/2026;06/04/2026;06/04/2026;Entregue No Prazo;;Entrega realizada;Entrega Finalizada;6;4;31;3;CAMILO;19001;;;
MOBIS BRASIL FABRICACAO DE AUTO PECAS LT;RODOVIARIO;1487160;31/03/2026;4;335551;31/03/2026;ITAVEMA MOTORS VEICULOS LTDA;7,73E+12;DUQUE DE CAXIAS;RJ;31/03/2026;06/04/2026;06/04/2026;Entregue No Prazo;;Entrega realizada;Entrega Finalizada;6;4;31;3;CAMILO;19001;;;
MOBIS BRASIL FABRICACAO DE AUTO PECAS LT;RODOVIARIO;1486783;31/03/2026;7;335397;31/03/2026;ATUAL VEICULOS LTDA;1,33E+13;TUBARAO;SC;31/03/2026;07/04/2026;06/04/2026;Entregue No Prazo;;Entrega realizada;Entrega Finalizada;7;4;31;3;TRANSTRY;24001;;;
MOBIS BRASIL FABRICACAO DE AUTO PECAS LT;RODOVIARIO;1486782;31/03/2026;3;335398;31/03/2026;ATUAL VEICULOS LTDA;1,33E+13;CRICIUMA;SC;31/03/2026;07/04/2026;06/04/2026;Entregue No Prazo;;Entrega realizada;Entrega Finalizada;7;4;31;3;TRANSTRY;24001;;;
MOBIS BRASIL FABRICACAO DE AUTO PECAS LT;RODOVIARIO;1486781;31/03/2026;3;335398;31/03/2026;ATUAL VEICULOS LTDA;1,33E+13;CRICIUMA;SC;31/03/2026;07/04/2026;06/04/2026;Entregue No Prazo;;Entrega realizada;Entrega Finalizada;7;4;31;3;TRANSTRY;24001;;;
MOBIS BRASIL FABRICACAO DE AUTO PECAS LT;RODOVIARIO;1486786;31/03/2026;1;335401;31/03/2026;BARI VEICULOS LTDA;7,46E+12;BLUMENAU;SC;31/03/2026;07/04/2026;06/04/2026;Entregue No Prazo;;Entrega realizada;Entrega Finalizada;7;4;31;3;TRANSTRY;18024;;;
MOBIS BRASIL FABRICACAO DE AUTO PECAS LT;RODOVIARIO;1486787;31/03/2026;28;335401;31/03/2026;BARI VEICULOS LTDA;7,46E+12;BLUMENAU;SC;31/03/2026;07/04/2026;06/04/2026;Entregue No Prazo;;Entrega realizada;Entrega Finalizada;7;4;31;3;TRANSTRY;18024;;;
MOBIS BRASIL FABRICACAO DE AUTO PECAS LT;RODOVIARIO;1486784;31/03/2026;1;335414;31/03/2026;LR COMERCIO DE VEICULOS LTDA;1,05E+13;SAO JOSE;SC;31/03/2026;07/04/2026;06/04/2026;Entregue No Prazo;;Entrega realizada;Entrega Finalizada;7;4;31;3;TRANSTRY;24007;;;
MOBIS BRASIL FABRICACAO DE AUTO PECAS LT;RODOVIARIO;1486785;31/03/2026;3;335414;31/03/2026;LR COMERCIO DE VEICULOS LTDA;1,05E+13;SAO JOSE;SC;31/03/2026;07/04/2026;06/04/2026;Entregue No Prazo;;Entrega realizada;Entrega Finalizada;7;4;31;3;TRANSTRY;24007;;;
MOBIS BRASIL FABRICACAO DE AUTO PECAS LT;RODOVIARIO;1486757;31/03/2026;2;335415;31/03/2026;SANTA FE COMERCIO DE VEICULOS S A.;1,16E+13;PATO BRANCO;PR;31/03/2026;07/04/2026;06/04/2026;Entregue No Prazo;;Entrega realizada;Entrega Finalizada;7;4;31;3;TRANSTRY;18014;;;
MOBIS BRASIL FABRICACAO DE AUTO PECAS LT;RODOVIARIO;1486755;31/03/2026;10;335416;31/03/2026;SANTA FE VEICULOS LTDA.;1,16E+13;FRANCISCO BELTRAO;PR;31/03/2026;07/04/2026;06/04/2026;Entregue No Prazo;;Entrega realizada;Entrega Finalizada;7;4;31;3;TRANSTRY;18010;;;
MOBIS BRASIL FABRICACAO DE AUTO PECAS LT;RODOVIARIO;1486764;31/03/2026;1;335547;31/03/2026;GRAFFITI VEICULOS LTDA.;1,71E+13;ITAPERUNA;RJ;31/03/2026;07/04/2026;06/04/2026;Entregue No Prazo;;Entrega realizada;Entrega Finalizada;7;4;31;3;CAMILO;19015;;;
MOBIS BRASIL FABRICACAO DE AUTO PECAS LT;RODOVIARIO;1486770;31/03/2026;1;335555;31/03/2026;MONTREAL VEICULOS E PECAS LTDA;1,68E+13;SAO PEDRO DA ALDEIA;RJ;31/03/2026;07/04/2026;06/04/2026;Entregue No Prazo;;Entrega realizada;Entrega Finalizada;7;4;31;3;CAMILO;19030;;;
MOBIS BRASIL FABRICACAO DE AUTO PECAS LT;RODOVIARIO;1486765;31/03/2026;5;335574;31/03/2026;VIA VR VEICULOS LTDA;1,73E+13;VOLTA REDONDA;RJ;31/03/2026;07/04/2026;06/04/2026;Entregue No Prazo;;Entrega realizada;Entrega Finalizada;7;4;31;3;CAMILO;19016;;;
MOBIS BRASIL FABRICACAO DE AUTO PECAS LT;RODOVIARIO;1486728;31/03/2026;1;335384;31/03/2026;NISA COMERCIAL DE VEIC. AUTOMOTORES LTDA;1,03E+13;GOIANIA;GO;31/03/2026;08/04/2026;06/04/2026;Entregue No Prazo;;Entrega realizada;Entrega Finalizada;8;4;31;3;RIO VERMELHO;9013;;;
MOBIS BRASIL FABRICACAO DE AUTO PECAS LT;RODOVIARIO;1486719;31/03/2026;61;335385;31/03/2026;SAGA KOREA COM. DE VEIC. E PC. LTDA;1,27E+13;BRASILIA;DF;31/03/2026;08/04/2026;06/04/2026;Entregue No Prazo;;Entrega realizada;Entrega Finalizada;8;4;31;3;RIO VERMELHO;7005;;;
MOBIS BRASIL FABRICACAO DE AUTO PECAS LT;RODOVIARIO;1486727;31/03/2026;1;335386;31/03/2026;SAGA KOREA COM. DE VEIC. E PC. LTDA;1,27E+13;GOIANIA;GO;31/03/2026;08/04/2026;06/04/2026;Entregue No Prazo;;Entrega realizada;Entrega Finalizada;8;4;31;3;RIO VERMELHO;9011;;;
MOBIS BRASIL FABRICACAO DE AUTO PECAS LT;RODOVIARIO;1486718;31/03/2026;5;335387;31/03/2026;SMAFF IMPORT VEICULOS LTDA;8,18E+12;BRASILIA;DF;31/03/2026;08/04/2026;06/04/2026;Entregue No Prazo;;Entrega realizada;Entrega Finalizada;8;4;31;3;RIO VERMELHO;7002;;;
MOBIS BRASIL FABRICACAO DE AUTO PECAS LT;RODOVIARIO;1486790;31/03/2026;1;335399;31/03/2026;BARI VEICULOS LTDA;7,46E+12;BALNEARIO CAMBORIU;SC;31/03/2026;08/04/2026;06/04/2026;Entregue No Prazo;;Entrega realizada;Entrega Finalizada;8;4;31;3;TRANSTRY;18024;;;
MOBIS BRASIL FABRICACAO DE AUTO PECAS LT;RODOVIARIO;1486741;31/03/2026;1;335571;31/03/2026;ULSAN COMERCIO DE VEICULOS LTDA.;2,10E+13;CAMPO GRANDE;MS;31/03/2026;08/04/2026;06/04/2026;Entregue No Prazo;;Entrega realizada;Entrega Finalizada;8;4;31;3;CARVALIMA;12004;;;
MOBIS BRASIL FABRICACAO DE AUTO PECAS LT;RODOVIARIO;1486729;31/03/2026;1;335395;31/03/2026;URCA MOTORS VEICULOS LTDA;8,77E+12;RIO VERDE;GO;31/03/2026;10/04/2026;06/04/2026;Entregue No Prazo;;Entrega realizada;Entrega Finalizada;10;4;31;3;RIO VERMELHO;9014;;;
MOBIS BRASIL FABRICACAO DE AUTO PECAS LT;RODOVIARIO;1486743;31/03/2026;3;335541;31/03/2026;COMETA MATO GROSSO COM. DE VEICULOS LTDA;1,54E+13;RONDONOPOLIS;MT;31/03/2026;10/04/2026;06/04/2026;Entregue No Prazo;;Entrega realizada;Entrega Finalizada;10;4;31;3;CARVALIMA;13006;;;
MOBIS BRASIL FABRICACAO DE AUTO PECAS LT;RODOVIARIO;1487600;01/04/2026;1;335602;01/04/2026;BILLY DISTRIBUIDORA DE VEICULOS LTDA;1,34E+13;SAO CAETANO DO SUL;SP;01/04/2026;06/04/2026;06/04/2026;Entregue No Prazo;;Entrega realizada;Entrega Finalizada;6;4;1;4;RISSO;26003;;;
MOBIS BRASIL FABRICACAO DE AUTO PECAS LT;RODOVIARIO;1487601;01/04/2026;62;335602;01/04/2026;BILLY DISTRIBUIDORA DE VEICULOS LTDA;1,34E+13;SAO CAETANO DO SUL;SP;01/04/2026;06/04/2026;06/04/2026;Entregue No Prazo;;Entrega realizada;Entrega Finalizada;6;4;1;4;RISSO;26003;;;
MOBIS BRASIL FABRICACAO DE AUTO PECAS LT;RODOVIARIO;1487592;01/04/2026;8;335613;01/04/2026;NOBRE DISTRIBUIDORA DE VEICULOS E PECAS;5,76E+12;MOGI DAS CRUZES;SP;01/04/2026;03/04/2026;06/04/2026;Entregue No Prazo;;Entrega realizada;Entrega Finalizada;3;4;1;4;RISSO;26004;;;
MOBIS BRASIL FABRICACAO DE AUTO PECAS LT;RODOVIARIO;1487554;01/04/2026;16;335586;01/04/2026;BDG AUTOVILLE VEICULOS LTDA;4,77E+13;CONTAGEM;MG;01/04/2026;06/04/2026;06/04/2026;Entregue No Prazo;;Entrega realizada;Entrega Finalizada;6;4;1;4;XD BETIM;11037;;;
MOBIS BRASIL FABRICACAO DE AUTO PECAS LT;RODOVIARIO;1487553;01/04/2026;14;335587;01/04/2026;CARBEL KOREA VEICULOS LTDA;2,07E+13;BELO HORIZONTE;MG;01/04/2026;06/04/2026;06/04/2026;Entregue No Prazo;;Entrega realizada;Entrega Finalizada;6;4;1;4;XD BETIM;11021;;;
MOBIS BRASIL FABRICACAO DE AUTO PECAS LT;RODOVIARIO;1487552;01/04/2026;1;335591;01/04/2026;TAI MOTORS VEICULOS S/A;9,27E+12;BELO HORIZONTE;MG;01/04/2026;06/04/2026;06/04/2026;Entregue No Prazo;;Entrega realizada;Entrega Finalizada;6;4;1;4;XD BETIM;8002;;;
MOBIS BRASIL FABRICACAO DE AUTO PECAS LT;RODOVIARIO;1487604;01/04/2026;3;335604;01/04/2026;DESTAQUE SEUL DISTR. DE VEIC. E PC. LTDA;2,12E+13;ATIBAIA;SP;01/04/2026;06/04/2026;06/04/2026;Entregue No Prazo;;Entrega realizada;Entrega Finalizada;6;4;1;4;RISSO;26075;;;
MOBIS BRASIL FABRICACAO DE AUTO PECAS LT;RODOVIARIO;1487566;01/04/2026;1;335617;01/04/2026;BARI VEICULOS LTDA;7,46E+12;CURITIBA;PR;01/04/2026;06/04/2026;06/04/2026;Entregue No Prazo;;Entrega realizada;Entrega Finalizada;6;4;1;4;TRANSTRY;18024;;;
MOBIS BRASIL FABRICACAO DE AUTO PECAS LT;RODOVIARIO;1487550;01/04/2026;19;335596;01/04/2026;URCA MOTORS VEICULOS LTDA;8,77E+12;UBERLANDIA;MG;01/04/2026;07/04/2026;06/04/2026;Entregue No Prazo;;Entrega realizada;Entrega Finalizada;7;4;1;4;XD BETIM;9014;;;
MOBIS BRASIL FABRICACAO DE AUTO PECAS LT;RODOVIARIO;1487605;01/04/2026;1;335605;01/04/2026;DESTAQUE SEUL DISTR DE VEIC PEC LTDA;2,12E+13;CARAGUATATUBA;SP;01/04/2026;07/04/2026;06/04/2026;Entregue No Prazo;;Entrega realizada;Entrega Finalizada;7;4;1;4;RISSO;26082;;;
MOBIS BRASIL FABRICACAO DE AUTO PECAS LT;RODOVIARIO;1487603;01/04/2026;10;335609;01/04/2026;H R B COMERCIO DE VEICULOS LTDA;1,82E+13;SAO JOSE DO RIO PRETO;SP;01/04/2026;07/04/2026;06/04/2026;Entregue No Prazo;;Entrega realizada;Entrega Finalizada;7;4;1;4;RISSO;26050;;;
MOBIS BRASIL FABRICACAO DE AUTO PECAS LT;RODOVIARIO;1487586;01/04/2026;3;335619;01/04/2026;BARI VEICULOS LTDA.;7,46E+12;JOINVILLE;SC;01/04/2026;07/04/2026;06/04/2026;Entregue No Prazo;;Entrega realizada;Entrega Finalizada;7;4;1;4;TRANSTRY;24013;;;
MOBIS BRASIL FABRICACAO DE AUTO PECAS LT;RODOVIARIO;1487587;01/04/2026;1;335620;01/04/2026;BARI VEICULOS LTDA.;7,46E+12;ITAJAI;SC;01/04/2026;07/04/2026;06/04/2026;Entregue No Prazo;;Entrega realizada;Entrega Finalizada;7;4;1;4;TRANSTRY;24014;;;
MOBIS BRASIL FABRICACAO DE AUTO PECAS LT;RODOVIARIO;1487582;01/04/2026;3;335614;01/04/2026;ATUAL VEICULOS LTDA;1,33E+13;TUBARAO;SC;01/04/2026;08/04/2026;06/04/2026;Entregue No Prazo;;Entrega realizada;Entrega Finalizada;8;4;1;4;TRANSTRY;24001;;;
MOBIS BRASIL FABRICACAO DE AUTO PECAS LT;RODOVIARIO;1487583;01/04/2026;3;335614;01/04/2026;ATUAL VEICULOS LTDA;1,33E+13;TUBARAO;SC;01/04/2026;08/04/2026;06/04/2026;Entregue No Prazo;;Entrega realizada;Entrega Finalizada;8;4;1;4;TRANSTRY;24001;;;
MOBIS BRASIL FABRICACAO DE AUTO PECAS LT;RODOVIARIO;1487581;01/04/2026;10;335615;01/04/2026;ATUAL VEICULOS LTDA;1,33E+13;CRICIUMA;SC;01/04/2026;08/04/2026;06/04/2026;Entregue No Prazo;;Entrega realizada;Entrega Finalizada;8;4;1;4;TRANSTRY;24001;;;
MOBIS BRASIL FABRICACAO DE AUTO PECAS LT;RODOVIARIO;1487585;01/04/2026;4;335616;01/04/2026;BARI VEICULOS LTDA;7,46E+12;BLUMENAU;SC;01/04/2026;08/04/2026;06/04/2026;Entregue No Prazo;;Entrega realizada;Entrega Finalizada;8;4;1;4;TRANSTRY;18024;;;
MOBIS BRASIL FABRICACAO DE AUTO PECAS LT;RODOVIARIO;1487584;01/04/2026;1;335628;01/04/2026;LR COMERCIO DE VEICULOS LTDA;1,05E+13;SAO JOSE;SC;01/04/2026;08/04/2026;06/04/2026;Entregue No Prazo;;Entrega realizada;Entrega Finalizada;8;4;1;4;TRANSTRY;24007;;;
MOBIS BRASIL FABRICACAO DE AUTO PECAS LT;RODOVIARIO;1487563;01/04/2026;6;335629;01/04/2026;SANTA FE VEICULOS LTDA.;1,16E+13;FRANCISCO BELTRAO;PR;01/04/2026;08/04/2026;06/04/2026;Entregue No Prazo;;Entrega realizada;Entrega Finalizada;8;4;1;4;TRANSTRY;18010;;;
MOBIS BRASIL FABRICACAO DE AUTO PECAS LT;RODOVIARIO;1487564;01/04/2026;48;335629;01/04/2026;SANTA FE VEICULOS LTDA.;1,16E+13;FRANCISCO BELTRAO;PR;01/04/2026;08/04/2026;06/04/2026;Entregue No Prazo;;Entrega realizada;Entrega Finalizada;8;4;1;4;TRANSTRY;18010;;;
MOBIS BRASIL FABRICACAO DE AUTO PECAS LT;RODOVIARIO;1488326;02/04/2026;3;335797;02/04/2026;BILLY DISTRIBUIDORA DE VEICULOS LTDA;1,34E+13;BARUERI;SP;02/04/2026;06/04/2026;06/04/2026;Entregue No Prazo;;Entrega realizada;Entrega Finalizada;6;4;2;4;RISSO;26003;;;
MOBIS BRASIL FABRICACAO DE AUTO PECAS LT;RODOVIARIO;1488348;02/04/2026;1;335799;02/04/2026;BILLY DISTRIBUIDORA DE VEICULOS LTDA;1,34E+13;SAO PAULO;SP;02/04/2026;06/04/2026;06/04/2026;Entregue No Prazo;;Entrega realizada;Entrega Finalizada;6;4;2;4;RISSO;26003;;;
MOBIS BRASIL FABRICACAO DE AUTO PECAS LT;RODOVIARIO;1488336;02/04/2026;1;335804;02/04/2026;CAOA MOTOR DO BRASIL LTDA (ARICANDUVA);1,68E+13;SAO PAULO;SP;02/04/2026;06/04/2026;06/04/2026;Entregue No Prazo;;Entrega realizada;Entrega Finalizada;6;4;2;4;RISSO;26039;;;
MOBIS BRASIL FABRICACAO DE AUTO PECAS LT;RODOVIARIO;1488353;02/04/2026;2;335805;02/04/2026;CAOA MOTOR DO BRASIL LTDA (INDIANOPOLIS);1,68E+13;SAO PAULO;SP;02/04/2026;06/04/2026;06/04/2026;Entregue No Prazo;;Entrega realizada;Entrega Finalizada;6;4;2;4;RISSO;26091;;;
MOBIS BRASIL FABRICACAO DE AUTO PECAS LT;RODOVIARIO;1488341;02/04/2026;1;335806;02/04/2026;CAOA MOTOR DO BRASIL LTDA (VL PRUDENTE);1,68E+13;SAO PAULO;SP;02/04/2026;06/04/2026;06/04/2026;Entregue No Prazo;;Entrega realizada;Entrega Finalizada;6;4;2;4;RISSO;26051;;;
MOBIS BRASIL FABRICACAO DE AUTO PECAS LT;RODOVIARIO;1488356;02/04/2026;1;335807;02/04/2026;CAOA MOTOR DO BRASIL LTDA(RAP. TAVARES);1,68E+13;SAO PAULO;SP;02/04/2026;06/04/2026;06/04/2026;Entregue No Prazo;;Entrega realizada;Entrega Finalizada;6;4;2;4;RISSO;26109;;;
MOBIS BRASIL FABRICACAO DE AUTO PECAS LT;RODOVIARIO;1488355;02/04/2026;1;335808;02/04/2026;CHS MOTORS VEICULOS PECAS E SERV. LTDA;1,69E+13;OSASCO;SP;02/04/2026;06/04/2026;06/04/2026;Entregue No Prazo;;Entrega realizada;Entrega Finalizada;6;4;2;4;RISSO;26106;;;
MOBIS BRASIL FABRICACAO DE AUTO PECAS LT;RODOVIARIO;1488342;02/04/2026;6;335810;02/04/2026;CHS MOTORS VEICULOS PECAS(VL. GUILHERME);1,69E+13;SAO PAULO;SP;02/04/2026;06/04/2026;06/04/2026;Entregue No Prazo;;Entrega realizada;Entrega Finalizada;6;4;2;4;RISSO;26052;;;
MOBIS BRASIL FABRICACAO DE AUTO PECAS LT;RODOVIARIO;1488352;02/04/2026;6;335817;02/04/2026;GRANDAY AUTOMOTORES LTDA (CHAC. CALIFOR);1,57E+13;SAO PAULO;SP;02/04/2026;06/04/2026;06/04/2026;Entregue No Prazo;;Entrega realizada;Entrega Finalizada;6;4;2;4;RISSO;26090;;;
MOBIS BRASIL FABRICACAO DE AUTO PECAS LT;RODOVIARIO;1488349;02/04/2026;1;335825;02/04/2026;NOBRE SP DISTRIB. DE VEIC. E PEC. LTDA;1,70E+13;SAO PAULO;SP;02/04/2026;06/04/2026;06/04/2026;Entregue No Prazo;;Entrega realizada;Entrega Finalizada;6;4;2;4;RISSO;26081;;;
MOBIS BRASIL FABRICACAO DE AUTO PECAS LT;RODOVIARIO;1488337;02/04/2026;6;335793;02/04/2026;ANDRETA II DISTRIB.DE VEICULOS LTDA.;9,10E+12;JUNDIAI;SP;02/04/2026;07/04/2026;06/04/2026;Entregue No Prazo;;Entrega realizada;Entrega Finalizada;7;4;2;4;RISSO;26040;;;
MOBIS BRASIL FABRICACAO DE AUTO PECAS LT;RODOVIARIO;1488331;02/04/2026;40;335796;02/04/2026;ANDRETA II DISTRIBUIDORA DE VEIC. LTDA;9,10E+12;CAMPINAS;SP;02/04/2026;07/04/2026;06/04/2026;Entregue No Prazo;;Entrega realizada;Entrega Finalizada;7;4;2;4;RISSO;26011;;;
MOBIS BRASIL FABRICACAO DE AUTO PECAS LT;RODOVIARIO;1488330;02/04/2026;2;335796;02/04/2026;ANDRETA II DISTRIBUIDORA DE VEIC. LTDA;9,10E+12;CAMPINAS;SP;02/04/2026;07/04/2026;06/04/2026;Entregue No Prazo;;Entrega realizada;Entrega Finalizada;7;4;2;4;RISSO;26011;;;
MOBIS BRASIL FABRICACAO DE AUTO PECAS LT;RODOVIARIO;1488351;02/04/2026;1;335801;02/04/2026;CAOA MOTOR DO BRASIL LTDA;1,68E+13;SANTOS;SP;02/04/2026;07/04/2026;06/04/2026;Entregue No Prazo;;Entrega realizada;Entrega Finalizada;7;4;2;4;RISSO;5008;;;
MOBIS BRASIL FABRICACAO DE AUTO PECAS LT;RODOVIARIO;1488329;02/04/2026;20;335812;02/04/2026;DHC COMERCIO DE VEICULOS E PECAS LTDA;9,52E+12;BAURU;SP;02/04/2026;07/04/2026;06/04/2026;Entregue No Prazo;Avaria;Entrega realizada;Entrega Finalizada;7;4;2;4;RISSO;26010;;;
MOBIS BRASIL FABRICACAO DE AUTO PECAS LT;RODOVIARIO;1488333;02/04/2026;11;335821;02/04/2026;NEW VEICULOS E PECAS LTDA;1,59E+13;RIBEIRAO PRETO;SP;02/04/2026;07/04/2026;06/04/2026;Entregue No Prazo;;Entrega realizada;Entrega Finalizada;7;4;2;4;RISSO;26014;;;
MOBIS BRASIL FABRICACAO DE AUTO PECAS LT;RODOVIARIO;1488350;02/04/2026;2;335800;02/04/2026;CAOA MOTOR DO BRASIL LTDA;1,68E+13;PRAIA GRANDE;SP;02/04/2026;08/04/2026;06/04/2026;Entregue No Prazo;;Entrega realizada;Entrega Finalizada;8;4;2;4;RISSO;5008;;;
MOBIS BRASIL FABRICACAO DE AUTO PECAS LT;RODOVIARIO;1488589;02/04/2026;1;335813;02/04/2026;DHC COMERCIO DE VEICULOS E PECAS LTDA;9,52E+12;JAU;SP;02/04/2026;08/04/2026;06/04/2026;Entregue No Prazo;;Entrega realizada;Entrega Finalizada;8;4;2;4;RISSO;26010;;;
MOBIS BRASIL FABRICACAO DE AUTO PECAS LT;RODOVIARIO;1488295;02/04/2026;63;336054;02/04/2026;BARI VEICULOS LTDA;7,46E+12;PONTA GROSSA;PR;02/04/2026;08/04/2026;06/04/2026;Entregue No Prazo;;Entrega realizada;Entrega Finalizada;8;4;2;4;TRANSTRY;18024;;;
MOBIS BRASIL FABRICACAO DE AUTO PECAS LT;RODOVIARIO;1488294;02/04/2026;1;336054;02/04/2026;BARI VEICULOS LTDA;7,46E+12;PONTA GROSSA;PR;02/04/2026;08/04/2026;06/04/2026;Entregue No Prazo;;Entrega realizada;Entrega Finalizada;8;4;2;4;TRANSTRY;18024;;;
MOBIS BRASIL FABRICACAO DE AUTO PECAS LT;RODOVIARIO;1488312;02/04/2026;105;336059;02/04/2026;CARWAY SUL VEICULOS LTDA;1,03E+13;CANOAS;RS;02/04/2026;08/04/2026;06/04/2026;Entregue No Prazo;;Entrega realizada;Entrega Finalizada;8;4;2;4;TRANSTRY;23003;;;
MOBIS BRASIL FABRICACAO DE AUTO PECAS LT;RODOVIARIO;1467590;24/02/2026;1;329406;24/02/2026;PATEO COMERCIO DE VEICULOS S A;7,78E+12;MANAUS;AM;24/02/2026;20/03/2026;07/04/2026;Entregue Fora do Prazo;;Entrega realizada;Entrega Finalizada;20;3;24;2;NORTEX;3002;;;
MOBIS BRASIL FABRICACAO DE AUTO PECAS LT;RODOVIARIO;1470264;27/02/2026;2;330117;27/02/2026;PATEO COMERCIO DE VEICULOS S A;7,78E+12;MANAUS;AM;27/02/2026;25/03/2026;07/04/2026;Entregue Fora do Prazo;;Entrega realizada;Entrega Finalizada;25;3;27;2;NORTEX;3002;Abolição da Escravidão no Ceará;Estadual;CE
MOBIS BRASIL FABRICACAO DE AUTO PECAS LT;RODOVIARIO;1478820;17/03/2026;3;332969;17/03/2026;GREEN CITY VEICULOS LTDA;2,10E+13;PARNAIBA;PI;17/03/2026;06/04/2026;07/04/2026;Entregue Fora do Prazo;;Entrega realizada;Entrega Finalizada;6;4;17;3;TERMACO;17002;;;
MOBIS BRASIL FABRICACAO DE AUTO PECAS LT;RODOVIARIO;1480135;19/03/2026;2;333576;19/03/2026;GREEN CITY VEICULOS LTDA;2,10E+13;TERESINA;PI;19/03/2026;06/04/2026;07/04/2026;Entregue Fora do Prazo;;Entrega realizada;Entrega Finalizada;6;4;19;3;TERMACO;17002;;;
MOBIS BRASIL FABRICACAO DE AUTO PECAS LT;RODOVIARIO;1480134;19/03/2026;1;333577;19/03/2026;GREEN CITY VEICULOS LTDA;2,10E+13;TERESINA;PI;19/03/2026;06/04/2026;07/04/2026;Entregue Fora do Prazo;;Entrega realizada;Entrega Finalizada;6;4;19;3;TERMACO;17002;;;
MOBIS BRASIL FABRICACAO DE AUTO PECAS LT;RODOVIARIO;1484121;26/03/2026;2;334758;26/03/2026;PRIME CACHOEIRO VEICULOS LTDA;9,34E+12;LINHARES;ES;26/03/2026;06/04/2026;07/04/2026;Entregue Fora do Prazo;Falta de 01 volume;Entrega realizada;Entrega Finalizada;6;4;26;3;CAMILO;8004;;;
MOBIS BRASIL FABRICACAO DE AUTO PECAS LT;RODOVIARIO;1484151;26/03/2026;2;334749;26/03/2026;MISO VEICULOS LTDA;1,85E+13;SANTAREM;PA;26/03/2026;09/04/2026;07/04/2026;Entregue No Prazo;;Entrega realizada;Entrega Finalizada;9;4;26;3;CARVALIMA;4001;;;
MOBIS BRASIL FABRICACAO DE AUTO PECAS LT;RODOVIARIO;1484113;26/03/2026;1;334728;26/03/2026;AIKON VEICULOS LTDA;1,17E+13;ITABUNA;BA;26/03/2026;10/04/2026;07/04/2026;Entregue No Prazo;;Entrega realizada;Entrega Finalizada;10;4;26;3;TERMACO;5002;;;
MOBIS BRASIL FABRICACAO DE AUTO PECAS LT;RODOVIARIO;1484156;26/03/2026;7;334730;26/03/2026;AUTORAC VEICULOS LTDA;1,06E+13;CARUARU;PE;26/03/2026;13/04/2026;07/04/2026;Entregue No Prazo;;Entrega realizada;Entrega Finalizada;13;4;26;3;TERMACO;16001;;;
MOBIS BRASIL FABRICACAO DE AUTO PECAS LT;RODOVIARIO;1484105;26/03/2026;1;334765;26/03/2026;ULSAN COMERCIO DE VEICULOS LTDA;2,10E+13;RIO BRANCO;AC;26/03/2026;14/04/2026;07/04/2026;Entregue No Prazo;;Entrega realizada;Entrega Finalizada;14;4;26;3;CARVALIMA;21004;;;
MOBIS BRASIL FABRICACAO DE AUTO PECAS LT;RODOVIARIO;1484947;27/03/2026;3;334858;27/03/2026;GALA COMERCIO DE VEICULOS LTDA.;1,77E+13;PELOTAS;RS;27/03/2026;06/04/2026;07/04/2026;Entregue Fora do Prazo;;Entrega realizada;Entrega Finalizada;6;4;27;3;TRANSTRY;23009;;;
MOBIS BRASIL FABRICACAO DE AUTO PECAS LT;RODOVIARIO;1484906;27/03/2026;6;335019;27/03/2026;NACIONAL NOVA MARABA DIST DE VEIC. LTDA;1,70E+13;IMPERATRIZ;MA;27/03/2026;16/04/2026;07/04/2026;Entregue No Prazo;;Entrega realizada;Entrega Finalizada;16;4;27;3;TERMACO;10003;;;
MOBIS BRASIL FABRICACAO DE AUTO PECAS LT;RODOVIARIO;1485725;30/03/2026;2;335120;30/03/2026;CAOA MOTOR DO BRASIL LTDA;1,68E+13;RIO DE JANEIRO;RJ;30/03/2026;06/04/2026;07/04/2026;Entregue Fora do Prazo;Sinistro;Sinistro;Entrega Finalizada;6;4;30;3;CAMILO;5008;;;
MOBIS BRASIL FABRICACAO DE AUTO PECAS LT;RODOVIARIO;1485681;30/03/2026;2;335142;30/03/2026;PRIME CACHOEIRO VEICULOS LTDA;9,34E+12;LINHARES;ES;30/03/2026;07/04/2026;07/04/2026;Entregue No Prazo;;Entrega realizada;Entrega Finalizada;7;4;30;3;CAMILO;8004;;;
MOBIS BRASIL FABRICACAO DE AUTO PECAS LT;RODOVIARIO;1485680;30/03/2026;2;335143;30/03/2026;PRIME CACHOEIRO VEICULOS LTDA EPP;9,34E+12;CACHOEIRO DE ITAPEMIRIM;ES;30/03/2026;07/04/2026;07/04/2026;Entregue No Prazo;;Entrega realizada;Entrega Finalizada;7;4;30;3;CAMILO;8003;;;
MOBIS BRASIL FABRICACAO DE AUTO PECAS LT;RODOVIARIO;1485679;30/03/2026;3;335143;30/03/2026;PRIME CACHOEIRO VEICULOS LTDA EPP;9,34E+12;CACHOEIRO DE ITAPEMIRIM;ES;30/03/2026;07/04/2026;07/04/2026;Entregue No Prazo;;Entrega realizada;Entrega Finalizada;7;4;30;3;CAMILO;8003;;;
MOBIS BRASIL FABRICACAO DE AUTO PECAS LT;RODOVIARIO;1485682;30/03/2026;2;335147;30/03/2026;TAI MOTORS VEICULOS S/A;9,27E+12;COLATINA;ES;30/03/2026;07/04/2026;07/04/2026;Entregue No Prazo;;Entrega realizada;Entrega Finalizada;7;4;30;3;CAMILO;8002;;;
MOBIS BRASIL FABRICACAO DE AUTO PECAS LT;RODOVIARIO;1485671;30/03/2026;1;335125;30/03/2026;FAZZA MOTORS COMERCIO DE VEICULOS LTDA;1,24E+13;SALVADOR;BA;30/03/2026;09/04/2026;07/04/2026;Entregue No Prazo;;Entrega realizada;Entrega Finalizada;9;4;30;3;TERMACO;5007;;;
MOBIS BRASIL FABRICACAO DE AUTO PECAS LT;RODOVIARIO;1485670;30/03/2026;1;335125;30/03/2026;FAZZA MOTORS COMERCIO DE VEICULOS LTDA;1,24E+13;SALVADOR;BA;30/03/2026;09/04/2026;07/04/2026;Entregue No Prazo;;Entrega realizada;Entrega Finalizada;9;4;30;3;TERMACO;5007;;;
MOBIS BRASIL FABRICACAO DE AUTO PECAS LT;RODOVIARIO;1485669;30/03/2026;3;335139;30/03/2026;PATEO COMERCIO DE VEICULOS S A;7,78E+12;SALVADOR;BA;30/03/2026;09/04/2026;07/04/2026;Entregue No Prazo;;Entrega realizada;Entrega Finalizada;9;4;30;3;TERMACO;5003;;;
MOBIS BRASIL FABRICACAO DE AUTO PECAS LT;RODOVIARIO;1485728;30/03/2026;2;335144;30/03/2026;SAGA ASIA COM. DE VEIC.PC.E SERV. LTDA;2,14E+13;PORTO VELHO;RO;30/03/2026;13/04/2026;07/04/2026;Entregue No Prazo;;Entrega realizada;Entrega Finalizada;13;4;30;3;CARVALIMA;21003;;;
MOBIS BRASIL FABRICACAO DE AUTO PECAS LT;RODOVIARIO;1485672;30/03/2026;7;335137;30/03/2026;PATEO COMERCIO DE VEICULOS S A;7,78E+12;FEIRA DE SANTANA;BA;30/03/2026;14/04/2026;07/04/2026;Entregue No Prazo;;Entrega realizada;Entrega Finalizada;14;4;30;3;TERMACO;5009;;;
MOBIS BRASIL FABRICACAO DE AUTO PECAS LT;RODOVIARIO;1485727;30/03/2026;7;335146;30/03/2026;SAINT LAND COMERCIO DE VEICULOS LTDA;1,04E+13;NATAL;RN;30/03/2026;14/04/2026;07/04/2026;Entregue No Prazo;;Entrega realizada;Entrega Finalizada;14;4;30;3;TERMACO;6010;;;
MOBIS BRASIL FABRICACAO DE AUTO PECAS LT;RODOVIARIO;1485705;30/03/2026;2;335113;30/03/2026;AUTORAC VEICULOS LTDA;1,06E+13;CARUARU;PE;30/03/2026;15/04/2026;07/04/2026;Entregue No Prazo;;Entrega realizada;Entrega Finalizada;15;4;30;3;TERMACO;16001;;;
MOBIS BRASIL FABRICACAO DE AUTO PECAS LT;RODOVIARIO;1485709;30/03/2026;2;335114;30/03/2026;AUTORAC VEICULOS LTDA;1,06E+13;PETROLINA;PE;30/03/2026;15/04/2026;07/04/2026;Entregue No Prazo;;Entrega realizada;Entrega Finalizada;15;4;30;3;TERMACO;16001;;;
MOBIS BRASIL FABRICACAO DE AUTO PECAS LT;RODOVIARIO;1485726;30/03/2026;7;335135;30/03/2026;ORIENTE AUTOMOVEIS LTDA;1,33E+13;PARNAMIRIM;RN;30/03/2026;15/04/2026;07/04/2026;Entregue No Prazo;;Entrega realizada;Entrega Finalizada;15;4;30;3;TERMACO;20001;;;
MOBIS BRASIL FABRICACAO DE AUTO PECAS LT;RODOVIARIO;1486777;31/03/2026;5;335406;31/03/2026;CARWAY SUL VEICULOS LTDA;1,03E+13;CANOAS;RS;31/03/2026;06/04/2026;07/04/2026;Entregue Fora do Prazo;;Entrega realizada;Entrega Finalizada;6;4;31;3;TRANSTRY;23003;;;
MOBIS BRASIL FABRICACAO DE AUTO PECAS LT;RODOVIARIO;1486776;31/03/2026;4;335412;31/03/2026;HOUSE PARTS-COM. DE PCS. E VEICULOS LTDA;1,15E+13;PORTO ALEGRE;RS;31/03/2026;06/04/2026;07/04/2026;Entregue Fora do Prazo;;Entrega realizada;Entrega Finalizada;6;4;31;3;TRANSTRY;23004;;;
MOBIS BRASIL FABRICACAO DE AUTO PECAS LT;RODOVIARIO;1486775;31/03/2026;1;335412;31/03/2026;HOUSE PARTS-COM. DE PCS. E VEICULOS LTDA;1,15E+13;PORTO ALEGRE;RS;31/03/2026;06/04/2026;07/04/2026;Entregue Fora do Prazo;;Entrega realizada;Entrega Finalizada;6;4;31;3;TRANSTRY;23004;;;
MOBIS BRASIL FABRICACAO DE AUTO PECAS LT;RODOVIARIO;1486754;31/03/2026;7;335413;31/03/2026;LOVAT VEICULOS S/A;8,57E+12;MARINGA;PR;31/03/2026;06/04/2026;07/04/2026;Entregue Fora do Prazo;;Entrega realizada;Entrega Finalizada;6;4;31;3;TRANSTRY;18008;;;
MOBIS BRASIL FABRICACAO DE AUTO PECAS LT;RODOVIARIO;1486766;31/03/2026;2;335534;31/03/2026;CAOA MOTOR DO BRASIL LTDA;1,68E+13;RIO DE JANEIRO;RJ;31/03/2026;06/04/2026;07/04/2026;Entregue Fora do Prazo;;Entrega realizada;Entrega Finalizada;6;4;31;3;CAMILO;5008;;;
MOBIS BRASIL FABRICACAO DE AUTO PECAS LT;RODOVIARIO;1486762;31/03/2026;1;335540;31/03/2026;CAOA MOTOR DO BRASIL LTDA;1,68E+13;RIO DE JANEIRO;RJ;31/03/2026;06/04/2026;07/04/2026;Entregue Fora do Prazo;;Entrega realizada;Entrega Finalizada;6;4;31;3;CAMILO;5008;;;
MOBIS BRASIL FABRICACAO DE AUTO PECAS LT;RODOVIARIO;1486763;31/03/2026;1;335540;31/03/2026;CAOA MOTOR DO BRASIL LTDA;1,68E+13;RIO DE JANEIRO;RJ;31/03/2026;06/04/2026;07/04/2026;Entregue Fora do Prazo;;Entrega realizada;Entrega Finalizada;6;4;31;3;CAMILO;5008;;;
MOBIS BRASIL FABRICACAO DE AUTO PECAS LT;RODOVIARIO;1486737;31/03/2026;2;335388;31/03/2026;TAI MOTORS VEICULOS S/A;9,27E+12;MURIAE;MG;31/03/2026;07/04/2026;07/04/2026;Entregue No Prazo;;Entrega realizada;Entrega Finalizada;7;4;31;3;XD BETIM;8002;;;
MOBIS BRASIL FABRICACAO DE AUTO PECAS LT;RODOVIARIO;1486769;31/03/2026;1;335554;31/03/2026;MONTREAL VEICULOS E PECAS LTDA;1,68E+13;MACAE;RJ;31/03/2026;07/04/2026;07/04/2026;Entregue No Prazo;;Entrega realizada;Entrega Finalizada;7;4;31;3;CAMILO;19030;;;
MOBIS BRASIL FABRICACAO DE AUTO PECAS LT;RODOVIARIO;1486724;31/03/2026;2;335563;31/03/2026;PRIME VILA VELHA VEICULOS LTDA.;2,14E+13;VILA VELHA;ES;31/03/2026;07/04/2026;07/04/2026;Entregue No Prazo;;Entrega realizada;Entrega Finalizada;7;4;31;3;CAMILO;8005;;;
MOBIS BRASIL FABRICACAO DE AUTO PECAS LT;RODOVIARIO;1486721;31/03/2026;2;335569;31/03/2026;TAI MOTORS VEICULOS S/A;9,27E+12;VITORIA;ES;31/03/2026;07/04/2026;07/04/2026;Entregue No Prazo;;Entrega realizada;Entrega Finalizada;7;4;31;3;CAMILO;8002;;;
MOBIS BRASIL FABRICACAO DE AUTO PECAS LT;RODOVIARIO;1486726;31/03/2026;14;335383;31/03/2026;NISA COMERCIAL DE VEIC. AUTOMOTORES LTDA;1,03E+13;APARECIDA DE GOIANIA;GO;31/03/2026;08/04/2026;07/04/2026;Entregue No Prazo;;Entrega realizada;Entrega Finalizada;8;4;31;3;RIO VERMELHO;9002;;;
MOBIS BRASIL FABRICACAO DE AUTO PECAS LT;RODOVIARIO;1486791;31/03/2026;6;335407;31/03/2026;CHINHAN AUTOMOVEIS LTDA;2,41E+13;CONCORDIA;SC;31/03/2026;08/04/2026;07/04/2026;Entregue No Prazo;;Entrega realizada;Entrega Finalizada;8;4;31;3;TRANSTRY;23019;;;
MOBIS BRASIL FABRICACAO DE AUTO PECAS LT;RODOVIARIO;1486780;31/03/2026;3;335408;31/03/2026;CHINHAN AUTOMOVEIS LTDA;2,41E+13;ERECHIM;RS;31/03/2026;08/04/2026;07/04/2026;Entregue No Prazo;;Entrega realizada;Entrega Finalizada;8;4;31;3;TRANSTRY;23019;;;
MOBIS BRASIL FABRICACAO DE AUTO PECAS LT;RODOVIARIO;1486723;31/03/2026;4;335562;31/03/2026;PRIME CACHOEIRO VEICULOS LTDA EPP;9,34E+12;CACHOEIRO DE ITAPEMIRIM;ES;31/03/2026;08/04/2026;07/04/2026;Entregue No Prazo;;Entrega realizada;Entrega Finalizada;8;4;31;3;CAMILO;8003;;;
MOBIS BRASIL FABRICACAO DE AUTO PECAS LT;RODOVIARIO;1486722;31/03/2026;1;335562;31/03/2026;PRIME CACHOEIRO VEICULOS LTDA EPP;9,34E+12;CACHOEIRO DE ITAPEMIRIM;ES;31/03/2026;08/04/2026;07/04/2026;Entregue No Prazo;;Entrega realizada;Entrega Finalizada;8;4;31;3;CAMILO;8003;;;
MOBIS BRASIL FABRICACAO DE AUTO PECAS LT;RODOVIARIO;1486792;31/03/2026;5;335409;31/03/2026;CHINHAN AUTOMOVEIS LTDA.;2,41E+13;CACADOR;SC;31/03/2026;09/04/2026;07/04/2026;Entregue No Prazo;;Entrega realizada;Entrega Finalizada;9;4;31;3;TRANSTRY;24020;;;
MOBIS BRASIL FABRICACAO DE AUTO PECAS LT;RODOVIARIO;1487157;31/03/2026;4;335564;31/03/2026;SAGA ASIA COM. DE VEIC.PC.E SERV. LTDA;2,23E+13;VARZEA GRANDE;MT;31/03/2026;09/04/2026;07/04/2026;Entregue No Prazo;;Entrega realizada;Entrega Finalizada;9;4;31;3;CARVALIMA;13004;;;
MOBIS BRASIL FABRICACAO DE AUTO PECAS LT;RODOVIARIO;1486730;31/03/2026;1;335393;31/03/2026;URCA MOTORS VEICULOS LTDA;8,77E+12;ITUMBIARA;GO;31/03/2026;10/04/2026;07/04/2026;Entregue No Prazo;;Entrega realizada;Entrega Finalizada;10;4;31;3;RIO VERMELHO;9014;;;
MOBIS BRASIL FABRICACAO DE AUTO PECAS LT;RODOVIARIO;1486773;31/03/2026;1;335565;31/03/2026;SAGA ASIA COM. DE VEIC.PC.E SERV. LTDA;2,14E+13;PORTO VELHO;RO;31/03/2026;13/04/2026;07/04/2026;Entregue No Prazo;;Entrega realizada;Entrega Finalizada;13;4;31;3;CARVALIMA;21003;;;
MOBIS BRASIL FABRICACAO DE AUTO PECAS LT;RODOVIARIO;1486731;31/03/2026;3;335382;31/03/2026;NASA MOTORS LTDA.;2,65E+13;SAO LUIS DE MONTES BELOS;GO;31/03/2026;14/04/2026;07/04/2026;Entregue No Prazo;;Entrega realizada;Entrega Finalizada;14;4;31;3;RIO VERMELHO;9016;;;
MOBIS BRASIL FABRICACAO DE AUTO PECAS LT;RODOVIARIO;1486747;31/03/2026;3;335556;31/03/2026;NACIONAL NOVA MARABA DIST DE VEIC. LTDA;1,70E+13;MARABA;PA;31/03/2026;14/04/2026;07/04/2026;Entregue No Prazo;;Entrega realizada;Entrega Finalizada;14;4;31;3;CARVALIMA;14005;;;
MOBIS BRASIL FABRICACAO DE AUTO PECAS LT;RODOVIARIO;1487551;01/04/2026;1;335594;01/04/2026;URCA MOTORS VEICULOS LTDA;8,77E+12;UBERABA;MG;01/04/2026;07/04/2026;07/04/2026;Entregue No Prazo;;Entrega realizada;Entrega Finalizada;7;4;1;4;XD BETIM;9014;;;
MOBIS BRASIL FABRICACAO DE AUTO PECAS LT;RODOVIARIO;1487565;01/04/2026;7;335618;01/04/2026;BARI VEICULOS LTDA;7,46E+12;PONTA GROSSA;PR;01/04/2026;07/04/2026;07/04/2026;Entregue No Prazo;;Entrega realizada;Entrega Finalizada;7;4;1;4;TRANSTRY;18024;;;
MOBIS BRASIL FABRICACAO DE AUTO PECAS LT;RODOVIARIO;1487577;01/04/2026;8;335625;01/04/2026;HOUSE PARTS-COM. DE PCS. E VEICULOS LTDA;1,15E+13;PORTO ALEGRE;RS;01/04/2026;07/04/2026;07/04/2026;Entregue No Prazo;;Entrega realizada;Entrega Finalizada;7;4;1;4;TRANSTRY;23004;;;
MOBIS BRASIL FABRICACAO DE AUTO PECAS LT;RODOVIARIO;1487561;01/04/2026;11;335626;01/04/2026;LOVAT VEICULOS S/A;8,57E+12;LONDRINA;PR;01/04/2026;07/04/2026;07/04/2026;Entregue No Prazo;;Entrega realizada;Entrega Finalizada;7;4;1;4;TRANSTRY;18008;;;
MOBIS BRASIL FABRICACAO DE AUTO PECAS LT;RODOVIARIO;1487562;01/04/2026;1;335627;01/04/2026;LOVAT VEICULOS S/A;8,57E+12;MARINGA;PR;01/04/2026;07/04/2026;07/04/2026;Entregue No Prazo;;Entrega realizada;Entrega Finalizada;7;4;1;4;TRANSTRY;18008;;;
MOBIS BRASIL FABRICACAO DE AUTO PECAS LT;RODOVIARIO;1488011;01/04/2026;5;335681;01/04/2026;ITAVEMA MOTORS VEICULOS LTDA;7,73E+12;DUQUE DE CAXIAS;RJ;01/04/2026;07/04/2026;07/04/2026;Entregue No Prazo;;Entrega realizada;Entrega Finalizada;7;4;1;4;CAMILO;19001;;;
MOBIS BRASIL FABRICACAO DE AUTO PECAS LT;RODOVIARIO;1487579;01/04/2026;2;335622;01/04/2026;GALA COMERCIO DE VEICULOS LTDA.;1,77E+13;PELOTAS;RS;01/04/2026;08/04/2026;07/04/2026;Entregue No Prazo;;Entrega realizada;Entrega Finalizada;8;4;1;4;TRANSTRY;23009;;;
MOBIS BRASIL FABRICACAO DE AUTO PECAS LT;RODOVIARIO;1487568;01/04/2026;1;335693;01/04/2026;VIA VR VEICULOS LTDA;1,73E+13;VOLTA REDONDA;RJ;01/04/2026;08/04/2026;07/04/2026;Entregue No Prazo;;Entrega realizada;Entrega Finalizada;8;4;1;4;CAMILO;19016;;;
MOBIS BRASIL FABRICACAO DE AUTO PECAS LT;RODOVIARIO;1487547;01/04/2026;2;335588;01/04/2026;NISA COMERCIAL DE VEIC. AUTOMOTORES LTDA;1,03E+13;GOIANIA;GO;01/04/2026;09/04/2026;07/04/2026;Entregue No Prazo;;Entrega realizada;Entrega Finalizada;9;4;1;4;RIO VERMELHO;9013;;;
MOBIS BRASIL FABRICACAO DE AUTO PECAS LT;RODOVIARIO;1487546;01/04/2026;3;335590;01/04/2026;SAGA KOREA COM. DE VEIC. E PC. LTDA;1,27E+13;BRASILIA;DF;01/04/2026;09/04/2026;07/04/2026;Entregue No Prazo;;Entrega realizada;Entrega Finalizada;9;4;1;4;RIO VERMELHO;7005;;;
MOBIS BRASIL FABRICACAO DE AUTO PECAS LT;RODOVIARIO;1487588;01/04/2026;4;335621;01/04/2026;CHINHAN AUTOMOVEIS LTDA.;2,41E+13;CACADOR;SC;01/04/2026;10/04/2026;07/04/2026;Entregue No Prazo;;Entrega realizada;Entrega Finalizada;10;4;1;4;TRANSTRY;24020;;;
MOBIS BRASIL FABRICACAO DE AUTO PECAS LT;RODOVIARIO;1487574;01/04/2026;1;335686;01/04/2026;SAGA ASIA COM. DE VEIC.PC.E SERV. LTDA;2,14E+13;PORTO VELHO;RO;01/04/2026;15/04/2026;07/04/2026;Entregue No Prazo;;Entrega realizada;Entrega Finalizada;15;4;1;4;CARVALIMA;21003;;;
MOBIS BRASIL FABRICACAO DE AUTO PECAS LT;RODOVIARIO;1487575;01/04/2026;1;335686;01/04/2026;SAGA ASIA COM. DE VEIC.PC.E SERV. LTDA;2,14E+13;PORTO VELHO;RO;01/04/2026;15/04/2026;07/04/2026;Entregue No Prazo;;Entrega realizada;Entrega Finalizada;15;4;1;4;CARVALIMA;21003;;;
MOBIS BRASIL FABRICACAO DE AUTO PECAS LT;RODOVIARIO;1488338;02/04/2026;126;335798;02/04/2026;BILLY DISTRIBUIDORA DE VEICULOS LTDA;1,34E+13;SAO CAETANO DO SUL;SP;02/04/2026;06/04/2026;07/04/2026;Entregue Fora do Prazo;;Entrega realizada;Entrega Finalizada;6;4;2;4;RISSO;26003;;;
MOBIS BRASIL FABRICACAO DE AUTO PECAS LT;RODOVIARIO;1488345;02/04/2026;1;335803;02/04/2026;CAOA MOTOR DO BRASIL LTDA;1,68E+13;SANTO ANDRE;SP;02/04/2026;06/04/2026;07/04/2026;Entregue Fora do Prazo;;Entrega realizada;Entrega Finalizada;6;4;2;4;RISSO;5008;;;
MOBIS BRASIL FABRICACAO DE AUTO PECAS LT;RODOVIARIO;1488335;02/04/2026;2;335809;02/04/2026;CHS MOTORS VEICULOS PECAS E SERV. LTDA.;1,69E+13;SAO PAULO;SP;02/04/2026;06/04/2026;07/04/2026;Entregue Fora do Prazo;;Entrega realizada;Entrega Finalizada;6;4;2;4;RISSO;26036;;;
MOBIS BRASIL FABRICACAO DE AUTO PECAS LT;RODOVIARIO;1488327;02/04/2026;3;335824;02/04/2026;NOBRE DISTRIBUIDORA DE VEICULOS E PECAS;5,76E+12;MOGI DAS CRUZES;SP;02/04/2026;06/04/2026;07/04/2026;Entregue Fora do Prazo;;Entrega realizada;Entrega Finalizada;6;4;2;4;RISSO;26004;;;
MOBIS BRASIL FABRICACAO DE AUTO PECAS LT;RODOVIARIO;1488277;02/04/2026;7;335773;02/04/2026;BDG AUTOVILLE VEICULOS LTDA;4,77E+13;CONTAGEM;MG;02/04/2026;07/04/2026;07/04/2026;Entregue No Prazo;;Entrega realizada;Entrega Finalizada;7;4;2;4;XD BETIM;11037;;;
MOBIS BRASIL FABRICACAO DE AUTO PECAS LT;RODOVIARIO;1488273;02/04/2026;2;335774;02/04/2026;CARBEL KOREA VEICULOS LTDA;2,07E+13;BELO HORIZONTE;MG;02/04/2026;07/04/2026;07/04/2026;Entregue No Prazo;;Entrega realizada;Entrega Finalizada;7;4;2;4;XD BETIM;11021;;;
MOBIS BRASIL FABRICACAO DE AUTO PECAS LT;RODOVIARIO;1488272;02/04/2026;17;335784;02/04/2026;TAI MOTORS VEICULOS S/A;9,27E+12;BELO HORIZONTE;MG;02/04/2026;07/04/2026;07/04/2026;Entregue No Prazo;;Entrega realizada;Entrega Finalizada;7;4;2;4;XD BETIM;8002;;;
MOBIS BRASIL FABRICACAO DE AUTO PECAS LT;RODOVIARIO;1488579;02/04/2026;7;335794;02/04/2026;ANDRETA II DISTRIBUIDORA DE VEIC. LTDA;9,10E+12;AMERICANA;SP;02/04/2026;07/04/2026;07/04/2026;Entregue No Prazo;;Entrega realizada;Entrega Finalizada;7;4;2;4;RISSO;26011;;;
MOBIS BRASIL FABRICACAO DE AUTO PECAS LT;RODOVIARIO;1488339;02/04/2026;2;335795;02/04/2026;ANDRETA II DISTRIBUIDORA DE VEIC. LTDA;9,10E+12;INDAIATUBA;SP;02/04/2026;07/04/2026;07/04/2026;Entregue No Prazo;;Entrega realizada;Entrega Finalizada;7;4;2;4;RISSO;26011;;;
MOBIS BRASIL FABRICACAO DE AUTO PECAS LT;RODOVIARIO;1488346;02/04/2026;3;335802;02/04/2026;CAOA MOTOR DO BRASIL LTDA;1,68E+13;TAUBATE;SP;02/04/2026;07/04/2026;07/04/2026;Entregue No Prazo;;Entrega realizada;Entrega Finalizada;7;4;2;4;RISSO;5008;;;
MOBIS BRASIL FABRICACAO DE AUTO PECAS LT;RODOVIARIO;1488347;02/04/2026;15;335811;02/04/2026;DESTAQUE SEUL DISTR. DE VEIC. E PC. LTDA;2,12E+13;ATIBAIA;SP;02/04/2026;07/04/2026;07/04/2026;Entregue No Prazo;;Entrega realizada;Entrega Finalizada;7;4;2;4;RISSO;26075;;;
MOBIS BRASIL FABRICACAO DE AUTO PECAS LT;RODOVIARIO;1488332;02/04/2026;2;335819;02/04/2026;MOTONET COMERCIO DE VEICULOS LTDA;9,28E+12;SOROCABA;SP;02/04/2026;07/04/2026;07/04/2026;Entregue No Prazo;;Entrega realizada;Entrega Finalizada;7;4;2;4;RISSO;26113;;;
MOBIS BRASIL FABRICACAO DE AUTO PECAS LT;RODOVIARIO;1488300;02/04/2026;2;336057;02/04/2026;BARI VEICULOS LTDA;7,46E+12;CURITIBA;PR;02/04/2026;07/04/2026;07/04/2026;Entregue No Prazo;;Entrega realizada;Entrega Finalizada;7;4;2;4;TRANSTRY;18024;;;
MOBIS BRASIL FABRICACAO DE AUTO PECAS LT;RODOVIARIO;1488299;02/04/2026;1;336057;02/04/2026;BARI VEICULOS LTDA;7,46E+12;CURITIBA;PR;02/04/2026;07/04/2026;07/04/2026;Entregue No Prazo;;Entrega realizada;Entrega Finalizada;7;4;2;4;TRANSTRY;18024;;;
MOBIS BRASIL FABRICACAO DE AUTO PECAS LT;RODOVIARIO;1488269;02/04/2026;1;335787;02/04/2026;TOKSU COMERCIO DE VEICULOS LTDA;1,12E+13;JUIZ DE FORA;MG;02/04/2026;08/04/2026;07/04/2026;Entregue No Prazo;;Entrega realizada;Entrega Finalizada;8;4;2;4;XD BETIM;11008;;;
MOBIS BRASIL FABRICACAO DE AUTO PECAS LT;RODOVIARIO;1488271;02/04/2026;1;335790;02/04/2026;URCA MOTORS VEICULOS LTDA;8,77E+12;UBERABA;MG;02/04/2026;08/04/2026;07/04/2026;Entregue No Prazo;;Entrega realizada;Entrega Finalizada;8;4;2;4;XD BETIM;9014;;;
MOBIS BRASIL FABRICACAO DE AUTO PECAS LT;RODOVIARIO;1488268;02/04/2026;11;335791;02/04/2026;URCA MOTORS VEICULOS LTDA;8,77E+12;UBERLANDIA;MG;02/04/2026;08/04/2026;07/04/2026;Entregue No Prazo;;Entrega realizada;Entrega Finalizada;8;4;2;4;XD BETIM;9014;;;
MOBIS BRASIL FABRICACAO DE AUTO PECAS LT;RODOVIARIO;1488582;02/04/2026;2;335820;02/04/2026;NEW VEICULOS E PECAS LTDA;1,59E+13;BARRETOS;SP;02/04/2026;08/04/2026;07/04/2026;Entregue No Prazo;;Entrega realizada;Entrega Finalizada;8;4;2;4;RISSO;26014;;;
MOBIS BRASIL FABRICACAO DE AUTO PECAS LT;RODOVIARIO;1488343;02/04/2026;1;335822;02/04/2026;NOBRE DISTRIBUIDORA DE VEIC. E PEC. LTDA;5,76E+12;APARECIDA;SP;02/04/2026;08/04/2026;07/04/2026;Entregue No Prazo;;Entrega realizada;Entrega Finalizada;8;4;2;4;RISSO;26053;;;
MOBIS BRASIL FABRICACAO DE AUTO PECAS LT;RODOVIARIO;1488293;02/04/2026;1;336052;02/04/2026;BARI VEICULOS LTDA;7,46E+12;GUARAPUAVA;PR;02/04/2026;08/04/2026;07/04/2026;Entregue No Prazo;;Entrega realizada;Entrega Finalizada;8;4;2;4;TRANSTRY;18024;;;
MOBIS BRASIL FABRICACAO DE AUTO PECAS LT;RODOVIARIO;1488298;02/04/2026;3;336053;02/04/2026;BARI VEICULOS LTDA;7,46E+12;SAO JOSE DOS PINHAIS;PR;02/04/2026;08/04/2026;07/04/2026;Entregue No Prazo;;Entrega realizada;Entrega Finalizada;8;4;2;4;TRANSTRY;18024;;;
MOBIS BRASIL FABRICACAO DE AUTO PECAS LT;RODOVIARIO;1488321;02/04/2026;8;336058;02/04/2026;BARI VEICULOS LTDA.;7,46E+12;JOINVILLE;SC;02/04/2026;08/04/2026;07/04/2026;Entregue No Prazo;;Entrega realizada;Entrega Finalizada;8;4;2;4;TRANSTRY;24013;;;
MOBIS BRASIL FABRICACAO DE AUTO PECAS LT;RODOVIARIO;1488292;02/04/2026;1;336073;02/04/2026;ZENDAI VEICULOS LTDA;1,97E+13;TOLEDO;PR;02/04/2026;09/04/2026;07/04/2026;Entregue No Prazo;;Entrega realizada;Entrega Finalizada;9;4;2;4;TRANSTRY;18016;;;
MOBIS BRASIL FABRICACAO DE AUTO PECAS LT;RODOVIARIO;1488263;02/04/2026;2;335777;02/04/2026;NISA COMERCIAL DE VEIC. AUTOMOTORES LTDA;1,03E+13;GOIANIA;GO;02/04/2026;10/04/2026;07/04/2026;Entregue No Prazo;;Entrega realizada;Entrega Finalizada;10;4;2;4;RIO VERMELHO;9013;;;
MOBIS BRASIL FABRICACAO DE AUTO PECAS LT;RODOVIARIO;1488261;02/04/2026;5;335778;02/04/2026;NISA COMERCIAL DE VEIC. AUTOMOTORES LTDA;1,03E+13;APARECIDA DE GOIANIA;GO;02/04/2026;10/04/2026;07/04/2026;Entregue No Prazo;;Entrega realizada;Entrega Finalizada;10;4;2;4;RIO VERMELHO;9002;;;
MOBIS BRASIL FABRICACAO DE AUTO PECAS LT;RODOVIARIO;1488262;02/04/2026;2;335781;02/04/2026;SAGA KOREA COM. DE VEIC. E PC. LTDA;1,27E+13;GOIANIA;GO;02/04/2026;10/04/2026;07/04/2026;Entregue No Prazo;;Entrega realizada;Entrega Finalizada;10;4;2;4;RIO VERMELHO;9011;;;
MOBIS BRASIL FABRICACAO DE AUTO PECAS LT;RODOVIARIO;1488258;02/04/2026;1;335782;02/04/2026;SMAFF IMPORT VEICULOS LTDA;8,18E+12;BRASILIA;DF;02/04/2026;10/04/2026;07/04/2026;Entregue No Prazo;;Entrega realizada;Entrega Finalizada;10;4;2;4;RIO VERMELHO;7002;;;
MOBIS BRASIL FABRICACAO DE AUTO PECAS LT;RODOVIARIO;1488587;02/04/2026;3;335783;02/04/2026;SMAFF IMPORT VEICULOS LTDA;8,18E+12;BRASILIA;DF;02/04/2026;10/04/2026;07/04/2026;Entregue No Prazo;;Entrega realizada;Entrega Finalizada;10;4;2;4;RIO VERMELHO;7002;;;
MOBIS BRASIL FABRICACAO DE AUTO PECAS LT;RODOVIARIO;1488323;02/04/2026;1;336060;02/04/2026;CHINHAN AUTOMOVEIS LTDA;2,41E+13;CONCORDIA;SC;02/04/2026;10/04/2026;07/04/2026;Entregue No Prazo;;Entrega realizada;Entrega Finalizada;10;4;2;4;TRANSTRY;23019;;;
MOBIS BRASIL FABRICACAO DE AUTO PECAS LT;RODOVIARIO;1488279;02/04/2026;2;336024;02/04/2026;COMETA MATO GROSSO COM. DE VEICULOS LTDA;1,54E+13;TANGARA DA SERRA;MT;02/04/2026;13/04/2026;07/04/2026;Entregue No Prazo;;Entrega realizada;Entrega Finalizada;13;4;2;4;CARVALIMA;13007;;;
MOBIS BRASIL FABRICACAO DE AUTO PECAS LT;RODOVIARIO;1488324;02/04/2026;11;336061;02/04/2026;CHINHAN AUTOMOVEIS LTDA.;2,41E+13;CACADOR;SC;02/04/2026;13/04/2026;07/04/2026;Entregue No Prazo;;Entrega realizada;Entrega Finalizada;13;4;2;4;TRANSTRY;24020;;;
MOBIS BRASIL FABRICACAO DE AUTO PECAS LT;RODOVIARIO;1488969;06/04/2026;7;336092;06/04/2026;BILLY DISTRIBUIDORA DE VEICULOS LTDA;1,34E+13;BARUERI;SP;06/04/2026;08/04/2026;07/04/2026;Entregue No Prazo;;Entrega realizada;Entrega Finalizada;8;4;6;4;RISSO;26003;;;
MOBIS BRASIL FABRICACAO DE AUTO PECAS LT;RODOVIARIO;1488981;06/04/2026;1;336095;06/04/2026;CAOA MOTOR DO BRASIL LTDA (VL PRUDENTE);1,68E+13;SAO PAULO;SP;06/04/2026;08/04/2026;07/04/2026;Entregue No Prazo;;Entrega realizada;Entrega Finalizada;8;4;6;4;RISSO;26051;;;
MOBIS BRASIL FABRICACAO DE AUTO PECAS LT;RODOVIARIO;1488990;06/04/2026;1;336096;06/04/2026;CHS MOTORS VEICULOS PECAS E SERV.  LTDA;1,69E+13;SAO PAULO;SP;06/04/2026;08/04/2026;07/04/2026;Entregue No Prazo;;Entrega realizada;Entrega Finalizada;8;4;6;4;RISSO;26108;;;
MOBIS BRASIL FABRICACAO DE AUTO PECAS LT;RODOVIARIO;1488988;06/04/2026;7;336103;06/04/2026;GRANDAY AUTOMOTORES LTDA (CHAC. CALIFOR);1,57E+13;SAO PAULO;SP;06/04/2026;08/04/2026;07/04/2026;Entregue No Prazo;;Entrega realizada;Entrega Finalizada;8;4;6;4;RISSO;26090;;;
MOBIS BRASIL FABRICACAO DE AUTO PECAS LT;RODOVIARIO;1488986;06/04/2026;2;336111;06/04/2026;NOBRE SP DISTRIB. DE VEIC. E PEC. LTDA;1,70E+13;SAO PAULO;SP;06/04/2026;08/04/2026;07/04/2026;Entregue No Prazo;;Entrega realizada;Entrega Finalizada;8;4;6;4;RISSO;26081;;;
MOBIS BRASIL FABRICACAO DE AUTO PECAS LT;RODOVIARIO;1488973;06/04/2026;3;336090;06/04/2026;ANDRETA II DISTRIBUIDORA DE VEIC. LTDA;9,10E+12;CAMPINAS;SP;06/04/2026;09/04/2026;07/04/2026;Entregue No Prazo;;Entrega realizada;Entrega Finalizada;9;4;6;4;RISSO;26011;;;
MOBIS BRASIL FABRICACAO DE AUTO PECAS LT;RODOVIARIO;1488974;06/04/2026;27;336090;06/04/2026;ANDRETA II DISTRIBUIDORA DE VEIC. LTDA;9,10E+12;CAMPINAS;SP;06/04/2026;09/04/2026;07/04/2026;Entregue No Prazo;;Entrega realizada;Entrega Finalizada;9;4;6;4;RISSO;26011;;;
MOBIS BRASIL FABRICACAO DE AUTO PECAS LT;RODOVIARIO;1488972;06/04/2026;2;336099;06/04/2026;DHC COMERCIO DE VEICULOS E PECAS LTDA;9,52E+12;BAURU;SP;06/04/2026;09/04/2026;07/04/2026;Entregue No Prazo;;Entrega realizada;Entrega Finalizada;9;4;6;4;RISSO;26010;;;
MOBIS BRASIL FABRICACAO DE AUTO PECAS LT;RODOVIARIO;1488985;06/04/2026;1;336100;06/04/2026;DHC COMERCIO DE VEICULOS E PECAS LTDA;9,52E+12;JAU;SP;06/04/2026;10/04/2026;07/04/2026;Entregue No Prazo;;Entrega realizada;Entrega Finalizada;10;4;6;4;RISSO;26010;;;
MOBIS BRASIL FABRICACAO DE AUTO PECAS LT;RODOVIARIO;1488989;06/04/2026;8;336104;06/04/2026;H - CAMINHO AUTOMOVEIS LTDA;2,53E+13;PIRACICABA;SP;06/04/2026;10/04/2026;07/04/2026;Entregue No Prazo;;Entrega realizada;Entrega Finalizada;10;4;6;4;RISSO;26092;;;
MOBIS BRASIL FABRICACAO DE AUTO PECAS LT;RODOVIARIO;1488968;06/04/2026;6;336106;06/04/2026;HYMAX DISTRIBUIDORA DE VEICULOS LTDA;1,73E+13;MOGI GUACU;SP;06/04/2026;10/04/2026;07/04/2026;Entregue No Prazo;;Entrega realizada;Entrega Finalizada;10;4;6;4;RISSO;26002;;;
MOBIS BRASIL FABRICACAO DE AUTO PECAS LT;RODOVIARIO;1488275;02/04/2026;1;335785;02/04/2026;TOKSU COMERCIO DE VEICULOS LTDA;1,12E+13;VARGINHA;MG;02/04/2026;08/04/2026;07/04/2026;Entregue No Prazo;;Entrega realizada;Entrega Finalizada;8;4;2;4;XD BETIM;11008;;;
MOBIS BRASIL FABRICACAO DE AUTO PECAS LT;RODOVIARIO;1488274;02/04/2026;4;335786;02/04/2026;TOKSU COMERCIO DE VEICULOS LTDA;1,12E+13;POUSO ALEGRE;MG;02/04/2026;08/04/2026;07/04/2026;Entregue No Prazo;;Entrega realizada;Entrega Finalizada;8;4;2;4;XD BETIM;11008;;;
MOBIS BRASIL FABRICACAO DE AUTO PECAS LT;RODOVIARIO;1488270;02/04/2026;1;335775;02/04/2026;IMOTORS VEICULOS LTDA;7,17E+12;JUIZ DE FORA;MG;02/04/2026;08/04/2026;07/04/2026;Entregue No Prazo;;Entrega realizada;Entrega Finalizada;8;4;2;4;XD BETIM;11010;;;
MOBIS BRASIL FABRICACAO DE AUTO PECAS LT;RODOVIARIO;1473009;04/03/2026;1;330795;04/03/2026;POLE POSITION TECNOLOGIA LTDA;3,45E+13;MANAUS;AM;04/03/2026;30/03/2026;08/04/2026;Entregue Fora do Prazo;;Entrega realizada;Entrega Finalizada;30;3;4;3;NORTEX;3001;;;
MOBIS BRASIL FABRICACAO DE AUTO PECAS LT;RODOVIARIO;1479504;18/03/2026;2;333215;18/03/2026;GREEN CITY VEICULOS LTDA;2,10E+13;PARNAIBA;PI;18/03/2026;07/04/2026;08/04/2026;Entregue Fora do Prazo;;Entrega realizada;Entrega Finalizada;7;4;18;3;TERMACO;17002;;;
MOBIS BRASIL FABRICACAO DE AUTO PECAS LT;RODOVIARIO;1480847;20/03/2026;1;333710;20/03/2026;SAINT LAND COMERCIO DE VEICULOS LTDA;1,04E+13;JUAZEIRO DO NORTE;CE;20/03/2026;07/04/2026;08/04/2026;Entregue Fora do Prazo;;Entrega realizada;Entrega Finalizada;7;4;20;3;TERMACO;6010;;;
MOBIS BRASIL FABRICACAO DE AUTO PECAS LT;RODOVIARIO;1483498;25/03/2026;9;334512;25/03/2026;PATEO COMERCIO DE VEICULOS S A;7,78E+12;RECIFE;PE;25/03/2026;09/04/2026;08/04/2026;Entregue No Prazo;;Entrega realizada;Entrega Finalizada;9;4;25;3;TERMACO;16004;;;
MOBIS BRASIL FABRICACAO DE AUTO PECAS LT;RODOVIARIO;1483499;25/03/2026;1;334510;25/03/2026;GREEN CITY VEICULOS LTDA;2,10E+13;TERESINA;PI;25/03/2026;10/04/2026;08/04/2026;Entregue No Prazo;;Entrega realizada;Entrega Finalizada;10;4;25;3;TERMACO;17002;;;
MOBIS BRASIL FABRICACAO DE AUTO PECAS LT;RODOVIARIO;1484152;26/03/2026;1;334743;26/03/2026;GRANDE COREIA COMERCIO DE VEICULOS LTDA;2,66E+13;BELEM;PA;26/03/2026;08/04/2026;08/04/2026;Entregue No Prazo;;Entrega realizada;Entrega Finalizada;8;4;26;3;CARVALIMA;14007;;;
MOBIS BRASIL FABRICACAO DE AUTO PECAS LT;RODOVIARIO;1484158;26/03/2026;17;334756;26/03/2026;PATEO COMERCIO DE VEICULOS S A;7,78E+12;RECIFE;PE;26/03/2026;10/04/2026;08/04/2026;Entregue No Prazo;;Entrega realizada;Entrega Finalizada;10;4;26;3;TERMACO;16004;;;
MOBIS BRASIL FABRICACAO DE AUTO PECAS LT;RODOVIARIO;1484157;26/03/2026;2;334756;26/03/2026;PATEO COMERCIO DE VEICULOS S A;7,78E+12;RECIFE;PE;26/03/2026;10/04/2026;08/04/2026;Entregue No Prazo;;Entrega realizada;Entrega Finalizada;10;4;26;3;TERMACO;16004;;;
MOBIS BRASIL FABRICACAO DE AUTO PECAS LT;RODOVIARIO;1484925;27/03/2026;1;335022;27/03/2026;PATEO COMERCIO DE VEICULOS S A;7,78E+12;RECIFE;PE;27/03/2026;13/04/2026;08/04/2026;Entregue No Prazo;;Entrega realizada;Entrega Finalizada;13;4;27;3;TERMACO;16004;;;
MOBIS BRASIL FABRICACAO DE AUTO PECAS LT;RODOVIARIO;1484905;27/03/2026;34;335023;27/03/2026;PATEO COMERCIO DE VEICULOS S A;7,78E+12;SAO LUIS;MA;27/03/2026;13/04/2026;08/04/2026;Entregue No Prazo;;Entrega realizada;Entrega Finalizada;13;4;27;3;TERMACO;10002;;;
MOBIS BRASIL FABRICACAO DE AUTO PECAS LT;RODOVIARIO;1485696;30/03/2026;1;335126;30/03/2026;GOLDEN MOTORS VEICULOS LTDA;3,62E+12;DOURADOS;MS;30/03/2026;07/04/2026;08/04/2026;Entregue Fora do Prazo;;Entrega realizada;Entrega Finalizada;7;4;30;3;CARVALIMA;12001;;;
MOBIS BRASIL FABRICACAO DE AUTO PECAS LT;RODOVIARIO;1485776;30/03/2026;2;335050;30/03/2026;PRIVILLEGE DISTRIBUIDORA DE VEICULOS LTD;1,72E+13;PALMAS;TO;30/03/2026;08/04/2026;08/04/2026;Entregue No Prazo;;Entrega realizada;Entrega Finalizada;8;4;30;3;RIO VERMELHO;27003;;;
MOBIS BRASIL FABRICACAO DE AUTO PECAS LT;RODOVIARIO;1485775;30/03/2026;5;335050;30/03/2026;PRIVILLEGE DISTRIBUIDORA DE VEICULOS LTD;1,72E+13;PALMAS;TO;30/03/2026;08/04/2026;08/04/2026;Entregue No Prazo;;Entrega realizada;Entrega Finalizada;8;4;30;3;RIO VERMELHO;27003;;;
MOBIS BRASIL FABRICACAO DE AUTO PECAS LT;RODOVIARIO;1485701;30/03/2026;1;335134;30/03/2026;NACIONAL NOVA MARABA DIST DE VEIC. LTDA;1,70E+13;MARABA;PA;30/03/2026;13/04/2026;08/04/2026;Entregue No Prazo;;Entrega realizada;Entrega Finalizada;13;4;30;3;CARVALIMA;14005;;;
MOBIS BRASIL FABRICACAO DE AUTO PECAS LT;RODOVIARIO;1485708;30/03/2026;1;335131;30/03/2026;JPN COMERCIO DE AUTOMOVEIS LTDA;2,61E+13;GARANHUNS;PE;30/03/2026;15/04/2026;08/04/2026;Entregue No Prazo;;Entrega realizada;Entrega Finalizada;15;4;30;3;TERMACO;16009;;;
MOBIS BRASIL FABRICACAO DE AUTO PECAS LT;RODOVIARIO;1486720;31/03/2026;2;335573;31/03/2026;VIA BRASIL AUTOMOVEIS LTDA.;4,72E+12;SERRA;ES;31/03/2026;07/04/2026;08/04/2026;Entregue Fora do Prazo;;Entrega realizada;Entrega Finalizada;7;4;31;3;CAMILO;8001;;;
MOBIS BRASIL FABRICACAO DE AUTO PECAS LT;RODOVIARIO;1486778;31/03/2026;2;335411;31/03/2026;HOUSE PARTS - COM. DE PECAS E VEIC. LTDA;1,15E+13;SANTA MARIA;RS;31/03/2026;08/04/2026;08/04/2026;Entregue No Prazo;;Entrega realizada;Entrega Finalizada;8;4;31;3;TRANSTRY;23008;;;
MOBIS BRASIL FABRICACAO DE AUTO PECAS LT;RODOVIARIO;1486740;31/03/2026;7;335546;31/03/2026;GOLDEN MOTORS VEICULOS LTDA;3,62E+12;DOURADOS;MS;31/03/2026;08/04/2026;08/04/2026;Entregue No Prazo;;Entrega realizada;Entrega Finalizada;8;4;31;3;CARVALIMA;12001;;;
MOBIS BRASIL FABRICACAO DE AUTO PECAS LT;RODOVIARIO;1486746;31/03/2026;7;335537;31/03/2026;CAOA MOTOR DO BRASIL LTDA;1,68E+13;BELEM;PA;31/03/2026;13/04/2026;08/04/2026;Entregue No Prazo;;Entrega realizada;Entrega Finalizada;13;4;31;3;CARVALIMA;5008;;;
MOBIS BRASIL FABRICACAO DE AUTO PECAS LT;RODOVIARIO;1486744;31/03/2026;2;335572;31/03/2026;UNIQUE COMERCIO DE AUTOMOVEIS LTDA;1,74E+13;ANANINDEUA;PA;31/03/2026;13/04/2026;08/04/2026;Entregue No Prazo;;Entrega realizada;Entrega Finalizada;13;4;31;3;CARVALIMA;14003;;;
MOBIS BRASIL FABRICACAO DE AUTO PECAS LT;RODOVIARIO;1486745;31/03/2026;26;335572;31/03/2026;UNIQUE COMERCIO DE AUTOMOVEIS LTDA;1,74E+13;ANANINDEUA;PA;31/03/2026;13/04/2026;08/04/2026;Entregue No Prazo;;Entrega realizada;Entrega Finalizada;13;4;31;3;CARVALIMA;14003;;;
MOBIS BRASIL FABRICACAO DE AUTO PECAS LT;RODOVIARIO;1486713;31/03/2026;2;335553;31/03/2026;MASTER COMERCIAL DE VEICULOS LTDA;2,85E+13;BARREIRAS;BA;31/03/2026;15/04/2026;08/04/2026;Entregue No Prazo;;Entrega realizada;Entrega Finalizada;15;4;31;3;TERMACO;5012;;;
MOBIS BRASIL FABRICACAO DE AUTO PECAS LT;RODOVIARIO;1486772;31/03/2026;11;335567;31/03/2026;SAINT LAND COMERCIO DE VEICULOS LTDA;1,04E+13;NATAL;RN;31/03/2026;15/04/2026;08/04/2026;Entregue No Prazo;;Entrega realizada;Entrega Finalizada;15;4;31;3;TERMACO;6010;;;
MOBIS BRASIL FABRICACAO DE AUTO PECAS LT;RODOVIARIO;1486771;31/03/2026;4;335558;31/03/2026;ORIENTE AUTOMOVEIS LTDA;1,33E+13;PARNAMIRIM;RN;31/03/2026;16/04/2026;08/04/2026;Entregue No Prazo;;Entrega realizada;Entrega Finalizada;16;4;31;3;TERMACO;20001;;;
MOBIS BRASIL FABRICACAO DE AUTO PECAS LT;RODOVIARIO;1487598;01/04/2026;21;335611;01/04/2026;MOTONET COMERCIO DE VEICULOS LTDA;9,28E+12;SOROCABA;SP;01/04/2026;06/04/2026;08/04/2026;Entregue Fora do Prazo;Avaria;Entrega realizada;Entrega Finalizada;6;4;1;4;RISSO;26113;;;
MOBIS BRASIL FABRICACAO DE AUTO PECAS LT;RODOVIARIO;1487597;01/04/2026;3;335611;01/04/2026;MOTONET COMERCIO DE VEICULOS LTDA;9,28E+12;SOROCABA;SP;01/04/2026;06/04/2026;08/04/2026;Entregue Fora do Prazo;;Entrega realizada;Entrega Finalizada;6;4;1;4;RISSO;26113;;;
MOBIS BRASIL FABRICACAO DE AUTO PECAS LT;RODOVIARIO;1487567;01/04/2026;6;335674;01/04/2026;AMX COM. E SERVICOS DE AUTOMOTORES LTDA;1,20E+13;RIO DE JANEIRO;RJ;01/04/2026;07/04/2026;08/04/2026;Entregue Fora do Prazo;;Entrega realizada;Entrega Finalizada;7;4;1;4;CAMILO;19009;;;
MOBIS BRASIL FABRICACAO DE AUTO PECAS LT;RODOVIARIO;1487569;01/04/2026;1;335677;01/04/2026;CAOA MOTOR DO BRASIL LTDA;1,68E+13;NITEROI;RJ;01/04/2026;07/04/2026;08/04/2026;Entregue Fora do Prazo;;Entrega realizada;Entrega Finalizada;7;4;1;4;CAMILO;5008;;;
MOBIS BRASIL FABRICACAO DE AUTO PECAS LT;RODOVIARIO;1488015;01/04/2026;13;335682;01/04/2026;ITAVEMA MOTORS VEICULOS LTDA;7,73E+12;RIO DE JANEIRO;RJ;01/04/2026;07/04/2026;08/04/2026;Entregue Fora do Prazo;;Entrega realizada;Entrega Finalizada;7;4;1;4;CAMILO;19001;;;
MOBIS BRASIL FABRICACAO DE AUTO PECAS LT;RODOVIARIO;1487570;01/04/2026;6;335691;01/04/2026;TAI MOTORS VEICULOS S/A.;9,27E+12;CAMPOS DOS GOYTACAZES;RJ;01/04/2026;08/04/2026;08/04/2026;Entregue No Prazo;;Entrega realizada;Entrega Finalizada;8;4;1;4;CAMILO;19023;;;
MOBIS BRASIL FABRICACAO DE AUTO PECAS LT;RODOVIARIO;1487580;01/04/2026;3;335623;01/04/2026;HOUSE PARTS - COM. DE PECAS E VEIC. LTDA;1,15E+13;SANTA CRUZ DO SUL;RS;01/04/2026;09/04/2026;08/04/2026;Entregue No Prazo;;Entrega realizada;Entrega Finalizada;9;4;1;4;TRANSTRY;23017;;;
MOBIS BRASIL FABRICACAO DE AUTO PECAS LT;RODOVIARIO;1487578;01/04/2026;1;335624;01/04/2026;HOUSE PARTS - COM. DE PECAS E VEIC. LTDA;1,15E+13;SANTA MARIA;RS;01/04/2026;09/04/2026;08/04/2026;Entregue No Prazo;;Entrega realizada;Entrega Finalizada;9;4;1;4;TRANSTRY;23008;;;
MOBIS BRASIL FABRICACAO DE AUTO PECAS LT;RODOVIARIO;1487544;01/04/2026;1;335685;01/04/2026;PATEO COMERCIO DE VEICULOS S A;7,78E+12;SALVADOR;BA;01/04/2026;13/04/2026;08/04/2026;Entregue No Prazo;;Entrega realizada;Entrega Finalizada;13;4;1;4;TERMACO;5003;;;
MOBIS BRASIL FABRICACAO DE AUTO PECAS LT;RODOVIARIO;1487557;01/04/2026;1;335679;01/04/2026;GRANDE COREIA COMERCIO DE VEICULOS LTDA;2,66E+13;BELEM;PA;01/04/2026;14/04/2026;08/04/2026;Entregue No Prazo;;Entrega realizada;Entrega Finalizada;14;4;1;4;CARVALIMA;14007;;;
MOBIS BRASIL FABRICACAO DE AUTO PECAS LT;RODOVIARIO;1487589;01/04/2026;2;335689;01/04/2026;SAINT LAND COMERCIO DE VEICULOS LTDA;1,04E+13;ARACAJU;SE;01/04/2026;14/04/2026;08/04/2026;Entregue No Prazo;;Entrega realizada;Entrega Finalizada;14;4;1;4;TERMACO;6010;;;
MOBIS BRASIL FABRICACAO DE AUTO PECAS LT;RODOVIARIO;1488021;01/04/2026;1;335690;01/04/2026;SEVEL VEICULOS LTDA;1,07E+13;ARACAJU;SE;01/04/2026;14/04/2026;08/04/2026;Entregue No Prazo;;Entrega realizada;Entrega Finalizada;14;4;1;4;TERMACO;25001;;;
MOBIS BRASIL FABRICACAO DE AUTO PECAS LT;RODOVIARIO;1488019;01/04/2026;11;335690;01/04/2026;SEVEL VEICULOS LTDA;1,07E+13;ARACAJU;SE;01/04/2026;14/04/2026;08/04/2026;Entregue No Prazo;;Entrega realizada;Entrega Finalizada;14;4;1;4;TERMACO;25001;;;
MOBIS BRASIL FABRICACAO DE AUTO PECAS LT;RODOVIARIO;1487556;01/04/2026;1;335692;01/04/2026;UNIQUE COMERCIO DE AUTOMOVEIS LTDA;1,74E+13;ANANINDEUA;PA;01/04/2026;14/04/2026;08/04/2026;Entregue No Prazo;;Entrega realizada;Entrega Finalizada;14;4;1;4;CARVALIMA;14003;;;
MOBIS BRASIL FABRICACAO DE AUTO PECAS LT;RODOVIARIO;1488334;02/04/2026;4;335815;02/04/2026;GRAND SPORT COM. DE VEIC. E PECAS LTDA;8,58E+12;SAO PAULO;SP;02/04/2026;06/04/2026;08/04/2026;Entregue Fora do Prazo;;Entrega realizada;Entrega Finalizada;6;4;2;4;RISSO;26034;;;
MOBIS BRASIL FABRICACAO DE AUTO PECAS LT;RODOVIARIO;1488354;02/04/2026;1;335823;02/04/2026;NOBRE DISTRIBUIDORA DE VEIC. E PEC. LTDA;5,76E+12;SUZANO;SP;02/04/2026;06/04/2026;08/04/2026;Entregue Fora do Prazo;;Entrega realizada;Entrega Finalizada;6;4;2;4;RISSO;26103;;;
MOBIS BRASIL FABRICACAO DE AUTO PECAS LT;RODOVIARIO;1488303;02/04/2026;4;336017;02/04/2026;AMX COM. E SERVICOS DE AUTOMOTORES LTDA;1,20E+13;RIO DE JANEIRO;RJ;02/04/2026;08/04/2026;08/04/2026;Entregue No Prazo;;Entrega realizada;Entrega Finalizada;8;4;2;4;CAMILO;19009;;;
MOBIS BRASIL FABRICACAO DE AUTO PECAS LT;RODOVIARIO;1488305;02/04/2026;1;336020;02/04/2026;CAOA MOTOR DO BRASIL LTDA;1,68E+13;RIO DE JANEIRO;RJ;02/04/2026;08/04/2026;08/04/2026;Entregue No Prazo;;Entrega realizada;Entrega Finalizada;8;4;2;4;CAMILO;5008;;;
MOBIS BRASIL FABRICACAO DE AUTO PECAS LT;RODOVIARIO;1488306;02/04/2026;1;336021;02/04/2026;CAOA MOTOR DO BRASIL LTDA;1,68E+13;RIO DE JANEIRO;RJ;02/04/2026;08/04/2026;08/04/2026;Entregue No Prazo;;Entrega realizada;Entrega Finalizada;8;4;2;4;CAMILO;5008;;;
MOBIS BRASIL FABRICACAO DE AUTO PECAS LT;RODOVIARIO;1488568;02/04/2026;7;336028;02/04/2026;ITAVEMA MOTORS VEICULOS LTDA;7,73E+12;RIO DE JANEIRO;RJ;02/04/2026;08/04/2026;08/04/2026;Entregue No Prazo;;Entrega realizada;Entrega Finalizada;8;4;2;4;CAMILO;19001;;;
MOBIS BRASIL FABRICACAO DE AUTO PECAS LT;RODOVIARIO;1488302;02/04/2026;1;336029;02/04/2026;ITAVEMA MOTORS VEICULOS LTDA;7,73E+12;DUQUE DE CAXIAS;RJ;02/04/2026;08/04/2026;08/04/2026;Entregue No Prazo;;Entrega realizada;Entrega Finalizada;8;4;2;4;CAMILO;19001;;;
MOBIS BRASIL FABRICACAO DE AUTO PECAS LT;RODOVIARIO;1488311;02/04/2026;3;336065;02/04/2026;HOUSE PARTS-COM. DE PCS. E VEICULOS LTDA;1,15E+13;PORTO ALEGRE;RS;02/04/2026;08/04/2026;08/04/2026;Entregue No Prazo;;Entrega realizada;Entrega Finalizada;8;4;2;4;TRANSTRY;23004;;;
MOBIS BRASIL FABRICACAO DE AUTO PECAS LT;RODOVIARIO;1488310;02/04/2026;1;336065;02/04/2026;HOUSE PARTS-COM. DE PCS. E VEICULOS LTDA;1,15E+13;PORTO ALEGRE;RS;02/04/2026;08/04/2026;08/04/2026;Entregue No Prazo;;Entrega realizada;Entrega Finalizada;8;4;2;4;TRANSTRY;23004;;;
MOBIS BRASIL FABRICACAO DE AUTO PECAS LT;RODOVIARIO;1488290;02/04/2026;64;336066;02/04/2026;LOVAT VEICULOS S/A;8,57E+12;LONDRINA;PR;02/04/2026;08/04/2026;08/04/2026;Entregue No Prazo;;Entrega realizada;Entrega Finalizada;8;4;2;4;TRANSTRY;18008;;;
MOBIS BRASIL FABRICACAO DE AUTO PECAS LT;RODOVIARIO;1488297;02/04/2026;1;336071;02/04/2026;VETOR AUTOMOVEIS LTDA;2,12E+13;UMUARAMA;PR;02/04/2026;08/04/2026;08/04/2026;Entregue No Prazo;;Entrega realizada;Entrega Finalizada;8;4;2;4;TRANSTRY;18019;;;
MOBIS BRASIL FABRICACAO DE AUTO PECAS LT;RODOVIARIO;1488276;02/04/2026;1;335792;02/04/2026;VIME AUTOMOVEIS E PECAS LTDA;2,85E+13;GUAXUPE;MG;02/04/2026;09/04/2026;08/04/2026;Entregue No Prazo;;Entrega realizada;Entrega Finalizada;9;4;2;4;XD BETIM;11031;;;
MOBIS BRASIL FABRICACAO DE AUTO PECAS LT;RODOVIARIO;1488316;02/04/2026;2;336050;02/04/2026;ATUAL VEICULOS LTDA;1,33E+13;CRICIUMA;SC;02/04/2026;09/04/2026;08/04/2026;Entregue No Prazo;;Entrega realizada;Entrega Finalizada;9;4;2;4;TRANSTRY;24001;;;
MOBIS BRASIL FABRICACAO DE AUTO PECAS LT;RODOVIARIO;1488317;02/04/2026;6;336051;02/04/2026;ATUAL VEICULOS LTDA;1,33E+13;TUBARAO;SC;02/04/2026;09/04/2026;08/04/2026;Entregue No Prazo;;Entrega realizada;Entrega Finalizada;9;4;2;4;TRANSTRY;24001;;;
MOBIS BRASIL FABRICACAO DE AUTO PECAS LT;RODOVIARIO;1488320;02/04/2026;12;336056;02/04/2026;BARI VEICULOS LTDA;7,46E+12;BLUMENAU;SC;02/04/2026;09/04/2026;08/04/2026;Entregue No Prazo;;Entrega realizada;Entrega Finalizada;9;4;2;4;TRANSTRY;18024;;;
MOBIS BRASIL FABRICACAO DE AUTO PECAS LT;RODOVIARIO;1488315;02/04/2026;1;336064;02/04/2026;HOUSE PARTS COMERCIO DE PECAS E VEI;1,15E+13;CAXIAS DO SUL;RS;02/04/2026;09/04/2026;08/04/2026;Entregue No Prazo;;Entrega realizada;Entrega Finalizada;9;4;2;4;TRANSTRY;23023;;;
MOBIS BRASIL FABRICACAO DE AUTO PECAS LT;RODOVIARIO;1488319;02/04/2026;1;336067;02/04/2026;LR COMERCIO DE VEICULOS LTDA;1,05E+13;SAO JOSE;SC;02/04/2026;09/04/2026;08/04/2026;Entregue No Prazo;;Entrega realizada;Entrega Finalizada;9;4;2;4;TRANSTRY;24007;;;
MOBIS BRASIL FABRICACAO DE AUTO PECAS LT;RODOVIARIO;1488318;02/04/2026;2;336068;02/04/2026;LS COMERCIO DE AUTOMOVEIS LTDA.;1,03E+13;BRUSQUE;SC;02/04/2026;09/04/2026;08/04/2026;Entregue No Prazo;;Entrega realizada;Entrega Finalizada;9;4;2;4;TRANSTRY;24006;;;
MOBIS BRASIL FABRICACAO DE AUTO PECAS LT;RODOVIARIO;1488291;02/04/2026;25;336069;02/04/2026;SANTA FE VEICULOS LTDA.;1,16E+13;FRANCISCO BELTRAO;PR;02/04/2026;09/04/2026;08/04/2026;Entregue No Prazo;;Entrega realizada;Entrega Finalizada;9;4;2;4;TRANSTRY;18010;;;
MOBIS BRASIL FABRICACAO DE AUTO PECAS LT;RODOVIARIO;1488296;02/04/2026;1;336070;02/04/2026;VETOR AUTOMOVEIS LTDA;2,12E+13;FOZ DO IGUACU;PR;02/04/2026;09/04/2026;08/04/2026;Entregue No Prazo;;Entrega realizada;Entrega Finalizada;9;4;2;4;TRANSTRY;18019;;;
MOBIS BRASIL FABRICACAO DE AUTO PECAS LT;RODOVIARIO;1488301;02/04/2026;1;336072;02/04/2026;VETOR AUTOMOVEIS LTDA;2,12E+13;CAMPO MOURAO;PR;02/04/2026;09/04/2026;08/04/2026;Entregue No Prazo;;Entrega realizada;Entrega Finalizada;9;4;2;4;TRANSTRY;18019;;;
MOBIS BRASIL FABRICACAO DE AUTO PECAS LT;RODOVIARIO;1488322;02/04/2026;1;336055;02/04/2026;BARI VEICULOS LTDA;7,46E+12;BALNEARIO CAMBORIU;SC;02/04/2026;10/04/2026;08/04/2026;Entregue No Prazo;;Entrega realizada;Entrega Finalizada;10;4;2;4;TRANSTRY;18024;;;
MOBIS BRASIL FABRICACAO DE AUTO PECAS LT;RODOVIARIO;1488313;02/04/2026;2;336062;02/04/2026;HOUSE PARTS - COM. DE PECAS E VEIC. LTDA;1,15E+13;SANTA MARIA;RS;02/04/2026;10/04/2026;08/04/2026;Entregue No Prazo;;Entrega realizada;Entrega Finalizada;10;4;2;4;TRANSTRY;23008;;;
MOBIS BRASIL FABRICACAO DE AUTO PECAS LT;RODOVIARIO;1488314;02/04/2026;1;336063;02/04/2026;HOUSE PARTS - COM. DE PECAS E VEIC. LTDA;1,15E+13;SANTA CRUZ DO SUL;RS;02/04/2026;10/04/2026;08/04/2026;Entregue No Prazo;;Entrega realizada;Entrega Finalizada;10;4;2;4;TRANSTRY;23017;;;
MOBIS BRASIL FABRICACAO DE AUTO PECAS LT;RODOVIARIO;1488265;02/04/2026;1;335788;02/04/2026;URCA MOTORS VEICULOS LTDA;8,77E+12;ITUMBIARA;GO;02/04/2026;14/04/2026;08/04/2026;Entregue No Prazo;;Entrega realizada;Entrega Finalizada;14;4;2;4;RIO VERMELHO;9014;;;
MOBIS BRASIL FABRICACAO DE AUTO PECAS LT;RODOVIARIO;1488264;02/04/2026;1;335789;02/04/2026;URCA MOTORS VEICULOS LTDA;8,77E+12;RIO VERDE;GO;02/04/2026;14/04/2026;08/04/2026;Entregue No Prazo;;Entrega realizada;Entrega Finalizada;14;4;2;4;RIO VERMELHO;9014;;;
MOBIS BRASIL FABRICACAO DE AUTO PECAS LT;RODOVIARIO;1488266;02/04/2026;2;335776;02/04/2026;NASA MOTORS LTDA.;2,65E+13;SAO LUIS DE MONTES BELOS;GO;02/04/2026;16/04/2026;08/04/2026;Entregue No Prazo;;Entrega realizada;Entrega Finalizada;16;4;2;4;RIO VERMELHO;9016;;;
MOBIS BRASIL FABRICACAO DE AUTO PECAS LT;RODOVIARIO;1488255;02/04/2026;2;336031;02/04/2026;MASTER COMERCIAL DE VEICULOS LTDA;2,85E+13;BARREIRAS;BA;02/04/2026;17/04/2026;08/04/2026;Entregue No Prazo;Feriado municipal;Entrega realizada;Entrega Finalizada;17;4;2;4;TERMACO;5012;;;
MOBIS BRASIL FABRICACAO DE AUTO PECAS LT;RODOVIARIO;1488977;06/04/2026;64;336093;06/04/2026;BILLY DISTRIBUIDORA DE VEICULOS LTDA;1,34E+13;SAO CAETANO DO SUL;SP;06/04/2026;08/04/2026;08/04/2026;Entregue No Prazo;;Entrega realizada;Entrega Finalizada;8;4;6;4;RISSO;26003;;;
MOBIS BRASIL FABRICACAO DE AUTO PECAS LT;RODOVIARIO;1488971;06/04/2026;1;336102;06/04/2026;GRAND SPORT COM. DE VEIC. E PECAS LTDA;8,58E+12;GUARULHOS;SP;06/04/2026;08/04/2026;08/04/2026;Entregue No Prazo;;Entrega realizada;Entrega Finalizada;8;4;6;4;RISSO;26005;;;
MOBIS BRASIL FABRICACAO DE AUTO PECAS LT;RODOVIARIO;1488970;06/04/2026;2;336110;06/04/2026;NOBRE DISTRIBUIDORA DE VEICULOS E PECAS;5,76E+12;MOGI DAS CRUZES;SP;06/04/2026;08/04/2026;08/04/2026;Entregue No Prazo;;Entrega realizada;Entrega Finalizada;8;4;6;4;RISSO;26004;;;
MOBIS BRASIL FABRICACAO DE AUTO PECAS LT;RODOVIARIO;1489281;06/04/2026;3;336091;06/04/2026;ANDRETA II DISTRIBUIDORA DE VEIC. LTDA;9,10E+12;AMERICANA;SP;06/04/2026;09/04/2026;08/04/2026;Entregue No Prazo;;Entrega realizada;Entrega Finalizada;9;4;6;4;RISSO;26011;;;
MOBIS BRASIL FABRICACAO DE AUTO PECAS LT;RODOVIARIO;1488983;06/04/2026;1;336094;06/04/2026;CAOA MOTOR DO BRASIL LTDA;1,68E+13;TAUBATE;SP;06/04/2026;09/04/2026;08/04/2026;Entregue No Prazo;;Entrega realizada;Entrega Finalizada;9;4;6;4;RISSO;5008;;;
MOBIS BRASIL FABRICACAO DE AUTO PECAS LT;RODOVIARIO;1488975;06/04/2026;81;336107;06/04/2026;MOTONET COMERCIO DE VEICULOS LTDA;9,28E+12;SOROCABA;SP;06/04/2026;09/04/2026;08/04/2026;Entregue No Prazo;;Entrega realizada;Entrega Finalizada;9;4;6;4;RISSO;26113;;;
MOBIS BRASIL FABRICACAO DE AUTO PECAS LT;RODOVIARIO;1488976;06/04/2026;8;336109;06/04/2026;NEW VEICULOS E PECAS LTDA;1,59E+13;RIBEIRAO PRETO;SP;06/04/2026;09/04/2026;08/04/2026;Entregue No Prazo;;Entrega realizada;Entrega Finalizada;9;4;6;4;RISSO;26014;;;
MOBIS BRASIL FABRICACAO DE AUTO PECAS LT;RODOVIARIO;1488939;06/04/2026;3;336142;06/04/2026;SEVEC VEICULOS LTDA;5,68E+11;CURITIBA;PR;06/04/2026;09/04/2026;08/04/2026;Entregue No Prazo;;Entrega realizada;Entrega Finalizada;9;4;6;4;TRANSTRY;18012;;;
MOBIS BRASIL FABRICACAO DE AUTO PECAS LT;RODOVIARIO;1488987;06/04/2026;1;336098;06/04/2026;DESTAQUE SEUL DISTR DE VEIC PEC LTDA;2,12E+13;CARAGUATATUBA;SP;06/04/2026;10/04/2026;08/04/2026;Entregue No Prazo;;Entrega realizada;Entrega Finalizada;10;4;6;4;RISSO;26082;;;
MOBIS BRASIL FABRICACAO DE AUTO PECAS LT;RODOVIARIO;1488982;06/04/2026;2;336101;06/04/2026;GOLDEN MOTORS VEICULOS LTDA;3,62E+12;ARACATUBA;SP;06/04/2026;10/04/2026;08/04/2026;Entregue No Prazo;;Entrega realizada;Entrega Finalizada;10;4;6;4;RISSO;12001;;;
MOBIS BRASIL FABRICACAO DE AUTO PECAS LT;RODOVIARIO;1488980;06/04/2026;8;336105;06/04/2026;H R B COMERCIO DE VEICULOS LTDA;1,82E+13;SAO JOSE DO RIO PRETO;SP;06/04/2026;10/04/2026;08/04/2026;Entregue No Prazo;;Entrega realizada;Entrega Finalizada;10;4;6;4;RISSO;26050;;;
MOBIS BRASIL FABRICACAO DE AUTO PECAS LT;RODOVIARIO;1488979;06/04/2026;1;336105;06/04/2026;H R B COMERCIO DE VEICULOS LTDA;1,82E+13;SAO JOSE DO RIO PRETO;SP;06/04/2026;10/04/2026;08/04/2026;Entregue No Prazo;;Entrega realizada;Entrega Finalizada;10;4;6;4;RISSO;26050;;;
MOBIS BRASIL FABRICACAO DE AUTO PECAS LT;RODOVIARIO;1488978;06/04/2026;6;336108;06/04/2026;NEW VEICULOS E PECAS LTDA;1,59E+13;FRANCA;SP;06/04/2026;10/04/2026;08/04/2026;Entregue No Prazo;;Entrega realizada;Entrega Finalizada;10;4;6;4;RISSO;26014;;;
MOBIS BRASIL FABRICACAO DE AUTO PECAS LT;RODOVIARIO;1488919;06/04/2026;1;336119;06/04/2026;TOKSU COMERCIO DE VEICULOS LTDA;1,12E+13;POUSO ALEGRE;MG;06/04/2026;10/04/2026;08/04/2026;Entregue No Prazo;;Entrega realizada;Entrega Finalizada;10;4;6;4;XD BETIM;11008;;;
MOBIS BRASIL FABRICACAO DE AUTO PECAS LT;RODOVIARIO;1488943;06/04/2026;7;336125;06/04/2026;BARI VEICULOS LTDA;7,46E+12;SAO JOSE DOS PINHAIS;PR;06/04/2026;10/04/2026;08/04/2026;Entregue No Prazo;;Entrega realizada;Entrega Finalizada;10;4;6;4;TRANSTRY;18024;;;
MOBIS BRASIL FABRICACAO DE AUTO PECAS LT;RODOVIARIO;1488940;06/04/2026;30;336128;06/04/2026;BARI VEICULOS LTDA;7,46E+12;PONTA GROSSA;PR;06/04/2026;10/04/2026;08/04/2026;Entregue No Prazo;;Entrega realizada;Entrega Finalizada;10;4;6;4;TRANSTRY;18024;;;
MOBIS BRASIL FABRICACAO DE AUTO PECAS LT;RODOVIARIO;1488962;06/04/2026;4;336131;06/04/2026;BARI VEICULOS LTDA.;7,46E+12;JOINVILLE;SC;06/04/2026;10/04/2026;08/04/2026;Entregue No Prazo;;Entrega realizada;Entrega Finalizada;10;4;6;4;TRANSTRY;24013;;;
MOBIS BRASIL FABRICACAO DE AUTO PECAS LT;RODOVIARIO;1488936;06/04/2026;26;336139;06/04/2026;LOVAT VEICULOS S/A;8,57E+12;LONDRINA;PR;06/04/2026;10/04/2026;08/04/2026;Entregue No Prazo;;Entrega realizada;Entrega Finalizada;10;4;6;4;TRANSTRY;18008;;;
MOBIS BRASIL FABRICACAO DE AUTO PECAS LT;RODOVIARIO;1488923;06/04/2026;1;336117;06/04/2026;TECAR TRILHAS AUTOMOVEIS E SERVICOS LTDA;2,32E+13;DIVINOPOLIS;MG;06/04/2026;13/04/2026;08/04/2026;Entregue No Prazo;;Entrega realizada;Entrega Finalizada;13;4;6;4;XD BETIM;11039;;;
MOBIS BRASIL FABRICACAO DE AUTO PECAS LT;RODOVIARIO;1488920;06/04/2026;1;336122;06/04/2026;VIME AUTOMOVEIS E PECAS LTDA;2,85E+13;GUAXUPE;MG;06/04/2026;13/04/2026;08/04/2026;Entregue No Prazo;;Entrega realizada;Entrega Finalizada;13;4;6;4;XD BETIM;11031;;;
MOBIS BRASIL FABRICACAO DE AUTO PECAS LT;RODOVIARIO;1488938;06/04/2026;18;336141;06/04/2026;SANTA FE VEICULOS LTDA.;1,16E+13;FRANCISCO BELTRAO;PR;06/04/2026;13/04/2026;08/04/2026;Entregue No Prazo;;Entrega realizada;Entrega Finalizada;13;4;6;4;TRANSTRY;18010;;;
MOBIS BRASIL FABRICACAO DE AUTO PECAS LT;RODOVIARIO;1488937;06/04/2026;3;336141;06/04/2026;SANTA FE VEICULOS LTDA.;1,16E+13;FRANCISCO BELTRAO;PR;06/04/2026;13/04/2026;08/04/2026;Entregue No Prazo;;Entrega realizada;Entrega Finalizada;13;4;6;4;TRANSTRY;18010;;;
MOBIS BRASIL FABRICACAO DE AUTO PECAS LT;RODOVIARIO;1488966;06/04/2026;6;336134;06/04/2026;CHINHAN AUTOMOVEIS LTDA.;2,41E+13;CACADOR;SC;06/04/2026;15/04/2026;08/04/2026;Entregue No Prazo;;Entrega realizada;Entrega Finalizada;15;4;6;4;TRANSTRY;24020;;;
MOBIS BRASIL FABRICACAO DE AUTO PECAS LT;RODOVIARIO;1489698;07/04/2026;22;336324;07/04/2026;ANDRETA II DISTRIBUIDORA DE VEIC. LTDA;9,10E+12;CAMPINAS;SP;07/04/2026;10/04/2026;08/04/2026;Entregue No Prazo;;Entrega realizada;Entrega Finalizada;10;4;7;4;RISSO;26011;;;
MOBIS BRASIL FABRICACAO DE AUTO PECAS LT;RODOVIARIO;1489670;07/04/2026;19;336324;07/04/2026;ANDRETA II DISTRIBUIDORA DE VEIC. LTDA;9,10E+12;CAMPINAS;SP;07/04/2026;10/04/2026;08/04/2026;Entregue No Prazo;;Entrega realizada;Entrega Finalizada;10;4;7;4;RISSO;26011;;;
MOBIS BRASIL FABRICACAO DE AUTO PECAS LT;RODOVIARIO;1489697;07/04/2026;1;336324;07/04/2026;ANDRETA II DISTRIBUIDORA DE VEIC. LTDA;9,10E+12;CAMPINAS;SP;07/04/2026;10/04/2026;08/04/2026;Entregue No Prazo;;Entrega realizada;Entrega Finalizada;10;4;7;4;RISSO;26011;;;
MOBIS BRASIL FABRICACAO DE AUTO PECAS LT;RODOVIARIO;1489699;07/04/2026;19;336346;07/04/2026;MOTONET COMERCIO DE VEICULOS LTDA;9,28E+12;SOROCABA;SP;07/04/2026;10/04/2026;08/04/2026;Entregue No Prazo;;Entrega realizada;Entrega Finalizada;10;4;7;4;RISSO;26113;;;
MOBIS BRASIL FABRICACAO DE AUTO PECAS LT;RODOVIARIO;1490189;07/04/2026;15;336346;07/04/2026;MOTONET COMERCIO DE VEICULOS LTDA;9,28E+12;SOROCABA;SP;07/04/2026;10/04/2026;08/04/2026;Entregue No Prazo;;Entrega realizada;Entrega Finalizada;10;4;7;4;RISSO;26113;;;
MOBIS BRASIL FABRICACAO DE AUTO PECAS LT;RODOVIARIO;1489671;07/04/2026;2;336344;07/04/2026;H R B COMERCIO DE VEICULOS LTDA;1,82E+13;SAO JOSE DO RIO PRETO;SP;07/04/2026;13/04/2026;08/04/2026;Entregue No Prazo;;Entrega realizada;Entrega Finalizada;13;4;7;4;RISSO;26050;;;
MOBIS BRASIL FABRICACAO DE AUTO PECAS LT;RODOVIARIO;1490517;08/04/2026;1;336572;08/04/2026;MOTONET COMERCIO DE VEICULOS LTDA;9,28E+12;SOROCABA;SP;08/04/2026;13/04/2026;08/04/2026;Entregue No Prazo;;Entrega realizada;Entrega Finalizada;13;4;8;4;RISSO;26113;;;
MOBIS BRASIL FABRICACAO DE AUTO PECAS LT;RODOVIARIO;1492197;10/04/2026;3;337091;10/04/2026;ANDRETA II DISTRIBUIDORA DE VEIC. LTDA;9,10E+12;CAMPINAS;SP;10/04/2026;15/04/2026;08/04/2026;Entregue No Prazo;;Entrega realizada;Entrega Finalizada;15;4;10;4;RISSO;26011;;;
MOBIS BRASIL FABRICACAO DE AUTO PECAS LT;RODOVIARIO;1492198;10/04/2026;18;337091;10/04/2026;ANDRETA II DISTRIBUIDORA DE VEIC. LTDA;9,10E+12;CAMPINAS;SP;10/04/2026;15/04/2026;08/04/2026;Entregue No Prazo;;Entrega realizada;Entrega Finalizada;15;4;10;4;RISSO;26011;;;
MOBIS BRASIL FABRICACAO DE AUTO PECAS LT;RODOVIARIO;1489637;07/04/2026;1;336292;07/04/2026;TOKSU COMERCIO DE VEICULOS LTDA;1,12E+13;BARBACENA;MG;07/04/2026;14/04/2026;08/04/2026;Entregue No Prazo;;Entrega realizada;Entrega Finalizada;14;4;7;4;XD BETIM;11008;;;
MOBIS BRASIL FABRICACAO DE AUTO PECAS LT;RODOVIARIO;1471908;03/03/2026;1;330568;03/03/2026;PATEO COMERCIO DE VEICULOS S A;7,78E+12;MANAUS;AM;03/03/2026;27/03/2026;09/04/2026;Entregue Fora do Prazo;;Entrega realizada;Entrega Finalizada;27;3;3;3;NORTEX;3002;;;
MOBIS BRASIL FABRICACAO DE AUTO PECAS LT;RODOVIARIO;1481606;23/03/2026;3;333933;23/03/2026;GREEN CITY VEICULOS LTDA;2,10E+13;TERESINA;PI;23/03/2026;08/04/2026;09/04/2026;Entregue Fora do Prazo;;Entrega realizada;Entrega Finalizada;8;4;23;3;TERMACO;17002;;;
MOBIS BRASIL FABRICACAO DE AUTO PECAS LT;RODOVIARIO;1482645;24/03/2026;1;334166;24/03/2026;GREEN CITY VEICULOS LTDA;2,10E+13;TERESINA;PI;24/03/2026;09/04/2026;09/04/2026;Entregue No Prazo;;Entrega realizada;Entrega Finalizada;9;4;24;3;TERMACO;17002;;;
MOBIS BRASIL FABRICACAO DE AUTO PECAS LT;RODOVIARIO;1482644;24/03/2026;2;334167;24/03/2026;GREEN CITY VEICULOS LTDA;2,10E+13;TERESINA;PI;24/03/2026;09/04/2026;09/04/2026;Entregue No Prazo;;Entrega realizada;Entrega Finalizada;9;4;24;3;TERMACO;17002;;;
MOBIS BRASIL FABRICACAO DE AUTO PECAS LT;RODOVIARIO;1484112;26/03/2026;24;334739;26/03/2026;FAZZA MOTORS COMERCIO DE VEICULOS LTDA;1,24E+13;SALVADOR;BA;26/03/2026;07/04/2026;09/04/2026;Entregue Fora do Prazo;;Entrega realizada;Entrega Finalizada;7;4;26;3;TERMACO;5007;;;
MOBIS BRASIL FABRICACAO DE AUTO PECAS LT;RODOVIARIO;1484111;26/03/2026;1;334739;26/03/2026;FAZZA MOTORS COMERCIO DE VEICULOS LTDA;1,24E+13;SALVADOR;BA;26/03/2026;07/04/2026;09/04/2026;Entregue Fora do Prazo;;Entrega realizada;Entrega Finalizada;7;4;26;3;TERMACO;5007;;;
MOBIS BRASIL FABRICACAO DE AUTO PECAS LT;RODOVIARIO;1484214;26/03/2026;5;334715;26/03/2026;PRIVILLEGE DISTRIBUIDORA DE VEICULOS LTD;1,72E+13;ARAGUAINA;TO;26/03/2026;09/04/2026;09/04/2026;Entregue No Prazo;;Entrega realizada;Entrega Finalizada;9;4;26;3;RIO VERMELHO;27002;;;
MOBIS BRASIL FABRICACAO DE AUTO PECAS LT;RODOVIARIO;1484154;26/03/2026;2;334757;26/03/2026;PATEO COMERCIO DE VEICULOS S A;7,78E+12;JOAO PESSOA;PB;26/03/2026;10/04/2026;09/04/2026;Entregue No Prazo;;Entrega realizada;Entrega Finalizada;10;4;26;3;TERMACO;15003;;;
MOBIS BRASIL FABRICACAO DE AUTO PECAS LT;RODOVIARIO;1484992;27/03/2026;6;334785;27/03/2026;PRIVILLEGE DISTRIBUIDORA DE VEICULOS LTD;1,72E+13;ARAGUAINA;TO;27/03/2026;10/04/2026;09/04/2026;Entregue No Prazo;;Entrega realizada;Entrega Finalizada;10;4;27;3;RIO VERMELHO;27002;;;
MOBIS BRASIL FABRICACAO DE AUTO PECAS LT;RODOVIARIO;1484923;27/03/2026;2;335021;27/03/2026;PATEO COMERCIO DE VEICULOS S A;7,78E+12;JOAO PESSOA;PB;27/03/2026;13/04/2026;09/04/2026;Entregue No Prazo;;Entrega realizada;Entrega Finalizada;13;4;27;3;TERMACO;15003;;;
MOBIS BRASIL FABRICACAO DE AUTO PECAS LT;RODOVIARIO;1485755;30/03/2026;4;335065;30/03/2026;BILLY DISTRIBUIDORA DE VEICULOS LTDA;1,34E+13;SAO CAETANO DO SUL;SP;30/03/2026;01/04/2026;09/04/2026;Entregue Fora do Prazo;;Entrega realizada;Entrega Finalizada;1;4;30;3;RISSO;26003;;;
MOBIS BRASIL FABRICACAO DE AUTO PECAS LT;RODOVIARIO;1485754;30/03/2026;1;335065;30/03/2026;BILLY DISTRIBUIDORA DE VEICULOS LTDA;1,34E+13;SAO CAETANO DO SUL;SP;30/03/2026;01/04/2026;09/04/2026;Entregue Fora do Prazo;;Entrega realizada;Entrega Finalizada;1;4;30;3;RISSO;26003;;;
MOBIS BRASIL FABRICACAO DE AUTO PECAS LT;RODOVIARIO;1485707;30/03/2026;1;335115;30/03/2026;CAOA MOTOR DO BRASIL LTDA;1,68E+13;RECIFE;PE;30/03/2026;14/04/2026;09/04/2026;Entregue No Prazo;;Entrega realizada;Entrega Finalizada;14;4;30;3;TERMACO;5008;;;
MOBIS BRASIL FABRICACAO DE AUTO PECAS LT;RODOVIARIO;1485703;30/03/2026;30;335141;30/03/2026;PATEO COMERCIO DE VEICULOS S A;7,78E+12;JOAO PESSOA;PB;30/03/2026;14/04/2026;09/04/2026;Entregue No Prazo;;Entrega realizada;Entrega Finalizada;14;4;30;3;TERMACO;15003;;;
MOBIS BRASIL FABRICACAO DE AUTO PECAS LT;RODOVIARIO;1486779;31/03/2026;8;335410;31/03/2026;GALA COMERCIO DE VEICULOS LTDA.;1,77E+13;PELOTAS;RS;31/03/2026;07/04/2026;09/04/2026;Entregue Fora do Prazo;;Entrega realizada;Entrega Finalizada;7;4;31;3;TRANSTRY;23009;;;
MOBIS BRASIL FABRICACAO DE AUTO PECAS LT;RODOVIARIO;1486716;31/03/2026;1;335536;31/03/2026;CAOA MOTOR DO BRASIL LTDA;1,68E+13;FORTALEZA;CE;31/03/2026;14/04/2026;09/04/2026;Entregue No Prazo;;Entrega realizada;Entrega Finalizada;14;4;31;3;TERMACO;5008;;;
MOBIS BRASIL FABRICACAO DE AUTO PECAS LT;RODOVIARIO;1486714;31/03/2026;6;335543;31/03/2026;FAZZA MOTORS COM. DE VEICULOS LTDA;1,24E+13;FORTALEZA;CE;31/03/2026;14/04/2026;09/04/2026;Entregue No Prazo;;Entrega realizada;Entrega Finalizada;14;4;31;3;TERMACO;6001;;;
MOBIS BRASIL FABRICACAO DE AUTO PECAS LT;RODOVIARIO;1486715;31/03/2026;1;335544;31/03/2026;FAZZA MOTORS COMERCIO DE VEICULOS LTDA;1,24E+13;FORTALEZA;CE;31/03/2026;14/04/2026;09/04/2026;Entregue No Prazo;;Entrega realizada;Entrega Finalizada;14;4;31;3;TERMACO;5007;;;
MOBIS BRASIL FABRICACAO DE AUTO PECAS LT;RODOVIARIO;1486751;31/03/2026;3;335538;31/03/2026;CAOA MOTOR DO BRASIL LTDA;1,68E+13;RECIFE;PE;31/03/2026;15/04/2026;09/04/2026;Entregue No Prazo;;Entrega realizada;Entrega Finalizada;15;4;31;3;TERMACO;5008;;;
MOBIS BRASIL FABRICACAO DE AUTO PECAS LT;RODOVIARIO;1486748;31/03/2026;7;335561;31/03/2026;PATEO COMERCIO DE VEICULOS S A;7,78E+12;JOAO PESSOA;PB;31/03/2026;15/04/2026;09/04/2026;Entregue No Prazo;;Entrega realizada;Entrega Finalizada;15;4;31;3;TERMACO;15003;;;
MOBIS BRASIL FABRICACAO DE AUTO PECAS LT;RODOVIARIO;1486717;31/03/2026;1;335566;31/03/2026;SAINT LAND COMERCIO DE VEICULOS LTDA;1,04E+13;JUAZEIRO DO NORTE;CE;31/03/2026;16/04/2026;09/04/2026;Entregue No Prazo;;Entrega realizada;Entrega Finalizada;16;4;31;3;TERMACO;6010;;;
MOBIS BRASIL FABRICACAO DE AUTO PECAS LT;RODOVIARIO;1487555;01/04/2026;1;335678;01/04/2026;GOLDEN MOTORS VEICULOS LTDA;3,62E+12;DOURADOS;MS;01/04/2026;09/04/2026;09/04/2026;Entregue No Prazo;;Entrega realizada;Entrega Finalizada;9;4;1;4;CARVALIMA;12001;;;
MOBIS BRASIL FABRICACAO DE AUTO PECAS LT;RODOVIARIO;1487548;01/04/2026;5;335595;01/04/2026;URCA MOTORS VEICULOS LTDA;8,77E+12;ITUMBIARA;GO;01/04/2026;13/04/2026;09/04/2026;Entregue No Prazo;;Entrega realizada;Entrega Finalizada;13;4;1;4;RIO VERMELHO;9014;;;
MOBIS BRASIL FABRICACAO DE AUTO PECAS LT;RODOVIARIO;1487549;01/04/2026;1;335592;01/04/2026;TRIAUTO KOREA AUTOMOVEIS LTDA;4,99E+13;CATALAO;GO;01/04/2026;15/04/2026;09/04/2026;Entregue No Prazo;;Entrega realizada;Entrega Finalizada;15;4;1;4;RIO VERMELHO;9018;;;
MOBIS BRASIL FABRICACAO DE AUTO PECAS LT;RODOVIARIO;1487571;01/04/2026;3;335684;01/04/2026;ORIENTE AUTOMOVEIS LTDA;1,33E+13;PARNAMIRIM;RN;01/04/2026;17/04/2026;09/04/2026;Entregue No Prazo;Feriado municipal;Entrega realizada;Entrega Finalizada;17;4;1;4;TERMACO;20001;;;
MOBIS BRASIL FABRICACAO DE AUTO PECAS LT;RODOVIARIO;1488259;02/04/2026;13;336041;02/04/2026;TAI MOTORS VEICULOS S/A;9,27E+12;VITORIA;ES;02/04/2026;09/04/2026;09/04/2026;Entregue No Prazo;;Entrega realizada;Entrega Finalizada;9;4;2;4;CAMILO;8002;;;
MOBIS BRASIL FABRICACAO DE AUTO PECAS LT;RODOVIARIO;1488304;02/04/2026;3;336042;02/04/2026;TAI MOTORS VEICULOS S/A.;9,27E+12;CAMPOS DOS GOYTACAZES;RJ;02/04/2026;09/04/2026;09/04/2026;Entregue No Prazo;;Entrega realizada;Entrega Finalizada;9;4;2;4;CAMILO;19023;;;
MOBIS BRASIL FABRICACAO DE AUTO PECAS LT;RODOVIARIO;1488325;02/04/2026;5;336038;02/04/2026;SAINT LAND COMERCIO DE VEICULOS LTDA;1,04E+13;ARACAJU;SE;02/04/2026;15/04/2026;09/04/2026;Entregue No Prazo;;Entrega realizada;Entrega Finalizada;15;4;2;4;TERMACO;6010;;;
MOBIS BRASIL FABRICACAO DE AUTO PECAS LT;RODOVIARIO;1488572;02/04/2026;4;336040;02/04/2026;SEVEL VEICULOS LTDA;1,07E+13;ARACAJU;SE;02/04/2026;15/04/2026;09/04/2026;Entregue No Prazo;;Entrega realizada;Entrega Finalizada;15;4;2;4;TERMACO;25001;;;
MOBIS BRASIL FABRICACAO DE AUTO PECAS LT;RODOVIARIO;1488575;02/04/2026;2;336040;02/04/2026;SEVEL VEICULOS LTDA;1,07E+13;ARACAJU;SE;02/04/2026;15/04/2026;09/04/2026;Entregue No Prazo;;Entrega realizada;Entrega Finalizada;15;4;2;4;TERMACO;25001;;;
MOBIS BRASIL FABRICACAO DE AUTO PECAS LT;RODOVIARIO;1488280;02/04/2026;1;336044;02/04/2026;UNIQUE COMERCIO DE AUTOMOVEIS LTDA;1,74E+13;ANANINDEUA;PA;02/04/2026;15/04/2026;09/04/2026;Entregue No Prazo;;Entrega realizada;Entrega Finalizada;15;4;2;4;CARVALIMA;14003;;;
MOBIS BRASIL FABRICACAO DE AUTO PECAS LT;RODOVIARIO;1488254;02/04/2026;1;336016;02/04/2026;AIKON VEICULOS LTDA;1,17E+13;ITABUNA;BA;02/04/2026;17/04/2026;09/04/2026;Entregue No Prazo;Feriado municipal;Entrega realizada;Entrega Finalizada;17;4;2;4;TERMACO;5002;;;
MOBIS BRASIL FABRICACAO DE AUTO PECAS LT;RODOVIARIO;1488309;02/04/2026;1;336023;02/04/2026;COMETA JI PARANA COM. DE VEIC. LTDA;4,23E+12;JIPARANA;RO;02/04/2026;21/04/2026;09/04/2026;Entregue No Prazo;;Entrega realizada;Entrega Finalizada;21;4;2;4;CARVALIMA;21002;Fundação de Brasília;Estadual;DF
MOBIS BRASIL FABRICACAO DE AUTO PECAS LT;RODOVIARIO;1488984;06/04/2026;13;336097;06/04/2026;DESTAQUE SEUL DISTR. DE VEIC. E PC. LTDA;2,12E+13;ATIBAIA;SP;06/04/2026;09/04/2026;09/04/2026;Entregue No Prazo;;Entrega realizada;Entrega Finalizada;9;4;6;4;RISSO;26075;;;
MOBIS BRASIL FABRICACAO DE AUTO PECAS LT;RODOVIARIO;1488921;06/04/2026;2;336112;06/04/2026;BDG AUTOVILLE VEICULOS LTDA;4,77E+13;CONTAGEM;MG;06/04/2026;09/04/2026;09/04/2026;Entregue No Prazo;;Entrega realizada;Entrega Finalizada;9;4;6;4;XD BETIM;11037;;;
MOBIS BRASIL FABRICACAO DE AUTO PECAS LT;RODOVIARIO;1488922;06/04/2026;54;336112;06/04/2026;BDG AUTOVILLE VEICULOS LTDA;4,77E+13;CONTAGEM;MG;06/04/2026;09/04/2026;09/04/2026;Entregue No Prazo;;Entrega realizada;Entrega Finalizada;9;4;6;4;XD BETIM;11037;;;
MOBIS BRASIL FABRICACAO DE AUTO PECAS LT;RODOVIARIO;1488918;06/04/2026;22;336116;06/04/2026;TAI MOTORS VEICULOS S/A;9,27E+12;BELO HORIZONTE;MG;06/04/2026;09/04/2026;09/04/2026;Entregue No Prazo;;Entrega realizada;Entrega Finalizada;9;4;6;4;XD BETIM;8002;;;
MOBIS BRASIL FABRICACAO DE AUTO PECAS LT;RODOVIARIO;1488944;06/04/2026;8;336126;06/04/2026;BARI VEICULOS LTDA;7,46E+12;CURITIBA;PR;06/04/2026;09/04/2026;09/04/2026;Entregue No Prazo;;Entrega realizada;Entrega Finalizada;9;4;6;4;TRANSTRY;18024;;;
MOBIS BRASIL FABRICACAO DE AUTO PECAS LT;RODOVIARIO;1488942;06/04/2026;2;336130;06/04/2026;BARI VEICULOS LTDA.;7,46E+12;CURITIBA;PR;06/04/2026;09/04/2026;09/04/2026;Entregue No Prazo;;Entrega realizada;Entrega Finalizada;9;4;6;4;TRANSTRY;18029;;;
MOBIS BRASIL FABRICACAO DE AUTO PECAS LT;RODOVIARIO;1488955;06/04/2026;18;336132;06/04/2026;CARWAY SUL VEICULOS LTDA;1,03E+13;CANOAS;RS;06/04/2026;10/04/2026;09/04/2026;Entregue No Prazo;;Entrega realizada;Entrega Finalizada;10;4;6;4;TRANSTRY;23003;;;
MOBIS BRASIL FABRICACAO DE AUTO PECAS LT;RODOVIARIO;1488954;06/04/2026;3;336138;06/04/2026;HOUSE PARTS-COM. DE PCS. E VEICULOS LTDA;1,15E+13;PORTO ALEGRE;RS;06/04/2026;10/04/2026;09/04/2026;Entregue No Prazo;;Entrega realizada;Entrega Finalizada;10;4;6;4;TRANSTRY;23004;;;
MOBIS BRASIL FABRICACAO DE AUTO PECAS LT;RODOVIARIO;1488946;06/04/2026;3;336145;06/04/2026;CAOA MOTOR DO BRASIL LTDA;1,68E+13;RIO DE JANEIRO;RJ;06/04/2026;10/04/2026;09/04/2026;Entregue No Prazo;;Entrega realizada;Entrega Finalizada;10;4;6;4;CAMILO;5008;;;
MOBIS BRASIL FABRICACAO DE AUTO PECAS LT;RODOVIARIO;1488948;06/04/2026;2;336153;06/04/2026;ITAVEMA MOTORS VEICULOS LTDA;7,73E+12;RIO DE JANEIRO;RJ;06/04/2026;10/04/2026;09/04/2026;Entregue No Prazo;;Entrega realizada;Entrega Finalizada;10;4;6;4;CAMILO;19001;;;
MOBIS BRASIL FABRICACAO DE AUTO PECAS LT;RODOVIARIO;1488949;06/04/2026;1;336153;06/04/2026;ITAVEMA MOTORS VEICULOS LTDA;7,73E+12;RIO DE JANEIRO;RJ;06/04/2026;10/04/2026;09/04/2026;Entregue No Prazo;;Entrega realizada;Entrega Finalizada;10;4;6;4;CAMILO;19001;;;
MOBIS BRASIL FABRICACAO DE AUTO PECAS LT;RODOVIARIO;1488945;06/04/2026;1;336154;06/04/2026;ITAVEMA MOTORS VEICULOS LTDA;7,73E+12;DUQUE DE CAXIAS;RJ;06/04/2026;10/04/2026;09/04/2026;Entregue No Prazo;;Entrega realizada;Entrega Finalizada;10;4;6;4;CAMILO;19001;;;
MOBIS BRASIL FABRICACAO DE AUTO PECAS LT;RODOVIARIO;1488961;06/04/2026;10;336127;06/04/2026;BARI VEICULOS LTDA;7,46E+12;BLUMENAU;SC;06/04/2026;13/04/2026;09/04/2026;Entregue No Prazo;;Entrega realizada;Entrega Finalizada;13;4;6;4;TRANSTRY;18024;;;
MOBIS BRASIL FABRICACAO DE AUTO PECAS LT;RODOVIARIO;1488957;06/04/2026;2;336135;06/04/2026;GALA COMERCIO DE VEICULOS LTDA.;1,77E+13;PELOTAS;RS;06/04/2026;13/04/2026;09/04/2026;Entregue No Prazo;;Entrega realizada;Entrega Finalizada;13;4;6;4;TRANSTRY;23009;;;
MOBIS BRASIL FABRICACAO DE AUTO PECAS LT;RODOVIARIO;1488964;06/04/2026;1;336136;06/04/2026;GAMBATTO H1 VEICULOS LTDA;1,94E+13;CHAPECO;SC;06/04/2026;13/04/2026;09/04/2026;Entregue No Prazo;;Entrega realizada;Entrega Finalizada;13;4;6;4;TRANSTRY;24018;;;
MOBIS BRASIL FABRICACAO DE AUTO PECAS LT;RODOVIARIO;1488960;06/04/2026;3;336140;06/04/2026;LR COMERCIO DE VEICULOS LTDA;1,05E+13;SAO JOSE;SC;06/04/2026;13/04/2026;09/04/2026;Entregue No Prazo;;Entrega realizada;Entrega Finalizada;13;4;6;4;TRANSTRY;24007;;;
MOBIS BRASIL FABRICACAO DE AUTO PECAS LT;RODOVIARIO;1488941;06/04/2026;2;336143;06/04/2026;VETOR AUTOMOVEIS LTDA;2,12E+13;FOZ DO IGUACU;PR;06/04/2026;13/04/2026;09/04/2026;Entregue No Prazo;;Entrega realizada;Entrega Finalizada;13;4;6;4;TRANSTRY;18019;;;
MOBIS BRASIL FABRICACAO DE AUTO PECAS LT;RODOVIARIO;1488950;06/04/2026;1;336172;06/04/2026;TAI MOTORS VEICULOS S/A.;9,27E+12;CAMPOS DOS GOYTACAZES;RJ;06/04/2026;13/04/2026;09/04/2026;Entregue No Prazo;;Entrega realizada;Entrega Finalizada;13;4;6;4;CAMILO;19023;;;
MOBIS BRASIL FABRICACAO DE AUTO PECAS LT;RODOVIARIO;1488913;06/04/2026;5;336113;06/04/2026;NISA COMERCIAL DE VEIC. AUTOMOTORES LTDA;1,03E+13;GOIANIA;GO;06/04/2026;14/04/2026;09/04/2026;Entregue No Prazo;;Entrega realizada;Entrega Finalizada;14;4;6;4;RIO VERMELHO;9013;;;
MOBIS BRASIL FABRICACAO DE AUTO PECAS LT;RODOVIARIO;1488963;06/04/2026;1;336129;06/04/2026;BARI VEICULOS LTDA;7,46E+12;BALNEARIO CAMBORIU;SC;06/04/2026;14/04/2026;09/04/2026;Entregue No Prazo;;Entrega realizada;Entrega Finalizada;14;4;6;4;TRANSTRY;18024;;;
MOBIS BRASIL FABRICACAO DE AUTO PECAS LT;RODOVIARIO;1488965;06/04/2026;2;336133;06/04/2026;CHINHAN AUTOMOVEIS LTDA;2,41E+13;CONCORDIA;SC;06/04/2026;14/04/2026;09/04/2026;Entregue No Prazo;;Entrega realizada;Entrega Finalizada;14;4;6;4;TRANSTRY;23019;;;
MOBIS BRASIL FABRICACAO DE AUTO PECAS LT;RODOVIARIO;1488924;06/04/2026;4;336150;06/04/2026;GOLDEN MOTORS VEICULOS LTDA;3,62E+12;DOURADOS;MS;06/04/2026;14/04/2026;09/04/2026;Entregue No Prazo;;Entrega realizada;Entrega Finalizada;14;4;6;4;CARVALIMA;12001;;;
MOBIS BRASIL FABRICACAO DE AUTO PECAS LT;RODOVIARIO;1488925;06/04/2026;12;336173;06/04/2026;ULSAN COMERCIO DE VEICULOS LTDA.;2,10E+13;CAMPO GRANDE;MS;06/04/2026;14/04/2026;09/04/2026;Entregue No Prazo;;Entrega realizada;Entrega Finalizada;14;4;6;4;CARVALIMA;12004;;;
MOBIS BRASIL FABRICACAO DE AUTO PECAS LT;RODOVIARIO;1488927;06/04/2026;6;336168;06/04/2026;SAGA ASIA COM. DE VEIC.PC.E SERV. LTDA;2,23E+13;VARZEA GRANDE;MT;06/04/2026;15/04/2026;09/04/2026;Entregue No Prazo;;Entrega realizada;Entrega Finalizada;15;4;6;4;CARVALIMA;13004;;;
MOBIS BRASIL FABRICACAO DE AUTO PECAS LT;RODOVIARIO;1488928;06/04/2026;1;336146;06/04/2026;COMETA MATO GROSSO COM. DE VEICULOS LTDA;1,54E+13;RONDONOPOLIS;MT;06/04/2026;16/04/2026;09/04/2026;Entregue No Prazo;;Entrega realizada;Entrega Finalizada;16;4;6;4;CARVALIMA;13006;;;
MOBIS BRASIL FABRICACAO DE AUTO PECAS LT;RODOVIARIO;1489695;07/04/2026;3;336327;07/04/2026;BILLY DISTRIBUIDORA DE VEICULOS LTDA;1,34E+13;BARUERI;SP;07/04/2026;09/04/2026;09/04/2026;Entregue No Prazo;;Entrega realizada;Entrega Finalizada;9;4;7;4;RISSO;26003;;;
MOBIS BRASIL FABRICACAO DE AUTO PECAS LT;RODOVIARIO;1489711;07/04/2026;1;336330;07/04/2026;CAOA MOTOR DO BRASIL LTDA (IPIRANGA);1,68E+13;SAO PAULO;SP;07/04/2026;09/04/2026;09/04/2026;Entregue No Prazo;;Entrega realizada;Entrega Finalizada;9;4;7;4;RISSO;26054;;;
MOBIS BRASIL FABRICACAO DE AUTO PECAS LT;RODOVIARIO;1489672;07/04/2026;1;336331;07/04/2026;CAOA MOTOR DO BRASIL LTDA (VL PRUDENTE);1,68E+13;SAO PAULO;SP;07/04/2026;09/04/2026;09/04/2026;Entregue No Prazo;;Entrega realizada;Entrega Finalizada;9;4;7;4;RISSO;26051;;;
MOBIS BRASIL FABRICACAO DE AUTO PECAS LT;RODOVIARIO;1489721;07/04/2026;1;336332;07/04/2026;CAOA MOTOR DO BRASIL LTDA(RAP. TAVARES);1,68E+13;SAO PAULO;SP;07/04/2026;09/04/2026;09/04/2026;Entregue No Prazo;;Entrega realizada;Entrega Finalizada;9;4;7;4;RISSO;26109;;;
MOBIS BRASIL FABRICACAO DE AUTO PECAS LT;RODOVIARIO;1489720;07/04/2026;1;336333;07/04/2026;CHS MOTORS VEICULOS PECAS E SERV.  LTDA;1,69E+13;SAO PAULO;SP;07/04/2026;09/04/2026;09/04/2026;Entregue No Prazo;;Entrega realizada;Entrega Finalizada;9;4;7;4;RISSO;26108;;;
MOBIS BRASIL FABRICACAO DE AUTO PECAS LT;RODOVIARIO;1489677;07/04/2026;1;336333;07/04/2026;CHS MOTORS VEICULOS PECAS E SERV.  LTDA;1,69E+13;SAO PAULO;SP;07/04/2026;09/04/2026;09/04/2026;Entregue No Prazo;;Entrega realizada;Entrega Finalizada;9;4;7;4;RISSO;26108;;;
MOBIS BRASIL FABRICACAO DE AUTO PECAS LT;RODOVIARIO;1489702;07/04/2026;5;336334;07/04/2026;CHS MOTORS VEICULOS PECAS E SERV LTDA  ;1,69E+13;SAO PAULO;SP;07/04/2026;09/04/2026;09/04/2026;Entregue No Prazo;;Entrega realizada;Entrega Finalizada;9;4;7;4;RISSO;26037;;;
MOBIS BRASIL FABRICACAO DE AUTO PECAS LT;RODOVIARIO;1489710;07/04/2026;3;336335;07/04/2026;CHS MOTORS VEICULOS PECAS(VL. GUILHERME);1,69E+13;SAO PAULO;SP;07/04/2026;09/04/2026;09/04/2026;Entregue No Prazo;;Entrega realizada;Entrega Finalizada;9;4;7;4;RISSO;26052;;;
MOBIS BRASIL FABRICACAO DE AUTO PECAS LT;RODOVIARIO;1489673;07/04/2026;3;336335;07/04/2026;CHS MOTORS VEICULOS PECAS(VL. GUILHERME);1,69E+13;SAO PAULO;SP;07/04/2026;09/04/2026;09/04/2026;Entregue No Prazo;;Entrega realizada;Entrega Finalizada;9;4;7;4;RISSO;26052;;;
MOBIS BRASIL FABRICACAO DE AUTO PECAS LT;RODOVIARIO;1489701;07/04/2026;7;336340;07/04/2026;GRAND SPORT COM. DE VEIC. E PECAS LTDA;8,58E+12;SAO PAULO;SP;07/04/2026;09/04/2026;09/04/2026;Entregue No Prazo;;Entrega realizada;Entrega Finalizada;9;4;7;4;RISSO;26034;;;
MOBIS BRASIL FABRICACAO DE AUTO PECAS LT;RODOVIARIO;1489704;07/04/2026;1;336341;07/04/2026;GRANDAY AUTOMOTORES LTDA;1,57E+13;SAO PAULO;SP;07/04/2026;09/04/2026;09/04/2026;Entregue No Prazo;;Entrega realizada;Entrega Finalizada;9;4;7;4;RISSO;26041;;;
MOBIS BRASIL FABRICACAO DE AUTO PECAS LT;RODOVIARIO;1489641;07/04/2026;25;336287;07/04/2026;BDG AUTOVILLE VEICULOS LTDA;4,77E+13;CONTAGEM;MG;07/04/2026;10/04/2026;09/04/2026;Entregue No Prazo;;Entrega realizada;Entrega Finalizada;10;4;7;4;XD BETIM;11037;;;
MOBIS BRASIL FABRICACAO DE AUTO PECAS LT;RODOVIARIO;1489639;07/04/2026;1;336288;07/04/2026;CARBEL KOREA VEICULOS LTDA;2,07E+13;BELO HORIZONTE;MG;07/04/2026;10/04/2026;09/04/2026;Entregue No Prazo;;Entrega realizada;Entrega Finalizada;10;4;7;4;XD BETIM;11021;;;
MOBIS BRASIL FABRICACAO DE AUTO PECAS LT;RODOVIARIO;1489638;07/04/2026;3;336291;07/04/2026;TAI MOTORS VEICULOS S/A;9,27E+12;BELO HORIZONTE;MG;07/04/2026;10/04/2026;09/04/2026;Entregue No Prazo;;Entrega realizada;Entrega Finalizada;10;4;7;4;XD BETIM;8002;;;
MOBIS BRASIL FABRICACAO DE AUTO PECAS LT;RODOVIARIO;1489703;07/04/2026;3;336322;07/04/2026;ANDRETA II DISTRIB.DE VEICULOS LTDA.;9,10E+12;JUNDIAI;SP;07/04/2026;10/04/2026;09/04/2026;Entregue No Prazo;;Entrega realizada;Entrega Finalizada;10;4;7;4;RISSO;26040;;;
MOBIS BRASIL FABRICACAO DE AUTO PECAS LT;RODOVIARIO;1489714;07/04/2026;3;336328;07/04/2026;CAOA MOTOR DO BRASIL LTDA;1,68E+13;SAO JOSE DOS CAMPOS;SP;07/04/2026;10/04/2026;09/04/2026;Entregue No Prazo;;Entrega realizada;Entrega Finalizada;10;4;7;4;RISSO;5008;;;
MOBIS BRASIL FABRICACAO DE AUTO PECAS LT;RODOVIARIO;1489682;07/04/2026;5;336355;07/04/2026;BARI VEICULOS LTDA;7,46E+12;CURITIBA;PR;07/04/2026;10/04/2026;09/04/2026;Entregue No Prazo;;Entrega realizada;Entrega Finalizada;10;4;7;4;TRANSTRY;18024;;;
MOBIS BRASIL FABRICACAO DE AUTO PECAS LT;RODOVIARIO;1489654;07/04/2026;3;336355;07/04/2026;BARI VEICULOS LTDA;7,46E+12;CURITIBA;PR;07/04/2026;10/04/2026;09/04/2026;Entregue No Prazo;;Entrega realizada;Entrega Finalizada;10;4;7;4;TRANSTRY;18024;;;
MOBIS BRASIL FABRICACAO DE AUTO PECAS LT;RODOVIARIO;1489653;07/04/2026;1;336356;07/04/2026;BARI VEICULOS LTDA.;7,46E+12;CURITIBA;PR;07/04/2026;10/04/2026;09/04/2026;Entregue No Prazo;;Entrega realizada;Entrega Finalizada;10;4;7;4;TRANSTRY;18029;;;
MOBIS BRASIL FABRICACAO DE AUTO PECAS LT;RODOVIARIO;1489681;07/04/2026;1;336370;07/04/2026;SEVEC VEICULOS LTDA;5,68E+11;CURITIBA;PR;07/04/2026;10/04/2026;09/04/2026;Entregue No Prazo;;Entrega realizada;Entrega Finalizada;10;4;7;4;TRANSTRY;18012;;;
MOBIS BRASIL FABRICACAO DE AUTO PECAS LT;RODOVIARIO;1489640;07/04/2026;1;336293;07/04/2026;TOKSU COMERCIO DE VEICULOS LTDA;1,12E+13;POUSO ALEGRE;MG;07/04/2026;13/04/2026;09/04/2026;Entregue No Prazo;;Entrega realizada;Entrega Finalizada;13;4;7;4;XD BETIM;11008;;;
MOBIS BRASIL FABRICACAO DE AUTO PECAS LT;RODOVIARIO;1489636;07/04/2026;2;336297;07/04/2026;URCA MOTORS VEICULOS LTDA;8,77E+12;UBERLANDIA;MG;07/04/2026;13/04/2026;09/04/2026;Entregue No Prazo;;Entrega realizada;Entrega Finalizada;13;4;7;4;XD BETIM;9014;;;
MOBIS BRASIL FABRICACAO DE AUTO PECAS LT;RODOVIARIO;1489713;07/04/2026;1;336339;07/04/2026;DHC COMERCIO DE VEICULOS E PECAS LTDA;9,52E+12;MARILIA;SP;07/04/2026;13/04/2026;09/04/2026;Entregue No Prazo;;Entrega realizada;Entrega Finalizada;13;4;7;4;RISSO;26010;;;
MOBIS BRASIL FABRICACAO DE AUTO PECAS LT;RODOVIARIO;1490190;07/04/2026;2;336353;07/04/2026;BARI VEICULOS LTDA;7,46E+12;PONTA GROSSA;PR;07/04/2026;13/04/2026;09/04/2026;Entregue No Prazo;;Entrega realizada;Entrega Finalizada;13;4;7;4;TRANSTRY;18024;;;
MOBIS BRASIL FABRICACAO DE AUTO PECAS LT;RODOVIARIO;1489876;07/04/2026;4;336353;07/04/2026;BARI VEICULOS LTDA;7,46E+12;PONTA GROSSA;PR;07/04/2026;13/04/2026;09/04/2026;Entregue No Prazo;;Entrega realizada;Entrega Finalizada;13;4;7;4;TRANSTRY;18024;;;
MOBIS BRASIL FABRICACAO DE AUTO PECAS LT;RODOVIARIO;1489666;07/04/2026;2;336357;07/04/2026;BARI VEICULOS LTDA.;7,46E+12;JOINVILLE;SC;07/04/2026;13/04/2026;09/04/2026;Entregue No Prazo;;Entrega realizada;Entrega Finalizada;13;4;7;4;TRANSTRY;24013;;;
MOBIS BRASIL FABRICACAO DE AUTO PECAS LT;RODOVIARIO;1489691;07/04/2026;1;336357;07/04/2026;BARI VEICULOS LTDA.;7,46E+12;JOINVILLE;SC;07/04/2026;13/04/2026;09/04/2026;Entregue No Prazo;;Entrega realizada;Entrega Finalizada;13;4;7;4;TRANSTRY;24013;;;
MOBIS BRASIL FABRICACAO DE AUTO PECAS LT;RODOVIARIO;1490178;07/04/2026;1;336357;07/04/2026;BARI VEICULOS LTDA.;7,46E+12;JOINVILLE;SC;07/04/2026;13/04/2026;09/04/2026;Entregue No Prazo;;Entrega realizada;Entrega Finalizada;13;4;7;4;TRANSTRY;24013;;;
MOBIS BRASIL FABRICACAO DE AUTO PECAS LT;RODOVIARIO;1489667;07/04/2026;1;336358;07/04/2026;BARI VEICULOS LTDA.;7,46E+12;ITAJAI;SC;07/04/2026;13/04/2026;09/04/2026;Entregue No Prazo;;Entrega realizada;Entrega Finalizada;13;4;7;4;TRANSTRY;24014;;;
MOBIS BRASIL FABRICACAO DE AUTO PECAS LT;RODOVIARIO;1489678;07/04/2026;4;336365;07/04/2026;LOVAT VEICULOS S/A;8,57E+12;LONDRINA;PR;07/04/2026;13/04/2026;09/04/2026;Entregue No Prazo;;Entrega realizada;Entrega Finalizada;13;4;7;4;TRANSTRY;18008;;;
MOBIS BRASIL FABRICACAO DE AUTO PECAS LT;RODOVIARIO;1489651;07/04/2026;2;336365;07/04/2026;LOVAT VEICULOS S/A;8,57E+12;LONDRINA;PR;07/04/2026;13/04/2026;09/04/2026;Entregue No Prazo;;Entrega realizada;Entrega Finalizada;13;4;7;4;TRANSTRY;18008;;;
MOBIS BRASIL FABRICACAO DE AUTO PECAS LT;RODOVIARIO;1489690;07/04/2026;12;336354;07/04/2026;BARI VEICULOS LTDA;7,46E+12;BLUMENAU;SC;07/04/2026;14/04/2026;09/04/2026;Entregue No Prazo;;Entrega realizada;Entrega Finalizada;14;4;7;4;TRANSTRY;18024;;;
MOBIS BRASIL FABRICACAO DE AUTO PECAS LT;RODOVIARIO;1489665;07/04/2026;6;336354;07/04/2026;BARI VEICULOS LTDA;7,46E+12;BLUMENAU;SC;07/04/2026;14/04/2026;09/04/2026;Entregue No Prazo;;Entrega realizada;Entrega Finalizada;14;4;7;4;TRANSTRY;18024;;;
MOBIS BRASIL FABRICACAO DE AUTO PECAS LT;RODOVIARIO;1489689;07/04/2026;2;336367;07/04/2026;LR COMERCIO DE VEICULOS LTDA;1,05E+13;SAO JOSE;SC;07/04/2026;14/04/2026;09/04/2026;Entregue No Prazo;;Entrega realizada;Entrega Finalizada;14;4;7;4;TRANSTRY;24007;;;
MOBIS BRASIL FABRICACAO DE AUTO PECAS LT;RODOVIARIO;1489664;07/04/2026;1;336367;07/04/2026;LR COMERCIO DE VEICULOS LTDA;1,05E+13;SAO JOSE;SC;07/04/2026;14/04/2026;09/04/2026;Entregue No Prazo;;Entrega realizada;Entrega Finalizada;14;4;7;4;TRANSTRY;24007;;;
MOBIS BRASIL FABRICACAO DE AUTO PECAS LT;RODOVIARIO;1490526;08/04/2026;1;336565;08/04/2026;CHS MOTORS VEICULOS PECAS E SERV. LTDA;1,69E+13;OSASCO;SP;08/04/2026;10/04/2026;09/04/2026;Entregue No Prazo;;Entrega realizada;Entrega Finalizada;10;4;8;4;RISSO;26106;;;
MOBIS BRASIL FABRICACAO DE AUTO PECAS LT;RODOVIARIO;1490518;08/04/2026;3;336566;08/04/2026;CHS MOTORS VEICULOS PECAS E SERV LTDA  ;1,69E+13;SAO PAULO;SP;08/04/2026;10/04/2026;09/04/2026;Entregue No Prazo;;Entrega realizada;Entrega Finalizada;10;4;8;4;RISSO;26037;;;
MOBIS BRASIL FABRICACAO DE AUTO PECAS LT;RODOVIARIO;1490516;08/04/2026;11;336564;08/04/2026;ANDRETA II DISTRIBUIDORA DE VEIC. LTDA;9,10E+12;CAMPINAS;SP;08/04/2026;13/04/2026;09/04/2026;Entregue No Prazo;;Entrega realizada;Entrega Finalizada;13;4;8;4;RISSO;26011;;;
MOBIS BRASIL FABRICACAO DE AUTO PECAS LT;RODOVIARIO;1490524;08/04/2026;1;336569;08/04/2026;H - CAMINHO AUTOMOVEIS LTDA;2,53E+13;PIRACICABA;SP;08/04/2026;14/04/2026;09/04/2026;Entregue No Prazo;;Entrega realizada;Entrega Finalizada;14;4;8;4;RISSO;26092;;;
MOBIS BRASIL FABRICACAO DE AUTO PECAS LT;RODOVIARIO;1491240;09/04/2026;30;337074;10/04/2026;BILLY DISTRIBUIDORA DE VEICULOS LTDA;1,34E+13;SAO CAETANO DO SUL;SP;10/04/2026;14/04/2026;09/04/2026;Entregue No Prazo;;Entrega realizada;Entrega Finalizada;14;4;10;4;RISSO;26003;;;
MOBIS BRASIL FABRICACAO DE AUTO PECAS LT;RODOVIARIO;1491316;09/04/2026;10;337074;10/04/2026;BILLY DISTRIBUIDORA DE VEICULOS LTDA;1,34E+13;SAO CAETANO DO SUL;SP;10/04/2026;14/04/2026;09/04/2026;Entregue No Prazo;;Entrega realizada;Entrega Finalizada;14;4;10;4;RISSO;26003;;;
MOBIS BRASIL FABRICACAO DE AUTO PECAS LT;RODOVIARIO;1491246;09/04/2026;6;337075;10/04/2026;GRANDAY AUTOMOTORES LTDA (CHAC. CALIFOR);1,57E+13;SAO PAULO;SP;10/04/2026;14/04/2026;09/04/2026;Entregue No Prazo;;Entrega realizada;Entrega Finalizada;14;4;10;4;RISSO;26090;;;
MOBIS BRASIL FABRICACAO DE AUTO PECAS LT;RODOVIARIO;1491329;09/04/2026;23;337075;10/04/2026;GRANDAY AUTOMOTORES LTDA (CHAC. CALIFOR);1,57E+13;SAO PAULO;SP;10/04/2026;14/04/2026;09/04/2026;Entregue No Prazo;;Entrega realizada;Entrega Finalizada;14;4;10;4;RISSO;26090;;;
MOBIS BRASIL FABRICACAO DE AUTO PECAS LT;RODOVIARIO;1488917;06/04/2026;2;336118;06/04/2026;TOKSU COMERCIO DE VEICULOS LTDA;1,12E+13;JUIZ DE FORA;MG;06/04/2026;10/04/2026;09/04/2026;Entregue No Prazo;;Entrega realizada;Entrega Finalizada;10;4;6;4;XD BETIM;11008;;;
MOBIS BRASIL FABRICACAO DE AUTO PECAS LT;RODOVIARIO;1484114;26/03/2026;2;334753;26/03/2026;ORVEL AUTOMOTOR HYD LTDA;2,52E+13;TEIXEIRA DE FREITAS;BA;26/03/2026;10/04/2026;10/04/2026;Entregue No Prazo;;Entrega realizada;Entrega Finalizada;10;4;26;3;TERMACO;5011;;;
MOBIS BRASIL FABRICACAO DE AUTO PECAS LT;RODOVIARIO;1484162;26/03/2026;1;334744;26/03/2026;GREEN CITY VEICULOS LTDA;2,10E+13;TERESINA;PI;26/03/2026;13/04/2026;10/04/2026;Entregue No Prazo;;Entrega realizada;Entrega Finalizada;13;4;26;3;TERMACO;17002;;;
MOBIS BRASIL FABRICACAO DE AUTO PECAS LT;RODOVIARIO;1484155;26/03/2026;3;334748;26/03/2026;JPN PATOS COMERCIO DE VEICULOS LTDA;4,20E+13;PATOS;PB;26/03/2026;13/04/2026;10/04/2026;Entregue No Prazo;;Entrega realizada;Entrega Finalizada;13;4;26;3;TERMACO;15004;;;
MOBIS BRASIL FABRICACAO DE AUTO PECAS LT;RODOVIARIO;1484927;27/03/2026;3;335011;27/03/2026;GREEN CITY VEICULOS LTDA;2,10E+13;TERESINA;PI;27/03/2026;14/04/2026;10/04/2026;Entregue No Prazo;;Entrega realizada;Entrega Finalizada;14;4;27;3;TERMACO;17002;;;
MOBIS BRASIL FABRICACAO DE AUTO PECAS LT;RODOVIARIO;1485673;30/03/2026;1;335136;30/03/2026;ORVEL AUTOMOTOR HYD LTDA;2,52E+13;TEIXEIRA DE FREITAS;BA;30/03/2026;14/04/2026;10/04/2026;Entregue No Prazo;;Entrega realizada;Entrega Finalizada;14;4;30;3;TERMACO;5011;;;
MOBIS BRASIL FABRICACAO DE AUTO PECAS LT;RODOVIARIO;1485687;30/03/2026;10;335138;30/03/2026;PATEO COMERCIO DE VEICULOS S A;7,78E+12;SAO LUIS;MA;30/03/2026;14/04/2026;10/04/2026;Entregue No Prazo;;Entrega realizada;Entrega Finalizada;14;4;30;3;TERMACO;10002;;;
MOBIS BRASIL FABRICACAO DE AUTO PECAS LT;RODOVIARIO;1485702;30/03/2026;1;335119;30/03/2026;CAOA MOTOR DO BRASIL LTDA;1,68E+13;CAMPINA GRANDE;PB;30/03/2026;15/04/2026;10/04/2026;Entregue No Prazo;;Entrega realizada;Entrega Finalizada;15;4;30;3;TERMACO;5008;;;
MOBIS BRASIL FABRICACAO DE AUTO PECAS LT;RODOVIARIO;1486796;31/03/2026;2;335376;31/03/2026;NOBRE DISTRIBUIDORA DE VEICULOS E PECAS;5,76E+12;MOGI DAS CRUZES;SP;31/03/2026;02/04/2026;10/04/2026;Entregue Fora do Prazo;;Entrega realizada;Entrega Finalizada;2;4;31;3;RISSO;26004;;;
MOBIS BRASIL FABRICACAO DE AUTO PECAS LT;RODOVIARIO;1486712;31/03/2026;6;335545;31/03/2026;FAZZA MOTORS COMERCIO DE VEICULOS LTDA;1,24E+13;SALVADOR;BA;31/03/2026;10/04/2026;10/04/2026;Entregue No Prazo;;Entrega realizada;Entrega Finalizada;10;4;31;3;TERMACO;5007;;;
MOBIS BRASIL FABRICACAO DE AUTO PECAS LT;RODOVIARIO;1487543;01/04/2026;2;335673;01/04/2026;AIKON VEICULOS LTDA;1,17E+13;VITORIA DA CONQUISTA;BA;01/04/2026;16/04/2026;10/04/2026;Entregue No Prazo;;Entrega realizada;Entrega Finalizada;16;4;1;4;TERMACO;5002;;;
MOBIS BRASIL FABRICACAO DE AUTO PECAS LT;RODOVIARIO;1487545;01/04/2026;1;335683;01/04/2026;MASTER COMERCIAL DE VEICULOS LTDA;2,85E+13;JACOBINA;BA;01/04/2026;16/04/2026;10/04/2026;Entregue No Prazo;;Entrega realizada;Entrega Finalizada;16;4;1;4;TERMACO;5013;;;
MOBIS BRASIL FABRICACAO DE AUTO PECAS LT;RODOVIARIO;1487573;01/04/2026;2;335688;01/04/2026;SAINT LAND COMERCIO DE VEICULOS LTDA;1,04E+13;NATAL;RN;01/04/2026;16/04/2026;10/04/2026;Entregue No Prazo;;Entrega realizada;Entrega Finalizada;16;4;1;4;TERMACO;6010;;;
MOBIS BRASIL FABRICACAO DE AUTO PECAS LT;RODOVIARIO;1487558;01/04/2026;4;335676;01/04/2026;AUTORAC VEICULOS LTDA;1,06E+13;CARUARU;PE;01/04/2026;17/04/2026;10/04/2026;Entregue No Prazo;Feriado municipal;Entrega realizada;Entrega Finalizada;17;4;1;4;TERMACO;16001;;;
MOBIS BRASIL FABRICACAO DE AUTO PECAS LT;RODOVIARIO;1488260;02/04/2026;2;336037;02/04/2026;PRIME CACHOEIRO VEICULOS LTDA;9,34E+12;LINHARES;ES;02/04/2026;10/04/2026;10/04/2026;Entregue No Prazo;;Entrega realizada;Entrega Finalizada;10;4;2;4;CAMILO;8004;;;
MOBIS BRASIL FABRICACAO DE AUTO PECAS LT;RODOVIARIO;1488278;02/04/2026;2;336043;02/04/2026;ULSAN COMERCIO DE VEICULOS LTDA.;2,10E+13;CAMPO GRANDE;MS;02/04/2026;10/04/2026;10/04/2026;Entregue No Prazo;;Entrega realizada;Entrega Finalizada;10;4;2;4;CARVALIMA;12004;;;
MOBIS BRASIL FABRICACAO DE AUTO PECAS LT;RODOVIARIO;1488253;02/04/2026;7;336026;02/04/2026;FAZZA MOTORS COMERCIO DE VEICULOS LTDA;1,24E+13;SALVADOR;BA;02/04/2026;14/04/2026;10/04/2026;Entregue No Prazo;;Entrega realizada;Entrega Finalizada;14;4;2;4;TERMACO;5007;;;
MOBIS BRASIL FABRICACAO DE AUTO PECAS LT;RODOVIARIO;1488282;02/04/2026;2;336022;02/04/2026;CAOA MOTOR DO BRASIL LTDA;1,68E+13;BELEM;PA;02/04/2026;15/04/2026;10/04/2026;Entregue No Prazo;;Entrega realizada;Entrega Finalizada;15;4;2;4;CARVALIMA;5008;;;
MOBIS BRASIL FABRICACAO DE AUTO PECAS LT;RODOVIARIO;1488281;02/04/2026;1;336022;02/04/2026;CAOA MOTOR DO BRASIL LTDA;1,68E+13;BELEM;PA;02/04/2026;15/04/2026;10/04/2026;Entregue No Prazo;;Entrega realizada;Entrega Finalizada;15;4;2;4;CARVALIMA;5008;;;
MOBIS BRASIL FABRICACAO DE AUTO PECAS LT;RODOVIARIO;1488283;02/04/2026;1;336027;02/04/2026;GRANDE COREIA COMERCIO DE VEICULOS LTDA;2,66E+13;BELEM;PA;02/04/2026;15/04/2026;10/04/2026;Entregue No Prazo;;Entrega realizada;Entrega Finalizada;15;4;2;4;CARVALIMA;14007;;;
MOBIS BRASIL FABRICACAO DE AUTO PECAS LT;RODOVIARIO;1488289;02/04/2026;1;336018;02/04/2026;AUTORAC VEICULOS LTDA;1,06E+13;PETROLINA;PE;02/04/2026;20/04/2026;10/04/2026;Entregue No Prazo;;Entrega realizada;Entrega Finalizada;20;4;2;4;TERMACO;16001;;;
MOBIS BRASIL FABRICACAO DE AUTO PECAS LT;RODOVIARIO;1488286;02/04/2026;6;336019;02/04/2026;AUTORAC VEICULOS LTDA;1,06E+13;CARUARU;PE;02/04/2026;20/04/2026;10/04/2026;Entregue No Prazo;;Entrega realizada;Entrega Finalizada;20;4;2;4;TERMACO;16001;;;
MOBIS BRASIL FABRICACAO DE AUTO PECAS LT;RODOVIARIO;1488288;02/04/2026;1;336030;02/04/2026;JPN COMERCIO DE AUTOMOVEIS LTDA;2,61E+13;GARANHUNS;PE;02/04/2026;20/04/2026;10/04/2026;Entregue No Prazo;;Entrega realizada;Entrega Finalizada;20;4;2;4;TERMACO;16009;;;
MOBIS BRASIL FABRICACAO DE AUTO PECAS LT;RODOVIARIO;1488947;06/04/2026;2;336151;06/04/2026;GRAFFITI VEICULOS LTDA.;1,71E+13;ITAPERUNA;RJ;06/04/2026;13/04/2026;10/04/2026;Entregue No Prazo;;Entrega realizada;Entrega Finalizada;13;4;6;4;CAMILO;19015;;;
MOBIS BRASIL FABRICACAO DE AUTO PECAS LT;RODOVIARIO;1488911;06/04/2026;2;336171;06/04/2026;TAI MOTORS VEICULOS S/A;9,27E+12;VITORIA;ES;06/04/2026;13/04/2026;10/04/2026;Entregue No Prazo;;Entrega realizada;Entrega Finalizada;13;4;6;4;CAMILO;8002;;;
MOBIS BRASIL FABRICACAO DE AUTO PECAS LT;RODOVIARIO;1488910;06/04/2026;1;336174;06/04/2026;VIA BRASIL AUTOMOVEIS LTDA.;4,72E+12;SERRA;ES;06/04/2026;13/04/2026;10/04/2026;Entregue No Prazo;;Entrega realizada;Entrega Finalizada;13;4;6;4;CAMILO;8001;;;
MOBIS BRASIL FABRICACAO DE AUTO PECAS LT;RODOVIARIO;1488909;06/04/2026;4;336115;06/04/2026;SMAFF IMPORT VEICULOS LTDA;8,18E+12;BRASILIA;DF;06/04/2026;14/04/2026;10/04/2026;Entregue No Prazo;;Entrega realizada;Entrega Finalizada;14;4;6;4;RIO VERMELHO;7002;;;
MOBIS BRASIL FABRICACAO DE AUTO PECAS LT;RODOVIARIO;1488912;06/04/2026;5;336167;06/04/2026;PRIME CACHOEIRO VEICULOS LTDA EPP;9,34E+12;CACHOEIRO DE ITAPEMIRIM;ES;06/04/2026;14/04/2026;10/04/2026;Entregue No Prazo;;Entrega realizada;Entrega Finalizada;14;4;6;4;CAMILO;8003;;;
MOBIS BRASIL FABRICACAO DE AUTO PECAS LT;RODOVIARIO;1488914;06/04/2026;2;336121;06/04/2026;URCA MOTORS VEICULOS LTDA;8,77E+12;ITUMBIARA;GO;06/04/2026;16/04/2026;10/04/2026;Entregue No Prazo;;Entrega realizada;Entrega Finalizada;16;4;6;4;RIO VERMELHO;9014;;;
MOBIS BRASIL FABRICACAO DE AUTO PECAS LT;RODOVIARIO;1490188;07/04/2026;10;336325;07/04/2026;BILLY DISTRIBUIDORA DE VEICULOS LTDA;1,34E+13;SAO CAETANO DO SUL;SP;07/04/2026;09/04/2026;10/04/2026;Entregue Fora do Prazo;;Entrega realizada;Entrega Finalizada;9;4;7;4;RISSO;26003;;;
MOBIS BRASIL FABRICACAO DE AUTO PECAS LT;RODOVIARIO;1489705;07/04/2026;1;336325;07/04/2026;BILLY DISTRIBUIDORA DE VEICULOS LTDA;1,34E+13;SAO CAETANO DO SUL;SP;07/04/2026;09/04/2026;10/04/2026;Entregue Fora do Prazo;;Entrega realizada;Entrega Finalizada;9;4;7;4;RISSO;26003;;;
MOBIS BRASIL FABRICACAO DE AUTO PECAS LT;RODOVIARIO;1489706;07/04/2026;17;336325;07/04/2026;BILLY DISTRIBUIDORA DE VEICULOS LTDA;1,34E+13;SAO CAETANO DO SUL;SP;07/04/2026;09/04/2026;10/04/2026;Entregue Fora do Prazo;;Entrega realizada;Entrega Finalizada;9;4;7;4;RISSO;26003;;;
MOBIS BRASIL FABRICACAO DE AUTO PECAS LT;RODOVIARIO;1489707;07/04/2026;1;336326;07/04/2026;BILLY DISTRIBUIDORA DE VEICULOS LTDA;1,34E+13;DIADEMA;SP;07/04/2026;09/04/2026;10/04/2026;Entregue Fora do Prazo;;Entrega realizada;Entrega Finalizada;9;4;7;4;RISSO;26003;;;
MOBIS BRASIL FABRICACAO DE AUTO PECAS LT;RODOVIARIO;1489675;07/04/2026;5;336342;07/04/2026;GRANDAY AUTOMOTORES LTDA (CHAC. CALIFOR);1,57E+13;SAO PAULO;SP;07/04/2026;09/04/2026;10/04/2026;Entregue Fora do Prazo;;Entrega realizada;Entrega Finalizada;9;4;7;4;RISSO;26090;;;
MOBIS BRASIL FABRICACAO DE AUTO PECAS LT;RODOVIARIO;1489717;07/04/2026;5;336342;07/04/2026;GRANDAY AUTOMOTORES LTDA (CHAC. CALIFOR);1,57E+13;SAO PAULO;SP;07/04/2026;09/04/2026;10/04/2026;Entregue Fora do Prazo;;Entrega realizada;Entrega Finalizada;9;4;7;4;RISSO;26090;;;
MOBIS BRASIL FABRICACAO DE AUTO PECAS LT;RODOVIARIO;1489972;07/04/2026;1;336323;07/04/2026;ANDRETA II DISTRIBUIDORA DE VEIC. LTDA;9,10E+12;AMERICANA;SP;07/04/2026;10/04/2026;10/04/2026;Entregue No Prazo;;Entrega realizada;Entrega Finalizada;10;4;7;4;RISSO;26011;;;
MOBIS BRASIL FABRICACAO DE AUTO PECAS LT;RODOVIARIO;1489674;07/04/2026;4;336336;07/04/2026;DESTAQUE SEUL DISTR. DE VEIC. E PC. LTDA;2,12E+13;ATIBAIA;SP;07/04/2026;10/04/2026;10/04/2026;Entregue No Prazo;;Entrega realizada;Entrega Finalizada;10;4;7;4;RISSO;26075;;;
MOBIS BRASIL FABRICACAO DE AUTO PECAS LT;RODOVIARIO;1489715;07/04/2026;8;336336;07/04/2026;DESTAQUE SEUL DISTR. DE VEIC. E PC. LTDA;2,12E+13;ATIBAIA;SP;07/04/2026;10/04/2026;10/04/2026;Entregue No Prazo;;Entrega realizada;Entrega Finalizada;10;4;7;4;RISSO;26075;;;
MOBIS BRASIL FABRICACAO DE AUTO PECAS LT;RODOVIARIO;1489696;07/04/2026;24;336337;07/04/2026;DHC COMERCIO DE VEICULOS E PECAS LTDA;9,52E+12;BAURU;SP;07/04/2026;10/04/2026;10/04/2026;Entregue No Prazo;;Entrega realizada;Entrega Finalizada;10;4;7;4;RISSO;26010;;;
MOBIS BRASIL FABRICACAO DE AUTO PECAS LT;RODOVIARIO;1489718;07/04/2026;1;336343;07/04/2026;H - CAMINHO AUTOMOVEIS LTDA;2,53E+13;LIMEIRA;SP;07/04/2026;10/04/2026;10/04/2026;Entregue No Prazo;;Entrega realizada;Entrega Finalizada;10;4;7;4;RISSO;26092;;;
MOBIS BRASIL FABRICACAO DE AUTO PECAS LT;RODOVIARIO;1489676;07/04/2026;1;336343;07/04/2026;H - CAMINHO AUTOMOVEIS LTDA;2,53E+13;LIMEIRA;SP;07/04/2026;10/04/2026;10/04/2026;Entregue No Prazo;;Entrega realizada;Entrega Finalizada;10;4;7;4;RISSO;26092;;;
MOBIS BRASIL FABRICACAO DE AUTO PECAS LT;RODOVIARIO;1489700;07/04/2026;3;336348;07/04/2026;NEW VEICULOS E PECAS LTDA;1,59E+13;RIBEIRAO PRETO;SP;07/04/2026;10/04/2026;10/04/2026;Entregue No Prazo;;Entrega realizada;Entrega Finalizada;10;4;7;4;RISSO;26014;;;
MOBIS BRASIL FABRICACAO DE AUTO PECAS LT;RODOVIARIO;1489655;07/04/2026;2;336308;07/04/2026;ITAVEMA MOTORS VEICULOS LTDA;7,73E+12;DUQUE DE CAXIAS;RJ;07/04/2026;13/04/2026;10/04/2026;Entregue No Prazo;;Entrega realizada;Entrega Finalizada;13;4;7;4;CAMILO;19001;;;
MOBIS BRASIL FABRICACAO DE AUTO PECAS LT;RODOVIARIO;1489656;07/04/2026;2;336309;07/04/2026;ITAVEMA MOTORS VEICULOS LTDA;7,73E+12;RIO DE JANEIRO;RJ;07/04/2026;13/04/2026;10/04/2026;Entregue No Prazo;;Entrega realizada;Entrega Finalizada;13;4;7;4;CAMILO;19001;;;
MOBIS BRASIL FABRICACAO DE AUTO PECAS LT;RODOVIARIO;1489716;07/04/2026;1;336338;07/04/2026;DHC COMERCIO DE VEICULOS E PECAS LTDA;9,52E+12;BOTUCATU;SP;07/04/2026;13/04/2026;10/04/2026;Entregue No Prazo;;Entrega realizada;Entrega Finalizada;13;4;7;4;RISSO;26010;;;
MOBIS BRASIL FABRICACAO DE AUTO PECAS LT;RODOVIARIO;1489669;07/04/2026;1;336345;07/04/2026;HYMAX DISTRIBUIDORA DE VEICULOS LTDA;1,73E+13;MOGI GUACU;SP;07/04/2026;13/04/2026;10/04/2026;Entregue No Prazo;;Entrega realizada;Entrega Finalizada;13;4;7;4;RISSO;26002;;;
MOBIS BRASIL FABRICACAO DE AUTO PECAS LT;RODOVIARIO;1489668;07/04/2026;1;336345;07/04/2026;HYMAX DISTRIBUIDORA DE VEICULOS LTDA;1,73E+13;MOGI GUACU;SP;07/04/2026;13/04/2026;10/04/2026;Entregue No Prazo;;Entrega realizada;Entrega Finalizada;13;4;7;4;RISSO;26002;;;
MOBIS BRASIL FABRICACAO DE AUTO PECAS LT;RODOVIARIO;1489694;07/04/2026;1;336345;07/04/2026;HYMAX DISTRIBUIDORA DE VEICULOS LTDA;1,73E+13;MOGI GUACU;SP;07/04/2026;13/04/2026;10/04/2026;Entregue No Prazo;;Entrega realizada;Entrega Finalizada;13;4;7;4;RISSO;26002;;;
MOBIS BRASIL FABRICACAO DE AUTO PECAS LT;RODOVIARIO;1489719;07/04/2026;1;336347;07/04/2026;NEW VEICULOS E PECAS LTDA;1,59E+13;SERTAOZINHO;SP;07/04/2026;13/04/2026;10/04/2026;Entregue No Prazo;;Entrega realizada;Entrega Finalizada;13;4;7;4;RISSO;26014;;;
MOBIS BRASIL FABRICACAO DE AUTO PECAS LT;RODOVIARIO;1489658;07/04/2026;3;336364;07/04/2026;HOUSE PARTS-COM. DE PCS. E VEICULOS LTDA;1,15E+13;PORTO ALEGRE;RS;07/04/2026;13/04/2026;10/04/2026;Entregue No Prazo;;Entrega realizada;Entrega Finalizada;13;4;7;4;TRANSTRY;23004;;;
MOBIS BRASIL FABRICACAO DE AUTO PECAS LT;RODOVIARIO;1489679;07/04/2026;4;336366;07/04/2026;LOVAT VEICULOS S/A;8,57E+12;MARINGA;PR;07/04/2026;13/04/2026;10/04/2026;Entregue No Prazo;;Entrega realizada;Entrega Finalizada;13;4;7;4;TRANSTRY;18008;;;
MOBIS BRASIL FABRICACAO DE AUTO PECAS LT;RODOVIARIO;1489684;07/04/2026;2;336361;07/04/2026;GALA COMERCIO DE VEICULOS LTDA.;1,77E+13;PELOTAS;RS;07/04/2026;14/04/2026;10/04/2026;Entregue No Prazo;;Entrega realizada;Entrega Finalizada;14;4;7;4;TRANSTRY;23009;;;
MOBIS BRASIL FABRICACAO DE AUTO PECAS LT;RODOVIARIO;1489688;07/04/2026;1;336368;07/04/2026;LS COMERCIO DE AUTOMOVEIS LTDA.;1,03E+13;BRUSQUE;SC;07/04/2026;14/04/2026;10/04/2026;Entregue No Prazo;;Entrega realizada;Entrega Finalizada;14;4;7;4;TRANSTRY;24006;;;
MOBIS BRASIL FABRICACAO DE AUTO PECAS LT;RODOVIARIO;1489630;07/04/2026;5;336289;07/04/2026;SAGA KOREA COM. DE VEIC. E PC. LTDA;1,27E+13;GOIANIA;GO;07/04/2026;15/04/2026;10/04/2026;Entregue No Prazo;;Entrega realizada;Entrega Finalizada;15;4;7;4;RIO VERMELHO;9011;;;
MOBIS BRASIL FABRICACAO DE AUTO PECAS LT;RODOVIARIO;1489629;07/04/2026;1;336289;07/04/2026;SAGA KOREA COM. DE VEIC. E PC. LTDA;1,27E+13;GOIANIA;GO;07/04/2026;15/04/2026;10/04/2026;Entregue No Prazo;;Entrega realizada;Entrega Finalizada;15;4;7;4;RIO VERMELHO;9011;;;
MOBIS BRASIL FABRICACAO DE AUTO PECAS LT;RODOVIARIO;1489642;07/04/2026;1;336306;07/04/2026;GOLDEN MOTORS VEICULOS LTDA;3,62E+12;DOURADOS;MS;07/04/2026;15/04/2026;10/04/2026;Entregue No Prazo;;Entrega realizada;Entrega Finalizada;15;4;7;4;CARVALIMA;12001;;;
MOBIS BRASIL FABRICACAO DE AUTO PECAS LT;RODOVIARIO;1489660;07/04/2026;2;336359;07/04/2026;CHINHAN AUTOMOVEIS LTDA;2,41E+13;ERECHIM;RS;07/04/2026;15/04/2026;10/04/2026;Entregue No Prazo;;Entrega realizada;Entrega Finalizada;15;4;7;4;TRANSTRY;23019;;;
MOBIS BRASIL FABRICACAO DE AUTO PECAS LT;RODOVIARIO;1489647;07/04/2026;3;336301;07/04/2026;COMETA MATO GROSSO COM. DE VEICULOS LTDA;1,54E+13;RONDONOPOLIS;MT;07/04/2026;17/04/2026;10/04/2026;Entregue No Prazo;;Entrega realizada;Entrega Finalizada;17;4;7;4;CARVALIMA;13006;;;
MOBIS BRASIL FABRICACAO DE AUTO PECAS LT;RODOVIARIO;1490478;08/04/2026;12;336541;08/04/2026;BDG AUTOVILLE VEICULOS LTDA;4,77E+13;CONTAGEM;MG;08/04/2026;13/04/2026;10/04/2026;Entregue No Prazo;;Entrega realizada;Entrega Finalizada;13;4;8;4;XD BETIM;11037;;;
MOBIS BRASIL FABRICACAO DE AUTO PECAS LT;RODOVIARIO;1490430;08/04/2026;24;336541;08/04/2026;BDG AUTOVILLE VEICULOS LTDA;4,77E+13;CONTAGEM;MG;08/04/2026;13/04/2026;10/04/2026;Entregue No Prazo;;Entrega realizada;Entrega Finalizada;13;4;8;4;XD BETIM;11037;;;
MOBIS BRASIL FABRICACAO DE AUTO PECAS LT;RODOVIARIO;1490426;08/04/2026;1;336542;08/04/2026;CAOA MOTOR DO BRASIL LTDA;1,68E+13;BELO HORIZONTE;MG;08/04/2026;13/04/2026;10/04/2026;Entregue No Prazo;;Entrega realizada;Entrega Finalizada;13;4;8;4;XD BETIM;5008;;;
MOBIS BRASIL FABRICACAO DE AUTO PECAS LT;RODOVIARIO;1490475;08/04/2026;1;336543;08/04/2026;CARBEL KOREA VEICULOS LTDA;2,07E+13;BELO HORIZONTE;MG;08/04/2026;13/04/2026;10/04/2026;Entregue No Prazo;;Entrega realizada;Entrega Finalizada;13;4;8;4;XD BETIM;11021;;;
MOBIS BRASIL FABRICACAO DE AUTO PECAS LT;RODOVIARIO;1490425;08/04/2026;18;336543;08/04/2026;CARBEL KOREA VEICULOS LTDA;2,07E+13;BELO HORIZONTE;MG;08/04/2026;13/04/2026;10/04/2026;Entregue No Prazo;;Entrega realizada;Entrega Finalizada;13;4;8;4;XD BETIM;11021;;;
MOBIS BRASIL FABRICACAO DE AUTO PECAS LT;RODOVIARIO;1490424;08/04/2026;2;336553;08/04/2026;TAI MOTORS VEICULOS S/A;9,27E+12;BELO HORIZONTE;MG;08/04/2026;13/04/2026;10/04/2026;Entregue No Prazo;;Entrega realizada;Entrega Finalizada;13;4;8;4;XD BETIM;8002;;;
MOBIS BRASIL FABRICACAO DE AUTO PECAS LT;RODOVIARIO;1490474;08/04/2026;5;336553;08/04/2026;TAI MOTORS VEICULOS S/A;9,27E+12;BELO HORIZONTE;MG;08/04/2026;13/04/2026;10/04/2026;Entregue No Prazo;;Entrega realizada;Entrega Finalizada;13;4;8;4;XD BETIM;8002;;;
MOBIS BRASIL FABRICACAO DE AUTO PECAS LT;RODOVIARIO;1490522;08/04/2026;3;336567;08/04/2026;DESTAQUE SEUL DISTR. DE VEIC. E PC. LTDA;2,12E+13;ATIBAIA;SP;08/04/2026;13/04/2026;10/04/2026;Entregue No Prazo;;Entrega realizada;Entrega Finalizada;13;4;8;4;RISSO;26075;;;
MOBIS BRASIL FABRICACAO DE AUTO PECAS LT;RODOVIARIO;1490515;08/04/2026;2;336568;08/04/2026;DHC COMERCIO DE VEICULOS E PECAS LTDA;9,52E+12;BAURU;SP;08/04/2026;13/04/2026;10/04/2026;Entregue No Prazo;;Entrega realizada;Entrega Finalizada;13;4;8;4;RISSO;26010;;;
MOBIS BRASIL FABRICACAO DE AUTO PECAS LT;RODOVIARIO;1490525;08/04/2026;1;336570;08/04/2026;H - CAMINHO AUTOMOVEIS LTDA;2,53E+13;LIMEIRA;SP;08/04/2026;13/04/2026;10/04/2026;Entregue No Prazo;;Entrega realizada;Entrega Finalizada;13;4;8;4;RISSO;26092;;;
MOBIS BRASIL FABRICACAO DE AUTO PECAS LT;RODOVIARIO;1490498;08/04/2026;1;336582;08/04/2026;BARI VEICULOS LTDA;7,46E+12;CURITIBA;PR;08/04/2026;13/04/2026;10/04/2026;Entregue No Prazo;;Entrega realizada;Entrega Finalizada;13;4;8;4;TRANSTRY;18024;;;
MOBIS BRASIL FABRICACAO DE AUTO PECAS LT;RODOVIARIO;1490494;08/04/2026;1;336595;08/04/2026;SEVEC VEICULOS LTDA;5,68E+11;CURITIBA;PR;08/04/2026;13/04/2026;10/04/2026;Entregue No Prazo;;Entrega realizada;Entrega Finalizada;13;4;8;4;TRANSTRY;18012;;;
MOBIS BRASIL FABRICACAO DE AUTO PECAS LT;RODOVIARIO;1490477;08/04/2026;1;336555;08/04/2026;TOKSU COMERCIO DE VEICULOS LTDA;1,12E+13;VARGINHA;MG;08/04/2026;14/04/2026;10/04/2026;Entregue No Prazo;;Entrega realizada;Entrega Finalizada;14;4;8;4;XD BETIM;11008;;;
MOBIS BRASIL FABRICACAO DE AUTO PECAS LT;RODOVIARIO;1490428;08/04/2026;2;336555;08/04/2026;TOKSU COMERCIO DE VEICULOS LTDA;1,12E+13;VARGINHA;MG;08/04/2026;14/04/2026;10/04/2026;Entregue No Prazo;;Entrega realizada;Entrega Finalizada;14;4;8;4;XD BETIM;11008;;;
MOBIS BRASIL FABRICACAO DE AUTO PECAS LT;RODOVIARIO;1490476;08/04/2026;1;336557;08/04/2026;TOKSU COMERCIO DE VEICULOS LTDA;1,12E+13;POUSO ALEGRE;MG;08/04/2026;14/04/2026;10/04/2026;Entregue No Prazo;;Entrega realizada;Entrega Finalizada;14;4;8;4;XD BETIM;11008;;;
MOBIS BRASIL FABRICACAO DE AUTO PECAS LT;RODOVIARIO;1490427;08/04/2026;4;336557;08/04/2026;TOKSU COMERCIO DE VEICULOS LTDA;1,12E+13;POUSO ALEGRE;MG;08/04/2026;14/04/2026;10/04/2026;Entregue No Prazo;;Entrega realizada;Entrega Finalizada;14;4;8;4;XD BETIM;11008;;;
MOBIS BRASIL FABRICACAO DE AUTO PECAS LT;RODOVIARIO;1490471;08/04/2026;10;336560;08/04/2026;URCA MOTORS VEICULOS LTDA;8,77E+12;UBERLANDIA;MG;08/04/2026;14/04/2026;10/04/2026;Entregue No Prazo;;Entrega realizada;Entrega Finalizada;14;4;8;4;XD BETIM;9014;;;
MOBIS BRASIL FABRICACAO DE AUTO PECAS LT;RODOVIARIO;1490421;08/04/2026;9;336560;08/04/2026;URCA MOTORS VEICULOS LTDA;8,77E+12;UBERLANDIA;MG;08/04/2026;14/04/2026;10/04/2026;Entregue No Prazo;;Entrega realizada;Entrega Finalizada;14;4;8;4;XD BETIM;9014;;;
MOBIS BRASIL FABRICACAO DE AUTO PECAS LT;RODOVIARIO;1490497;08/04/2026;2;336580;08/04/2026;BARI VEICULOS LTDA;7,46E+12;SAO JOSE DOS PINHAIS;PR;08/04/2026;14/04/2026;10/04/2026;Entregue No Prazo;;Entrega realizada;Entrega Finalizada;14;4;8;4;TRANSTRY;18024;;;
MOBIS BRASIL FABRICACAO DE AUTO PECAS LT;RODOVIARIO;1490786;08/04/2026;3;336583;08/04/2026;BARI VEICULOS LTDA;7,46E+12;PONTA GROSSA;PR;08/04/2026;14/04/2026;10/04/2026;Entregue No Prazo;;Entrega realizada;Entrega Finalizada;14;4;8;4;TRANSTRY;18024;;;
MOBIS BRASIL FABRICACAO DE AUTO PECAS LT;RODOVIARIO;1490513;08/04/2026;1;336584;08/04/2026;BARI VEICULOS LTDA.;7,46E+12;ITAJAI;SC;08/04/2026;14/04/2026;10/04/2026;Entregue No Prazo;;Entrega realizada;Entrega Finalizada;14;4;8;4;TRANSTRY;24014;;;
MOBIS BRASIL FABRICACAO DE AUTO PECAS LT;RODOVIARIO;1490512;08/04/2026;2;336585;08/04/2026;BARI VEICULOS LTDA.;7,46E+12;JOINVILLE;SC;08/04/2026;14/04/2026;10/04/2026;Entregue No Prazo;;Entrega realizada;Entrega Finalizada;14;4;8;4;TRANSTRY;24013;;;
MOBIS BRASIL FABRICACAO DE AUTO PECAS LT;RODOVIARIO;1490490;08/04/2026;3;336589;08/04/2026;LOVAT VEICULOS S/A;8,57E+12;LONDRINA;PR;08/04/2026;14/04/2026;10/04/2026;Entregue No Prazo;;Entrega realizada;Entrega Finalizada;14;4;8;4;TRANSTRY;18008;;;
MOBIS BRASIL FABRICACAO DE AUTO PECAS LT;RODOVIARIO;1490489;08/04/2026;2;336589;08/04/2026;LOVAT VEICULOS S/A;8,57E+12;LONDRINA;PR;08/04/2026;14/04/2026;10/04/2026;Entregue No Prazo;;Entrega realizada;Entrega Finalizada;14;4;8;4;TRANSTRY;18008;;;
MOBIS BRASIL FABRICACAO DE AUTO PECAS LT;RODOVIARIO;1490495;08/04/2026;2;336596;08/04/2026;VETOR AUTOMOVEIS LTDA;2,12E+13;CASCAVEL;PR;08/04/2026;14/04/2026;10/04/2026;Entregue No Prazo;;Entrega realizada;Entrega Finalizada;14;4;8;4;TRANSTRY;18019;;;
MOBIS BRASIL FABRICACAO DE AUTO PECAS LT;RODOVIARIO;1490479;08/04/2026;1;336554;08/04/2026;TECAR TRILHAS AUTOMOVEIS E SERVICOS LTDA;2,32E+13;DIVINOPOLIS;MG;08/04/2026;15/04/2026;10/04/2026;Entregue No Prazo;;Entrega realizada;Entrega Finalizada;15;4;8;4;XD BETIM;11039;;;
MOBIS BRASIL FABRICACAO DE AUTO PECAS LT;RODOVIARIO;1490429;08/04/2026;2;336563;08/04/2026;VIME AUTOMOVEIS E PECAS LTDA;2,85E+13;GUAXUPE;MG;08/04/2026;15/04/2026;10/04/2026;Entregue No Prazo;;Entrega realizada;Entrega Finalizada;15;4;8;4;XD BETIM;11031;;;
MOBIS BRASIL FABRICACAO DE AUTO PECAS LT;RODOVIARIO;1490510;08/04/2026;2;336591;08/04/2026;LR COMERCIO DE VEICULOS LTDA;1,05E+13;SAO JOSE;SC;08/04/2026;15/04/2026;10/04/2026;Entregue No Prazo;;Entrega realizada;Entrega Finalizada;15;4;8;4;TRANSTRY;24007;;;
MOBIS BRASIL FABRICACAO DE AUTO PECAS LT;RODOVIARIO;1490480;08/04/2026;1;336614;08/04/2026;GOLDEN MOTORS VEICULOS LTDA;3,62E+12;TRES LAGOAS;MS;08/04/2026;16/04/2026;10/04/2026;Entregue No Prazo;;Entrega realizada;Entrega Finalizada;16;4;8;4;CARVALIMA;12001;;;
MOBIS BRASIL FABRICACAO DE AUTO PECAS LT;RODOVIARIO;1490432;08/04/2026;2;336614;08/04/2026;GOLDEN MOTORS VEICULOS LTDA;3,62E+12;TRES LAGOAS;MS;08/04/2026;16/04/2026;10/04/2026;Entregue No Prazo;;Entrega realizada;Entrega Finalizada;16;4;8;4;CARVALIMA;12001;;;
MOBIS BRASIL FABRICACAO DE AUTO PECAS LT;RODOVIARIO;1490433;08/04/2026;3;336614;08/04/2026;GOLDEN MOTORS VEICULOS LTDA;3,62E+12;TRES LAGOAS;MS;08/04/2026;16/04/2026;10/04/2026;Entregue No Prazo;;Entrega realizada;Entrega Finalizada;16;4;8;4;CARVALIMA;12001;;;
MOBIS BRASIL FABRICACAO DE AUTO PECAS LT;RODOVIARIO;1491235;09/04/2026;5;336794;09/04/2026;BILLY DISTRIBUIDORA DE VEICULOS LTDA;1,34E+13;BARUERI;SP;09/04/2026;13/04/2026;10/04/2026;Entregue No Prazo;;Entrega realizada;Entrega Finalizada;13;4;9;4;RISSO;26003;;;
MOBIS BRASIL FABRICACAO DE AUTO PECAS LT;RODOVIARIO;1491308;09/04/2026;1;336794;09/04/2026;BILLY DISTRIBUIDORA DE VEICULOS LTDA;1,34E+13;BARUERI;SP;09/04/2026;13/04/2026;10/04/2026;Entregue No Prazo;;Entrega realizada;Entrega Finalizada;13;4;9;4;RISSO;26003;;;
MOBIS BRASIL FABRICACAO DE AUTO PECAS LT;RODOVIARIO;1491245;09/04/2026;1;336795;09/04/2026;BILLY DISTRIBUIDORA DE VEICULOS LTDA;1,34E+13;SAO PAULO;SP;09/04/2026;13/04/2026;10/04/2026;Entregue No Prazo;;Entrega realizada;Entrega Finalizada;13;4;9;4;RISSO;26003;;;
MOBIS BRASIL FABRICACAO DE AUTO PECAS LT;RODOVIARIO;1491328;09/04/2026;1;336798;09/04/2026;CAOA MOTOR DO BRASIL LTDA(NACOES UNIDAS);1,68E+13;SAO PAULO;SP;09/04/2026;13/04/2026;10/04/2026;Entregue No Prazo;;Entrega realizada;Entrega Finalizada;13;4;9;4;RISSO;26087;;;
MOBIS BRASIL FABRICACAO DE AUTO PECAS LT;RODOVIARIO;1491314;09/04/2026;18;336799;09/04/2026;CHS MOTORS VEICULOS PECAS E SERV LTDA  ;1,69E+13;SAO PAULO;SP;09/04/2026;13/04/2026;10/04/2026;Entregue No Prazo;;Entrega realizada;Entrega Finalizada;13;4;9;4;RISSO;26037;;;
MOBIS BRASIL FABRICACAO DE AUTO PECAS LT;RODOVIARIO;1491321;09/04/2026;7;336800;09/04/2026;CHS MOTORS VEICULOS PECAS(VL. GUILHERME);1,69E+13;SAO PAULO;SP;09/04/2026;13/04/2026;10/04/2026;Entregue No Prazo;;Entrega realizada;Entrega Finalizada;13;4;9;4;RISSO;26052;;;
MOBIS BRASIL FABRICACAO DE AUTO PECAS LT;RODOVIARIO;1491320;09/04/2026;20;336800;09/04/2026;CHS MOTORS VEICULOS PECAS(VL. GUILHERME);1,69E+13;SAO PAULO;SP;09/04/2026;13/04/2026;10/04/2026;Entregue No Prazo;;Entrega realizada;Entrega Finalizada;13;4;9;4;RISSO;26052;;;
MOBIS BRASIL FABRICACAO DE AUTO PECAS LT;RODOVIARIO;1491243;09/04/2026;5;336800;09/04/2026;CHS MOTORS VEICULOS PECAS(VL. GUILHERME);1,69E+13;SAO PAULO;SP;09/04/2026;13/04/2026;10/04/2026;Entregue No Prazo;;Entrega realizada;Entrega Finalizada;13;4;9;4;RISSO;26052;;;
MOBIS BRASIL FABRICACAO DE AUTO PECAS LT;RODOVIARIO;1491315;09/04/2026;1;336806;09/04/2026;GRANDAY AUTOMOTORES LTDA;1,57E+13;SAO PAULO;SP;09/04/2026;13/04/2026;10/04/2026;Entregue No Prazo;;Entrega realizada;Entrega Finalizada;13;4;9;4;RISSO;26041;;;
MOBIS BRASIL FABRICACAO DE AUTO PECAS LT;RODOVIARIO;1491326;09/04/2026;3;336813;09/04/2026;NOBRE SP DISTRIB. DE VEIC. E PEC. LTDA;1,70E+13;SAO PAULO;SP;09/04/2026;13/04/2026;10/04/2026;Entregue No Prazo;;Entrega realizada;Entrega Finalizada;13;4;9;4;RISSO;26081;;;
MOBIS BRASIL FABRICACAO DE AUTO PECAS LT;RODOVIARIO;1491222;09/04/2026;3;336761;09/04/2026;BARI VEICULOS LTDA;7,46E+12;CURITIBA;PR;09/04/2026;14/04/2026;10/04/2026;Entregue No Prazo;;Entrega realizada;Entrega Finalizada;14;4;9;4;TRANSTRY;18024;;;
MOBIS BRASIL FABRICACAO DE AUTO PECAS LT;RODOVIARIO;1491286;09/04/2026;4;336761;09/04/2026;BARI VEICULOS LTDA;7,46E+12;CURITIBA;PR;09/04/2026;14/04/2026;10/04/2026;Entregue No Prazo;;Entrega realizada;Entrega Finalizada;14;4;9;4;TRANSTRY;18024;;;
MOBIS BRASIL FABRICACAO DE AUTO PECAS LT;RODOVIARIO;1491593;09/04/2026;2;336792;09/04/2026;ANDRETA II DISTRIBUIDORA DE VEIC. LTDA;9,10E+12;AMERICANA;SP;09/04/2026;14/04/2026;10/04/2026;Entregue No Prazo;;Entrega realizada;Entrega Finalizada;14;4;9;4;RISSO;26011;;;
MOBIS BRASIL FABRICACAO DE AUTO PECAS LT;RODOVIARIO;1491236;09/04/2026;2;336804;09/04/2026;DHC COMERCIO DE VEICULOS E PECAS LTDA;9,52E+12;BAURU;SP;09/04/2026;14/04/2026;10/04/2026;Entregue No Prazo;;Entrega realizada;Entrega Finalizada;14;4;9;4;RISSO;26010;;;
MOBIS BRASIL FABRICACAO DE AUTO PECAS LT;RODOVIARIO;1491310;09/04/2026;1;336804;09/04/2026;DHC COMERCIO DE VEICULOS E PECAS LTDA;9,52E+12;BAURU;SP;09/04/2026;14/04/2026;10/04/2026;Entregue No Prazo;;Entrega realizada;Entrega Finalizada;14;4;9;4;RISSO;26010;;;
MOBIS BRASIL FABRICACAO DE AUTO PECAS LT;RODOVIARIO;1491327;09/04/2026;3;336797;09/04/2026;CAOA MOTOR DO BRASIL LTDA;1,68E+13;PRAIA GRANDE;SP;09/04/2026;15/04/2026;10/04/2026;Entregue No Prazo;;Entrega realizada;Entrega Finalizada;15;4;9;4;RISSO;5008;;;
MOBIS BRASIL FABRICACAO DE AUTO PECAS LT;RODOVIARIO;1491325;09/04/2026;1;336803;09/04/2026;DHC COMERCIO DE VEICULOS E PECAS LTDA;9,52E+12;JAU;SP;09/04/2026;15/04/2026;10/04/2026;Entregue No Prazo;;Entrega realizada;Entrega Finalizada;15;4;9;4;RISSO;26010;;;
MOBIS BRASIL FABRICACAO DE AUTO PECAS LT;RODOVIARIO;1491330;09/04/2026;1;336807;09/04/2026;H - CAMINHO AUTOMOVEIS LTDA;2,53E+13;PIRACICABA;SP;09/04/2026;15/04/2026;10/04/2026;Entregue No Prazo;;Entrega realizada;Entrega Finalizada;15;4;9;4;RISSO;26092;;;
MOBIS BRASIL FABRICACAO DE AUTO PECAS LT;RODOVIARIO;1491247;09/04/2026;1;336807;09/04/2026;H - CAMINHO AUTOMOVEIS LTDA;2,53E+13;PIRACICABA;SP;09/04/2026;15/04/2026;10/04/2026;Entregue No Prazo;;Entrega realizada;Entrega Finalizada;15;4;9;4;RISSO;26092;;;
MOBIS BRASIL FABRICACAO DE AUTO PECAS LT;RODOVIARIO;1492205;10/04/2026;1;337104;10/04/2026;GRANDAY AUTOMOTORES LTDA;1,57E+13;SAO PAULO;SP;10/04/2026;14/04/2026;10/04/2026;Entregue No Prazo;;Entrega realizada;Entrega Finalizada;14;4;10;4;RISSO;26041;;;
MOBIS BRASIL FABRICACAO DE AUTO PECAS LT;RODOVIARIO;1492210;10/04/2026;3;337256;10/04/2026;CAOA MOTOR DO BRASIL LTDA (VL PRUDENTE);1,68E+13;SAO PAULO;SP;10/04/2026;14/04/2026;10/04/2026;Entregue No Prazo;;Entrega realizada;Entrega Finalizada;14;4;10;4;RISSO;26051;;;
MOBIS BRASIL FABRICACAO DE AUTO PECAS LT;RODOVIARIO;1492211;10/04/2026;113;337257;10/04/2026;CHS MOTORS VEICULOS PECAS(VL. GUILHERME);1,69E+13;SAO PAULO;SP;10/04/2026;14/04/2026;10/04/2026;Entregue No Prazo;;Entrega realizada;Entrega Finalizada;14;4;10;4;RISSO;26052;;;
MOBIS BRASIL FABRICACAO DE AUTO PECAS LT;RODOVIARIO;1492217;10/04/2026;7;337258;10/04/2026;GRANDAY AUTOMOTORES LTDA (CHAC. CALIFOR);1,57E+13;SAO PAULO;SP;10/04/2026;14/04/2026;10/04/2026;Entregue No Prazo;;Entrega realizada;Entrega Finalizada;14;4;10;4;RISSO;26090;;;
MOBIS BRASIL FABRICACAO DE AUTO PECAS LT;RODOVIARIO;1492200;10/04/2026;6;337109;10/04/2026;NEW VEICULOS E PECAS LTDA;1,59E+13;RIBEIRAO PRETO;SP;10/04/2026;15/04/2026;10/04/2026;Entregue No Prazo;;Entrega realizada;Entrega Finalizada;15;4;10;4;RISSO;26014;;;
MOBIS BRASIL FABRICACAO DE AUTO PECAS LT;RODOVIARIO;1492168;10/04/2026;5;337255;10/04/2026;BARI VEICULOS LTDA;7,46E+12;CURITIBA;PR;10/04/2026;15/04/2026;10/04/2026;Entregue No Prazo;;Entrega realizada;Entrega Finalizada;15;4;10;4;TRANSTRY;18024;;;
MOBIS BRASIL FABRICACAO DE AUTO PECAS LT;RODOVIARIO;1468417;25/02/2026;1;329655;25/02/2026;UNIQUE BOA VISTA COM. DE AUTOMOVEIS LTDA;3,48E+13;BOA VISTA;RR;25/02/2026;25/03/2026;11/04/2026;Entregue Fora do Prazo;;Entrega realizada;Entrega Finalizada;25;3;25;2;NORTEX;22002;Abolição da Escravidão no Ceará;Estadual;CE
MOBIS BRASIL FABRICACAO DE AUTO PECAS LT;RODOVIARIO;1484161;26/03/2026;2;334745;26/03/2026;GREEN CITY VEICULOS LTDA;2,10E+13;TERESINA;PI;26/03/2026;13/04/2026;11/04/2026;Entregue No Prazo;;Entrega realizada;Entrega Finalizada;13;4;26;3;TERMACO;17002;;;
MOBIS BRASIL FABRICACAO DE AUTO PECAS LT;RODOVIARIO;1485710;30/03/2026;1;335127;30/03/2026;GREEN CITY VEICULOS LTDA;2,10E+13;TERESINA;PI;30/03/2026;15/04/2026;11/04/2026;Entregue No Prazo;;Entrega realizada;Entrega Finalizada;15;4;30;3;TERMACO;17002;;;
MOBIS BRASIL FABRICACAO DE AUTO PECAS LT;RODOVIARIO;1486753;31/03/2026;2;335548;31/03/2026;GREEN CITY VEICULOS LTDA;2,10E+13;TERESINA;PI;31/03/2026;16/04/2026;11/04/2026;Entregue No Prazo;;Entrega realizada;Entrega Finalizada;16;4;31;3;TERMACO;17002;;;
MOBIS BRASIL FABRICACAO DE AUTO PECAS LT;RODOVIARIO;1486752;31/03/2026;3;335549;31/03/2026;GREEN CITY VEICULOS LTDA;2,10E+13;TERESINA;PI;31/03/2026;16/04/2026;11/04/2026;Entregue No Prazo;;Entrega realizada;Entrega Finalizada;16;4;31;3;TERMACO;17002;;;
MOBIS BRASIL FABRICACAO DE AUTO PECAS LT;RODOVIARIO;1487560;01/04/2026;2;335680;01/04/2026;GREEN CITY VEICULOS LTDA;2,10E+13;TERESINA;PI;01/04/2026;17/04/2026;11/04/2026;Entregue No Prazo;Feriado municipal;Entrega realizada;Entrega Finalizada;17;4;1;4;TERMACO;17002;;;
MOBIS BRASIL FABRICACAO DE AUTO PECAS LT;RODOVIARIO;1489693;07/04/2026;2;336360;07/04/2026;CHINHAN AUTOMOVEIS LTDA.;2,41E+13;CACADOR;SC;07/04/2026;16/04/2026;11/04/2026;Entregue No Prazo;;Entrega realizada;Entrega Finalizada;16;4;7;4;TRANSTRY;24020;;;
MOBIS BRASIL FABRICACAO DE AUTO PECAS LT;RODOVIARIO;1489632;07/04/2026;2;336296;07/04/2026;URCA MOTORS VEICULOS LTDA;8,77E+12;ITUMBIARA;GO;07/04/2026;17/04/2026;11/04/2026;Entregue No Prazo;;Entrega realizada;Entrega Finalizada;17;4;7;4;RIO VERMELHO;9014;;;
MOBIS BRASIL FABRICACAO DE AUTO PECAS LT;RODOVIARIO;1489633;07/04/2026;1;336294;07/04/2026;TRIAUTO KOREA AUTOMOVEIS LTDA;4,99E+13;CATALAO;GO;07/04/2026;21/04/2026;11/04/2026;Entregue No Prazo;;Entrega realizada;Entrega Finalizada;21;4;7;4;RIO VERMELHO;9018;Fundação de Brasília;Estadual;DF
MOBIS BRASIL FABRICACAO DE AUTO PECAS LT;RODOVIARIO;1490431;08/04/2026;4;336615;08/04/2026;GOLDEN MOTORS VEICULOS LTDA;3,62E+12;DOURADOS;MS;08/04/2026;16/04/2026;11/04/2026;Entregue No Prazo;;Entrega realizada;Entrega Finalizada;16;4;8;4;CARVALIMA;12001;;;
MOBIS BRASIL FABRICACAO DE AUTO PECAS LT;RODOVIARIO;1490484;08/04/2026;1;336610;08/04/2026;COMETA MATO GROSSO COM. DE VEICULOS LTDA;1,54E+13;RONDONOPOLIS;MT;08/04/2026;20/04/2026;11/04/2026;Entregue No Prazo;;Entrega realizada;Entrega Finalizada;20;4;8;4;CARVALIMA;13006;;;
MOBIS BRASIL FABRICACAO DE AUTO PECAS LT;RODOVIARIO;1490438;08/04/2026;3;336610;08/04/2026;COMETA MATO GROSSO COM. DE VEICULOS LTDA;1,54E+13;RONDONOPOLIS;MT;08/04/2026;20/04/2026;11/04/2026;Entregue No Prazo;;Entrega realizada;Entrega Finalizada;20;4;8;4;CARVALIMA;13006;;;
MOBIS BRASIL FABRICACAO DE AUTO PECAS LT;RODOVIARIO;1494321;15/04/2026;5;337735;15/04/2026;H - CAMINHO AUTOMOVEIS LTDA;2,53E+13;PIRACICABA;SP;15/04/2026;21/04/2026;12/04/2026;Entregue No Prazo;;Entrega realizada;Entrega Finalizada;21;4;15;4;RISSO;26092;Fundação de Brasília;Estadual;DF
MOBIS BRASIL FABRICACAO DE AUTO PECAS LT;RODOVIARIO;1485706;30/03/2026;5;335140;30/03/2026;PATEO COMERCIO DE VEICULOS S A;7,78E+12;RECIFE;PE;30/03/2026;14/04/2026;13/04/2026;Entregue No Prazo;;Entrega realizada;Entrega Finalizada;14;4;30;3;TERMACO;16004;;;
MOBIS BRASIL FABRICACAO DE AUTO PECAS LT;RODOVIARIO;1486711;31/03/2026;6;335559;31/03/2026;PATEO COMERCIO DE VEICULOS S A;7,78E+12;SALVADOR;BA;31/03/2026;10/04/2026;13/04/2026;Entregue Fora do Prazo;;Entrega realizada;Entrega Finalizada;10;4;31;3;TERMACO;5003;;;
MOBIS BRASIL FABRICACAO DE AUTO PECAS LT;RODOVIARIO;1486750;31/03/2026;94;335560;31/03/2026;PATEO COMERCIO DE VEICULOS S A;7,78E+12;RECIFE;PE;31/03/2026;15/04/2026;13/04/2026;Entregue No Prazo;;Entrega realizada;Entrega Finalizada;15;4;31;3;TERMACO;16004;;;
MOBIS BRASIL FABRICACAO DE AUTO PECAS LT;RODOVIARIO;1487559;01/04/2026;1;335675;01/04/2026;AUTORAC VEICULOS LTDA;1,06E+13;PETROLINA;PE;01/04/2026;17/04/2026;13/04/2026;Entregue No Prazo;Feriado municipal;Entrega realizada;Entrega Finalizada;17;4;1;4;TERMACO;16001;;;
MOBIS BRASIL FABRICACAO DE AUTO PECAS LT;RODOVIARIO;1487572;01/04/2026;1;335687;01/04/2026;SAINT LAND COM DE VEICULOS S A;1,04E+13;MOSSORO;RN;01/04/2026;17/04/2026;13/04/2026;Entregue No Prazo;Feriado municipal;Entrega realizada;Entrega Finalizada;17;4;1;4;TERMACO;20002;;;
MOBIS BRASIL FABRICACAO DE AUTO PECAS LT;RODOVIARIO;1488252;02/04/2026;86;336033;02/04/2026;PATEO COMERCIO DE VEICULOS S A;7,78E+12;SALVADOR;BA;02/04/2026;14/04/2026;13/04/2026;Entregue No Prazo;;Entrega realizada;Entrega Finalizada;14;4;2;4;TERMACO;5003;;;
MOBIS BRASIL FABRICACAO DE AUTO PECAS LT;RODOVIARIO;1488287;02/04/2026;6;336036;02/04/2026;PATEO COMERCIO DE VEICULOS S A;7,78E+12;RECIFE;PE;02/04/2026;17/04/2026;13/04/2026;Entregue No Prazo;Feriado municipal;Entrega realizada;Entrega Finalizada;17;4;2;4;TERMACO;16004;;;
MOBIS BRASIL FABRICACAO DE AUTO PECAS LT;RODOVIARIO;1488308;02/04/2026;2;336039;02/04/2026;SAINT LAND COMERCIO DE VEICULOS LTDA;1,04E+13;NATAL;RN;02/04/2026;17/04/2026;13/04/2026;Entregue No Prazo;Feriado municipal;Entrega realizada;Entrega Finalizada;17;4;2;4;TERMACO;6010;;;
MOBIS BRASIL FABRICACAO DE AUTO PECAS LT;RODOVIARIO;1488307;02/04/2026;4;336032;02/04/2026;ORIENTE AUTOMOVEIS LTDA;1,33E+13;PARNAMIRIM;RN;02/04/2026;20/04/2026;13/04/2026;Entregue No Prazo;;Entrega realizada;Entrega Finalizada;20;4;2;4;TERMACO;20001;;;
MOBIS BRASIL FABRICACAO DE AUTO PECAS LT;RODOVIARIO;1488257;02/04/2026;1;336045;02/04/2026;VIA NORTE COM. E IMPORT. DE VEIC. LTDA;1,25E+13;SOBRAL;CE;02/04/2026;20/04/2026;13/04/2026;Entregue No Prazo;;Entrega realizada;Entrega Finalizada;20;4;2;4;TERMACO;6002;;;
MOBIS BRASIL FABRICACAO DE AUTO PECAS LT;RODOVIARIO;1488959;06/04/2026;4;336123;06/04/2026;ATUAL VEICULOS LTDA;1,33E+13;TUBARAO;SC;06/04/2026;13/04/2026;13/04/2026;Entregue No Prazo;;Entrega realizada;Entrega Finalizada;13;4;6;4;TRANSTRY;24001;;;
MOBIS BRASIL FABRICACAO DE AUTO PECAS LT;RODOVIARIO;1488956;06/04/2026;1;336137;06/04/2026;HOUSE PARTS - COM. DE PECAS E VEIC. LTDA;1,15E+13;SANTA MARIA;RS;06/04/2026;14/04/2026;13/04/2026;Entregue No Prazo;;Entrega realizada;Entrega Finalizada;14;4;6;4;TRANSTRY;23008;;;
MOBIS BRASIL FABRICACAO DE AUTO PECAS LT;RODOVIARIO;1488926;06/04/2026;6;336147;06/04/2026;COMETA MATO GROSSO COM. DE VEICULOS LTDA;1,54E+13;SINOP;MT;06/04/2026;16/04/2026;13/04/2026;Entregue No Prazo;;Entrega realizada;Entrega Finalizada;16;4;6;4;CARVALIMA;13003;;;
MOBIS BRASIL FABRICACAO DE AUTO PECAS LT;RODOVIARIO;1489712;07/04/2026;2;336329;07/04/2026;CAOA MOTOR DO BRASIL LTDA;1,68E+13;CAMPINAS;SP;07/04/2026;10/04/2026;13/04/2026;Entregue Fora do Prazo;;Entrega realizada;Entrega Finalizada;10;4;7;4;RISSO;5008;;;
MOBIS BRASIL FABRICACAO DE AUTO PECAS LT;RODOVIARIO;1489709;07/04/2026;9;336344;07/04/2026;H R B COMERCIO DE VEICULOS LTDA;1,82E+13;SAO JOSE DO RIO PRETO;SP;07/04/2026;13/04/2026;13/04/2026;Entregue No Prazo;;Entrega realizada;Entrega Finalizada;13;4;7;4;RISSO;26050;;;
MOBIS BRASIL FABRICACAO DE AUTO PECAS LT;RODOVIARIO;1489708;07/04/2026;1;336349;07/04/2026;NEW VEICULOS E PECAS LTDA;1,59E+13;FRANCA;SP;07/04/2026;13/04/2026;13/04/2026;Entregue No Prazo;;Entrega realizada;Entrega Finalizada;13;4;7;4;RISSO;26014;;;
MOBIS BRASIL FABRICACAO DE AUTO PECAS LT;RODOVIARIO;1489657;07/04/2026;1;336310;07/04/2026;MONTREAL VEICULOS E PECAS LTDA;1,68E+13;SAO PEDRO DA ALDEIA;RJ;07/04/2026;14/04/2026;13/04/2026;Entregue No Prazo;;Entrega realizada;Entrega Finalizada;14;4;7;4;CAMILO;19030;;;
MOBIS BRASIL FABRICACAO DE AUTO PECAS LT;RODOVIARIO;1489687;07/04/2026;4;336351;07/04/2026;ATUAL VEICULOS LTDA;1,33E+13;TUBARAO;SC;07/04/2026;14/04/2026;13/04/2026;Entregue No Prazo;;Entrega realizada;Entrega Finalizada;14;4;7;4;TRANSTRY;24001;;;
MOBIS BRASIL FABRICACAO DE AUTO PECAS LT;RODOVIARIO;1489663;07/04/2026;12;336351;07/04/2026;ATUAL VEICULOS LTDA;1,33E+13;TUBARAO;SC;07/04/2026;14/04/2026;13/04/2026;Entregue No Prazo;;Entrega realizada;Entrega Finalizada;14;4;7;4;TRANSTRY;24001;;;
MOBIS BRASIL FABRICACAO DE AUTO PECAS LT;RODOVIARIO;1489661;07/04/2026;1;336352;07/04/2026;ATUAL VEICULOS LTDA;1,33E+13;ARARANGUA;SC;07/04/2026;14/04/2026;13/04/2026;Entregue No Prazo;;Entrega realizada;Entrega Finalizada;14;4;7;4;TRANSTRY;24001;;;
MOBIS BRASIL FABRICACAO DE AUTO PECAS LT;RODOVIARIO;1489685;07/04/2026;3;336352;07/04/2026;ATUAL VEICULOS LTDA;1,33E+13;ARARANGUA;SC;07/04/2026;14/04/2026;13/04/2026;Entregue No Prazo;;Entrega realizada;Entrega Finalizada;14;4;7;4;TRANSTRY;24001;;;
MOBIS BRASIL FABRICACAO DE AUTO PECAS LT;RODOVIARIO;1489692;07/04/2026;1;336362;07/04/2026;GAMBATTO H1 VEICULOS LTDA;1,94E+13;CHAPECO;SC;07/04/2026;14/04/2026;13/04/2026;Entregue No Prazo;;Entrega realizada;Entrega Finalizada;14;4;7;4;TRANSTRY;24018;;;
MOBIS BRASIL FABRICACAO DE AUTO PECAS LT;RODOVIARIO;1489680;07/04/2026;5;336369;07/04/2026;SANTA FE VEICULOS LTDA.;1,16E+13;FRANCISCO BELTRAO;PR;07/04/2026;14/04/2026;13/04/2026;Entregue No Prazo;;Entrega realizada;Entrega Finalizada;14;4;7;4;TRANSTRY;18010;;;
MOBIS BRASIL FABRICACAO DE AUTO PECAS LT;RODOVIARIO;1489652;07/04/2026;8;336369;07/04/2026;SANTA FE VEICULOS LTDA.;1,16E+13;FRANCISCO BELTRAO;PR;07/04/2026;14/04/2026;13/04/2026;Entregue No Prazo;;Entrega realizada;Entrega Finalizada;14;4;7;4;TRANSTRY;18010;;;
MOBIS BRASIL FABRICACAO DE AUTO PECAS LT;RODOVIARIO;1489625;07/04/2026;4;336290;07/04/2026;SMAFF IMPORT VEICULOS LTDA;8,18E+12;BRASILIA;DF;07/04/2026;15/04/2026;13/04/2026;Entregue No Prazo;;Entrega realizada;Entrega Finalizada;15;4;7;4;RIO VERMELHO;7002;;;
MOBIS BRASIL FABRICACAO DE AUTO PECAS LT;RODOVIARIO;1489643;07/04/2026;2;336319;07/04/2026;ULSAN COMERCIO DE VEICULOS LTDA.;2,10E+13;CAMPO GRANDE;MS;07/04/2026;15/04/2026;13/04/2026;Entregue No Prazo;;Entrega realizada;Entrega Finalizada;15;4;7;4;CARVALIMA;12004;;;
MOBIS BRASIL FABRICACAO DE AUTO PECAS LT;RODOVIARIO;1489683;07/04/2026;10;336363;07/04/2026;HOUSE PARTS - COM. DE PECAS E VEIC. LTDA;1,15E+13;SANTA MARIA;RS;07/04/2026;15/04/2026;13/04/2026;Entregue No Prazo;;Entrega realizada;Entrega Finalizada;15;4;7;4;TRANSTRY;23008;;;
MOBIS BRASIL FABRICACAO DE AUTO PECAS LT;RODOVIARIO;1489659;07/04/2026;3;336363;07/04/2026;HOUSE PARTS - COM. DE PECAS E VEIC. LTDA;1,15E+13;SANTA MARIA;RS;07/04/2026;15/04/2026;13/04/2026;Entregue No Prazo;;Entrega realizada;Entrega Finalizada;15;4;7;4;TRANSTRY;23008;;;
MOBIS BRASIL FABRICACAO DE AUTO PECAS LT;RODOVIARIO;1489646;07/04/2026;2;336317;07/04/2026;SAGA ASIA COM. DE VEIC.PC.E SERV. LTDA;2,23E+13;VARZEA GRANDE;MT;07/04/2026;16/04/2026;13/04/2026;Entregue No Prazo;;Entrega realizada;Entrega Finalizada;16;4;7;4;CARVALIMA;13004;;;
MOBIS BRASIL FABRICACAO DE AUTO PECAS LT;RODOVIARIO;1489645;07/04/2026;1;336317;07/04/2026;SAGA ASIA COM. DE VEIC.PC.E SERV. LTDA;2,23E+13;VARZEA GRANDE;MT;07/04/2026;16/04/2026;13/04/2026;Entregue No Prazo;;Entrega realizada;Entrega Finalizada;16;4;7;4;CARVALIMA;13004;;;
MOBIS BRASIL FABRICACAO DE AUTO PECAS LT;RODOVIARIO;1490177;07/04/2026;1;336318;07/04/2026;SAGA SEUL COMERCIO DE VEICULOS, PECAS E;2,23E+13;CUIABA;MT;07/04/2026;16/04/2026;13/04/2026;Entregue No Prazo;;Entrega realizada;Entrega Finalizada;16;4;7;4;CARVALIMA;13005;;;
MOBIS BRASIL FABRICACAO DE AUTO PECAS LT;RODOVIARIO;1489631;07/04/2026;2;336295;07/04/2026;URCA MOTORS VEICULOS LTDA;8,77E+12;RIO VERDE;GO;07/04/2026;17/04/2026;13/04/2026;Entregue No Prazo;;Entrega realizada;Entrega Finalizada;17;4;7;4;RIO VERMELHO;9014;;;
MOBIS BRASIL FABRICACAO DE AUTO PECAS LT;RODOVIARIO;1490521;08/04/2026;6;336571;08/04/2026;H R B COMERCIO DE VEICULOS LTDA;1,82E+13;SAO JOSE DO RIO PRETO;SP;08/04/2026;14/04/2026;13/04/2026;Entregue No Prazo;;Entrega realizada;Entrega Finalizada;14;4;8;4;RISSO;26050;;;
MOBIS BRASIL FABRICACAO DE AUTO PECAS LT;RODOVIARIO;1490520;08/04/2026;1;336573;08/04/2026;NEW VEICULOS E PECAS LTDA;1,59E+13;FRANCA;SP;08/04/2026;14/04/2026;13/04/2026;Entregue No Prazo;;Entrega realizada;Entrega Finalizada;14;4;8;4;RISSO;26014;;;
MOBIS BRASIL FABRICACAO DE AUTO PECAS LT;RODOVIARIO;1490505;08/04/2026;1;336588;08/04/2026;HOUSE PARTS-COM. DE PCS. E VEICULOS LTDA;1,15E+13;PORTO ALEGRE;RS;08/04/2026;14/04/2026;13/04/2026;Entregue No Prazo;;Entrega realizada;Entrega Finalizada;14;4;8;4;TRANSTRY;23004;;;
MOBIS BRASIL FABRICACAO DE AUTO PECAS LT;RODOVIARIO;1490499;08/04/2026;1;336603;08/04/2026;AMX COM. E SERVICOS DE AUTOMOTORES LTDA;1,20E+13;RIO DE JANEIRO;RJ;08/04/2026;14/04/2026;13/04/2026;Entregue No Prazo;;Entrega realizada;Entrega Finalizada;14;4;8;4;CAMILO;19009;;;
MOBIS BRASIL FABRICACAO DE AUTO PECAS LT;RODOVIARIO;1490448;08/04/2026;1;336605;08/04/2026;CAOA MOTOR DO BRASIL LTDA;1,68E+13;RIO DE JANEIRO;RJ;08/04/2026;14/04/2026;13/04/2026;Entregue No Prazo;;Entrega realizada;Entrega Finalizada;14;4;8;4;CAMILO;5008;;;
MOBIS BRASIL FABRICACAO DE AUTO PECAS LT;RODOVIARIO;1490503;08/04/2026;1;336605;08/04/2026;CAOA MOTOR DO BRASIL LTDA;1,68E+13;RIO DE JANEIRO;RJ;08/04/2026;14/04/2026;13/04/2026;Entregue No Prazo;;Entrega realizada;Entrega Finalizada;14;4;8;4;CAMILO;5008;;;
MOBIS BRASIL FABRICACAO DE AUTO PECAS LT;RODOVIARIO;1490502;08/04/2026;1;336608;08/04/2026;CAOA MOTOR DO BRASIL LTDA;1,68E+13;RIO DE JANEIRO;RJ;08/04/2026;14/04/2026;13/04/2026;Entregue No Prazo;;Entrega realizada;Entrega Finalizada;14;4;8;4;CAMILO;5008;;;
MOBIS BRASIL FABRICACAO DE AUTO PECAS LT;RODOVIARIO;1490445;08/04/2026;2;336609;08/04/2026;CAOA MOTOR DO BRASIL LTDA;1,68E+13;RIO DE JANEIRO;RJ;08/04/2026;14/04/2026;13/04/2026;Entregue No Prazo;;Entrega realizada;Entrega Finalizada;14;4;8;4;CAMILO;5008;;;
MOBIS BRASIL FABRICACAO DE AUTO PECAS LT;RODOVIARIO;1490444;08/04/2026;3;336617;08/04/2026;ITAVEMA MOTORS VEICULOS LTDA;7,73E+12;DUQUE DE CAXIAS;RJ;08/04/2026;14/04/2026;13/04/2026;Entregue No Prazo;;Entrega realizada;Entrega Finalizada;14;4;8;4;CAMILO;19001;;;
MOBIS BRASIL FABRICACAO DE AUTO PECAS LT;RODOVIARIO;1490501;08/04/2026;11;336618;08/04/2026;ITAVEMA MOTORS VEICULOS LTDA;7,73E+12;RIO DE JANEIRO;RJ;08/04/2026;14/04/2026;13/04/2026;Entregue No Prazo;;Entrega realizada;Entrega Finalizada;14;4;8;4;CAMILO;19001;;;
MOBIS BRASIL FABRICACAO DE AUTO PECAS LT;RODOVIARIO;1490447;08/04/2026;9;336618;08/04/2026;ITAVEMA MOTORS VEICULOS LTDA;7,73E+12;RIO DE JANEIRO;RJ;08/04/2026;14/04/2026;13/04/2026;Entregue No Prazo;;Entrega realizada;Entrega Finalizada;14;4;8;4;CAMILO;19001;;;
MOBIS BRASIL FABRICACAO DE AUTO PECAS LT;RODOVIARIO;1490500;08/04/2026;1;336618;08/04/2026;ITAVEMA MOTORS VEICULOS LTDA;7,73E+12;RIO DE JANEIRO;RJ;08/04/2026;14/04/2026;13/04/2026;Entregue No Prazo;;Entrega realizada;Entrega Finalizada;14;4;8;4;CAMILO;19001;;;
MOBIS BRASIL FABRICACAO DE AUTO PECAS LT;RODOVIARIO;1490508;08/04/2026;6;336579;08/04/2026;ATUAL VEICULOS LTDA;1,33E+13;TUBARAO;SC;08/04/2026;15/04/2026;13/04/2026;Entregue No Prazo;;Entrega realizada;Entrega Finalizada;15;4;8;4;TRANSTRY;24001;;;
MOBIS BRASIL FABRICACAO DE AUTO PECAS LT;RODOVIARIO;1490511;08/04/2026;6;336581;08/04/2026;BARI VEICULOS LTDA;7,46E+12;BLUMENAU;SC;08/04/2026;15/04/2026;13/04/2026;Entregue No Prazo;;Entrega realizada;Entrega Finalizada;15;4;8;4;TRANSTRY;18024;;;
MOBIS BRASIL FABRICACAO DE AUTO PECAS LT;RODOVIARIO;1490507;08/04/2026;1;336586;08/04/2026;GALA COMERCIO DE VEICULOS LTDA.;1,77E+13;PELOTAS;RS;08/04/2026;15/04/2026;13/04/2026;Entregue No Prazo;;Entrega realizada;Entrega Finalizada;15;4;8;4;TRANSTRY;23009;;;
MOBIS BRASIL FABRICACAO DE AUTO PECAS LT;RODOVIARIO;1490509;08/04/2026;1;336592;08/04/2026;LS COMERCIO DE AUTOMOVEIS LTDA.;1,03E+13;BRUSQUE;SC;08/04/2026;15/04/2026;13/04/2026;Entregue No Prazo;;Entrega realizada;Entrega Finalizada;15;4;8;4;TRANSTRY;24006;;;
MOBIS BRASIL FABRICACAO DE AUTO PECAS LT;RODOVIARIO;1490514;08/04/2026;2;336593;08/04/2026;PONTO CERTO COMERCIO DE VEICULOS LTDA;1,50E+13;LAGES;SC;08/04/2026;15/04/2026;13/04/2026;Entregue No Prazo;;Entrega realizada;Entrega Finalizada;15;4;8;4;TRANSTRY;24017;;;
MOBIS BRASIL FABRICACAO DE AUTO PECAS LT;RODOVIARIO;1490492;08/04/2026;1;336594;08/04/2026;SANTA FE VEICULOS LTDA.;1,16E+13;FRANCISCO BELTRAO;PR;08/04/2026;15/04/2026;13/04/2026;Entregue No Prazo;;Entrega realizada;Entrega Finalizada;15;4;8;4;TRANSTRY;18010;;;
MOBIS BRASIL FABRICACAO DE AUTO PECAS LT;RODOVIARIO;1490493;08/04/2026;2;336594;08/04/2026;SANTA FE VEICULOS LTDA.;1,16E+13;FRANCISCO BELTRAO;PR;08/04/2026;15/04/2026;13/04/2026;Entregue No Prazo;;Entrega realizada;Entrega Finalizada;15;4;8;4;TRANSTRY;18010;;;
MOBIS BRASIL FABRICACAO DE AUTO PECAS LT;RODOVIARIO;1490496;08/04/2026;2;336597;08/04/2026;VETOR AUTOMOVEIS LTDA;2,12E+13;FOZ DO IGUACU;PR;08/04/2026;15/04/2026;13/04/2026;Entregue No Prazo;;Entrega realizada;Entrega Finalizada;15;4;8;4;TRANSTRY;18019;;;
MOBIS BRASIL FABRICACAO DE AUTO PECAS LT;RODOVIARIO;1490449;08/04/2026;2;336623;08/04/2026;MONTREAL VEICULOS E PECAS LTDA;1,68E+13;SAO PEDRO DA ALDEIA;RJ;08/04/2026;15/04/2026;13/04/2026;Entregue No Prazo;;Entrega realizada;Entrega Finalizada;15;4;8;4;CAMILO;19030;;;
MOBIS BRASIL FABRICACAO DE AUTO PECAS LT;RODOVIARIO;1490413;08/04/2026;2;336545;08/04/2026;NISA COMERCIAL DE VEIC. AUTOMOTORES LTDA;1,03E+13;APARECIDA DE GOIANIA;GO;08/04/2026;16/04/2026;13/04/2026;Entregue No Prazo;;Entrega realizada;Entrega Finalizada;16;4;8;4;RIO VERMELHO;9002;;;
MOBIS BRASIL FABRICACAO DE AUTO PECAS LT;RODOVIARIO;1490417;08/04/2026;1;336546;08/04/2026;NISA COMERCIAL DE VEIC. AUTOMOTORES LTDA;1,03E+13;GOIANIA;GO;08/04/2026;16/04/2026;13/04/2026;Entregue No Prazo;;Entrega realizada;Entrega Finalizada;16;4;8;4;RIO VERMELHO;9013;;;
MOBIS BRASIL FABRICACAO DE AUTO PECAS LT;RODOVIARIO;1490460;08/04/2026;4;336549;08/04/2026;SAGA KOREA COM. DE VEIC. E PC. LTDA;1,27E+13;BRASILIA;DF;08/04/2026;16/04/2026;13/04/2026;Entregue No Prazo;Auditoria no cliente;Entrega realizada;Entrega Finalizada;16;4;8;4;RIO VERMELHO;7005;;;
MOBIS BRASIL FABRICACAO DE AUTO PECAS LT;RODOVIARIO;1490407;08/04/2026;2;336549;08/04/2026;SAGA KOREA COM. DE VEIC. E PC. LTDA;1,27E+13;BRASILIA;DF;08/04/2026;16/04/2026;13/04/2026;Entregue No Prazo;Auditoria no cliente;Entrega realizada;Entrega Finalizada;16;4;8;4;RIO VERMELHO;7005;;;
MOBIS BRASIL FABRICACAO DE AUTO PECAS LT;RODOVIARIO;1490414;08/04/2026;1;336550;08/04/2026;SAGA KOREA COM. DE VEIC. E PC. LTDA;1,27E+13;GOIANIA;GO;08/04/2026;16/04/2026;13/04/2026;Entregue No Prazo;;Entrega realizada;Entrega Finalizada;16;4;8;4;RIO VERMELHO;9009;;;
MOBIS BRASIL FABRICACAO DE AUTO PECAS LT;RODOVIARIO;1490466;08/04/2026;38;336551;08/04/2026;SAGA KOREA COM. DE VEIC. E PC. LTDA;1,27E+13;GOIANIA;GO;08/04/2026;16/04/2026;13/04/2026;Entregue No Prazo;;Entrega realizada;Entrega Finalizada;16;4;8;4;RIO VERMELHO;9011;;;
MOBIS BRASIL FABRICACAO DE AUTO PECAS LT;RODOVIARIO;1490415;08/04/2026;1;336551;08/04/2026;SAGA KOREA COM. DE VEIC. E PC. LTDA;1,27E+13;GOIANIA;GO;08/04/2026;16/04/2026;13/04/2026;Entregue No Prazo;;Entrega realizada;Entrega Finalizada;16;4;8;4;RIO VERMELHO;9011;;;
MOBIS BRASIL FABRICACAO DE AUTO PECAS LT;RODOVIARIO;1490416;08/04/2026;28;336551;08/04/2026;SAGA KOREA COM. DE VEIC. E PC. LTDA;1,27E+13;GOIANIA;GO;08/04/2026;16/04/2026;13/04/2026;Entregue No Prazo;;Entrega realizada;Entrega Finalizada;16;4;8;4;RIO VERMELHO;9011;;;
MOBIS BRASIL FABRICACAO DE AUTO PECAS LT;RODOVIARIO;1490406;08/04/2026;10;336552;08/04/2026;SMAFF IMPORT VEICULOS LTDA;8,18E+12;BRASILIA;DF;08/04/2026;16/04/2026;13/04/2026;Entregue No Prazo;;Entrega realizada;Entrega Finalizada;16;4;8;4;RIO VERMELHO;7002;;;
MOBIS BRASIL FABRICACAO DE AUTO PECAS LT;RODOVIARIO;1490459;08/04/2026;10;336552;08/04/2026;SMAFF IMPORT VEICULOS LTDA;8,18E+12;BRASILIA;DF;08/04/2026;16/04/2026;13/04/2026;Entregue No Prazo;;Entrega realizada;Entrega Finalizada;16;4;8;4;RIO VERMELHO;7002;;;
MOBIS BRASIL FABRICACAO DE AUTO PECAS LT;RODOVIARIO;1490483;08/04/2026;20;336633;08/04/2026;SAGA ASIA COM. DE VEIC.PC.E SERV. LTDA;2,23E+13;VARZEA GRANDE;MT;08/04/2026;17/04/2026;13/04/2026;Entregue No Prazo;;Entrega realizada;Entrega Finalizada;17;4;8;4;CARVALIMA;13004;;;
MOBIS BRASIL FABRICACAO DE AUTO PECAS LT;RODOVIARIO;1490437;08/04/2026;2;336633;08/04/2026;SAGA ASIA COM. DE VEIC.PC.E SERV. LTDA;2,23E+13;VARZEA GRANDE;MT;08/04/2026;17/04/2026;13/04/2026;Entregue No Prazo;;Entrega realizada;Entrega Finalizada;17;4;8;4;CARVALIMA;13004;;;
MOBIS BRASIL FABRICACAO DE AUTO PECAS LT;RODOVIARIO;1490482;08/04/2026;1;336633;08/04/2026;SAGA ASIA COM. DE VEIC.PC.E SERV. LTDA;2,23E+13;VARZEA GRANDE;MT;08/04/2026;17/04/2026;13/04/2026;Entregue No Prazo;;Entrega realizada;Entrega Finalizada;17;4;8;4;CARVALIMA;13004;;;
MOBIS BRASIL FABRICACAO DE AUTO PECAS LT;RODOVIARIO;1491309;09/04/2026;2;336805;09/04/2026;GRAND SPORT COM. DE VEIC. E PECAS LTDA;8,58E+12;GUARULHOS;SP;09/04/2026;13/04/2026;13/04/2026;Entregue No Prazo;;Entrega realizada;Entrega Finalizada;13;4;9;4;RISSO;26005;;;
MOBIS BRASIL FABRICACAO DE AUTO PECAS LT;RODOVIARIO;1491270;09/04/2026;5;336750;09/04/2026;TAI MOTORS VEICULOS S/A;9,27E+12;BELO HORIZONTE;MG;09/04/2026;14/04/2026;13/04/2026;Entregue No Prazo;;Entrega realizada;Entrega Finalizada;14;4;9;4;XD BETIM;8002;;;
MOBIS BRASIL FABRICACAO DE AUTO PECAS LT;RODOVIARIO;1491201;09/04/2026;2;336750;09/04/2026;TAI MOTORS VEICULOS S/A;9,27E+12;BELO HORIZONTE;MG;09/04/2026;14/04/2026;13/04/2026;Entregue No Prazo;;Entrega realizada;Entrega Finalizada;14;4;9;4;XD BETIM;8002;;;
MOBIS BRASIL FABRICACAO DE AUTO PECAS LT;RODOVIARIO;1491216;09/04/2026;4;336777;09/04/2026;SEVEC VEICULOS LTDA;5,68E+11;CURITIBA;PR;09/04/2026;14/04/2026;13/04/2026;Entregue No Prazo;;Entrega realizada;Entrega Finalizada;14;4;9;4;TRANSTRY;18012;;;
MOBIS BRASIL FABRICACAO DE AUTO PECAS LT;RODOVIARIO;1491283;09/04/2026;1;336777;09/04/2026;SEVEC VEICULOS LTDA;5,68E+11;CURITIBA;PR;09/04/2026;14/04/2026;13/04/2026;Entregue No Prazo;;Entrega realizada;Entrega Finalizada;14;4;9;4;TRANSTRY;18012;;;
MOBIS BRASIL FABRICACAO DE AUTO PECAS LT;RODOVIARIO;1491718;09/04/2026;3;336791;09/04/2026;ANDRETA II DISTRIB.DE VEICULOS LTDA.;9,10E+12;JUNDIAI;SP;09/04/2026;14/04/2026;13/04/2026;Entregue No Prazo;;Entrega realizada;Entrega Finalizada;14;4;9;4;RISSO;26040;;;
MOBIS BRASIL FABRICACAO DE AUTO PECAS LT;RODOVIARIO;1491523;09/04/2026;2;336791;09/04/2026;ANDRETA II DISTRIB.DE VEICULOS LTDA.;9,10E+12;JUNDIAI;SP;09/04/2026;14/04/2026;13/04/2026;Entregue No Prazo;;Entrega realizada;Entrega Finalizada;14;4;9;4;RISSO;26040;;;
MOBIS BRASIL FABRICACAO DE AUTO PECAS LT;RODOVIARIO;1491579;09/04/2026;1;336791;09/04/2026;ANDRETA II DISTRIB.DE VEICULOS LTDA.;9,10E+12;JUNDIAI;SP;09/04/2026;14/04/2026;13/04/2026;Entregue No Prazo;;Entrega realizada;Entrega Finalizada;14;4;9;4;RISSO;26040;;;
MOBIS BRASIL FABRICACAO DE AUTO PECAS LT;RODOVIARIO;1491322;09/04/2026;1;336796;09/04/2026;CAOA MOTOR DO BRASIL LTDA;1,68E+13;SAO CARLOS;SP;09/04/2026;14/04/2026;13/04/2026;Entregue No Prazo;;Entrega realizada;Entrega Finalizada;14;4;9;4;RISSO;5008;;;
MOBIS BRASIL FABRICACAO DE AUTO PECAS LT;RODOVIARIO;1491324;09/04/2026;3;336801;09/04/2026;DESTAQUE SEUL DISTR. DE VEIC. E PC. LTDA;2,12E+13;ATIBAIA;SP;09/04/2026;14/04/2026;13/04/2026;Entregue No Prazo;;Entrega realizada;Entrega Finalizada;14;4;9;4;RISSO;26075;;;
MOBIS BRASIL FABRICACAO DE AUTO PECAS LT;RODOVIARIO;1491244;09/04/2026;2;336801;09/04/2026;DESTAQUE SEUL DISTR. DE VEIC. E PC. LTDA;2,12E+13;ATIBAIA;SP;09/04/2026;14/04/2026;13/04/2026;Entregue No Prazo;;Entrega realizada;Entrega Finalizada;14;4;9;4;RISSO;26075;;;
MOBIS BRASIL FABRICACAO DE AUTO PECAS LT;RODOVIARIO;1491323;09/04/2026;1;336801;09/04/2026;DESTAQUE SEUL DISTR. DE VEIC. E PC. LTDA;2,12E+13;ATIBAIA;SP;09/04/2026;14/04/2026;13/04/2026;Entregue No Prazo;;Entrega realizada;Entrega Finalizada;14;4;9;4;RISSO;26075;;;
MOBIS BRASIL FABRICACAO DE AUTO PECAS LT;RODOVIARIO;1491238;09/04/2026;3;336809;09/04/2026;MOTONET COMERCIO DE VEICULOS LTDA;9,28E+12;SOROCABA;SP;09/04/2026;14/04/2026;13/04/2026;Entregue No Prazo;;Entrega realizada;Entrega Finalizada;14;4;9;4;RISSO;26113;;;
MOBIS BRASIL FABRICACAO DE AUTO PECAS LT;RODOVIARIO;1491313;09/04/2026;9;336810;09/04/2026;NEW VEICULOS E PECAS LTDA;1,59E+13;RIBEIRAO PRETO;SP;09/04/2026;14/04/2026;13/04/2026;Entregue No Prazo;;Entrega realizada;Entrega Finalizada;14;4;9;4;RISSO;26014;;;
MOBIS BRASIL FABRICACAO DE AUTO PECAS LT;RODOVIARIO;1491239;09/04/2026;1;336810;09/04/2026;NEW VEICULOS E PECAS LTDA;1,59E+13;RIBEIRAO PRETO;SP;09/04/2026;14/04/2026;13/04/2026;Entregue No Prazo;;Entrega realizada;Entrega Finalizada;14;4;9;4;RISSO;26014;;;
MOBIS BRASIL FABRICACAO DE AUTO PECAS LT;RODOVIARIO;1491203;09/04/2026;2;336751;09/04/2026;TOKSU COMERCIO DE VEICULOS LTDA;1,12E+13;VARGINHA;MG;09/04/2026;15/04/2026;13/04/2026;Entregue No Prazo;;Entrega realizada;Entrega Finalizada;15;4;9;4;XD BETIM;11008;;;
MOBIS BRASIL FABRICACAO DE AUTO PECAS LT;RODOVIARIO;1491285;09/04/2026;1;336758;09/04/2026;BARI VEICULOS LTDA;7,46E+12;SAO JOSE DOS PINHAIS;PR;09/04/2026;15/04/2026;13/04/2026;Entregue No Prazo;;Entrega realizada;Entrega Finalizada;15;4;9;4;TRANSTRY;18024;;;
MOBIS BRASIL FABRICACAO DE AUTO PECAS LT;RODOVIARIO;1491221;09/04/2026;1;336758;09/04/2026;BARI VEICULOS LTDA;7,46E+12;SAO JOSE DOS PINHAIS;PR;09/04/2026;15/04/2026;13/04/2026;Entregue No Prazo;;Entrega realizada;Entrega Finalizada;15;4;9;4;TRANSTRY;18024;;;
MOBIS BRASIL FABRICACAO DE AUTO PECAS LT;RODOVIARIO;1491548;09/04/2026;1;336762;09/04/2026;BARI VEICULOS LTDA;7,46E+12;PONTA GROSSA;PR;09/04/2026;15/04/2026;13/04/2026;Entregue No Prazo;;Entrega realizada;Entrega Finalizada;15;4;9;4;TRANSTRY;18024;;;
MOBIS BRASIL FABRICACAO DE AUTO PECAS LT;RODOVIARIO;1491515;09/04/2026;10;336762;09/04/2026;BARI VEICULOS LTDA;7,46E+12;PONTA GROSSA;PR;09/04/2026;15/04/2026;13/04/2026;Entregue No Prazo;;Entrega realizada;Entrega Finalizada;15;4;9;4;TRANSTRY;18024;;;
MOBIS BRASIL FABRICACAO DE AUTO PECAS LT;RODOVIARIO;1491561;09/04/2026;8;336762;09/04/2026;BARI VEICULOS LTDA;7,46E+12;PONTA GROSSA;PR;09/04/2026;15/04/2026;13/04/2026;Entregue No Prazo;;Entrega realizada;Entrega Finalizada;15;4;9;4;TRANSTRY;18024;;;
MOBIS BRASIL FABRICACAO DE AUTO PECAS LT;RODOVIARIO;1491214;09/04/2026;2;336772;09/04/2026;LOVAT VEICULOS S/A;8,57E+12;LONDRINA;PR;09/04/2026;15/04/2026;13/04/2026;Entregue No Prazo;;Entrega realizada;Entrega Finalizada;15;4;9;4;TRANSTRY;18008;;;
MOBIS BRASIL FABRICACAO DE AUTO PECAS LT;RODOVIARIO;1491280;09/04/2026;29;336772;09/04/2026;LOVAT VEICULOS S/A;8,57E+12;LONDRINA;PR;09/04/2026;15/04/2026;13/04/2026;Entregue No Prazo;;Entrega realizada;Entrega Finalizada;15;4;9;4;TRANSTRY;18008;;;
MOBIS BRASIL FABRICACAO DE AUTO PECAS LT;RODOVIARIO;1491218;09/04/2026;11;336778;09/04/2026;VETOR AUTOMOVEIS LTDA;2,12E+13;CASCAVEL;PR;09/04/2026;15/04/2026;13/04/2026;Entregue No Prazo;;Entrega realizada;Entrega Finalizada;15;4;9;4;TRANSTRY;18019;;;
MOBIS BRASIL FABRICACAO DE AUTO PECAS LT;RODOVIARIO;1491284;09/04/2026;1;336778;09/04/2026;VETOR AUTOMOVEIS LTDA;2,12E+13;CASCAVEL;PR;09/04/2026;15/04/2026;13/04/2026;Entregue No Prazo;;Entrega realizada;Entrega Finalizada;15;4;9;4;TRANSTRY;18019;;;
MOBIS BRASIL FABRICACAO DE AUTO PECAS LT;RODOVIARIO;1491318;09/04/2026;1;336808;09/04/2026;H R B COMERCIO DE VEICULOS LTDA;1,82E+13;SAO JOSE DO RIO PRETO;SP;09/04/2026;15/04/2026;13/04/2026;Entregue No Prazo;;Entrega realizada;Entrega Finalizada;15;4;9;4;RISSO;26050;;;
MOBIS BRASIL FABRICACAO DE AUTO PECAS LT;RODOVIARIO;1491319;09/04/2026;4;336808;09/04/2026;H R B COMERCIO DE VEICULOS LTDA;1,82E+13;SAO JOSE DO RIO PRETO;SP;09/04/2026;15/04/2026;13/04/2026;Entregue No Prazo;;Entrega realizada;Entrega Finalizada;15;4;9;4;RISSO;26050;;;
MOBIS BRASIL FABRICACAO DE AUTO PECAS LT;RODOVIARIO;1491242;09/04/2026;1;336808;09/04/2026;H R B COMERCIO DE VEICULOS LTDA;1,82E+13;SAO JOSE DO RIO PRETO;SP;09/04/2026;15/04/2026;13/04/2026;Entregue No Prazo;;Entrega realizada;Entrega Finalizada;15;4;9;4;RISSO;26050;;;
MOBIS BRASIL FABRICACAO DE AUTO PECAS LT;RODOVIARIO;1491715;09/04/2026;1;336812;09/04/2026;NEW VEICULOS E PECAS LTDA.;1,59E+13;ARARAQUARA;SP;09/04/2026;15/04/2026;13/04/2026;Entregue No Prazo;;Entrega realizada;Entrega Finalizada;15;4;9;4;RISSO;26071;;;
MOBIS BRASIL FABRICACAO DE AUTO PECAS LT;RODOVIARIO;1491882;09/04/2026;3;336739;09/04/2026;GNC GRANDE COREIA MINAS GERAIS COMERCIO;4,27E+13;MONTES CLAROS;MG;09/04/2026;16/04/2026;13/04/2026;Entregue No Prazo;;Entrega realizada;Entrega Finalizada;16;4;9;4;XD BETIM;11035;;;
MOBIS BRASIL FABRICACAO DE AUTO PECAS LT;RODOVIARIO;1491301;09/04/2026;11;336756;09/04/2026;ATUAL VEICULOS LTDA;1,33E+13;TUBARAO;SC;09/04/2026;16/04/2026;13/04/2026;Entregue No Prazo;;Entrega realizada;Entrega Finalizada;16;4;9;4;TRANSTRY;24001;;;
MOBIS BRASIL FABRICACAO DE AUTO PECAS LT;RODOVIARIO;1491232;09/04/2026;3;336773;09/04/2026;LR COMERCIO DE VEICULOS LTDA;1,05E+13;SAO JOSE;SC;09/04/2026;16/04/2026;13/04/2026;Entregue No Prazo;;Entrega realizada;Entrega Finalizada;16;4;9;4;TRANSTRY;24007;;;
MOBIS BRASIL FABRICACAO DE AUTO PECAS LT;RODOVIARIO;1491302;09/04/2026;1;336773;09/04/2026;LR COMERCIO DE VEICULOS LTDA;1,05E+13;SAO JOSE;SC;09/04/2026;16/04/2026;13/04/2026;Entregue No Prazo;;Entrega realizada;Entrega Finalizada;16;4;9;4;TRANSTRY;24007;;;
MOBIS BRASIL FABRICACAO DE AUTO PECAS LT;RODOVIARIO;1491231;09/04/2026;2;336774;09/04/2026;LS COMERCIO DE AUTOMOVEIS LTDA.;1,03E+13;BRUSQUE;SC;09/04/2026;16/04/2026;13/04/2026;Entregue No Prazo;;Entrega realizada;Entrega Finalizada;16;4;9;4;TRANSTRY;24006;;;
MOBIS BRASIL FABRICACAO DE AUTO PECAS LT;RODOVIARIO;1491282;09/04/2026;4;336776;09/04/2026;SANTA FE VEICULOS LTDA.;1,16E+13;FRANCISCO BELTRAO;PR;09/04/2026;16/04/2026;13/04/2026;Entregue No Prazo;;Entrega realizada;Entrega Finalizada;16;4;9;4;TRANSTRY;18010;;;
MOBIS BRASIL FABRICACAO DE AUTO PECAS LT;RODOVIARIO;1491215;09/04/2026;2;336776;09/04/2026;SANTA FE VEICULOS LTDA.;1,16E+13;FRANCISCO BELTRAO;PR;09/04/2026;16/04/2026;13/04/2026;Entregue No Prazo;;Entrega realizada;Entrega Finalizada;16;4;9;4;TRANSTRY;18010;;;
MOBIS BRASIL FABRICACAO DE AUTO PECAS LT;RODOVIARIO;1491219;09/04/2026;6;336779;09/04/2026;VETOR AUTOMOVEIS LTDA;2,12E+13;FOZ DO IGUACU;PR;09/04/2026;16/04/2026;13/04/2026;Entregue No Prazo;;Entrega realizada;Entrega Finalizada;16;4;9;4;TRANSTRY;18019;;;
MOBIS BRASIL FABRICACAO DE AUTO PECAS LT;RODOVIARIO;1491217;09/04/2026;1;336781;09/04/2026;ZENDAI VEICULOS LTDA;1,97E+13;TOLEDO;PR;09/04/2026;16/04/2026;13/04/2026;Entregue No Prazo;;Entrega realizada;Entrega Finalizada;16;4;9;4;TRANSTRY;18016;;;
MOBIS BRASIL FABRICACAO DE AUTO PECAS LT;RODOVIARIO;1491290;09/04/2026;1;336902;09/04/2026;VIA VR VEICULOS LTDA;1,73E+13;VOLTA REDONDA;RJ;09/04/2026;16/04/2026;13/04/2026;Entregue No Prazo;;Entrega realizada;Entrega Finalizada;16;4;9;4;CAMILO;19016;;;
MOBIS BRASIL FABRICACAO DE AUTO PECAS LT;RODOVIARIO;1491304;09/04/2026;1;336759;09/04/2026;BARI VEICULOS LTDA;7,46E+12;BALNEARIO CAMBORIU;SC;09/04/2026;17/04/2026;13/04/2026;Entregue No Prazo;;Entrega realizada;Entrega Finalizada;17;4;9;4;TRANSTRY;18024;;;
MOBIS BRASIL FABRICACAO DE AUTO PECAS LT;RODOVIARIO;1491305;09/04/2026;1;336764;09/04/2026;CHINHAN AUTOMOVEIS LTDA;2,41E+13;CONCORDIA;SC;09/04/2026;17/04/2026;13/04/2026;Entregue No Prazo;;Entrega realizada;Entrega Finalizada;17;4;9;4;TRANSTRY;23019;;;
MOBIS BRASIL FABRICACAO DE AUTO PECAS LT;RODOVIARIO;1492201;10/04/2026;2;337095;10/04/2026;CAOA MOTOR DO BRASIL LTDA (AGUA BRANCA);1,68E+13;SAO PAULO;SP;10/04/2026;14/04/2026;13/04/2026;Entregue No Prazo;;Entrega realizada;Entrega Finalizada;14;4;10;4;RISSO;26030;;;
MOBIS BRASIL FABRICACAO DE AUTO PECAS LT;RODOVIARIO;1492204;10/04/2026;2;337096;10/04/2026;CAOA MOTOR DO BRASIL LTDA (ARICANDUVA);1,68E+13;SAO PAULO;SP;10/04/2026;14/04/2026;13/04/2026;Entregue No Prazo;;Entrega realizada;Entrega Finalizada;14;4;10;4;RISSO;26039;;;
MOBIS BRASIL FABRICACAO DE AUTO PECAS LT;RODOVIARIO;1492202;10/04/2026;2;337102;10/04/2026;GRAND SPORT COM. DE VEIC. E PECAS LTDA;8,58E+12;SAO PAULO;SP;10/04/2026;14/04/2026;13/04/2026;Entregue No Prazo;;Entrega realizada;Entrega Finalizada;14;4;10;4;RISSO;26034;;;
MOBIS BRASIL FABRICACAO DE AUTO PECAS LT;RODOVIARIO;1492194;10/04/2026;6;337111;10/04/2026;NOBRE DISTRIBUIDORA DE VEICULOS E PECAS;5,76E+12;MOGI DAS CRUZES;SP;10/04/2026;14/04/2026;13/04/2026;Entregue No Prazo;;Entrega realizada;Entrega Finalizada;14;4;10;4;RISSO;26004;;;
MOBIS BRASIL FABRICACAO DE AUTO PECAS LT;RODOVIARIO;1492215;10/04/2026;1;337112;10/04/2026;NOBRE SP DISTRIB. DE VEIC. E PEC. LTDA;1,70E+13;SAO PAULO;SP;10/04/2026;14/04/2026;13/04/2026;Entregue No Prazo;;Entrega realizada;Entrega Finalizada;14;4;10;4;RISSO;26081;;;
MOBIS BRASIL FABRICACAO DE AUTO PECAS LT;RODOVIARIO;1492460;10/04/2026;5;337090;10/04/2026;ANDRETA II DISTRIB.DE VEICULOS LTDA.;9,10E+12;JUNDIAI;SP;10/04/2026;15/04/2026;13/04/2026;Entregue No Prazo;;Entrega realizada;Entrega Finalizada;15;4;10;4;RISSO;26040;;;
MOBIS BRASIL FABRICACAO DE AUTO PECAS LT;RODOVIARIO;1492218;10/04/2026;4;337105;10/04/2026;H - CAMINHO AUTOMOVEIS LTDA;2,53E+13;PIRACICABA;SP;10/04/2026;16/04/2026;13/04/2026;Entregue No Prazo;;Entrega realizada;Entrega Finalizada;16;4;10;4;RISSO;26092;;;
MOBIS BRASIL FABRICACAO DE AUTO PECAS LT;RODOVIARIO;1493092;13/04/2026;1;337462;13/04/2026;CAOA MOTOR DO BRASIL LTDA (INDIANOPOLIS);1,68E+13;SAO PAULO;SP;13/04/2026;15/04/2026;13/04/2026;Entregue No Prazo;;Entrega realizada;Entrega Finalizada;15;4;13;4;RISSO;26091;;;
MOBIS BRASIL FABRICACAO DE AUTO PECAS LT;RODOVIARIO;1493091;13/04/2026;1;337463;13/04/2026;GRANDAY AUTOMOTORES LTDA (CHAC. CALIFOR);1,57E+13;SAO PAULO;SP;13/04/2026;15/04/2026;13/04/2026;Entregue No Prazo;;Entrega realizada;Entrega Finalizada;15;4;13;4;RISSO;26090;;;
MOBIS BRASIL FABRICACAO DE AUTO PECAS LT;RODOVIARIO;1493451;13/04/2026;1;337323;13/04/2026;NEW VEICULOS E PECAS LTDA.;1,59E+13;ARARAQUARA;SP;13/04/2026;17/04/2026;13/04/2026;Entregue No Prazo;;Entrega realizada;Entrega Finalizada;17;4;13;4;RISSO;26071;;;
MOBIS BRASIL FABRICACAO DE AUTO PECAS LT;RODOVIARIO;1491202;09/04/2026;1;336737;09/04/2026;CAOA MOTOR DO BRASIL LTDA;1,68E+13;BELO HORIZONTE;MG;09/04/2026;14/04/2026;13/04/2026;Entregue No Prazo;;Entrega realizada;Entrega Finalizada;14;4;9;4;XD BETIM;5008;;;
MOBIS BRASIL FABRICACAO DE AUTO PECAS LT;RODOVIARIO;1491271;09/04/2026;17;336738;09/04/2026;CARBEL KOREA VEICULOS LTDA;2,07E+13;BELO HORIZONTE;MG;09/04/2026;14/04/2026;13/04/2026;Entregue No Prazo;;Entrega realizada;Entrega Finalizada;14;4;9;4;XD BETIM;11021;;;
MOBIS BRASIL FABRICACAO DE AUTO PECAS LT;RODOVIARIO;1491204;09/04/2026;34;336736;09/04/2026;BDG AUTOVILLE VEICULOS LTDA;4,77E+13;CONTAGEM;MG;09/04/2026;14/04/2026;13/04/2026;Entregue No Prazo;;Entrega realizada;Entrega Finalizada;14;4;9;4;XD BETIM;11037;;;
MOBIS BRASIL FABRICACAO DE AUTO PECAS LT;RODOVIARIO;1491272;09/04/2026;31;336736;09/04/2026;BDG AUTOVILLE VEICULOS LTDA;4,77E+13;CONTAGEM;MG;09/04/2026;14/04/2026;13/04/2026;Entregue No Prazo;;Entrega realizada;Entrega Finalizada;14;4;9;4;XD BETIM;11037;;;
MOBIS BRASIL FABRICACAO DE AUTO PECAS LT;RODOVIARIO;1485704;30/03/2026;2;335132;30/03/2026;JPN PATOS COMERCIO DE VEICULOS LTDA;4,20E+13;PATOS;PB;30/03/2026;15/04/2026;14/04/2026;Entregue No Prazo;;Entrega realizada;Entrega Finalizada;15;4;30;3;TERMACO;15004;;;
MOBIS BRASIL FABRICACAO DE AUTO PECAS LT;RODOVIARIO;1486725;31/03/2026;1;335568;31/03/2026;TAI MOTORS VEICULOS S/A;9,27E+12;COLATINA;ES;31/03/2026;08/04/2026;14/04/2026;Entregue Fora do Prazo;;Entrega realizada;Entrega Finalizada;8;4;31;3;CAMILO;8002;;;
MOBIS BRASIL FABRICACAO DE AUTO PECAS LT;RODOVIARIO;1486749;31/03/2026;11;335552;31/03/2026;JPN PATOS COMERCIO DE VEICULOS LTDA;4,20E+13;PATOS;PB;31/03/2026;16/04/2026;14/04/2026;Entregue No Prazo;;Entrega realizada;Entrega Finalizada;16;4;31;3;TERMACO;15004;;;
MOBIS BRASIL FABRICACAO DE AUTO PECAS LT;RODOVIARIO;1486732;31/03/2026;1;335557;31/03/2026;NACIONAL NOVA MARABA DIST DE VEIC. LTDA;1,70E+13;IMPERATRIZ;MA;31/03/2026;20/04/2026;14/04/2026;Entregue No Prazo;;Entrega realizada;Entrega Finalizada;20;4;31;3;TERMACO;10003;;;
MOBIS BRASIL FABRICACAO DE AUTO PECAS LT;RODOVIARIO;1488328;02/04/2026;9;335816;02/04/2026;GRAND SPORT COM. DE VEIC. E PECAS LTDA;8,58E+12;GUARULHOS;SP;02/04/2026;06/04/2026;14/04/2026;Entregue Fora do Prazo;;Entrega realizada;Entrega Finalizada;6;4;2;4;RISSO;26005;;;
MOBIS BRASIL FABRICACAO DE AUTO PECAS LT;RODOVIARIO;1488256;02/04/2026;1;336025;02/04/2026;FAZZA MOTORS COM. DE VEICULOS LTDA;1,24E+13;FORTALEZA;CE;02/04/2026;16/04/2026;14/04/2026;Entregue No Prazo;;Entrega realizada;Entrega Finalizada;16;4;2;4;TERMACO;6001;;;
MOBIS BRASIL FABRICACAO DE AUTO PECAS LT;RODOVIARIO;1488267;02/04/2026;1;336035;02/04/2026;PATEO COMERCIO DE VEICULOS S A;7,78E+12;SAO LUIS;MA;02/04/2026;17/04/2026;14/04/2026;Entregue No Prazo;Feriado municipal;Entrega realizada;Entrega Finalizada;17;4;2;4;TERMACO;10002;;;
MOBIS BRASIL FABRICACAO DE AUTO PECAS LT;RODOVIARIO;1488958;06/04/2026;4;336124;06/04/2026;ATUAL VEICULOS LTDA;1,33E+13;CRICIUMA;SC;06/04/2026;13/04/2026;14/04/2026;Entregue Fora do Prazo;;Entrega realizada;Entrega Finalizada;13;4;6;4;TRANSTRY;24001;;;
MOBIS BRASIL FABRICACAO DE AUTO PECAS LT;RODOVIARIO;1488991;06/04/2026;1;336114;06/04/2026;PRIVILLEGE DISTRIBUIDORA DE VEICULOS LTD;1,72E+13;PALMAS;TO;06/04/2026;15/04/2026;14/04/2026;Entregue No Prazo;;Entrega realizada;Entrega Finalizada;15;4;6;4;RIO VERMELHO;27003;;;
MOBIS BRASIL FABRICACAO DE AUTO PECAS LT;RODOVIARIO;1488929;06/04/2026;1;336144;06/04/2026;CAOA MOTOR DO BRASIL LTDA;1,68E+13;BELEM;PA;06/04/2026;17/04/2026;14/04/2026;Entregue No Prazo;;Entrega realizada;Entrega Finalizada;17;4;6;4;CARVALIMA;5008;;;
MOBIS BRASIL FABRICACAO DE AUTO PECAS LT;RODOVIARIO;1488967;06/04/2026;3;336169;06/04/2026;SAINT LAND COMERCIO DE VEICULOS LTDA;1,04E+13;ARACAJU;SE;06/04/2026;17/04/2026;14/04/2026;Entregue No Prazo;;Entrega realizada;Entrega Finalizada;17;4;6;4;TERMACO;6010;;;
MOBIS BRASIL FABRICACAO DE AUTO PECAS LT;RODOVIARIO;1488933;06/04/2026;1;336163;06/04/2026;PATEO COMERCIO DE VEICULOS S A;7,78E+12;RECIFE;PE;06/04/2026;21/04/2026;14/04/2026;Entregue No Prazo;;Entrega realizada;Entrega Finalizada;21;4;6;4;TERMACO;16004;Fundação de Brasília;Estadual;DF
MOBIS BRASIL FABRICACAO DE AUTO PECAS LT;RODOVIARIO;1488952;06/04/2026;3;336170;06/04/2026;SAINT LAND COMERCIO DE VEICULOS LTDA;1,04E+13;NATAL;RN;06/04/2026;21/04/2026;14/04/2026;Entregue No Prazo;;Entrega realizada;Entrega Finalizada;21;4;6;4;TERMACO;6010;Fundação de Brasília;Estadual;DF
MOBIS BRASIL FABRICACAO DE AUTO PECAS LT;RODOVIARIO;1488930;06/04/2026;1;336159;06/04/2026;NACIONAL NOVA MARABA DIST DE VEIC. LTDA;1,70E+13;PARAUAPEBAS;PA;06/04/2026;22/04/2026;14/04/2026;Entregue No Prazo;Avaria;Entrega realizada;Entrega Finalizada;22;4;6;4;CARVALIMA;14010;;;
MOBIS BRASIL FABRICACAO DE AUTO PECAS LT;RODOVIARIO;1488951;06/04/2026;4;336161;06/04/2026;ORIENTE AUTOMOVEIS LTDA;1,33E+13;PARNAMIRIM;RN;06/04/2026;22/04/2026;14/04/2026;Entregue No Prazo;;Entrega realizada;Entrega Finalizada;22;4;6;4;TERMACO;20001;;;
MOBIS BRASIL FABRICACAO DE AUTO PECAS LT;RODOVIARIO;1489626;07/04/2026;9;336320;07/04/2026;VIA BRASIL AUTOMOVEIS LTDA.;4,72E+12;SERRA;ES;07/04/2026;14/04/2026;14/04/2026;Entregue No Prazo;;Entrega realizada;Entrega Finalizada;14;4;7;4;CAMILO;8001;;;
MOBIS BRASIL FABRICACAO DE AUTO PECAS LT;RODOVIARIO;1489686;07/04/2026;9;336350;07/04/2026;ATUAL VEICULOS LTDA;1,33E+13;CRICIUMA;SC;07/04/2026;14/04/2026;14/04/2026;Entregue No Prazo;;Entrega realizada;Entrega Finalizada;14;4;7;4;TRANSTRY;24001;;;
MOBIS BRASIL FABRICACAO DE AUTO PECAS LT;RODOVIARIO;1489662;07/04/2026;2;336350;07/04/2026;ATUAL VEICULOS LTDA;1,33E+13;CRICIUMA;SC;07/04/2026;14/04/2026;14/04/2026;Entregue No Prazo;;Entrega realizada;Entrega Finalizada;14;4;7;4;TRANSTRY;24001;;;
MOBIS BRASIL FABRICACAO DE AUTO PECAS LT;RODOVIARIO;1489627;07/04/2026;1;336316;07/04/2026;PRIME CACHOEIRO VEICULOS LTDA EPP;9,34E+12;CACHOEIRO DE ITAPEMIRIM;ES;07/04/2026;15/04/2026;14/04/2026;Entregue No Prazo;;Entrega realizada;Entrega Finalizada;15;4;7;4;CAMILO;8003;;;
MOBIS BRASIL FABRICACAO DE AUTO PECAS LT;RODOVIARIO;1489648;07/04/2026;1;336300;07/04/2026;CAOA MOTOR DO BRASIL LTDA;1,68E+13;BELEM;PA;07/04/2026;20/04/2026;14/04/2026;Entregue No Prazo;;Entrega realizada;Entrega Finalizada;20;4;7;4;CARVALIMA;5008;;;
MOBIS BRASIL FABRICACAO DE AUTO PECAS LT;RODOVIARIO;1490491;08/04/2026;1;336590;08/04/2026;LOVAT VEICULOS S/A;8,57E+12;MARINGA;PR;08/04/2026;14/04/2026;14/04/2026;Entregue No Prazo;;Entrega realizada;Entrega Finalizada;14;4;8;4;TRANSTRY;18008;;;
MOBIS BRASIL FABRICACAO DE AUTO PECAS LT;RODOVIARIO;1490422;08/04/2026;2;336544;08/04/2026;CONCESSIONARIA NAGOYA MOTOS E VEIC. LTDA;8,74E+12;UBA;MG;08/04/2026;15/04/2026;14/04/2026;Entregue No Prazo;;Entrega realizada;Entrega Finalizada;15;4;8;4;XD BETIM;11004;;;
MOBIS BRASIL FABRICACAO DE AUTO PECAS LT;RODOVIARIO;1490472;08/04/2026;1;336544;08/04/2026;CONCESSIONARIA NAGOYA MOTOS E VEIC. LTDA;8,74E+12;UBA;MG;08/04/2026;15/04/2026;14/04/2026;Entregue No Prazo;;Entrega realizada;Entrega Finalizada;15;4;8;4;XD BETIM;11004;;;
MOBIS BRASIL FABRICACAO DE AUTO PECAS LT;RODOVIARIO;1490446;08/04/2026;1;336616;08/04/2026;GRAFFITI VEICULOS LTDA.;1,71E+13;ITAPERUNA;RJ;08/04/2026;15/04/2026;14/04/2026;Entregue No Prazo;;Entrega realizada;Entrega Finalizada;15;4;8;4;CAMILO;19015;;;
MOBIS BRASIL FABRICACAO DE AUTO PECAS LT;RODOVIARIO;1490506;08/04/2026;6;336587;08/04/2026;HOUSE PARTS - COM. DE PECAS E VEIC. LTDA;1,15E+13;SANTA MARIA;RS;08/04/2026;16/04/2026;14/04/2026;Entregue No Prazo;;Entrega realizada;Entrega Finalizada;16;4;8;4;TRANSTRY;23008;;;
MOBIS BRASIL FABRICACAO DE AUTO PECAS LT;RODOVIARIO;1490435;08/04/2026;2;336619;08/04/2026;JPG MOTORS COMERCIO DE VEICULOS LTDA;2,91E+13;CAMPO GRANDE;MS;08/04/2026;16/04/2026;14/04/2026;Entregue No Prazo;;Entrega realizada;Entrega Finalizada;16;4;8;4;CARVALIMA;12005;;;
MOBIS BRASIL FABRICACAO DE AUTO PECAS LT;RODOVIARIO;1490434;08/04/2026;12;336637;08/04/2026;ULSAN COMERCIO DE VEICULOS LTDA.;2,10E+13;CAMPO GRANDE;MS;08/04/2026;16/04/2026;14/04/2026;Entregue No Prazo;;Entrega realizada;Entrega Finalizada;16;4;8;4;CARVALIMA;12004;;;
MOBIS BRASIL FABRICACAO DE AUTO PECAS LT;RODOVIARIO;1490468;08/04/2026;1;336561;08/04/2026;URCA MOTORS VEICULOS LTDA;8,77E+12;ITUMBIARA;GO;08/04/2026;20/04/2026;14/04/2026;Entregue No Prazo;;Entrega realizada;Entrega Finalizada;20;4;8;4;RIO VERMELHO;9014;;;
MOBIS BRASIL FABRICACAO DE AUTO PECAS LT;RODOVIARIO;1490469;08/04/2026;2;336558;08/04/2026;TRIAUTO KOREA AUTOMOVEIS LTDA;4,99E+13;CATALAO;GO;08/04/2026;22/04/2026;14/04/2026;Entregue No Prazo;;Entrega realizada;Entrega Finalizada;22;4;8;4;RIO VERMELHO;9018;;;
MOBIS BRASIL FABRICACAO DE AUTO PECAS LT;RODOVIARIO;1490419;08/04/2026;1;336558;08/04/2026;TRIAUTO KOREA AUTOMOVEIS LTDA;4,99E+13;CATALAO;GO;08/04/2026;22/04/2026;14/04/2026;Entregue No Prazo;;Entrega realizada;Entrega Finalizada;22;4;8;4;RIO VERMELHO;9018;;;
MOBIS BRASIL FABRICACAO DE AUTO PECAS LT;RODOVIARIO;1490400;08/04/2026;2;336602;08/04/2026;AIKON VEICULOS LTDA;1,17E+13;VITORIA DA CONQUISTA;BA;08/04/2026;23/04/2026;14/04/2026;Entregue No Prazo;;Entrega realizada;Entrega Finalizada;23;4;8;4;TERMACO;5002;São Jorge;Estadual;RJ
MOBIS BRASIL FABRICACAO DE AUTO PECAS LT;RODOVIARIO;1490455;08/04/2026;4;336602;08/04/2026;AIKON VEICULOS LTDA;1,17E+13;VITORIA DA CONQUISTA;BA;08/04/2026;23/04/2026;14/04/2026;Entregue No Prazo;;Entrega realizada;Entrega Finalizada;23;4;8;4;TERMACO;5002;São Jorge;Estadual;RJ
MOBIS BRASIL FABRICACAO DE AUTO PECAS LT;RODOVIARIO;1490401;08/04/2026;4;336602;08/04/2026;AIKON VEICULOS LTDA;1,17E+13;VITORIA DA CONQUISTA;BA;08/04/2026;23/04/2026;14/04/2026;Entregue No Prazo;;Entrega realizada;Entrega Finalizada;23;4;8;4;TERMACO;5002;São Jorge;Estadual;RJ
MOBIS BRASIL FABRICACAO DE AUTO PECAS LT;RODOVIARIO;1490403;08/04/2026;1;336628;08/04/2026;PATEO COMERCIO DE VEICULOS S A;7,78E+12;FEIRA DE SANTANA;BA;08/04/2026;23/04/2026;14/04/2026;Entregue No Prazo;;Entrega realizada;Entrega Finalizada;23;4;8;4;TERMACO;5009;São Jorge;Estadual;RJ
MOBIS BRASIL FABRICACAO DE AUTO PECAS LT;RODOVIARIO;1491311;09/04/2026;2;336793;09/04/2026;ANDRETA II DISTRIBUIDORA DE VEIC. LTDA;9,10E+12;CAMPINAS;SP;09/04/2026;14/04/2026;14/04/2026;Entregue No Prazo;;Entrega realizada;Entrega Finalizada;14;4;9;4;RISSO;26011;;;
MOBIS BRASIL FABRICACAO DE AUTO PECAS LT;RODOVIARIO;1491237;09/04/2026;3;336793;09/04/2026;ANDRETA II DISTRIBUIDORA DE VEIC. LTDA;9,10E+12;CAMPINAS;SP;09/04/2026;14/04/2026;14/04/2026;Entregue No Prazo;;Entrega realizada;Entrega Finalizada;14;4;9;4;RISSO;26011;;;
MOBIS BRASIL FABRICACAO DE AUTO PECAS LT;RODOVIARIO;1491312;09/04/2026;27;336793;09/04/2026;ANDRETA II DISTRIBUIDORA DE VEIC. LTDA;9,10E+12;CAMPINAS;SP;09/04/2026;14/04/2026;14/04/2026;Entregue No Prazo;;Entrega realizada;Entrega Finalizada;14;4;9;4;RISSO;26011;;;
MOBIS BRASIL FABRICACAO DE AUTO PECAS LT;RODOVIARIO;1491227;09/04/2026;1;336763;09/04/2026;CARWAY SUL VEICULOS LTDA;1,03E+13;CANOAS;RS;09/04/2026;15/04/2026;14/04/2026;Entregue No Prazo;;Entrega realizada;Entrega Finalizada;15;4;9;4;TRANSTRY;23003;;;
MOBIS BRASIL FABRICACAO DE AUTO PECAS LT;RODOVIARIO;1491296;09/04/2026;1;336770;09/04/2026;HOUSE PARTS-COM. DE PCS. E VEICULOS LTDA;1,15E+13;PORTO ALEGRE;RS;09/04/2026;15/04/2026;14/04/2026;Entregue No Prazo;;Entrega realizada;Entrega Finalizada;15;4;9;4;TRANSTRY;23004;;;
MOBIS BRASIL FABRICACAO DE AUTO PECAS LT;RODOVIARIO;1491226;09/04/2026;2;336770;09/04/2026;HOUSE PARTS-COM. DE PCS. E VEICULOS LTDA;1,15E+13;PORTO ALEGRE;RS;09/04/2026;15/04/2026;14/04/2026;Entregue No Prazo;;Entrega realizada;Entrega Finalizada;15;4;9;4;TRANSTRY;23004;;;
MOBIS BRASIL FABRICACAO DE AUTO PECAS LT;RODOVIARIO;1491281;09/04/2026;2;336771;09/04/2026;LOVAT VEICULOS S/A;8,57E+12;MARINGA;PR;09/04/2026;15/04/2026;14/04/2026;Entregue No Prazo;;Entrega realizada;Entrega Finalizada;15;4;9;4;TRANSTRY;18008;;;
MOBIS BRASIL FABRICACAO DE AUTO PECAS LT;RODOVIARIO;1491220;09/04/2026;1;336780;09/04/2026;VETOR AUTOMOVEIS LTDA;2,12E+13;UMUARAMA;PR;09/04/2026;15/04/2026;14/04/2026;Entregue No Prazo;;Entrega realizada;Entrega Finalizada;15;4;9;4;TRANSTRY;18019;;;
MOBIS BRASIL FABRICACAO DE AUTO PECAS LT;RODOVIARIO;1491241;09/04/2026;1;336811;09/04/2026;NEW VEICULOS E PECAS LTDA;1,59E+13;FRANCA;SP;09/04/2026;15/04/2026;14/04/2026;Entregue No Prazo;;Entrega realizada;Entrega Finalizada;15;4;9;4;RISSO;26014;;;
MOBIS BRASIL FABRICACAO DE AUTO PECAS LT;RODOVIARIO;1491317;09/04/2026;5;336811;09/04/2026;NEW VEICULOS E PECAS LTDA;1,59E+13;FRANCA;SP;09/04/2026;15/04/2026;14/04/2026;Entregue No Prazo;;Entrega realizada;Entrega Finalizada;15;4;9;4;RISSO;26014;;;
MOBIS BRASIL FABRICACAO DE AUTO PECAS LT;RODOVIARIO;1491288;09/04/2026;8;336868;09/04/2026;AMX COM. E SERVICOS DE AUTOMOTORES LTDA;1,20E+13;RIO DE JANEIRO;RJ;09/04/2026;15/04/2026;14/04/2026;Entregue No Prazo;;Entrega realizada;Entrega Finalizada;15;4;9;4;CAMILO;19009;;;
MOBIS BRASIL FABRICACAO DE AUTO PECAS LT;RODOVIARIO;1491289;09/04/2026;1;336870;09/04/2026;CAOA MOTOR DO BRASIL LTDA;1,68E+13;RIO DE JANEIRO;RJ;09/04/2026;15/04/2026;14/04/2026;Entregue No Prazo;;Entrega realizada;Entrega Finalizada;15;4;9;4;CAMILO;5008;;;
MOBIS BRASIL FABRICACAO DE AUTO PECAS LT;RODOVIARIO;1491224;09/04/2026;1;336871;09/04/2026;CAOA MOTOR DO BRASIL LTDA;1,68E+13;RIO DE JANEIRO;RJ;09/04/2026;15/04/2026;14/04/2026;Entregue No Prazo;;Entrega realizada;Entrega Finalizada;15;4;9;4;CAMILO;5008;;;
MOBIS BRASIL FABRICACAO DE AUTO PECAS LT;RODOVIARIO;1491223;09/04/2026;26;336881;09/04/2026;ITAVEMA MOTORS VEICULOS LTDA;7,73E+12;RIO DE JANEIRO;RJ;09/04/2026;15/04/2026;14/04/2026;Entregue No Prazo;;Entrega realizada;Entrega Finalizada;15;4;9;4;CAMILO;19001;;;
MOBIS BRASIL FABRICACAO DE AUTO PECAS LT;RODOVIARIO;1491291;09/04/2026;1;336881;09/04/2026;ITAVEMA MOTORS VEICULOS LTDA;7,73E+12;RIO DE JANEIRO;RJ;09/04/2026;15/04/2026;14/04/2026;Entregue No Prazo;;Entrega realizada;Entrega Finalizada;15;4;9;4;CAMILO;19001;;;
MOBIS BRASIL FABRICACAO DE AUTO PECAS LT;RODOVIARIO;1491287;09/04/2026;2;336882;09/04/2026;ITAVEMA MOTORS VEICULOS LTDA;7,73E+12;DUQUE DE CAXIAS;RJ;09/04/2026;15/04/2026;14/04/2026;Entregue No Prazo;;Entrega realizada;Entrega Finalizada;15;4;9;4;CAMILO;19001;;;
MOBIS BRASIL FABRICACAO DE AUTO PECAS LT;RODOVIARIO;1491268;09/04/2026;3;336755;09/04/2026;VITAL COMERCIO DE VEICULOS LTDA;1,05E+13;GOVERNADOR VALADARES;MG;09/04/2026;16/04/2026;14/04/2026;Entregue No Prazo;;Entrega realizada;Entrega Finalizada;16;4;9;4;XD BETIM;11016;;;
MOBIS BRASIL FABRICACAO DE AUTO PECAS LT;RODOVIARIO;1491233;09/04/2026;1;336760;09/04/2026;BARI VEICULOS LTDA;7,46E+12;BLUMENAU;SC;09/04/2026;16/04/2026;14/04/2026;Entregue No Prazo;;Entrega realizada;Entrega Finalizada;16;4;9;4;TRANSTRY;18024;;;
MOBIS BRASIL FABRICACAO DE AUTO PECAS LT;RODOVIARIO;1491303;09/04/2026;2;336760;09/04/2026;BARI VEICULOS LTDA;7,46E+12;BLUMENAU;SC;09/04/2026;16/04/2026;14/04/2026;Entregue No Prazo;;Entrega realizada;Entrega Finalizada;16;4;9;4;TRANSTRY;18024;;;
MOBIS BRASIL FABRICACAO DE AUTO PECAS LT;RODOVIARIO;1491234;09/04/2026;2;336760;09/04/2026;BARI VEICULOS LTDA;7,46E+12;BLUMENAU;SC;09/04/2026;16/04/2026;14/04/2026;Entregue No Prazo;;Entrega realizada;Entrega Finalizada;16;4;9;4;TRANSTRY;18024;;;
MOBIS BRASIL FABRICACAO DE AUTO PECAS LT;RODOVIARIO;1491192;09/04/2026;1;336747;09/04/2026;SAGA KOREA COM. DE VEIC. E PC. LTDA;1,27E+13;BRASILIA;DF;09/04/2026;17/04/2026;14/04/2026;Entregue No Prazo;;Entrega realizada;Entrega Finalizada;17;4;9;4;RIO VERMELHO;7005;;;
MOBIS BRASIL FABRICACAO DE AUTO PECAS LT;RODOVIARIO;1491257;09/04/2026;1;336747;09/04/2026;SAGA KOREA COM. DE VEIC. E PC. LTDA;1,27E+13;BRASILIA;DF;09/04/2026;17/04/2026;14/04/2026;Entregue No Prazo;;Entrega realizada;Entrega Finalizada;17;4;9;4;RIO VERMELHO;7005;;;
MOBIS BRASIL FABRICACAO DE AUTO PECAS LT;RODOVIARIO;1491255;09/04/2026;2;336748;09/04/2026;SMAFF IMPORT VEICULOS LTDA;8,18E+12;BRASILIA;DF;09/04/2026;17/04/2026;14/04/2026;Entregue No Prazo;;Entrega realizada;Entrega Finalizada;17;4;9;4;RIO VERMELHO;7002;;;
MOBIS BRASIL FABRICACAO DE AUTO PECAS LT;RODOVIARIO;1491191;09/04/2026;9;336749;09/04/2026;SMAFF IMPORT VEICULOS LTDA;8,18E+12;BRASILIA;DF;09/04/2026;17/04/2026;14/04/2026;Entregue No Prazo;;Entrega realizada;Entrega Finalizada;17;4;9;4;RIO VERMELHO;7002;;;
MOBIS BRASIL FABRICACAO DE AUTO PECAS LT;RODOVIARIO;1491256;09/04/2026;4;336749;09/04/2026;SMAFF IMPORT VEICULOS LTDA;8,18E+12;BRASILIA;DF;09/04/2026;17/04/2026;14/04/2026;Entregue No Prazo;;Entrega realizada;Entrega Finalizada;17;4;9;4;RIO VERMELHO;7002;;;
MOBIS BRASIL FABRICACAO DE AUTO PECAS LT;RODOVIARIO;1491228;09/04/2026;1;336769;09/04/2026;HOUSE PARTS - COM. DE PECAS E VEIC. LTDA;1,15E+13;SANTA MARIA;RS;09/04/2026;17/04/2026;14/04/2026;Entregue No Prazo;;Entrega realizada;Entrega Finalizada;17;4;9;4;TRANSTRY;23008;;;
MOBIS BRASIL FABRICACAO DE AUTO PECAS LT;RODOVIARIO;1491275;09/04/2026;1;336876;09/04/2026;COMETA MATO GROSSO COM. DE VEICULOS LTDA;1,54E+13;TANGARA DA SERRA;MT;09/04/2026;20/04/2026;14/04/2026;Entregue No Prazo;;Entrega realizada;Entrega Finalizada;20;4;9;4;CARVALIMA;13007;;;
MOBIS BRASIL FABRICACAO DE AUTO PECAS LT;RODOVIARIO;1491274;09/04/2026;2;336875;09/04/2026;COMETA MATO GROSSO COM. DE VEICULOS LTDA;1,54E+13;RONDONOPOLIS;MT;09/04/2026;21/04/2026;14/04/2026;Entregue No Prazo;;Entrega realizada;Entrega Finalizada;21;4;9;4;CARVALIMA;13006;Fundação de Brasília;Estadual;DF
MOBIS BRASIL FABRICACAO DE AUTO PECAS LT;RODOVIARIO;1492193;10/04/2026;6;337093;10/04/2026;BILLY DISTRIBUIDORA DE VEICULOS LTDA;1,34E+13;BARUERI;SP;10/04/2026;14/04/2026;14/04/2026;Entregue No Prazo;;Entrega realizada;Entrega Finalizada;14;4;10;4;RISSO;26003;;;
MOBIS BRASIL FABRICACAO DE AUTO PECAS LT;RODOVIARIO;1492203;10/04/2026;8;337098;10/04/2026;CHS MOTORS VEICULOS PECAS E SERV LTDA  ;1,69E+13;SAO PAULO;SP;10/04/2026;14/04/2026;14/04/2026;Entregue No Prazo;;Entrega realizada;Entrega Finalizada;14;4;10;4;RISSO;26037;;;
MOBIS BRASIL FABRICACAO DE AUTO PECAS LT;RODOVIARIO;1492195;10/04/2026;1;337103;10/04/2026;GRAND SPORT COM. DE VEIC. E PECAS LTDA;8,58E+12;GUARULHOS;SP;10/04/2026;14/04/2026;14/04/2026;Entregue No Prazo;;Entrega realizada;Entrega Finalizada;14;4;10;4;RISSO;26005;;;
MOBIS BRASIL FABRICACAO DE AUTO PECAS LT;RODOVIARIO;1492213;10/04/2026;2;337099;10/04/2026;DESTAQUE SEUL DISTR. DE VEIC. E PC. LTDA;2,12E+13;ATIBAIA;SP;10/04/2026;15/04/2026;14/04/2026;Entregue No Prazo;;Entrega realizada;Entrega Finalizada;15;4;10;4;RISSO;26075;;;
MOBIS BRASIL FABRICACAO DE AUTO PECAS LT;RODOVIARIO;1492214;10/04/2026;3;337099;10/04/2026;DESTAQUE SEUL DISTR. DE VEIC. E PC. LTDA;2,12E+13;ATIBAIA;SP;10/04/2026;15/04/2026;14/04/2026;Entregue No Prazo;;Entrega realizada;Entrega Finalizada;15;4;10;4;RISSO;26075;;;
MOBIS BRASIL FABRICACAO DE AUTO PECAS LT;RODOVIARIO;1492220;10/04/2026;3;337106;10/04/2026;H - CAMINHO AUTOMOVEIS LTDA;2,53E+13;LIMEIRA;SP;10/04/2026;15/04/2026;14/04/2026;Entregue No Prazo;;Entrega realizada;Entrega Finalizada;15;4;10;4;RISSO;26092;;;
MOBIS BRASIL FABRICACAO DE AUTO PECAS LT;RODOVIARIO;1492219;10/04/2026;3;337106;10/04/2026;H - CAMINHO AUTOMOVEIS LTDA;2,53E+13;LIMEIRA;SP;10/04/2026;15/04/2026;14/04/2026;Entregue No Prazo;;Entrega realizada;Entrega Finalizada;15;4;10;4;RISSO;26092;;;
MOBIS BRASIL FABRICACAO DE AUTO PECAS LT;RODOVIARIO;1492199;10/04/2026;1;337108;10/04/2026;MOTONET COMERCIO DE VEICULOS LTDA;9,28E+12;SOROCABA;SP;10/04/2026;15/04/2026;14/04/2026;Entregue No Prazo;;Entrega realizada;Entrega Finalizada;15;4;10;4;RISSO;26113;;;
MOBIS BRASIL FABRICACAO DE AUTO PECAS LT;RODOVIARIO;1492163;10/04/2026;2;337205;10/04/2026;SEVEC VEICULOS LTDA;5,68E+11;CURITIBA;PR;10/04/2026;15/04/2026;14/04/2026;Entregue No Prazo;;Entrega realizada;Entrega Finalizada;15;4;10;4;TRANSTRY;18012;;;
MOBIS BRASIL FABRICACAO DE AUTO PECAS LT;RODOVIARIO;1492221;10/04/2026;1;337100;10/04/2026;DHC COMERCIO DE VEICULOS E PECAS LTDA;9,52E+12;OURINHOS;SP;10/04/2026;16/04/2026;14/04/2026;Entregue No Prazo;;Entrega realizada;Entrega Finalizada;16;4;10;4;RISSO;26010;;;
MOBIS BRASIL FABRICACAO DE AUTO PECAS LT;RODOVIARIO;1492209;10/04/2026;14;337107;10/04/2026;H R B COMERCIO DE VEICULOS LTDA;1,82E+13;SAO JOSE DO RIO PRETO;SP;10/04/2026;16/04/2026;14/04/2026;Entregue No Prazo;;Entrega realizada;Entrega Finalizada;16;4;10;4;RISSO;26050;;;
MOBIS BRASIL FABRICACAO DE AUTO PECAS LT;RODOVIARIO;1492208;10/04/2026;1;337107;10/04/2026;H R B COMERCIO DE VEICULOS LTDA;1,82E+13;SAO JOSE DO RIO PRETO;SP;10/04/2026;16/04/2026;14/04/2026;Entregue No Prazo;;Entrega realizada;Entrega Finalizada;16;4;10;4;RISSO;26050;;;
MOBIS BRASIL FABRICACAO DE AUTO PECAS LT;RODOVIARIO;1492207;10/04/2026;2;337110;10/04/2026;NEW VEICULOS E PECAS LTDA;1,59E+13;FRANCA;SP;10/04/2026;16/04/2026;14/04/2026;Entregue No Prazo;;Entrega realizada;Entrega Finalizada;16;4;10;4;RISSO;26014;;;
MOBIS BRASIL FABRICACAO DE AUTO PECAS LT;RODOVIARIO;1492167;10/04/2026;1;337189;10/04/2026;BARI VEICULOS LTDA;7,46E+12;SAO JOSE DOS PINHAIS;PR;10/04/2026;16/04/2026;14/04/2026;Entregue No Prazo;;Entrega realizada;Entrega Finalizada;16;4;10;4;TRANSTRY;18024;;;
MOBIS BRASIL FABRICACAO DE AUTO PECAS LT;RODOVIARIO;1492456;10/04/2026;14;337192;10/04/2026;BARI VEICULOS LTDA;7,46E+12;PONTA GROSSA;PR;10/04/2026;16/04/2026;14/04/2026;Entregue No Prazo;;Entrega realizada;Entrega Finalizada;16;4;10;4;TRANSTRY;18024;;;
MOBIS BRASIL FABRICACAO DE AUTO PECAS LT;RODOVIARIO;1492158;10/04/2026;1;337200;10/04/2026;LOVAT VEICULOS S/A;8,57E+12;LONDRINA;PR;10/04/2026;16/04/2026;14/04/2026;Entregue No Prazo;;Entrega realizada;Entrega Finalizada;16;4;10;4;TRANSTRY;18008;;;
MOBIS BRASIL FABRICACAO DE AUTO PECAS LT;RODOVIARIO;1492159;10/04/2026;27;337200;10/04/2026;LOVAT VEICULOS S/A;8,57E+12;LONDRINA;PR;10/04/2026;16/04/2026;14/04/2026;Entregue No Prazo;;Entrega realizada;Entrega Finalizada;16;4;10;4;TRANSTRY;18008;;;
MOBIS BRASIL FABRICACAO DE AUTO PECAS LT;RODOVIARIO;1492150;10/04/2026;1;337241;10/04/2026;JPG MOTORS COMERCIO DE VEICULOS LTDA;2,91E+13;CAMPO GRANDE;MS;10/04/2026;22/04/2026;14/04/2026;Entregue No Prazo;;Entrega realizada;Entrega Finalizada;22;4;10;4;CARVALIMA;12005;;;
MOBIS BRASIL FABRICACAO DE AUTO PECAS LT;RODOVIARIO;1492151;10/04/2026;2;337236;10/04/2026;COMETA MATO GROSSO COM. DE VEICULOS LTDA;1,54E+13;TANGARA DA SERRA;MT;10/04/2026;23/04/2026;14/04/2026;Entregue No Prazo;;Entrega realizada;Entrega Finalizada;23;4;10;4;CARVALIMA;13007;São Jorge;Estadual;RJ
MOBIS BRASIL FABRICACAO DE AUTO PECAS LT;RODOVIARIO;1492449;10/04/2026;2;337248;10/04/2026;SAGA ASIA COM. DE VEIC.PC.E SERV. LTDA;2,23E+13;VARZEA GRANDE;MT;10/04/2026;23/04/2026;14/04/2026;Entregue No Prazo;;Entrega realizada;Entrega Finalizada;23;4;10;4;CARVALIMA;13004;São Jorge;Estadual;RJ
MOBIS BRASIL FABRICACAO DE AUTO PECAS LT;RODOVIARIO;1493071;13/04/2026;14;337316;13/04/2026;BILLY DISTRIBUIDORA DE VEICULOS LTDA;1,34E+13;BARUERI;SP;13/04/2026;15/04/2026;14/04/2026;Entregue No Prazo;;Entrega realizada;Entrega Finalizada;15;4;13;4;RISSO;26003;;;
MOBIS BRASIL FABRICACAO DE AUTO PECAS LT;RODOVIARIO;1493073;13/04/2026;2;337320;13/04/2026;GRAND SPORT COM. DE VEIC. E PECAS LTDA;8,58E+12;GUARULHOS;SP;13/04/2026;15/04/2026;14/04/2026;Entregue No Prazo;;Entrega realizada;Entrega Finalizada;15;4;13;4;RISSO;26005;;;
MOBIS BRASIL FABRICACAO DE AUTO PECAS LT;RODOVIARIO;1493074;13/04/2026;5;337320;13/04/2026;GRAND SPORT COM. DE VEIC. E PECAS LTDA;8,58E+12;GUARULHOS;SP;13/04/2026;15/04/2026;14/04/2026;Entregue No Prazo;;Entrega realizada;Entrega Finalizada;15;4;13;4;RISSO;26005;;;
MOBIS BRASIL FABRICACAO DE AUTO PECAS LT;RODOVIARIO;1493079;13/04/2026;1;337311;13/04/2026;ANDRETA II DISTRIB.DE VEICULOS LTDA.;9,10E+12;JUNDIAI;SP;13/04/2026;16/04/2026;14/04/2026;Entregue No Prazo;;Entrega realizada;Entrega Finalizada;16;4;13;4;RISSO;26040;;;
MOBIS BRASIL FABRICACAO DE AUTO PECAS LT;RODOVIARIO;1493076;13/04/2026;59;337312;13/04/2026;ANDRETA II DISTRIBUIDORA DE VEIC. LTDA;9,10E+12;CAMPINAS;SP;13/04/2026;16/04/2026;14/04/2026;Entregue No Prazo;;Entrega realizada;Entrega Finalizada;16;4;13;4;RISSO;26011;;;
MOBIS BRASIL FABRICACAO DE AUTO PECAS LT;RODOVIARIO;1493087;13/04/2026;1;337317;13/04/2026;CAOA MOTOR DO BRASIL LTDA;1,68E+13;SAO JOSE DOS CAMPOS;SP;13/04/2026;16/04/2026;14/04/2026;Entregue No Prazo;;Entrega realizada;Entrega Finalizada;16;4;13;4;RISSO;5008;;;
MOBIS BRASIL FABRICACAO DE AUTO PECAS LT;RODOVIARIO;1493080;13/04/2026;7;337475;14/04/2026;BILLY DISTRIBUIDORA DE VEICULOS LTDA;1,34E+13;SAO CAETANO DO SUL;SP;14/04/2026;16/04/2026;14/04/2026;Entregue No Prazo;;Entrega realizada;Entrega Finalizada;16;4;14;4;RISSO;26003;;;
MOBIS BRASIL FABRICACAO DE AUTO PECAS LT;RODOVIARIO;1493086;13/04/2026;15;337476;14/04/2026;CHS MOTORS VEICULOS PECAS(VL. GUILHERME);1,69E+13;SAO PAULO;SP;14/04/2026;16/04/2026;14/04/2026;Entregue No Prazo;;Entrega realizada;Entrega Finalizada;16;4;14;4;RISSO;26052;;;
MOBIS BRASIL FABRICACAO DE AUTO PECAS LT;RODOVIARIO;1493708;14/04/2026;1;337491;14/04/2026;H R B COMERCIO DE VEICULOS LTDA;1,82E+13;SAO JOSE DO RIO PRETO;SP;14/04/2026;20/04/2026;14/04/2026;Entregue No Prazo;;Entrega realizada;Entrega Finalizada;20;4;14;4;RISSO;26050;;;
MOBIS BRASIL FABRICACAO DE AUTO PECAS LT;RODOVIARIO;1493709;14/04/2026;4;337491;14/04/2026;H R B COMERCIO DE VEICULOS LTDA;1,82E+13;SAO JOSE DO RIO PRETO;SP;14/04/2026;20/04/2026;14/04/2026;Entregue No Prazo;;Entrega realizada;Entrega Finalizada;20;4;14;4;RISSO;26050;;;
MOBIS BRASIL FABRICACAO DE AUTO PECAS LT;RODOVIARIO;1490423;08/04/2026;1;336556;08/04/2026;TOKSU COMERCIO DE VEICULOS LTDA;1,12E+13;BARBACENA;MG;08/04/2026;15/04/2026;14/04/2026;Entregue No Prazo;;Entrega realizada;Entrega Finalizada;15;4;8;4;XD BETIM;11008;;;
MOBIS BRASIL FABRICACAO DE AUTO PECAS LT;RODOVIARIO;1490473;08/04/2026;2;336556;08/04/2026;TOKSU COMERCIO DE VEICULOS LTDA;1,12E+13;BARBACENA;MG;08/04/2026;15/04/2026;14/04/2026;Entregue No Prazo;;Entrega realizada;Entrega Finalizada;15;4;8;4;XD BETIM;11008;;;
MOBIS BRASIL FABRICACAO DE AUTO PECAS LT;RODOVIARIO;1491200;09/04/2026;1;336740;09/04/2026;IMOTORS VEICULOS LTDA;7,17E+12;JUIZ DE FORA;MG;09/04/2026;15/04/2026;14/04/2026;Entregue No Prazo;;Entrega realizada;Entrega Finalizada;15;4;9;4;XD BETIM;11010;;;
MOBIS BRASIL FABRICACAO DE AUTO PECAS LT;RODOVIARIO;1492147;10/04/2026;1;337081;10/04/2026;CARBEL KOREA VEICULOS LTDA;2,07E+13;BELO HORIZONTE;MG;10/04/2026;16/04/2026;14/04/2026;Entregue No Prazo;;Entrega realizada;Entrega Finalizada;16;4;10;4;XD BETIM;11021;;;
MOBIS BRASIL FABRICACAO DE AUTO PECAS LT;RODOVIARIO;1492146;10/04/2026;4;337087;10/04/2026;TAI MOTORS VEICULOS S/A;9,27E+12;BELO HORIZONTE;MG;10/04/2026;16/04/2026;14/04/2026;Entregue No Prazo;;Entrega realizada;Entrega Finalizada;16;4;10;4;XD BETIM;8002;;;
MOBIS BRASIL FABRICACAO DE AUTO PECAS LT;RODOVIARIO;1492144;10/04/2026;2;337089;10/04/2026;VITAL COMERCIO DE VEICULOS LTDA;1,05E+13;IPATINGA;MG;10/04/2026;20/04/2026;14/04/2026;Entregue No Prazo;;Entrega realizada;Entrega Finalizada;20;4;10;4;XD BETIM;11016;;;
MOBIS BRASIL FABRICACAO DE AUTO PECAS LT;RODOVIARIO;1486710;31/03/2026;2;335570;31/03/2026;ULSAN COMERCIO DE VEICULOS LTDA;2,10E+13;RIO BRANCO;AC;31/03/2026;17/04/2026;15/04/2026;Entregue No Prazo;;Entrega realizada;Entrega Finalizada;17;4;31;3;CARVALIMA;21004;;;
MOBIS BRASIL FABRICACAO DE AUTO PECAS LT;RODOVIARIO;1488903;06/04/2026;1;336149;06/04/2026;FAZZA MOTORS COMERCIO DE VEICULOS LTDA;1,24E+13;SALVADOR;BA;06/04/2026;16/04/2026;15/04/2026;Entregue No Prazo;;Entrega realizada;Entrega Finalizada;16;4;6;4;TERMACO;5007;;;
MOBIS BRASIL FABRICACAO DE AUTO PECAS LT;RODOVIARIO;1489250;06/04/2026;15;336165;06/04/2026;PATEO COMERCIO DE VEICULOS S A;7,78E+12;SALVADOR;BA;06/04/2026;16/04/2026;15/04/2026;Entregue No Prazo;;Entrega realizada;Entrega Finalizada;16;4;6;4;TERMACO;5003;;;
MOBIS BRASIL FABRICACAO DE AUTO PECAS LT;RODOVIARIO;1488905;06/04/2026;1;336157;06/04/2026;MASTER COMERCIAL DE VEICULOS LTDA;2,85E+13;BARREIRAS;BA;06/04/2026;21/04/2026;15/04/2026;Entregue No Prazo;;Entrega realizada;Entrega Finalizada;21;4;6;4;TERMACO;5012;Fundação de Brasília;Estadual;DF
MOBIS BRASIL FABRICACAO DE AUTO PECAS LT;RODOVIARIO;1488934;06/04/2026;2;336155;06/04/2026;JPN COMERCIO DE AUTOMOVEIS LTDA;2,61E+13;GARANHUNS;PE;06/04/2026;22/04/2026;15/04/2026;Entregue No Prazo;;Entrega realizada;Entrega Finalizada;22;4;6;4;TERMACO;16009;;;
MOBIS BRASIL FABRICACAO DE AUTO PECAS LT;RODOVIARIO;1489628;07/04/2026;1;336315;07/04/2026;PRIME CACHOEIRO VEICULOS LTDA;9,34E+12;LINHARES;ES;07/04/2026;15/04/2026;15/04/2026;Entregue No Prazo;;Entrega realizada;Entrega Finalizada;15;4;7;4;CAMILO;8004;;;
MOBIS BRASIL FABRICACAO DE AUTO PECAS LT;RODOVIARIO;1489644;07/04/2026;1;336302;07/04/2026;COMETA MATO GROSSO COM. DE VEICULOS LTDA;1,54E+13;SINOP;MT;07/04/2026;17/04/2026;15/04/2026;Entregue No Prazo;;Entrega realizada;Entrega Finalizada;17;4;7;4;CARVALIMA;13003;;;
MOBIS BRASIL FABRICACAO DE AUTO PECAS LT;RODOVIARIO;1489621;07/04/2026;1;336303;07/04/2026;CYCOSA AUTOMOVEIS LTDA;4,76E+12;MACEIO;AL;07/04/2026;21/04/2026;15/04/2026;Entregue No Prazo;;Entrega realizada;Entrega Finalizada;21;4;7;4;TERMACO;2001;Fundação de Brasília;Estadual;DF
MOBIS BRASIL FABRICACAO DE AUTO PECAS LT;RODOVIARIO;1489624;07/04/2026;1;336312;07/04/2026;ORVEL AUTOMOTOR HYD LTDA;2,52E+13;TEIXEIRA DE FREITAS;BA;07/04/2026;22/04/2026;15/04/2026;Entregue No Prazo;;Entrega realizada;Entrega Finalizada;22;4;7;4;TERMACO;5011;;;
MOBIS BRASIL FABRICACAO DE AUTO PECAS LT;RODOVIARIO;1489634;07/04/2026;5;336314;07/04/2026;PATEO COMERCIO DE VEICULOS S A;7,78E+12;SAO LUIS;MA;07/04/2026;22/04/2026;15/04/2026;Entregue No Prazo;;Entrega realizada;Entrega Finalizada;22;4;7;4;TERMACO;10002;;;
MOBIS BRASIL FABRICACAO DE AUTO PECAS LT;RODOVIARIO;1490412;08/04/2026;1;336632;08/04/2026;PRIME VILA VELHA VEICULOS LTDA.;2,14E+13;VILA VELHA;ES;08/04/2026;15/04/2026;15/04/2026;Entregue No Prazo;;Entrega realizada;Entrega Finalizada;15;4;8;4;CAMILO;8005;;;
MOBIS BRASIL FABRICACAO DE AUTO PECAS LT;RODOVIARIO;1490463;08/04/2026;3;336636;08/04/2026;TAI MOTORS VEICULOS S/A;9,27E+12;VITORIA;ES;08/04/2026;15/04/2026;15/04/2026;Entregue No Prazo;;Entrega realizada;Entrega Finalizada;15;4;8;4;CAMILO;8002;;;
MOBIS BRASIL FABRICACAO DE AUTO PECAS LT;RODOVIARIO;1490408;08/04/2026;56;336638;08/04/2026;VIA BRASIL AUTOMOVEIS LTDA.;4,72E+12;SERRA;ES;08/04/2026;15/04/2026;15/04/2026;Entregue No Prazo;Comprovante retido;Entrega realizada;Entrega Finalizada;15;4;8;4;CAMILO;8001;;;
MOBIS BRASIL FABRICACAO DE AUTO PECAS LT;RODOVIARIO;1490461;08/04/2026;1;336638;08/04/2026;VIA BRASIL AUTOMOVEIS LTDA.;4,72E+12;SERRA;ES;08/04/2026;15/04/2026;15/04/2026;Entregue No Prazo;Comprovante retido;Entrega realizada;Entrega Finalizada;15;4;8;4;CAMILO;8001;;;
MOBIS BRASIL FABRICACAO DE AUTO PECAS LT;RODOVIARIO;1490462;08/04/2026;9;336638;08/04/2026;VIA BRASIL AUTOMOVEIS LTDA.;4,72E+12;SERRA;ES;08/04/2026;15/04/2026;15/04/2026;Entregue No Prazo;Comprovante retido;Entrega realizada;Entrega Finalizada;15;4;8;4;CAMILO;8001;;;
MOBIS BRASIL FABRICACAO DE AUTO PECAS LT;RODOVIARIO;1490411;08/04/2026;1;336630;08/04/2026;PRIME CACHOEIRO VEICULOS LTDA;9,34E+12;LINHARES;ES;08/04/2026;16/04/2026;15/04/2026;Entregue No Prazo;;Entrega realizada;Entrega Finalizada;16;4;8;4;CAMILO;8004;;;
MOBIS BRASIL FABRICACAO DE AUTO PECAS LT;RODOVIARIO;1490465;08/04/2026;1;336630;08/04/2026;PRIME CACHOEIRO VEICULOS LTDA;9,34E+12;LINHARES;ES;08/04/2026;16/04/2026;15/04/2026;Entregue No Prazo;;Entrega realizada;Entrega Finalizada;16;4;8;4;CAMILO;8004;;;
MOBIS BRASIL FABRICACAO DE AUTO PECAS LT;RODOVIARIO;1490464;08/04/2026;2;336631;08/04/2026;PRIME CACHOEIRO VEICULOS LTDA EPP;9,34E+12;CACHOEIRO DE ITAPEMIRIM;ES;08/04/2026;16/04/2026;15/04/2026;Entregue No Prazo;;Entrega realizada;Entrega Finalizada;16;4;8;4;CAMILO;8003;;;
MOBIS BRASIL FABRICACAO DE AUTO PECAS LT;RODOVIARIO;1490409;08/04/2026;1;336631;08/04/2026;PRIME CACHOEIRO VEICULOS LTDA EPP;9,34E+12;CACHOEIRO DE ITAPEMIRIM;ES;08/04/2026;16/04/2026;15/04/2026;Entregue No Prazo;;Entrega realizada;Entrega Finalizada;16;4;8;4;CAMILO;8003;;;
MOBIS BRASIL FABRICACAO DE AUTO PECAS LT;RODOVIARIO;1490410;08/04/2026;1;336631;08/04/2026;PRIME CACHOEIRO VEICULOS LTDA EPP;9,34E+12;CACHOEIRO DE ITAPEMIRIM;ES;08/04/2026;16/04/2026;15/04/2026;Entregue No Prazo;;Entrega realizada;Entrega Finalizada;16;4;8;4;CAMILO;8003;;;
MOBIS BRASIL FABRICACAO DE AUTO PECAS LT;RODOVIARIO;1490527;08/04/2026;1;336547;08/04/2026;PRIVILLEGE DISTRIBUIDORA DE VEICULOS LTD;1,72E+13;PALMAS;TO;08/04/2026;17/04/2026;15/04/2026;Entregue No Prazo;;Entrega realizada;Entrega Finalizada;17;4;8;4;RIO VERMELHO;27003;;;
MOBIS BRASIL FABRICACAO DE AUTO PECAS LT;RODOVIARIO;1490436;08/04/2026;2;336611;08/04/2026;COMETA MATO GROSSO COM. DE VEICULOS LTDA;1,54E+13;SINOP;MT;08/04/2026;20/04/2026;15/04/2026;Entregue No Prazo;;Entrega realizada;Entrega Finalizada;20;4;8;4;CARVALIMA;13003;;;
MOBIS BRASIL FABRICACAO DE AUTO PECAS LT;RODOVIARIO;1490481;08/04/2026;1;336611;08/04/2026;COMETA MATO GROSSO COM. DE VEICULOS LTDA;1,54E+13;SINOP;MT;08/04/2026;20/04/2026;15/04/2026;Entregue No Prazo;;Entrega realizada;Entrega Finalizada;20;4;8;4;CARVALIMA;13003;;;
MOBIS BRASIL FABRICACAO DE AUTO PECAS LT;RODOVIARIO;1490439;08/04/2026;1;336606;08/04/2026;CAOA MOTOR DO BRASIL LTDA;1,68E+13;BELEM;PA;08/04/2026;21/04/2026;15/04/2026;Entregue No Prazo;;Entrega realizada;Entrega Finalizada;21;4;8;4;CARVALIMA;5008;Fundação de Brasília;Estadual;DF
MOBIS BRASIL FABRICACAO DE AUTO PECAS LT;RODOVIARIO;1490440;08/04/2026;2;336606;08/04/2026;CAOA MOTOR DO BRASIL LTDA;1,68E+13;BELEM;PA;08/04/2026;21/04/2026;15/04/2026;Entregue No Prazo;;Entrega realizada;Entrega Finalizada;21;4;8;4;CARVALIMA;5008;Fundação de Brasília;Estadual;DF
MOBIS BRASIL FABRICACAO DE AUTO PECAS LT;RODOVIARIO;1490485;08/04/2026;1;336606;08/04/2026;CAOA MOTOR DO BRASIL LTDA;1,68E+13;BELEM;PA;08/04/2026;21/04/2026;15/04/2026;Entregue No Prazo;;Entrega realizada;Entrega Finalizada;21;4;8;4;CARVALIMA;5008;Fundação de Brasília;Estadual;DF
MOBIS BRASIL FABRICACAO DE AUTO PECAS LT;RODOVIARIO;1490404;08/04/2026;1;336622;08/04/2026;MASTER COMERCIAL DE VEICULOS LTDA;2,85E+13;BARREIRAS;BA;08/04/2026;23/04/2026;15/04/2026;Entregue No Prazo;;Entrega realizada;Entrega Finalizada;23;4;8;4;TERMACO;5012;São Jorge;Estadual;RJ
MOBIS BRASIL FABRICACAO DE AUTO PECAS LT;RODOVIARIO;1490457;08/04/2026;2;336625;08/04/2026;ORVEL AUTOMOTOR HYD LTDA;2,52E+13;TEIXEIRA DE FREITAS;BA;08/04/2026;23/04/2026;15/04/2026;Entregue No Prazo;;Entrega realizada;Entrega Finalizada;23;4;8;4;TERMACO;5011;São Jorge;Estadual;RJ
MOBIS BRASIL FABRICACAO DE AUTO PECAS LT;RODOVIARIO;1491269;09/04/2026;1;336754;09/04/2026;URCA MOTORS VEICULOS LTDA;8,77E+12;UBERABA;MG;09/04/2026;15/04/2026;15/04/2026;Entregue No Prazo;;Entrega realizada;Entrega Finalizada;15;4;9;4;XD BETIM;9014;;;
MOBIS BRASIL FABRICACAO DE AUTO PECAS LT;RODOVIARIO;1491331;09/04/2026;2;336802;09/04/2026;DHC COMERCIO DE VEICULOS E PECAS LTDA;9,52E+12;OURINHOS;SP;09/04/2026;15/04/2026;15/04/2026;Entregue No Prazo;;Entrega realizada;Entrega Finalizada;15;4;9;4;RISSO;26010;;;
MOBIS BRASIL FABRICACAO DE AUTO PECAS LT;RODOVIARIO;1491248;09/04/2026;2;336814;09/04/2026;VIME SAO JOAO COM. DE VEIC. E PECAS LTDA;5,10E+13;SAO JOAO DA BOA VISTA;SP;09/04/2026;15/04/2026;15/04/2026;Entregue No Prazo;;Entrega realizada;Entrega Finalizada;15;4;9;4;RISSO;26107;;;
MOBIS BRASIL FABRICACAO DE AUTO PECAS LT;RODOVIARIO;1491300;09/04/2026;7;336757;09/04/2026;ATUAL VEICULOS LTDA;1,33E+13;CRICIUMA;SC;09/04/2026;16/04/2026;15/04/2026;Entregue No Prazo;;Entrega realizada;Entrega Finalizada;16;4;9;4;TRANSTRY;24001;;;
MOBIS BRASIL FABRICACAO DE AUTO PECAS LT;RODOVIARIO;1491229;09/04/2026;1;336767;09/04/2026;GALA COMERCIO DE VEICULOS LTDA.;1,77E+13;PELOTAS;RS;09/04/2026;16/04/2026;15/04/2026;Entregue No Prazo;;Entrega realizada;Entrega Finalizada;16;4;9;4;TRANSTRY;23009;;;
MOBIS BRASIL FABRICACAO DE AUTO PECAS LT;RODOVIARIO;1491297;09/04/2026;1;336767;09/04/2026;GALA COMERCIO DE VEICULOS LTDA.;1,77E+13;PELOTAS;RS;09/04/2026;16/04/2026;15/04/2026;Entregue No Prazo;;Entrega realizada;Entrega Finalizada;16;4;9;4;TRANSTRY;23009;;;
MOBIS BRASIL FABRICACAO DE AUTO PECAS LT;RODOVIARIO;1491230;09/04/2026;1;336768;09/04/2026;GAMBATTO H1 VEICULOS LTDA;1,94E+13;PASSO FUNDO;RS;09/04/2026;16/04/2026;15/04/2026;Entregue No Prazo;;Entrega realizada;Entrega Finalizada;16;4;9;4;TRANSTRY;23015;;;
MOBIS BRASIL FABRICACAO DE AUTO PECAS LT;RODOVIARIO;1491194;09/04/2026;3;336898;09/04/2026;TAI MOTORS VEICULOS S/A;9,27E+12;VITORIA;ES;09/04/2026;16/04/2026;15/04/2026;Entregue No Prazo;;Entrega realizada;Entrega Finalizada;16;4;9;4;CAMILO;8002;;;
MOBIS BRASIL FABRICACAO DE AUTO PECAS LT;RODOVIARIO;1491259;09/04/2026;4;336898;09/04/2026;TAI MOTORS VEICULOS S/A;9,27E+12;VITORIA;ES;09/04/2026;16/04/2026;15/04/2026;Entregue No Prazo;;Entrega realizada;Entrega Finalizada;16;4;9;4;CAMILO;8002;;;
MOBIS BRASIL FABRICACAO DE AUTO PECAS LT;RODOVIARIO;1491258;09/04/2026;1;336901;09/04/2026;VIA BRASIL AUTOMOVEIS LTDA.;4,72E+12;SERRA;ES;09/04/2026;16/04/2026;15/04/2026;Entregue No Prazo;Comprovante retido;Entrega realizada;Entrega Finalizada;16;4;9;4;CAMILO;8001;;;
MOBIS BRASIL FABRICACAO DE AUTO PECAS LT;RODOVIARIO;1491193;09/04/2026;4;336901;09/04/2026;VIA BRASIL AUTOMOVEIS LTDA.;4,72E+12;SERRA;ES;09/04/2026;16/04/2026;15/04/2026;Entregue No Prazo;Comprovante retido;Entrega realizada;Entrega Finalizada;16;4;9;4;CAMILO;8001;;;
MOBIS BRASIL FABRICACAO DE AUTO PECAS LT;RODOVIARIO;1491299;09/04/2026;2;336775;09/04/2026;NAZARETH VEICULOS LTDA;9,30E+12;IJUI;RS;09/04/2026;17/04/2026;15/04/2026;Entregue No Prazo;;Entrega realizada;Entrega Finalizada;17;4;9;4;TRANSTRY;23021;;;
MOBIS BRASIL FABRICACAO DE AUTO PECAS LT;RODOVIARIO;1491196;09/04/2026;1;336891;09/04/2026;PRIME CACHOEIRO VEICULOS LTDA EPP;9,34E+12;CACHOEIRO DE ITAPEMIRIM;ES;09/04/2026;17/04/2026;15/04/2026;Entregue No Prazo;;Entrega realizada;Entrega Finalizada;17;4;9;4;CAMILO;8003;;;
MOBIS BRASIL FABRICACAO DE AUTO PECAS LT;RODOVIARIO;1491195;09/04/2026;2;336891;09/04/2026;PRIME CACHOEIRO VEICULOS LTDA EPP;9,34E+12;CACHOEIRO DE ITAPEMIRIM;ES;09/04/2026;17/04/2026;15/04/2026;Entregue No Prazo;;Entrega realizada;Entrega Finalizada;17;4;9;4;CAMILO;8003;;;
MOBIS BRASIL FABRICACAO DE AUTO PECAS LT;RODOVIARIO;1491260;09/04/2026;1;336891;09/04/2026;PRIME CACHOEIRO VEICULOS LTDA EPP;9,34E+12;CACHOEIRO DE ITAPEMIRIM;ES;09/04/2026;17/04/2026;15/04/2026;Entregue No Prazo;;Entrega realizada;Entrega Finalizada;17;4;9;4;CAMILO;8003;;;
MOBIS BRASIL FABRICACAO DE AUTO PECAS LT;RODOVIARIO;1491273;09/04/2026;1;336899;09/04/2026;ULSAN COMERCIO DE VEICULOS LTDA.;2,10E+13;CAMPO GRANDE;MS;09/04/2026;17/04/2026;15/04/2026;Entregue No Prazo;;Entrega realizada;Entrega Finalizada;17;4;9;4;CARVALIMA;12004;;;
MOBIS BRASIL FABRICACAO DE AUTO PECAS LT;RODOVIARIO;1491306;09/04/2026;2;336765;09/04/2026;CHINHAN AUTOMOVEIS LTDA.;2,41E+13;CACADOR;SC;09/04/2026;20/04/2026;15/04/2026;Entregue No Prazo;;Entrega realizada;Entrega Finalizada;20;4;9;4;TRANSTRY;24020;;;
MOBIS BRASIL FABRICACAO DE AUTO PECAS LT;RODOVIARIO;1491298;09/04/2026;1;336766;09/04/2026;GALA COMERCIO DE VEICULOS LTDA;1,77E+13;BAGE;RS;09/04/2026;20/04/2026;15/04/2026;Entregue No Prazo;;Entrega realizada;Entrega Finalizada;20;4;9;4;TRANSTRY;23009;;;
MOBIS BRASIL FABRICACAO DE AUTO PECAS LT;RODOVIARIO;1491498;09/04/2026;1;336892;09/04/2026;SAGA ASIA COM. DE VEIC.PC.E SERV. LTDA;2,23E+13;VARZEA GRANDE;MT;09/04/2026;20/04/2026;15/04/2026;Entregue No Prazo;Avaria;Entrega realizada;Entrega Finalizada;20;4;9;4;CARVALIMA;13004;;;
MOBIS BRASIL FABRICACAO DE AUTO PECAS LT;RODOVIARIO;1491538;09/04/2026;12;336892;09/04/2026;SAGA ASIA COM. DE VEIC.PC.E SERV. LTDA;2,23E+13;VARZEA GRANDE;MT;09/04/2026;20/04/2026;15/04/2026;Entregue No Prazo;;Entrega realizada;Entrega Finalizada;20;4;9;4;CARVALIMA;13004;;;
MOBIS BRASIL FABRICACAO DE AUTO PECAS LT;RODOVIARIO;1491506;09/04/2026;31;336892;09/04/2026;SAGA ASIA COM. DE VEIC.PC.E SERV. LTDA;2,23E+13;VARZEA GRANDE;MT;09/04/2026;20/04/2026;15/04/2026;Entregue No Prazo;;Entrega realizada;Entrega Finalizada;20;4;9;4;CARVALIMA;13004;;;
MOBIS BRASIL FABRICACAO DE AUTO PECAS LT;RODOVIARIO;1491205;09/04/2026;3;336894;09/04/2026;SAGA SEUL COMERCIO DE VEICULOS, PECAS E;2,23E+13;CUIABA;MT;09/04/2026;20/04/2026;15/04/2026;Entregue No Prazo;Avaria;Entrega realizada;Entrega Finalizada;20;4;9;4;CARVALIMA;13005;;;
MOBIS BRASIL FABRICACAO DE AUTO PECAS LT;RODOVIARIO;1491537;09/04/2026;1;336887;09/04/2026;PATEO COMERCIO DE VEICULOS S A;7,78E+12;SALVADOR;BA;09/04/2026;21/04/2026;15/04/2026;Entregue No Prazo;;Entrega realizada;Entrega Finalizada;21;4;9;4;TERMACO;5003;Fundação de Brasília;Estadual;DF
MOBIS BRASIL FABRICACAO DE AUTO PECAS LT;RODOVIARIO;1491294;09/04/2026;2;336893;09/04/2026;SAGA ASIA COM. DE VEIC.PC.E SERV. LTDA;2,14E+13;PORTO VELHO;RO;09/04/2026;22/04/2026;15/04/2026;Entregue No Prazo;;Entrega realizada;Entrega Finalizada;22;4;9;4;CARVALIMA;21003;;;
MOBIS BRASIL FABRICACAO DE AUTO PECAS LT;RODOVIARIO;1491206;09/04/2026;1;336900;09/04/2026;UNIQUE COMERCIO DE AUTOMOVEIS LTDA;1,74E+13;ANANINDEUA;PA;09/04/2026;22/04/2026;15/04/2026;Entregue No Prazo;;Entrega realizada;Entrega Finalizada;22;4;9;4;CARVALIMA;14003;;;
MOBIS BRASIL FABRICACAO DE AUTO PECAS LT;RODOVIARIO;1491207;09/04/2026;4;336884;09/04/2026;NACIONAL NOVA MARABA DIST DE VEIC. LTDA;1,70E+13;MARABA;PA;09/04/2026;23/04/2026;15/04/2026;Entregue No Prazo;;Entrega realizada;Entrega Finalizada;23;4;9;4;CARVALIMA;14005;São Jorge;Estadual;RJ
MOBIS BRASIL FABRICACAO DE AUTO PECAS LT;RODOVIARIO;1491186;09/04/2026;3;336867;09/04/2026;AIKON VEICULOS LTDA;1,17E+13;VITORIA DA CONQUISTA;BA;09/04/2026;24/04/2026;15/04/2026;Entregue No Prazo;;Entrega realizada;Entrega Finalizada;24;4;9;4;TERMACO;5002;;;
MOBIS BRASIL FABRICACAO DE AUTO PECAS LT;RODOVIARIO;1491293;09/04/2026;1;336874;09/04/2026;COMETA JI PARANA COM. DE VEIC. LTDA;4,23E+12;JIPARANA;RO;09/04/2026;28/04/2026;15/04/2026;Entregue No Prazo;;Entrega realizada;Entrega Finalizada;28;4;9;4;CARVALIMA;21002;;;
MOBIS BRASIL FABRICACAO DE AUTO PECAS LT;RODOVIARIO;1492216;10/04/2026;1;337097;10/04/2026;CAOA MOTOR DO BRASIL LTDA(NACOES UNIDAS);1,68E+13;SAO PAULO;SP;10/04/2026;14/04/2026;15/04/2026;Entregue Fora do Prazo;;Entrega realizada;Entrega Finalizada;14;4;10;4;RISSO;26087;;;
MOBIS BRASIL FABRICACAO DE AUTO PECAS LT;RODOVIARIO;1492148;10/04/2026;22;337080;10/04/2026;BDG AUTOVILLE VEICULOS LTDA;4,77E+13;CONTAGEM;MG;10/04/2026;16/04/2026;15/04/2026;Entregue No Prazo;;Entrega realizada;Entrega Finalizada;16;4;10;4;XD BETIM;11037;;;
MOBIS BRASIL FABRICACAO DE AUTO PECAS LT;RODOVIARIO;1492212;10/04/2026;1;337094;10/04/2026;CAOA MOTOR DO BRASIL LTDA;1,68E+13;SAO CARLOS;SP;10/04/2026;15/04/2026;15/04/2026;Entregue No Prazo;;Entrega realizada;Entrega Finalizada;15;4;10;4;RISSO;5008;;;
MOBIS BRASIL FABRICACAO DE AUTO PECAS LT;RODOVIARIO;1492196;10/04/2026;4;337101;10/04/2026;DHC COMERCIO DE VEICULOS E PECAS LTDA;9,52E+12;BAURU;SP;10/04/2026;15/04/2026;15/04/2026;Entregue No Prazo;;Entrega realizada;Entrega Finalizada;15;4;10;4;RISSO;26010;;;
MOBIS BRASIL FABRICACAO DE AUTO PECAS LT;RODOVIARIO;1468434;10/04/2026;2;337088;10/04/2026;URCA MOTORS VEICULOS LTDA;8,77E+12;UBERABA;MG;10/04/2026;27/02/2026;15/04/2026;Entregue Fora do Prazo;;Entrega realizada;Entrega Finalizada;27;2;10;4;XD BETIM;9014;;;
MOBIS BRASIL FABRICACAO DE AUTO PECAS LT;RODOVIARIO;1492165;10/04/2026;1;337207;10/04/2026;VETOR AUTOMOVEIS LTDA;2,12E+13;CASCAVEL;PR;10/04/2026;16/04/2026;15/04/2026;Entregue No Prazo;;Entrega realizada;Entrega Finalizada;16;4;10;4;TRANSTRY;18019;;;
MOBIS BRASIL FABRICACAO DE AUTO PECAS LT;RODOVIARIO;1492170;10/04/2026;16;337240;10/04/2026;ITAVEMA MOTORS VEICULOS LTDA;7,73E+12;RIO DE JANEIRO;RJ;10/04/2026;17/04/2026;15/04/2026;Entregue No Prazo;;Entrega realizada;Entrega Finalizada;17;4;10;4;CAMILO;19001;;;
MOBIS BRASIL FABRICACAO DE AUTO PECAS LT;RODOVIARIO;1492190;10/04/2026;1;337196;10/04/2026;GAMBATTO H1 VEICULOS LTDA;1,94E+13;CHAPECO;SC;10/04/2026;17/04/2026;15/04/2026;Entregue No Prazo;;Entrega realizada;Entrega Finalizada;17;4;10;4;TRANSTRY;24018;;;
MOBIS BRASIL FABRICACAO DE AUTO PECAS LT;RODOVIARIO;1492186;10/04/2026;11;337202;10/04/2026;LR COMERCIO DE VEICULOS LTDA;1,05E+13;SAO JOSE;SC;10/04/2026;17/04/2026;15/04/2026;Entregue No Prazo;;Entrega realizada;Entrega Finalizada;17;4;10;4;TRANSTRY;24007;;;
MOBIS BRASIL FABRICACAO DE AUTO PECAS LT;RODOVIARIO;1492161;10/04/2026;2;337204;10/04/2026;SANTA FE VEICULOS LTDA.;1,16E+13;FRANCISCO BELTRAO;PR;10/04/2026;17/04/2026;15/04/2026;Entregue No Prazo;;Entrega realizada;Entrega Finalizada;17;4;10;4;TRANSTRY;18010;;;
MOBIS BRASIL FABRICACAO DE AUTO PECAS LT;RODOVIARIO;1492162;10/04/2026;8;337204;10/04/2026;SANTA FE VEICULOS LTDA.;1,16E+13;FRANCISCO BELTRAO;PR;10/04/2026;17/04/2026;15/04/2026;Entregue No Prazo;;Entrega realizada;Entrega Finalizada;17;4;10;4;TRANSTRY;18010;;;
MOBIS BRASIL FABRICACAO DE AUTO PECAS LT;RODOVIARIO;1492164;10/04/2026;1;337208;10/04/2026;ZENDAI VEICULOS LTDA;1,97E+13;TOLEDO;PR;10/04/2026;17/04/2026;15/04/2026;Entregue No Prazo;;Entrega realizada;Entrega Finalizada;17;4;10;4;TRANSTRY;18016;;;
MOBIS BRASIL FABRICACAO DE AUTO PECAS LT;RODOVIARIO;1492171;10/04/2026;3;337252;10/04/2026;TAI MOTORS VEICULOS S/A.;9,27E+12;CAMPOS DOS GOYTACAZES;RJ;10/04/2026;20/04/2026;15/04/2026;Entregue No Prazo;;Entrega realizada;Entrega Finalizada;20;4;10;4;CAMILO;19023;;;
MOBIS BRASIL FABRICACAO DE AUTO PECAS LT;RODOVIARIO;1492141;10/04/2026;3;337083;10/04/2026;NISA COMERCIAL DE VEIC. AUTOMOTORES LTDA;1,03E+13;GOIANIA;GO;10/04/2026;22/04/2026;15/04/2026;Entregue No Prazo;;Entrega realizada;Entrega Finalizada;22;4;10;4;RIO VERMELHO;9013;;;
MOBIS BRASIL FABRICACAO DE AUTO PECAS LT;RODOVIARIO;1492139;10/04/2026;1;337084;10/04/2026;NISA COMERCIAL DE VEIC. AUTOMOTORES LTDA;1,03E+13;APARECIDA DE GOIANIA;GO;10/04/2026;22/04/2026;15/04/2026;Entregue No Prazo;;Entrega realizada;Entrega Finalizada;22;4;10;4;RIO VERMELHO;9002;;;
MOBIS BRASIL FABRICACAO DE AUTO PECAS LT;RODOVIARIO;1492135;10/04/2026;14;337085;10/04/2026;SAGA KOREA COM. DE VEIC. E PC. LTDA;1,27E+13;BRASILIA;DF;10/04/2026;22/04/2026;15/04/2026;Entregue No Prazo;;Entrega realizada;Entrega Finalizada;22;4;10;4;RIO VERMELHO;7005;;;
MOBIS BRASIL FABRICACAO DE AUTO PECAS LT;RODOVIARIO;1492140;10/04/2026;37;337086;10/04/2026;SAGA KOREA COM. DE VEIC. E PC. LTDA;1,27E+13;GOIANIA;GO;10/04/2026;22/04/2026;15/04/2026;Entregue No Prazo;;Entrega realizada;Entrega Finalizada;22;4;10;4;RIO VERMELHO;9011;;;
MOBIS BRASIL FABRICACAO DE AUTO PECAS LT;RODOVIARIO;1492188;10/04/2026;1;337190;10/04/2026;BARI VEICULOS LTDA;7,46E+12;BALNEARIO CAMBORIU;SC;10/04/2026;20/04/2026;15/04/2026;Entregue No Prazo;;Entrega realizada;Entrega Finalizada;20;4;10;4;TRANSTRY;18024;;;
MOBIS BRASIL FABRICACAO DE AUTO PECAS LT;RODOVIARIO;1492189;10/04/2026;1;337190;10/04/2026;BARI VEICULOS LTDA;7,46E+12;BALNEARIO CAMBORIU;SC;10/04/2026;20/04/2026;15/04/2026;Entregue No Prazo;;Entrega realizada;Entrega Finalizada;20;4;10;4;TRANSTRY;18024;;;
MOBIS BRASIL FABRICACAO DE AUTO PECAS LT;RODOVIARIO;1492191;10/04/2026;4;337194;10/04/2026;CHINHAN AUTOMOVEIS LTDA.;2,41E+13;CACADOR;SC;10/04/2026;21/04/2026;15/04/2026;Entregue No Prazo;;Entrega realizada;Entrega Finalizada;21;4;10;4;TRANSTRY;24020;Fundação de Brasília;Estadual;DF
MOBIS BRASIL FABRICACAO DE AUTO PECAS LT;RODOVIARIO;1492152;10/04/2026;1;337254;10/04/2026;UNIQUE COMERCIO DE AUTOMOVEIS LTDA;1,74E+13;ANANINDEUA;PA;10/04/2026;28/04/2026;15/04/2026;Entregue No Prazo;;Entrega realizada;Entrega Finalizada;28;4;10;4;CARVALIMA;14003;;;
MOBIS BRASIL FABRICACAO DE AUTO PECAS LT;RODOVIARIO;1493072;13/04/2026;1;337324;13/04/2026;NOBRE DISTRIBUIDORA DE VEICULOS E PECAS;5,76E+12;MOGI DAS CRUZES;SP;13/04/2026;15/04/2026;15/04/2026;Entregue No Prazo;;Entrega realizada;Entrega Finalizada;15;4;13;4;RISSO;26004;;;
MOBIS BRASIL FABRICACAO DE AUTO PECAS LT;RODOVIARIO;1493089;13/04/2026;1;337461;13/04/2026;BILLY DISTRIBUIDORA DE VEICULOS LTDA;1,34E+13;SAO PAULO;SP;13/04/2026;15/04/2026;15/04/2026;Entregue No Prazo;NF não localizada;Entrega realizada;Entrega Finalizada;15;4;13;4;RISSO;26003;;;
MOBIS BRASIL FABRICACAO DE AUTO PECAS LT;RODOVIARIO;1493090;13/04/2026;3;337463;13/04/2026;GRANDAY AUTOMOTORES LTDA (CHAC. CALIFOR);1,57E+13;SAO PAULO;SP;13/04/2026;15/04/2026;15/04/2026;Entregue No Prazo;NF não localizada;Entrega realizada;Entrega Finalizada;15;4;13;4;RISSO;26090;;;
MOBIS BRASIL FABRICACAO DE AUTO PECAS LT;RODOVIARIO;1493038;13/04/2026;1;337272;13/04/2026;BDG AUTOVILLE VEICULOS LTDA;4,77E+13;CONTAGEM;MG;13/04/2026;16/04/2026;15/04/2026;Entregue No Prazo;;Entrega realizada;Entrega Finalizada;16;4;13;4;XD BETIM;11037;;;
MOBIS BRASIL FABRICACAO DE AUTO PECAS LT;RODOVIARIO;1493039;13/04/2026;14;337272;13/04/2026;BDG AUTOVILLE VEICULOS LTDA;4,77E+13;CONTAGEM;MG;13/04/2026;16/04/2026;15/04/2026;Entregue No Prazo;;Entrega realizada;Entrega Finalizada;16;4;13;4;XD BETIM;11037;;;
MOBIS BRASIL FABRICACAO DE AUTO PECAS LT;RODOVIARIO;1493035;13/04/2026;4;337273;13/04/2026;CARBEL KOREA VEICULOS LTDA;2,07E+13;BELO HORIZONTE;MG;13/04/2026;16/04/2026;15/04/2026;Entregue No Prazo;;Entrega realizada;Entrega Finalizada;16;4;13;4;XD BETIM;11021;;;
MOBIS BRASIL FABRICACAO DE AUTO PECAS LT;RODOVIARIO;1493034;13/04/2026;1;337279;13/04/2026;TAI MOTORS VEICULOS S/A;9,27E+12;BELO HORIZONTE;MG;13/04/2026;16/04/2026;15/04/2026;Entregue No Prazo;;Entrega realizada;Entrega Finalizada;16;4;13;4;XD BETIM;8002;;;
MOBIS BRASIL FABRICACAO DE AUTO PECAS LT;RODOVIARIO;1493082;13/04/2026;4;337313;13/04/2026;ANDRETA II DISTRIBUIDORA DE VEIC. LTDA;9,10E+12;INDAIATUBA;SP;13/04/2026;16/04/2026;15/04/2026;Entregue No Prazo;;Entrega realizada;Entrega Finalizada;16;4;13;4;RISSO;26011;;;
MOBIS BRASIL FABRICACAO DE AUTO PECAS LT;RODOVIARIO;1493083;13/04/2026;2;337314;13/04/2026;ANDRETA II DISTRIBUIDORA DE VEIC. LTDA;9,10E+12;AMERICANA;SP;13/04/2026;16/04/2026;15/04/2026;Entregue No Prazo;;Entrega realizada;Entrega Finalizada;16;4;13;4;RISSO;26011;;;
MOBIS BRASIL FABRICACAO DE AUTO PECAS LT;RODOVIARIO;1493088;13/04/2026;1;337318;13/04/2026;DESTAQUE SEUL DISTR. DE VEIC. E PC. LTDA;2,12E+13;ATIBAIA;SP;13/04/2026;16/04/2026;15/04/2026;Entregue No Prazo;;Entrega realizada;Entrega Finalizada;16;4;13;4;RISSO;26075;;;
MOBIS BRASIL FABRICACAO DE AUTO PECAS LT;RODOVIARIO;1493075;13/04/2026;7;337319;13/04/2026;DHC COMERCIO DE VEICULOS E PECAS LTDA;9,52E+12;BAURU;SP;13/04/2026;16/04/2026;15/04/2026;Entregue No Prazo;;Entrega realizada;Entrega Finalizada;16;4;13;4;RISSO;26010;;;
MOBIS BRASIL FABRICACAO DE AUTO PECAS LT;RODOVIARIO;1493077;13/04/2026;1;337322;13/04/2026;NEW VEICULOS E PECAS LTDA;1,59E+13;RIBEIRAO PRETO;SP;13/04/2026;16/04/2026;15/04/2026;Entregue No Prazo;;Entrega realizada;Entrega Finalizada;16;4;13;4;RISSO;26014;;;
MOBIS BRASIL FABRICACAO DE AUTO PECAS LT;RODOVIARIO;1493078;13/04/2026;3;337322;13/04/2026;NEW VEICULOS E PECAS LTDA;1,59E+13;RIBEIRAO PRETO;SP;13/04/2026;16/04/2026;15/04/2026;Entregue No Prazo;;Entrega realizada;Entrega Finalizada;16;4;13;4;RISSO;26014;;;
MOBIS BRASIL FABRICACAO DE AUTO PECAS LT;RODOVIARIO;1493050;13/04/2026;37;337342;13/04/2026;SEVEC VEICULOS LTDA;5,68E+11;CURITIBA;PR;13/04/2026;16/04/2026;15/04/2026;Entregue No Prazo;;Entrega realizada;Entrega Finalizada;16;4;13;4;TRANSTRY;18012;;;
MOBIS BRASIL FABRICACAO DE AUTO PECAS LT;RODOVIARIO;1493033;13/04/2026;2;337281;13/04/2026;URCA MOTORS VEICULOS LTDA;8,77E+12;UBERLANDIA;MG;13/04/2026;17/04/2026;15/04/2026;Entregue No Prazo;;Entrega realizada;Entrega Finalizada;17;4;13;4;XD BETIM;9014;;;
MOBIS BRASIL FABRICACAO DE AUTO PECAS LT;RODOVIARIO;1493084;13/04/2026;1;337321;13/04/2026;H R B COMERCIO DE VEICULOS LTDA;1,82E+13;SAO JOSE DO RIO PRETO;SP;13/04/2026;17/04/2026;15/04/2026;Entregue No Prazo;;Entrega realizada;Entrega Finalizada;17;4;13;4;RISSO;26050;;;
MOBIS BRASIL FABRICACAO DE AUTO PECAS LT;RODOVIARIO;1493085;13/04/2026;10;337321;13/04/2026;H R B COMERCIO DE VEICULOS LTDA;1,82E+13;SAO JOSE DO RIO PRETO;SP;13/04/2026;17/04/2026;15/04/2026;Entregue No Prazo;;Entrega realizada;Entrega Finalizada;17;4;13;4;RISSO;26050;;;
MOBIS BRASIL FABRICACAO DE AUTO PECAS LT;RODOVIARIO;1493362;13/04/2026;6;337328;13/04/2026;BARI VEICULOS LTDA;7,46E+12;PONTA GROSSA;PR;13/04/2026;17/04/2026;15/04/2026;Entregue No Prazo;;Entrega realizada;Entrega Finalizada;17;4;13;4;TRANSTRY;18024;;;
MOBIS BRASIL FABRICACAO DE AUTO PECAS LT;RODOVIARIO;1493052;13/04/2026;11;337329;13/04/2026;BARI VEICULOS LTDA;7,46E+12;SAO JOSE DOS PINHAIS;PR;13/04/2026;17/04/2026;15/04/2026;Entregue No Prazo;;Entrega realizada;Entrega Finalizada;17;4;13;4;TRANSTRY;18024;;;
MOBIS BRASIL FABRICACAO DE AUTO PECAS LT;RODOVIARIO;1493067;13/04/2026;1;337331;13/04/2026;BARI VEICULOS LTDA.;7,46E+12;JOINVILLE;SC;13/04/2026;17/04/2026;15/04/2026;Entregue No Prazo;;Entrega realizada;Entrega Finalizada;17;4;13;4;TRANSTRY;24013;;;
MOBIS BRASIL FABRICACAO DE AUTO PECAS LT;RODOVIARIO;1493065;13/04/2026;1;337340;13/04/2026;LR COMERCIO DE VEICULOS LTDA;1,05E+13;SAO JOSE;SC;13/04/2026;20/04/2026;15/04/2026;Entregue No Prazo;;Entrega realizada;Entrega Finalizada;20;4;13;4;TRANSTRY;24007;;;
MOBIS BRASIL FABRICACAO DE AUTO PECAS LT;RODOVIARIO;1493048;13/04/2026;1;337341;13/04/2026;SANTA FE VEICULOS LTDA.;1,16E+13;FRANCISCO BELTRAO;PR;13/04/2026;20/04/2026;15/04/2026;Entregue No Prazo;;Entrega realizada;Entrega Finalizada;20;4;13;4;TRANSTRY;18010;;;
MOBIS BRASIL FABRICACAO DE AUTO PECAS LT;RODOVIARIO;1493049;13/04/2026;3;337341;13/04/2026;SANTA FE VEICULOS LTDA.;1,16E+13;FRANCISCO BELTRAO;PR;13/04/2026;20/04/2026;15/04/2026;Entregue No Prazo;;Entrega realizada;Entrega Finalizada;20;4;13;4;TRANSTRY;18010;;;
MOBIS BRASIL FABRICACAO DE AUTO PECAS LT;RODOVIARIO;1493069;13/04/2026;4;337335;13/04/2026;CHINHAN AUTOMOVEIS LTDA.;2,41E+13;CACADOR;SC;13/04/2026;22/04/2026;15/04/2026;Entregue No Prazo;;Entrega realizada;Entrega Finalizada;22;4;13;4;TRANSTRY;24020;;;
MOBIS BRASIL FABRICACAO DE AUTO PECAS LT;RODOVIARIO;1493704;14/04/2026;20;337477;14/04/2026;ANDRETA II DISTRIBUIDORA DE VEIC. LTDA;9,10E+12;CAMPINAS;SP;14/04/2026;17/04/2026;15/04/2026;Entregue No Prazo;;Entrega realizada;Entrega Finalizada;17;4;14;4;RISSO;26011;;;
MOBIS BRASIL FABRICACAO DE AUTO PECAS LT;RODOVIARIO;1493715;14/04/2026;2;337479;14/04/2026;BILLY DISTRIBUIDORA DE VEICULOS LTDA;1,34E+13;SAO PAULO;SP;14/04/2026;16/04/2026;15/04/2026;Entregue No Prazo;;Entrega realizada;Entrega Finalizada;16;4;14;4;RISSO;26003;;;
MOBIS BRASIL FABRICACAO DE AUTO PECAS LT;RODOVIARIO;1493712;14/04/2026;1;337480;14/04/2026;CAOA MOTOR DO BRASIL LTDA;1,68E+13;CAMPINAS;SP;14/04/2026;17/04/2026;15/04/2026;Entregue No Prazo;;Entrega realizada;Entrega Finalizada;17;4;14;4;RISSO;5008;;;
MOBIS BRASIL FABRICACAO DE AUTO PECAS LT;RODOVIARIO;1493713;14/04/2026;1;337481;14/04/2026;CAOA MOTOR DO BRASIL LTDA;1,68E+13;SAO JOSE DOS CAMPOS;SP;14/04/2026;17/04/2026;15/04/2026;Entregue No Prazo;;Entrega realizada;Entrega Finalizada;17;4;14;4;RISSO;5008;;;
MOBIS BRASIL FABRICACAO DE AUTO PECAS LT;RODOVIARIO;1493710;14/04/2026;1;337482;14/04/2026;CAOA MOTOR DO BRASIL LTDA (VL PRUDENTE);1,68E+13;SAO PAULO;SP;14/04/2026;16/04/2026;15/04/2026;Entregue No Prazo;;Entrega realizada;Entrega Finalizada;16;4;14;4;RISSO;26051;;;
MOBIS BRASIL FABRICACAO DE AUTO PECAS LT;RODOVIARIO;1493711;14/04/2026;1;337483;14/04/2026;CHS MOTORS VEICULOS PECAS(VL. GUILHERME);1,69E+13;SAO PAULO;SP;14/04/2026;16/04/2026;15/04/2026;Entregue No Prazo;;Entrega realizada;Entrega Finalizada;16;4;14;4;RISSO;26052;;;
MOBIS BRASIL FABRICACAO DE AUTO PECAS LT;RODOVIARIO;1493716;14/04/2026;3;337485;14/04/2026;DHC COMERCIO DE VEICULOS E PECAS LTDA;9,52E+12;JAU;SP;14/04/2026;20/04/2026;15/04/2026;Entregue No Prazo;;Entrega realizada;Entrega Finalizada;20;4;14;4;RISSO;26010;;;
MOBIS BRASIL FABRICACAO DE AUTO PECAS LT;RODOVIARIO;1493705;14/04/2026;4;337486;14/04/2026;GRAND SPORT COM. DE VEIC. E PECAS LTDA;8,58E+12;SAO PAULO;SP;14/04/2026;16/04/2026;15/04/2026;Entregue No Prazo;;Entrega realizada;Entrega Finalizada;16;4;14;4;RISSO;26034;;;
MOBIS BRASIL FABRICACAO DE AUTO PECAS LT;RODOVIARIO;1493718;14/04/2026;1;337488;14/04/2026;GRANDAY AUTOMOTORES LTDA (CHAC. CALIFOR);1,57E+13;SAO PAULO;SP;14/04/2026;16/04/2026;15/04/2026;Entregue No Prazo;;Entrega realizada;Entrega Finalizada;16;4;14;4;RISSO;26090;;;
MOBIS BRASIL FABRICACAO DE AUTO PECAS LT;RODOVIARIO;1493719;14/04/2026;3;337490;14/04/2026;H - CAMINHO AUTOMOVEIS LTDA;2,53E+13;PIRACICABA;SP;14/04/2026;20/04/2026;15/04/2026;Entregue No Prazo;;Entrega realizada;Entrega Finalizada;20;4;14;4;RISSO;26092;;;
MOBIS BRASIL FABRICACAO DE AUTO PECAS LT;RODOVIARIO;1493717;14/04/2026;1;337494;14/04/2026;NOBRE SP DISTRIB. DE VEIC. E PEC. LTDA;1,70E+13;SAO PAULO;SP;14/04/2026;16/04/2026;15/04/2026;Entregue No Prazo;;Entrega realizada;Entrega Finalizada;16;4;14;4;RISSO;26081;;;
MOBIS BRASIL FABRICACAO DE AUTO PECAS LT;RODOVIARIO;1493680;14/04/2026;4;337534;14/04/2026;BARI VEICULOS LTDA;7,46E+12;SAO JOSE DOS PINHAIS;PR;14/04/2026;20/04/2026;15/04/2026;Entregue No Prazo;;Entrega realizada;Entrega Finalizada;20;4;14;4;TRANSTRY;18024;;;
MOBIS BRASIL FABRICACAO DE AUTO PECAS LT;RODOVIARIO;1493678;14/04/2026;14;337545;14/04/2026;SEVEC VEICULOS LTDA;5,68E+11;CURITIBA;PR;14/04/2026;17/04/2026;15/04/2026;Entregue No Prazo;;Entrega realizada;Entrega Finalizada;17;4;14;4;TRANSTRY;18012;;;
MOBIS BRASIL FABRICACAO DE AUTO PECAS LT;RODOVIARIO;1493706;14/04/2026;67;337719;15/04/2026;BILLY DISTRIBUIDORA DE VEICULOS LTDA;1,34E+13;SAO CAETANO DO SUL;SP;15/04/2026;17/04/2026;15/04/2026;Entregue No Prazo;;Entrega realizada;Entrega Finalizada;17;4;15;4;BV LOG;26003;;;
MOBIS BRASIL FABRICACAO DE AUTO PECAS LT;RODOVIARIO;1493700;14/04/2026;6;337720;15/04/2026;BILLY DISTRIBUIDORA DE VEICULOS LTDA;1,34E+13;BARUERI;SP;15/04/2026;17/04/2026;15/04/2026;Entregue No Prazo;;Entrega realizada;Entrega Finalizada;17;4;15;4;BV LOG;26003;;;
MOBIS BRASIL FABRICACAO DE AUTO PECAS LT;RODOVIARIO;1472517;04/03/2026;1;330803;04/03/2026;UNIQUE BOA VISTA COM. DE AUTOMOVEIS LTDA;3,48E+13;BOA VISTA;RR;04/03/2026;01/04/2026;16/04/2026;Entregue Fora do Prazo;;Entrega realizada;Entrega Finalizada;1;4;4;3;NORTEX;22002;;;
MOBIS BRASIL FABRICACAO DE AUTO PECAS LT;RODOVIARIO;1475359;10/03/2026;2;331746;10/03/2026;MISO VEICULOS LTDA;1,85E+13;MACAPA;AP;10/03/2026;31/03/2026;16/04/2026;Entregue Fora do Prazo;;Entrega realizada;Entrega Finalizada;31;3;10;3;NORTEX;4001;;;
MOBIS BRASIL FABRICACAO DE AUTO PECAS LT;RODOVIARIO;1475938;11/03/2026;5;331941;11/03/2026;MISO VEICULOS LTDA;1,85E+13;MACAPA;AP;11/03/2026;01/04/2026;16/04/2026;Entregue Fora do Prazo;;Entrega realizada;Entrega Finalizada;1;4;11;3;NORTEX;4001;;;
MOBIS BRASIL FABRICACAO DE AUTO PECAS LT;RODOVIARIO;1477747;13/03/2026;2;332464;13/03/2026;MISO VEICULOS LTDA;1,85E+13;MACAPA;AP;13/03/2026;06/04/2026;16/04/2026;Entregue Fora do Prazo;;Entrega realizada;Entrega Finalizada;6;4;13;3;NORTEX;4001;;;
MOBIS BRASIL FABRICACAO DE AUTO PECAS LT;RODOVIARIO;1480175;19/03/2026;2;333552;19/03/2026;HYMAX DISTRIBUIDORA DE VEICULOS LTDA;1,73E+13;MOGI GUACU;SP;19/03/2026;25/03/2026;16/04/2026;Entregue Fora do Prazo;Extravio;16/04 Extravio;Entrega Finalizada;25;3;19;3;RISSO;26002;Abolição da Escravidão no Ceará;Estadual;CE
MOBIS BRASIL FABRICACAO DE AUTO PECAS LT;RODOVIARIO;1482599;24/03/2026;1;334134;24/03/2026;MISO VEICULOS LTDA;1,85E+13;MACAPA;AP;24/03/2026;14/04/2026;16/04/2026;Entregue Fora do Prazo;;Entrega realizada;Entrega Finalizada;14;4;24;3;NORTEX;4001;;;
MOBIS BRASIL FABRICACAO DE AUTO PECAS LT;RODOVIARIO;1482600;24/03/2026;3;334134;24/03/2026;MISO VEICULOS LTDA;1,85E+13;MACAPA;AP;24/03/2026;14/04/2026;16/04/2026;Entregue Fora do Prazo;;Entrega realizada;Entrega Finalizada;14;4;24;3;NORTEX;4001;;;
MOBIS BRASIL FABRICACAO DE AUTO PECAS LT;RODOVIARIO;1488344;02/04/2026;3;335814;02/04/2026;GOLDEN MOTORS VEICULOS LTDA;3,62E+12;ARACATUBA;SP;02/04/2026;08/04/2026;16/04/2026;Entregue Fora do Prazo;;Entrega realizada;Entrega Finalizada;8;4;2;4;RISSO;12001;;;
MOBIS BRASIL FABRICACAO DE AUTO PECAS LT;RODOVIARIO;1488284;02/04/2026;1;336034;02/04/2026;PATEO COMERCIO DE VEICULOS S A;7,78E+12;JOAO PESSOA;PB;02/04/2026;17/04/2026;16/04/2026;Entregue No Prazo;Feriado municipal;Entrega realizada;Entrega Finalizada;17;4;2;4;TERMACO;15003;;;
MOBIS BRASIL FABRICACAO DE AUTO PECAS LT;RODOVIARIO;1488285;02/04/2026;1;336034;02/04/2026;PATEO COMERCIO DE VEICULOS S A;7,78E+12;JOAO PESSOA;PB;02/04/2026;17/04/2026;16/04/2026;Entregue No Prazo;Feriado municipal;Entrega realizada;Entrega Finalizada;17;4;2;4;TERMACO;15003;;;
MOBIS BRASIL FABRICACAO DE AUTO PECAS LT;RODOVIARIO;1488907;06/04/2026;1;336148;06/04/2026;FAZZA MOTORS COM. DE VEICULOS LTDA;1,24E+13;FORTALEZA;CE;06/04/2026;20/04/2026;16/04/2026;Entregue No Prazo;;Entrega realizada;Entrega Finalizada;20;4;6;4;TERMACO;6001;;;
MOBIS BRASIL FABRICACAO DE AUTO PECAS LT;RODOVIARIO;1488931;06/04/2026;1;336164;06/04/2026;PATEO COMERCIO DE VEICULOS S A;7,78E+12;JOAO PESSOA;PB;06/04/2026;21/04/2026;16/04/2026;Entregue No Prazo;;Entrega realizada;Entrega Finalizada;21;4;6;4;TERMACO;15003;Fundação de Brasília;Estadual;DF
MOBIS BRASIL FABRICACAO DE AUTO PECAS LT;RODOVIARIO;1488915;06/04/2026;9;336166;06/04/2026;PATEO COMERCIO DE VEICULOS S A;7,78E+12;SAO LUIS;MA;06/04/2026;21/04/2026;16/04/2026;Entregue No Prazo;;Entrega realizada;Entrega Finalizada;21;4;6;4;TERMACO;10002;Fundação de Brasília;Estadual;DF
MOBIS BRASIL FABRICACAO DE AUTO PECAS LT;RODOVIARIO;1488935;06/04/2026;2;336152;06/04/2026;GREEN CITY VEICULOS LTDA;2,10E+13;TERESINA;PI;06/04/2026;22/04/2026;16/04/2026;Entregue No Prazo;;Entrega realizada;Entrega Finalizada;22;4;6;4;TERMACO;17002;;;
MOBIS BRASIL FABRICACAO DE AUTO PECAS LT;RODOVIARIO;1488916;06/04/2026;4;336160;06/04/2026;NACIONAL NOVA MARABA DIST DE VEIC. LTDA;1,70E+13;IMPERATRIZ;MA;06/04/2026;24/04/2026;16/04/2026;Entregue No Prazo;;Entrega realizada;Entrega Finalizada;24;4;6;4;TERMACO;10003;;;
MOBIS BRASIL FABRICACAO DE AUTO PECAS LT;RODOVIARIO;1489650;07/04/2026;2;336307;07/04/2026;GREEN CITY VEICULOS LTDA;2,10E+13;TERESINA;PI;07/04/2026;23/04/2026;16/04/2026;Entregue No Prazo;;Entrega realizada;Entrega Finalizada;23;4;7;4;TERMACO;17002;São Jorge;Estadual;RJ
MOBIS BRASIL FABRICACAO DE AUTO PECAS LT;RODOVIARIO;1489635;07/04/2026;1;336311;07/04/2026;NACIONAL NOVA MARABA DIST DE VEIC. LTDA;1,70E+13;IMPERATRIZ;MA;07/04/2026;27/04/2026;16/04/2026;Entregue No Prazo;;Entrega realizada;Entrega Finalizada;27;4;7;4;TERMACO;10003;;;
MOBIS BRASIL FABRICACAO DE AUTO PECAS LT;RODOVIARIO;1490402;08/04/2026;48;336613;08/04/2026;FAZZA MOTORS COMERCIO DE VEICULOS LTDA;1,24E+13;SALVADOR;BA;08/04/2026;20/04/2026;16/04/2026;Entregue No Prazo;;Entrega realizada;Entrega Finalizada;20;4;8;4;TERMACO;5007;;;
MOBIS BRASIL FABRICACAO DE AUTO PECAS LT;RODOVIARIO;1490456;08/04/2026;24;336613;08/04/2026;FAZZA MOTORS COMERCIO DE VEICULOS LTDA;1,24E+13;SALVADOR;BA;08/04/2026;20/04/2026;16/04/2026;Entregue No Prazo;;Entrega realizada;Entrega Finalizada;20;4;8;4;TERMACO;5007;;;
MOBIS BRASIL FABRICACAO DE AUTO PECAS LT;RODOVIARIO;1490454;08/04/2026;6;336612;08/04/2026;CYCOSA AUTOMOVEIS LTDA;4,76E+12;MACEIO;AL;08/04/2026;22/04/2026;16/04/2026;Entregue No Prazo;;Entrega realizada;Entrega Finalizada;22;4;8;4;TERMACO;2001;;;
MOBIS BRASIL FABRICACAO DE AUTO PECAS LT;RODOVIARIO;1490398;08/04/2026;18;336612;08/04/2026;CYCOSA AUTOMOVEIS LTDA;4,76E+12;MACEIO;AL;08/04/2026;22/04/2026;16/04/2026;Entregue No Prazo;;Entrega realizada;Entrega Finalizada;22;4;8;4;TERMACO;2001;;;
MOBIS BRASIL FABRICACAO DE AUTO PECAS LT;RODOVIARIO;1490504;08/04/2026;4;336635;08/04/2026;SAINT LAND COMERCIO DE VEICULOS LTDA;1,04E+13;NATAL;RN;08/04/2026;23/04/2026;16/04/2026;Entregue No Prazo;;Entrega realizada;Entrega Finalizada;23;4;8;4;TERMACO;6010;São Jorge;Estadual;RJ
MOBIS BRASIL FABRICACAO DE AUTO PECAS LT;RODOVIARIO;1490451;08/04/2026;2;336635;08/04/2026;SAINT LAND COMERCIO DE VEICULOS LTDA;1,04E+13;NATAL;RN;08/04/2026;23/04/2026;16/04/2026;Entregue No Prazo;;Entrega realizada;Entrega Finalizada;23;4;8;4;TERMACO;6010;São Jorge;Estadual;RJ
MOBIS BRASIL FABRICACAO DE AUTO PECAS LT;RODOVIARIO;1490450;08/04/2026;1;336624;08/04/2026;ORIENTE AUTOMOVEIS LTDA;1,33E+13;PARNAMIRIM;RN;08/04/2026;24/04/2026;16/04/2026;Entregue No Prazo;;Entrega realizada;Entrega Finalizada;24;4;8;4;TERMACO;20001;;;
MOBIS BRASIL FABRICACAO DE AUTO PECAS LT;RODOVIARIO;1491263;09/04/2026;3;336743;09/04/2026;NISA COMERCIAL DE VEIC. AUTOMOTORES LTDA;1,03E+13;APARECIDA DE GOIANIA;GO;09/04/2026;17/04/2026;16/04/2026;Entregue No Prazo;;Entrega realizada;Entrega Finalizada;17;4;9;4;RIO VERMELHO;9002;;;
MOBIS BRASIL FABRICACAO DE AUTO PECAS LT;RODOVIARIO;1491262;09/04/2026;6;336743;09/04/2026;NISA COMERCIAL DE VEIC. AUTOMOTORES LTDA;1,03E+13;APARECIDA DE GOIANIA;GO;09/04/2026;17/04/2026;16/04/2026;Entregue No Prazo;;Entrega realizada;Entrega Finalizada;17;4;9;4;RIO VERMELHO;9002;;;
MOBIS BRASIL FABRICACAO DE AUTO PECAS LT;RODOVIARIO;1491197;09/04/2026;1;336746;09/04/2026;SAGA KOREA COM. DE VEIC. E PC. LTDA;1,27E+13;GOIANIA;GO;09/04/2026;17/04/2026;16/04/2026;Entregue No Prazo;;Entrega realizada;Entrega Finalizada;17;4;9;4;RIO VERMELHO;9011;;;
MOBIS BRASIL FABRICACAO DE AUTO PECAS LT;RODOVIARIO;1491261;09/04/2026;1;336890;09/04/2026;PRIME CACHOEIRO VEICULOS LTDA;9,34E+12;LINHARES;ES;09/04/2026;17/04/2026;16/04/2026;Entregue No Prazo;;Entrega realizada;Entrega Finalizada;17;4;9;4;CAMILO;8004;;;
MOBIS BRASIL FABRICACAO DE AUTO PECAS LT;RODOVIARIO;1491187;09/04/2026;1;336879;09/04/2026;FAZZA MOTORS COMERCIO DE VEICULOS LTDA;1,24E+13;SALVADOR;BA;09/04/2026;21/04/2026;16/04/2026;Entregue No Prazo;;Entrega realizada;Entrega Finalizada;21;4;9;4;TERMACO;5007;Fundação de Brasília;Estadual;DF
MOBIS BRASIL FABRICACAO DE AUTO PECAS LT;RODOVIARIO;1491188;09/04/2026;1;336879;09/04/2026;FAZZA MOTORS COMERCIO DE VEICULOS LTDA;1,24E+13;SALVADOR;BA;09/04/2026;21/04/2026;16/04/2026;Entregue No Prazo;;Entrega realizada;Entrega Finalizada;21;4;9;4;TERMACO;5007;Fundação de Brasília;Estadual;DF
MOBIS BRASIL FABRICACAO DE AUTO PECAS LT;RODOVIARIO;1491253;09/04/2026;1;336879;09/04/2026;FAZZA MOTORS COMERCIO DE VEICULOS LTDA;1,24E+13;SALVADOR;BA;09/04/2026;21/04/2026;16/04/2026;Entregue No Prazo;;Entrega realizada;Entrega Finalizada;21;4;9;4;TERMACO;5007;Fundação de Brasília;Estadual;DF
MOBIS BRASIL FABRICACAO DE AUTO PECAS LT;RODOVIARIO;1491295;09/04/2026;1;336877;09/04/2026;COMETA RONDONIA COMERCIO DE VEICULO;4,23E+12;VILHENA;RO;09/04/2026;22/04/2026;16/04/2026;Entregue No Prazo;;Entrega realizada;Entrega Finalizada;22;4;9;4;CARVALIMA;#N/D;;;
MOBIS BRASIL FABRICACAO DE AUTO PECAS LT;RODOVIARIO;1491307;09/04/2026;1;336896;09/04/2026;SAINT LAND COMERCIO DE VEICULOS LTDA;1,04E+13;ARACAJU;SE;09/04/2026;22/04/2026;16/04/2026;Entregue No Prazo;;Entrega realizada;Entrega Finalizada;22;4;9;4;TERMACO;6010;;;
MOBIS BRASIL FABRICACAO DE AUTO PECAS LT;RODOVIARIO;1491250;09/04/2026;1;336878;09/04/2026;CYCOSA AUTOMOVEIS LTDA;4,76E+12;MACEIO;AL;09/04/2026;23/04/2026;16/04/2026;Entregue No Prazo;;Entrega realizada;Entrega Finalizada;23;4;9;4;TERMACO;2001;São Jorge;Estadual;RJ
MOBIS BRASIL FABRICACAO DE AUTO PECAS LT;RODOVIARIO;1491185;09/04/2026;2;336878;09/04/2026;CYCOSA AUTOMOVEIS LTDA;4,76E+12;MACEIO;AL;09/04/2026;23/04/2026;16/04/2026;Entregue No Prazo;;Entrega realizada;Entrega Finalizada;23;4;9;4;TERMACO;2001;São Jorge;Estadual;RJ
MOBIS BRASIL FABRICACAO DE AUTO PECAS LT;RODOVIARIO;1491211;09/04/2026;2;336873;09/04/2026;CAOA MOTOR DO BRASIL LTDA;1,68E+13;RECIFE;PE;09/04/2026;24/04/2026;16/04/2026;Entregue No Prazo;;Entrega realizada;Entrega Finalizada;24;4;9;4;TERMACO;5008;;;
MOBIS BRASIL FABRICACAO DE AUTO PECAS LT;RODOVIARIO;1492206;10/04/2026;1;337092;10/04/2026;BILLY DISTRIBUIDORA DE VEICULOS LTDA;1,34E+13;SAO CAETANO DO SUL;SP;10/04/2026;14/04/2026;16/04/2026;Entregue Fora do Prazo;;Entrega realizada;Entrega Finalizada;14;4;10;4;RISSO;26003;;;
MOBIS BRASIL FABRICACAO DE AUTO PECAS LT;RODOVIARIO;1492178;10/04/2026;2;337193;10/04/2026;CARWAY SUL VEICULOS LTDA;1,03E+13;CANOAS;RS;10/04/2026;16/04/2026;16/04/2026;Entregue No Prazo;;Entrega realizada;Entrega Finalizada;16;4;10;4;TRANSTRY;23003;;;
MOBIS BRASIL FABRICACAO DE AUTO PECAS LT;RODOVIARIO;1492177;10/04/2026;1;337193;10/04/2026;CARWAY SUL VEICULOS LTDA;1,03E+13;CANOAS;RS;10/04/2026;16/04/2026;16/04/2026;Entregue No Prazo;;Entrega realizada;Entrega Finalizada;16;4;10;4;TRANSTRY;23003;;;
MOBIS BRASIL FABRICACAO DE AUTO PECAS LT;RODOVIARIO;1492176;10/04/2026;7;337199;10/04/2026;HOUSE PARTS-COM. DE PCS. E VEICULOS LTDA;1,15E+13;PORTO ALEGRE;RS;10/04/2026;16/04/2026;16/04/2026;Entregue No Prazo;;Entrega realizada;Entrega Finalizada;16;4;10;4;TRANSTRY;23004;;;
MOBIS BRASIL FABRICACAO DE AUTO PECAS LT;RODOVIARIO;1492183;10/04/2026;2;337186;10/04/2026;ATUAL VEICULOS LTDA;1,33E+13;ARARANGUA;SC;10/04/2026;17/04/2026;16/04/2026;Entregue No Prazo;;Entrega realizada;Entrega Finalizada;17;4;10;4;TRANSTRY;24001;;;
MOBIS BRASIL FABRICACAO DE AUTO PECAS LT;RODOVIARIO;1492187;10/04/2026;7;337191;10/04/2026;BARI VEICULOS LTDA;7,46E+12;BLUMENAU;SC;10/04/2026;17/04/2026;16/04/2026;Entregue No Prazo;;Entrega realizada;Entrega Finalizada;17;4;10;4;TRANSTRY;18024;;;
MOBIS BRASIL FABRICACAO DE AUTO PECAS LT;RODOVIARIO;1492182;10/04/2026;1;337198;10/04/2026;HOUSE PARTS COMERCIO DE PECAS E VEI;1,15E+13;CAXIAS DO SUL;RS;10/04/2026;17/04/2026;16/04/2026;Entregue No Prazo;;Entrega realizada;Entrega Finalizada;17;4;10;4;TRANSTRY;23023;;;
MOBIS BRASIL FABRICACAO DE AUTO PECAS LT;RODOVIARIO;1492166;10/04/2026;1;337206;10/04/2026;VETOR AUTOMOVEIS LTDA;2,12E+13;FOZ DO IGUACU;PR;10/04/2026;17/04/2026;16/04/2026;Entregue No Prazo;;Entrega realizada;Entrega Finalizada;17;4;10;4;TRANSTRY;18019;;;
MOBIS BRASIL FABRICACAO DE AUTO PECAS LT;RODOVIARIO;1492138;10/04/2026;1;337246;10/04/2026;PRIME CACHOEIRO VEICULOS LTDA;9,34E+12;LINHARES;ES;10/04/2026;22/04/2026;16/04/2026;Entregue No Prazo;;Entrega realizada;Entrega Finalizada;22;4;10;4;CAMILO;8004;;;
MOBIS BRASIL FABRICACAO DE AUTO PECAS LT;RODOVIARIO;1492137;10/04/2026;1;337247;10/04/2026;PRIME CACHOEIRO VEICULOS LTDA EPP;9,34E+12;CACHOEIRO DE ITAPEMIRIM;ES;10/04/2026;22/04/2026;16/04/2026;Entregue No Prazo;;Entrega realizada;Entrega Finalizada;22;4;10;4;CAMILO;8003;;;
MOBIS BRASIL FABRICACAO DE AUTO PECAS LT;RODOVIARIO;1492136;10/04/2026;3;337247;10/04/2026;PRIME CACHOEIRO VEICULOS LTDA EPP;9,34E+12;CACHOEIRO DE ITAPEMIRIM;ES;10/04/2026;22/04/2026;16/04/2026;Entregue No Prazo;;Entrega realizada;Entrega Finalizada;22;4;10;4;CAMILO;8003;;;
MOBIS BRASIL FABRICACAO DE AUTO PECAS LT;RODOVIARIO;1492149;10/04/2026;4;337253;10/04/2026;ULSAN COMERCIO DE VEICULOS LTDA.;2,10E+13;CAMPO GRANDE;MS;10/04/2026;22/04/2026;16/04/2026;Entregue No Prazo;;Entrega realizada;Entrega Finalizada;22;4;10;4;CARVALIMA;12004;;;
MOBIS BRASIL FABRICACAO DE AUTO PECAS LT;RODOVIARIO;1492142;10/04/2026;1;337082;10/04/2026;NASA MOTORS LTDA.;2,65E+13;SAO LUIS DE MONTES BELOS;GO;10/04/2026;28/04/2026;16/04/2026;Entregue No Prazo;;Entrega realizada;Entrega Finalizada;28;4;10;4;RIO VERMELHO;9016;;;
MOBIS BRASIL FABRICACAO DE AUTO PECAS LT;RODOVIARIO;1493037;13/04/2026;1;337282;13/04/2026;URCA MOTORS VEICULOS LTDA;8,77E+12;PATOS DE MINAS;MG;13/04/2026;17/04/2026;16/04/2026;Entregue No Prazo;;Entrega realizada;Entrega Finalizada;17;4;13;4;XD BETIM;9014;;;
MOBIS BRASIL FABRICACAO DE AUTO PECAS LT;RODOVIARIO;1492896;13/04/2026;3;337290;13/04/2026;CAOA MOTOR DO BRASIL LTDA;1,68E+13;RIO DE JANEIRO;RJ;13/04/2026;17/04/2026;16/04/2026;Entregue No Prazo;;Entrega realizada;Entrega Finalizada;17;4;13;4;CAMILO;5008;;;
MOBIS BRASIL FABRICACAO DE AUTO PECAS LT;RODOVIARIO;1493053;13/04/2026;2;337296;13/04/2026;ITAVEMA MOTORS VEICULOS LTDA;7,73E+12;DUQUE DE CAXIAS;RJ;13/04/2026;17/04/2026;16/04/2026;Entregue No Prazo;;Entrega realizada;Entrega Finalizada;17;4;13;4;CAMILO;19001;;;
MOBIS BRASIL FABRICACAO DE AUTO PECAS LT;RODOVIARIO;1493468;13/04/2026;1;337297;13/04/2026;ITAVEMA MOTORS VEICULOS LTDA;7,73E+12;RIO DE JANEIRO;RJ;13/04/2026;17/04/2026;16/04/2026;Entregue No Prazo;;Entrega realizada;Entrega Finalizada;17;4;13;4;CAMILO;19001;;;
MOBIS BRASIL FABRICACAO DE AUTO PECAS LT;RODOVIARIO;1493469;13/04/2026;8;337297;13/04/2026;ITAVEMA MOTORS VEICULOS LTDA;7,73E+12;RIO DE JANEIRO;RJ;13/04/2026;17/04/2026;16/04/2026;Entregue No Prazo;;Entrega realizada;Entrega Finalizada;17;4;13;4;CAMILO;19001;;;
MOBIS BRASIL FABRICACAO DE AUTO PECAS LT;RODOVIARIO;1493093;13/04/2026;1;337315;13/04/2026;ANDRETA II DISTRIBUIDORA DE VEIC. LTDA;9,10E+12;RIO CLARO;SP;13/04/2026;17/04/2026;16/04/2026;Entregue No Prazo;;Entrega realizada;Entrega Finalizada;17;4;13;4;RISSO;26011;;;
MOBIS BRASIL FABRICACAO DE AUTO PECAS LT;RODOVIARIO;1493058;13/04/2026;3;337332;13/04/2026;CARWAY SUL VEICULOS LTDA;1,03E+13;CANOAS;RS;13/04/2026;17/04/2026;16/04/2026;Entregue No Prazo;;Entrega realizada;Entrega Finalizada;17;4;13;4;TRANSTRY;23003;;;
MOBIS BRASIL FABRICACAO DE AUTO PECAS LT;RODOVIARIO;1493057;13/04/2026;5;337339;13/04/2026;HOUSE PARTS-COM. DE PCS. E VEICULOS LTDA;1,15E+13;PORTO ALEGRE;RS;13/04/2026;17/04/2026;16/04/2026;Entregue No Prazo;;Entrega realizada;Entrega Finalizada;17;4;13;4;TRANSTRY;23004;;;
MOBIS BRASIL FABRICACAO DE AUTO PECAS LT;RODOVIARIO;1493066;13/04/2026;4;337327;13/04/2026;BARI VEICULOS LTDA;7,46E+12;BLUMENAU;SC;13/04/2026;20/04/2026;16/04/2026;Entregue No Prazo;;Entrega realizada;Entrega Finalizada;20;4;13;4;TRANSTRY;18024;;;
MOBIS BRASIL FABRICACAO DE AUTO PECAS LT;RODOVIARIO;1493062;13/04/2026;1;337338;13/04/2026;HOUSE PARTS COMERCIO DE PECAS E VEI;1,15E+13;CAXIAS DO SUL;RS;13/04/2026;20/04/2026;16/04/2026;Entregue No Prazo;;Entrega realizada;Entrega Finalizada;20;4;13;4;TRANSTRY;23023;;;
MOBIS BRASIL FABRICACAO DE AUTO PECAS LT;RODOVIARIO;1493019;13/04/2026;11;337278;13/04/2026;SAGA KOREA COM. DE VEIC. E PC. LTDA;1,27E+13;BRASILIA;DF;13/04/2026;21/04/2026;16/04/2026;Entregue No Prazo;;Entrega realizada;Entrega Finalizada;21;4;13;4;RIO VERMELHO;7005;Fundação de Brasília;Estadual;DF
MOBIS BRASIL FABRICACAO DE AUTO PECAS LT;RODOVIARIO;1493068;13/04/2026;2;337333;13/04/2026;CHINHAN AUTOMOVEIS LTDA;2,41E+13;CONCORDIA;SC;13/04/2026;21/04/2026;16/04/2026;Entregue No Prazo;;Entrega realizada;Entrega Finalizada;21;4;13;4;TRANSTRY;23019;Fundação de Brasília;Estadual;DF
MOBIS BRASIL FABRICACAO DE AUTO PECAS LT;RODOVIARIO;1493061;13/04/2026;3;337334;13/04/2026;CHINHAN AUTOMOVEIS LTDA;2,41E+13;ERECHIM;RS;13/04/2026;21/04/2026;16/04/2026;Entregue No Prazo;;Entrega realizada;Entrega Finalizada;21;4;13;4;TRANSTRY;23019;Fundação de Brasília;Estadual;DF
MOBIS BRASIL FABRICACAO DE AUTO PECAS LT;RODOVIARIO;1493029;13/04/2026;4;337284;13/04/2026;URCA MOTORS VEICULOS LTDA;8,77E+12;RIO VERDE;GO;13/04/2026;23/04/2026;16/04/2026;Entregue No Prazo;;Entrega realizada;Entrega Finalizada;23;4;13;4;RIO VERMELHO;9014;São Jorge;Estadual;RJ
MOBIS BRASIL FABRICACAO DE AUTO PECAS LT;RODOVIARIO;1493676;14/04/2026;6;337541;14/04/2026;LOVAT VEICULOS S/A;8,57E+12;LONDRINA;PR;14/04/2026;20/04/2026;16/04/2026;Entregue No Prazo;;Entrega realizada;Entrega Finalizada;20;4;14;4;TRANSTRY;18008;;;
MOBIS BRASIL FABRICACAO DE AUTO PECAS LT;RODOVIARIO;1493679;14/04/2026;3;337546;14/04/2026;VETOR AUTOMOVEIS LTDA;2,12E+13;CASCAVEL;PR;14/04/2026;20/04/2026;16/04/2026;Entregue No Prazo;;Entrega realizada;Entrega Finalizada;20;4;14;4;TRANSTRY;18019;;;
MOBIS BRASIL FABRICACAO DE AUTO PECAS LT;RODOVIARIO;1493696;14/04/2026;2;337536;14/04/2026;BARI VEICULOS LTDA;7,46E+12;BLUMENAU;SC;14/04/2026;21/04/2026;16/04/2026;Entregue No Prazo;;Entrega realizada;Entrega Finalizada;21;4;14;4;TRANSTRY;18024;Fundação de Brasília;Estadual;DF
MOBIS BRASIL FABRICACAO DE AUTO PECAS LT;RODOVIARIO;1492268;10/04/2026;3;337713;14/04/2026;VIA VR VEICULOS LTDA;1,73E+13;PETROPOLIS;RJ;14/04/2026;21/04/2026;16/04/2026;Entregue No Prazo;;Entrega realizada;Entrega Finalizada;21;4;14;4;CAMILO;19016;Fundação de Brasília;Estadual;DF
MOBIS BRASIL FABRICACAO DE AUTO PECAS LT;RODOVIARIO;1492266;10/04/2026;1;337714;14/04/2026;VIA VR VEICULOS LTDA;1,73E+13;VOLTA REDONDA;RJ;14/04/2026;21/04/2026;16/04/2026;Entregue No Prazo;;Entrega realizada;Entrega Finalizada;21;4;14;4;CAMILO;19016;Fundação de Brasília;Estadual;DF
MOBIS BRASIL FABRICACAO DE AUTO PECAS LT;RODOVIARIO;1493707;14/04/2026;2;337478;14/04/2026;ANDRETA II DISTRIBUIDORA DE VEIC. LTDA;9,10E+12;AMERICANA;SP;14/04/2026;17/04/2026;16/04/2026;Entregue No Prazo;;Entrega realizada;Entrega Finalizada;17;4;14;4;RISSO;26011;;;
MOBIS BRASIL FABRICACAO DE AUTO PECAS LT;RODOVIARIO;1493714;14/04/2026;2;337484;14/04/2026;DESTAQUE SEUL DISTR. DE VEIC. E PC. LTDA;2,12E+13;ATIBAIA;SP;14/04/2026;17/04/2026;16/04/2026;Entregue No Prazo;;Entrega realizada;Entrega Finalizada;17;4;14;4;RISSO;26075;;;
MOBIS BRASIL FABRICACAO DE AUTO PECAS LT;RODOVIARIO;1493702;14/04/2026;1;337487;14/04/2026;GRAND SPORT COM. DE VEIC. E PECAS LTDA;8,58E+12;GUARULHOS;SP;14/04/2026;16/04/2026;16/04/2026;Entregue No Prazo;;Entrega realizada;Entrega Finalizada;16;4;14;4;RISSO;26005;;;
MOBIS BRASIL FABRICACAO DE AUTO PECAS LT;RODOVIARIO;1493703;14/04/2026;2;337487;14/04/2026;GRAND SPORT COM. DE VEIC. E PECAS LTDA;8,58E+12;GUARULHOS;SP;14/04/2026;16/04/2026;16/04/2026;Entregue No Prazo;;Entrega realizada;Entrega Finalizada;16;4;14;4;RISSO;26005;;;
MOBIS BRASIL FABRICACAO DE AUTO PECAS LT;RODOVIARIO;1493720;14/04/2026;1;337489;14/04/2026;H - CAMINHO AUTOMOVEIS LTDA;2,53E+13;CATANDUVA;SP;14/04/2026;20/04/2026;16/04/2026;Entregue No Prazo;;Entrega realizada;Entrega Finalizada;20;4;14;4;RISSO;26092;;;
MOBIS BRASIL FABRICACAO DE AUTO PECAS LT;RODOVIARIO;1493786;14/04/2026;1;337492;14/04/2026;NEW VEICULOS E PECAS LTDA.;1,59E+13;ARARAQUARA;SP;14/04/2026;20/04/2026;16/04/2026;Entregue No Prazo;;Entrega realizada;Entrega Finalizada;20;4;14;4;RISSO;26071;;;
MOBIS BRASIL FABRICACAO DE AUTO PECAS LT;RODOVIARIO;1493668;14/04/2026;6;337496;14/04/2026;CARBEL KOREA VEICULOS LTDA;2,07E+13;BELO HORIZONTE;MG;14/04/2026;17/04/2026;16/04/2026;Entregue No Prazo;;Entrega realizada;Entrega Finalizada;17;4;14;4;XD BETIM;11021;;;
MOBIS BRASIL FABRICACAO DE AUTO PECAS LT;RODOVIARIO;1493667;14/04/2026;7;337504;14/04/2026;TAI MOTORS VEICULOS S/A;9,27E+12;BELO HORIZONTE;MG;14/04/2026;17/04/2026;16/04/2026;Entregue No Prazo;;Entrega realizada;Entrega Finalizada;17;4;14;4;XD BETIM;8002;;;
MOBIS BRASIL FABRICACAO DE AUTO PECAS LT;RODOVIARIO;1493666;14/04/2026;8;337506;14/04/2026;URCA MOTORS VEICULOS LTDA;8,77E+12;UBERLANDIA;MG;14/04/2026;20/04/2026;16/04/2026;Entregue No Prazo;;Entrega realizada;Entrega Finalizada;20;4;14;4;XD BETIM;9014;;;
MOBIS BRASIL FABRICACAO DE AUTO PECAS LT;RODOVIARIO;1493752;14/04/2026;7;337535;14/04/2026;BARI VEICULOS LTDA;7,46E+12;PONTA GROSSA;PR;14/04/2026;20/04/2026;16/04/2026;Entregue No Prazo;;Entrega realizada;Entrega Finalizada;20;4;14;4;TRANSTRY;18024;;;
MOBIS BRASIL FABRICACAO DE AUTO PECAS LT;RODOVIARIO;1493697;14/04/2026;1;337537;14/04/2026;BARI VEICULOS LTDA.;7,46E+12;ITAJAI;SC;14/04/2026;20/04/2026;16/04/2026;Entregue No Prazo;;Entrega realizada;Entrega Finalizada;20;4;14;4;TRANSTRY;24014;;;
MOBIS BRASIL FABRICACAO DE AUTO PECAS LT;RODOVIARIO;1494293;15/04/2026;6;337742;15/04/2026;BILLY DISTRIBUIDORA DE VEICULOS LTDA;1,34E+13;BARUERI;SP;15/04/2026;17/04/2026;16/04/2026;Entregue No Prazo;;Entrega realizada;Entrega Finalizada;17;4;15;4;XD DIADEMA;26003;;;
MOBIS BRASIL FABRICACAO DE AUTO PECAS LT;RODOVIARIO;1494320;15/04/2026;1;337746;15/04/2026;CAOA MOTOR DO BRASIL LTDA (INDIANOPOLIS);1,68E+13;SAO PAULO;SP;15/04/2026;17/04/2026;16/04/2026;Entregue No Prazo;;Entrega realizada;Entrega Finalizada;17;4;15;4;XD DIADEMA;26091;;;
MOBIS BRASIL FABRICACAO DE AUTO PECAS LT;RODOVIARIO;1494317;15/04/2026;1;337747;15/04/2026;CAOA MOTOR DO BRASIL LTDA(NACOES UNIDAS);1,68E+13;SAO PAULO;SP;15/04/2026;17/04/2026;16/04/2026;Entregue No Prazo;;Entrega realizada;Entrega Finalizada;17;4;15;4;XD DIADEMA;26087;;;
MOBIS BRASIL FABRICACAO DE AUTO PECAS LT;RODOVIARIO;1494299;15/04/2026;1;337748;15/04/2026;CAOA MOTOR DO BRASIL LTDA(VL LEOPOLDINA);1,68E+13;SAO PAULO;SP;15/04/2026;17/04/2026;16/04/2026;Entregue No Prazo;;Entrega realizada;Entrega Finalizada;17;4;15;4;XD DIADEMA;26028;;;
MOBIS BRASIL FABRICACAO DE AUTO PECAS LT;RODOVIARIO;1494300;15/04/2026;7;337752;15/04/2026;GRAND SPORT COM. DE VEIC. E PECAS LTDA;8,58E+12;SAO PAULO;SP;15/04/2026;17/04/2026;16/04/2026;Entregue No Prazo;;Entrega realizada;Entrega Finalizada;17;4;15;4;XD DIADEMA;26034;;;
MOBIS BRASIL FABRICACAO DE AUTO PECAS LT;RODOVIARIO;1494460;15/04/2026;2;337752;15/04/2026;GRAND SPORT COM. DE VEIC. E PECAS LTDA;8,58E+12;SAO PAULO;SP;15/04/2026;17/04/2026;16/04/2026;Entregue No Prazo;;Entrega realizada;Entrega Finalizada;17;4;15;4;XD DIADEMA;26034;;;
MOBIS BRASIL FABRICACAO DE AUTO PECAS LT;RODOVIARIO;1494296;15/04/2026;4;337753;15/04/2026;GRAND SPORT COM. DE VEIC. E PECAS LTDA;8,58E+12;GUARULHOS;SP;15/04/2026;17/04/2026;16/04/2026;Entregue No Prazo;;Entrega realizada;Entrega Finalizada;17;4;15;4;XD DIADEMA;26005;;;
MOBIS BRASIL FABRICACAO DE AUTO PECAS LT;RODOVIARIO;1494295;15/04/2026;2;337753;15/04/2026;GRAND SPORT COM. DE VEIC. E PECAS LTDA;8,58E+12;GUARULHOS;SP;15/04/2026;17/04/2026;16/04/2026;Entregue No Prazo;;Entrega realizada;Entrega Finalizada;17;4;15;4;XD DIADEMA;26005;;;
MOBIS BRASIL FABRICACAO DE AUTO PECAS LT;RODOVIARIO;1494466;15/04/2026;9;337754;15/04/2026;GRANDAY AUTOMOTORES LTDA (CHAC. CALIFOR);1,57E+13;SAO PAULO;SP;15/04/2026;17/04/2026;16/04/2026;Entregue No Prazo;;Entrega realizada;Entrega Finalizada;17;4;15;4;XD DIADEMA;26090;;;
MOBIS BRASIL FABRICACAO DE AUTO PECAS LT;RODOVIARIO;1494319;15/04/2026;2;337754;15/04/2026;GRANDAY AUTOMOTORES LTDA (CHAC. CALIFOR);1,57E+13;SAO PAULO;SP;15/04/2026;17/04/2026;16/04/2026;Entregue No Prazo;;Entrega realizada;Entrega Finalizada;17;4;15;4;XD DIADEMA;26090;;;
MOBIS BRASIL FABRICACAO DE AUTO PECAS LT;RODOVIARIO;1494318;15/04/2026;6;337754;15/04/2026;GRANDAY AUTOMOTORES LTDA (CHAC. CALIFOR);1,57E+13;SAO PAULO;SP;15/04/2026;17/04/2026;16/04/2026;Entregue No Prazo;;Entrega realizada;Entrega Finalizada;17;4;15;4;XD DIADEMA;26090;;;
MOBIS BRASIL FABRICACAO DE AUTO PECAS LT;RODOVIARIO;1494323;15/04/2026;1;337760;15/04/2026;NOBRE DISTRIBUIDORA DE VEIC. E PEC. LTDA;5,76E+12;SUZANO;SP;15/04/2026;17/04/2026;16/04/2026;Entregue No Prazo;;Entrega realizada;Entrega Finalizada;17;4;15;4;XD DIADEMA;26103;;;
MOBIS BRASIL FABRICACAO DE AUTO PECAS LT;RODOVIARIO;1494455;15/04/2026;1;337761;15/04/2026;NOBRE DISTRIBUIDORA DE VEICULOS E PECAS;5,76E+12;MOGI DAS CRUZES;SP;15/04/2026;17/04/2026;16/04/2026;Entregue No Prazo;;Entrega realizada;Entrega Finalizada;17;4;15;4;XD DIADEMA;26004;;;
MOBIS BRASIL FABRICACAO DE AUTO PECAS LT;RODOVIARIO;1494294;15/04/2026;2;337761;15/04/2026;NOBRE DISTRIBUIDORA DE VEICULOS E PECAS;5,76E+12;MOGI DAS CRUZES;SP;15/04/2026;17/04/2026;16/04/2026;Entregue No Prazo;;Entrega realizada;Entrega Finalizada;17;4;15;4;XD DIADEMA;26004;;;
MOBIS BRASIL FABRICACAO DE AUTO PECAS LT;RODOVIARIO;1494313;15/04/2026;1;337762;15/04/2026;NOBRE SP DISTRIB. DE VEIC. E PEC. LTDA;1,70E+13;SAO PAULO;SP;15/04/2026;17/04/2026;16/04/2026;Entregue No Prazo;;Entrega realizada;Entrega Finalizada;17;4;15;4;XD DIADEMA;26081;;;
MOBIS BRASIL FABRICACAO DE AUTO PECAS LT;RODOVIARIO;1494304;15/04/2026;2;337729;15/04/2026;ANDRETA II DISTRIBUIDORA DE VEIC. LTDA;9,10E+12;INDAIATUBA;SP;15/04/2026;20/04/2026;16/04/2026;Entregue No Prazo;;Entrega realizada;Entrega Finalizada;20;4;15;4;RISSO;26011;;;
MOBIS BRASIL FABRICACAO DE AUTO PECAS LT;RODOVIARIO;1494301;15/04/2026;3;337739;15/04/2026;ANDRETA II DISTRIB.DE VEICULOS LTDA.;9,10E+12;JUNDIAI;SP;15/04/2026;20/04/2026;16/04/2026;Entregue No Prazo;;Entrega realizada;Entrega Finalizada;20;4;15;4;XD DIADEMA;26040;;;
MOBIS BRASIL FABRICACAO DE AUTO PECAS LT;RODOVIARIO;1494461;15/04/2026;2;337739;15/04/2026;ANDRETA II DISTRIB.DE VEICULOS LTDA.;9,10E+12;JUNDIAI;SP;15/04/2026;20/04/2026;16/04/2026;Entregue No Prazo;;Entrega realizada;Entrega Finalizada;20;4;15;4;XD DIADEMA;26040;;;
MOBIS BRASIL FABRICACAO DE AUTO PECAS LT;RODOVIARIO;1494456;15/04/2026;2;337740;15/04/2026;ANDRETA II DISTRIBUIDORA DE VEIC. LTDA;9,10E+12;CAMPINAS;SP;15/04/2026;20/04/2026;16/04/2026;Entregue No Prazo;;Entrega realizada;Entrega Finalizada;20;4;15;4;XD DIADEMA;26011;;;
MOBIS BRASIL FABRICACAO DE AUTO PECAS LT;RODOVIARIO;1494297;15/04/2026;13;337740;15/04/2026;ANDRETA II DISTRIBUIDORA DE VEIC. LTDA;9,10E+12;CAMPINAS;SP;15/04/2026;20/04/2026;16/04/2026;Entregue No Prazo;;Entrega realizada;Entrega Finalizada;20;4;15;4;XD DIADEMA;26011;;;
MOBIS BRASIL FABRICACAO DE AUTO PECAS LT;RODOVIARIO;1494316;15/04/2026;3;337743;15/04/2026;CAOA MOTOR DO BRASIL LTDA;1,68E+13;SANTOS;SP;15/04/2026;20/04/2026;16/04/2026;Entregue No Prazo;;Entrega realizada;Entrega Finalizada;20;4;15;4;XD DIADEMA;5008;;;
MOBIS BRASIL FABRICACAO DE AUTO PECAS LT;RODOVIARIO;1494312;15/04/2026;1;337744;15/04/2026;CAOA MOTOR DO BRASIL LTDA;1,68E+13;SAO JOSE DOS CAMPOS;SP;15/04/2026;20/04/2026;16/04/2026;Entregue No Prazo;;Entrega realizada;Entrega Finalizada;20;4;15;4;XD DIADEMA;5008;;;
MOBIS BRASIL FABRICACAO DE AUTO PECAS LT;RODOVIARIO;1494464;15/04/2026;1;337750;15/04/2026;DESTAQUE SEUL DISTR. DE VEIC. E PC. LTDA;2,12E+13;ATIBAIA;SP;15/04/2026;20/04/2026;16/04/2026;Entregue No Prazo;;Entrega realizada;Entrega Finalizada;20;4;15;4;XD DIADEMA;26075;;;
MOBIS BRASIL FABRICACAO DE AUTO PECAS LT;RODOVIARIO;1494458;15/04/2026;8;337756;15/04/2026;MOTONET COMERCIO DE VEICULOS LTDA;9,28E+12;SOROCABA;SP;15/04/2026;20/04/2026;16/04/2026;Entregue No Prazo;;Entrega realizada;Entrega Finalizada;20;4;15;4;XD DIADEMA;26113;;;
MOBIS BRASIL FABRICACAO DE AUTO PECAS LT;RODOVIARIO;1494457;15/04/2026;1;337756;15/04/2026;MOTONET COMERCIO DE VEICULOS LTDA;9,28E+12;SOROCABA;SP;15/04/2026;20/04/2026;16/04/2026;Entregue No Prazo;;Entrega realizada;Entrega Finalizada;20;4;15;4;XD DIADEMA;26113;;;
MOBIS BRASIL FABRICACAO DE AUTO PECAS LT;RODOVIARIO;1494265;15/04/2026;23;337803;15/04/2026;SEVEC VEICULOS LTDA;5,68E+11;CURITIBA;PR;15/04/2026;20/04/2026;16/04/2026;Entregue No Prazo;;Entrega realizada;Entrega Finalizada;20;4;15;4;TRANSTRY;18012;;;
MOBIS BRASIL FABRICACAO DE AUTO PECAS LT;RODOVIARIO;1494436;15/04/2026;1;337803;15/04/2026;SEVEC VEICULOS LTDA;5,68E+11;CURITIBA;PR;15/04/2026;20/04/2026;16/04/2026;Entregue No Prazo;;Entrega realizada;Entrega Finalizada;20;4;15;4;TRANSTRY;18012;;;
MOBIS BRASIL FABRICACAO DE AUTO PECAS LT;RODOVIARIO;1494465;15/04/2026;1;337732;15/04/2026;DHC COMERCIO DE VEICULOS E PECAS LTDA;9,52E+12;JAU;SP;15/04/2026;21/04/2026;16/04/2026;Entregue No Prazo;;Entrega realizada;Entrega Finalizada;21;4;15;4;RISSO;26010;Fundação de Brasília;Estadual;DF
MOBIS BRASIL FABRICACAO DE AUTO PECAS LT;RODOVIARIO;1494438;15/04/2026;1;337785;15/04/2026;BARI VEICULOS LTDA;7,46E+12;SAO JOSE DOS PINHAIS;PR;15/04/2026;21/04/2026;16/04/2026;Entregue No Prazo;;Entrega realizada;Entrega Finalizada;21;4;15;4;TRANSTRY;18024;Fundação de Brasília;Estadual;DF
MOBIS BRASIL FABRICACAO DE AUTO PECAS LT;RODOVIARIO;1494268;15/04/2026;1;337785;15/04/2026;BARI VEICULOS LTDA;7,46E+12;SAO JOSE DOS PINHAIS;PR;15/04/2026;21/04/2026;16/04/2026;Entregue No Prazo;;Entrega realizada;Entrega Finalizada;21;4;15;4;TRANSTRY;18024;Fundação de Brasília;Estadual;DF
MOBIS BRASIL FABRICACAO DE AUTO PECAS LT;RODOVIARIO;1494303;15/04/2026;79;337985;16/04/2026;BILLY DISTRIBUIDORA DE VEICULOS LTDA;1,34E+13;SAO CAETANO DO SUL;SP;16/04/2026;20/04/2026;16/04/2026;Entregue No Prazo;;Entrega realizada;Entrega Finalizada;20;4;16;4;BV LOG;26003;;;
MOBIS BRASIL FABRICACAO DE AUTO PECAS LT;RODOVIARIO;1494462;15/04/2026;46;337985;16/04/2026;BILLY DISTRIBUIDORA DE VEICULOS LTDA;1,34E+13;SAO CAETANO DO SUL;SP;16/04/2026;20/04/2026;16/04/2026;Entregue No Prazo;;Entrega realizada;Entrega Finalizada;20;4;16;4;BV LOG;26003;;;
MOBIS BRASIL FABRICACAO DE AUTO PECAS LT;RODOVIARIO;1494302;15/04/2026;3;337985;16/04/2026;BILLY DISTRIBUIDORA DE VEICULOS LTDA;1,34E+13;SAO CAETANO DO SUL;SP;16/04/2026;20/04/2026;16/04/2026;Entregue No Prazo;;Entrega realizada;Entrega Finalizada;20;4;16;4;BV LOG;26003;;;
MOBIS BRASIL FABRICACAO DE AUTO PECAS LT;RODOVIARIO;1488340;02/04/2026;7;335818;02/04/2026;H R B COMERCIO DE VEICULOS LTDA;1,82E+13;SAO JOSE DO RIO PRETO;SP;02/04/2026;08/04/2026;17/04/2026;Entregue Fora do Prazo;;Entrega realizada;Entrega Finalizada;8;4;2;4;RISSO;26050;;;
MOBIS BRASIL FABRICACAO DE AUTO PECAS LT;RODOVIARIO;1488906;06/04/2026;1;336158;06/04/2026;MASTER COMERCIAL DE VEICULOS LTDA;2,85E+13;JACOBINA;BA;06/04/2026;21/04/2026;17/04/2026;Entregue No Prazo;;Entrega realizada;Entrega Finalizada;21;4;6;4;TERMACO;5013;Fundação de Brasília;Estadual;DF
MOBIS BRASIL FABRICACAO DE AUTO PECAS LT;RODOVIARIO;1488908;06/04/2026;1;336175;06/04/2026;VIA NORTE COM. E IMPORT. DE VEIC. LTDA;1,25E+13;SOBRAL;CE;06/04/2026;22/04/2026;17/04/2026;Entregue No Prazo;;Entrega realizada;Entrega Finalizada;22;4;6;4;TERMACO;6002;;;
MOBIS BRASIL FABRICACAO DE AUTO PECAS LT;RODOVIARIO;1489623;07/04/2026;13;336305;07/04/2026;FAZZA MOTORS COMERCIO DE VEICULOS LTDA;1,24E+13;SALVADOR;BA;07/04/2026;17/04/2026;17/04/2026;Entregue No Prazo;NF CANCELADA;NF cancelada pela MOBIS;Entrega Finalizada;17;4;7;4;TERMACO;5007;;;
MOBIS BRASIL FABRICACAO DE AUTO PECAS LT;RODOVIARIO;1489871;07/04/2026;1;336304;07/04/2026;FAZZA MOTORS COM. DE VEICULOS LTDA;1,24E+13;FORTALEZA;CE;07/04/2026;21/04/2026;17/04/2026;Entregue No Prazo;;Entrega realizada;Entrega Finalizada;21;4;7;4;TERMACO;6001;Fundação de Brasília;Estadual;DF
MOBIS BRASIL FABRICACAO DE AUTO PECAS LT;RODOVIARIO;1490458;08/04/2026;1;336607;08/04/2026;CAOA MOTOR DO BRASIL LTDA;1,68E+13;FORTALEZA;CE;08/04/2026;22/04/2026;17/04/2026;Entregue No Prazo;;Entrega realizada;Entrega Finalizada;22;4;8;4;TERMACO;5008;;;
MOBIS BRASIL FABRICACAO DE AUTO PECAS LT;RODOVIARIO;1490488;08/04/2026;1;336604;08/04/2026;AUTORAC VEICULOS LTDA;1,06E+13;PETROLINA;PE;08/04/2026;24/04/2026;17/04/2026;Entregue No Prazo;;Entrega realizada;Entrega Finalizada;24;4;8;4;TERMACO;16001;;;
MOBIS BRASIL FABRICACAO DE AUTO PECAS LT;RODOVIARIO;1491198;09/04/2026;1;336753;09/04/2026;URCA MOTORS VEICULOS LTDA;8,77E+12;ITUMBIARA;GO;09/04/2026;21/04/2026;17/04/2026;Entregue No Prazo;;Entrega realizada;Entrega Finalizada;21;4;9;4;RIO VERMELHO;9014;Fundação de Brasília;Estadual;DF
MOBIS BRASIL FABRICACAO DE AUTO PECAS LT;RODOVIARIO;1491264;09/04/2026;1;336753;09/04/2026;URCA MOTORS VEICULOS LTDA;8,77E+12;ITUMBIARA;GO;09/04/2026;21/04/2026;17/04/2026;Entregue No Prazo;;Entrega realizada;Entrega Finalizada;21;4;9;4;RIO VERMELHO;9014;Fundação de Brasília;Estadual;DF
MOBIS BRASIL FABRICACAO DE AUTO PECAS LT;RODOVIARIO;1491199;09/04/2026;4;336742;09/04/2026;NASA MOTORS LTDA.;2,65E+13;SAO LUIS DE MONTES BELOS;GO;09/04/2026;23/04/2026;17/04/2026;Entregue No Prazo;;Entrega realizada;Entrega Finalizada;23;4;9;4;RIO VERMELHO;9016;São Jorge;Estadual;RJ
MOBIS BRASIL FABRICACAO DE AUTO PECAS LT;RODOVIARIO;1491265;09/04/2026;1;336742;09/04/2026;NASA MOTORS LTDA.;2,65E+13;SAO LUIS DE MONTES BELOS;GO;09/04/2026;23/04/2026;17/04/2026;Entregue No Prazo;;Entrega realizada;Entrega Finalizada;23;4;9;4;RIO VERMELHO;9016;São Jorge;Estadual;RJ
MOBIS BRASIL FABRICACAO DE AUTO PECAS LT;RODOVIARIO;1491266;09/04/2026;2;336752;09/04/2026;TRIAUTO KOREA AUTOMOVEIS LTDA;4,99E+13;CATALAO;GO;09/04/2026;23/04/2026;17/04/2026;Entregue No Prazo;;Entrega realizada;Entrega Finalizada;23;4;9;4;RIO VERMELHO;9018;São Jorge;Estadual;RJ
MOBIS BRASIL FABRICACAO DE AUTO PECAS LT;RODOVIARIO;1491292;09/04/2026;5;336895;09/04/2026;SAINT LAND COMERCIO DE VEICULOS LTDA;1,04E+13;NATAL;RN;09/04/2026;24/04/2026;17/04/2026;Entregue No Prazo;;Entrega realizada;Entrega Finalizada;24;4;9;4;TERMACO;6010;;;
MOBIS BRASIL FABRICACAO DE AUTO PECAS LT;RODOVIARIO;1491225;09/04/2026;13;336895;09/04/2026;SAINT LAND COMERCIO DE VEICULOS LTDA;1,04E+13;NATAL;RN;09/04/2026;24/04/2026;17/04/2026;Entregue No Prazo;;Entrega realizada;Entrega Finalizada;24;4;9;4;TERMACO;6010;;;
MOBIS BRASIL FABRICACAO DE AUTO PECAS LT;RODOVIARIO;1491212;09/04/2026;1;336869;09/04/2026;AUTORAC VEICULOS LTDA;1,06E+13;PETROLINA;PE;09/04/2026;27/04/2026;17/04/2026;Entregue No Prazo;;Entrega realizada;Entrega Finalizada;27;4;9;4;TERMACO;16001;;;
MOBIS BRASIL FABRICACAO DE AUTO PECAS LT;RODOVIARIO;1491279;09/04/2026;3;336869;09/04/2026;AUTORAC VEICULOS LTDA;1,06E+13;PETROLINA;PE;09/04/2026;27/04/2026;17/04/2026;Entregue No Prazo;;Entrega realizada;Entrega Finalizada;27;4;9;4;TERMACO;16001;;;
MOBIS BRASIL FABRICACAO DE AUTO PECAS LT;RODOVIARIO;1491190;09/04/2026;2;336897;09/04/2026;SAINT LAND COMERCIO DE VEICULOS LTDA;1,04E+13;JUAZEIRO DO NORTE;CE;09/04/2026;27/04/2026;17/04/2026;Entregue No Prazo;;Entrega realizada;Entrega Finalizada;27;4;9;4;TERMACO;6010;;;
MOBIS BRASIL FABRICACAO DE AUTO PECAS LT;RODOVIARIO;1492160;10/04/2026;1;337201;10/04/2026;LOVAT VEICULOS S/A;8,57E+12;MARINGA;PR;10/04/2026;16/04/2026;17/04/2026;Entregue Fora do Prazo;;Entrega realizada;Entrega Finalizada;16;4;10;4;TRANSTRY;18008;;;
MOBIS BRASIL FABRICACAO DE AUTO PECAS LT;RODOVIARIO;1492184;10/04/2026;4;337187;10/04/2026;ATUAL VEICULOS LTDA;1,33E+13;CRICIUMA;SC;10/04/2026;17/04/2026;17/04/2026;Entregue No Prazo;;Entrega realizada;Entrega Finalizada;17;4;10;4;TRANSTRY;24001;;;
MOBIS BRASIL FABRICACAO DE AUTO PECAS LT;RODOVIARIO;1492185;10/04/2026;6;337188;10/04/2026;ATUAL VEICULOS LTDA;1,33E+13;TUBARAO;SC;10/04/2026;17/04/2026;17/04/2026;Entregue No Prazo;;Entrega realizada;Entrega Finalizada;17;4;10;4;TRANSTRY;24001;;;
MOBIS BRASIL FABRICACAO DE AUTO PECAS LT;RODOVIARIO;1492179;10/04/2026;4;337197;10/04/2026;HOUSE PARTS - COM. DE PECAS E VEIC. LTDA;1,15E+13;SANTA MARIA;RS;10/04/2026;20/04/2026;17/04/2026;Entregue No Prazo;;Entrega realizada;Entrega Finalizada;20;4;10;4;TRANSTRY;23008;;;
MOBIS BRASIL FABRICACAO DE AUTO PECAS LT;RODOVIARIO;1492181;10/04/2026;2;337203;10/04/2026;NAZARETH VEICULOS LTDA;9,30E+12;IJUI;RS;10/04/2026;20/04/2026;17/04/2026;Entregue No Prazo;;Entrega realizada;Entrega Finalizada;20;4;10;4;TRANSTRY;23021;;;
MOBIS BRASIL FABRICACAO DE AUTO PECAS LT;RODOVIARIO;1492174;10/04/2026;5;337251;10/04/2026;SAINT LAND COMERCIO DE VEICULOS LTDA;1,04E+13;NATAL;RN;10/04/2026;29/04/2026;17/04/2026;Entregue No Prazo;;Entrega realizada;Entrega Finalizada;29;4;10;4;TERMACO;6010;;;
MOBIS BRASIL FABRICACAO DE AUTO PECAS LT;RODOVIARIO;1492173;10/04/2026;10;337243;10/04/2026;ORIENTE AUTOMOVEIS LTDA;1,33E+13;PARNAMIRIM;RN;10/04/2026;30/04/2026;17/04/2026;Entregue No Prazo;;Entrega realizada;Entrega Finalizada;30;4;10;4;TERMACO;20001;;;
MOBIS BRASIL FABRICACAO DE AUTO PECAS LT;RODOVIARIO;1492172;10/04/2026;1;337243;10/04/2026;ORIENTE AUTOMOVEIS LTDA;1,33E+13;PARNAMIRIM;RN;10/04/2026;30/04/2026;17/04/2026;Entregue No Prazo;;Entrega realizada;Entrega Finalizada;30;4;10;4;TERMACO;20001;;;
MOBIS BRASIL FABRICACAO DE AUTO PECAS LT;RODOVIARIO;1493036;13/04/2026;1;337285;13/04/2026;VIME POCOS COM. DE VEICULOS E PECAS LTDA;3,43E+13;POCOS DE CALDAS;MG;13/04/2026;17/04/2026;17/04/2026;Entregue No Prazo;;Entrega realizada;Entrega Finalizada;17;4;13;4;XD BETIM;11033;;;
MOBIS BRASIL FABRICACAO DE AUTO PECAS LT;RODOVIARIO;1493051;13/04/2026;1;337330;13/04/2026;BARI VEICULOS LTDA;7,46E+12;GUARAPUAVA;PR;13/04/2026;17/04/2026;17/04/2026;Entregue No Prazo;;Entrega realizada;Entrega Finalizada;17;4;13;4;TRANSTRY;18024;;;
MOBIS BRASIL FABRICACAO DE AUTO PECAS LT;RODOVIARIO;1493054;13/04/2026;1;337295;13/04/2026;GRAFFITI VEICULOS LTDA.;1,71E+13;ITAPERUNA;RJ;13/04/2026;20/04/2026;17/04/2026;Entregue No Prazo;;Entrega realizada;Entrega Finalizada;20;4;13;4;CAMILO;19015;;;
MOBIS BRASIL FABRICACAO DE AUTO PECAS LT;RODOVIARIO;1493022;13/04/2026;2;337305;13/04/2026;TAI MOTORS VEICULOS S/A;9,27E+12;VITORIA;ES;13/04/2026;20/04/2026;17/04/2026;Entregue No Prazo;;Entrega realizada;Entrega Finalizada;20;4;13;4;CAMILO;8002;;;
MOBIS BRASIL FABRICACAO DE AUTO PECAS LT;RODOVIARIO;1493020;13/04/2026;3;337310;13/04/2026;VIA BRASIL AUTOMOVEIS LTDA.;4,72E+12;SERRA;ES;13/04/2026;20/04/2026;17/04/2026;Entregue No Prazo;;Entrega realizada;Entrega Finalizada;20;4;13;4;CAMILO;8001;;;
MOBIS BRASIL FABRICACAO DE AUTO PECAS LT;RODOVIARIO;1493021;13/04/2026;3;337310;13/04/2026;VIA BRASIL AUTOMOVEIS LTDA.;4,72E+12;SERRA;ES;13/04/2026;20/04/2026;17/04/2026;Entregue No Prazo;;Entrega realizada;Entrega Finalizada;20;4;13;4;CAMILO;8001;;;
MOBIS BRASIL FABRICACAO DE AUTO PECAS LT;RODOVIARIO;1493063;13/04/2026;9;337325;13/04/2026;ATUAL VEICULOS LTDA;1,33E+13;CRICIUMA;SC;13/04/2026;20/04/2026;17/04/2026;Entregue No Prazo;;Entrega realizada;Entrega Finalizada;20;4;13;4;TRANSTRY;24001;;;
MOBIS BRASIL FABRICACAO DE AUTO PECAS LT;RODOVIARIO;1493064;13/04/2026;9;337326;13/04/2026;ATUAL VEICULOS LTDA;1,33E+13;TUBARAO;SC;13/04/2026;20/04/2026;17/04/2026;Entregue No Prazo;;Entrega realizada;Entrega Finalizada;20;4;13;4;TRANSTRY;24001;;;
MOBIS BRASIL FABRICACAO DE AUTO PECAS LT;RODOVIARIO;1493059;13/04/2026;2;337336;13/04/2026;GALA COMERCIO DE VEICULOS LTDA.;1,77E+13;PELOTAS;RS;13/04/2026;20/04/2026;17/04/2026;Entregue No Prazo;;Entrega realizada;Entrega Finalizada;20;4;13;4;TRANSTRY;23009;;;
MOBIS BRASIL FABRICACAO DE AUTO PECAS LT;RODOVIARIO;1493060;13/04/2026;2;337337;13/04/2026;HOUSE PARTS - COM DE PECAS E VEIC LTDA;1,15E+13;OSORIO;RS;13/04/2026;20/04/2026;17/04/2026;Entregue No Prazo;;Entrega realizada;Entrega Finalizada;20;4;13;4;TRANSTRY;23016;;;
MOBIS BRASIL FABRICACAO DE AUTO PECAS LT;RODOVIARIO;1493028;13/04/2026;1;337275;13/04/2026;NISA COMERCIAL DE VEIC. AUTOMOTORES LTDA;1,03E+13;GOIANIA;GO;13/04/2026;21/04/2026;17/04/2026;Entregue No Prazo;;Entrega realizada;Entrega Finalizada;21;4;13;4;RIO VERMELHO;9013;Fundação de Brasília;Estadual;DF
MOBIS BRASIL FABRICACAO DE AUTO PECAS LT;RODOVIARIO;1493025;13/04/2026;4;337276;13/04/2026;NISA COMERCIAL DE VEIC. AUTOMOTORES LTDA;1,03E+13;APARECIDA DE GOIANIA;GO;13/04/2026;21/04/2026;17/04/2026;Entregue No Prazo;;Entrega realizada;Entrega Finalizada;21;4;13;4;RIO VERMELHO;9002;Fundação de Brasília;Estadual;DF
MOBIS BRASIL FABRICACAO DE AUTO PECAS LT;RODOVIARIO;1493027;13/04/2026;15;337277;13/04/2026;SAGA KOREA COM. DE VEIC. E PC. LTDA;1,27E+13;GOIANIA;GO;13/04/2026;21/04/2026;17/04/2026;Entregue No Prazo;;Entrega realizada;Entrega Finalizada;21;4;13;4;RIO VERMELHO;9011;Fundação de Brasília;Estadual;DF
MOBIS BRASIL FABRICACAO DE AUTO PECAS LT;RODOVIARIO;1493026;13/04/2026;1;337277;13/04/2026;SAGA KOREA COM. DE VEIC. E PC. LTDA;1,27E+13;GOIANIA;GO;13/04/2026;21/04/2026;17/04/2026;Entregue No Prazo;;Entrega realizada;Entrega Finalizada;21;4;13;4;RIO VERMELHO;9011;Fundação de Brasília;Estadual;DF
MOBIS BRASIL FABRICACAO DE AUTO PECAS LT;RODOVIARIO;1493023;13/04/2026;3;337301;13/04/2026;PRIME CACHOEIRO VEICULOS LTDA EPP;9,34E+12;CACHOEIRO DE ITAPEMIRIM;ES;13/04/2026;21/04/2026;17/04/2026;Entregue No Prazo;;Entrega realizada;Entrega Finalizada;21;4;13;4;CAMILO;8003;Fundação de Brasília;Estadual;DF
MOBIS BRASIL FABRICACAO DE AUTO PECAS LT;RODOVIARIO;1493024;13/04/2026;2;337301;13/04/2026;PRIME CACHOEIRO VEICULOS LTDA EPP;9,34E+12;CACHOEIRO DE ITAPEMIRIM;ES;13/04/2026;21/04/2026;17/04/2026;Entregue No Prazo;;Entrega realizada;Entrega Finalizada;21;4;13;4;CAMILO;8003;Fundação de Brasília;Estadual;DF
MOBIS BRASIL FABRICACAO DE AUTO PECAS LT;RODOVIARIO;1493040;13/04/2026;1;337308;13/04/2026;ULSAN COMERCIO DE VEICULOS LTDA.;2,10E+13;CAMPO GRANDE;MS;13/04/2026;21/04/2026;17/04/2026;Entregue No Prazo;;Entrega realizada;Entrega Finalizada;21;4;13;4;CARVALIMA;12004;Fundação de Brasília;Estadual;DF
MOBIS BRASIL FABRICACAO DE AUTO PECAS LT;RODOVIARIO;1493030;13/04/2026;1;337283;13/04/2026;URCA MOTORS VEICULOS LTDA;8,77E+12;ITUMBIARA;GO;13/04/2026;23/04/2026;17/04/2026;Entregue No Prazo;;Entrega realizada;Entrega Finalizada;23;4;13;4;RIO VERMELHO;9014;São Jorge;Estadual;RJ
MOBIS BRASIL FABRICACAO DE AUTO PECAS LT;RODOVIARIO;1493032;13/04/2026;4;337280;13/04/2026;TRIAUTO KOREA AUTOMOVEIS LTDA;4,99E+13;CATALAO;GO;13/04/2026;27/04/2026;17/04/2026;Entregue No Prazo;;Entrega realizada;Entrega Finalizada;27;4;13;4;RIO VERMELHO;9018;;;
MOBIS BRASIL FABRICACAO DE AUTO PECAS LT;RODOVIARIO;1493690;14/04/2026;4;337540;14/04/2026;HOUSE PARTS-COM. DE PCS. E VEICULOS LTDA;1,15E+13;PORTO ALEGRE;RS;14/04/2026;20/04/2026;17/04/2026;Entregue No Prazo;;Entrega realizada;Entrega Finalizada;20;4;14;4;TRANSTRY;23004;;;
MOBIS BRASIL FABRICACAO DE AUTO PECAS LT;RODOVIARIO;1493677;14/04/2026;1;337542;14/04/2026;LOVAT VEICULOS S/A;8,57E+12;MARINGA;PR;14/04/2026;20/04/2026;17/04/2026;Entregue No Prazo;;Entrega realizada;Entrega Finalizada;20;4;14;4;TRANSTRY;18008;;;
MOBIS BRASIL FABRICACAO DE AUTO PECAS LT;RODOVIARIO;1493681;14/04/2026;1;337547;14/04/2026;VETOR AUTOMOVEIS LTDA;2,12E+13;CAMPO MOURAO;PR;14/04/2026;20/04/2026;17/04/2026;Entregue No Prazo;;Entrega realizada;Entrega Finalizada;20;4;14;4;TRANSTRY;18019;;;
MOBIS BRASIL FABRICACAO DE AUTO PECAS LT;RODOVIARIO;1492263;10/04/2026;1;337671;14/04/2026;AMX COM. E SERVICOS DE AUTOMOTORES LTDA;1,20E+13;RIO DE JANEIRO;RJ;14/04/2026;20/04/2026;17/04/2026;Entregue No Prazo;;Entrega realizada;Entrega Finalizada;20;4;14;4;CAMILO;19009;;;
MOBIS BRASIL FABRICACAO DE AUTO PECAS LT;RODOVIARIO;1492264;10/04/2026;8;337671;14/04/2026;AMX COM. E SERVICOS DE AUTOMOTORES LTDA;1,20E+13;RIO DE JANEIRO;RJ;14/04/2026;20/04/2026;17/04/2026;Entregue No Prazo;;Entrega realizada;Entrega Finalizada;20;4;14;4;CAMILO;19009;;;
MOBIS BRASIL FABRICACAO DE AUTO PECAS LT;RODOVIARIO;1492269;10/04/2026;1;337674;14/04/2026;CAOA MOTOR DO BRASIL LTDA;1,68E+13;RIO DE JANEIRO;RJ;14/04/2026;20/04/2026;17/04/2026;Entregue No Prazo;Volume errado;Entrega realizada;Entrega Finalizada;20;4;14;4;CAMILO;5008;;;
MOBIS BRASIL FABRICACAO DE AUTO PECAS LT;RODOVIARIO;1492265;10/04/2026;4;337676;14/04/2026;CAOA MOTOR DO BRASIL LTDA;1,68E+13;RIO DE JANEIRO;RJ;14/04/2026;20/04/2026;17/04/2026;Entregue No Prazo;;Entrega realizada;Entrega Finalizada;20;4;14;4;CAMILO;5008;;;
MOBIS BRASIL FABRICACAO DE AUTO PECAS LT;RODOVIARIO;1492270;10/04/2026;1;337677;14/04/2026;CAOA MOTOR DO BRASIL LTDA;1,68E+13;RIO DE JANEIRO;RJ;14/04/2026;20/04/2026;17/04/2026;Entregue No Prazo;;Entrega realizada;Entrega Finalizada;20;4;14;4;CAMILO;5008;;;
MOBIS BRASIL FABRICACAO DE AUTO PECAS LT;RODOVIARIO;1493693;14/04/2026;2;337532;14/04/2026;ATUAL VEICULOS LTDA;1,33E+13;CRICIUMA;SC;14/04/2026;21/04/2026;17/04/2026;Entregue No Prazo;;Entrega realizada;Entrega Finalizada;21;4;14;4;TRANSTRY;24001;Fundação de Brasília;Estadual;DF
MOBIS BRASIL FABRICACAO DE AUTO PECAS LT;RODOVIARIO;1493694;14/04/2026;9;337533;14/04/2026;ATUAL VEICULOS LTDA;1,33E+13;TUBARAO;SC;14/04/2026;21/04/2026;17/04/2026;Entregue No Prazo;;Entrega realizada;Entrega Finalizada;21;4;14;4;TRANSTRY;24001;Fundação de Brasília;Estadual;DF
MOBIS BRASIL FABRICACAO DE AUTO PECAS LT;RODOVIARIO;1493692;14/04/2026;1;337539;14/04/2026;HOUSE PARTS - COM DE PECAS E VEIC LTDA;1,15E+13;OSORIO;RS;14/04/2026;21/04/2026;17/04/2026;Entregue No Prazo;;Entrega realizada;Entrega Finalizada;21;4;14;4;TRANSTRY;23016;Fundação de Brasília;Estadual;DF
MOBIS BRASIL FABRICACAO DE AUTO PECAS LT;RODOVIARIO;1493695;14/04/2026;3;337543;14/04/2026;LR COMERCIO DE VEICULOS LTDA;1,05E+13;SAO JOSE;SC;14/04/2026;21/04/2026;17/04/2026;Entregue No Prazo;;Entrega realizada;Entrega Finalizada;21;4;14;4;TRANSTRY;24007;Fundação de Brasília;Estadual;DF
MOBIS BRASIL FABRICACAO DE AUTO PECAS LT;RODOVIARIO;1493682;14/04/2026;1;337686;14/04/2026;GRAFFITI VEICULOS LTDA.;1,71E+13;ITAPERUNA;RJ;14/04/2026;21/04/2026;17/04/2026;Entregue No Prazo;;Entrega realizada;Entrega Finalizada;21;4;14;4;CAMILO;19015;Fundação de Brasília;Estadual;DF
MOBIS BRASIL FABRICACAO DE AUTO PECAS LT;RODOVIARIO;1492272;10/04/2026;1;337691;14/04/2026;MONTREAL VEICULOS E PECAS LTDA;1,68E+13;SAO PEDRO DA ALDEIA;RJ;14/04/2026;21/04/2026;17/04/2026;Entregue No Prazo;;Entrega realizada;Entrega Finalizada;21;4;14;4;CAMILO;19030;Fundação de Brasília;Estadual;DF
MOBIS BRASIL FABRICACAO DE AUTO PECAS LT;RODOVIARIO;1493684;14/04/2026;1;337691;14/04/2026;MONTREAL VEICULOS E PECAS LTDA;1,68E+13;SAO PEDRO DA ALDEIA;RJ;14/04/2026;21/04/2026;17/04/2026;Entregue No Prazo;;Entrega realizada;Entrega Finalizada;21;4;14;4;CAMILO;19030;Fundação de Brasília;Estadual;DF
MOBIS BRASIL FABRICACAO DE AUTO PECAS LT;RODOVIARIO;1492271;10/04/2026;2;337692;14/04/2026;MONTREAL VEICULOS E PECAS LTDA;1,68E+13;MACAE;RJ;14/04/2026;21/04/2026;17/04/2026;Entregue No Prazo;;Entrega realizada;Entrega Finalizada;21;4;14;4;CAMILO;19030;Fundação de Brasília;Estadual;DF
MOBIS BRASIL FABRICACAO DE AUTO PECAS LT;RODOVIARIO;1492267;10/04/2026;1;337708;14/04/2026;TAI MOTORS VEICULOS S/A.;9,27E+12;CAMPOS DOS GOYTACAZES;RJ;14/04/2026;21/04/2026;17/04/2026;Entregue No Prazo;;Entrega realizada;Entrega Finalizada;21;4;14;4;CAMILO;19023;Fundação de Brasília;Estadual;DF
MOBIS BRASIL FABRICACAO DE AUTO PECAS LT;RODOVIARIO;1493683;14/04/2026;2;337708;14/04/2026;TAI MOTORS VEICULOS S/A.;9,27E+12;CAMPOS DOS GOYTACAZES;RJ;14/04/2026;21/04/2026;17/04/2026;Entregue No Prazo;;Entrega realizada;Entrega Finalizada;21;4;14;4;CAMILO;19023;Fundação de Brasília;Estadual;DF
MOBIS BRASIL FABRICACAO DE AUTO PECAS LT;RODOVIARIO;1493691;14/04/2026;2;337538;14/04/2026;HOUSE PARTS - COM. DE PECAS E VEIC. LTDA;1,15E+13;SANTA MARIA;RS;14/04/2026;22/04/2026;17/04/2026;Entregue No Prazo;;Entrega realizada;Entrega Finalizada;22;4;14;4;TRANSTRY;23008;;;
MOBIS BRASIL FABRICACAO DE AUTO PECAS LT;RODOVIARIO;1493670;14/04/2026;1;337685;14/04/2026;GOLDEN MOTORS VEICULOS LTDA;3,62E+12;DOURADOS;MS;14/04/2026;22/04/2026;17/04/2026;Entregue No Prazo;;Entrega realizada;Entrega Finalizada;22;4;14;4;CARVALIMA;12001;;;
MOBIS BRASIL FABRICACAO DE AUTO PECAS LT;RODOVIARIO;1492255;10/04/2026;3;337680;14/04/2026;COMETA MATO GROSSO COM. DE VEICULOS LTDA;1,54E+13;TANGARA DA SERRA;MT;14/04/2026;23/04/2026;17/04/2026;Entregue No Prazo;;Entrega realizada;Entrega Finalizada;23;4;14;4;CARVALIMA;13007;São Jorge;Estadual;RJ
MOBIS BRASIL FABRICACAO DE AUTO PECAS LT;RODOVIARIO;1492471;10/04/2026;2;337701;14/04/2026;SAGA ASIA COM. DE VEIC.PC.E SERV. LTDA;2,23E+13;VARZEA GRANDE;MT;14/04/2026;23/04/2026;17/04/2026;Entregue No Prazo;;Entrega realizada;Entrega Finalizada;23;4;14;4;CARVALIMA;13004;São Jorge;Estadual;RJ
MOBIS BRASIL FABRICACAO DE AUTO PECAS LT;RODOVIARIO;1493748;14/04/2026;6;337701;14/04/2026;SAGA ASIA COM. DE VEIC.PC.E SERV. LTDA;2,23E+13;VARZEA GRANDE;MT;14/04/2026;23/04/2026;17/04/2026;Entregue No Prazo;;Entrega realizada;Entrega Finalizada;23;4;14;4;CARVALIMA;13004;São Jorge;Estadual;RJ
MOBIS BRASIL FABRICACAO DE AUTO PECAS LT;RODOVIARIO;1492254;10/04/2026;1;337679;14/04/2026;COMETA MATO GROSSO COM. DE VEICULOS LTDA;1,54E+13;RONDONOPOLIS;MT;14/04/2026;24/04/2026;17/04/2026;Entregue No Prazo;;Entrega realizada;Entrega Finalizada;24;4;14;4;CARVALIMA;13006;;;
MOBIS BRASIL FABRICACAO DE AUTO PECAS LT;RODOVIARIO;1493701;14/04/2026;4;337493;14/04/2026;NOBRE DISTRIBUIDORA DE VEICULOS E PECAS;5,76E+12;MOGI DAS CRUZES;SP;14/04/2026;16/04/2026;17/04/2026;Entregue Fora do Prazo;;Entrega realizada;Entrega Finalizada;16;4;14;4;RISSO;26004;;;
MOBIS BRASIL FABRICACAO DE AUTO PECAS LT;RODOVIARIO;1493689;14/04/2026;1;337540;14/04/2026;HOUSE PARTS-COM. DE PCS. E VEICULOS LTDA;1,15E+13;PORTO ALEGRE;RS;14/04/2026;20/04/2026;17/04/2026;Entregue No Prazo;;Entrega realizada;Entrega Finalizada;20;4;14;4;TRANSTRY;23004;;;
MOBIS BRASIL FABRICACAO DE AUTO PECAS LT;RODOVIARIO;1494459;15/04/2026;2;337738;15/04/2026;NEW VEICULOS E PECAS LTDA;1,59E+13;RIBEIRAO PRETO;SP;15/04/2026;20/04/2026;17/04/2026;Entregue No Prazo;;Entrega realizada;Entrega Finalizada;20;4;15;4;RISSO;26014;;;
MOBIS BRASIL FABRICACAO DE AUTO PECAS LT;RODOVIARIO;1494298;15/04/2026;1;337738;15/04/2026;NEW VEICULOS E PECAS LTDA;1,59E+13;RIBEIRAO PRETO;SP;15/04/2026;20/04/2026;17/04/2026;Entregue No Prazo;;Entrega realizada;Entrega Finalizada;20;4;15;4;RISSO;26014;;;
MOBIS BRASIL FABRICACAO DE AUTO PECAS LT;RODOVIARIO;1492250;10/04/2026;1;337745;15/04/2026;CAOA MOTOR DO BRASIL LTDA;1,68E+13;BELO HORIZONTE;MG;15/04/2026;20/04/2026;17/04/2026;Entregue No Prazo;;Entrega realizada;Entrega Finalizada;20;4;15;4;XD BETIM;5008;;;
MOBIS BRASIL FABRICACAO DE AUTO PECAS LT;RODOVIARIO;1494249;15/04/2026;7;337749;15/04/2026;CARBEL KOREA VEICULOS LTDA;2,07E+13;BELO HORIZONTE;MG;15/04/2026;20/04/2026;17/04/2026;Entregue No Prazo;;Entrega realizada;Entrega Finalizada;20;4;15;4;XD BETIM;11021;;;
MOBIS BRASIL FABRICACAO DE AUTO PECAS LT;RODOVIARIO;1492249;10/04/2026;8;337749;15/04/2026;CARBEL KOREA VEICULOS LTDA;2,07E+13;BELO HORIZONTE;MG;15/04/2026;20/04/2026;17/04/2026;Entregue No Prazo;;Entrega realizada;Entrega Finalizada;20;4;15;4;XD BETIM;11021;;;
MOBIS BRASIL FABRICACAO DE AUTO PECAS LT;RODOVIARIO;1494322;15/04/2026;1;337728;15/04/2026;ANDRETA II DISTRIBUIDORA DE VEIC. LTDA;9,10E+12;RIO CLARO;SP;15/04/2026;21/04/2026;17/04/2026;Entregue No Prazo;;Entrega realizada;Entrega Finalizada;21;4;15;4;RISSO;26011;Fundação de Brasília;Estadual;DF
MOBIS BRASIL FABRICACAO DE AUTO PECAS LT;RODOVIARIO;1494309;15/04/2026;1;337733;15/04/2026;GOLDEN MOTORS VEICULOS LTDA;3,62E+12;ARACATUBA;SP;15/04/2026;21/04/2026;17/04/2026;Entregue No Prazo;;Entrega realizada;Entrega Finalizada;21;4;15;4;RISSO;12001;Fundação de Brasília;Estadual;DF
MOBIS BRASIL FABRICACAO DE AUTO PECAS LT;RODOVIARIO;1494467;15/04/2026;2;337735;15/04/2026;H - CAMINHO AUTOMOVEIS LTDA;2,53E+13;PIRACICABA;SP;15/04/2026;21/04/2026;17/04/2026;Entregue No Prazo;;Entrega realizada;Entrega Finalizada;21;4;15;4;RISSO;26092;Fundação de Brasília;Estadual;DF
MOBIS BRASIL FABRICACAO DE AUTO PECAS LT;RODOVIARIO;1494307;15/04/2026;7;337736;15/04/2026;H R B COMERCIO DE VEICULOS LTDA;1,82E+13;SAO JOSE DO RIO PRETO;SP;15/04/2026;21/04/2026;17/04/2026;Entregue No Prazo;;Entrega realizada;Entrega Finalizada;21;4;15;4;RISSO;26050;Fundação de Brasília;Estadual;DF
MOBIS BRASIL FABRICACAO DE AUTO PECAS LT;RODOVIARIO;1494463;15/04/2026;10;337736;15/04/2026;H R B COMERCIO DE VEICULOS LTDA;1,82E+13;SAO JOSE DO RIO PRETO;SP;15/04/2026;21/04/2026;17/04/2026;Entregue No Prazo;;Entrega realizada;Entrega Finalizada;21;4;15;4;RISSO;26050;Fundação de Brasília;Estadual;DF
MOBIS BRASIL FABRICACAO DE AUTO PECAS LT;RODOVIARIO;1494308;15/04/2026;7;337736;15/04/2026;H R B COMERCIO DE VEICULOS LTDA;1,82E+13;SAO JOSE DO RIO PRETO;SP;15/04/2026;21/04/2026;17/04/2026;Entregue No Prazo;;Entrega realizada;Entrega Finalizada;21;4;15;4;RISSO;26050;Fundação de Brasília;Estadual;DF
MOBIS BRASIL FABRICACAO DE AUTO PECAS LT;RODOVIARIO;1492247;10/04/2026;1;337776;15/04/2026;URCA MOTORS VEICULOS LTDA;8,77E+12;UBERABA;MG;15/04/2026;21/04/2026;17/04/2026;Entregue No Prazo;;Entrega realizada;Entrega Finalizada;21;4;15;4;XD BETIM;9014;Fundação de Brasília;Estadual;DF
MOBIS BRASIL FABRICACAO DE AUTO PECAS LT;RODOVIARIO;1494246;15/04/2026;6;337777;15/04/2026;URCA MOTORS VEICULOS LTDA;8,77E+12;UBERLANDIA;MG;15/04/2026;21/04/2026;17/04/2026;Entregue No Prazo;;Entrega realizada;Entrega Finalizada;21;4;15;4;XD BETIM;9014;Fundação de Brasília;Estadual;DF
MOBIS BRASIL FABRICACAO DE AUTO PECAS LT;RODOVIARIO;1494250;15/04/2026;1;337780;15/04/2026;VIME POCOS COM. DE VEICULOS E PECAS LTDA;3,43E+13;POCOS DE CALDAS;MG;15/04/2026;21/04/2026;17/04/2026;Entregue No Prazo;;Entrega realizada;Entrega Finalizada;21;4;15;4;XD BETIM;11033;Fundação de Brasília;Estadual;DF
MOBIS BRASIL FABRICACAO DE AUTO PECAS LT;RODOVIARIO;1494517;15/04/2026;9;337786;15/04/2026;BARI VEICULOS LTDA;7,46E+12;PONTA GROSSA;PR;15/04/2026;21/04/2026;17/04/2026;Entregue No Prazo;;Entrega realizada;Entrega Finalizada;21;4;15;4;TRANSTRY;18024;Fundação de Brasília;Estadual;DF
MOBIS BRASIL FABRICACAO DE AUTO PECAS LT;RODOVIARIO;1494554;15/04/2026;8;337786;15/04/2026;BARI VEICULOS LTDA;7,46E+12;PONTA GROSSA;PR;15/04/2026;21/04/2026;17/04/2026;Entregue No Prazo;;Entrega realizada;Entrega Finalizada;21;4;15;4;TRANSTRY;18024;Fundação de Brasília;Estadual;DF
MOBIS BRASIL FABRICACAO DE AUTO PECAS LT;RODOVIARIO;1494267;15/04/2026;1;337787;15/04/2026;BARI VEICULOS LTDA;7,46E+12;GUARAPUAVA;PR;15/04/2026;21/04/2026;17/04/2026;Entregue No Prazo;;Entrega realizada;Entrega Finalizada;21;4;15;4;TRANSTRY;18024;Fundação de Brasília;Estadual;DF
MOBIS BRASIL FABRICACAO DE AUTO PECAS LT;RODOVIARIO;1494287;15/04/2026;2;337790;15/04/2026;BARI VEICULOS LTDA.;7,46E+12;JOINVILLE;SC;15/04/2026;21/04/2026;17/04/2026;Entregue No Prazo;;Entrega realizada;Entrega Finalizada;21;4;15;4;TRANSTRY;24013;Fundação de Brasília;Estadual;DF
MOBIS BRASIL FABRICACAO DE AUTO PECAS LT;RODOVIARIO;1494434;15/04/2026;13;337798;15/04/2026;LOVAT VEICULOS S/A;8,57E+12;LONDRINA;PR;15/04/2026;21/04/2026;17/04/2026;Entregue No Prazo;;Entrega realizada;Entrega Finalizada;21;4;15;4;TRANSTRY;18008;Fundação de Brasília;Estadual;DF
MOBIS BRASIL FABRICACAO DE AUTO PECAS LT;RODOVIARIO;1494263;15/04/2026;8;337798;15/04/2026;LOVAT VEICULOS S/A;8,57E+12;LONDRINA;PR;15/04/2026;21/04/2026;17/04/2026;Entregue No Prazo;;Entrega realizada;Entrega Finalizada;21;4;15;4;TRANSTRY;18008;Fundação de Brasília;Estadual;DF
MOBIS BRASIL FABRICACAO DE AUTO PECAS LT;RODOVIARIO;1494437;15/04/2026;2;337804;15/04/2026;VETOR AUTOMOVEIS LTDA;2,12E+13;CASCAVEL;PR;15/04/2026;21/04/2026;17/04/2026;Entregue No Prazo;;Entrega realizada;Entrega Finalizada;21;4;15;4;TRANSTRY;18019;Fundação de Brasília;Estadual;DF
MOBIS BRASIL FABRICACAO DE AUTO PECAS LT;RODOVIARIO;1494266;15/04/2026;5;337804;15/04/2026;VETOR AUTOMOVEIS LTDA;2,12E+13;CASCAVEL;PR;15/04/2026;21/04/2026;17/04/2026;Entregue No Prazo;;Entrega realizada;Entrega Finalizada;21;4;15;4;TRANSTRY;18019;Fundação de Brasília;Estadual;DF
MOBIS BRASIL FABRICACAO DE AUTO PECAS LT;RODOVIARIO;1494286;15/04/2026;3;337789;15/04/2026;BARI VEICULOS LTDA;7,46E+12;BLUMENAU;SC;15/04/2026;22/04/2026;17/04/2026;Entregue No Prazo;;Entrega realizada;Entrega Finalizada;22;4;15;4;TRANSTRY;18024;;;
MOBIS BRASIL FABRICACAO DE AUTO PECAS LT;RODOVIARIO;1494285;15/04/2026;12;337801;15/04/2026;LR COMERCIO DE VEICULOS LTDA;1,05E+13;SAO JOSE;SC;15/04/2026;22/04/2026;17/04/2026;Entregue No Prazo;;Entrega realizada;Entrega Finalizada;22;4;15;4;TRANSTRY;24007;;;
MOBIS BRASIL FABRICACAO DE AUTO PECAS LT;RODOVIARIO;1494288;15/04/2026;1;337788;15/04/2026;BARI VEICULOS LTDA;7,46E+12;BALNEARIO CAMBORIU;SC;15/04/2026;23/04/2026;17/04/2026;Entregue No Prazo;;Entrega realizada;Entrega Finalizada;23;4;15;4;TRANSTRY;18024;São Jorge;Estadual;RJ
MOBIS BRASIL FABRICACAO DE AUTO PECAS LT;RODOVIARIO;1494289;15/04/2026;1;337788;15/04/2026;BARI VEICULOS LTDA;7,46E+12;BALNEARIO CAMBORIU;SC;15/04/2026;23/04/2026;17/04/2026;Entregue No Prazo;;Entrega realizada;Entrega Finalizada;23;4;15;4;TRANSTRY;18024;São Jorge;Estadual;RJ
MOBIS BRASIL FABRICACAO DE AUTO PECAS LT;RODOVIARIO;1494290;15/04/2026;2;337792;15/04/2026;CHINHAN AUTOMOVEIS LTDA;2,41E+13;CONCORDIA;SC;15/04/2026;23/04/2026;17/04/2026;Entregue No Prazo;;Entrega realizada;Entrega Finalizada;23;4;15;4;TRANSTRY;23019;São Jorge;Estadual;RJ
MOBIS BRASIL FABRICACAO DE AUTO PECAS LT;RODOVIARIO;1494426;15/04/2026;1;337821;15/04/2026;GOLDEN MOTORS VEICULOS LTDA;3,62E+12;TRES LAGOAS;MS;15/04/2026;23/04/2026;17/04/2026;Entregue No Prazo;;Entrega realizada;Entrega Finalizada;23;4;15;4;CARVALIMA;12001;São Jorge;Estadual;RJ
MOBIS BRASIL FABRICACAO DE AUTO PECAS LT;RODOVIARIO;1495194;16/04/2026;12;338003;16/04/2026;BILLY DISTRIBUIDORA DE VEICULOS LTDA;1,34E+13;BARUERI;SP;16/04/2026;20/04/2026;17/04/2026;Entregue No Prazo;;Entrega realizada;Entrega Finalizada;20;4;16;4;XD DIADEMA;26003;;;
MOBIS BRASIL FABRICACAO DE AUTO PECAS LT;RODOVIARIO;1495224;16/04/2026;4;338011;16/04/2026;CAOA MOTOR DO BRASIL LTDA (INDIANOPOLIS);1,68E+13;SAO PAULO;SP;16/04/2026;20/04/2026;17/04/2026;Entregue No Prazo;;Entrega realizada;Entrega Finalizada;20;4;16;4;XD DIADEMA;26091;;;
MOBIS BRASIL FABRICACAO DE AUTO PECAS LT;RODOVIARIO;1495222;16/04/2026;1;338013;16/04/2026;CAOA MOTOR DO BRASIL LTDA(NACOES UNIDAS);1,68E+13;SAO PAULO;SP;16/04/2026;20/04/2026;17/04/2026;Entregue No Prazo;;Entrega realizada;Entrega Finalizada;20;4;16;4;XD DIADEMA;26087;;;
MOBIS BRASIL FABRICACAO DE AUTO PECAS LT;RODOVIARIO;1495226;16/04/2026;3;338015;16/04/2026;CHS MOTORS VEICULOS PECAS E SERV.  LTDA;1,69E+13;SAO PAULO;SP;16/04/2026;20/04/2026;17/04/2026;Entregue No Prazo;;Entrega realizada;Entrega Finalizada;20;4;16;4;XD DIADEMA;26108;;;
MOBIS BRASIL FABRICACAO DE AUTO PECAS LT;RODOVIARIO;1495210;16/04/2026;5;338016;16/04/2026;CHS MOTORS VEICULOS PECAS(VL. GUILHERME);1,69E+13;SAO PAULO;SP;16/04/2026;20/04/2026;17/04/2026;Entregue No Prazo;;Entrega realizada;Entrega Finalizada;20;4;16;4;XD DIADEMA;26052;;;
MOBIS BRASIL FABRICACAO DE AUTO PECAS LT;RODOVIARIO;1495196;16/04/2026;2;338019;16/04/2026;GRAND SPORT COM. DE VEIC. E PECAS LTDA;8,58E+12;GUARULHOS;SP;16/04/2026;20/04/2026;17/04/2026;Entregue No Prazo;;Entrega realizada;Entrega Finalizada;20;4;16;4;XD DIADEMA;26005;;;
MOBIS BRASIL FABRICACAO DE AUTO PECAS LT;RODOVIARIO;1495201;16/04/2026;5;338020;16/04/2026;GRAND SPORT COM. DE VEIC. E PECAS LTDA;8,58E+12;SAO PAULO;SP;16/04/2026;20/04/2026;17/04/2026;Entregue No Prazo;;Entrega realizada;Entrega Finalizada;20;4;16;4;XD DIADEMA;26034;;;
MOBIS BRASIL FABRICACAO DE AUTO PECAS LT;RODOVIARIO;1495195;16/04/2026;7;338026;16/04/2026;NOBRE DISTRIBUIDORA DE VEICULOS E PECAS;5,76E+12;MOGI DAS CRUZES;SP;16/04/2026;20/04/2026;17/04/2026;Entregue No Prazo;;Entrega realizada;Entrega Finalizada;20;4;16;4;XD DIADEMA;26004;;;
MOBIS BRASIL FABRICACAO DE AUTO PECAS LT;RODOVIARIO;1495219;16/04/2026;1;338027;16/04/2026;NOBRE SP DISTRIB. DE VEIC. E PEC. LTDA;1,70E+13;SAO PAULO;SP;16/04/2026;20/04/2026;17/04/2026;Entregue No Prazo;;Entrega realizada;Entrega Finalizada;20;4;16;4;XD DIADEMA;26081;;;
MOBIS BRASIL FABRICACAO DE AUTO PECAS LT;RODOVIARIO;1495231;16/04/2026;12;337990;16/04/2026;DHC COMERCIO DE VEICULOS E PECAS LTDA;9,52E+12;BAURU;SP;16/04/2026;21/04/2026;17/04/2026;Entregue No Prazo;;Entrega realizada;Entrega Finalizada;21;4;16;4;RISSO;26010;Fundação de Brasília;Estadual;DF
MOBIS BRASIL FABRICACAO DE AUTO PECAS LT;RODOVIARIO;1495200;16/04/2026;12;337997;16/04/2026;NEW VEICULOS E PECAS LTDA;1,59E+13;RIBEIRAO PRETO;SP;16/04/2026;21/04/2026;17/04/2026;Entregue No Prazo;;Entrega realizada;Entrega Finalizada;21;4;16;4;RISSO;26014;Fundação de Brasília;Estadual;DF
MOBIS BRASIL FABRICACAO DE AUTO PECAS LT;RODOVIARIO;1495202;16/04/2026;1;338000;16/04/2026;ANDRETA II DISTRIB.DE VEICULOS LTDA.;9,10E+12;JUNDIAI;SP;16/04/2026;21/04/2026;17/04/2026;Entregue No Prazo;;Entrega realizada;Entrega Finalizada;21;4;16;4;XD DIADEMA;26040;Fundação de Brasília;Estadual;DF
MOBIS BRASIL FABRICACAO DE AUTO PECAS LT;RODOVIARIO;1495203;16/04/2026;3;338000;16/04/2026;ANDRETA II DISTRIB.DE VEICULOS LTDA.;9,10E+12;JUNDIAI;SP;16/04/2026;21/04/2026;17/04/2026;Entregue No Prazo;;Entrega realizada;Entrega Finalizada;21;4;16;4;XD DIADEMA;26040;Fundação de Brasília;Estadual;DF
MOBIS BRASIL FABRICACAO DE AUTO PECAS LT;RODOVIARIO;1495213;16/04/2026;2;338005;16/04/2026;CAOA MOTOR DO BRASIL LTDA;1,68E+13;CAMPINAS;SP;16/04/2026;21/04/2026;17/04/2026;Entregue No Prazo;;Entrega realizada;Entrega Finalizada;21;4;16;4;XD DIADEMA;5008;Fundação de Brasília;Estadual;DF
MOBIS BRASIL FABRICACAO DE AUTO PECAS LT;RODOVIARIO;1495221;16/04/2026;1;338007;16/04/2026;CAOA MOTOR DO BRASIL LTDA;1,68E+13;SANTOS;SP;16/04/2026;21/04/2026;17/04/2026;Entregue No Prazo;;Entrega realizada;Entrega Finalizada;21;4;16;4;XD DIADEMA;5008;Fundação de Brasília;Estadual;DF
MOBIS BRASIL FABRICACAO DE AUTO PECAS LT;RODOVIARIO;1495215;16/04/2026;2;338009;16/04/2026;CAOA MOTOR DO BRASIL LTDA;1,68E+13;TAUBATE;SP;16/04/2026;21/04/2026;17/04/2026;Entregue No Prazo;;Entrega realizada;Entrega Finalizada;21;4;16;4;XD DIADEMA;5008;Fundação de Brasília;Estadual;DF
MOBIS BRASIL FABRICACAO DE AUTO PECAS LT;RODOVIARIO;1495214;16/04/2026;3;338010;16/04/2026;CAOA MOTOR DO BRASIL LTDA;1,68E+13;SAO JOSE DOS CAMPOS;SP;16/04/2026;21/04/2026;17/04/2026;Entregue No Prazo;;Entrega realizada;Entrega Finalizada;21;4;16;4;XD DIADEMA;5008;Fundação de Brasília;Estadual;DF
MOBIS BRASIL FABRICACAO DE AUTO PECAS LT;RODOVIARIO;1495216;16/04/2026;2;338017;16/04/2026;DESTAQUE SEUL DISTR. DE VEIC. E PC. LTDA;2,12E+13;ATIBAIA;SP;16/04/2026;21/04/2026;17/04/2026;Entregue No Prazo;;Entrega realizada;Entrega Finalizada;21;4;16;4;XD DIADEMA;26075;Fundação de Brasília;Estadual;DF
MOBIS BRASIL FABRICACAO DE AUTO PECAS LT;RODOVIARIO;1495217;16/04/2026;18;338017;16/04/2026;DESTAQUE SEUL DISTR. DE VEIC. E PC. LTDA;2,12E+13;ATIBAIA;SP;16/04/2026;21/04/2026;17/04/2026;Entregue No Prazo;;Entrega realizada;Entrega Finalizada;21;4;16;4;XD DIADEMA;26075;Fundação de Brasília;Estadual;DF
MOBIS BRASIL FABRICACAO DE AUTO PECAS LT;RODOVIARIO;1495167;16/04/2026;7;338086;16/04/2026;BARI VEICULOS LTDA;7,46E+12;CURITIBA;PR;16/04/2026;21/04/2026;17/04/2026;Entregue No Prazo;;Entrega realizada;Entrega Finalizada;21;4;16;4;TRANSTRY;18024;Fundação de Brasília;Estadual;DF
MOBIS BRASIL FABRICACAO DE AUTO PECAS LT;RODOVIARIO;1495225;16/04/2026;3;337993;16/04/2026;H - CAMINHO AUTOMOVEIS LTDA;2,53E+13;PIRACICABA;SP;16/04/2026;22/04/2026;17/04/2026;Entregue No Prazo;;Entrega realizada;Entrega Finalizada;22;4;16;4;RISSO;26092;;;
MOBIS BRASIL FABRICACAO DE AUTO PECAS LT;RODOVIARIO;1495193;16/04/2026;9;337995;16/04/2026;HYMAX DISTRIBUIDORA DE VEICULOS LTDA;1,73E+13;MOGI GUACU;SP;16/04/2026;22/04/2026;17/04/2026;Entregue No Prazo;;Entrega realizada;Entrega Finalizada;22;4;16;4;RISSO;26002;;;
MOBIS BRASIL FABRICACAO DE AUTO PECAS LT;RODOVIARIO;1495220;16/04/2026;1;338004;16/04/2026;CAOA MOTOR DO BRASIL LTDA;1,68E+13;PRAIA GRANDE;SP;16/04/2026;22/04/2026;17/04/2026;Entregue No Prazo;;Entrega realizada;Entrega Finalizada;22;4;16;4;XD DIADEMA;5008;;;
MOBIS BRASIL FABRICACAO DE AUTO PECAS LT;RODOVIARIO;1495166;16/04/2026;1;338082;16/04/2026;BARI VEICULOS LTDA;7,46E+12;SAO JOSE DOS PINHAIS;PR;16/04/2026;22/04/2026;17/04/2026;Entregue No Prazo;;Entrega realizada;Entrega Finalizada;22;4;16;4;TRANSTRY;18024;;;
MOBIS BRASIL FABRICACAO DE AUTO PECAS LT;RODOVIARIO;1495692;16/04/2026;15;338252;17/04/2026;BILLY DISTRIBUIDORA DE VEICULOS LTDA;1,34E+13;SAO CAETANO DO SUL;SP;17/04/2026;21/04/2026;17/04/2026;Entregue No Prazo;;Entrega realizada;Entrega Finalizada;21;4;17;4;BV LOG;26003;Fundação de Brasília;Estadual;DF
MOBIS BRASIL FABRICACAO DE AUTO PECAS LT;RODOVIARIO;1495204;16/04/2026;2;338252;17/04/2026;BILLY DISTRIBUIDORA DE VEICULOS LTDA;1,34E+13;SAO CAETANO DO SUL;SP;17/04/2026;21/04/2026;17/04/2026;Entregue No Prazo;;Entrega realizada;Entrega Finalizada;21;4;17;4;BV LOG;26003;Fundação de Brasília;Estadual;DF
MOBIS BRASIL FABRICACAO DE AUTO PECAS LT;RODOVIARIO;1495702;16/04/2026;99;338252;17/04/2026;BILLY DISTRIBUIDORA DE VEICULOS LTDA;1,34E+13;SAO CAETANO DO SUL;SP;17/04/2026;21/04/2026;17/04/2026;Entregue No Prazo;;Entrega realizada;Entrega Finalizada;21;4;17;4;BV LOG;26003;Fundação de Brasília;Estadual;DF
MOBIS BRASIL FABRICACAO DE AUTO PECAS LT;RODOVIARIO;1495693;16/04/2026;36;338252;17/04/2026;BILLY DISTRIBUIDORA DE VEICULOS LTDA;1,34E+13;SAO CAETANO DO SUL;SP;17/04/2026;21/04/2026;17/04/2026;Entregue No Prazo;;Entrega realizada;Entrega Finalizada;21;4;17;4;BV LOG;26003;Fundação de Brasília;Estadual;DF
MOBIS BRASIL FABRICACAO DE AUTO PECAS LT;RODOVIARIO;1490453;08/04/2026;1;336548;08/04/2026;PRIVILLEGE DISTRIBUIDORA DE VEICULOS LTD;1,72E+13;ARAGUAINA;TO;08/04/2026;22/04/2026;18/04/2026;Entregue No Prazo;;Entrega realizada;Entrega Finalizada;22;4;8;4;RIO VERMELHO;27002;;;
MOBIS BRASIL FABRICACAO DE AUTO PECAS LT;RODOVIARIO;1491213;09/04/2026;2;336880;09/04/2026;GREEN CITY VEICULOS LTDA;2,10E+13;TERESINA;PI;09/04/2026;27/04/2026;18/04/2026;Entregue No Prazo;;Entrega realizada;Entrega Finalizada;27;4;9;4;TERMACO;17002;;;
MOBIS BRASIL FABRICACAO DE AUTO PECAS LT;RODOVIARIO;1495145;16/04/2026;1;338055;16/04/2026;GOLDEN MOTORS VEICULOS LTDA;3,62E+12;TRES LAGOAS;MS;16/04/2026;24/04/2026;18/04/2026;Entregue No Prazo;;Entrega realizada;Entrega Finalizada;24;4;16;4;CARVALIMA;12001;;;
MOBIS BRASIL FABRICACAO DE AUTO PECAS LT;RODOVIARIO;1492248;10/04/2026;3;337771;15/04/2026;TAI MOTORS VEICULOS S/A;9,27E+12;BELO HORIZONTE;MG;15/04/2026;20/04/2026;19/04/2026;Entregue No Prazo;;Entrega realizada;Entrega Finalizada;20;4;15;4;XD BETIM;8002;;;
MOBIS BRASIL FABRICACAO DE AUTO PECAS LT;RODOVIARIO;1494248;15/04/2026;7;337771;15/04/2026;TAI MOTORS VEICULOS S/A;9,27E+12;BELO HORIZONTE;MG;15/04/2026;20/04/2026;19/04/2026;Entregue No Prazo;;Entrega realizada;Entrega Finalizada;20;4;15;4;XD BETIM;8002;;;
MOBIS BRASIL FABRICACAO DE AUTO PECAS LT;RODOVIARIO;1494422;15/04/2026;7;337771;15/04/2026;TAI MOTORS VEICULOS S/A;9,27E+12;BELO HORIZONTE;MG;15/04/2026;20/04/2026;19/04/2026;Entregue No Prazo;;Entrega realizada;Entrega Finalizada;20;4;15;4;XD BETIM;8002;;;
MOBIS BRASIL FABRICACAO DE AUTO PECAS LT;RODOVIARIO;1488904;06/04/2026;4;336162;06/04/2026;ORVEL AUTOMOTOR HYD LTDA;2,52E+13;TEIXEIRA DE FREITAS;BA;06/04/2026;21/04/2026;20/04/2026;Entregue No Prazo;;Entrega realizada;Entrega Finalizada;21;4;6;4;TERMACO;5011;Fundação de Brasília;Estadual;DF
MOBIS BRASIL FABRICACAO DE AUTO PECAS LT;RODOVIARIO;1488932;06/04/2026;4;336156;06/04/2026;JPN PATOS COMERCIO DE VEICULOS LTDA;4,20E+13;PATOS;PB;06/04/2026;22/04/2026;20/04/2026;Entregue No Prazo;;Entrega realizada;Entrega Finalizada;22;4;6;4;TERMACO;15004;;;
MOBIS BRASIL FABRICACAO DE AUTO PECAS LT;RODOVIARIO;1489649;07/04/2026;2;336313;07/04/2026;PATEO COMERCIO DE VEICULOS S A;7,78E+12;RECIFE;PE;07/04/2026;22/04/2026;20/04/2026;Entregue No Prazo;;Entrega realizada;Entrega Finalizada;22;4;7;4;TERMACO;16004;;;
MOBIS BRASIL FABRICACAO DE AUTO PECAS LT;RODOVIARIO;1490418;08/04/2026;1;336562;08/04/2026;URCA MOTORS VEICULOS LTDA;8,77E+12;RIO VERDE;GO;08/04/2026;20/04/2026;20/04/2026;Entregue No Prazo;;Entrega realizada;Entrega Finalizada;20;4;8;4;RIO VERMELHO;9014;;;
MOBIS BRASIL FABRICACAO DE AUTO PECAS LT;RODOVIARIO;1490467;08/04/2026;1;336562;08/04/2026;URCA MOTORS VEICULOS LTDA;8,77E+12;RIO VERDE;GO;08/04/2026;20/04/2026;20/04/2026;Entregue No Prazo;;Entrega realizada;Entrega Finalizada;20;4;8;4;RIO VERMELHO;9014;;;
MOBIS BRASIL FABRICACAO DE AUTO PECAS LT;RODOVIARIO;1490443;08/04/2026;2;336626;08/04/2026;PATEO COMERCIO DE VEICULOS S A;7,78E+12;RECIFE;PE;08/04/2026;23/04/2026;20/04/2026;Entregue No Prazo;;Entrega realizada;Entrega Finalizada;23;4;8;4;TERMACO;16004;São Jorge;Estadual;RJ
MOBIS BRASIL FABRICACAO DE AUTO PECAS LT;RODOVIARIO;1490487;08/04/2026;20;336626;08/04/2026;PATEO COMERCIO DE VEICULOS S A;7,78E+12;RECIFE;PE;08/04/2026;23/04/2026;20/04/2026;Entregue No Prazo;;Entrega realizada;Entrega Finalizada;23;4;8;4;TERMACO;16004;São Jorge;Estadual;RJ
MOBIS BRASIL FABRICACAO DE AUTO PECAS LT;RODOVIARIO;1490420;08/04/2026;4;336627;08/04/2026;PATEO COMERCIO DE VEICULOS S A;7,78E+12;SAO LUIS;MA;08/04/2026;23/04/2026;20/04/2026;Entregue No Prazo;;Entrega realizada;Entrega Finalizada;23;4;8;4;TERMACO;10002;São Jorge;Estadual;RJ
MOBIS BRASIL FABRICACAO DE AUTO PECAS LT;RODOVIARIO;1490470;08/04/2026;1;336627;08/04/2026;PATEO COMERCIO DE VEICULOS S A;7,78E+12;SAO LUIS;MA;08/04/2026;23/04/2026;20/04/2026;Entregue No Prazo;;Entrega realizada;Entrega Finalizada;23;4;8;4;TERMACO;10002;São Jorge;Estadual;RJ
MOBIS BRASIL FABRICACAO DE AUTO PECAS LT;RODOVIARIO;1490441;08/04/2026;2;336629;08/04/2026;PATEO COMERCIO DE VEICULOS S A;7,78E+12;JOAO PESSOA;PB;08/04/2026;23/04/2026;20/04/2026;Entregue No Prazo;;Entrega realizada;Entrega Finalizada;23;4;8;4;TERMACO;15003;São Jorge;Estadual;RJ
MOBIS BRASIL FABRICACAO DE AUTO PECAS LT;RODOVIARIO;1490486;08/04/2026;1;336629;08/04/2026;PATEO COMERCIO DE VEICULOS S A;7,78E+12;JOAO PESSOA;PB;08/04/2026;23/04/2026;20/04/2026;Entregue No Prazo;;Entrega realizada;Entrega Finalizada;23;4;8;4;TERMACO;15003;São Jorge;Estadual;RJ
MOBIS BRASIL FABRICACAO DE AUTO PECAS LT;RODOVIARIO;1490399;08/04/2026;3;336620;08/04/2026;JPN COMERCIO DE VEICULOS LTDA;3,20E+13;ARAPIRACA;AL;08/04/2026;24/04/2026;20/04/2026;Entregue No Prazo;;Entrega realizada;Entrega Finalizada;24;4;8;4;TERMACO;2003;;;
MOBIS BRASIL FABRICACAO DE AUTO PECAS LT;RODOVIARIO;1490442;08/04/2026;3;336621;08/04/2026;JPN PATOS COMERCIO DE VEICULOS LTDA;4,20E+13;PATOS;PB;08/04/2026;24/04/2026;20/04/2026;Entregue No Prazo;;Entrega realizada;Entrega Finalizada;24;4;8;4;TERMACO;15004;;;
MOBIS BRASIL FABRICACAO DE AUTO PECAS LT;RODOVIARIO;1490405;08/04/2026;2;336634;08/04/2026;SAINT LAND COMERCIO DE VEICULOS LTDA;1,04E+13;JUAZEIRO DO NORTE;CE;08/04/2026;24/04/2026;20/04/2026;Entregue No Prazo;;Entrega realizada;Entrega Finalizada;24;4;8;4;TERMACO;6010;;;
MOBIS BRASIL FABRICACAO DE AUTO PECAS LT;RODOVIARIO;1491189;09/04/2026;4;336886;09/04/2026;ORVEL AUTOMOTOR HYD LTDA;2,52E+13;TEIXEIRA DE FREITAS;BA;09/04/2026;24/04/2026;20/04/2026;Entregue No Prazo;;Entrega realizada;Entrega Finalizada;24;4;9;4;TERMACO;5011;;;
MOBIS BRASIL FABRICACAO DE AUTO PECAS LT;RODOVIARIO;1491254;09/04/2026;2;336886;09/04/2026;ORVEL AUTOMOTOR HYD LTDA;2,52E+13;TEIXEIRA DE FREITAS;BA;09/04/2026;24/04/2026;20/04/2026;Entregue No Prazo;;Entrega realizada;Entrega Finalizada;24;4;9;4;TERMACO;5011;;;
MOBIS BRASIL FABRICACAO DE AUTO PECAS LT;RODOVIARIO;1491277;09/04/2026;1;336888;09/04/2026;PATEO COMERCIO DE VEICULOS S A;7,78E+12;JOAO PESSOA;PB;09/04/2026;24/04/2026;20/04/2026;Entregue No Prazo;;Entrega realizada;Entrega Finalizada;24;4;9;4;TERMACO;15003;;;
MOBIS BRASIL FABRICACAO DE AUTO PECAS LT;RODOVIARIO;1491210;09/04/2026;34;336889;09/04/2026;PATEO COMERCIO DE VEICULOS S A;7,78E+12;RECIFE;PE;09/04/2026;24/04/2026;20/04/2026;Entregue No Prazo;;Entrega realizada;Entrega Finalizada;24;4;9;4;TERMACO;16004;;;
MOBIS BRASIL FABRICACAO DE AUTO PECAS LT;RODOVIARIO;1491209;09/04/2026;1;336889;09/04/2026;PATEO COMERCIO DE VEICULOS S A;7,78E+12;RECIFE;PE;09/04/2026;24/04/2026;20/04/2026;Entregue No Prazo;;Entrega realizada;Entrega Finalizada;24;4;9;4;TERMACO;16004;;;
MOBIS BRASIL FABRICACAO DE AUTO PECAS LT;RODOVIARIO;1491278;09/04/2026;11;336889;09/04/2026;PATEO COMERCIO DE VEICULOS S A;7,78E+12;RECIFE;PE;09/04/2026;24/04/2026;20/04/2026;Entregue No Prazo;;Entrega realizada;Entrega Finalizada;24;4;9;4;TERMACO;16004;;;
MOBIS BRASIL FABRICACAO DE AUTO PECAS LT;RODOVIARIO;1491267;09/04/2026;2;336885;09/04/2026;NACIONAL NOVA MARABA DIST DE VEIC. LTDA;1,70E+13;IMPERATRIZ;MA;09/04/2026;29/04/2026;20/04/2026;Entregue No Prazo;;Entrega realizada;Entrega Finalizada;29;4;9;4;TERMACO;10003;;;
MOBIS BRASIL FABRICACAO DE AUTO PECAS LT;RODOVIARIO;1492180;10/04/2026;1;337195;10/04/2026;GALA COMERCIO DE VEICULOS LTDA;1,77E+13;BAGE;RS;10/04/2026;21/04/2026;20/04/2026;Entregue No Prazo;;Entrega realizada;Entrega Finalizada;21;4;10;4;TRANSTRY;23009;Fundação de Brasília;Estadual;DF
MOBIS BRASIL FABRICACAO DE AUTO PECAS LT;RODOVIARIO;1492444;10/04/2026;2;337237;10/04/2026;FAZZA MOTORS COM. DE VEICULOS LTDA;1,24E+13;FORTALEZA;CE;10/04/2026;28/04/2026;20/04/2026;Entregue No Prazo;;Entrega realizada;Entrega Finalizada;28;4;10;4;TERMACO;6001;;;
MOBIS BRASIL FABRICACAO DE AUTO PECAS LT;RODOVIARIO;1492155;10/04/2026;3;337242;10/04/2026;JPN PATOS COMERCIO DE VEICULOS LTDA;4,20E+13;PATOS;PB;10/04/2026;30/04/2026;20/04/2026;Entregue No Prazo;;Entrega realizada;Entrega Finalizada;30;4;10;4;TERMACO;15004;;;
MOBIS BRASIL FABRICACAO DE AUTO PECAS LT;RODOVIARIO;1493055;13/04/2026;1;337306;13/04/2026;TAI MOTORS VEICULOS S/A.;9,27E+12;CAMPOS DOS GOYTACAZES;RJ;13/04/2026;20/04/2026;20/04/2026;Entregue No Prazo;;Entrega realizada;Entrega Finalizada;20;4;13;4;CAMILO;19023;;;
MOBIS BRASIL FABRICACAO DE AUTO PECAS LT;RODOVIARIO;1493014;13/04/2026;1;337294;13/04/2026;FAZZA MOTORS COMERCIO DE VEICULOS LTDA;1,24E+13;SALVADOR;BA;13/04/2026;23/04/2026;20/04/2026;Entregue No Prazo;;Entrega realizada;Entrega Finalizada;23;4;13;4;TERMACO;5007;São Jorge;Estadual;RJ
MOBIS BRASIL FABRICACAO DE AUTO PECAS LT;RODOVIARIO;1493015;13/04/2026;13;337294;13/04/2026;FAZZA MOTORS COMERCIO DE VEICULOS LTDA;1,24E+13;SALVADOR;BA;13/04/2026;23/04/2026;20/04/2026;Entregue No Prazo;;Entrega realizada;Entrega Finalizada;23;4;13;4;TERMACO;5007;São Jorge;Estadual;RJ
MOBIS BRASIL FABRICACAO DE AUTO PECAS LT;RODOVIARIO;1493070;13/04/2026;1;337302;13/04/2026;SAINT LAND COMERCIO DE VEICULOS LTDA;1,04E+13;ARACAJU;SE;13/04/2026;24/04/2026;20/04/2026;Entregue No Prazo;;Entrega realizada;Entrega Finalizada;24;4;13;4;TERMACO;6010;;;
MOBIS BRASIL FABRICACAO DE AUTO PECAS LT;RODOVIARIO;1493464;13/04/2026;5;337304;13/04/2026;SEVEL VEICULOS LTDA;1,07E+13;ARACAJU;SE;13/04/2026;24/04/2026;20/04/2026;Entregue No Prazo;;Entrega realizada;Entrega Finalizada;24;4;13;4;TERMACO;25001;;;
MOBIS BRASIL FABRICACAO DE AUTO PECAS LT;RODOVIARIO;1493018;13/04/2026;1;337289;13/04/2026;CAOA MOTOR DO BRASIL LTDA;1,68E+13;FORTALEZA;CE;13/04/2026;27/04/2026;20/04/2026;Entregue No Prazo;;Entrega realizada;Entrega Finalizada;27;4;13;4;TERMACO;5008;;;
MOBIS BRASIL FABRICACAO DE AUTO PECAS LT;RODOVIARIO;1493017;13/04/2026;1;337299;13/04/2026;ORVEL AUTOMOTOR HYD LTDA;2,52E+13;TEIXEIRA DE FREITAS;BA;13/04/2026;28/04/2026;20/04/2026;Entregue No Prazo;;Entrega realizada;Entrega Finalizada;28;4;13;4;TERMACO;5011;;;
MOBIS BRASIL FABRICACAO DE AUTO PECAS LT;RODOVIARIO;1493725;14/04/2026;3;337689;14/04/2026;ITAVEMA MOTORS VEICULOS LTDA;7,73E+12;RIO DE JANEIRO;RJ;14/04/2026;20/04/2026;20/04/2026;Entregue No Prazo;;Entrega realizada;Entrega Finalizada;20;4;14;4;CAMILO;19001;;;
MOBIS BRASIL FABRICACAO DE AUTO PECAS LT;RODOVIARIO;1492569;10/04/2026;32;337689;14/04/2026;ITAVEMA MOTORS VEICULOS LTDA;7,73E+12;RIO DE JANEIRO;RJ;14/04/2026;20/04/2026;20/04/2026;Entregue No Prazo;;Entrega realizada;Entrega Finalizada;20;4;14;4;CAMILO;19001;;;
MOBIS BRASIL FABRICACAO DE AUTO PECAS LT;RODOVIARIO;1493698;14/04/2026;1;337544;14/04/2026;PONTO CERTO COMERCIO DE VEICULOS LTDA;1,50E+13;LAGES;SC;14/04/2026;21/04/2026;20/04/2026;Entregue No Prazo;;Entrega realizada;Entrega Finalizada;21;4;14;4;TRANSTRY;24017;Fundação de Brasília;Estadual;DF
MOBIS BRASIL FABRICACAO DE AUTO PECAS LT;RODOVIARIO;1493660;14/04/2026;2;337707;14/04/2026;TAI MOTORS VEICULOS S/A;9,27E+12;VITORIA;ES;14/04/2026;21/04/2026;20/04/2026;Entregue No Prazo;;Entrega realizada;Entrega Finalizada;21;4;14;4;CAMILO;8002;Fundação de Brasília;Estadual;DF
MOBIS BRASIL FABRICACAO DE AUTO PECAS LT;RODOVIARIO;1492234;10/04/2026;4;337707;14/04/2026;TAI MOTORS VEICULOS S/A;9,27E+12;VITORIA;ES;14/04/2026;21/04/2026;20/04/2026;Entregue No Prazo;;Entrega realizada;Entrega Finalizada;21;4;14;4;CAMILO;8002;Fundação de Brasília;Estadual;DF
MOBIS BRASIL FABRICACAO DE AUTO PECAS LT;RODOVIARIO;1493662;14/04/2026;1;337498;14/04/2026;NISA COMERCIAL DE VEIC. AUTOMOTORES LTDA;1,03E+13;APARECIDA DE GOIANIA;GO;14/04/2026;22/04/2026;20/04/2026;Entregue No Prazo;;Entrega realizada;Entrega Finalizada;22;4;14;4;RIO VERMELHO;9002;;;
MOBIS BRASIL FABRICACAO DE AUTO PECAS LT;RODOVIARIO;1493663;14/04/2026;1;337502;14/04/2026;SAGA KOREA COM. DE VEIC. E PC. LTDA;1,27E+13;GOIANIA;GO;14/04/2026;22/04/2026;20/04/2026;Entregue No Prazo;;Entrega realizada;Entrega Finalizada;22;4;14;4;RIO VERMELHO;9011;;;
MOBIS BRASIL FABRICACAO DE AUTO PECAS LT;RODOVIARIO;1493664;14/04/2026;4;337502;14/04/2026;SAGA KOREA COM. DE VEIC. E PC. LTDA;1,27E+13;GOIANIA;GO;14/04/2026;22/04/2026;20/04/2026;Entregue No Prazo;;Entrega realizada;Entrega Finalizada;22;4;14;4;RIO VERMELHO;9011;;;
MOBIS BRASIL FABRICACAO DE AUTO PECAS LT;RODOVIARIO;1493661;14/04/2026;3;337700;14/04/2026;PRIME CACHOEIRO VEICULOS LTDA EPP;9,34E+12;CACHOEIRO DE ITAPEMIRIM;ES;14/04/2026;22/04/2026;20/04/2026;Entregue No Prazo;;Entrega realizada;Entrega Finalizada;22;4;14;4;CAMILO;8003;;;
MOBIS BRASIL FABRICACAO DE AUTO PECAS LT;RODOVIARIO;1492235;10/04/2026;4;337700;14/04/2026;PRIME CACHOEIRO VEICULOS LTDA EPP;9,34E+12;CACHOEIRO DE ITAPEMIRIM;ES;14/04/2026;22/04/2026;20/04/2026;Entregue No Prazo;;Entrega realizada;Entrega Finalizada;22;4;14;4;CAMILO;8003;;;
MOBIS BRASIL FABRICACAO DE AUTO PECAS LT;RODOVIARIO;1492236;10/04/2026;1;337700;14/04/2026;PRIME CACHOEIRO VEICULOS LTDA EPP;9,34E+12;CACHOEIRO DE ITAPEMIRIM;ES;14/04/2026;22/04/2026;20/04/2026;Entregue No Prazo;;Entrega realizada;Entrega Finalizada;22;4;14;4;CAMILO;8003;;;
MOBIS BRASIL FABRICACAO DE AUTO PECAS LT;RODOVIARIO;1492256;10/04/2026;1;337693;14/04/2026;NACIONAL NOVA MARABA DIST DE VEIC. LTDA;1,70E+13;MARABA;PA;14/04/2026;28/04/2026;20/04/2026;Entregue No Prazo;;Entrega realizada;Entrega Finalizada;28;4;14;4;CARVALIMA;14005;;;
MOBIS BRASIL FABRICACAO DE AUTO PECAS LT;RODOVIARIO;1493081;13/04/2026;17;337475;14/04/2026;BILLY DISTRIBUIDORA DE VEICULOS LTDA;1,34E+13;SAO CAETANO DO SUL;SP;14/04/2026;16/04/2026;20/04/2026;Entregue Fora do Prazo;;Entrega realizada;Entrega Finalizada;16;4;14;4;RISSO;26003;;;
MOBIS BRASIL FABRICACAO DE AUTO PECAS LT;RODOVIARIO;1493669;14/04/2026;28;337495;14/04/2026;BDG AUTOVILLE VEICULOS LTDA;4,77E+13;CONTAGEM;MG;14/04/2026;17/04/2026;20/04/2026;Entregue No Prazo;;15/04 Cliente solicitou a suspensão da entrega devido ao inventário ;Entrega Finalizada;17;4;14;4;XD BETIM;11037;;;
MOBIS BRASIL FABRICACAO DE AUTO PECAS LT;RODOVIARIO;1494305;15/04/2026;2;337730;15/04/2026;ANDRETA II DISTRIBUIDORA DE VEIC. LTDA;9,10E+12;AMERICANA;SP;15/04/2026;20/04/2026;20/04/2026;Entregue No Prazo;;Entrega realizada;Entrega Finalizada;20;4;15;4;RISSO;26011;;;
MOBIS BRASIL FABRICACAO DE AUTO PECAS LT;RODOVIARIO;1492252;10/04/2026;23;337741;15/04/2026;BDG AUTOVILLE VEICULOS LTDA;4,77E+13;CONTAGEM;MG;15/04/2026;20/04/2026;20/04/2026;Entregue No Prazo;;Entrega realizada;Entrega Finalizada;20;4;15;4;XD BETIM;11037;;;
MOBIS BRASIL FABRICACAO DE AUTO PECAS LT;RODOVIARIO;1494424;15/04/2026;6;337741;15/04/2026;BDG AUTOVILLE VEICULOS LTDA;4,77E+13;CONTAGEM;MG;15/04/2026;20/04/2026;20/04/2026;Entregue No Prazo;;Entrega realizada;Entrega Finalizada;20;4;15;4;XD BETIM;11037;;;
MOBIS BRASIL FABRICACAO DE AUTO PECAS LT;RODOVIARIO;1494252;15/04/2026;26;337741;15/04/2026;BDG AUTOVILLE VEICULOS LTDA;4,77E+13;CONTAGEM;MG;15/04/2026;20/04/2026;20/04/2026;Entregue No Prazo;;Entrega realizada;Entrega Finalizada;20;4;15;4;XD BETIM;11037;;;
MOBIS BRASIL FABRICACAO DE AUTO PECAS LT;RODOVIARIO;1494311;15/04/2026;2;337734;15/04/2026;GOLDEN MOTORS VEICULOS LTDA;3,62E+12;PRESIDENTE PRUDENTE;SP;15/04/2026;21/04/2026;20/04/2026;Entregue No Prazo;;Entrega realizada;Entrega Finalizada;21;4;15;4;RISSO;12001;Fundação de Brasília;Estadual;DF
MOBIS BRASIL FABRICACAO DE AUTO PECAS LT;RODOVIARIO;1494310;15/04/2026;1;337734;15/04/2026;GOLDEN MOTORS VEICULOS LTDA;3,62E+12;PRESIDENTE PRUDENTE;SP;15/04/2026;21/04/2026;20/04/2026;Entregue No Prazo;;Entrega realizada;Entrega Finalizada;21;4;15;4;RISSO;12001;Fundação de Brasília;Estadual;DF
MOBIS BRASIL FABRICACAO DE AUTO PECAS LT;RODOVIARIO;1494306;15/04/2026;4;337737;15/04/2026;NEW VEICULOS E PECAS LTDA;1,59E+13;FRANCA;SP;15/04/2026;21/04/2026;20/04/2026;Entregue No Prazo;;Entrega realizada;Entrega Finalizada;21;4;15;4;RISSO;26014;Fundação de Brasília;Estadual;DF
MOBIS BRASIL FABRICACAO DE AUTO PECAS LT;RODOVIARIO;1492245;10/04/2026;1;337755;15/04/2026;IMOTORS VEICULOS LTDA;7,17E+12;JUIZ DE FORA;MG;15/04/2026;21/04/2026;20/04/2026;Entregue No Prazo;;Entrega realizada;Entrega Finalizada;21;4;15;4;XD BETIM;11010;Fundação de Brasília;Estadual;DF
MOBIS BRASIL FABRICACAO DE AUTO PECAS LT;RODOVIARIO;1494251;15/04/2026;1;337778;15/04/2026;URCA MOTORS VEICULOS LTDA;8,77E+12;PATOS DE MINAS;MG;15/04/2026;21/04/2026;20/04/2026;Entregue No Prazo;;Entrega realizada;Entrega Finalizada;21;4;15;4;XD BETIM;9014;Fundação de Brasília;Estadual;DF
MOBIS BRASIL FABRICACAO DE AUTO PECAS LT;RODOVIARIO;1494447;15/04/2026;1;337791;15/04/2026;CARWAY SUL VEICULOS LTDA;1,03E+13;CANOAS;RS;15/04/2026;21/04/2026;20/04/2026;Entregue No Prazo;;Entrega realizada;Entrega Finalizada;21;4;15;4;TRANSTRY;23003;Fundação de Brasília;Estadual;DF
MOBIS BRASIL FABRICACAO DE AUTO PECAS LT;RODOVIARIO;1494448;15/04/2026;5;337791;15/04/2026;CARWAY SUL VEICULOS LTDA;1,03E+13;CANOAS;RS;15/04/2026;21/04/2026;20/04/2026;Entregue No Prazo;;Entrega realizada;Entrega Finalizada;21;4;15;4;TRANSTRY;23003;Fundação de Brasília;Estadual;DF
MOBIS BRASIL FABRICACAO DE AUTO PECAS LT;RODOVIARIO;1494277;15/04/2026;10;337797;15/04/2026;HOUSE PARTS-COM. DE PCS. E VEICULOS LTDA;1,15E+13;PORTO ALEGRE;RS;15/04/2026;21/04/2026;20/04/2026;Entregue No Prazo;;Entrega realizada;Entrega Finalizada;21;4;15;4;TRANSTRY;23004;Fundação de Brasília;Estadual;DF
MOBIS BRASIL FABRICACAO DE AUTO PECAS LT;RODOVIARIO;1494446;15/04/2026;2;337797;15/04/2026;HOUSE PARTS-COM. DE PCS. E VEICULOS LTDA;1,15E+13;PORTO ALEGRE;RS;15/04/2026;21/04/2026;20/04/2026;Entregue No Prazo;;Entrega realizada;Entrega Finalizada;21;4;15;4;TRANSTRY;23004;Fundação de Brasília;Estadual;DF
MOBIS BRASIL FABRICACAO DE AUTO PECAS LT;RODOVIARIO;1494440;15/04/2026;1;337807;15/04/2026;AMX COM. E SERVICOS DE AUTOMOTORES LTDA;1,20E+13;RIO DE JANEIRO;RJ;15/04/2026;21/04/2026;20/04/2026;Entregue No Prazo;;Entrega realizada;Entrega Finalizada;21;4;15;4;CAMILO;19009;Fundação de Brasília;Estadual;DF
MOBIS BRASIL FABRICACAO DE AUTO PECAS LT;RODOVIARIO;1494442;15/04/2026;1;337810;15/04/2026;CAOA MOTOR DO BRASIL LTDA;1,68E+13;RIO DE JANEIRO;RJ;15/04/2026;21/04/2026;20/04/2026;Entregue No Prazo;;Entrega realizada;Entrega Finalizada;21;4;15;4;CAMILO;5008;Fundação de Brasília;Estadual;DF
MOBIS BRASIL FABRICACAO DE AUTO PECAS LT;RODOVIARIO;1494443;15/04/2026;1;337811;15/04/2026;CAOA MOTOR DO BRASIL LTDA;1,68E+13;RIO DE JANEIRO;RJ;15/04/2026;21/04/2026;20/04/2026;Entregue No Prazo;;Entrega realizada;Entrega Finalizada;21;4;15;4;CAMILO;5008;Fundação de Brasília;Estadual;DF
MOBIS BRASIL FABRICACAO DE AUTO PECAS LT;RODOVIARIO;1494272;15/04/2026;1;337811;15/04/2026;CAOA MOTOR DO BRASIL LTDA;1,68E+13;RIO DE JANEIRO;RJ;15/04/2026;21/04/2026;20/04/2026;Entregue No Prazo;;Entrega realizada;Entrega Finalizada;21;4;15;4;CAMILO;5008;Fundação de Brasília;Estadual;DF
MOBIS BRASIL FABRICACAO DE AUTO PECAS LT;RODOVIARIO;1494441;15/04/2026;1;337813;15/04/2026;CAOA MOTOR DO BRASIL LTDA;1,68E+13;RIO DE JANEIRO;RJ;15/04/2026;21/04/2026;20/04/2026;Entregue No Prazo;;Entrega realizada;Entrega Finalizada;21;4;15;4;CAMILO;5008;Fundação de Brasília;Estadual;DF
MOBIS BRASIL FABRICACAO DE AUTO PECAS LT;RODOVIARIO;1494270;15/04/2026;1;337814;15/04/2026;CAOA MOTOR DO BRASIL LTDA;1,68E+13;RIO DE JANEIRO;RJ;15/04/2026;21/04/2026;20/04/2026;Entregue No Prazo;;Entrega realizada;Entrega Finalizada;21;4;15;4;CAMILO;5008;Fundação de Brasília;Estadual;DF
MOBIS BRASIL FABRICACAO DE AUTO PECAS LT;RODOVIARIO;1494522;15/04/2026;6;337826;15/04/2026;ITAVEMA MOTORS VEICULOS LTDA;7,73E+12;RIO DE JANEIRO;RJ;15/04/2026;21/04/2026;20/04/2026;Entregue No Prazo;;Entrega realizada;Entrega Finalizada;21;4;15;4;CAMILO;19001;Fundação de Brasília;Estadual;DF
MOBIS BRASIL FABRICACAO DE AUTO PECAS LT;RODOVIARIO;1494627;15/04/2026;10;337826;15/04/2026;ITAVEMA MOTORS VEICULOS LTDA;7,73E+12;RIO DE JANEIRO;RJ;15/04/2026;21/04/2026;20/04/2026;Entregue No Prazo;;Entrega realizada;Entrega Finalizada;21;4;15;4;CAMILO;19001;Fundação de Brasília;Estadual;DF
MOBIS BRASIL FABRICACAO DE AUTO PECAS LT;RODOVIARIO;1494269;15/04/2026;3;337827;15/04/2026;ITAVEMA MOTORS VEICULOS LTDA;7,73E+12;DUQUE DE CAXIAS;RJ;15/04/2026;21/04/2026;20/04/2026;Entregue No Prazo;;Entrega realizada;Entrega Finalizada;21;4;15;4;CAMILO;19001;Fundação de Brasília;Estadual;DF
MOBIS BRASIL FABRICACAO DE AUTO PECAS LT;RODOVIARIO;1494439;15/04/2026;1;337827;15/04/2026;ITAVEMA MOTORS VEICULOS LTDA;7,73E+12;DUQUE DE CAXIAS;RJ;15/04/2026;21/04/2026;20/04/2026;Entregue No Prazo;;Entrega realizada;Entrega Finalizada;21;4;15;4;CAMILO;19001;Fundação de Brasília;Estadual;DF
MOBIS BRASIL FABRICACAO DE AUTO PECAS LT;RODOVIARIO;1494423;15/04/2026;3;337751;15/04/2026;GNC GRANDE COREIA MINAS GERAIS COMERCIO;4,27E+13;MONTES CLAROS;MG;15/04/2026;22/04/2026;20/04/2026;Entregue No Prazo;;Entrega realizada;Entrega Finalizada;22;4;15;4;XD BETIM;11035;;;
MOBIS BRASIL FABRICACAO DE AUTO PECAS LT;RODOVIARIO;1494253;15/04/2026;1;337766;15/04/2026;RITMO MOTORS LTDA;1,94E+13;PASSOS;MG;15/04/2026;22/04/2026;20/04/2026;Entregue No Prazo;;Entrega realizada;Entrega Finalizada;22;4;15;4;XD BETIM;11040;;;
MOBIS BRASIL FABRICACAO DE AUTO PECAS LT;RODOVIARIO;1492251;10/04/2026;2;337779;15/04/2026;VIME AUTOMOVEIS E PECAS LTDA;2,85E+13;GUAXUPE;MG;15/04/2026;22/04/2026;20/04/2026;Entregue No Prazo;;Entrega realizada;Entrega Finalizada;22;4;15;4;XD BETIM;11031;;;
MOBIS BRASIL FABRICACAO DE AUTO PECAS LT;RODOVIARIO;1494247;15/04/2026;1;337781;15/04/2026;VITAL COMERCIO DE VEICULOS LTDA;1,05E+13;IPATINGA;MG;15/04/2026;22/04/2026;20/04/2026;Entregue No Prazo;;Entrega realizada;Entrega Finalizada;22;4;15;4;XD BETIM;11016;;;
MOBIS BRASIL FABRICACAO DE AUTO PECAS LT;RODOVIARIO;1492246;10/04/2026;2;337781;15/04/2026;VITAL COMERCIO DE VEICULOS LTDA;1,05E+13;IPATINGA;MG;15/04/2026;22/04/2026;20/04/2026;Entregue No Prazo;;Entrega realizada;Entrega Finalizada;22;4;15;4;XD BETIM;11016;;;
MOBIS BRASIL FABRICACAO DE AUTO PECAS LT;RODOVIARIO;1494281;15/04/2026;1;337783;15/04/2026;ATUAL VEICULOS LTDA;1,33E+13;ARARANGUA;SC;15/04/2026;22/04/2026;20/04/2026;Entregue No Prazo;;Entrega realizada;Entrega Finalizada;22;4;15;4;TRANSTRY;24001;;;
MOBIS BRASIL FABRICACAO DE AUTO PECAS LT;RODOVIARIO;1494451;15/04/2026;4;337783;15/04/2026;ATUAL VEICULOS LTDA;1,33E+13;ARARANGUA;SC;15/04/2026;22/04/2026;20/04/2026;Entregue No Prazo;;Entrega realizada;Entrega Finalizada;22;4;15;4;TRANSTRY;24001;;;
MOBIS BRASIL FABRICACAO DE AUTO PECAS LT;RODOVIARIO;1494292;15/04/2026;1;337800;15/04/2026;LR COMERCIO DE VEICULOS LTDA;1,05E+13;RIO DO SUL;SC;15/04/2026;22/04/2026;20/04/2026;Entregue No Prazo;;Entrega realizada;Entrega Finalizada;22;4;15;4;TRANSTRY;24007;;;
MOBIS BRASIL FABRICACAO DE AUTO PECAS LT;RODOVIARIO;1494435;15/04/2026;1;337802;15/04/2026;SANTA FE VEICULOS LTDA.;1,16E+13;FRANCISCO BELTRAO;PR;15/04/2026;22/04/2026;20/04/2026;Entregue No Prazo;;Entrega realizada;Entrega Finalizada;22;4;15;4;TRANSTRY;18010;;;
MOBIS BRASIL FABRICACAO DE AUTO PECAS LT;RODOVIARIO;1494241;15/04/2026;1;337758;15/04/2026;NISA COMERCIAL DE VEIC. AUTOMOTORES LTDA;1,03E+13;GOIANIA;GO;15/04/2026;23/04/2026;20/04/2026;Entregue No Prazo;;Entrega realizada;Entrega Finalizada;23;4;15;4;RIO VERMELHO;9013;São Jorge;Estadual;RJ
MOBIS BRASIL FABRICACAO DE AUTO PECAS LT;RODOVIARIO;1494238;15/04/2026;1;337759;15/04/2026;NISA COMERCIAL DE VEIC. AUTOMOTORES LTDA;1,03E+13;APARECIDA DE GOIANIA;GO;15/04/2026;23/04/2026;20/04/2026;Entregue No Prazo;;Entrega realizada;Entrega Finalizada;23;4;15;4;RIO VERMELHO;9002;São Jorge;Estadual;RJ
MOBIS BRASIL FABRICACAO DE AUTO PECAS LT;RODOVIARIO;1492237;10/04/2026;1;337759;15/04/2026;NISA COMERCIAL DE VEIC. AUTOMOTORES LTDA;1,03E+13;APARECIDA DE GOIANIA;GO;15/04/2026;23/04/2026;20/04/2026;Entregue No Prazo;;Entrega realizada;Entrega Finalizada;23;4;15;4;RIO VERMELHO;9002;São Jorge;Estadual;RJ
MOBIS BRASIL FABRICACAO DE AUTO PECAS LT;RODOVIARIO;1494239;15/04/2026;2;337759;15/04/2026;NISA COMERCIAL DE VEIC. AUTOMOTORES LTDA;1,03E+13;APARECIDA DE GOIANIA;GO;15/04/2026;23/04/2026;20/04/2026;Entregue No Prazo;;Entrega realizada;Entrega Finalizada;23;4;15;4;RIO VERMELHO;9002;São Jorge;Estadual;RJ
MOBIS BRASIL FABRICACAO DE AUTO PECAS LT;RODOVIARIO;1494233;15/04/2026;3;337767;15/04/2026;SAGA KOREA COM. DE VEIC. E PC. LTDA;1,27E+13;BRASILIA;DF;15/04/2026;23/04/2026;20/04/2026;Entregue No Prazo;;Entrega realizada;Entrega Finalizada;23;4;15;4;RIO VERMELHO;7005;São Jorge;Estadual;RJ
MOBIS BRASIL FABRICACAO DE AUTO PECAS LT;RODOVIARIO;1494234;15/04/2026;33;337767;15/04/2026;SAGA KOREA COM. DE VEIC. E PC. LTDA;1,27E+13;BRASILIA;DF;15/04/2026;23/04/2026;20/04/2026;Entregue No Prazo;;Entrega realizada;Entrega Finalizada;23;4;15;4;RIO VERMELHO;7005;São Jorge;Estadual;RJ
MOBIS BRASIL FABRICACAO DE AUTO PECAS LT;RODOVIARIO;1492233;10/04/2026;41;337767;15/04/2026;SAGA KOREA COM. DE VEIC. E PC. LTDA;1,27E+13;BRASILIA;DF;15/04/2026;23/04/2026;20/04/2026;Entregue No Prazo;;Entrega realizada;Entrega Finalizada;23;4;15;4;RIO VERMELHO;7005;São Jorge;Estadual;RJ
MOBIS BRASIL FABRICACAO DE AUTO PECAS LT;RODOVIARIO;1494417;15/04/2026;7;337767;15/04/2026;SAGA KOREA COM. DE VEIC. E PC. LTDA;1,27E+13;BRASILIA;DF;15/04/2026;23/04/2026;20/04/2026;Entregue No Prazo;;Entrega realizada;Entrega Finalizada;23;4;15;4;RIO VERMELHO;7005;São Jorge;Estadual;RJ
MOBIS BRASIL FABRICACAO DE AUTO PECAS LT;RODOVIARIO;1492239;10/04/2026;111;337768;15/04/2026;SAGA KOREA COM. DE VEIC. E PC. LTDA;1,27E+13;GOIANIA;GO;15/04/2026;23/04/2026;20/04/2026;Entregue No Prazo;;Entrega realizada;Entrega Finalizada;23;4;15;4;RIO VERMELHO;9011;São Jorge;Estadual;RJ
MOBIS BRASIL FABRICACAO DE AUTO PECAS LT;RODOVIARIO;1494419;15/04/2026;15;337768;15/04/2026;SAGA KOREA COM. DE VEIC. E PC. LTDA;1,27E+13;GOIANIA;GO;15/04/2026;23/04/2026;20/04/2026;Entregue No Prazo;;Entrega realizada;Entrega Finalizada;23;4;15;4;RIO VERMELHO;9011;São Jorge;Estadual;RJ
MOBIS BRASIL FABRICACAO DE AUTO PECAS LT;RODOVIARIO;1492238;10/04/2026;2;337769;15/04/2026;SAGA KOREA COM. DE VEIC. E PC. LTDA;1,27E+13;GOIANIA;GO;15/04/2026;23/04/2026;20/04/2026;Entregue No Prazo;;Entrega realizada;Entrega Finalizada;23;4;15;4;RIO VERMELHO;9009;São Jorge;Estadual;RJ
MOBIS BRASIL FABRICACAO DE AUTO PECAS LT;RODOVIARIO;1494240;15/04/2026;10;337769;15/04/2026;SAGA KOREA COM. DE VEIC. E PC. LTDA;1,27E+13;GOIANIA;GO;15/04/2026;23/04/2026;20/04/2026;Entregue No Prazo;;Entrega realizada;Entrega Finalizada;23;4;15;4;RIO VERMELHO;9009;São Jorge;Estadual;RJ
MOBIS BRASIL FABRICACAO DE AUTO PECAS LT;RODOVIARIO;1494280;15/04/2026;3;337793;15/04/2026;CHINHAN AUTOMOVEIS LTDA;2,41E+13;ERECHIM;RS;15/04/2026;23/04/2026;20/04/2026;Entregue No Prazo;;Entrega realizada;Entrega Finalizada;23;4;15;4;TRANSTRY;23019;São Jorge;Estadual;RJ
MOBIS BRASIL FABRICACAO DE AUTO PECAS LT;RODOVIARIO;1494449;15/04/2026;1;337796;15/04/2026;HOUSE PARTS - COM. DE PECAS E VEIC. LTDA;1,15E+13;SANTA MARIA;RS;15/04/2026;23/04/2026;20/04/2026;Entregue No Prazo;;Entrega realizada;Entrega Finalizada;23;4;15;4;TRANSTRY;23008;São Jorge;Estadual;RJ
MOBIS BRASIL FABRICACAO DE AUTO PECAS LT;RODOVIARIO;1494278;15/04/2026;3;337796;15/04/2026;HOUSE PARTS - COM. DE PECAS E VEIC. LTDA;1,15E+13;SANTA MARIA;RS;15/04/2026;23/04/2026;20/04/2026;Entregue No Prazo;;Entrega realizada;Entrega Finalizada;23;4;15;4;TRANSTRY;23008;São Jorge;Estadual;RJ
MOBIS BRASIL FABRICACAO DE AUTO PECAS LT;RODOVIARIO;1494454;15/04/2026;1;337794;15/04/2026;CHINHAN AUTOMOVEIS LTDA.;2,41E+13;CACADOR;SC;15/04/2026;24/04/2026;20/04/2026;Entregue No Prazo;;Entrega realizada;Entrega Finalizada;24;4;15;4;TRANSTRY;24020;;;
MOBIS BRASIL FABRICACAO DE AUTO PECAS LT;RODOVIARIO;1494291;15/04/2026;3;337794;15/04/2026;CHINHAN AUTOMOVEIS LTDA.;2,41E+13;CACADOR;SC;15/04/2026;24/04/2026;20/04/2026;Entregue No Prazo;;Entrega realizada;Entrega Finalizada;24;4;15;4;TRANSTRY;24020;;;
MOBIS BRASIL FABRICACAO DE AUTO PECAS LT;RODOVIARIO;1494256;15/04/2026;4;337816;15/04/2026;COMETA MATO GROSSO COM. DE VEICULOS LTDA;1,54E+13;TANGARA DA SERRA;MT;15/04/2026;24/04/2026;20/04/2026;Entregue No Prazo;;Entrega realizada;Entrega Finalizada;24;4;15;4;CARVALIMA;13007;;;
MOBIS BRASIL FABRICACAO DE AUTO PECAS LT;RODOVIARIO;1495211;16/04/2026;2;338006;16/04/2026;CAOA MOTOR DO BRASIL LTDA;1,68E+13;SAO BERNARDO DO CAMPO;SP;16/04/2026;20/04/2026;20/04/2026;Entregue No Prazo;;Entrega realizada;Entrega Finalizada;20;4;16;4;XD DIADEMA;5008;;;
MOBIS BRASIL FABRICACAO DE AUTO PECAS LT;RODOVIARIO;1495209;16/04/2026;3;338012;16/04/2026;CAOA MOTOR DO BRASIL LTDA (VL PRUDENTE);1,68E+13;SAO PAULO;SP;16/04/2026;20/04/2026;20/04/2026;Entregue No Prazo;;Entrega realizada;Entrega Finalizada;20;4;16;4;XD DIADEMA;26051;;;
MOBIS BRASIL FABRICACAO DE AUTO PECAS LT;RODOVIARIO;1495223;16/04/2026;14;338021;16/04/2026;GRANDAY AUTOMOTORES LTDA (CHAC. CALIFOR);1,57E+13;SAO PAULO;SP;16/04/2026;20/04/2026;20/04/2026;Entregue No Prazo;;Entrega realizada;Entrega Finalizada;20;4;16;4;XD DIADEMA;26090;;;
MOBIS BRASIL FABRICACAO DE AUTO PECAS LT;RODOVIARIO;1481639;23/03/2026;1;338037;16/04/2026;CAOA MOTOR DO BRASIL LTDA(VL LEOPOLDINA);1,68E+13;SAO PAULO;SP;16/04/2026;20/04/2026;20/04/2026;Entregue No Prazo;;Entrega realizada;Entrega Finalizada;20;4;16;4;XD DIADEMA;26028;;;
MOBIS BRASIL FABRICACAO DE AUTO PECAS LT;RODOVIARIO;1495164;16/04/2026;16;338097;16/04/2026;SEVEC VEICULOS LTDA;5,68E+11;CURITIBA;PR;16/04/2026;21/04/2026;20/04/2026;Entregue No Prazo;;Entrega realizada;Entrega Finalizada;21;4;16;4;TRANSTRY;18012;Fundação de Brasília;Estadual;DF
MOBIS BRASIL FABRICACAO DE AUTO PECAS LT;RODOVIARIO;1495212;16/04/2026;1;337992;16/04/2026;GOLDEN MOTORS VEICULOS LTDA;3,62E+12;PRESIDENTE PRUDENTE;SP;16/04/2026;22/04/2026;20/04/2026;Entregue No Prazo;;Entrega realizada;Entrega Finalizada;22;4;16;4;RISSO;12001;;;
MOBIS BRASIL FABRICACAO DE AUTO PECAS LT;RODOVIARIO;1495207;16/04/2026;11;337996;16/04/2026;NEW VEICULOS E PECAS LTDA;1,59E+13;FRANCA;SP;16/04/2026;22/04/2026;20/04/2026;Entregue No Prazo;;Entrega realizada;Entrega Finalizada;22;4;16;4;RISSO;26014;;;
MOBIS BRASIL FABRICACAO DE AUTO PECAS LT;RODOVIARIO;1495263;16/04/2026;12;338084;16/04/2026;BARI VEICULOS LTDA;7,46E+12;PONTA GROSSA;PR;16/04/2026;22/04/2026;20/04/2026;Entregue No Prazo;;Entrega realizada;Entrega Finalizada;22;4;16;4;TRANSTRY;18024;;;
MOBIS BRASIL FABRICACAO DE AUTO PECAS LT;RODOVIARIO;1495161;16/04/2026;4;338093;16/04/2026;LOVAT VEICULOS S/A;8,57E+12;LONDRINA;PR;16/04/2026;22/04/2026;20/04/2026;Entregue No Prazo;;Entrega realizada;Entrega Finalizada;22;4;16;4;TRANSTRY;18008;;;
MOBIS BRASIL FABRICACAO DE AUTO PECAS LT;RODOVIARIO;1495173;16/04/2026;4;338078;16/04/2026;VIA VR VEICULOS LTDA;1,73E+13;VOLTA REDONDA;RJ;16/04/2026;23/04/2026;20/04/2026;Entregue No Prazo;;Entrega realizada;Entrega Finalizada;23;4;16;4;CAMILO;19016;São Jorge;Estadual;RJ
MOBIS BRASIL FABRICACAO DE AUTO PECAS LT;RODOVIARIO;1495230;16/04/2026;3;338078;16/04/2026;VIA VR VEICULOS LTDA;1,73E+13;VOLTA REDONDA;RJ;16/04/2026;23/04/2026;20/04/2026;Entregue No Prazo;;Entrega realizada;Entrega Finalizada;23;4;16;4;CAMILO;19016;São Jorge;Estadual;RJ
MOBIS BRASIL FABRICACAO DE AUTO PECAS LT;RODOVIARIO;1495188;16/04/2026;7;338085;16/04/2026;BARI VEICULOS LTDA;7,46E+12;BLUMENAU;SC;16/04/2026;23/04/2026;20/04/2026;Entregue No Prazo;;Entrega realizada;Entrega Finalizada;23;4;16;4;TRANSTRY;18024;São Jorge;Estadual;RJ
MOBIS BRASIL FABRICACAO DE AUTO PECAS LT;RODOVIARIO;1495191;16/04/2026;1;338094;16/04/2026;LR COMERCIO DE VEICULOS LTDA;1,05E+13;RIO DO SUL;SC;16/04/2026;23/04/2026;20/04/2026;Entregue No Prazo;;Entrega realizada;Entrega Finalizada;23;4;16;4;TRANSTRY;24007;São Jorge;Estadual;RJ
MOBIS BRASIL FABRICACAO DE AUTO PECAS LT;RODOVIARIO;1495187;16/04/2026;3;338095;16/04/2026;LR COMERCIO DE VEICULOS LTDA;1,05E+13;SAO JOSE;SC;16/04/2026;23/04/2026;20/04/2026;Entregue No Prazo;;Entrega realizada;Entrega Finalizada;23;4;16;4;TRANSTRY;24007;São Jorge;Estadual;RJ
MOBIS BRASIL FABRICACAO DE AUTO PECAS LT;RODOVIARIO;1495162;16/04/2026;2;338096;16/04/2026;SANTA FE VEICULOS LTDA.;1,16E+13;FRANCISCO BELTRAO;PR;16/04/2026;23/04/2026;20/04/2026;Entregue No Prazo;;Entrega realizada;Entrega Finalizada;23;4;16;4;TRANSTRY;18010;São Jorge;Estadual;RJ
MOBIS BRASIL FABRICACAO DE AUTO PECAS LT;RODOVIARIO;1495189;16/04/2026;1;338081;16/04/2026;BARI VEICULOS LTDA;7,46E+12;BALNEARIO CAMBORIU;SC;16/04/2026;24/04/2026;20/04/2026;Entregue No Prazo;;Entrega realizada;Entrega Finalizada;24;4;16;4;TRANSTRY;18024;;;
MOBIS BRASIL FABRICACAO DE AUTO PECAS LT;RODOVIARIO;1495190;16/04/2026;4;338089;16/04/2026;CHINHAN AUTOMOVEIS LTDA.;2,41E+13;CACADOR;SC;16/04/2026;27/04/2026;20/04/2026;Entregue No Prazo;;Entrega realizada;Entrega Finalizada;27;4;16;4;TRANSTRY;24020;;;
MOBIS BRASIL FABRICACAO DE AUTO PECAS LT;RODOVIARIO;1496008;17/04/2026;1;338254;17/04/2026;BILLY DISTRIBUIDORA DE VEICULOS LTDA;1,34E+13;DIADEMA;SP;17/04/2026;21/04/2026;20/04/2026;Entregue No Prazo;;Entrega realizada;Entrega Finalizada;21;4;17;4;RISSO;26003;Fundação de Brasília;Estadual;DF
MOBIS BRASIL FABRICACAO DE AUTO PECAS LT;RODOVIARIO;1496019;17/04/2026;1;338268;17/04/2026;BILLY DISTRIBUIDORA DE VEICULOS LTDA;1,34E+13;SAO PAULO;SP;17/04/2026;21/04/2026;20/04/2026;Entregue No Prazo;;Entrega realizada;Entrega Finalizada;21;4;17;4;XD DIADEMA;26003;Fundação de Brasília;Estadual;DF
MOBIS BRASIL FABRICACAO DE AUTO PECAS LT;RODOVIARIO;1496018;17/04/2026;2;338268;17/04/2026;BILLY DISTRIBUIDORA DE VEICULOS LTDA;1,34E+13;SAO PAULO;SP;17/04/2026;21/04/2026;20/04/2026;Entregue No Prazo;;Entrega realizada;Entrega Finalizada;21;4;17;4;XD DIADEMA;26003;Fundação de Brasília;Estadual;DF
MOBIS BRASIL FABRICACAO DE AUTO PECAS LT;RODOVIARIO;1495992;17/04/2026;4;338269;17/04/2026;BILLY DISTRIBUIDORA DE VEICULOS LTDA;1,34E+13;BARUERI;SP;17/04/2026;21/04/2026;20/04/2026;Entregue No Prazo;;Entrega realizada;Entrega Finalizada;21;4;17;4;XD DIADEMA;26003;Fundação de Brasília;Estadual;DF
MOBIS BRASIL FABRICACAO DE AUTO PECAS LT;RODOVIARIO;1496003;17/04/2026;2;338272;17/04/2026;CAOA MOTOR DO BRASIL LTDA (ARICANDUVA);1,68E+13;SAO PAULO;SP;17/04/2026;21/04/2026;20/04/2026;Entregue No Prazo;;Entrega realizada;Entrega Finalizada;21;4;17;4;XD DIADEMA;26039;Fundação de Brasília;Estadual;DF
MOBIS BRASIL FABRICACAO DE AUTO PECAS LT;RODOVIARIO;1496024;17/04/2026;2;338273;17/04/2026;CAOA MOTOR DO BRASIL LTDA (INDIANOPOLIS);1,68E+13;SAO PAULO;SP;17/04/2026;21/04/2026;20/04/2026;Entregue No Prazo;;Entrega realizada;Entrega Finalizada;21;4;17;4;XD DIADEMA;26091;Fundação de Brasília;Estadual;DF
MOBIS BRASIL FABRICACAO DE AUTO PECAS LT;RODOVIARIO;1496027;17/04/2026;1;338275;17/04/2026;CHS MOTORS VEICULOS PECAS E SERV.  LTDA;1,69E+13;SAO PAULO;SP;17/04/2026;21/04/2026;20/04/2026;Entregue No Prazo;;Entrega realizada;Entrega Finalizada;21;4;17;4;XD DIADEMA;26108;Fundação de Brasília;Estadual;DF
MOBIS BRASIL FABRICACAO DE AUTO PECAS LT;RODOVIARIO;1496002;17/04/2026;2;338276;17/04/2026;CHS MOTORS VEICULOS PECAS E SERV LTDA  ;1,69E+13;SAO PAULO;SP;17/04/2026;21/04/2026;20/04/2026;Entregue No Prazo;;Entrega realizada;Entrega Finalizada;21;4;17;4;XD DIADEMA;26037;Fundação de Brasília;Estadual;DF
MOBIS BRASIL FABRICACAO DE AUTO PECAS LT;RODOVIARIO;1495995;17/04/2026;2;338279;17/04/2026;GRAND SPORT COM. DE VEIC. E PECAS LTDA;8,58E+12;GUARULHOS;SP;17/04/2026;21/04/2026;20/04/2026;Entregue No Prazo;;Entrega realizada;Entrega Finalizada;21;4;17;4;XD DIADEMA;26005;Fundação de Brasília;Estadual;DF
MOBIS BRASIL FABRICACAO DE AUTO PECAS LT;RODOVIARIO;1495994;17/04/2026;1;338279;17/04/2026;GRAND SPORT COM. DE VEIC. E PECAS LTDA;8,58E+12;GUARULHOS;SP;17/04/2026;21/04/2026;20/04/2026;Entregue No Prazo;;Entrega realizada;Entrega Finalizada;21;4;17;4;XD DIADEMA;26005;Fundação de Brasília;Estadual;DF
MOBIS BRASIL FABRICACAO DE AUTO PECAS LT;RODOVIARIO;1496001;17/04/2026;2;338280;17/04/2026;GRAND SPORT COM. DE VEIC. E PECAS LTDA;8,58E+12;SAO PAULO;SP;17/04/2026;21/04/2026;20/04/2026;Entregue No Prazo;;Entrega realizada;Entrega Finalizada;21;4;17;4;XD DIADEMA;26034;Fundação de Brasília;Estadual;DF
MOBIS BRASIL FABRICACAO DE AUTO PECAS LT;RODOVIARIO;1496029;17/04/2026;3;338281;17/04/2026;H RACING GARAGE LTDA ;3,24E+13;COTIA;SP;17/04/2026;21/04/2026;20/04/2026;Entregue No Prazo;;Entrega realizada;Entrega Finalizada;21;4;17;4;RISSO;29944;Fundação de Brasília;Estadual;DF
MOBIS BRASIL FABRICACAO DE AUTO PECAS LT;RODOVIARIO;1496021;17/04/2026;2;338287;17/04/2026;NOBRE SP DISTRIB. DE VEIC. E PEC. LTDA;1,70E+13;SAO PAULO;SP;17/04/2026;21/04/2026;20/04/2026;Entregue No Prazo;;Entrega realizada;Entrega Finalizada;21;4;17;4;XD DIADEMA;26081;Fundação de Brasília;Estadual;DF
MOBIS BRASIL FABRICACAO DE AUTO PECAS LT;RODOVIARIO;1496005;17/04/2026;3;338265;17/04/2026;ANDRETA II DISTRIB.DE VEICULOS LTDA.;9,10E+12;JUNDIAI;SP;17/04/2026;22/04/2026;20/04/2026;Entregue No Prazo;;Entrega realizada;Entrega Finalizada;22;4;17;4;XD DIADEMA;26040;;;
MOBIS BRASIL FABRICACAO DE AUTO PECAS LT;RODOVIARIO;1496004;17/04/2026;1;338265;17/04/2026;ANDRETA II DISTRIB.DE VEICULOS LTDA.;9,10E+12;JUNDIAI;SP;17/04/2026;22/04/2026;20/04/2026;Entregue No Prazo;;Entrega realizada;Entrega Finalizada;22;4;17;4;XD DIADEMA;26040;;;
MOBIS BRASIL FABRICACAO DE AUTO PECAS LT;RODOVIARIO;1495998;17/04/2026;21;338266;17/04/2026;ANDRETA II DISTRIBUIDORA DE VEIC. LTDA;9,10E+12;CAMPINAS;SP;17/04/2026;22/04/2026;20/04/2026;Entregue No Prazo;;Entrega realizada;Entrega Finalizada;22;4;17;4;XD DIADEMA;26011;;;
MOBIS BRASIL FABRICACAO DE AUTO PECAS LT;RODOVIARIO;1495997;17/04/2026;1;338266;17/04/2026;ANDRETA II DISTRIBUIDORA DE VEIC. LTDA;9,10E+12;CAMPINAS;SP;17/04/2026;22/04/2026;20/04/2026;Entregue No Prazo;;Entrega realizada;Entrega Finalizada;22;4;17;4;XD DIADEMA;26011;;;
MOBIS BRASIL FABRICACAO DE AUTO PECAS LT;RODOVIARIO;1496017;17/04/2026;11;338277;17/04/2026;DESTAQUE SEUL DISTR. DE VEIC. E PC. LTDA;2,12E+13;ATIBAIA;SP;17/04/2026;22/04/2026;20/04/2026;Entregue No Prazo;;Entrega realizada;Entrega Finalizada;22;4;17;4;XD DIADEMA;26075;;;
MOBIS BRASIL FABRICACAO DE AUTO PECAS LT;RODOVIARIO;1496016;17/04/2026;2;338277;17/04/2026;DESTAQUE SEUL DISTR. DE VEIC. E PC. LTDA;2,12E+13;ATIBAIA;SP;17/04/2026;22/04/2026;20/04/2026;Entregue No Prazo;;Entrega realizada;Entrega Finalizada;22;4;17;4;XD DIADEMA;26075;;;
MOBIS BRASIL FABRICACAO DE AUTO PECAS LT;RODOVIARIO;1495999;17/04/2026;2;338283;17/04/2026;MOTONET COMERCIO DE VEICULOS LTDA;9,28E+12;SOROCABA;SP;17/04/2026;22/04/2026;20/04/2026;Entregue No Prazo;;Entrega realizada;Entrega Finalizada;22;4;17;4;XD DIADEMA;26113;;;
MOBIS BRASIL FABRICACAO DE AUTO PECAS LT;RODOVIARIO;1496020;17/04/2026;2;338255;17/04/2026;DHC COMERCIO DE VEICULOS E PECAS LTDA;9,52E+12;BOTUCATU;SP;17/04/2026;23/04/2026;20/04/2026;Entregue No Prazo;;Entrega realizada;Entrega Finalizada;23;4;17;4;RISSO;26010;São Jorge;Estadual;RJ
MOBIS BRASIL FABRICACAO DE AUTO PECAS LT;RODOVIARIO;1496025;17/04/2026;7;338258;17/04/2026;H - CAMINHO AUTOMOVEIS LTDA;2,53E+13;PIRACICABA;SP;17/04/2026;23/04/2026;20/04/2026;Entregue No Prazo;;Entrega realizada;Entrega Finalizada;23;4;17;4;RISSO;26092;São Jorge;Estadual;RJ
MOBIS BRASIL FABRICACAO DE AUTO PECAS LT;RODOVIARIO;1496011;17/04/2026;11;338260;17/04/2026;H R B COMERCIO DE VEICULOS LTDA;1,82E+13;SAO JOSE DO RIO PRETO;SP;17/04/2026;23/04/2026;20/04/2026;Entregue No Prazo;;Entrega realizada;Entrega Finalizada;23;4;17;4;RISSO;26050;São Jorge;Estadual;RJ
MOBIS BRASIL FABRICACAO DE AUTO PECAS LT;RODOVIARIO;1496010;17/04/2026;4;338260;17/04/2026;H R B COMERCIO DE VEICULOS LTDA;1,82E+13;SAO JOSE DO RIO PRETO;SP;17/04/2026;23/04/2026;20/04/2026;Entregue No Prazo;;Entrega realizada;Entrega Finalizada;23;4;17;4;RISSO;26050;São Jorge;Estadual;RJ
MOBIS BRASIL FABRICACAO DE AUTO PECAS LT;RODOVIARIO;1496009;17/04/2026;3;338263;17/04/2026;NEW VEICULOS E PECAS LTDA;1,59E+13;FRANCA;SP;17/04/2026;23/04/2026;20/04/2026;Entregue No Prazo;;Entrega realizada;Entrega Finalizada;23;4;17;4;RISSO;26014;São Jorge;Estadual;RJ
MOBIS BRASIL FABRICACAO DE AUTO PECAS LT;RODOVIARIO;1496022;17/04/2026;1;338270;17/04/2026;CAOA MOTOR DO BRASIL LTDA;1,68E+13;PRAIA GRANDE;SP;17/04/2026;23/04/2026;20/04/2026;Entregue No Prazo;;Entrega realizada;Entrega Finalizada;23;4;17;4;XD DIADEMA;5008;São Jorge;Estadual;RJ
MOBIS BRASIL FABRICACAO DE AUTO PECAS LT;RODOVIARIO;1496023;17/04/2026;11;338520;17/04/2026;GRANDAY AUTOMOTORES LTDA (CHAC. CALIFOR);1,57E+13;SAO PAULO;SP;16/04/2026;20/04/2026;20/04/2026;Entregue No Prazo;;Entrega realizada;Entrega Finalizada;20;4;16;4;XD DIADEMA;26090;;;
MOBIS BRASIL FABRICACAO DE AUTO PECAS LT;RODOVIARIO;1493658;14/04/2026;32;339494;24/04/2026;SAGA KOREA COM. DE VEIC. E PC. LTDA;1,27E+13;BRASILIA;DF;24/04/2026;22/04/2026;20/04/2026;Entregue No Prazo;;Entrega realizada;Entrega Finalizada;22;4;24;4;RIO VERMELHO;7005;;;
MOBIS BRASIL FABRICACAO DE AUTO PECAS LT;RODOVIARIO;1495198;16/04/2026;66;338001;16/04/2026;ANDRETA II DISTRIBUIDORA DE VEIC. LTDA;9,10E+12;CAMPINAS;SP;16/04/2026;21/04/2026;21/04/2026;Entregue No Prazo;;Entrega realizada;Entrega Finalizada;21;4;16;4;XD DIADEMA;26011;Fundação de Brasília;Estadual;DF
MOBIS BRASIL FABRICACAO DE AUTO PECAS LT;RODOVIARIO;1495197;16/04/2026;5;338001;16/04/2026;ANDRETA II DISTRIBUIDORA DE VEIC. LTDA;9,10E+12;CAMPINAS;SP;16/04/2026;21/04/2026;21/04/2026;Entregue No Prazo;;Entrega realizada;Entrega Finalizada;21;4;16;4;XD DIADEMA;26011;Fundação de Brasília;Estadual;DF
MOBIS BRASIL FABRICACAO DE AUTO PECAS LT;RODOVIARIO;1495199;16/04/2026;53;338023;16/04/2026;MOTONET COMERCIO DE VEICULOS LTDA;9,28E+12;SOROCABA;SP;16/04/2026;21/04/2026;21/04/2026;Entregue No Prazo;;Entrega realizada;Entrega Finalizada;21;4;16;4;XD DIADEMA;26113;Fundação de Brasília;Estadual;DF
MOBIS BRASIL FABRICACAO DE AUTO PECAS LT;RODOVIARIO;1475937;11/03/2026;2;331943;11/03/2026;PATEO COMERCIO DE VEICULOS S A;7,78E+12;MANAUS;AM;11/03/2026;06/04/2026;22/04/2026;Entregue Fora do Prazo;;Entrega realizada;Entrega Finalizada;6;4;11;3;NORTEX;3002;;;
MOBIS BRASIL FABRICACAO DE AUTO PECAS LT;RODOVIARIO;1477746;13/03/2026;3;332467;13/03/2026;PATEO COMERCIO DE VEICULOS S A;7,78E+12;MANAUS;AM;13/03/2026;08/04/2026;22/04/2026;Entregue Fora do Prazo;;Entrega realizada;Entrega Finalizada;8;4;13;3;NORTEX;3002;;;
MOBIS BRASIL FABRICACAO DE AUTO PECAS LT;RODOVIARIO;1489622;07/04/2026;1;336299;07/04/2026;AIKON VEICULOS LTDA;1,17E+13;VITORIA DA CONQUISTA;BA;07/04/2026;22/04/2026;22/04/2026;Entregue No Prazo;NF CANCELADA;NF cancelada pela MOBIS;Entrega Finalizada;22;4;7;4;TERMACO;5002;;;
MOBIS BRASIL FABRICACAO DE AUTO PECAS LT;RODOVIARIO;1491249;09/04/2026;2;336745;09/04/2026;PRIVILLEGE DISTRIBUIDORA DE VEICULOS LTD;1,72E+13;PALMAS;TO;09/04/2026;20/04/2026;22/04/2026;Entregue Fora do Prazo;;Entrega realizada;Entrega Finalizada;20;4;9;4;RIO VERMELHO;27003;;;
MOBIS BRASIL FABRICACAO DE AUTO PECAS LT;RODOVIARIO;1491276;09/04/2026;1;336872;09/04/2026;CAOA MOTOR DO BRASIL LTDA;1,68E+13;CAMPINA GRANDE;PB;09/04/2026;27/04/2026;22/04/2026;Entregue No Prazo;;Entrega realizada;Entrega Finalizada;27;4;9;4;TERMACO;5008;;;
MOBIS BRASIL FABRICACAO DE AUTO PECAS LT;RODOVIARIO;1492153;10/04/2026;1;337238;10/04/2026;GRANDE COREIA COMERCIO DE VEICULOS LTDA;2,66E+13;BELEM;PA;10/04/2026;28/04/2026;22/04/2026;Entregue No Prazo;;Entrega realizada;Entrega Finalizada;28;4;10;4;CARVALIMA;14007;;;
MOBIS BRASIL FABRICACAO DE AUTO PECAS LT;RODOVIARIO;1492192;10/04/2026;2;337250;10/04/2026;SAINT LAND COMERCIO DE VEICULOS LTDA;1,04E+13;ARACAJU;SE;10/04/2026;28/04/2026;22/04/2026;Entregue No Prazo;;Entrega realizada;Entrega Finalizada;28;4;10;4;TERMACO;6010;;;
MOBIS BRASIL FABRICACAO DE AUTO PECAS LT;RODOVIARIO;1493041;13/04/2026;1;337291;13/04/2026;COMETA MATO GROSSO COM. DE VEICULOS LTDA;1,54E+13;TANGARA DA SERRA;MT;13/04/2026;22/04/2026;22/04/2026;Entregue No Prazo;;Entrega realizada;Entrega Finalizada;22;4;13;4;CARVALIMA;13007;;;
MOBIS BRASIL FABRICACAO DE AUTO PECAS LT;RODOVIARIO;1493011;13/04/2026;1;337292;13/04/2026;CYCOSA AUTOMOVEIS LTDA;4,76E+12;MACEIO;AL;13/04/2026;27/04/2026;22/04/2026;Entregue No Prazo;;Entrega realizada;Entrega Finalizada;27;4;13;4;TERMACO;2001;;;
MOBIS BRASIL FABRICACAO DE AUTO PECAS LT;RODOVIARIO;1493401;13/04/2026;1;337293;13/04/2026;FAZZA MOTORS COM. DE VEICULOS LTDA;1,24E+13;FORTALEZA;CE;13/04/2026;27/04/2026;22/04/2026;Entregue No Prazo;;Entrega realizada;Entrega Finalizada;27;4;13;4;TERMACO;6001;;;
MOBIS BRASIL FABRICACAO DE AUTO PECAS LT;RODOVIARIO;1493016;13/04/2026;2;337286;13/04/2026;AIKON VEICULOS LTDA;1,17E+13;ITABUNA;BA;13/04/2026;28/04/2026;22/04/2026;Entregue No Prazo;;Entrega realizada;Entrega Finalizada;28;4;13;4;TERMACO;5002;;;
MOBIS BRASIL FABRICACAO DE AUTO PECAS LT;RODOVIARIO;1493657;14/04/2026;2;337503;14/04/2026;SMAFF IMPORT VEICULOS LTDA;8,18E+12;BRASILIA;DF;14/04/2026;22/04/2026;22/04/2026;Entregue No Prazo;;Entrega realizada;Entrega Finalizada;22;4;14;4;RIO VERMELHO;7002;;;
MOBIS BRASIL FABRICACAO DE AUTO PECAS LT;RODOVIARIO;1493671;14/04/2026;1;337710;14/04/2026;ULSAN COMERCIO DE VEICULOS LTDA.;2,10E+13;CAMPO GRANDE;MS;14/04/2026;22/04/2026;22/04/2026;Entregue No Prazo;;Entrega realizada;Entrega Finalizada;22;4;14;4;CARVALIMA;12004;;;
MOBIS BRASIL FABRICACAO DE AUTO PECAS LT;RODOVIARIO;1492253;10/04/2026;15;337710;14/04/2026;ULSAN COMERCIO DE VEICULOS LTDA.;2,10E+13;CAMPO GRANDE;MS;14/04/2026;22/04/2026;22/04/2026;Entregue No Prazo;;Entrega realizada;Entrega Finalizada;22;4;14;4;CARVALIMA;12004;;;
MOBIS BRASIL FABRICACAO DE AUTO PECAS LT;RODOVIARIO;1492227;10/04/2026;1;337684;14/04/2026;FAZZA MOTORS COMERCIO DE VEICULOS LTDA;1,24E+13;SALVADOR;BA;14/04/2026;24/04/2026;22/04/2026;Entregue No Prazo;;Entrega realizada;Entrega Finalizada;24;4;14;4;TERMACO;5007;;;
MOBIS BRASIL FABRICACAO DE AUTO PECAS LT;RODOVIARIO;1493653;14/04/2026;13;337684;14/04/2026;FAZZA MOTORS COMERCIO DE VEICULOS LTDA;1,24E+13;SALVADOR;BA;14/04/2026;24/04/2026;22/04/2026;Entregue No Prazo;;Entrega realizada;Entrega Finalizada;24;4;14;4;TERMACO;5007;;;
MOBIS BRASIL FABRICACAO DE AUTO PECAS LT;RODOVIARIO;1493652;14/04/2026;1;337684;14/04/2026;FAZZA MOTORS COMERCIO DE VEICULOS LTDA;1,24E+13;SALVADOR;BA;14/04/2026;24/04/2026;22/04/2026;Entregue No Prazo;;Entrega realizada;Entrega Finalizada;24;4;14;4;TERMACO;5007;;;
MOBIS BRASIL FABRICACAO DE AUTO PECAS LT;RODOVIARIO;1493699;14/04/2026;2;337705;14/04/2026;SAINT LAND COMERCIO DE VEICULOS LTDA;1,04E+13;ARACAJU;SE;14/04/2026;27/04/2026;22/04/2026;Entregue No Prazo;;Entrega realizada;Entrega Finalizada;27;4;14;4;TERMACO;6010;;;
MOBIS BRASIL FABRICACAO DE AUTO PECAS LT;RODOVIARIO;1492223;10/04/2026;5;337681;14/04/2026;CYCOSA AUTOMOVEIS LTDA;4,76E+12;MACEIO;AL;14/04/2026;28/04/2026;22/04/2026;Entregue No Prazo;;Entrega realizada;Entrega Finalizada;28;4;14;4;TERMACO;2001;;;
MOBIS BRASIL FABRICACAO DE AUTO PECAS LT;RODOVIARIO;1492226;10/04/2026;1;337669;14/04/2026;AIKON VEICULOS LTDA;1,17E+13;VITORIA DA CONQUISTA;BA;14/04/2026;29/04/2026;22/04/2026;Entregue No Prazo;;Entrega realizada;Entrega Finalizada;29;4;14;4;TERMACO;5002;;;
MOBIS BRASIL FABRICACAO DE AUTO PECAS LT;RODOVIARIO;1493654;14/04/2026;1;337670;14/04/2026;AIKON VEICULOS LTDA;1,17E+13;ITABUNA;BA;14/04/2026;29/04/2026;22/04/2026;Entregue No Prazo;;Entrega realizada;Entrega Finalizada;29;4;14;4;TERMACO;5002;;;
MOBIS BRASIL FABRICACAO DE AUTO PECAS LT;RODOVIARIO;1492229;10/04/2026;1;337670;14/04/2026;AIKON VEICULOS LTDA;1,17E+13;ITABUNA;BA;14/04/2026;29/04/2026;22/04/2026;Entregue No Prazo;;Entrega realizada;Entrega Finalizada;29;4;14;4;TERMACO;5002;;;
MOBIS BRASIL FABRICACAO DE AUTO PECAS LT;RODOVIARIO;1492273;10/04/2026;3;337695;14/04/2026;ORIENTE AUTOMOVEIS LTDA;1,33E+13;PARNAMIRIM;RN;14/04/2026;30/04/2026;22/04/2026;Entregue No Prazo;;Entrega realizada;Entrega Finalizada;30;4;14;4;TERMACO;20001;;;
MOBIS BRASIL FABRICACAO DE AUTO PECAS LT;RODOVIARIO;1493685;14/04/2026;2;337695;14/04/2026;ORIENTE AUTOMOVEIS LTDA;1,33E+13;PARNAMIRIM;RN;14/04/2026;30/04/2026;22/04/2026;Entregue No Prazo;;Entrega realizada;Entrega Finalizada;30;4;14;4;TERMACO;20001;;;
MOBIS BRASIL FABRICACAO DE AUTO PECAS LT;RODOVIARIO;1494264;15/04/2026;1;337799;15/04/2026;LOVAT VEICULOS S/A;8,57E+12;MARINGA;PR;15/04/2026;21/04/2026;22/04/2026;Entregue No Prazo;;Entrega realizada;Entrega Finalizada;21;4;15;4;TRANSTRY;18008;Fundação de Brasília;Estadual;DF
MOBIS BRASIL FABRICACAO DE AUTO PECAS LT;RODOVIARIO;1494453;15/04/2026;9;337782;15/04/2026;ATUAL VEICULOS LTDA;1,33E+13;TUBARAO;SC;15/04/2026;22/04/2026;22/04/2026;Entregue No Prazo;;Entrega realizada;Entrega Finalizada;22;4;15;4;TRANSTRY;24001;;;
MOBIS BRASIL FABRICACAO DE AUTO PECAS LT;RODOVIARIO;1494284;15/04/2026;8;337782;15/04/2026;ATUAL VEICULOS LTDA;1,33E+13;TUBARAO;SC;15/04/2026;22/04/2026;22/04/2026;Entregue No Prazo;;Entrega realizada;Entrega Finalizada;22;4;15;4;TRANSTRY;24001;;;
MOBIS BRASIL FABRICACAO DE AUTO PECAS LT;RODOVIARIO;1494452;15/04/2026;1;337784;15/04/2026;ATUAL VEICULOS LTDA;1,33E+13;CRICIUMA;SC;15/04/2026;22/04/2026;22/04/2026;Entregue No Prazo;;Entrega realizada;Entrega Finalizada;22;4;15;4;TRANSTRY;24001;;;
MOBIS BRASIL FABRICACAO DE AUTO PECAS LT;RODOVIARIO;1494283;15/04/2026;5;337784;15/04/2026;ATUAL VEICULOS LTDA;1,33E+13;CRICIUMA;SC;15/04/2026;22/04/2026;22/04/2026;Entregue No Prazo;;Entrega realizada;Entrega Finalizada;22;4;15;4;TRANSTRY;24001;;;
MOBIS BRASIL FABRICACAO DE AUTO PECAS LT;RODOVIARIO;1494282;15/04/2026;7;337784;15/04/2026;ATUAL VEICULOS LTDA;1,33E+13;CRICIUMA;SC;15/04/2026;22/04/2026;22/04/2026;Entregue No Prazo;;Entrega realizada;Entrega Finalizada;22;4;15;4;TRANSTRY;24001;;;
MOBIS BRASIL FABRICACAO DE AUTO PECAS LT;RODOVIARIO;1494279;15/04/2026;6;337795;15/04/2026;GALA COMERCIO DE VEICULOS LTDA.;1,77E+13;PELOTAS;RS;15/04/2026;22/04/2026;22/04/2026;Entregue No Prazo;;Entrega realizada;Entrega Finalizada;22;4;15;4;TRANSTRY;23009;;;
MOBIS BRASIL FABRICACAO DE AUTO PECAS LT;RODOVIARIO;1494450;15/04/2026;1;337795;15/04/2026;GALA COMERCIO DE VEICULOS LTDA.;1,77E+13;PELOTAS;RS;15/04/2026;22/04/2026;22/04/2026;Entregue No Prazo;;Entrega realizada;Entrega Finalizada;22;4;15;4;TRANSTRY;23009;;;
MOBIS BRASIL FABRICACAO DE AUTO PECAS LT;RODOVIARIO;1494271;15/04/2026;1;337823;15/04/2026;GRAFFITI VEICULOS LTDA.;1,71E+13;ITAPERUNA;RJ;15/04/2026;22/04/2026;22/04/2026;Entregue No Prazo;;Entrega realizada;Entrega Finalizada;22;4;15;4;CAMILO;19015;;;
MOBIS BRASIL FABRICACAO DE AUTO PECAS LT;RODOVIARIO;1494236;15/04/2026;2;337843;15/04/2026;TAI MOTORS VEICULOS S/A;9,27E+12;VITORIA;ES;15/04/2026;22/04/2026;22/04/2026;Entregue No Prazo;;Entrega realizada;Entrega Finalizada;22;4;15;4;CAMILO;8002;;;
MOBIS BRASIL FABRICACAO DE AUTO PECAS LT;RODOVIARIO;1494418;15/04/2026;3;337843;15/04/2026;TAI MOTORS VEICULOS S/A;9,27E+12;VITORIA;ES;15/04/2026;22/04/2026;22/04/2026;Entregue No Prazo;;Entrega realizada;Entrega Finalizada;22;4;15;4;CAMILO;8002;;;
MOBIS BRASIL FABRICACAO DE AUTO PECAS LT;RODOVIARIO;1494235;15/04/2026;1;337845;15/04/2026;VIA BRASIL AUTOMOVEIS LTDA.;4,72E+12;SERRA;ES;15/04/2026;22/04/2026;22/04/2026;Entregue No Prazo;;Entrega realizada;Entrega Finalizada;22;4;15;4;CAMILO;8001;;;
MOBIS BRASIL FABRICACAO DE AUTO PECAS LT;RODOVIARIO;1494232;15/04/2026;26;337770;15/04/2026;SMAFF IMPORT VEICULOS LTDA;8,18E+12;BRASILIA;DF;15/04/2026;23/04/2026;22/04/2026;Entregue No Prazo;;Entrega realizada;Entrega Finalizada;23;4;15;4;RIO VERMELHO;7002;São Jorge;Estadual;RJ
MOBIS BRASIL FABRICACAO DE AUTO PECAS LT;RODOVIARIO;1494254;15/04/2026;2;337822;15/04/2026;GOLDEN MOTORS VEICULOS LTDA;3,62E+12;DOURADOS;MS;15/04/2026;23/04/2026;22/04/2026;Entregue No Prazo;;Entrega realizada;Entrega Finalizada;23;4;15;4;CARVALIMA;12001;São Jorge;Estadual;RJ
MOBIS BRASIL FABRICACAO DE AUTO PECAS LT;RODOVIARIO;1494425;15/04/2026;2;337822;15/04/2026;GOLDEN MOTORS VEICULOS LTDA;3,62E+12;DOURADOS;MS;15/04/2026;23/04/2026;22/04/2026;Entregue No Prazo;;Entrega realizada;Entrega Finalizada;23;4;15;4;CARVALIMA;12001;São Jorge;Estadual;RJ
MOBIS BRASIL FABRICACAO DE AUTO PECAS LT;RODOVIARIO;1494255;15/04/2026;10;337839;15/04/2026;SAGA ASIA COM. DE VEIC.PC.E SERV. LTDA;2,23E+13;VARZEA GRANDE;MT;15/04/2026;24/04/2026;22/04/2026;Entregue No Prazo;;Entrega realizada;Entrega Finalizada;24;4;15;4;CARVALIMA;13004;;;
MOBIS BRASIL FABRICACAO DE AUTO PECAS LT;RODOVIARIO;1494427;15/04/2026;12;337839;15/04/2026;SAGA ASIA COM. DE VEIC.PC.E SERV. LTDA;2,23E+13;VARZEA GRANDE;MT;15/04/2026;24/04/2026;22/04/2026;Entregue No Prazo;;Entrega realizada;Entrega Finalizada;24;4;15;4;CARVALIMA;13004;;;
MOBIS BRASIL FABRICACAO DE AUTO PECAS LT;RODOVIARIO;1494242;15/04/2026;1;337774;15/04/2026;URCA MOTORS VEICULOS LTDA;8,77E+12;RIO VERDE;GO;15/04/2026;27/04/2026;22/04/2026;Entregue No Prazo;;Entrega realizada;Entrega Finalizada;27;4;15;4;RIO VERMELHO;9014;;;
MOBIS BRASIL FABRICACAO DE AUTO PECAS LT;RODOVIARIO;1492242;10/04/2026;1;337772;15/04/2026;TRIAUTO KOREA AUTOMOVEIS LTDA;4,99E+13;CATALAO;GO;15/04/2026;29/04/2026;22/04/2026;Entregue No Prazo;;Entrega realizada;Entrega Finalizada;29;4;15;4;RIO VERMELHO;9018;;;
MOBIS BRASIL FABRICACAO DE AUTO PECAS LT;RODOVIARIO;1494222;15/04/2026;3;337805;15/04/2026;AIKON VEICULOS LTDA;1,17E+13;VITORIA DA CONQUISTA;BA;15/04/2026;30/04/2026;22/04/2026;Entregue No Prazo;;Entrega realizada;Entrega Finalizada;30;4;15;4;TERMACO;5002;;;
MOBIS BRASIL FABRICACAO DE AUTO PECAS LT;RODOVIARIO;1494226;15/04/2026;2;337806;15/04/2026;AIKON VEICULOS LTDA;1,17E+13;ITABUNA;BA;15/04/2026;30/04/2026;22/04/2026;Entregue No Prazo;;Entrega realizada;Entrega Finalizada;30;4;15;4;TERMACO;5002;;;
MOBIS BRASIL FABRICACAO DE AUTO PECAS LT;RODOVIARIO;1495205;16/04/2026;1;337988;16/04/2026;ANDRETA II DISTRIBUIDORA DE VEIC. LTDA;9,10E+12;INDAIATUBA;SP;16/04/2026;22/04/2026;22/04/2026;Entregue No Prazo;;Entrega realizada;Entrega Finalizada;22;4;16;4;RISSO;26011;;;
MOBIS BRASIL FABRICACAO DE AUTO PECAS LT;RODOVIARIO;1495144;16/04/2026;59;338002;16/04/2026;BDG AUTOVILLE VEICULOS LTDA;4,77E+13;CONTAGEM;MG;16/04/2026;22/04/2026;22/04/2026;Entregue No Prazo;;Entrega realizada;Entrega Finalizada;22;4;16;4;XD BETIM;11037;;;
MOBIS BRASIL FABRICACAO DE AUTO PECAS LT;RODOVIARIO;1495140;16/04/2026;1;338008;16/04/2026;CAOA MOTOR DO BRASIL LTDA;1,68E+13;BELO HORIZONTE;MG;16/04/2026;22/04/2026;22/04/2026;Entregue No Prazo;;Entrega realizada;Entrega Finalizada;22;4;16;4;XD BETIM;5008;;;
MOBIS BRASIL FABRICACAO DE AUTO PECAS LT;RODOVIARIO;1495139;16/04/2026;12;338014;16/04/2026;CARBEL KOREA VEICULOS LTDA;2,07E+13;BELO HORIZONTE;MG;16/04/2026;22/04/2026;22/04/2026;Entregue No Prazo;;Entrega realizada;Entrega Finalizada;22;4;16;4;XD BETIM;11021;;;
MOBIS BRASIL FABRICACAO DE AUTO PECAS LT;RODOVIARIO;1495138;16/04/2026;20;338033;16/04/2026;TAI MOTORS VEICULOS S/A;9,27E+12;BELO HORIZONTE;MG;16/04/2026;22/04/2026;22/04/2026;Entregue No Prazo;;Entrega realizada;Entrega Finalizada;22;4;16;4;XD BETIM;8002;;;
MOBIS BRASIL FABRICACAO DE AUTO PECAS LT;RODOVIARIO;1495141;16/04/2026;1;338034;16/04/2026;TOKSU COMERCIO DE VEICULOS LTDA;1,12E+13;VARGINHA;MG;16/04/2026;22/04/2026;22/04/2026;Entregue No Prazo;;Entrega realizada;Entrega Finalizada;22;4;16;4;XD BETIM;11008;;;
MOBIS BRASIL FABRICACAO DE AUTO PECAS LT;RODOVIARIO;1495170;16/04/2026;9;338039;16/04/2026;AMX COM. E SERVICOS DE AUTOMOTORES LTDA;1,20E+13;RIO DE JANEIRO;RJ;16/04/2026;22/04/2026;22/04/2026;Entregue No Prazo;;Entrega realizada;Entrega Finalizada;22;4;16;4;CAMILO;19009;;;
MOBIS BRASIL FABRICACAO DE AUTO PECAS LT;RODOVIARIO;1495175;16/04/2026;2;338042;16/04/2026;CAOA MOTOR DO BRASIL LTDA;1,68E+13;NITEROI;RJ;16/04/2026;22/04/2026;22/04/2026;Entregue No Prazo;;Entrega realizada;Entrega Finalizada;22;4;16;4;CAMILO;5008;;;
MOBIS BRASIL FABRICACAO DE AUTO PECAS LT;RODOVIARIO;1495171;16/04/2026;1;338043;16/04/2026;CAOA MOTOR DO BRASIL LTDA;1,68E+13;RIO DE JANEIRO;RJ;16/04/2026;22/04/2026;22/04/2026;Entregue No Prazo;;Entrega realizada;Entrega Finalizada;22;4;16;4;CAMILO;5008;;;
MOBIS BRASIL FABRICACAO DE AUTO PECAS LT;RODOVIARIO;1495177;16/04/2026;3;338045;16/04/2026;CAOA MOTOR DO BRASIL LTDA;1,68E+13;RIO DE JANEIRO;RJ;16/04/2026;22/04/2026;22/04/2026;Entregue No Prazo;;Entrega realizada;Entrega Finalizada;22;4;16;4;CAMILO;5008;;;
MOBIS BRASIL FABRICACAO DE AUTO PECAS LT;RODOVIARIO;1495176;16/04/2026;2;338046;16/04/2026;CAOA MOTOR DO BRASIL LTDA;1,68E+13;RIO DE JANEIRO;RJ;16/04/2026;22/04/2026;22/04/2026;Entregue No Prazo;;Entrega realizada;Entrega Finalizada;22;4;16;4;CAMILO;5008;;;
MOBIS BRASIL FABRICACAO DE AUTO PECAS LT;RODOVIARIO;1495174;16/04/2026;6;338047;16/04/2026;CAOA MOTOR DO BRASIL LTDA;1,68E+13;RIO DE JANEIRO;RJ;16/04/2026;22/04/2026;22/04/2026;Entregue No Prazo;;Entrega realizada;Entrega Finalizada;22;4;16;4;CAMILO;5008;;;
MOBIS BRASIL FABRICACAO DE AUTO PECAS LT;RODOVIARIO;1495168;16/04/2026;1;338060;16/04/2026;ITAVEMA MOTORS VEICULOS LTDA;7,73E+12;DUQUE DE CAXIAS;RJ;16/04/2026;22/04/2026;22/04/2026;Entregue No Prazo;;Entrega realizada;Entrega Finalizada;22;4;16;4;CAMILO;19001;;;
MOBIS BRASIL FABRICACAO DE AUTO PECAS LT;RODOVIARIO;1495169;16/04/2026;1;338060;16/04/2026;ITAVEMA MOTORS VEICULOS LTDA;7,73E+12;DUQUE DE CAXIAS;RJ;16/04/2026;22/04/2026;22/04/2026;Entregue No Prazo;;Entrega realizada;Entrega Finalizada;22;4;16;4;CAMILO;19001;;;
MOBIS BRASIL FABRICACAO DE AUTO PECAS LT;RODOVIARIO;1495266;16/04/2026;29;338061;16/04/2026;ITAVEMA MOTORS VEICULOS LTDA;7,73E+12;RIO DE JANEIRO;RJ;16/04/2026;22/04/2026;22/04/2026;Entregue No Prazo;;Entrega realizada;Entrega Finalizada;22;4;16;4;CAMILO;19001;;;
MOBIS BRASIL FABRICACAO DE AUTO PECAS LT;RODOVIARIO;1495165;16/04/2026;2;338083;16/04/2026;BARI VEICULOS LTDA;7,46E+12;GUARAPUAVA;PR;16/04/2026;22/04/2026;22/04/2026;Entregue No Prazo;;Entrega realizada;Entrega Finalizada;22;4;16;4;TRANSTRY;18024;;;
MOBIS BRASIL FABRICACAO DE AUTO PECAS LT;RODOVIARIO;1495181;16/04/2026;33;338087;16/04/2026;CARWAY SUL VEICULOS LTDA;1,03E+13;CANOAS;RS;16/04/2026;22/04/2026;22/04/2026;Entregue No Prazo;;Entrega realizada;Entrega Finalizada;22;4;16;4;TRANSTRY;23003;;;
MOBIS BRASIL FABRICACAO DE AUTO PECAS LT;RODOVIARIO;1495180;16/04/2026;10;338092;16/04/2026;HOUSE PARTS-COM. DE PCS. E VEICULOS LTDA;1,15E+13;PORTO ALEGRE;RS;16/04/2026;22/04/2026;22/04/2026;Entregue No Prazo;;Entrega realizada;Entrega Finalizada;22;4;16;4;TRANSTRY;23004;;;
MOBIS BRASIL FABRICACAO DE AUTO PECAS LT;RODOVIARIO;1495186;16/04/2026;18;338080;16/04/2026;ATUAL VEICULOS LTDA;1,33E+13;TUBARAO;SC;16/04/2026;23/04/2026;22/04/2026;Entregue No Prazo;;Entrega realizada;Entrega Finalizada;23;4;16;4;TRANSTRY;24001;São Jorge;Estadual;RJ
MOBIS BRASIL FABRICACAO DE AUTO PECAS LT;RODOVIARIO;1495183;16/04/2026;10;338090;16/04/2026;GALA COMERCIO DE VEICULOS LTDA.;1,77E+13;PELOTAS;RS;16/04/2026;23/04/2026;22/04/2026;Entregue No Prazo;;Entrega realizada;Entrega Finalizada;23;4;16;4;TRANSTRY;23009;São Jorge;Estadual;RJ
MOBIS BRASIL FABRICACAO DE AUTO PECAS LT;RODOVIARIO;1495127;16/04/2026;22;338031;16/04/2026;SMAFF IMPORT VEICULOS LTDA;8,18E+12;BRASILIA;DF;16/04/2026;24/04/2026;22/04/2026;Entregue No Prazo;;Entrega realizada;Entrega Finalizada;24;4;16;4;RIO VERMELHO;7002;;;
MOBIS BRASIL FABRICACAO DE AUTO PECAS LT;RODOVIARIO;1495126;16/04/2026;2;338031;16/04/2026;SMAFF IMPORT VEICULOS LTDA;8,18E+12;BRASILIA;DF;16/04/2026;24/04/2026;22/04/2026;Entregue No Prazo;;Entrega realizada;Entrega Finalizada;24;4;16;4;RIO VERMELHO;7002;;;
MOBIS BRASIL FABRICACAO DE AUTO PECAS LT;RODOVIARIO;1495184;16/04/2026;5;338088;16/04/2026;CHINHAN AUTOMOVEIS LTDA;2,41E+13;ERECHIM;RS;16/04/2026;24/04/2026;22/04/2026;Entregue No Prazo;;Entrega realizada;Entrega Finalizada;24;4;16;4;TRANSTRY;23019;;;
MOBIS BRASIL FABRICACAO DE AUTO PECAS LT;RODOVIARIO;1495148;16/04/2026;1;338051;16/04/2026;COMETA MATO GROSSO COM. DE VEICULOS LTDA;1,54E+13;TANGARA DA SERRA;MT;16/04/2026;27/04/2026;22/04/2026;Entregue No Prazo;;Entrega realizada;Entrega Finalizada;27;4;16;4;CARVALIMA;13007;;;
MOBIS BRASIL FABRICACAO DE AUTO PECAS LT;RODOVIARIO;1495146;16/04/2026;22;338073;16/04/2026;SAGA ASIA COM. DE VEIC.PC.E SERV. LTDA;2,23E+13;VARZEA GRANDE;MT;16/04/2026;27/04/2026;22/04/2026;Entregue No Prazo;;Entrega realizada;Entrega Finalizada;27;4;16;4;CARVALIMA;13004;;;
MOBIS BRASIL FABRICACAO DE AUTO PECAS LT;RODOVIARIO;1495147;16/04/2026;1;338050;16/04/2026;COMETA MATO GROSSO COM. DE VEICULOS LTDA;1,54E+13;RONDONOPOLIS;MT;16/04/2026;28/04/2026;22/04/2026;Entregue No Prazo;;Entrega realizada;Entrega Finalizada;28;4;16;4;CARVALIMA;13006;;;
MOBIS BRASIL FABRICACAO DE AUTO PECAS LT;RODOVIARIO;1495229;16/04/2026;1;338057;16/04/2026;GRANDE COREIA COMERCIO DE VEICULOS LTDA;2,66E+13;BELEM;PA;16/04/2026;29/04/2026;22/04/2026;Entregue No Prazo;;Entrega realizada;Entrega Finalizada;29;4;16;4;CARVALIMA;14007;;;
MOBIS BRASIL FABRICACAO DE AUTO PECAS LT;RODOVIARIO;1495228;16/04/2026;1;338057;16/04/2026;GRANDE COREIA COMERCIO DE VEICULOS LTDA;2,66E+13;BELEM;PA;16/04/2026;29/04/2026;22/04/2026;Entregue No Prazo;;Entrega realizada;Entrega Finalizada;29;4;16;4;CARVALIMA;14007;;;
MOBIS BRASIL FABRICACAO DE AUTO PECAS LT;RODOVIARIO;1495150;16/04/2026;3;338065;16/04/2026;NACIONAL NOVA MARABA DIST DE VEIC. LTDA;1,70E+13;PARAUAPEBAS;PA;16/04/2026;04/05/2026;22/04/2026;Entregue No Prazo;;Entrega realizada;Entrega Finalizada;4;5;16;4;CARVALIMA;14010;;;
MOBIS BRASIL FABRICACAO DE AUTO PECAS LT;RODOVIARIO;1495993;17/04/2026;1;338286;17/04/2026;NOBRE DISTRIBUIDORA DE VEICULOS E PECAS;5,76E+12;MOGI DAS CRUZES;SP;17/04/2026;22/04/2026;22/04/2026;Entregue No Prazo;;Entrega realizada;Entrega Finalizada;22;4;17;4;XD DIADEMA;26004;;;
MOBIS BRASIL FABRICACAO DE AUTO PECAS LT;RODOVIARIO;1496007;17/04/2026;1;338253;17/04/2026;ANDRETA II DISTRIBUIDORA DE VEIC. LTDA;9,10E+12;AMERICANA;SP;17/04/2026;22/04/2026;22/04/2026;Entregue No Prazo;;Entrega realizada;Entrega Finalizada;22;4;17;4;RISSO;26011;;;
MOBIS BRASIL FABRICACAO DE AUTO PECAS LT;RODOVIARIO;1495996;17/04/2026;2;338256;17/04/2026;DHC COMERCIO DE VEICULOS E PECAS LTDA;9,52E+12;BAURU;SP;17/04/2026;22/04/2026;22/04/2026;Entregue No Prazo;;Entrega realizada;Entrega Finalizada;22;4;17;4;RISSO;26010;;;
MOBIS BRASIL FABRICACAO DE AUTO PECAS LT;RODOVIARIO;1496026;17/04/2026;1;338259;17/04/2026;H - CAMINHO AUTOMOVEIS LTDA;2,53E+13;LIMEIRA;SP;17/04/2026;22/04/2026;22/04/2026;Entregue No Prazo;;Entrega realizada;Entrega Finalizada;22;4;17;4;RISSO;26092;;;
MOBIS BRASIL FABRICACAO DE AUTO PECAS LT;RODOVIARIO;1496000;17/04/2026;9;338262;17/04/2026;NEW VEICULOS E PECAS LTDA;1,59E+13;RIBEIRAO PRETO;SP;17/04/2026;22/04/2026;22/04/2026;Entregue No Prazo;Recusa;Entrega realizada;Entrega Finalizada;22;4;17;4;RISSO;26014;;;
MOBIS BRASIL FABRICACAO DE AUTO PECAS LT;RODOVIARIO;1495940;17/04/2026;44;338267;17/04/2026;BDG AUTOVILLE VEICULOS LTDA;4,77E+13;CONTAGEM;MG;17/04/2026;22/04/2026;22/04/2026;Entregue No Prazo;;Entrega realizada;Entrega Finalizada;22;4;17;4;XD BETIM;11037;;;
MOBIS BRASIL FABRICACAO DE AUTO PECAS LT;RODOVIARIO;1495939;17/04/2026;1;338267;17/04/2026;BDG AUTOVILLE VEICULOS LTDA;4,77E+13;CONTAGEM;MG;17/04/2026;22/04/2026;22/04/2026;Entregue No Prazo;;Entrega realizada;Entrega Finalizada;22;4;17;4;XD BETIM;11037;;;
MOBIS BRASIL FABRICACAO DE AUTO PECAS LT;RODOVIARIO;1495935;17/04/2026;1;338271;17/04/2026;CAOA MOTOR DO BRASIL LTDA;1,68E+13;BELO HORIZONTE;MG;17/04/2026;22/04/2026;22/04/2026;Entregue No Prazo;;Entrega realizada;Entrega Finalizada;22;4;17;4;XD BETIM;5008;;;
MOBIS BRASIL FABRICACAO DE AUTO PECAS LT;RODOVIARIO;1495934;17/04/2026;1;338274;17/04/2026;CARBEL KOREA VEICULOS LTDA;2,07E+13;BELO HORIZONTE;MG;17/04/2026;22/04/2026;22/04/2026;Entregue No Prazo;;Entrega realizada;Entrega Finalizada;22;4;17;4;XD BETIM;11021;;;
MOBIS BRASIL FABRICACAO DE AUTO PECAS LT;RODOVIARIO;1495933;17/04/2026;7;338293;17/04/2026;TAI MOTORS VEICULOS S/A;9,27E+12;BELO HORIZONTE;MG;17/04/2026;22/04/2026;22/04/2026;Entregue No Prazo;;Entrega realizada;Entrega Finalizada;22;4;17;4;XD BETIM;8002;;;
MOBIS BRASIL FABRICACAO DE AUTO PECAS LT;RODOVIARIO;1495963;17/04/2026;4;338305;17/04/2026;BARI VEICULOS LTDA;7,46E+12;CURITIBA;PR;17/04/2026;22/04/2026;22/04/2026;Entregue No Prazo;;Entrega realizada;Entrega Finalizada;22;4;17;4;TRANSTRY;18024;;;
MOBIS BRASIL FABRICACAO DE AUTO PECAS LT;RODOVIARIO;1495957;17/04/2026;8;338317;17/04/2026;SEVEC VEICULOS LTDA;5,68E+11;CURITIBA;PR;17/04/2026;22/04/2026;22/04/2026;Entregue No Prazo;;Entrega realizada;Entrega Finalizada;22;4;17;4;TRANSTRY;18012;;;
MOBIS BRASIL FABRICACAO DE AUTO PECAS LT;RODOVIARIO;1495962;17/04/2026;3;338302;17/04/2026;BARI VEICULOS LTDA;7,46E+12;SAO JOSE DOS PINHAIS;PR;17/04/2026;23/04/2026;22/04/2026;Entregue No Prazo;;Entrega realizada;Entrega Finalizada;23;4;17;4;TRANSTRY;18024;São Jorge;Estadual;RJ
MOBIS BRASIL FABRICACAO DE AUTO PECAS LT;RODOVIARIO;1496209;17/04/2026;9;338303;17/04/2026;BARI VEICULOS LTDA;7,46E+12;PONTA GROSSA;PR;17/04/2026;23/04/2026;22/04/2026;Entregue No Prazo;;Entrega realizada;Entrega Finalizada;23;4;17;4;TRANSTRY;18024;São Jorge;Estadual;RJ
MOBIS BRASIL FABRICACAO DE AUTO PECAS LT;RODOVIARIO;1495989;17/04/2026;1;338304;17/04/2026;BARI VEICULOS LTDA;7,46E+12;JARAGUA DO SUL;SC;17/04/2026;23/04/2026;22/04/2026;Entregue No Prazo;;Entrega realizada;Entrega Finalizada;23;4;17;4;TRANSTRY;18024;São Jorge;Estadual;RJ
MOBIS BRASIL FABRICACAO DE AUTO PECAS LT;RODOVIARIO;1495955;17/04/2026;17;338314;17/04/2026;LOVAT VEICULOS S/A;8,57E+12;LONDRINA;PR;17/04/2026;23/04/2026;22/04/2026;Entregue No Prazo;;Entrega realizada;Entrega Finalizada;23;4;17;4;TRANSTRY;18008;São Jorge;Estadual;RJ
MOBIS BRASIL FABRICACAO DE AUTO PECAS LT;RODOVIARIO;1495969;17/04/2026;1;338365;17/04/2026;VIA VR VEICULOS LTDA;1,73E+13;VOLTA REDONDA;RJ;17/04/2026;24/04/2026;22/04/2026;Entregue No Prazo;;Entrega realizada;Entrega Finalizada;24;4;17;4;CAMILO;19016;;;
MOBIS BRASIL FABRICACAO DE AUTO PECAS LT;RODOVIARIO;1495970;17/04/2026;2;338365;17/04/2026;VIA VR VEICULOS LTDA;1,73E+13;VOLTA REDONDA;RJ;17/04/2026;24/04/2026;22/04/2026;Entregue No Prazo;;Entrega realizada;Entrega Finalizada;24;4;17;4;CAMILO;19016;;;
MOBIS BRASIL FABRICACAO DE AUTO PECAS LT;RODOVIARIO;1495943;17/04/2026;6;338353;17/04/2026;SAGA ASIA COM. DE VEIC.PC.E SERV. LTDA;2,23E+13;VARZEA GRANDE;MT;17/04/2026;28/04/2026;22/04/2026;Entregue No Prazo;;Entrega realizada;Entrega Finalizada;28;4;17;4;CARVALIMA;13004;;;
MOBIS BRASIL FABRICACAO DE AUTO PECAS LT;RODOVIARIO;1495944;17/04/2026;1;338331;17/04/2026;COMETA MATO GROSSO COM. DE VEICULOS LTDA;1,54E+13;RONDONOPOLIS;MT;17/04/2026;29/04/2026;22/04/2026;Entregue No Prazo;;Entrega realizada;Entrega Finalizada;29;4;17;4;CARVALIMA;13006;;;
MOBIS BRASIL FABRICACAO DE AUTO PECAS LT;RODOVIARIO;1496835;20/04/2026;7;338540;20/04/2026;BILLY DISTRIBUIDORA DE VEICULOS LTDA;1,34E+13;BARUERI;SP;20/04/2026;22/04/2026;22/04/2026;Entregue No Prazo;;Entrega realizada;Entrega Finalizada;22;4;20;4;XD DIADEMA;26003;;;
MOBIS BRASIL FABRICACAO DE AUTO PECAS LT;RODOVIARIO;1496851;20/04/2026;1;338542;20/04/2026;CAOA MOTOR DO BRASIL LTDA (CONSOLACAO);1,68E+13;SAO PAULO;SP;20/04/2026;22/04/2026;22/04/2026;Entregue No Prazo;;Entrega realizada;Entrega Finalizada;22;4;20;4;XD DIADEMA;26076;;;
MOBIS BRASIL FABRICACAO DE AUTO PECAS LT;RODOVIARIO;1496862;20/04/2026;1;338543;20/04/2026;CAOA MOTOR DO BRASIL LTDA(RAP. TAVARES);1,68E+13;SAO PAULO;SP;20/04/2026;22/04/2026;22/04/2026;Entregue No Prazo;;Entrega realizada;Entrega Finalizada;22;4;20;4;XD DIADEMA;26109;;;
MOBIS BRASIL FABRICACAO DE AUTO PECAS LT;RODOVIARIO;1497107;20/04/2026;1;338545;20/04/2026;CHS MOTORS VEICULOS PECAS E SERV. LTDA;1,69E+13;OSASCO;SP;20/04/2026;22/04/2026;22/04/2026;Entregue No Prazo;;Entrega realizada;Entrega Finalizada;22;4;20;4;XD DIADEMA;26106;;;
MOBIS BRASIL FABRICACAO DE AUTO PECAS LT;RODOVIARIO;1496836;20/04/2026;1;338549;20/04/2026;GRAND SPORT COM. DE VEIC. E PECAS LTDA;8,58E+12;GUARULHOS;SP;20/04/2026;22/04/2026;22/04/2026;Entregue No Prazo;;Entrega realizada;Entrega Finalizada;22;4;20;4;XD DIADEMA;26005;;;
MOBIS BRASIL FABRICACAO DE AUTO PECAS LT;RODOVIARIO;1496842;20/04/2026;1;338550;20/04/2026;GRANDAY AUTOMOTORES LTDA;1,57E+13;SAO PAULO;SP;20/04/2026;22/04/2026;22/04/2026;Entregue No Prazo;;Entrega realizada;Entrega Finalizada;22;4;20;4;XD DIADEMA;26041;;;
MOBIS BRASIL FABRICACAO DE AUTO PECAS LT;RODOVIARIO;1496864;20/04/2026;9;338551;20/04/2026;H RACING GARAGE LTDA ;3,24E+13;COTIA;SP;20/04/2026;22/04/2026;22/04/2026;Entregue No Prazo;;Entrega realizada;Entrega Finalizada;22;4;20;4;XD DIADEMA;29944;;;
MOBIS BRASIL FABRICACAO DE AUTO PECAS LT;RODOVIARIO;1496865;20/04/2026;14;338551;20/04/2026;H RACING GARAGE LTDA ;3,24E+13;COTIA;SP;20/04/2026;22/04/2026;22/04/2026;Entregue No Prazo;;Entrega realizada;Entrega Finalizada;22;4;20;4;XD DIADEMA;29944;;;
MOBIS BRASIL FABRICACAO DE AUTO PECAS LT;RODOVIARIO;1496861;20/04/2026;1;338554;20/04/2026;NOBRE DISTRIBUIDORA DE VEIC. E PEC. LTDA;5,76E+12;SUZANO;SP;20/04/2026;22/04/2026;22/04/2026;Entregue No Prazo;;Entrega realizada;Entrega Finalizada;22;4;20;4;XD DIADEMA;26103;;;
MOBIS BRASIL FABRICACAO DE AUTO PECAS LT;RODOVIARIO;1496841;20/04/2026;2;338524;20/04/2026;ANDRETA II DISTRIB.DE VEICULOS LTDA.;9,10E+12;JUNDIAI;SP;20/04/2026;23/04/2026;22/04/2026;Entregue No Prazo;;Entrega realizada;Entrega Finalizada;23;4;20;4;XD DIADEMA;26040;São Jorge;Estadual;RJ
MOBIS BRASIL FABRICACAO DE AUTO PECAS LT;RODOVIARIO;1496840;20/04/2026;4;338536;20/04/2026;NEW VEICULOS E PECAS LTDA;1,59E+13;RIBEIRAO PRETO;SP;20/04/2026;23/04/2026;22/04/2026;Entregue No Prazo;;Entrega realizada;Entrega Finalizada;23;4;20;4;RISSO;26014;São Jorge;Estadual;RJ
MOBIS BRASIL FABRICACAO DE AUTO PECAS LT;RODOVIARIO;1496838;20/04/2026;13;338538;20/04/2026;ANDRETA II DISTRIBUIDORA DE VEIC. LTDA;9,10E+12;CAMPINAS;SP;20/04/2026;23/04/2026;22/04/2026;Entregue No Prazo;;Entrega realizada;Entrega Finalizada;23;4;20;4;XD DIADEMA;26011;São Jorge;Estadual;RJ
MOBIS BRASIL FABRICACAO DE AUTO PECAS LT;RODOVIARIO;1496850;20/04/2026;4;338547;20/04/2026;DESTAQUE SEUL DISTR. DE VEIC. E PC. LTDA;2,12E+13;ATIBAIA;SP;20/04/2026;23/04/2026;22/04/2026;Entregue No Prazo;;Entrega realizada;Entrega Finalizada;23;4;20;4;XD DIADEMA;26075;São Jorge;Estadual;RJ
MOBIS BRASIL FABRICACAO DE AUTO PECAS LT;RODOVIARIO;1496809;20/04/2026;7;338569;20/04/2026;BARI VEICULOS LTDA;7,46E+12;CURITIBA;PR;20/04/2026;23/04/2026;22/04/2026;Entregue No Prazo;;Entrega realizada;Entrega Finalizada;23;4;20;4;TRANSTRY;18024;São Jorge;Estadual;RJ
MOBIS BRASIL FABRICACAO DE AUTO PECAS LT;RODOVIARIO;1496807;20/04/2026;1;338575;20/04/2026;BARI VEICULOS LTDA.;7,46E+12;CURITIBA;PR;20/04/2026;23/04/2026;22/04/2026;Entregue No Prazo;;Entrega realizada;Entrega Finalizada;23;4;20;4;TRANSTRY;18029;São Jorge;Estadual;RJ
MOBIS BRASIL FABRICACAO DE AUTO PECAS LT;RODOVIARIO;1496859;20/04/2026;1;338531;20/04/2026;H - CAMINHO AUTOMOVEIS LTDA;2,53E+13;CATANDUVA;SP;20/04/2026;24/04/2026;22/04/2026;Entregue No Prazo;;Entrega realizada;Entrega Finalizada;24;4;20;4;RISSO;26092;;;
MOBIS BRASIL FABRICACAO DE AUTO PECAS LT;RODOVIARIO;1496856;20/04/2026;3;338532;20/04/2026;H - CAMINHO AUTOMOVEIS LTDA;2,53E+13;PIRACICABA;SP;20/04/2026;24/04/2026;22/04/2026;Entregue No Prazo;;Entrega realizada;Entrega Finalizada;24;4;20;4;RISSO;26092;;;
MOBIS BRASIL FABRICACAO DE AUTO PECAS LT;RODOVIARIO;1496843;20/04/2026;57;338754;22/04/2026;BILLY DISTRIBUIDORA DE VEICULOS LTDA;1,34E+13;SAO CAETANO DO SUL;SP;22/04/2026;24/04/2026;22/04/2026;Entregue No Prazo;;Entrega realizada;Entrega Finalizada;24;4;22;4;BV LOG;26003;;;
MOBIS BRASIL FABRICACAO DE AUTO PECAS LT;RODOVIARIO;1496854;20/04/2026;4;338756;22/04/2026;GRANDAY AUTOMOTORES LTDA (CHAC. CALIFOR);1,57E+13;SAO PAULO;SP;22/04/2026;24/04/2026;22/04/2026;Entregue No Prazo;;Entrega realizada;Entrega Finalizada;24;4;22;4;BV LOG;26090;;;
MOBIS BRASIL FABRICACAO DE AUTO PECAS LT;RODOVIARIO;1496855;20/04/2026;1;338756;22/04/2026;GRANDAY AUTOMOTORES LTDA (CHAC. CALIFOR);1,57E+13;SAO PAULO;SP;22/04/2026;24/04/2026;22/04/2026;Entregue No Prazo;;Entrega realizada;Entrega Finalizada;24;4;22;4;BV LOG;26090;;;
MOBIS BRASIL FABRICACAO DE AUTO PECAS LT;RODOVIARIO;1497787;21/04/2026;2;338754;22/04/2026;BILLY DISTRIBUIDORA DE VEICULOS LTDA;1,34E+13;SAO CAETANO DO SUL;SP;22/04/2026;24/04/2026;22/04/2026;Entregue No Prazo;;Entrega realizada;Entrega Finalizada;24;4;22;4;BV LOG;26003;;;
MOBIS BRASIL FABRICACAO DE AUTO PECAS LT;RODOVIARIO;1497788;21/04/2026;36;338754;22/04/2026;BILLY DISTRIBUIDORA DE VEICULOS LTDA;1,34E+13;SAO CAETANO DO SUL;SP;22/04/2026;24/04/2026;22/04/2026;Entregue No Prazo;;Entrega realizada;Entrega Finalizada;24;4;22;4;BV LOG;26003;;;
MOBIS BRASIL FABRICACAO DE AUTO PECAS LT;RODOVIARIO;1497804;21/04/2026;22;338756;22/04/2026;GRANDAY AUTOMOTORES LTDA (CHAC. CALIFOR);1,57E+13;SAO PAULO;SP;22/04/2026;24/04/2026;22/04/2026;Entregue No Prazo;;Entrega realizada;Entrega Finalizada;24;4;22;4;BV LOG;26090;;;
MOBIS BRASIL FABRICACAO DE AUTO PECAS LT;RODOVIARIO;1497793;21/04/2026;2;338757;22/04/2026;H R B COMERCIO DE VEICULOS LTDA;1,82E+13;SAO JOSE DO RIO PRETO;SP;22/04/2026;28/04/2026;22/04/2026;Entregue No Prazo;;Entrega realizada;Entrega Finalizada;28;4;22;4;BV LOG;26050;;;
MOBIS BRASIL FABRICACAO DE AUTO PECAS LT;RODOVIARIO;1497794;21/04/2026;73;338806;22/04/2026;H R B COMERCIO DE VEICULOS LTDA;1,82E+13;SAO JOSE DO RIO PRETO;SP;22/04/2026;28/04/2026;22/04/2026;Entregue No Prazo;;Entrega realizada;Entrega Finalizada;28;4;22;4;BV LOG;26050;;;
MOBIS BRASIL FABRICACAO DE AUTO PECAS LT;RODOVIARIO;1497793;21/04/2026;2;339108;23/04/2026;H R B COMERCIO DE VEICULOS LTDA;1,82E+13;SAO JOSE DO RIO PRETO;SP;23/04/2026;28/04/2026;22/04/2026;Entregue No Prazo;;Entrega realizada;Entrega Finalizada;28;4;23;4;BV LOG;26050;;;
MOBIS BRASIL FABRICACAO DE AUTO PECAS LT;RODOVIARIO;1484884;27/03/2026;1;334782;27/03/2026;MISO VEICULOS LTDA;1,85E+13;MACAPA;AP;27/03/2026;17/04/2026;23/04/2026;Entregue Fora do Prazo;;Entrega realizada;Entrega Finalizada;17;4;27;3;NORTEX;4001;;;
MOBIS BRASIL FABRICACAO DE AUTO PECAS LT;RODOVIARIO;1492154;10/04/2026;1;337245;10/04/2026;PATEO COMERCIO DE VEICULOS S A;7,78E+12;JOAO PESSOA;PB;10/04/2026;29/04/2026;23/04/2026;Entregue No Prazo;;Entrega realizada;Entrega Finalizada;29;4;10;4;TERMACO;15003;;;
MOBIS BRASIL FABRICACAO DE AUTO PECAS LT;RODOVIARIO;1492156;10/04/2026;1;337235;10/04/2026;AUTORAC VEICULOS LTDA;1,06E+13;CARUARU;PE;10/04/2026;30/04/2026;23/04/2026;Entregue No Prazo;;Entrega realizada;Entrega Finalizada;30;4;10;4;TERMACO;16001;;;
MOBIS BRASIL FABRICACAO DE AUTO PECAS LT;RODOVIARIO;1492157;10/04/2026;1;337239;10/04/2026;GREEN CITY VEICULOS LTDA;2,10E+13;TERESINA;PI;10/04/2026;30/04/2026;23/04/2026;Entregue No Prazo;;Entrega realizada;Entrega Finalizada;30;4;10;4;TERMACO;17002;;;
MOBIS BRASIL FABRICACAO DE AUTO PECAS LT;RODOVIARIO;1493042;13/04/2026;14;337309;13/04/2026;UNIQUE COMERCIO DE AUTOMOVEIS LTDA;1,74E+13;ANANINDEUA;PA;13/04/2026;24/04/2026;23/04/2026;Entregue No Prazo;;Entrega realizada;Entrega Finalizada;24;4;13;4;CARVALIMA;14003;;;
MOBIS BRASIL FABRICACAO DE AUTO PECAS LT;RODOVIARIO;1493044;13/04/2026;1;337300;13/04/2026;PATEO COMERCIO DE VEICULOS S A;7,78E+12;RECIFE;PE;13/04/2026;28/04/2026;23/04/2026;Entregue No Prazo;;Entrega realizada;Entrega Finalizada;28;4;13;4;TERMACO;16004;;;
MOBIS BRASIL FABRICACAO DE AUTO PECAS LT;RODOVIARIO;1493045;13/04/2026;4;337300;13/04/2026;PATEO COMERCIO DE VEICULOS S A;7,78E+12;RECIFE;PE;13/04/2026;28/04/2026;23/04/2026;Entregue No Prazo;;Entrega realizada;Entrega Finalizada;28;4;13;4;TERMACO;16004;;;
MOBIS BRASIL FABRICACAO DE AUTO PECAS LT;RODOVIARIO;1493043;13/04/2026;1;337287;13/04/2026;AUTORAC VEICULOS LTDA;1,06E+13;CARUARU;PE;13/04/2026;29/04/2026;23/04/2026;Entregue No Prazo;;Entrega realizada;Entrega Finalizada;29;4;13;4;TERMACO;16001;;;
MOBIS BRASIL FABRICACAO DE AUTO PECAS LT;RODOVIARIO;1493047;13/04/2026;1;337288;13/04/2026;AUTORAC VEICULOS LTDA;1,06E+13;PETROLINA;PE;13/04/2026;29/04/2026;23/04/2026;Entregue No Prazo;;Entrega realizada;Entrega Finalizada;29;4;13;4;TERMACO;16001;;;
MOBIS BRASIL FABRICACAO DE AUTO PECAS LT;RODOVIARIO;1493046;13/04/2026;1;337288;13/04/2026;AUTORAC VEICULOS LTDA;1,06E+13;PETROLINA;PE;13/04/2026;29/04/2026;23/04/2026;Entregue No Prazo;;Entrega realizada;Entrega Finalizada;29;4;13;4;TERMACO;16001;;;
MOBIS BRASIL FABRICACAO DE AUTO PECAS LT;RODOVIARIO;1493012;13/04/2026;2;337298;13/04/2026;JPN COMERCIO DE VEICULOS LTDA;3,20E+13;ARAPIRACA;AL;13/04/2026;29/04/2026;23/04/2026;Entregue No Prazo;;Entrega realizada;Entrega Finalizada;29;4;13;4;TERMACO;2003;;;
MOBIS BRASIL FABRICACAO DE AUTO PECAS LT;RODOVIARIO;1493010;13/04/2026;1;337307;13/04/2026;ULSAN COMERCIO DE VEICULOS LTDA;2,10E+13;RIO BRANCO;AC;13/04/2026;30/04/2026;23/04/2026;Entregue No Prazo;;Entrega realizada;Entrega Finalizada;30;4;13;4;CARVALIMA;21004;;;
MOBIS BRASIL FABRICACAO DE AUTO PECAS LT;RODOVIARIO;1493799;14/04/2026;1;337706;14/04/2026;SEVEL VEICULOS LTDA;1,07E+13;ARACAJU;SE;14/04/2026;27/04/2026;23/04/2026;Entregue No Prazo;;Entrega realizada;Entrega Finalizada;27;4;14;4;TERMACO;25001;;;
MOBIS BRASIL FABRICACAO DE AUTO PECAS LT;RODOVIARIO;1493672;14/04/2026;14;337711;14/04/2026;UNIQUE COMERCIO DE AUTOMOVEIS LTDA;1,74E+13;ANANINDEUA;PA;14/04/2026;27/04/2026;23/04/2026;Entregue No Prazo;;Entrega realizada;Entrega Finalizada;27;4;14;4;CARVALIMA;14003;;;
MOBIS BRASIL FABRICACAO DE AUTO PECAS LT;RODOVIARIO;1492231;10/04/2026;2;337678;14/04/2026;CAOA MOTOR DO BRASIL LTDA;1,68E+13;FORTALEZA;CE;14/04/2026;28/04/2026;23/04/2026;Entregue No Prazo;;Entrega realizada;Entrega Finalizada;28;4;14;4;TERMACO;5008;;;
MOBIS BRASIL FABRICACAO DE AUTO PECAS LT;RODOVIARIO;1492465;10/04/2026;2;337682;14/04/2026;FAZZA MOTORS COM. DE VEICULOS LTDA;1,24E+13;FORTALEZA;CE;14/04/2026;28/04/2026;23/04/2026;Entregue No Prazo;;Entrega realizada;Entrega Finalizada;28;4;14;4;TERMACO;6001;;;
MOBIS BRASIL FABRICACAO DE AUTO PECAS LT;RODOVIARIO;1493746;14/04/2026;1;337682;14/04/2026;FAZZA MOTORS COM. DE VEICULOS LTDA;1,24E+13;FORTALEZA;CE;14/04/2026;28/04/2026;23/04/2026;Entregue No Prazo;;Entrega realizada;Entrega Finalizada;28;4;14;4;TERMACO;6001;;;
MOBIS BRASIL FABRICACAO DE AUTO PECAS LT;RODOVIARIO;1492230;10/04/2026;1;337683;14/04/2026;FAZZA MOTORS COMERCIO DE VEICULOS LTDA;1,24E+13;FORTALEZA;CE;14/04/2026;28/04/2026;23/04/2026;Entregue No Prazo;;Entrega realizada;Entrega Finalizada;28;4;14;4;TERMACO;5007;;;
MOBIS BRASIL FABRICACAO DE AUTO PECAS LT;RODOVIARIO;1492260;10/04/2026;2;337697;14/04/2026;PATEO COMERCIO DE VEICULOS S A;7,78E+12;RECIFE;PE;14/04/2026;29/04/2026;23/04/2026;Entregue No Prazo;;Entrega realizada;Entrega Finalizada;29;4;14;4;TERMACO;16004;;;
MOBIS BRASIL FABRICACAO DE AUTO PECAS LT;RODOVIARIO;1493674;14/04/2026;2;337697;14/04/2026;PATEO COMERCIO DE VEICULOS S A;7,78E+12;RECIFE;PE;14/04/2026;29/04/2026;23/04/2026;Entregue No Prazo;;Entrega realizada;Entrega Finalizada;29;4;14;4;TERMACO;16004;;;
MOBIS BRASIL FABRICACAO DE AUTO PECAS LT;RODOVIARIO;1492228;10/04/2026;2;337699;14/04/2026;PATEO COMERCIO DE VEICULOS S A;7,78E+12;FEIRA DE SANTANA;BA;14/04/2026;29/04/2026;23/04/2026;Entregue No Prazo;;Entrega realizada;Entrega Finalizada;29;4;14;4;TERMACO;5009;;;
MOBIS BRASIL FABRICACAO DE AUTO PECAS LT;RODOVIARIO;1493687;14/04/2026;8;337704;14/04/2026;SAINT LAND COMERCIO DE VEICULOS LTDA;1,04E+13;NATAL;RN;14/04/2026;29/04/2026;23/04/2026;Entregue No Prazo;;Entrega realizada;Entrega Finalizada;29;4;14;4;TERMACO;6010;;;
MOBIS BRASIL FABRICACAO DE AUTO PECAS LT;RODOVIARIO;1492275;10/04/2026;2;337704;14/04/2026;SAINT LAND COMERCIO DE VEICULOS LTDA;1,04E+13;NATAL;RN;14/04/2026;29/04/2026;23/04/2026;Entregue No Prazo;;Entrega realizada;Entrega Finalizada;29;4;14;4;TERMACO;6010;;;
MOBIS BRASIL FABRICACAO DE AUTO PECAS LT;RODOVIARIO;1492259;10/04/2026;3;337673;14/04/2026;AUTORAC VEICULOS LTDA;1,06E+13;CARUARU;PE;14/04/2026;30/04/2026;23/04/2026;Entregue No Prazo;;Entrega realizada;Entrega Finalizada;30;4;14;4;TERMACO;16001;;;
MOBIS BRASIL FABRICACAO DE AUTO PECAS LT;RODOVIARIO;1492258;10/04/2026;4;337690;14/04/2026;JPN PATOS COMERCIO DE VEICULOS LTDA;4,20E+13;PATOS;PB;14/04/2026;30/04/2026;23/04/2026;Entregue No Prazo;;Entrega realizada;Entrega Finalizada;30;4;14;4;TERMACO;15004;;;
MOBIS BRASIL FABRICACAO DE AUTO PECAS LT;RODOVIARIO;1493673;14/04/2026;1;337690;14/04/2026;JPN PATOS COMERCIO DE VEICULOS LTDA;4,20E+13;PATOS;PB;14/04/2026;30/04/2026;23/04/2026;Entregue No Prazo;;Entrega realizada;Entrega Finalizada;30;4;14;4;TERMACO;15004;;;
MOBIS BRASIL FABRICACAO DE AUTO PECAS LT;RODOVIARIO;1493686;14/04/2026;1;337702;14/04/2026;SAINT LAND COM DE VEICULOS S A;1,04E+13;MOSSORO;RN;14/04/2026;30/04/2026;23/04/2026;Entregue No Prazo;;Entrega realizada;Entrega Finalizada;30;4;14;4;TERMACO;20002;;;
MOBIS BRASIL FABRICACAO DE AUTO PECAS LT;RODOVIARIO;1492274;10/04/2026;2;337702;14/04/2026;SAINT LAND COM DE VEICULOS S A;1,04E+13;MOSSORO;RN;14/04/2026;30/04/2026;23/04/2026;Entregue No Prazo;;Entrega realizada;Entrega Finalizada;30;4;14;4;TERMACO;20002;;;
MOBIS BRASIL FABRICACAO DE AUTO PECAS LT;RODOVIARIO;1492222;10/04/2026;2;337709;14/04/2026;ULSAN COMERCIO DE VEICULOS LTDA;2,10E+13;RIO BRANCO;AC;14/04/2026;01/05/2026;23/04/2026;Entregue No Prazo;;Entrega realizada;Entrega Finalizada;1;5;14;4;CARVALIMA;21004;;;
MOBIS BRASIL FABRICACAO DE AUTO PECAS LT;RODOVIARIO;1492244;10/04/2026;1;337694;14/04/2026;NACIONAL NOVA MARABA DIST DE VEIC. LTDA;1,70E+13;IMPERATRIZ;MA;14/04/2026;04/05/2026;23/04/2026;Entregue No Prazo;;Entrega realizada;Entrega Finalizada;4;5;14;4;TERMACO;10003;;;
MOBIS BRASIL FABRICACAO DE AUTO PECAS LT;RODOVIARIO;1494314;15/04/2026;2;337731;15/04/2026;DESTAQUE SEUL DISTR DE VEIC PEC LTDA;2,12E+13;CARAGUATATUBA;SP;15/04/2026;21/04/2026;23/04/2026;Entregue No Prazo;;Entrega realizada;Entrega Finalizada;21;4;15;4;RISSO;26082;Fundação de Brasília;Estadual;DF
MOBIS BRASIL FABRICACAO DE AUTO PECAS LT;RODOVIARIO;1494315;15/04/2026;1;337731;15/04/2026;DESTAQUE SEUL DISTR DE VEIC PEC LTDA;2,12E+13;CARAGUATATUBA;SP;15/04/2026;21/04/2026;23/04/2026;Entregue No Prazo;;Entrega realizada;Entrega Finalizada;21;4;15;4;RISSO;26082;Fundação de Brasília;Estadual;DF
MOBIS BRASIL FABRICACAO DE AUTO PECAS LT;RODOVIARIO;1494237;15/04/2026;2;337838;15/04/2026;PRIME VILA VELHA VEICULOS LTDA.;2,14E+13;VILA VELHA;ES;15/04/2026;23/04/2026;23/04/2026;Entregue No Prazo;;Entrega realizada;Entrega Finalizada;23;4;15;4;CAMILO;8005;São Jorge;Estadual;RJ
MOBIS BRASIL FABRICACAO DE AUTO PECAS LT;RODOVIARIO;1494223;15/04/2026;2;337834;15/04/2026;PATEO COMERCIO DE VEICULOS S A;7,78E+12;SALVADOR;BA;15/04/2026;27/04/2026;23/04/2026;Entregue No Prazo;;Entrega realizada;Entrega Finalizada;27;4;15;4;TERMACO;5003;;;
MOBIS BRASIL FABRICACAO DE AUTO PECAS LT;RODOVIARIO;1494257;15/04/2026;10;337844;15/04/2026;UNIQUE COMERCIO DE AUTOMOVEIS LTDA;1,74E+13;ANANINDEUA;PA;15/04/2026;28/04/2026;23/04/2026;Entregue No Prazo;;Entrega realizada;Entrega Finalizada;28;4;15;4;CARVALIMA;14003;;;
MOBIS BRASIL FABRICACAO DE AUTO PECAS LT;RODOVIARIO;1492241;10/04/2026;1;337757;15/04/2026;NASA MOTORS LTDA.;2,65E+13;SAO LUIS DE MONTES BELOS;GO;15/04/2026;29/04/2026;23/04/2026;Entregue No Prazo;;Entrega realizada;Entrega Finalizada;29;4;15;4;RIO VERMELHO;9016;;;
MOBIS BRASIL FABRICACAO DE AUTO PECAS LT;RODOVIARIO;1494230;15/04/2026;1;337809;15/04/2026;CAOA MOTOR DO BRASIL LTDA;1,68E+13;FORTALEZA;CE;15/04/2026;29/04/2026;23/04/2026;Entregue No Prazo;;Entrega realizada;Entrega Finalizada;29;4;15;4;TERMACO;5008;;;
MOBIS BRASIL FABRICACAO DE AUTO PECAS LT;RODOVIARIO;1494512;15/04/2026;2;337818;15/04/2026;FAZZA MOTORS COM. DE VEICULOS LTDA;1,24E+13;FORTALEZA;CE;15/04/2026;29/04/2026;23/04/2026;Entregue No Prazo;;Entrega realizada;Entrega Finalizada;29;4;15;4;TERMACO;6001;;;
MOBIS BRASIL FABRICACAO DE AUTO PECAS LT;RODOVIARIO;1494229;15/04/2026;18;337820;15/04/2026;FAZZA MOTORS COMERCIO DE VEICULOS LTDA;1,24E+13;FORTALEZA;CE;15/04/2026;29/04/2026;23/04/2026;Entregue No Prazo;;Entrega realizada;Entrega Finalizada;29;4;15;4;TERMACO;5007;;;
MOBIS BRASIL FABRICACAO DE AUTO PECAS LT;RODOVIARIO;1494260;15/04/2026;1;337836;15/04/2026;PATEO COMERCIO DE VEICULOS S A;7,78E+12;RECIFE;PE;15/04/2026;30/04/2026;23/04/2026;Entregue No Prazo;;Entrega realizada;Entrega Finalizada;30;4;15;4;TERMACO;16004;;;
MOBIS BRASIL FABRICACAO DE AUTO PECAS LT;RODOVIARIO;1494430;15/04/2026;2;337836;15/04/2026;PATEO COMERCIO DE VEICULOS S A;7,78E+12;RECIFE;PE;15/04/2026;30/04/2026;23/04/2026;Entregue No Prazo;;Entrega realizada;Entrega Finalizada;30;4;15;4;TERMACO;16004;;;
MOBIS BRASIL FABRICACAO DE AUTO PECAS LT;RODOVIARIO;1494244;15/04/2026;1;337837;15/04/2026;PATEO COMERCIO DE VEICULOS S A;7,78E+12;SAO LUIS;MA;15/04/2026;30/04/2026;23/04/2026;Entregue No Prazo;;Entrega realizada;Entrega Finalizada;30;4;15;4;TERMACO;10002;;;
MOBIS BRASIL FABRICACAO DE AUTO PECAS LT;RODOVIARIO;1494421;15/04/2026;2;337837;15/04/2026;PATEO COMERCIO DE VEICULOS S A;7,78E+12;SAO LUIS;MA;15/04/2026;30/04/2026;23/04/2026;Entregue No Prazo;;Entrega realizada;Entrega Finalizada;30;4;15;4;TERMACO;10002;;;
MOBIS BRASIL FABRICACAO DE AUTO PECAS LT;RODOVIARIO;1494445;15/04/2026;2;337840;15/04/2026;SAINT LAND COMERCIO DE VEICULOS LTDA;1,04E+13;NATAL;RN;15/04/2026;30/04/2026;23/04/2026;Entregue No Prazo;;Entrega realizada;Entrega Finalizada;30;4;15;4;TERMACO;6010;;;
MOBIS BRASIL FABRICACAO DE AUTO PECAS LT;RODOVIARIO;1494275;15/04/2026;6;337840;15/04/2026;SAINT LAND COMERCIO DE VEICULOS LTDA;1,04E+13;NATAL;RN;15/04/2026;30/04/2026;23/04/2026;Entregue No Prazo;;Entrega realizada;Entrega Finalizada;30;4;15;4;TERMACO;6010;;;
MOBIS BRASIL FABRICACAO DE AUTO PECAS LT;RODOVIARIO;1494245;15/04/2026;1;337831;15/04/2026;NACIONAL NOVA MARABA DIST DE VEIC. LTDA;1,70E+13;IMPERATRIZ;MA;15/04/2026;05/05/2026;23/04/2026;Entregue No Prazo;;Entrega realizada;Entrega Finalizada;5;5;15;4;TERMACO;10003;;;
MOBIS BRASIL FABRICACAO DE AUTO PECAS LT;RODOVIARIO;1495206;16/04/2026;3;337989;16/04/2026;ANDRETA II DISTRIBUIDORA DE VEIC. LTDA;9,10E+12;AMERICANA;SP;16/04/2026;21/04/2026;23/04/2026;Entregue No Prazo;;Entrega realizada;Entrega Finalizada;21;4;16;4;RISSO;26011;Fundação de Brasília;Estadual;DF
MOBIS BRASIL FABRICACAO DE AUTO PECAS LT;RODOVIARIO;1495142;16/04/2026;1;338036;16/04/2026;VIME AUTOMOVEIS E PECAS LTDA;2,85E+13;GUAXUPE;MG;16/04/2026;23/04/2026;23/04/2026;Entregue No Prazo;;Entrega realizada;Entrega Finalizada;23;4;16;4;XD BETIM;11031;São Jorge;Estadual;RJ
MOBIS BRASIL FABRICACAO DE AUTO PECAS LT;RODOVIARIO;1495135;16/04/2026;1;338024;16/04/2026;NISA COMERCIAL DE VEIC. AUTOMOTORES LTDA;1,03E+13;GOIANIA;GO;16/04/2026;24/04/2026;23/04/2026;Entregue No Prazo;;Entrega realizada;Entrega Finalizada;24;4;16;4;RIO VERMELHO;9013;;;
MOBIS BRASIL FABRICACAO DE AUTO PECAS LT;RODOVIARIO;1495132;16/04/2026;7;338025;16/04/2026;NISA COMERCIAL DE VEIC. AUTOMOTORES LTDA;1,03E+13;APARECIDA DE GOIANIA;GO;16/04/2026;24/04/2026;23/04/2026;Entregue No Prazo;;Entrega realizada;Entrega Finalizada;24;4;16;4;RIO VERMELHO;9002;;;
MOBIS BRASIL FABRICACAO DE AUTO PECAS LT;RODOVIARIO;1495128;16/04/2026;1;338029;16/04/2026;SAGA KOREA COM. DE VEIC. E PC. LTDA;1,27E+13;BRASILIA;DF;16/04/2026;24/04/2026;23/04/2026;Entregue No Prazo;;Entrega realizada;Entrega Finalizada;24;4;16;4;RIO VERMELHO;7005;;;
MOBIS BRASIL FABRICACAO DE AUTO PECAS LT;RODOVIARIO;1495134;16/04/2026;34;338030;16/04/2026;SAGA KOREA COM. DE VEIC. E PC. LTDA;1,27E+13;GOIANIA;GO;16/04/2026;24/04/2026;23/04/2026;Entregue No Prazo;;Entrega realizada;Entrega Finalizada;24;4;16;4;RIO VERMELHO;9011;;;
MOBIS BRASIL FABRICACAO DE AUTO PECAS LT;RODOVIARIO;1495133;16/04/2026;1;338030;16/04/2026;SAGA KOREA COM. DE VEIC. E PC. LTDA;1,27E+13;GOIANIA;GO;16/04/2026;24/04/2026;23/04/2026;Entregue No Prazo;;Entrega realizada;Entrega Finalizada;24;4;16;4;RIO VERMELHO;9011;;;
MOBIS BRASIL FABRICACAO DE AUTO PECAS LT;RODOVIARIO;1495125;16/04/2026;7;338032;16/04/2026;SMAFF IMPORT VEICULOS LTDA;8,18E+12;BRASILIA;DF;16/04/2026;24/04/2026;23/04/2026;Entregue No Prazo;;Entrega realizada;Entrega Finalizada;24;4;16;4;RIO VERMELHO;7002;;;
MOBIS BRASIL FABRICACAO DE AUTO PECAS LT;RODOVIARIO;1495182;16/04/2026;1;338091;16/04/2026;HOUSE PARTS - COM. DE PECAS E VEIC. LTDA;1,15E+13;SANTA MARIA;RS;16/04/2026;24/04/2026;23/04/2026;Entregue No Prazo;;Entrega realizada;Entrega Finalizada;24;4;16;4;TRANSTRY;23008;;;
MOBIS BRASIL FABRICACAO DE AUTO PECAS LT;RODOVIARIO;1495118;16/04/2026;2;338054;16/04/2026;FAZZA MOTORS COMERCIO DE VEICULOS LTDA;1,24E+13;SALVADOR;BA;16/04/2026;28/04/2026;23/04/2026;Entregue No Prazo;;Entrega realizada;Entrega Finalizada;28;4;16;4;TERMACO;5007;;;
MOBIS BRASIL FABRICACAO DE AUTO PECAS LT;RODOVIARIO;1495117;16/04/2026;5;338068;16/04/2026;PATEO COMERCIO DE VEICULOS S A;7,78E+12;SALVADOR;BA;16/04/2026;28/04/2026;23/04/2026;Entregue No Prazo;;Entrega realizada;Entrega Finalizada;28;4;16;4;TERMACO;5003;;;
MOBIS BRASIL FABRICACAO DE AUTO PECAS LT;RODOVIARIO;1495149;16/04/2026;2;338077;16/04/2026;UNIQUE COMERCIO DE AUTOMOVEIS LTDA;1,74E+13;ANANINDEUA;PA;16/04/2026;29/04/2026;23/04/2026;Entregue No Prazo;AVARIA;Entrega realizada;Entrega Finalizada;29;4;16;4;CARVALIMA;14003;;;
MOBIS BRASIL FABRICACAO DE AUTO PECAS LT;RODOVIARIO;1495120;16/04/2026;9;338066;16/04/2026;PATEO COMERCIO DE VEICULOS S A;7,78E+12;FEIRA DE SANTANA;BA;16/04/2026;01/05/2026;23/04/2026;Entregue No Prazo;;Entrega realizada;Entrega Finalizada;1;5;16;4;TERMACO;5009;;;
MOBIS BRASIL FABRICACAO DE AUTO PECAS LT;RODOVIARIO;1495156;16/04/2026;4;338069;16/04/2026;PATEO COMERCIO DE VEICULOS S A;7,78E+12;RECIFE;PE;16/04/2026;01/05/2026;23/04/2026;Entregue No Prazo;;Entrega realizada;Entrega Finalizada;1;5;16;4;TERMACO;16004;;;
MOBIS BRASIL FABRICACAO DE AUTO PECAS LT;RODOVIARIO;1495155;16/04/2026;1;338069;16/04/2026;PATEO COMERCIO DE VEICULOS S A;7,78E+12;RECIFE;PE;16/04/2026;01/05/2026;23/04/2026;Entregue No Prazo;;Entrega realizada;Entrega Finalizada;1;5;16;4;TERMACO;16004;;;
MOBIS BRASIL FABRICACAO DE AUTO PECAS LT;RODOVIARIO;1496015;17/04/2026;1;338257;17/04/2026;GOLDEN MOTORS VEICULOS LTDA;3,62E+12;ARACATUBA;SP;17/04/2026;23/04/2026;23/04/2026;Entregue No Prazo;;Entrega realizada;Entrega Finalizada;23;4;17;4;RISSO;12001;São Jorge;Estadual;RJ
MOBIS BRASIL FABRICACAO DE AUTO PECAS LT;RODOVIARIO;1495991;17/04/2026;2;338261;17/04/2026;HYMAX DISTRIBUIDORA DE VEICULOS LTDA;1,73E+13;MOGI GUACU;SP;17/04/2026;23/04/2026;23/04/2026;Entregue No Prazo;;Entrega realizada;Entrega Finalizada;23;4;17;4;RISSO;26002;São Jorge;Estadual;RJ
MOBIS BRASIL FABRICACAO DE AUTO PECAS LT;RODOVIARIO;1495990;17/04/2026;1;338261;17/04/2026;HYMAX DISTRIBUIDORA DE VEICULOS LTDA;1,73E+13;MOGI GUACU;SP;17/04/2026;23/04/2026;23/04/2026;Entregue No Prazo;;Entrega realizada;Entrega Finalizada;23;4;17;4;RISSO;26002;São Jorge;Estadual;RJ
MOBIS BRASIL FABRICACAO DE AUTO PECAS LT;RODOVIARIO;1496014;17/04/2026;1;338264;17/04/2026;NOBRE DISTRIBUIDORA DE VEIC. E PEC. LTDA;5,76E+12;APARECIDA;SP;17/04/2026;23/04/2026;23/04/2026;Entregue No Prazo;;Entrega realizada;Entrega Finalizada;23;4;17;4;RISSO;26053;São Jorge;Estadual;RJ
MOBIS BRASIL FABRICACAO DE AUTO PECAS LT;RODOVIARIO;1495938;17/04/2026;2;338296;17/04/2026;URCA MOTORS VEICULOS LTDA;8,77E+12;PATOS DE MINAS;MG;17/04/2026;23/04/2026;23/04/2026;Entregue No Prazo;;Entrega realizada;Entrega Finalizada;23;4;17;4;XD BETIM;9014;São Jorge;Estadual;RJ
MOBIS BRASIL FABRICACAO DE AUTO PECAS LT;RODOVIARIO;1495978;17/04/2026;5;338307;17/04/2026;CARWAY SUL VEICULOS LTDA;1,03E+13;CANOAS;RS;17/04/2026;23/04/2026;23/04/2026;Entregue No Prazo;;Entrega realizada;Entrega Finalizada;23;4;17;4;TRANSTRY;23003;São Jorge;Estadual;RJ
MOBIS BRASIL FABRICACAO DE AUTO PECAS LT;RODOVIARIO;1495977;17/04/2026;4;338313;17/04/2026;HOUSE PARTS-COM. DE PCS. E VEICULOS LTDA;1,15E+13;PORTO ALEGRE;RS;17/04/2026;23/04/2026;23/04/2026;Entregue No Prazo;;Entrega realizada;Entrega Finalizada;23;4;17;4;TRANSTRY;23004;São Jorge;Estadual;RJ
MOBIS BRASIL FABRICACAO DE AUTO PECAS LT;RODOVIARIO;1495959;17/04/2026;1;338318;17/04/2026;VETOR AUTOMOVEIS LTDA;2,12E+13;CASCAVEL;PR;17/04/2026;23/04/2026;23/04/2026;Entregue No Prazo;;Entrega realizada;Entrega Finalizada;23;4;17;4;TRANSTRY;18019;São Jorge;Estadual;RJ
MOBIS BRASIL FABRICACAO DE AUTO PECAS LT;RODOVIARIO;1495964;17/04/2026;1;338339;17/04/2026;ITAVEMA MOTORS VEICULOS LTDA;7,73E+12;DUQUE DE CAXIAS;RJ;17/04/2026;23/04/2026;23/04/2026;Entregue No Prazo;;Entrega realizada;Entrega Finalizada;23;4;17;4;CAMILO;19001;São Jorge;Estadual;RJ
MOBIS BRASIL FABRICACAO DE AUTO PECAS LT;RODOVIARIO;1495965;17/04/2026;2;338339;17/04/2026;ITAVEMA MOTORS VEICULOS LTDA;7,73E+12;DUQUE DE CAXIAS;RJ;17/04/2026;23/04/2026;23/04/2026;Entregue No Prazo;;Entrega realizada;Entrega Finalizada;23;4;17;4;CAMILO;19001;São Jorge;Estadual;RJ
MOBIS BRASIL FABRICACAO DE AUTO PECAS LT;RODOVIARIO;1495936;17/04/2026;2;338297;17/04/2026;VIME AUTOMOVEIS E PECAS LTDA;2,85E+13;GUAXUPE;MG;17/04/2026;24/04/2026;23/04/2026;Entregue No Prazo;;Entrega realizada;Entrega Finalizada;24;4;17;4;XD BETIM;11031;;;
MOBIS BRASIL FABRICACAO DE AUTO PECAS LT;RODOVIARIO;1495982;17/04/2026;2;338298;17/04/2026;ATUAL VEICULOS LTDA;1,33E+13;ARARANGUA;SC;17/04/2026;24/04/2026;23/04/2026;Entregue No Prazo;;Entrega realizada;Entrega Finalizada;24;4;17;4;TRANSTRY;24001;;;
MOBIS BRASIL FABRICACAO DE AUTO PECAS LT;RODOVIARIO;1495983;17/04/2026;2;338299;17/04/2026;ATUAL VEICULOS LTDA;1,33E+13;CRICIUMA;SC;17/04/2026;24/04/2026;23/04/2026;Entregue No Prazo;;Entrega realizada;Entrega Finalizada;24;4;17;4;TRANSTRY;24001;;;
MOBIS BRASIL FABRICACAO DE AUTO PECAS LT;RODOVIARIO;1495984;17/04/2026;7;338300;17/04/2026;ATUAL VEICULOS LTDA;1,33E+13;TUBARAO;SC;17/04/2026;24/04/2026;23/04/2026;Entregue No Prazo;;Entrega realizada;Entrega Finalizada;24;4;17;4;TRANSTRY;24001;;;
MOBIS BRASIL FABRICACAO DE AUTO PECAS LT;RODOVIARIO;1495986;17/04/2026;13;338301;17/04/2026;BARI VEICULOS LTDA;7,46E+12;BLUMENAU;SC;17/04/2026;24/04/2026;23/04/2026;Entregue No Prazo;;Entrega realizada;Entrega Finalizada;24;4;17;4;TRANSTRY;18024;;;
MOBIS BRASIL FABRICACAO DE AUTO PECAS LT;RODOVIARIO;1495985;17/04/2026;14;338315;17/04/2026;LR COMERCIO DE VEICULOS LTDA;1,05E+13;SAO JOSE;SC;17/04/2026;24/04/2026;23/04/2026;Entregue No Prazo;;Entrega realizada;Entrega Finalizada;24;4;17;4;TRANSTRY;24007;;;
MOBIS BRASIL FABRICACAO DE AUTO PECAS LT;RODOVIARIO;1495958;17/04/2026;1;338319;17/04/2026;ZENDAI VEICULOS LTDA;1,97E+13;TOLEDO;PR;17/04/2026;24/04/2026;23/04/2026;Entregue No Prazo;;Entrega realizada;Entrega Finalizada;24;4;17;4;TRANSTRY;18016;;;
MOBIS BRASIL FABRICACAO DE AUTO PECAS LT;RODOVIARIO;1495923;17/04/2026;3;338351;17/04/2026;PRIME VILA VELHA VEICULOS LTDA.;2,14E+13;VILA VELHA;ES;17/04/2026;24/04/2026;23/04/2026;Entregue No Prazo;;Entrega realizada;Entrega Finalizada;24;4;17;4;CAMILO;8005;;;
MOBIS BRASIL FABRICACAO DE AUTO PECAS LT;RODOVIARIO;1495920;17/04/2026;4;338358;17/04/2026;TAI MOTORS VEICULOS S/A;9,27E+12;VITORIA;ES;17/04/2026;24/04/2026;23/04/2026;Entregue No Prazo;;Entrega realizada;Entrega Finalizada;24;4;17;4;CAMILO;8002;;;
MOBIS BRASIL FABRICACAO DE AUTO PECAS LT;RODOVIARIO;1495919;17/04/2026;2;338363;17/04/2026;VIA BRASIL AUTOMOVEIS LTDA.;4,72E+12;SERRA;ES;17/04/2026;24/04/2026;23/04/2026;Entregue No Prazo;;Entrega realizada;Entrega Finalizada;24;4;17;4;CAMILO;8001;;;
MOBIS BRASIL FABRICACAO DE AUTO PECAS LT;RODOVIARIO;1495924;17/04/2026;4;338284;17/04/2026;NISA COMERCIAL DE VEIC. AUTOMOTORES LTDA;1,03E+13;APARECIDA DE GOIANIA;GO;17/04/2026;27/04/2026;23/04/2026;Entregue No Prazo;;Entrega realizada;Entrega Finalizada;27;4;17;4;RIO VERMELHO;9002;;;
MOBIS BRASIL FABRICACAO DE AUTO PECAS LT;RODOVIARIO;1495927;17/04/2026;1;338285;17/04/2026;NISA COMERCIAL DE VEIC. AUTOMOTORES LTDA;1,03E+13;GOIANIA;GO;17/04/2026;27/04/2026;23/04/2026;Entregue No Prazo;;Entrega realizada;Entrega Finalizada;27;4;17;4;RIO VERMELHO;9013;;;
MOBIS BRASIL FABRICACAO DE AUTO PECAS LT;RODOVIARIO;1495918;17/04/2026;12;338291;17/04/2026;SAGA KOREA COM. DE VEIC. E PC. LTDA;1,27E+13;BRASILIA;DF;17/04/2026;27/04/2026;23/04/2026;Entregue No Prazo;;Entrega realizada;Entrega Finalizada;27;4;17;4;RIO VERMELHO;7005;;;
MOBIS BRASIL FABRICACAO DE AUTO PECAS LT;RODOVIARIO;1495917;17/04/2026;2;338292;17/04/2026;SMAFF IMPORT VEICULOS LTDA;8,18E+12;BRASILIA;DF;17/04/2026;27/04/2026;23/04/2026;Entregue No Prazo;;Entrega realizada;Entrega Finalizada;27;4;17;4;RIO VERMELHO;7002;;;
MOBIS BRASIL FABRICACAO DE AUTO PECAS LT;RODOVIARIO;1495979;17/04/2026;1;338312;17/04/2026;HOUSE PARTS - COM. DE PECAS E VEIC. LTDA;1,15E+13;SANTA MARIA;RS;17/04/2026;27/04/2026;23/04/2026;Entregue No Prazo;;Entrega realizada;Entrega Finalizada;27;4;17;4;TRANSTRY;23008;;;
MOBIS BRASIL FABRICACAO DE AUTO PECAS LT;RODOVIARIO;1495941;17/04/2026;1;338336;17/04/2026;GOLDEN MOTORS VEICULOS LTDA;3,62E+12;DOURADOS;MS;17/04/2026;27/04/2026;23/04/2026;Entregue No Prazo;;Entrega realizada;Entrega Finalizada;27;4;17;4;CARVALIMA;12001;;;
MOBIS BRASIL FABRICACAO DE AUTO PECAS LT;RODOVIARIO;1495988;17/04/2026;6;338310;17/04/2026;CHINHAN AUTOMOVEIS LTDA.;2,41E+13;CACADOR;SC;17/04/2026;28/04/2026;23/04/2026;Entregue No Prazo;;Entrega realizada;Entrega Finalizada;28;4;17;4;TRANSTRY;24020;;;
MOBIS BRASIL FABRICACAO DE AUTO PECAS LT;RODOVIARIO;1495945;17/04/2026;5;338362;17/04/2026;UNIQUE COMERCIO DE AUTOMOVEIS LTDA;1,74E+13;ANANINDEUA;PA;17/04/2026;30/04/2026;23/04/2026;Entregue No Prazo;;Entrega realizada;Entrega Finalizada;30;4;17;4;CARVALIMA;14003;;;
MOBIS BRASIL FABRICACAO DE AUTO PECAS LT;RODOVIARIO;1495909;17/04/2026;1;338323;17/04/2026;AIKON VEICULOS LTDA;1,17E+13;VITORIA DA CONQUISTA;BA;17/04/2026;04/05/2026;23/04/2026;Entregue No Prazo;;Entrega realizada;Entrega Finalizada;4;5;17;4;TERMACO;5002;;;
MOBIS BRASIL FABRICACAO DE AUTO PECAS LT;RODOVIARIO;1495908;17/04/2026;1;338323;17/04/2026;AIKON VEICULOS LTDA;1,17E+13;VITORIA DA CONQUISTA;BA;17/04/2026;04/05/2026;23/04/2026;Entregue No Prazo;;Entrega realizada;Entrega Finalizada;4;5;17;4;TERMACO;5002;;;
MOBIS BRASIL FABRICACAO DE AUTO PECAS LT;RODOVIARIO;1495952;17/04/2026;2;338325;17/04/2026;AUTORAC VEICULOS LTDA;1,06E+13;PETROLINA;PE;17/04/2026;05/05/2026;23/04/2026;Entregue No Prazo;;Entrega realizada;Entrega Finalizada;5;5;17;4;TERMACO;16001;;;
MOBIS BRASIL FABRICACAO DE AUTO PECAS LT;RODOVIARIO;1496837;20/04/2026;1;338529;20/04/2026;DHC COMERCIO DE VEICULOS E PECAS LTDA;9,52E+12;BAURU;SP;20/04/2026;23/04/2026;23/04/2026;Entregue No Prazo;;Entrega realizada;Entrega Finalizada;23;4;20;4;RISSO;26010;São Jorge;Estadual;RJ
MOBIS BRASIL FABRICACAO DE AUTO PECAS LT;RODOVIARIO;1496857;20/04/2026;1;338533;20/04/2026;H - CAMINHO AUTOMOVEIS LTDA;2,53E+13;LIMEIRA;SP;20/04/2026;23/04/2026;23/04/2026;Entregue No Prazo;;Entrega realizada;Entrega Finalizada;23;4;20;4;RISSO;26092;São Jorge;Estadual;RJ
MOBIS BRASIL FABRICACAO DE AUTO PECAS LT;RODOVIARIO;1496853;20/04/2026;2;338541;20/04/2026;CAOA MOTOR DO BRASIL LTDA;1,68E+13;SANTOS;SP;20/04/2026;23/04/2026;23/04/2026;Entregue No Prazo;;Entrega realizada;Entrega Finalizada;23;4;20;4;XD DIADEMA;5008;São Jorge;Estadual;RJ
MOBIS BRASIL FABRICACAO DE AUTO PECAS LT;RODOVIARIO;1496839;20/04/2026;46;338552;20/04/2026;MOTONET COMERCIO DE VEICULOS LTDA;9,28E+12;SOROCABA;SP;20/04/2026;23/04/2026;23/04/2026;Entregue No Prazo;;Entrega realizada;Entrega Finalizada;23;4;20;4;XD DIADEMA;26113;São Jorge;Estadual;RJ
MOBIS BRASIL FABRICACAO DE AUTO PECAS LT;RODOVIARIO;1496805;20/04/2026;47;338584;20/04/2026;SEVEC VEICULOS LTDA;5,68E+11;CURITIBA;PR;20/04/2026;23/04/2026;23/04/2026;Entregue No Prazo;;Entrega realizada;Entrega Finalizada;23;4;20;4;TRANSTRY;18012;São Jorge;Estadual;RJ
MOBIS BRASIL FABRICACAO DE AUTO PECAS LT;RODOVIARIO;1496860;20/04/2026;1;338525;20/04/2026;ANDRETA II DISTRIBUIDORA DE VEIC. LTDA;9,10E+12;RIO CLARO;SP;20/04/2026;24/04/2026;23/04/2026;Entregue No Prazo;;Entrega realizada;Entrega Finalizada;24;4;20;4;RISSO;26011;;;
MOBIS BRASIL FABRICACAO DE AUTO PECAS LT;RODOVIARIO;1496852;20/04/2026;1;338528;20/04/2026;DESTAQUE SEUL DISTR DE VEIC PEC LTDA;2,12E+13;CARAGUATATUBA;SP;20/04/2026;24/04/2026;23/04/2026;Entregue No Prazo;;Entrega realizada;Entrega Finalizada;24;4;20;4;RISSO;26082;;;
MOBIS BRASIL FABRICACAO DE AUTO PECAS LT;RODOVIARIO;1496846;20/04/2026;3;338534;20/04/2026;H R B COMERCIO DE VEICULOS LTDA;1,82E+13;SAO JOSE DO RIO PRETO;SP;20/04/2026;24/04/2026;23/04/2026;Entregue No Prazo;;Entrega realizada;Entrega Finalizada;24;4;20;4;RISSO;26050;;;
MOBIS BRASIL FABRICACAO DE AUTO PECAS LT;RODOVIARIO;1496847;20/04/2026;16;338534;20/04/2026;H R B COMERCIO DE VEICULOS LTDA;1,82E+13;SAO JOSE DO RIO PRETO;SP;20/04/2026;24/04/2026;23/04/2026;Entregue No Prazo;;Entrega realizada;Entrega Finalizada;24;4;20;4;RISSO;26050;;;
MOBIS BRASIL FABRICACAO DE AUTO PECAS LT;RODOVIARIO;1496834;20/04/2026;2;338535;20/04/2026;HYMAX DISTRIBUIDORA DE VEICULOS LTDA;1,73E+13;MOGI GUACU;SP;20/04/2026;24/04/2026;23/04/2026;Entregue No Prazo;;Entrega realizada;Entrega Finalizada;24;4;20;4;RISSO;26002;;;
MOBIS BRASIL FABRICACAO DE AUTO PECAS LT;RODOVIARIO;1496845;20/04/2026;2;338537;20/04/2026;NEW VEICULOS E PECAS LTDA;1,59E+13;FRANCA;SP;20/04/2026;24/04/2026;23/04/2026;Entregue No Prazo;;Entrega realizada;Entrega Finalizada;24;4;20;4;RISSO;26014;;;
MOBIS BRASIL FABRICACAO DE AUTO PECAS LT;RODOVIARIO;1496833;20/04/2026;3;338570;20/04/2026;BARI VEICULOS LTDA;7,46E+12;JARAGUA DO SUL;SC;20/04/2026;24/04/2026;23/04/2026;Entregue No Prazo;;Entrega realizada;Entrega Finalizada;24;4;20;4;TRANSTRY;18024;;;
MOBIS BRASIL FABRICACAO DE AUTO PECAS LT;RODOVIARIO;1496808;20/04/2026;5;338571;20/04/2026;BARI VEICULOS LTDA;7,46E+12;SAO JOSE DOS PINHAIS;PR;20/04/2026;24/04/2026;23/04/2026;Entregue No Prazo;;Entrega realizada;Entrega Finalizada;24;4;20;4;TRANSTRY;18024;;;
MOBIS BRASIL FABRICACAO DE AUTO PECAS LT;RODOVIARIO;1497095;20/04/2026;1;338573;20/04/2026;BARI VEICULOS LTDA;7,46E+12;PONTA GROSSA;PR;20/04/2026;24/04/2026;23/04/2026;Entregue No Prazo;;Entrega realizada;Entrega Finalizada;24;4;20;4;TRANSTRY;18024;;;
MOBIS BRASIL FABRICACAO DE AUTO PECAS LT;RODOVIARIO;1496829;20/04/2026;1;338574;20/04/2026;BARI VEICULOS LTDA.;7,46E+12;JOINVILLE;SC;20/04/2026;24/04/2026;23/04/2026;Entregue No Prazo;;Entrega realizada;Entrega Finalizada;24;4;20;4;TRANSTRY;24013;;;
MOBIS BRASIL FABRICACAO DE AUTO PECAS LT;RODOVIARIO;1496803;20/04/2026;31;338582;20/04/2026;LOVAT VEICULOS S/A;8,57E+12;LONDRINA;PR;20/04/2026;24/04/2026;23/04/2026;Entregue No Prazo;;Entrega realizada;Entrega Finalizada;24;4;20;4;TRANSTRY;18008;;;
MOBIS BRASIL FABRICACAO DE AUTO PECAS LT;RODOVIARIO;1496806;20/04/2026;1;338585;20/04/2026;VETOR AUTOMOVEIS LTDA;2,12E+13;CASCAVEL;PR;20/04/2026;24/04/2026;23/04/2026;Entregue No Prazo;;Entrega realizada;Entrega Finalizada;24;4;20;4;TRANSTRY;18019;;;
MOBIS BRASIL FABRICACAO DE AUTO PECAS LT;RODOVIARIO;1496825;20/04/2026;1;338566;20/04/2026;ATUAL VEICULOS LTDA;1,33E+13;CRICIUMA;SC;20/04/2026;27/04/2026;23/04/2026;Entregue No Prazo;;Entrega realizada;Entrega Finalizada;27;4;20;4;TRANSTRY;24001;;;
MOBIS BRASIL FABRICACAO DE AUTO PECAS LT;RODOVIARIO;1496826;20/04/2026;11;338567;20/04/2026;ATUAL VEICULOS LTDA;1,33E+13;TUBARAO;SC;20/04/2026;27/04/2026;23/04/2026;Entregue No Prazo;;Entrega realizada;Entrega Finalizada;27;4;20;4;TRANSTRY;24001;;;
MOBIS BRASIL FABRICACAO DE AUTO PECAS LT;RODOVIARIO;1496828;20/04/2026;21;338568;20/04/2026;BARI VEICULOS LTDA;7,46E+12;BLUMENAU;SC;20/04/2026;27/04/2026;23/04/2026;Entregue No Prazo;;Entrega realizada;Entrega Finalizada;27;4;20;4;TRANSTRY;18024;;;
MOBIS BRASIL FABRICACAO DE AUTO PECAS LT;RODOVIARIO;1496827;20/04/2026;4;338583;20/04/2026;LR COMERCIO DE VEICULOS LTDA;1,05E+13;SAO JOSE;SC;20/04/2026;27/04/2026;23/04/2026;Entregue No Prazo;;Entrega realizada;Entrega Finalizada;27;4;20;4;TRANSTRY;24007;;;
MOBIS BRASIL FABRICACAO DE AUTO PECAS LT;RODOVIARIO;1496773;20/04/2026;2;338553;20/04/2026;NISA COMERCIAL DE VEIC. AUTOMOTORES LTDA;1,03E+13;APARECIDA DE GOIANIA;GO;20/04/2026;28/04/2026;23/04/2026;Entregue No Prazo;;Entrega realizada;Entrega Finalizada;28;4;20;4;RIO VERMELHO;9002;;;
MOBIS BRASIL FABRICACAO DE AUTO PECAS LT;RODOVIARIO;1496772;20/04/2026;1;338553;20/04/2026;NISA COMERCIAL DE VEIC. AUTOMOTORES LTDA;1,03E+13;APARECIDA DE GOIANIA;GO;20/04/2026;28/04/2026;23/04/2026;Entregue No Prazo;;Entrega realizada;Entrega Finalizada;28;4;20;4;RIO VERMELHO;9002;;;
MOBIS BRASIL FABRICACAO DE AUTO PECAS LT;RODOVIARIO;1496768;20/04/2026;18;338557;20/04/2026;SAGA KOREA COM. DE VEIC. E PC. LTDA;1,27E+13;BRASILIA;DF;20/04/2026;28/04/2026;23/04/2026;Entregue No Prazo;;Entrega realizada;Entrega Finalizada;28;4;20;4;RIO VERMELHO;7005;;;
MOBIS BRASIL FABRICACAO DE AUTO PECAS LT;RODOVIARIO;1496767;20/04/2026;3;338559;20/04/2026;SMAFF IMPORT VEICULOS LTDA;8,18E+12;BRASILIA;DF;20/04/2026;28/04/2026;23/04/2026;Entregue No Prazo;;Entrega realizada;Entrega Finalizada;28;4;20;4;RIO VERMELHO;7002;;;
MOBIS BRASIL FABRICACAO DE AUTO PECAS LT;RODOVIARIO;1496830;20/04/2026;1;338572;20/04/2026;BARI VEICULOS LTDA;7,46E+12;BALNEARIO CAMBORIU;SC;20/04/2026;28/04/2026;23/04/2026;Entregue No Prazo;;Entrega realizada;Entrega Finalizada;28;4;20;4;TRANSTRY;18024;;;
MOBIS BRASIL FABRICACAO DE AUTO PECAS LT;RODOVIARIO;1496832;20/04/2026;2;338578;20/04/2026;CHINHAN AUTOMOVEIS LTDA.;2,41E+13;CACADOR;SC;20/04/2026;29/04/2026;23/04/2026;Entregue No Prazo;;Entrega realizada;Entrega Finalizada;29;4;20;4;TRANSTRY;24020;;;
MOBIS BRASIL FABRICACAO DE AUTO PECAS LT;RODOVIARIO;1496791;20/04/2026;1;338611;20/04/2026;SAGA ASIA COM. DE VEIC.PC.E SERV. LTDA;2,23E+13;VARZEA GRANDE;MT;20/04/2026;29/04/2026;23/04/2026;Entregue No Prazo;;Entrega realizada;Entrega Finalizada;29;4;20;4;CARVALIMA;13004;;;
MOBIS BRASIL FABRICACAO DE AUTO PECAS LT;RODOVIARIO;1496792;20/04/2026;19;338611;20/04/2026;SAGA ASIA COM. DE VEIC.PC.E SERV. LTDA;2,23E+13;VARZEA GRANDE;MT;20/04/2026;29/04/2026;23/04/2026;Entregue No Prazo;;Entrega realizada;Entrega Finalizada;29;4;20;4;CARVALIMA;13004;;;
MOBIS BRASIL FABRICACAO DE AUTO PECAS LT;RODOVIARIO;1496848;20/04/2026;2;338755;22/04/2026;CAOA MOTOR DO BRASIL LTDA (VL PRUDENTE);1,68E+13;SAO PAULO;SP;22/04/2026;24/04/2026;23/04/2026;Entregue No Prazo;;Entrega realizada;Entrega Finalizada;24;4;22;4;BV LOG;26051;;;
MOBIS BRASIL FABRICACAO DE AUTO PECAS LT;RODOVIARIO;1497777;21/04/2026;1;338836;22/04/2026;BILLY DISTRIBUIDORA DE VEICULOS LTDA;1,34E+13;BARUERI;SP;22/04/2026;24/04/2026;23/04/2026;Entregue No Prazo;;Entrega realizada;Entrega Finalizada;24;4;22;4;BV LOG;26003;;;
MOBIS BRASIL FABRICACAO DE AUTO PECAS LT;RODOVIARIO;1497778;21/04/2026;7;338853;22/04/2026;NOBRE DISTRIBUIDORA DE VEICULOS E PECAS;5,76E+12;MOGI DAS CRUZES;SP;22/04/2026;24/04/2026;23/04/2026;Entregue No Prazo;;Entrega realizada;Entrega Finalizada;24;4;22;4;BV LOG;26004;;;
MOBIS BRASIL FABRICACAO DE AUTO PECAS LT;RODOVIARIO;1497779;21/04/2026;2;338849;22/04/2026;GRAND SPORT COM. DE VEIC. E PECAS LTDA;8,58E+12;GUARULHOS;SP;22/04/2026;24/04/2026;23/04/2026;Entregue No Prazo;;Entrega realizada;Entrega Finalizada;24;4;22;4;BV LOG;26005;;;
MOBIS BRASIL FABRICACAO DE AUTO PECAS LT;RODOVIARIO;1497784;21/04/2026;2;338850;22/04/2026;GRAND SPORT COM. DE VEIC. E PECAS LTDA;8,58E+12;SAO PAULO;SP;22/04/2026;24/04/2026;23/04/2026;Entregue No Prazo;;Entrega realizada;Entrega Finalizada;24;4;22;4;BV LOG;26034;;;
MOBIS BRASIL FABRICACAO DE AUTO PECAS LT;RODOVIARIO;1497785;21/04/2026;1;338841;22/04/2026;CAOA MOTOR DO BRASIL LTDA (ARICANDUVA);1,68E+13;SAO PAULO;SP;22/04/2026;24/04/2026;23/04/2026;Entregue No Prazo;;Entrega realizada;Entrega Finalizada;24;4;22;4;BV LOG;26039;;;
MOBIS BRASIL FABRICACAO DE AUTO PECAS LT;RODOVIARIO;1497791;21/04/2026;6;339085;22/04/2026;BILLY DISTRIBUIDORA DE VEICULOS LTDA;1,34E+13;DIADEMA;SP;22/04/2026;24/04/2026;23/04/2026;Entregue No Prazo;;Entrega realizada;Entrega Finalizada;24;4;22;4;RISSO;26003;;;
MOBIS BRASIL FABRICACAO DE AUTO PECAS LT;RODOVIARIO;1497795;21/04/2026;2;338755;22/04/2026;CAOA MOTOR DO BRASIL LTDA (VL PRUDENTE);1,68E+13;SAO PAULO;SP;22/04/2026;24/04/2026;23/04/2026;Entregue No Prazo;;Entrega realizada;Entrega Finalizada;24;4;22;4;BV LOG;26051;;;
MOBIS BRASIL FABRICACAO DE AUTO PECAS LT;RODOVIARIO;1497796;21/04/2026;1;338839;22/04/2026;CAOA MOTOR DO BRASIL LTDA;1,68E+13;SAO BERNARDO DO CAMPO;SP;22/04/2026;24/04/2026;23/04/2026;Entregue No Prazo;;Entrega realizada;Entrega Finalizada;24;4;22;4;BV LOG;5008;;;
MOBIS BRASIL FABRICACAO DE AUTO PECAS LT;RODOVIARIO;1497801;21/04/2026;2;338837;22/04/2026;BILLY DISTRIBUIDORA DE VEICULOS LTDA;1,34E+13;SAO PAULO;SP;22/04/2026;24/04/2026;23/04/2026;Entregue No Prazo;;Entrega realizada;Entrega Finalizada;24;4;22;4;BV LOG;26003;;;
MOBIS BRASIL FABRICACAO DE AUTO PECAS LT;RODOVIARIO;1497802;21/04/2026;29;338837;22/04/2026;BILLY DISTRIBUIDORA DE VEICULOS LTDA;1,34E+13;SAO PAULO;SP;22/04/2026;24/04/2026;23/04/2026;Entregue No Prazo;;Entrega realizada;Entrega Finalizada;24;4;22;4;BV LOG;26003;;;
MOBIS BRASIL FABRICACAO DE AUTO PECAS LT;RODOVIARIO;1498199;21/04/2026;3;338843;22/04/2026;CHS MOTORS VEICULOS PECAS E SERV. LTDA;1,69E+13;OSASCO;SP;22/04/2026;24/04/2026;23/04/2026;Entregue No Prazo;;Entrega realizada;Entrega Finalizada;24;4;22;4;BV LOG;26106;;;
MOBIS BRASIL FABRICACAO DE AUTO PECAS LT;RODOVIARIO;1498203;21/04/2026;2;338843;22/04/2026;CHS MOTORS VEICULOS PECAS E SERV. LTDA;1,69E+13;OSASCO;SP;22/04/2026;24/04/2026;23/04/2026;Entregue No Prazo;;Entrega realizada;Entrega Finalizada;24;4;22;4;BV LOG;26106;;;
MOBIS BRASIL FABRICACAO DE AUTO PECAS LT;RODOVIARIO;1498558;22/04/2026;3;338815;22/04/2026;BILLY DISTRIBUIDORA DE VEICULOS LTDA;1,34E+13;BARUERI;SP;22/04/2026;24/04/2026;23/04/2026;Entregue No Prazo;;Entrega realizada;Entrega Finalizada;24;4;22;4;XD DIADEMA;26003;;;
MOBIS BRASIL FABRICACAO DE AUTO PECAS LT;RODOVIARIO;1498559;22/04/2026;5;338824;22/04/2026;NOBRE DISTRIBUIDORA DE VEICULOS E PECAS;5,76E+12;MOGI DAS CRUZES;SP;22/04/2026;24/04/2026;23/04/2026;Entregue No Prazo;;Entrega realizada;Entrega Finalizada;24;4;22;4;XD DIADEMA;26004;;;
MOBIS BRASIL FABRICACAO DE AUTO PECAS LT;RODOVIARIO;1498564;22/04/2026;1;338819;22/04/2026;CHS MOTORS VEICULOS PECAS E SERV. LTDA.;1,69E+13;SAO PAULO;SP;22/04/2026;24/04/2026;23/04/2026;Entregue No Prazo;;Entrega realizada;Entrega Finalizada;24;4;22;4;XD DIADEMA;26036;;;
MOBIS BRASIL FABRICACAO DE AUTO PECAS LT;RODOVIARIO;1498565;22/04/2026;1;338817;22/04/2026;CAOA MOTOR DO BRASIL LTDA (ARICANDUVA);1,68E+13;SAO PAULO;SP;22/04/2026;24/04/2026;23/04/2026;Entregue No Prazo;;Entrega realizada;Entrega Finalizada;24;4;22;4;XD DIADEMA;26039;;;
MOBIS BRASIL FABRICACAO DE AUTO PECAS LT;RODOVIARIO;1498570;22/04/2026;2;338820;22/04/2026;CHS MOTORS VEICULOS PECAS(VL. GUILHERME);1,69E+13;SAO PAULO;SP;22/04/2026;24/04/2026;23/04/2026;Entregue No Prazo;;Entrega realizada;Entrega Finalizada;24;4;22;4;XD DIADEMA;26052;;;
MOBIS BRASIL FABRICACAO DE AUTO PECAS LT;RODOVIARIO;1497780;21/04/2026;9;339086;22/04/2026;DHC COMERCIO DE VEICULOS E PECAS LTDA;9,52E+12;BAURU;SP;22/04/2026;27/04/2026;23/04/2026;Entregue No Prazo;;Entrega realizada;Entrega Finalizada;27;4;22;4;RISSO;26010;;;
MOBIS BRASIL FABRICACAO DE AUTO PECAS LT;RODOVIARIO;1497781;21/04/2026;1;338834;22/04/2026;ANDRETA II DISTRIBUIDORA DE VEIC. LTDA;9,10E+12;CAMPINAS;SP;22/04/2026;27/04/2026;23/04/2026;Entregue No Prazo;;Entrega realizada;Entrega Finalizada;27;4;22;4;BV LOG;26011;;;
MOBIS BRASIL FABRICACAO DE AUTO PECAS LT;RODOVIARIO;1497786;21/04/2026;1;338833;22/04/2026;ANDRETA II DISTRIB.DE VEICULOS LTDA.;9,10E+12;JUNDIAI;SP;22/04/2026;27/04/2026;23/04/2026;Entregue No Prazo;;Entrega realizada;Entrega Finalizada;27;4;22;4;BV LOG;26040;;;
MOBIS BRASIL FABRICACAO DE AUTO PECAS LT;RODOVIARIO;1497797;21/04/2026;1;338838;22/04/2026;CAOA MOTOR DO BRASIL LTDA;1,68E+13;SAO JOSE DOS CAMPOS;SP;22/04/2026;27/04/2026;23/04/2026;Entregue No Prazo;;Entrega realizada;Entrega Finalizada;27;4;22;4;BV LOG;5008;;;
MOBIS BRASIL FABRICACAO DE AUTO PECAS LT;RODOVIARIO;1497798;21/04/2026;1;338845;22/04/2026;DESTAQUE SEUL DISTR. DE VEIC. E PC. LTDA;2,12E+13;BRAGANCA PAULISTA;SP;22/04/2026;27/04/2026;23/04/2026;Entregue No Prazo;;Entrega realizada;Entrega Finalizada;27;4;22;4;BV LOG;26074;;;
MOBIS BRASIL FABRICACAO DE AUTO PECAS LT;RODOVIARIO;1497799;21/04/2026;1;338846;22/04/2026;DESTAQUE SEUL DISTR. DE VEIC. E PC. LTDA;2,12E+13;ATIBAIA;SP;22/04/2026;27/04/2026;23/04/2026;Entregue No Prazo;;Entrega realizada;Entrega Finalizada;27;4;22;4;BV LOG;26075;;;
MOBIS BRASIL FABRICACAO DE AUTO PECAS LT;RODOVIARIO;1497800;21/04/2026;1;338846;22/04/2026;DESTAQUE SEUL DISTR. DE VEIC. E PC. LTDA;2,12E+13;ATIBAIA;SP;22/04/2026;27/04/2026;23/04/2026;Entregue No Prazo;;Entrega realizada;Entrega Finalizada;27;4;22;4;BV LOG;26075;;;
MOBIS BRASIL FABRICACAO DE AUTO PECAS LT;RODOVIARIO;1497803;21/04/2026;4;338840;22/04/2026;CAOA MOTOR DO BRASIL LTDA;1,68E+13;SANTOS;SP;22/04/2026;27/04/2026;23/04/2026;Entregue No Prazo;;Entrega realizada;Entrega Finalizada;27;4;22;4;BV LOG;5008;;;
MOBIS BRASIL FABRICACAO DE AUTO PECAS LT;RODOVIARIO;1498242;21/04/2026;24;338834;22/04/2026;ANDRETA II DISTRIBUIDORA DE VEIC. LTDA;9,10E+12;CAMPINAS;SP;22/04/2026;27/04/2026;23/04/2026;Entregue No Prazo;;Entrega realizada;Entrega Finalizada;27;4;22;4;BV LOG;26011;;;
MOBIS BRASIL FABRICACAO DE AUTO PECAS LT;RODOVIARIO;1498243;21/04/2026;4;338833;22/04/2026;ANDRETA II DISTRIB.DE VEICULOS LTDA.;9,10E+12;JUNDIAI;SP;22/04/2026;27/04/2026;23/04/2026;Entregue No Prazo;;Entrega realizada;Entrega Finalizada;27;4;22;4;BV LOG;26040;;;
MOBIS BRASIL FABRICACAO DE AUTO PECAS LT;RODOVIARIO;1498560;22/04/2026;2;339086;22/04/2026;DHC COMERCIO DE VEICULOS E PECAS LTDA;9,52E+12;BAURU;SP;22/04/2026;27/04/2026;23/04/2026;Entregue No Prazo;;Entrega realizada;Entrega Finalizada;27;4;22;4;RISSO;26010;;;
MOBIS BRASIL FABRICACAO DE AUTO PECAS LT;RODOVIARIO;1498561;22/04/2026;15;339086;22/04/2026;DHC COMERCIO DE VEICULOS E PECAS LTDA;9,52E+12;BAURU;SP;22/04/2026;27/04/2026;23/04/2026;Entregue No Prazo;;Entrega realizada;Entrega Finalizada;27;4;22;4;RISSO;26010;;;
MOBIS BRASIL FABRICACAO DE AUTO PECAS LT;RODOVIARIO;1498562;22/04/2026;2;338813;22/04/2026;ANDRETA II DISTRIBUIDORA DE VEIC. LTDA;9,10E+12;CAMPINAS;SP;22/04/2026;27/04/2026;23/04/2026;Entregue No Prazo;;Entrega realizada;Entrega Finalizada;27;4;22;4;XD DIADEMA;26011;;;
MOBIS BRASIL FABRICACAO DE AUTO PECAS LT;RODOVIARIO;1498571;22/04/2026;2;338816;22/04/2026;CAOA MOTOR DO BRASIL LTDA;1,68E+13;CAMPINAS;SP;22/04/2026;27/04/2026;23/04/2026;Entregue No Prazo;;Entrega realizada;Entrega Finalizada;27;4;22;4;XD DIADEMA;5008;;;
MOBIS BRASIL FABRICACAO DE AUTO PECAS LT;RODOVIARIO;1498572;22/04/2026;3;338821;22/04/2026;DESTAQUE SEUL DISTR. DE VEIC. E PC. LTDA;2,12E+13;ATIBAIA;SP;22/04/2026;27/04/2026;23/04/2026;Entregue No Prazo;;Entrega realizada;Entrega Finalizada;27;4;22;4;XD DIADEMA;26075;;;
MOBIS BRASIL FABRICACAO DE AUTO PECAS LT;RODOVIARIO;1498573;22/04/2026;8;338821;22/04/2026;DESTAQUE SEUL DISTR. DE VEIC. E PC. LTDA;2,12E+13;ATIBAIA;SP;22/04/2026;27/04/2026;23/04/2026;Entregue No Prazo;;Entrega realizada;Entrega Finalizada;27;4;22;4;XD DIADEMA;26075;;;
MOBIS BRASIL FABRICACAO DE AUTO PECAS LT;RODOVIARIO;1497805;21/04/2026;1;339089;22/04/2026;H - CAMINHO AUTOMOVEIS LTDA;2,53E+13;PIRACICABA;SP;22/04/2026;28/04/2026;23/04/2026;Entregue No Prazo;;Entrega realizada;Entrega Finalizada;28;4;22;4;RISSO;26092;;;
MOBIS BRASIL FABRICACAO DE AUTO PECAS LT;RODOVIARIO;1497806;21/04/2026;4;339089;22/04/2026;H - CAMINHO AUTOMOVEIS LTDA;2,53E+13;PIRACICABA;SP;22/04/2026;28/04/2026;23/04/2026;Entregue No Prazo;;Entrega realizada;Entrega Finalizada;28;4;22;4;RISSO;26092;;;
MOBIS BRASIL FABRICACAO DE AUTO PECAS LT;RODOVIARIO;1497808;21/04/2026;1;339090;22/04/2026;H - CAMINHO AUTOMOVEIS LTDA;2,53E+13;CATANDUVA;SP;22/04/2026;28/04/2026;23/04/2026;Entregue No Prazo;;Entrega realizada;Entrega Finalizada;28;4;22;4;RISSO;26092;;;
MOBIS BRASIL FABRICACAO DE AUTO PECAS LT;RODOVIARIO;1498575;22/04/2026;3;339088;22/04/2026;DHC COMERCIO DE VEICULOS E PECAS LTDA;9,52E+12;JAU;SP;22/04/2026;28/04/2026;23/04/2026;Entregue No Prazo;;Entrega realizada;Entrega Finalizada;28;4;22;4;RISSO;26010;;;
MOBIS BRASIL FABRICACAO DE AUTO PECAS LT;RODOVIARIO;1498577;22/04/2026;3;339089;22/04/2026;H - CAMINHO AUTOMOVEIS LTDA;2,53E+13;PIRACICABA;SP;22/04/2026;28/04/2026;23/04/2026;Entregue No Prazo;;Entrega realizada;Entrega Finalizada;28;4;22;4;RISSO;26092;;;
MOBIS BRASIL FABRICACAO DE AUTO PECAS LT;RODOVIARIO;1483485;25/03/2026;2;334382;25/03/2026;MISO VEICULOS LTDA;1,85E+13;MACAPA;AP;25/03/2026;15/04/2026;23/04/2026;Entregue Fora do Prazo;;Entrega realizada;Entrega Finalizada;15;4;25;3;NORTEX;4001;;;
MOBIS BRASIL FABRICACAO DE AUTO PECAS LT;RODOVIARIO;1491208;09/04/2026;1;336883;09/04/2026;MISO VEICULOS LTDA;1,85E+13;SANTAREM;PA;09/04/2026;23/04/2026;24/04/2026;Entregue Fora do Prazo;;Entrega realizada;Entrega Finalizada;23;4;9;4;CARVALIMA;4001;São Jorge;Estadual;RJ
MOBIS BRASIL FABRICACAO DE AUTO PECAS LT;RODOVIARIO;1492175;10/04/2026;1;337249;10/04/2026;SAGA ASIA COM. DE VEIC.PC.E SERV. LTDA;2,14E+13;PORTO VELHO;RO;10/04/2026;24/04/2026;24/04/2026;Entregue No Prazo;;Entrega realizada;Entrega Finalizada;24;4;10;4;CARVALIMA;21003;;;
MOBIS BRASIL FABRICACAO DE AUTO PECAS LT;RODOVIARIO;1493665;14/04/2026;3;337698;14/04/2026;PATEO COMERCIO DE VEICULOS S A;7,78E+12;SAO LUIS;MA;14/04/2026;29/04/2026;24/04/2026;Entregue No Prazo;;Entrega realizada;Entrega Finalizada;29;4;14;4;TERMACO;10002;;;
MOBIS BRASIL FABRICACAO DE AUTO PECAS LT;RODOVIARIO;1492243;10/04/2026;1;337698;14/04/2026;PATEO COMERCIO DE VEICULOS S A;7,78E+12;SAO LUIS;MA;14/04/2026;29/04/2026;24/04/2026;Entregue No Prazo;;Entrega realizada;Entrega Finalizada;29;4;14;4;TERMACO;10002;;;
MOBIS BRASIL FABRICACAO DE AUTO PECAS LT;RODOVIARIO;1492261;10/04/2026;1;337672;14/04/2026;AUTORAC VEICULOS LTDA;1,06E+13;PETROLINA;PE;14/04/2026;30/04/2026;24/04/2026;Entregue No Prazo;;Entrega realizada;Entrega Finalizada;30;4;14;4;TERMACO;16001;;;
MOBIS BRASIL FABRICACAO DE AUTO PECAS LT;RODOVIARIO;1492257;10/04/2026;1;337675;14/04/2026;CAOA MOTOR DO BRASIL LTDA;1,68E+13;CAMPINA GRANDE;PB;14/04/2026;30/04/2026;24/04/2026;Entregue No Prazo;;Entrega realizada;Entrega Finalizada;30;4;14;4;TERMACO;5008;;;
MOBIS BRASIL FABRICACAO DE AUTO PECAS LT;RODOVIARIO;1492262;10/04/2026;3;337687;14/04/2026;GREEN CITY VEICULOS LTDA;2,10E+13;TERESINA;PI;14/04/2026;30/04/2026;24/04/2026;Entregue No Prazo;;Entrega realizada;Entrega Finalizada;30;4;14;4;TERMACO;17002;;;
MOBIS BRASIL FABRICACAO DE AUTO PECAS LT;RODOVIARIO;1492232;10/04/2026;1;337703;14/04/2026;SAINT LAND COMERCIO DE VEICULOS LTDA;1,04E+13;JUAZEIRO DO NORTE;CE;14/04/2026;30/04/2026;24/04/2026;Entregue No Prazo;;Entrega realizada;Entrega Finalizada;30;4;14;4;TERMACO;6010;;;
MOBIS BRASIL FABRICACAO DE AUTO PECAS LT;RODOVIARIO;1493656;14/04/2026;1;337703;14/04/2026;SAINT LAND COMERCIO DE VEICULOS LTDA;1,04E+13;JUAZEIRO DO NORTE;CE;14/04/2026;30/04/2026;24/04/2026;Entregue No Prazo;;Entrega realizada;Entrega Finalizada;30;4;14;4;TERMACO;6010;;;
MOBIS BRASIL FABRICACAO DE AUTO PECAS LT;RODOVIARIO;1494225;15/04/2026;28;337819;15/04/2026;FAZZA MOTORS COMERCIO DE VEICULOS LTDA;1,24E+13;SALVADOR;BA;15/04/2026;27/04/2026;24/04/2026;Entregue No Prazo;;Entrega realizada;Entrega Finalizada;27;4;15;4;TERMACO;5007;;;
MOBIS BRASIL FABRICACAO DE AUTO PECAS LT;RODOVIARIO;1494224;15/04/2026;2;337819;15/04/2026;FAZZA MOTORS COMERCIO DE VEICULOS LTDA;1,24E+13;SALVADOR;BA;15/04/2026;27/04/2026;24/04/2026;Entregue No Prazo;;Entrega realizada;Entrega Finalizada;27;4;15;4;TERMACO;5007;;;
MOBIS BRASIL FABRICACAO DE AUTO PECAS LT;RODOVIARIO;1494414;15/04/2026;9;337819;15/04/2026;FAZZA MOTORS COMERCIO DE VEICULOS LTDA;1,24E+13;SALVADOR;BA;15/04/2026;27/04/2026;24/04/2026;Entregue No Prazo;;Entrega realizada;Entrega Finalizada;27;4;15;4;TERMACO;5007;;;
MOBIS BRASIL FABRICACAO DE AUTO PECAS LT;RODOVIARIO;1494431;15/04/2026;1;337808;15/04/2026;AUTORAC VEICULOS LTDA;1,06E+13;PETROLINA;PE;15/04/2026;01/05/2026;24/04/2026;Entregue No Prazo;;Entrega realizada;Entrega Finalizada;1;5;15;4;TERMACO;16001;;;
MOBIS BRASIL FABRICACAO DE AUTO PECAS LT;RODOVIARIO;1494428;15/04/2026;1;337815;15/04/2026;CAOA MOTOR DO BRASIL LTDA;1,68E+13;CAMPINA GRANDE;PB;15/04/2026;01/05/2026;24/04/2026;Entregue No Prazo;;Entrega realizada;Entrega Finalizada;1;5;15;4;TERMACO;5008;;;
MOBIS BRASIL FABRICACAO DE AUTO PECAS LT;RODOVIARIO;1494433;15/04/2026;1;337824;15/04/2026;GREEN CITY VEICULOS LTDA;2,10E+13;TERESINA;PI;15/04/2026;01/05/2026;24/04/2026;Entregue No Prazo;;Entrega realizada;Entrega Finalizada;1;5;15;4;TERMACO;17002;;;
MOBIS BRASIL FABRICACAO DE AUTO PECAS LT;RODOVIARIO;1494261;15/04/2026;2;337828;15/04/2026;JPN COMERCIO DE AUTOMOVEIS LTDA;2,61E+13;GARANHUNS;PE;15/04/2026;01/05/2026;24/04/2026;Entregue No Prazo;;Entrega realizada;Entrega Finalizada;1;5;15;4;TERMACO;16009;;;
MOBIS BRASIL FABRICACAO DE AUTO PECAS LT;RODOVIARIO;1494416;15/04/2026;1;337841;15/04/2026;SAINT LAND COMERCIO DE VEICULOS LTDA;1,04E+13;JUAZEIRO DO NORTE;CE;15/04/2026;01/05/2026;24/04/2026;Entregue No Prazo;;Entrega realizada;Entrega Finalizada;1;5;15;4;TERMACO;6010;;;
MOBIS BRASIL FABRICACAO DE AUTO PECAS LT;RODOVIARIO;1494231;15/04/2026;1;337841;15/04/2026;SAINT LAND COMERCIO DE VEICULOS LTDA;1,04E+13;JUAZEIRO DO NORTE;CE;15/04/2026;01/05/2026;24/04/2026;Entregue No Prazo;;Entrega realizada;Entrega Finalizada;1;5;15;4;TERMACO;6010;;;
MOBIS BRASIL FABRICACAO DE AUTO PECAS LT;RODOVIARIO;1495137;16/04/2026;8;338035;16/04/2026;URCA MOTORS VEICULOS LTDA;8,77E+12;UBERABA;MG;16/04/2026;22/04/2026;24/04/2026;Entregue Fora do Prazo;;Entrega realizada;Entrega Finalizada;22;4;16;4;XD BETIM;9014;;;
MOBIS BRASIL FABRICACAO DE AUTO PECAS LT;RODOVIARIO;1495143;16/04/2026;24;338018;16/04/2026;GNC GRANDE COREIA MINAS GERAIS COMERCIO;4,27E+13;MONTES CLAROS;MG;16/04/2026;24/04/2026;24/04/2026;Entregue No Prazo;;Entrega realizada;Entrega Finalizada;24;4;16;4;XD BETIM;11035;;;
MOBIS BRASIL FABRICACAO DE AUTO PECAS LT;RODOVIARIO;1495185;16/04/2026;12;338079;16/04/2026;ATUAL VEICULOS LTDA;1,33E+13;CRICIUMA;SC;16/04/2026;23/04/2026;24/04/2026;Entregue Fora do Prazo;;Entrega realizada;Entrega Finalizada;23;4;16;4;TRANSTRY;24001;São Jorge;Estadual;RJ
MOBIS BRASIL FABRICACAO DE AUTO PECAS LT;RODOVIARIO;1495129;16/04/2026;2;338071;16/04/2026;PRIME CACHOEIRO VEICULOS LTDA EPP;9,34E+12;CACHOEIRO DE ITAPEMIRIM;ES;16/04/2026;24/04/2026;24/04/2026;Entregue No Prazo;;Entrega realizada;Entrega Finalizada;24;4;16;4;CAMILO;8003;;;
MOBIS BRASIL FABRICACAO DE AUTO PECAS LT;RODOVIARIO;1495130;16/04/2026;1;338071;16/04/2026;PRIME CACHOEIRO VEICULOS LTDA EPP;9,34E+12;CACHOEIRO DE ITAPEMIRIM;ES;16/04/2026;24/04/2026;24/04/2026;Entregue No Prazo;;Entrega realizada;Entrega Finalizada;24;4;16;4;CAMILO;8003;;;
MOBIS BRASIL FABRICACAO DE AUTO PECAS LT;RODOVIARIO;1495122;16/04/2026;111;338053;16/04/2026;FAZZA MOTORS COMERCIO DE VEICULOS LTDA;1,24E+13;FORTALEZA;CE;16/04/2026;30/04/2026;24/04/2026;Entregue No Prazo;;Entrega realizada;Entrega Finalizada;30;4;16;4;TERMACO;5007;;;
MOBIS BRASIL FABRICACAO DE AUTO PECAS LT;RODOVIARIO;1495119;16/04/2026;1;338049;16/04/2026;CAOA MOTOR DO BRASIL LTDA.;1,68E+13;LAURO DE FREITAS;BA;16/04/2026;01/05/2026;24/04/2026;Entregue No Prazo;;Entrega realizada;Entrega Finalizada;1;5;16;4;TERMACO;5008;;;
MOBIS BRASIL FABRICACAO DE AUTO PECAS LT;RODOVIARIO;1495157;16/04/2026;1;338040;16/04/2026;AUTORAC VEICULOS LTDA;1,06E+13;PETROLINA;PE;16/04/2026;04/05/2026;24/04/2026;Entregue No Prazo;;Entrega realizada;Entrega Finalizada;4;5;16;4;TERMACO;16001;;;
MOBIS BRASIL FABRICACAO DE AUTO PECAS LT;RODOVIARIO;1495158;16/04/2026;4;338040;16/04/2026;AUTORAC VEICULOS LTDA;1,06E+13;PETROLINA;PE;16/04/2026;04/05/2026;24/04/2026;Entregue No Prazo;;Entrega realizada;Entrega Finalizada;4;5;16;4;TERMACO;16001;;;
MOBIS BRASIL FABRICACAO DE AUTO PECAS LT;RODOVIARIO;1495151;16/04/2026;2;338048;16/04/2026;CAOA MOTOR DO BRASIL LTDA;1,68E+13;CAMPINA GRANDE;PB;16/04/2026;04/05/2026;24/04/2026;Entregue No Prazo;;Entrega realizada;Entrega Finalizada;4;5;16;4;TERMACO;5008;;;
MOBIS BRASIL FABRICACAO DE AUTO PECAS LT;RODOVIARIO;1495124;16/04/2026;1;338076;16/04/2026;SAINT LAND COMERCIO DE VEICULOS LTDA;1,04E+13;JUAZEIRO DO NORTE;CE;16/04/2026;04/05/2026;24/04/2026;Entregue No Prazo;;Entrega realizada;Entrega Finalizada;4;5;16;4;TERMACO;6010;;;
MOBIS BRASIL FABRICACAO DE AUTO PECAS LT;RODOVIARIO;1495931;17/04/2026;1;338282;17/04/2026;IMOTORS VEICULOS LTDA;7,17E+12;JUIZ DE FORA;MG;17/04/2026;23/04/2026;24/04/2026;Entregue Fora do Prazo;;Entrega realizada;Entrega Finalizada;23;4;17;4;XD BETIM;11010;São Jorge;Estadual;RJ
MOBIS BRASIL FABRICACAO DE AUTO PECAS LT;RODOVIARIO;1495932;17/04/2026;1;338294;17/04/2026;URCA MOTORS VEICULOS LTDA;8,77E+12;UBERABA;MG;17/04/2026;23/04/2026;24/04/2026;Entregue Fora do Prazo;;Entrega realizada;Entrega Finalizada;23;4;17;4;XD BETIM;9014;São Jorge;Estadual;RJ
MOBIS BRASIL FABRICACAO DE AUTO PECAS LT;RODOVIARIO;1495961;17/04/2026;3;338306;17/04/2026;BARI VEICULOS LTDA;7,46E+12;GUARAPUAVA;PR;17/04/2026;23/04/2026;24/04/2026;Entregue Fora do Prazo;;Entrega realizada;Entrega Finalizada;23;4;17;4;TRANSTRY;18024;São Jorge;Estadual;RJ
MOBIS BRASIL FABRICACAO DE AUTO PECAS LT;RODOVIARIO;1495960;17/04/2026;1;338306;17/04/2026;BARI VEICULOS LTDA;7,46E+12;GUARAPUAVA;PR;17/04/2026;23/04/2026;24/04/2026;Entregue Fora do Prazo;;Entrega realizada;Entrega Finalizada;23;4;17;4;TRANSTRY;18024;São Jorge;Estadual;RJ
MOBIS BRASIL FABRICACAO DE AUTO PECAS LT;RODOVIARIO;1495966;17/04/2026;2;338324;17/04/2026;AMX COM. E SERVICOS DE AUTOMOTORES LTDA;1,20E+13;RIO DE JANEIRO;RJ;17/04/2026;24/04/2026;24/04/2026;Entregue No Prazo;;Entrega realizada;Entrega Finalizada;24;4;17;4;CAMILO;19009;;;
MOBIS BRASIL FABRICACAO DE AUTO PECAS LT;RODOVIARIO;1495967;17/04/2026;4;338328;17/04/2026;CAOA MOTOR DO BRASIL LTDA;1,68E+13;RIO DE JANEIRO;RJ;17/04/2026;24/04/2026;24/04/2026;Entregue No Prazo;;Entrega realizada;Entrega Finalizada;24;4;17;4;CAMILO;5008;;;
MOBIS BRASIL FABRICACAO DE AUTO PECAS LT;RODOVIARIO;1495972;17/04/2026;1;338329;17/04/2026;CAOA MOTOR DO BRASIL LTDA;1,68E+13;NITEROI;RJ;17/04/2026;24/04/2026;24/04/2026;Entregue No Prazo;;Entrega realizada;Entrega Finalizada;24;4;17;4;CAMILO;5008;;;
MOBIS BRASIL FABRICACAO DE AUTO PECAS LT;RODOVIARIO;1496225;17/04/2026;12;338340;17/04/2026;ITAVEMA MOTORS VEICULOS LTDA;7,73E+12;RIO DE JANEIRO;RJ;17/04/2026;24/04/2026;24/04/2026;Entregue No Prazo;;Entrega realizada;Entrega Finalizada;24;4;17;4;CAMILO;19001;;;
MOBIS BRASIL FABRICACAO DE AUTO PECAS LT;RODOVIARIO;1496213;17/04/2026;1;338340;17/04/2026;ITAVEMA MOTORS VEICULOS LTDA;7,73E+12;RIO DE JANEIRO;RJ;17/04/2026;24/04/2026;24/04/2026;Entregue No Prazo;;Entrega realizada;Entrega Finalizada;24;4;17;4;CAMILO;19001;;;
MOBIS BRASIL FABRICACAO DE AUTO PECAS LT;RODOVIARIO;1495937;17/04/2026;6;338278;17/04/2026;GNC GRANDE COREIA MINAS GERAIS COMERCIO;4,27E+13;MONTES CLAROS;MG;17/04/2026;24/04/2026;24/04/2026;Entregue No Prazo;;Entrega realizada;Entrega Finalizada;24;4;17;4;XD BETIM;11035;;;
MOBIS BRASIL FABRICACAO DE AUTO PECAS LT;RODOVIARIO;1495980;17/04/2026;1;338311;17/04/2026;GALA COMERCIO DE VEICULOS LTDA.;1,77E+13;PELOTAS;RS;17/04/2026;24/04/2026;24/04/2026;Entregue No Prazo;;Entrega realizada;Entrega Finalizada;24;4;17;4;TRANSTRY;23009;;;
MOBIS BRASIL FABRICACAO DE AUTO PECAS LT;RODOVIARIO;1495956;17/04/2026;5;338316;17/04/2026;SANTA FE VEICULOS LTDA.;1,16E+13;FRANCISCO BELTRAO;PR;17/04/2026;24/04/2026;24/04/2026;Entregue No Prazo;;Entrega realizada;Entrega Finalizada;24;4;17;4;TRANSTRY;18010;;;
MOBIS BRASIL FABRICACAO DE AUTO PECAS LT;RODOVIARIO;1495973;17/04/2026;1;338359;17/04/2026;TAI MOTORS VEICULOS S/A.;9,27E+12;CAMPOS DOS GOYTACAZES;RJ;17/04/2026;24/04/2026;24/04/2026;Entregue No Prazo;;Entrega realizada;Entrega Finalizada;24;4;17;4;CAMILO;19023;;;
MOBIS BRASIL FABRICACAO DE AUTO PECAS LT;RODOVIARIO;1495987;17/04/2026;1;338309;17/04/2026;CHINHAN AUTOMOVEIS LTDA;2,41E+13;CONCORDIA;SC;17/04/2026;27/04/2026;24/04/2026;Entregue No Prazo;;Entrega realizada;Entrega Finalizada;27;4;17;4;TRANSTRY;23019;;;
MOBIS BRASIL FABRICACAO DE AUTO PECAS LT;RODOVIARIO;1496030;17/04/2026;9;338334;17/04/2026;FAZZA MOTORS COMERCIO DE VEICULOS LTDA;1,24E+13;SALVADOR;BA;17/04/2026;29/04/2026;24/04/2026;Entregue No Prazo;;Entrega realizada;Entrega Finalizada;29;4;17;4;TERMACO;5007;;;
MOBIS BRASIL FABRICACAO DE AUTO PECAS LT;RODOVIARIO;1495910;17/04/2026;8;338334;17/04/2026;FAZZA MOTORS COMERCIO DE VEICULOS LTDA;1,24E+13;SALVADOR;BA;17/04/2026;29/04/2026;24/04/2026;Entregue No Prazo;;Entrega realizada;Entrega Finalizada;29;4;17;4;TERMACO;5007;;;
MOBIS BRASIL FABRICACAO DE AUTO PECAS LT;RODOVIARIO;1496401;17/04/2026;1;338357;17/04/2026;SEVEL VEICULOS LTDA;1,07E+13;ARACAJU;SE;17/04/2026;30/04/2026;24/04/2026;Entregue No Prazo;;Entrega realizada;Entrega Finalizada;30;4;17;4;TERMACO;25001;;;
MOBIS BRASIL FABRICACAO DE AUTO PECAS LT;RODOVIARIO;1496405;17/04/2026;3;338357;17/04/2026;SEVEL VEICULOS LTDA;1,07E+13;ARACAJU;SE;17/04/2026;30/04/2026;24/04/2026;Entregue No Prazo;;Entrega realizada;Entrega Finalizada;30;4;17;4;TERMACO;25001;;;
MOBIS BRASIL FABRICACAO DE AUTO PECAS LT;RODOVIARIO;1496204;17/04/2026;2;338333;17/04/2026;FAZZA MOTORS COM. DE VEICULOS LTDA;1,24E+13;FORTALEZA;CE;17/04/2026;01/05/2026;24/04/2026;Entregue No Prazo;;Entrega realizada;Entrega Finalizada;1;5;17;4;TERMACO;6001;;;
MOBIS BRASIL FABRICACAO DE AUTO PECAS LT;RODOVIARIO;1495915;17/04/2026;43;338335;17/04/2026;FAZZA MOTORS COMERCIO DE VEICULOS LTDA;1,24E+13;FORTALEZA;CE;17/04/2026;01/05/2026;24/04/2026;Entregue No Prazo;;Entrega realizada;Entrega Finalizada;1;5;17;4;TERMACO;5007;;;
MOBIS BRASIL FABRICACAO DE AUTO PECAS LT;RODOVIARIO;1495912;17/04/2026;1;338322;17/04/2026;AIKON VEICULOS LTDA;1,17E+13;ITABUNA;BA;17/04/2026;04/05/2026;24/04/2026;Entregue No Prazo;;Entrega realizada;Entrega Finalizada;4;5;17;4;TERMACO;5002;;;
MOBIS BRASIL FABRICACAO DE AUTO PECAS LT;RODOVIARIO;1495951;17/04/2026;1;338341;17/04/2026;JPN COMERCIO DE AUTOMOVEIS LTDA;2,61E+13;GARANHUNS;PE;17/04/2026;05/05/2026;24/04/2026;Entregue No Prazo;;Entrega realizada;Entrega Finalizada;5;5;17;4;TERMACO;16009;;;
MOBIS BRASIL FABRICACAO DE AUTO PECAS LT;RODOVIARIO;1495953;17/04/2026;3;338347;17/04/2026;PATEO COMERCIO DE VEICULOS S A;7,78E+12;JABOATAO DOS GUARARAPES;PE;17/04/2026;05/05/2026;24/04/2026;Entregue No Prazo;;Entrega realizada;Entrega Finalizada;5;5;17;4;TERMACO;16011;;;
MOBIS BRASIL FABRICACAO DE AUTO PECAS LT;RODOVIARIO;1496844;20/04/2026;2;338526;20/04/2026;ANDRETA II DISTRIBUIDORA DE VEIC. LTDA;9,10E+12;AMERICANA;SP;20/04/2026;24/04/2026;24/04/2026;Entregue No Prazo;;Entrega realizada;Entrega Finalizada;24;4;20;4;RISSO;26011;;;
MOBIS BRASIL FABRICACAO DE AUTO PECAS LT;RODOVIARIO;1496849;20/04/2026;1;338527;20/04/2026;CAOA MOTOR DO BRASIL LTDA;1,68E+13;SAO CARLOS;SP;20/04/2026;24/04/2026;24/04/2026;Entregue No Prazo;;Entrega realizada;Entrega Finalizada;24;4;20;4;RISSO;5008;;;
MOBIS BRASIL FABRICACAO DE AUTO PECAS LT;RODOVIARIO;1496787;20/04/2026;25;338539;20/04/2026;BDG AUTOVILLE VEICULOS LTDA;4,77E+13;CONTAGEM;MG;20/04/2026;24/04/2026;24/04/2026;Entregue No Prazo;;Entrega realizada;Entrega Finalizada;24;4;20;4;XD BETIM;11037;;;
MOBIS BRASIL FABRICACAO DE AUTO PECAS LT;RODOVIARIO;1496783;20/04/2026;17;338544;20/04/2026;CARBEL KOREA VEICULOS LTDA;2,07E+13;BELO HORIZONTE;MG;20/04/2026;24/04/2026;24/04/2026;Entregue No Prazo;;Entrega realizada;Entrega Finalizada;24;4;20;4;XD BETIM;11021;;;
MOBIS BRASIL FABRICACAO DE AUTO PECAS LT;RODOVIARIO;1496782;20/04/2026;10;338560;20/04/2026;TAI MOTORS VEICULOS S/A;9,27E+12;BELO HORIZONTE;MG;20/04/2026;24/04/2026;24/04/2026;Entregue No Prazo;;Entrega realizada;Entrega Finalizada;24;4;20;4;XD BETIM;8002;;;
MOBIS BRASIL FABRICACAO DE AUTO PECAS LT;RODOVIARIO;1496858;20/04/2026;3;338530;20/04/2026;DHC COMERCIO DE VEICULOS E PECAS LTDA;9,52E+12;OURINHOS;SP;20/04/2026;24/04/2026;24/04/2026;Entregue No Prazo;;Entrega realizada;Entrega Finalizada;24;4;20;4;RISSO;26010;;;
MOBIS BRASIL FABRICACAO DE AUTO PECAS LT;RODOVIARIO;1496784;20/04/2026;2;338561;20/04/2026;TOKSU COMERCIO DE VEICULOS LTDA;1,12E+13;POUSO ALEGRE;MG;20/04/2026;24/04/2026;24/04/2026;Entregue No Prazo;;Entrega realizada;Entrega Finalizada;24;4;20;4;XD BETIM;11008;;;
MOBIS BRASIL FABRICACAO DE AUTO PECAS LT;RODOVIARIO;1496781;20/04/2026;1;338563;20/04/2026;URCA MOTORS VEICULOS LTDA;8,77E+12;UBERABA;MG;20/04/2026;24/04/2026;24/04/2026;Entregue No Prazo;;Entrega realizada;Entrega Finalizada;24;4;20;4;XD BETIM;9014;;;
MOBIS BRASIL FABRICACAO DE AUTO PECAS LT;RODOVIARIO;1496804;20/04/2026;2;338581;20/04/2026;LOVAT VEICULOS S/A;8,57E+12;MARINGA;PR;20/04/2026;24/04/2026;24/04/2026;Entregue No Prazo;;Entrega realizada;Entrega Finalizada;24;4;20;4;TRANSTRY;18008;;;
MOBIS BRASIL FABRICACAO DE AUTO PECAS LT;RODOVIARIO;1496814;20/04/2026;2;338587;20/04/2026;CAOA MOTOR DO BRASIL LTDA;1,68E+13;NITEROI;RJ;20/04/2026;24/04/2026;24/04/2026;Entregue No Prazo;;Entrega realizada;Entrega Finalizada;24;4;20;4;CAMILO;5008;;;
MOBIS BRASIL FABRICACAO DE AUTO PECAS LT;RODOVIARIO;1496816;20/04/2026;1;338589;20/04/2026;CAOA MOTOR DO BRASIL LTDA;1,68E+13;RIO DE JANEIRO;RJ;20/04/2026;24/04/2026;24/04/2026;Entregue No Prazo;;Entrega realizada;Entrega Finalizada;24;4;20;4;CAMILO;5008;;;
MOBIS BRASIL FABRICACAO DE AUTO PECAS LT;RODOVIARIO;1496817;20/04/2026;2;338590;20/04/2026;CAOA MOTOR DO BRASIL LTDA;1,68E+13;RIO DE JANEIRO;RJ;20/04/2026;24/04/2026;24/04/2026;Entregue No Prazo;;Entrega realizada;Entrega Finalizada;24;4;20;4;CAMILO;5008;;;
MOBIS BRASIL FABRICACAO DE AUTO PECAS LT;RODOVIARIO;1496810;20/04/2026;1;338591;20/04/2026;CAOA MOTOR DO BRASIL LTDA;1,68E+13;RIO DE JANEIRO;RJ;20/04/2026;24/04/2026;24/04/2026;Entregue No Prazo;;Entrega realizada;Entrega Finalizada;24;4;20;4;CAMILO;5008;;;
MOBIS BRASIL FABRICACAO DE AUTO PECAS LT;RODOVIARIO;1497103;20/04/2026;7;338599;20/04/2026;ITAVEMA MOTORS VEICULOS LTDA;7,73E+12;RIO DE JANEIRO;RJ;20/04/2026;24/04/2026;24/04/2026;Entregue No Prazo;;Entrega realizada;Entrega Finalizada;24;4;20;4;CAMILO;19001;;;
MOBIS BRASIL FABRICACAO DE AUTO PECAS LT;RODOVIARIO;1497100;20/04/2026;2;338599;20/04/2026;ITAVEMA MOTORS VEICULOS LTDA;7,73E+12;RIO DE JANEIRO;RJ;20/04/2026;24/04/2026;24/04/2026;Entregue No Prazo;;Entrega realizada;Entrega Finalizada;24;4;20;4;CAMILO;19001;;;
MOBIS BRASIL FABRICACAO DE AUTO PECAS LT;RODOVIARIO;1496786;20/04/2026;2;338548;20/04/2026;GNC GRANDE COREIA MINAS GERAIS COMERCIO;4,27E+13;MONTES CLAROS;MG;20/04/2026;27/04/2026;24/04/2026;Entregue No Prazo;;Entrega realizada;Entrega Finalizada;27;4;20;4;XD BETIM;11035;;;
MOBIS BRASIL FABRICACAO DE AUTO PECAS LT;RODOVIARIO;1496811;20/04/2026;2;338620;20/04/2026;VIA VR VEICULOS LTDA;1,73E+13;VOLTA REDONDA;RJ;20/04/2026;27/04/2026;24/04/2026;Entregue No Prazo;;Entrega realizada;Entrega Finalizada;27;4;20;4;CAMILO;19016;;;
MOBIS BRASIL FABRICACAO DE AUTO PECAS LT;RODOVIARIO;1496812;20/04/2026;1;338620;20/04/2026;VIA VR VEICULOS LTDA;1,73E+13;VOLTA REDONDA;RJ;20/04/2026;27/04/2026;24/04/2026;Entregue No Prazo;;Entrega realizada;Entrega Finalizada;27;4;20;4;CAMILO;19016;;;
MOBIS BRASIL FABRICACAO DE AUTO PECAS LT;RODOVIARIO;1496831;20/04/2026;2;338577;20/04/2026;CHINHAN AUTOMOVEIS LTDA;2,41E+13;CONCORDIA;SC;20/04/2026;28/04/2026;24/04/2026;Entregue No Prazo;;Entrega realizada;Entrega Finalizada;28;4;20;4;TRANSTRY;23019;;;
MOBIS BRASIL FABRICACAO DE AUTO PECAS LT;RODOVIARIO;1496789;20/04/2026;2;338618;20/04/2026;ULSAN COMERCIO DE VEICULOS LTDA.;2,10E+13;CAMPO GRANDE;MS;20/04/2026;28/04/2026;24/04/2026;Entregue No Prazo;;Entrega realizada;Entrega Finalizada;28;4;20;4;CARVALIMA;12004;;;
MOBIS BRASIL FABRICACAO DE AUTO PECAS LT;RODOVIARIO;1497724;21/04/2026;3;338862;22/04/2026;TAI MOTORS VEICULOS S/A;9,27E+12;BELO HORIZONTE;MG;22/04/2026;27/04/2026;24/04/2026;Entregue No Prazo;;Entrega realizada;Entrega Finalizada;27;4;22;4;XD BETIM;8002;;;
MOBIS BRASIL FABRICACAO DE AUTO PECAS LT;RODOVIARIO;1497725;21/04/2026;1;338842;22/04/2026;CARBEL KOREA VEICULOS LTDA;2,07E+13;BELO HORIZONTE;MG;22/04/2026;27/04/2026;24/04/2026;Entregue No Prazo;;Entrega realizada;Entrega Finalizada;27;4;22;4;XD BETIM;11021;;;
MOBIS BRASIL FABRICACAO DE AUTO PECAS LT;RODOVIARIO;1497726;21/04/2026;5;338842;22/04/2026;CARBEL KOREA VEICULOS LTDA;2,07E+13;BELO HORIZONTE;MG;22/04/2026;27/04/2026;24/04/2026;Entregue No Prazo;;Entrega realizada;Entrega Finalizada;27;4;22;4;XD BETIM;11021;;;
MOBIS BRASIL FABRICACAO DE AUTO PECAS LT;RODOVIARIO;1497728;21/04/2026;28;338835;22/04/2026;BDG AUTOVILLE VEICULOS LTDA;4,77E+13;CONTAGEM;MG;22/04/2026;27/04/2026;24/04/2026;Entregue No Prazo;;Entrega realizada;Entrega Finalizada;27;4;22;4;XD BETIM;11037;;;
MOBIS BRASIL FABRICACAO DE AUTO PECAS LT;RODOVIARIO;1497744;21/04/2026;20;338891;22/04/2026;SEVEC VEICULOS LTDA;5,68E+11;CURITIBA;PR;22/04/2026;27/04/2026;24/04/2026;Entregue No Prazo;;Entrega realizada;Entrega Finalizada;27;4;22;4;TRANSTRY;18012;;;
MOBIS BRASIL FABRICACAO DE AUTO PECAS LT;RODOVIARIO;1497783;21/04/2026;13;339093;22/04/2026;NEW VEICULOS E PECAS LTDA;1,59E+13;RIBEIRAO PRETO;SP;22/04/2026;27/04/2026;24/04/2026;Entregue No Prazo;;Entrega realizada;Entrega Finalizada;27;4;22;4;RISSO;26014;;;
MOBIS BRASIL FABRICACAO DE AUTO PECAS LT;RODOVIARIO;1497789;21/04/2026;1;339084;22/04/2026;ANDRETA II DISTRIBUIDORA DE VEIC. LTDA;9,10E+12;AMERICANA;SP;22/04/2026;27/04/2026;24/04/2026;Entregue No Prazo;;Entrega realizada;Entrega Finalizada;27;4;22;4;RISSO;26011;;;
MOBIS BRASIL FABRICACAO DE AUTO PECAS LT;RODOVIARIO;1497790;21/04/2026;1;339084;22/04/2026;ANDRETA II DISTRIBUIDORA DE VEIC. LTDA;9,10E+12;AMERICANA;SP;22/04/2026;27/04/2026;24/04/2026;Entregue No Prazo;;Entrega realizada;Entrega Finalizada;27;4;22;4;RISSO;26011;;;
MOBIS BRASIL FABRICACAO DE AUTO PECAS LT;RODOVIARIO;1498511;22/04/2026;9;338818;22/04/2026;CARBEL KOREA VEICULOS LTDA;2,07E+13;BELO HORIZONTE;MG;22/04/2026;27/04/2026;24/04/2026;Entregue No Prazo;;Entrega realizada;Entrega Finalizada;27;4;22;4;XD BETIM;11021;;;
MOBIS BRASIL FABRICACAO DE AUTO PECAS LT;RODOVIARIO;1498512;22/04/2026;40;338814;22/04/2026;BDG AUTOVILLE VEICULOS LTDA;4,77E+13;CONTAGEM;MG;22/04/2026;27/04/2026;24/04/2026;Entregue No Prazo;;Entrega realizada;Entrega Finalizada;27;4;22;4;XD BETIM;11037;;;
MOBIS BRASIL FABRICACAO DE AUTO PECAS LT;RODOVIARIO;1498563;22/04/2026;11;339093;22/04/2026;NEW VEICULOS E PECAS LTDA;1,59E+13;RIBEIRAO PRETO;SP;22/04/2026;27/04/2026;24/04/2026;Entregue No Prazo;;Entrega realizada;Entrega Finalizada;27;4;22;4;RISSO;26014;;;
MOBIS BRASIL FABRICACAO DE AUTO PECAS LT;RODOVIARIO;1497768;21/04/2026;1;338875;22/04/2026;BARI VEICULOS LTDA.;7,46E+12;JOINVILLE;SC;22/04/2026;28/04/2026;24/04/2026;Entregue No Prazo;;Entrega realizada;Entrega Finalizada;28;4;22;4;TRANSTRY;24013;;;
MOBIS BRASIL FABRICACAO DE AUTO PECAS LT;RODOVIARIO;1497792;21/04/2026;1;339094;22/04/2026;NEW VEICULOS E PECAS LTDA;1,59E+13;FRANCA;SP;22/04/2026;28/04/2026;24/04/2026;Entregue No Prazo;;Entrega realizada;Entrega Finalizada;28;4;22;4;RISSO;26014;;;
MOBIS BRASIL FABRICACAO DE AUTO PECAS LT;RODOVIARIO;1497810;21/04/2026;4;339095;22/04/2026;NEW VEICULOS E PECAS LTDA;1,59E+13;SERTAOZINHO;SP;22/04/2026;28/04/2026;24/04/2026;Entregue No Prazo;;Entrega realizada;Entrega Finalizada;28;4;22;4;RISSO;26014;;;
MOBIS BRASIL FABRICACAO DE AUTO PECAS LT;RODOVIARIO;1498566;22/04/2026;3;339094;22/04/2026;NEW VEICULOS E PECAS LTDA;1,59E+13;FRANCA;SP;22/04/2026;28/04/2026;24/04/2026;Entregue No Prazo;;Entrega realizada;Entrega Finalizada;28;4;22;4;RISSO;26014;;;
MOBIS BRASIL FABRICACAO DE AUTO PECAS LT;RODOVIARIO;1497727;21/04/2026;3;338848;22/04/2026;GNC GRANDE COREIA MINAS GERAIS COMERCIO;4,27E+13;MONTES CLAROS;MG;22/04/2026;29/04/2026;24/04/2026;Entregue No Prazo;;Entrega realizada;Entrega Finalizada;29;4;22;4;XD BETIM;11035;;;
MOBIS BRASIL FABRICACAO DE AUTO PECAS LT;RODOVIARIO;1497742;21/04/2026;3;338890;22/04/2026;SANTA FE VEICULOS LTDA.;1,16E+13;FRANCISCO BELTRAO;PR;22/04/2026;29/04/2026;24/04/2026;Entregue No Prazo;;Entrega realizada;Entrega Finalizada;29;4;22;4;TRANSTRY;18010;;;
MOBIS BRASIL FABRICACAO DE AUTO PECAS LT;RODOVIARIO;1497743;21/04/2026;1;338890;22/04/2026;SANTA FE VEICULOS LTDA.;1,16E+13;FRANCISCO BELTRAO;PR;22/04/2026;29/04/2026;24/04/2026;Entregue No Prazo;;Entrega realizada;Entrega Finalizada;29;4;22;4;TRANSTRY;18010;;;
MOBIS BRASIL FABRICACAO DE AUTO PECAS LT;RODOVIARIO;1497745;21/04/2026;1;338894;22/04/2026;ZENDAI VEICULOS LTDA;1,97E+13;TOLEDO;PR;22/04/2026;29/04/2026;24/04/2026;Entregue No Prazo;;Entrega realizada;Entrega Finalizada;29;4;22;4;TRANSTRY;18016;;;
MOBIS BRASIL FABRICACAO DE AUTO PECAS LT;RODOVIARIO;1497750;21/04/2026;4;338791;22/04/2026;VIA VR VEICULOS LTDA;1,73E+13;VOLTA REDONDA;RJ;22/04/2026;29/04/2026;24/04/2026;Entregue No Prazo;;Entrega realizada;Entrega Finalizada;29;4;22;4;CAMILO;19016;;;
MOBIS BRASIL FABRICACAO DE AUTO PECAS LT;RODOVIARIO;1497751;21/04/2026;1;338791;22/04/2026;VIA VR VEICULOS LTDA;1,73E+13;VOLTA REDONDA;RJ;22/04/2026;29/04/2026;24/04/2026;Entregue No Prazo;;Entrega realizada;Entrega Finalizada;29;4;22;4;CAMILO;19016;;;
MOBIS BRASIL FABRICACAO DE AUTO PECAS LT;RODOVIARIO;1497771;21/04/2026;2;338881;22/04/2026;GAMBATTO H1 VEICULOS LTDA;1,94E+13;CHAPECO;SC;22/04/2026;29/04/2026;24/04/2026;Entregue No Prazo;;Entrega realizada;Entrega Finalizada;29;4;22;4;TRANSTRY;24018;;;
MOBIS BRASIL FABRICACAO DE AUTO PECAS LT;RODOVIARIO;1497772;21/04/2026;4;338881;22/04/2026;GAMBATTO H1 VEICULOS LTDA;1,94E+13;CHAPECO;SC;22/04/2026;29/04/2026;24/04/2026;Entregue No Prazo;;Entrega realizada;Entrega Finalizada;29;4;22;4;TRANSTRY;24018;;;
MOBIS BRASIL FABRICACAO DE AUTO PECAS LT;RODOVIARIO;1498553;22/04/2026;1;338881;22/04/2026;GAMBATTO H1 VEICULOS LTDA;1,94E+13;CHAPECO;SC;22/04/2026;29/04/2026;24/04/2026;Entregue No Prazo;;Entrega realizada;Entrega Finalizada;29;4;22;4;TRANSTRY;24018;;;
MOBIS BRASIL FABRICACAO DE AUTO PECAS LT;RODOVIARIO;1497769;21/04/2026;4;338872;22/04/2026;BARI VEICULOS LTDA;7,46E+12;BALNEARIO CAMBORIU;SC;22/04/2026;30/04/2026;24/04/2026;Entregue No Prazo;;Entrega realizada;Entrega Finalizada;30;4;22;4;TRANSTRY;18024;;;
MOBIS BRASIL FABRICACAO DE AUTO PECAS LT;RODOVIARIO;1497770;21/04/2026;1;338872;22/04/2026;BARI VEICULOS LTDA;7,46E+12;BALNEARIO CAMBORIU;SC;22/04/2026;30/04/2026;24/04/2026;Entregue No Prazo;;Entrega realizada;Entrega Finalizada;30;4;22;4;TRANSTRY;18024;;;
MOBIS BRASIL FABRICACAO DE AUTO PECAS LT;RODOVIARIO;1497773;21/04/2026;1;338877;22/04/2026;CHINHAN AUTOMOVEIS LTDA;2,41E+13;CONCORDIA;SC;22/04/2026;30/04/2026;24/04/2026;Entregue No Prazo;;Entrega realizada;Entrega Finalizada;30;4;22;4;TRANSTRY;23019;;;
MOBIS BRASIL FABRICACAO DE AUTO PECAS LT;RODOVIARIO;1498552;22/04/2026;2;338872;22/04/2026;BARI VEICULOS LTDA;7,46E+12;BALNEARIO CAMBORIU;SC;22/04/2026;30/04/2026;24/04/2026;Entregue No Prazo;;Entrega realizada;Entrega Finalizada;30;4;22;4;TRANSTRY;18024;;;
MOBIS BRASIL FABRICACAO DE AUTO PECAS LT;RODOVIARIO;1497814;21/04/2026;14;339091;22/04/2026;H RACING GARAGE LTDA ;3,24E+13;COTIA;SP;22/04/2026;24/04/2026;24/04/2026;Entregue No Prazo;;Entrega realizada;Entrega Finalizada;24;4;22;4;RISSO;29944;;;
MOBIS BRASIL FABRICACAO DE AUTO PECAS LT;RODOVIARIO;1497815;21/04/2026;5;339091;22/04/2026;H RACING GARAGE LTDA ;3,24E+13;COTIA;SP;22/04/2026;24/04/2026;24/04/2026;Entregue No Prazo;;Entrega realizada;Entrega Finalizada;24;4;22;4;RISSO;29944;;;
MOBIS BRASIL FABRICACAO DE AUTO PECAS LT;RODOVIARIO;1498574;22/04/2026;23;339105;23/04/2026;BILLY DISTRIBUIDORA DE VEICULOS LTDA;1,34E+13;SAO PAULO;SP;23/04/2026;27/04/2026;24/04/2026;Entregue No Prazo;;Entrega realizada;Entrega Finalizada;27;4;23;4;BV LOG;26003;;;
MOBIS BRASIL FABRICACAO DE AUTO PECAS LT;RODOVIARIO;1498576;22/04/2026;12;339107;23/04/2026;GRANDAY AUTOMOTORES LTDA (CHAC. CALIFOR);1,57E+13;SAO PAULO;SP;23/04/2026;27/04/2026;24/04/2026;Entregue No Prazo;;Entrega realizada;Entrega Finalizada;27;4;23;4;BV LOG;26090;;;
MOBIS BRASIL FABRICACAO DE AUTO PECAS LT;RODOVIARIO;1499314;23/04/2026;2;339114;23/04/2026;BILLY DISTRIBUIDORA DE VEICULOS LTDA;1,34E+13;SAO CAETANO DO SUL;SP;23/04/2026;27/04/2026;24/04/2026;Entregue No Prazo;;Entrega realizada;Entrega Finalizada;27;4;23;4;XD DIADEMA;26003;;;
MOBIS BRASIL FABRICACAO DE AUTO PECAS LT;RODOVIARIO;1499316;23/04/2026;1;339115;23/04/2026;CAOA MOTOR DO BRASIL LTDA (VL PRUDENTE);1,68E+13;SAO PAULO;SP;23/04/2026;27/04/2026;24/04/2026;Entregue No Prazo;;Entrega realizada;Entrega Finalizada;27;4;23;4;XD DIADEMA;26051;;;
MOBIS BRASIL FABRICACAO DE AUTO PECAS LT;RODOVIARIO;1499317;23/04/2026;8;339117;23/04/2026;CHS MOTORS VEICULOS PECAS(VL. GUILHERME);1,69E+13;SAO PAULO;SP;23/04/2026;27/04/2026;24/04/2026;Entregue No Prazo;;Entrega realizada;Entrega Finalizada;27;4;23;4;XD DIADEMA;26052;;;
MOBIS BRASIL FABRICACAO DE AUTO PECAS LT;RODOVIARIO;1499320;23/04/2026;1;339120;23/04/2026;GRANDAY AUTOMOTORES LTDA (CHAC. CALIFOR);1,57E+13;SAO PAULO;SP;23/04/2026;27/04/2026;24/04/2026;Entregue No Prazo;;Entrega realizada;Entrega Finalizada;27;4;23;4;XD DIADEMA;26090;;;
MOBIS BRASIL FABRICACAO DE AUTO PECAS LT;RODOVIARIO;1499297;23/04/2026;1;339151;23/04/2026;SEVEC VEICULOS LTDA;5,68E+11;CURITIBA;PR;23/04/2026;28/04/2026;24/04/2026;Entregue No Prazo;;Entrega realizada;Entrega Finalizada;28;4;23;4;TRANSTRY;18012;;;
MOBIS BRASIL FABRICACAO DE AUTO PECAS LT;RODOVIARIO;1499298;23/04/2026;2;339146;23/04/2026;BARI VEICULOS LTDA;7,46E+12;CURITIBA;PR;23/04/2026;28/04/2026;24/04/2026;Entregue No Prazo;;Entrega realizada;Entrega Finalizada;28;4;23;4;TRANSTRY;18024;;;
MOBIS BRASIL FABRICACAO DE AUTO PECAS LT;RODOVIARIO;1499312;23/04/2026;1;339109;23/04/2026;DHC COMERCIO DE VEICULOS E PECAS LTDA;9,52E+12;BAURU;SP;23/04/2026;28/04/2026;24/04/2026;Entregue No Prazo;;Entrega realizada;Entrega Finalizada;28;4;23;4;RISSO;26010;;;
MOBIS BRASIL FABRICACAO DE AUTO PECAS LT;RODOVIARIO;1499313;23/04/2026;1;339112;23/04/2026;ANDRETA II DISTRIBUIDORA DE VEIC. LTDA;9,10E+12;CAMPINAS;SP;23/04/2026;28/04/2026;24/04/2026;Entregue No Prazo;;Entrega realizada;Entrega Finalizada;28;4;23;4;XD DIADEMA;26011;;;
MOBIS BRASIL FABRICACAO DE AUTO PECAS LT;RODOVIARIO;1499319;23/04/2026;2;339119;23/04/2026;DESTAQUE SEUL DISTR. DE VEIC. E PC. LTDA;2,12E+13;ATIBAIA;SP;23/04/2026;28/04/2026;24/04/2026;Entregue No Prazo;;Entrega realizada;Entrega Finalizada;28;4;23;4;XD DIADEMA;26075;;;
MOBIS BRASIL FABRICACAO DE AUTO PECAS LT;RODOVIARIO;1475418;10/03/2026;1;331758;10/03/2026;UNIQUE BOA VISTA COM. DE AUTOMOVEIS LTDA;3,48E+13;BOA VISTA;RR;10/03/2026;07/04/2026;25/04/2026;Entregue Fora do Prazo;;Entrega realizada;Entrega Finalizada;7;4;10;3;NORTEX;22002;;;
MOBIS BRASIL FABRICACAO DE AUTO PECAS LT;RODOVIARIO;1478118;16/03/2026;1;332712;16/03/2026;UNIQUE BOA VISTA COM. DE AUTOMOVEIS LTDA;3,48E+13;BOA VISTA;RR;16/03/2026;13/04/2026;25/04/2026;Entregue Fora do Prazo;;Entrega realizada;Entrega Finalizada;13;4;16;3;NORTEX;22002;;;
MOBIS BRASIL FABRICACAO DE AUTO PECAS LT;RODOVIARIO;1492143;10/04/2026;1;337244;10/04/2026;PATEO COMERCIO DE VEICULOS S A;7,78E+12;SAO LUIS;MA;10/04/2026;29/04/2026;25/04/2026;Entregue No Prazo;;Entrega realizada;Entrega Finalizada;29;4;10;4;TERMACO;10002;;;
MOBIS BRASIL FABRICACAO DE AUTO PECAS LT;RODOVIARIO;1492240;10/04/2026;3;337775;15/04/2026;URCA MOTORS VEICULOS LTDA;8,77E+12;ITUMBIARA;GO;15/04/2026;27/04/2026;25/04/2026;Entregue No Prazo;;Entrega realizada;Entrega Finalizada;27;4;15;4;RIO VERMELHO;9014;;;
MOBIS BRASIL FABRICACAO DE AUTO PECAS LT;RODOVIARIO;1494243;15/04/2026;3;337775;15/04/2026;URCA MOTORS VEICULOS LTDA;8,77E+12;ITUMBIARA;GO;15/04/2026;27/04/2026;25/04/2026;Entregue No Prazo;;Entrega realizada;Entrega Finalizada;27;4;15;4;RIO VERMELHO;9014;;;
MOBIS BRASIL FABRICACAO DE AUTO PECAS LT;RODOVIARIO;1494420;15/04/2026;1;337775;15/04/2026;URCA MOTORS VEICULOS LTDA;8,77E+12;ITUMBIARA;GO;15/04/2026;27/04/2026;25/04/2026;Entregue No Prazo;;Entrega realizada;Entrega Finalizada;27;4;15;4;RIO VERMELHO;9014;;;
MOBIS BRASIL FABRICACAO DE AUTO PECAS LT;RODOVIARIO;1495179;16/04/2026;5;338072;16/04/2026;SAGA ASIA COM. DE VEIC.PC.E SERV. LTDA;2,14E+13;PORTO VELHO;RO;16/04/2026;29/04/2026;25/04/2026;Entregue No Prazo;;Entrega realizada;Entrega Finalizada;29;4;16;4;CARVALIMA;21003;;;
MOBIS BRASIL FABRICACAO DE AUTO PECAS LT;RODOVIARIO;1495928;17/04/2026;1;338295;17/04/2026;URCA MOTORS VEICULOS LTDA;8,77E+12;ITUMBIARA;GO;17/04/2026;29/04/2026;25/04/2026;Entregue No Prazo;;Entrega realizada;Entrega Finalizada;29;4;17;4;RIO VERMELHO;9014;;;
MOBIS BRASIL FABRICACAO DE AUTO PECAS LT;RODOVIARIO;1495976;17/04/2026;3;338352;17/04/2026;SAGA ASIA COM. DE VEIC.PC.E SERV. LTDA;2,14E+13;PORTO VELHO;RO;17/04/2026;01/05/2026;25/04/2026;Entregue No Prazo;;Entrega realizada;Entrega Finalizada;1;5;17;4;CARVALIMA;21003;;;
MOBIS BRASIL FABRICACAO DE AUTO PECAS LT;RODOVIARIO;1493056;13/04/2026;6;337303;13/04/2026;SAINT LAND COMERCIO DE VEICULOS LTDA;1,04E+13;NATAL;RN;13/04/2026;28/04/2026;27/04/2026;Entregue No Prazo;;Entrega realizada;Entrega Finalizada;28;4;13;4;TERMACO;6010;;;
MOBIS BRASIL FABRICACAO DE AUTO PECAS LT;RODOVIARIO;1493721;14/04/2026;2;337500;14/04/2026;PRIVILLEGE DISTRIBUIDORA DE VEICULOS LTD;1,72E+13;ARAGUAINA;TO;14/04/2026;28/04/2026;27/04/2026;Entregue No Prazo;;Entrega realizada;Entrega Finalizada;28;4;14;4;RIO VERMELHO;27002;;;
MOBIS BRASIL FABRICACAO DE AUTO PECAS LT;RODOVIARIO;1493655;14/04/2026;2;337696;14/04/2026;ORVEL AUTOMOTOR HYD LTDA;2,52E+13;TEIXEIRA DE FREITAS;BA;14/04/2026;29/04/2026;27/04/2026;Entregue No Prazo;;Entrega realizada;Entrega Finalizada;29;4;14;4;TERMACO;5011;;;
MOBIS BRASIL FABRICACAO DE AUTO PECAS LT;RODOVIARIO;1494258;15/04/2026;4;337812;15/04/2026;CAOA MOTOR DO BRASIL LTDA;1,68E+13;BELEM;PA;15/04/2026;28/04/2026;27/04/2026;Entregue No Prazo;;Entrega realizada;Entrega Finalizada;28;4;15;4;CARVALIMA;5008;;;
MOBIS BRASIL FABRICACAO DE AUTO PECAS LT;RODOVIARIO;1494623;15/04/2026;1;337842;15/04/2026;SEVEL VEICULOS LTDA;1,07E+13;ARACAJU;SE;15/04/2026;28/04/2026;27/04/2026;Entregue No Prazo;;Entrega realizada;Entrega Finalizada;28;4;15;4;TERMACO;25001;;;
MOBIS BRASIL FABRICACAO DE AUTO PECAS LT;RODOVIARIO;1494468;15/04/2026;1;337764;15/04/2026;PRIVILLEGE DISTRIBUIDORA DE VEICULOS LTD;1,72E+13;ARAGUAINA;TO;15/04/2026;29/04/2026;27/04/2026;Entregue No Prazo;;Entrega realizada;Entrega Finalizada;29;4;15;4;RIO VERMELHO;27002;;;
MOBIS BRASIL FABRICACAO DE AUTO PECAS LT;RODOVIARIO;1494324;15/04/2026;3;337764;15/04/2026;PRIVILLEGE DISTRIBUIDORA DE VEICULOS LTD;1,72E+13;ARAGUAINA;TO;15/04/2026;29/04/2026;27/04/2026;Entregue No Prazo;;Entrega realizada;Entrega Finalizada;29;4;15;4;RIO VERMELHO;27002;;;
MOBIS BRASIL FABRICACAO DE AUTO PECAS LT;RODOVIARIO;1494220;15/04/2026;2;337817;15/04/2026;CYCOSA AUTOMOVEIS LTDA;4,76E+12;MACEIO;AL;15/04/2026;29/04/2026;27/04/2026;Entregue No Prazo;;Entrega realizada;Entrega Finalizada;29;4;15;4;TERMACO;2001;;;
MOBIS BRASIL FABRICACAO DE AUTO PECAS LT;RODOVIARIO;1494415;15/04/2026;6;337833;15/04/2026;ORVEL AUTOMOTOR HYD LTDA;2,52E+13;TEIXEIRA DE FREITAS;BA;15/04/2026;30/04/2026;27/04/2026;Entregue No Prazo;;Entrega realizada;Entrega Finalizada;30;4;15;4;TERMACO;5011;;;
MOBIS BRASIL FABRICACAO DE AUTO PECAS LT;RODOVIARIO;1494227;15/04/2026;4;337833;15/04/2026;ORVEL AUTOMOTOR HYD LTDA;2,52E+13;TEIXEIRA DE FREITAS;BA;15/04/2026;30/04/2026;27/04/2026;Entregue No Prazo;;Entrega realizada;Entrega Finalizada;30;4;15;4;TERMACO;5011;;;
MOBIS BRASIL FABRICACAO DE AUTO PECAS LT;RODOVIARIO;1494259;15/04/2026;2;337835;15/04/2026;PATEO COMERCIO DE VEICULOS S A;7,78E+12;JOAO PESSOA;PB;15/04/2026;30/04/2026;27/04/2026;Entregue No Prazo;;Entrega realizada;Entrega Finalizada;30;4;15;4;TERMACO;15003;;;
MOBIS BRASIL FABRICACAO DE AUTO PECAS LT;RODOVIARIO;1494429;15/04/2026;19;337835;15/04/2026;PATEO COMERCIO DE VEICULOS S A;7,78E+12;JOAO PESSOA;PB;15/04/2026;30/04/2026;27/04/2026;Entregue No Prazo;;Entrega realizada;Entrega Finalizada;30;4;15;4;TERMACO;15003;;;
MOBIS BRASIL FABRICACAO DE AUTO PECAS LT;RODOVIARIO;1494274;15/04/2026;27;337832;15/04/2026;ORIENTE AUTOMOVEIS LTDA;1,33E+13;PARNAMIRIM;RN;15/04/2026;01/05/2026;27/04/2026;Entregue No Prazo;;Entrega realizada;Entrega Finalizada;1;5;15;4;TERMACO;20001;;;
MOBIS BRASIL FABRICACAO DE AUTO PECAS LT;RODOVIARIO;1495208;16/04/2026;16;337994;16/04/2026;H R B COMERCIO DE VEICULOS LTDA;1,82E+13;SAO JOSE DO RIO PRETO;SP;16/04/2026;22/04/2026;27/04/2026;Entregue Fora do Prazo;;Entrega realizada;Entrega Finalizada;22;4;16;4;RISSO;26050;;;
MOBIS BRASIL FABRICACAO DE AUTO PECAS LT;RODOVIARIO;1495259;16/04/2026;4;337998;16/04/2026;NEW VEICULOS E PECAS LTDA.;1,59E+13;ARARAQUARA;SP;16/04/2026;22/04/2026;27/04/2026;Entregue Fora do Prazo;;Entrega realizada;Entrega Finalizada;22;4;16;4;RISSO;26071;;;
MOBIS BRASIL FABRICACAO DE AUTO PECAS LT;RODOVIARIO;1495172;16/04/2026;1;338056;16/04/2026;GRAFFITI VEICULOS LTDA.;1,71E+13;ITAPERUNA;RJ;16/04/2026;23/04/2026;27/04/2026;Entregue no Prazo;;Entrega realizada;Entrega Finalizada;23;4;16;4;CAMILO;19015;São Jorge;Estadual;RJ
MOBIS BRASIL FABRICACAO DE AUTO PECAS LT;RODOVIARIO;1495131;16/04/2026;1;338070;16/04/2026;PRIME CACHOEIRO VEICULOS LTDA;9,34E+12;LINHARES;ES;16/04/2026;24/04/2026;27/04/2026;Entregue Fora do Prazo;;Entrega realizada;Entrega Finalizada;24;4;16;4;CAMILO;8004;;;
MOBIS BRASIL FABRICACAO DE AUTO PECAS LT;RODOVIARIO;1495192;16/04/2026;1;338075;16/04/2026;SAINT LAND COMERCIO DE VEICULOS LTDA;1,04E+13;ARACAJU;SE;16/04/2026;29/04/2026;27/04/2026;Entregue No Prazo;;Entrega realizada;Entrega Finalizada;29;4;16;4;TERMACO;6010;;;
MOBIS BRASIL FABRICACAO DE AUTO PECAS LT;RODOVIARIO;1495123;16/04/2026;2;338044;16/04/2026;CAOA MOTOR DO BRASIL LTDA;1,68E+13;FORTALEZA;CE;16/04/2026;30/04/2026;27/04/2026;Entregue No Prazo;;Entrega realizada;Entrega Finalizada;30;4;16;4;TERMACO;5008;;;
MOBIS BRASIL FABRICACAO DE AUTO PECAS LT;RODOVIARIO;1495115;16/04/2026;5;338052;16/04/2026;CYCOSA AUTOMOVEIS LTDA;4,76E+12;MACEIO;AL;16/04/2026;30/04/2026;27/04/2026;Entregue No Prazo;;Entrega realizada;Entrega Finalizada;30;4;16;4;TERMACO;2001;;;
MOBIS BRASIL FABRICACAO DE AUTO PECAS LT;RODOVIARIO;1495178;16/04/2026;1;338074;16/04/2026;SAINT LAND COMERCIO DE VEICULOS LTDA;1,04E+13;NATAL;RN;16/04/2026;01/05/2026;27/04/2026;Entregue No Prazo;;Entrega realizada;Entrega Finalizada;1;5;16;4;TERMACO;6010;;;
MOBIS BRASIL FABRICACAO DE AUTO PECAS LT;RODOVIARIO;1495154;16/04/2026;7;338041;16/04/2026;AUTORAC VEICULOS LTDA;1,06E+13;CARUARU;PE;16/04/2026;04/05/2026;27/04/2026;Entregue No Prazo;;Entrega realizada;Entrega Finalizada;4;5;16;4;TERMACO;16001;;;
MOBIS BRASIL FABRICACAO DE AUTO PECAS LT;RODOVIARIO;1495968;17/04/2026;1;338337;17/04/2026;GRAFFITI VEICULOS LTDA.;1,71E+13;ITAPERUNA;RJ;17/04/2026;24/04/2026;27/04/2026;Entregue Fora do Prazo;;Entrega realizada;Entrega Finalizada;24;4;17;4;CAMILO;19015;;;
MOBIS BRASIL FABRICACAO DE AUTO PECAS LT;RODOVIARIO;1495926;17/04/2026;73;338290;17/04/2026;SAGA KOREA COM. DE VEIC. E PC. LTDA;1,27E+13;GOIANIA;GO;17/04/2026;27/04/2026;27/04/2026;Entregue No Prazo;;Entrega realizada;Entrega Finalizada;27;4;17;4;RIO VERMELHO;9011;;;
MOBIS BRASIL FABRICACAO DE AUTO PECAS LT;RODOVIARIO;1495925;17/04/2026;1;338290;17/04/2026;SAGA KOREA COM. DE VEIC. E PC. LTDA;1,27E+13;GOIANIA;GO;17/04/2026;27/04/2026;27/04/2026;Entregue No Prazo;;Entrega realizada;Entrega Finalizada;27;4;17;4;RIO VERMELHO;9011;;;
MOBIS BRASIL FABRICACAO DE AUTO PECAS LT;RODOVIARIO;1495981;17/04/2026;2;338308;17/04/2026;CHINHAN AUTOMOVEIS LTDA;2,41E+13;ERECHIM;RS;17/04/2026;27/04/2026;27/04/2026;Entregue No Prazo;;Entrega realizada;Entrega Finalizada;27;4;17;4;TRANSTRY;23019;;;
MOBIS BRASIL FABRICACAO DE AUTO PECAS LT;RODOVIARIO;1495922;17/04/2026;2;338349;17/04/2026;PRIME CACHOEIRO VEICULOS LTDA;9,34E+12;LINHARES;ES;17/04/2026;27/04/2026;27/04/2026;Entregue No Prazo;;Entrega realizada;Entrega Finalizada;27;4;17;4;CAMILO;8004;;;
MOBIS BRASIL FABRICACAO DE AUTO PECAS LT;RODOVIARIO;1495942;17/04/2026;3;338361;17/04/2026;ULSAN COMERCIO DE VEICULOS LTDA.;2,10E+13;CAMPO GRANDE;MS;17/04/2026;27/04/2026;27/04/2026;Entregue No Prazo;;Entrega realizada;Entrega Finalizada;27;4;17;4;CARVALIMA;12004;;;
MOBIS BRASIL FABRICACAO DE AUTO PECAS LT;RODOVIARIO;1495946;17/04/2026;1;338327;17/04/2026;CAOA MOTOR DO BRASIL LTDA;1,68E+13;BELEM;PA;17/04/2026;30/04/2026;27/04/2026;Entregue No Prazo;;Entrega realizada;Entrega Finalizada;30;4;17;4;CARVALIMA;5008;;;
MOBIS BRASIL FABRICACAO DE AUTO PECAS LT;RODOVIARIO;1495905;17/04/2026;5;338332;17/04/2026;CYCOSA AUTOMOVEIS LTDA;4,76E+12;MACEIO;AL;17/04/2026;01/05/2026;27/04/2026;Entregue No Prazo;;Entrega realizada;Entrega Finalizada;1;5;17;4;TERMACO;2001;;;
MOBIS BRASIL FABRICACAO DE AUTO PECAS LT;RODOVIARIO;1495950;17/04/2026;3;338344;17/04/2026;PATEO COMERCIO DE VEICULOS S A;7,78E+12;RECIFE;PE;17/04/2026;04/05/2026;27/04/2026;Entregue No Prazo;;Entrega realizada;Entrega Finalizada;4;5;17;4;TERMACO;16004;;;
MOBIS BRASIL FABRICACAO DE AUTO PECAS LT;RODOVIARIO;1495949;17/04/2026;2;338326;17/04/2026;AUTORAC VEICULOS LTDA;1,06E+13;CARUARU;PE;17/04/2026;05/05/2026;27/04/2026;Entregue No Prazo;;Entrega realizada;Entrega Finalizada;5;5;17;4;TERMACO;16001;;;
MOBIS BRASIL FABRICACAO DE AUTO PECAS LT;RODOVIARIO;1496778;20/04/2026;1;338562;20/04/2026;URCA MOTORS VEICULOS LTDA;8,77E+12;UBERLANDIA;MG;20/04/2026;24/04/2026;27/04/2026;Entregue Fora do Prazo;;Entrega realizada;Entrega Finalizada;24;4;20;4;XD BETIM;9014;;;
MOBIS BRASIL FABRICACAO DE AUTO PECAS LT;RODOVIARIO;1496785;20/04/2026;1;338564;20/04/2026;VIME AUTOMOVEIS E PECAS LTDA;2,85E+13;GUAXUPE;MG;20/04/2026;27/04/2026;27/04/2026;Entregue No Prazo;;Entrega realizada;Entrega Finalizada;27;4;20;4;XD BETIM;11031;;;
MOBIS BRASIL FABRICACAO DE AUTO PECAS LT;RODOVIARIO;1496823;20/04/2026;4;338579;20/04/2026;GALA COMERCIO DE VEICULOS LTDA.;1,77E+13;PELOTAS;RS;20/04/2026;27/04/2026;27/04/2026;Entregue No Prazo;;Entrega realizada;Entrega Finalizada;27;4;20;4;TRANSTRY;23009;;;
MOBIS BRASIL FABRICACAO DE AUTO PECAS LT;RODOVIARIO;1496770;20/04/2026;2;338615;20/04/2026;TAI MOTORS VEICULOS S/A;9,27E+12;VITORIA;ES;20/04/2026;27/04/2026;27/04/2026;Entregue No Prazo;;Entrega realizada;Entrega Finalizada;27;4;20;4;CAMILO;8002;;;
MOBIS BRASIL FABRICACAO DE AUTO PECAS LT;RODOVIARIO;1496769;20/04/2026;2;338615;20/04/2026;TAI MOTORS VEICULOS S/A;9,27E+12;VITORIA;ES;20/04/2026;27/04/2026;27/04/2026;Entregue No Prazo;;Entrega realizada;Entrega Finalizada;27;4;20;4;CAMILO;8002;;;
MOBIS BRASIL FABRICACAO DE AUTO PECAS LT;RODOVIARIO;1496815;20/04/2026;1;338616;20/04/2026;TAI MOTORS VEICULOS S/A.;9,27E+12;CAMPOS DOS GOYTACAZES;RJ;20/04/2026;27/04/2026;27/04/2026;Entregue No Prazo;;Entrega realizada;Entrega Finalizada;27;4;20;4;CAMILO;19023;;;
MOBIS BRASIL FABRICACAO DE AUTO PECAS LT;RODOVIARIO;1496824;20/04/2026;2;338576;20/04/2026;CHINHAN AUTOMOVEIS LTDA;2,41E+13;ERECHIM;RS;20/04/2026;28/04/2026;27/04/2026;Entregue No Prazo;;Entrega realizada;Entrega Finalizada;28;4;20;4;TRANSTRY;23019;;;
MOBIS BRASIL FABRICACAO DE AUTO PECAS LT;RODOVIARIO;1496788;20/04/2026;3;338595;20/04/2026;GOLDEN MOTORS VEICULOS LTDA;3,62E+12;DOURADOS;MS;20/04/2026;28/04/2026;27/04/2026;Entregue No Prazo;;Entrega realizada;Entrega Finalizada;28;4;20;4;CARVALIMA;12001;;;
MOBIS BRASIL FABRICACAO DE AUTO PECAS LT;RODOVIARIO;1496771;20/04/2026;1;338610;20/04/2026;PRIME CACHOEIRO VEICULOS LTDA EPP;9,34E+12;CACHOEIRO DE ITAPEMIRIM;ES;20/04/2026;28/04/2026;27/04/2026;Entregue No Prazo;;Entrega realizada;Entrega Finalizada;28;4;20;4;CAMILO;8003;;;
MOBIS BRASIL FABRICACAO DE AUTO PECAS LT;RODOVIARIO;1496821;20/04/2026;2;338612;20/04/2026;SAGA ASIA COM. DE VEIC.PC.E SERV. LTDA;2,14E+13;PORTO VELHO;RO;20/04/2026;04/05/2026;27/04/2026;Entregue No Prazo;;Entrega realizada;Entrega Finalizada;4;5;20;4;CARVALIMA;21003;;;
MOBIS BRASIL FABRICACAO DE AUTO PECAS LT;RODOVIARIO;1497747;21/04/2026;10;338869;22/04/2026;BARI VEICULOS LTDA;7,46E+12;CURITIBA;PR;22/04/2026;27/04/2026;27/04/2026;Entregue No Prazo;;Entrega realizada;Entrega Finalizada;27;4;22;4;TRANSTRY;18024;;;
MOBIS BRASIL FABRICACAO DE AUTO PECAS LT;RODOVIARIO;1497782;21/04/2026;29;338851;22/04/2026;MOTONET COMERCIO DE VEICULOS LTDA;9,28E+12;SOROCABA;SP;22/04/2026;27/04/2026;27/04/2026;Entregue No Prazo;;Entrega realizada;Entrega Finalizada;27;4;22;4;BV LOG;26113;;;
MOBIS BRASIL FABRICACAO DE AUTO PECAS LT;RODOVIARIO;1498527;22/04/2026;2;338874;22/04/2026;BARI VEICULOS LTDA.;7,46E+12;CURITIBA;PR;22/04/2026;27/04/2026;27/04/2026;Entregue No Prazo;;Entrega realizada;Entrega Finalizada;27;4;22;4;TRANSTRY;18029;;;
MOBIS BRASIL FABRICACAO DE AUTO PECAS LT;RODOVIARIO;1498529;22/04/2026;12;338869;22/04/2026;BARI VEICULOS LTDA;7,46E+12;CURITIBA;PR;22/04/2026;27/04/2026;27/04/2026;Entregue No Prazo;;Entrega realizada;Entrega Finalizada;27;4;22;4;TRANSTRY;18024;;;
MOBIS BRASIL FABRICACAO DE AUTO PECAS LT;RODOVIARIO;1497746;21/04/2026;2;338871;22/04/2026;BARI VEICULOS LTDA;7,46E+12;SAO JOSE DOS PINHAIS;PR;22/04/2026;28/04/2026;27/04/2026;Entregue No Prazo;;Entrega realizada;Entrega Finalizada;28;4;22;4;TRANSTRY;18024;;;
MOBIS BRASIL FABRICACAO DE AUTO PECAS LT;RODOVIARIO;1497748;21/04/2026;3;338770;22/04/2026;ITAVEMA MOTORS VEICULOS LTDA;7,73E+12;DUQUE DE CAXIAS;RJ;22/04/2026;28/04/2026;27/04/2026;Entregue No Prazo;;Entrega realizada;Entrega Finalizada;28;4;22;4;CAMILO;19001;;;
MOBIS BRASIL FABRICACAO DE AUTO PECAS LT;RODOVIARIO;1497749;21/04/2026;5;338759;22/04/2026;AMX COM. E SERVICOS DE AUTOMOTORES LTDA;1,20E+13;RIO DE JANEIRO;RJ;22/04/2026;28/04/2026;27/04/2026;Entregue No Prazo;;Entrega realizada;Entrega Finalizada;28;4;22;4;CAMILO;19009;;;
MOBIS BRASIL FABRICACAO DE AUTO PECAS LT;RODOVIARIO;1497752;21/04/2026;2;338771;22/04/2026;ITAVEMA MOTORS VEICULOS LTDA;7,73E+12;RIO DE JANEIRO;RJ;22/04/2026;28/04/2026;27/04/2026;Entregue No Prazo;;Entrega realizada;Entrega Finalizada;28;4;22;4;CAMILO;19001;;;
MOBIS BRASIL FABRICACAO DE AUTO PECAS LT;RODOVIARIO;1497757;21/04/2026;2;338885;22/04/2026;HOUSE PARTS-COM. DE PCS. E VEICULOS LTDA;1,15E+13;PORTO ALEGRE;RS;22/04/2026;28/04/2026;27/04/2026;Entregue No Prazo;;Entrega realizada;Entrega Finalizada;28;4;22;4;TRANSTRY;23004;;;
MOBIS BRASIL FABRICACAO DE AUTO PECAS LT;RODOVIARIO;1497758;21/04/2026;6;338885;22/04/2026;HOUSE PARTS-COM. DE PCS. E VEICULOS LTDA;1,15E+13;PORTO ALEGRE;RS;22/04/2026;28/04/2026;27/04/2026;Entregue No Prazo;;Entrega realizada;Entrega Finalizada;28;4;22;4;TRANSTRY;23004;;;
MOBIS BRASIL FABRICACAO DE AUTO PECAS LT;RODOVIARIO;1497776;21/04/2026;4;339092;22/04/2026;HYMAX DISTRIBUIDORA DE VEICULOS LTDA;1,73E+13;MOGI GUACU;SP;22/04/2026;28/04/2026;27/04/2026;Entregue No Prazo;;Entrega realizada;Entrega Finalizada;28;4;22;4;RISSO;26002;;;
MOBIS BRASIL FABRICACAO DE AUTO PECAS LT;RODOVIARIO;1497807;21/04/2026;8;338847;22/04/2026;DHC COMERCIO DE VEICULOS E PECAS LTDA;9,52E+12;OURINHOS;SP;22/04/2026;28/04/2026;27/04/2026;Entregue No Prazo;;Entrega realizada;Entrega Finalizada;28;4;22;4;BV LOG;26010;;;
MOBIS BRASIL FABRICACAO DE AUTO PECAS LT;RODOVIARIO;1498191;21/04/2026;12;338873;22/04/2026;BARI VEICULOS LTDA;7,46E+12;PONTA GROSSA;PR;22/04/2026;28/04/2026;27/04/2026;Entregue No Prazo;;Entrega realizada;Entrega Finalizada;28;4;22;4;TRANSTRY;18024;;;
MOBIS BRASIL FABRICACAO DE AUTO PECAS LT;RODOVIARIO;1498194;21/04/2026;4;338771;22/04/2026;ITAVEMA MOTORS VEICULOS LTDA;7,73E+12;RIO DE JANEIRO;RJ;22/04/2026;28/04/2026;27/04/2026;Entregue No Prazo;;Entrega realizada;Entrega Finalizada;28;4;22;4;CAMILO;19001;;;
MOBIS BRASIL FABRICACAO DE AUTO PECAS LT;RODOVIARIO;1498524;22/04/2026;3;338892;22/04/2026;VETOR AUTOMOVEIS LTDA;2,12E+13;CASCAVEL;PR;22/04/2026;28/04/2026;27/04/2026;Entregue No Prazo;;Entrega realizada;Entrega Finalizada;28;4;22;4;TRANSTRY;18019;;;
MOBIS BRASIL FABRICACAO DE AUTO PECAS LT;RODOVIARIO;1498525;22/04/2026;1;338873;22/04/2026;BARI VEICULOS LTDA;7,46E+12;PONTA GROSSA;PR;22/04/2026;28/04/2026;27/04/2026;Entregue No Prazo;;Entrega realizada;Entrega Finalizada;28;4;22;4;TRANSTRY;18024;;;
MOBIS BRASIL FABRICACAO DE AUTO PECAS LT;RODOVIARIO;1498528;22/04/2026;3;338871;22/04/2026;BARI VEICULOS LTDA;7,46E+12;SAO JOSE DOS PINHAIS;PR;22/04/2026;28/04/2026;27/04/2026;Entregue No Prazo;;Entrega realizada;Entrega Finalizada;28;4;22;4;TRANSTRY;18024;;;
MOBIS BRASIL FABRICACAO DE AUTO PECAS LT;RODOVIARIO;1498530;22/04/2026;6;338897;22/04/2026;AMX COM. E SERVICOS DE AUTOMOTORES LTDA;1,20E+13;RIO DE JANEIRO;RJ;22/04/2026;28/04/2026;27/04/2026;Entregue No Prazo;;Entrega realizada;Entrega Finalizada;28;4;22;4;CAMILO;19009;;;
MOBIS BRASIL FABRICACAO DE AUTO PECAS LT;RODOVIARIO;1498533;22/04/2026;2;338910;22/04/2026;ITAVEMA MOTORS VEICULOS LTDA;7,73E+12;RIO DE JANEIRO;RJ;22/04/2026;28/04/2026;27/04/2026;Entregue No Prazo;;Entrega realizada;Entrega Finalizada;28;4;22;4;CAMILO;19001;;;
MOBIS BRASIL FABRICACAO DE AUTO PECAS LT;RODOVIARIO;1498535;22/04/2026;1;338901;22/04/2026;CAOA MOTOR DO BRASIL LTDA;1,68E+13;RIO DE JANEIRO;RJ;22/04/2026;28/04/2026;27/04/2026;Entregue No Prazo;;Entrega realizada;Entrega Finalizada;28;4;22;4;CAMILO;5008;;;
MOBIS BRASIL FABRICACAO DE AUTO PECAS LT;RODOVIARIO;1498538;22/04/2026;2;338885;22/04/2026;HOUSE PARTS-COM. DE PCS. E VEICULOS LTDA;1,15E+13;PORTO ALEGRE;RS;22/04/2026;28/04/2026;27/04/2026;Entregue No Prazo;;Entrega realizada;Entrega Finalizada;28;4;22;4;TRANSTRY;23004;;;
MOBIS BRASIL FABRICACAO DE AUTO PECAS LT;RODOVIARIO;1498539;22/04/2026;3;338885;22/04/2026;HOUSE PARTS-COM. DE PCS. E VEICULOS LTDA;1,15E+13;PORTO ALEGRE;RS;22/04/2026;28/04/2026;27/04/2026;Entregue No Prazo;;Entrega realizada;Entrega Finalizada;28;4;22;4;TRANSTRY;23004;;;
MOBIS BRASIL FABRICACAO DE AUTO PECAS LT;RODOVIARIO;1498556;22/04/2026;1;339092;22/04/2026;HYMAX DISTRIBUIDORA DE VEICULOS LTDA;1,73E+13;MOGI GUACU;SP;22/04/2026;28/04/2026;27/04/2026;Entregue No Prazo;;Entrega realizada;Entrega Finalizada;28;4;22;4;RISSO;26002;;;
MOBIS BRASIL FABRICACAO DE AUTO PECAS LT;RODOVIARIO;1498557;22/04/2026;7;339092;22/04/2026;HYMAX DISTRIBUIDORA DE VEICULOS LTDA;1,73E+13;MOGI GUACU;SP;22/04/2026;28/04/2026;27/04/2026;Entregue No Prazo;;Entrega realizada;Entrega Finalizada;28;4;22;4;RISSO;26002;;;
MOBIS BRASIL FABRICACAO DE AUTO PECAS LT;RODOVIARIO;1498578;22/04/2026;2;339087;22/04/2026;DHC COMERCIO DE VEICULOS E PECAS LTDA;9,52E+12;OURINHOS;SP;22/04/2026;28/04/2026;27/04/2026;Entregue No Prazo;;Entrega realizada;Entrega Finalizada;28;4;22;4;RISSO;26010;;;
MOBIS BRASIL FABRICACAO DE AUTO PECAS LT;RODOVIARIO;1498942;22/04/2026;24;338873;22/04/2026;BARI VEICULOS LTDA;7,46E+12;PONTA GROSSA;PR;22/04/2026;28/04/2026;27/04/2026;Entregue No Prazo;;Entrega realizada;Entrega Finalizada;28;4;22;4;TRANSTRY;18024;;;
MOBIS BRASIL FABRICACAO DE AUTO PECAS LT;RODOVIARIO;1497763;21/04/2026;1;338884;22/04/2026;HOUSE PARTS COMERCIO DE PECAS E VEI;1,15E+13;CAXIAS DO SUL;RS;22/04/2026;29/04/2026;27/04/2026;Entregue No Prazo;;Entrega realizada;Entrega Finalizada;29;4;22;4;TRANSTRY;23023;;;
MOBIS BRASIL FABRICACAO DE AUTO PECAS LT;RODOVIARIO;1497764;21/04/2026;21;338866;22/04/2026;ATUAL VEICULOS LTDA;1,33E+13;ARARANGUA;SC;22/04/2026;29/04/2026;27/04/2026;Entregue No Prazo;;Entrega realizada;Entrega Finalizada;29;4;22;4;TRANSTRY;24001;;;
MOBIS BRASIL FABRICACAO DE AUTO PECAS LT;RODOVIARIO;1497765;21/04/2026;6;338867;22/04/2026;ATUAL VEICULOS LTDA;1,33E+13;CRICIUMA;SC;22/04/2026;29/04/2026;27/04/2026;Entregue No Prazo;;Entrega realizada;Entrega Finalizada;29;4;22;4;TRANSTRY;24001;;;
MOBIS BRASIL FABRICACAO DE AUTO PECAS LT;RODOVIARIO;1497766;21/04/2026;12;338888;22/04/2026;LR COMERCIO DE VEICULOS LTDA;1,05E+13;SAO JOSE;SC;22/04/2026;29/04/2026;27/04/2026;Entregue No Prazo;;Entrega realizada;Entrega Finalizada;29;4;22;4;TRANSTRY;24007;;;
MOBIS BRASIL FABRICACAO DE AUTO PECAS LT;RODOVIARIO;1497767;21/04/2026;32;338870;22/04/2026;BARI VEICULOS LTDA;7,46E+12;BLUMENAU;SC;22/04/2026;29/04/2026;27/04/2026;Entregue No Prazo;;Entrega realizada;Entrega Finalizada;29;4;22;4;TRANSTRY;18024;;;
MOBIS BRASIL FABRICACAO DE AUTO PECAS LT;RODOVIARIO;1498510;22/04/2026;2;338832;22/04/2026;VITAL COMERCIO DE VEICULOS LTDA;1,05E+13;IPATINGA;MG;22/04/2026;29/04/2026;27/04/2026;Entregue No Prazo;;Entrega realizada;Entrega Finalizada;29;4;22;4;XD BETIM;11016;;;
MOBIS BRASIL FABRICACAO DE AUTO PECAS LT;RODOVIARIO;1498526;22/04/2026;1;338893;22/04/2026;VETOR AUTOMOVEIS LTDA;2,12E+13;FOZ DO IGUACU;PR;22/04/2026;29/04/2026;27/04/2026;Entregue No Prazo;;Entrega realizada;Entrega Finalizada;29;4;22;4;TRANSTRY;18019;;;
MOBIS BRASIL FABRICACAO DE AUTO PECAS LT;RODOVIARIO;1498532;22/04/2026;1;338929;22/04/2026;VIA VR VEICULOS LTDA;1,73E+13;VOLTA REDONDA;RJ;22/04/2026;29/04/2026;27/04/2026;Entregue No Prazo;;Entrega realizada;Entrega Finalizada;29;4;22;4;CAMILO;19016;;;
MOBIS BRASIL FABRICACAO DE AUTO PECAS LT;RODOVIARIO;1498545;22/04/2026;2;338884;22/04/2026;HOUSE PARTS COMERCIO DE PECAS E VEI;1,15E+13;CAXIAS DO SUL;RS;22/04/2026;29/04/2026;27/04/2026;Entregue No Prazo;;Entrega realizada;Entrega Finalizada;29;4;22;4;TRANSTRY;23023;;;
MOBIS BRASIL FABRICACAO DE AUTO PECAS LT;RODOVIARIO;1498546;22/04/2026;12;338866;22/04/2026;ATUAL VEICULOS LTDA;1,33E+13;ARARANGUA;SC;22/04/2026;29/04/2026;27/04/2026;Entregue No Prazo;;Entrega realizada;Entrega Finalizada;29;4;22;4;TRANSTRY;24001;;;
MOBIS BRASIL FABRICACAO DE AUTO PECAS LT;RODOVIARIO;1498547;22/04/2026;13;338867;22/04/2026;ATUAL VEICULOS LTDA;1,33E+13;CRICIUMA;SC;22/04/2026;29/04/2026;27/04/2026;Entregue No Prazo;;Entrega realizada;Entrega Finalizada;29;4;22;4;TRANSTRY;24001;;;
MOBIS BRASIL FABRICACAO DE AUTO PECAS LT;RODOVIARIO;1498548;22/04/2026;4;338868;22/04/2026;ATUAL VEICULOS LTDA;1,33E+13;TUBARAO;SC;22/04/2026;29/04/2026;27/04/2026;Entregue No Prazo;;Entrega realizada;Entrega Finalizada;29;4;22;4;TRANSTRY;24001;;;
MOBIS BRASIL FABRICACAO DE AUTO PECAS LT;RODOVIARIO;1498549;22/04/2026;2;338888;22/04/2026;LR COMERCIO DE VEICULOS LTDA;1,05E+13;SAO JOSE;SC;22/04/2026;29/04/2026;27/04/2026;Entregue No Prazo;;Entrega realizada;Entrega Finalizada;29;4;22;4;TRANSTRY;24007;;;
MOBIS BRASIL FABRICACAO DE AUTO PECAS LT;RODOVIARIO;1498550;22/04/2026;12;338888;22/04/2026;LR COMERCIO DE VEICULOS LTDA;1,05E+13;SAO JOSE;SC;22/04/2026;29/04/2026;27/04/2026;Entregue No Prazo;;Entrega realizada;Entrega Finalizada;29;4;22;4;TRANSTRY;24007;;;
MOBIS BRASIL FABRICACAO DE AUTO PECAS LT;RODOVIARIO;1498551;22/04/2026;28;338870;22/04/2026;BARI VEICULOS LTDA;7,46E+12;BLUMENAU;SC;22/04/2026;29/04/2026;27/04/2026;Entregue No Prazo;;Entrega realizada;Entrega Finalizada;29;4;22;4;TRANSTRY;18024;;;
MOBIS BRASIL FABRICACAO DE AUTO PECAS LT;RODOVIARIO;1497706;21/04/2026;4;338861;22/04/2026;SMAFF IMPORT VEICULOS LTDA;8,18E+12;BRASILIA;DF;22/04/2026;30/04/2026;27/04/2026;Entregue No Prazo;;Entrega realizada;Entrega Finalizada;30;4;22;4;RIO VERMELHO;7002;;;
MOBIS BRASIL FABRICACAO DE AUTO PECAS LT;RODOVIARIO;1497707;21/04/2026;11;338860;22/04/2026;SMAFF IMPORT VEICULOS LTDA;8,18E+12;BRASILIA;DF;22/04/2026;30/04/2026;27/04/2026;Entregue No Prazo;;Entrega realizada;Entrega Finalizada;30;4;22;4;RIO VERMELHO;7002;;;
MOBIS BRASIL FABRICACAO DE AUTO PECAS LT;RODOVIARIO;1497708;21/04/2026;1;338858;22/04/2026;SAGA KOREA COM. DE VEIC. E PC. LTDA;1,27E+13;BRASILIA;DF;22/04/2026;30/04/2026;27/04/2026;Entregue No Prazo;;Entrega realizada;Entrega Finalizada;30;4;22;4;RIO VERMELHO;7005;;;
MOBIS BRASIL FABRICACAO DE AUTO PECAS LT;RODOVIARIO;1497709;21/04/2026;18;338858;22/04/2026;SAGA KOREA COM. DE VEIC. E PC. LTDA;1,27E+13;BRASILIA;DF;22/04/2026;30/04/2026;27/04/2026;Entregue No Prazo;;Entrega realizada;Entrega Finalizada;30;4;22;4;RIO VERMELHO;7005;;;
MOBIS BRASIL FABRICACAO DE AUTO PECAS LT;RODOVIARIO;1497762;21/04/2026;2;338878;22/04/2026;CHINHAN AUTOMOVEIS LTDA;2,41E+13;ERECHIM;RS;22/04/2026;30/04/2026;27/04/2026;Entregue No Prazo;;Entrega realizada;Entrega Finalizada;30;4;22;4;TRANSTRY;23019;;;
MOBIS BRASIL FABRICACAO DE AUTO PECAS LT;RODOVIARIO;1498494;22/04/2026;1;338829;22/04/2026;SMAFF IMPORT VEICULOS LTDA;8,18E+12;BRASILIA;DF;22/04/2026;30/04/2026;27/04/2026;Entregue No Prazo;;Entrega realizada;Entrega Finalizada;30;4;22;4;RIO VERMELHO;7002;;;
MOBIS BRASIL FABRICACAO DE AUTO PECAS LT;RODOVIARIO;1498495;22/04/2026;5;338829;22/04/2026;SMAFF IMPORT VEICULOS LTDA;8,18E+12;BRASILIA;DF;22/04/2026;30/04/2026;27/04/2026;Entregue No Prazo;;Entrega realizada;Entrega Finalizada;30;4;22;4;RIO VERMELHO;7002;;;
MOBIS BRASIL FABRICACAO DE AUTO PECAS LT;RODOVIARIO;1498513;22/04/2026;1;338908;22/04/2026;GOLDEN MOTORS VEICULOS LTDA;3,62E+12;DOURADOS;MS;22/04/2026;30/04/2026;27/04/2026;Entregue No Prazo;;Entrega realizada;Entrega Finalizada;30;4;22;4;CARVALIMA;12001;;;
MOBIS BRASIL FABRICACAO DE AUTO PECAS LT;RODOVIARIO;1498544;22/04/2026;1;338878;22/04/2026;CHINHAN AUTOMOVEIS LTDA;2,41E+13;ERECHIM;RS;22/04/2026;30/04/2026;27/04/2026;Entregue No Prazo;;Entrega realizada;Entrega Finalizada;30;4;22;4;TRANSTRY;23019;;;
MOBIS BRASIL FABRICACAO DE AUTO PECAS LT;RODOVIARIO;1498365;22/04/2026;3;338904;22/04/2026;COMETA MATO GROSSO COM. DE VEICULOS LTDA;1,54E+13;SINOP;MT;22/04/2026;04/05/2026;27/04/2026;Entregue No Prazo;;Entrega realizada;Entrega Finalizada;4;5;22;4;CARVALIMA;13003;;;
MOBIS BRASIL FABRICACAO DE AUTO PECAS LT;RODOVIARIO;1498569;22/04/2026;3;339106;23/04/2026;CAOA MOTOR DO BRASIL LTDA (VL PRUDENTE);1,68E+13;SAO PAULO;SP;23/04/2026;27/04/2026;27/04/2026;Entregue No Prazo;;Entrega realizada;Entrega Finalizada;27;4;23;4;BV LOG;26051;;;
MOBIS BRASIL FABRICACAO DE AUTO PECAS LT;RODOVIARIO;1499291;23/04/2026;2;339116;23/04/2026;CARBEL KOREA VEICULOS LTDA;2,07E+13;BELO HORIZONTE;MG;23/04/2026;28/04/2026;27/04/2026;Entregue No Prazo;;Entrega realizada;Entrega Finalizada;28;4;23;4;XD BETIM;11021;;;
MOBIS BRASIL FABRICACAO DE AUTO PECAS LT;RODOVIARIO;1499292;23/04/2026;6;339113;23/04/2026;BDG AUTOVILLE VEICULOS LTDA;4,77E+13;CONTAGEM;MG;23/04/2026;28/04/2026;27/04/2026;Entregue No Prazo;;Entrega realizada;Entrega Finalizada;28;4;23;4;XD BETIM;11037;;;
MOBIS BRASIL FABRICACAO DE AUTO PECAS LT;RODOVIARIO;1499299;23/04/2026;2;339127;23/04/2026;AMX COM. E SERVICOS DE AUTOMOTORES LTDA;1,20E+13;RIO DE JANEIRO;RJ;23/04/2026;29/04/2026;27/04/2026;Entregue No Prazo;;Entrega realizada;Entrega Finalizada;29;4;23;4;CAMILO;19009;;;
MOBIS BRASIL FABRICACAO DE AUTO PECAS LT;RODOVIARIO;1499302;23/04/2026;2;339132;23/04/2026;ITAVEMA MOTORS VEICULOS LTDA;7,73E+12;RIO DE JANEIRO;RJ;23/04/2026;29/04/2026;27/04/2026;Entregue No Prazo;;Entrega realizada;Entrega Finalizada;29;4;23;4;CAMILO;19001;;;
MOBIS BRASIL FABRICACAO DE AUTO PECAS LT;RODOVIARIO;1499303;23/04/2026;1;339132;23/04/2026;ITAVEMA MOTORS VEICULOS LTDA;7,73E+12;RIO DE JANEIRO;RJ;23/04/2026;29/04/2026;27/04/2026;Entregue No Prazo;;Entrega realizada;Entrega Finalizada;29;4;23;4;CAMILO;19001;;;
MOBIS BRASIL FABRICACAO DE AUTO PECAS LT;RODOVIARIO;1499315;23/04/2026;1;339111;23/04/2026;H R B COMERCIO DE VEICULOS LTDA;1,82E+13;SAO JOSE DO RIO PRETO;SP;23/04/2026;29/04/2026;27/04/2026;Entregue No Prazo;;Entrega realizada;Entrega Finalizada;29;4;23;4;RISSO;26050;;;
MOBIS BRASIL FABRICACAO DE AUTO PECAS LT;RODOVIARIO;1499573;23/04/2026;2;339144;23/04/2026;BARI VEICULOS LTDA;7,46E+12;PONTA GROSSA;PR;23/04/2026;29/04/2026;27/04/2026;Entregue No Prazo;;Entrega realizada;Entrega Finalizada;29;4;23;4;TRANSTRY;18024;;;
MOBIS BRASIL FABRICACAO DE AUTO PECAS LT;RODOVIARIO;1499300;23/04/2026;1;339140;23/04/2026;VIA VR VEICULOS LTDA;1,73E+13;VOLTA REDONDA;RJ;23/04/2026;30/04/2026;27/04/2026;Entregue No Prazo;;Entrega realizada;Entrega Finalizada;30;4;23;4;CAMILO;19016;;;
MOBIS BRASIL FABRICACAO DE AUTO PECAS LT;RODOVIARIO;1499301;23/04/2026;1;339140;23/04/2026;VIA VR VEICULOS LTDA;1,73E+13;VOLTA REDONDA;RJ;23/04/2026;30/04/2026;27/04/2026;Entregue No Prazo;;Entrega realizada;Entrega Finalizada;30;4;23;4;CAMILO;19016;;;
MOBIS BRASIL FABRICACAO DE AUTO PECAS LT;RODOVIARIO;1499306;23/04/2026;4;339143;23/04/2026;ATUAL VEICULOS LTDA;1,33E+13;ARARANGUA;SC;23/04/2026;30/04/2026;27/04/2026;Entregue No Prazo;;Entrega realizada;Entrega Finalizada;30;4;23;4;TRANSTRY;24001;;;
MOBIS BRASIL FABRICACAO DE AUTO PECAS LT;RODOVIARIO;1499307;23/04/2026;4;339142;23/04/2026;ATUAL VEICULOS LTDA;1,33E+13;CRICIUMA;SC;23/04/2026;30/04/2026;27/04/2026;Entregue No Prazo;;Entrega realizada;Entrega Finalizada;30;4;23;4;TRANSTRY;24001;;;
MOBIS BRASIL FABRICACAO DE AUTO PECAS LT;RODOVIARIO;1499308;23/04/2026;13;339141;23/04/2026;ATUAL VEICULOS LTDA;1,33E+13;TUBARAO;SC;23/04/2026;30/04/2026;27/04/2026;Entregue No Prazo;;Entrega realizada;Entrega Finalizada;30;4;23;4;TRANSTRY;24001;;;
MOBIS BRASIL FABRICACAO DE AUTO PECAS LT;RODOVIARIO;1499309;23/04/2026;1;339150;23/04/2026;LR COMERCIO DE VEICULOS LTDA;1,05E+13;SAO JOSE;SC;23/04/2026;30/04/2026;27/04/2026;Entregue No Prazo;;Entrega realizada;Entrega Finalizada;30;4;23;4;TRANSTRY;24007;;;
MOBIS BRASIL FABRICACAO DE AUTO PECAS LT;RODOVIARIO;1499310;23/04/2026;1;339145;23/04/2026;BARI VEICULOS LTDA;7,46E+12;BLUMENAU;SC;23/04/2026;30/04/2026;27/04/2026;Entregue No Prazo;;Entrega realizada;Entrega Finalizada;30;4;23;4;TRANSTRY;18024;;;
MOBIS BRASIL FABRICACAO DE AUTO PECAS LT;RODOVIARIO;1499826;24/04/2026;1;339282;24/04/2026;BILLY DISTRIBUIDORA DE VEICULOS LTDA;1,34E+13;BARUERI;SP;24/04/2026;28/04/2026;27/04/2026;Entregue No Prazo;;Entrega realizada;Entrega Finalizada;28;4;24;4;XD DIADEMA;26003;;;
MOBIS BRASIL FABRICACAO DE AUTO PECAS LT;RODOVIARIO;1499828;24/04/2026;2;339288;24/04/2026;GRAND SPORT COM. DE VEIC. E PECAS LTDA;8,58E+12;GUARULHOS;SP;24/04/2026;28/04/2026;27/04/2026;Entregue No Prazo;;Entrega realizada;Entrega Finalizada;28;4;24;4;XD DIADEMA;26005;;;
MOBIS BRASIL FABRICACAO DE AUTO PECAS LT;RODOVIARIO;1499833;24/04/2026;4;339289;24/04/2026;GRAND SPORT COM. DE VEIC. E PECAS LTDA;8,58E+12;SAO PAULO;SP;24/04/2026;28/04/2026;27/04/2026;Entregue No Prazo;;Entrega realizada;Entrega Finalizada;28;4;24;4;XD DIADEMA;26034;;;
MOBIS BRASIL FABRICACAO DE AUTO PECAS LT;RODOVIARIO;1499834;24/04/2026;1;339286;24/04/2026;CHS MOTORS VEICULOS PECAS E SERV. LTDA.;1,69E+13;SAO PAULO;SP;24/04/2026;28/04/2026;27/04/2026;Entregue No Prazo;;Entrega realizada;Entrega Finalizada;28;4;24;4;XD DIADEMA;26036;;;
MOBIS BRASIL FABRICACAO DE AUTO PECAS LT;RODOVIARIO;1499841;24/04/2026;14;339285;24/04/2026;CAOA MOTOR DO BRASIL LTDA (VL PRUDENTE);1,68E+13;SAO PAULO;SP;24/04/2026;28/04/2026;27/04/2026;Entregue No Prazo;;Entrega realizada;Entrega Finalizada;28;4;24;4;XD DIADEMA;26051;;;
MOBIS BRASIL FABRICACAO DE AUTO PECAS LT;RODOVIARIO;1499842;24/04/2026;3;339284;24/04/2026;CAOA MOTOR DO BRASIL LTDA (IPIRANGA);1,68E+13;SAO PAULO;SP;24/04/2026;28/04/2026;27/04/2026;Entregue No Prazo;;Entrega realizada;Entrega Finalizada;28;4;24;4;XD DIADEMA;26054;;;
MOBIS BRASIL FABRICACAO DE AUTO PECAS LT;RODOVIARIO;1499802;24/04/2026;3;339320;24/04/2026;SEVEC VEICULOS LTDA;5,68E+11;CURITIBA;PR;24/04/2026;29/04/2026;27/04/2026;Entregue No Prazo;;Entrega realizada;Entrega Finalizada;29;4;24;4;TRANSTRY;18012;;;
MOBIS BRASIL FABRICACAO DE AUTO PECAS LT;RODOVIARIO;1499806;24/04/2026;6;339307;24/04/2026;BARI VEICULOS LTDA;7,46E+12;CURITIBA;PR;24/04/2026;29/04/2026;27/04/2026;Entregue No Prazo;;Entrega realizada;Entrega Finalizada;29;4;24;4;TRANSTRY;18024;;;
MOBIS BRASIL FABRICACAO DE AUTO PECAS LT;RODOVIARIO;1499829;24/04/2026;6;339349;24/04/2026;DHC COMERCIO DE VEICULOS E PECAS LTDA;9,52E+12;BAURU;SP;24/04/2026;29/04/2026;27/04/2026;Entregue No Prazo;;Entrega realizada;Entrega Finalizada;29;4;24;4;RISSO;26010;;;
MOBIS BRASIL FABRICACAO DE AUTO PECAS LT;RODOVIARIO;1499835;24/04/2026;1;339280;24/04/2026;ANDRETA II DISTRIB.DE VEICULOS LTDA.;9,10E+12;JUNDIAI;SP;24/04/2026;29/04/2026;27/04/2026;Entregue No Prazo;;Entrega realizada;Entrega Finalizada;29;4;24;4;XD DIADEMA;26040;;;
MOBIS BRASIL FABRICACAO DE AUTO PECAS LT;RODOVIARIO;1499843;24/04/2026;6;339287;24/04/2026;DESTAQUE SEUL DISTR. DE VEIC. E PC. LTDA;2,12E+13;ATIBAIA;SP;24/04/2026;29/04/2026;27/04/2026;Entregue No Prazo;;Entrega realizada;Entrega Finalizada;29;4;24;4;XD DIADEMA;26075;;;
MOBIS BRASIL FABRICACAO DE AUTO PECAS LT;RODOVIARIO;1499805;24/04/2026;4;339305;24/04/2026;BARI VEICULOS LTDA;7,46E+12;PONTA GROSSA;PR;24/04/2026;30/04/2026;27/04/2026;Entregue No Prazo;;Entrega realizada;Entrega Finalizada;30;4;24;4;TRANSTRY;18024;;;
MOBIS BRASIL FABRICACAO DE AUTO PECAS LT;RODOVIARIO;1499825;24/04/2026;6;339352;24/04/2026;HYMAX DISTRIBUIDORA DE VEICULOS LTDA;1,73E+13;MOGI GUACU;SP;24/04/2026;30/04/2026;27/04/2026;Entregue No Prazo;;Entrega realizada;Entrega Finalizada;30;4;24;4;RISSO;26002;;;
MOBIS BRASIL FABRICACAO DE AUTO PECAS LT;RODOVIARIO;1499840;24/04/2026;5;339351;24/04/2026;H R B COMERCIO DE VEICULOS LTDA;1,82E+13;SAO JOSE DO RIO PRETO;SP;24/04/2026;30/04/2026;27/04/2026;Entregue No Prazo;;Entrega realizada;Entrega Finalizada;30;4;24;4;RISSO;26050;;;
MOBIS BRASIL FABRICACAO DE AUTO PECAS LT;RODOVIARIO;1499845;24/04/2026;2;339283;24/04/2026;CAOA MOTOR DO BRASIL LTDA;1,68E+13;PRAIA GRANDE;SP;24/04/2026;30/04/2026;27/04/2026;Entregue No Prazo;;Entrega realizada;Entrega Finalizada;30;4;24;4;XD DIADEMA;5008;;;
MOBIS BRASIL FABRICACAO DE AUTO PECAS LT;RODOVIARIO;1499847;24/04/2026;4;339350;24/04/2026;H - CAMINHO AUTOMOVEIS LTDA;2,53E+13;PIRACICABA;SP;24/04/2026;30/04/2026;27/04/2026;Entregue No Prazo;;Entrega realizada;Entrega Finalizada;30;4;24;4;RISSO;26092;;;
MOBIS BRASIL FABRICACAO DE AUTO PECAS LT;RODOVIARIO;1499820;24/04/2026;3;339309;24/04/2026;BARI VEICULOS LTDA;7,46E+12;BLUMENAU;SC;24/04/2026;04/05/2026;27/04/2026;Entregue No Prazo;;Entrega realizada;Entrega Finalizada;4;5;24;4;TRANSTRY;18024;;;
MOBIS BRASIL FABRICACAO DE AUTO PECAS LT;RODOVIARIO;1499787;24/04/2026;1;339330;24/04/2026;GOLDEN MOTORS VEICULOS LTDA;3,62E+12;TRES LAGOAS;MS;24/04/2026;05/05/2026;27/04/2026;Entregue No Prazo;;Entrega realizada;Entrega Finalizada;5;5;24;4;CARVALIMA;12001;;;
MOBIS BRASIL FABRICACAO DE AUTO PECAS LT;RODOVIARIO;1499788;24/04/2026;2;339330;24/04/2026;GOLDEN MOTORS VEICULOS LTDA;3,62E+12;TRES LAGOAS;MS;24/04/2026;05/05/2026;27/04/2026;Entregue No Prazo;;Entrega realizada;Entrega Finalizada;5;5;24;4;CARVALIMA;12001;;;
MOBIS BRASIL FABRICACAO DE AUTO PECAS LT;RODOVIARIO;1499846;24/04/2026;5;339504;27/04/2026;GRANDAY AUTOMOTORES LTDA (CHAC. CALIFOR);1,57E+13;SAO PAULO;SP;27/04/2026;29/04/2026;27/04/2026;Entregue No Prazo;;Entrega realizada;Entrega Finalizada;29;4;27;4;BV LOG;26090;;;
MOBIS BRASIL FABRICACAO DE AUTO PECAS LT;RODOVIARIO;1497721;21/04/2026;1;338864;22/04/2026;URCA MOTORS VEICULOS LTDA;8,77E+12;UBERLANDIA;MG;22/04/2026;28/04/2026;27/04/2026;Entregue No Prazo;;Entrega realizada;Entrega Finalizada;28;4;22;4;XD BETIM;9014;;;
MOBIS BRASIL FABRICACAO DE AUTO PECAS LT;RODOVIARIO;1483484;25/03/2026;1;334383;25/03/2026;PATEO COMERCIO DE VEICULOS S A;7,78E+12;MANAUS;AM;25/03/2026;20/04/2026;28/04/2026;Entregue Fora do Prazo;;Entrega realizada;Entrega Finalizada;20;4;25;3;NORTEX;3002;;;
MOBIS BRASIL FABRICACAO DE AUTO PECAS LT;RODOVIARIO;1492169;10/04/2026;7;337234;10/04/2026;AMX COM. E SERVICOS DE AUTOMOTORES LTDA;1,20E+13;RIO DE JANEIRO;RJ;10/04/2026;17/04/2026;28/04/2026;Entregue Fora do Prazo;;Entrega realizada;Entrega Finalizada;17;4;10;4;CAMILO;19009;;;
MOBIS BRASIL FABRICACAO DE AUTO PECAS LT;RODOVIARIO;1493675;14/04/2026;2;337688;14/04/2026;GREEN CITY VEICULOS LTDA;2,10E+13;PARNAIBA;PI;14/04/2026;04/05/2026;28/04/2026;Entregue No Prazo;;Entrega realizada;Entrega Finalizada;4;5;14;4;TERMACO;17002;;;
MOBIS BRASIL FABRICACAO DE AUTO PECAS LT;RODOVIARIO;1494228;15/04/2026;1;337829;15/04/2026;MASTER COMERCIAL DE VEICULOS LTDA;2,85E+13;BARREIRAS;BA;15/04/2026;30/04/2026;28/04/2026;Entregue No Prazo;;Entrega realizada;Entrega Finalizada;30;4;15;4;TERMACO;5012;;;
MOBIS BRASIL FABRICACAO DE AUTO PECAS LT;RODOVIARIO;1494262;15/04/2026;4;337825;15/04/2026;GREEN CITY VEICULOS LTDA;2,10E+13;PARNAIBA;PI;15/04/2026;05/05/2026;28/04/2026;Entregue No Prazo;;Entrega realizada;Entrega Finalizada;5;5;15;4;TERMACO;17002;;;
MOBIS BRASIL FABRICACAO DE AUTO PECAS LT;RODOVIARIO;1494432;15/04/2026;1;337825;15/04/2026;GREEN CITY VEICULOS LTDA;2,10E+13;PARNAIBA;PI;15/04/2026;05/05/2026;28/04/2026;Entregue No Prazo;;Entrega realizada;Entrega Finalizada;5;5;15;4;TERMACO;17002;;;
MOBIS BRASIL FABRICACAO DE AUTO PECAS LT;RODOVIARIO;1495152;16/04/2026;50;338067;16/04/2026;PATEO COMERCIO DE VEICULOS S A;7,78E+12;JOAO PESSOA;PB;16/04/2026;01/05/2026;28/04/2026;Entregue No Prazo;;Entrega realizada;Entrega Finalizada;1;5;16;4;TERMACO;15003;;;
MOBIS BRASIL FABRICACAO DE AUTO PECAS LT;RODOVIARIO;1495159;16/04/2026;2;338058;16/04/2026;GREEN CITY VEICULOS LTDA;2,10E+13;TERESINA;PI;16/04/2026;04/05/2026;28/04/2026;Entregue No Prazo;;Entrega realizada;Entrega Finalizada;4;5;16;4;TERMACO;17002;;;
MOBIS BRASIL FABRICACAO DE AUTO PECAS LT;RODOVIARIO;1495160;16/04/2026;1;338059;16/04/2026;GREEN CITY VEICULOS LTDA;2,10E+13;TERESINA;PI;16/04/2026;04/05/2026;28/04/2026;Entregue No Prazo;;Entrega realizada;Entrega Finalizada;4;5;16;4;TERMACO;17002;;;
MOBIS BRASIL FABRICACAO DE AUTO PECAS LT;RODOVIARIO;1495153;16/04/2026;7;338062;16/04/2026;JPN PATOS COMERCIO DE VEICULOS LTDA;4,20E+13;PATOS;PB;16/04/2026;04/05/2026;28/04/2026;Entregue No Prazo;;Entrega realizada;Entrega Finalizada;4;5;16;4;TERMACO;15004;;;
MOBIS BRASIL FABRICACAO DE AUTO PECAS LT;RODOVIARIO;1495971;17/04/2026;2;338330;17/04/2026;CAOA MOTOR DO BRASIL LTDA;1,68E+13;RIO DE JANEIRO;RJ;17/04/2026;23/04/2026;28/04/2026;Entregue No Prazo;;Entrega realizada;Entrega Finalizada;23;4;17;4;CAMILO;5008;São Jorge;Estadual;RJ
MOBIS BRASIL FABRICACAO DE AUTO PECAS LT;RODOVIARIO;1495911;17/04/2026;1;338345;17/04/2026;PATEO COMERCIO DE VEICULOS S A;7,78E+12;FEIRA DE SANTANA;BA;17/04/2026;04/05/2026;28/04/2026;Entregue No Prazo;;Entrega realizada;Entrega Finalizada;4;5;17;4;TERMACO;5009;;;
MOBIS BRASIL FABRICACAO DE AUTO PECAS LT;RODOVIARIO;1495929;17/04/2026;5;338346;17/04/2026;PATEO COMERCIO DE VEICULOS S A;7,78E+12;SAO LUIS;MA;17/04/2026;04/05/2026;28/04/2026;Entregue No Prazo;;Entrega realizada;Entrega Finalizada;4;5;17;4;TERMACO;10002;;;
MOBIS BRASIL FABRICACAO DE AUTO PECAS LT;RODOVIARIO;1495930;17/04/2026;2;338346;17/04/2026;PATEO COMERCIO DE VEICULOS S A;7,78E+12;SAO LUIS;MA;17/04/2026;04/05/2026;28/04/2026;Entregue No Prazo;;Entrega realizada;Entrega Finalizada;4;5;17;4;TERMACO;10002;;;
MOBIS BRASIL FABRICACAO DE AUTO PECAS LT;RODOVIARIO;1495947;17/04/2026;6;338348;17/04/2026;PATEO COMERCIO DE VEICULOS S A;7,78E+12;JOAO PESSOA;PB;17/04/2026;04/05/2026;28/04/2026;Entregue No Prazo;;Entrega realizada;Entrega Finalizada;4;5;17;4;TERMACO;15003;;;
MOBIS BRASIL FABRICACAO DE AUTO PECAS LT;RODOVIARIO;1495975;17/04/2026;5;338355;17/04/2026;SAINT LAND COMERCIO DE VEICULOS LTDA;1,04E+13;NATAL;RN;17/04/2026;04/05/2026;28/04/2026;Entregue No Prazo;;Entrega realizada;Entrega Finalizada;4;5;17;4;TERMACO;6010;;;
MOBIS BRASIL FABRICACAO DE AUTO PECAS LT;RODOVIARIO;1495954;17/04/2026;2;338338;17/04/2026;GREEN CITY VEICULOS LTDA;2,10E+13;TERESINA;PI;17/04/2026;05/05/2026;28/04/2026;Entregue No Prazo;;Entrega realizada;Entrega Finalizada;5;5;17;4;TERMACO;17002;;;
MOBIS BRASIL FABRICACAO DE AUTO PECAS LT;RODOVIARIO;1495974;17/04/2026;1;338354;17/04/2026;SAINT LAND COM DE VEICULOS S A;1,04E+13;MOSSORO;RN;17/04/2026;05/05/2026;28/04/2026;Entregue No Prazo;;Entrega realizada;Entrega Finalizada;5;5;17;4;TERMACO;20002;;;
MOBIS BRASIL FABRICACAO DE AUTO PECAS LT;RODOVIARIO;1496813;20/04/2026;1;338592;20/04/2026;CAOA MOTOR DO BRASIL LTDA;1,68E+13;RIO DE JANEIRO;RJ;20/04/2026;24/04/2026;28/04/2026;Entregue Fora do Prazo;;Entrega realizada;Entrega Finalizada;24;4;20;4;CAMILO;5008;;;
MOBIS BRASIL FABRICACAO DE AUTO PECAS LT;RODOVIARIO;1496780;20/04/2026;1;338565;20/04/2026;VITAL COMERCIO DE VEICULOS LTDA;1,05E+13;GOVERNADOR VALADARES;MG;20/04/2026;27/04/2026;28/04/2026;Entregue Fora do Prazo;;Entrega realizada;Entrega Finalizada;27;4;20;4;XD BETIM;11016;;;
MOBIS BRASIL FABRICACAO DE AUTO PECAS LT;RODOVIARIO;1497458;20/04/2026;73;338558;20/04/2026;SAGA KOREA COM. DE VEIC. E PC. LTDA;1,27E+13;GOIANIA;GO;20/04/2026;28/04/2026;28/04/2026;Entregue No Prazo;;Entrega realizada;Entrega Finalizada;28;4;20;4;RIO VERMELHO;9011;;;
MOBIS BRASIL FABRICACAO DE AUTO PECAS LT;RODOVIARIO;1496775;20/04/2026;39;338558;20/04/2026;SAGA KOREA COM. DE VEIC. E PC. LTDA;1,27E+13;GOIANIA;GO;20/04/2026;28/04/2026;28/04/2026;Entregue No Prazo;;Entrega realizada;Entrega Finalizada;28;4;20;4;RIO VERMELHO;9011;;;
MOBIS BRASIL FABRICACAO DE AUTO PECAS LT;RODOVIARIO;1496774;20/04/2026;2;338558;20/04/2026;SAGA KOREA COM. DE VEIC. E PC. LTDA;1,27E+13;GOIANIA;GO;20/04/2026;28/04/2026;28/04/2026;Entregue No Prazo;;Entrega realizada;Entrega Finalizada;28;4;20;4;RIO VERMELHO;9011;;;
MOBIS BRASIL FABRICACAO DE AUTO PECAS LT;RODOVIARIO;1496822;20/04/2026;1;338580;20/04/2026;HOUSE PARTS - COM. DE PECAS E VEIC. LTDA;1,15E+13;SANTA MARIA;RS;20/04/2026;28/04/2026;28/04/2026;Entregue No Prazo;;Entrega realizada;Entrega Finalizada;28;4;20;4;TRANSTRY;23008;;;
MOBIS BRASIL FABRICACAO DE AUTO PECAS LT;RODOVIARIO;1496790;20/04/2026;1;338600;20/04/2026;JPG MOTORS COMERCIO DE VEICULOS LTDA;2,91E+13;CAMPO GRANDE;MS;20/04/2026;28/04/2026;28/04/2026;Entregue No Prazo;;Entrega realizada;Entrega Finalizada;28;4;20;4;CARVALIMA;12005;;;
MOBIS BRASIL FABRICACAO DE AUTO PECAS LT;RODOVIARIO;1496763;20/04/2026;25;338594;20/04/2026;FAZZA MOTORS COMERCIO DE VEICULOS LTDA;1,24E+13;SALVADOR;BA;20/04/2026;30/04/2026;28/04/2026;Entregue No Prazo;;Entrega realizada;Entrega Finalizada;30;4;20;4;TERMACO;5007;;;
MOBIS BRASIL FABRICACAO DE AUTO PECAS LT;RODOVIARIO;1496793;20/04/2026;2;338588;20/04/2026;CAOA MOTOR DO BRASIL LTDA;1,68E+13;BELEM;PA;20/04/2026;01/05/2026;28/04/2026;Entregue No Prazo;;Entrega realizada;Entrega Finalizada;1;5;20;4;CARVALIMA;5008;;;
MOBIS BRASIL FABRICACAO DE AUTO PECAS LT;RODOVIARIO;1496795;20/04/2026;2;338596;20/04/2026;GRANDE COREIA COMERCIO DE VEICULOS LTDA;2,66E+13;BELEM;PA;20/04/2026;01/05/2026;28/04/2026;Entregue No Prazo;;Entrega realizada;Entrega Finalizada;1;5;20;4;CARVALIMA;14007;;;
MOBIS BRASIL FABRICACAO DE AUTO PECAS LT;RODOVIARIO;1497377;20/04/2026;2;338614;20/04/2026;SEVEL VEICULOS LTDA;1,07E+13;ARACAJU;SE;20/04/2026;01/05/2026;28/04/2026;Entregue No Prazo;;Entrega realizada;Entrega Finalizada;1;5;20;4;TERMACO;25001;;;
MOBIS BRASIL FABRICACAO DE AUTO PECAS LT;RODOVIARIO;1497381;20/04/2026;3;338614;20/04/2026;SEVEL VEICULOS LTDA;1,07E+13;ARACAJU;SE;20/04/2026;01/05/2026;28/04/2026;Entregue No Prazo;;Entrega realizada;Entrega Finalizada;1;5;20;4;TERMACO;25001;;;
MOBIS BRASIL FABRICACAO DE AUTO PECAS LT;RODOVIARIO;1496794;20/04/2026;1;338605;20/04/2026;NACIONAL NOVA MARABA DIST DE VEIC. LTDA;1,70E+13;MARABA;PA;20/04/2026;04/05/2026;28/04/2026;Entregue No Prazo;;Entrega realizada;Entrega Finalizada;4;5;20;4;CARVALIMA;14005;;;
MOBIS BRASIL FABRICACAO DE AUTO PECAS LT;RODOVIARIO;1496796;20/04/2026;5;338609;20/04/2026;PATEO COMERCIO DE VEICULOS S A;7,78E+12;JOAO PESSOA;PB;20/04/2026;05/05/2026;28/04/2026;Entregue No Prazo;;Entrega realizada;Entrega Finalizada;5;5;20;4;TERMACO;15003;;;
MOBIS BRASIL FABRICACAO DE AUTO PECAS LT;RODOVIARIO;1497740;21/04/2026;34;338886;22/04/2026;LOVAT VEICULOS S/A;8,57E+12;LONDRINA;PR;22/04/2026;28/04/2026;28/04/2026;Entregue No Prazo;;Entrega realizada;Entrega Finalizada;28;4;22;4;TRANSTRY;18008;;;
MOBIS BRASIL FABRICACAO DE AUTO PECAS LT;RODOVIARIO;1497753;21/04/2026;1;338760;22/04/2026;CAOA MOTOR DO BRASIL LTDA;1,68E+13;RIO DE JANEIRO;RJ;22/04/2026;28/04/2026;28/04/2026;Entregue No Prazo;;Entrega realizada;Entrega Finalizada;28;4;22;4;CAMILO;5008;;;
MOBIS BRASIL FABRICACAO DE AUTO PECAS LT;RODOVIARIO;1497809;21/04/2026;1;339083;22/04/2026;ANDRETA II DISTRIBUIDORA DE VEIC. LTDA;9,10E+12;RIO CLARO;SP;22/04/2026;28/04/2026;28/04/2026;Entregue No Prazo;;Entrega realizada;Entrega Finalizada;28;4;22;4;RISSO;26011;;;
MOBIS BRASIL FABRICACAO DE AUTO PECAS LT;RODOVIARIO;1497811;21/04/2026;2;339096;22/04/2026;VIME SAO JOAO COM. DE VEIC. E PECAS LTDA;5,10E+13;SAO JOAO DA BOA VISTA;SP;22/04/2026;28/04/2026;28/04/2026;Entregue No Prazo;;Entrega realizada;Entrega Finalizada;28;4;22;4;RISSO;26107;;;
MOBIS BRASIL FABRICACAO DE AUTO PECAS LT;RODOVIARIO;1498241;21/04/2026;21;338876;22/04/2026;CARWAY SUL VEICULOS LTDA;1,03E+13;CANOAS;RS;22/04/2026;28/04/2026;28/04/2026;Entregue No Prazo;;Entrega realizada;Entrega Finalizada;28;4;22;4;TRANSTRY;23003;;;
MOBIS BRASIL FABRICACAO DE AUTO PECAS LT;RODOVIARIO;1498521;22/04/2026;33;338886;22/04/2026;LOVAT VEICULOS S/A;8,57E+12;LONDRINA;PR;22/04/2026;28/04/2026;28/04/2026;Entregue No Prazo;;Entrega realizada;Entrega Finalizada;28;4;22;4;TRANSTRY;18008;;;
MOBIS BRASIL FABRICACAO DE AUTO PECAS LT;RODOVIARIO;1498531;22/04/2026;3;338900;22/04/2026;CAOA MOTOR DO BRASIL LTDA;1,68E+13;RIO DE JANEIRO;RJ;22/04/2026;28/04/2026;28/04/2026;Entregue No Prazo;;Entrega realizada;Entrega Finalizada;28;4;22;4;CAMILO;5008;;;
MOBIS BRASIL FABRICACAO DE AUTO PECAS LT;RODOVIARIO;1498540;22/04/2026;12;338876;22/04/2026;CARWAY SUL VEICULOS LTDA;1,03E+13;CANOAS;RS;22/04/2026;28/04/2026;28/04/2026;Entregue No Prazo;;Entrega realizada;Entrega Finalizada;28;4;22;4;TRANSTRY;23003;;;
MOBIS BRASIL FABRICACAO DE AUTO PECAS LT;RODOVIARIO;1497710;21/04/2026;4;338790;22/04/2026;VIA BRASIL AUTOMOVEIS LTDA.;4,72E+12;SERRA;ES;22/04/2026;29/04/2026;28/04/2026;Entregue No Prazo;;Entrega realizada;Entrega Finalizada;29;4;22;4;CAMILO;8001;;;
MOBIS BRASIL FABRICACAO DE AUTO PECAS LT;RODOVIARIO;1497754;21/04/2026;6;338786;22/04/2026;TAI MOTORS VEICULOS S/A.;9,27E+12;CAMPOS DOS GOYTACAZES;RJ;22/04/2026;29/04/2026;28/04/2026;Entregue No Prazo;;Entrega realizada;Entrega Finalizada;29;4;22;4;CAMILO;19023;;;
MOBIS BRASIL FABRICACAO DE AUTO PECAS LT;RODOVIARIO;1497760;21/04/2026;3;338880;22/04/2026;GALA COMERCIO DE VEICULOS LTDA.;1,77E+13;PELOTAS;RS;22/04/2026;29/04/2026;28/04/2026;Entregue No Prazo;;Entrega realizada;Entrega Finalizada;29;4;22;4;TRANSTRY;23009;;;
MOBIS BRASIL FABRICACAO DE AUTO PECAS LT;RODOVIARIO;1498496;22/04/2026;4;338928;22/04/2026;VIA BRASIL AUTOMOVEIS LTDA.;4,72E+12;SERRA;ES;22/04/2026;29/04/2026;28/04/2026;Entregue No Prazo;;Entrega realizada;Entrega Finalizada;29;4;22;4;CAMILO;8001;;;
MOBIS BRASIL FABRICACAO DE AUTO PECAS LT;RODOVIARIO;1498497;22/04/2026;1;338924;22/04/2026;TAI MOTORS VEICULOS S/A;9,27E+12;VITORIA;ES;22/04/2026;29/04/2026;28/04/2026;Entregue No Prazo;;Entrega realizada;Entrega Finalizada;29;4;22;4;CAMILO;8002;;;
MOBIS BRASIL FABRICACAO DE AUTO PECAS LT;RODOVIARIO;1498523;22/04/2026;12;338889;22/04/2026;SANTA FE COMERCIO DE VEICULOS S A.;1,16E+13;PATO BRANCO;PR;22/04/2026;29/04/2026;28/04/2026;Entregue No Prazo;;Entrega realizada;Entrega Finalizada;29;4;22;4;TRANSTRY;18014;;;
MOBIS BRASIL FABRICACAO DE AUTO PECAS LT;RODOVIARIO;1498534;22/04/2026;4;338925;22/04/2026;TAI MOTORS VEICULOS S/A.;9,27E+12;CAMPOS DOS GOYTACAZES;RJ;22/04/2026;29/04/2026;28/04/2026;Entregue No Prazo;;Entrega realizada;Entrega Finalizada;29;4;22;4;CAMILO;19023;;;
MOBIS BRASIL FABRICACAO DE AUTO PECAS LT;RODOVIARIO;1498542;22/04/2026;4;338880;22/04/2026;GALA COMERCIO DE VEICULOS LTDA.;1,77E+13;PELOTAS;RS;22/04/2026;29/04/2026;28/04/2026;Entregue No Prazo;;Entrega realizada;Entrega Finalizada;29;4;22;4;TRANSTRY;23009;;;
MOBIS BRASIL FABRICACAO DE AUTO PECAS LT;RODOVIARIO;1497711;21/04/2026;1;338781;22/04/2026;PRIME CACHOEIRO VEICULOS LTDA EPP;9,34E+12;CACHOEIRO DE ITAPEMIRIM;ES;22/04/2026;30/04/2026;28/04/2026;Entregue No Prazo;;Entrega realizada;Entrega Finalizada;30;4;22;4;CAMILO;8003;;;
MOBIS BRASIL FABRICACAO DE AUTO PECAS LT;RODOVIARIO;1497712;21/04/2026;7;338781;22/04/2026;PRIME CACHOEIRO VEICULOS LTDA EPP;9,34E+12;CACHOEIRO DE ITAPEMIRIM;ES;22/04/2026;30/04/2026;28/04/2026;Entregue No Prazo;;Entrega realizada;Entrega Finalizada;30;4;22;4;CAMILO;8003;;;
MOBIS BRASIL FABRICACAO DE AUTO PECAS LT;RODOVIARIO;1497714;21/04/2026;2;338852;22/04/2026;NISA COMERCIAL DE VEIC. AUTOMOTORES LTDA;1,03E+13;APARECIDA DE GOIANIA;GO;22/04/2026;30/04/2026;28/04/2026;Entregue No Prazo;;Entrega realizada;Entrega Finalizada;30;4;22;4;RIO VERMELHO;9002;;;
MOBIS BRASIL FABRICACAO DE AUTO PECAS LT;RODOVIARIO;1497715;21/04/2026;6;338852;22/04/2026;NISA COMERCIAL DE VEIC. AUTOMOTORES LTDA;1,03E+13;APARECIDA DE GOIANIA;GO;22/04/2026;30/04/2026;28/04/2026;Entregue No Prazo;;Entrega realizada;Entrega Finalizada;30;4;22;4;RIO VERMELHO;9002;;;
MOBIS BRASIL FABRICACAO DE AUTO PECAS LT;RODOVIARIO;1497716;21/04/2026;2;338857;22/04/2026;SAGA KOREA COM. DE VEIC. E PC. LTDA;1,27E+13;GOIANIA;GO;22/04/2026;30/04/2026;28/04/2026;Entregue No Prazo;;Entrega realizada;Entrega Finalizada;30;4;22;4;RIO VERMELHO;9011;;;
MOBIS BRASIL FABRICACAO DE AUTO PECAS LT;RODOVIARIO;1497717;21/04/2026;47;338857;22/04/2026;SAGA KOREA COM. DE VEIC. E PC. LTDA;1,27E+13;GOIANIA;GO;22/04/2026;30/04/2026;28/04/2026;Entregue No Prazo;;Entrega realizada;Entrega Finalizada;30;4;22;4;RIO VERMELHO;9011;;;
MOBIS BRASIL FABRICACAO DE AUTO PECAS LT;RODOVIARIO;1497759;21/04/2026;2;338883;22/04/2026;HOUSE PARTS - COM. DE PECAS E VEIC. LTDA;1,15E+13;SANTA MARIA;RS;22/04/2026;30/04/2026;28/04/2026;Entregue No Prazo;;Entrega realizada;Entrega Finalizada;30;4;22;4;TRANSTRY;23008;;;
MOBIS BRASIL FABRICACAO DE AUTO PECAS LT;RODOVIARIO;1497761;21/04/2026;3;338882;22/04/2026;HOUSE PARTS - COM. DE PECAS E VEIC. LTDA;1,15E+13;SANTA CRUZ DO SUL;RS;22/04/2026;30/04/2026;28/04/2026;Entregue No Prazo;;Entrega realizada;Entrega Finalizada;30;4;22;4;TRANSTRY;23017;;;
MOBIS BRASIL FABRICACAO DE AUTO PECAS LT;RODOVIARIO;1498498;22/04/2026;1;338917;22/04/2026;PRIME CACHOEIRO VEICULOS LTDA EPP;9,34E+12;CACHOEIRO DE ITAPEMIRIM;ES;22/04/2026;30/04/2026;28/04/2026;Entregue No Prazo;;Entrega realizada;Entrega Finalizada;30;4;22;4;CAMILO;8003;;;
MOBIS BRASIL FABRICACAO DE AUTO PECAS LT;RODOVIARIO;1498499;22/04/2026;1;338917;22/04/2026;PRIME CACHOEIRO VEICULOS LTDA EPP;9,34E+12;CACHOEIRO DE ITAPEMIRIM;ES;22/04/2026;30/04/2026;28/04/2026;Entregue No Prazo;;Entrega realizada;Entrega Finalizada;30;4;22;4;CAMILO;8003;;;
MOBIS BRASIL FABRICACAO DE AUTO PECAS LT;RODOVIARIO;1498500;22/04/2026;1;338923;22/04/2026;TAI MOTORS VEICULOS S/A;9,27E+12;COLATINA;ES;22/04/2026;30/04/2026;28/04/2026;Entregue No Prazo;;Entrega realizada;Entrega Finalizada;30;4;22;4;CAMILO;8002;;;
MOBIS BRASIL FABRICACAO DE AUTO PECAS LT;RODOVIARIO;1498501;22/04/2026;1;338823;22/04/2026;NISA COMERCIAL DE VEIC. AUTOMOTORES LTDA;1,03E+13;APARECIDA DE GOIANIA;GO;22/04/2026;30/04/2026;28/04/2026;Entregue No Prazo;;Entrega realizada;Entrega Finalizada;30;4;22;4;RIO VERMELHO;9002;;;
MOBIS BRASIL FABRICACAO DE AUTO PECAS LT;RODOVIARIO;1498502;22/04/2026;3;338823;22/04/2026;NISA COMERCIAL DE VEIC. AUTOMOTORES LTDA;1,03E+13;APARECIDA DE GOIANIA;GO;22/04/2026;30/04/2026;28/04/2026;Entregue No Prazo;;Entrega realizada;Entrega Finalizada;30;4;22;4;RIO VERMELHO;9002;;;
MOBIS BRASIL FABRICACAO DE AUTO PECAS LT;RODOVIARIO;1498503;22/04/2026;1;338827;22/04/2026;SAGA KOREA COM. DE VEIC. E PC. LTDA;1,27E+13;GOIANIA;GO;22/04/2026;30/04/2026;28/04/2026;Entregue No Prazo;;Entrega realizada;Entrega Finalizada;30;4;22;4;RIO VERMELHO;9009;;;
MOBIS BRASIL FABRICACAO DE AUTO PECAS LT;RODOVIARIO;1498504;22/04/2026;2;338828;22/04/2026;SAGA KOREA COM. DE VEIC. E PC. LTDA;1,27E+13;GOIANIA;GO;22/04/2026;30/04/2026;28/04/2026;Entregue No Prazo;;Entrega realizada;Entrega Finalizada;30;4;22;4;RIO VERMELHO;9011;;;
MOBIS BRASIL FABRICACAO DE AUTO PECAS LT;RODOVIARIO;1498505;22/04/2026;27;338828;22/04/2026;SAGA KOREA COM. DE VEIC. E PC. LTDA;1,27E+13;GOIANIA;GO;22/04/2026;30/04/2026;28/04/2026;Entregue No Prazo;;Entrega realizada;Entrega Finalizada;30;4;22;4;RIO VERMELHO;9011;;;
MOBIS BRASIL FABRICACAO DE AUTO PECAS LT;RODOVIARIO;1498541;22/04/2026;2;338883;22/04/2026;HOUSE PARTS - COM. DE PECAS E VEIC. LTDA;1,15E+13;SANTA MARIA;RS;22/04/2026;30/04/2026;28/04/2026;Entregue No Prazo;;Entrega realizada;Entrega Finalizada;30;4;22;4;TRANSTRY;23008;;;
MOBIS BRASIL FABRICACAO DE AUTO PECAS LT;RODOVIARIO;1498543;22/04/2026;1;338882;22/04/2026;HOUSE PARTS - COM. DE PECAS E VEIC. LTDA;1,15E+13;SANTA CRUZ DO SUL;RS;22/04/2026;30/04/2026;28/04/2026;Entregue No Prazo;;Entrega realizada;Entrega Finalizada;30;4;22;4;TRANSTRY;23017;;;
MOBIS BRASIL FABRICACAO DE AUTO PECAS LT;RODOVIARIO;1497731;21/04/2026;1;338782;22/04/2026;SAGA ASIA COM. DE VEIC.PC.E SERV. LTDA;2,23E+13;VARZEA GRANDE;MT;22/04/2026;01/05/2026;28/04/2026;Entregue No Prazo;;Entrega realizada;Entrega Finalizada;1;5;22;4;CARVALIMA;13004;;;
MOBIS BRASIL FABRICACAO DE AUTO PECAS LT;RODOVIARIO;1497732;21/04/2026;7;338782;22/04/2026;SAGA ASIA COM. DE VEIC.PC.E SERV. LTDA;2,23E+13;VARZEA GRANDE;MT;22/04/2026;01/05/2026;28/04/2026;Entregue No Prazo;;Entrega realizada;Entrega Finalizada;1;5;22;4;CARVALIMA;13004;;;
MOBIS BRASIL FABRICACAO DE AUTO PECAS LT;RODOVIARIO;1497774;21/04/2026;4;338879;22/04/2026;CHINHAN AUTOMOVEIS LTDA.;2,41E+13;CACADOR;SC;22/04/2026;01/05/2026;28/04/2026;Entregue No Prazo;;Entrega realizada;Entrega Finalizada;1;5;22;4;TRANSTRY;24020;;;
MOBIS BRASIL FABRICACAO DE AUTO PECAS LT;RODOVIARIO;1498554;22/04/2026;5;338879;22/04/2026;CHINHAN AUTOMOVEIS LTDA.;2,41E+13;CACADOR;SC;22/04/2026;01/05/2026;28/04/2026;Entregue No Prazo;;Entrega realizada;Entrega Finalizada;1;5;22;4;TRANSTRY;24020;;;
MOBIS BRASIL FABRICACAO DE AUTO PECAS LT;RODOVIARIO;1497699;21/04/2026;22;338776;22/04/2026;PATEO COMERCIO DE VEICULOS S A;7,78E+12;SALVADOR;BA;22/04/2026;04/05/2026;28/04/2026;Entregue No Prazo;;Entrega realizada;Entrega Finalizada;4;5;22;4;TERMACO;5003;;;
MOBIS BRASIL FABRICACAO DE AUTO PECAS LT;RODOVIARIO;1498484;22/04/2026;1;338912;22/04/2026;PATEO COMERCIO DE VEICULOS S A;7,78E+12;SALVADOR;BA;22/04/2026;04/05/2026;28/04/2026;Entregue No Prazo;;Entrega realizada;Entrega Finalizada;4;5;22;4;TERMACO;5003;;;
MOBIS BRASIL FABRICACAO DE AUTO PECAS LT;RODOVIARIO;1498485;22/04/2026;10;338912;22/04/2026;PATEO COMERCIO DE VEICULOS S A;7,78E+12;SALVADOR;BA;22/04/2026;04/05/2026;28/04/2026;Entregue No Prazo;;Entrega realizada;Entrega Finalizada;4;5;22;4;TERMACO;5003;;;
MOBIS BRASIL FABRICACAO DE AUTO PECAS LT;RODOVIARIO;1498486;22/04/2026;1;338907;22/04/2026;FAZZA MOTORS COMERCIO DE VEICULOS LTDA;1,24E+13;SALVADOR;BA;22/04/2026;04/05/2026;28/04/2026;Entregue No Prazo;;Entrega realizada;Entrega Finalizada;4;5;22;4;TERMACO;5007;;;
MOBIS BRASIL FABRICACAO DE AUTO PECAS LT;RODOVIARIO;1498487;22/04/2026;2;338907;22/04/2026;FAZZA MOTORS COMERCIO DE VEICULOS LTDA;1,24E+13;SALVADOR;BA;22/04/2026;04/05/2026;28/04/2026;Entregue No Prazo;;Entrega realizada;Entrega Finalizada;4;5;22;4;TERMACO;5007;;;
MOBIS BRASIL FABRICACAO DE AUTO PECAS LT;RODOVIARIO;1498196;21/04/2026;1;338785;22/04/2026;SEVEL VEICULOS LTDA;1,07E+13;ARACAJU;SE;22/04/2026;05/05/2026;28/04/2026;Entregue No Prazo;;Entrega realizada;Entrega Finalizada;5;5;22;4;TERMACO;25001;;;
MOBIS BRASIL FABRICACAO DE AUTO PECAS LT;RODOVIARIO;1498239;21/04/2026;3;338789;22/04/2026;UNIQUE COMERCIO DE AUTOMOVEIS LTDA;1,74E+13;ANANINDEUA;PA;22/04/2026;05/05/2026;28/04/2026;Entregue No Prazo;;Entrega realizada;Entrega Finalizada;5;5;22;4;CARVALIMA;14003;;;
MOBIS BRASIL FABRICACAO DE AUTO PECAS LT;RODOVIARIO;1497701;21/04/2026;1;338763;22/04/2026;CAOA MOTOR DO BRASIL LTDA.;1,68E+13;LAURO DE FREITAS;BA;22/04/2026;07/05/2026;28/04/2026;Entregue No Prazo;;Entrega realizada;Entrega Finalizada;7;5;22;4;TERMACO;5008;;;
MOBIS BRASIL FABRICACAO DE AUTO PECAS LT;RODOVIARIO;1499296;23/04/2026;1;339149;23/04/2026;LOVAT VEICULOS S/A;8,57E+12;LONDRINA;PR;23/04/2026;29/04/2026;28/04/2026;Entregue No Prazo;;Entrega realizada;Entrega Finalizada;29;4;23;4;TRANSTRY;18008;;;
MOBIS BRASIL FABRICACAO DE AUTO PECAS LT;RODOVIARIO;1499305;23/04/2026;3;339147;23/04/2026;CARWAY SUL VEICULOS LTDA;1,03E+13;CANOAS;RS;23/04/2026;29/04/2026;28/04/2026;Entregue No Prazo;;Entrega realizada;Entrega Finalizada;29;4;23;4;TRANSTRY;23003;;;
MOBIS BRASIL FABRICACAO DE AUTO PECAS LT;RODOVIARIO;1499286;23/04/2026;2;339138;23/04/2026;TAI MOTORS VEICULOS S/A;9,27E+12;VITORIA;ES;23/04/2026;30/04/2026;28/04/2026;Entregue No Prazo;;Entrega realizada;Entrega Finalizada;30;4;23;4;CAMILO;8002;;;
MOBIS BRASIL FABRICACAO DE AUTO PECAS LT;RODOVIARIO;1499285;23/04/2026;1;339124;23/04/2026;SAGA KOREA COM. DE VEIC. E PC. LTDA;1,27E+13;BRASILIA;DF;23/04/2026;01/05/2026;28/04/2026;Entregue No Prazo;;Entrega realizada;Entrega Finalizada;1;5;23;4;RIO VERMELHO;7005;;;
MOBIS BRASIL FABRICACAO DE AUTO PECAS LT;RODOVIARIO;1499287;23/04/2026;1;339123;23/04/2026;SAGA KOREA COM. DE VEIC. E PC. LTDA;1,27E+13;GOIANIA;GO;23/04/2026;01/05/2026;28/04/2026;Entregue No Prazo;;Entrega realizada;Entrega Finalizada;1;5;23;4;RIO VERMELHO;9011;;;
MOBIS BRASIL FABRICACAO DE AUTO PECAS LT;RODOVIARIO;1499293;23/04/2026;12;339136;23/04/2026;SAGA ASIA COM. DE VEIC.PC.E SERV. LTDA;2,23E+13;VARZEA GRANDE;MT;23/04/2026;04/05/2026;28/04/2026;Entregue No Prazo;;Entrega realizada;Entrega Finalizada;4;5;23;4;CARVALIMA;13004;;;
MOBIS BRASIL FABRICACAO DE AUTO PECAS LT;RODOVIARIO;1499311;23/04/2026;1;339148;23/04/2026;CHINHAN AUTOMOVEIS LTDA.;2,41E+13;CACADOR;SC;23/04/2026;04/05/2026;28/04/2026;Entregue No Prazo;;Entrega realizada;Entrega Finalizada;4;5;23;4;TRANSTRY;24020;;;
MOBIS BRASIL FABRICACAO DE AUTO PECAS LT;RODOVIARIO;1499294;23/04/2026;1;339139;23/04/2026;UNIQUE COMERCIO DE AUTOMOVEIS LTDA;1,74E+13;ANANINDEUA;PA;23/04/2026;06/05/2026;28/04/2026;Entregue No Prazo;;Entrega realizada;Entrega Finalizada;6;5;23;4;CARVALIMA;14003;;;
MOBIS BRASIL FABRICACAO DE AUTO PECAS LT;RODOVIARIO;1499827;24/04/2026;7;339355;24/04/2026;NOBRE DISTRIBUIDORA DE VEICULOS E PECAS;5,76E+12;MOGI DAS CRUZES;SP;24/04/2026;28/04/2026;28/04/2026;Entregue No Prazo;;Entrega realizada;Entrega Finalizada;28;4;24;4;RISSO;26004;;;
MOBIS BRASIL FABRICACAO DE AUTO PECAS LT;RODOVIARIO;1499844;24/04/2026;4;339292;24/04/2026;NOBRE SP DISTRIB. DE VEIC. E PEC. LTDA;1,70E+13;SAO PAULO;SP;24/04/2026;28/04/2026;28/04/2026;Entregue No Prazo;;Entrega realizada;Entrega Finalizada;28;4;24;4;XD DIADEMA;26081;;;
MOBIS BRASIL FABRICACAO DE AUTO PECAS LT;RODOVIARIO;1499783;24/04/2026;43;339281;24/04/2026;BDG AUTOVILLE VEICULOS LTDA;4,77E+13;CONTAGEM;MG;24/04/2026;29/04/2026;28/04/2026;Entregue No Prazo;;Entrega realizada;Entrega Finalizada;29;4;24;4;XD BETIM ;11037;;;
MOBIS BRASIL FABRICACAO DE AUTO PECAS LT;RODOVIARIO;1499837;24/04/2026;2;339347;24/04/2026;ANDRETA II DISTRIBUIDORA DE VEIC. LTDA;9,10E+12;INDAIATUBA;SP;24/04/2026;29/04/2026;28/04/2026;Entregue No Prazo;;Entrega realizada;Entrega Finalizada;29;4;24;4;RISSO;26011;;;
MOBIS BRASIL FABRICACAO DE AUTO PECAS LT;RODOVIARIO;1499838;24/04/2026;2;339348;24/04/2026;ANDRETA II DISTRIBUIDORA DE VEIC. LTDA;9,10E+12;AMERICANA;SP;24/04/2026;29/04/2026;28/04/2026;Entregue No Prazo;;Entrega realizada;Entrega Finalizada;29;4;24;4;RISSO;26011;;;
MOBIS BRASIL FABRICACAO DE AUTO PECAS LT;RODOVIARIO;1499778;24/04/2026;26;339299;24/04/2026;URCA MOTORS VEICULOS LTDA;8,77E+12;UBERLANDIA;MG;24/04/2026;30/04/2026;28/04/2026;Entregue No Prazo;;Entrega realizada;Entrega Finalizada;30;4;24;4;XD BETIM;9014;;;
MOBIS BRASIL FABRICACAO DE AUTO PECAS LT;RODOVIARIO;1499779;24/04/2026;1;339302;24/04/2026;URCA MOTORS VEICULOS LTDA;8,77E+12;UBERABA;MG;24/04/2026;30/04/2026;28/04/2026;Entregue No Prazo;;Entrega realizada;Entrega Finalizada;30;4;24;4;XD BETIM;9014;;;
MOBIS BRASIL FABRICACAO DE AUTO PECAS LT;RODOVIARIO;1499781;24/04/2026;2;339304;24/04/2026;VIME POCOS COM. DE VEICULOS E PECAS LTDA;3,43E+13;POCOS DE CALDAS;MG;24/04/2026;30/04/2026;28/04/2026;Entregue No Prazo;;Entrega realizada;Entrega Finalizada;30;4;24;4;XD BETIM;11033;;;
MOBIS BRASIL FABRICACAO DE AUTO PECAS LT;RODOVIARIO;1499799;24/04/2026;32;339315;24/04/2026;LOVAT VEICULOS S/A;8,57E+12;LONDRINA;PR;24/04/2026;30/04/2026;28/04/2026;Entregue No Prazo;;Entrega realizada;Entrega Finalizada;30;4;24;4;TRANSTRY;18008;;;
MOBIS BRASIL FABRICACAO DE AUTO PECAS LT;RODOVIARIO;1499807;24/04/2026;1;339325;24/04/2026;CAOA MOTOR DO BRASIL LTDA;1,68E+13;RIO DE JANEIRO;RJ;24/04/2026;30/04/2026;28/04/2026;Entregue No Prazo;;Entrega realizada;Entrega Finalizada;30;4;24;4;CAMILO;5008;;;
MOBIS BRASIL FABRICACAO DE AUTO PECAS LT;RODOVIARIO;1499808;24/04/2026;3;339332;24/04/2026;ITAVEMA MOTORS VEICULOS LTDA;7,73E+12;RIO DE JANEIRO;RJ;24/04/2026;30/04/2026;28/04/2026;Entregue No Prazo;;Entrega realizada;Entrega Finalizada;30;4;24;4;CAMILO;19001;;;
MOBIS BRASIL FABRICACAO DE AUTO PECAS LT;RODOVIARIO;1499809;24/04/2026;1;339324;24/04/2026;CAOA MOTOR DO BRASIL LTDA;1,68E+13;RIO DE JANEIRO;RJ;24/04/2026;30/04/2026;28/04/2026;Entregue No Prazo;;Entrega realizada;Entrega Finalizada;30;4;24;4;CAMILO;5008;;;
MOBIS BRASIL FABRICACAO DE AUTO PECAS LT;RODOVIARIO;1499811;24/04/2026;2;339322;24/04/2026;CAOA MOTOR DO BRASIL LTDA;1,68E+13;RIO DE JANEIRO;RJ;24/04/2026;30/04/2026;28/04/2026;Entregue No Prazo;;Entrega realizada;Entrega Finalizada;30;4;24;4;CAMILO;5008;;;
MOBIS BRASIL FABRICACAO DE AUTO PECAS LT;RODOVIARIO;1499814;24/04/2026;1;339314;24/04/2026;HOUSE PARTS-COM. DE PCS. E VEICULOS LTDA;1,15E+13;PORTO ALEGRE;RS;24/04/2026;30/04/2026;28/04/2026;Entregue No Prazo;;Entrega realizada;Entrega Finalizada;30;4;24;4;TRANSTRY;23004;;;
MOBIS BRASIL FABRICACAO DE AUTO PECAS LT;RODOVIARIO;1499815;24/04/2026;4;339314;24/04/2026;HOUSE PARTS-COM. DE PCS. E VEICULOS LTDA;1,15E+13;PORTO ALEGRE;RS;24/04/2026;30/04/2026;28/04/2026;Entregue No Prazo;;Entrega realizada;Entrega Finalizada;30;4;24;4;TRANSTRY;23004;;;
MOBIS BRASIL FABRICACAO DE AUTO PECAS LT;RODOVIARIO;1499839;24/04/2026;8;339354;24/04/2026;NEW VEICULOS E PECAS LTDA;1,59E+13;FRANCA;SP;24/04/2026;30/04/2026;28/04/2026;Entregue No Prazo;;Entrega realizada;Entrega Finalizada;30;4;24;4;RISSO;26014;;;
MOBIS BRASIL FABRICACAO DE AUTO PECAS LT;RODOVIARIO;1499771;24/04/2026;2;339342;24/04/2026;TAI MOTORS VEICULOS S/A;9,27E+12;VITORIA;ES;24/04/2026;04/05/2026;28/04/2026;Entregue No Prazo;;Entrega realizada;Entrega Finalizada;4;5;24;4;CAMILO;8002;;;
MOBIS BRASIL FABRICACAO DE AUTO PECAS LT;RODOVIARIO;1499772;24/04/2026;2;339339;24/04/2026;PRIME VILA VELHA VEICULOS LTDA.;2,14E+13;VILA VELHA;ES;24/04/2026;04/05/2026;28/04/2026;Entregue No Prazo;;Entrega realizada;Entrega Finalizada;4;5;24;4;CAMILO;8005;;;
MOBIS BRASIL FABRICACAO DE AUTO PECAS LT;RODOVIARIO;1499801;24/04/2026;24;339319;24/04/2026;SANTA FE VEICULOS LTDA.;1,16E+13;FRANCISCO BELTRAO;PR;24/04/2026;04/05/2026;28/04/2026;Entregue No Prazo;;Entrega realizada;Entrega Finalizada;4;5;24;4;TRANSTRY;18010;;;
MOBIS BRASIL FABRICACAO DE AUTO PECAS LT;RODOVIARIO;1499810;24/04/2026;2;339343;24/04/2026;TAI MOTORS VEICULOS S/A.;9,27E+12;CAMPOS DOS GOYTACAZES;RJ;24/04/2026;04/05/2026;28/04/2026;Entregue No Prazo;;Entrega realizada;Entrega Finalizada;4;5;24;4;CAMILO;19023;;;
MOBIS BRASIL FABRICACAO DE AUTO PECAS LT;RODOVIARIO;1499816;24/04/2026;3;339311;24/04/2026;GALA COMERCIO DE VEICULOS LTDA.;1,77E+13;PELOTAS;RS;24/04/2026;04/05/2026;28/04/2026;Entregue No Prazo;;Entrega realizada;Entrega Finalizada;4;5;24;4;TRANSTRY;23009;;;
MOBIS BRASIL FABRICACAO DE AUTO PECAS LT;RODOVIARIO;1499818;24/04/2026;1;339313;24/04/2026;HOUSE PARTS COMERCIO DE PECAS E VEI;1,15E+13;CAXIAS DO SUL;RS;24/04/2026;04/05/2026;28/04/2026;Entregue No Prazo;;Entrega realizada;Entrega Finalizada;4;5;24;4;TRANSTRY;23023;;;
MOBIS BRASIL FABRICACAO DE AUTO PECAS LT;RODOVIARIO;1499819;24/04/2026;3;339317;24/04/2026;LR COMERCIO DE VEICULOS LTDA;1,05E+13;SAO JOSE;SC;24/04/2026;04/05/2026;28/04/2026;Entregue No Prazo;;Entrega realizada;Entrega Finalizada;4;5;24;4;TRANSTRY;24007;;;
MOBIS BRASIL FABRICACAO DE AUTO PECAS LT;RODOVIARIO;1499823;24/04/2026;5;339312;24/04/2026;GAMBATTO H1 VEICULOS LTDA;1,94E+13;CHAPECO;SC;24/04/2026;04/05/2026;28/04/2026;Entregue No Prazo;;Entrega realizada;Entrega Finalizada;4;5;24;4;TRANSTRY;24018;;;
MOBIS BRASIL FABRICACAO DE AUTO PECAS LT;RODOVIARIO;1499770;24/04/2026;17;339296;24/04/2026;SMAFF IMPORT VEICULOS LTDA;8,18E+12;BRASILIA;DF;24/04/2026;05/05/2026;28/04/2026;Entregue No Prazo;;Entrega realizada;Entrega Finalizada;5;5;24;4;RIO VERMELHO;7002;;;
MOBIS BRASIL FABRICACAO DE AUTO PECAS LT;RODOVIARIO;1499786;24/04/2026;6;339331;24/04/2026;GOLDEN MOTORS VEICULOS LTDA;3,62E+12;DOURADOS;MS;24/04/2026;05/05/2026;28/04/2026;Entregue No Prazo;;Entrega realizada;Entrega Finalizada;5;5;24;4;CARVALIMA;12001;;;
MOBIS BRASIL FABRICACAO DE AUTO PECAS LT;RODOVIARIO;1499821;24/04/2026;1;339308;24/04/2026;BARI VEICULOS LTDA;7,46E+12;BALNEARIO CAMBORIU;SC;24/04/2026;05/05/2026;28/04/2026;Entregue No Prazo;;Entrega realizada;Entrega Finalizada;5;5;24;4;TRANSTRY;18024;;;
MOBIS BRASIL FABRICACAO DE AUTO PECAS LT;RODOVIARIO;1499822;24/04/2026;1;339308;24/04/2026;BARI VEICULOS LTDA;7,46E+12;BALNEARIO CAMBORIU;SC;24/04/2026;05/05/2026;28/04/2026;Entregue No Prazo;;Entrega realizada;Entrega Finalizada;5;5;24;4;TRANSTRY;18024;;;
MOBIS BRASIL FABRICACAO DE AUTO PECAS LT;RODOVIARIO;1499824;24/04/2026;3;339310;24/04/2026;CHINHAN AUTOMOVEIS LTDA.;2,41E+13;CACADOR;SC;24/04/2026;06/05/2026;28/04/2026;Entregue No Prazo;;Entrega realizada;Entrega Finalizada;6;5;24;4;TRANSTRY;24020;;;
MOBIS BRASIL FABRICACAO DE AUTO PECAS LT;RODOVIARIO;1499836;24/04/2026;45;339503;27/04/2026;BILLY DISTRIBUIDORA DE VEICULOS LTDA;1,34E+13;SAO CAETANO DO SUL;SP;27/04/2026;29/04/2026;28/04/2026;Entregue No Prazo;;Entrega realizada;Entrega Finalizada;29;4;27;4;BV LOG;26003;;;
MOBIS BRASIL FABRICACAO DE AUTO PECAS LT;RODOVIARIO;1500477;27/04/2026;3;339522;27/04/2026;NOBRE DISTRIBUIDORA DE VEICULOS E PECAS;5,76E+12;MOGI DAS CRUZES;SP;27/04/2026;29/04/2026;28/04/2026;Entregue No Prazo;;Entrega realizada;Entrega Finalizada;29;4;27;4;XD DIADEMA;26004;;;
MOBIS BRASIL FABRICACAO DE AUTO PECAS LT;RODOVIARIO;1500478;27/04/2026;1;339519;27/04/2026;GRAND SPORT COM. DE VEIC. E PECAS LTDA;8,58E+12;GUARULHOS;SP;27/04/2026;29/04/2026;28/04/2026;Entregue No Prazo;;Entrega realizada;Entrega Finalizada;29;4;27;4;XD DIADEMA;26005;;;
MOBIS BRASIL FABRICACAO DE AUTO PECAS LT;RODOVIARIO;1500482;27/04/2026;1;339518;27/04/2026;GRAND SPORT COM. DE VEIC. E PECAS LTDA;8,58E+12;SAO PAULO;SP;27/04/2026;29/04/2026;28/04/2026;Entregue No Prazo;;Entrega realizada;Entrega Finalizada;29;4;27;4;XD DIADEMA;26034;;;
MOBIS BRASIL FABRICACAO DE AUTO PECAS LT;RODOVIARIO;1500490;27/04/2026;3;339515;27/04/2026;CAOA MOTOR DO BRASIL LTDA (VL PRUDENTE);1,68E+13;SAO PAULO;SP;27/04/2026;29/04/2026;28/04/2026;Entregue No Prazo;;Entrega realizada;Entrega Finalizada;29;4;27;4;XD DIADEMA;26051;;;
MOBIS BRASIL FABRICACAO DE AUTO PECAS LT;RODOVIARIO;1500495;27/04/2026;1;339511;27/04/2026;BILLY DISTRIBUIDORA DE VEICULOS LTDA;1,34E+13;SAO PAULO;SP;27/04/2026;29/04/2026;28/04/2026;Entregue No Prazo;;Entrega realizada;Entrega Finalizada;29;4;27;4;XD DIADEMA;26003;;;
MOBIS BRASIL FABRICACAO DE AUTO PECAS LT;RODOVIARIO;1500496;27/04/2026;2;339523;27/04/2026;NOBRE SP DISTRIB. DE VEIC. E PEC. LTDA;1,70E+13;SAO PAULO;SP;27/04/2026;29/04/2026;28/04/2026;Entregue No Prazo;;Entrega realizada;Entrega Finalizada;29;4;27;4;XD DIADEMA;26081;;;
MOBIS BRASIL FABRICACAO DE AUTO PECAS LT;RODOVIARIO;1500498;27/04/2026;2;339514;27/04/2026;CAOA MOTOR DO BRASIL LTDA (INDIANOPOLIS);1,68E+13;SAO PAULO;SP;27/04/2026;29/04/2026;28/04/2026;Entregue No Prazo;;Entrega realizada;Entrega Finalizada;29;4;27;4;XD DIADEMA;26091;;;
MOBIS BRASIL FABRICACAO DE AUTO PECAS LT;RODOVIARIO;1501022;27/04/2026;2;339522;27/04/2026;NOBRE DISTRIBUIDORA DE VEICULOS E PECAS;5,76E+12;MOGI DAS CRUZES;SP;27/04/2026;29/04/2026;28/04/2026;Entregue No Prazo;;Entrega realizada;Entrega Finalizada;29;4;27;4;XD DIADEMA;26004;;;
MOBIS BRASIL FABRICACAO DE AUTO PECAS LT;RODOVIARIO;1501027;27/04/2026;1;339515;27/04/2026;CAOA MOTOR DO BRASIL LTDA (VL PRUDENTE);1,68E+13;SAO PAULO;SP;27/04/2026;29/04/2026;28/04/2026;Entregue No Prazo;;Entrega realizada;Entrega Finalizada;29;4;27;4;XD DIADEMA;26051;;;
MOBIS BRASIL FABRICACAO DE AUTO PECAS LT;RODOVIARIO;1500450;27/04/2026;2;339591;27/04/2026;BARI VEICULOS LTDA.;7,46E+12;CURITIBA;PR;27/04/2026;30/04/2026;28/04/2026;Entregue No Prazo;;Entrega realizada;Entrega Finalizada;30;4;27;4;TRANSTRY;18029;;;
MOBIS BRASIL FABRICACAO DE AUTO PECAS LT;RODOVIARIO;1500451;27/04/2026;2;339589;27/04/2026;BARI VEICULOS LTDA;7,46E+12;CURITIBA;PR;27/04/2026;30/04/2026;28/04/2026;Entregue No Prazo;;Entrega realizada;Entrega Finalizada;30;4;27;4;TRANSTRY;18024;;;
MOBIS BRASIL FABRICACAO DE AUTO PECAS LT;RODOVIARIO;1500480;27/04/2026;35;339508;27/04/2026;ANDRETA II DISTRIBUIDORA DE VEIC. LTDA;9,10E+12;CAMPINAS;SP;27/04/2026;30/04/2026;28/04/2026;Entregue No Prazo;;Entrega realizada;Entrega Finalizada;30;4;27;4;XD DIADEMA;26011;;;
MOBIS BRASIL FABRICACAO DE AUTO PECAS LT;RODOVIARIO;1500483;27/04/2026;3;339507;27/04/2026;ANDRETA II DISTRIB.DE VEICULOS LTDA.;9,10E+12;JUNDIAI;SP;27/04/2026;30/04/2026;28/04/2026;Entregue No Prazo;;Entrega realizada;Entrega Finalizada;30;4;27;4;XD DIADEMA;26040;;;
MOBIS BRASIL FABRICACAO DE AUTO PECAS LT;RODOVIARIO;1500486;27/04/2026;1;339539;27/04/2026;ANDRETA II DISTRIBUIDORA DE VEIC. LTDA;9,10E+12;AMERICANA;SP;27/04/2026;30/04/2026;28/04/2026;Entregue No Prazo;;Entrega realizada;Entrega Finalizada;30;4;27;4;RISSO;26011;;;
MOBIS BRASIL FABRICACAO DE AUTO PECAS LT;RODOVIARIO;1500492;27/04/2026;1;339513;27/04/2026;CAOA MOTOR DO BRASIL LTDA;1,68E+13;CAMPINAS;SP;27/04/2026;30/04/2026;28/04/2026;Entregue No Prazo;;Entrega realizada;Entrega Finalizada;30;4;27;4;XD DIADEMA;5008;;;
MOBIS BRASIL FABRICACAO DE AUTO PECAS LT;RODOVIARIO;1500493;27/04/2026;1;339512;27/04/2026;CAOA MOTOR DO BRASIL LTDA;1,68E+13;SAO JOSE DOS CAMPOS;SP;27/04/2026;30/04/2026;28/04/2026;Entregue No Prazo;;Entrega realizada;Entrega Finalizada;30;4;27;4;XD DIADEMA;5008;;;
MOBIS BRASIL FABRICACAO DE AUTO PECAS LT;RODOVIARIO;1500494;27/04/2026;14;339516;27/04/2026;DESTAQUE SEUL DISTR. DE VEIC. E PC. LTDA;2,12E+13;ATIBAIA;SP;27/04/2026;30/04/2026;28/04/2026;Entregue No Prazo;;Entrega realizada;Entrega Finalizada;30;4;27;4;XD DIADEMA;26075;;;
MOBIS BRASIL FABRICACAO DE AUTO PECAS LT;RODOVIARIO;1501006;27/04/2026;2;339591;27/04/2026;BARI VEICULOS LTDA.;7,46E+12;CURITIBA;PR;27/04/2026;30/04/2026;28/04/2026;Entregue No Prazo;;Entrega realizada;Entrega Finalizada;30;4;27;4;TRANSTRY;18029;;;
MOBIS BRASIL FABRICACAO DE AUTO PECAS LT;RODOVIARIO;1501007;27/04/2026;1;339589;27/04/2026;BARI VEICULOS LTDA;7,46E+12;CURITIBA;PR;27/04/2026;30/04/2026;28/04/2026;Entregue No Prazo;;Entrega realizada;Entrega Finalizada;30;4;27;4;TRANSTRY;18024;;;
MOBIS BRASIL FABRICACAO DE AUTO PECAS LT;RODOVIARIO;1501024;27/04/2026;5;339508;27/04/2026;ANDRETA II DISTRIBUIDORA DE VEIC. LTDA;9,10E+12;CAMPINAS;SP;27/04/2026;30/04/2026;28/04/2026;Entregue No Prazo;;Entrega realizada;Entrega Finalizada;30;4;27;4;XD DIADEMA;26011;;;
MOBIS BRASIL FABRICACAO DE AUTO PECAS LT;RODOVIARIO;1501026;27/04/2026;1;339539;27/04/2026;ANDRETA II DISTRIBUIDORA DE VEIC. LTDA;9,10E+12;AMERICANA;SP;27/04/2026;30/04/2026;28/04/2026;Entregue No Prazo;;Entrega realizada;Entrega Finalizada;30;4;27;4;RISSO;26011;;;
MOBIS BRASIL FABRICACAO DE AUTO PECAS LT;RODOVIARIO;1501028;27/04/2026;1;339512;27/04/2026;CAOA MOTOR DO BRASIL LTDA;1,68E+13;SAO JOSE DOS CAMPOS;SP;27/04/2026;30/04/2026;28/04/2026;Entregue No Prazo;;Entrega realizada;Entrega Finalizada;30;4;27;4;XD DIADEMA;5008;;;
MOBIS BRASIL FABRICACAO DE AUTO PECAS LT;RODOVIARIO;1501029;27/04/2026;2;339516;27/04/2026;DESTAQUE SEUL DISTR. DE VEIC. E PC. LTDA;2,12E+13;ATIBAIA;SP;27/04/2026;30/04/2026;28/04/2026;Entregue No Prazo;;Entrega realizada;Entrega Finalizada;30;4;27;4;XD DIADEMA;26075;;;
MOBIS BRASIL FABRICACAO DE AUTO PECAS LT;RODOVIARIO;1501114;27/04/2026;4;339520;27/04/2026;MOTONET COMERCIO DE VEICULOS LTDA;9,28E+12;SOROCABA;SP;27/04/2026;30/04/2026;28/04/2026;Entregue No Prazo;;Entrega realizada;Entrega Finalizada;30;4;27;4;XD DIADEMA;26113;;;
MOBIS BRASIL FABRICACAO DE AUTO PECAS LT;RODOVIARIO;1501019;27/04/2026;1;339544;27/04/2026;HYMAX DISTRIBUIDORA DE VEICULOS LTDA;1,73E+13;MOGI GUACU;SP;27/04/2026;04/05/2026;28/04/2026;Entregue No Prazo;;Entrega realizada;Entrega Finalizada;4;5;27;4;RISSO;26002;;;
MOBIS BRASIL FABRICACAO DE AUTO PECAS LT;RODOVIARIO;1501020;27/04/2026;1;339544;27/04/2026;HYMAX DISTRIBUIDORA DE VEICULOS LTDA;1,73E+13;MOGI GUACU;SP;27/04/2026;04/05/2026;28/04/2026;Entregue No Prazo;;Entrega realizada;Entrega Finalizada;4;5;27;4;RISSO;26002;;;
MOBIS BRASIL FABRICACAO DE AUTO PECAS LT;RODOVIARIO;1500497;27/04/2026;5;339742;28/04/2026;GRANDAY AUTOMOTORES LTDA (CHAC. CALIFOR);1,57E+13;SAO PAULO;SP;28/04/2026;30/04/2026;28/04/2026;Entregue No Prazo;;Entrega realizada;Entrega Finalizada;30;4;28;4;BV LOG;26090;;;
MOBIS BRASIL FABRICACAO DE AUTO PECAS LT;RODOVIARIO;1501025;27/04/2026;6;339741;28/04/2026;BILLY DISTRIBUIDORA DE VEICULOS LTDA;1,34E+13;SAO CAETANO DO SUL;SP;28/04/2026;30/04/2026;28/04/2026;Entregue No Prazo;;Entrega realizada;Entrega Finalizada;30;4;28;4;BV LOG;26003;;;
MOBIS BRASIL FABRICACAO DE AUTO PECAS LT;RODOVIARIO;1501030;27/04/2026;2;339742;28/04/2026;GRANDAY AUTOMOTORES LTDA (CHAC. CALIFOR);1,57E+13;SAO PAULO;SP;28/04/2026;30/04/2026;28/04/2026;Entregue No Prazo;;Entrega realizada;Entrega Finalizada;30;4;28;4;BV LOG;26090;;;
MOBIS BRASIL FABRICACAO DE AUTO PECAS LT;RODOVIARIO;1499780;24/04/2026;24;339297;24/04/2026;TAI MOTORS VEICULOS S/A;9,27E+12;BELO HORIZONTE;MG;24/04/2026;29/04/2026;28/04/2026;Entregue No Prazo;;Entrega realizada;Entrega Finalizada;29;4;24;4;XD BETIM ;8002;;;
MOBIS BRASIL FABRICACAO DE AUTO PECAS LT;RODOVIARIO;1494325;15/04/2026;2;337765;15/04/2026;PRIVILLEGE DISTRIBUIDORA DE VEICULOS LTD;1,72E+13;PALMAS;TO;15/04/2026;24/04/2026;29/04/2026;Entregue Fora do Prazo;;Entrega realizada;Entrega Finalizada;24;4;15;4;RIO VERMELHO;27003;;;
MOBIS BRASIL FABRICACAO DE AUTO PECAS LT;RODOVIARIO;1495218;16/04/2026;1;337991;16/04/2026;DHC COMERCIO DE VEICULOS E PECAS LTDA;9,52E+12;JAU;SP;16/04/2026;22/04/2026;29/04/2026;Entregue Fora do Prazo;;Entrega realizada;Entrega Finalizada;22;4;16;4;RISSO;26010;;;
MOBIS BRASIL FABRICACAO DE AUTO PECAS LT;RODOVIARIO;1495227;16/04/2026;2;338028;16/04/2026;PRIVILLEGE DISTRIBUIDORA DE VEICULOS LTD;1,72E+13;PALMAS;TO;16/04/2026;27/04/2026;29/04/2026;Entregue No Prazo;;Entrega realizada;Entrega Finalizada;27;4;16;4;RIO VERMELHO;27003;;;
MOBIS BRASIL FABRICACAO DE AUTO PECAS LT;RODOVIARIO;1495121;16/04/2026;2;338063;16/04/2026;MASTER COMERCIAL DE VEICULOS LTDA;2,85E+13;JACOBINA;BA;16/04/2026;01/05/2026;29/04/2026;Entregue No Prazo;;Entrega realizada;Entrega Finalizada;1;5;16;4;TERMACO;5013;;;
MOBIS BRASIL FABRICACAO DE AUTO PECAS LT;RODOVIARIO;1496028;17/04/2026;2;338289;17/04/2026;PRIVILLEGE DISTRIBUIDORA DE VEICULOS LTD;1,72E+13;PALMAS;TO;17/04/2026;28/04/2026;29/04/2026;Entregue Fora do Prazo;;Entrega realizada;Entrega Finalizada;28;4;17;4;RIO VERMELHO;27003;;;
MOBIS BRASIL FABRICACAO DE AUTO PECAS LT;RODOVIARIO;1495916;17/04/2026;1;338356;17/04/2026;SAINT LAND COMERCIO DE VEICULOS LTDA;1,04E+13;JUAZEIRO DO NORTE;CE;17/04/2026;05/05/2026;29/04/2026;Entregue No Prazo;;Entrega realizada;Entrega Finalizada;5;5;17;4;TERMACO;6010;;;
MOBIS BRASIL FABRICACAO DE AUTO PECAS LT;RODOVIARIO;1495904;17/04/2026;1;338360;17/04/2026;ULSAN COMERCIO DE VEICULOS LTDA;2,10E+13;RIO BRANCO;AC;17/04/2026;06/05/2026;29/04/2026;Entregue No Prazo;;Entrega realizada;Entrega Finalizada;6;5;17;4;CARVALIMA;21004;;;
MOBIS BRASIL FABRICACAO DE AUTO PECAS LT;RODOVIARIO;1496779;20/04/2026;2;338546;20/04/2026;CONCESSIONARIA NAGOYA MOTOS E VEIC. LTDA;8,74E+12;UBA;MG;20/04/2026;27/04/2026;29/04/2026;Entregue Fora do Prazo;;Entrega realizada;Entrega Finalizada;27;4;20;4;XD BETIM;11004;;;
MOBIS BRASIL FABRICACAO DE AUTO PECAS LT;RODOVIARIO;1496798;20/04/2026;48;338607;20/04/2026;PATEO COMERCIO DE VEICULOS S A;7,78E+12;RECIFE;PE;20/04/2026;05/05/2026;29/04/2026;Entregue No Prazo;;Entrega realizada;Entrega Finalizada;5;5;20;4;TERMACO;16004;;;
MOBIS BRASIL FABRICACAO DE AUTO PECAS LT;RODOVIARIO;1496777;20/04/2026;2;338608;20/04/2026;PATEO COMERCIO DE VEICULOS S A;7,78E+12;SAO LUIS;MA;20/04/2026;05/05/2026;29/04/2026;Entregue No Prazo;;Entrega realizada;Entrega Finalizada;5;5;20;4;TERMACO;10002;;;
MOBIS BRASIL FABRICACAO DE AUTO PECAS LT;RODOVIARIO;1496776;20/04/2026;1;338608;20/04/2026;PATEO COMERCIO DE VEICULOS S A;7,78E+12;SAO LUIS;MA;20/04/2026;05/05/2026;29/04/2026;Entregue No Prazo;;Entrega realizada;Entrega Finalizada;5;5;20;4;TERMACO;10002;;;
MOBIS BRASIL FABRICACAO DE AUTO PECAS LT;RODOVIARIO;1496820;20/04/2026;14;338613;20/04/2026;SAINT LAND COMERCIO DE VEICULOS LTDA;1,04E+13;NATAL;RN;20/04/2026;05/05/2026;29/04/2026;Entregue No Prazo;;Entrega realizada;Entrega Finalizada;5;5;20;4;TERMACO;6010;;;
MOBIS BRASIL FABRICACAO DE AUTO PECAS LT;RODOVIARIO;1496819;20/04/2026;1;338613;20/04/2026;SAINT LAND COMERCIO DE VEICULOS LTDA;1,04E+13;NATAL;RN;20/04/2026;05/05/2026;29/04/2026;Entregue No Prazo;;Entrega realizada;Entrega Finalizada;5;5;20;4;TERMACO;6010;;;
MOBIS BRASIL FABRICACAO DE AUTO PECAS LT;RODOVIARIO;1496802;20/04/2026;2;338597;20/04/2026;GREEN CITY VEICULOS LTDA;2,10E+13;TERESINA;PI;20/04/2026;06/05/2026;29/04/2026;Entregue No Prazo;;Entrega realizada;Entrega Finalizada;6;5;20;4;TERMACO;17002;;;
MOBIS BRASIL FABRICACAO DE AUTO PECAS LT;RODOVIARIO;1496801;20/04/2026;1;338598;20/04/2026;GREEN CITY VEICULOS LTDA;2,10E+13;TERESINA;PI;20/04/2026;06/05/2026;29/04/2026;Entregue No Prazo;;Entrega realizada;Entrega Finalizada;6;5;20;4;TERMACO;17002;;;
MOBIS BRASIL FABRICACAO DE AUTO PECAS LT;RODOVIARIO;1497722;21/04/2026;2;338844;22/04/2026;CONCESSIONARIA NAGOYA MOTOS E VEIC. LTDA;8,74E+12;UBA;MG;22/04/2026;29/04/2026;29/04/2026;Entregue No Prazo;;Entrega realizada;Entrega Finalizada;29;4;22;4;XD BETIM;11004;;;
MOBIS BRASIL FABRICACAO DE AUTO PECAS LT;RODOVIARIO;1497723;21/04/2026;1;338844;22/04/2026;CONCESSIONARIA NAGOYA MOTOS E VEIC. LTDA;8,74E+12;UBA;MG;22/04/2026;29/04/2026;29/04/2026;Entregue No Prazo;;Entrega realizada;Entrega Finalizada;29;4;22;4;XD BETIM;11004;;;
MOBIS BRASIL FABRICACAO DE AUTO PECAS LT;RODOVIARIO;1497713;21/04/2026;1;338780;22/04/2026;PRIME CACHOEIRO VEICULOS LTDA;9,34E+12;LINHARES;ES;22/04/2026;30/04/2026;29/04/2026;Entregue No Prazo;;Entrega realizada;Entrega Finalizada;30;4;22;4;CAMILO;8004;;;
MOBIS BRASIL FABRICACAO DE AUTO PECAS LT;RODOVIARIO;1497729;21/04/2026;3;338767;22/04/2026;GOLDEN MOTORS VEICULOS LTDA;3,62E+12;DOURADOS;MS;22/04/2026;30/04/2026;29/04/2026;Entregue No Prazo;;Entrega realizada;Entrega Finalizada;30;4;22;4;CARVALIMA;12001;;;
MOBIS BRASIL FABRICACAO DE AUTO PECAS LT;RODOVIARIO;1498506;22/04/2026;2;338822;22/04/2026;NISA COMERCIAL DE VEIC. AUTOMOTORES LTDA;1,03E+13;GOIANIA;GO;22/04/2026;30/04/2026;29/04/2026;Entregue No Prazo;;Entrega realizada;Entrega Finalizada;30;4;22;4;RIO VERMELHO;9013;;;
MOBIS BRASIL FABRICACAO DE AUTO PECAS LT;RODOVIARIO;1498514;22/04/2026;2;338927;22/04/2026;ULSAN COMERCIO DE VEICULOS LTDA.;2,10E+13;CAMPO GRANDE;MS;22/04/2026;30/04/2026;29/04/2026;Entregue No Prazo;;Entrega realizada;Entrega Finalizada;30;4;22;4;CARVALIMA;12004;;;
MOBIS BRASIL FABRICACAO DE AUTO PECAS LT;RODOVIARIO;1498507;22/04/2026;4;338831;22/04/2026;URCA MOTORS VEICULOS LTDA;8,77E+12;ITUMBIARA;GO;22/04/2026;04/05/2026;29/04/2026;Entregue No Prazo;;Entrega realizada;Entrega Finalizada;4;5;22;4;RIO VERMELHO;9014;;;
MOBIS BRASIL FABRICACAO DE AUTO PECAS LT;RODOVIARIO;1498492;22/04/2026;1;338906;22/04/2026;FAZZA MOTORS COM. DE VEICULOS LTDA;1,24E+13;FORTALEZA;CE;22/04/2026;06/05/2026;29/04/2026;Entregue No Prazo;;Entrega realizada;Entrega Finalizada;6;5;22;4;TERMACO;6001;;;
MOBIS BRASIL FABRICACAO DE AUTO PECAS LT;RODOVIARIO;1498508;22/04/2026;2;338830;22/04/2026;TRIAUTO KOREA AUTOMOVEIS LTDA;4,99E+13;CATALAO;GO;22/04/2026;06/05/2026;29/04/2026;Entregue No Prazo;;Entrega realizada;Entrega Finalizada;6;5;22;4;RIO VERMELHO;9018;;;
MOBIS BRASIL FABRICACAO DE AUTO PECAS LT;RODOVIARIO;1497703;21/04/2026;1;338758;22/04/2026;AIKON VEICULOS LTDA;1,17E+13;ITABUNA;BA;22/04/2026;07/05/2026;29/04/2026;Entregue No Prazo;;Entrega realizada;Entrega Finalizada;7;5;22;4;TERMACO;5002;;;
MOBIS BRASIL FABRICACAO DE AUTO PECAS LT;RODOVIARIO;1497736;21/04/2026;6;338775;22/04/2026;PATEO COMERCIO DE VEICULOS S A;7,78E+12;RECIFE;PE;22/04/2026;07/05/2026;29/04/2026;Entregue No Prazo;;Entrega realizada;Entrega Finalizada;7;5;22;4;TERMACO;16004;;;
MOBIS BRASIL FABRICACAO DE AUTO PECAS LT;RODOVIARIO;1497755;21/04/2026;2;338784;22/04/2026;SAINT LAND COMERCIO DE VEICULOS LTDA;1,04E+13;NATAL;RN;22/04/2026;07/05/2026;29/04/2026;Entregue No Prazo;;Entrega realizada;Entrega Finalizada;7;5;22;4;TERMACO;6010;;;
MOBIS BRASIL FABRICACAO DE AUTO PECAS LT;RODOVIARIO;1497756;21/04/2026;15;338784;22/04/2026;SAINT LAND COMERCIO DE VEICULOS LTDA;1,04E+13;NATAL;RN;22/04/2026;07/05/2026;29/04/2026;Entregue No Prazo;;Entrega realizada;Entrega Finalizada;7;5;22;4;TERMACO;6010;;;
MOBIS BRASIL FABRICACAO DE AUTO PECAS LT;RODOVIARIO;1498240;21/04/2026;37;338775;22/04/2026;PATEO COMERCIO DE VEICULOS S A;7,78E+12;RECIFE;PE;22/04/2026;07/05/2026;29/04/2026;Entregue No Prazo;;Entrega realizada;Entrega Finalizada;7;5;22;4;TERMACO;16004;;;
MOBIS BRASIL FABRICACAO DE AUTO PECAS LT;RODOVIARIO;1498483;22/04/2026;4;338895;22/04/2026;AIKON VEICULOS LTDA;1,17E+13;VITORIA DA CONQUISTA;BA;22/04/2026;07/05/2026;29/04/2026;Entregue No Prazo;;Entrega realizada;Entrega Finalizada;7;5;22;4;TERMACO;5002;;;
MOBIS BRASIL FABRICACAO DE AUTO PECAS LT;RODOVIARIO;1498490;22/04/2026;2;338896;22/04/2026;AIKON VEICULOS LTDA;1,17E+13;ITABUNA;BA;22/04/2026;07/05/2026;29/04/2026;Entregue No Prazo;;Entrega realizada;Entrega Finalizada;7;5;22;4;TERMACO;5002;;;
MOBIS BRASIL FABRICACAO DE AUTO PECAS LT;RODOVIARIO;1498518;22/04/2026;2;338913;22/04/2026;PATEO COMERCIO DE VEICULOS S A;7,78E+12;RECIFE;PE;22/04/2026;07/05/2026;29/04/2026;Entregue No Prazo;;Entrega realizada;Entrega Finalizada;7;5;22;4;TERMACO;16004;;;
MOBIS BRASIL FABRICACAO DE AUTO PECAS LT;RODOVIARIO;1498537;22/04/2026;2;338903;22/04/2026;COMETA JI PARANA COM. DE VEIC. LTDA;4,23E+12;JIPARANA;RO;22/04/2026;11/05/2026;29/04/2026;Entregue No Prazo;;Entrega realizada;Entrega Finalizada;11;5;22;4;CARVALIMA;21002;;;
MOBIS BRASIL FABRICACAO DE AUTO PECAS LT;RODOVIARIO;1498567;22/04/2026;4;339108;23/04/2026;H R B COMERCIO DE VEICULOS LTDA;1,82E+13;SAO JOSE DO RIO PRETO;SP;23/04/2026;29/04/2026;29/04/2026;Entregue No Prazo;;Entrega realizada;Entrega Finalizada;29;4;23;4;BV LOG;26050;;;
MOBIS BRASIL FABRICACAO DE AUTO PECAS LT;RODOVIARIO;1498568;22/04/2026;34;339108;23/04/2026;H R B COMERCIO DE VEICULOS LTDA;1,82E+13;SAO JOSE DO RIO PRETO;SP;23/04/2026;29/04/2026;29/04/2026;Entregue No Prazo;;Entrega realizada;Entrega Finalizada;29;4;23;4;BV LOG;26050;;;
MOBIS BRASIL FABRICACAO DE AUTO PECAS LT;RODOVIARIO;1499318;23/04/2026;1;339110;23/04/2026;GOLDEN MOTORS VEICULOS LTDA;3,62E+12;PRESIDENTE PRUDENTE;SP;23/04/2026;29/04/2026;29/04/2026;Entregue No Prazo;;Entrega realizada;Entrega Finalizada;29;4;23;4;RISSO;12001;;;
MOBIS BRASIL FABRICACAO DE AUTO PECAS LT;RODOVIARIO;1499290;23/04/2026;1;339118;23/04/2026;CONCESSIONARIA NAGOYA MOTOS E VEIC. LTDA;8,74E+12;UBA;MG;23/04/2026;30/04/2026;29/04/2026;Entregue No Prazo;;Entrega realizada;Entrega Finalizada;30;4;23;4;XD BETIM;11004;;;
MOBIS BRASIL FABRICACAO DE AUTO PECAS LT;RODOVIARIO;1499592;23/04/2026;3;339129;23/04/2026;COMETA RONDONIA COMERCIO DE VEICULO;4,23E+12;VILHENA;RO;23/04/2026;07/05/2026;29/04/2026;Entregue No Prazo;;Entrega realizada;Entrega Finalizada;7;5;23;4;CARVALIMA;#N/D;;;
MOBIS BRASIL FABRICACAO DE AUTO PECAS LT;RODOVIARIO;1499831;24/04/2026;62;339290;24/04/2026;MOTONET COMERCIO DE VEICULOS LTDA;9,28E+12;SOROCABA;SP;24/04/2026;29/04/2026;29/04/2026;Entregue No Prazo;;Entrega realizada;Entrega Finalizada;29;4;24;4;XD DIADEMA;26113;;;
MOBIS BRASIL FABRICACAO DE AUTO PECAS LT;RODOVIARIO;1499832;24/04/2026;10;339353;24/04/2026;NEW VEICULOS E PECAS LTDA;1,59E+13;RIBEIRAO PRETO;SP;24/04/2026;29/04/2026;29/04/2026;Entregue No Prazo;;Entrega realizada;Entrega Finalizada;29;4;24;4;RISSO;26014;;;
MOBIS BRASIL FABRICACAO DE AUTO PECAS LT;RODOVIARIO;1499803;24/04/2026;5;339321;24/04/2026;VETOR AUTOMOVEIS LTDA;2,12E+13;CASCAVEL;PR;24/04/2026;30/04/2026;29/04/2026;Entregue No Prazo;;Entrega realizada;Entrega Finalizada;30;4;24;4;TRANSTRY;18019;;;
MOBIS BRASIL FABRICACAO DE AUTO PECAS LT;RODOVIARIO;1499804;24/04/2026;3;339306;24/04/2026;BARI VEICULOS LTDA;7,46E+12;GUARAPUAVA;PR;24/04/2026;30/04/2026;29/04/2026;Entregue No Prazo;;Entrega realizada;Entrega Finalizada;30;4;24;4;TRANSTRY;18024;;;
MOBIS BRASIL FABRICACAO DE AUTO PECAS LT;RODOVIARIO;1499784;24/04/2026;1;339298;24/04/2026;TECAR TRILHAS AUTOMOVEIS E SERVICOS LTDA;2,32E+13;DIVINOPOLIS;MG;24/04/2026;04/05/2026;29/04/2026;Entregue No Prazo;;Entrega realizada;Entrega Finalizada;4;5;24;4;XD BETIM ;11039;;;
MOBIS BRASIL FABRICACAO DE AUTO PECAS LT;RODOVIARIO;1499785;24/04/2026;1;339294;24/04/2026;RITMO MOTORS LTDA;1,94E+13;PASSOS;MG;24/04/2026;04/05/2026;29/04/2026;Entregue No Prazo;;Entrega realizada;Entrega Finalizada;4;5;24;4;XD BETIM ;11040;;;
MOBIS BRASIL FABRICACAO DE AUTO PECAS LT;RODOVIARIO;1499812;24/04/2026;1;339334;24/04/2026;MONTREAL VEICULOS E PECAS LTDA;1,68E+13;SAO PEDRO DA ALDEIA;RJ;24/04/2026;04/05/2026;29/04/2026;Entregue No Prazo;;Entrega realizada;Entrega Finalizada;4;5;24;4;CAMILO;19030;;;
MOBIS BRASIL FABRICACAO DE AUTO PECAS LT;RODOVIARIO;1499817;24/04/2026;1;339318;24/04/2026;NAZARETH VEICULOS LTDA;9,30E+12;IJUI;RS;24/04/2026;05/05/2026;29/04/2026;Entregue No Prazo;;Entrega realizada;Entrega Finalizada;5;5;24;4;TRANSTRY;23021;;;
MOBIS BRASIL FABRICACAO DE AUTO PECAS LT;RODOVIARIO;1499790;24/04/2026;1;339327;24/04/2026;COMETA MATO GROSSO COM. DE VEICULOS LTDA;1,54E+13;SINOP;MT;24/04/2026;07/05/2026;29/04/2026;Entregue No Prazo;;Entrega realizada;Entrega Finalizada;7;5;24;4;CARVALIMA;13003;;;
MOBIS BRASIL FABRICACAO DE AUTO PECAS LT;RODOVIARIO;1499791;24/04/2026;4;339326;24/04/2026;COMETA MATO GROSSO COM. DE VEICULOS LTDA;1,54E+13;RONDONOPOLIS;MT;24/04/2026;07/05/2026;29/04/2026;Entregue No Prazo;;Entrega realizada;Entrega Finalizada;7;5;24;4;CARVALIMA;13006;;;
MOBIS BRASIL FABRICACAO DE AUTO PECAS LT;RODOVIARIO;1499794;24/04/2026;1;339335;24/04/2026;NACIONAL NOVA MARABA DIST DE VEIC. LTDA;1,70E+13;MARABA;PA;24/04/2026;11/05/2026;29/04/2026;Entregue No Prazo;;Entrega realizada;Entrega Finalizada;11;5;24;4;CARVALIMA;14005;;;
MOBIS BRASIL FABRICACAO DE AUTO PECAS LT;RODOVIARIO;1500476;27/04/2026;10;339510;27/04/2026;BILLY DISTRIBUIDORA DE VEICULOS LTDA;1,34E+13;BARUERI;SP;27/04/2026;29/04/2026;29/04/2026;Entregue No Prazo;;Entrega realizada;Entrega Finalizada;29;4;27;4;XD DIADEMA;26003;;;
MOBIS BRASIL FABRICACAO DE AUTO PECAS LT;RODOVIARIO;1500487;27/04/2026;1;339540;27/04/2026;BILLY DISTRIBUIDORA DE VEICULOS LTDA;1,34E+13;DIADEMA;SP;27/04/2026;29/04/2026;29/04/2026;Entregue No Prazo;;Entrega realizada;Entrega Finalizada;29;4;27;4;RISSO;26003;;;
MOBIS BRASIL FABRICACAO DE AUTO PECAS LT;RODOVIARIO;1500491;27/04/2026;1;339541;27/04/2026;CAOA MOTOR DO BRASIL LTDA;1,68E+13;SANTO ANDRE;SP;27/04/2026;29/04/2026;29/04/2026;Entregue No Prazo;;Entrega realizada;Entrega Finalizada;29;4;27;4;RISSO;5008;;;
MOBIS BRASIL FABRICACAO DE AUTO PECAS LT;RODOVIARIO;1501021;27/04/2026;3;339510;27/04/2026;BILLY DISTRIBUIDORA DE VEICULOS LTDA;1,34E+13;BARUERI;SP;27/04/2026;29/04/2026;29/04/2026;Entregue No Prazo;;Entrega realizada;Entrega Finalizada;29;4;27;4;XD DIADEMA;26003;;;
MOBIS BRASIL FABRICACAO DE AUTO PECAS LT;RODOVIARIO;1499830;24/04/2026;41;339502;27/04/2026;ANDRETA II DISTRIBUIDORA DE VEIC. LTDA;9,10E+12;CAMPINAS;SP;27/04/2026;30/04/2026;29/04/2026;Entregue No Prazo;;Entrega realizada;Entrega Finalizada;30;4;27;4;BV LOG;26011;;;
MOBIS BRASIL FABRICACAO DE AUTO PECAS LT;RODOVIARIO;1500424;27/04/2026;9;339530;27/04/2026;TAI MOTORS VEICULOS S/A;9,27E+12;BELO HORIZONTE;MG;27/04/2026;30/04/2026;29/04/2026;Entregue No Prazo;;Entrega realizada;Entrega Finalizada;30;4;27;4;XD BETIM;8002;;;
MOBIS BRASIL FABRICACAO DE AUTO PECAS LT;RODOVIARIO;1500428;27/04/2026;33;339509;27/04/2026;BDG AUTOVILLE VEICULOS LTDA;4,77E+13;CONTAGEM;MG;27/04/2026;30/04/2026;29/04/2026;Entregue No Prazo;;Entrega realizada;Entrega Finalizada;30;4;27;4;XD BETIM;11037;;;
MOBIS BRASIL FABRICACAO DE AUTO PECAS LT;RODOVIARIO;1500479;27/04/2026;20;339542;27/04/2026;DHC COMERCIO DE VEICULOS E PECAS LTDA;9,52E+12;BAURU;SP;27/04/2026;30/04/2026;29/04/2026;Entregue No Prazo;;Entrega realizada;Entrega Finalizada;30;4;27;4;RISSO;26010;;;
MOBIS BRASIL FABRICACAO DE AUTO PECAS LT;RODOVIARIO;1500481;27/04/2026;6;339545;27/04/2026;NEW VEICULOS E PECAS LTDA;1,59E+13;RIBEIRAO PRETO;SP;27/04/2026;30/04/2026;29/04/2026;Entregue No Prazo;;Entrega realizada;Entrega Finalizada;30;4;27;4;RISSO;26014;;;
MOBIS BRASIL FABRICACAO DE AUTO PECAS LT;RODOVIARIO;1500485;27/04/2026;2;339538;27/04/2026;ANDRETA II DISTRIBUIDORA DE VEIC. LTDA;9,10E+12;INDAIATUBA;SP;27/04/2026;30/04/2026;29/04/2026;Entregue No Prazo;;Entrega realizada;Entrega Finalizada;30;4;27;4;RISSO;26011;;;
MOBIS BRASIL FABRICACAO DE AUTO PECAS LT;RODOVIARIO;1500997;27/04/2026;13;339509;27/04/2026;BDG AUTOVILLE VEICULOS LTDA;4,77E+13;CONTAGEM;MG;27/04/2026;30/04/2026;29/04/2026;Entregue No Prazo;;Entrega realizada;Entrega Finalizada;30;4;27;4;XD BETIM;11037;;;
MOBIS BRASIL FABRICACAO DE AUTO PECAS LT;RODOVIARIO;1501023;27/04/2026;3;339542;27/04/2026;DHC COMERCIO DE VEICULOS E PECAS LTDA;9,52E+12;BAURU;SP;27/04/2026;30/04/2026;29/04/2026;Entregue No Prazo;;Entrega realizada;Entrega Finalizada;30;4;27;4;RISSO;26010;;;
MOBIS BRASIL FABRICACAO DE AUTO PECAS LT;RODOVIARIO;1500448;27/04/2026;1;339587;27/04/2026;BARI VEICULOS LTDA;7,46E+12;GUARAPUAVA;PR;27/04/2026;04/05/2026;29/04/2026;Entregue No Prazo;;Entrega realizada;Entrega Finalizada;4;5;27;4;TRANSTRY;18024;;;
MOBIS BRASIL FABRICACAO DE AUTO PECAS LT;RODOVIARIO;1500449;27/04/2026;4;339586;27/04/2026;BARI VEICULOS LTDA;7,46E+12;PONTA GROSSA;PR;27/04/2026;04/05/2026;29/04/2026;Entregue No Prazo;;Entrega realizada;Entrega Finalizada;4;5;27;4;TRANSTRY;18024;;;
MOBIS BRASIL FABRICACAO DE AUTO PECAS LT;RODOVIARIO;1500774;27/04/2026;23;339586;27/04/2026;BARI VEICULOS LTDA;7,46E+12;PONTA GROSSA;PR;27/04/2026;04/05/2026;29/04/2026;Entregue No Prazo;;Entrega realizada;Entrega Finalizada;4;5;27;4;TRANSTRY;18024;;;
MOBIS BRASIL FABRICACAO DE AUTO PECAS LT;RODOVIARIO;1501112;27/04/2026;7;339586;27/04/2026;BARI VEICULOS LTDA;7,46E+12;PONTA GROSSA;PR;27/04/2026;04/05/2026;29/04/2026;Entregue No Prazo;;Entrega realizada;Entrega Finalizada;4;5;27;4;TRANSTRY;18024;;;
MOBIS BRASIL FABRICACAO DE AUTO PECAS LT;RODOVIARIO;1500425;27/04/2026;3;339535;27/04/2026;VIME AUTOMOVEIS E PECAS LTDA;2,85E+13;GUAXUPE;MG;27/04/2026;05/05/2026;29/04/2026;Entregue No Prazo;;Entrega realizada;Entrega Finalizada;5;5;27;4;XD BETIM;11031;;;
MOBIS BRASIL FABRICACAO DE AUTO PECAS LT;RODOVIARIO;1500426;27/04/2026;1;339531;27/04/2026;TAI MOTORS VEICULOS S/A;9,27E+12;MURIAE;MG;27/04/2026;05/05/2026;29/04/2026;Entregue No Prazo;;Entrega realizada;Entrega Finalizada;5;5;27;4;XD BETIM;8002;;;
MOBIS BRASIL FABRICACAO DE AUTO PECAS LT;RODOVIARIO;1500474;27/04/2026;1;339595;27/04/2026;GAMBATTO H1 VEICULOS LTDA;1,94E+13;CHAPECO;SC;27/04/2026;05/05/2026;29/04/2026;Entregue No Prazo;;Entrega realizada;Entrega Finalizada;5;5;27;4;TRANSTRY;24018;;;
MOBIS BRASIL FABRICACAO DE AUTO PECAS LT;RODOVIARIO;1500996;27/04/2026;2;339535;27/04/2026;VIME AUTOMOVEIS E PECAS LTDA;2,85E+13;GUAXUPE;MG;27/04/2026;05/05/2026;29/04/2026;Entregue No Prazo;;Entrega realizada;Entrega Finalizada;5;5;27;4;XD BETIM;11031;;;
MOBIS BRASIL FABRICACAO DE AUTO PECAS LT;RODOVIARIO;1500484;27/04/2026;35;339741;28/04/2026;BILLY DISTRIBUIDORA DE VEICULOS LTDA;1,34E+13;SAO CAETANO DO SUL;SP;28/04/2026;30/04/2026;29/04/2026;Entregue No Prazo;;Entrega realizada;Entrega Finalizada;30;4;28;4;BV LOG;26003;;;
MOBIS BRASIL FABRICACAO DE AUTO PECAS LT;RODOVIARIO;1501369;28/04/2026;6;339767;28/04/2026;GRAND SPORT COM. DE VEIC. E PECAS LTDA;8,58E+12;SAO PAULO;SP;28/04/2026;30/04/2026;29/04/2026;Entregue No Prazo;;Entrega realizada;Entrega Finalizada;30;4;28;4;XD DIADEMA;26034;;;
MOBIS BRASIL FABRICACAO DE AUTO PECAS LT;RODOVIARIO;1501370;28/04/2026;11;339760;28/04/2026;BILLY DISTRIBUIDORA DE VEICULOS LTDA;1,34E+13;SAO CAETANO DO SUL;SP;28/04/2026;30/04/2026;29/04/2026;Entregue No Prazo;;Entrega realizada;Entrega Finalizada;30;4;28;4;XD DIADEMA;26003;;;
MOBIS BRASIL FABRICACAO DE AUTO PECAS LT;RODOVIARIO;1501375;28/04/2026;2;339763;28/04/2026;CAOA MOTOR DO BRASIL LTDA (IPIRANGA);1,68E+13;SAO PAULO;SP;28/04/2026;30/04/2026;29/04/2026;Entregue No Prazo;;Entrega realizada;Entrega Finalizada;30;4;28;4;XD DIADEMA;26054;;;
MOBIS BRASIL FABRICACAO DE AUTO PECAS LT;RODOVIARIO;1501385;28/04/2026;1;339762;28/04/2026;CAOA MOTOR DO BRASIL LTDA (INDIANOPOLIS);1,68E+13;SAO PAULO;SP;28/04/2026;30/04/2026;29/04/2026;Entregue No Prazo;;Entrega realizada;Entrega Finalizada;30;4;28;4;XD DIADEMA;26091;;;
MOBIS BRASIL FABRICACAO DE AUTO PECAS LT;RODOVIARIO;1501386;28/04/2026;3;339771;28/04/2026;NOBRE DISTRIBUIDORA DE VEIC. E PEC. LTDA;5,76E+12;SUZANO;SP;28/04/2026;30/04/2026;29/04/2026;Entregue No Prazo;;Entrega realizada;Entrega Finalizada;30;4;28;4;XD DIADEMA;26103;;;
MOBIS BRASIL FABRICACAO DE AUTO PECAS LT;RODOVIARIO;1501367;28/04/2026;16;339757;28/04/2026;ANDRETA II DISTRIBUIDORA DE VEIC. LTDA;9,10E+12;CAMPINAS;SP;28/04/2026;04/05/2026;29/04/2026;Entregue No Prazo;;Entrega realizada;Entrega Finalizada;4;5;28;4;XD DIADEMA;26011;;;
MOBIS BRASIL FABRICACAO DE AUTO PECAS LT;RODOVIARIO;1501368;28/04/2026;18;339755;28/04/2026;NEW VEICULOS E PECAS LTDA;1,59E+13;RIBEIRAO PRETO;SP;28/04/2026;04/05/2026;29/04/2026;Entregue No Prazo;;Entrega realizada;Entrega Finalizada;4;5;28;4;RISSO;26014;;;
MOBIS BRASIL FABRICACAO DE AUTO PECAS LT;RODOVIARIO;1501376;28/04/2026;1;339761;28/04/2026;CAOA MOTOR DO BRASIL LTDA;1,68E+13;TAUBATE;SP;28/04/2026;04/05/2026;29/04/2026;Entregue No Prazo;;Entrega realizada;Entrega Finalizada;4;5;28;4;XD DIADEMA;5008;;;
MOBIS BRASIL FABRICACAO DE AUTO PECAS LT;RODOVIARIO;1501379;28/04/2026;2;339765;28/04/2026;DESTAQUE SEUL DISTR. DE VEIC. E PC. LTDA;2,12E+13;ATIBAIA;SP;28/04/2026;04/05/2026;29/04/2026;Entregue No Prazo;;Entrega realizada;Entrega Finalizada;4;5;28;4;XD DIADEMA;26075;;;
MOBIS BRASIL FABRICACAO DE AUTO PECAS LT;RODOVIARIO;1501380;28/04/2026;5;339765;28/04/2026;DESTAQUE SEUL DISTR. DE VEIC. E PC. LTDA;2,12E+13;ATIBAIA;SP;28/04/2026;04/05/2026;29/04/2026;Entregue No Prazo;;Entrega realizada;Entrega Finalizada;4;5;28;4;XD DIADEMA;26075;;;
MOBIS BRASIL FABRICACAO DE AUTO PECAS LT;RODOVIARIO;1501362;28/04/2026;1;339754;28/04/2026;HYMAX DISTRIBUIDORA DE VEICULOS LTDA;1,73E+13;MOGI GUACU;SP;28/04/2026;05/05/2026;29/04/2026;Entregue No Prazo;;Entrega realizada;Entrega Finalizada;5;5;28;4;RISSO;26002;;;
MOBIS BRASIL FABRICACAO DE AUTO PECAS LT;RODOVIARIO;1501363;28/04/2026;6;339754;28/04/2026;HYMAX DISTRIBUIDORA DE VEICULOS LTDA;1,73E+13;MOGI GUACU;SP;28/04/2026;05/05/2026;29/04/2026;Entregue No Prazo;;Entrega realizada;Entrega Finalizada;5;5;28;4;RISSO;26002;;;
MOBIS BRASIL FABRICACAO DE AUTO PECAS LT;RODOVIARIO;1501381;28/04/2026;2;339751;28/04/2026;DHC COMERCIO DE VEICULOS E PECAS LTDA;9,52E+12;JAU;SP;28/04/2026;05/05/2026;29/04/2026;Entregue No Prazo;;Entrega realizada;Entrega Finalizada;5;5;28;4;RISSO;26010;;;
MOBIS BRASIL FABRICACAO DE AUTO PECAS LT;RODOVIARIO;1501382;28/04/2026;3;339751;28/04/2026;DHC COMERCIO DE VEICULOS E PECAS LTDA;9,52E+12;JAU;SP;28/04/2026;05/05/2026;29/04/2026;Entregue No Prazo;;Entrega realizada;Entrega Finalizada;5;5;28;4;RISSO;26010;;;
MOBIS BRASIL FABRICACAO DE AUTO PECAS LT;RODOVIARIO;1500421;27/04/2026;15;339534;27/04/2026;URCA MOTORS VEICULOS LTDA;8,77E+12;UBERLANDIA;MG;27/04/2026;04/05/2026;29/04/2026;Entregue No Prazo;;Entrega realizada;Entrega Finalizada;4;5;27;4;XD BETIM;9014;;;
MOBIS BRASIL FABRICACAO DE AUTO PECAS LT;RODOVIARIO;1500994;27/04/2026;7;339534;27/04/2026;URCA MOTORS VEICULOS LTDA;8,77E+12;UBERLANDIA;MG;27/04/2026;04/05/2026;29/04/2026;Entregue No Prazo;;Entrega realizada;Entrega Finalizada;4;5;27;4;XD BETIM;9014;;;
MOBIS BRASIL FABRICACAO DE AUTO PECAS LT;RODOVIARIO;1493659;14/04/2026;2;337712;14/04/2026;VIA BRASIL AUTOMOVEIS LTDA.;4,72E+12;SERRA;ES;14/04/2026;21/04/2026;30/04/2026;Entregue No Prazo;Falta;Entrega realizada;Entrega Finalizada;21;4;14;4;CAMILO;8001;Fundação de Brasília;Estadual;DF
MOBIS BRASIL FABRICACAO DE AUTO PECAS LT;RODOVIARIO;1495136;16/04/2026;1;338064;16/04/2026;NACIONAL NOVA MARABA DIST DE VEIC. LTDA;1,70E+13;IMPERATRIZ;MA;16/04/2026;06/05/2026;30/04/2026;Entregue No Prazo;;Entrega realizada;Entrega Finalizada;6;5;16;4;TERMACO;10003;;;
MOBIS BRASIL FABRICACAO DE AUTO PECAS LT;RODOVIARIO;1495948;17/04/2026;4;338342;17/04/2026;JPN PATOS COMERCIO DE VEICULOS LTDA;4,20E+13;PATOS;PB;17/04/2026;05/05/2026;30/04/2026;Entregue No Prazo;;Entrega realizada;Entrega Finalizada;5;5;17;4;TERMACO;15004;;;
MOBIS BRASIL FABRICACAO DE AUTO PECAS LT;RODOVIARIO;1495914;17/04/2026;2;338364;17/04/2026;VIA NORTE COM. E IMPORT. DE VEIC. LTDA;1,25E+13;SOBRAL;CE;17/04/2026;05/05/2026;30/04/2026;Entregue No Prazo;;Entrega realizada;Entrega Finalizada;5;5;17;4;TERMACO;6002;;;
MOBIS BRASIL FABRICACAO DE AUTO PECAS LT;RODOVIARIO;1496863;20/04/2026;1;338556;20/04/2026;PRIVILLEGE DISTRIBUIDORA DE VEICULOS LTD;1,72E+13;ARAGUAINA;TO;20/04/2026;04/05/2026;30/04/2026;Entregue No Prazo;;Entrega realizada;Entrega Finalizada;4;5;20;4;RIO VERMELHO;27002;;;
MOBIS BRASIL FABRICACAO DE AUTO PECAS LT;RODOVIARIO;1496761;20/04/2026;5;338593;20/04/2026;CYCOSA AUTOMOVEIS LTDA;4,76E+12;MACEIO;AL;20/04/2026;04/05/2026;30/04/2026;Entregue No Prazo;;Entrega realizada;Entrega Finalizada;4;5;20;4;TERMACO;2001;;;
MOBIS BRASIL FABRICACAO DE AUTO PECAS LT;RODOVIARIO;1496797;20/04/2026;1;338602;20/04/2026;JPN PATOS COMERCIO DE VEICULOS LTDA;4,20E+13;PATOS;PB;20/04/2026;06/05/2026;30/04/2026;Entregue No Prazo;;Entrega realizada;Entrega Finalizada;6;5;20;4;TERMACO;15004;;;
MOBIS BRASIL FABRICACAO DE AUTO PECAS LT;RODOVIARIO;1497741;21/04/2026;5;338887;22/04/2026;LOVAT VEICULOS S/A;8,57E+12;MARINGA;PR;22/04/2026;28/04/2026;30/04/2026;Entregue Fora do Prazo;;Entrega realizada;Entrega Finalizada;28;4;22;4;TRANSTRY;18008;;;
MOBIS BRASIL FABRICACAO DE AUTO PECAS LT;RODOVIARIO;1498522;22/04/2026;3;338887;22/04/2026;LOVAT VEICULOS S/A;8,57E+12;MARINGA;PR;22/04/2026;28/04/2026;30/04/2026;Entregue Fora do Prazo;;Entrega realizada;Entrega Finalizada;28;4;22;4;TRANSTRY;18008;;;
MOBIS BRASIL FABRICACAO DE AUTO PECAS LT;RODOVIARIO;1498515;22/04/2026;96;338918;22/04/2026;SAGA ASIA COM. DE VEIC.PC.E SERV. LTDA;2,23E+13;VARZEA GRANDE;MT;22/04/2026;01/05/2026;30/04/2026;Entregue No Prazo;;Entrega realizada;Entrega Finalizada;1;5;22;4;CARVALIMA;13004;;;
MOBIS BRASIL FABRICACAO DE AUTO PECAS LT;RODOVIARIO;1497775;21/04/2026;1;338783;22/04/2026;SAINT LAND COMERCIO DE VEICULOS LTDA;1,04E+13;ARACAJU;SE;22/04/2026;05/05/2026;30/04/2026;Entregue No Prazo;;Entrega realizada;Entrega Finalizada;5;5;22;4;TERMACO;6010;;;
MOBIS BRASIL FABRICACAO DE AUTO PECAS LT;RODOVIARIO;1498555;22/04/2026;1;338920;22/04/2026;SAINT LAND COMERCIO DE VEICULOS LTDA;1,04E+13;ARACAJU;SE;22/04/2026;05/05/2026;30/04/2026;Entregue No Prazo;;Entrega realizada;Entrega Finalizada;5;5;22;4;TERMACO;6010;;;
MOBIS BRASIL FABRICACAO DE AUTO PECAS LT;RODOVIARIO;1498954;22/04/2026;2;338922;22/04/2026;SEVEL VEICULOS LTDA;1,07E+13;ARACAJU;SE;22/04/2026;05/05/2026;30/04/2026;Entregue No Prazo;;Entrega realizada;Entrega Finalizada;5;5;22;4;TERMACO;25001;;;
MOBIS BRASIL FABRICACAO DE AUTO PECAS LT;RODOVIARIO;1497705;21/04/2026;1;338761;22/04/2026;CAOA MOTOR DO BRASIL LTDA;1,68E+13;FORTALEZA;CE;22/04/2026;06/05/2026;30/04/2026;Entregue No Prazo;;Entrega realizada;Entrega Finalizada;6;5;22;4;TERMACO;5008;;;
MOBIS BRASIL FABRICACAO DE AUTO PECAS LT;RODOVIARIO;1498220;21/04/2026;3;338765;22/04/2026;FAZZA MOTORS COM. DE VEICULOS LTDA;1,24E+13;FORTALEZA;CE;22/04/2026;06/05/2026;30/04/2026;Entregue No Prazo;;Entrega realizada;Entrega Finalizada;6;5;22;4;TERMACO;6001;;;
MOBIS BRASIL FABRICACAO DE AUTO PECAS LT;RODOVIARIO;1497702;21/04/2026;3;338777;22/04/2026;PATEO COMERCIO DE VEICULOS S A;7,78E+12;FEIRA DE SANTANA;BA;22/04/2026;07/05/2026;30/04/2026;Entregue No Prazo;;Entrega realizada;Entrega Finalizada;7;5;22;4;TERMACO;5009;;;
MOBIS BRASIL FABRICACAO DE AUTO PECAS LT;RODOVIARIO;1497704;21/04/2026;3;338774;22/04/2026;ORVEL AUTOMOTOR HYD LTDA;2,52E+13;TEIXEIRA DE FREITAS;BA;22/04/2026;07/05/2026;30/04/2026;Entregue No Prazo;;Entrega realizada;Entrega Finalizada;7;5;22;4;TERMACO;5011;;;
MOBIS BRASIL FABRICACAO DE AUTO PECAS LT;RODOVIARIO;1497720;21/04/2026;33;338778;22/04/2026;PATEO COMERCIO DE VEICULOS S A;7,78E+12;SAO LUIS;MA;22/04/2026;07/05/2026;30/04/2026;Entregue No Prazo;;Entrega realizada;Entrega Finalizada;7;5;22;4;TERMACO;10002;;;
MOBIS BRASIL FABRICACAO DE AUTO PECAS LT;RODOVIARIO;1498488;22/04/2026;1;338902;22/04/2026;CAOA MOTOR DO BRASIL LTDA.;1,68E+13;LAURO DE FREITAS;BA;22/04/2026;07/05/2026;30/04/2026;Entregue No Prazo;;Entrega realizada;Entrega Finalizada;7;5;22;4;TERMACO;5008;;;
MOBIS BRASIL FABRICACAO DE AUTO PECAS LT;RODOVIARIO;1498489;22/04/2026;2;338915;22/04/2026;PATEO COMERCIO DE VEICULOS S A;7,78E+12;FEIRA DE SANTANA;BA;22/04/2026;07/05/2026;30/04/2026;Entregue No Prazo;;Entrega realizada;Entrega Finalizada;7;5;22;4;TERMACO;5009;;;
MOBIS BRASIL FABRICACAO DE AUTO PECAS LT;RODOVIARIO;1498491;22/04/2026;2;338911;22/04/2026;ORVEL AUTOMOTOR HYD LTDA;2,52E+13;TEIXEIRA DE FREITAS;BA;22/04/2026;07/05/2026;30/04/2026;Entregue No Prazo;;Entrega realizada;Entrega Finalizada;7;5;22;4;TERMACO;5011;;;
MOBIS BRASIL FABRICACAO DE AUTO PECAS LT;RODOVIARIO;1498509;22/04/2026;10;338916;22/04/2026;PATEO COMERCIO DE VEICULOS S A;7,78E+12;SAO LUIS;MA;22/04/2026;07/05/2026;30/04/2026;Entregue No Prazo;;Entrega realizada;Entrega Finalizada;7;5;22;4;TERMACO;10002;;;
MOBIS BRASIL FABRICACAO DE AUTO PECAS LT;RODOVIARIO;1498516;22/04/2026;3;338914;22/04/2026;PATEO COMERCIO DE VEICULOS S A;7,78E+12;JOAO PESSOA;PB;22/04/2026;07/05/2026;30/04/2026;Entregue No Prazo;;Entrega realizada;Entrega Finalizada;7;5;22;4;TERMACO;15003;;;
MOBIS BRASIL FABRICACAO DE AUTO PECAS LT;RODOVIARIO;1498536;22/04/2026;7;338919;22/04/2026;SAINT LAND COMERCIO DE VEICULOS LTDA;1,04E+13;NATAL;RN;22/04/2026;07/05/2026;30/04/2026;Entregue No Prazo;;Entrega realizada;Entrega Finalizada;7;5;22;4;TERMACO;6010;;;
MOBIS BRASIL FABRICACAO DE AUTO PECAS LT;RODOVIARIO;1498493;22/04/2026;2;338921;22/04/2026;SAINT LAND COMERCIO DE VEICULOS LTDA;1,04E+13;JUAZEIRO DO NORTE;CE;22/04/2026;08/05/2026;30/04/2026;Entregue No Prazo;;Entrega realizada;Entrega Finalizada;8;5;22;4;TERMACO;6010;;;
MOBIS BRASIL FABRICACAO DE AUTO PECAS LT;RODOVIARIO;1498517;22/04/2026;4;338899;22/04/2026;AUTORAC VEICULOS LTDA;1,06E+13;CARUARU;PE;22/04/2026;08/05/2026;30/04/2026;Entregue No Prazo;;Entrega realizada;Entrega Finalizada;8;5;22;4;TERMACO;16001;;;
MOBIS BRASIL FABRICACAO DE AUTO PECAS LT;RODOVIARIO;1499282;23/04/2026;1;339135;23/04/2026;PATEO COMERCIO DE VEICULOS S A;7,78E+12;SALVADOR;BA;23/04/2026;05/05/2026;30/04/2026;Entregue No Prazo;;Entrega realizada;Entrega Finalizada;5;5;23;4;TERMACO;5003;;;
MOBIS BRASIL FABRICACAO DE AUTO PECAS LT;RODOVIARIO;1499279;23/04/2026;1;339130;23/04/2026;CYCOSA AUTOMOVEIS LTDA;4,76E+12;MACEIO;AL;23/04/2026;07/05/2026;30/04/2026;Entregue No Prazo;;Entrega realizada;Entrega Finalizada;7;5;23;4;TERMACO;2001;;;
MOBIS BRASIL FABRICACAO DE AUTO PECAS LT;RODOVIARIO;1499283;23/04/2026;1;339128;23/04/2026;CAOA MOTOR DO BRASIL LTDA.;1,68E+13;LAURO DE FREITAS;BA;23/04/2026;08/05/2026;30/04/2026;Entregue No Prazo;;Entrega realizada;Entrega Finalizada;8;5;23;4;TERMACO;5008;;;
MOBIS BRASIL FABRICACAO DE AUTO PECAS LT;RODOVIARIO;1499284;23/04/2026;1;339134;23/04/2026;PATEO COMERCIO DE VEICULOS S A;7,78E+12;FEIRA DE SANTANA;BA;23/04/2026;08/05/2026;30/04/2026;Entregue No Prazo;;Entrega realizada;Entrega Finalizada;8;5;23;4;TERMACO;5009;;;
MOBIS BRASIL FABRICACAO DE AUTO PECAS LT;RODOVIARIO;1499304;23/04/2026;3;339137;23/04/2026;SAINT LAND COMERCIO DE VEICULOS LTDA;1,04E+13;NATAL;RN;23/04/2026;08/05/2026;30/04/2026;Entregue No Prazo;;Entrega realizada;Entrega Finalizada;8;5;23;4;TERMACO;6010;;;
MOBIS BRASIL FABRICACAO DE AUTO PECAS LT;RODOVIARIO;1499295;23/04/2026;3;339131;23/04/2026;GREEN CITY VEICULOS LTDA;2,10E+13;TERESINA;PI;23/04/2026;11/05/2026;30/04/2026;Entregue No Prazo;;Entrega realizada;Entrega Finalizada;11;5;23;4;TERMACO;17002;;;
MOBIS BRASIL FABRICACAO DE AUTO PECAS LT;RODOVIARIO;1499289;23/04/2026;1;339133;23/04/2026;NACIONAL NOVA MARABA DIST DE VEIC. LTDA;1,70E+13;IMPERATRIZ;MA;23/04/2026;13/05/2026;30/04/2026;Entregue No Prazo;;Entrega realizada;Entrega Finalizada;13;5;23;4;TERMACO;10003;;;
MOBIS BRASIL FABRICACAO DE AUTO PECAS LT;RODOVIARIO;1499782;24/04/2026;2;339300;24/04/2026;URCA MOTORS VEICULOS LTDA;8,77E+12;PATOS DE MINAS;MG;24/04/2026;30/04/2026;30/04/2026;Entregue No Prazo;;Entrega realizada;Entrega Finalizada;30;4;24;4;XD BETIM ;9014;;;
MOBIS BRASIL FABRICACAO DE AUTO PECAS LT;RODOVIARIO;1499800;24/04/2026;4;339316;24/04/2026;LOVAT VEICULOS S/A;8,57E+12;MARINGA;PR;24/04/2026;30/04/2026;30/04/2026;Entregue No Prazo;;Entrega realizada;Entrega Finalizada;30;4;24;4;TRANSTRY;18008;;;
MOBIS BRASIL FABRICACAO DE AUTO PECAS LT;RODOVIARIO;1499773;24/04/2026;3;339291;24/04/2026;NISA COMERCIAL DE VEIC. AUTOMOTORES LTDA;1,03E+13;APARECIDA DE GOIANIA;GO;24/04/2026;05/05/2026;30/04/2026;Entregue No Prazo;;Entrega realizada;Entrega Finalizada;5;5;24;4;RIO VERMELHO;9002;;;
MOBIS BRASIL FABRICACAO DE AUTO PECAS LT;RODOVIARIO;1499774;24/04/2026;1;339295;24/04/2026;SAGA KOREA COM. DE VEIC. E PC. LTDA;1,27E+13;GOIANIA;GO;24/04/2026;05/05/2026;30/04/2026;Entregue No Prazo;;Entrega realizada;Entrega Finalizada;5;5;24;4;RIO VERMELHO;9011;;;
MOBIS BRASIL FABRICACAO DE AUTO PECAS LT;RODOVIARIO;1499769;24/04/2026;1;339329;24/04/2026;FAZZA MOTORS COMERCIO DE VEICULOS LTDA;1,24E+13;SALVADOR;BA;24/04/2026;07/05/2026;30/04/2026;Entregue No Prazo;;Entrega realizada;Entrega Finalizada;7;5;24;4;TERMACO;5007;;;
MOBIS BRASIL FABRICACAO DE AUTO PECAS LT;RODOVIARIO;1499775;24/04/2026;3;339303;24/04/2026;URCA MOTORS VEICULOS LTDA;8,77E+12;RIO VERDE;GO;24/04/2026;07/05/2026;30/04/2026;Entregue No Prazo;;Entrega realizada;Entrega Finalizada;7;5;24;4;RIO VERMELHO;9014;;;
MOBIS BRASIL FABRICACAO DE AUTO PECAS LT;RODOVIARIO;1500180;24/04/2026;7;339341;24/04/2026;SEVEL VEICULOS LTDA;1,07E+13;ARACAJU;SE;24/04/2026;08/05/2026;30/04/2026;Entregue No Prazo;;Entrega realizada;Entrega Finalizada;8;5;24;4;TERMACO;25001;;;
MOBIS BRASIL FABRICACAO DE AUTO PECAS LT;RODOVIARIO;1500422;27/04/2026;3;339532;27/04/2026;TOKSU COMERCIO DE VEICULOS LTDA;1,12E+13;JUIZ DE FORA;MG;27/04/2026;04/05/2026;30/04/2026;Entregue No Prazo;;Entrega realizada;Entrega Finalizada;4;5;27;4;XD BETIM;11008;;;
MOBIS BRASIL FABRICACAO DE AUTO PECAS LT;RODOVIARIO;1500443;27/04/2026;12;339599;27/04/2026;LOVAT VEICULOS S/A;8,57E+12;LONDRINA;PR;27/04/2026;04/05/2026;30/04/2026;Entregue No Prazo;;Entrega realizada;Entrega Finalizada;4;5;27;4;TRANSTRY;18008;;;
MOBIS BRASIL FABRICACAO DE AUTO PECAS LT;RODOVIARIO;1500444;27/04/2026;4;339600;27/04/2026;LOVAT VEICULOS S/A;8,57E+12;MARINGA;PR;27/04/2026;04/05/2026;30/04/2026;Entregue No Prazo;;Entrega realizada;Entrega Finalizada;4;5;27;4;TRANSTRY;18008;;;
MOBIS BRASIL FABRICACAO DE AUTO PECAS LT;RODOVIARIO;1500452;27/04/2026;5;339548;27/04/2026;AMX COM. E SERVICOS DE AUTOMOTORES LTDA;1,20E+13;RIO DE JANEIRO;RJ;27/04/2026;04/05/2026;30/04/2026;Entregue No Prazo;;Entrega realizada;Entrega Finalizada;4;5;27;4;CAMILO;19009;;;
MOBIS BRASIL FABRICACAO DE AUTO PECAS LT;RODOVIARIO;1500454;27/04/2026;1;339561;27/04/2026;ITAVEMA MOTORS VEICULOS LTDA;7,73E+12;RIO DE JANEIRO;RJ;27/04/2026;04/05/2026;30/04/2026;Entregue No Prazo;;Entrega realizada;Entrega Finalizada;4;5;27;4;CAMILO;19001;;;
MOBIS BRASIL FABRICACAO DE AUTO PECAS LT;RODOVIARIO;1500455;27/04/2026;1;339553;27/04/2026;CAOA MOTOR DO BRASIL LTDA;1,68E+13;NITEROI;RJ;27/04/2026;04/05/2026;30/04/2026;Entregue No Prazo;;Entrega realizada;Entrega Finalizada;4;5;27;4;CAMILO;5008;;;
MOBIS BRASIL FABRICACAO DE AUTO PECAS LT;RODOVIARIO;1500459;27/04/2026;4;339598;27/04/2026;HOUSE PARTS-COM. DE PCS. E VEICULOS LTDA;1,15E+13;PORTO ALEGRE;RS;27/04/2026;04/05/2026;30/04/2026;Entregue No Prazo;;Entrega realizada;Entrega Finalizada;4;5;27;4;TRANSTRY;23004;;;
MOBIS BRASIL FABRICACAO DE AUTO PECAS LT;RODOVIARIO;1500460;27/04/2026;3;339592;27/04/2026;CARWAY SUL VEICULOS LTDA;1,03E+13;CANOAS;RS;27/04/2026;04/05/2026;30/04/2026;Entregue No Prazo;;Entrega realizada;Entrega Finalizada;4;5;27;4;TRANSTRY;23003;;;
MOBIS BRASIL FABRICACAO DE AUTO PECAS LT;RODOVIARIO;1500488;27/04/2026;4;339546;27/04/2026;NEW VEICULOS E PECAS LTDA;1,59E+13;FRANCA;SP;27/04/2026;04/05/2026;30/04/2026;Entregue No Prazo;;Entrega realizada;Entrega Finalizada;4;5;27;4;RISSO;26014;;;
MOBIS BRASIL FABRICACAO DE AUTO PECAS LT;RODOVIARIO;1500489;27/04/2026;1;339543;27/04/2026;H R B COMERCIO DE VEICULOS LTDA;1,82E+13;SAO JOSE DO RIO PRETO;SP;27/04/2026;04/05/2026;30/04/2026;Entregue No Prazo;;Entrega realizada;Entrega Finalizada;4;5;27;4;RISSO;26050;;;
MOBIS BRASIL FABRICACAO DE AUTO PECAS LT;RODOVIARIO;1500995;27/04/2026;2;339532;27/04/2026;TOKSU COMERCIO DE VEICULOS LTDA;1,12E+13;JUIZ DE FORA;MG;27/04/2026;04/05/2026;30/04/2026;Entregue No Prazo;;Entrega realizada;Entrega Finalizada;4;5;27;4;XD BETIM;11008;;;
MOBIS BRASIL FABRICACAO DE AUTO PECAS LT;RODOVIARIO;1501002;27/04/2026;1;339599;27/04/2026;LOVAT VEICULOS S/A;8,57E+12;LONDRINA;PR;27/04/2026;04/05/2026;30/04/2026;Entregue No Prazo;;Entrega realizada;Entrega Finalizada;4;5;27;4;TRANSTRY;18008;;;
MOBIS BRASIL FABRICACAO DE AUTO PECAS LT;RODOVIARIO;1501003;27/04/2026;2;339600;27/04/2026;LOVAT VEICULOS S/A;8,57E+12;MARINGA;PR;27/04/2026;04/05/2026;30/04/2026;Entregue No Prazo;;Entrega realizada;Entrega Finalizada;4;5;27;4;TRANSTRY;18008;;;
MOBIS BRASIL FABRICACAO DE AUTO PECAS LT;RODOVIARIO;1501008;27/04/2026;2;339548;27/04/2026;AMX COM. E SERVICOS DE AUTOMOTORES LTDA;1,20E+13;RIO DE JANEIRO;RJ;27/04/2026;04/05/2026;30/04/2026;Entregue No Prazo;;Entrega realizada;Entrega Finalizada;4;5;27;4;CAMILO;19009;;;
MOBIS BRASIL FABRICACAO DE AUTO PECAS LT;RODOVIARIO;1500423;27/04/2026;1;339536;27/04/2026;VITAL COMERCIO DE VEICULOS LTDA;1,05E+13;IPATINGA;MG;27/04/2026;05/05/2026;30/04/2026;Entregue No Prazo;;Entrega realizada;Entrega Finalizada;5;5;27;4;XD BETIM;11016;;;
MOBIS BRASIL FABRICACAO DE AUTO PECAS LT;RODOVIARIO;1500445;27/04/2026;5;339605;27/04/2026;SANTA FE VEICULOS LTDA.;1,16E+13;FRANCISCO BELTRAO;PR;27/04/2026;05/05/2026;30/04/2026;Entregue No Prazo;;Entrega realizada;Entrega Finalizada;5;5;27;4;TRANSTRY;18010;;;
MOBIS BRASIL FABRICACAO DE AUTO PECAS LT;RODOVIARIO;1500447;27/04/2026;1;339607;27/04/2026;ZENDAI VEICULOS LTDA;1,97E+13;TOLEDO;PR;27/04/2026;05/05/2026;30/04/2026;Entregue No Prazo;;Entrega realizada;Entrega Finalizada;5;5;27;4;TRANSTRY;18016;;;
MOBIS BRASIL FABRICACAO DE AUTO PECAS LT;RODOVIARIO;1500461;27/04/2026;1;339594;27/04/2026;GALA COMERCIO DE VEICULOS LTDA.;1,77E+13;PELOTAS;RS;27/04/2026;05/05/2026;30/04/2026;Entregue No Prazo;;Entrega realizada;Entrega Finalizada;5;5;27;4;TRANSTRY;23009;;;
MOBIS BRASIL FABRICACAO DE AUTO PECAS LT;RODOVIARIO;1500463;27/04/2026;2;339597;27/04/2026;HOUSE PARTS - COM DE PECAS E VEIC LTDA;1,15E+13;OSORIO;RS;27/04/2026;05/05/2026;30/04/2026;Entregue No Prazo;;Entrega realizada;Entrega Finalizada;5;5;27;4;TRANSTRY;23016;;;
MOBIS BRASIL FABRICACAO DE AUTO PECAS LT;RODOVIARIO;1500465;27/04/2026;2;339584;27/04/2026;ATUAL VEICULOS LTDA;1,33E+13;ARARANGUA;SC;27/04/2026;05/05/2026;30/04/2026;Entregue No Prazo;;Entrega realizada;Entrega Finalizada;5;5;27;4;TRANSTRY;24001;;;
MOBIS BRASIL FABRICACAO DE AUTO PECAS LT;RODOVIARIO;1500468;27/04/2026;5;339602;27/04/2026;LS COMERCIO DE AUTOMOVEIS LTDA.;1,03E+13;BRUSQUE;SC;27/04/2026;05/05/2026;30/04/2026;Entregue No Prazo;;Entrega realizada;Entrega Finalizada;5;5;27;4;TRANSTRY;24006;;;
MOBIS BRASIL FABRICACAO DE AUTO PECAS LT;RODOVIARIO;1500469;27/04/2026;2;339601;27/04/2026;LR COMERCIO DE VEICULOS LTDA;1,05E+13;SAO JOSE;SC;27/04/2026;05/05/2026;30/04/2026;Entregue No Prazo;;Entrega realizada;Entrega Finalizada;5;5;27;4;TRANSTRY;24007;;;
MOBIS BRASIL FABRICACAO DE AUTO PECAS LT;RODOVIARIO;1500470;27/04/2026;2;339590;27/04/2026;BARI VEICULOS LTDA;7,46E+12;BLUMENAU;SC;27/04/2026;05/05/2026;30/04/2026;Entregue No Prazo;;Entrega realizada;Entrega Finalizada;5;5;27;4;TRANSTRY;18024;;;
MOBIS BRASIL FABRICACAO DE AUTO PECAS LT;RODOVIARIO;1500471;27/04/2026;12;339590;27/04/2026;BARI VEICULOS LTDA;7,46E+12;BLUMENAU;SC;27/04/2026;05/05/2026;30/04/2026;Entregue No Prazo;;Entrega realizada;Entrega Finalizada;5;5;27;4;TRANSTRY;18024;;;
MOBIS BRASIL FABRICACAO DE AUTO PECAS LT;RODOVIARIO;1500473;27/04/2026;1;339604;27/04/2026;PONTO CERTO COMERCIO DE VEICULOS LTDA;1,50E+13;LAGES;SC;27/04/2026;05/05/2026;30/04/2026;Entregue No Prazo;;Entrega realizada;Entrega Finalizada;5;5;27;4;TRANSTRY;24017;;;
MOBIS BRASIL FABRICACAO DE AUTO PECAS LT;RODOVIARIO;1501004;27/04/2026;1;339605;27/04/2026;SANTA FE VEICULOS LTDA.;1,16E+13;FRANCISCO BELTRAO;PR;27/04/2026;05/05/2026;30/04/2026;Entregue No Prazo;;Entrega realizada;Entrega Finalizada;5;5;27;4;TRANSTRY;18010;;;
MOBIS BRASIL FABRICACAO DE AUTO PECAS LT;RODOVIARIO;1501009;27/04/2026;1;339578;27/04/2026;TAI MOTORS VEICULOS S/A.;9,27E+12;CAMPOS DOS GOYTACAZES;RJ;27/04/2026;05/05/2026;30/04/2026;Entregue No Prazo;;Entrega realizada;Entrega Finalizada;5;5;27;4;CAMILO;19023;;;
MOBIS BRASIL FABRICACAO DE AUTO PECAS LT;RODOVIARIO;1501012;27/04/2026;2;339602;27/04/2026;LS COMERCIO DE AUTOMOVEIS LTDA.;1,03E+13;BRUSQUE;SC;27/04/2026;05/05/2026;30/04/2026;Entregue No Prazo;;Entrega realizada;Entrega Finalizada;5;5;27;4;TRANSTRY;24006;;;
MOBIS BRASIL FABRICACAO DE AUTO PECAS LT;RODOVIARIO;1501014;27/04/2026;2;339601;27/04/2026;LR COMERCIO DE VEICULOS LTDA;1,05E+13;SAO JOSE;SC;27/04/2026;05/05/2026;30/04/2026;Entregue No Prazo;;Entrega realizada;Entrega Finalizada;5;5;27;4;TRANSTRY;24007;;;
MOBIS BRASIL FABRICACAO DE AUTO PECAS LT;RODOVIARIO;1501015;27/04/2026;2;339590;27/04/2026;BARI VEICULOS LTDA;7,46E+12;BLUMENAU;SC;27/04/2026;05/05/2026;30/04/2026;Entregue No Prazo;;Entrega realizada;Entrega Finalizada;5;5;27;4;TRANSTRY;18024;;;
MOBIS BRASIL FABRICACAO DE AUTO PECAS LT;RODOVIARIO;1500407;27/04/2026;5;339529;27/04/2026;SMAFF IMPORT VEICULOS LTDA;8,18E+12;BRASILIA;DF;27/04/2026;06/05/2026;30/04/2026;Entregue No Prazo;;Entrega realizada;Entrega Finalizada;6;5;27;4;RIO VERMELHO;7002;;;
MOBIS BRASIL FABRICACAO DE AUTO PECAS LT;RODOVIARIO;1500408;27/04/2026;4;339527;27/04/2026;SAGA KOREA COM. DE VEIC. E PC. LTDA;1,27E+13;BRASILIA;DF;27/04/2026;06/05/2026;30/04/2026;Entregue No Prazo;;Entrega realizada;Entrega Finalizada;6;5;27;4;RIO VERMELHO;7005;;;
MOBIS BRASIL FABRICACAO DE AUTO PECAS LT;RODOVIARIO;1500429;27/04/2026;4;339558;27/04/2026;GOLDEN MOTORS VEICULOS LTDA;3,62E+12;DOURADOS;MS;27/04/2026;06/05/2026;30/04/2026;Entregue No Prazo;;Entrega realizada;Entrega Finalizada;6;5;27;4;CARVALIMA;12001;;;
MOBIS BRASIL FABRICACAO DE AUTO PECAS LT;RODOVIARIO;1500464;27/04/2026;2;339603;27/04/2026;NAZARETH VEICULOS LTDA;9,30E+12;IJUI;RS;27/04/2026;06/05/2026;30/04/2026;Entregue No Prazo;;Entrega realizada;Entrega Finalizada;6;5;27;4;TRANSTRY;23021;;;
MOBIS BRASIL FABRICACAO DE AUTO PECAS LT;RODOVIARIO;1500472;27/04/2026;3;339588;27/04/2026;BARI VEICULOS LTDA;7,46E+12;BALNEARIO CAMBORIU;SC;27/04/2026;06/05/2026;30/04/2026;Entregue No Prazo;;Entrega realizada;Entrega Finalizada;6;5;27;4;TRANSTRY;18024;;;
MOBIS BRASIL FABRICACAO DE AUTO PECAS LT;RODOVIARIO;1500998;27/04/2026;1;339558;27/04/2026;GOLDEN MOTORS VEICULOS LTDA;3,62E+12;DOURADOS;MS;27/04/2026;06/05/2026;30/04/2026;Entregue No Prazo;;Entrega realizada;Entrega Finalizada;6;5;27;4;CARVALIMA;12001;;;
MOBIS BRASIL FABRICACAO DE AUTO PECAS LT;RODOVIARIO;1501016;27/04/2026;1;339588;27/04/2026;BARI VEICULOS LTDA;7,46E+12;BALNEARIO CAMBORIU;SC;27/04/2026;06/05/2026;30/04/2026;Entregue No Prazo;;Entrega realizada;Entrega Finalizada;6;5;27;4;TRANSTRY;18024;;;
MOBIS BRASIL FABRICACAO DE AUTO PECAS LT;RODOVIARIO;1500431;27/04/2026;5;339573;27/04/2026;SAGA ASIA COM. DE VEIC.PC.E SERV. LTDA;2,23E+13;VARZEA GRANDE;MT;27/04/2026;07/05/2026;30/04/2026;Entregue No Prazo;;Entrega realizada;Entrega Finalizada;7;5;27;4;CARVALIMA;13004;;;
MOBIS BRASIL FABRICACAO DE AUTO PECAS LT;RODOVIARIO;1500475;27/04/2026;5;339593;27/04/2026;CHINHAN AUTOMOVEIS LTDA.;2,41E+13;CACADOR;SC;27/04/2026;07/05/2026;30/04/2026;Entregue No Prazo;;Entrega realizada;Entrega Finalizada;7;5;27;4;TRANSTRY;24020;;;
MOBIS BRASIL FABRICACAO DE AUTO PECAS LT;RODOVIARIO;1501017;27/04/2026;3;339593;27/04/2026;CHINHAN AUTOMOVEIS LTDA.;2,41E+13;CACADOR;SC;27/04/2026;07/05/2026;30/04/2026;Entregue No Prazo;;Entrega realizada;Entrega Finalizada;7;5;27;4;TRANSTRY;24020;;;
MOBIS BRASIL FABRICACAO DE AUTO PECAS LT;RODOVIARIO;1501364;28/04/2026;2;339759;28/04/2026;BILLY DISTRIBUIDORA DE VEICULOS LTDA;1,34E+13;BARUERI;SP;28/04/2026;30/04/2026;30/04/2026;Entregue No Prazo;;Entrega realizada;Entrega Finalizada;30;4;28;4;XD DIADEMA;26003;;;
MOBIS BRASIL FABRICACAO DE AUTO PECAS LT;RODOVIARIO;1501365;28/04/2026;1;339766;28/04/2026;GRAND SPORT COM. DE VEIC. E PECAS LTDA;8,58E+12;GUARULHOS;SP;28/04/2026;30/04/2026;30/04/2026;Entregue No Prazo;;Entrega realizada;Entrega Finalizada;30;4;28;4;XD DIADEMA;26005;;;
MOBIS BRASIL FABRICACAO DE AUTO PECAS LT;RODOVIARIO;1501384;28/04/2026;1;339768;28/04/2026;GRANDAY AUTOMOTORES LTDA (CHAC. CALIFOR);1,57E+13;SAO PAULO;SP;28/04/2026;30/04/2026;30/04/2026;Entregue No Prazo;;Entrega realizada;Entrega Finalizada;30;4;28;4;XD DIADEMA;26090;;;
MOBIS BRASIL FABRICACAO DE AUTO PECAS LT;RODOVIARIO;1501315;28/04/2026;17;339777;28/04/2026;TAI MOTORS VEICULOS S/A;9,27E+12;BELO HORIZONTE;MG;28/04/2026;04/05/2026;30/04/2026;Entregue No Prazo;;Entrega realizada;Entrega Finalizada;4;5;28;4;XD BETIM;8002;;;
MOBIS BRASIL FABRICACAO DE AUTO PECAS LT;RODOVIARIO;1501316;28/04/2026;30;339764;28/04/2026;CARBEL KOREA VEICULOS LTDA;2,07E+13;BELO HORIZONTE;MG;28/04/2026;04/05/2026;30/04/2026;Entregue No Prazo;;Entrega realizada;Entrega Finalizada;4;5;28;4;XD BETIM;11021;;;
MOBIS BRASIL FABRICACAO DE AUTO PECAS LT;RODOVIARIO;1501337;28/04/2026;1;339816;28/04/2026;BARI VEICULOS LTDA.;7,46E+12;CURITIBA;PR;28/04/2026;04/05/2026;30/04/2026;Entregue No Prazo;;Entrega realizada;Entrega Finalizada;4;5;28;4;TRANSTRY;18029;;;
MOBIS BRASIL FABRICACAO DE AUTO PECAS LT;RODOVIARIO;1501339;28/04/2026;2;339813;28/04/2026;BARI VEICULOS LTDA;7,46E+12;CURITIBA;PR;28/04/2026;04/05/2026;30/04/2026;Entregue No Prazo;;Entrega realizada;Entrega Finalizada;4;5;28;4;TRANSTRY;18024;;;
MOBIS BRASIL FABRICACAO DE AUTO PECAS LT;RODOVIARIO;1501366;28/04/2026;14;339750;28/04/2026;DHC COMERCIO DE VEICULOS E PECAS LTDA;9,52E+12;BAURU;SP;28/04/2026;04/05/2026;30/04/2026;Entregue No Prazo;Avaria;Entrega realizada;Entrega Finalizada;4;5;28;4;RISSO;26010;;;
MOBIS BRASIL FABRICACAO DE AUTO PECAS LT;RODOVIARIO;1501371;28/04/2026;1;339746;28/04/2026;ANDRETA II DISTRIBUIDORA DE VEIC. LTDA;9,10E+12;INDAIATUBA;SP;28/04/2026;04/05/2026;30/04/2026;Entregue No Prazo;;Entrega realizada;Entrega Finalizada;4;5;28;4;RISSO;26011;;;
MOBIS BRASIL FABRICACAO DE AUTO PECAS LT;RODOVIARIO;1501372;28/04/2026;3;339747;28/04/2026;ANDRETA II DISTRIBUIDORA DE VEIC. LTDA;9,10E+12;AMERICANA;SP;28/04/2026;04/05/2026;30/04/2026;Entregue No Prazo;;Entrega realizada;Entrega Finalizada;4;5;28;4;RISSO;26011;;;
MOBIS BRASIL FABRICACAO DE AUTO PECAS LT;RODOVIARIO;1501313;28/04/2026;2;339782;28/04/2026;URCA MOTORS VEICULOS LTDA;8,77E+12;UBERLANDIA;MG;28/04/2026;05/05/2026;30/04/2026;Entregue No Prazo;;Entrega realizada;Entrega Finalizada;5;5;28;4;XD BETIM;9014;;;
MOBIS BRASIL FABRICACAO DE AUTO PECAS LT;RODOVIARIO;1501317;28/04/2026;6;339779;28/04/2026;TOKSU COMERCIO DE VEICULOS LTDA;1,12E+13;POUSO ALEGRE;MG;28/04/2026;05/05/2026;30/04/2026;Entregue No Prazo;;Entrega realizada;Entrega Finalizada;5;5;28;4;XD BETIM;11008;;;
MOBIS BRASIL FABRICACAO DE AUTO PECAS LT;RODOVIARIO;1501338;28/04/2026;2;339811;28/04/2026;BARI VEICULOS LTDA;7,46E+12;SAO JOSE DOS PINHAIS;PR;28/04/2026;05/05/2026;30/04/2026;Entregue No Prazo;;Entrega realizada;Entrega Finalizada;5;5;28;4;TRANSTRY;18024;;;
MOBIS BRASIL FABRICACAO DE AUTO PECAS LT;RODOVIARIO;1501340;28/04/2026;2;339792;28/04/2026;ITAVEMA MOTORS VEICULOS LTDA;7,73E+12;DUQUE DE CAXIAS;RJ;28/04/2026;05/05/2026;30/04/2026;Entregue No Prazo;;Entrega realizada;Entrega Finalizada;5;5;28;4;CAMILO;19001;;;
MOBIS BRASIL FABRICACAO DE AUTO PECAS LT;RODOVIARIO;1501341;28/04/2026;2;339785;28/04/2026;CAOA MOTOR DO BRASIL LTDA;1,68E+13;RIO DE JANEIRO;RJ;28/04/2026;05/05/2026;30/04/2026;Entregue No Prazo;;Entrega realizada;Entrega Finalizada;5;5;28;4;CAMILO;5008;;;
MOBIS BRASIL FABRICACAO DE AUTO PECAS LT;RODOVIARIO;1501342;28/04/2026;13;339793;28/04/2026;ITAVEMA MOTORS VEICULOS LTDA;7,73E+12;RIO DE JANEIRO;RJ;28/04/2026;05/05/2026;30/04/2026;Entregue No Prazo;;Entrega realizada;Entrega Finalizada;5;5;28;4;CAMILO;19001;;;
MOBIS BRASIL FABRICACAO DE AUTO PECAS LT;RODOVIARIO;1501387;28/04/2026;2;339752;28/04/2026;GOLDEN MOTORS VEICULOS LTDA;3,62E+12;VOTUPORANGA;SP;28/04/2026;05/05/2026;30/04/2026;Entregue No Prazo;;Entrega realizada;Entrega Finalizada;5;5;28;4;RISSO;12001;;;
MOBIS BRASIL FABRICACAO DE AUTO PECAS LT;RODOVIARIO;1501790;28/04/2026;7;339815;28/04/2026;BARI VEICULOS LTDA;7,46E+12;PONTA GROSSA;PR;28/04/2026;05/05/2026;30/04/2026;Entregue No Prazo;;Entrega realizada;Entrega Finalizada;5;5;28;4;TRANSTRY;18024;;;
MOBIS BRASIL FABRICACAO DE AUTO PECAS LT;RODOVIARIO;1501333;28/04/2026;2;339829;28/04/2026;SANTA FE VEICULOS LTDA.;1,16E+13;FRANCISCO BELTRAO;PR;28/04/2026;06/05/2026;30/04/2026;Entregue No Prazo;;Entrega realizada;Entrega Finalizada;6;5;28;4;TRANSTRY;18010;;;
MOBIS BRASIL FABRICACAO DE AUTO PECAS LT;RODOVIARIO;1501334;28/04/2026;17;339829;28/04/2026;SANTA FE VEICULOS LTDA.;1,16E+13;FRANCISCO BELTRAO;PR;28/04/2026;06/05/2026;30/04/2026;Entregue No Prazo;;Entrega realizada;Entrega Finalizada;6;5;28;4;TRANSTRY;18010;;;
MOBIS BRASIL FABRICACAO DE AUTO PECAS LT;RODOVIARIO;1501335;28/04/2026;2;339828;28/04/2026;SANTA FE COMERCIO DE VEICULOS S A.;1,16E+13;PATO BRANCO;PR;28/04/2026;06/05/2026;30/04/2026;Entregue No Prazo;;Entrega realizada;Entrega Finalizada;6;5;28;4;TRANSTRY;18014;;;
MOBIS BRASIL FABRICACAO DE AUTO PECAS LT;RODOVIARIO;1501322;28/04/2026;1;339791;28/04/2026;GOLDEN MOTORS VEICULOS LTDA;3,62E+12;TRES LAGOAS;MS;28/04/2026;07/05/2026;30/04/2026;Entregue No Prazo;;Entrega realizada;Entrega Finalizada;7;5;28;4;CARVALIMA;12001;;;
MOBIS BRASIL FABRICACAO DE AUTO PECAS LT;RODOVIARIO;1501361;28/04/2026;5;339819;28/04/2026;CHINHAN AUTOMOVEIS LTDA.;2,41E+13;CACADOR;SC;28/04/2026;08/05/2026;30/04/2026;Entregue No Prazo;;Entrega realizada;Entrega Finalizada;8;5;28;4;TRANSTRY;24020;;;
MOBIS BRASIL FABRICACAO DE AUTO PECAS LT;RODOVIARIO;1501798;28/04/2026;5;339957;29/04/2026;CHS MOTORS VEICULOS PECAS(VL. GUILHERME);1,69E+13;SAO PAULO;SP;29/04/2026;05/05/2026;30/04/2026;Entregue No Prazo;;Entrega realizada;Entrega Finalizada;5;5;29;4;BV LOG;26052;;;
MOBIS BRASIL FABRICACAO DE AUTO PECAS LT;RODOVIARIO;1501799;28/04/2026;150;339957;29/04/2026;CHS MOTORS VEICULOS PECAS(VL. GUILHERME);1,69E+13;SAO PAULO;SP;29/04/2026;05/05/2026;30/04/2026;Entregue No Prazo;;Entrega realizada;Entrega Finalizada;5;5;29;4;BV LOG;26052;;;
MOBIS BRASIL FABRICACAO DE AUTO PECAS LT;RODOVIARIO;1501800;28/04/2026;70;339957;29/04/2026;CHS MOTORS VEICULOS PECAS(VL. GUILHERME);1,69E+13;SAO PAULO;SP;29/04/2026;05/05/2026;30/04/2026;Entregue No Prazo;;Entrega realizada;Entrega Finalizada;5;5;29;4;BV LOG;26052;;;
MOBIS BRASIL FABRICACAO DE AUTO PECAS LT;RODOVIARIO;1502096;29/04/2026;2;339975;29/04/2026;BILLY DISTRIBUIDORA DE VEICULOS LTDA;1,34E+13;BARUERI;SP;29/04/2026;05/05/2026;30/04/2026;Entregue No Prazo;;Entrega realizada;Entrega Finalizada;5;5;29;4;XD DIADEMA;26003;;;
MOBIS BRASIL FABRICACAO DE AUTO PECAS LT;RODOVIARIO;1502097;29/04/2026;1;339997;29/04/2026;NOBRE DISTRIBUIDORA DE VEICULOS E PECAS;5,76E+12;MOGI DAS CRUZES;SP;29/04/2026;05/05/2026;30/04/2026;Entregue No Prazo;;Entrega realizada;Entrega Finalizada;5;5;29;4;XD DIADEMA;26004;;;
MOBIS BRASIL FABRICACAO DE AUTO PECAS LT;RODOVIARIO;1502098;29/04/2026;5;339991;29/04/2026;GRAND SPORT COM. DE VEIC. E PECAS LTDA;8,58E+12;GUARULHOS;SP;29/04/2026;05/05/2026;30/04/2026;Entregue No Prazo;;Entrega realizada;Entrega Finalizada;5;5;29;4;XD DIADEMA;26005;;;
MOBIS BRASIL FABRICACAO DE AUTO PECAS LT;RODOVIARIO;1502114;29/04/2026;2;339987;29/04/2026;CHS MOTORS VEICULOS PECAS(VL. GUILHERME);1,69E+13;SAO PAULO;SP;29/04/2026;05/05/2026;30/04/2026;Entregue No Prazo;;Entrega realizada;Entrega Finalizada;5;5;29;4;XD DIADEMA;26052;;;
MOBIS BRASIL FABRICACAO DE AUTO PECAS LT;RODOVIARIO;1502115;29/04/2026;1;339980;29/04/2026;CAOA MOTOR DO BRASIL LTDA (IPIRANGA);1,68E+13;SAO PAULO;SP;29/04/2026;05/05/2026;30/04/2026;Entregue No Prazo;;Entrega realizada;Entrega Finalizada;5;5;29;4;XD DIADEMA;26054;;;
MOBIS BRASIL FABRICACAO DE AUTO PECAS LT;RODOVIARIO;1502125;29/04/2026;2;339979;29/04/2026;CAOA MOTOR DO BRASIL LTDA (INDIANOPOLIS);1,68E+13;SAO PAULO;SP;29/04/2026;05/05/2026;30/04/2026;Entregue No Prazo;;Entrega realizada;Entrega Finalizada;5;5;29;4;XD DIADEMA;26091;;;
MOBIS BRASIL FABRICACAO DE AUTO PECAS LT;RODOVIARIO;1502127;29/04/2026;1;339996;29/04/2026;NOBRE DISTRIBUIDORA DE VEIC. E PEC. LTDA;5,76E+12;SUZANO;SP;29/04/2026;05/05/2026;30/04/2026;Entregue No Prazo;;Entrega realizada;Entrega Finalizada;5;5;29;4;XD DIADEMA;26103;;;
MOBIS BRASIL FABRICACAO DE AUTO PECAS LT;RODOVIARIO;1502424;29/04/2026;10;339985;29/04/2026;CHS MOTORS VEICULOS PECAS E SERV. LTDA;1,69E+13;OSASCO;SP;29/04/2026;05/05/2026;30/04/2026;Entregue No Prazo;;Entrega realizada;Entrega Finalizada;5;5;29;4;XD DIADEMA;26106;;;
MOBIS BRASIL FABRICACAO DE AUTO PECAS LT;RODOVIARIO;1502101;29/04/2026;3;339973;29/04/2026;ANDRETA II DISTRIBUIDORA DE VEIC. LTDA;9,10E+12;CAMPINAS;SP;29/04/2026;05/05/2026;30/04/2026;Entregue No Prazo;;Entrega realizada;Entrega Finalizada;5;5;29;4;XD DIADEMA;26011;;;
MOBIS BRASIL FABRICACAO DE AUTO PECAS LT;RODOVIARIO;1502102;29/04/2026;4;339993;29/04/2026;MOTONET COMERCIO DE VEICULOS LTDA;9,28E+12;SOROCABA;SP;29/04/2026;05/05/2026;30/04/2026;Entregue No Prazo;;Entrega realizada;Entrega Finalizada;5;5;29;4;XD DIADEMA;26113;;;
MOBIS BRASIL FABRICACAO DE AUTO PECAS LT;RODOVIARIO;1502118;29/04/2026;8;339988;29/04/2026;DESTAQUE SEUL DISTR. DE VEIC. E PC. LTDA;2,12E+13;ATIBAIA;SP;29/04/2026;05/05/2026;30/04/2026;Entregue No Prazo;;Entrega realizada;Entrega Finalizada;5;5;29;4;XD DIADEMA;26075;;;
MOBIS BRASIL FABRICACAO DE AUTO PECAS LT;RODOVIARIO;1502119;29/04/2026;28;339988;29/04/2026;DESTAQUE SEUL DISTR. DE VEIC. E PC. LTDA;2,12E+13;ATIBAIA;SP;29/04/2026;05/05/2026;30/04/2026;Entregue No Prazo;;Entrega realizada;Entrega Finalizada;5;5;29;4;XD DIADEMA;26075;;;
MOBIS BRASIL FABRICACAO DE AUTO PECAS LT;RODOVIARIO;1502122;29/04/2026;7;339977;29/04/2026;CAOA MOTOR DO BRASIL LTDA;1,68E+13;SANTOS;SP;29/04/2026;05/05/2026;30/04/2026;Entregue No Prazo;;Entrega realizada;Entrega Finalizada;5;5;29;4;XD DIADEMA;5008;;;
MOBIS BRASIL FABRICACAO DE AUTO PECAS LT;RODOVIARIO;1502607;29/04/2026;12;340237;29/04/2026;DHC COMERCIO DE VEICULOS E PECAS LTDA;9,52E+12;BAURU;SP;29/04/2026;05/05/2026;30/04/2026;Entregue No Prazo;;Entrega realizada;Entrega Finalizada;5;5;29;4;RISSO;26010;;;
MOBIS BRASIL FABRICACAO DE AUTO PECAS LT;RODOVIARIO;1502612;29/04/2026;3;340235;29/04/2026;ANDRETA II DISTRIBUIDORA DE VEIC. LTDA;9,10E+12;AMERICANA;SP;29/04/2026;05/05/2026;30/04/2026;Entregue No Prazo;;Entrega realizada;Entrega Finalizada;5;5;29;4;RISSO;26011;;;
MOBIS BRASIL FABRICACAO DE AUTO PECAS LT;RODOVIARIO;1502120;29/04/2026;1;339964;29/04/2026;DHC COMERCIO DE VEICULOS E PECAS LTDA;9,52E+12;JAU;SP;29/04/2026;07/05/2026;30/04/2026;Entregue No Prazo;;Entrega realizada;Entrega Finalizada;7;5;29;4;RISSO;26010;;;
MOBIS BRASIL FABRICACAO DE AUTO PECAS LT;RODOVIARIO;1502126;29/04/2026;3;339965;29/04/2026;H - CAMINHO AUTOMOVEIS LTDA;2,53E+13;PIRACICABA;SP;29/04/2026;07/05/2026;30/04/2026;Entregue No Prazo;;Entrega realizada;Entrega Finalizada;7;5;29;4;RISSO;26092;;;
MOBIS BRASIL FABRICACAO DE AUTO PECAS LT;RODOVIARIO;1502604;29/04/2026;4;340241;29/04/2026;HYMAX DISTRIBUIDORA DE VEICULOS LTDA;1,73E+13;MOGI GUACU;SP;29/04/2026;07/05/2026;30/04/2026;Entregue No Prazo;;Entrega realizada;Entrega Finalizada;7;5;29;4;RISSO;26002;;;
MOBIS BRASIL FABRICACAO DE AUTO PECAS LT;RODOVIARIO;1502618;29/04/2026;2;340238;29/04/2026;DHC COMERCIO DE VEICULOS E PECAS LTDA;9,52E+12;JAU;SP;29/04/2026;07/05/2026;30/04/2026;Entregue No Prazo;;Entrega realizada;Entrega Finalizada;7;5;29;4;RISSO;26010;;;
MOBIS BRASIL FABRICACAO DE AUTO PECAS LT;RODOVIARIO;1502621;29/04/2026;1;340239;29/04/2026;H - CAMINHO AUTOMOVEIS LTDA;2,53E+13;PIRACICABA;SP;29/04/2026;07/05/2026;30/04/2026;Entregue No Prazo;;Entrega realizada;Entrega Finalizada;7;5;29;4;RISSO;26092;;;
MOBIS BRASIL FABRICACAO DE AUTO PECAS LT;RODOVIARIO;1502610;29/04/2026;4;340297;30/04/2026;BILLY DISTRIBUIDORA DE VEICULOS LTDA;1,34E+13;SAO CAETANO DO SUL;SP;30/04/2026;06/05/2026;30/04/2026;Entregue No Prazo;;Entrega realizada;Entrega Finalizada;6;5;30;4;RISSO;26003;;;
MOBIS BRASIL FABRICACAO DE AUTO PECAS LT;RODOVIARIO;1502611;29/04/2026;146;340297;30/04/2026;BILLY DISTRIBUIDORA DE VEICULOS LTDA;1,34E+13;SAO CAETANO DO SUL;SP;30/04/2026;06/05/2026;30/04/2026;Entregue No Prazo;;Entrega realizada;Entrega Finalizada;6;5;30;4;RISSO;26003;;;
MOBIS BRASIL FABRICACAO DE AUTO PECAS LT;RODOVIARIO;1500427;27/04/2026;1;339517;27/04/2026;GNC GRANDE COREIA MINAS GERAIS COMERCIO;4,27E+13;MONTES CLAROS;MG;27/04/2026;05/05/2026;30/04/2026;Entregue No Prazo;;Entrega realizada;Entrega Finalizada;5;5;27;4;XD BETIM;11035;;;
MOBIS BRASIL FABRICACAO DE AUTO PECAS LT;RODOVIARIO;1501318;28/04/2026;1;339758;28/04/2026;BDG AUTOVILLE VEICULOS LTDA;4,77E+13;CONTAGEM;MG;28/04/2026;04/05/2026;30/04/2026;Entregue No Prazo;;Entrega realizada;Entrega Finalizada;4;5;28;4;XD BETIM;11037;;;
MOBIS BRASIL FABRICACAO DE AUTO PECAS LT;RODOVIARIO;1501319;28/04/2026;13;339758;28/04/2026;BDG AUTOVILLE VEICULOS LTDA;4,77E+13;CONTAGEM;MG;28/04/2026;04/05/2026;30/04/2026;Entregue No Prazo;;Entrega realizada;Entrega Finalizada;4;5;28;4;XD BETIM;11037;;;
MOBIS BRASIL FABRICACAO DE AUTO PECAS LT;RODOVIARIO;1478843;17/03/2026;1;332927;17/03/2026;UNIQUE BOA VISTA COM. DE AUTOMOVEIS LTDA;3,48E+13;BOA VISTA;RR;17/03/2026;14/04/2026;02/05/2026;Entregue Fora do Prazo;;Entrega realizada;Entrega Finalizada;14;4;17;3;NORTEX;22002;;;
MOBIS BRASIL FABRICACAO DE AUTO PECAS LT;RODOVIARIO;1499587;23/04/2026;6;339121;23/04/2026;NASA MOTORS LTDA.;2,65E+13;SAO LUIS DE MONTES BELOS;GO;23/04/2026;07/05/2026;02/05/2026;Entregue No Prazo;;Entrega realizada;Entrega Finalizada;7;5;23;4;RIO VERMELHO;9016;;;
MOBIS BRASIL FABRICACAO DE AUTO PECAS LT;RODOVIARIO;1499590;23/04/2026;6;339121;23/04/2026;NASA MOTORS LTDA.;2,65E+13;SAO LUIS DE MONTES BELOS;GO;23/04/2026;07/05/2026;02/05/2026;Entregue No Prazo;;Entrega realizada;Entrega Finalizada;7;5;23;4;RIO VERMELHO;9016;;;
MOBIS BRASIL FABRICACAO DE AUTO PECAS LT;RODOVIARIO;1502106;29/04/2026;29;340293;30/04/2026;CHS MOTORS VEICULOS PECAS E SERV. LTDA.;1,69E+13;SAO PAULO;SP;30/04/2026;06/05/2026;02/05/2026;Entregue No Prazo;;Entrega realizada;Entrega Finalizada;6;5;30;4;BV LOG;26036;;;
MOBIS BRASIL FABRICACAO DE AUTO PECAS LT;RODOVIARIO;1502110;29/04/2026;90;340292;30/04/2026;BILLY DISTRIBUIDORA DE VEICULOS LTDA;1,34E+13;SAO CAETANO DO SUL;SP;30/04/2026;06/05/2026;02/05/2026;Entregue No Prazo;;Entrega realizada;Entrega Finalizada;6;5;30;4;BV LOG;26003;;;
MOBIS BRASIL FABRICACAO DE AUTO PECAS LT;RODOVIARIO;1465827;19/02/2026;1;328759;19/02/2026;PATEO COMERCIO DE VEICULOS S A;7,78E+12;MANAUS;AM;19/02/2026;17/03/2026;04/05/2026;Entregue Fora do Prazo;;Entrega realizada;Entrega Finalizada;17;3;19;2;NORTEX;3002;;;
MOBIS BRASIL FABRICACAO DE AUTO PECAS LT;RODOVIARIO;1465961;19/02/2026;1;328760;19/02/2026;POLE POSITION TECNOLOGIA LTDA;3,45E+13;MANAUS;AM;19/02/2026;17/03/2026;04/05/2026;Entregue Fora do Prazo;;Entrega realizada;Entrega Finalizada;17;3;19;2;NORTEX;3001;;;
MOBIS BRASIL FABRICACAO DE AUTO PECAS LT;RODOVIARIO;1465962;19/02/2026;2;328760;19/02/2026;POLE POSITION TECNOLOGIA LTDA;3,45E+13;MANAUS;AM;19/02/2026;17/03/2026;04/05/2026;Entregue Fora do Prazo;;Entrega realizada;Entrega Finalizada;17;3;19;2;NORTEX;3001;;;
MOBIS BRASIL FABRICACAO DE AUTO PECAS LT;RODOVIARIO;1470872;28/02/2026;1;330353;28/02/2026;PATEO COMERCIO DE VEICULOS S A;7,78E+12;MANAUS;AM;28/02/2026;26/03/2026;04/05/2026;Entregue Fora do Prazo;;Entrega realizada;Entrega Finalizada;26;3;28;2;NORTEX;3002;Aniversário do Município;Porto Alegre;RS
MOBIS BRASIL FABRICACAO DE AUTO PECAS LT;RODOVIARIO;1475357;10/03/2026;1;331748;10/03/2026;PATEO COMERCIO DE VEICULOS S A;7,78E+12;MANAUS;AM;10/03/2026;03/04/2026;04/05/2026;Entregue Fora do Prazo;;Entrega realizada;Entrega Finalizada;3;4;10;3;NORTEX;3002;;;
MOBIS BRASIL FABRICACAO DE AUTO PECAS LT;RODOVIARIO;1475358;10/03/2026;1;331748;10/03/2026;PATEO COMERCIO DE VEICULOS S A;7,78E+12;MANAUS;AM;10/03/2026;03/04/2026;04/05/2026;Entregue Fora do Prazo;;Entrega realizada;Entrega Finalizada;3;4;10;3;NORTEX;3002;;;
MOBIS BRASIL FABRICACAO DE AUTO PECAS LT;RODOVIARIO;1481572;23/03/2026;1;333913;23/03/2026;PATEO COMERCIO DE VEICULOS S A;7,78E+12;MANAUS;AM;23/03/2026;16/04/2026;04/05/2026;Entregue Fora do Prazo;;Entrega realizada;Entrega Finalizada;16;4;23;3;NORTEX;3002;;;
MOBIS BRASIL FABRICACAO DE AUTO PECAS LT;RODOVIARIO;1482598;24/03/2026;5;334136;24/03/2026;PATEO COMERCIO DE VEICULOS S A;7,78E+12;MANAUS;AM;24/03/2026;17/04/2026;04/05/2026;Entregue Fora do Prazo;;Entrega realizada;Entrega Finalizada;17;4;24;3;NORTEX;3002;;;
MOBIS BRASIL FABRICACAO DE AUTO PECAS LT;RODOVIARIO;1484108;26/03/2026;3;334709;26/03/2026;MISO VEICULOS LTDA;1,85E+13;MACAPA;AP;26/03/2026;16/04/2026;04/05/2026;Entregue Fora do Prazo;;Entrega realizada;Entrega Finalizada;16;4;26;3;NORTEX;4001;;;
MOBIS BRASIL FABRICACAO DE AUTO PECAS LT;RODOVIARIO;1484107;26/03/2026;3;334713;26/03/2026;PATEO COMERCIO DE VEICULOS S A;7,78E+12;MANAUS;AM;26/03/2026;21/04/2026;04/05/2026;Entregue Fora do Prazo;;Entrega realizada;Entrega Finalizada;21;4;26;3;NORTEX;3002;Fundação de Brasília;Estadual;DF
MOBIS BRASIL FABRICACAO DE AUTO PECAS LT;RODOVIARIO;1496764;20/04/2026;1;338604;20/04/2026;MASTER COMERCIAL DE VEICULOS LTDA;2,85E+13;BARREIRAS;BA;20/04/2026;05/05/2026;04/05/2026;Entregue No Prazo;;Entrega realizada;Entrega Finalizada;5;5;20;4;TERMACO;5012;;;
MOBIS BRASIL FABRICACAO DE AUTO PECAS LT;RODOVIARIO;1496818;20/04/2026;2;338606;20/04/2026;ORIENTE AUTOMOVEIS LTDA;1,33E+13;PARNAMIRIM;RN;20/04/2026;06/05/2026;04/05/2026;Entregue No Prazo;;Entrega realizada;Entrega Finalizada;6;5;20;4;TERMACO;20001;;;
MOBIS BRASIL FABRICACAO DE AUTO PECAS LT;RODOVIARIO;1496760;20/04/2026;3;338617;20/04/2026;ULSAN COMERCIO DE VEICULOS LTDA;2,10E+13;RIO BRANCO;AC;20/04/2026;07/05/2026;04/05/2026;Entregue No Prazo;;Entrega realizada;Entrega Finalizada;7;5;20;4;CARVALIMA;21004;;;
MOBIS BRASIL FABRICACAO DE AUTO PECAS LT;RODOVIARIO;1497813;21/04/2026;5;338855;22/04/2026;PRIVILLEGE DISTRIBUIDORA DE VEICULOS LTD;1,72E+13;PALMAS;TO;22/04/2026;01/05/2026;04/05/2026;Entregue No Prazo;;Entrega realizada;Entrega Finalizada;1;5;22;4;RIO VERMELHO;27003;;;
MOBIS BRASIL FABRICACAO DE AUTO PECAS LT;RODOVIARIO;1498579;22/04/2026;2;338826;22/04/2026;PRIVILLEGE DISTRIBUIDORA DE VEICULOS LTD;1,72E+13;PALMAS;TO;22/04/2026;01/05/2026;04/05/2026;Entregue No Prazo;;Entrega realizada;Entrega Finalizada;1;5;22;4;RIO VERMELHO;27003;;;
MOBIS BRASIL FABRICACAO DE AUTO PECAS LT;RODOVIARIO;1497700;21/04/2026;5;338766;22/04/2026;FAZZA MOTORS COMERCIO DE VEICULOS LTDA;1,24E+13;SALVADOR;BA;22/04/2026;04/05/2026;04/05/2026;Entregue No Prazo;;Entrega realizada;Entrega Finalizada;4;5;22;4;TERMACO;5007;;;
MOBIS BRASIL FABRICACAO DE AUTO PECAS LT;RODOVIARIO;1498187;21/04/2026;23;338766;22/04/2026;FAZZA MOTORS COMERCIO DE VEICULOS LTDA;1,24E+13;SALVADOR;BA;22/04/2026;04/05/2026;04/05/2026;Entregue No Prazo;;Entrega realizada;Entrega Finalizada;4;5;22;4;TERMACO;5007;;;
MOBIS BRASIL FABRICACAO DE AUTO PECAS LT;RODOVIARIO;1497697;21/04/2026;2;338764;22/04/2026;CYCOSA AUTOMOVEIS LTDA;4,76E+12;MACEIO;AL;22/04/2026;06/05/2026;04/05/2026;Entregue No Prazo;;Entrega realizada;Entrega Finalizada;6;5;22;4;TERMACO;2001;;;
MOBIS BRASIL FABRICACAO DE AUTO PECAS LT;RODOVIARIO;1497719;21/04/2026;4;338863;22/04/2026;TRIAUTO KOREA AUTOMOVEIS LTDA;4,99E+13;CATALAO;GO;22/04/2026;06/05/2026;04/05/2026;Entregue No Prazo;;Entrega realizada;Entrega Finalizada;6;5;22;4;RIO VERMELHO;9018;;;
MOBIS BRASIL FABRICACAO DE AUTO PECAS LT;RODOVIARIO;1497812;21/04/2026;2;338856;22/04/2026;PRIVILLEGE DISTRIBUIDORA DE VEICULOS LTD;1,72E+13;ARAGUAINA;TO;22/04/2026;06/05/2026;04/05/2026;Entregue No Prazo;;Entrega realizada;Entrega Finalizada;6;5;22;4;RIO VERMELHO;27002;;;
MOBIS BRASIL FABRICACAO DE AUTO PECAS LT;RODOVIARIO;1498481;22/04/2026;1;338905;22/04/2026;CYCOSA AUTOMOVEIS LTDA;4,76E+12;MACEIO;AL;22/04/2026;06/05/2026;04/05/2026;Entregue No Prazo;;Entrega realizada;Entrega Finalizada;6;5;22;4;TERMACO;2001;;;
MOBIS BRASIL FABRICACAO DE AUTO PECAS LT;RODOVIARIO;1497739;21/04/2026;3;338768;22/04/2026;GREEN CITY VEICULOS LTDA;2,10E+13;TERESINA;PI;22/04/2026;08/05/2026;04/05/2026;Entregue No Prazo;;Entrega realizada;Entrega Finalizada;8;5;22;4;TERMACO;17002;;;
MOBIS BRASIL FABRICACAO DE AUTO PECAS LT;RODOVIARIO;1498519;22/04/2026;1;338898;22/04/2026;AUTORAC VEICULOS LTDA;1,06E+13;PETROLINA;PE;22/04/2026;08/05/2026;04/05/2026;Entregue No Prazo;;Entrega realizada;Entrega Finalizada;8;5;22;4;TERMACO;16001;;;
MOBIS BRASIL FABRICACAO DE AUTO PECAS LT;RODOVIARIO;1498520;22/04/2026;1;338909;22/04/2026;GREEN CITY VEICULOS LTDA;2,10E+13;TERESINA;PI;22/04/2026;08/05/2026;04/05/2026;Entregue No Prazo;;Entrega realizada;Entrega Finalizada;8;5;22;4;TERMACO;17002;;;
MOBIS BRASIL FABRICACAO DE AUTO PECAS LT;RODOVIARIO;1497696;21/04/2026;1;338787;22/04/2026;ULSAN COMERCIO DE VEICULOS LTDA;2,10E+13;RIO BRANCO;AC;22/04/2026;11/05/2026;04/05/2026;Entregue No Prazo;;Entrega realizada;Entrega Finalizada;11;5;22;4;CARVALIMA;21004;;;
MOBIS BRASIL FABRICACAO DE AUTO PECAS LT;RODOVIARIO;1498480;22/04/2026;1;338926;22/04/2026;ULSAN COMERCIO DE VEICULOS LTDA;2,10E+13;RIO BRANCO;AC;22/04/2026;11/05/2026;04/05/2026;Entregue No Prazo;;Entrega realizada;Entrega Finalizada;11;5;22;4;CARVALIMA;21004;;;
MOBIS BRASIL FABRICACAO DE AUTO PECAS LT;RODOVIARIO;1499789;24/04/2026;1;339345;24/04/2026;ULSAN COMERCIO DE VEICULOS LTDA.;2,10E+13;CAMPO GRANDE;MS;24/04/2026;05/05/2026;04/05/2026;Entregue No Prazo;;Entrega realizada;Entrega Finalizada;5;5;24;4;CARVALIMA;12004;;;
MOBIS BRASIL FABRICACAO DE AUTO PECAS LT;RODOVIARIO;1499768;24/04/2026;1;339328;24/04/2026;CYCOSA AUTOMOVEIS LTDA;4,76E+12;MACEIO;AL;24/04/2026;11/05/2026;04/05/2026;Entregue No Prazo;;Entrega realizada;Entrega Finalizada;11;5;24;4;TERMACO;2001;;;
MOBIS BRASIL FABRICACAO DE AUTO PECAS LT;RODOVIARIO;1499848;24/04/2026;2;339293;24/04/2026;PRIVILLEGE DISTRIBUIDORA DE VEICULOS LTD;1,72E+13;ARAGUAINA;TO;24/04/2026;11/05/2026;04/05/2026;Entregue No Prazo;;Entrega realizada;Entrega Finalizada;11;5;24;4;RIO VERMELHO;27002;;;
MOBIS BRASIL FABRICACAO DE AUTO PECAS LT;RODOVIARIO;1499849;24/04/2026;1;339293;24/04/2026;PRIVILLEGE DISTRIBUIDORA DE VEICULOS LTD;1,72E+13;ARAGUAINA;TO;24/04/2026;11/05/2026;04/05/2026;Entregue No Prazo;;Entrega realizada;Entrega Finalizada;11;5;24;4;RIO VERMELHO;27002;;;
MOBIS BRASIL FABRICACAO DE AUTO PECAS LT;RODOVIARIO;1499813;24/04/2026;1;339340;24/04/2026;SAINT LAND COM DE VEICULOS S A;1,04E+13;MOSSORO;RN;24/04/2026;13/05/2026;04/05/2026;Entregue No Prazo;;Entrega realizada;Entrega Finalizada;13;5;24;4;TERMACO;20002;;;
MOBIS BRASIL FABRICACAO DE AUTO PECAS LT;RODOVIARIO;1499777;24/04/2026;1;339336;24/04/2026;NACIONAL NOVA MARABA DIST DE VEIC. LTDA;1,70E+13;IMPERATRIZ;MA;24/04/2026;15/05/2026;04/05/2026;Entregue No Prazo;;Entrega realizada;Entrega Finalizada;15;5;24;4;TERMACO;10003;;;
MOBIS BRASIL FABRICACAO DE AUTO PECAS LT;RODOVIARIO;1500409;27/04/2026;1;339581;27/04/2026;VIA BRASIL AUTOMOVEIS LTDA.;4,72E+12;SERRA;ES;27/04/2026;05/05/2026;04/05/2026;Entregue No Prazo;;Entrega realizada;Entrega Finalizada;5;5;27;4;CAMILO;8001;;;
MOBIS BRASIL FABRICACAO DE AUTO PECAS LT;RODOVIARIO;1500410;27/04/2026;2;339581;27/04/2026;VIA BRASIL AUTOMOVEIS LTDA.;4,72E+12;SERRA;ES;27/04/2026;05/05/2026;04/05/2026;Entregue No Prazo;;Entrega realizada;Entrega Finalizada;5;5;27;4;CAMILO;8001;;;
MOBIS BRASIL FABRICACAO DE AUTO PECAS LT;RODOVIARIO;1500456;27/04/2026;1;339564;27/04/2026;MONTREAL VEICULOS E PECAS LTDA;1,68E+13;MACAE;RJ;27/04/2026;05/05/2026;04/05/2026;Entregue No Prazo;;Entrega realizada;Entrega Finalizada;5;5;27;4;CAMILO;19030;;;
MOBIS BRASIL FABRICACAO DE AUTO PECAS LT;RODOVIARIO;1500467;27/04/2026;1;339583;27/04/2026;ATUAL VEICULOS LTDA;1,33E+13;TUBARAO;SC;27/04/2026;05/05/2026;04/05/2026;Entregue No Prazo;;Entrega realizada;Entrega Finalizada;5;5;27;4;TRANSTRY;24001;;;
MOBIS BRASIL FABRICACAO DE AUTO PECAS LT;RODOVIARIO;1500412;27/04/2026;2;339572;27/04/2026;PRIME CACHOEIRO VEICULOS LTDA EPP;9,34E+12;CACHOEIRO DE ITAPEMIRIM;ES;27/04/2026;06/05/2026;04/05/2026;Entregue No Prazo;;Entrega realizada;Entrega Finalizada;6;5;27;4;CAMILO;8003;;;
MOBIS BRASIL FABRICACAO DE AUTO PECAS LT;RODOVIARIO;1500413;27/04/2026;7;339571;27/04/2026;PRIME CACHOEIRO VEICULOS LTDA;9,34E+12;LINHARES;ES;27/04/2026;06/05/2026;04/05/2026;Entregue No Prazo;;Entrega realizada;Entrega Finalizada;6;5;27;4;CAMILO;8004;;;
MOBIS BRASIL FABRICACAO DE AUTO PECAS LT;RODOVIARIO;1500430;27/04/2026;1;339562;27/04/2026;JPG MOTORS COMERCIO DE VEICULOS LTDA;2,91E+13;CAMPO GRANDE;MS;27/04/2026;06/05/2026;04/05/2026;Entregue No Prazo;;Entrega realizada;Entrega Finalizada;6;5;27;4;CARVALIMA;12005;;;
MOBIS BRASIL FABRICACAO DE AUTO PECAS LT;RODOVIARIO;1500990;27/04/2026;1;339572;27/04/2026;PRIME CACHOEIRO VEICULOS LTDA EPP;9,34E+12;CACHOEIRO DE ITAPEMIRIM;ES;27/04/2026;06/05/2026;04/05/2026;Entregue No Prazo;;Entrega realizada;Entrega Finalizada;6;5;27;4;CAMILO;8003;;;
MOBIS BRASIL FABRICACAO DE AUTO PECAS LT;RODOVIARIO;1500991;27/04/2026;1;339571;27/04/2026;PRIME CACHOEIRO VEICULOS LTDA;9,34E+12;LINHARES;ES;27/04/2026;06/05/2026;04/05/2026;Entregue No Prazo;;Entrega realizada;Entrega Finalizada;6;5;27;4;CAMILO;8004;;;
MOBIS BRASIL FABRICACAO DE AUTO PECAS LT;RODOVIARIO;1500432;27/04/2026;1;339555;27/04/2026;COMETA MATO GROSSO COM. DE VEICULOS LTDA;1,54E+13;RONDONOPOLIS;MT;27/04/2026;08/05/2026;04/05/2026;Entregue No Prazo;;Entrega realizada;Entrega Finalizada;8;5;27;4;CARVALIMA;13006;;;
MOBIS BRASIL FABRICACAO DE AUTO PECAS LT;RODOVIARIO;1500436;27/04/2026;1;339560;27/04/2026;GRANDE COREIA COMERCIO DE VEICULOS LTDA;2,66E+13;BELEM;PA;27/04/2026;11/05/2026;04/05/2026;Entregue No Prazo;;Entrega realizada;Entrega Finalizada;11;5;27;4;CARVALIMA;14007;;;
MOBIS BRASIL FABRICACAO DE AUTO PECAS LT;RODOVIARIO;1501000;27/04/2026;1;339560;27/04/2026;GRANDE COREIA COMERCIO DE VEICULOS LTDA;2,66E+13;BELEM;PA;27/04/2026;11/05/2026;04/05/2026;Entregue No Prazo;;Entrega realizada;Entrega Finalizada;11;5;27;4;CARVALIMA;14007;;;
MOBIS BRASIL FABRICACAO DE AUTO PECAS LT;RODOVIARIO;1501048;27/04/2026;1;339576;27/04/2026;SEVEL VEICULOS LTDA;1,07E+13;ARACAJU;SE;27/04/2026;11/05/2026;04/05/2026;Entregue No Prazo;;Entrega realizada;Entrega Finalizada;11;5;27;4;TERMACO;25001;;;
MOBIS BRASIL FABRICACAO DE AUTO PECAS LT;RODOVIARIO;1501072;27/04/2026;2;339576;27/04/2026;SEVEL VEICULOS LTDA;1,07E+13;ARACAJU;SE;27/04/2026;11/05/2026;04/05/2026;Entregue No Prazo;;Entrega realizada;Entrega Finalizada;11;5;27;4;TERMACO;25001;;;
MOBIS BRASIL FABRICACAO DE AUTO PECAS LT;RODOVIARIO;1500420;27/04/2026;1;339565;27/04/2026;NACIONAL NOVA MARABA DIST DE VEIC. LTDA;1,70E+13;IMPERATRIZ;MA;27/04/2026;18/05/2026;04/05/2026;Entregue No Prazo;;Entrega realizada;Entrega Finalizada;18;5;27;4;TERMACO;10003;;;
MOBIS BRASIL FABRICACAO DE AUTO PECAS LT;RODOVIARIO;1501377;28/04/2026;2;339748;28/04/2026;CAOA MOTOR DO BRASIL LTDA;1,68E+13;SAO CARLOS;SP;28/04/2026;04/05/2026;04/05/2026;Entregue No Prazo;;Entrega realizada;Entrega Finalizada;4;5;28;4;RISSO;5008;;;
MOBIS BRASIL FABRICACAO DE AUTO PECAS LT;RODOVIARIO;1501331;28/04/2026;3;339825;28/04/2026;LOVAT VEICULOS S/A;8,57E+12;LONDRINA;PR;28/04/2026;05/05/2026;04/05/2026;Entregue No Prazo;;Entrega realizada;Entrega Finalizada;5;5;28;4;TRANSTRY;18008;;;
MOBIS BRASIL FABRICACAO DE AUTO PECAS LT;RODOVIARIO;1501347;28/04/2026;2;339824;28/04/2026;HOUSE PARTS-COM. DE PCS. E VEICULOS LTDA;1,15E+13;PORTO ALEGRE;RS;28/04/2026;05/05/2026;04/05/2026;Entregue No Prazo;;Entrega realizada;Entrega Finalizada;5;5;28;4;TRANSTRY;23004;;;
MOBIS BRASIL FABRICACAO DE AUTO PECAS LT;RODOVIARIO;1501348;28/04/2026;1;339824;28/04/2026;HOUSE PARTS-COM. DE PCS. E VEICULOS LTDA;1,15E+13;PORTO ALEGRE;RS;28/04/2026;05/05/2026;04/05/2026;Entregue No Prazo;;Entrega realizada;Entrega Finalizada;5;5;28;4;TRANSTRY;23004;;;
MOBIS BRASIL FABRICACAO DE AUTO PECAS LT;RODOVIARIO;1501357;28/04/2026;1;339817;28/04/2026;BARI VEICULOS LTDA.;7,46E+12;ITAJAI;SC;28/04/2026;05/05/2026;04/05/2026;Entregue No Prazo;;Entrega realizada;Entrega Finalizada;5;5;28;4;TRANSTRY;24014;;;
MOBIS BRASIL FABRICACAO DE AUTO PECAS LT;RODOVIARIO;1501373;28/04/2026;4;339753;28/04/2026;H R B COMERCIO DE VEICULOS LTDA;1,82E+13;SAO JOSE DO RIO PRETO;SP;28/04/2026;05/05/2026;04/05/2026;Entregue No Prazo;;Entrega realizada;Entrega Finalizada;5;5;28;4;RISSO;26050;;;
MOBIS BRASIL FABRICACAO DE AUTO PECAS LT;RODOVIARIO;1501374;28/04/2026;6;339753;28/04/2026;H R B COMERCIO DE VEICULOS LTDA;1,82E+13;SAO JOSE DO RIO PRETO;SP;28/04/2026;05/05/2026;04/05/2026;Entregue No Prazo;;Entrega realizada;Entrega Finalizada;5;5;28;4;RISSO;26050;;;
MOBIS BRASIL FABRICACAO DE AUTO PECAS LT;RODOVIARIO;1501378;28/04/2026;2;339756;28/04/2026;NEW VEICULOS E PECAS LTDA.;1,59E+13;ARARAQUARA;SP;28/04/2026;05/05/2026;04/05/2026;Entregue No Prazo;;Entrega realizada;Entrega Finalizada;5;5;28;4;RISSO;26071;;;
MOBIS BRASIL FABRICACAO DE AUTO PECAS LT;RODOVIARIO;1501383;28/04/2026;2;339749;28/04/2026;DESTAQUE SEUL DISTR DE VEIC PEC LTDA;2,12E+13;CARAGUATATUBA;SP;28/04/2026;05/05/2026;04/05/2026;Entregue No Prazo;;Entrega realizada;Entrega Finalizada;5;5;28;4;RISSO;26082;;;
MOBIS BRASIL FABRICACAO DE AUTO PECAS LT;RODOVIARIO;1501308;28/04/2026;1;339801;28/04/2026;PRIME VILA VELHA VEICULOS LTDA.;2,14E+13;VILA VELHA;ES;28/04/2026;06/05/2026;04/05/2026;Entregue No Prazo;;Entrega realizada;Entrega Finalizada;6;5;28;4;CAMILO;8005;;;
MOBIS BRASIL FABRICACAO DE AUTO PECAS LT;RODOVIARIO;1501314;28/04/2026;2;339783;28/04/2026;VITAL COMERCIO DE VEICULOS LTDA;1,05E+13;GOVERNADOR VALADARES;MG;28/04/2026;06/05/2026;04/05/2026;Entregue No Prazo;;Entrega realizada;Entrega Finalizada;6;5;28;4;XD BETIM;11016;;;
MOBIS BRASIL FABRICACAO DE AUTO PECAS LT;RODOVIARIO;1501320;28/04/2026;1;339778;28/04/2026;TECAR TRILHAS AUTOMOVEIS E SERVICOS LTDA;2,32E+13;DIVINOPOLIS;MG;28/04/2026;06/05/2026;04/05/2026;Entregue No Prazo;;Entrega realizada;Entrega Finalizada;6;5;28;4;XD BETIM;11039;;;
MOBIS BRASIL FABRICACAO DE AUTO PECAS LT;RODOVIARIO;1501321;28/04/2026;1;339773;28/04/2026;RITMO MOTORS LTDA;1,94E+13;PASSOS;MG;28/04/2026;06/05/2026;04/05/2026;Entregue No Prazo;;Entrega realizada;Entrega Finalizada;6;5;28;4;XD BETIM;11040;;;
MOBIS BRASIL FABRICACAO DE AUTO PECAS LT;RODOVIARIO;1501354;28/04/2026;9;339827;28/04/2026;LR COMERCIO DE VEICULOS LTDA;1,05E+13;SAO JOSE;SC;28/04/2026;06/05/2026;04/05/2026;Entregue No Prazo;;Entrega realizada;Entrega Finalizada;6;5;28;4;TRANSTRY;24007;;;
MOBIS BRASIL FABRICACAO DE AUTO PECAS LT;RODOVIARIO;1501355;28/04/2026;1;339812;28/04/2026;BARI VEICULOS LTDA;7,46E+12;BLUMENAU;SC;28/04/2026;06/05/2026;04/05/2026;Entregue No Prazo;;Entrega realizada;Entrega Finalizada;6;5;28;4;TRANSTRY;18024;;;
MOBIS BRASIL FABRICACAO DE AUTO PECAS LT;RODOVIARIO;1501356;28/04/2026;1;339812;28/04/2026;BARI VEICULOS LTDA;7,46E+12;BLUMENAU;SC;28/04/2026;06/05/2026;04/05/2026;Entregue No Prazo;;Entrega realizada;Entrega Finalizada;6;5;28;4;TRANSTRY;18024;;;
MOBIS BRASIL FABRICACAO DE AUTO PECAS LT;RODOVIARIO;1501359;28/04/2026;4;339822;28/04/2026;GAMBATTO H1 VEICULOS LTDA;1,94E+13;CHAPECO;SC;28/04/2026;06/05/2026;04/05/2026;Entregue No Prazo;;Entrega realizada;Entrega Finalizada;6;5;28;4;TRANSTRY;24018;;;
MOBIS BRASIL FABRICACAO DE AUTO PECAS LT;RODOVIARIO;1501791;28/04/2026;8;339809;28/04/2026;ATUAL VEICULOS LTDA;1,33E+13;TUBARAO;SC;28/04/2026;06/05/2026;04/05/2026;Entregue No Prazo;;Entrega realizada;Entrega Finalizada;6;5;28;4;TRANSTRY;24001;;;
MOBIS BRASIL FABRICACAO DE AUTO PECAS LT;RODOVIARIO;1501306;28/04/2026;2;339800;28/04/2026;PRIME CACHOEIRO VEICULOS LTDA EPP;9,34E+12;CACHOEIRO DE ITAPEMIRIM;ES;28/04/2026;07/05/2026;04/05/2026;Entregue No Prazo;;Entrega realizada;Entrega Finalizada;7;5;28;4;CAMILO;8003;;;
MOBIS BRASIL FABRICACAO DE AUTO PECAS LT;RODOVIARIO;1501307;28/04/2026;3;339800;28/04/2026;PRIME CACHOEIRO VEICULOS LTDA EPP;9,34E+12;CACHOEIRO DE ITAPEMIRIM;ES;28/04/2026;07/05/2026;04/05/2026;Entregue No Prazo;;Entrega realizada;Entrega Finalizada;7;5;28;4;CAMILO;8003;;;
MOBIS BRASIL FABRICACAO DE AUTO PECAS LT;RODOVIARIO;1501309;28/04/2026;1;339770;28/04/2026;NISA COMERCIAL DE VEIC. AUTOMOTORES LTDA;1,03E+13;APARECIDA DE GOIANIA;GO;28/04/2026;07/05/2026;04/05/2026;Entregue No Prazo;;Entrega realizada;Entrega Finalizada;7;5;28;4;RIO VERMELHO;9002;;;
MOBIS BRASIL FABRICACAO DE AUTO PECAS LT;RODOVIARIO;1501310;28/04/2026;13;339770;28/04/2026;NISA COMERCIAL DE VEIC. AUTOMOTORES LTDA;1,03E+13;APARECIDA DE GOIANIA;GO;28/04/2026;07/05/2026;04/05/2026;Entregue No Prazo;;Entrega realizada;Entrega Finalizada;7;5;28;4;RIO VERMELHO;9002;;;
MOBIS BRASIL FABRICACAO DE AUTO PECAS LT;RODOVIARIO;1501358;28/04/2026;1;339814;28/04/2026;BARI VEICULOS LTDA;7,46E+12;BALNEARIO CAMBORIU;SC;28/04/2026;07/05/2026;04/05/2026;Entregue No Prazo;;Entrega realizada;Entrega Finalizada;7;5;28;4;TRANSTRY;18024;;;
MOBIS BRASIL FABRICACAO DE AUTO PECAS LT;RODOVIARIO;1501324;28/04/2026;1;339802;28/04/2026;SAGA ASIA COM. DE VEIC.PC.E SERV. LTDA;2,23E+13;VARZEA GRANDE;MT;28/04/2026;08/05/2026;04/05/2026;Entregue No Prazo;;Entrega realizada;Entrega Finalizada;8;5;28;4;CARVALIMA;13004;;;
MOBIS BRASIL FABRICACAO DE AUTO PECAS LT;RODOVIARIO;1501325;28/04/2026;4;339802;28/04/2026;SAGA ASIA COM. DE VEIC.PC.E SERV. LTDA;2,23E+13;VARZEA GRANDE;MT;28/04/2026;08/05/2026;04/05/2026;Entregue No Prazo;;Entrega realizada;Entrega Finalizada;8;5;28;4;CARVALIMA;13004;;;
MOBIS BRASIL FABRICACAO DE AUTO PECAS LT;RODOVIARIO;1501328;28/04/2026;1;339795;28/04/2026;NACIONAL NOVA MARABA DIST DE VEIC. LTDA;1,70E+13;MARABA;PA;28/04/2026;13/05/2026;04/05/2026;Entregue No Prazo;;Entrega realizada;Entrega Finalizada;13;5;28;4;CARVALIMA;14005;;;
MOBIS BRASIL FABRICACAO DE AUTO PECAS LT;RODOVIARIO;1502108;29/04/2026;1;339978;29/04/2026;CAOA MOTOR DO BRASIL LTDA (ARICANDUVA);1,68E+13;SAO PAULO;SP;29/04/2026;05/05/2026;04/05/2026;Entregue No Prazo;;Entrega realizada;Entrega Finalizada;5;5;29;4;XD DIADEMA;26039;;;
MOBIS BRASIL FABRICACAO DE AUTO PECAS LT;RODOVIARIO;1502113;29/04/2026;4;339981;29/04/2026;CAOA MOTOR DO BRASIL LTDA (VL PRUDENTE);1,68E+13;SAO PAULO;SP;29/04/2026;05/05/2026;04/05/2026;Entregue No Prazo;;Entrega realizada;Entrega Finalizada;5;5;29;4;XD DIADEMA;26051;;;
MOBIS BRASIL FABRICACAO DE AUTO PECAS LT;RODOVIARIO;1502066;29/04/2026;1;340029;29/04/2026;SEVEC VEICULOS LTDA;5,68E+11;CURITIBA;PR;29/04/2026;05/05/2026;04/05/2026;Entregue No Prazo;;Entrega realizada;Entrega Finalizada;5;5;29;4;TRANSTRY;18012;;;
MOBIS BRASIL FABRICACAO DE AUTO PECAS LT;RODOVIARIO;1502067;29/04/2026;2;340014;29/04/2026;BARI VEICULOS LTDA;7,46E+12;CURITIBA;PR;29/04/2026;05/05/2026;04/05/2026;Entregue No Prazo;;Entrega realizada;Entrega Finalizada;5;5;29;4;TRANSTRY;18024;;;
MOBIS BRASIL FABRICACAO DE AUTO PECAS LT;RODOVIARIO;1502099;29/04/2026;1;339963;29/04/2026;DHC COMERCIO DE VEICULOS E PECAS LTDA;9,52E+12;BAURU;SP;29/04/2026;05/05/2026;04/05/2026;Entregue No Prazo;;Entrega realizada;Entrega Finalizada;5;5;29;4;RISSO;26010;;;
MOBIS BRASIL FABRICACAO DE AUTO PECAS LT;RODOVIARIO;1502100;29/04/2026;13;339963;29/04/2026;DHC COMERCIO DE VEICULOS E PECAS LTDA;9,52E+12;BAURU;SP;29/04/2026;05/05/2026;04/05/2026;Entregue No Prazo;;Entrega realizada;Entrega Finalizada;5;5;29;4;RISSO;26010;;;
MOBIS BRASIL FABRICACAO DE AUTO PECAS LT;RODOVIARIO;1502103;29/04/2026;5;339968;29/04/2026;NEW VEICULOS E PECAS LTDA;1,59E+13;RIBEIRAO PRETO;SP;29/04/2026;05/05/2026;04/05/2026;Entregue No Prazo;;Entrega realizada;Entrega Finalizada;5;5;29;4;RISSO;26014;;;
MOBIS BRASIL FABRICACAO DE AUTO PECAS LT;RODOVIARIO;1502109;29/04/2026;3;339972;29/04/2026;ANDRETA II DISTRIB.DE VEICULOS LTDA.;9,10E+12;JUNDIAI;SP;29/04/2026;05/05/2026;04/05/2026;Entregue No Prazo;;Entrega realizada;Entrega Finalizada;5;5;29;4;XD DIADEMA;26040;;;
MOBIS BRASIL FABRICACAO DE AUTO PECAS LT;RODOVIARIO;1502116;29/04/2026;1;339976;29/04/2026;CAOA MOTOR DO BRASIL LTDA;1,68E+13;TAUBATE;SP;29/04/2026;05/05/2026;04/05/2026;Entregue No Prazo;;Entrega realizada;Entrega Finalizada;5;5;29;4;XD DIADEMA;5008;;;
MOBIS BRASIL FABRICACAO DE AUTO PECAS LT;RODOVIARIO;1502578;29/04/2026;1;340288;29/04/2026;SEVEC VEICULOS LTDA;5,68E+11;CURITIBA;PR;29/04/2026;05/05/2026;04/05/2026;Entregue No Prazo;;Entrega realizada;Entrega Finalizada;5;5;29;4;TRANSTRY;18012;;;
MOBIS BRASIL FABRICACAO DE AUTO PECAS LT;RODOVIARIO;1502582;29/04/2026;8;340274;29/04/2026;BARI VEICULOS LTDA;7,46E+12;CURITIBA;PR;29/04/2026;05/05/2026;04/05/2026;Entregue No Prazo;;Entrega realizada;Entrega Finalizada;5;5;29;4;TRANSTRY;18024;;;
MOBIS BRASIL FABRICACAO DE AUTO PECAS LT;RODOVIARIO;1502615;29/04/2026;1;340236;29/04/2026;CAOA MOTOR DO BRASIL LTDA;1,68E+13;SAO CARLOS;SP;29/04/2026;05/05/2026;04/05/2026;Entregue No Prazo;;Entrega realizada;Entrega Finalizada;5;5;29;4;RISSO;5008;;;
MOBIS BRASIL FABRICACAO DE AUTO PECAS LT;RODOVIARIO;1502062;29/04/2026;51;340025;29/04/2026;LOVAT VEICULOS S/A;8,57E+12;LONDRINA;PR;29/04/2026;07/05/2026;04/05/2026;Entregue No Prazo;;Entrega realizada;Entrega Finalizada;7;5;29;4;TRANSTRY;18008;;;
MOBIS BRASIL FABRICACAO DE AUTO PECAS LT;RODOVIARIO;1502092;29/04/2026;2;340016;29/04/2026;BARI VEICULOS LTDA.;7,46E+12;JOINVILLE;SC;29/04/2026;07/05/2026;04/05/2026;Entregue No Prazo;;Entrega realizada;Entrega Finalizada;7;5;29;4;TRANSTRY;24013;;;
MOBIS BRASIL FABRICACAO DE AUTO PECAS LT;RODOVIARIO;1502117;29/04/2026;5;339969;29/04/2026;NEW VEICULOS E PECAS LTDA.;1,59E+13;ARARAQUARA;SP;29/04/2026;07/05/2026;04/05/2026;Entregue No Prazo;;Entrega realizada;Entrega Finalizada;7;5;29;4;RISSO;26071;;;
MOBIS BRASIL FABRICACAO DE AUTO PECAS LT;RODOVIARIO;1502121;29/04/2026;1;339962;29/04/2026;DESTAQUE SEUL DISTR DE VEIC PEC LTDA;2,12E+13;CARAGUATATUBA;SP;29/04/2026;07/05/2026;04/05/2026;Entregue No Prazo;;Entrega realizada;Entrega Finalizada;7;5;29;4;RISSO;26082;;;
MOBIS BRASIL FABRICACAO DE AUTO PECAS LT;RODOVIARIO;1502128;29/04/2026;1;339970;29/04/2026;VIME SAO JOAO COM. DE VEIC. E PECAS LTDA;5,10E+13;SAO JOAO DA BOA VISTA;SP;29/04/2026;07/05/2026;04/05/2026;Entregue No Prazo;;Entrega realizada;Entrega Finalizada;7;5;29;4;RISSO;26107;;;
MOBIS BRASIL FABRICACAO DE AUTO PECAS LT;RODOVIARIO;1502418;29/04/2026;12;340015;29/04/2026;BARI VEICULOS LTDA;7,46E+12;PONTA GROSSA;PR;29/04/2026;07/05/2026;04/05/2026;Entregue No Prazo;;Entrega realizada;Entrega Finalizada;7;5;29;4;TRANSTRY;18024;;;
MOBIS BRASIL FABRICACAO DE AUTO PECAS LT;RODOVIARIO;1502579;29/04/2026;3;340289;29/04/2026;VETOR AUTOMOVEIS LTDA;2,12E+13;CASCAVEL;PR;29/04/2026;07/05/2026;04/05/2026;Entregue No Prazo;;Entrega realizada;Entrega Finalizada;7;5;29;4;TRANSTRY;18019;;;
MOBIS BRASIL FABRICACAO DE AUTO PECAS LT;RODOVIARIO;1502580;29/04/2026;1;340275;29/04/2026;BARI VEICULOS LTDA;7,46E+12;GUARAPUAVA;PR;29/04/2026;07/05/2026;04/05/2026;Entregue No Prazo;;Entrega realizada;Entrega Finalizada;7;5;29;4;TRANSTRY;18024;;;
MOBIS BRASIL FABRICACAO DE AUTO PECAS LT;RODOVIARIO;1502581;29/04/2026;3;340276;29/04/2026;BARI VEICULOS LTDA;7,46E+12;PONTA GROSSA;PR;29/04/2026;07/05/2026;04/05/2026;Entregue No Prazo;;Entrega realizada;Entrega Finalizada;7;5;29;4;TRANSTRY;18024;;;
MOBIS BRASIL FABRICACAO DE AUTO PECAS LT;RODOVIARIO;1502591;29/04/2026;30;340276;29/04/2026;BARI VEICULOS LTDA;7,46E+12;PONTA GROSSA;PR;29/04/2026;07/05/2026;04/05/2026;Entregue No Prazo;;Entrega realizada;Entrega Finalizada;7;5;29;4;TRANSTRY;18024;;;
MOBIS BRASIL FABRICACAO DE AUTO PECAS LT;RODOVIARIO;1502596;29/04/2026;13;340284;29/04/2026;LOVAT VEICULOS S/A;8,57E+12;LONDRINA;PR;29/04/2026;07/05/2026;04/05/2026;Entregue No Prazo;;Entrega realizada;Entrega Finalizada;7;5;29;4;TRANSTRY;18008;;;
MOBIS BRASIL FABRICACAO DE AUTO PECAS LT;RODOVIARIO;1502602;29/04/2026;1;340277;29/04/2026;BARI VEICULOS LTDA.;7,46E+12;JOINVILLE;SC;29/04/2026;07/05/2026;04/05/2026;Entregue No Prazo;;Entrega realizada;Entrega Finalizada;7;5;29;4;TRANSTRY;24013;;;
MOBIS BRASIL FABRICACAO DE AUTO PECAS LT;RODOVIARIO;1502613;29/04/2026;8;340240;29/04/2026;H R B COMERCIO DE VEICULOS LTDA;1,82E+13;SAO JOSE DO RIO PRETO;SP;29/04/2026;07/05/2026;04/05/2026;Entregue No Prazo;;Entrega realizada;Entrega Finalizada;7;5;29;4;RISSO;26050;;;
MOBIS BRASIL FABRICACAO DE AUTO PECAS LT;RODOVIARIO;1502064;29/04/2026;1;340028;29/04/2026;SANTA FE VEICULOS LTDA.;1,16E+13;FRANCISCO BELTRAO;PR;29/04/2026;07/05/2026;04/05/2026;Entregue No Prazo;;Entrega realizada;Entrega Finalizada;7;5;29;4;TRANSTRY;18010;;;
MOBIS BRASIL FABRICACAO DE AUTO PECAS LT;RODOVIARIO;1502065;29/04/2026;30;340028;29/04/2026;SANTA FE VEICULOS LTDA.;1,16E+13;FRANCISCO BELTRAO;PR;29/04/2026;07/05/2026;04/05/2026;Entregue No Prazo;;Entrega realizada;Entrega Finalizada;7;5;29;4;TRANSTRY;18010;;;
MOBIS BRASIL FABRICACAO DE AUTO PECAS LT;RODOVIARIO;1502090;29/04/2026;5;340027;29/04/2026;LR COMERCIO DE VEICULOS LTDA;1,05E+13;SAO JOSE;SC;29/04/2026;07/05/2026;04/05/2026;Entregue No Prazo;;Entrega realizada;Entrega Finalizada;7;5;29;4;TRANSTRY;24007;;;
MOBIS BRASIL FABRICACAO DE AUTO PECAS LT;RODOVIARIO;1502577;29/04/2026;1;340287;29/04/2026;SANTA FE VEICULOS LTDA.;1,16E+13;FRANCISCO BELTRAO;PR;29/04/2026;07/05/2026;04/05/2026;Entregue No Prazo;;Entrega realizada;Entrega Finalizada;7;5;29;4;TRANSTRY;18010;;;
MOBIS BRASIL FABRICACAO DE AUTO PECAS LT;RODOVIARIO;1502123;29/04/2026;2;340294;30/04/2026;GRANDAY AUTOMOTORES LTDA (CHAC. CALIFOR);1,57E+13;SAO PAULO;SP;30/04/2026;06/05/2026;04/05/2026;Entregue No Prazo;;Entrega realizada;Entrega Finalizada;6;5;30;4;BV LOG;26090;;;
MOBIS BRASIL FABRICACAO DE AUTO PECAS LT;RODOVIARIO;1502124;29/04/2026;16;340294;30/04/2026;GRANDAY AUTOMOTORES LTDA (CHAC. CALIFOR);1,57E+13;SAO PAULO;SP;30/04/2026;06/05/2026;04/05/2026;Entregue No Prazo;;Entrega realizada;Entrega Finalizada;6;5;30;4;BV LOG;26090;;;
MOBIS BRASIL FABRICACAO DE AUTO PECAS LT;RODOVIARIO;1502619;29/04/2026;9;340298;30/04/2026;GRANDAY AUTOMOTORES LTDA (CHAC. CALIFOR);1,57E+13;SAO PAULO;SP;30/04/2026;06/05/2026;04/05/2026;Entregue No Prazo;;Entrega realizada;Entrega Finalizada;6;5;30;4;BV LOG;26090;;;
MOBIS BRASIL FABRICACAO DE AUTO PECAS LT;RODOVIARIO;1502605;29/04/2026;4;340310;30/04/2026;NOBRE DISTRIBUIDORA DE VEICULOS E PECAS;5,76E+12;MOGI DAS CRUZES;SP;30/04/2026;06/05/2026;04/05/2026;Entregue No Prazo;;Entrega realizada;Entrega Finalizada;6;5;30;4;XD DIADEMA;26004;;;
MOBIS BRASIL FABRICACAO DE AUTO PECAS LT;RODOVIARIO;1502606;29/04/2026;2;340308;30/04/2026;GRAND SPORT COM. DE VEIC. E PECAS LTDA;8,58E+12;GUARULHOS;SP;30/04/2026;06/05/2026;04/05/2026;Entregue No Prazo;;Entrega realizada;Entrega Finalizada;6;5;30;4;XD DIADEMA;26005;;;
MOBIS BRASIL FABRICACAO DE AUTO PECAS LT;RODOVIARIO;1502614;29/04/2026;11;340304;30/04/2026;CAOA MOTOR DO BRASIL LTDA (VL PRUDENTE);1,68E+13;SAO PAULO;SP;30/04/2026;06/05/2026;04/05/2026;Entregue No Prazo;;Entrega realizada;Entrega Finalizada;6;5;30;4;XD DIADEMA;26051;;;
MOBIS BRASIL FABRICACAO DE AUTO PECAS LT;RODOVIARIO;1502617;29/04/2026;1;340301;30/04/2026;BILLY DISTRIBUIDORA DE VEICULOS LTDA;1,34E+13;SAO PAULO;SP;30/04/2026;06/05/2026;04/05/2026;Entregue No Prazo;;Entrega realizada;Entrega Finalizada;6;5;30;4;XD DIADEMA;26003;;;
MOBIS BRASIL FABRICACAO DE AUTO PECAS LT;RODOVIARIO;1502620;29/04/2026;2;340303;30/04/2026;CAOA MOTOR DO BRASIL LTDA (INDIANOPOLIS);1,68E+13;SAO PAULO;SP;30/04/2026;06/05/2026;04/05/2026;Entregue No Prazo;;Entrega realizada;Entrega Finalizada;6;5;30;4;XD DIADEMA;26091;;;
MOBIS BRASIL FABRICACAO DE AUTO PECAS LT;RODOVIARIO;1502622;29/04/2026;3;340309;30/04/2026;NOBRE DISTRIBUIDORA DE VEIC. E PEC. LTDA;5,76E+12;SUZANO;SP;30/04/2026;06/05/2026;04/05/2026;Entregue No Prazo;;Entrega realizada;Entrega Finalizada;6;5;30;4;XD DIADEMA;26103;;;
MOBIS BRASIL FABRICACAO DE AUTO PECAS LT;RODOVIARIO;1502623;29/04/2026;3;340305;30/04/2026;CHS MOTORS VEICULOS PECAS E SERV.  LTDA;1,69E+13;SAO PAULO;SP;30/04/2026;06/05/2026;04/05/2026;Entregue No Prazo;;Entrega realizada;Entrega Finalizada;6;5;30;4;XD DIADEMA;26108;;;
MOBIS BRASIL FABRICACAO DE AUTO PECAS LT;RODOVIARIO;1502608;29/04/2026;4;340299;30/04/2026;ANDRETA II DISTRIBUIDORA DE VEIC. LTDA;9,10E+12;CAMPINAS;SP;30/04/2026;07/05/2026;04/05/2026;Entregue No Prazo;;Entrega realizada;Entrega Finalizada;7;5;30;4;XD DIADEMA;26011;;;
MOBIS BRASIL FABRICACAO DE AUTO PECAS LT;RODOVIARIO;1502609;29/04/2026;24;340299;30/04/2026;ANDRETA II DISTRIBUIDORA DE VEIC. LTDA;9,10E+12;CAMPINAS;SP;30/04/2026;07/05/2026;04/05/2026;Entregue No Prazo;;Entrega realizada;Entrega Finalizada;7;5;30;4;XD DIADEMA;26011;;;
MOBIS BRASIL FABRICACAO DE AUTO PECAS LT;RODOVIARIO;1502616;29/04/2026;12;340306;30/04/2026;DESTAQUE SEUL DISTR. DE VEIC. E PC. LTDA;2,12E+13;ATIBAIA;SP;30/04/2026;07/05/2026;04/05/2026;Entregue No Prazo;;Entrega realizada;Entrega Finalizada;7;5;30;4;XD DIADEMA;26075;;;
MOBIS BRASIL FABRICACAO DE AUTO PECAS LT;RODOVIARIO;1503336;30/04/2026;1;340558;30/04/2026;GOLDEN MOTORS VEICULOS LTDA;3,62E+12;DOURADOS;MS;30/04/2026;12/05/2026;04/05/2026;Entregue No Prazo;;Entrega realizada;Entrega Finalizada;12;5;30;4;CARVALIMA;12001;;;
MOBIS BRASIL FABRICACAO DE AUTO PECAS LT; RODOVIARIO;1503398;30/04/2026;3;340584;04/05/2026;BILLY DISTRIBUIDORA DE VEICULOS LTDA;1,34E+13;SAO CAETANO DO SUL;SP;04/05/2026;07/05/2026;04/05/2026;Entregue No Prazo;;Entrega realizada;Entrega Finalizada;7;5;4;5;BV LOG;26003;;;
MOBIS BRASIL FABRICACAO DE AUTO PECAS LT; RODOVIARIO;1503399;30/04/2026;139;340584;04/05/2026;BILLY DISTRIBUIDORA DE VEICULOS LTDA;1,34E+13;SAO CAETANO DO SUL;SP;04/05/2026;07/05/2026;04/05/2026;Entregue No Prazo;;Entrega realizada;Entrega Finalizada;7;5;4;5;BV LOG;26003;;;
MOBIS BRASIL FABRICACAO DE AUTO PECAS LT; RODOVIARIO;1503409;30/04/2026;5;340585;04/05/2026;GRANDAY AUTOMOTORES LTDA (CHAC. CALIFOR);1,57E+13;SAO PAULO;SP;04/05/2026;07/05/2026;04/05/2026;Entregue No Prazo;;Entrega realizada;Entrega Finalizada;7;5;4;5;BV LOG;26090;;;
MOBIS BRASIL FABRICACAO DE AUTO PECAS LT;RODOVIARIO;1495913;17/04/2026;1;338343;17/04/2026;MASTER COMERCIAL DE VEICULOS LTDA;2,85E+13;JACOBINA;BA;17/04/2026;05/05/2026;05/05/2026;Entregue No Prazo;;Entrega realizada;Entrega Finalizada;5;5;17;4;TERMACO;5013;;;
MOBIS BRASIL FABRICACAO DE AUTO PECAS LT;RODOVIARIO;1496765;20/04/2026;1;338603;20/04/2026;MASTER COMERCIAL DE VEICULOS LTDA;2,85E+13;JACOBINA;BA;20/04/2026;05/05/2026;05/05/2026;Entregue No Prazo;;Entrega realizada;Entrega Finalizada;5;5;20;4;TERMACO;5013;;;
MOBIS BRASIL FABRICACAO DE AUTO PECAS LT;RODOVIARIO;1496766;20/04/2026;6;338619;20/04/2026;VIA NORTE COM. E IMPORT. DE VEIC. LTDA;1,25E+13;SOBRAL;CE;20/04/2026;06/05/2026;05/05/2026;Entregue No Prazo;;Entrega realizada;Entrega Finalizada;6;5;20;4;TERMACO;6002;;;
MOBIS BRASIL FABRICACAO DE AUTO PECAS LT;RODOVIARIO;1497734;21/04/2026;3;338779;22/04/2026;PATEO COMERCIO DE VEICULOS S A;7,78E+12;JOAO PESSOA;PB;22/04/2026;07/05/2026;05/05/2026;Entregue No Prazo;;Entrega realizada;Entrega Finalizada;7;5;22;4;TERMACO;15003;;;
MOBIS BRASIL FABRICACAO DE AUTO PECAS LT;RODOVIARIO;1497733;21/04/2026;1;338762;22/04/2026;CAOA MOTOR DO BRASIL LTDA;1,68E+13;CAMPINA GRANDE;PB;22/04/2026;08/05/2026;05/05/2026;Entregue No Prazo;;Entrega realizada;Entrega Finalizada;8;5;22;4;TERMACO;5008;;;
MOBIS BRASIL FABRICACAO DE AUTO PECAS LT;RODOVIARIO;1497735;21/04/2026;2;338773;22/04/2026;JPN PATOS COMERCIO DE VEICULOS LTDA;4,20E+13;PATOS;PB;22/04/2026;08/05/2026;05/05/2026;Entregue No Prazo;;Entrega realizada;Entrega Finalizada;8;5;22;4;TERMACO;15004;;;
MOBIS BRASIL FABRICACAO DE AUTO PECAS LT;RODOVIARIO;1497737;21/04/2026;3;338772;22/04/2026;JPN COMERCIO DE AUTOMOVEIS LTDA;2,61E+13;GARANHUNS;PE;22/04/2026;08/05/2026;05/05/2026;Entregue No Prazo;;Entrega realizada;Entrega Finalizada;8;5;22;4;TERMACO;16009;;;
MOBIS BRASIL FABRICACAO DE AUTO PECAS LT;RODOVIARIO;1499281;23/04/2026;1;339126;23/04/2026;AIKON VEICULOS LTDA;1,17E+13;VITORIA DA CONQUISTA;BA;23/04/2026;08/05/2026;05/05/2026;Entregue No Prazo;;Entrega realizada;Entrega Finalizada;8;5;23;4;TERMACO;5002;;;
MOBIS BRASIL FABRICACAO DE AUTO PECAS LT;RODOVIARIO;1499795;24/04/2026;1;339338;24/04/2026;PATEO COMERCIO DE VEICULOS S A;7,78E+12;JOAO PESSOA;PB;24/04/2026;12/05/2026;05/05/2026;Entregue No Prazo;;Entrega realizada;Entrega Finalizada;12;5;24;4;TERMACO;15003;;;
MOBIS BRASIL FABRICACAO DE AUTO PECAS LT;RODOVIARIO;1499796;24/04/2026;34;339338;24/04/2026;PATEO COMERCIO DE VEICULOS S A;7,78E+12;JOAO PESSOA;PB;24/04/2026;12/05/2026;05/05/2026;Entregue No Prazo;;Entrega realizada;Entrega Finalizada;12;5;24;4;TERMACO;15003;;;
MOBIS BRASIL FABRICACAO DE AUTO PECAS LT;RODOVIARIO;1499798;24/04/2026;2;339337;24/04/2026;PATEO COMERCIO DE VEICULOS S A;7,78E+12;RECIFE;PE;24/04/2026;12/05/2026;05/05/2026;Entregue No Prazo;;Entrega realizada;Entrega Finalizada;12;5;24;4;TERMACO;16004;;;
MOBIS BRASIL FABRICACAO DE AUTO PECAS LT;RODOVIARIO;1499797;24/04/2026;1;339333;24/04/2026;JPN PATOS COMERCIO DE VEICULOS LTDA;4,20E+13;PATOS;PB;24/04/2026;13/05/2026;05/05/2026;Entregue No Prazo;;Entrega realizada;Entrega Finalizada;13;5;24;4;TERMACO;15004;;;
MOBIS BRASIL FABRICACAO DE AUTO PECAS LT;RODOVIARIO;1500453;27/04/2026;1;339551;27/04/2026;CAOA MOTOR DO BRASIL LTDA;1,68E+13;RIO DE JANEIRO;RJ;27/04/2026;05/05/2026;05/05/2026;Entregue No Prazo;;Entrega realizada;Entrega Finalizada;5;5;27;4;CAMILO;5008;;;
MOBIS BRASIL FABRICACAO DE AUTO PECAS LT;RODOVIARIO;1500411;27/04/2026;1;339577;27/04/2026;TAI MOTORS VEICULOS S/A;9,27E+12;VITORIA;ES;27/04/2026;05/05/2026;05/05/2026;Entregue No Prazo;;Entrega realizada;Entrega Finalizada;5;5;27;4;CAMILO;8002;;;
MOBIS BRASIL FABRICACAO DE AUTO PECAS LT;RODOVIARIO;1500457;27/04/2026;1;339563;27/04/2026;MONTREAL VEICULOS E PECAS LTDA;1,68E+13;SAO PEDRO DA ALDEIA;RJ;27/04/2026;05/05/2026;05/05/2026;Entregue No Prazo;;Entrega realizada;Entrega Finalizada;5;5;27;4;CAMILO;19030;;;
MOBIS BRASIL FABRICACAO DE AUTO PECAS LT;RODOVIARIO;1500466;27/04/2026;7;339585;27/04/2026;ATUAL VEICULOS LTDA;1,33E+13;CRICIUMA;SC;27/04/2026;05/05/2026;05/05/2026;Entregue No Prazo;;Entrega realizada;Entrega Finalizada;5;5;27;4;TRANSTRY;24001;;;
MOBIS BRASIL FABRICACAO DE AUTO PECAS LT;RODOVIARIO;1501011;27/04/2026;2;339585;27/04/2026;ATUAL VEICULOS LTDA;1,33E+13;CRICIUMA;SC;27/04/2026;05/05/2026;05/05/2026;Entregue No Prazo;;Entrega realizada;Entrega Finalizada;5;5;27;4;TRANSTRY;24001;;;
MOBIS BRASIL FABRICACAO DE AUTO PECAS LT;RODOVIARIO;1500414;27/04/2026;1;339528;27/04/2026;SAGA KOREA COM. DE VEIC. E PC. LTDA;1,27E+13;GOIANIA;GO;27/04/2026;06/05/2026;05/05/2026;Entregue No Prazo;;Entrega realizada;Entrega Finalizada;6;5;27;4;RIO VERMELHO;9011;;;
MOBIS BRASIL FABRICACAO DE AUTO PECAS LT;RODOVIARIO;1500415;27/04/2026;5;339528;27/04/2026;SAGA KOREA COM. DE VEIC. E PC. LTDA;1,27E+13;GOIANIA;GO;27/04/2026;06/05/2026;05/05/2026;Entregue No Prazo;;Entrega realizada;Entrega Finalizada;6;5;27;4;RIO VERMELHO;9011;;;
MOBIS BRASIL FABRICACAO DE AUTO PECAS LT;RODOVIARIO;1500499;27/04/2026;1;339525;27/04/2026;PRIVILLEGE DISTRIBUIDORA DE VEICULOS LTD;1,72E+13;PALMAS;TO;27/04/2026;07/05/2026;05/05/2026;Entregue No Prazo;;Entrega realizada;Entrega Finalizada;7;5;27;4;RIO VERMELHO;27003;;;
MOBIS BRASIL FABRICACAO DE AUTO PECAS LT;RODOVIARIO;1501032;27/04/2026;1;339525;27/04/2026;PRIVILLEGE DISTRIBUIDORA DE VEICULOS LTD;1,72E+13;PALMAS;TO;27/04/2026;07/05/2026;05/05/2026;Entregue No Prazo;;Entrega realizada;Entrega Finalizada;7;5;27;4;RIO VERMELHO;27003;;;
MOBIS BRASIL FABRICACAO DE AUTO PECAS LT;RODOVIARIO;1500402;27/04/2026;3;339557;27/04/2026;FAZZA MOTORS COMERCIO DE VEICULOS LTDA;1,24E+13;SALVADOR;BA;27/04/2026;08/05/2026;05/05/2026;Entregue No Prazo;;Entrega realizada;Entrega Finalizada;8;5;27;4;TERMACO;5007;;;
MOBIS BRASIL FABRICACAO DE AUTO PECAS LT;RODOVIARIO;1500437;27/04/2026;1;339559;27/04/2026;GRANDE COREIA COMERCIO DE VEICULOS LTDA;2,66E+13;CASTANHAL;PA;27/04/2026;11/05/2026;05/05/2026;Entregue No Prazo;;Entrega realizada;Entrega Finalizada;11;5;27;4;CARVALIMA;14007;;;
MOBIS BRASIL FABRICACAO DE AUTO PECAS LT;RODOVIARIO;1500398;27/04/2026;1;339556;27/04/2026;CYCOSA AUTOMOVEIS LTDA;4,76E+12;MACEIO;AL;27/04/2026;12/05/2026;05/05/2026;Entregue No Prazo;;Entrega realizada;Entrega Finalizada;12;5;27;4;TERMACO;2001;;;
MOBIS BRASIL FABRICACAO DE AUTO PECAS LT;RODOVIARIO;1500405;27/04/2026;2;339550;27/04/2026;CAOA MOTOR DO BRASIL LTDA;1,68E+13;FORTALEZA;CE;27/04/2026;12/05/2026;05/05/2026;Entregue No Prazo;;Entrega realizada;Entrega Finalizada;12;5;27;4;TERMACO;5008;;;
MOBIS BRASIL FABRICACAO DE AUTO PECAS LT;RODOVIARIO;1500441;27/04/2026;1;339568;27/04/2026;PATEO COMERCIO DE VEICULOS S A;7,78E+12;RECIFE;PE;27/04/2026;13/05/2026;05/05/2026;Entregue No Prazo;;Entrega realizada;Entrega Finalizada;13;5;27;4;TERMACO;16004;;;
MOBIS BRASIL FABRICACAO DE AUTO PECAS LT;RODOVIARIO;1500458;27/04/2026;2;339575;27/04/2026;SAINT LAND COMERCIO DE VEICULOS LTDA;1,04E+13;NATAL;RN;27/04/2026;13/05/2026;05/05/2026;Entregue No Prazo;;Entrega realizada;Entrega Finalizada;13;5;27;4;TERMACO;6010;;;
MOBIS BRASIL FABRICACAO DE AUTO PECAS LT;RODOVIARIO;1500404;27/04/2026;4;339582;27/04/2026;VIA NORTE COM. E IMPORT. DE VEIC. LTDA;1,25E+13;SOBRAL;CE;27/04/2026;14/05/2026;05/05/2026;Entregue No Prazo;;Entrega realizada;Entrega Finalizada;14;5;27;4;TERMACO;6002;;;
MOBIS BRASIL FABRICACAO DE AUTO PECAS LT;RODOVIARIO;1500438;27/04/2026;3;339554;27/04/2026;CAOA MOTOR DO BRASIL LTDA;1,68E+13;CAMPINA GRANDE;PB;27/04/2026;14/05/2026;05/05/2026;Entregue No Prazo;;Entrega realizada;Entrega Finalizada;14;5;27;4;TERMACO;5008;;;
MOBIS BRASIL FABRICACAO DE AUTO PECAS LT;RODOVIARIO;1501001;27/04/2026;1;339554;27/04/2026;CAOA MOTOR DO BRASIL LTDA;1,68E+13;CAMPINA GRANDE;PB;27/04/2026;14/05/2026;05/05/2026;Entregue No Prazo;;Entrega realizada;Entrega Finalizada;14;5;27;4;TERMACO;5008;;;
MOBIS BRASIL FABRICACAO DE AUTO PECAS LT;RODOVIARIO;1501336;28/04/2026;1;339830;28/04/2026;VETOR AUTOMOVEIS LTDA;2,12E+13;FOZ DO IGUACU;PR;28/04/2026;06/05/2026;05/05/2026;Entregue No Prazo;;Entrega realizada;Entrega Finalizada;6;5;28;4;TRANSTRY;18019;;;
MOBIS BRASIL FABRICACAO DE AUTO PECAS LT;RODOVIARIO;1501353;28/04/2026;7;339810;28/04/2026;ATUAL VEICULOS LTDA;1,33E+13;CRICIUMA;SC;28/04/2026;06/05/2026;05/05/2026;Entregue No Prazo;;Entrega realizada;Entrega Finalizada;6;5;28;4;TRANSTRY;24001;;;
MOBIS BRASIL FABRICACAO DE AUTO PECAS LT;RODOVIARIO;1501302;28/04/2026;56;339776;28/04/2026;SMAFF IMPORT VEICULOS LTDA;8,18E+12;BRASILIA;DF;28/04/2026;07/05/2026;05/05/2026;Entregue No Prazo;;Entrega realizada;Entrega Finalizada;7;5;28;4;RIO VERMELHO;7002;;;
MOBIS BRASIL FABRICACAO DE AUTO PECAS LT;RODOVIARIO;1501303;28/04/2026;4;339774;28/04/2026;SAGA KOREA COM. DE VEIC. E PC. LTDA;1,27E+13;BRASILIA;DF;28/04/2026;07/05/2026;05/05/2026;Entregue No Prazo;;Entrega realizada;Entrega Finalizada;7;5;28;4;RIO VERMELHO;7004;;;
MOBIS BRASIL FABRICACAO DE AUTO PECAS LT;RODOVIARIO;1501304;28/04/2026;1;339775;28/04/2026;SAGA KOREA COM. DE VEIC. E PC. LTDA;1,27E+13;BRASILIA;DF;28/04/2026;07/05/2026;05/05/2026;Entregue No Prazo;;Entrega realizada;Entrega Finalizada;7;5;28;4;RIO VERMELHO;7005;;;
MOBIS BRASIL FABRICACAO DE AUTO PECAS LT;RODOVIARIO;1501305;28/04/2026;42;339775;28/04/2026;SAGA KOREA COM. DE VEIC. E PC. LTDA;1,27E+13;BRASILIA;DF;28/04/2026;07/05/2026;05/05/2026;Entregue No Prazo;;Entrega realizada;Entrega Finalizada;7;5;28;4;RIO VERMELHO;7005;;;
MOBIS BRASIL FABRICACAO DE AUTO PECAS LT;RODOVIARIO;1501349;28/04/2026;1;339823;28/04/2026;HOUSE PARTS - COM. DE PECAS E VEIC. LTDA;1,15E+13;SANTA MARIA;RS;28/04/2026;07/05/2026;05/05/2026;Entregue No Prazo;;Entrega realizada;Entrega Finalizada;7;5;28;4;TRANSTRY;23008;;;
MOBIS BRASIL FABRICACAO DE AUTO PECAS LT;RODOVIARIO;1501360;28/04/2026;4;339818;28/04/2026;CHINHAN AUTOMOVEIS LTDA;2,41E+13;CONCORDIA;SC;28/04/2026;07/05/2026;05/05/2026;Entregue No Prazo;;Entrega realizada;Entrega Finalizada;7;5;28;4;TRANSTRY;23019;;;
MOBIS BRASIL FABRICACAO DE AUTO PECAS LT;RODOVIARIO;1502044;29/04/2026;25;340004;29/04/2026;TAI MOTORS VEICULOS S/A;9,27E+12;BELO HORIZONTE;MG;29/04/2026;05/05/2026;05/05/2026;Entregue No Prazo;;Entrega realizada;Entrega Finalizada;5;5;29;4;XD BETIM;8002;;;
MOBIS BRASIL FABRICACAO DE AUTO PECAS LT;RODOVIARIO;1502045;29/04/2026;30;339983;29/04/2026;CARBEL KOREA VEICULOS LTDA;2,07E+13;BELO HORIZONTE;MG;29/04/2026;05/05/2026;05/05/2026;Entregue No Prazo;;Entrega realizada;Entrega Finalizada;5;5;29;4;XD BETIM;11021;;;
MOBIS BRASIL FABRICACAO DE AUTO PECAS LT;RODOVIARIO;1502047;29/04/2026;34;339974;29/04/2026;BDG AUTOVILLE VEICULOS LTDA;4,77E+13;CONTAGEM;MG;29/04/2026;05/05/2026;05/05/2026;Entregue No Prazo;;Entrega realizada;Entrega Finalizada;5;5;29;4;XD BETIM;11037;;;
MOBIS BRASIL FABRICACAO DE AUTO PECAS LT;RODOVIARIO;1502041;29/04/2026;3;340009;29/04/2026;URCA MOTORS VEICULOS LTDA;8,77E+12;UBERLANDIA;MG;29/04/2026;07/05/2026;05/05/2026;Entregue No Prazo;;Entrega realizada;Entrega Finalizada;7;5;29;4;XD BETIM;9014;;;
MOBIS BRASIL FABRICACAO DE AUTO PECAS LT;RODOVIARIO;1502069;29/04/2026;1;340039;29/04/2026;ITAVEMA MOTORS VEICULOS LTDA;7,73E+12;RIO DE JANEIRO;RJ;29/04/2026;07/05/2026;05/05/2026;Entregue No Prazo;;Entrega realizada;Entrega Finalizada;7;5;29;4;CAMILO;19001;;;
MOBIS BRASIL FABRICACAO DE AUTO PECAS LT;RODOVIARIO;1502070;29/04/2026;4;340039;29/04/2026;ITAVEMA MOTORS VEICULOS LTDA;7,73E+12;RIO DE JANEIRO;RJ;29/04/2026;07/05/2026;05/05/2026;Entregue No Prazo;;Entrega realizada;Entrega Finalizada;7;5;29;4;CAMILO;19001;;;
MOBIS BRASIL FABRICACAO DE AUTO PECAS LT;RODOVIARIO;1502081;29/04/2026;2;340024;29/04/2026;HOUSE PARTS-COM. DE PCS. E VEICULOS LTDA;1,15E+13;PORTO ALEGRE;RS;29/04/2026;07/05/2026;05/05/2026;Entregue No Prazo;;Entrega realizada;Entrega Finalizada;7;5;29;4;TRANSTRY;23004;;;
MOBIS BRASIL FABRICACAO DE AUTO PECAS LT;RODOVIARIO;1502082;29/04/2026;3;340024;29/04/2026;HOUSE PARTS-COM. DE PCS. E VEICULOS LTDA;1,15E+13;PORTO ALEGRE;RS;29/04/2026;07/05/2026;05/05/2026;Entregue No Prazo;;Entrega realizada;Entrega Finalizada;7;5;29;4;TRANSTRY;23004;;;
MOBIS BRASIL FABRICACAO DE AUTO PECAS LT;RODOVIARIO;1502094;29/04/2026;1;339967;29/04/2026;HYMAX DISTRIBUIDORA DE VEICULOS LTDA;1,73E+13;MOGI GUACU;SP;29/04/2026;07/05/2026;05/05/2026;Entregue No Prazo;;Entrega realizada;Entrega Finalizada;7;5;29;4;RISSO;26002;;;
MOBIS BRASIL FABRICACAO DE AUTO PECAS LT;RODOVIARIO;1502095;29/04/2026;5;339967;29/04/2026;HYMAX DISTRIBUIDORA DE VEICULOS LTDA;1,73E+13;MOGI GUACU;SP;29/04/2026;07/05/2026;05/05/2026;Entregue No Prazo;;Entrega realizada;Entrega Finalizada;7;5;29;4;RISSO;26002;;;
MOBIS BRASIL FABRICACAO DE AUTO PECAS LT;RODOVIARIO;1502111;29/04/2026;5;339966;29/04/2026;H R B COMERCIO DE VEICULOS LTDA;1,82E+13;SAO JOSE DO RIO PRETO;SP;29/04/2026;07/05/2026;05/05/2026;Entregue No Prazo;;Entrega realizada;Entrega Finalizada;7;5;29;4;RISSO;26050;;;
MOBIS BRASIL FABRICACAO DE AUTO PECAS LT;RODOVIARIO;1502112;29/04/2026;5;339966;29/04/2026;H R B COMERCIO DE VEICULOS LTDA;1,82E+13;SAO JOSE DO RIO PRETO;SP;29/04/2026;07/05/2026;05/05/2026;Entregue No Prazo;;Entrega realizada;Entrega Finalizada;7;5;29;4;RISSO;26050;;;
MOBIS BRASIL FABRICACAO DE AUTO PECAS LT;RODOVIARIO;1502583;29/04/2026;2;340251;29/04/2026;ITAVEMA MOTORS VEICULOS LTDA;7,73E+12;DUQUE DE CAXIAS;RJ;29/04/2026;07/05/2026;05/05/2026;Entregue No Prazo;;Entrega realizada;Entrega Finalizada;7;5;29;4;CAMILO;19001;;;
MOBIS BRASIL FABRICACAO DE AUTO PECAS LT;RODOVIARIO;1502585;29/04/2026;3;340244;29/04/2026;CAOA MOTOR DO BRASIL LTDA;1,68E+13;RIO DE JANEIRO;RJ;29/04/2026;07/05/2026;05/05/2026;Entregue No Prazo;;Entrega realizada;Entrega Finalizada;7;5;29;4;CAMILO;5008;;;
MOBIS BRASIL FABRICACAO DE AUTO PECAS LT;RODOVIARIO;1502589;29/04/2026;1;340245;29/04/2026;CAOA MOTOR DO BRASIL LTDA;1,68E+13;RIO DE JANEIRO;RJ;29/04/2026;07/05/2026;05/05/2026;Entregue No Prazo;;Entrega realizada;Entrega Finalizada;7;5;29;4;CAMILO;5008;;;
MOBIS BRASIL FABRICACAO DE AUTO PECAS LT;RODOVIARIO;1502593;29/04/2026;4;340283;29/04/2026;HOUSE PARTS-COM. DE PCS. E VEICULOS LTDA;1,15E+13;PORTO ALEGRE;RS;29/04/2026;07/05/2026;05/05/2026;Entregue No Prazo;;Entrega realizada;Entrega Finalizada;7;5;29;4;TRANSTRY;23004;;;
MOBIS BRASIL FABRICACAO DE AUTO PECAS LT;RODOVIARIO;1502046;29/04/2026;1;339989;29/04/2026;GNC GRANDE COREIA MINAS GERAIS COMERCIO;4,27E+13;MONTES CLAROS;MG;29/04/2026;07/05/2026;05/05/2026;Entregue No Prazo;;Entrega realizada;Entrega Finalizada;7;5;29;4;XD BETIM;11035;;;
MOBIS BRASIL FABRICACAO DE AUTO PECAS LT;RODOVIARIO;1502072;29/04/2026;1;340057;29/04/2026;TAI MOTORS VEICULOS S/A.;9,27E+12;CAMPOS DOS GOYTACAZES;RJ;29/04/2026;07/05/2026;05/05/2026;Entregue No Prazo;;Entrega realizada;Entrega Finalizada;7;5;29;4;CAMILO;19023;;;
MOBIS BRASIL FABRICACAO DE AUTO PECAS LT;RODOVIARIO;1502088;29/04/2026;1;340023;29/04/2026;HOUSE PARTS COMERCIO DE PECAS E VEI;1,15E+13;CAXIAS DO SUL;RS;29/04/2026;07/05/2026;05/05/2026;Entregue No Prazo;;Entrega realizada;Entrega Finalizada;7;5;29;4;TRANSTRY;23023;;;
MOBIS BRASIL FABRICACAO DE AUTO PECAS LT;RODOVIARIO;1502089;29/04/2026;5;340011;29/04/2026;ATUAL VEICULOS LTDA;1,33E+13;CRICIUMA;SC;29/04/2026;07/05/2026;05/05/2026;Entregue No Prazo;;Entrega realizada;Entrega Finalizada;7;5;29;4;TRANSTRY;24001;;;
MOBIS BRASIL FABRICACAO DE AUTO PECAS LT;RODOVIARIO;1502091;29/04/2026;16;340013;29/04/2026;BARI VEICULOS LTDA;7,46E+12;BLUMENAU;SC;29/04/2026;07/05/2026;05/05/2026;Entregue No Prazo;;Entrega realizada;Entrega Finalizada;7;5;29;4;TRANSTRY;18024;;;
MOBIS BRASIL FABRICACAO DE AUTO PECAS LT;RODOVIARIO;1502586;29/04/2026;2;340272;29/04/2026;VIA VR VEICULOS LTDA;1,73E+13;VOLTA REDONDA;RJ;29/04/2026;07/05/2026;05/05/2026;Entregue No Prazo;;Entrega realizada;Entrega Finalizada;7;5;29;4;CAMILO;19016;;;
MOBIS BRASIL FABRICACAO DE AUTO PECAS LT;RODOVIARIO;1502587;29/04/2026;13;340272;29/04/2026;VIA VR VEICULOS LTDA;1,73E+13;VOLTA REDONDA;RJ;29/04/2026;07/05/2026;05/05/2026;Entregue No Prazo;;Entrega realizada;Entrega Finalizada;7;5;29;4;CAMILO;19016;;;
MOBIS BRASIL FABRICACAO DE AUTO PECAS LT;RODOVIARIO;1502599;29/04/2026;1;340286;29/04/2026;LR COMERCIO DE VEICULOS LTDA;1,05E+13;SAO JOSE;SC;29/04/2026;07/05/2026;05/05/2026;Entregue No Prazo;;Entrega realizada;Entrega Finalizada;7;5;29;4;TRANSTRY;24007;;;
MOBIS BRASIL FABRICACAO DE AUTO PECAS LT;RODOVIARIO;1502600;29/04/2026;9;340286;29/04/2026;LR COMERCIO DE VEICULOS LTDA;1,05E+13;SAO JOSE;SC;29/04/2026;07/05/2026;05/05/2026;Entregue No Prazo;;Entrega realizada;Entrega Finalizada;7;5;29;4;TRANSTRY;24007;;;
MOBIS BRASIL FABRICACAO DE AUTO PECAS LT;RODOVIARIO;1502601;29/04/2026;11;340273;29/04/2026;BARI VEICULOS LTDA;7,46E+12;BLUMENAU;SC;29/04/2026;07/05/2026;05/05/2026;Entregue No Prazo;;Entrega realizada;Entrega Finalizada;7;5;29;4;TRANSTRY;18024;;;
MOBIS BRASIL FABRICACAO DE AUTO PECAS LT;RODOVIARIO;1502029;29/04/2026;16;340003;29/04/2026;SMAFF IMPORT VEICULOS LTDA;8,18E+12;BRASILIA;DF;29/04/2026;11/05/2026;05/05/2026;Entregue No Prazo;;Entrega realizada;Entrega Finalizada;11;5;29;4;RIO VERMELHO;7002;;;
MOBIS BRASIL FABRICACAO DE AUTO PECAS LT;RODOVIARIO;1502030;29/04/2026;10;340002;29/04/2026;SAGA KOREA COM. DE VEIC. E PC. LTDA;1,27E+13;BRASILIA;DF;29/04/2026;11/05/2026;05/05/2026;Entregue No Prazo;;Entrega realizada;Entrega Finalizada;11;5;29;4;RIO VERMELHO;7005;;;
MOBIS BRASIL FABRICACAO DE AUTO PECAS LT;RODOVIARIO;1502035;29/04/2026;69;340001;29/04/2026;SAGA KOREA COM. DE VEIC. E PC. LTDA;1,27E+13;GOIANIA;GO;29/04/2026;11/05/2026;05/05/2026;Entregue No Prazo;;Entrega realizada;Entrega Finalizada;11;5;29;4;RIO VERMELHO;9011;;;
MOBIS BRASIL FABRICACAO DE AUTO PECAS LT;RODOVIARIO;1502050;29/04/2026;1;340058;29/04/2026;ULSAN COMERCIO DE VEICULOS LTDA.;2,10E+13;CAMPO GRANDE;MS;29/04/2026;11/05/2026;05/05/2026;Entregue No Prazo;;Entrega realizada;Entrega Finalizada;11;5;29;4;CARVALIMA;12004;;;
MOBIS BRASIL FABRICACAO DE AUTO PECAS LT;RODOVIARIO;1502051;29/04/2026;1;340040;29/04/2026;JPG MOTORS COMERCIO DE VEICULOS LTDA;2,91E+13;CAMPO GRANDE;MS;29/04/2026;11/05/2026;05/05/2026;Entregue No Prazo;;Entrega realizada;Entrega Finalizada;11;5;29;4;CARVALIMA;12005;;;
MOBIS BRASIL FABRICACAO DE AUTO PECAS LT;RODOVIARIO;1502085;29/04/2026;1;340021;29/04/2026;HOUSE PARTS - COM. DE PECAS E VEIC. LTDA;1,15E+13;SANTA MARIA;RS;29/04/2026;11/05/2026;05/05/2026;Entregue No Prazo;;Entrega realizada;Entrega Finalizada;11;5;29;4;TRANSTRY;23008;;;
MOBIS BRASIL FABRICACAO DE AUTO PECAS LT;RODOVIARIO;1502595;29/04/2026;2;340282;29/04/2026;HOUSE PARTS - COM. DE PECAS E VEIC. LTDA;1,15E+13;SANTA MARIA;RS;29/04/2026;11/05/2026;05/05/2026;Entregue No Prazo;;Entrega realizada;Entrega Finalizada;11;5;29;4;TRANSTRY;23008;;;
MOBIS BRASIL FABRICACAO DE AUTO PECAS LT;RODOVIARIO;1502598;29/04/2026;3;340279;29/04/2026;CHINHAN AUTOMOVEIS LTDA;2,41E+13;ERECHIM;RS;29/04/2026;11/05/2026;05/05/2026;Entregue No Prazo;;Entrega realizada;Entrega Finalizada;11;5;29;4;TRANSTRY;23019;;;
MOBIS BRASIL FABRICACAO DE AUTO PECAS LT;RODOVIARIO;1502093;29/04/2026;3;340019;29/04/2026;CHINHAN AUTOMOVEIS LTDA.;2,41E+13;CACADOR;SC;29/04/2026;11/05/2026;05/05/2026;Entregue No Prazo;;Entrega realizada;Entrega Finalizada;11;5;29;4;TRANSTRY;24020;;;
MOBIS BRASIL FABRICACAO DE AUTO PECAS LT;RODOVIARIO;1502603;29/04/2026;7;340280;29/04/2026;CHINHAN AUTOMOVEIS LTDA.;2,41E+13;CACADOR;SC;29/04/2026;11/05/2026;05/05/2026;Entregue No Prazo;;Entrega realizada;Entrega Finalizada;11;5;29;4;TRANSTRY;24020;;;
MOBIS BRASIL FABRICACAO DE AUTO PECAS LT;RODOVIARIO;1502055;29/04/2026;6;340033;29/04/2026;COMETA MATO GROSSO COM. DE VEICULOS LTDA;1,54E+13;RONDONOPOLIS;MT;29/04/2026;13/05/2026;05/05/2026;Entregue No Prazo;;Entrega realizada;Entrega Finalizada;13;5;29;4;CARVALIMA;13006;;;
MOBIS BRASIL FABRICACAO DE AUTO PECAS LT;RODOVIARIO;1502565;29/04/2026;2;340246;29/04/2026;COMETA MATO GROSSO COM. DE VEICULOS LTDA;1,54E+13;RONDONOPOLIS;MT;29/04/2026;13/05/2026;05/05/2026;Entregue No Prazo;;Entrega realizada;Entrega Finalizada;13;5;29;4;CARVALIMA;13006;;;
MOBIS BRASIL FABRICACAO DE AUTO PECAS LT;RODOVIARIO;1503393;30/04/2026;38;340496;30/04/2026;MOTONET COMERCIO DE VEICULOS LTDA;9,28E+12;SOROCABA;SP;30/04/2026;07/05/2026;05/05/2026;Entregue No Prazo;;Entrega realizada;Entrega Finalizada;7;5;30;4;XD DIADEMA;26113;;;
MOBIS BRASIL FABRICACAO DE AUTO PECAS LT;RODOVIARIO;1503388;30/04/2026;2;340482;30/04/2026;BILLY DISTRIBUIDORA DE VEICULOS LTDA;1,34E+13;BARUERI;SP;30/04/2026;06/05/2026;05/05/2026;Entregue No Prazo;;Entrega realizada;Entrega Finalizada;6;5;30;4;XD DIADEMA;26003;;;
MOBIS BRASIL FABRICACAO DE AUTO PECAS LT;RODOVIARIO;1503389;30/04/2026;9;340500;30/04/2026;NOBRE DISTRIBUIDORA DE VEICULOS E PECAS;5,76E+12;MOGI DAS CRUZES;SP;30/04/2026;06/05/2026;05/05/2026;Entregue No Prazo;;Entrega realizada;Entrega Finalizada;6;5;30;4;XD DIADEMA;26004;;;
MOBIS BRASIL FABRICACAO DE AUTO PECAS LT;RODOVIARIO;1503395;30/04/2026;1;340493;30/04/2026;GRAND SPORT COM. DE VEIC. E PECAS LTDA;8,58E+12;SAO PAULO;SP;30/04/2026;06/05/2026;05/05/2026;Entregue No Prazo;;Entrega realizada;Entrega Finalizada;6;5;30;4;XD DIADEMA;26034;;;
MOBIS BRASIL FABRICACAO DE AUTO PECAS LT;RODOVIARIO;1503396;30/04/2026;1;340489;30/04/2026;CHS MOTORS VEICULOS PECAS E SERV LTDA  ;1,69E+13;SAO PAULO;SP;30/04/2026;06/05/2026;05/05/2026;Entregue No Prazo;;Entrega realizada;Entrega Finalizada;6;5;30;4;XD DIADEMA;26037;;;
MOBIS BRASIL FABRICACAO DE AUTO PECAS LT;RODOVIARIO;1503402;30/04/2026;2;340486;30/04/2026;CAOA MOTOR DO BRASIL LTDA (VL PRUDENTE);1,68E+13;SAO PAULO;SP;30/04/2026;06/05/2026;05/05/2026;Entregue No Prazo;;Entrega realizada;Entrega Finalizada;6;5;30;4;XD DIADEMA;26051;;;
MOBIS BRASIL FABRICACAO DE AUTO PECAS LT;RODOVIARIO;1503403;30/04/2026;1;340490;30/04/2026;CHS MOTORS VEICULOS PECAS(VL. GUILHERME);1,69E+13;SAO PAULO;SP;30/04/2026;06/05/2026;05/05/2026;Entregue No Prazo;;Entrega realizada;Entrega Finalizada;6;5;30;4;XD DIADEMA;26052;;;
MOBIS BRASIL FABRICACAO DE AUTO PECAS LT;RODOVIARIO;1503410;30/04/2026;2;340485;30/04/2026;CAOA MOTOR DO BRASIL LTDA (INDIANOPOLIS);1,68E+13;SAO PAULO;SP;30/04/2026;06/05/2026;05/05/2026;Entregue No Prazo;;Entrega realizada;Entrega Finalizada;6;5;30;4;XD DIADEMA;26091;;;
MOBIS BRASIL FABRICACAO DE AUTO PECAS LT;RODOVIARIO;1503414;30/04/2026;3;340488;30/04/2026;CHS MOTORS VEICULOS PECAS E SERV.  LTDA;1,69E+13;SAO PAULO;SP;30/04/2026;06/05/2026;05/05/2026;Entregue No Prazo;;Entrega realizada;Entrega Finalizada;6;5;30;4;XD DIADEMA;26108;;;
MOBIS BRASIL FABRICACAO DE AUTO PECAS LT;RODOVIARIO;1502557;29/04/2026;12;340312;30/04/2026;TAI MOTORS VEICULOS S/A;9,27E+12;BELO HORIZONTE;MG;30/04/2026;07/05/2026;05/05/2026;Entregue No Prazo;;Entrega realizada;Entrega Finalizada;7;5;30;4;XD BETIM;8002;;;
MOBIS BRASIL FABRICACAO DE AUTO PECAS LT;RODOVIARIO;1502558;29/04/2026;3;340302;30/04/2026;CAOA MOTOR DO BRASIL LTDA;1,68E+13;BELO HORIZONTE;MG;30/04/2026;07/05/2026;05/05/2026;Entregue No Prazo;;Entrega realizada;Entrega Finalizada;7;5;30;4;XD BETIM;5008;;;
MOBIS BRASIL FABRICACAO DE AUTO PECAS LT;RODOVIARIO;1502559;29/04/2026;2;340302;30/04/2026;CAOA MOTOR DO BRASIL LTDA;1,68E+13;BELO HORIZONTE;MG;30/04/2026;07/05/2026;05/05/2026;Entregue No Prazo;;Entrega realizada;Entrega Finalizada;7;5;30;4;XD BETIM;5008;;;
MOBIS BRASIL FABRICACAO DE AUTO PECAS LT;RODOVIARIO;1502562;29/04/2026;31;340300;30/04/2026;BDG AUTOVILLE VEICULOS LTDA;4,77E+13;CONTAGEM;MG;30/04/2026;07/05/2026;05/05/2026;Entregue No Prazo;;Entrega realizada;Entrega Finalizada;7;5;30;4;XD BETIM;11037;;;
MOBIS BRASIL FABRICACAO DE AUTO PECAS LT;RODOVIARIO;1503330;30/04/2026;17;340509;30/04/2026;TAI MOTORS VEICULOS S/A;9,27E+12;BELO HORIZONTE;MG;30/04/2026;07/05/2026;05/05/2026;Entregue No Prazo;;Entrega realizada;Entrega Finalizada;7;5;30;4;XD BETIM;8002;;;
MOBIS BRASIL FABRICACAO DE AUTO PECAS LT;RODOVIARIO;1503331;30/04/2026;25;340487;30/04/2026;CARBEL KOREA VEICULOS LTDA;2,07E+13;BELO HORIZONTE;MG;30/04/2026;07/05/2026;05/05/2026;Entregue No Prazo;;Entrega realizada;Entrega Finalizada;7;5;30;4;XD BETIM;11021;;;
MOBIS BRASIL FABRICACAO DE AUTO PECAS LT;RODOVIARIO;1503332;30/04/2026;2;340487;30/04/2026;CARBEL KOREA VEICULOS LTDA;2,07E+13;BELO HORIZONTE;MG;30/04/2026;07/05/2026;05/05/2026;Entregue No Prazo;;Entrega realizada;Entrega Finalizada;7;5;30;4;XD BETIM;11021;;;
MOBIS BRASIL FABRICACAO DE AUTO PECAS LT;RODOVIARIO;1503335;30/04/2026;46;340481;30/04/2026;BDG AUTOVILLE VEICULOS LTDA;4,77E+13;CONTAGEM;MG;30/04/2026;07/05/2026;05/05/2026;Entregue No Prazo;;Entrega realizada;Entrega Finalizada;7;5;30;4;XD BETIM;11037;;;
MOBIS BRASIL FABRICACAO DE AUTO PECAS LT;RODOVIARIO;1503353;30/04/2026;2;340539;30/04/2026;SEVEC VEICULOS LTDA;5,68E+11;CURITIBA;PR;30/04/2026;07/05/2026;05/05/2026;Entregue No Prazo;;Entrega realizada;Entrega Finalizada;7;5;30;4;TRANSTRY;18012;;;
MOBIS BRASIL FABRICACAO DE AUTO PECAS LT;RODOVIARIO;1503356;30/04/2026;1;340523;30/04/2026;BARI VEICULOS LTDA.;7,46E+12;CURITIBA;PR;30/04/2026;07/05/2026;05/05/2026;Entregue No Prazo;;Entrega realizada;Entrega Finalizada;7;5;30;4;TRANSTRY;18029;;;
MOBIS BRASIL FABRICACAO DE AUTO PECAS LT;RODOVIARIO;1503357;30/04/2026;1;340518;30/04/2026;BARI VEICULOS LTDA;7,46E+12;CURITIBA;PR;30/04/2026;07/05/2026;05/05/2026;Entregue No Prazo;;Entrega realizada;Entrega Finalizada;7;5;30;4;TRANSTRY;18024;;;
MOBIS BRASIL FABRICACAO DE AUTO PECAS LT;RODOVIARIO;1503391;30/04/2026;3;340480;30/04/2026;ANDRETA II DISTRIBUIDORA DE VEIC. LTDA;9,10E+12;CAMPINAS;SP;30/04/2026;07/05/2026;05/05/2026;Entregue No Prazo;;Entrega realizada;Entrega Finalizada;7;5;30;4;XD DIADEMA;26011;;;
MOBIS BRASIL FABRICACAO DE AUTO PECAS LT;RODOVIARIO;1503392;30/04/2026;14;340480;30/04/2026;ANDRETA II DISTRIBUIDORA DE VEIC. LTDA;9,10E+12;CAMPINAS;SP;30/04/2026;07/05/2026;05/05/2026;Entregue No Prazo;;Entrega realizada;Entrega Finalizada;7;5;30;4;XD DIADEMA;26011;;;
MOBIS BRASIL FABRICACAO DE AUTO PECAS LT;RODOVIARIO;1503406;30/04/2026;3;340491;30/04/2026;DESTAQUE SEUL DISTR. DE VEIC. E PC. LTDA;2,12E+13;ATIBAIA;SP;30/04/2026;07/05/2026;05/05/2026;Entregue No Prazo;;Entrega realizada;Entrega Finalizada;7;5;30;4;XD DIADEMA;26075;;;
MOBIS BRASIL FABRICACAO DE AUTO PECAS LT;RODOVIARIO;1503407;30/04/2026;19;340491;30/04/2026;DESTAQUE SEUL DISTR. DE VEIC. E PC. LTDA;2,12E+13;ATIBAIA;SP;30/04/2026;07/05/2026;05/05/2026;Entregue No Prazo;;Entrega realizada;Entrega Finalizada;7;5;30;4;XD DIADEMA;26075;;;
MOBIS BRASIL FABRICACAO DE AUTO PECAS LT;RODOVIARIO;1502556;29/04/2026;3;340315;30/04/2026;URCA MOTORS VEICULOS LTDA;8,77E+12;UBERLANDIA;MG;30/04/2026;08/05/2026;05/05/2026;Entregue No Prazo;;Entrega realizada;Entrega Finalizada;8;5;30;4;XD BETIM;9014;;;
MOBIS BRASIL FABRICACAO DE AUTO PECAS LT;RODOVIARIO;1502560;29/04/2026;1;340313;30/04/2026;TOKSU COMERCIO DE VEICULOS LTDA;1,12E+13;VARGINHA;MG;30/04/2026;08/05/2026;05/05/2026;Entregue No Prazo;;Entrega realizada;Entrega Finalizada;8;5;30;4;XD BETIM;11008;;;
MOBIS BRASIL FABRICACAO DE AUTO PECAS LT;RODOVIARIO;1503326;30/04/2026;8;340512;30/04/2026;URCA MOTORS VEICULOS LTDA;8,77E+12;UBERLANDIA;MG;30/04/2026;08/05/2026;05/05/2026;Entregue No Prazo;;Entrega realizada;Entrega Finalizada;8;5;30;4;XD BETIM;9014;;;
MOBIS BRASIL FABRICACAO DE AUTO PECAS LT;RODOVIARIO;1503329;30/04/2026;10;340514;30/04/2026;URCA MOTORS VEICULOS LTDA;8,77E+12;UBERABA;MG;30/04/2026;08/05/2026;05/05/2026;Entregue No Prazo;;Entrega realizada;Entrega Finalizada;8;5;30;4;XD BETIM;9014;;;
MOBIS BRASIL FABRICACAO DE AUTO PECAS LT;RODOVIARIO;1503358;30/04/2026;9;340562;30/04/2026;ITAVEMA MOTORS VEICULOS LTDA;7,73E+12;DUQUE DE CAXIAS;RJ;30/04/2026;08/05/2026;05/05/2026;Entregue No Prazo;;Entrega realizada;Entrega Finalizada;8;5;30;4;CAMILO;19001;;;
MOBIS BRASIL FABRICACAO DE AUTO PECAS LT;RODOVIARIO;1503361;30/04/2026;10;340561;30/04/2026;ITAVEMA MOTORS VEICULOS LTDA;7,73E+12;RIO DE JANEIRO;RJ;30/04/2026;08/05/2026;05/05/2026;Entregue No Prazo;;Entrega realizada;Entrega Finalizada;8;5;30;4;CAMILO;19001;;;
MOBIS BRASIL FABRICACAO DE AUTO PECAS LT;RODOVIARIO;1503362;30/04/2026;3;340550;30/04/2026;CAOA MOTOR DO BRASIL LTDA;1,68E+13;RIO DE JANEIRO;RJ;30/04/2026;08/05/2026;05/05/2026;Entregue No Prazo;;Entrega realizada;Entrega Finalizada;8;5;30;4;CAMILO;5008;;;
MOBIS BRASIL FABRICACAO DE AUTO PECAS LT;RODOVIARIO;1503364;30/04/2026;1;340548;30/04/2026;CAOA MOTOR DO BRASIL LTDA;1,68E+13;RIO DE JANEIRO;RJ;30/04/2026;08/05/2026;05/05/2026;Entregue No Prazo;;Entrega realizada;Entrega Finalizada;8;5;30;4;CAMILO;5008;;;
MOBIS BRASIL FABRICACAO DE AUTO PECAS LT;RODOVIARIO;1503418;30/04/2026;18;340519;30/04/2026;BARI VEICULOS LTDA;7,46E+12;PONTA GROSSA;PR;30/04/2026;08/05/2026;05/05/2026;Entregue No Prazo;;Entrega realizada;Entrega Finalizada;8;5;30;4;TRANSTRY;18024;;;
MOBIS BRASIL FABRICACAO DE AUTO PECAS LT;RODOVIARIO;1503421;30/04/2026;11;340532;30/04/2026;LOVAT VEICULOS S/A;8,57E+12;LONDRINA;PR;30/04/2026;08/05/2026;05/05/2026;Entregue No Prazo;;Entrega realizada;Entrega Finalizada;8;5;30;4;TRANSTRY;18008;;;
MOBIS BRASIL FABRICACAO DE AUTO PECAS LT;RODOVIARIO;1503422;30/04/2026;3;340519;30/04/2026;BARI VEICULOS LTDA;7,46E+12;PONTA GROSSA;PR;30/04/2026;08/05/2026;05/05/2026;Entregue No Prazo;;Entrega realizada;Entrega Finalizada;8;5;30;4;TRANSTRY;18024;;;
MOBIS BRASIL FABRICACAO DE AUTO PECAS LT;RODOVIARIO;1502561;29/04/2026;2;340307;30/04/2026;GNC GRANDE COREIA MINAS GERAIS COMERCIO;4,27E+13;MONTES CLAROS;MG;30/04/2026;11/05/2026;05/05/2026;Entregue No Prazo;;Entrega realizada;Entrega Finalizada;11;5;30;4;XD BETIM;11035;;;
MOBIS BRASIL FABRICACAO DE AUTO PECAS LT;RODOVIARIO;1503334;30/04/2026;2;340492;30/04/2026;GNC GRANDE COREIA MINAS GERAIS COMERCIO;4,27E+13;MONTES CLAROS;MG;30/04/2026;11/05/2026;05/05/2026;Entregue No Prazo;;Entrega realizada;Entrega Finalizada;11;5;30;4;XD BETIM;11035;;;
MOBIS BRASIL FABRICACAO DE AUTO PECAS LT;RODOVIARIO;1503363;30/04/2026;4;340575;30/04/2026;TAI MOTORS VEICULOS S/A.;9,27E+12;CAMPOS DOS GOYTACAZES;RJ;30/04/2026;11/05/2026;05/05/2026;Entregue No Prazo;;Entrega realizada;Entrega Finalizada;11;5;30;4;CAMILO;19023;;;
MOBIS BRASIL FABRICACAO DE AUTO PECAS LT;RODOVIARIO;1503377;30/04/2026;1;340536;30/04/2026;LS COMERCIO DE AUTOMOVEIS LTDA.;1,03E+13;BRUSQUE;SC;30/04/2026;11/05/2026;05/05/2026;Entregue No Prazo;;Entrega realizada;Entrega Finalizada;11;5;30;4;TRANSTRY;24006;;;
MOBIS BRASIL FABRICACAO DE AUTO PECAS LT;RODOVIARIO;1502543;29/04/2026;4;340507;30/04/2026;SMAFF IMPORT VEICULOS LTDA;8,18E+12;BRASILIA;DF;30/04/2026;12/05/2026;05/05/2026;Entregue No Prazo;;Entrega realizada;Entrega Finalizada;12;5;30;4;RIO VERMELHO;7002;;;
MOBIS BRASIL FABRICACAO DE AUTO PECAS LT;RODOVIARIO;1502544;29/04/2026;3;340504;30/04/2026;SAGA KOREA COM. DE VEIC. E PC. LTDA;1,27E+13;BRASILIA;DF;30/04/2026;12/05/2026;05/05/2026;Entregue No Prazo;;Entrega realizada;Entrega Finalizada;12;5;30;4;RIO VERMELHO;7005;;;
MOBIS BRASIL FABRICACAO DE AUTO PECAS LT;RODOVIARIO;1503314;30/04/2026;4;340508;30/04/2026;SMAFF IMPORT VEICULOS LTDA;8,18E+12;BRASILIA;DF;30/04/2026;12/05/2026;05/05/2026;Entregue No Prazo;;Entrega realizada;Entrega Finalizada;12;5;30;4;RIO VERMELHO;7002;;;
MOBIS BRASIL FABRICACAO DE AUTO PECAS LT;RODOVIARIO;1503315;30/04/2026;79;340508;30/04/2026;SMAFF IMPORT VEICULOS LTDA;8,18E+12;BRASILIA;DF;30/04/2026;12/05/2026;05/05/2026;Entregue No Prazo;;Entrega realizada;Entrega Finalizada;12;5;30;4;RIO VERMELHO;7002;;;
MOBIS BRASIL FABRICACAO DE AUTO PECAS LT;RODOVIARIO;1503316;30/04/2026;2;340504;30/04/2026;SAGA KOREA COM. DE VEIC. E PC. LTDA;1,27E+13;BRASILIA;DF;30/04/2026;12/05/2026;05/05/2026;Entregue No Prazo;;Entrega realizada;Entrega Finalizada;12;5;30;4;RIO VERMELHO;7005;;;
MOBIS BRASIL FABRICACAO DE AUTO PECAS LT;RODOVIARIO;1503337;30/04/2026;6;340577;30/04/2026;ULSAN COMERCIO DE VEICULOS LTDA.;2,10E+13;CAMPO GRANDE;MS;30/04/2026;12/05/2026;05/05/2026;Entregue No Prazo;;Entrega realizada;Entrega Finalizada;12;5;30;4;CARVALIMA;12004;;;
MOBIS BRASIL FABRICACAO DE AUTO PECAS LT;RODOVIARIO;1503339;30/04/2026;1;340569;30/04/2026;SAGA ASIA COM. DE VEIC.PC.E SERV. LTDA;2,23E+13;VARZEA GRANDE;MT;30/04/2026;13/05/2026;05/05/2026;Entregue No Prazo;;Entrega realizada;Entrega Finalizada;13;5;30;4;CARVALIMA;13004;;;
MOBIS BRASIL FABRICACAO DE AUTO PECAS LT;RODOVIARIO;1503340;30/04/2026;26;340569;30/04/2026;SAGA ASIA COM. DE VEIC.PC.E SERV. LTDA;2,23E+13;VARZEA GRANDE;MT;30/04/2026;13/05/2026;05/05/2026;Entregue No Prazo;;Entrega realizada;Entrega Finalizada;13;5;30;4;CARVALIMA;13004;;;
MOBIS BRASIL FABRICACAO DE AUTO PECAS LT;RODOVIARIO;1503342;30/04/2026;2;340553;30/04/2026;COMETA MATO GROSSO COM. DE VEICULOS LTDA;1,54E+13;TANGARA DA SERRA;MT;30/04/2026;13/05/2026;05/05/2026;Entregue No Prazo;;Entrega realizada;Entrega Finalizada;13;5;30;4;CARVALIMA;13007;;;
MOBIS BRASIL FABRICACAO DE AUTO PECAS LT;RODOVIARIO;1503384;30/04/2026;3;340526;30/04/2026;CHINHAN AUTOMOVEIS LTDA.;2,41E+13;CACADOR;SC;30/04/2026;13/05/2026;05/05/2026;Entregue No Prazo;;Entrega realizada;Entrega Finalizada;13;5;30;4;TRANSTRY;24020;;;
MOBIS BRASIL FABRICACAO DE AUTO PECAS LT;RODOVIARIO;1503338;30/04/2026;1;340555;30/04/2026;COMETA MATO GROSSO COM. DE VEICULOS LTDA;1,54E+13;SINOP;MT;30/04/2026;14/05/2026;05/05/2026;Entregue No Prazo;;Entrega realizada;Entrega Finalizada;14;5;30;4;CARVALIMA;13003;;;
MOBIS BRASIL FABRICACAO DE AUTO PECAS LT;RODOVIARIO;1503341;30/04/2026;1;340554;30/04/2026;COMETA MATO GROSSO COM. DE VEICULOS LTDA;1,54E+13;RONDONOPOLIS;MT;30/04/2026;14/05/2026;05/05/2026;Entregue No Prazo;;Entrega realizada;Entrega Finalizada;14;5;30;4;CARVALIMA;13006;;;
MOBIS BRASIL FABRICACAO DE AUTO PECAS LT; RODOVIARIO;1504212;04/05/2026;1;340756;04/05/2026;CAOA MOTOR DO BRASIL LTDA (IPIRANGA);1,68E+13;SAO PAULO;SP;04/05/2026;07/05/2026;05/05/2026;Entregue No Prazo;Extravio;Solicitação de um novo pedido;Entrega Finalizada;7;5;4;5;XD DIADEMA;26054;;;
MOBIS BRASIL FABRICACAO DE AUTO PECAS LT; RODOVIARIO;1504198;04/05/2026;12;340752;04/05/2026;BILLY DISTRIBUIDORA DE VEICULOS LTDA;1,34E+13;BARUERI;SP;04/05/2026;07/05/2026;05/05/2026;Entregue No Prazo;;Entrega realizada;Entrega Finalizada;7;5;4;5;XD DIADEMA;26003;;;
MOBIS BRASIL FABRICACAO DE AUTO PECAS LT; RODOVIARIO;1504199;04/05/2026;2;340765;04/05/2026;NOBRE DISTRIBUIDORA DE VEICULOS E PECAS;5,76E+12;MOGI DAS CRUZES;SP;04/05/2026;07/05/2026;05/05/2026;Entregue No Prazo;;Entrega realizada;Entrega Finalizada;7;5;4;5;XD DIADEMA;26004;;;
MOBIS BRASIL FABRICACAO DE AUTO PECAS LT; RODOVIARIO;1504203;04/05/2026;16;340762;04/05/2026;GRAND SPORT COM. DE VEIC. E PECAS LTDA;8,58E+12;SAO PAULO;SP;04/05/2026;07/05/2026;05/05/2026;Entregue No Prazo;;Entrega realizada;Entrega Finalizada;7;5;4;5;XD DIADEMA;26034;;;
MOBIS BRASIL FABRICACAO DE AUTO PECAS LT; RODOVIARIO;1504209;04/05/2026;5;340757;04/05/2026;CAOA MOTOR DO BRASIL LTDA (VL PRUDENTE);1,68E+13;SAO PAULO;SP;04/05/2026;07/05/2026;05/05/2026;Entregue No Prazo;;Entrega realizada;Entrega Finalizada;7;5;4;5;XD DIADEMA;26051;;;
MOBIS BRASIL FABRICACAO DE AUTO PECAS LT; RODOVIARIO;1504210;04/05/2026;10;340760;04/05/2026;CHS MOTORS VEICULOS PECAS(VL. GUILHERME);1,69E+13;SAO PAULO;SP;04/05/2026;07/05/2026;05/05/2026;Entregue No Prazo;;Entrega realizada;Entrega Finalizada;7;5;4;5;XD DIADEMA;26052;;;
MOBIS BRASIL FABRICACAO DE AUTO PECAS LT; RODOVIARIO;1503400;30/04/2026;1;340596;04/05/2026;ANDRETA II DISTRIBUIDORA DE VEIC. LTDA;9,10E+12;INDAIATUBA;SP;04/05/2026;08/05/2026;05/05/2026;Entregue No Prazo;;Entrega realizada;Entrega Finalizada;8;5;4;5;MVT;26011;;;
MOBIS BRASIL FABRICACAO DE AUTO PECAS LT; RODOVIARIO;1504176;04/05/2026;2;340816;04/05/2026;SEVEC VEICULOS LTDA;5,68E+11;CURITIBA;PR;04/05/2026;08/05/2026;05/05/2026;Entregue No Prazo;;Entrega realizada;Entrega Finalizada;8;5;4;5;TRANSTRY;18012;;;
MOBIS BRASIL FABRICACAO DE AUTO PECAS LT; RODOVIARIO;1504179;04/05/2026;5;340804;04/05/2026;BARI VEICULOS LTDA;7,46E+12;CURITIBA;PR;04/05/2026;08/05/2026;05/05/2026;Entregue No Prazo;;Entrega realizada;Entrega Finalizada;8;5;4;5;TRANSTRY;18024;;;
MOBIS BRASIL FABRICACAO DE AUTO PECAS LT; RODOVIARIO;1504201;04/05/2026;17;340750;04/05/2026;ANDRETA II DISTRIBUIDORA DE VEIC. LTDA;9,10E+12;CAMPINAS;SP;04/05/2026;08/05/2026;05/05/2026;Entregue No Prazo;;Entrega realizada;Entrega Finalizada;8;5;4;5;XD DIADEMA;26011;;;
MOBIS BRASIL FABRICACAO DE AUTO PECAS LT; RODOVIARIO;1504216;04/05/2026;9;340761;04/05/2026;DESTAQUE SEUL DISTR. DE VEIC. E PC. LTDA;2,12E+13;ATIBAIA;SP;04/05/2026;08/05/2026;05/05/2026;Entregue No Prazo;;Entrega realizada;Entrega Finalizada;8;5;4;5;XD DIADEMA;26075;;;
MOBIS BRASIL FABRICACAO DE AUTO PECAS LT; RODOVIARIO;1504218;04/05/2026;2;340755;04/05/2026;CAOA MOTOR DO BRASIL LTDA;1,68E+13;SANTOS;SP;04/05/2026;08/05/2026;05/05/2026;Entregue No Prazo;;Entrega realizada;Entrega Finalizada;8;5;4;5;XD DIADEMA;5008;;;
MOBIS BRASIL FABRICACAO DE AUTO PECAS LT; RODOVIARIO;1504226;04/05/2026;3;340763;04/05/2026;H RACING GARAGE LTDA ;3,24E+13;COTIA;SP;04/05/2026;08/05/2026;05/05/2026;Entregue No Prazo;;Entrega realizada;Entrega Finalizada;8;5;4;5;XD DIADEMA;29944;;;
MOBIS BRASIL FABRICACAO DE AUTO PECAS LT; RODOVIARIO;1503401;30/04/2026;2;340603;04/05/2026;H R B COMERCIO DE VEICULOS LTDA;1,82E+13;SAO JOSE DO RIO PRETO;SP;04/05/2026;11/05/2026;05/05/2026;Entregue No Prazo;;Entrega realizada;Entrega Finalizada;11;5;4;5;MVT;26050;;;
MOBIS BRASIL FABRICACAO DE AUTO PECAS LT; RODOVIARIO;1504208;04/05/2026;23;340746;04/05/2026;H R B COMERCIO DE VEICULOS LTDA;1,82E+13;SAO JOSE DO RIO PRETO;SP;04/05/2026;11/05/2026;05/05/2026;Entregue No Prazo;;Entrega realizada;Entrega Finalizada;11;5;4;5;MVT;26050;;;
MOBIS BRASIL FABRICACAO DE AUTO PECAS LT;RODOVIARIO;1504204;04/05/2026;3;340854;05/05/2026;BILLY DISTRIBUIDORA DE VEICULOS LTDA;1,34E+13;SAO CAETANO DO SUL;SP;05/05/2026;07/05/2026;05/05/2026;Entregue No Prazo;;Entrega realizada;Entrega Finalizada;7;5;5;5;BV LOG;26003;;;
MOBIS BRASIL FABRICACAO DE AUTO PECAS LT;RODOVIARIO;1504220;04/05/2026;6;340855;05/05/2026;GRANDAY AUTOMOTORES LTDA (CHAC. CALIFOR);1,57E+13;SAO PAULO;SP;05/05/2026;07/05/2026;05/05/2026;Entregue No Prazo;;Entrega realizada;Entrega Finalizada;7;5;5;5;BV LOG;26090;;;
MOBIS BRASIL FABRICACAO DE AUTO PECAS LT;RODOVIARIO;1504202;04/05/2026;58;340856;05/05/2026;MOTONET COMERCIO DE VEICULOS LTDA;9,28E+12;SOROCABA;SP;05/05/2026;08/05/2026;05/05/2026;Entregue No Prazo;;Entrega realizada;Entrega Finalizada;8;5;5;5;BV LOG;26113;;;
MOBIS BRASIL FABRICACAO DE AUTO PECAS LT;RODOVIARIO;1504205;04/05/2026;41;340854;05/05/2026;BILLY DISTRIBUIDORA DE VEICULOS LTDA;1,34E+13;SAO CAETANO DO SUL;SP;05/05/2026;07/05/2026;05/05/2026;Entregue No Prazo;;Entrega realizada;Entrega Finalizada;7;5;5;5;BV LOG;26003;;;
MOBIS BRASIL FABRICACAO DE AUTO PECAS LT;RODOVIARIO;1485668;30/03/2026;3;335049;30/03/2026;PATEO COMERCIO DE VEICULOS S A;7,78E+12;MANAUS;AM;30/03/2026;23/04/2026;06/05/2026;Entregue Fora do Prazo;;Entrega realizada;Entrega Finalizada;23;4;30;3;NORTEX;3002;São Jorge;Estadual;RJ
MOBIS BRASIL FABRICACAO DE AUTO PECAS LT;RODOVIARIO;1485667;30/03/2026;1;335049;30/03/2026;PATEO COMERCIO DE VEICULOS S A;7,78E+12;MANAUS;AM;30/03/2026;23/04/2026;06/05/2026;Entregue Fora do Prazo;;Entrega realizada;Entrega Finalizada;23;4;30;3;NORTEX;3002;São Jorge;Estadual;RJ
MOBIS BRASIL FABRICACAO DE AUTO PECAS LT;RODOVIARIO;1497738;21/04/2026;1;338769;22/04/2026;GREEN CITY VEICULOS LTDA;2,10E+13;PARNAIBA;PI;22/04/2026;12/05/2026;06/05/2026;Entregue No Prazo;;Entrega realizada;Entrega Finalizada;12;5;22;4;TERMACO;17002;;;
MOBIS BRASIL FABRICACAO DE AUTO PECAS LT;RODOVIARIO;1499792;24/04/2026;3;339346;24/04/2026;UNIQUE COMERCIO DE AUTOMOVEIS LTDA;1,74E+13;ANANINDEUA;PA;24/04/2026;08/05/2026;06/05/2026;Entregue No Prazo;;Entrega realizada;Entrega Finalizada;8;5;24;4;CARVALIMA;14003;;;
MOBIS BRASIL FABRICACAO DE AUTO PECAS LT;RODOVIARIO;1499793;24/04/2026;2;339323;24/04/2026;CAOA MOTOR DO BRASIL LTDA;1,68E+13;BELEM;PA;24/04/2026;08/05/2026;06/05/2026;Entregue No Prazo;;Entrega realizada;Entrega Finalizada;8;5;24;4;CARVALIMA;5008;;;
MOBIS BRASIL FABRICACAO DE AUTO PECAS LT;RODOVIARIO;1499767;24/04/2026;1;339344;24/04/2026;ULSAN COMERCIO DE VEICULOS LTDA;2,10E+13;RIO BRANCO;AC;24/04/2026;14/05/2026;06/05/2026;Entregue No Prazo;;Entrega realizada;Entrega Finalizada;14;5;24;4;CARVALIMA;21004;;;
MOBIS BRASIL FABRICACAO DE AUTO PECAS LT;RODOVIARIO;1500999;27/04/2026;1;339579;27/04/2026;ULSAN COMERCIO DE VEICULOS LTDA.;2,10E+13;CAMPO GRANDE;MS;27/04/2026;06/05/2026;06/05/2026;Entregue No Prazo;;Entrega realizada;Entrega Finalizada;6;5;27;4;CARVALIMA;12004;;;
MOBIS BRASIL FABRICACAO DE AUTO PECAS LT;RODOVIARIO;1500433;27/04/2026;1;339580;27/04/2026;UNIQUE COMERCIO DE AUTOMOVEIS LTDA;1,74E+13;ANANINDEUA;PA;27/04/2026;11/05/2026;06/05/2026;Entregue No Prazo;;Entrega realizada;Entrega Finalizada;11;5;27;4;CARVALIMA;14003;;;
MOBIS BRASIL FABRICACAO DE AUTO PECAS LT;RODOVIARIO;1500434;27/04/2026;1;339580;27/04/2026;UNIQUE COMERCIO DE AUTOMOVEIS LTDA;1,74E+13;ANANINDEUA;PA;27/04/2026;11/05/2026;06/05/2026;Entregue No Prazo;;Entrega realizada;Entrega Finalizada;11;5;27;4;CARVALIMA;14003;;;
MOBIS BRASIL FABRICACAO DE AUTO PECAS LT;RODOVIARIO;1500435;27/04/2026;2;339552;27/04/2026;CAOA MOTOR DO BRASIL LTDA;1,68E+13;BELEM;PA;27/04/2026;11/05/2026;06/05/2026;Entregue No Prazo;;Entrega realizada;Entrega Finalizada;11;5;27;4;CARVALIMA;5008;;;
MOBIS BRASIL FABRICACAO DE AUTO PECAS LT;RODOVIARIO;1500417;27/04/2026;2;339521;27/04/2026;NASA MOTORS LTDA.;2,65E+13;SAO LUIS DE MONTES BELOS;GO;27/04/2026;12/05/2026;06/05/2026;Entregue No Prazo;;Entrega realizada;Entrega Finalizada;12;5;27;4;RIO VERMELHO;9016;;;
MOBIS BRASIL FABRICACAO DE AUTO PECAS LT;RODOVIARIO;1500418;27/04/2026;29;339521;27/04/2026;NASA MOTORS LTDA.;2,65E+13;SAO LUIS DE MONTES BELOS;GO;27/04/2026;12/05/2026;06/05/2026;Entregue No Prazo;;Entrega realizada;Entrega Finalizada;12;5;27;4;RIO VERMELHO;9016;;;
MOBIS BRASIL FABRICACAO DE AUTO PECAS LT;RODOVIARIO;1500992;27/04/2026;4;339521;27/04/2026;NASA MOTORS LTDA.;2,65E+13;SAO LUIS DE MONTES BELOS;GO;27/04/2026;12/05/2026;06/05/2026;Entregue No Prazo;;Entrega realizada;Entrega Finalizada;12;5;27;4;RIO VERMELHO;9016;;;
MOBIS BRASIL FABRICACAO DE AUTO PECAS LT;RODOVIARIO;1500993;27/04/2026;6;339521;27/04/2026;NASA MOTORS LTDA.;2,65E+13;SAO LUIS DE MONTES BELOS;GO;27/04/2026;12/05/2026;06/05/2026;Entregue No Prazo;;Entrega realizada;Entrega Finalizada;12;5;27;4;RIO VERMELHO;9016;;;
MOBIS BRASIL FABRICACAO DE AUTO PECAS LT;RODOVIARIO;1501031;27/04/2026;1;339526;27/04/2026;PRIVILLEGE DISTRIBUIDORA DE VEICULOS LTD;1,72E+13;ARAGUAINA;TO;27/04/2026;12/05/2026;06/05/2026;Entregue No Prazo;;Entrega realizada;Entrega Finalizada;12;5;27;4;RIO VERMELHO;27002;;;
MOBIS BRASIL FABRICACAO DE AUTO PECAS LT;RODOVIARIO;1500403;27/04/2026;5;339566;27/04/2026;ORVEL AUTOMOTOR HYD LTDA;2,52E+13;TEIXEIRA DE FREITAS;BA;27/04/2026;13/05/2026;06/05/2026;Entregue No Prazo;;Entrega realizada;Entrega Finalizada;13;5;27;4;TERMACO;5011;;;
MOBIS BRASIL FABRICACAO DE AUTO PECAS LT;RODOVIARIO;1500989;27/04/2026;1;339566;27/04/2026;ORVEL AUTOMOTOR HYD LTDA;2,52E+13;TEIXEIRA DE FREITAS;BA;27/04/2026;13/05/2026;06/05/2026;Entregue No Prazo;;Entrega realizada;Entrega Finalizada;13;5;27;4;TERMACO;5011;;;
MOBIS BRASIL FABRICACAO DE AUTO PECAS LT;RODOVIARIO;1500406;27/04/2026;2;339574;27/04/2026;SAINT LAND COMERCIO DE VEICULOS LTDA;1,04E+13;JUAZEIRO DO NORTE;CE;27/04/2026;14/05/2026;06/05/2026;Entregue No Prazo;;Entrega realizada;Entrega Finalizada;14;5;27;4;TERMACO;6010;;;
MOBIS BRASIL FABRICACAO DE AUTO PECAS LT;RODOVIARIO;1500442;27/04/2026;1;339549;27/04/2026;AUTORAC VEICULOS LTDA;1,06E+13;PETROLINA;PE;27/04/2026;14/05/2026;06/05/2026;Entregue No Prazo;;Entrega realizada;Entrega Finalizada;14;5;27;4;TERMACO;16001;;;
MOBIS BRASIL FABRICACAO DE AUTO PECAS LT;RODOVIARIO;1501332;28/04/2026;2;339826;28/04/2026;LOVAT VEICULOS S/A;8,57E+12;MARINGA;PR;28/04/2026;05/05/2026;06/05/2026;Entregue Fora do Prazo;;Entrega realizada;Entrega Finalizada;5;5;28;4;TRANSTRY;18008;;;
MOBIS BRASIL FABRICACAO DE AUTO PECAS LT;RODOVIARIO;1501350;28/04/2026;3;339820;28/04/2026;GALA COMERCIO DE VEICULOS LTDA.;1,77E+13;PELOTAS;RS;28/04/2026;06/05/2026;06/05/2026;Entregue No Prazo;;Entrega realizada;Entrega Finalizada;6;5;28;4;TRANSTRY;23009;;;
MOBIS BRASIL FABRICACAO DE AUTO PECAS LT;RODOVIARIO;1501352;28/04/2026;5;339808;28/04/2026;ATUAL VEICULOS LTDA;1,33E+13;ARARANGUA;SC;28/04/2026;06/05/2026;06/05/2026;Entregue No Prazo;;Entrega realizada;Entrega Finalizada;6;5;28;4;TRANSTRY;24001;;;
MOBIS BRASIL FABRICACAO DE AUTO PECAS LT;RODOVIARIO;1501326;28/04/2026;3;339806;28/04/2026;UNIQUE COMERCIO DE AUTOMOVEIS LTDA;1,74E+13;ANANINDEUA;PA;28/04/2026;12/05/2026;06/05/2026;Entregue No Prazo;;Entrega realizada;Entrega Finalizada;12;5;28;4;CARVALIMA;14003;;;
MOBIS BRASIL FABRICACAO DE AUTO PECAS LT;RODOVIARIO;1501327;28/04/2026;23;339806;28/04/2026;UNIQUE COMERCIO DE AUTOMOVEIS LTDA;1,74E+13;ANANINDEUA;PA;28/04/2026;12/05/2026;06/05/2026;Entregue No Prazo;;Entrega realizada;Entrega Finalizada;12;5;28;4;CARVALIMA;14003;;;
MOBIS BRASIL FABRICACAO DE AUTO PECAS LT;RODOVIARIO;1501292;28/04/2026;3;339788;28/04/2026;CYCOSA AUTOMOVEIS LTDA;4,76E+12;MACEIO;AL;28/04/2026;13/05/2026;06/05/2026;Entregue No Prazo;;Entrega realizada;Entrega Finalizada;13;5;28;4;TERMACO;2001;;;
MOBIS BRASIL FABRICACAO DE AUTO PECAS LT;RODOVIARIO;1501311;28/04/2026;2;339769;28/04/2026;NASA MOTORS LTDA.;2,65E+13;SAO LUIS DE MONTES BELOS;GO;28/04/2026;13/05/2026;06/05/2026;Entregue No Prazo;;Entrega realizada;Entrega Finalizada;13;5;28;4;RIO VERMELHO;9016;;;
MOBIS BRASIL FABRICACAO DE AUTO PECAS LT;RODOVIARIO;1501312;28/04/2026;5;339780;28/04/2026;TRIAUTO KOREA AUTOMOVEIS LTDA;4,99E+13;CATALAO;GO;28/04/2026;13/05/2026;06/05/2026;Entregue No Prazo;;Entrega realizada;Entrega Finalizada;13;5;28;4;RIO VERMELHO;9018;;;
MOBIS BRASIL FABRICACAO DE AUTO PECAS LT;RODOVIARIO;1501297;28/04/2026;2;339786;28/04/2026;CAOA MOTOR DO BRASIL LTDA.;1,68E+13;LAURO DE FREITAS;BA;28/04/2026;14/05/2026;06/05/2026;Entregue No Prazo;;Entrega realizada;Entrega Finalizada;14;5;28;4;TERMACO;5008;;;
MOBIS BRASIL FABRICACAO DE AUTO PECAS LT;RODOVIARIO;1501298;28/04/2026;1;339797;28/04/2026;ORVEL AUTOMOTOR HYD LTDA;2,52E+13;TEIXEIRA DE FREITAS;BA;28/04/2026;14/05/2026;06/05/2026;Entregue No Prazo;;Entrega realizada;Entrega Finalizada;14;5;28;4;TERMACO;5011;;;
MOBIS BRASIL FABRICACAO DE AUTO PECAS LT;RODOVIARIO;1501343;28/04/2026;9;339796;28/04/2026;ORIENTE AUTOMOVEIS LTDA;1,33E+13;PARNAMIRIM;RN;28/04/2026;15/05/2026;06/05/2026;Entregue No Prazo;;Entrega realizada;Entrega Finalizada;15;5;28;4;TERMACO;20001;;;
MOBIS BRASIL FABRICACAO DE AUTO PECAS LT;RODOVIARIO;1502042;29/04/2026;2;340006;29/04/2026;TOKSU COMERCIO DE VEICULOS LTDA;1,12E+13;JUIZ DE FORA;MG;29/04/2026;07/05/2026;06/05/2026;Entregue No Prazo;;Entrega realizada;Entrega Finalizada;7;5;29;4;XD BETIM;11008;;;
MOBIS BRASIL FABRICACAO DE AUTO PECAS LT;RODOVIARIO;1502043;29/04/2026;1;339992;29/04/2026;IMOTORS VEICULOS LTDA;7,17E+12;JUIZ DE FORA;MG;29/04/2026;07/05/2026;06/05/2026;Entregue No Prazo;;Entrega realizada;Entrega Finalizada;7;5;29;4;XD BETIM;11010;;;
MOBIS BRASIL FABRICACAO DE AUTO PECAS LT;RODOVIARIO;1502063;29/04/2026;6;340026;29/04/2026;LOVAT VEICULOS S/A;8,57E+12;MARINGA;PR;29/04/2026;07/05/2026;06/05/2026;Entregue No Prazo;;Entrega realizada;Entrega Finalizada;7;5;29;4;TRANSTRY;18008;;;
MOBIS BRASIL FABRICACAO DE AUTO PECAS LT;RODOVIARIO;1502080;29/04/2026;1;340017;29/04/2026;CARWAY SUL VEICULOS LTDA;1,03E+13;PORTO ALEGRE;RS;29/04/2026;07/05/2026;06/05/2026;Entregue No Prazo;;Entrega realizada;Entrega Finalizada;7;5;29;4;TRANSTRY;23003;;;
MOBIS BRASIL FABRICACAO DE AUTO PECAS LT;RODOVIARIO;1502083;29/04/2026;1;340018;29/04/2026;CARWAY SUL VEICULOS LTDA;1,03E+13;CANOAS;RS;29/04/2026;07/05/2026;06/05/2026;Entregue No Prazo;;Entrega realizada;Entrega Finalizada;7;5;29;4;TRANSTRY;23003;;;
MOBIS BRASIL FABRICACAO DE AUTO PECAS LT;RODOVIARIO;1502084;29/04/2026;107;340018;29/04/2026;CARWAY SUL VEICULOS LTDA;1,03E+13;CANOAS;RS;29/04/2026;07/05/2026;06/05/2026;Entregue No Prazo;;Entrega realizada;Entrega Finalizada;7;5;29;4;TRANSTRY;23003;;;
MOBIS BRASIL FABRICACAO DE AUTO PECAS LT;RODOVIARIO;1502576;29/04/2026;1;340285;29/04/2026;LOVAT VEICULOS S/A;8,57E+12;MARINGA;PR;29/04/2026;07/05/2026;06/05/2026;Entregue No Prazo;;Entrega realizada;Entrega Finalizada;7;5;29;4;TRANSTRY;18008;;;
MOBIS BRASIL FABRICACAO DE AUTO PECAS LT;RODOVIARIO;1502584;29/04/2026;3;340242;29/04/2026;AMX COM. E SERVICOS DE AUTOMOTORES LTDA;1,20E+13;RIO DE JANEIRO;RJ;29/04/2026;07/05/2026;06/05/2026;Entregue No Prazo;;Entrega realizada;Entrega Finalizada;7;5;29;4;CAMILO;19009;;;
MOBIS BRASIL FABRICACAO DE AUTO PECAS LT;RODOVIARIO;1502588;29/04/2026;45;340252;29/04/2026;ITAVEMA MOTORS VEICULOS LTDA;7,73E+12;RIO DE JANEIRO;RJ;29/04/2026;07/05/2026;06/05/2026;Entregue No Prazo;;Entrega realizada;Entrega Finalizada;7;5;29;4;CAMILO;19001;;;
MOBIS BRASIL FABRICACAO DE AUTO PECAS LT;RODOVIARIO;1502594;29/04/2026;1;340278;29/04/2026;CARWAY SUL VEICULOS LTDA;1,03E+13;CANOAS;RS;29/04/2026;07/05/2026;06/05/2026;Entregue No Prazo;;Entrega realizada;Entrega Finalizada;7;5;29;4;TRANSTRY;23003;;;
MOBIS BRASIL FABRICACAO DE AUTO PECAS LT;RODOVIARIO;1502048;29/04/2026;1;340005;29/04/2026;TECAR TRILHAS AUTOMOVEIS E SERVICOS LTDA;2,32E+13;DIVINOPOLIS;MG;29/04/2026;07/05/2026;06/05/2026;Entregue No Prazo;;Entrega realizada;Entrega Finalizada;7;5;29;4;XD BETIM;11039;;;
MOBIS BRASIL FABRICACAO DE AUTO PECAS LT;RODOVIARIO;1502049;29/04/2026;1;339999;29/04/2026;RITMO MOTORS LTDA;1,94E+13;PASSOS;MG;29/04/2026;07/05/2026;06/05/2026;Entregue No Prazo;;Entrega realizada;Entrega Finalizada;7;5;29;4;XD BETIM;11040;;;
MOBIS BRASIL FABRICACAO DE AUTO PECAS LT;RODOVIARIO;1502073;29/04/2026;2;340044;29/04/2026;MONTREAL VEICULOS E PECAS LTDA;1,68E+13;SAO PEDRO DA ALDEIA;RJ;29/04/2026;07/05/2026;06/05/2026;Entregue No Prazo;;Entrega realizada;Entrega Finalizada;7;5;29;4;CAMILO;19030;;;
MOBIS BRASIL FABRICACAO DE AUTO PECAS LT;RODOVIARIO;1502087;29/04/2026;1;340022;29/04/2026;HOUSE PARTS - COM DE PECAS E VEIC LTDA;1,15E+13;OSORIO;RS;29/04/2026;07/05/2026;06/05/2026;Entregue No Prazo;;Entrega realizada;Entrega Finalizada;7;5;29;4;TRANSTRY;23016;;;
MOBIS BRASIL FABRICACAO DE AUTO PECAS LT;RODOVIARIO;1502422;29/04/2026;10;340012;29/04/2026;ATUAL VEICULOS LTDA;1,33E+13;TUBARAO;SC;29/04/2026;07/05/2026;06/05/2026;Entregue No Prazo;;Entrega realizada;Entrega Finalizada;7;5;29;4;TRANSTRY;24001;;;
MOBIS BRASIL FABRICACAO DE AUTO PECAS LT;RODOVIARIO;1502597;29/04/2026;3;340281;29/04/2026;GALA COMERCIO DE VEICULOS LTDA.;1,77E+13;PELOTAS;RS;29/04/2026;07/05/2026;06/05/2026;Entregue No Prazo;;Entrega realizada;Entrega Finalizada;7;5;29;4;TRANSTRY;23009;;;
MOBIS BRASIL FABRICACAO DE AUTO PECAS LT;RODOVIARIO;1502034;29/04/2026;4;339995;29/04/2026;NISA COMERCIAL DE VEIC. AUTOMOTORES LTDA;1,03E+13;APARECIDA DE GOIANIA;GO;29/04/2026;11/05/2026;06/05/2026;Entregue No Prazo;;Entrega realizada;Entrega Finalizada;11;5;29;4;RIO VERMELHO;9002;;;
MOBIS BRASIL FABRICACAO DE AUTO PECAS LT;RODOVIARIO;1502548;29/04/2026;7;340262;29/04/2026;PRIME CACHOEIRO VEICULOS LTDA;9,34E+12;LINHARES;ES;29/04/2026;11/05/2026;06/05/2026;Entregue No Prazo;;Entrega realizada;Entrega Finalizada;11;5;29;4;CAMILO;8004;;;
MOBIS BRASIL FABRICACAO DE AUTO PECAS LT;RODOVIARIO;1502549;29/04/2026;2;340267;29/04/2026;TAI MOTORS VEICULOS S/A;9,27E+12;COLATINA;ES;29/04/2026;11/05/2026;06/05/2026;Entregue No Prazo;;Entrega realizada;Entrega Finalizada;11;5;29;4;CAMILO;8002;;;
MOBIS BRASIL FABRICACAO DE AUTO PECAS LT;RODOVIARIO;1502036;29/04/2026;1;340000;29/04/2026;SAGA KOREA COM. DE VEIC. E PC. LTDA;1,27E+13;ANAPOLIS;GO;29/04/2026;13/05/2026;06/05/2026;Entregue No Prazo;;Entrega realizada;Entrega Finalizada;13;5;29;4;RIO VERMELHO;9012;;;
MOBIS BRASIL FABRICACAO DE AUTO PECAS LT;RODOVIARIO;1502056;29/04/2026;2;340059;29/04/2026;UNIQUE COMERCIO DE AUTOMOVEIS LTDA;1,74E+13;ANANINDEUA;PA;29/04/2026;13/05/2026;06/05/2026;Entregue No Prazo;;Entrega realizada;Entrega Finalizada;13;5;29;4;CARVALIMA;14003;;;
MOBIS BRASIL FABRICACAO DE AUTO PECAS LT;RODOVIARIO;1502057;29/04/2026;4;340059;29/04/2026;UNIQUE COMERCIO DE AUTOMOVEIS LTDA;1,74E+13;ANANINDEUA;PA;29/04/2026;13/05/2026;06/05/2026;Entregue No Prazo;;Entrega realizada;Entrega Finalizada;13;5;29;4;CARVALIMA;14003;;;
MOBIS BRASIL FABRICACAO DE AUTO PECAS LT;RODOVIARIO;1502566;29/04/2026;1;340270;29/04/2026;UNIQUE COMERCIO DE AUTOMOVEIS LTDA;1,74E+13;ANANINDEUA;PA;29/04/2026;13/05/2026;06/05/2026;Entregue No Prazo;;Entrega realizada;Entrega Finalizada;13;5;29;4;CARVALIMA;14003;;;
MOBIS BRASIL FABRICACAO DE AUTO PECAS LT;RODOVIARIO;1502624;29/04/2026;1;340266;29/04/2026;SEVEL VEICULOS LTDA;1,07E+13;ARACAJU;SE;29/04/2026;13/05/2026;06/05/2026;Entregue No Prazo;;Entrega realizada;Entrega Finalizada;13;5;29;4;TERMACO;25001;;;
MOBIS BRASIL FABRICACAO DE AUTO PECAS LT;RODOVIARIO;1502019;29/04/2026;3;340035;29/04/2026;CYCOSA AUTOMOVEIS LTDA;4,76E+12;MACEIO;AL;29/04/2026;15/05/2026;06/05/2026;Entregue No Prazo;;entrega realizada;Entrega Finalizada;15;5;29;4;TERMACO;2001;;;
MOBIS BRASIL FABRICACAO DE AUTO PECAS LT;RODOVIARIO;1502039;29/04/2026;3;340007;29/04/2026;TRIAUTO KOREA AUTOMOVEIS LTDA;4,99E+13;CATALAO;GO;29/04/2026;15/05/2026;06/05/2026;Entregue No Prazo;;Entrega realizada;Entrega Finalizada;15;5;29;4;RIO VERMELHO;9018;;;
MOBIS BRASIL FABRICACAO DE AUTO PECAS LT;RODOVIARIO;1502026;29/04/2026;1;340046;29/04/2026;PATEO COMERCIO DE VEICULOS S A;7,78E+12;FEIRA DE SANTANA;BA;29/04/2026;15/05/2026;06/05/2026;Entregue No Prazo;;entrega realizada;Entrega Finalizada;15;5;29;4;TERMACO;5009;;;
MOBIS BRASIL FABRICACAO DE AUTO PECAS LT;RODOVIARIO;1502542;29/04/2026;12;340258;29/04/2026;PATEO COMERCIO DE VEICULOS S A;7,78E+12;FEIRA DE SANTANA;BA;29/04/2026;15/05/2026;06/05/2026;Entregue No Prazo;;entrega realizada;Entrega Finalizada;15;5;29;4;TERMACO;5009;;;
MOBIS BRASIL FABRICACAO DE AUTO PECAS LT;RODOVIARIO;1502078;29/04/2026;1;340051;29/04/2026;SAGA ASIA COM. DE VEIC.PC.E SERV. LTDA;2,14E+13;PORTO VELHO;RO;29/04/2026;19/05/2026;06/05/2026;Entregue No Prazo;;Entrega realizada;Entrega Finalizada;19;5;29;4;CARVALIMA;21003;;;
MOBIS BRASIL FABRICACAO DE AUTO PECAS LT;RODOVIARIO;1503397;30/04/2026;3;340484;30/04/2026;CAOA MOTOR DO BRASIL LTDA (ARICANDUVA);1,68E+13;SAO PAULO;SP;30/04/2026;06/05/2026;06/05/2026;Entregue No Prazo;;Entrega realizada;Entrega Finalizada;6;5;30;4;XD DIADEMA;26039;;;
MOBIS BRASIL FABRICACAO DE AUTO PECAS LT;RODOVIARIO;1503327;30/04/2026;1;340510;30/04/2026;TOKSU COMERCIO DE VEICULOS LTDA;1,12E+13;JUIZ DE FORA;MG;30/04/2026;08/05/2026;06/05/2026;Entregue No Prazo;;Entrega realizada;Entrega Finalizada;8;5;30;4;XD BETIM;11008;;;
MOBIS BRASIL FABRICACAO DE AUTO PECAS LT;RODOVIARIO;1503328;30/04/2026;7;340494;30/04/2026;IMOTORS VEICULOS LTDA;7,17E+12;JUIZ DE FORA;MG;30/04/2026;08/05/2026;06/05/2026;Entregue No Prazo;;Entrega realizada;Entrega Finalizada;8;5;30;4;XD BETIM;11010;;;
MOBIS BRASIL FABRICACAO DE AUTO PECAS LT;RODOVIARIO;1503351;30/04/2026;4;340533;30/04/2026;LOVAT VEICULOS S/A;8,57E+12;MARINGA;PR;30/04/2026;08/05/2026;06/05/2026;Entregue No Prazo;;Entrega realizada;Entrega Finalizada;8;5;30;4;TRANSTRY;18008;;;
MOBIS BRASIL FABRICACAO DE AUTO PECAS LT;RODOVIARIO;1503354;30/04/2026;10;340540;30/04/2026;VETOR AUTOMOVEIS LTDA;2,12E+13;CASCAVEL;PR;30/04/2026;08/05/2026;06/05/2026;Entregue No Prazo;;Entrega realizada;Entrega Finalizada;8;5;30;4;TRANSTRY;18019;;;
MOBIS BRASIL FABRICACAO DE AUTO PECAS LT;RODOVIARIO;1503355;30/04/2026;1;340541;30/04/2026;VETOR AUTOMOVEIS LTDA;2,12E+13;UMUARAMA;PR;30/04/2026;08/05/2026;06/05/2026;Entregue No Prazo;;Entrega realizada;Entrega Finalizada;8;5;30;4;TRANSTRY;18019;;;
MOBIS BRASIL FABRICACAO DE AUTO PECAS LT;RODOVIARIO;1503359;30/04/2026;6;340545;30/04/2026;AMX COM. E SERVICOS DE AUTOMOTORES LTDA;1,20E+13;RIO DE JANEIRO;RJ;30/04/2026;08/05/2026;06/05/2026;Entregue No Prazo;;Entrega realizada;Entrega Finalizada;8;5;30;4;CAMILO;19009;;;
MOBIS BRASIL FABRICACAO DE AUTO PECAS LT;RODOVIARIO;1503368;30/04/2026;3;340524;30/04/2026;CARWAY SUL VEICULOS LTDA;1,03E+13;CANOAS;RS;30/04/2026;08/05/2026;06/05/2026;Entregue No Prazo;;Entrega realizada;Entrega Finalizada;8;5;30;4;TRANSTRY;23003;;;
MOBIS BRASIL FABRICACAO DE AUTO PECAS LT;RODOVIARIO;1503381;30/04/2026;2;340522;30/04/2026;BARI VEICULOS LTDA.;7,46E+12;ITAJAI;SC;30/04/2026;08/05/2026;06/05/2026;Entregue No Prazo;;Entrega realizada;Entrega Finalizada;8;5;30;4;TRANSTRY;24014;;;
MOBIS BRASIL FABRICACAO DE AUTO PECAS LT;RODOVIARIO;1503333;30/04/2026;1;340515;30/04/2026;VIME AUTOMOVEIS E PECAS LTDA;2,85E+13;GUAXUPE;MG;30/04/2026;11/05/2026;06/05/2026;Entregue No Prazo;;Entrega realizada;Entrega Finalizada;11;5;30;4;XD BETIM;11031;;;
MOBIS BRASIL FABRICACAO DE AUTO PECAS LT;RODOVIARIO;1503370;30/04/2026;1;340527;30/04/2026;GALA COMERCIO DE VEICULOS LTDA.;1,77E+13;PELOTAS;RS;30/04/2026;11/05/2026;06/05/2026;Entregue No Prazo;;Entrega realizada;Entrega Finalizada;11;5;30;4;TRANSTRY;23009;;;
MOBIS BRASIL FABRICACAO DE AUTO PECAS LT;RODOVIARIO;1503375;30/04/2026;1;340531;30/04/2026;HOUSE PARTS COMERCIO DE PECAS E VEI;1,15E+13;CAXIAS DO SUL;RS;30/04/2026;11/05/2026;06/05/2026;Entregue No Prazo;;Entrega realizada;Entrega Finalizada;11;5;30;4;TRANSTRY;23023;;;
MOBIS BRASIL FABRICACAO DE AUTO PECAS LT;RODOVIARIO;1503376;30/04/2026;1;340516;30/04/2026;ATUAL VEICULOS LTDA;1,33E+13;CRICIUMA;SC;30/04/2026;11/05/2026;06/05/2026;Entregue No Prazo;;Entrega realizada;Entrega Finalizada;11;5;30;4;TRANSTRY;24001;;;
MOBIS BRASIL FABRICACAO DE AUTO PECAS LT;RODOVIARIO;1503378;30/04/2026;2;340534;30/04/2026;LR COMERCIO DE VEICULOS LTDA;1,05E+13;SAO JOSE;SC;30/04/2026;11/05/2026;06/05/2026;Entregue No Prazo;;Entrega realizada;Entrega Finalizada;11;5;30;4;TRANSTRY;24007;;;
MOBIS BRASIL FABRICACAO DE AUTO PECAS LT;RODOVIARIO;1503380;30/04/2026;9;340520;30/04/2026;BARI VEICULOS LTDA;7,46E+12;BLUMENAU;SC;30/04/2026;11/05/2026;06/05/2026;Entregue No Prazo;;Entrega realizada;Entrega Finalizada;11;5;30;4;TRANSTRY;18024;;;
MOBIS BRASIL FABRICACAO DE AUTO PECAS LT;RODOVIARIO;1503383;30/04/2026;1;340529;30/04/2026;GAMBATTO H1 VEICULOS LTDA;1,94E+13;CHAPECO;SC;30/04/2026;11/05/2026;06/05/2026;Entregue No Prazo;;Entrega realizada;Entrega Finalizada;11;5;30;4;TRANSTRY;24018;;;
MOBIS BRASIL FABRICACAO DE AUTO PECAS LT;RODOVIARIO;1503385;30/04/2026;1;340535;30/04/2026;LR COMERCIO DE VEICULOS LTDA;1,05E+13;RIO DO SUL;SC;30/04/2026;11/05/2026;06/05/2026;Entregue No Prazo;;Entrega realizada;Entrega Finalizada;11;5;30;4;TRANSTRY;24007;;;
MOBIS BRASIL FABRICACAO DE AUTO PECAS LT;RODOVIARIO;1503423;30/04/2026;9;340517;30/04/2026;ATUAL VEICULOS LTDA;1,33E+13;TUBARAO;SC;30/04/2026;11/05/2026;06/05/2026;Entregue No Prazo;;Entrega realizada;Entrega Finalizada;11;5;30;4;TRANSTRY;24001;;;
MOBIS BRASIL FABRICACAO DE AUTO PECAS LT;RODOVIARIO;1502550;29/04/2026;1;340499;30/04/2026;NISA COMERCIAL DE VEIC. AUTOMOTORES LTDA;1,03E+13;APARECIDA DE GOIANIA;GO;30/04/2026;12/05/2026;06/05/2026;Entregue No Prazo;;Entrega realizada;Entrega Finalizada;12;5;30;4;RIO VERMELHO;9002;;;
MOBIS BRASIL FABRICACAO DE AUTO PECAS LT;RODOVIARIO;1502551;29/04/2026;24;340505;30/04/2026;SAGA KOREA COM. DE VEIC. E PC. LTDA;1,27E+13;GOIANIA;GO;30/04/2026;12/05/2026;06/05/2026;Entregue No Prazo;;Entrega realizada;Entrega Finalizada;12;5;30;4;RIO VERMELHO;9011;;;
MOBIS BRASIL FABRICACAO DE AUTO PECAS LT;RODOVIARIO;1503320;30/04/2026;4;340505;30/04/2026;SAGA KOREA COM. DE VEIC. E PC. LTDA;1,27E+13;GOIANIA;GO;30/04/2026;12/05/2026;06/05/2026;Entregue No Prazo;;Entrega realizada;Entrega Finalizada;12;5;30;4;RIO VERMELHO;9011;;;
MOBIS BRASIL FABRICACAO DE AUTO PECAS LT;RODOVIARIO;1503321;30/04/2026;1;340505;30/04/2026;SAGA KOREA COM. DE VEIC. E PC. LTDA;1,27E+13;GOIANIA;GO;30/04/2026;12/05/2026;06/05/2026;Entregue No Prazo;;Entrega realizada;Entrega Finalizada;12;5;30;4;RIO VERMELHO;9011;;;
MOBIS BRASIL FABRICACAO DE AUTO PECAS LT;RODOVIARIO;1503323;30/04/2026;1;340498;30/04/2026;NISA COMERCIAL DE VEIC. AUTOMOTORES LTDA;1,03E+13;GOIANIA;GO;30/04/2026;12/05/2026;06/05/2026;Entregue No Prazo;;Entrega realizada;Entrega Finalizada;12;5;30;4;RIO VERMELHO;9013;;;
MOBIS BRASIL FABRICACAO DE AUTO PECAS LT;RODOVIARIO;1503372;30/04/2026;4;340525;30/04/2026;CHINHAN AUTOMOVEIS LTDA;2,41E+13;ERECHIM;RS;30/04/2026;12/05/2026;06/05/2026;Entregue No Prazo;;Entrega realizada;Entrega Finalizada;12;5;30;4;TRANSTRY;23019;;;
MOBIS BRASIL FABRICACAO DE AUTO PECAS LT;RODOVIARIO;1503382;30/04/2026;3;340521;30/04/2026;BARI VEICULOS LTDA;7,46E+12;BALNEARIO CAMBORIU;SC;30/04/2026;12/05/2026;06/05/2026;Entregue No Prazo;;Entrega realizada;Entrega Finalizada;12;5;30;4;TRANSTRY;18024;;;
MOBIS BRASIL FABRICACAO DE AUTO PECAS LT;RODOVIARIO;1503322;30/04/2026;1;340506;30/04/2026;SAGA KOREA COM. DE VEIC. E PC. LTDA;1,27E+13;ANAPOLIS;GO;30/04/2026;15/05/2026;06/05/2026;Entregue No Prazo;;Entrega realizada;Entrega Finalizada;15;5;30;4;RIO VERMELHO;9012;;;
MOBIS BRASIL FABRICACAO DE AUTO PECAS LT;RODOVIARIO;1503343;30/04/2026;2;340578;30/04/2026;UNIQUE COMERCIO DE AUTOMOVEIS LTDA;1,74E+13;ANANINDEUA;PA;30/04/2026;15/05/2026;06/05/2026;Entregue No Prazo;;Entrega realizada;Entrega Finalizada;15;5;30;4;CARVALIMA;14003;;;
MOBIS BRASIL FABRICACAO DE AUTO PECAS LT; RODOVIARIO;1503390;30/04/2026;13;340599;04/05/2026;DHC COMERCIO DE VEICULOS E PECAS LTDA;9,52E+12;BAURU;SP;04/05/2026;08/05/2026;06/05/2026;Entregue No Prazo;;Entrega realizada;Entrega Finalizada;8;5;4;5;MVT;26010;;;
MOBIS BRASIL FABRICACAO DE AUTO PECAS LT; RODOVIARIO;1503394;30/04/2026;1;340605;04/05/2026;NEW VEICULOS E PECAS LTDA;1,59E+13;RIBEIRAO PRETO;SP;04/05/2026;08/05/2026;06/05/2026;Entregue No Prazo;;Entrega realizada;Entrega Finalizada;8;5;4;5;MVT;26014;;;
MOBIS BRASIL FABRICACAO DE AUTO PECAS LT; RODOVIARIO;1504200;04/05/2026;2;340744;04/05/2026;DHC COMERCIO DE VEICULOS E PECAS LTDA;9,52E+12;BAURU;SP;04/05/2026;08/05/2026;06/05/2026;Entregue No Prazo;;Entrega realizada;Entrega Finalizada;8;5;4;5;MVT;26010;;;
MOBIS BRASIL FABRICACAO DE AUTO PECAS LT; RODOVIARIO;1504206;04/05/2026;2;340742;04/05/2026;ANDRETA II DISTRIBUIDORA DE VEIC. LTDA;9,10E+12;AMERICANA;SP;04/05/2026;08/05/2026;06/05/2026;Entregue No Prazo;;Entrega realizada;Entrega Finalizada;8;5;4;5;MVT;26011;;;
MOBIS BRASIL FABRICACAO DE AUTO PECAS LT; RODOVIARIO;1503405;30/04/2026;2;340600;04/05/2026;DHC COMERCIO DE VEICULOS E PECAS LTDA;9,52E+12;MARILIA;SP;04/05/2026;11/05/2026;06/05/2026;Entregue No Prazo;;Entrega realizada;Entrega Finalizada;11;5;4;5;MVT;26010;;;
MOBIS BRASIL FABRICACAO DE AUTO PECAS LT; RODOVIARIO;1503408;30/04/2026;1;340598;04/05/2026;DESTAQUE SEUL DISTR DE VEIC PEC LTDA;2,12E+13;CARAGUATATUBA;SP;04/05/2026;11/05/2026;06/05/2026;Entregue No Prazo;;Entrega realizada;Entrega Finalizada;11;5;4;5;MVT;26082;;;
MOBIS BRASIL FABRICACAO DE AUTO PECAS LT; RODOVIARIO;1503411;30/04/2026;2;340602;04/05/2026;H - CAMINHO AUTOMOVEIS LTDA;2,53E+13;PIRACICABA;SP;04/05/2026;11/05/2026;06/05/2026;Entregue No Prazo;;Entrega realizada;Entrega Finalizada;11;5;4;5;MVT;26092;;;
MOBIS BRASIL FABRICACAO DE AUTO PECAS LT; RODOVIARIO;1503412;30/04/2026;1;340601;04/05/2026;H - CAMINHO AUTOMOVEIS LTDA;2,53E+13;CATANDUVA;SP;04/05/2026;11/05/2026;06/05/2026;Entregue No Prazo;;Entrega realizada;Entrega Finalizada;11;5;4;5;MVT;26092;;;
MOBIS BRASIL FABRICACAO DE AUTO PECAS LT; RODOVIARIO;1503413;30/04/2026;2;340597;04/05/2026;ANDRETA II DISTRIBUIDORA DE VEIC. LTDA;9,10E+12;RIO CLARO;SP;04/05/2026;11/05/2026;06/05/2026;Entregue No Prazo;;Entrega realizada;Entrega Finalizada;11;5;4;5;MVT;26011;;;
MOBIS BRASIL FABRICACAO DE AUTO PECAS LT; RODOVIARIO;1504172;04/05/2026;1;340812;04/05/2026;LOVAT VEICULOS S/A;8,57E+12;LONDRINA;PR;04/05/2026;11/05/2026;06/05/2026;Entregue No Prazo;;Entrega realizada;Entrega Finalizada;11;5;4;5;TRANSTRY;18008;;;
MOBIS BRASIL FABRICACAO DE AUTO PECAS LT; RODOVIARIO;1504173;04/05/2026;3;340812;04/05/2026;LOVAT VEICULOS S/A;8,57E+12;LONDRINA;PR;04/05/2026;11/05/2026;06/05/2026;Entregue No Prazo;;Entrega realizada;Entrega Finalizada;11;5;4;5;TRANSTRY;18008;;;
MOBIS BRASIL FABRICACAO DE AUTO PECAS LT; RODOVIARIO;1504178;04/05/2026;3;340806;04/05/2026;BARI VEICULOS LTDA;7,46E+12;PONTA GROSSA;PR;04/05/2026;11/05/2026;06/05/2026;Entregue No Prazo;;Entrega realizada;Entrega Finalizada;11;5;4;5;TRANSTRY;18024;;;
MOBIS BRASIL FABRICACAO DE AUTO PECAS LT; RODOVIARIO;1504180;04/05/2026;4;340830;04/05/2026;ITAVEMA MOTORS VEICULOS LTDA;7,73E+12;DUQUE DE CAXIAS;RJ;04/05/2026;11/05/2026;06/05/2026;Entregue No Prazo;;Entrega realizada;Entrega Finalizada;11;5;4;5;CAMILO;19001;;;
MOBIS BRASIL FABRICACAO DE AUTO PECAS LT; RODOVIARIO;1504181;04/05/2026;1;340831;04/05/2026;ITAVEMA MOTORS VEICULOS LTDA;7,73E+12;RIO DE JANEIRO;RJ;04/05/2026;11/05/2026;06/05/2026;Entregue No Prazo;;Entrega realizada;Entrega Finalizada;11;5;4;5;CAMILO;19001;;;
MOBIS BRASIL FABRICACAO DE AUTO PECAS LT; RODOVIARIO;1504182;04/05/2026;10;340831;04/05/2026;ITAVEMA MOTORS VEICULOS LTDA;7,73E+12;RIO DE JANEIRO;RJ;04/05/2026;11/05/2026;06/05/2026;Entregue No Prazo;;Entrega realizada;Entrega Finalizada;11;5;4;5;CAMILO;19001;;;
MOBIS BRASIL FABRICACAO DE AUTO PECAS LT; RODOVIARIO;1504183;04/05/2026;2;340821;04/05/2026;CAOA MOTOR DO BRASIL LTDA;1,68E+13;RIO DE JANEIRO;RJ;04/05/2026;11/05/2026;06/05/2026;Entregue No Prazo;;Entrega realizada;Entrega Finalizada;11;5;4;5;CAMILO;5008;;;
MOBIS BRASIL FABRICACAO DE AUTO PECAS LT; RODOVIARIO;1504207;04/05/2026;7;340747;04/05/2026;NEW VEICULOS E PECAS LTDA;1,59E+13;FRANCA;SP;04/05/2026;11/05/2026;06/05/2026;Entregue No Prazo;;Entrega realizada;Entrega Finalizada;11;5;4;5;MVT;26014;;;
MOBIS BRASIL FABRICACAO DE AUTO PECAS LT; RODOVIARIO;1504211;04/05/2026;3;340749;04/05/2026;NOBRE DISTRIBUIDORA DE VEIC. E PEC. LTDA;5,76E+12;APARECIDA;SP;04/05/2026;11/05/2026;06/05/2026;Entregue No Prazo;;Entrega realizada;Entrega Finalizada;11;5;4;5;MVT;26053;;;
MOBIS BRASIL FABRICACAO DE AUTO PECAS LT; RODOVIARIO;1504213;04/05/2026;1;340745;04/05/2026;GOLDEN MOTORS VEICULOS LTDA;3,62E+12;PRESIDENTE PRUDENTE;SP;04/05/2026;11/05/2026;06/05/2026;Entregue No Prazo;;Entrega realizada;Entrega Finalizada;11;5;4;5;MVT;12001;;;
MOBIS BRASIL FABRICACAO DE AUTO PECAS LT; RODOVIARIO;1504217;04/05/2026;1;340743;04/05/2026;DESTAQUE SEUL DISTR DE VEIC PEC LTDA;2,12E+13;CARAGUATATUBA;SP;04/05/2026;11/05/2026;06/05/2026;Entregue No Prazo;;Entrega realizada;Entrega Finalizada;11;5;4;5;MVT;26082;;;
MOBIS BRASIL FABRICACAO DE AUTO PECAS LT; RODOVIARIO;1504177;04/05/2026;2;340817;04/05/2026;ZENDAI VEICULOS LTDA;1,97E+13;TOLEDO;PR;04/05/2026;12/05/2026;06/05/2026;Entregue No Prazo;;Entrega realizada;Entrega Finalizada;12;5;4;5;TRANSTRY;18016;;;
MOBIS BRASIL FABRICACAO DE AUTO PECAS LT;RODOVIARIO;1505098;06/05/2026;124;340986;06/05/2026;ANDRETA II DISTRIBUIDORA DE VEIC. LTDA;9,10E+12;CAMPINAS;SP;06/05/2026;11/05/2026;06/05/2026;Entregue No Prazo;;Entrega realizada;Entrega Finalizada;11;5;6;5;BV LOG;26011;;;
MOBIS BRASIL FABRICACAO DE AUTO PECAS LT;RODOVIARIO;1505099;06/05/2026;27;340987;06/05/2026;MOTONET COMERCIO DE VEICULOS LTDA;9,28E+12;SOROCABA;SP;06/05/2026;11/05/2026;06/05/2026;Entregue No Prazo;;Entrega realizada;Entrega Finalizada;11;5;6;5;BV LOG;26113;;;
MOBIS BRASIL FABRICACAO DE AUTO PECAS LT;RODOVIARIO;1474638;09/03/2026;1;331484;09/03/2026;UNIQUE BOA VISTA COM. DE AUTOMOVEIS LTDA;3,48E+13;BOA VISTA;RR;09/03/2026;06/04/2026;07/05/2026;Entregue Fora do Prazo;;Entrega realizada;Entrega Finalizada;6;4;9;3;NORTEX;22002;;;
MOBIS BRASIL FABRICACAO DE AUTO PECAS LT;RODOVIARIO;1494444;15/04/2026;1;337830;15/04/2026;MONTREAL VEICULOS E PECAS LTDA;1,68E+13;SAO PEDRO DA ALDEIA;RJ;15/04/2026;22/04/2026;07/05/2026;Entregue Fora do Prazo;Falta;Entrega realizada;Entrega Finalizada;22;4;15;4;CAMILO;19030;;;
MOBIS BRASIL FABRICACAO DE AUTO PECAS LT;RODOVIARIO;1494273;15/04/2026;2;337830;15/04/2026;MONTREAL VEICULOS E PECAS LTDA;1,68E+13;SAO PEDRO DA ALDEIA;RJ;15/04/2026;22/04/2026;07/05/2026;Entregue Fora do Prazo;Falta;Entrega realizada;Entrega Finalizada;22;4;15;4;CAMILO;19030;;;
MOBIS BRASIL FABRICACAO DE AUTO PECAS LT;RODOVIARIO;1495921;17/04/2026;4;338350;17/04/2026;PRIME CACHOEIRO VEICULOS LTDA EPP;9,34E+12;CACHOEIRO DE ITAPEMIRIM;ES;17/04/2026;27/04/2026;07/05/2026;Entregue Fora do Prazo;Falta;Entrega realizada;Entrega Finalizada;27;4;17;4;CAMILO;8003;;;
MOBIS BRASIL FABRICACAO DE AUTO PECAS LT;RODOVIARIO;1497730;21/04/2026;4;338788;22/04/2026;ULSAN COMERCIO DE VEICULOS LTDA.;2,10E+13;CAMPO GRANDE;MS;22/04/2026;30/04/2026;07/05/2026;Entregue Fora do Prazo;;Entrega realizada;Entrega Finalizada;30;4;22;4;CARVALIMA;12004;;;
MOBIS BRASIL FABRICACAO DE AUTO PECAS LT;RODOVIARIO;1500462;27/04/2026;5;339596;27/04/2026;GAMBATTO H1 VEICULOS LTDA;1,94E+13;PASSO FUNDO;RS;27/04/2026;05/05/2026;07/05/2026;Entregue Fora do Prazo;;Entrega realizada;Entrega Finalizada;5;5;27;4;TRANSTRY;23015;;;
MOBIS BRASIL FABRICACAO DE AUTO PECAS LT;RODOVIARIO;1501010;27/04/2026;2;339596;27/04/2026;GAMBATTO H1 VEICULOS LTDA;1,94E+13;PASSO FUNDO;RS;27/04/2026;05/05/2026;07/05/2026;Entregue Fora do Prazo;;Entrega realizada;Entrega Finalizada;5;5;27;4;TRANSTRY;23015;;;
MOBIS BRASIL FABRICACAO DE AUTO PECAS LT;RODOVIARIO;1500401;27/04/2026;1;339567;27/04/2026;PATEO COMERCIO DE VEICULOS S A;7,78E+12;SALVADOR;BA;27/04/2026;08/05/2026;07/05/2026;Entregue No Prazo;;Entrega realizada;Entrega Finalizada;8;5;27;4;TERMACO;5003;;;
MOBIS BRASIL FABRICACAO DE AUTO PECAS LT;RODOVIARIO;1500988;27/04/2026;1;339567;27/04/2026;PATEO COMERCIO DE VEICULOS S A;7,78E+12;SALVADOR;BA;27/04/2026;08/05/2026;07/05/2026;Entregue No Prazo;;Entrega realizada;Entrega Finalizada;8;5;27;4;TERMACO;5003;;;
MOBIS BRASIL FABRICACAO DE AUTO PECAS LT;RODOVIARIO;1501351;28/04/2026;1;339821;28/04/2026;GAMBATTO H1 VEICULOS LTDA;1,94E+13;PASSO FUNDO;RS;28/04/2026;06/05/2026;07/05/2026;Entregue Fora do Prazo;;Entrega realizada;Entrega Finalizada;6;5;28;4;TRANSTRY;23015;;;
MOBIS BRASIL FABRICACAO DE AUTO PECAS LT;RODOVIARIO;1501323;28/04/2026;6;339805;28/04/2026;ULSAN COMERCIO DE VEICULOS LTDA.;2,10E+13;CAMPO GRANDE;MS;28/04/2026;07/05/2026;07/05/2026;Entregue No Prazo;;Entrega realizada;Entrega Finalizada;7;5;28;4;CARVALIMA;12004;;;
MOBIS BRASIL FABRICACAO DE AUTO PECAS LT;RODOVIARIO;1501294;28/04/2026;85;339799;28/04/2026;PATEO COMERCIO DE VEICULOS S A;7,78E+12;SALVADOR;BA;28/04/2026;11/05/2026;07/05/2026;Entregue No Prazo;;Entrega realizada;Entrega Finalizada;11;5;28;4;TERMACO;5003;;;
MOBIS BRASIL FABRICACAO DE AUTO PECAS LT;RODOVIARIO;1501295;28/04/2026;1;339790;28/04/2026;FAZZA MOTORS COMERCIO DE VEICULOS LTDA;1,24E+13;SALVADOR;BA;28/04/2026;11/05/2026;07/05/2026;Entregue No Prazo;;Entrega realizada;Entrega Finalizada;11;5;28;4;TERMACO;5007;;;
MOBIS BRASIL FABRICACAO DE AUTO PECAS LT;RODOVIARIO;1501296;28/04/2026;18;339790;28/04/2026;FAZZA MOTORS COMERCIO DE VEICULOS LTDA;1,24E+13;SALVADOR;BA;28/04/2026;11/05/2026;07/05/2026;Entregue No Prazo;;Entrega realizada;Entrega Finalizada;11;5;28;4;TERMACO;5007;;;
MOBIS BRASIL FABRICACAO DE AUTO PECAS LT;RODOVIARIO;1501300;28/04/2026;3;339789;28/04/2026;FAZZA MOTORS COM. DE VEICULOS LTDA;1,24E+13;FORTALEZA;CE;28/04/2026;13/05/2026;07/05/2026;Entregue No Prazo;;Entrega realizada;Entrega Finalizada;13;5;28;4;TERMACO;6001;;;
MOBIS BRASIL FABRICACAO DE AUTO PECAS LT;RODOVIARIO;1501301;28/04/2026;1;339804;28/04/2026;SAINT LAND COMERCIO DE VEICULOS LTDA;1,04E+13;JUAZEIRO DO NORTE;CE;28/04/2026;15/05/2026;07/05/2026;Entregue No Prazo;;Entrega realizada;Entrega Finalizada;15;5;28;4;TERMACO;6010;;;
MOBIS BRASIL FABRICACAO DE AUTO PECAS LT;RODOVIARIO;1501344;28/04/2026;2;339803;28/04/2026;SAINT LAND COM DE VEICULOS S A;1,04E+13;MOSSORO;RN;28/04/2026;15/05/2026;07/05/2026;Entregue No Prazo;;Entrega realizada;Entrega Finalizada;15;5;28;4;TERMACO;20002;;;
MOBIS BRASIL FABRICACAO DE AUTO PECAS LT;RODOVIARIO;1501345;28/04/2026;5;339787;28/04/2026;COMETA JI PARANA COM. DE VEIC. LTDA;4,23E+12;JIPARANA;RO;28/04/2026;18/05/2026;07/05/2026;Entregue No Prazo;;Entrega realizada;Entrega Finalizada;18;5;28;4;CARVALIMA;21002;;;
MOBIS BRASIL FABRICACAO DE AUTO PECAS LT;RODOVIARIO;1502031;29/04/2026;15;340056;29/04/2026;TAI MOTORS VEICULOS S/A;9,27E+12;VITORIA;ES;29/04/2026;07/05/2026;07/05/2026;Entregue No Prazo;;Entrega realizada;Entrega Finalizada;7;5;29;4;CAMILO;8002;;;
MOBIS BRASIL FABRICACAO DE AUTO PECAS LT;RODOVIARIO;1502086;29/04/2026;1;340020;29/04/2026;GAMBATTO H1 VEICULOS LTDA;1,94E+13;PASSO FUNDO;RS;29/04/2026;07/05/2026;07/05/2026;Entregue No Prazo;;Entrega realizada;Entrega Finalizada;7;5;29;4;TRANSTRY;23015;;;
MOBIS BRASIL FABRICACAO DE AUTO PECAS LT;RODOVIARIO;1502545;29/04/2026;3;340271;29/04/2026;VIA BRASIL AUTOMOVEIS LTDA.;4,72E+12;SERRA;ES;29/04/2026;07/05/2026;07/05/2026;Entregue No Prazo;;Entrega realizada;Entrega Finalizada;7;5;29;4;CAMILO;8001;;;
MOBIS BRASIL FABRICACAO DE AUTO PECAS LT;RODOVIARIO;1502546;29/04/2026;1;340271;29/04/2026;VIA BRASIL AUTOMOVEIS LTDA.;4,72E+12;SERRA;ES;29/04/2026;07/05/2026;07/05/2026;Entregue No Prazo;;Entrega realizada;Entrega Finalizada;7;5;29;4;CAMILO;8001;;;
MOBIS BRASIL FABRICACAO DE AUTO PECAS LT;RODOVIARIO;1502032;29/04/2026;2;340050;29/04/2026;PRIME CACHOEIRO VEICULOS LTDA EPP;9,34E+12;CACHOEIRO DE ITAPEMIRIM;ES;29/04/2026;11/05/2026;07/05/2026;Entregue No Prazo;;Entrega realizada;Entrega Finalizada;11;5;29;4;CAMILO;8003;;;
MOBIS BRASIL FABRICACAO DE AUTO PECAS LT;RODOVIARIO;1502033;29/04/2026;1;340050;29/04/2026;PRIME CACHOEIRO VEICULOS LTDA EPP;9,34E+12;CACHOEIRO DE ITAPEMIRIM;ES;29/04/2026;11/05/2026;07/05/2026;Entregue No Prazo;;Entrega realizada;Entrega Finalizada;11;5;29;4;CAMILO;8003;;;
MOBIS BRASIL FABRICACAO DE AUTO PECAS LT;RODOVIARIO;1502547;29/04/2026;5;340263;29/04/2026;PRIME CACHOEIRO VEICULOS LTDA EPP;9,34E+12;CACHOEIRO DE ITAPEMIRIM;ES;29/04/2026;11/05/2026;07/05/2026;Entregue No Prazo;;Entrega realizada;Entrega Finalizada;11;5;29;4;CAMILO;8003;;;
MOBIS BRASIL FABRICACAO DE AUTO PECAS LT;RODOVIARIO;1502053;29/04/2026;1;340052;29/04/2026;SAGA ASIA COM. DE VEIC.PC.E SERV. LTDA;2,23E+13;VARZEA GRANDE;MT;29/04/2026;11/05/2026;07/05/2026;Entregue No Prazo;;Entrega realizada;Entrega Finalizada;11;5;29;4;CARVALIMA;13004;;;
MOBIS BRASIL FABRICACAO DE AUTO PECAS LT;RODOVIARIO;1502054;29/04/2026;41;340052;29/04/2026;SAGA ASIA COM. DE VEIC.PC.E SERV. LTDA;2,23E+13;VARZEA GRANDE;MT;29/04/2026;11/05/2026;07/05/2026;Entregue No Prazo;;Entrega realizada;Entrega Finalizada;11;5;29;4;CARVALIMA;13004;;;
MOBIS BRASIL FABRICACAO DE AUTO PECAS LT;RODOVIARIO;1502564;29/04/2026;2;340264;29/04/2026;SAGA ASIA COM. DE VEIC.PC.E SERV. LTDA;2,23E+13;VARZEA GRANDE;MT;29/04/2026;11/05/2026;07/05/2026;Entregue No Prazo;;Entrega realizada;Entrega Finalizada;11;5;29;4;CARVALIMA;13004;;;
MOBIS BRASIL FABRICACAO DE AUTO PECAS LT;RODOVIARIO;1502021;29/04/2026;1;340047;29/04/2026;PATEO COMERCIO DE VEICULOS S A;7,78E+12;SALVADOR;BA;29/04/2026;13/05/2026;07/05/2026;Entregue No Prazo;;Entrega realizada;Entrega Finalizada;13;5;29;4;TERMACO;5003;;;
MOBIS BRASIL FABRICACAO DE AUTO PECAS LT;RODOVIARIO;1502022;29/04/2026;15;340047;29/04/2026;PATEO COMERCIO DE VEICULOS S A;7,78E+12;SALVADOR;BA;29/04/2026;13/05/2026;07/05/2026;Entregue No Prazo;;Entrega realizada;Entrega Finalizada;13;5;29;4;TERMACO;5003;;;
MOBIS BRASIL FABRICACAO DE AUTO PECAS LT;RODOVIARIO;1502023;29/04/2026;2;340036;29/04/2026;FAZZA MOTORS COMERCIO DE VEICULOS LTDA;1,24E+13;SALVADOR;BA;29/04/2026;13/05/2026;07/05/2026;Entregue No Prazo;;Entrega realizada;Entrega Finalizada;13;5;29;4;TERMACO;5007;;;
MOBIS BRASIL FABRICACAO DE AUTO PECAS LT;RODOVIARIO;1502024;29/04/2026;72;340036;29/04/2026;FAZZA MOTORS COMERCIO DE VEICULOS LTDA;1,24E+13;SALVADOR;BA;29/04/2026;13/05/2026;07/05/2026;Entregue No Prazo;;Entrega realizada;Entrega Finalizada;13;5;29;4;TERMACO;5007;;;
MOBIS BRASIL FABRICACAO DE AUTO PECAS LT;RODOVIARIO;1502541;29/04/2026;1;340248;29/04/2026;FAZZA MOTORS COMERCIO DE VEICULOS LTDA;1,24E+13;SALVADOR;BA;29/04/2026;13/05/2026;07/05/2026;Entregue No Prazo;;Entrega realizada;Entrega Finalizada;13;5;29;4;TERMACO;5007;;;
MOBIS BRASIL FABRICACAO DE AUTO PECAS LT;RODOVIARIO;1502038;29/04/2026;1;339994;29/04/2026;NASA MOTORS LTDA.;2,65E+13;SAO LUIS DE MONTES BELOS;GO;29/04/2026;15/05/2026;07/05/2026;Entregue No Prazo;;Entrega realizada;Entrega Finalizada;15;5;29;4;RIO VERMELHO;9016;;;
MOBIS BRASIL FABRICACAO DE AUTO PECAS LT;RODOVIARIO;1502538;29/04/2026;1;340247;29/04/2026;CYCOSA AUTOMOVEIS LTDA;4,76E+12;MACEIO;AL;29/04/2026;15/05/2026;07/05/2026;Entregue No Prazo;;entrega realizada;Entrega Finalizada;15;5;29;4;TERMACO;2001;;;
MOBIS BRASIL FABRICACAO DE AUTO PECAS LT;RODOVIARIO;1502567;29/04/2026;1;340254;29/04/2026;NACIONAL NOVA MARABA DIST DE VEIC. LTDA;1,70E+13;MARABA;PA;29/04/2026;15/05/2026;07/05/2026;Entregue No Prazo;;Entrega realizada;Entrega Finalizada;15;5;29;4;CARVALIMA;14005;;;
MOBIS BRASIL FABRICACAO DE AUTO PECAS LT;RODOVIARIO;1502025;29/04/2026;1;340032;29/04/2026;CAOA MOTOR DO BRASIL LTDA.;1,68E+13;LAURO DE FREITAS;BA;29/04/2026;15/05/2026;07/05/2026;Entregue No Prazo;;entrega realizada;Entrega Finalizada;15;5;29;4;TERMACO;5008;;;
MOBIS BRASIL FABRICACAO DE AUTO PECAS LT;RODOVIARIO;1502027;29/04/2026;2;340043;29/04/2026;MASTER COMERCIAL DE VEICULOS LTDA;2,85E+13;BARREIRAS;BA;29/04/2026;15/05/2026;07/05/2026;Entregue No Prazo;;entrega realizada;Entrega Finalizada;15;5;29;4;TERMACO;5012;;;
MOBIS BRASIL FABRICACAO DE AUTO PECAS LT;RODOVIARIO;1502040;29/04/2026;52;340049;29/04/2026;PATEO COMERCIO DE VEICULOS S A;7,78E+12;SAO LUIS;MA;29/04/2026;15/05/2026;07/05/2026;Entregue No Prazo;;entrega realizada;Entrega Finalizada;15;5;29;4;TERMACO;10002;;;
MOBIS BRASIL FABRICACAO DE AUTO PECAS LT;RODOVIARIO;1502554;29/04/2026;1;340260;29/04/2026;PATEO COMERCIO DE VEICULOS S A;7,78E+12;SAO LUIS;MA;29/04/2026;15/05/2026;07/05/2026;Entregue No Prazo;;entrega realizada;Entrega Finalizada;15;5;29;4;TERMACO;10002;;;
MOBIS BRASIL FABRICACAO DE AUTO PECAS LT;RODOVIARIO;1502028;29/04/2026;2;340055;29/04/2026;SAINT LAND COMERCIO DE VEICULOS LTDA;1,04E+13;JUAZEIRO DO NORTE;CE;29/04/2026;19/05/2026;07/05/2026;Entregue No Prazo;;Entrega realizada;Entrega Finalizada;19;5;29;4;TERMACO;6010;;;
MOBIS BRASIL FABRICACAO DE AUTO PECAS LT;RODOVIARIO;1502568;29/04/2026;1;340256;29/04/2026;NACIONAL NOVA MARABA DIST DE VEIC. LTDA;1,70E+13;PARAUAPEBAS;PA;29/04/2026;19/05/2026;07/05/2026;Entregue No Prazo;;Entrega realizada;Entrega Finalizada;19;5;29;4;CARVALIMA;14010;;;
MOBIS BRASIL FABRICACAO DE AUTO PECAS LT;RODOVIARIO;1503404;30/04/2026;2;340483;30/04/2026;CAOA MOTOR DO BRASIL LTDA;1,68E+13;CAMPINAS;SP;30/04/2026;07/05/2026;07/05/2026;Entregue No Prazo;;Entrega realizada;Entrega Finalizada;7;5;30;4;XD DIADEMA;5008;;;
MOBIS BRASIL FABRICACAO DE AUTO PECAS LT;RODOVIARIO;1503360;30/04/2026;1;340551;30/04/2026;CAOA MOTOR DO BRASIL LTDA;1,68E+13;RIO DE JANEIRO;RJ;30/04/2026;08/05/2026;07/05/2026;Entregue No Prazo;;Entrega realizada;Entrega Finalizada;8;5;30;4;CAMILO;5008;;;
MOBIS BRASIL FABRICACAO DE AUTO PECAS LT;RODOVIARIO;1503317;30/04/2026;8;340574;30/04/2026;TAI MOTORS VEICULOS S/A;9,27E+12;VITORIA;ES;30/04/2026;11/05/2026;07/05/2026;Entregue No Prazo;;Entrega realizada;Entrega Finalizada;11;5;30;4;CAMILO;8002;;;
MOBIS BRASIL FABRICACAO DE AUTO PECAS LT;RODOVIARIO;1503352;30/04/2026;5;340538;30/04/2026;SANTA FE VEICULOS LTDA.;1,16E+13;FRANCISCO BELTRAO;PR;30/04/2026;11/05/2026;07/05/2026;Entregue No Prazo;;Entrega realizada;Entrega Finalizada;11;5;30;4;TRANSTRY;18010;;;
MOBIS BRASIL FABRICACAO DE AUTO PECAS LT;RODOVIARIO;1503371;30/04/2026;1;340528;30/04/2026;GAMBATTO H1 VEICULOS LTDA;1,94E+13;PASSO FUNDO;RS;30/04/2026;11/05/2026;07/05/2026;Entregue No Prazo;;Entrega realizada;Entrega Finalizada;11;5;30;4;TRANSTRY;23015;;;
MOBIS BRASIL FABRICACAO DE AUTO PECAS LT;RODOVIARIO;1503318;30/04/2026;6;340568;30/04/2026;PRIME CACHOEIRO VEICULOS LTDA EPP;9,34E+12;CACHOEIRO DE ITAPEMIRIM;ES;30/04/2026;12/05/2026;07/05/2026;Entregue No Prazo;;Entrega realizada;Entrega Finalizada;12;5;30;4;CAMILO;8003;;;
MOBIS BRASIL FABRICACAO DE AUTO PECAS LT;RODOVIARIO;1503319;30/04/2026;5;340568;30/04/2026;PRIME CACHOEIRO VEICULOS LTDA EPP;9,34E+12;CACHOEIRO DE ITAPEMIRIM;ES;30/04/2026;12/05/2026;07/05/2026;Entregue No Prazo;;Entrega realizada;Entrega Finalizada;12;5;30;4;CAMILO;8003;;;
MOBIS BRASIL FABRICACAO DE AUTO PECAS LT;RODOVIARIO;1503369;30/04/2026;2;340530;30/04/2026;HOUSE PARTS - COM. DE PECAS E VEIC. LTDA;1,15E+13;SANTA MARIA;RS;30/04/2026;12/05/2026;07/05/2026;Entregue No Prazo;;Entrega realizada;Entrega Finalizada;12;5;30;4;TRANSTRY;23008;;;
MOBIS BRASIL FABRICACAO DE AUTO PECAS LT;RODOVIARIO;1503345;30/04/2026;9;340559;30/04/2026;GRANDE COREIA COMERCIO DE VEICULOS LTDA;2,66E+13;BELEM;PA;30/04/2026;15/05/2026;07/05/2026;Entregue No Prazo;;Entrega realizada;Entrega Finalizada;15;5;30;4;CARVALIMA;14007;;;
MOBIS BRASIL FABRICACAO DE AUTO PECAS LT;RODOVIARIO;1503417;30/04/2026;1;340573;30/04/2026;SEVEL VEICULOS LTDA;1,07E+13;ARACAJU;SE;30/04/2026;15/05/2026;07/05/2026;Entregue No Prazo;;entrega realizada;Entrega Finalizada;15;5;30;4;TERMACO;25001;;;
MOBIS BRASIL FABRICACAO DE AUTO PECAS LT;RODOVIARIO;1502552;29/04/2026;6;340497;30/04/2026;NASA MOTORS LTDA.;2,65E+13;SAO LUIS DE MONTES BELOS;GO;30/04/2026;18/05/2026;07/05/2026;Entregue No Prazo;;Entrega realizada;Entrega Finalizada;18;5;30;4;RIO VERMELHO;9016;;;
MOBIS BRASIL FABRICACAO DE AUTO PECAS LT;RODOVIARIO;1502553;29/04/2026;6;340511;30/04/2026;TRIAUTO KOREA AUTOMOVEIS LTDA;4,99E+13;CATALAO;GO;30/04/2026;18/05/2026;07/05/2026;Entregue No Prazo;;Entrega realizada;Entrega Finalizada;18;5;30;4;RIO VERMELHO;9018;;;
MOBIS BRASIL FABRICACAO DE AUTO PECAS LT;RODOVIARIO;1503325;30/04/2026;1;340511;30/04/2026;TRIAUTO KOREA AUTOMOVEIS LTDA;4,99E+13;CATALAO;GO;30/04/2026;18/05/2026;07/05/2026;Entregue No Prazo;;Entrega realizada;Entrega Finalizada;18;5;30;4;RIO VERMELHO;9018;;;
MOBIS BRASIL FABRICACAO DE AUTO PECAS LT;RODOVIARIO;1503308;30/04/2026;9;340544;30/04/2026;AIKON VEICULOS LTDA;1,17E+13;VITORIA DA CONQUISTA;BA;30/04/2026;19/05/2026;07/05/2026;Entregue No Prazo;;Entrega realizada;Entrega Finalizada;19;5;30;4;TERMACO;5002;;;
MOBIS BRASIL FABRICACAO DE AUTO PECAS LT; RODOVIARIO;1504214;04/05/2026;3;340754;04/05/2026;CAOA MOTOR DO BRASIL LTDA;1,68E+13;CAMPINAS;SP;04/05/2026;08/05/2026;07/05/2026;Entregue No Prazo;;Entrega realizada;Entrega Finalizada;8;5;4;5;XD DIADEMA;5008;;;
MOBIS BRASIL FABRICACAO DE AUTO PECAS LT; RODOVIARIO;1503387;30/04/2026;8;340604;04/05/2026;HYMAX DISTRIBUIDORA DE VEICULOS LTDA;1,73E+13;MOGI GUACU;SP;04/05/2026;11/05/2026;07/05/2026;Entregue No Prazo;;Entrega realizada;Entrega Finalizada;11;5;4;5;MVT;26002;;;
MOBIS BRASIL FABRICACAO DE AUTO PECAS LT; RODOVIARIO;1504215;04/05/2026;2;340748;04/05/2026;NEW VEICULOS E PECAS LTDA.;1,59E+13;ARARAQUARA;SP;04/05/2026;11/05/2026;07/05/2026;Entregue No Prazo;;Entrega realizada;Entrega Finalizada;11;5;4;5;MVT;26071;;;
MOBIS BRASIL FABRICACAO DE AUTO PECAS LT; RODOVIARIO;1504174;04/05/2026;1;340815;04/05/2026;SANTA FE VEICULOS LTDA.;1,16E+13;FRANCISCO BELTRAO;PR;04/05/2026;12/05/2026;07/05/2026;Entregue No Prazo;;Entrega realizada;Entrega Finalizada;12;5;4;5;TRANSTRY;18010;;;
MOBIS BRASIL FABRICACAO DE AUTO PECAS LT; RODOVIARIO;1504175;04/05/2026;8;340815;04/05/2026;SANTA FE VEICULOS LTDA.;1,16E+13;FRANCISCO BELTRAO;PR;04/05/2026;12/05/2026;07/05/2026;Entregue No Prazo;;Entrega realizada;Entrega Finalizada;12;5;4;5;TRANSTRY;18010;;;
MOBIS BRASIL FABRICACAO DE AUTO PECAS LT; RODOVIARIO;1504184;04/05/2026;1;340837;04/05/2026;MONTREAL VEICULOS E PECAS LTDA;1,68E+13;SAO PEDRO DA ALDEIA;RJ;04/05/2026;12/05/2026;07/05/2026;Entregue No Prazo;;Entrega realizada;Entrega Finalizada;12;5;4;5;CAMILO;19030;;;
MOBIS BRASIL FABRICACAO DE AUTO PECAS LT; RODOVIARIO;1504193;04/05/2026;2;340802;04/05/2026;ATUAL VEICULOS LTDA;1,33E+13;ARARANGUA;SC;04/05/2026;12/05/2026;07/05/2026;Entregue No Prazo;;Entrega realizada;Entrega Finalizada;12;5;4;5;TRANSTRY;24001;;;
MOBIS BRASIL FABRICACAO DE AUTO PECAS LT; RODOVIARIO;1504194;04/05/2026;3;340803;04/05/2026;ATUAL VEICULOS LTDA;1,33E+13;TUBARAO;SC;04/05/2026;12/05/2026;07/05/2026;Entregue No Prazo;;Entrega realizada;Entrega Finalizada;12;5;4;5;TRANSTRY;24001;;;
MOBIS BRASIL FABRICACAO DE AUTO PECAS LT; RODOVIARIO;1504195;04/05/2026;9;340813;04/05/2026;LR COMERCIO DE VEICULOS LTDA;1,05E+13;SAO JOSE;SC;04/05/2026;12/05/2026;07/05/2026;Entregue No Prazo;;Entrega realizada;Entrega Finalizada;12;5;4;5;TRANSTRY;24007;;;
MOBIS BRASIL FABRICACAO DE AUTO PECAS LT; RODOVIARIO;1504196;04/05/2026;9;340805;04/05/2026;BARI VEICULOS LTDA;7,46E+12;BLUMENAU;SC;04/05/2026;12/05/2026;07/05/2026;Entregue No Prazo;;Entrega realizada;Entrega Finalizada;12;5;4;5;TRANSTRY;18024;;;
MOBIS BRASIL FABRICACAO DE AUTO PECAS LT; RODOVIARIO;1504137;04/05/2026;6;340772;04/05/2026;SMAFF IMPORT VEICULOS LTDA;8,18E+12;BRASILIA;DF;04/05/2026;13/05/2026;07/05/2026;Entregue No Prazo;;Entrega realizada;Entrega Finalizada;13;5;4;5;RIO VERMELHO;7002;;;
MOBIS BRASIL FABRICACAO DE AUTO PECAS LT; RODOVIARIO;1504138;04/05/2026;2;340773;04/05/2026;SMAFF IMPORT VEICULOS LTDA;8,18E+12;BRASILIA;DF;04/05/2026;13/05/2026;07/05/2026;Entregue No Prazo;;Entrega realizada;Entrega Finalizada;13;5;4;5;RIO VERMELHO;7002;;;
MOBIS BRASIL FABRICACAO DE AUTO PECAS LT; RODOVIARIO;1504139;04/05/2026;57;340773;04/05/2026;SMAFF IMPORT VEICULOS LTDA;8,18E+12;BRASILIA;DF;04/05/2026;13/05/2026;07/05/2026;Entregue No Prazo;;Entrega realizada;Entrega Finalizada;13;5;4;5;RIO VERMELHO;7002;;;
MOBIS BRASIL FABRICACAO DE AUTO PECAS LT; RODOVIARIO;1504140;04/05/2026;1;340771;04/05/2026;SAGA KOREA COM. DE VEIC. E PC. LTDA;1,27E+13;BRASILIA;DF;04/05/2026;13/05/2026;07/05/2026;Entregue No Prazo;;Entrega realizada;Entrega Finalizada;13;5;4;5;RIO VERMELHO;7004;;;
MOBIS BRASIL FABRICACAO DE AUTO PECAS LT; RODOVIARIO;1504141;04/05/2026;2;340770;04/05/2026;SAGA KOREA COM. DE VEIC. E PC. LTDA;1,27E+13;BRASILIA;DF;04/05/2026;13/05/2026;07/05/2026;Entregue No Prazo;;Entrega realizada;Entrega Finalizada;13;5;4;5;RIO VERMELHO;7005;;;
MOBIS BRASIL FABRICACAO DE AUTO PECAS LT;RODOVIARIO;1505094;06/05/2026;1;341004;06/05/2026;BILLY DISTRIBUIDORA DE VEICULOS LTDA;1,34E+13;BARUERI;SP;06/05/2026;08/05/2026;07/05/2026;Entregue No Prazo;;Entrega realizada;Entrega Finalizada;8;5;6;5;XD DIADEMA;26003;;;
MOBIS BRASIL FABRICACAO DE AUTO PECAS LT;RODOVIARIO;1505095;06/05/2026;1;341015;06/05/2026;NOBRE DISTRIBUIDORA DE VEICULOS E PECAS;5,76E+12;MOGI DAS CRUZES;SP;06/05/2026;08/05/2026;07/05/2026;Entregue No Prazo;;Entrega realizada;Entrega Finalizada;8;5;6;5;XD DIADEMA;26004;;;
MOBIS BRASIL FABRICACAO DE AUTO PECAS LT;RODOVIARIO;1505101;06/05/2026;1;341011;06/05/2026;GRAND SPORT COM. DE VEIC. E PECAS LTDA;8,58E+12;SAO PAULO;SP;06/05/2026;08/05/2026;07/05/2026;Entregue No Prazo;;Entrega realizada;Entrega Finalizada;8;5;6;5;XD DIADEMA;26034;;;
MOBIS BRASIL FABRICACAO DE AUTO PECAS LT;RODOVIARIO;1505103;06/05/2026;60;341003;06/05/2026;BILLY DISTRIBUIDORA DE VEICULOS LTDA;1,34E+13;SAO CAETANO DO SUL;SP;06/05/2026;08/05/2026;07/05/2026;Entregue No Prazo;;Entrega realizada;Entrega Finalizada;8;5;6;5;XD DIADEMA;26003;;;
MOBIS BRASIL FABRICACAO DE AUTO PECAS LT;RODOVIARIO;1505114;06/05/2026;9;341012;06/05/2026;GRANDAY AUTOMOTORES LTDA (CHAC. CALIFOR);1,57E+13;SAO PAULO;SP;06/05/2026;08/05/2026;07/05/2026;Entregue No Prazo;;Entrega realizada;Entrega Finalizada;8;5;6;5;XD DIADEMA;26090;;;
MOBIS BRASIL FABRICACAO DE AUTO PECAS LT;RODOVIARIO;1505075;06/05/2026;4;341070;06/05/2026;BARI VEICULOS LTDA.;7,46E+12;CURITIBA;PR;06/05/2026;11/05/2026;07/05/2026;Entregue No Prazo;;Entrega realizada;Entrega Finalizada;11;5;6;5;TRANSTRY;18029;;;
MOBIS BRASIL FABRICACAO DE AUTO PECAS LT;RODOVIARIO;1505076;06/05/2026;2;341068;06/05/2026;BARI VEICULOS LTDA;7,46E+12;CURITIBA;PR;06/05/2026;11/05/2026;07/05/2026;Entregue No Prazo;;Entrega realizada;Entrega Finalizada;11;5;6;5;TRANSTRY;18024;;;
MOBIS BRASIL FABRICACAO DE AUTO PECAS LT;RODOVIARIO;1505096;06/05/2026;1;340992;06/05/2026;DHC COMERCIO DE VEICULOS E PECAS LTDA;9,52E+12;BAURU;SP;06/05/2026;11/05/2026;07/05/2026;Entregue No Prazo;;Entrega realizada;Entrega Finalizada;11;5;6;5;MVT;26010;;;
MOBIS BRASIL FABRICACAO DE AUTO PECAS LT;RODOVIARIO;1505097;06/05/2026;3;340992;06/05/2026;DHC COMERCIO DE VEICULOS E PECAS LTDA;9,52E+12;BAURU;SP;06/05/2026;11/05/2026;07/05/2026;Entregue No Prazo;;Entrega realizada;Entrega Finalizada;11;5;6;5;MVT;26010;;;
MOBIS BRASIL FABRICACAO DE AUTO PECAS LT;RODOVIARIO;1505100;06/05/2026;20;340997;06/05/2026;NEW VEICULOS E PECAS LTDA;1,59E+13;RIBEIRAO PRETO;SP;06/05/2026;11/05/2026;07/05/2026;Entregue No Prazo;;Entrega realizada;Entrega Finalizada;11;5;6;5;MVT;26014;;;
MOBIS BRASIL FABRICACAO DE AUTO PECAS LT;RODOVIARIO;1505102;06/05/2026;15;341001;06/05/2026;ANDRETA II DISTRIB.DE VEICULOS LTDA.;9,10E+12;JUNDIAI;SP;06/05/2026;11/05/2026;07/05/2026;Entregue No Prazo;;Entrega realizada;Entrega Finalizada;11;5;6;5;XD DIADEMA;26040;;;
MOBIS BRASIL FABRICACAO DE AUTO PECAS LT;RODOVIARIO;1505105;06/05/2026;4;340989;06/05/2026;ANDRETA II DISTRIBUIDORA DE VEIC. LTDA;9,10E+12;AMERICANA;SP;06/05/2026;11/05/2026;07/05/2026;Entregue No Prazo;;Entrega realizada;Entrega Finalizada;11;5;6;5;MVT;26011;;;
MOBIS BRASIL FABRICACAO DE AUTO PECAS LT;RODOVIARIO;1505110;06/05/2026;1;340996;06/05/2026;NEW VEICULOS E PECAS LTDA;1,59E+13;RIBEIRAO PRETO;SP;06/05/2026;11/05/2026;07/05/2026;Entregue No Prazo;;Entrega realizada;Entrega Finalizada;11;5;6;5;MVT;26014;;;
MOBIS BRASIL FABRICACAO DE AUTO PECAS LT;RODOVIARIO;1505111;06/05/2026;19;341009;06/05/2026;DESTAQUE SEUL DISTR. DE VEIC. E PC. LTDA;2,12E+13;ATIBAIA;SP;06/05/2026;11/05/2026;07/05/2026;Entregue No Prazo;;Entrega realizada;Entrega Finalizada;11;5;6;5;XD DIADEMA;26075;;;
MOBIS BRASIL FABRICACAO DE AUTO PECAS LT;RODOVIARIO;1505093;06/05/2026;10;340995;06/05/2026;HYMAX DISTRIBUIDORA DE VEICULOS LTDA;1,73E+13;MOGI GUACU;SP;06/05/2026;12/05/2026;07/05/2026;Entregue No Prazo;;Entrega realizada;Entrega Finalizada;12;5;6;5;MVT;26002;;;
MOBIS BRASIL FABRICACAO DE AUTO PECAS LT;RODOVIARIO;1505106;06/05/2026;11;340998;06/05/2026;NEW VEICULOS E PECAS LTDA;1,59E+13;FRANCA;SP;06/05/2026;12/05/2026;07/05/2026;Entregue No Prazo;;Entrega realizada;Entrega Finalizada;12;5;6;5;MVT;26014;;;
MOBIS BRASIL FABRICACAO DE AUTO PECAS LT;RODOVIARIO;1499288;23/04/2026;1;339125;23/04/2026;URCA MOTORS VEICULOS LTDA;8,77E+12;ITUMBIARA;GO;23/04/2026;05/05/2026;08/05/2026;Entregue Fora do Prazo;;Entrega realizada;Entrega Finalizada;5;5;23;4;RIO VERMELHO;9014;;;
MOBIS BRASIL FABRICACAO DE AUTO PECAS LT;RODOVIARIO;1499776;24/04/2026;2;339301;24/04/2026;URCA MOTORS VEICULOS LTDA;8,77E+12;ITUMBIARA;GO;24/04/2026;07/05/2026;08/05/2026;Entregue Fora do Prazo;;Entrega realizada;Entrega Finalizada;7;5;24;4;RIO VERMELHO;9014;;;
MOBIS BRASIL FABRICACAO DE AUTO PECAS LT;RODOVIARIO;1500416;27/04/2026;1;339533;27/04/2026;URCA MOTORS VEICULOS LTDA;8,77E+12;ITUMBIARA;GO;27/04/2026;08/05/2026;08/05/2026;Entregue No Prazo;;Entrega realizada;Entrega Finalizada;8;5;27;4;RIO VERMELHO;9014;;;
MOBIS BRASIL FABRICACAO DE AUTO PECAS LT;RODOVIARIO;1500419;27/04/2026;2;339569;27/04/2026;PATEO COMERCIO DE VEICULOS S A;7,78E+12;SAO LUIS;MA;27/04/2026;13/05/2026;08/05/2026;Entregue No Prazo;;Entrega realizada;Entrega Finalizada;13;5;27;4;TERMACO;10002;;;
MOBIS BRASIL FABRICACAO DE AUTO PECAS LT;RODOVIARIO;1500439;27/04/2026;1;339570;27/04/2026;PATEO COMERCIO DE VEICULOS S A;7,78E+12;JOAO PESSOA;PB;27/04/2026;13/05/2026;08/05/2026;Entregue No Prazo;;Entrega realizada;Entrega Finalizada;13;5;27;4;TERMACO;15003;;;
MOBIS BRASIL FABRICACAO DE AUTO PECAS LT;RODOVIARIO;1500440;27/04/2026;6;339570;27/04/2026;PATEO COMERCIO DE VEICULOS S A;7,78E+12;JOAO PESSOA;PB;27/04/2026;13/05/2026;08/05/2026;Entregue No Prazo;;Entrega realizada;Entrega Finalizada;13;5;27;4;TERMACO;15003;;;
MOBIS BRASIL FABRICACAO DE AUTO PECAS LT;RODOVIARIO;1501329;28/04/2026;6;339784;28/04/2026;AUTORAC VEICULOS LTDA;1,06E+13;CARUARU;PE;28/04/2026;15/05/2026;08/05/2026;Entregue No Prazo;;Entrega realizada;Entrega Finalizada;15;5;28;4;TERMACO;16001;;;
MOBIS BRASIL FABRICACAO DE AUTO PECAS LT;RODOVIARIO;1502131;29/04/2026;4;339998;29/04/2026;PRIVILLEGE DISTRIBUIDORA DE VEICULOS LTD;1,72E+13;PALMAS;TO;29/04/2026;11/05/2026;08/05/2026;Entregue No Prazo;;Entrega realizada;Entrega Finalizada;11;5;29;4;RIO VERMELHO;27003;;;
MOBIS BRASIL FABRICACAO DE AUTO PECAS LT;RODOVIARIO;1502132;29/04/2026;1;339998;29/04/2026;PRIVILLEGE DISTRIBUIDORA DE VEICULOS LTD;1,72E+13;PALMAS;TO;29/04/2026;11/05/2026;08/05/2026;Entregue No Prazo;;Entrega realizada;Entrega Finalizada;11;5;29;4;RIO VERMELHO;27003;;;
MOBIS BRASIL FABRICACAO DE AUTO PECAS LT;RODOVIARIO;1502037;29/04/2026;1;340010;29/04/2026;URCA MOTORS VEICULOS LTDA;8,77E+12;ITUMBIARA;GO;29/04/2026;13/05/2026;08/05/2026;Entregue No Prazo;;Entrega realizada;Entrega Finalizada;13;5;29;4;RIO VERMELHO;9014;;;
MOBIS BRASIL FABRICACAO DE AUTO PECAS LT;RODOVIARIO;1502077;29/04/2026;12;340054;29/04/2026;SAINT LAND COMERCIO DE VEICULOS LTDA;1,04E+13;NATAL;RN;29/04/2026;15/05/2026;08/05/2026;Entregue No Prazo;;entrega realizada;Entrega Finalizada;15;5;29;4;TERMACO;6010;;;
MOBIS BRASIL FABRICACAO DE AUTO PECAS LT;RODOVIARIO;1502590;29/04/2026;3;340265;29/04/2026;SAINT LAND COMERCIO DE VEICULOS LTDA;1,04E+13;NATAL;RN;29/04/2026;15/05/2026;08/05/2026;Entregue No Prazo;;entrega realizada;Entrega Finalizada;15;5;29;4;TERMACO;6010;;;
MOBIS BRASIL FABRICACAO DE AUTO PECAS LT;RODOVIARIO;1502020;29/04/2026;1;340041;29/04/2026;JPN COMERCIO DE VEICULOS LTDA;3,20E+13;ARAPIRACA;AL;29/04/2026;19/05/2026;08/05/2026;Entregue No Prazo;;Entrega realizada;Entrega Finalizada;19;5;29;4;TERMACO;2003;;;
MOBIS BRASIL FABRICACAO DE AUTO PECAS LT;RODOVIARIO;1502060;29/04/2026;1;340037;29/04/2026;GREEN CITY VEICULOS LTDA;2,10E+13;TERESINA;PI;29/04/2026;19/05/2026;08/05/2026;Entregue No Prazo;;Entrega realizada;Entrega Finalizada;19;5;29;4;TERMACO;17002;;;
MOBIS BRASIL FABRICACAO DE AUTO PECAS LT;RODOVIARIO;1502061;29/04/2026;2;340038;29/04/2026;GREEN CITY VEICULOS LTDA;2,10E+13;TERESINA;PI;29/04/2026;19/05/2026;08/05/2026;Entregue No Prazo;;Entrega realizada;Entrega Finalizada;19;5;29;4;TERMACO;17002;;;
MOBIS BRASIL FABRICACAO DE AUTO PECAS LT;RODOVIARIO;1502074;29/04/2026;1;340045;29/04/2026;ORIENTE AUTOMOVEIS LTDA;1,33E+13;PARNAMIRIM;RN;29/04/2026;19/05/2026;08/05/2026;Entregue No Prazo;;Entrega realizada;Entrega Finalizada;19;5;29;4;TERMACO;20001;;;
MOBIS BRASIL FABRICACAO DE AUTO PECAS LT;RODOVIARIO;1502075;29/04/2026;13;340045;29/04/2026;ORIENTE AUTOMOVEIS LTDA;1,33E+13;PARNAMIRIM;RN;29/04/2026;19/05/2026;08/05/2026;Entregue No Prazo;;Entrega realizada;Entrega Finalizada;19;5;29;4;TERMACO;20001;;;
MOBIS BRASIL FABRICACAO DE AUTO PECAS LT;RODOVIARIO;1502573;29/04/2026;3;340243;29/04/2026;AUTORAC VEICULOS LTDA;1,06E+13;PETROLINA;PE;29/04/2026;19/05/2026;08/05/2026;Entregue No Prazo;;Entrega realizada;Entrega Finalizada;19;5;29;4;TERMACO;16001;;;
MOBIS BRASIL FABRICACAO DE AUTO PECAS LT;RODOVIARIO;1502574;29/04/2026;2;340250;29/04/2026;GREEN CITY VEICULOS LTDA;2,10E+13;TERESINA;PI;29/04/2026;19/05/2026;08/05/2026;Entregue No Prazo;;Entrega realizada;Entrega Finalizada;19;5;29;4;TERMACO;17002;;;
MOBIS BRASIL FABRICACAO DE AUTO PECAS LT;RODOVIARIO;1502575;29/04/2026;2;340249;29/04/2026;GREEN CITY VEICULOS LTDA;2,10E+13;TERESINA;PI;29/04/2026;19/05/2026;08/05/2026;Entregue No Prazo;;Entrega realizada;Entrega Finalizada;19;5;29;4;TERMACO;17002;;;
MOBIS BRASIL FABRICACAO DE AUTO PECAS LT;RODOVIARIO;1502555;29/04/2026;1;340255;29/04/2026;NACIONAL NOVA MARABA DIST DE VEIC. LTDA;1,70E+13;IMPERATRIZ;MA;29/04/2026;21/05/2026;08/05/2026;Entregue No Prazo;;Entrega realizada;Entrega Finalizada;21;5;29;4;TERMACO;10003;;;
MOBIS BRASIL FABRICACAO DE AUTO PECAS LT;RODOVIARIO;1503373;30/04/2026;1;340537;30/04/2026;NAZARETH VEICULOS LTDA;9,30E+12;IJUI;RS;30/04/2026;12/05/2026;08/05/2026;Entregue No Prazo;;Entrega realizada;Entrega Finalizada;12;5;30;4;TRANSTRY;23021;;;
MOBIS BRASIL FABRICACAO DE AUTO PECAS LT;RODOVIARIO;1503374;30/04/2026;1;340537;30/04/2026;NAZARETH VEICULOS LTDA;9,30E+12;IJUI;RS;30/04/2026;12/05/2026;08/05/2026;Entregue No Prazo;;Entrega realizada;Entrega Finalizada;12;5;30;4;TRANSTRY;23021;;;
MOBIS BRASIL FABRICACAO DE AUTO PECAS LT;RODOVIARIO;1503416;30/04/2026;1;340502;30/04/2026;PRIVILLEGE DISTRIBUIDORA DE VEICULOS LTD;1,72E+13;PALMAS;TO;30/04/2026;13/05/2026;08/05/2026;Entregue No Prazo;;Entrega realizada;Entrega Finalizada;13;5;30;4;RIO VERMELHO;27003;;;
MOBIS BRASIL FABRICACAO DE AUTO PECAS LT;RODOVIARIO;1503309;30/04/2026;2;340565;30/04/2026;PATEO COMERCIO DE VEICULOS S A;7,78E+12;SALVADOR;BA;30/04/2026;14/05/2026;08/05/2026;Entregue No Prazo;;Entrega realizada;Entrega Finalizada;14;5;30;4;TERMACO;5003;;;
MOBIS BRASIL FABRICACAO DE AUTO PECAS LT;RODOVIARIO;1503324;30/04/2026;3;340513;30/04/2026;URCA MOTORS VEICULOS LTDA;8,77E+12;RIO VERDE;GO;30/04/2026;14/05/2026;08/05/2026;Entregue No Prazo;;Entrega realizada;Entrega Finalizada;14;5;30;4;RIO VERMELHO;9014;;;
MOBIS BRASIL FABRICACAO DE AUTO PECAS LT;RODOVIARIO;1503419;30/04/2026;19;340557;30/04/2026;FAZZA MOTORS COMERCIO DE VEICULOS LTDA;1,24E+13;SALVADOR;BA;30/04/2026;14/05/2026;08/05/2026;Entregue No Prazo;;Entrega realizada;Entrega Finalizada;14;5;30;4;TERMACO;5007;;;
MOBIS BRASIL FABRICACAO DE AUTO PECAS LT;RODOVIARIO;1503344;30/04/2026;5;340549;30/04/2026;CAOA MOTOR DO BRASIL LTDA;1,68E+13;BELEM;PA;30/04/2026;15/05/2026;08/05/2026;Entregue No Prazo;;Entrega realizada;Entrega Finalizada;15;5;30;4;CARVALIMA;5008;;;
MOBIS BRASIL FABRICACAO DE AUTO PECAS LT;RODOVIARIO;1503386;30/04/2026;1;340572;30/04/2026;SAINT LAND COMERCIO DE VEICULOS LTDA;1,04E+13;ARACAJU;SE;30/04/2026;15/05/2026;08/05/2026;Entregue No Prazo;;entrega realizada;Entrega Finalizada;15;5;30;4;TERMACO;6010;;;
MOBIS BRASIL FABRICACAO DE AUTO PECAS LT;RODOVIARIO;1503415;30/04/2026;3;340503;30/04/2026;PRIVILLEGE DISTRIBUIDORA DE VEICULOS LTD;1,72E+13;ARAGUAINA;TO;30/04/2026;18/05/2026;08/05/2026;Entregue No Prazo;;Entrega realizada;Entrega Finalizada;18;5;30;4;RIO VERMELHO;27002;;;
MOBIS BRASIL FABRICACAO DE AUTO PECAS LT;RODOVIARIO;1503310;30/04/2026;3;340543;30/04/2026;AIKON VEICULOS LTDA;1,17E+13;ITABUNA;BA;30/04/2026;19/05/2026;08/05/2026;Entregue No Prazo;;Entrega realizada;Entrega Finalizada;19;5;30;4;TERMACO;5002;;;
MOBIS BRASIL FABRICACAO DE AUTO PECAS LT;RODOVIARIO;1503349;30/04/2026;3;340546;30/04/2026;AUTORAC VEICULOS LTDA;1,06E+13;PETROLINA;PE;30/04/2026;20/05/2026;08/05/2026;Entregue No Prazo;;Entrega realizada;Entrega Finalizada;20;5;30;4;TERMACO;16001;;;
MOBIS BRASIL FABRICACAO DE AUTO PECAS LT; RODOVIARIO;1504221;04/05/2026;1;340759;04/05/2026;CHS MOTORS VEICULOS PECAS E SERV.  LTDA;1,69E+13;SAO PAULO;SP;04/05/2026;07/05/2026;08/05/2026;Entregue Fora do Prazo;;Entrega realizada;Entrega Finalizada;7;5;4;5;XD DIADEMA;26108;;;
MOBIS BRASIL FABRICACAO DE AUTO PECAS LT; RODOVIARIO;1504152;04/05/2026;5;340774;04/05/2026;TAI MOTORS VEICULOS S/A;9,27E+12;BELO HORIZONTE;MG;04/05/2026;08/05/2026;08/05/2026;Entregue No Prazo;;Entrega realizada;Entrega Finalizada;8;5;4;5;XD BETIM;8002;;;
MOBIS BRASIL FABRICACAO DE AUTO PECAS LT; RODOVIARIO;1504153;04/05/2026;10;340774;04/05/2026;TAI MOTORS VEICULOS S/A;9,27E+12;BELO HORIZONTE;MG;04/05/2026;08/05/2026;08/05/2026;Entregue No Prazo;;Entrega realizada;Entrega Finalizada;8;5;4;5;XD BETIM;8002;;;
MOBIS BRASIL FABRICACAO DE AUTO PECAS LT; RODOVIARIO;1504154;04/05/2026;6;340758;04/05/2026;CARBEL KOREA VEICULOS LTDA;2,07E+13;BELO HORIZONTE;MG;04/05/2026;08/05/2026;08/05/2026;Entregue No Prazo;;Entrega realizada;Entrega Finalizada;8;5;4;5;XD BETIM;11021;;;
MOBIS BRASIL FABRICACAO DE AUTO PECAS LT; RODOVIARIO;1504155;04/05/2026;1;340753;04/05/2026;CAOA MOTOR DO BRASIL LTDA;1,68E+13;BELO HORIZONTE;MG;04/05/2026;08/05/2026;08/05/2026;Entregue No Prazo;;Entrega realizada;Entrega Finalizada;8;5;4;5;XD BETIM;5008;;;
MOBIS BRASIL FABRICACAO DE AUTO PECAS LT; RODOVIARIO;1504158;04/05/2026;25;340751;04/05/2026;BDG AUTOVILLE VEICULOS LTDA;4,77E+13;CONTAGEM;MG;04/05/2026;08/05/2026;08/05/2026;Entregue No Prazo;;Entrega realizada;Entrega Finalizada;8;5;4;5;XD BETIM;11037;;;
MOBIS BRASIL FABRICACAO DE AUTO PECAS LT; RODOVIARIO;1504156;04/05/2026;4;340776;04/05/2026;TOKSU COMERCIO DE VEICULOS LTDA;1,12E+13;POUSO ALEGRE;MG;04/05/2026;11/05/2026;08/05/2026;Entregue No Prazo;;Entrega realizada;Entrega Finalizada;11;5;4;5;XD BETIM;11008;;;
MOBIS BRASIL FABRICACAO DE AUTO PECAS LT; RODOVIARIO;1504157;04/05/2026;2;340775;04/05/2026;TOKSU COMERCIO DE VEICULOS LTDA;1,12E+13;VARGINHA;MG;04/05/2026;11/05/2026;08/05/2026;Entregue No Prazo;;Entrega realizada;Entrega Finalizada;11;5;4;5;XD BETIM;11008;;;
MOBIS BRASIL FABRICACAO DE AUTO PECAS LT; RODOVIARIO;1504188;04/05/2026;2;340811;04/05/2026;HOUSE PARTS-COM. DE PCS. E VEICULOS LTDA;1,15E+13;PORTO ALEGRE;RS;04/05/2026;11/05/2026;08/05/2026;Entregue No Prazo;;Entrega realizada;Entrega Finalizada;11;5;4;5;TRANSTRY;23004;;;
MOBIS BRASIL FABRICACAO DE AUTO PECAS LT; RODOVIARIO;1504150;04/05/2026;2;340779;04/05/2026;VITAL COMERCIO DE VEICULOS LTDA;1,05E+13;IPATINGA;MG;04/05/2026;12/05/2026;08/05/2026;Entregue No Prazo;;Entrega realizada;Entrega Finalizada;12;5;4;5;XD BETIM;11016;;;
MOBIS BRASIL FABRICACAO DE AUTO PECAS LT; RODOVIARIO;1504189;04/05/2026;1;340809;04/05/2026;GAMBATTO H1 VEICULOS LTDA;1,94E+13;PASSO FUNDO;RS;04/05/2026;12/05/2026;08/05/2026;Entregue No Prazo;;Entrega realizada;Entrega Finalizada;12;5;4;5;TRANSTRY;23015;;;
MOBIS BRASIL FABRICACAO DE AUTO PECAS LT; RODOVIARIO;1504192;04/05/2026;2;340810;04/05/2026;HOUSE PARTS COMERCIO DE PECAS E VEI;1,15E+13;CAXIAS DO SUL;RS;04/05/2026;12/05/2026;08/05/2026;Entregue No Prazo;;Entrega realizada;Entrega Finalizada;12;5;4;5;TRANSTRY;23023;;;
MOBIS BRASIL FABRICACAO DE AUTO PECAS LT; RODOVIARIO;1504142;04/05/2026;4;340846;04/05/2026;PRIME CACHOEIRO VEICULOS LTDA EPP;9,34E+12;CACHOEIRO DE ITAPEMIRIM;ES;04/05/2026;13/05/2026;08/05/2026;Entregue No Prazo;;Entrega realizada;Entrega Finalizada;13;5;4;5;CAMILO;8003;;;
MOBIS BRASIL FABRICACAO DE AUTO PECAS LT; RODOVIARIO;1504143;04/05/2026;1;340845;04/05/2026;PRIME CACHOEIRO VEICULOS LTDA;9,34E+12;LINHARES;ES;04/05/2026;13/05/2026;08/05/2026;Entregue No Prazo;;Entrega realizada;Entrega Finalizada;13;5;4;5;CAMILO;8004;;;
MOBIS BRASIL FABRICACAO DE AUTO PECAS LT; RODOVIARIO;1504146;04/05/2026;3;340768;04/05/2026;SAGA KOREA COM. DE VEIC. E PC. LTDA;1,27E+13;GOIANIA;GO;04/05/2026;13/05/2026;08/05/2026;Entregue No Prazo;;Entrega realizada;Entrega Finalizada;13;5;4;5;RIO VERMELHO;9011;;;
MOBIS BRASIL FABRICACAO DE AUTO PECAS LT; RODOVIARIO;1504191;04/05/2026;1;340814;04/05/2026;NAZARETH VEICULOS LTDA;9,30E+12;IJUI;RS;04/05/2026;13/05/2026;08/05/2026;Entregue No Prazo;;Entrega realizada;Entrega Finalizada;13;5;4;5;TRANSTRY;23021;;;
MOBIS BRASIL FABRICACAO DE AUTO PECAS LT; RODOVIARIO;1504197;04/05/2026;2;340807;04/05/2026;CHINHAN AUTOMOVEIS LTDA.;2,41E+13;CACADOR;SC;04/05/2026;14/05/2026;08/05/2026;Entregue No Prazo;;Entrega realizada;Entrega Finalizada;14;5;4;5;TRANSTRY;24020;;;
MOBIS BRASIL FABRICACAO DE AUTO PECAS LT;RODOVIARIO;1505073;06/05/2026;1;341069;06/05/2026;BARI VEICULOS LTDA;7,46E+12;PONTA GROSSA;PR;06/05/2026;12/05/2026;08/05/2026;Entregue No Prazo;;Entrega realizada;Entrega Finalizada;12;5;6;5;TRANSTRY;18024;;;
MOBIS BRASIL FABRICACAO DE AUTO PECAS LT;RODOVIARIO;1505074;06/05/2026;16;341069;06/05/2026;BARI VEICULOS LTDA;7,46E+12;PONTA GROSSA;PR;06/05/2026;12/05/2026;08/05/2026;Entregue No Prazo;;Entrega realizada;Entrega Finalizada;12;5;6;5;TRANSTRY;18024;;;
MOBIS BRASIL FABRICACAO DE AUTO PECAS LT;RODOVIARIO;1505045;06/05/2026;6;341022;06/05/2026;TAI MOTORS VEICULOS S/A;9,27E+12;BELO HORIZONTE;MG;06/05/2026;11/05/2026;08/05/2026;Entregue No Prazo;;Entrega realizada;Entrega Finalizada;11;5;6;5;XD BETIM;8002;;;
MOBIS BRASIL FABRICACAO DE AUTO PECAS LT;RODOVIARIO;1505046;06/05/2026;7;341007;06/05/2026;CARBEL KOREA VEICULOS LTDA;2,07E+13;BELO HORIZONTE;MG;06/05/2026;11/05/2026;08/05/2026;Entregue No Prazo;;Entrega realizada;Entrega Finalizada;11;5;6;5;XD BETIM;11021;;;
MOBIS BRASIL FABRICACAO DE AUTO PECAS LT;RODOVIARIO;1505047;06/05/2026;2;341006;06/05/2026;CAOA MOTOR DO BRASIL LTDA;1,68E+13;BELO HORIZONTE;MG;06/05/2026;11/05/2026;08/05/2026;Entregue No Prazo;;Entrega realizada;Entrega Finalizada;11;5;6;5;XD BETIM;5008;;;
MOBIS BRASIL FABRICACAO DE AUTO PECAS LT;RODOVIARIO;1505051;06/05/2026;39;341002;06/05/2026;BDG AUTOVILLE VEICULOS LTDA;4,77E+13;CONTAGEM;MG;06/05/2026;11/05/2026;08/05/2026;Entregue No Prazo;;Entrega realizada;Entrega Finalizada;11;5;6;5;XD BETIM;11037;;;
MOBIS BRASIL FABRICACAO DE AUTO PECAS LT;RODOVIARIO;1505071;06/05/2026;3;341083;06/05/2026;SEVEC VEICULOS LTDA;5,68E+11;CURITIBA;PR;06/05/2026;11/05/2026;08/05/2026;Entregue No Prazo;;Entrega realizada;Entrega Finalizada;11;5;6;5;TRANSTRY;18012;;;
MOBIS BRASIL FABRICACAO DE AUTO PECAS LT;RODOVIARIO;1505072;06/05/2026;113;341083;06/05/2026;SEVEC VEICULOS LTDA;5,68E+11;CURITIBA;PR;06/05/2026;11/05/2026;08/05/2026;Entregue No Prazo;;Entrega realizada;Entrega Finalizada;11;5;6;5;TRANSTRY;18012;;;
MOBIS BRASIL FABRICACAO DE AUTO PECAS LT;RODOVIARIO;1505104;06/05/2026;4;340988;06/05/2026;ANDRETA II DISTRIBUIDORA DE VEIC. LTDA;9,10E+12;INDAIATUBA;SP;06/05/2026;11/05/2026;08/05/2026;Entregue No Prazo;;Entrega realizada;Entrega Finalizada;11;5;6;5;MVT;26011;;;
MOBIS BRASIL FABRICACAO DE AUTO PECAS LT;RODOVIARIO;1505113;06/05/2026;3;341005;06/05/2026;CAOA MOTOR DO BRASIL LTDA;1,68E+13;SANTOS;SP;06/05/2026;11/05/2026;08/05/2026;Entregue No Prazo;;Entrega realizada;Entrega Finalizada;11;5;6;5;XD DIADEMA;5008;;;
MOBIS BRASIL FABRICACAO DE AUTO PECAS LT;RODOVIARIO;1505048;06/05/2026;1;341023;06/05/2026;TOKSU COMERCIO DE VEICULOS LTDA;1,12E+13;VARGINHA;MG;06/05/2026;12/05/2026;08/05/2026;Entregue No Prazo;;Entrega realizada;Entrega Finalizada;12;5;6;5;XD BETIM;11008;;;
MOBIS BRASIL FABRICACAO DE AUTO PECAS LT;RODOVIARIO;1505050;06/05/2026;1;341026;06/05/2026;URCA MOTORS VEICULOS LTDA;8,77E+12;PATOS DE MINAS;MG;06/05/2026;12/05/2026;08/05/2026;Entregue No Prazo;;Entrega realizada;Entrega Finalizada;12;5;6;5;XD BETIM;9014;;;
MOBIS BRASIL FABRICACAO DE AUTO PECAS LT;RODOVIARIO;1505089;06/05/2026;2;341071;06/05/2026;BARI VEICULOS LTDA.;7,46E+12;JOINVILLE;SC;06/05/2026;12/05/2026;08/05/2026;Entregue No Prazo;;Entrega realizada;Entrega Finalizada;12;5;6;5;TRANSTRY;24013;;;
MOBIS BRASIL FABRICACAO DE AUTO PECAS LT;RODOVIARIO;1505107;06/05/2026;5;340994;06/05/2026;H R B COMERCIO DE VEICULOS LTDA;1,82E+13;SAO JOSE DO RIO PRETO;SP;06/05/2026;12/05/2026;08/05/2026;Entregue No Prazo;;Entrega realizada;Entrega Finalizada;12;5;6;5;MVT;26050;;;
MOBIS BRASIL FABRICACAO DE AUTO PECAS LT;RODOVIARIO;1505108;06/05/2026;6;340994;06/05/2026;H R B COMERCIO DE VEICULOS LTDA;1,82E+13;SAO JOSE DO RIO PRETO;SP;06/05/2026;12/05/2026;08/05/2026;Entregue No Prazo;;Entrega realizada;Entrega Finalizada;12;5;6;5;MVT;26050;;;
MOBIS BRASIL FABRICACAO DE AUTO PECAS LT;RODOVIARIO;1505109;06/05/2026;1;340999;06/05/2026;NOBRE DISTRIBUIDORA DE VEIC. E PEC. LTDA;5,76E+12;APARECIDA;SP;06/05/2026;12/05/2026;08/05/2026;Entregue No Prazo;;Entrega realizada;Entrega Finalizada;12;5;6;5;MVT;26053;;;
MOBIS BRASIL FABRICACAO DE AUTO PECAS LT;RODOVIARIO;1505112;06/05/2026;4;340990;06/05/2026;DESTAQUE SEUL DISTR DE VEIC PEC LTDA;2,12E+13;CARAGUATATUBA;SP;06/05/2026;12/05/2026;08/05/2026;Entregue No Prazo;;Entrega realizada;Entrega Finalizada;12;5;6;5;MVT;26082;;;
MOBIS BRASIL FABRICACAO DE AUTO PECAS LT;RODOVIARIO;1505115;06/05/2026;2;340993;06/05/2026;H - CAMINHO AUTOMOVEIS LTDA;2,53E+13;PIRACICABA;SP;06/05/2026;12/05/2026;08/05/2026;Entregue No Prazo;;Entrega realizada;Entrega Finalizada;12;5;6;5;MVT;26092;;;
MOBIS BRASIL FABRICACAO DE AUTO PECAS LT;RODOVIARIO;1505219;06/05/2026;3;340991;06/05/2026;DHC COMERCIO DE VEICULOS E PECAS LTDA;9,52E+12;JAU;SP;06/05/2026;12/05/2026;08/05/2026;Entregue No Prazo;;Entrega realizada;Entrega Finalizada;12;5;6;5;MVT;26010;;;
MOBIS BRASIL FABRICACAO DE AUTO PECAS LT;RODOVIARIO;1505043;06/05/2026;1;341027;06/05/2026;VITAL COMERCIO DE VEICULOS LTDA;1,05E+13;IPATINGA;MG;06/05/2026;13/05/2026;08/05/2026;Entregue No Prazo;;Entrega realizada;Entrega Finalizada;13;5;6;5;XD BETIM;11016;;;
MOBIS BRASIL FABRICACAO DE AUTO PECAS LT;RODOVIARIO;1505049;06/05/2026;1;341010;06/05/2026;GNC GRANDE COREIA MINAS GERAIS COMERCIO;4,27E+13;MONTES CLAROS;MG;06/05/2026;13/05/2026;08/05/2026;Entregue No Prazo;;Entrega realizada;Entrega Finalizada;13;5;6;5;XD BETIM;11035;;;
MOBIS BRASIL FABRICACAO DE AUTO PECAS LT;RODOVIARIO;1505052;06/05/2026;1;341018;06/05/2026;RITMO MOTORS LTDA;1,94E+13;PASSOS;MG;06/05/2026;13/05/2026;08/05/2026;Entregue No Prazo;;Entrega realizada;Entrega Finalizada;13;5;6;5;XD BETIM;11040;;;
MOBIS BRASIL FABRICACAO DE AUTO PECAS LT;RODOVIARIO;1505085;06/05/2026;6;341066;06/05/2026;ATUAL VEICULOS LTDA;1,33E+13;TUBARAO;SC;06/05/2026;13/05/2026;08/05/2026;Entregue No Prazo;;Entrega realizada;Entrega Finalizada;13;5;6;5;TRANSTRY;24001;;;
MOBIS BRASIL FABRICACAO DE AUTO PECAS LT;RODOVIARIO;1505086;06/05/2026;2;341081;06/05/2026;LS COMERCIO DE AUTOMOVEIS LTDA.;1,03E+13;BRUSQUE;SC;06/05/2026;13/05/2026;08/05/2026;Entregue No Prazo;;Entrega realizada;Entrega Finalizada;13;5;6;5;TRANSTRY;24006;;;
MOBIS BRASIL FABRICACAO DE AUTO PECAS LT;RODOVIARIO;1505087;06/05/2026;1;341079;06/05/2026;LR COMERCIO DE VEICULOS LTDA;1,05E+13;SAO JOSE;SC;06/05/2026;13/05/2026;08/05/2026;Entregue No Prazo;;Entrega realizada;Entrega Finalizada;13;5;6;5;TRANSTRY;24007;;;
MOBIS BRASIL FABRICACAO DE AUTO PECAS LT;RODOVIARIO;1505088;06/05/2026;11;341067;06/05/2026;BARI VEICULOS LTDA;7,46E+12;BLUMENAU;SC;06/05/2026;13/05/2026;08/05/2026;Entregue No Prazo;;Entrega realizada;Entrega Finalizada;13;5;6;5;TRANSTRY;18024;;;
MOBIS BRASIL FABRICACAO DE AUTO PECAS LT;RODOVIARIO;1505091;06/05/2026;1;341080;06/05/2026;LR COMERCIO DE VEICULOS LTDA;1,05E+13;RIO DO SUL;SC;06/05/2026;13/05/2026;08/05/2026;Entregue No Prazo;;Entrega realizada;Entrega Finalizada;13;5;6;5;TRANSTRY;24007;;;
MOBIS BRASIL FABRICACAO DE AUTO PECAS LT;RODOVIARIO;1505054;06/05/2026;4;341039;06/05/2026;GOLDEN MOTORS VEICULOS LTDA;3,62E+12;TRES LAGOAS;MS;06/05/2026;14/05/2026;08/05/2026;Entregue No Prazo;;Entrega realizada;Entrega Finalizada;14;5;6;5;CARVALIMA;12001;;;
MOBIS BRASIL FABRICACAO DE AUTO PECAS LT;RODOVIARIO;1505055;06/05/2026;2;341039;06/05/2026;GOLDEN MOTORS VEICULOS LTDA;3,62E+12;TRES LAGOAS;MS;06/05/2026;14/05/2026;08/05/2026;Entregue No Prazo;;Entrega realizada;Entrega Finalizada;14;5;6;5;CARVALIMA;12001;;;
MOBIS BRASIL FABRICACAO DE AUTO PECAS LT;RODOVIARIO;1505090;06/05/2026;6;341072;06/05/2026;CHINHAN AUTOMOVEIS LTDA.;2,41E+13;CACADOR;SC;06/05/2026;15/05/2026;08/05/2026;Entregue No Prazo;;Entrega realizada;Entrega Finalizada;15;5;6;5;TRANSTRY;24020;;;
MOBIS BRASIL FABRICACAO DE AUTO PECAS LT;RODOVIARIO;1505980;07/05/2026;3;341260;07/05/2026;NOBRE DISTRIBUIDORA DE VEICULOS E PECAS;5,76E+12;MOGI DAS CRUZES;SP;07/05/2026;11/05/2026;08/05/2026;Entregue No Prazo;;Entrega realizada;Entrega Finalizada;11;5;7;5;XD DIADEMA;26004;;;
MOBIS BRASIL FABRICACAO DE AUTO PECAS LT;RODOVIARIO;1505981;07/05/2026;8;341254;07/05/2026;GRAND SPORT COM. DE VEIC. E PECAS LTDA;8,58E+12;GUARULHOS;SP;07/05/2026;11/05/2026;08/05/2026;Entregue No Prazo;;Entrega realizada;Entrega Finalizada;11;5;7;5;XD DIADEMA;26005;;;
MOBIS BRASIL FABRICACAO DE AUTO PECAS LT;RODOVIARIO;1505987;07/05/2026;1;341255;07/05/2026;GRAND SPORT COM. DE VEIC. E PECAS LTDA;8,58E+12;SAO PAULO;SP;07/05/2026;11/05/2026;08/05/2026;Entregue No Prazo;;Entrega realizada;Entrega Finalizada;11;5;7;5;XD DIADEMA;26034;;;
MOBIS BRASIL FABRICACAO DE AUTO PECAS LT;RODOVIARIO;1505988;07/05/2026;5;341251;07/05/2026;CHS MOTORS VEICULOS PECAS E SERV LTDA  ;1,69E+13;SAO PAULO;SP;07/05/2026;11/05/2026;08/05/2026;Entregue No Prazo;;Entrega realizada;Entrega Finalizada;11;5;7;5;XD DIADEMA;26037;;;
MOBIS BRASIL FABRICACAO DE AUTO PECAS LT;RODOVIARIO;1505991;07/05/2026;1;341256;07/05/2026;GRANDAY AUTOMOTORES LTDA;1,57E+13;SAO PAULO;SP;07/05/2026;11/05/2026;08/05/2026;Entregue No Prazo;;Entrega realizada;Entrega Finalizada;11;5;7;5;XD DIADEMA;26041;;;
MOBIS BRASIL FABRICACAO DE AUTO PECAS LT;RODOVIARIO;1505996;07/05/2026;5;341246;07/05/2026;CAOA MOTOR DO BRASIL LTDA (VL PRUDENTE);1,68E+13;SAO PAULO;SP;07/05/2026;11/05/2026;08/05/2026;Entregue No Prazo;;Entrega realizada;Entrega Finalizada;11;5;7;5;XD DIADEMA;26051;;;
MOBIS BRASIL FABRICACAO DE AUTO PECAS LT;RODOVIARIO;1505997;07/05/2026;2;341252;07/05/2026;CHS MOTORS VEICULOS PECAS(VL. GUILHERME);1,69E+13;SAO PAULO;SP;07/05/2026;11/05/2026;08/05/2026;Entregue No Prazo;;Entrega realizada;Entrega Finalizada;11;5;7;5;XD DIADEMA;26052;;;
MOBIS BRASIL FABRICACAO DE AUTO PECAS LT;RODOVIARIO;1506002;07/05/2026;1;341247;07/05/2026;CAOA MOTOR DO BRASIL LTDA(NACOES UNIDAS);1,68E+13;SAO PAULO;SP;07/05/2026;11/05/2026;08/05/2026;Entregue No Prazo;;Entrega realizada;Entrega Finalizada;11;5;7;5;XD DIADEMA;26087;;;
MOBIS BRASIL FABRICACAO DE AUTO PECAS LT;RODOVIARIO;1506003;07/05/2026;5;341257;07/05/2026;GRANDAY AUTOMOTORES LTDA (CHAC. CALIFOR);1,57E+13;SAO PAULO;SP;07/05/2026;11/05/2026;08/05/2026;Entregue No Prazo;;Entrega realizada;Entrega Finalizada;11;5;7;5;XD DIADEMA;26090;;;
MOBIS BRASIL FABRICACAO DE AUTO PECAS LT;RODOVIARIO;1506004;07/05/2026;4;341245;07/05/2026;CAOA MOTOR DO BRASIL LTDA (INDIANOPOLIS);1,68E+13;SAO PAULO;SP;07/05/2026;11/05/2026;08/05/2026;Entregue No Prazo;;Entrega realizada;Entrega Finalizada;11;5;7;5;XD DIADEMA;26091;;;
MOBIS BRASIL FABRICACAO DE AUTO PECAS LT;RODOVIARIO;1506008;07/05/2026;2;341250;07/05/2026;CHS MOTORS VEICULOS PECAS E SERV. LTDA;1,69E+13;OSASCO;SP;07/05/2026;11/05/2026;08/05/2026;Entregue No Prazo;;Entrega realizada;Entrega Finalizada;11;5;7;5;XD DIADEMA;26106;;;
MOBIS BRASIL FABRICACAO DE AUTO PECAS LT;RODOVIARIO;1506009;07/05/2026;3;341248;07/05/2026;CAOA MOTOR DO BRASIL LTDA(RAP. TAVARES);1,68E+13;SAO PAULO;SP;07/05/2026;11/05/2026;08/05/2026;Entregue No Prazo;;Entrega realizada;Entrega Finalizada;11;5;7;5;XD DIADEMA;26109;;;
MOBIS BRASIL FABRICACAO DE AUTO PECAS LT;RODOVIARIO;1506510;07/05/2026;1;341245;07/05/2026;CAOA MOTOR DO BRASIL LTDA (INDIANOPOLIS);1,68E+13;SAO PAULO;SP;07/05/2026;11/05/2026;08/05/2026;Entregue No Prazo;;Entrega realizada;Entrega Finalizada;11;5;7;5;XD DIADEMA;26091;;;
MOBIS BRASIL FABRICACAO DE AUTO PECAS LT;RODOVIARIO;1505947;07/05/2026;24;341321;07/05/2026;SEVEC VEICULOS LTDA;5,68E+11;CURITIBA;PR;07/05/2026;12/05/2026;08/05/2026;Entregue No Prazo;;Entrega realizada;Entrega Finalizada;12;5;7;5;TRANSTRY;18012;;;
MOBIS BRASIL FABRICACAO DE AUTO PECAS LT;RODOVIARIO;1505951;07/05/2026;1;341306;07/05/2026;BARI VEICULOS LTDA.;7,46E+12;CURITIBA;PR;07/05/2026;12/05/2026;08/05/2026;Entregue No Prazo;;Entrega realizada;Entrega Finalizada;12;5;7;5;TRANSTRY;18029;;;
MOBIS BRASIL FABRICACAO DE AUTO PECAS LT;RODOVIARIO;1505952;07/05/2026;1;341302;07/05/2026;BARI VEICULOS LTDA;7,46E+12;CURITIBA;PR;07/05/2026;12/05/2026;08/05/2026;Entregue No Prazo;;Entrega realizada;Entrega Finalizada;12;5;7;5;TRANSTRY;18024;;;
MOBIS BRASIL FABRICACAO DE AUTO PECAS LT;RODOVIARIO;1505953;07/05/2026;3;341302;07/05/2026;BARI VEICULOS LTDA;7,46E+12;CURITIBA;PR;07/05/2026;12/05/2026;08/05/2026;Entregue No Prazo;;Entrega realizada;Entrega Finalizada;12;5;7;5;TRANSTRY;18024;;;
MOBIS BRASIL FABRICACAO DE AUTO PECAS LT;RODOVIARIO;1505982;07/05/2026;1;341230;07/05/2026;DHC COMERCIO DE VEICULOS E PECAS LTDA;9,52E+12;BAURU;SP;07/05/2026;12/05/2026;08/05/2026;Entregue No Prazo;;Entrega realizada;Entrega Finalizada;12;5;7;5;MVT;26010;;;
MOBIS BRASIL FABRICACAO DE AUTO PECAS LT;RODOVIARIO;1505983;07/05/2026;1;341230;07/05/2026;DHC COMERCIO DE VEICULOS E PECAS LTDA;9,52E+12;BAURU;SP;07/05/2026;12/05/2026;08/05/2026;Entregue No Prazo;;Entrega realizada;Entrega Finalizada;12;5;7;5;MVT;26010;;;
MOBIS BRASIL FABRICACAO DE AUTO PECAS LT;RODOVIARIO;1505984;07/05/2026;53;341227;07/05/2026;ANDRETA II DISTRIBUIDORA DE VEIC. LTDA;9,10E+12;CAMPINAS;SP;07/05/2026;12/05/2026;08/05/2026;Entregue No Prazo;Falta parcial;Entrega realizada;Entrega Finalizada;12;5;7;5;MVT;26011;;;
MOBIS BRASIL FABRICACAO DE AUTO PECAS LT;RODOVIARIO;1505990;07/05/2026;1;341239;07/05/2026;ANDRETA II DISTRIB.DE VEICULOS LTDA.;9,10E+12;JUNDIAI;SP;07/05/2026;12/05/2026;08/05/2026;Entregue No Prazo;;Entrega realizada;Entrega Finalizada;12;5;7;5;XD DIADEMA;26040;;;
MOBIS BRASIL FABRICACAO DE AUTO PECAS LT;RODOVIARIO;1505999;07/05/2026;1;341242;07/05/2026;CAOA MOTOR DO BRASIL LTDA;1,68E+13;CAMPINAS;SP;07/05/2026;12/05/2026;08/05/2026;Entregue No Prazo;;Entrega realizada;Entrega Finalizada;12;5;7;5;XD DIADEMA;5008;;;
MOBIS BRASIL FABRICACAO DE AUTO PECAS LT;RODOVIARIO;1506000;07/05/2026;1;341229;07/05/2026;CAOA MOTOR DO BRASIL LTDA;1,68E+13;SAO CARLOS;SP;07/05/2026;12/05/2026;08/05/2026;Entregue No Prazo;;Entrega realizada;Entrega Finalizada;12;5;7;5;MVT;5008;;;
MOBIS BRASIL FABRICACAO DE AUTO PECAS LT;RODOVIARIO;1506001;07/05/2026;1;341243;07/05/2026;CAOA MOTOR DO BRASIL LTDA;1,68E+13;SANTOS;SP;07/05/2026;12/05/2026;08/05/2026;Entregue No Prazo;;Entrega realizada;Entrega Finalizada;12;5;7;5;XD DIADEMA;5008;;;
MOBIS BRASIL FABRICACAO DE AUTO PECAS LT;RODOVIARIO;1506509;07/05/2026;1;341227;07/05/2026;ANDRETA II DISTRIBUIDORA DE VEIC. LTDA;9,10E+12;CAMPINAS;SP;07/05/2026;12/05/2026;08/05/2026;Entregue No Prazo;;Entrega realizada;Entrega Finalizada;12;5;7;5;MVT;26011;;;
MOBIS BRASIL FABRICACAO DE AUTO PECAS LT;RODOVIARIO;1505934;07/05/2026;1;341265;07/05/2026;URCA MOTORS VEICULOS LTDA;8,77E+12;PATOS DE MINAS;MG;07/05/2026;13/05/2026;08/05/2026;Entregue No Prazo;;Entrega realizada;Entrega Finalizada;13;5;7;5;XD BETIM;9014;;;
MOBIS BRASIL FABRICACAO DE AUTO PECAS LT;RODOVIARIO;1505994;07/05/2026;7;341235;07/05/2026;H R B COMERCIO DE VEICULOS LTDA;1,82E+13;SAO JOSE DO RIO PRETO;SP;07/05/2026;13/05/2026;08/05/2026;Entregue No Prazo;;Entrega realizada;Entrega Finalizada;13;5;7;5;MVT;26050;;;
MOBIS BRASIL FABRICACAO DE AUTO PECAS LT;RODOVIARIO;1505995;07/05/2026;9;341235;07/05/2026;H R B COMERCIO DE VEICULOS LTDA;1,82E+13;SAO JOSE DO RIO PRETO;SP;07/05/2026;13/05/2026;08/05/2026;Entregue No Prazo;;Entrega realizada;Entrega Finalizada;13;5;7;5;MVT;26050;;;
MOBIS BRASIL FABRICACAO DE AUTO PECAS LT;RODOVIARIO;1506007;07/05/2026;1;341237;07/05/2026;NEW VEICULOS E PECAS LTDA;1,59E+13;BARRETOS;SP;07/05/2026;13/05/2026;08/05/2026;Entregue No Prazo;;Entrega realizada;Entrega Finalizada;13;5;7;5;MVT;26014;;;
MOBIS BRASIL FABRICACAO DE AUTO PECAS LT;RODOVIARIO;1506512;07/05/2026;2;341451;08/05/2026;BILLY DISTRIBUIDORA DE VEICULOS LTDA;1,34E+13;SAO CAETANO DO SUL;SP;08/05/2026;12/05/2026;08/05/2026;Entregue No Prazo;;Entrega realizada;Entrega Finalizada;12;5;8;5;BV LOG;26003;;;
MOBIS BRASIL FABRICACAO DE AUTO PECAS LT;RODOVIARIO;1506298;07/05/2026;91;341451;08/05/2026;BILLY DISTRIBUIDORA DE VEICULOS LTDA;1,34E+13;SAO CAETANO DO SUL;SP;08/05/2026;12/05/2026;08/05/2026;Entregue No Prazo;;Entrega realizada;Entrega Finalizada;12;5;8;5;BV LOG;26003;;;
MOBIS BRASIL FABRICACAO DE AUTO PECAS LT;RODOVIARIO;1505985;07/05/2026;66;341452;08/05/2026;MOTONET COMERCIO DE VEICULOS LTDA;9,28E+12;SOROCABA;SP;08/05/2026;13/05/2026;08/05/2026;Entregue No Prazo;;Entrega realizada;Entrega Finalizada;13;5;8;5;BV LOG;26113;;;
MOBIS BRASIL FABRICACAO DE AUTO PECAS LT;RODOVIARIO;1463775;12/02/2026;2;328019;12/02/2026;UNIQUE BOA VISTA COM. DE AUTOMOVEIS LTDA;3,48E+13;BOA VISTA;RR;12/02/2026;12/03/2026;09/05/2026;Entregue Fora do Prazo;;Entrega realizada;Entrega Finalizada;12;3;12;2;NORTEX;22002;;;
MOBIS BRASIL FABRICACAO DE AUTO PECAS LT;RODOVIARIO;1470316;27/02/2026;1;330125;27/02/2026;UNIQUE BOA VISTA COM. DE AUTOMOVEIS LTDA;3,48E+13;BOA VISTA;RR;27/02/2026;27/03/2026;09/05/2026;Entregue Fora do Prazo;;Entrega realizada;Entrega Finalizada;27;3;27;2;NORTEX;22002;;;
MOBIS BRASIL FABRICACAO DE AUTO PECAS LT;RODOVIARIO;1476860;12/03/2026;2;332179;12/03/2026;UNIQUE BOA VISTA COM. DE AUTOMOVEIS LTDA;3,48E+13;BOA VISTA;RR;12/03/2026;09/04/2026;09/05/2026;Entregue Fora do Prazo;;Entrega realizada;Entrega Finalizada;9;4;12;3;NORTEX;22002;;;
MOBIS BRASIL FABRICACAO DE AUTO PECAS LT;RODOVIARIO;1479520;18/03/2026;1;333173;18/03/2026;UNIQUE BOA VISTA COM. DE AUTOMOVEIS LTDA;3,48E+13;BOA VISTA;RR;18/03/2026;15/04/2026;09/05/2026;Entregue Fora do Prazo;;Entrega realizada;Entrega Finalizada;15;4;18;3;NORTEX;22002;;;
MOBIS BRASIL FABRICACAO DE AUTO PECAS LT;RODOVIARIO;1505053;06/05/2026;2;341040;06/05/2026;GOLDEN MOTORS VEICULOS LTDA;3,62E+12;DOURADOS;MS;06/05/2026;14/05/2026;09/05/2026;Entregue No Prazo;;Entrega realizada;Entrega Finalizada;14;5;6;5;CARVALIMA;12001;;;
MOBIS BRASIL FABRICACAO DE AUTO PECAS LT;RODOVIARIO;1506344;07/05/2026;1;341231;07/05/2026;DHC COMERCIO DE VEICULOS E PECAS LTDA;9,52E+12;JAU;SP;07/05/2026;13/05/2026;09/05/2026;Entregue No Prazo;;Entrega realizada;Entrega Finalizada;13;5;7;5;MVT;26010;;;
MOBIS BRASIL FABRICACAO DE AUTO PECAS LT;RODOVIARIO;1511297;18/05/2026;16;343074;19/05/2026;GRANDAY AUTOMOTORES LTDA (CHAC. CALIFOR);1,57E+13;SAO PAULO;SP;19/05/2026;21/05/2026;10/05/2026;Entregue No Prazo;;Entrega realizada;Entrega Finalizada;21;5;19;5;XD DIADEMA;26090;;;
MOBIS BRASIL FABRICACAO DE AUTO PECAS LT;RODOVIARIO;1501299;28/04/2026;1;339794;28/04/2026;MASTER COMERCIAL DE VEICULOS LTDA;2,85E+13;BARREIRAS;BA;28/04/2026;14/05/2026;11/05/2026;Entregue No Prazo;;Entrega realizada;Entrega Finalizada;14;5;28;4;TERMACO;5012;;;
MOBIS BRASIL FABRICACAO DE AUTO PECAS LT;RODOVIARIO;1502076;29/04/2026;1;340053;29/04/2026;SAINT LAND COM DE VEICULOS S A;1,04E+13;MOSSORO;RN;29/04/2026;19/05/2026;11/05/2026;Entregue No Prazo;;Entrega realizada;Entrega Finalizada;19;5;29;4;TERMACO;20002;;;
MOBIS BRASIL FABRICACAO DE AUTO PECAS LT;RODOVIARIO;1503304;30/04/2026;5;340556;30/04/2026;CYCOSA AUTOMOVEIS LTDA;4,76E+12;MACEIO;AL;30/04/2026;18/05/2026;11/05/2026;Entregue No Prazo;;entrega realizada;Entrega Finalizada;18;5;30;4;TERMACO;2001;;;
MOBIS BRASIL FABRICACAO DE AUTO PECAS LT;RODOVIARIO;1503312;30/04/2026;1;340547;30/04/2026;CAOA MOTOR DO BRASIL LTDA;1,68E+13;FORTALEZA;CE;30/04/2026;18/05/2026;11/05/2026;Entregue No Prazo;;entrega realizada;Entrega Finalizada;18;5;30;4;TERMACO;5008;;;
MOBIS BRASIL FABRICACAO DE AUTO PECAS LT;RODOVIARIO;1503313;30/04/2026;1;340547;30/04/2026;CAOA MOTOR DO BRASIL LTDA;1,68E+13;FORTALEZA;CE;30/04/2026;18/05/2026;11/05/2026;Entregue No Prazo;;entrega realizada;Entrega Finalizada;18;5;30;4;TERMACO;5008;;;
MOBIS BRASIL FABRICACAO DE AUTO PECAS LT;RODOVIARIO;1503311;30/04/2026;2;340564;30/04/2026;MASTER COMERCIAL DE VEICULOS LTDA;2,85E+13;JACOBINA;BA;30/04/2026;19/05/2026;11/05/2026;Entregue No Prazo;;Entrega realizada;Entrega Finalizada;19;5;30;4;TERMACO;5013;;;
MOBIS BRASIL FABRICACAO DE AUTO PECAS LT;RODOVIARIO;1503366;30/04/2026;2;340571;30/04/2026;SAINT LAND COMERCIO DE VEICULOS LTDA;1,04E+13;NATAL;RN;30/04/2026;19/05/2026;11/05/2026;Entregue No Prazo;;Entrega realizada;Entrega Finalizada;19;5;30;4;TERMACO;6010;;;
MOBIS BRASIL FABRICACAO DE AUTO PECAS LT;RODOVIARIO;1503420;30/04/2026;1;340542;30/04/2026;AIKON VEICULOS LTDA;1,17E+13;SANTO ANTONIO DE JESUS;BA;30/04/2026;19/05/2026;11/05/2026;Entregue No Prazo;;Entrega realizada;Entrega Finalizada;19;5;30;4;TERMACO;5002;;;
MOBIS BRASIL FABRICACAO DE AUTO PECAS LT;RODOVIARIO;1503350;30/04/2026;1;340560;30/04/2026;GREEN CITY VEICULOS LTDA;2,10E+13;TERESINA;PI;30/04/2026;20/05/2026;11/05/2026;Entregue No Prazo;;Entrega realizada;Entrega Finalizada;20;5;30;4;TERMACO;17002;;;
MOBIS BRASIL FABRICACAO DE AUTO PECAS LT;RODOVIARIO;1503365;30/04/2026;2;340570;30/04/2026;SAINT LAND COM DE VEICULOS S A;1,04E+13;MOSSORO;RN;30/04/2026;20/05/2026;11/05/2026;Entregue No Prazo;;Entrega realizada;Entrega Finalizada;20;5;30;4;TERMACO;20002;;;
MOBIS BRASIL FABRICACAO DE AUTO PECAS LT;RODOVIARIO;1503303;30/04/2026;3;340576;30/04/2026;ULSAN COMERCIO DE VEICULOS LTDA;2,10E+13;RIO BRANCO;AC;30/04/2026;21/05/2026;11/05/2026;Entregue No Prazo;;Entrega realizada;Entrega Finalizada;21;5;30;4;CARVALIMA;21004;;;
MOBIS BRASIL FABRICACAO DE AUTO PECAS LT; RODOVIARIO;1504151;04/05/2026;2;340778;04/05/2026;URCA MOTORS VEICULOS LTDA;8,77E+12;UBERABA;MG;04/05/2026;11/05/2026;11/05/2026;Entregue No Prazo;;Entrega realizada;Entrega Finalizada;11;5;4;5;XD BETIM;9014;;;
MOBIS BRASIL FABRICACAO DE AUTO PECAS LT; RODOVIARIO;1504145;04/05/2026;7;340769;04/05/2026;SAGA KOREA COM. DE VEIC. E PC. LTDA;1,27E+13;GOIANIA;GO;04/05/2026;13/05/2026;11/05/2026;Entregue No Prazo;;Entrega realizada;Entrega Finalizada;13;5;4;5;RIO VERMELHO;9009;;;
MOBIS BRASIL FABRICACAO DE AUTO PECAS LT; RODOVIARIO;1504161;04/05/2026;8;340824;04/05/2026;COMETA MATO GROSSO COM. DE VEICULOS LTDA;1,54E+13;RONDONOPOLIS;MT;04/05/2026;15/05/2026;11/05/2026;Entregue No Prazo;;Entrega realizada;Entrega Finalizada;15;5;4;5;CARVALIMA;13006;;;
MOBIS BRASIL FABRICACAO DE AUTO PECAS LT; RODOVIARIO;1504187;04/05/2026;1;340847;04/05/2026;SAGA ASIA COM. DE VEIC.PC.E SERV. LTDA;2,14E+13;PORTO VELHO;RO;04/05/2026;18/05/2026;11/05/2026;Entregue No Prazo;;Entrega realizada;Entrega Finalizada;18;5;4;5;CARVALIMA;21003;;;
MOBIS BRASIL FABRICACAO DE AUTO PECAS LT;RODOVIARIO;1505044;06/05/2026;1;341025;06/05/2026;URCA MOTORS VEICULOS LTDA;8,77E+12;UBERABA;MG;06/05/2026;12/05/2026;11/05/2026;Entregue No Prazo;;Entrega realizada;Entrega Finalizada;12;5;6;5;XD BETIM;9014;;;
MOBIS BRASIL FABRICACAO DE AUTO PECAS LT;RODOVIARIO;1505067;06/05/2026;1;341078;06/05/2026;LOVAT VEICULOS S/A;8,57E+12;LONDRINA;PR;06/05/2026;12/05/2026;11/05/2026;Entregue No Prazo;;Entrega realizada;Entrega Finalizada;12;5;6;5;TRANSTRY;18008;;;
MOBIS BRASIL FABRICACAO DE AUTO PECAS LT;RODOVIARIO;1505068;06/05/2026;31;341078;06/05/2026;LOVAT VEICULOS S/A;8,57E+12;LONDRINA;PR;06/05/2026;12/05/2026;11/05/2026;Entregue No Prazo;;Entrega realizada;Entrega Finalizada;12;5;6;5;TRANSTRY;18008;;;
MOBIS BRASIL FABRICACAO DE AUTO PECAS LT;RODOVIARIO;1505079;06/05/2026;5;341032;06/05/2026;CAOA MOTOR DO BRASIL LTDA;1,68E+13;NITEROI;RJ;06/05/2026;12/05/2026;11/05/2026;Entregue No Prazo;;Entrega realizada;Entrega Finalizada;12;5;6;5;CAMILO;5008;;;
MOBIS BRASIL FABRICACAO DE AUTO PECAS LT;RODOVIARIO;1505081;06/05/2026;2;341076;06/05/2026;HOUSE PARTS-COM. DE PCS. E VEICULOS LTDA;1,15E+13;PORTO ALEGRE;RS;06/05/2026;12/05/2026;11/05/2026;Entregue No Prazo;;Entrega realizada;Entrega Finalizada;12;5;6;5;TRANSTRY;23004;;;
MOBIS BRASIL FABRICACAO DE AUTO PECAS LT;RODOVIARIO;1505042;06/05/2026;1;341008;06/05/2026;CONCESSIONARIA NAGOYA MOTOS E VEIC. LTDA;8,74E+12;UBA;MG;06/05/2026;13/05/2026;11/05/2026;Entregue No Prazo;;Entrega realizada;Entrega Finalizada;13;5;6;5;XD BETIM;11004;;;
MOBIS BRASIL FABRICACAO DE AUTO PECAS LT;RODOVIARIO;1505083;06/05/2026;1;341074;06/05/2026;GAMBATTO H1 VEICULOS LTDA;1,94E+13;PASSO FUNDO;RS;06/05/2026;13/05/2026;11/05/2026;Entregue No Prazo;;Entrega realizada;Entrega Finalizada;13;5;6;5;TRANSTRY;23015;;;
MOBIS BRASIL FABRICACAO DE AUTO PECAS LT;RODOVIARIO;1505030;06/05/2026;1;341021;06/05/2026;SMAFF IMPORT VEICULOS LTDA;8,18E+12;BRASILIA;DF;06/05/2026;14/05/2026;11/05/2026;Entregue No Prazo;;Entrega realizada;Entrega Finalizada;14;5;6;5;CARVALIMA;7002;;;
MOBIS BRASIL FABRICACAO DE AUTO PECAS LT;RODOVIARIO;1505031;06/05/2026;6;341021;06/05/2026;SMAFF IMPORT VEICULOS LTDA;8,18E+12;BRASILIA;DF;06/05/2026;14/05/2026;11/05/2026;Entregue No Prazo;;Entrega realizada;Entrega Finalizada;14;5;6;5;CARVALIMA;7002;;;
MOBIS BRASIL FABRICACAO DE AUTO PECAS LT;RODOVIARIO;1505032;06/05/2026;2;341019;06/05/2026;SAGA KOREA COM. DE VEIC. E PC. LTDA;1,27E+13;BRASILIA;DF;06/05/2026;14/05/2026;11/05/2026;Entregue No Prazo;;Entrega realizada;Entrega Finalizada;14;5;6;5;CARVALIMA;7005;;;
MOBIS BRASIL FABRICACAO DE AUTO PECAS LT;RODOVIARIO;1505033;06/05/2026;1;341019;06/05/2026;SAGA KOREA COM. DE VEIC. E PC. LTDA;1,27E+13;BRASILIA;DF;06/05/2026;14/05/2026;11/05/2026;Entregue No Prazo;;Entrega realizada;Entrega Finalizada;14;5;6;5;CARVALIMA;7005;;;
MOBIS BRASIL FABRICACAO DE AUTO PECAS LT;RODOVIARIO;1505057;06/05/2026;1;341057;06/05/2026;SAGA ASIA COM. DE VEIC.PC.E SERV. LTDA;2,23E+13;VARZEA GRANDE;MT;06/05/2026;15/05/2026;11/05/2026;Entregue No Prazo;;Entrega realizada;Entrega Finalizada;15;5;6;5;CARVALIMA;13004;;;
MOBIS BRASIL FABRICACAO DE AUTO PECAS LT;RODOVIARIO;1505058;06/05/2026;3;341057;06/05/2026;SAGA ASIA COM. DE VEIC.PC.E SERV. LTDA;2,23E+13;VARZEA GRANDE;MT;06/05/2026;15/05/2026;11/05/2026;Entregue No Prazo;;Entrega realizada;Entrega Finalizada;15;5;6;5;CARVALIMA;13004;;;
MOBIS BRASIL FABRICACAO DE AUTO PECAS LT;RODOVIARIO;1505059;06/05/2026;1;341035;06/05/2026;COMETA MATO GROSSO COM. DE VEICULOS LTDA;1,54E+13;RONDONOPOLIS;MT;06/05/2026;18/05/2026;11/05/2026;Entregue No Prazo;;Entrega realizada;Entrega Finalizada;18;5;6;5;CARVALIMA;13006;;;
MOBIS BRASIL FABRICACAO DE AUTO PECAS LT;RODOVIARIO;1505949;07/05/2026;2;341304;07/05/2026;BARI VEICULOS LTDA;7,46E+12;PONTA GROSSA;PR;07/05/2026;13/05/2026;11/05/2026;Entregue No Prazo;;Entrega realizada;Entrega Finalizada;13;5;7;5;TRANSTRY;18024;;;
MOBIS BRASIL FABRICACAO DE AUTO PECAS LT;RODOVIARIO;1505950;07/05/2026;16;341304;07/05/2026;BARI VEICULOS LTDA;7,46E+12;PONTA GROSSA;PR;07/05/2026;13/05/2026;11/05/2026;Entregue No Prazo;;Entrega realizada;Entrega Finalizada;13;5;7;5;TRANSTRY;18024;;;
MOBIS BRASIL FABRICACAO DE AUTO PECAS LT;RODOVIARIO;1505971;07/05/2026;1;341307;07/05/2026;BARI VEICULOS LTDA.;7,46E+12;JOINVILLE;SC;07/05/2026;13/05/2026;11/05/2026;Entregue No Prazo;;Entrega realizada;Entrega Finalizada;13;5;7;5;TRANSTRY;24013;;;
MOBIS BRASIL FABRICACAO DE AUTO PECAS LT;RODOVIARIO;1505973;07/05/2026;2;341314;07/05/2026;GAMBATTO H1 VEICULOS LTDA;1,94E+13;CHAPECO;SC;07/05/2026;14/05/2026;11/05/2026;Entregue No Prazo;;Entrega realizada;Entrega Finalizada;14;5;7;5;TRANSTRY;24018;;;
MOBIS BRASIL FABRICACAO DE AUTO PECAS LT;RODOVIARIO;1505975;07/05/2026;4;341312;07/05/2026;CHINHAN AUTOMOVEIS LTDA.;2,41E+13;CACADOR;SC;07/05/2026;18/05/2026;11/05/2026;Entregue No Prazo;;Entrega realizada;Entrega Finalizada;18;5;7;5;TRANSTRY;24020;;;
MOBIS BRASIL FABRICACAO DE AUTO PECAS LT;RODOVIARIO;1505979;07/05/2026;1;341241;07/05/2026;BILLY DISTRIBUIDORA DE VEICULOS LTDA;1,34E+13;BARUERI;SP;07/05/2026;11/05/2026;11/05/2026;Entregue No Prazo;;Entrega realizada;Entrega Finalizada;11;5;7;5;XD DIADEMA;26003;;;
MOBIS BRASIL FABRICACAO DE AUTO PECAS LT;RODOVIARIO;1505989;07/05/2026;2;341244;07/05/2026;CAOA MOTOR DO BRASIL LTDA (ARICANDUVA);1,68E+13;SAO PAULO;SP;07/05/2026;11/05/2026;11/05/2026;Entregue No Prazo;;Entrega realizada;Entrega Finalizada;11;5;7;5;XD DIADEMA;26039;;;
MOBIS BRASIL FABRICACAO DE AUTO PECAS LT;RODOVIARIO;1505931;07/05/2026;17;341263;07/05/2026;TAI MOTORS VEICULOS S/A;9,27E+12;BELO HORIZONTE;MG;07/05/2026;12/05/2026;11/05/2026;Entregue No Prazo;;Entrega realizada;Entrega Finalizada;12;5;7;5;XD BETIM;8002;;;
MOBIS BRASIL FABRICACAO DE AUTO PECAS LT;RODOVIARIO;1505932;07/05/2026;2;341249;07/05/2026;CARBEL KOREA VEICULOS LTDA;2,07E+13;BELO HORIZONTE;MG;07/05/2026;12/05/2026;11/05/2026;Entregue No Prazo;;Entrega realizada;Entrega Finalizada;12;5;7;5;XD BETIM;11021;;;
MOBIS BRASIL FABRICACAO DE AUTO PECAS LT;RODOVIARIO;1505935;07/05/2026;40;341240;07/05/2026;BDG AUTOVILLE VEICULOS LTDA;4,77E+13;CONTAGEM;MG;07/05/2026;12/05/2026;11/05/2026;Entregue No Prazo;;Entrega realizada;Entrega Finalizada;12;5;7;5;XD BETIM;11037;;;
MOBIS BRASIL FABRICACAO DE AUTO PECAS LT;RODOVIARIO;1505986;07/05/2026;5;341238;07/05/2026;NEW VEICULOS E PECAS LTDA;1,59E+13;RIBEIRAO PRETO;SP;07/05/2026;12/05/2026;11/05/2026;Entregue No Prazo;;Entrega realizada;Entrega Finalizada;12;5;7;5;MVT;26014;;;
MOBIS BRASIL FABRICACAO DE AUTO PECAS LT;RODOVIARIO;1505992;07/05/2026;1;341226;07/05/2026;ANDRETA II DISTRIBUIDORA DE VEIC. LTDA;9,10E+12;INDAIATUBA;SP;07/05/2026;12/05/2026;11/05/2026;Entregue No Prazo;;Entrega realizada;Entrega Finalizada;12;5;7;5;MVT;26011;;;
MOBIS BRASIL FABRICACAO DE AUTO PECAS LT;RODOVIARIO;1505993;07/05/2026;5;341228;07/05/2026;ANDRETA II DISTRIBUIDORA DE VEIC. LTDA;9,10E+12;AMERICANA;SP;07/05/2026;12/05/2026;11/05/2026;Entregue No Prazo;;Entrega realizada;Entrega Finalizada;12;5;7;5;MVT;26011;;;
MOBIS BRASIL FABRICACAO DE AUTO PECAS LT;RODOVIARIO;1506005;07/05/2026;1;341234;07/05/2026;H - CAMINHO AUTOMOVEIS LTDA;2,53E+13;LIMEIRA;SP;07/05/2026;12/05/2026;11/05/2026;Entregue No Prazo;;Entrega realizada;Entrega Finalizada;12;5;7;5;MVT;26092;;;
MOBIS BRASIL FABRICACAO DE AUTO PECAS LT;RODOVIARIO;1506502;07/05/2026;2;341240;07/05/2026;BDG AUTOVILLE VEICULOS LTDA;4,77E+13;CONTAGEM;MG;07/05/2026;12/05/2026;11/05/2026;Entregue No Prazo;;Entrega realizada;Entrega Finalizada;12;5;7;5;XD BETIM;11037;;;
MOBIS BRASIL FABRICACAO DE AUTO PECAS LT;RODOVIARIO;1505954;07/05/2026;6;341280;07/05/2026;ITAVEMA MOTORS VEICULOS LTDA;7,73E+12;DUQUE DE CAXIAS;RJ;07/05/2026;13/05/2026;11/05/2026;Entregue No Prazo;;Entrega realizada;Entrega Finalizada;13;5;7;5;CAMILO;19001;;;
MOBIS BRASIL FABRICACAO DE AUTO PECAS LT;RODOVIARIO;1505955;07/05/2026;3;341270;07/05/2026;AMX COM. E SERVICOS DE AUTOMOTORES LTDA;1,20E+13;RIO DE JANEIRO;RJ;07/05/2026;13/05/2026;11/05/2026;Entregue No Prazo;;Entrega realizada;Entrega Finalizada;13;5;7;5;CAMILO;19009;;;
MOBIS BRASIL FABRICACAO DE AUTO PECAS LT;RODOVIARIO;1505956;07/05/2026;1;341281;07/05/2026;ITAVEMA MOTORS VEICULOS LTDA;7,73E+12;RIO DE JANEIRO;RJ;07/05/2026;13/05/2026;11/05/2026;Entregue No Prazo;;Entrega realizada;Entrega Finalizada;13;5;7;5;CAMILO;19001;;;
MOBIS BRASIL FABRICACAO DE AUTO PECAS LT;RODOVIARIO;1505957;07/05/2026;41;341281;07/05/2026;ITAVEMA MOTORS VEICULOS LTDA;7,73E+12;RIO DE JANEIRO;RJ;07/05/2026;13/05/2026;11/05/2026;Entregue No Prazo;;Entrega realizada;Entrega Finalizada;13;5;7;5;CAMILO;19001;;;
MOBIS BRASIL FABRICACAO DE AUTO PECAS LT;RODOVIARIO;1505998;07/05/2026;2;341233;07/05/2026;GOLDEN MOTORS VEICULOS LTDA;3,62E+12;ARACATUBA;SP;07/05/2026;13/05/2026;11/05/2026;Entregue No Prazo;;Entrega realizada;Entrega Finalizada;13;5;7;5;MVT;12001;;;
MOBIS BRASIL FABRICACAO DE AUTO PECAS LT;RODOVIARIO;1506006;07/05/2026;2;341232;07/05/2026;DHC COMERCIO DE VEICULOS E PECAS LTDA;9,52E+12;OURINHOS;SP;07/05/2026;13/05/2026;11/05/2026;Entregue No Prazo;;Entrega realizada;Entrega Finalizada;13;5;7;5;MVT;26010;;;
MOBIS BRASIL FABRICACAO DE AUTO PECAS LT;RODOVIARIO;1506292;07/05/2026;12;341317;07/05/2026;LOVAT VEICULOS S/A;8,57E+12;LONDRINA;PR;07/05/2026;13/05/2026;11/05/2026;Entregue No Prazo;;Entrega realizada;Entrega Finalizada;13;5;7;5;TRANSTRY;18008;;;
MOBIS BRASIL FABRICACAO DE AUTO PECAS LT;RODOVIARIO;1506513;07/05/2026;2;341281;07/05/2026;ITAVEMA MOTORS VEICULOS LTDA;7,73E+12;RIO DE JANEIRO;RJ;07/05/2026;13/05/2026;11/05/2026;Entregue No Prazo;;Entrega realizada;Entrega Finalizada;13;5;7;5;CAMILO;19001;;;
MOBIS BRASIL FABRICACAO DE AUTO PECAS LT;RODOVIARIO;1506514;07/05/2026;2;341317;07/05/2026;LOVAT VEICULOS S/A;8,57E+12;LONDRINA;PR;07/05/2026;13/05/2026;11/05/2026;Entregue No Prazo;;Entrega realizada;Entrega Finalizada;13;5;7;5;TRANSTRY;18008;;;
MOBIS BRASIL FABRICACAO DE AUTO PECAS LT;RODOVIARIO;1505948;07/05/2026;2;341322;07/05/2026;ZENDAI VEICULOS LTDA;1,97E+13;TOLEDO;PR;07/05/2026;14/05/2026;11/05/2026;Entregue No Prazo;;Entrega realizada;Entrega Finalizada;14;5;7;5;TRANSTRY;18016;;;
MOBIS BRASIL FABRICACAO DE AUTO PECAS LT;RODOVIARIO;1505960;07/05/2026;7;341295;07/05/2026;TAI MOTORS VEICULOS S/A.;9,27E+12;CAMPOS DOS GOYTACAZES;RJ;07/05/2026;14/05/2026;11/05/2026;Entregue No Prazo;;Entrega realizada;Entrega Finalizada;14;5;7;5;CAMILO;19023;;;
MOBIS BRASIL FABRICACAO DE AUTO PECAS LT;RODOVIARIO;1505961;07/05/2026;3;341300;07/05/2026;VIA VR VEICULOS LTDA;1,73E+13;PETROPOLIS;RJ;07/05/2026;14/05/2026;11/05/2026;Entregue No Prazo;;Entrega realizada;Entrega Finalizada;14;5;7;5;CAMILO;19016;;;
MOBIS BRASIL FABRICACAO DE AUTO PECAS LT;RODOVIARIO;1505967;07/05/2026;2;341301;07/05/2026;ATUAL VEICULOS LTDA;1,33E+13;TUBARAO;SC;07/05/2026;14/05/2026;11/05/2026;Entregue No Prazo;;Entrega realizada;Entrega Finalizada;14;5;7;5;TRANSTRY;24001;;;
MOBIS BRASIL FABRICACAO DE AUTO PECAS LT;RODOVIARIO;1505968;07/05/2026;2;341319;07/05/2026;LR COMERCIO DE VEICULOS LTDA;1,05E+13;SAO JOSE;SC;07/05/2026;14/05/2026;11/05/2026;Entregue No Prazo;;Entrega realizada;Entrega Finalizada;14;5;7;5;TRANSTRY;24007;;;
MOBIS BRASIL FABRICACAO DE AUTO PECAS LT;RODOVIARIO;1505923;07/05/2026;1;341294;07/05/2026;TAI MOTORS VEICULOS S/A;9,27E+12;COLATINA;ES;07/05/2026;15/05/2026;11/05/2026;Entregue No Prazo;;Entrega realizada;Entrega Finalizada;15;5;7;5;CAMILO;8002;;;
MOBIS BRASIL FABRICACAO DE AUTO PECAS LT;RODOVIARIO;1505937;07/05/2026;2;341278;07/05/2026;GOLDEN MOTORS VEICULOS LTDA;3,62E+12;TRES LAGOAS;MS;07/05/2026;15/05/2026;11/05/2026;Entregue No Prazo;;Entrega realizada;Entrega Finalizada;15;5;7;5;CARVALIMA;12001;;;
MOBIS BRASIL FABRICACAO DE AUTO PECAS LT;RODOVIARIO;1505938;07/05/2026;2;341278;07/05/2026;GOLDEN MOTORS VEICULOS LTDA;3,62E+12;TRES LAGOAS;MS;07/05/2026;15/05/2026;11/05/2026;Entregue No Prazo;;Entrega realizada;Entrega Finalizada;15;5;7;5;CARVALIMA;12001;;;
MOBIS BRASIL FABRICACAO DE AUTO PECAS LT;RODOVIARIO;1505972;07/05/2026;1;341305;07/05/2026;BARI VEICULOS LTDA;7,46E+12;BALNEARIO CAMBORIU;SC;07/05/2026;15/05/2026;11/05/2026;Entregue No Prazo;;Entrega realizada;Entrega Finalizada;15;5;7;5;TRANSTRY;18024;;;
MOBIS BRASIL FABRICACAO DE AUTO PECAS LT;RODOVIARIO;1506827;08/05/2026;1;341517;08/05/2026;CAOA MOTOR DO BRASIL LTDA (INDIANOPOLIS);1,68E+13;SAO PAULO;SP;08/05/2026;12/05/2026;11/05/2026;Entregue No Prazo;;Entrega realizada;Entrega Finalizada;12;5;8;5;BV LOG;26091;;;
MOBIS BRASIL FABRICACAO DE AUTO PECAS LT;RODOVIARIO;1506805;08/05/2026;2;341465;08/05/2026;BILLY DISTRIBUIDORA DE VEICULOS LTDA;1,34E+13;BARUERI;SP;08/05/2026;12/05/2026;11/05/2026;Entregue No Prazo;;Entrega realizada;Entrega Finalizada;12;5;8;5;XD DIADEMA;26003;;;
MOBIS BRASIL FABRICACAO DE AUTO PECAS LT;RODOVIARIO;1506809;08/05/2026;3;341518;08/05/2026;CHS MOTORS VEICULOS PECAS E SERV LTDA  ;1,69E+13;SAO PAULO;SP;08/05/2026;12/05/2026;11/05/2026;Entregue No Prazo;;Entrega realizada;Entrega Finalizada;12;5;8;5;BV LOG;26037;;;
MOBIS BRASIL FABRICACAO DE AUTO PECAS LT;RODOVIARIO;1506810;08/05/2026;1;341469;08/05/2026;CAOA MOTOR DO BRASIL LTDA (ARICANDUVA);1,68E+13;SAO PAULO;SP;08/05/2026;12/05/2026;11/05/2026;Entregue No Prazo;;Entrega realizada;Entrega Finalizada;12;5;8;5;XD DIADEMA;26039;;;
MOBIS BRASIL FABRICACAO DE AUTO PECAS LT;RODOVIARIO;1506815;08/05/2026;1;341471;08/05/2026;CAOA MOTOR DO BRASIL LTDA (VL PRUDENTE);1,68E+13;SAO PAULO;SP;08/05/2026;12/05/2026;11/05/2026;Entregue No Prazo;;Entrega realizada;Entrega Finalizada;12;5;8;5;XD DIADEMA;26051;;;
MOBIS BRASIL FABRICACAO DE AUTO PECAS LT;RODOVIARIO;1506816;08/05/2026;1;341475;08/05/2026;CHS MOTORS VEICULOS PECAS(VL. GUILHERME);1,69E+13;SAO PAULO;SP;08/05/2026;12/05/2026;11/05/2026;Entregue No Prazo;;Entrega realizada;Entrega Finalizada;12;5;8;5;XD DIADEMA;26052;;;
MOBIS BRASIL FABRICACAO DE AUTO PECAS LT;RODOVIARIO;1506817;08/05/2026;1;341470;08/05/2026;CAOA MOTOR DO BRASIL LTDA (IPIRANGA);1,68E+13;SAO PAULO;SP;08/05/2026;12/05/2026;11/05/2026;Entregue No Prazo;;Entrega realizada;Entrega Finalizada;12;5;8;5;XD DIADEMA;26054;;;
MOBIS BRASIL FABRICACAO DE AUTO PECAS LT;RODOVIARIO;1506818;08/05/2026;2;341466;08/05/2026;CAOA MOTOR DO BRASIL LTDA;1,68E+13;SAO BERNARDO DO CAMPO;SP;08/05/2026;12/05/2026;11/05/2026;Entregue No Prazo;;Entrega realizada;Entrega Finalizada;12;5;8;5;XD DIADEMA;5008;;;
MOBIS BRASIL FABRICACAO DE AUTO PECAS LT;RODOVIARIO;1506823;08/05/2026;3;341481;08/05/2026;NOBRE SP DISTRIB. DE VEIC. E PEC. LTDA;1,70E+13;SAO PAULO;SP;08/05/2026;12/05/2026;11/05/2026;Entregue No Prazo;;Entrega realizada;Entrega Finalizada;12;5;8;5;XD DIADEMA;26081;;;
MOBIS BRASIL FABRICACAO DE AUTO PECAS LT;RODOVIARIO;1506825;08/05/2026;1;341472;08/05/2026;CAOA MOTOR DO BRASIL LTDA(NACOES UNIDAS);1,68E+13;SAO PAULO;SP;08/05/2026;12/05/2026;11/05/2026;Entregue No Prazo;;Entrega realizada;Entrega Finalizada;12;5;8;5;XD DIADEMA;26087;;;
MOBIS BRASIL FABRICACAO DE AUTO PECAS LT;RODOVIARIO;1506826;08/05/2026;18;341519;08/05/2026;GRANDAY AUTOMOTORES LTDA (CHAC. CALIFOR);1,57E+13;SAO PAULO;SP;08/05/2026;12/05/2026;11/05/2026;Entregue No Prazo;;Entrega realizada;Entrega Finalizada;12;5;8;5;BV LOG;26090;;;
MOBIS BRASIL FABRICACAO DE AUTO PECAS LT;RODOVIARIO;1506828;08/05/2026;1;341480;08/05/2026;NOBRE DISTRIBUIDORA DE VEIC. E PEC. LTDA;5,76E+12;SUZANO;SP;08/05/2026;12/05/2026;11/05/2026;Entregue No Prazo;;Entrega realizada;Entrega Finalizada;12;5;8;5;XD DIADEMA;26103;;;
MOBIS BRASIL FABRICACAO DE AUTO PECAS LT;RODOVIARIO;1506829;08/05/2026;1;341473;08/05/2026;CAOA MOTOR DO BRASIL LTDA(RAP. TAVARES);1,68E+13;SAO PAULO;SP;08/05/2026;12/05/2026;11/05/2026;Entregue No Prazo;;Entrega realizada;Entrega Finalizada;12;5;8;5;XD DIADEMA;26109;;;
MOBIS BRASIL FABRICACAO DE AUTO PECAS LT;RODOVIARIO;1507242;08/05/2026;85;341516;08/05/2026;BILLY DISTRIBUIDORA DE VEICULOS LTDA;1,34E+13;SAO CAETANO DO SUL;SP;08/05/2026;12/05/2026;11/05/2026;Entregue No Prazo;;Entrega realizada;Entrega Finalizada;12;5;8;5;BV LOG;26003;;;
MOBIS BRASIL FABRICACAO DE AUTO PECAS LT;RODOVIARIO;1507258;08/05/2026;1;341516;08/05/2026;BILLY DISTRIBUIDORA DE VEICULOS LTDA;1,34E+13;SAO CAETANO DO SUL;SP;08/05/2026;12/05/2026;11/05/2026;Entregue No Prazo;;Entrega realizada;Entrega Finalizada;12;5;8;5;BV LOG;26003;;;
MOBIS BRASIL FABRICACAO DE AUTO PECAS LT;RODOVIARIO;1506761;08/05/2026;30;341464;08/05/2026;BDG AUTOVILLE VEICULOS LTDA;4,77E+13;CONTAGEM;MG;08/05/2026;13/05/2026;11/05/2026;Entregue No Prazo;;Entrega realizada;Entrega Finalizada;13;5;8;5;XD BETIM;11037;;;
MOBIS BRASIL FABRICACAO DE AUTO PECAS LT;RODOVIARIO;1506806;08/05/2026;1;341458;08/05/2026;DHC COMERCIO DE VEICULOS E PECAS LTDA;9,52E+12;BAURU;SP;08/05/2026;13/05/2026;11/05/2026;Entregue No Prazo;;Entrega realizada;Entrega Finalizada;13;5;8;5;MVT;26010;;;
MOBIS BRASIL FABRICACAO DE AUTO PECAS LT;RODOVIARIO;1506807;08/05/2026;5;341478;08/05/2026;MOTONET COMERCIO DE VEICULOS LTDA;9,28E+12;SOROCABA;SP;08/05/2026;13/05/2026;11/05/2026;Entregue No Prazo;;Entrega realizada;Entrega Finalizada;13;5;8;5;XD DIADEMA;26113;;;
MOBIS BRASIL FABRICACAO DE AUTO PECAS LT;RODOVIARIO;1506808;08/05/2026;3;341460;08/05/2026;NEW VEICULOS E PECAS LTDA;1,59E+13;RIBEIRAO PRETO;SP;08/05/2026;13/05/2026;11/05/2026;Entregue No Prazo;;Entrega realizada;Entrega Finalizada;13;5;8;5;MVT;26014;;;
MOBIS BRASIL FABRICACAO DE AUTO PECAS LT;RODOVIARIO;1506811;08/05/2026;1;341456;08/05/2026;ANDRETA II DISTRIBUIDORA DE VEIC. LTDA;9,10E+12;AMERICANA;SP;08/05/2026;13/05/2026;11/05/2026;Entregue No Prazo;;Entrega realizada;Entrega Finalizada;13;5;8;5;MVT;26011;;;
MOBIS BRASIL FABRICACAO DE AUTO PECAS LT;RODOVIARIO;1506820;08/05/2026;1;341467;08/05/2026;CAOA MOTOR DO BRASIL LTDA;1,68E+13;TAUBATE;SP;08/05/2026;13/05/2026;11/05/2026;Entregue No Prazo;;Entrega realizada;Entrega Finalizada;13;5;8;5;XD DIADEMA;5008;;;
MOBIS BRASIL FABRICACAO DE AUTO PECAS LT;RODOVIARIO;1506821;08/05/2026;3;341476;08/05/2026;DESTAQUE SEUL DISTR. DE VEIC. E PC. LTDA;2,12E+13;ATIBAIA;SP;08/05/2026;13/05/2026;11/05/2026;Entregue No Prazo;;Entrega realizada;Entrega Finalizada;13;5;8;5;XD DIADEMA;26075;;;
MOBIS BRASIL FABRICACAO DE AUTO PECAS LT;RODOVIARIO;1506822;08/05/2026;3;341476;08/05/2026;DESTAQUE SEUL DISTR. DE VEIC. E PC. LTDA;2,12E+13;ATIBAIA;SP;08/05/2026;13/05/2026;11/05/2026;Entregue No Prazo;;Entrega realizada;Entrega Finalizada;13;5;8;5;XD DIADEMA;26075;;;
MOBIS BRASIL FABRICACAO DE AUTO PECAS LT;RODOVIARIO;1506760;08/05/2026;1;341492;08/05/2026;URCA MOTORS VEICULOS LTDA;8,77E+12;PATOS DE MINAS;MG;08/05/2026;14/05/2026;11/05/2026;Entregue No Prazo;;Entrega realizada;Entrega Finalizada;14;5;8;5;XD BETIM;9014;;;
MOBIS BRASIL FABRICACAO DE AUTO PECAS LT;RODOVIARIO;1506812;08/05/2026;3;341461;08/05/2026;NEW VEICULOS E PECAS LTDA;1,59E+13;FRANCA;SP;08/05/2026;14/05/2026;11/05/2026;Entregue No Prazo;;Entrega realizada;Entrega Finalizada;14;5;8;5;MVT;26014;;;
MOBIS BRASIL FABRICACAO DE AUTO PECAS LT;RODOVIARIO;1506813;08/05/2026;2;341459;08/05/2026;H R B COMERCIO DE VEICULOS LTDA;1,82E+13;SAO JOSE DO RIO PRETO;SP;08/05/2026;14/05/2026;11/05/2026;Entregue No Prazo;;Entrega realizada;Entrega Finalizada;14;5;8;5;MVT;26050;;;
MOBIS BRASIL FABRICACAO DE AUTO PECAS LT;RODOVIARIO;1506814;08/05/2026;4;341459;08/05/2026;H R B COMERCIO DE VEICULOS LTDA;1,82E+13;SAO JOSE DO RIO PRETO;SP;08/05/2026;14/05/2026;11/05/2026;Entregue No Prazo;;Entrega realizada;Entrega Finalizada;14;5;8;5;MVT;26050;;;
MOBIS BRASIL FABRICACAO DE AUTO PECAS LT;RODOVIARIO;1506824;08/05/2026;1;341468;08/05/2026;CAOA MOTOR DO BRASIL LTDA;1,68E+13;PRAIA GRANDE;SP;08/05/2026;14/05/2026;11/05/2026;Entregue No Prazo;;Entrega realizada;Entrega Finalizada;14;5;8;5;XD DIADEMA;5008;;;
MOBIS BRASIL FABRICACAO DE AUTO PECAS LT;RODOVIARIO;1506744;08/05/2026;1;341552;08/05/2026;VIA BRASIL AUTOMOVEIS LTDA.;4,72E+12;SERRA;ES;08/05/2026;15/05/2026;11/05/2026;Entregue No Prazo;;Entrega realizada;Entrega Finalizada;15;5;8;5;CAMILO;8001;;;
MOBIS BRASIL FABRICACAO DE AUTO PECAS LT;RODOVIARIO;1506745;08/05/2026;4;341552;08/05/2026;VIA BRASIL AUTOMOVEIS LTDA.;4,72E+12;SERRA;ES;08/05/2026;15/05/2026;11/05/2026;Entregue No Prazo;;Entrega realizada;Entrega Finalizada;15;5;8;5;CAMILO;8001;;;
MOBIS BRASIL FABRICACAO DE AUTO PECAS LT;RODOVIARIO;1501330;28/04/2026;132;339798;28/04/2026;PATEO COMERCIO DE VEICULOS S A;7,78E+12;RECIFE;PE;28/04/2026;14/05/2026;12/05/2026;Entregue No Prazo;;Entrega realizada;Entrega Finalizada;14;5;28;4;TERMACO;16004;;;
MOBIS BRASIL FABRICACAO DE AUTO PECAS LT;RODOVIARIO;1502068;29/04/2026;3;340030;29/04/2026;CAOA MOTOR DO BRASIL LTDA;1,68E+13;RIO DE JANEIRO;RJ;29/04/2026;07/05/2026;12/05/2026;Entregue Fora do Prazo;Recusada;Cliente recusou alegando falta de volume;Entrega Finalizada;7;5;29;4;CAMILO;5008;;;
MOBIS BRASIL FABRICACAO DE AUTO PECAS LT;RODOVIARIO;1502071;29/04/2026;5;340031;29/04/2026;CAOA MOTOR DO BRASIL LTDA;1,68E+13;NITEROI;RJ;29/04/2026;07/05/2026;12/05/2026;Entregue Fora do Prazo;Falta 01 volume;Entrega realizada;Entrega Finalizada;7;5;29;4;CAMILO;5008;;;
MOBIS BRASIL FABRICACAO DE AUTO PECAS LT;RODOVIARIO;1502059;29/04/2026;34;340048;29/04/2026;PATEO COMERCIO DE VEICULOS S A;7,78E+12;RECIFE;PE;29/04/2026;15/05/2026;12/05/2026;Entregue No Prazo;;entrega realizada;Entrega Finalizada;15;5;29;4;TERMACO;16004;;;
MOBIS BRASIL FABRICACAO DE AUTO PECAS LT;RODOVIARIO;1502572;29/04/2026;2;340257;29/04/2026;PATEO COMERCIO DE VEICULOS S A;7,78E+12;RECIFE;PE;29/04/2026;15/05/2026;12/05/2026;Entregue No Prazo;;entrega realizada;Entrega Finalizada;15;5;29;4;TERMACO;16004;;;
MOBIS BRASIL FABRICACAO DE AUTO PECAS LT;RODOVIARIO;1503348;30/04/2026;9;340567;30/04/2026;PATEO COMERCIO DE VEICULOS S A;7,78E+12;RECIFE;PE;30/04/2026;19/05/2026;12/05/2026;Entregue No Prazo;;Entrega realizada;Entrega Finalizada;19;5;30;4;TERMACO;16004;;;
MOBIS BRASIL FABRICACAO DE AUTO PECAS LT; RODOVIARIO;1504144;04/05/2026;2;340764;04/05/2026;NISA COMERCIAL DE VEIC. AUTOMOTORES LTDA;1,03E+13;APARECIDA DE GOIANIA;GO;04/05/2026;13/05/2026;12/05/2026;Entregue No Prazo;;Entrega realizada;Entrega Finalizada;13;5;4;5;RIO VERMELHO;9002;;;
MOBIS BRASIL FABRICACAO DE AUTO PECAS LT; RODOVIARIO;1504159;04/05/2026;4;340849;04/05/2026;ULSAN COMERCIO DE VEICULOS LTDA.;2,10E+13;CAMPO GRANDE;MS;04/05/2026;13/05/2026;12/05/2026;Entregue No Prazo;;Entrega realizada;Entrega Finalizada;13;5;4;5;CARVALIMA;12004;;;
MOBIS BRASIL FABRICACAO DE AUTO PECAS LT; RODOVIARIO;1504162;04/05/2026;1;340822;04/05/2026;COMETA MATO GROSSO COM. DE VEICULOS LTDA;1,54E+13;TANGARA DA SERRA;MT;04/05/2026;14/05/2026;12/05/2026;Entregue No Prazo;;Entrega realizada;Entrega Finalizada;14;5;4;5;CARVALIMA;13007;;;
MOBIS BRASIL FABRICACAO DE AUTO PECAS LT; RODOVIARIO;1504190;04/05/2026;1;340808;04/05/2026;GALA COMERCIO DE VEICULOS LTDA;1,77E+13;BAGE;RS;04/05/2026;14/05/2026;12/05/2026;Entregue No Prazo;;Entrega realizada;Entrega Finalizada;14;5;4;5;TRANSTRY;23009;;;
MOBIS BRASIL FABRICACAO DE AUTO PECAS LT; RODOVIARIO;1504133;04/05/2026;3;340841;04/05/2026;PATEO COMERCIO DE VEICULOS S A;7,78E+12;SALVADOR;BA;04/05/2026;15/05/2026;12/05/2026;Entregue No Prazo;;Entrega realizada;Entrega Finalizada;15;5;4;5;TERMACO;5003;;;
MOBIS BRASIL FABRICACAO DE AUTO PECAS LT; RODOVIARIO;1504219;04/05/2026;4;340827;04/05/2026;FAZZA MOTORS COMERCIO DE VEICULOS LTDA;1,24E+13;SALVADOR;BA;04/05/2026;15/05/2026;12/05/2026;Entregue No Prazo;;Entrega realizada;Entrega Finalizada;15;5;4;5;TERMACO;5007;;;
MOBIS BRASIL FABRICACAO DE AUTO PECAS LT; RODOVIARIO;1504224;04/05/2026;17;340827;04/05/2026;FAZZA MOTORS COMERCIO DE VEICULOS LTDA;1,24E+13;SALVADOR;BA;04/05/2026;15/05/2026;12/05/2026;Entregue No Prazo;;Entrega realizada;Entrega Finalizada;15;5;4;5;TERMACO;5007;;;
MOBIS BRASIL FABRICACAO DE AUTO PECAS LT; RODOVIARIO;1504163;04/05/2026;13;340850;04/05/2026;UNIQUE COMERCIO DE AUTOMOVEIS LTDA;1,74E+13;ANANINDEUA;PA;04/05/2026;18/05/2026;12/05/2026;Entregue No Prazo;;Entrega realizada;Entrega Finalizada;18;5;4;5;CARVALIMA;14003;;;
MOBIS BRASIL FABRICACAO DE AUTO PECAS LT; RODOVIARIO;1504129;04/05/2026;8;340825;04/05/2026;CYCOSA AUTOMOVEIS LTDA;4,76E+12;MACEIO;AL;04/05/2026;19/05/2026;12/05/2026;Entregue No Prazo;;Entrega realizada;Entrega Finalizada;19;5;4;5;TERMACO;2001;;;
MOBIS BRASIL FABRICACAO DE AUTO PECAS LT; RODOVIARIO;1504135;04/05/2026;1;340826;04/05/2026;FAZZA MOTORS COM. DE VEICULOS LTDA;1,24E+13;FORTALEZA;CE;04/05/2026;19/05/2026;12/05/2026;Entregue No Prazo;;Entrega realizada;Entrega Finalizada;19;5;4;5;TERMACO;6001;;;
MOBIS BRASIL FABRICACAO DE AUTO PECAS LT; RODOVIARIO;1504147;04/05/2026;1;340777;04/05/2026;TRIAUTO KOREA AUTOMOVEIS LTDA;4,99E+13;CATALAO;GO;04/05/2026;19/05/2026;12/05/2026;Entregue No Prazo;;Entrega realizada;Entrega Finalizada;19;5;4;5;RIO VERMELHO;9018;;;
MOBIS BRASIL FABRICACAO DE AUTO PECAS LT;RODOVIARIO;1505069;06/05/2026;3;341077;06/05/2026;LOVAT VEICULOS S/A;8,57E+12;MARINGA;PR;06/05/2026;12/05/2026;12/05/2026;Entregue No Prazo;;Entrega realizada;Entrega Finalizada;12;5;6;5;TRANSTRY;18008;;;
MOBIS BRASIL FABRICACAO DE AUTO PECAS LT;RODOVIARIO;1505070;06/05/2026;11;341082;06/05/2026;SANTA FE VEICULOS LTDA.;1,16E+13;FRANCISCO BELTRAO;PR;06/05/2026;13/05/2026;12/05/2026;Entregue No Prazo;;Entrega realizada;Entrega Finalizada;13;5;6;5;TRANSTRY;18010;;;
MOBIS BRASIL FABRICACAO DE AUTO PECAS LT;RODOVIARIO;1505077;06/05/2026;2;341031;06/05/2026;CAOA MOTOR DO BRASIL LTDA;1,68E+13;RIO DE JANEIRO;RJ;06/05/2026;12/05/2026;12/05/2026;Entregue No Prazo;;Entrega realizada;Entrega Finalizada;12;5;6;5;CAMILO;5008;;;
MOBIS BRASIL FABRICACAO DE AUTO PECAS LT;RODOVIARIO;1505078;06/05/2026;4;341042;06/05/2026;ITAVEMA MOTORS VEICULOS LTDA;7,73E+12;RIO DE JANEIRO;RJ;06/05/2026;12/05/2026;12/05/2026;Entregue No Prazo;;Entrega realizada;Entrega Finalizada;12;5;6;5;CAMILO;19001;;;
MOBIS BRASIL FABRICACAO DE AUTO PECAS LT;RODOVIARIO;1505034;06/05/2026;6;341060;06/05/2026;TAI MOTORS VEICULOS S/A;9,27E+12;VITORIA;ES;06/05/2026;13/05/2026;12/05/2026;Entregue No Prazo;;Entrega realizada;Entrega Finalizada;13;5;6;5;CAMILO;8002;;;
MOBIS BRASIL FABRICACAO DE AUTO PECAS LT;RODOVIARIO;1505036;06/05/2026;2;341056;06/05/2026;PRIME VILA VELHA VEICULOS LTDA.;2,14E+13;VILA VELHA;ES;06/05/2026;13/05/2026;12/05/2026;Entregue No Prazo;;Entrega realizada;Entrega Finalizada;13;5;6;5;CAMILO;8005;;;
MOBIS BRASIL FABRICACAO DE AUTO PECAS LT;RODOVIARIO;1505035;06/05/2026;5;341055;06/05/2026;PRIME CACHOEIRO VEICULOS LTDA EPP;9,34E+12;CACHOEIRO DE ITAPEMIRIM;ES;06/05/2026;14/05/2026;12/05/2026;Entregue No Prazo;;Entrega realizada;Entrega Finalizada;14;5;6;5;CAMILO;8003;;;
MOBIS BRASIL FABRICACAO DE AUTO PECAS LT;RODOVIARIO;1505037;06/05/2026;6;341014;06/05/2026;NISA COMERCIAL DE VEIC. AUTOMOTORES LTDA;1,03E+13;APARECIDA DE GOIANIA;GO;06/05/2026;14/05/2026;12/05/2026;Entregue No Prazo;;Entrega realizada;Entrega Finalizada;14;5;6;5;RIO VERMELHO;9002;;;
MOBIS BRASIL FABRICACAO DE AUTO PECAS LT;RODOVIARIO;1505038;06/05/2026;16;341020;06/05/2026;SAGA KOREA COM. DE VEIC. E PC. LTDA;1,27E+13;GOIANIA;GO;06/05/2026;14/05/2026;12/05/2026;Entregue No Prazo;;Entrega realizada;Entrega Finalizada;14;5;6;5;RIO VERMELHO;9011;;;
MOBIS BRASIL FABRICACAO DE AUTO PECAS LT;RODOVIARIO;1505056;06/05/2026;6;341061;06/05/2026;ULSAN COMERCIO DE VEICULOS LTDA.;2,10E+13;CAMPO GRANDE;MS;06/05/2026;14/05/2026;12/05/2026;Entregue No Prazo;;Entrega realizada;Entrega Finalizada;14;5;6;5;CARVALIMA;12004;;;
MOBIS BRASIL FABRICACAO DE AUTO PECAS LT;RODOVIARIO;1505039;06/05/2026;1;341013;06/05/2026;NASA MOTORS LTDA.;2,65E+13;SAO LUIS DE MONTES BELOS;GO;06/05/2026;20/05/2026;12/05/2026;Entregue No Prazo;;Entrega realizada;Entrega Finalizada;20;5;6;5;CARVALIMA;9016;;;
MOBIS BRASIL FABRICACAO DE AUTO PECAS LT;RODOVIARIO;1505946;07/05/2026;3;341320;07/05/2026;SANTA FE VEICULOS LTDA.;1,16E+13;FRANCISCO BELTRAO;PR;07/05/2026;14/05/2026;12/05/2026;Entregue No Prazo;;Entrega realizada;Entrega Finalizada;14;5;7;5;TRANSTRY;18010;;;
MOBIS BRASIL FABRICACAO DE AUTO PECAS LT;RODOVIARIO;1505969;07/05/2026;2;341303;07/05/2026;BARI VEICULOS LTDA;7,46E+12;BLUMENAU;SC;07/05/2026;14/05/2026;12/05/2026;Entregue No Prazo;;Entrega realizada;Entrega Finalizada;14;5;7;5;TRANSTRY;18024;;;
MOBIS BRASIL FABRICACAO DE AUTO PECAS LT;RODOVIARIO;1505970;07/05/2026;15;341303;07/05/2026;BARI VEICULOS LTDA;7,46E+12;BLUMENAU;SC;07/05/2026;14/05/2026;12/05/2026;Entregue No Prazo;;Entrega realizada;Entrega Finalizada;14;5;7;5;TRANSTRY;18024;;;
MOBIS BRASIL FABRICACAO DE AUTO PECAS LT;RODOVIARIO;1505966;07/05/2026;7;341310;07/05/2026;CHINHAN AUTOMOVEIS LTDA;2,41E+13;ERECHIM;RS;07/05/2026;15/05/2026;12/05/2026;Entregue No Prazo;;Entrega realizada;Entrega Finalizada;15;5;7;5;TRANSTRY;23019;;;
MOBIS BRASIL FABRICACAO DE AUTO PECAS LT;RODOVIARIO;1505974;07/05/2026;2;341311;07/05/2026;CHINHAN AUTOMOVEIS LTDA;2,41E+13;CONCORDIA;SC;07/05/2026;15/05/2026;12/05/2026;Entregue No Prazo;;Entrega realizada;Entrega Finalizada;15;5;7;5;TRANSTRY;23019;;;
MOBIS BRASIL FABRICACAO DE AUTO PECAS LT;RODOVIARIO;1505958;07/05/2026;5;341274;07/05/2026;CAOA MOTOR DO BRASIL LTDA;1,68E+13;RIO DE JANEIRO;RJ;07/05/2026;13/05/2026;12/05/2026;Entregue No Prazo;;Entrega realizada;Entrega Finalizada;13;5;7;5;CAMILO;5008;;;
MOBIS BRASIL FABRICACAO DE AUTO PECAS LT;RODOVIARIO;1505959;07/05/2026;2;341273;07/05/2026;CAOA MOTOR DO BRASIL LTDA;1,68E+13;NITEROI;RJ;07/05/2026;13/05/2026;12/05/2026;Entregue No Prazo;;Entrega realizada;Entrega Finalizada;13;5;7;5;CAMILO;5008;;;
MOBIS BRASIL FABRICACAO DE AUTO PECAS LT;RODOVIARIO;1505963;07/05/2026;1;341309;07/05/2026;CARWAY SUL VEICULOS LTDA;1,03E+13;PORTO ALEGRE;RS;07/05/2026;13/05/2026;12/05/2026;Entregue No Prazo;;Entrega realizada;Entrega Finalizada;13;5;7;5;TRANSTRY;23003;;;
MOBIS BRASIL FABRICACAO DE AUTO PECAS LT;RODOVIARIO;1505977;07/05/2026;2;341236;07/05/2026;HYMAX DISTRIBUIDORA DE VEICULOS LTDA;1,73E+13;MOGI GUACU;SP;07/05/2026;13/05/2026;12/05/2026;Entregue No Prazo;;Entrega realizada;Entrega Finalizada;13;5;7;5;MVT;26002;;;
MOBIS BRASIL FABRICACAO DE AUTO PECAS LT;RODOVIARIO;1505978;07/05/2026;4;341236;07/05/2026;HYMAX DISTRIBUIDORA DE VEICULOS LTDA;1,73E+13;MOGI GUACU;SP;07/05/2026;13/05/2026;12/05/2026;Entregue No Prazo;;Entrega realizada;Entrega Finalizada;13;5;7;5;MVT;26002;;;
MOBIS BRASIL FABRICACAO DE AUTO PECAS LT;RODOVIARIO;1505929;07/05/2026;3;341264;07/05/2026;TOKSU COMERCIO DE VEICULOS LTDA;1,12E+13;BARBACENA;MG;07/05/2026;14/05/2026;12/05/2026;Entregue No Prazo;;Entrega realizada;Entrega Finalizada;14;5;7;5;XD BETIM;11008;;;
MOBIS BRASIL FABRICACAO DE AUTO PECAS LT;RODOVIARIO;1505930;07/05/2026;3;341267;07/05/2026;VITAL COMERCIO DE VEICULOS LTDA;1,05E+13;IPATINGA;MG;07/05/2026;14/05/2026;12/05/2026;Entregue No Prazo;;Entrega realizada;Entrega Finalizada;14;5;7;5;XD BETIM;11016;;;
MOBIS BRASIL FABRICACAO DE AUTO PECAS LT;RODOVIARIO;1505933;07/05/2026;2;341253;07/05/2026;GNC GRANDE COREIA MINAS GERAIS COMERCIO;4,27E+13;MONTES CLAROS;MG;07/05/2026;14/05/2026;12/05/2026;Entregue No Prazo;;Entrega realizada;Entrega Finalizada;14;5;7;5;XD BETIM;11035;;;
MOBIS BRASIL FABRICACAO DE AUTO PECAS LT;RODOVIARIO;1506295;07/05/2026;1;341315;07/05/2026;GAMBATTO H1 VEICULOS LTDA;1,94E+13;PASSO FUNDO;RS;07/05/2026;14/05/2026;12/05/2026;Entregue No Prazo;;Entrega realizada;Entrega Finalizada;14;5;7;5;TRANSTRY;23015;;;
MOBIS BRASIL FABRICACAO DE AUTO PECAS LT;RODOVIARIO;1505924;07/05/2026;2;341259;07/05/2026;NISA COMERCIAL DE VEIC. AUTOMOTORES LTDA;1,03E+13;APARECIDA DE GOIANIA;GO;07/05/2026;15/05/2026;12/05/2026;Entregue No Prazo;;Entrega realizada;Entrega Finalizada;15;5;7;5;RIO VERMELHO;9002;;;
MOBIS BRASIL FABRICACAO DE AUTO PECAS LT;RODOVIARIO;1505936;07/05/2026;1;341279;07/05/2026;GOLDEN MOTORS VEICULOS LTDA;3,62E+12;DOURADOS;MS;07/05/2026;15/05/2026;12/05/2026;Entregue No Prazo;;Entrega realizada;Entrega Finalizada;15;5;7;5;CARVALIMA;12001;;;
MOBIS BRASIL FABRICACAO DE AUTO PECAS LT;RODOVIARIO;1506503;07/05/2026;2;341292;07/05/2026;SAGA ASIA COM. DE VEIC.PC.E SERV. LTDA;2,23E+13;VARZEA GRANDE;MT;07/05/2026;18/05/2026;12/05/2026;Entregue No Prazo;;Entrega realizada;Entrega Finalizada;18;5;7;5;CARVALIMA;13004;;;
MOBIS BRASIL FABRICACAO DE AUTO PECAS LT;RODOVIARIO;1506774;08/05/2026;1;341514;08/05/2026;SEVEC VEICULOS LTDA;5,68E+11;CURITIBA;PR;08/05/2026;13/05/2026;12/05/2026;Entregue No Prazo;;Entrega realizada;Entrega Finalizada;13;5;8;5;TRANSTRY;18012;;;
MOBIS BRASIL FABRICACAO DE AUTO PECAS LT;RODOVIARIO;1506775;08/05/2026;10;341515;08/05/2026;VETOR AUTOMOVEIS LTDA;2,12E+13;CASCAVEL;PR;08/05/2026;14/05/2026;12/05/2026;Entregue No Prazo;;Entrega realizada;Entrega Finalizada;14;5;8;5;TRANSTRY;18019;;;
MOBIS BRASIL FABRICACAO DE AUTO PECAS LT;RODOVIARIO;1506776;08/05/2026;7;341496;08/05/2026;BARI VEICULOS LTDA;7,46E+12;PONTA GROSSA;PR;08/05/2026;14/05/2026;12/05/2026;Entregue No Prazo;;Entrega realizada;Entrega Finalizada;14;5;8;5;TRANSTRY;18024;;;
MOBIS BRASIL FABRICACAO DE AUTO PECAS LT;RODOVIARIO;1506800;08/05/2026;1;341500;08/05/2026;BARI VEICULOS LTDA.;7,46E+12;JOINVILLE;SC;08/05/2026;14/05/2026;12/05/2026;Entregue No Prazo;;Entrega realizada;Entrega Finalizada;14;5;8;5;TRANSTRY;24013;;;
MOBIS BRASIL FABRICACAO DE AUTO PECAS LT;RODOVIARIO;1506758;08/05/2026;15;341486;08/05/2026;TAI MOTORS VEICULOS S/A;9,27E+12;BELO HORIZONTE;MG;08/05/2026;13/05/2026;12/05/2026;Entregue No Prazo;;Entrega realizada;Entrega Finalizada;13;5;8;5;XD BETIM;8002;;;
MOBIS BRASIL FABRICACAO DE AUTO PECAS LT;RODOVIARIO;1506759;08/05/2026;1;341474;08/05/2026;CARBEL KOREA VEICULOS LTDA;2,07E+13;BELO HORIZONTE;MG;08/05/2026;13/05/2026;12/05/2026;Entregue No Prazo;;Entrega realizada;Entrega Finalizada;13;5;8;5;XD BETIM;11021;;;
MOBIS BRASIL FABRICACAO DE AUTO PECAS LT;RODOVIARIO;1506756;08/05/2026;19;341490;08/05/2026;URCA MOTORS VEICULOS LTDA;8,77E+12;UBERLANDIA;MG;08/05/2026;14/05/2026;12/05/2026;Entregue No Prazo;;Entrega realizada;Entrega Finalizada;14;5;8;5;XD BETIM;9014;;;
MOBIS BRASIL FABRICACAO DE AUTO PECAS LT;RODOVIARIO;1506757;08/05/2026;1;341487;08/05/2026;TOKSU COMERCIO DE VEICULOS LTDA;1,12E+13;JUIZ DE FORA;MG;08/05/2026;14/05/2026;12/05/2026;Entregue No Prazo;;Entrega realizada;Entrega Finalizada;14;5;8;5;XD BETIM;11008;;;
MOBIS BRASIL FABRICACAO DE AUTO PECAS LT;RODOVIARIO;1506778;08/05/2026;2;341521;08/05/2026;AMX COM. E SERVICOS DE AUTOMOTORES LTDA;1,20E+13;RIO DE JANEIRO;RJ;08/05/2026;14/05/2026;12/05/2026;Entregue No Prazo;;Entrega realizada;Entrega Finalizada;14;5;8;5;CAMILO;19009;;;
MOBIS BRASIL FABRICACAO DE AUTO PECAS LT;RODOVIARIO;1507212;08/05/2026;1;341477;08/05/2026;GNC GRANDE COREIA MINAS GERAIS COMERCIO;4,27E+13;MONTES CLAROS;MG;08/05/2026;15/05/2026;12/05/2026;Entregue No Prazo;;Entrega realizada;Entrega Finalizada;15;5;8;5;XD BETIM;11035;;;
MOBIS BRASIL FABRICACAO DE AUTO PECAS LT;RODOVIARIO;1506742;08/05/2026;1;341485;08/05/2026;SMAFF IMPORT VEICULOS LTDA;8,18E+12;BRASILIA;DF;08/05/2026;18/05/2026;12/05/2026;Entregue No Prazo;;Entrega realizada;Entrega Finalizada;18;5;8;5;RIO VERMELHO;7002;;;
MOBIS BRASIL FABRICACAO DE AUTO PECAS LT;RODOVIARIO;1506747;08/05/2026;3;341544;08/05/2026;PRIME CACHOEIRO VEICULOS LTDA EPP;9,34E+12;CACHOEIRO DE ITAPEMIRIM;ES;08/05/2026;18/05/2026;12/05/2026;Entregue No Prazo;;Entrega realizada;Entrega Finalizada;18;5;8;5;CAMILO;8003;;;
MOBIS BRASIL FABRICACAO DE AUTO PECAS LT;RODOVIARIO;1506764;08/05/2026;1;341545;08/05/2026;SAGA ASIA COM. DE VEIC.PC.E SERV. LTDA;2,23E+13;VARZEA GRANDE;MT;08/05/2026;19/05/2026;12/05/2026;Entregue No Prazo;;Entrega realizada;Entrega Finalizada;19;5;8;5;CARVALIMA;13004;;;
MOBIS BRASIL FABRICACAO DE AUTO PECAS LT;RODOVIARIO;1506765;08/05/2026;3;341525;08/05/2026;COMETA MATO GROSSO COM. DE VEICULOS LTDA;1,54E+13;RONDONOPOLIS;MT;08/05/2026;20/05/2026;12/05/2026;Entregue No Prazo;;Entrega realizada;Entrega Finalizada;20;5;8;5;CARVALIMA;13006;;;
MOBIS BRASIL FABRICACAO DE AUTO PECAS LT;RODOVIARIO;1507446;11/05/2026;1;341720;11/05/2026;GRAND SPORT COM. DE VEIC. E PECAS LTDA;8,58E+12;GUARULHOS;SP;11/05/2026;13/05/2026;12/05/2026;Entregue No Prazo;;Entrega realizada;Entrega Finalizada;13;5;11;5;XD DIADEMA;26005;;;
MOBIS BRASIL FABRICACAO DE AUTO PECAS LT;RODOVIARIO;1507458;11/05/2026;1;341725;11/05/2026;NOBRE SP DISTRIB. DE VEIC. E PEC. LTDA;1,70E+13;SAO PAULO;SP;11/05/2026;13/05/2026;12/05/2026;Entregue No Prazo;;Entrega realizada;Entrega Finalizada;13;5;11;5;XD DIADEMA;26081;;;
MOBIS BRASIL FABRICACAO DE AUTO PECAS LT;RODOVIARIO;1507453;11/05/2026;2;341713;11/05/2026;CAOA MOTOR DO BRASIL LTDA;1,68E+13;TAUBATE;SP;11/05/2026;14/05/2026;12/05/2026;Entregue No Prazo;;Entrega realizada;Entrega Finalizada;14;5;11;5;XD DIADEMA;5008;;;
MOBIS BRASIL FABRICACAO DE AUTO PECAS LT;RODOVIARIO;1507448;11/05/2026;10;341719;11/05/2026;GRAND SPORT COM. DE VEIC. E PECAS LTDA;8,58E+12;SAO PAULO;SP;11/05/2026;13/05/2026;12/05/2026;Entregue No Prazo;;Entrega realizada;Entrega Finalizada;13;5;11;5;XD DIADEMA;26034;;;
MOBIS BRASIL FABRICACAO DE AUTO PECAS LT;RODOVIARIO;1507449;11/05/2026;2;341712;11/05/2026;BILLY DISTRIBUIDORA DE VEICULOS LTDA;1,34E+13;DIADEMA;SP;11/05/2026;13/05/2026;12/05/2026;Entregue No Prazo;;Entrega realizada;Entrega Finalizada;13;5;11;5;XD DIADEMA;26003;;;
MOBIS BRASIL FABRICACAO DE AUTO PECAS LT;RODOVIARIO;1507452;11/05/2026;6;341715;11/05/2026;CAOA MOTOR DO BRASIL LTDA (VL PRUDENTE);1,68E+13;SAO PAULO;SP;11/05/2026;13/05/2026;12/05/2026;Entregue No Prazo;;Entrega realizada;Entrega Finalizada;13;5;11;5;XD DIADEMA;26051;;;
MOBIS BRASIL FABRICACAO DE AUTO PECAS LT;RODOVIARIO;1507461;11/05/2026;1;341724;11/05/2026;NOBRE DISTRIBUIDORA DE VEIC. E PEC. LTDA;5,76E+12;SUZANO;SP;11/05/2026;13/05/2026;12/05/2026;Entregue No Prazo;;Entrega realizada;Entrega Finalizada;13;5;11;5;XD DIADEMA;26103;;;
MOBIS BRASIL FABRICACAO DE AUTO PECAS LT;RODOVIARIO;1507462;11/05/2026;2;341716;11/05/2026;CAOA MOTOR DO BRASIL LTDA(RAP. TAVARES);1,68E+13;SAO PAULO;SP;11/05/2026;13/05/2026;12/05/2026;Entregue No Prazo;;Entrega realizada;Entrega Finalizada;13;5;11;5;XD DIADEMA;26109;;;
MOBIS BRASIL FABRICACAO DE AUTO PECAS LT;RODOVIARIO;1507928;11/05/2026;118;341708;11/05/2026;BILLY DISTRIBUIDORA DE VEICULOS LTDA;1,34E+13;SAO CAETANO DO SUL;SP;11/05/2026;13/05/2026;12/05/2026;Entregue No Prazo;;Entrega realizada;Entrega Finalizada;13;5;11;5;XD DIADEMA;26003;;;
MOBIS BRASIL FABRICACAO DE AUTO PECAS LT;RODOVIARIO;1507395;11/05/2026;27;341717;11/05/2026;CARBEL KOREA VEICULOS LTDA;2,07E+13;BELO HORIZONTE;MG;11/05/2026;14/05/2026;12/05/2026;Entregue No Prazo;;Entrega realizada;Entrega Finalizada;14;5;11;5;XD BETIM;11021;;;
MOBIS BRASIL FABRICACAO DE AUTO PECAS LT;RODOVIARIO;1507396;11/05/2026;2;341714;11/05/2026;CAOA MOTOR DO BRASIL LTDA;1,68E+13;BELO HORIZONTE;MG;11/05/2026;14/05/2026;12/05/2026;Entregue No Prazo;;Entrega realizada;Entrega Finalizada;14;5;11;5;XD BETIM;5008;;;
MOBIS BRASIL FABRICACAO DE AUTO PECAS LT;RODOVIARIO;1507398;11/05/2026;22;341710;11/05/2026;BDG AUTOVILLE VEICULOS LTDA;4,77E+13;CONTAGEM;MG;11/05/2026;14/05/2026;12/05/2026;Entregue No Prazo;;Entrega realizada;Entrega Finalizada;14;5;11;5;XD BETIM;11037;;;
MOBIS BRASIL FABRICACAO DE AUTO PECAS LT;RODOVIARIO;1507447;11/05/2026;6;341702;11/05/2026;DHC COMERCIO DE VEICULOS E PECAS LTDA;9,52E+12;BAURU;SP;11/05/2026;14/05/2026;12/05/2026;Entregue No Prazo;;Entrega realizada;Entrega Finalizada;14;5;11;5;MVT;26010;;;
MOBIS BRASIL FABRICACAO DE AUTO PECAS LT;RODOVIARIO;1507455;11/05/2026;2;341701;11/05/2026;DESTAQUE SEUL DISTR. DE VEIC. E PC. LTDA;2,12E+13;ATIBAIA;SP;11/05/2026;14/05/2026;12/05/2026;Entregue No Prazo;;Entrega realizada;Entrega Finalizada;14;5;11;5;MVT;26075;;;
MOBIS BRASIL FABRICACAO DE AUTO PECAS LT;RODOVIARIO;1507390;11/05/2026;1;341732;11/05/2026;URCA MOTORS VEICULOS LTDA;8,77E+12;UBERLANDIA;MG;11/05/2026;15/05/2026;12/05/2026;Entregue No Prazo;;Entrega realizada;Entrega Finalizada;15;5;11;5;XD BETIM;9014;;;
MOBIS BRASIL FABRICACAO DE AUTO PECAS LT;RODOVIARIO;1507391;11/05/2026;4;341732;11/05/2026;URCA MOTORS VEICULOS LTDA;8,77E+12;UBERLANDIA;MG;11/05/2026;15/05/2026;12/05/2026;Entregue No Prazo;;Entrega realizada;Entrega Finalizada;15;5;11;5;XD BETIM;9014;;;
MOBIS BRASIL FABRICACAO DE AUTO PECAS LT;RODOVIARIO;1507397;11/05/2026;1;341729;11/05/2026;TOKSU COMERCIO DE VEICULOS LTDA;1,12E+13;VARGINHA;MG;11/05/2026;15/05/2026;12/05/2026;Entregue No Prazo;;Entrega realizada;Entrega Finalizada;15;5;11;5;XD BETIM;11008;;;
MOBIS BRASIL FABRICACAO DE AUTO PECAS LT;RODOVIARIO;1507450;11/05/2026;5;341705;11/05/2026;H R B COMERCIO DE VEICULOS LTDA;1,82E+13;SAO JOSE DO RIO PRETO;SP;11/05/2026;15/05/2026;12/05/2026;Entregue No Prazo;;Entrega realizada;Entrega Finalizada;15;5;11;5;MVT;26050;;;
MOBIS BRASIL FABRICACAO DE AUTO PECAS LT;RODOVIARIO;1507451;11/05/2026;11;341705;11/05/2026;H R B COMERCIO DE VEICULOS LTDA;1,82E+13;SAO JOSE DO RIO PRETO;SP;11/05/2026;15/05/2026;12/05/2026;Entregue No Prazo;;Entrega realizada;Entrega Finalizada;15;5;11;5;MVT;26050;;;
MOBIS BRASIL FABRICACAO DE AUTO PECAS LT;RODOVIARIO;1507457;11/05/2026;1;341704;11/05/2026;DHC COMERCIO DE VEICULOS E PECAS LTDA;9,52E+12;BOTUCATU;SP;11/05/2026;15/05/2026;12/05/2026;Entregue No Prazo;;Entrega realizada;Entrega Finalizada;15;5;11;5;MVT;26010;;;
MOBIS BRASIL FABRICACAO DE AUTO PECAS LT;RODOVIARIO;1507460;11/05/2026;1;341707;11/05/2026;NEW VEICULOS E PECAS LTDA;1,59E+13;BARRETOS;SP;11/05/2026;15/05/2026;12/05/2026;Entregue No Prazo;;Entrega realizada;Entrega Finalizada;15;5;11;5;MVT;26014;;;
MOBIS BRASIL FABRICACAO DE AUTO PECAS LT;RODOVIARIO;1488953;06/04/2026;1;336120;06/04/2026;UNIQUE BOA VISTA COM. DE AUTOMOVEIS LTDA;3,48E+13;BOA VISTA;RR;06/04/2026;04/05/2026;13/05/2026;Entregue Fora do Prazo;;Entrega realizada;Entrega Finalizada;4;5;6;4;NORTEX;22002;;;
MOBIS BRASIL FABRICACAO DE AUTO PECAS LT;RODOVIARIO;1493013;13/04/2026;1;337274;13/04/2026;MISO VEICULOS LTDA;1,85E+13;MACAPA;AP;13/04/2026;04/05/2026;13/05/2026;Entregue Fora do Prazo;;Entrega realizada;Entrega Finalizada;4;5;13;4;NORTEX;4001;;;
MOBIS BRASIL FABRICACAO DE AUTO PECAS LT;RODOVIARIO;1496800;20/04/2026;3;338601;20/04/2026;JPN COMERCIO DE AUTOMOVEIS LTDA;2,61E+13;GARANHUNS;PE;20/04/2026;06/05/2026;13/05/2026;Entregue Fora do Prazo;;Entrega realizada;Entrega Finalizada;6;5;20;4;TERMACO;16009;;;
MOBIS BRASIL FABRICACAO DE AUTO PECAS LT;RODOVIARIO;1496799;20/04/2026;1;338601;20/04/2026;JPN COMERCIO DE AUTOMOVEIS LTDA;2,61E+13;GARANHUNS;PE;20/04/2026;06/05/2026;13/05/2026;Entregue Fora do Prazo;;Entrega realizada;Entrega Finalizada;6;5;20;4;TERMACO;16009;;;
MOBIS BRASIL FABRICACAO DE AUTO PECAS LT;RODOVIARIO;1502563;29/04/2026;1;340269;29/04/2026;ULSAN COMERCIO DE VEICULOS LTDA.;2,10E+13;CAMPO GRANDE;MS;29/04/2026;11/05/2026;13/05/2026;Entregue Fora do Prazo;;Entrega realizada;Entrega Finalizada;11;5;29;4;CARVALIMA;12004;;;
MOBIS BRASIL FABRICACAO DE AUTO PECAS LT;RODOVIARIO;1502537;29/04/2026;1;340268;29/04/2026;ULSAN COMERCIO DE VEICULOS LTDA;2,10E+13;RIO BRANCO;AC;29/04/2026;19/05/2026;13/05/2026;Entregue No Prazo;;Entrega realizada;Entrega Finalizada;19;5;29;4;CARVALIMA;21004;;;
MOBIS BRASIL FABRICACAO DE AUTO PECAS LT;RODOVIARIO;1503346;30/04/2026;32;340566;30/04/2026;PATEO COMERCIO DE VEICULOS S A;7,78E+12;JOAO PESSOA;PB;30/04/2026;19/05/2026;13/05/2026;Entregue No Prazo;;Entrega realizada;Entrega Finalizada;19;5;30;4;TERMACO;15003;;;
MOBIS BRASIL FABRICACAO DE AUTO PECAS LT; RODOVIARIO;1504160;04/05/2026;2;340823;04/05/2026;COMETA MATO GROSSO COM. DE VEICULOS LTDA;1,54E+13;SINOP;MT;04/05/2026;15/05/2026;13/05/2026;Entregue No Prazo;;Entrega realizada;Entrega Finalizada;15;5;4;5;CARVALIMA;13003;;;
MOBIS BRASIL FABRICACAO DE AUTO PECAS LT; RODOVIARIO;1504164;04/05/2026;1;340839;04/05/2026;NACIONAL NOVA MARABA DIST DE VEIC. LTDA;1,70E+13;MARABA;PA;04/05/2026;19/05/2026;13/05/2026;Entregue No Prazo;;Entrega realizada;Entrega Finalizada;19;5;4;5;CARVALIMA;14005;;;
MOBIS BRASIL FABRICACAO DE AUTO PECAS LT; RODOVIARIO;1504134;04/05/2026;2;340819;04/05/2026;AIKON VEICULOS LTDA;1,17E+13;ITABUNA;BA;04/05/2026;20/05/2026;13/05/2026;Entregue No Prazo;;Entrega realizada;Entrega Finalizada;20;5;4;5;TERMACO;5002;;;
MOBIS BRASIL FABRICACAO DE AUTO PECAS LT; RODOVIARIO;1504169;04/05/2026;3;340832;04/05/2026;JPN COMERCIO DE AUTOMOVEIS LTDA;2,61E+13;GARANHUNS;PE;04/05/2026;21/05/2026;13/05/2026;Entregue No Prazo;;Entrega realizada;Entrega Finalizada;21;5;4;5;TERMACO;16009;;;
MOBIS BRASIL FABRICACAO DE AUTO PECAS LT; RODOVIARIO;1504185;04/05/2026;5;340840;04/05/2026;ORIENTE AUTOMOVEIS LTDA;1,33E+13;PARNAMIRIM;RN;04/05/2026;21/05/2026;13/05/2026;Entregue No Prazo;;Entrega realizada;Entrega Finalizada;21;5;4;5;TERMACO;20001;;;
MOBIS BRASIL FABRICACAO DE AUTO PECAS LT; RODOVIARIO;1504186;04/05/2026;2;340840;04/05/2026;ORIENTE AUTOMOVEIS LTDA;1,33E+13;PARNAMIRIM;RN;04/05/2026;21/05/2026;13/05/2026;Entregue No Prazo;;Entrega realizada;Entrega Finalizada;21;5;4;5;TERMACO;20001;;;
MOBIS BRASIL FABRICACAO DE AUTO PECAS LT; RODOVIARIO;1504149;04/05/2026;1;340838;04/05/2026;NACIONAL NOVA MARABA DIST DE VEIC. LTDA;1,70E+13;IMPERATRIZ;MA;04/05/2026;23/05/2026;13/05/2026;Entregue No Prazo;;Entrega realizada;Entrega Finalizada;23;5;4;5;TERMACO;10003;Fundação do Estado do Espírito Santo;Estadual;ES
MOBIS BRASIL FABRICACAO DE AUTO PECAS LT;RODOVIARIO;1505082;06/05/2026;1;341073;06/05/2026;GALA COMERCIO DE VEICULOS LTDA.;1,77E+13;PELOTAS;RS;06/05/2026;13/05/2026;13/05/2026;Entregue No Prazo;;Entrega realizada;Entrega Finalizada;13;5;6;5;TRANSTRY;23009;;;
MOBIS BRASIL FABRICACAO DE AUTO PECAS LT;RODOVIARIO;1505084;06/05/2026;1;341075;06/05/2026;HOUSE PARTS - COM DE PECAS E VEIC LTDA;1,15E+13;OSORIO;RS;06/05/2026;13/05/2026;13/05/2026;Entregue No Prazo;;Entrega realizada;Entrega Finalizada;13;5;6;5;TRANSTRY;23016;;;
MOBIS BRASIL FABRICACAO DE AUTO PECAS LT;RODOVIARIO;1505020;06/05/2026;2;341051;06/05/2026;PATEO COMERCIO DE VEICULOS S A;7,78E+12;SALVADOR;BA;06/05/2026;18/05/2026;13/05/2026;Entregue No Prazo;;Entrega realizada;Entrega Finalizada;18;5;6;5;TERMACO;5003;;;
MOBIS BRASIL FABRICACAO DE AUTO PECAS LT;RODOVIARIO;1505226;06/05/2026;17;341059;06/05/2026;SEVEL VEICULOS LTDA;1,07E+13;ARACAJU;SE;06/05/2026;19/05/2026;13/05/2026;Entregue No Prazo;;Entrega realizada;Entrega Finalizada;19;5;6;5;TERMACO;25001;;;
MOBIS BRASIL FABRICACAO DE AUTO PECAS LT;RODOVIARIO;1505028;06/05/2026;2;341037;06/05/2026;FAZZA MOTORS COM. DE VEICULOS LTDA;1,24E+13;FORTALEZA;CE;06/05/2026;20/05/2026;13/05/2026;Entregue No Prazo;;Entrega realizada;Entrega Finalizada;20;5;6;5;TERMACO;6001;;;
MOBIS BRASIL FABRICACAO DE AUTO PECAS LT;RODOVIARIO;1505029;06/05/2026;2;341033;06/05/2026;CAOA MOTOR DO BRASIL LTDA;1,68E+13;FORTALEZA;CE;06/05/2026;20/05/2026;13/05/2026;Entregue No Prazo;;Entrega realizada;Entrega Finalizada;20;5;6;5;TERMACO;5008;;;
MOBIS BRASIL FABRICACAO DE AUTO PECAS LT;RODOVIARIO;1505040;06/05/2026;1;341024;06/05/2026;TRIAUTO KOREA AUTOMOVEIS LTDA;4,99E+13;CATALAO;GO;06/05/2026;20/05/2026;13/05/2026;Entregue No Prazo;;Entrega realizada;Entrega Finalizada;20;5;6;5;CARVALIMA;9018;;;
MOBIS BRASIL FABRICACAO DE AUTO PECAS LT;RODOVIARIO;1505060;06/05/2026;1;341048;06/05/2026;NACIONAL NOVA MARABA DIST DE VEIC. LTDA;1,70E+13;MARABA;PA;06/05/2026;20/05/2026;13/05/2026;Entregue No Prazo;;Entrega realizada;Entrega Finalizada;20;5;6;5;CARVALIMA;14005;;;
MOBIS BRASIL FABRICACAO DE AUTO PECAS LT;RODOVIARIO;1505023;06/05/2026;1;341029;06/05/2026;AIKON VEICULOS LTDA;1,17E+13;ITABUNA;BA;06/05/2026;21/05/2026;13/05/2026;Entregue No Prazo;;Entrega realizada;Entrega Finalizada;21;5;6;5;TERMACO;5002;;;
MOBIS BRASIL FABRICACAO DE AUTO PECAS LT;RODOVIARIO;1505025;06/05/2026;1;341045;06/05/2026;MASTER COMERCIAL DE VEICULOS LTDA;2,85E+13;BARREIRAS;BA;06/05/2026;21/05/2026;13/05/2026;Entregue No Prazo;;Entrega realizada;Entrega Finalizada;21;5;6;5;TERMACO;5012;;;
MOBIS BRASIL FABRICACAO DE AUTO PECAS LT;RODOVIARIO;1506508;07/05/2026;2;341308;07/05/2026;CARWAY SUL VEICULOS LTDA;1,03E+13;CANOAS;RS;07/05/2026;13/05/2026;13/05/2026;Entregue No Prazo;;Entrega realizada;Entrega Finalizada;13;5;7;5;TRANSTRY;23003;;;
MOBIS BRASIL FABRICACAO DE AUTO PECAS LT;RODOVIARIO;1505965;07/05/2026;3;341313;07/05/2026;GALA COMERCIO DE VEICULOS LTDA.;1,77E+13;PELOTAS;RS;07/05/2026;14/05/2026;13/05/2026;Entregue No Prazo;;Entrega realizada;Entrega Finalizada;14;5;7;5;TRANSTRY;23009;;;
MOBIS BRASIL FABRICACAO DE AUTO PECAS LT;RODOVIARIO;1505976;07/05/2026;2;341318;07/05/2026;LR COMERCIO DE VEICULOS LTDA;1,05E+13;RIO DO SUL;SC;07/05/2026;14/05/2026;13/05/2026;Entregue No Prazo;;Entrega realizada;Entrega Finalizada;14;5;7;5;TRANSTRY;24007;;;
MOBIS BRASIL FABRICACAO DE AUTO PECAS LT;RODOVIARIO;1505964;07/05/2026;7;341316;07/05/2026;HOUSE PARTS - COM. DE PECAS E VEIC. LTDA;1,15E+13;SANTA MARIA;RS;07/05/2026;15/05/2026;13/05/2026;Entregue No Prazo;;Entrega realizada;Entrega Finalizada;15;5;7;5;TRANSTRY;23008;;;
MOBIS BRASIL FABRICACAO DE AUTO PECAS LT;RODOVIARIO;1505918;07/05/2026;5;341299;07/05/2026;VIA BRASIL AUTOMOVEIS LTDA.;4,72E+12;SERRA;ES;07/05/2026;14/05/2026;13/05/2026;Entregue No Prazo;;Entrega realizada;Entrega Finalizada;14;5;7;5;CAMILO;8001;;;
MOBIS BRASIL FABRICACAO DE AUTO PECAS LT;RODOVIARIO;1505919;07/05/2026;5;341299;07/05/2026;VIA BRASIL AUTOMOVEIS LTDA.;4,72E+12;SERRA;ES;07/05/2026;14/05/2026;13/05/2026;Entregue No Prazo;;Entrega realizada;Entrega Finalizada;14;5;7;5;CAMILO;8001;;;
MOBIS BRASIL FABRICACAO DE AUTO PECAS LT;RODOVIARIO;1505920;07/05/2026;2;341293;07/05/2026;TAI MOTORS VEICULOS S/A;9,27E+12;VITORIA;ES;07/05/2026;14/05/2026;13/05/2026;Entregue No Prazo;;Entrega realizada;Entrega Finalizada;14;5;7;5;CAMILO;8002;;;
MOBIS BRASIL FABRICACAO DE AUTO PECAS LT;RODOVIARIO;1505925;07/05/2026;3;341262;07/05/2026;SAGA KOREA COM. DE VEIC. E PC. LTDA;1,27E+13;GOIANIA;GO;07/05/2026;15/05/2026;13/05/2026;Entregue No Prazo;;Entrega realizada;Entrega Finalizada;15;5;7;5;RIO VERMELHO;9011;;;
MOBIS BRASIL FABRICACAO DE AUTO PECAS LT;RODOVIARIO;1505939;07/05/2026;7;341296;07/05/2026;ULSAN COMERCIO DE VEICULOS LTDA.;2,10E+13;CAMPO GRANDE;MS;07/05/2026;15/05/2026;13/05/2026;Entregue No Prazo;;Entrega realizada;Entrega Finalizada;15;5;7;5;CARVALIMA;12004;;;
MOBIS BRASIL FABRICACAO DE AUTO PECAS LT;RODOVIARIO;1506499;07/05/2026;1;341262;07/05/2026;SAGA KOREA COM. DE VEIC. E PC. LTDA;1,27E+13;GOIANIA;GO;07/05/2026;15/05/2026;13/05/2026;Entregue No Prazo;;Entrega realizada;Entrega Finalizada;15;5;7;5;RIO VERMELHO;9011;;;
MOBIS BRASIL FABRICACAO DE AUTO PECAS LT;RODOVIARIO;1505926;07/05/2026;1;341266;07/05/2026;URCA MOTORS VEICULOS LTDA;8,77E+12;RIO VERDE;GO;07/05/2026;19/05/2026;13/05/2026;Entregue No Prazo;;Entrega realizada;Entrega Finalizada;19;5;7;5;RIO VERMELHO;9014;;;
MOBIS BRASIL FABRICACAO DE AUTO PECAS LT;RODOVIARIO;1506500;07/05/2026;1;341266;07/05/2026;URCA MOTORS VEICULOS LTDA;8,77E+12;RIO VERDE;GO;07/05/2026;19/05/2026;13/05/2026;Entregue No Prazo;;Entrega realizada;Entrega Finalizada;19;5;7;5;RIO VERMELHO;9014;;;
MOBIS BRASIL FABRICACAO DE AUTO PECAS LT;RODOVIARIO;1505941;07/05/2026;5;341285;07/05/2026;NACIONAL NOVA MARABA DIST DE VEIC. LTDA;1,70E+13;MARABA;PA;07/05/2026;21/05/2026;13/05/2026;Entregue No Prazo;;Entrega realizada;Entrega Finalizada;21;5;7;5;CARVALIMA;14005;;;
MOBIS BRASIL FABRICACAO DE AUTO PECAS LT;RODOVIARIO;1505917;07/05/2026;1;341283;07/05/2026;MASTER COMERCIAL DE VEICULOS LTDA;2,85E+13;BARREIRAS;BA;07/05/2026;22/05/2026;13/05/2026;Entregue No Prazo;;Entrega realizada;Entrega Finalizada;22;5;7;5;TERMACO;5012;;;
MOBIS BRASIL FABRICACAO DE AUTO PECAS LT;RODOVIARIO;1506738;08/05/2026;3;341533;08/05/2026;MASTER COMERCIAL DE VEICULOS LTDA;2,85E+13;BARREIRAS;BA;08/05/2026;25/05/2026;13/05/2026;Entregue No Prazo;;Entrega realizada;Entrega Finalizada;25;5;8;5;TERMACO;5012;;;
MOBIS BRASIL FABRICACAO DE AUTO PECAS LT;RODOVIARIO;1506772;08/05/2026;13;341512;08/05/2026;LOVAT VEICULOS S/A;8,57E+12;LONDRINA;PR;08/05/2026;14/05/2026;13/05/2026;Entregue No Prazo;;Entrega realizada;Entrega Finalizada;14;5;8;5;TRANSTRY;18008;;;
MOBIS BRASIL FABRICACAO DE AUTO PECAS LT;RODOVIARIO;1506788;08/05/2026;101;341501;08/05/2026;CARWAY SUL VEICULOS LTDA;1,03E+13;CANOAS;RS;08/05/2026;14/05/2026;13/05/2026;Entregue No Prazo;;Entrega realizada;Entrega Finalizada;14;5;8;5;TRANSTRY;23003;;;
MOBIS BRASIL FABRICACAO DE AUTO PECAS LT;RODOVIARIO;1506789;08/05/2026;2;341501;08/05/2026;CARWAY SUL VEICULOS LTDA;1,03E+13;CANOAS;RS;08/05/2026;14/05/2026;13/05/2026;Entregue No Prazo;;Entrega realizada;Entrega Finalizada;14;5;8;5;TRANSTRY;23003;;;
MOBIS BRASIL FABRICACAO DE AUTO PECAS LT;RODOVIARIO;1506801;08/05/2026;3;341499;08/05/2026;BARI VEICULOS LTDA.;7,46E+12;ITAJAI;SC;08/05/2026;14/05/2026;13/05/2026;Entregue No Prazo;;Entrega realizada;Entrega Finalizada;14;5;8;5;TRANSTRY;24014;;;
MOBIS BRASIL FABRICACAO DE AUTO PECAS LT;RODOVIARIO;1506791;08/05/2026;1;341504;08/05/2026;GALA COMERCIO DE VEICULOS LTDA.;1,77E+13;PELOTAS;RS;08/05/2026;15/05/2026;13/05/2026;Entregue No Prazo;;Entrega realizada;Entrega Finalizada;15;5;8;5;TRANSTRY;23009;;;
MOBIS BRASIL FABRICACAO DE AUTO PECAS LT;RODOVIARIO;1506795;08/05/2026;2;341509;08/05/2026;HOUSE PARTS COMERCIO DE PECAS E VEI;1,15E+13;CAXIAS DO SUL;RS;08/05/2026;15/05/2026;13/05/2026;Entregue No Prazo;;Entrega realizada;Entrega Finalizada;15;5;8;5;TRANSTRY;23023;;;
MOBIS BRASIL FABRICACAO DE AUTO PECAS LT;RODOVIARIO;1506798;08/05/2026;11;341513;08/05/2026;LR COMERCIO DE VEICULOS LTDA;1,05E+13;SAO JOSE;SC;08/05/2026;15/05/2026;13/05/2026;Entregue No Prazo;;Entrega realizada;Entrega Finalizada;15;5;8;5;TRANSTRY;24007;;;
MOBIS BRASIL FABRICACAO DE AUTO PECAS LT;RODOVIARIO;1506799;08/05/2026;18;341497;08/05/2026;BARI VEICULOS LTDA;7,46E+12;BLUMENAU;SC;08/05/2026;15/05/2026;13/05/2026;Entregue No Prazo;;Entrega realizada;Entrega Finalizada;15;5;8;5;TRANSTRY;18024;;;
MOBIS BRASIL FABRICACAO DE AUTO PECAS LT;RODOVIARIO;1506803;08/05/2026;1;341505;08/05/2026;GAMBATTO H1 VEICULOS LTDA;1,94E+13;CHAPECO;SC;08/05/2026;15/05/2026;13/05/2026;Entregue No Prazo;;Entrega realizada;Entrega Finalizada;15;5;8;5;TRANSTRY;24018;;;
MOBIS BRASIL FABRICACAO DE AUTO PECAS LT;RODOVIARIO;1506790;08/05/2026;7;341506;08/05/2026;HOUSE PARTS - COM. DE PECAS E VEIC. LTDA;1,15E+13;SANTA MARIA;RS;08/05/2026;18/05/2026;13/05/2026;Entregue No Prazo;;Entrega realizada;Entrega Finalizada;18;5;8;5;TRANSTRY;23008;;;
MOBIS BRASIL FABRICACAO DE AUTO PECAS LT;RODOVIARIO;1506794;08/05/2026;2;341502;08/05/2026;CHINHAN AUTOMOVEIS LTDA;2,41E+13;ERECHIM;RS;08/05/2026;18/05/2026;13/05/2026;Entregue No Prazo;;Entrega realizada;Entrega Finalizada;18;5;8;5;TRANSTRY;23019;;;
MOBIS BRASIL FABRICACAO DE AUTO PECAS LT;RODOVIARIO;1506802;08/05/2026;1;341498;08/05/2026;BARI VEICULOS LTDA;7,46E+12;BALNEARIO CAMBORIU;SC;08/05/2026;18/05/2026;13/05/2026;Entregue No Prazo;;Entrega realizada;Entrega Finalizada;18;5;8;5;TRANSTRY;18024;;;
MOBIS BRASIL FABRICACAO DE AUTO PECAS LT;RODOVIARIO;1506787;08/05/2026;3;341510;08/05/2026;HOUSE PARTS-COM. DE PCS. E VEICULOS LTDA;1,15E+13;PORTO ALEGRE;RS;08/05/2026;14/05/2026;13/05/2026;Entregue No Prazo;;Entrega realizada;Entrega Finalizada;14;5;8;5;TRANSTRY;23004;;;
MOBIS BRASIL FABRICACAO DE AUTO PECAS LT;RODOVIARIO;1507216;08/05/2026;1;341529;08/05/2026;ITAVEMA MOTORS VEICULOS LTDA;7,73E+12;RIO DE JANEIRO;RJ;08/05/2026;14/05/2026;13/05/2026;Entregue No Prazo;;Entrega realizada;Entrega Finalizada;14;5;8;5;CAMILO;19001;;;
MOBIS BRASIL FABRICACAO DE AUTO PECAS LT;RODOVIARIO;1507221;08/05/2026;26;341529;08/05/2026;ITAVEMA MOTORS VEICULOS LTDA;7,73E+12;RIO DE JANEIRO;RJ;08/05/2026;14/05/2026;13/05/2026;Entregue No Prazo;;Entrega realizada;Entrega Finalizada;14;5;8;5;CAMILO;19001;;;
MOBIS BRASIL FABRICACAO DE AUTO PECAS LT;RODOVIARIO;1506779;08/05/2026;3;341553;08/05/2026;VIA VR VEICULOS LTDA;1,73E+13;VOLTA REDONDA;RJ;08/05/2026;15/05/2026;13/05/2026;Entregue No Prazo;;Entrega realizada;Entrega Finalizada;15;5;8;5;CAMILO;19016;;;
MOBIS BRASIL FABRICACAO DE AUTO PECAS LT;RODOVIARIO;1506780;08/05/2026;5;341553;08/05/2026;VIA VR VEICULOS LTDA;1,73E+13;VOLTA REDONDA;RJ;08/05/2026;15/05/2026;13/05/2026;Entregue No Prazo;;Entrega realizada;Entrega Finalizada;15;5;8;5;CAMILO;19016;;;
MOBIS BRASIL FABRICACAO DE AUTO PECAS LT;RODOVIARIO;1506792;08/05/2026;1;341508;08/05/2026;HOUSE PARTS - COM DE PECAS E VEIC LTDA;1,15E+13;OSORIO;RS;08/05/2026;15/05/2026;13/05/2026;Entregue No Prazo;;Entrega realizada;Entrega Finalizada;15;5;8;5;TRANSTRY;23016;;;
MOBIS BRASIL FABRICACAO DE AUTO PECAS LT;RODOVIARIO;1506743;08/05/2026;98;341482;08/05/2026;SAGA KOREA COM. DE VEIC. E PC. LTDA;1,27E+13;BRASILIA;DF;08/05/2026;18/05/2026;13/05/2026;Entregue No Prazo;;Entrega realizada;Entrega Finalizada;18;5;8;5;RIO VERMELHO;7005;;;
MOBIS BRASIL FABRICACAO DE AUTO PECAS LT;RODOVIARIO;1506750;08/05/2026;4;341484;08/05/2026;SAGA KOREA COM. DE VEIC. E PC. LTDA;1,27E+13;GOIANIA;GO;08/05/2026;18/05/2026;13/05/2026;Entregue No Prazo;;Entrega realizada;Entrega Finalizada;18;5;8;5;RIO VERMELHO;9009;;;
MOBIS BRASIL FABRICACAO DE AUTO PECAS LT;RODOVIARIO;1506751;08/05/2026;101;341483;08/05/2026;SAGA KOREA COM. DE VEIC. E PC. LTDA;1,27E+13;GOIANIA;GO;08/05/2026;18/05/2026;13/05/2026;Entregue No Prazo;;Entrega realizada;Entrega Finalizada;18;5;8;5;RIO VERMELHO;9011;;;
MOBIS BRASIL FABRICACAO DE AUTO PECAS LT;RODOVIARIO;1506785;08/05/2026;42;341546;08/05/2026;SAGA ASIA COM. DE VEIC.PC.E SERV. LTDA;2,14E+13;PORTO VELHO;RO;08/05/2026;21/05/2026;13/05/2026;Entregue No Prazo;;Entrega realizada;Entrega Finalizada;21;5;8;5;CARVALIMA;21003;;;
MOBIS BRASIL FABRICACAO DE AUTO PECAS LT;RODOVIARIO;1507416;11/05/2026;1;341782;11/05/2026;BARI VEICULOS LTDA;7,46E+12;CURITIBA;PR;11/05/2026;14/05/2026;13/05/2026;Entregue No Prazo;;Entrega realizada;Entrega Finalizada;14;5;11;5;TRANSTRY;18024;;;
MOBIS BRASIL FABRICACAO DE AUTO PECAS LT;RODOVIARIO;1507413;11/05/2026;3;341795;11/05/2026;VETOR AUTOMOVEIS LTDA;2,12E+13;CASCAVEL;PR;11/05/2026;15/05/2026;13/05/2026;Entregue No Prazo;;Entrega realizada;Entrega Finalizada;15;5;11;5;TRANSTRY;18019;;;
MOBIS BRASIL FABRICACAO DE AUTO PECAS LT;RODOVIARIO;1507414;11/05/2026;8;341784;11/05/2026;BARI VEICULOS LTDA;7,46E+12;PONTA GROSSA;PR;11/05/2026;15/05/2026;13/05/2026;Entregue No Prazo;;Entrega realizada;Entrega Finalizada;15;5;11;5;TRANSTRY;18024;;;
MOBIS BRASIL FABRICACAO DE AUTO PECAS LT;RODOVIARIO;1507441;11/05/2026;3;341785;11/05/2026;BARI VEICULOS LTDA.;7,46E+12;JOINVILLE;SC;11/05/2026;15/05/2026;13/05/2026;Entregue No Prazo;;Entrega realizada;Entrega Finalizada;15;5;11;5;TRANSTRY;24013;;;
MOBIS BRASIL FABRICACAO DE AUTO PECAS LT;RODOVIARIO;1507926;11/05/2026;4;341793;11/05/2026;LOVAT VEICULOS S/A;8,57E+12;LONDRINA;PR;11/05/2026;15/05/2026;13/05/2026;Entregue No Prazo;;Entrega realizada;Entrega Finalizada;15;5;11;5;TRANSTRY;18008;;;
MOBIS BRASIL FABRICACAO DE AUTO PECAS LT;RODOVIARIO;1507415;11/05/2026;1;341796;11/05/2026;VETOR AUTOMOVEIS LTDA;2,12E+13;FOZ DO IGUACU;PR;11/05/2026;18/05/2026;13/05/2026;Entregue No Prazo;;Entrega realizada;Entrega Finalizada;18;5;11;5;TRANSTRY;18019;;;
MOBIS BRASIL FABRICACAO DE AUTO PECAS LT;RODOVIARIO;1507443;11/05/2026;2;341787;11/05/2026;CHINHAN AUTOMOVEIS LTDA;2,41E+13;CONCORDIA;SC;11/05/2026;19/05/2026;13/05/2026;Entregue No Prazo;;Entrega realizada;Entrega Finalizada;19;5;11;5;TRANSTRY;23019;;;
MOBIS BRASIL FABRICACAO DE AUTO PECAS LT;RODOVIARIO;1507456;11/05/2026;1;341711;11/05/2026;BILLY DISTRIBUIDORA DE VEICULOS LTDA;1,34E+13;SAO PAULO;SP;11/05/2026;13/05/2026;13/05/2026;Entregue No Prazo;;Entrega realizada;Entrega Finalizada;13;5;11;5;XD DIADEMA;26003;;;
MOBIS BRASIL FABRICACAO DE AUTO PECAS LT;RODOVIARIO;1507459;11/05/2026;17;341721;11/05/2026;GRANDAY AUTOMOTORES LTDA (CHAC. CALIFOR);1,57E+13;SAO PAULO;SP;11/05/2026;13/05/2026;13/05/2026;Entregue No Prazo;;Entrega realizada;Entrega Finalizada;13;5;11;5;XD DIADEMA;26090;;;
MOBIS BRASIL FABRICACAO DE AUTO PECAS LT;RODOVIARIO;1507392;11/05/2026;1;341730;11/05/2026;TOKSU COMERCIO DE VEICULOS LTDA;1,12E+13;JUIZ DE FORA;MG;11/05/2026;15/05/2026;13/05/2026;Entregue No Prazo;;Entrega realizada;Entrega Finalizada;15;5;11;5;XD BETIM;11008;;;
MOBIS BRASIL FABRICACAO DE AUTO PECAS LT;RODOVIARIO;1507393;11/05/2026;1;341722;11/05/2026;IMOTORS VEICULOS LTDA;7,17E+12;JUIZ DE FORA;MG;11/05/2026;15/05/2026;13/05/2026;Entregue No Prazo;;Entrega realizada;Entrega Finalizada;15;5;11;5;XD BETIM;11010;;;
MOBIS BRASIL FABRICACAO DE AUTO PECAS LT;RODOVIARIO;1507454;11/05/2026;1;341706;11/05/2026;MOTONET COMERCIO DE VEICULOS LTDA;9,28E+12;ITAPETININGA;SP;11/05/2026;15/05/2026;13/05/2026;Entregue No Prazo;;Entrega realizada;Entrega Finalizada;15;5;11;5;MVT;26113;;;
MOBIS BRASIL FABRICACAO DE AUTO PECAS LT;RODOVIARIO;1507930;11/05/2026;4;341703;11/05/2026;DHC COMERCIO DE VEICULOS E PECAS LTDA;9,52E+12;JAU;SP;11/05/2026;15/05/2026;13/05/2026;Entregue No Prazo;;Entrega realizada;Entrega Finalizada;15;5;11;5;MVT;26010;;;
MOBIS BRASIL FABRICACAO DE AUTO PECAS LT;RODOVIARIO;1507925;11/05/2026;2;341718;11/05/2026;GNC GRANDE COREIA MINAS GERAIS COMERCIO;4,27E+13;MONTES CLAROS;MG;11/05/2026;18/05/2026;13/05/2026;Entregue No Prazo;;Entrega realizada;Entrega Finalizada;18;5;11;5;XD BETIM;11035;;;
MOBIS BRASIL FABRICACAO DE AUTO PECAS LT;RODOVIARIO;1508136;12/05/2026;8;341933;12/05/2026;BILLY DISTRIBUIDORA DE VEICULOS LTDA;1,34E+13;BARUERI;SP;12/05/2026;14/05/2026;13/05/2026;Entregue No Prazo;;Entrega realizada;Entrega Finalizada;14;5;12;5;XD DIADEMA;26003;;;
MOBIS BRASIL FABRICACAO DE AUTO PECAS LT;RODOVIARIO;1508137;12/05/2026;8;341946;12/05/2026;GRAND SPORT COM. DE VEIC. E PECAS LTDA;8,58E+12;GUARULHOS;SP;12/05/2026;14/05/2026;13/05/2026;Entregue No Prazo;;Entrega realizada;Entrega Finalizada;14;5;12;5;XD DIADEMA;26005;;;
MOBIS BRASIL FABRICACAO DE AUTO PECAS LT;RODOVIARIO;1508138;12/05/2026;1;341946;12/05/2026;GRAND SPORT COM. DE VEIC. E PECAS LTDA;8,58E+12;GUARULHOS;SP;12/05/2026;14/05/2026;13/05/2026;Entregue No Prazo;;Entrega realizada;Entrega Finalizada;14;5;12;5;XD DIADEMA;26005;;;
MOBIS BRASIL FABRICACAO DE AUTO PECAS LT;RODOVIARIO;1508143;12/05/2026;1;341947;12/05/2026;GRAND SPORT COM. DE VEIC. E PECAS LTDA;8,58E+12;SAO PAULO;SP;12/05/2026;14/05/2026;13/05/2026;Entregue No Prazo;;Entrega realizada;Entrega Finalizada;14;5;12;5;XD DIADEMA;26034;;;
MOBIS BRASIL FABRICACAO DE AUTO PECAS LT;RODOVIARIO;1508149;12/05/2026;1;341939;12/05/2026;CAOA MOTOR DO BRASIL LTDA (VL PRUDENTE);1,68E+13;SAO PAULO;SP;12/05/2026;14/05/2026;13/05/2026;Entregue No Prazo;;Entrega realizada;Entrega Finalizada;14;5;12;5;XD DIADEMA;26051;;;
MOBIS BRASIL FABRICACAO DE AUTO PECAS LT;RODOVIARIO;1508151;12/05/2026;2;341938;12/05/2026;CAOA MOTOR DO BRASIL LTDA (IPIRANGA);1,68E+13;SAO PAULO;SP;12/05/2026;14/05/2026;13/05/2026;Entregue No Prazo;;Entrega realizada;Entrega Finalizada;14;5;12;5;XD DIADEMA;26054;;;
MOBIS BRASIL FABRICACAO DE AUTO PECAS LT;RODOVIARIO;1508153;12/05/2026;1;341936;12/05/2026;CAOA MOTOR DO BRASIL LTDA;1,68E+13;SAO BERNARDO DO CAMPO;SP;12/05/2026;14/05/2026;13/05/2026;Entregue No Prazo;;Entrega realizada;Entrega Finalizada;14;5;12;5;XD DIADEMA;5008;;;
MOBIS BRASIL FABRICACAO DE AUTO PECAS LT;RODOVIARIO;1508157;12/05/2026;3;341934;12/05/2026;BILLY DISTRIBUIDORA DE VEICULOS LTDA;1,34E+13;SAO PAULO;SP;12/05/2026;14/05/2026;13/05/2026;Entregue No Prazo;;Entrega realizada;Entrega Finalizada;14;5;12;5;XD DIADEMA;26003;;;
MOBIS BRASIL FABRICACAO DE AUTO PECAS LT;RODOVIARIO;1508158;12/05/2026;3;341952;12/05/2026;NOBRE SP DISTRIB. DE VEIC. E PEC. LTDA;1,70E+13;SAO PAULO;SP;12/05/2026;14/05/2026;13/05/2026;Entregue No Prazo;;Entrega realizada;Entrega Finalizada;14;5;12;5;XD DIADEMA;26081;;;
MOBIS BRASIL FABRICACAO DE AUTO PECAS LT;RODOVIARIO;1508160;12/05/2026;6;341948;12/05/2026;GRANDAY AUTOMOTORES LTDA (CHAC. CALIFOR);1,57E+13;SAO PAULO;SP;12/05/2026;14/05/2026;13/05/2026;Entregue No Prazo;;Entrega realizada;Entrega Finalizada;14;5;12;5;XD DIADEMA;26090;;;
MOBIS BRASIL FABRICACAO DE AUTO PECAS LT;RODOVIARIO;1508161;12/05/2026;1;341937;12/05/2026;CAOA MOTOR DO BRASIL LTDA (INDIANOPOLIS);1,68E+13;SAO PAULO;SP;12/05/2026;14/05/2026;13/05/2026;Entregue No Prazo;;Entrega realizada;Entrega Finalizada;14;5;12;5;XD DIADEMA;26091;;;
MOBIS BRASIL FABRICACAO DE AUTO PECAS LT;RODOVIARIO;1508168;12/05/2026;4;341949;12/05/2026;H RACING GARAGE LTDA ;3,24E+13;COTIA;SP;12/05/2026;14/05/2026;13/05/2026;Entregue No Prazo;;Entrega realizada;Entrega Finalizada;14;5;12;5;XD DIADEMA;29944;;;
MOBIS BRASIL FABRICACAO DE AUTO PECAS LT;RODOVIARIO;1508139;12/05/2026;1;341920;12/05/2026;DHC COMERCIO DE VEICULOS E PECAS LTDA;9,52E+12;BAURU;SP;12/05/2026;15/05/2026;13/05/2026;Entregue No Prazo;;Entrega realizada;Entrega Finalizada;15;5;12;5;MVT;26010;;;
MOBIS BRASIL FABRICACAO DE AUTO PECAS LT;RODOVIARIO;1508140;12/05/2026;2;341920;12/05/2026;DHC COMERCIO DE VEICULOS E PECAS LTDA;9,52E+12;BAURU;SP;12/05/2026;15/05/2026;13/05/2026;Entregue No Prazo;;Entrega realizada;Entrega Finalizada;15;5;12;5;MVT;26010;;;
MOBIS BRASIL FABRICACAO DE AUTO PECAS LT;RODOVIARIO;1508144;12/05/2026;7;341931;12/05/2026;ANDRETA II DISTRIB.DE VEICULOS LTDA.;9,10E+12;JUNDIAI;SP;12/05/2026;15/05/2026;13/05/2026;Entregue No Prazo;;Entrega realizada;Entrega Finalizada;15;5;12;5;XD DIADEMA;26040;;;
MOBIS BRASIL FABRICACAO DE AUTO PECAS LT;RODOVIARIO;1508145;12/05/2026;3;341918;12/05/2026;ANDRETA II DISTRIBUIDORA DE VEIC. LTDA;9,10E+12;AMERICANA;SP;12/05/2026;15/05/2026;13/05/2026;Entregue No Prazo;;Entrega realizada;Entrega Finalizada;15;5;12;5;MVT;26011;;;
MOBIS BRASIL FABRICACAO DE AUTO PECAS LT;RODOVIARIO;1508146;12/05/2026;1;341918;12/05/2026;ANDRETA II DISTRIBUIDORA DE VEIC. LTDA;9,10E+12;AMERICANA;SP;12/05/2026;15/05/2026;13/05/2026;Entregue No Prazo;;Entrega realizada;Entrega Finalizada;15;5;12;5;MVT;26011;;;
MOBIS BRASIL FABRICACAO DE AUTO PECAS LT;RODOVIARIO;1508156;12/05/2026;15;341943;12/05/2026;DESTAQUE SEUL DISTR. DE VEIC. E PC. LTDA;2,12E+13;ATIBAIA;SP;12/05/2026;15/05/2026;13/05/2026;Entregue No Prazo;;Entrega realizada;Entrega Finalizada;15;5;12;5;XD DIADEMA;26075;;;
MOBIS BRASIL FABRICACAO DE AUTO PECAS LT;RODOVIARIO;1508779;12/05/2026;7;341927;12/05/2026;NEW VEICULOS E PECAS LTDA;1,59E+13;RIBEIRAO PRETO;SP;12/05/2026;15/05/2026;13/05/2026;Entregue No Prazo;;Entrega realizada;Entrega Finalizada;15;5;12;5;MVT;26014;;;
MOBIS BRASIL FABRICACAO DE AUTO PECAS LT;RODOVIARIO;1508080;12/05/2026;6;341966;12/05/2026;URCA MOTORS VEICULOS LTDA;8,77E+12;UBERLANDIA;MG;12/05/2026;18/05/2026;13/05/2026;Entregue No Prazo;;Entrega realizada;Entrega Finalizada;18;5;12;5;XD BETIM;9014;;;
MOBIS BRASIL FABRICACAO DE AUTO PECAS LT;RODOVIARIO;1508083;12/05/2026;1;341950;12/05/2026;IMOTORS VEICULOS LTDA;7,17E+12;JUIZ DE FORA;MG;12/05/2026;18/05/2026;13/05/2026;Entregue No Prazo;;Entrega realizada;Entrega Finalizada;18;5;12;5;XD BETIM;11010;;;
MOBIS BRASIL FABRICACAO DE AUTO PECAS LT;RODOVIARIO;1508084;12/05/2026;2;341963;12/05/2026;URCA MOTORS VEICULOS LTDA;8,77E+12;UBERABA;MG;12/05/2026;18/05/2026;13/05/2026;Entregue No Prazo;;Entrega realizada;Entrega Finalizada;18;5;12;5;XD BETIM;9014;;;
MOBIS BRASIL FABRICACAO DE AUTO PECAS LT;RODOVIARIO;1508086;12/05/2026;1;341961;12/05/2026;TOKSU COMERCIO DE VEICULOS LTDA;1,12E+13;POUSO ALEGRE;MG;12/05/2026;18/05/2026;13/05/2026;Entregue No Prazo;;Entrega realizada;Entrega Finalizada;18;5;12;5;XD BETIM;11008;;;
MOBIS BRASIL FABRICACAO DE AUTO PECAS LT;RODOVIARIO;1508087;12/05/2026;4;341962;12/05/2026;TOKSU COMERCIO DE VEICULOS LTDA;1,12E+13;VARGINHA;MG;12/05/2026;18/05/2026;13/05/2026;Entregue No Prazo;;Entrega realizada;Entrega Finalizada;18;5;12;5;XD BETIM;11008;;;
MOBIS BRASIL FABRICACAO DE AUTO PECAS LT;RODOVIARIO;1508088;12/05/2026;2;341965;12/05/2026;URCA MOTORS VEICULOS LTDA;8,77E+12;PATOS DE MINAS;MG;12/05/2026;18/05/2026;13/05/2026;Entregue No Prazo;;Entrega realizada;Entrega Finalizada;18;5;12;5;XD BETIM;9014;;;
MOBIS BRASIL FABRICACAO DE AUTO PECAS LT;RODOVIARIO;1508147;12/05/2026;5;341924;12/05/2026;H R B COMERCIO DE VEICULOS LTDA;1,82E+13;SAO JOSE DO RIO PRETO;SP;12/05/2026;18/05/2026;13/05/2026;Entregue No Prazo;;Entrega realizada;Entrega Finalizada;18;5;12;5;MVT;26050;;;
MOBIS BRASIL FABRICACAO DE AUTO PECAS LT;RODOVIARIO;1508148;12/05/2026;4;341924;12/05/2026;H R B COMERCIO DE VEICULOS LTDA;1,82E+13;SAO JOSE DO RIO PRETO;SP;12/05/2026;18/05/2026;13/05/2026;Entregue No Prazo;;Entrega realizada;Entrega Finalizada;18;5;12;5;MVT;26050;;;
MOBIS BRASIL FABRICACAO DE AUTO PECAS LT;RODOVIARIO;1508159;12/05/2026;1;341935;12/05/2026;CAOA MOTOR DO BRASIL LTDA;1,68E+13;PRAIA GRANDE;SP;12/05/2026;18/05/2026;13/05/2026;Entregue No Prazo;;Entrega realizada;Entrega Finalizada;18;5;12;5;XD DIADEMA;5008;;;
MOBIS BRASIL FABRICACAO DE AUTO PECAS LT;RODOVIARIO;1508162;12/05/2026;2;341923;12/05/2026;H - CAMINHO AUTOMOVEIS LTDA;2,53E+13;PIRACICABA;SP;12/05/2026;18/05/2026;13/05/2026;Entregue No Prazo;;Entrega realizada;Entrega Finalizada;18;5;12;5;MVT;26092;;;
MOBIS BRASIL FABRICACAO DE AUTO PECAS LT;RODOVIARIO;1508165;12/05/2026;1;341928;12/05/2026;NEW VEICULOS E PECAS LTDA;1,59E+13;BARRETOS;SP;12/05/2026;18/05/2026;13/05/2026;Entregue No Prazo;;Entrega realizada;Entrega Finalizada;18;5;12;5;MVT;26014;;;
MOBIS BRASIL FABRICACAO DE AUTO PECAS LT;RODOVIARIO;1508582;12/05/2026;3;341944;12/05/2026;GNC GRANDE COREIA MINAS GERAIS COMERCIO;4,27E+13;MONTES CLAROS;MG;12/05/2026;19/05/2026;13/05/2026;Entregue No Prazo;;Entrega realizada;Entrega Finalizada;19;5;12;5;XD BETIM;11035;;;
MOBIS BRASIL FABRICACAO DE AUTO PECAS LT;RODOVIARIO;1508591;12/05/2026;81;342154;13/05/2026;BILLY DISTRIBUIDORA DE VEICULOS LTDA;1,34E+13;SAO CAETANO DO SUL;SP;13/05/2026;15/05/2026;13/05/2026;Entregue No Prazo;;Entrega realizada;Entrega Finalizada;15;5;13;5;XD DIADEMA;26003;;;
MOBIS BRASIL FABRICACAO DE AUTO PECAS LT;RODOVIARIO;1502569;29/04/2026;1;340261;29/04/2026;PATEO COMERCIO DE VEICULOS S A;7,78E+12;JOAO PESSOA;PB;29/04/2026;15/05/2026;14/05/2026;Entregue No Prazo;;Entrega realizada;Entrega Finalizada;15;5;29;4;TERMACO;15003;;;
MOBIS BRASIL FABRICACAO DE AUTO PECAS LT;RODOVIARIO;1502570;29/04/2026;2;340261;29/04/2026;PATEO COMERCIO DE VEICULOS S A;7,78E+12;JOAO PESSOA;PB;29/04/2026;15/05/2026;14/05/2026;Entregue No Prazo;;Entrega realizada;Entrega Finalizada;15;5;29;4;TERMACO;15003;;;
MOBIS BRASIL FABRICACAO DE AUTO PECAS LT; RODOVIARIO;1504225;04/05/2026;8;340766;04/05/2026;PRIVILLEGE DISTRIBUIDORA DE VEICULOS LTD;1,72E+13;PALMAS;TO;04/05/2026;14/05/2026;14/05/2026;Entregue No Prazo;;Entrega realizada;Entrega Finalizada;14;5;4;5;RIO VERMELHO;27003;;;
MOBIS BRASIL FABRICACAO DE AUTO PECAS LT; RODOVIARIO;1504167;04/05/2026;2;340820;04/05/2026;AUTORAC VEICULOS LTDA;1,06E+13;CARUARU;PE;04/05/2026;21/05/2026;14/05/2026;Entregue No Prazo;;Entrega realizada;Entrega Finalizada;21;5;4;5;TERMACO;16001;;;
MOBIS BRASIL FABRICACAO DE AUTO PECAS LT;RODOVIARIO;1505022;06/05/2026;2;341053;06/05/2026;PATEO COMERCIO DE VEICULOS S A;7,78E+12;FEIRA DE SANTANA;BA;06/05/2026;21/05/2026;14/05/2026;Entregue No Prazo;material erradado ;Entrega realizada;Entrega Finalizada;21;5;6;5;TERMACO;5009;;;
MOBIS BRASIL FABRICACAO DE AUTO PECAS LT;RODOVIARIO;1506498;07/05/2026;1;341269;07/05/2026;AIKON VEICULOS LTDA;1,17E+13;ITABUNA;BA;07/05/2026;22/05/2026;14/05/2026;Entregue No Prazo;;Entrega realizada;Entrega Finalizada;22;5;7;5;TERMACO;5002;;;
MOBIS BRASIL FABRICACAO DE AUTO PECAS LT;RODOVIARIO;1505945;07/05/2026;8;341271;07/05/2026;AUTORAC VEICULOS LTDA;1,06E+13;PETROLINA;PE;07/05/2026;25/05/2026;14/05/2026;Entregue No Prazo;;Entrega realizada;Entrega Finalizada;25;5;7;5;TERMACO;16001;;;
MOBIS BRASIL FABRICACAO DE AUTO PECAS LT;RODOVIARIO;1505962;07/05/2026;3;341275;07/05/2026;COMETA JI PARANA COM. DE VEIC. LTDA;4,23E+12;JIPARANA;RO;07/05/2026;26/05/2026;14/05/2026;Entregue No Prazo;;Entrega realizada;Entrega Finalizada;26;5;7;5;CARVALIMA;21002;;;
MOBIS BRASIL FABRICACAO DE AUTO PECAS LT;RODOVIARIO;1506797;08/05/2026;3;341494;08/05/2026;ATUAL VEICULOS LTDA;1,33E+13;TUBARAO;SC;08/05/2026;15/05/2026;14/05/2026;Entregue No Prazo;;Entrega realizada;Entrega Finalizada;15;5;8;5;TRANSTRY;24001;;;
MOBIS BRASIL FABRICACAO DE AUTO PECAS LT;RODOVIARIO;1506793;08/05/2026;1;341507;08/05/2026;HOUSE PARTS - COM. DE PECAS E VEIC. LTDA;1,15E+13;LAJEADO;RS;08/05/2026;18/05/2026;14/05/2026;Entregue No Prazo;;Entrega realizada;Entrega Finalizada;18;5;8;5;TRANSTRY;23018;;;
MOBIS BRASIL FABRICACAO DE AUTO PECAS LT;RODOVIARIO;1506804;08/05/2026;5;341503;08/05/2026;CHINHAN AUTOMOVEIS LTDA.;2,41E+13;CACADOR;SC;08/05/2026;19/05/2026;14/05/2026;Entregue No Prazo;;Entrega realizada;Entrega Finalizada;19;5;8;5;TRANSTRY;24020;;;
MOBIS BRASIL FABRICACAO DE AUTO PECAS LT;RODOVIARIO;1506819;08/05/2026;1;341457;08/05/2026;CAOA MOTOR DO BRASIL LTDA;1,68E+13;SANTO ANDRE;SP;08/05/2026;12/05/2026;14/05/2026;Entregue Fora do Prazo;Recusa;Entrega realizada;Entrega Finalizada;12;5;8;5;MVT;5008;;;
MOBIS BRASIL FABRICACAO DE AUTO PECAS LT;RODOVIARIO;1506777;08/05/2026;5;341530;08/05/2026;ITAVEMA MOTORS VEICULOS LTDA;7,73E+12;DUQUE DE CAXIAS;RJ;08/05/2026;14/05/2026;14/05/2026;Entregue No Prazo;;Entrega realizada;Entrega Finalizada;14;5;8;5;CAMILO;19001;;;
MOBIS BRASIL FABRICACAO DE AUTO PECAS LT;RODOVIARIO;1506746;08/05/2026;2;341548;08/05/2026;TAI MOTORS VEICULOS S/A;9,27E+12;VITORIA;ES;08/05/2026;15/05/2026;14/05/2026;Entregue No Prazo;;Entrega realizada;Entrega Finalizada;15;5;8;5;CAMILO;8002;;;
MOBIS BRASIL FABRICACAO DE AUTO PECAS LT;RODOVIARIO;1506781;08/05/2026;4;341536;08/05/2026;MONTREAL VEICULOS E PECAS LTDA;1,68E+13;MACAE;RJ;08/05/2026;15/05/2026;14/05/2026;Entregue No Prazo;;Entrega realizada;Entrega Finalizada;15;5;8;5;CAMILO;19030;;;
MOBIS BRASIL FABRICACAO DE AUTO PECAS LT;RODOVIARIO;1506748;08/05/2026;1;341543;08/05/2026;PRIME CACHOEIRO VEICULOS LTDA;9,34E+12;LINHARES;ES;08/05/2026;18/05/2026;14/05/2026;Entregue No Prazo;;Entrega realizada;Entrega Finalizada;18;5;8;5;CAMILO;8004;;;
MOBIS BRASIL FABRICACAO DE AUTO PECAS LT;RODOVIARIO;1506784;08/05/2026;1;341524;08/05/2026;COMETA JI PARANA COM. DE VEIC. LTDA;4,23E+12;JIPARANA;RO;08/05/2026;27/05/2026;14/05/2026;Entregue No Prazo;;Entrega realizada;Entrega Finalizada;27;5;8;5;CARVALIMA;21002;;;
MOBIS BRASIL FABRICACAO DE AUTO PECAS LT;RODOVIARIO;1507431;11/05/2026;1;341792;11/05/2026;HOUSE PARTS-COM. DE PCS. E VEICULOS LTDA;1,15E+13;PORTO ALEGRE;RS;11/05/2026;15/05/2026;14/05/2026;Entregue No Prazo;;Entrega realizada;Entrega Finalizada;15;5;11;5;TRANSTRY;23004;;;
MOBIS BRASIL FABRICACAO DE AUTO PECAS LT;RODOVIARIO;1507432;11/05/2026;29;341786;11/05/2026;CARWAY SUL VEICULOS LTDA;1,03E+13;CANOAS;RS;11/05/2026;15/05/2026;14/05/2026;Entregue No Prazo;;Entrega realizada;Entrega Finalizada;15;5;11;5;TRANSTRY;23003;;;
MOBIS BRASIL FABRICACAO DE AUTO PECAS LT;RODOVIARIO;1507433;11/05/2026;3;341786;11/05/2026;CARWAY SUL VEICULOS LTDA;1,03E+13;CANOAS;RS;11/05/2026;15/05/2026;14/05/2026;Entregue No Prazo;;Entrega realizada;Entrega Finalizada;15;5;11;5;TRANSTRY;23003;;;
MOBIS BRASIL FABRICACAO DE AUTO PECAS LT;RODOVIARIO;1507439;11/05/2026;3;341794;11/05/2026;LR COMERCIO DE VEICULOS LTDA;1,05E+13;SAO JOSE;SC;11/05/2026;18/05/2026;14/05/2026;Entregue No Prazo;;Entrega realizada;Entrega Finalizada;18;5;11;5;TRANSTRY;24007;;;
MOBIS BRASIL FABRICACAO DE AUTO PECAS LT;RODOVIARIO;1507440;11/05/2026;13;341783;11/05/2026;BARI VEICULOS LTDA;7,46E+12;BLUMENAU;SC;11/05/2026;18/05/2026;14/05/2026;Entregue No Prazo;;Entrega realizada;Entrega Finalizada;18;5;11;5;TRANSTRY;18024;;;
MOBIS BRASIL FABRICACAO DE AUTO PECAS LT;RODOVIARIO;1507442;11/05/2026;2;341781;11/05/2026;BARI VEICULOS LTDA;7,46E+12;BALNEARIO CAMBORIU;SC;11/05/2026;19/05/2026;14/05/2026;Entregue No Prazo;;Entrega realizada;Entrega Finalizada;19;5;11;5;TRANSTRY;18024;;;
MOBIS BRASIL FABRICACAO DE AUTO PECAS LT;RODOVIARIO;1507444;11/05/2026;4;341788;11/05/2026;CHINHAN AUTOMOVEIS LTDA.;2,41E+13;CACADOR;SC;11/05/2026;20/05/2026;14/05/2026;Entregue No Prazo;;Entrega realizada;Entrega Finalizada;20;5;11;5;TRANSTRY;24020;;;
MOBIS BRASIL FABRICACAO DE AUTO PECAS LT;RODOVIARIO;1507417;11/05/2026;5;341753;11/05/2026;ITAVEMA MOTORS VEICULOS LTDA;7,73E+12;DUQUE DE CAXIAS;RJ;11/05/2026;15/05/2026;14/05/2026;Entregue No Prazo;;Entrega realizada;Entrega Finalizada;15;5;11;5;CAMILO;19001;;;
MOBIS BRASIL FABRICACAO DE AUTO PECAS LT;RODOVIARIO;1507418;11/05/2026;3;341737;11/05/2026;AMX COM. E SERVICOS DE AUTOMOTORES LTDA;1,20E+13;RIO DE JANEIRO;RJ;11/05/2026;15/05/2026;14/05/2026;Entregue No Prazo;;Entrega realizada;Entrega Finalizada;15;5;11;5;CAMILO;19009;;;
MOBIS BRASIL FABRICACAO DE AUTO PECAS LT;RODOVIARIO;1507419;11/05/2026;1;341744;11/05/2026;CAOA MOTOR DO BRASIL LTDA;1,68E+13;RIO DE JANEIRO;RJ;11/05/2026;15/05/2026;14/05/2026;Entregue No Prazo;;Entrega realizada;Entrega Finalizada;15;5;11;5;CAMILO;5008;;;
MOBIS BRASIL FABRICACAO DE AUTO PECAS LT;RODOVIARIO;1507422;11/05/2026;1;341743;11/05/2026;CAOA MOTOR DO BRASIL LTDA;1,68E+13;RIO DE JANEIRO;RJ;11/05/2026;15/05/2026;14/05/2026;Entregue No Prazo;;Entrega realizada;Entrega Finalizada;15;5;11;5;CAMILO;5008;;;
MOBIS BRASIL FABRICACAO DE AUTO PECAS LT;RODOVIARIO;1507423;11/05/2026;4;341742;11/05/2026;CAOA MOTOR DO BRASIL LTDA;1,68E+13;NITEROI;RJ;11/05/2026;15/05/2026;14/05/2026;Entregue No Prazo;;Entrega realizada;Entrega Finalizada;15;5;11;5;CAMILO;5008;;;
MOBIS BRASIL FABRICACAO DE AUTO PECAS LT;RODOVIARIO;1507424;11/05/2026;1;341740;11/05/2026;CAOA MOTOR DO BRASIL LTDA;1,68E+13;RIO DE JANEIRO;RJ;11/05/2026;15/05/2026;14/05/2026;Entregue No Prazo;;Entrega realizada;Entrega Finalizada;15;5;11;5;CAMILO;5008;;;
MOBIS BRASIL FABRICACAO DE AUTO PECAS LT;RODOVIARIO;1507420;11/05/2026;2;341778;11/05/2026;VIA VR VEICULOS LTDA;1,73E+13;VOLTA REDONDA;RJ;11/05/2026;18/05/2026;14/05/2026;Entregue No Prazo;;Entrega realizada;Entrega Finalizada;18;5;11;5;CAMILO;19016;;;
MOBIS BRASIL FABRICACAO DE AUTO PECAS LT;RODOVIARIO;1507421;11/05/2026;1;341778;11/05/2026;VIA VR VEICULOS LTDA;1,73E+13;VOLTA REDONDA;RJ;11/05/2026;18/05/2026;14/05/2026;Entregue No Prazo;;Entrega realizada;Entrega Finalizada;18;5;11;5;CAMILO;19016;;;
MOBIS BRASIL FABRICACAO DE AUTO PECAS LT;RODOVIARIO;1507380;11/05/2026;36;341726;11/05/2026;SAGA KOREA COM. DE VEIC. E PC. LTDA;1,27E+13;BRASILIA;DF;11/05/2026;19/05/2026;14/05/2026;Entregue No Prazo;;Entrega realizada;Entrega Finalizada;19;5;11;5;RIO VERMELHO;7005;;;
MOBIS BRASIL FABRICACAO DE AUTO PECAS LT;RODOVIARIO;1507399;11/05/2026;1;341750;11/05/2026;GOLDEN MOTORS VEICULOS LTDA;3,62E+12;DOURADOS;MS;11/05/2026;19/05/2026;14/05/2026;Entregue No Prazo;;Entrega realizada;Entrega Finalizada;19;5;11;5;CARVALIMA;12001;;;
MOBIS BRASIL FABRICACAO DE AUTO PECAS LT;RODOVIARIO;1508110;12/05/2026;1;341969;12/05/2026;BARI VEICULOS LTDA;7,46E+12;CURITIBA;PR;12/05/2026;15/05/2026;14/05/2026;Entregue No Prazo;;Entrega realizada;Entrega Finalizada;15;5;12;5;TRANSTRY;18024;;;
MOBIS BRASIL FABRICACAO DE AUTO PECAS LT;RODOVIARIO;1508108;12/05/2026;5;341982;12/05/2026;LOVAT VEICULOS S/A;8,57E+12;LONDRINA;PR;12/05/2026;18/05/2026;14/05/2026;Entregue No Prazo;;Entrega realizada;Entrega Finalizada;18;5;12;5;TRANSTRY;18008;;;
MOBIS BRASIL FABRICACAO DE AUTO PECAS LT;RODOVIARIO;1508122;12/05/2026;1;341972;12/05/2026;CARWAY SUL VEICULOS LTDA;1,03E+13;CANOAS;RS;12/05/2026;18/05/2026;14/05/2026;Entregue No Prazo;;Entrega realizada;Entrega Finalizada;18;5;12;5;TRANSTRY;23003;;;
MOBIS BRASIL FABRICACAO DE AUTO PECAS LT;RODOVIARIO;1508129;12/05/2026;10;341983;12/05/2026;LR COMERCIO DE VEICULOS LTDA;1,05E+13;SAO JOSE;SC;12/05/2026;19/05/2026;14/05/2026;Entregue No Prazo;;Entrega realizada;Entrega Finalizada;19;5;12;5;TRANSTRY;24007;;;
MOBIS BRASIL FABRICACAO DE AUTO PECAS LT;RODOVIARIO;1508130;12/05/2026;1;341970;12/05/2026;BARI VEICULOS LTDA;7,46E+12;BLUMENAU;SC;12/05/2026;19/05/2026;14/05/2026;Entregue No Prazo;;Entrega realizada;Entrega Finalizada;19;5;12;5;TRANSTRY;18024;;;
MOBIS BRASIL FABRICACAO DE AUTO PECAS LT;RODOVIARIO;1508131;12/05/2026;16;341970;12/05/2026;BARI VEICULOS LTDA;7,46E+12;BLUMENAU;SC;12/05/2026;19/05/2026;14/05/2026;Entregue No Prazo;;Entrega realizada;Entrega Finalizada;19;5;12;5;TRANSTRY;18024;;;
MOBIS BRASIL FABRICACAO DE AUTO PECAS LT;RODOVIARIO;1508134;12/05/2026;4;341974;12/05/2026;CHINHAN AUTOMOVEIS LTDA.;2,41E+13;CACADOR;SC;12/05/2026;21/05/2026;14/05/2026;Entregue No Prazo;;Entrega realizada;Entrega Finalizada;21;5;12;5;TRANSTRY;24020;;;
MOBIS BRASIL FABRICACAO DE AUTO PECAS LT;RODOVIARIO;1508150;12/05/2026;7;341941;12/05/2026;CHS MOTORS VEICULOS PECAS(VL. GUILHERME);1,69E+13;SAO PAULO;SP;12/05/2026;14/05/2026;14/05/2026;Entregue No Prazo;;Entrega realizada;Entrega Finalizada;14;5;12;5;XD DIADEMA;26052;;;
MOBIS BRASIL FABRICACAO DE AUTO PECAS LT;RODOVIARIO;1508085;12/05/2026;1;341940;12/05/2026;CARBEL KOREA VEICULOS LTDA;2,07E+13;BELO HORIZONTE;MG;12/05/2026;15/05/2026;14/05/2026;Entregue No Prazo;;Entrega realizada;Entrega Finalizada;15;5;12;5;XD BETIM;11021;;;
MOBIS BRASIL FABRICACAO DE AUTO PECAS LT;RODOVIARIO;1508089;12/05/2026;1;341932;12/05/2026;BDG AUTOVILLE VEICULOS LTDA;4,77E+13;CONTAGEM;MG;12/05/2026;15/05/2026;14/05/2026;Entregue No Prazo;;Entrega realizada;Entrega Finalizada;15;5;12;5;XD BETIM;11037;;;
MOBIS BRASIL FABRICACAO DE AUTO PECAS LT;RODOVIARIO;1508090;12/05/2026;18;341932;12/05/2026;BDG AUTOVILLE VEICULOS LTDA;4,77E+13;CONTAGEM;MG;12/05/2026;15/05/2026;14/05/2026;Entregue No Prazo;;Entrega realizada;Entrega Finalizada;15;5;12;5;XD BETIM;11037;;;
MOBIS BRASIL FABRICACAO DE AUTO PECAS LT;RODOVIARIO;1508141;12/05/2026;7;341917;12/05/2026;ANDRETA II DISTRIBUIDORA DE VEIC. LTDA;9,10E+12;CAMPINAS;SP;12/05/2026;15/05/2026;14/05/2026;Entregue No Prazo;;Entrega realizada;Entrega Finalizada;15;5;12;5;MVT;26011;;;
MOBIS BRASIL FABRICACAO DE AUTO PECAS LT;RODOVIARIO;1508142;12/05/2026;2;341926;12/05/2026;MOTONET COMERCIO DE VEICULOS LTDA;9,28E+12;SOROCABA;SP;12/05/2026;15/05/2026;14/05/2026;Entregue No Prazo;;Entrega realizada;Entrega Finalizada;15;5;12;5;MVT;26113;;;
MOBIS BRASIL FABRICACAO DE AUTO PECAS LT;RODOVIARIO;1508154;12/05/2026;7;341919;12/05/2026;CAOA MOTOR DO BRASIL LTDA;1,68E+13;SAO JOSE DOS CAMPOS;SP;12/05/2026;15/05/2026;14/05/2026;Entregue No Prazo;;Entrega realizada;Entrega Finalizada;15;5;12;5;MVT;5008;;;
MOBIS BRASIL FABRICACAO DE AUTO PECAS LT;RODOVIARIO;1508163;12/05/2026;2;341922;12/05/2026;H - CAMINHO AUTOMOVEIS LTDA;2,53E+13;LIMEIRA;SP;12/05/2026;15/05/2026;14/05/2026;Entregue No Prazo;;Entrega realizada;Entrega Finalizada;15;5;12;5;MVT;26092;;;
MOBIS BRASIL FABRICACAO DE AUTO PECAS LT;RODOVIARIO;1508111;12/05/2026;1;342000;12/05/2026;ITAVEMA MOTORS VEICULOS LTDA;7,73E+12;DUQUE DE CAXIAS;RJ;12/05/2026;18/05/2026;14/05/2026;Entregue No Prazo;;Entrega realizada;Entrega Finalizada;18;5;12;5;CAMILO;19001;;;
MOBIS BRASIL FABRICACAO DE AUTO PECAS LT;RODOVIARIO;1508112;12/05/2026;1;341989;12/05/2026;CAOA MOTOR DO BRASIL LTDA;1,68E+13;NITEROI;RJ;12/05/2026;18/05/2026;14/05/2026;Entregue No Prazo;;Entrega realizada;Entrega Finalizada;18;5;12;5;CAMILO;5008;;;
MOBIS BRASIL FABRICACAO DE AUTO PECAS LT;RODOVIARIO;1508135;12/05/2026;7;341925;12/05/2026;HYMAX DISTRIBUIDORA DE VEICULOS LTDA;1,73E+13;MOGI GUACU;SP;12/05/2026;18/05/2026;14/05/2026;Entregue No Prazo;;Entrega realizada;Entrega Finalizada;18;5;12;5;MVT;26002;;;
MOBIS BRASIL FABRICACAO DE AUTO PECAS LT;RODOVIARIO;1508155;12/05/2026;4;341929;12/05/2026;NEW VEICULOS E PECAS LTDA.;1,59E+13;ARARAQUARA;SP;12/05/2026;18/05/2026;14/05/2026;Entregue No Prazo;;Entrega realizada;Entrega Finalizada;18;5;12;5;MVT;26071;;;
MOBIS BRASIL FABRICACAO DE AUTO PECAS LT;RODOVIARIO;1508164;12/05/2026;1;341921;12/05/2026;DHC COMERCIO DE VEICULOS E PECAS LTDA;9,52E+12;OURINHOS;SP;12/05/2026;18/05/2026;14/05/2026;Entregue No Prazo;;Entrega realizada;Entrega Finalizada;18;5;12;5;MVT;26010;;;
MOBIS BRASIL FABRICACAO DE AUTO PECAS LT;RODOVIARIO;1508113;12/05/2026;2;342017;12/05/2026;TAI MOTORS VEICULOS S/A.;9,27E+12;CAMPOS DOS GOYTACAZES;RJ;12/05/2026;19/05/2026;14/05/2026;Entregue No Prazo;;Entrega realizada;Entrega Finalizada;19;5;12;5;CAMILO;19023;;;
MOBIS BRASIL FABRICACAO DE AUTO PECAS LT;RODOVIARIO;1508073;12/05/2026;3;342016;12/05/2026;TAI MOTORS VEICULOS S/A;9,27E+12;COLATINA;ES;12/05/2026;20/05/2026;14/05/2026;Entregue No Prazo;;Entrega realizada;Entrega Finalizada;20;5;12;5;CAMILO;8002;;;
MOBIS BRASIL FABRICACAO DE AUTO PECAS LT;RODOVIARIO;1508961;13/05/2026;2;342173;13/05/2026;BILLY DISTRIBUIDORA DE VEICULOS LTDA;1,34E+13;BARUERI;SP;13/05/2026;15/05/2026;14/05/2026;Entregue No Prazo;;Entrega realizada;Entrega Finalizada;15;5;13;5;XD DIADEMA;26003;;;
MOBIS BRASIL FABRICACAO DE AUTO PECAS LT;RODOVIARIO;1508966;13/05/2026;1;342180;13/05/2026;GRAND SPORT COM. DE VEIC. E PECAS LTDA;8,58E+12;SAO PAULO;SP;13/05/2026;15/05/2026;14/05/2026;Entregue No Prazo;;Entrega realizada;Entrega Finalizada;15;5;13;5;XD DIADEMA;26034;;;
MOBIS BRASIL FABRICACAO DE AUTO PECAS LT;RODOVIARIO;1508967;13/05/2026;3;342177;13/05/2026;CAOA MOTOR DO BRASIL LTDA (ARICANDUVA);1,68E+13;SAO PAULO;SP;13/05/2026;15/05/2026;14/05/2026;Entregue No Prazo;;Entrega realizada;Entrega Finalizada;15;5;13;5;XD DIADEMA;26039;;;
MOBIS BRASIL FABRICACAO DE AUTO PECAS LT;RODOVIARIO;1508973;13/05/2026;1;342179;13/05/2026;CAOA MOTOR DO BRASIL LTDA (VL PRUDENTE);1,68E+13;SAO PAULO;SP;13/05/2026;15/05/2026;14/05/2026;Entregue No Prazo;;Entrega realizada;Entrega Finalizada;15;5;13;5;XD DIADEMA;26051;;;
MOBIS BRASIL FABRICACAO DE AUTO PECAS LT;RODOVIARIO;1508980;13/05/2026;1;342186;13/05/2026;NOBRE SP DISTRIB. DE VEIC. E PEC. LTDA;1,70E+13;SAO PAULO;SP;13/05/2026;15/05/2026;14/05/2026;Entregue No Prazo;;Entrega realizada;Entrega Finalizada;15;5;13;5;XD DIADEMA;26081;;;
MOBIS BRASIL FABRICACAO DE AUTO PECAS LT;RODOVIARIO;1508982;13/05/2026;14;342181;13/05/2026;GRANDAY AUTOMOTORES LTDA (CHAC. CALIFOR);1,57E+13;SAO PAULO;SP;13/05/2026;15/05/2026;14/05/2026;Entregue No Prazo;;Entrega realizada;Entrega Finalizada;15;5;13;5;XD DIADEMA;26090;;;
MOBIS BRASIL FABRICACAO DE AUTO PECAS LT;RODOVIARIO;1508983;13/05/2026;4;342178;13/05/2026;CAOA MOTOR DO BRASIL LTDA (INDIANOPOLIS);1,68E+13;SAO PAULO;SP;13/05/2026;15/05/2026;14/05/2026;Entregue No Prazo;;Entrega realizada;Entrega Finalizada;15;5;13;5;XD DIADEMA;26091;;;
MOBIS BRASIL FABRICACAO DE AUTO PECAS LT;RODOVIARIO;1508989;13/05/2026;4;342182;13/05/2026;H RACING GARAGE LTDA ;3,24E+13;COTIA;SP;13/05/2026;15/05/2026;14/05/2026;Entregue No Prazo;;Entrega realizada;Entrega Finalizada;15;5;13;5;XD DIADEMA;29944;;;
MOBIS BRASIL FABRICACAO DE AUTO PECAS LT;RODOVIARIO;1508964;13/05/2026;2;342163;13/05/2026;DHC COMERCIO DE VEICULOS E PECAS LTDA;9,52E+12;BAURU;SP;13/05/2026;18/05/2026;14/05/2026;Entregue No Prazo;;Entrega realizada;Entrega Finalizada;18;5;13;5;MVT;26010;;;
MOBIS BRASIL FABRICACAO DE AUTO PECAS LT;RODOVIARIO;1508976;13/05/2026;1;342175;13/05/2026;CAOA MOTOR DO BRASIL LTDA;1,68E+13;SAO JOSE DOS CAMPOS;SP;13/05/2026;18/05/2026;14/05/2026;Entregue No Prazo;;Entrega realizada;Entrega Finalizada;18;5;13;5;XD DIADEMA;5008;;;
MOBIS BRASIL FABRICACAO DE AUTO PECAS LT;RODOVIARIO;1508977;13/05/2026;3;342175;13/05/2026;CAOA MOTOR DO BRASIL LTDA;1,68E+13;SAO JOSE DOS CAMPOS;SP;13/05/2026;18/05/2026;14/05/2026;Entregue No Prazo;;Entrega realizada;Entrega Finalizada;18;5;13;5;XD DIADEMA;5008;;;
MOBIS BRASIL FABRICACAO DE AUTO PECAS LT;RODOVIARIO;1508978;13/05/2026;1;342176;13/05/2026;CAOA MOTOR DO BRASIL LTDA;1,68E+13;TAUBATE;SP;13/05/2026;18/05/2026;14/05/2026;Entregue No Prazo;;Entrega realizada;Entrega Finalizada;18;5;13;5;XD DIADEMA;5008;;;
MOBIS BRASIL FABRICACAO DE AUTO PECAS LT;RODOVIARIO;1508971;13/05/2026;1;342168;13/05/2026;H R B COMERCIO DE VEICULOS LTDA;1,82E+13;SAO JOSE DO RIO PRETO;SP;13/05/2026;19/05/2026;14/05/2026;Entregue No Prazo;;Entrega realizada;Entrega Finalizada;19;5;13;5;MVT;26050;;;
MOBIS BRASIL FABRICACAO DE AUTO PECAS LT;RODOVIARIO;1508972;13/05/2026;7;342168;13/05/2026;H R B COMERCIO DE VEICULOS LTDA;1,82E+13;SAO JOSE DO RIO PRETO;SP;13/05/2026;19/05/2026;14/05/2026;Entregue No Prazo;;Entrega realizada;Entrega Finalizada;19;5;13;5;MVT;26050;;;
MOBIS BRASIL FABRICACAO DE AUTO PECAS LT;RODOVIARIO;1509442;13/05/2026;4;342344;14/05/2026;BILLY DISTRIBUIDORA DE VEICULOS LTDA;1,34E+13;SAO CAETANO DO SUL;SP;14/05/2026;18/05/2026;14/05/2026;Entregue No Prazo;;Entrega realizada;Entrega Finalizada;18;5;14;5;XD DIADEMA;26003;;;
MOBIS BRASIL FABRICACAO DE AUTO PECAS LT;RODOVIARIO;1509452;13/05/2026;91;342344;14/05/2026;BILLY DISTRIBUIDORA DE VEICULOS LTDA;1,34E+13;SAO CAETANO DO SUL;SP;14/05/2026;18/05/2026;14/05/2026;Entregue No Prazo;;Entrega realizada;Entrega Finalizada;18;5;14;5;XD DIADEMA;26003;;;
MOBIS BRASIL FABRICACAO DE AUTO PECAS LT;RODOVIARIO;1502058;29/04/2026;1;340042;29/04/2026;JPN PATOS COMERCIO DE VEICULOS LTDA;4,20E+13;PATOS;PB;29/04/2026;19/05/2026;15/05/2026;Entregue No Prazo;;Entrega realizada;Entrega Finalizada;19;5;29;4;TERMACO;15004;;;
MOBIS BRASIL FABRICACAO DE AUTO PECAS LT;RODOVIARIO;1502571;29/04/2026;7;340253;29/04/2026;JPN PATOS COMERCIO DE VEICULOS LTDA;4,20E+13;PATOS;PB;29/04/2026;19/05/2026;15/05/2026;Entregue No Prazo;;Entrega realizada;Entrega Finalizada;19;5;29;4;TERMACO;15004;;;
MOBIS BRASIL FABRICACAO DE AUTO PECAS LT;RODOVIARIO;1503347;30/04/2026;1;340563;30/04/2026;JPN PATOS COMERCIO DE VEICULOS LTDA;4,20E+13;PATOS;PB;30/04/2026;20/05/2026;15/05/2026;Entregue No Prazo;;Entrega realizada;Entrega Finalizada;20;5;30;4;TERMACO;15004;;;
MOBIS BRASIL FABRICACAO DE AUTO PECAS LT; RODOVIARIO;1504168;04/05/2026;76;340844;04/05/2026;PATEO COMERCIO DE VEICULOS S A;7,78E+12;RECIFE;PE;04/05/2026;20/05/2026;15/05/2026;Entregue No Prazo;;Entrega realizada;Entrega Finalizada;20;5;4;5;TERMACO;16004;;;
MOBIS BRASIL FABRICACAO DE AUTO PECAS LT; RODOVIARIO;1504130;04/05/2026;2;340833;04/05/2026;JPN COMERCIO DE VEICULOS LTDA;3,20E+13;ARAPIRACA;AL;04/05/2026;21/05/2026;15/05/2026;Entregue No Prazo;;Entrega realizada;Entrega Finalizada;21;5;4;5;TERMACO;2003;;;
MOBIS BRASIL FABRICACAO DE AUTO PECAS LT; RODOVIARIO;1504136;04/05/2026;1;340848;04/05/2026;SAINT LAND COMERCIO DE VEICULOS LTDA;1,04E+13;JUAZEIRO DO NORTE;CE;04/05/2026;21/05/2026;15/05/2026;Entregue No Prazo;;Entrega realizada;Entrega Finalizada;21;5;4;5;TERMACO;6010;;;
MOBIS BRASIL FABRICACAO DE AUTO PECAS LT; RODOVIARIO;1504166;04/05/2026;1;340834;04/05/2026;JPN PATOS COMERCIO DE VEICULOS LTDA;4,20E+13;PATOS;PB;04/05/2026;21/05/2026;15/05/2026;Entregue No Prazo;;Entrega realizada;Entrega Finalizada;21;5;4;5;TERMACO;15004;;;
MOBIS BRASIL FABRICACAO DE AUTO PECAS LT; RODOVIARIO;1504131;04/05/2026;1;340843;04/05/2026;PATEO COMERCIO DE VEICULOS S A;7,78E+12;MANAUS;AM;04/05/2026;29/05/2026;15/05/2026;Entregue No Prazo;;Entrega realizada;Entrega Finalizada;29;5;4;5;CARVALIMA;3002;;;
MOBIS BRASIL FABRICACAO DE AUTO PECAS LT;RODOVIARIO;1505021;06/05/2026;4;341038;06/05/2026;FAZZA MOTORS COMERCIO DE VEICULOS LTDA;1,24E+13;SALVADOR;BA;06/05/2026;18/05/2026;15/05/2026;Entregue No Prazo;;Entrega realizada;Entrega Finalizada;18;5;6;5;TERMACO;5007;;;
MOBIS BRASIL FABRICACAO DE AUTO PECAS LT;RODOVIARIO;1505092;06/05/2026;2;341058;06/05/2026;SAINT LAND COMERCIO DE VEICULOS LTDA;1,04E+13;ARACAJU;SE;06/05/2026;19/05/2026;15/05/2026;Entregue No Prazo;;Entrega realizada;Entrega Finalizada;19;5;6;5;TERMACO;6010;;;
MOBIS BRASIL FABRICACAO DE AUTO PECAS LT;RODOVIARIO;1505024;06/05/2026;5;341050;06/05/2026;ORVEL AUTOMOTOR HYD LTDA;2,52E+13;TEIXEIRA DE FREITAS;BA;06/05/2026;21/05/2026;15/05/2026;Entregue No Prazo;;Entrega realizada;Entrega Finalizada;21;5;6;5;TERMACO;5011;;;
MOBIS BRASIL FABRICACAO DE AUTO PECAS LT;RODOVIARIO;1505061;06/05/2026;2;341034;06/05/2026;CAOA MOTOR DO BRASIL LTDA;1,68E+13;CAMPINA GRANDE;PB;06/05/2026;22/05/2026;15/05/2026;Entregue No Prazo;;Entrega realizada;Entrega Finalizada;22;5;6;5;TERMACO;5008;;;
MOBIS BRASIL FABRICACAO DE AUTO PECAS LT;RODOVIARIO;1505062;06/05/2026;2;341044;06/05/2026;JPN PATOS COMERCIO DE VEICULOS LTDA;4,20E+13;PATOS;PB;06/05/2026;22/05/2026;15/05/2026;Entregue No Prazo;;Entrega realizada;Entrega Finalizada;22;5;6;5;TERMACO;15004;;;
MOBIS BRASIL FABRICACAO DE AUTO PECAS LT;RODOVIARIO;1505063;06/05/2026;2;341030;06/05/2026;AUTORAC VEICULOS LTDA;1,06E+13;CARUARU;PE;06/05/2026;22/05/2026;15/05/2026;Entregue No Prazo;;Entrega realizada;Entrega Finalizada;22;5;6;5;TERMACO;16001;;;
MOBIS BRASIL FABRICACAO DE AUTO PECAS LT;RODOVIARIO;1505066;06/05/2026;3;341041;06/05/2026;GREEN CITY VEICULOS LTDA;2,10E+13;TERESINA;PI;06/05/2026;22/05/2026;15/05/2026;Entregue No Prazo;;Entrega realizada;Entrega Finalizada;22;5;6;5;TERMACO;17002;;;
MOBIS BRASIL FABRICACAO DE AUTO PECAS LT;RODOVIARIO;1505921;07/05/2026;2;341291;07/05/2026;PRIME CACHOEIRO VEICULOS LTDA EPP;9,34E+12;CACHOEIRO DE ITAPEMIRIM;ES;07/05/2026;15/05/2026;15/05/2026;Entregue No Prazo;;Entrega realizada;Entrega Finalizada;15;5;7;5;CAMILO;8003;;;
MOBIS BRASIL FABRICACAO DE AUTO PECAS LT;RODOVIARIO;1505922;07/05/2026;1;341291;07/05/2026;PRIME CACHOEIRO VEICULOS LTDA EPP;9,34E+12;CACHOEIRO DE ITAPEMIRIM;ES;07/05/2026;15/05/2026;15/05/2026;Entregue No Prazo;;Entrega realizada;Entrega Finalizada;15;5;7;5;CAMILO;8003;;;
MOBIS BRASIL FABRICACAO DE AUTO PECAS LT;RODOVIARIO;1505914;07/05/2026;1;341288;07/05/2026;PATEO COMERCIO DE VEICULOS S A;7,78E+12;SALVADOR;BA;07/05/2026;19/05/2026;15/05/2026;Entregue No Prazo;;Entrega realizada;Entrega Finalizada;19;5;7;5;TERMACO;5003;;;
MOBIS BRASIL FABRICACAO DE AUTO PECAS LT;RODOVIARIO;1505915;07/05/2026;4;341277;07/05/2026;FAZZA MOTORS COMERCIO DE VEICULOS LTDA;1,24E+13;SALVADOR;BA;07/05/2026;19/05/2026;15/05/2026;Entregue No Prazo;;Entrega realizada;Entrega Finalizada;19;5;7;5;TERMACO;5007;;;
MOBIS BRASIL FABRICACAO DE AUTO PECAS LT;RODOVIARIO;1506497;07/05/2026;2;341277;07/05/2026;FAZZA MOTORS COMERCIO DE VEICULOS LTDA;1,24E+13;SALVADOR;BA;07/05/2026;19/05/2026;15/05/2026;Entregue No Prazo;;Entrega realizada;Entrega Finalizada;19;5;7;5;TERMACO;5007;;;
MOBIS BRASIL FABRICACAO DE AUTO PECAS LT;RODOVIARIO;1506731;08/05/2026;1;341526;08/05/2026;CYCOSA AUTOMOVEIS LTDA;4,76E+12;MACEIO;AL;08/05/2026;22/05/2026;15/05/2026;Entregue No Prazo;;Entrega realizada;Entrega Finalizada;22;5;8;5;TERMACO;2001;;;
MOBIS BRASIL FABRICACAO DE AUTO PECAS LT;RODOVIARIO;1506740;08/05/2026;2;341527;08/05/2026;FAZZA MOTORS COM. DE VEICULOS LTDA;1,24E+13;FORTALEZA;CE;08/05/2026;22/05/2026;15/05/2026;Entregue No Prazo;;Entrega realizada;Entrega Finalizada;22;5;8;5;TERMACO;6001;;;
MOBIS BRASIL FABRICACAO DE AUTO PECAS LT;RODOVIARIO;1506741;08/05/2026;1;341522;08/05/2026;CAOA MOTOR DO BRASIL LTDA;1,68E+13;FORTALEZA;CE;08/05/2026;22/05/2026;15/05/2026;Entregue No Prazo;;Entrega realizada;Entrega Finalizada;22;5;8;5;TERMACO;5008;;;
MOBIS BRASIL FABRICACAO DE AUTO PECAS LT;RODOVIARIO;1506782;08/05/2026;4;341547;08/05/2026;SAINT LAND COMERCIO DE VEICULOS LTDA;1,04E+13;NATAL;RN;08/05/2026;25/05/2026;15/05/2026;Entregue No Prazo;;Entrega realizada;Entrega Finalizada;25;5;8;5;TERMACO;6010;;;
MOBIS BRASIL FABRICACAO DE AUTO PECAS LT;RODOVIARIO;1506783;08/05/2026;4;341547;08/05/2026;SAINT LAND COMERCIO DE VEICULOS LTDA;1,04E+13;NATAL;RN;08/05/2026;25/05/2026;15/05/2026;Entregue No Prazo;;Entrega realizada;Entrega Finalizada;25;5;8;5;TERMACO;6010;;;
MOBIS BRASIL FABRICACAO DE AUTO PECAS LT;RODOVIARIO;1506773;08/05/2026;1;341511;08/05/2026;LOVAT VEICULOS S/A;8,57E+12;MARINGA;PR;08/05/2026;14/05/2026;15/05/2026;Entregue Fora do Prazo;;Entrega realizada;Entrega Finalizada;14;5;8;5;TRANSTRY;18008;;;
MOBIS BRASIL FABRICACAO DE AUTO PECAS LT;RODOVIARIO;1506749;08/05/2026;2;341549;08/05/2026;TAI MOTORS VEICULOS S/A;9,27E+12;COLATINA;ES;08/05/2026;18/05/2026;15/05/2026;Entregue No Prazo;Falta 01 volume;Entrega realizada;Entrega Finalizada;18;5;8;5;CAMILO;8002;;;
MOBIS BRASIL FABRICACAO DE AUTO PECAS LT;RODOVIARIO;1506762;08/05/2026;4;341528;08/05/2026;GOLDEN MOTORS VEICULOS LTDA;3,62E+12;DOURADOS;MS;08/05/2026;18/05/2026;15/05/2026;Entregue No Prazo;;Entrega realizada;Entrega Finalizada;18;5;8;5;CARVALIMA;12001;;;
MOBIS BRASIL FABRICACAO DE AUTO PECAS LT;RODOVIARIO;1506763;08/05/2026;1;341531;08/05/2026;JPG MOTORS COMERCIO DE VEICULOS LTDA;2,91E+13;CAMPO GRANDE;MS;08/05/2026;18/05/2026;15/05/2026;Entregue No Prazo;;Entrega realizada;Entrega Finalizada;18;5;8;5;CARVALIMA;12005;;;
MOBIS BRASIL FABRICACAO DE AUTO PECAS LT;RODOVIARIO;1506736;08/05/2026;58;341540;08/05/2026;PATEO COMERCIO DE VEICULOS S A;7,78E+12;SALVADOR;BA;08/05/2026;20/05/2026;15/05/2026;Entregue No Prazo;;Entrega realizada;Entrega Finalizada;20;5;8;5;TERMACO;5003;;;
MOBIS BRASIL FABRICACAO DE AUTO PECAS LT;RODOVIARIO;1506753;08/05/2026;7;341491;08/05/2026;URCA MOTORS VEICULOS LTDA;8,77E+12;ITUMBIARA;GO;08/05/2026;20/05/2026;15/05/2026;Entregue No Prazo;;Entrega realizada;Entrega Finalizada;20;5;8;5;RIO VERMELHO;9014;;;
MOBIS BRASIL FABRICACAO DE AUTO PECAS LT;RODOVIARIO;1507436;11/05/2026;1;341791;11/05/2026;HOUSE PARTS COMERCIO DE PECAS E VEI;1,15E+13;CAXIAS DO SUL;RS;11/05/2026;18/05/2026;15/05/2026;Entregue No Prazo;;Entrega realizada;Entrega Finalizada;18;5;11;5;TRANSTRY;23023;;;
MOBIS BRASIL FABRICACAO DE AUTO PECAS LT;RODOVIARIO;1507435;11/05/2026;1;341790;11/05/2026;HOUSE PARTS - COM. DE PECAS E VEIC. LTDA;1,15E+13;SANTA CRUZ DO SUL;RS;11/05/2026;19/05/2026;15/05/2026;Entregue No Prazo;;Entrega realizada;Entrega Finalizada;19;5;11;5;TRANSTRY;23017;;;
MOBIS BRASIL FABRICACAO DE AUTO PECAS LT;RODOVIARIO;1507381;11/05/2026;3;341776;11/05/2026;VIA BRASIL AUTOMOVEIS LTDA.;4,72E+12;SERRA;ES;11/05/2026;18/05/2026;15/05/2026;Entregue No Prazo;;Entrega realizada;Entrega Finalizada;18;5;11;5;CAMILO;8001;;;
MOBIS BRASIL FABRICACAO DE AUTO PECAS LT;RODOVIARIO;1507382;11/05/2026;4;341773;11/05/2026;TAI MOTORS VEICULOS S/A;9,27E+12;VITORIA;ES;11/05/2026;18/05/2026;15/05/2026;Entregue No Prazo;;Entrega realizada;Entrega Finalizada;18;5;11;5;CAMILO;8002;;;
MOBIS BRASIL FABRICACAO DE AUTO PECAS LT;RODOVIARIO;1507425;11/05/2026;3;341758;11/05/2026;MONTREAL VEICULOS E PECAS LTDA;1,68E+13;SAO PEDRO DA ALDEIA;RJ;11/05/2026;18/05/2026;15/05/2026;Entregue No Prazo;;Entrega realizada;Entrega Finalizada;18;5;11;5;CAMILO;19030;;;
MOBIS BRASIL FABRICACAO DE AUTO PECAS LT;RODOVIARIO;1507383;11/05/2026;3;341767;11/05/2026;PRIME CACHOEIRO VEICULOS LTDA EPP;9,34E+12;CACHOEIRO DE ITAPEMIRIM;ES;11/05/2026;19/05/2026;15/05/2026;Entregue No Prazo;;Entrega realizada;Entrega Finalizada;19;5;11;5;CAMILO;8003;;;
MOBIS BRASIL FABRICACAO DE AUTO PECAS LT;RODOVIARIO;1507384;11/05/2026;2;341766;11/05/2026;PRIME CACHOEIRO VEICULOS LTDA;9,34E+12;LINHARES;ES;11/05/2026;19/05/2026;15/05/2026;Entregue No Prazo;;Entrega realizada;Entrega Finalizada;19;5;11;5;CAMILO;8004;;;
MOBIS BRASIL FABRICACAO DE AUTO PECAS LT;RODOVIARIO;1507385;11/05/2026;1;341723;11/05/2026;NISA COMERCIAL DE VEIC. AUTOMOTORES LTDA;1,03E+13;APARECIDA DE GOIANIA;GO;11/05/2026;19/05/2026;15/05/2026;Entregue No Prazo;;Entrega realizada;Entrega Finalizada;19;5;11;5;RIO VERMELHO;9002;;;
MOBIS BRASIL FABRICACAO DE AUTO PECAS LT;RODOVIARIO;1507386;11/05/2026;56;341727;11/05/2026;SAGA KOREA COM. DE VEIC. E PC. LTDA;1,27E+13;GOIANIA;GO;11/05/2026;19/05/2026;15/05/2026;Entregue No Prazo;;Entrega realizada;Entrega Finalizada;19;5;11;5;RIO VERMELHO;9011;;;
MOBIS BRASIL FABRICACAO DE AUTO PECAS LT;RODOVIARIO;1507403;11/05/2026;2;341746;11/05/2026;COMETA MATO GROSSO COM. DE VEICULOS LTDA;1,54E+13;TANGARA DA SERRA;MT;11/05/2026;20/05/2026;15/05/2026;Entregue No Prazo;;Entrega realizada;Entrega Finalizada;20;5;11;5;CARVALIMA;13007;;;
MOBIS BRASIL FABRICACAO DE AUTO PECAS LT;RODOVIARIO;1507402;11/05/2026;2;341745;11/05/2026;COMETA MATO GROSSO COM. DE VEICULOS LTDA;1,54E+13;RONDONOPOLIS;MT;11/05/2026;21/05/2026;15/05/2026;Entregue No Prazo;;Entrega realizada;Entrega Finalizada;21;5;11;5;CARVALIMA;13006;;;
MOBIS BRASIL FABRICACAO DE AUTO PECAS LT;RODOVIARIO;1508109;12/05/2026;5;341981;12/05/2026;LOVAT VEICULOS S/A;8,57E+12;MARINGA;PR;12/05/2026;18/05/2026;15/05/2026;Entregue No Prazo;;Entrega realizada;Entrega Finalizada;18;5;12;5;TRANSTRY;18008;;;
MOBIS BRASIL FABRICACAO DE AUTO PECAS LT;RODOVIARIO;1508119;12/05/2026;1;341971;12/05/2026;CARWAY SUL VEICULOS LTDA;1,03E+13;PORTO ALEGRE;RS;12/05/2026;18/05/2026;15/05/2026;Entregue No Prazo;;Entrega realizada;Entrega Finalizada;18;5;12;5;TRANSTRY;23003;;;
MOBIS BRASIL FABRICACAO DE AUTO PECAS LT;RODOVIARIO;1508120;12/05/2026;1;341980;12/05/2026;HOUSE PARTS-COM. DE PCS. E VEICULOS LTDA;1,15E+13;PORTO ALEGRE;RS;12/05/2026;18/05/2026;15/05/2026;Entregue No Prazo;;Entrega realizada;Entrega Finalizada;18;5;12;5;TRANSTRY;23004;;;
MOBIS BRASIL FABRICACAO DE AUTO PECAS LT;RODOVIARIO;1508121;12/05/2026;1;341980;12/05/2026;HOUSE PARTS-COM. DE PCS. E VEICULOS LTDA;1,15E+13;PORTO ALEGRE;RS;12/05/2026;18/05/2026;15/05/2026;Entregue No Prazo;;Entrega realizada;Entrega Finalizada;18;5;12;5;TRANSTRY;23004;;;
MOBIS BRASIL FABRICACAO DE AUTO PECAS LT;RODOVIARIO;1508125;12/05/2026;1;341977;12/05/2026;GAMBATTO H1 VEICULOS LTDA;1,94E+13;PASSO FUNDO;RS;12/05/2026;19/05/2026;15/05/2026;Entregue No Prazo;;Entrega realizada;Entrega Finalizada;19;5;12;5;TRANSTRY;23015;;;
MOBIS BRASIL FABRICACAO DE AUTO PECAS LT;RODOVIARIO;1508126;12/05/2026;1;341979;12/05/2026;HOUSE PARTS COMERCIO DE PECAS E VEI;1,15E+13;CAXIAS DO SUL;RS;12/05/2026;19/05/2026;15/05/2026;Entregue No Prazo;;Entrega realizada;Entrega Finalizada;19;5;12;5;TRANSTRY;23023;;;
MOBIS BRASIL FABRICACAO DE AUTO PECAS LT;RODOVIARIO;1508123;12/05/2026;4;341978;12/05/2026;HOUSE PARTS - COM. DE PECAS E VEIC. LTDA;1,15E+13;SANTA MARIA;RS;12/05/2026;20/05/2026;15/05/2026;Entregue No Prazo;;Entrega realizada;Entrega Finalizada;20;5;12;5;TRANSTRY;23008;;;
MOBIS BRASIL FABRICACAO DE AUTO PECAS LT;RODOVIARIO;1508071;12/05/2026;74;342020;12/05/2026;VIA BRASIL AUTOMOVEIS LTDA.;4,72E+12;SERRA;ES;12/05/2026;19/05/2026;15/05/2026;Entregue No Prazo;;Entrega realizada;Entrega Finalizada;19;5;12;5;CAMILO;8001;;;
MOBIS BRASIL FABRICACAO DE AUTO PECAS LT;RODOVIARIO;1508081;12/05/2026;1;341942;12/05/2026;CONCESSIONARIA NAGOYA MOTOS E VEIC. LTDA;8,74E+12;UBA;MG;12/05/2026;19/05/2026;15/05/2026;Entregue No Prazo;;Entrega realizada;Entrega Finalizada;19;5;12;5;XD BETIM;11004;;;
MOBIS BRASIL FABRICACAO DE AUTO PECAS LT;RODOVIARIO;1508082;12/05/2026;5;341942;12/05/2026;CONCESSIONARIA NAGOYA MOTOS E VEIC. LTDA;8,74E+12;UBA;MG;12/05/2026;19/05/2026;15/05/2026;Entregue No Prazo;;Entrega realizada;Entrega Finalizada;19;5;12;5;XD BETIM;11004;;;
MOBIS BRASIL FABRICACAO DE AUTO PECAS LT;RODOVIARIO;1508072;12/05/2026;2;342012;12/05/2026;PRIME CACHOEIRO VEICULOS LTDA EPP;9,34E+12;CACHOEIRO DE ITAPEMIRIM;ES;12/05/2026;20/05/2026;15/05/2026;Entregue No Prazo;;Entrega realizada;Entrega Finalizada;20;5;12;5;CAMILO;8003;;;
MOBIS BRASIL FABRICACAO DE AUTO PECAS LT;RODOVIARIO;1508930;13/05/2026;1;342215;13/05/2026;SANTA FE VEICULOS LTDA.;1,16E+13;FRANCISCO BELTRAO;PR;13/05/2026;20/05/2026;15/05/2026;Entregue No Prazo;;Entrega realizada;Entrega Finalizada;20;5;13;5;TRANSTRY;18010;;;
MOBIS BRASIL FABRICACAO DE AUTO PECAS LT;RODOVIARIO;1508933;13/05/2026;2;342203;13/05/2026;BARI VEICULOS LTDA.;7,46E+12;CURITIBA;PR;13/05/2026;18/05/2026;15/05/2026;Entregue No Prazo;;Entrega realizada;Entrega Finalizada;18;5;13;5;TRANSTRY;18029;;;
MOBIS BRASIL FABRICACAO DE AUTO PECAS LT;RODOVIARIO;1508934;13/05/2026;8;342200;13/05/2026;BARI VEICULOS LTDA;7,46E+12;CURITIBA;PR;13/05/2026;18/05/2026;15/05/2026;Entregue No Prazo;;Entrega realizada;Entrega Finalizada;18;5;13;5;TRANSTRY;18024;;;
MOBIS BRASIL FABRICACAO DE AUTO PECAS LT;RODOVIARIO;1508932;13/05/2026;5;342202;13/05/2026;BARI VEICULOS LTDA;7,46E+12;PONTA GROSSA;PR;13/05/2026;19/05/2026;15/05/2026;Entregue No Prazo;;Entrega realizada;Entrega Finalizada;19;5;13;5;TRANSTRY;18024;;;
MOBIS BRASIL FABRICACAO DE AUTO PECAS LT;RODOVIARIO;1508955;13/05/2026;1;342204;13/05/2026;BARI VEICULOS LTDA.;7,46E+12;JOINVILLE;SC;13/05/2026;19/05/2026;15/05/2026;Entregue No Prazo;;Entrega realizada;Entrega Finalizada;19;5;13;5;TRANSTRY;24013;;;
MOBIS BRASIL FABRICACAO DE AUTO PECAS LT;RODOVIARIO;1508954;13/05/2026;19;342201;13/05/2026;BARI VEICULOS LTDA;7,46E+12;BLUMENAU;SC;13/05/2026;20/05/2026;15/05/2026;Entregue No Prazo;;Entrega realizada;Entrega Finalizada;20;5;13;5;TRANSTRY;18024;;;
MOBIS BRASIL FABRICACAO DE AUTO PECAS LT;RODOVIARIO;1508913;13/05/2026;1;342172;13/05/2026;BDG AUTOVILLE VEICULOS LTDA;4,77E+13;CONTAGEM;MG;13/05/2026;18/05/2026;15/05/2026;Entregue No Prazo;;Entrega realizada;Entrega Finalizada;18;5;13;5;XD BETIM;11037;;;
MOBIS BRASIL FABRICACAO DE AUTO PECAS LT;RODOVIARIO;1508914;13/05/2026;45;342172;13/05/2026;BDG AUTOVILLE VEICULOS LTDA;4,77E+13;CONTAGEM;MG;13/05/2026;18/05/2026;15/05/2026;Entregue No Prazo;;Entrega realizada;Entrega Finalizada;18;5;13;5;XD BETIM;11037;;;
MOBIS BRASIL FABRICACAO DE AUTO PECAS LT;RODOVIARIO;1508975;13/05/2026;2;342161;13/05/2026;CAOA MOTOR DO BRASIL LTDA;1,68E+13;CAMPINAS;SP;13/05/2026;18/05/2026;15/05/2026;Entregue No Prazo;;Entrega realizada;Entrega Finalizada;18;5;13;5;MVT;5008;;;
MOBIS BRASIL FABRICACAO DE AUTO PECAS LT;RODOVIARIO;1508979;13/05/2026;3;342162;13/05/2026;DESTAQUE SEUL DISTR. DE VEIC. E PC. LTDA;2,12E+13;ATIBAIA;SP;13/05/2026;18/05/2026;15/05/2026;Entregue No Prazo;;Entrega realizada;Entrega Finalizada;18;5;13;5;MVT;26075;;;
MOBIS BRASIL FABRICACAO DE AUTO PECAS LT;RODOVIARIO;1508908;13/05/2026;2;342196;13/05/2026;URCA MOTORS VEICULOS LTDA;8,77E+12;UBERLANDIA;MG;13/05/2026;19/05/2026;15/05/2026;Entregue No Prazo;;Entrega realizada;Entrega Finalizada;19;5;13;5;XD BETIM;9014;;;
MOBIS BRASIL FABRICACAO DE AUTO PECAS LT;RODOVIARIO;1508909;13/05/2026;2;342183;13/05/2026;IMOTORS VEICULOS LTDA;7,17E+12;JUIZ DE FORA;MG;13/05/2026;19/05/2026;15/05/2026;Entregue No Prazo;;Entrega realizada;Entrega Finalizada;19;5;13;5;XD BETIM;11010;;;
MOBIS BRASIL FABRICACAO DE AUTO PECAS LT;RODOVIARIO;1508912;13/05/2026;1;342194;13/05/2026;TOKSU COMERCIO DE VEICULOS LTDA;1,12E+13;VARGINHA;MG;13/05/2026;19/05/2026;15/05/2026;Entregue No Prazo;;Entrega realizada;Entrega Finalizada;19;5;13;5;XD BETIM;11008;;;
MOBIS BRASIL FABRICACAO DE AUTO PECAS LT;RODOVIARIO;1508935;13/05/2026;2;342218;13/05/2026;AMX COM. E SERVICOS DE AUTOMOTORES LTDA;1,20E+13;RIO DE JANEIRO;RJ;13/05/2026;19/05/2026;15/05/2026;Entregue No Prazo;;Entrega realizada;Entrega Finalizada;19;5;13;5;CAMILO;19009;;;
MOBIS BRASIL FABRICACAO DE AUTO PECAS LT;RODOVIARIO;1508936;13/05/2026;3;342223;13/05/2026;CAOA MOTOR DO BRASIL LTDA;1,68E+13;RIO DE JANEIRO;RJ;13/05/2026;19/05/2026;15/05/2026;Entregue No Prazo;;Entrega realizada;Entrega Finalizada;19;5;13;5;CAMILO;5008;;;
MOBIS BRASIL FABRICACAO DE AUTO PECAS LT;RODOVIARIO;1508937;13/05/2026;4;342222;13/05/2026;CAOA MOTOR DO BRASIL LTDA;1,68E+13;RIO DE JANEIRO;RJ;13/05/2026;19/05/2026;15/05/2026;Entregue No Prazo;;Entrega realizada;Entrega Finalizada;19;5;13;5;CAMILO;5008;;;
MOBIS BRASIL FABRICACAO DE AUTO PECAS LT;RODOVIARIO;1508938;13/05/2026;1;342221;13/05/2026;CAOA MOTOR DO BRASIL LTDA;1,68E+13;NITEROI;RJ;13/05/2026;19/05/2026;15/05/2026;Entregue No Prazo;;Entrega realizada;Entrega Finalizada;19;5;13;5;CAMILO;5008;;;
MOBIS BRASIL FABRICACAO DE AUTO PECAS LT;RODOVIARIO;1508959;13/05/2026;1;342169;13/05/2026;HYMAX DISTRIBUIDORA DE VEICULOS LTDA;1,73E+13;MOGI GUACU;SP;13/05/2026;19/05/2026;15/05/2026;Entregue No Prazo;;Entrega realizada;Entrega Finalizada;19;5;13;5;MVT;26002;;;
MOBIS BRASIL FABRICACAO DE AUTO PECAS LT;RODOVIARIO;1508960;13/05/2026;2;342169;13/05/2026;HYMAX DISTRIBUIDORA DE VEICULOS LTDA;1,73E+13;MOGI GUACU;SP;13/05/2026;19/05/2026;15/05/2026;Entregue No Prazo;;Entrega realizada;Entrega Finalizada;19;5;13;5;MVT;26002;;;
MOBIS BRASIL FABRICACAO DE AUTO PECAS LT;RODOVIARIO;1508970;13/05/2026;3;342170;13/05/2026;NEW VEICULOS E PECAS LTDA;1,59E+13;FRANCA;SP;13/05/2026;19/05/2026;15/05/2026;Entregue No Prazo;;Entrega realizada;Entrega Finalizada;19;5;13;5;MVT;26014;;;
MOBIS BRASIL FABRICACAO DE AUTO PECAS LT;RODOVIARIO;1508974;13/05/2026;1;342164;13/05/2026;GOLDEN MOTORS VEICULOS LTDA;3,62E+12;PRESIDENTE PRUDENTE;SP;13/05/2026;19/05/2026;15/05/2026;Entregue No Prazo;;Entrega realizada;Entrega Finalizada;19;5;13;5;MVT;12001;;;
MOBIS BRASIL FABRICACAO DE AUTO PECAS LT;RODOVIARIO;1508981;13/05/2026;1;342174;13/05/2026;CAOA MOTOR DO BRASIL LTDA;1,68E+13;PRAIA GRANDE;SP;13/05/2026;19/05/2026;15/05/2026;Entregue No Prazo;;Entrega realizada;Entrega Finalizada;19;5;13;5;XD DIADEMA;5008;;;
MOBIS BRASIL FABRICACAO DE AUTO PECAS LT;RODOVIARIO;1508984;13/05/2026;4;342166;13/05/2026;H - CAMINHO AUTOMOVEIS LTDA;2,53E+13;PIRACICABA;SP;13/05/2026;19/05/2026;15/05/2026;Entregue No Prazo;;Entrega realizada;Entrega Finalizada;19;5;13;5;MVT;26092;;;
MOBIS BRASIL FABRICACAO DE AUTO PECAS LT;RODOVIARIO;1508910;13/05/2026;6;342197;13/05/2026;VITAL COMERCIO DE VEICULOS LTDA;1,05E+13;IPATINGA;MG;13/05/2026;20/05/2026;15/05/2026;Entregue No Prazo;;Entrega realizada;Entrega Finalizada;20;5;13;5;XD BETIM;11016;;;
MOBIS BRASIL FABRICACAO DE AUTO PECAS LT;RODOVIARIO;1508939;13/05/2026;1;342256;13/05/2026;VIA VR VEICULOS LTDA;1,73E+13;PETROPOLIS;RJ;13/05/2026;20/05/2026;15/05/2026;Entregue No Prazo;;Entrega realizada;Entrega Finalizada;20;5;13;5;CAMILO;19016;;;
MOBIS BRASIL FABRICACAO DE AUTO PECAS LT;RODOVIARIO;1508940;13/05/2026;4;342236;13/05/2026;MONTREAL VEICULOS E PECAS LTDA;1,68E+13;MACAE;RJ;13/05/2026;20/05/2026;15/05/2026;Entregue No Prazo;;Entrega realizada;Entrega Finalizada;20;5;13;5;CAMILO;19030;;;
MOBIS BRASIL FABRICACAO DE AUTO PECAS LT;RODOVIARIO;1509769;14/05/2026;1;342355;14/05/2026;BILLY DISTRIBUIDORA DE VEICULOS LTDA;1,34E+13;BARUERI;SP;14/05/2026;18/05/2026;15/05/2026;Entregue No Prazo;;Entrega realizada;Entrega Finalizada;18;5;14;5;XD DIADEMA;26003;;;
MOBIS BRASIL FABRICACAO DE AUTO PECAS LT;RODOVIARIO;1509775;14/05/2026;1;342363;14/05/2026;CHS MOTORS VEICULOS PECAS E SERV LTDA  ;1,69E+13;SAO PAULO;SP;14/05/2026;18/05/2026;15/05/2026;Entregue No Prazo;;Entrega realizada;Entrega Finalizada;18;5;14;5;XD DIADEMA;26037;;;
MOBIS BRASIL FABRICACAO DE AUTO PECAS LT;RODOVIARIO;1509781;14/05/2026;3;342360;14/05/2026;CAOA MOTOR DO BRASIL LTDA (VL PRUDENTE);1,68E+13;SAO PAULO;SP;14/05/2026;18/05/2026;15/05/2026;Entregue No Prazo;;Entrega realizada;Entrega Finalizada;18;5;14;5;XD DIADEMA;26051;;;
MOBIS BRASIL FABRICACAO DE AUTO PECAS LT;RODOVIARIO;1509782;14/05/2026;1;342359;14/05/2026;CAOA MOTOR DO BRASIL LTDA (IPIRANGA);1,68E+13;SAO PAULO;SP;14/05/2026;18/05/2026;15/05/2026;Entregue No Prazo;;Entrega realizada;Entrega Finalizada;18;5;14;5;XD DIADEMA;26054;;;
MOBIS BRASIL FABRICACAO DE AUTO PECAS LT;RODOVIARIO;1509787;14/05/2026;3;342368;14/05/2026;NOBRE SP DISTRIB. DE VEIC. E PEC. LTDA;1,70E+13;SAO PAULO;SP;14/05/2026;18/05/2026;15/05/2026;Entregue No Prazo;;Entrega realizada;Entrega Finalizada;18;5;14;5;XD DIADEMA;26081;;;
MOBIS BRASIL FABRICACAO DE AUTO PECAS LT;RODOVIARIO;1509789;14/05/2026;1;342358;14/05/2026;CAOA MOTOR DO BRASIL LTDA (INDIANOPOLIS);1,68E+13;SAO PAULO;SP;14/05/2026;18/05/2026;15/05/2026;Entregue No Prazo;;Entrega realizada;Entrega Finalizada;18;5;14;5;XD DIADEMA;26091;;;
MOBIS BRASIL FABRICACAO DE AUTO PECAS LT;RODOVIARIO;1509790;14/05/2026;4;342367;14/05/2026;NOBRE DISTRIBUIDORA DE VEIC. E PEC. LTDA;5,76E+12;SUZANO;SP;14/05/2026;18/05/2026;15/05/2026;Entregue No Prazo;;Entrega realizada;Entrega Finalizada;18;5;14;5;XD DIADEMA;26103;;;
MOBIS BRASIL FABRICACAO DE AUTO PECAS LT;RODOVIARIO;1509791;14/05/2026;3;342361;14/05/2026;CAOA MOTOR DO BRASIL LTDA(RAP. TAVARES);1,68E+13;SAO PAULO;SP;14/05/2026;18/05/2026;15/05/2026;Entregue No Prazo;;Entrega realizada;Entrega Finalizada;18;5;14;5;XD DIADEMA;26109;;;
MOBIS BRASIL FABRICACAO DE AUTO PECAS LT;RODOVIARIO;1509794;14/05/2026;1;342365;14/05/2026;H RACING GARAGE LTDA ;3,24E+13;COTIA;SP;14/05/2026;18/05/2026;15/05/2026;Entregue No Prazo;;Entrega realizada;Entrega Finalizada;18;5;14;5;XD DIADEMA;29944;;;
MOBIS BRASIL FABRICACAO DE AUTO PECAS LT;RODOVIARIO;1509716;14/05/2026;13;342375;14/05/2026;TAI MOTORS VEICULOS S/A;9,27E+12;BELO HORIZONTE;MG;14/05/2026;19/05/2026;15/05/2026;Entregue No Prazo;;Entrega realizada;Entrega Finalizada;19;5;14;5;XD BETIM;8002;;;
MOBIS BRASIL FABRICACAO DE AUTO PECAS LT;RODOVIARIO;1509717;14/05/2026;10;342362;14/05/2026;CARBEL KOREA VEICULOS LTDA;2,07E+13;BELO HORIZONTE;MG;14/05/2026;19/05/2026;15/05/2026;Entregue No Prazo;;Entrega realizada;Entrega Finalizada;19;5;14;5;XD BETIM;11021;;;
MOBIS BRASIL FABRICACAO DE AUTO PECAS LT;RODOVIARIO;1509720;14/05/2026;1;342354;14/05/2026;BDG AUTOVILLE VEICULOS LTDA;4,77E+13;CONTAGEM;MG;14/05/2026;19/05/2026;15/05/2026;Entregue No Prazo;;Entrega realizada;Entrega Finalizada;19;5;14;5;XD BETIM;11037;;;
MOBIS BRASIL FABRICACAO DE AUTO PECAS LT;RODOVIARIO;1509721;14/05/2026;32;342354;14/05/2026;BDG AUTOVILLE VEICULOS LTDA;4,77E+13;CONTAGEM;MG;14/05/2026;19/05/2026;15/05/2026;Entregue No Prazo;;Entrega realizada;Entrega Finalizada;19;5;14;5;XD BETIM;11037;;;
MOBIS BRASIL FABRICACAO DE AUTO PECAS LT;RODOVIARIO;1509746;14/05/2026;7;342380;14/05/2026;BARI VEICULOS LTDA;7,46E+12;CURITIBA;PR;14/05/2026;19/05/2026;15/05/2026;Entregue No Prazo;;Entrega realizada;Entrega Finalizada;19;5;14;5;TRANSTRY;18024;;;
MOBIS BRASIL FABRICACAO DE AUTO PECAS LT;RODOVIARIO;1509770;14/05/2026;1;342350;14/05/2026;DHC COMERCIO DE VEICULOS E PECAS LTDA;9,52E+12;BAURU;SP;14/05/2026;19/05/2026;15/05/2026;Entregue No Prazo;;Entrega realizada;Entrega Finalizada;19;5;14;5;MVT;26010;;;
MOBIS BRASIL FABRICACAO DE AUTO PECAS LT;RODOVIARIO;1509771;14/05/2026;3;342350;14/05/2026;DHC COMERCIO DE VEICULOS E PECAS LTDA;9,52E+12;BAURU;SP;14/05/2026;19/05/2026;15/05/2026;Entregue No Prazo;;Entrega realizada;Entrega Finalizada;19;5;14;5;MVT;26010;;;
MOBIS BRASIL FABRICACAO DE AUTO PECAS LT;RODOVIARIO;1509774;14/05/2026;10;342353;14/05/2026;NEW VEICULOS E PECAS LTDA;1,59E+13;RIBEIRAO PRETO;SP;14/05/2026;19/05/2026;15/05/2026;Entregue No Prazo;;Entrega realizada;Entrega Finalizada;19;5;14;5;MVT;26014;;;
MOBIS BRASIL FABRICACAO DE AUTO PECAS LT;RODOVIARIO;1509784;14/05/2026;1;342357;14/05/2026;CAOA MOTOR DO BRASIL LTDA;1,68E+13;SAO JOSE DOS CAMPOS;SP;14/05/2026;19/05/2026;15/05/2026;Entregue No Prazo;;Entrega realizada;Entrega Finalizada;19;5;14;5;XD DIADEMA;5008;;;
MOBIS BRASIL FABRICACAO DE AUTO PECAS LT;RODOVIARIO;1509779;14/05/2026;1;342351;14/05/2026;H R B COMERCIO DE VEICULOS LTDA;1,82E+13;SAO JOSE DO RIO PRETO;SP;14/05/2026;20/05/2026;15/05/2026;Entregue No Prazo;;Entrega realizada;Entrega Finalizada;20;5;14;5;MVT;26050;;;
MOBIS BRASIL FABRICACAO DE AUTO PECAS LT;RODOVIARIO;1509780;14/05/2026;6;342351;14/05/2026;H R B COMERCIO DE VEICULOS LTDA;1,82E+13;SAO JOSE DO RIO PRETO;SP;14/05/2026;20/05/2026;15/05/2026;Entregue No Prazo;;Entrega realizada;Entrega Finalizada;20;5;14;5;MVT;26050;;;
MOBIS BRASIL FABRICACAO DE AUTO PECAS LT;RODOVIARIO;1509719;14/05/2026;2;342364;14/05/2026;GNC GRANDE COREIA MINAS GERAIS COMERCIO;4,27E+13;MONTES CLAROS;MG;14/05/2026;21/05/2026;15/05/2026;Entregue No Prazo;;Entrega realizada;Entrega Finalizada;21;5;14;5;XD BETIM;11035;;;
MOBIS BRASIL FABRICACAO DE AUTO PECAS LT;RODOVIARIO;1509788;14/05/2026;7;342609;15/05/2026;GRANDAY AUTOMOTORES LTDA (CHAC. CALIFOR);1,57E+13;SAO PAULO;SP;15/05/2026;19/05/2026;15/05/2026;Entregue No Prazo;;Entrega realizada;Entrega Finalizada;19;5;15;5;XD DIADEMA;26090;;;
MOBIS BRASIL FABRICACAO DE AUTO PECAS LT;RODOVIARIO;1510267;14/05/2026;73;342608;15/05/2026;BILLY DISTRIBUIDORA DE VEICULOS LTDA;1,34E+13;SAO CAETANO DO SUL;SP;15/05/2026;19/05/2026;15/05/2026;Entregue No Prazo;;Entrega realizada;Entrega Finalizada;19;5;15;5;XD DIADEMA;26003;;;
MOBIS BRASIL FABRICACAO DE AUTO PECAS LT;RODOVIARIO;1510276;14/05/2026;1;342608;15/05/2026;BILLY DISTRIBUIDORA DE VEICULOS LTDA;1,34E+13;SAO CAETANO DO SUL;SP;15/05/2026;19/05/2026;15/05/2026;Entregue No Prazo;;Entrega realizada;Entrega Finalizada;19;5;15;5;XD DIADEMA;26003;;;
MOBIS BRASIL FABRICACAO DE AUTO PECAS LT;RODOVIARIO;1509772;14/05/2026;19;342607;15/05/2026;ANDRETA II DISTRIBUIDORA DE VEIC. LTDA;9,10E+12;CAMPINAS;SP;15/05/2026;20/05/2026;15/05/2026;Entregue No Prazo;;Entrega realizada;Entrega Finalizada;20;5;15;5;XD DIADEMA;26011;;;
MOBIS BRASIL FABRICACAO DE AUTO PECAS LT;RODOVIARIO;1509773;14/05/2026;19;342610;15/05/2026;MOTONET COMERCIO DE VEICULOS LTDA;9,28E+12;SOROCABA;SP;15/05/2026;20/05/2026;15/05/2026;Entregue No Prazo;;Entrega realizada;Entrega Finalizada;20;5;15;5;XD DIADEMA;26113;;;
MOBIS BRASIL FABRICACAO DE AUTO PECAS LT;RODOVIARIO;1505018;06/05/2026;2;341036;06/05/2026;CYCOSA AUTOMOVEIS LTDA;4,76E+12;MACEIO;AL;06/05/2026;20/05/2026;16/05/2026;Entregue No Prazo;;Entrega realizada;Entrega Finalizada;20;5;6;5;TERMACO;2001;;;
MOBIS BRASIL FABRICACAO DE AUTO PECAS LT;RODOVIARIO;1505912;07/05/2026;2;341276;07/05/2026;CYCOSA AUTOMOVEIS LTDA;4,76E+12;MACEIO;AL;07/05/2026;21/05/2026;16/05/2026;Entregue No Prazo;;Entrega realizada;Entrega Finalizada;21;5;7;5;TERMACO;2001;;;
MOBIS BRASIL FABRICACAO DE AUTO PECAS LT;RODOVIARIO;1506501;07/05/2026;1;341284;07/05/2026;NACIONAL NOVA MARABA DIST DE VEIC. LTDA;1,70E+13;IMPERATRIZ;MA;07/05/2026;27/05/2026;16/05/2026;Entregue No Prazo;;Entrega realizada;Entrega Finalizada;27;5;7;5;TERMACO;10003;;;
MOBIS BRASIL FABRICACAO DE AUTO PECAS LT;RODOVIARIO;1507394;11/05/2026;11;341728;11/05/2026;TAI MOTORS VEICULOS S/A;9,27E+12;BELO HORIZONTE;MG;11/05/2026;14/05/2026;16/05/2026;Entregue Fora do Prazo;;Entrega realizada;Entrega Finalizada;14;5;11;5;XD BETIM;8002;;;
MOBIS BRASIL FABRICACAO DE AUTO PECAS LT;RODOVIARIO;1508911;13/05/2026;2;342193;13/05/2026;TAI MOTORS VEICULOS S/A;9,27E+12;BELO HORIZONTE;MG;13/05/2026;18/05/2026;16/05/2026;Entregue No Prazo;;Entrega realizada;Entrega Finalizada;18;5;13;5;XD BETIM;8002;;;
MOBIS BRASIL FABRICACAO DE AUTO PECAS LT;RODOVIARIO;1508915;13/05/2026;1;342229;13/05/2026;GOLDEN MOTORS VEICULOS LTDA;3,62E+12;DOURADOS;MS;13/05/2026;21/05/2026;16/05/2026;Entregue No Prazo;;Entrega realizada;Entrega Finalizada;21;5;13;5;CARVALIMA;12001;;;
MOBIS BRASIL FABRICACAO DE AUTO PECAS LT;RODOVIARIO;1473418;05/03/2026;2;330948;05/03/2026;PATEO COMERCIO DE VEICULOS S A;7,78E+12;MANAUS;AM;05/03/2026;31/03/2026;18/05/2026;Entregue Fora do Prazo;;Entrega realizada;Entrega Finalizada;31;3;5;3;NORTEX;3002;;;
MOBIS BRASIL FABRICACAO DE AUTO PECAS LT;RODOVIARIO;1488251;02/04/2026;2;335779;02/04/2026;PATEO COMERCIO DE VEICULOS S A;7,78E+12;MANAUS;AM;02/04/2026;28/04/2026;18/05/2026;Entregue Fora do Prazo;;Entrega realizada;Entrega Finalizada;28;4;2;4;NORTEX;3002;;;
MOBIS BRASIL FABRICACAO DE AUTO PECAS LT; RODOVIARIO;1504148;04/05/2026;1;340842;04/05/2026;PATEO COMERCIO DE VEICULOS S A;7,78E+12;SAO LUIS;MA;04/05/2026;20/05/2026;18/05/2026;Entregue No Prazo;;Entrega realizada;Entrega Finalizada;20;5;4;5;TERMACO;10002;;;
MOBIS BRASIL FABRICACAO DE AUTO PECAS LT; RODOVIARIO;1504170;04/05/2026;2;340829;04/05/2026;GREEN CITY VEICULOS LTDA;2,10E+13;TERESINA;PI;04/05/2026;21/05/2026;18/05/2026;Entregue No Prazo;;Entrega realizada;Entrega Finalizada;21;5;4;5;TERMACO;17002;;;
MOBIS BRASIL FABRICACAO DE AUTO PECAS LT; RODOVIARIO;1504171;04/05/2026;1;340828;04/05/2026;GREEN CITY VEICULOS LTDA;2,10E+13;TERESINA;PI;04/05/2026;21/05/2026;18/05/2026;Entregue No Prazo;;Entrega realizada;Entrega Finalizada;21;5;4;5;TERMACO;17002;;;
MOBIS BRASIL FABRICACAO DE AUTO PECAS LT;RODOVIARIO;1505117;06/05/2026;2;341016;06/05/2026;PRIVILLEGE DISTRIBUIDORA DE VEICULOS LTD;1,72E+13;PALMAS;TO;06/05/2026;15/05/2026;18/05/2026;Entregue Fora do Prazo;;Entrega realizada;Entrega Finalizada;15;5;6;5;CARVALIMA;27003;;;
MOBIS BRASIL FABRICACAO DE AUTO PECAS LT;RODOVIARIO;1505041;06/05/2026;2;341052;06/05/2026;PATEO COMERCIO DE VEICULOS S A;7,78E+12;SAO LUIS;MA;06/05/2026;21/05/2026;18/05/2026;Entregue No Prazo;;Entrega realizada;Entrega Finalizada;21;5;6;5;TERMACO;10002;;;
MOBIS BRASIL FABRICACAO DE AUTO PECAS LT;RODOVIARIO;1505064;06/05/2026;15;341054;06/05/2026;PATEO COMERCIO DE VEICULOS S A;7,78E+12;RECIFE;PE;06/05/2026;21/05/2026;18/05/2026;Entregue No Prazo;;Entrega realizada;Entrega Finalizada;21;5;6;5;TERMACO;16004;;;
MOBIS BRASIL FABRICACAO DE AUTO PECAS LT;RODOVIARIO;1505080;06/05/2026;4;341049;06/05/2026;ORIENTE AUTOMOVEIS LTDA;1,33E+13;PARNAMIRIM;RN;06/05/2026;22/05/2026;18/05/2026;Entregue No Prazo;;Entrega realizada;Entrega Finalizada;22;5;6;5;TERMACO;20001;;;
MOBIS BRASIL FABRICACAO DE AUTO PECAS LT;RODOVIARIO;1506010;07/05/2026;2;341261;07/05/2026;PRIVILLEGE DISTRIBUIDORA DE VEICULOS LTD;1,72E+13;PALMAS;TO;07/05/2026;18/05/2026;18/05/2026;Entregue No Prazo;;Entrega realizada;Entrega Finalizada;18;5;7;5;RIO VERMELHO;27003;;;
MOBIS BRASIL FABRICACAO DE AUTO PECAS LT;RODOVIARIO;1505940;07/05/2026;1;341298;07/05/2026;UNIQUE COMERCIO DE AUTOMOVEIS LTDA;1,74E+13;ANANINDEUA;PA;07/05/2026;20/05/2026;18/05/2026;Entregue No Prazo;;Entrega realizada;Entrega Finalizada;20;5;7;5;CARVALIMA;14003;;;
MOBIS BRASIL FABRICACAO DE AUTO PECAS LT;RODOVIARIO;1505928;07/05/2026;1;341289;07/05/2026;PATEO COMERCIO DE VEICULOS S A;7,78E+12;SAO LUIS;MA;07/05/2026;22/05/2026;18/05/2026;Entregue No Prazo;;Entrega realizada;Entrega Finalizada;22;5;7;5;TERMACO;10002;;;
MOBIS BRASIL FABRICACAO DE AUTO PECAS LT;RODOVIARIO;1506735;08/05/2026;5;341520;08/05/2026;AIKON VEICULOS LTDA;1,17E+13;VITORIA DA CONQUISTA;BA;08/05/2026;25/05/2026;18/05/2026;Entregue No Prazo;;Entrega realizada;Entrega Finalizada;25;5;8;5;TERMACO;5002;;;
MOBIS BRASIL FABRICACAO DE AUTO PECAS LT;RODOVIARIO;1506752;08/05/2026;1;341489;08/05/2026;URCA MOTORS VEICULOS LTDA;8,77E+12;RIO VERDE;GO;08/05/2026;20/05/2026;18/05/2026;Entregue No Prazo;;Entrega realizada;Entrega Finalizada;20;5;8;5;RIO VERMELHO;9014;;;
MOBIS BRASIL FABRICACAO DE AUTO PECAS LT;RODOVIARIO;1506766;08/05/2026;13;341551;08/05/2026;UNIQUE COMERCIO DE AUTOMOVEIS LTDA;1,74E+13;ANANINDEUA;PA;08/05/2026;21/05/2026;18/05/2026;Entregue No Prazo;;Entrega realizada;Entrega Finalizada;21;5;8;5;CARVALIMA;14003;;;
MOBIS BRASIL FABRICACAO DE AUTO PECAS LT;RODOVIARIO;1506767;08/05/2026;1;341537;08/05/2026;NACIONAL NOVA MARABA DIST DE VEIC. LTDA;1,70E+13;MARABA;PA;08/05/2026;22/05/2026;18/05/2026;Entregue No Prazo;;Entrega realizada;Entrega Finalizada;22;5;8;5;CARVALIMA;14005;;;
MOBIS BRASIL FABRICACAO DE AUTO PECAS LT;RODOVIARIO;1507445;11/05/2026;4;341771;11/05/2026;SAINT LAND COMERCIO DE VEICULOS LTDA;1,04E+13;ARACAJU;SE;11/05/2026;22/05/2026;18/05/2026;Entregue No Prazo;;Entrega realizada;Entrega Finalizada;22;5;11;5;TERMACO;6010;;;
MOBIS BRASIL FABRICACAO DE AUTO PECAS LT;RODOVIARIO;1507376;11/05/2026;1;341757;11/05/2026;MASTER COMERCIAL DE VEICULOS LTDA;2,85E+13;BARREIRAS;BA;11/05/2026;26/05/2026;18/05/2026;Entregue No Prazo;;Entrega realizada;Entrega Finalizada;26;5;11;5;TERMACO;5012;;;
MOBIS BRASIL FABRICACAO DE AUTO PECAS LT;RODOVIARIO;1507434;11/05/2026;1;341789;11/05/2026;GALA COMERCIO DE VEICULOS LTDA.;1,77E+13;PELOTAS;RS;11/05/2026;18/05/2026;18/05/2026;Entregue No Prazo;;Entrega realizada;Entrega Finalizada;18;5;11;5;TRANSTRY;23009;;;
MOBIS BRASIL FABRICACAO DE AUTO PECAS LT;RODOVIARIO;1507438;11/05/2026;8;341779;11/05/2026;ATUAL VEICULOS LTDA;1,33E+13;TUBARAO;SC;11/05/2026;18/05/2026;18/05/2026;Entregue No Prazo;;Entrega realizada;Entrega Finalizada;18;5;11;5;TRANSTRY;24001;;;
MOBIS BRASIL FABRICACAO DE AUTO PECAS LT;RODOVIARIO;1507406;11/05/2026;1;341759;11/05/2026;NACIONAL NOVA MARABA DIST DE VEIC. LTDA;1,70E+13;MARABA;PA;11/05/2026;25/05/2026;18/05/2026;Entregue No Prazo;;Entrega realizada;Entrega Finalizada;25;5;11;5;CARVALIMA;14005;;;
MOBIS BRASIL FABRICACAO DE AUTO PECAS LT;RODOVIARIO;1508132;12/05/2026;1;341976;12/05/2026;GAMBATTO H1 VEICULOS LTDA;1,94E+13;CHAPECO;SC;12/05/2026;19/05/2026;18/05/2026;Entregue No Prazo;;Entrega realizada;Entrega Finalizada;19;5;12;5;TRANSTRY;24018;;;
MOBIS BRASIL FABRICACAO DE AUTO PECAS LT;RODOVIARIO;1508124;12/05/2026;4;341975;12/05/2026;GALA COMERCIO DE VEICULOS LTDA.;1,77E+13;PELOTAS;RS;12/05/2026;19/05/2026;18/05/2026;Entregue No Prazo;;Entrega realizada;Entrega Finalizada;19;5;12;5;TRANSTRY;23009;;;
MOBIS BRASIL FABRICACAO DE AUTO PECAS LT;RODOVIARIO;1508133;12/05/2026;3;341973;12/05/2026;CHINHAN AUTOMOVEIS LTDA;2,41E+13;CONCORDIA;SC;12/05/2026;20/05/2026;18/05/2026;Entregue No Prazo;;Entrega realizada;Entrega Finalizada;20;5;12;5;TRANSTRY;23019;;;
MOBIS BRASIL FABRICACAO DE AUTO PECAS LT;RODOVIARIO;1508128;12/05/2026;15;341968;12/05/2026;ATUAL VEICULOS LTDA;1,33E+13;TUBARAO;SC;12/05/2026;19/05/2026;18/05/2026;Entregue No Prazo;;Entrega realizada;Entrega Finalizada;19;5;12;5;TRANSTRY;24001;;;
MOBIS BRASIL FABRICACAO DE AUTO PECAS LT;RODOVIARIO;1508069;12/05/2026;9;341959;12/05/2026;SMAFF IMPORT VEICULOS LTDA;8,18E+12;BRASILIA;DF;12/05/2026;20/05/2026;18/05/2026;Entregue No Prazo;;Entrega realizada;Entrega Finalizada;20;5;12;5;RIO VERMELHO;7002;;;
MOBIS BRASIL FABRICACAO DE AUTO PECAS LT;RODOVIARIO;1508070;12/05/2026;20;341955;12/05/2026;SAGA KOREA COM. DE VEIC. E PC. LTDA;1,27E+13;BRASILIA;DF;12/05/2026;20/05/2026;18/05/2026;Entregue No Prazo;;Entrega realizada;Entrega Finalizada;20;5;12;5;RIO VERMELHO;7005;;;
MOBIS BRASIL FABRICACAO DE AUTO PECAS LT;RODOVIARIO;1508074;12/05/2026;3;341951;12/05/2026;NISA COMERCIAL DE VEIC. AUTOMOTORES LTDA;1,03E+13;APARECIDA DE GOIANIA;GO;12/05/2026;20/05/2026;18/05/2026;Entregue No Prazo;;Entrega realizada;Entrega Finalizada;20;5;12;5;RIO VERMELHO;9002;;;
MOBIS BRASIL FABRICACAO DE AUTO PECAS LT;RODOVIARIO;1508075;12/05/2026;1;341956;12/05/2026;SAGA KOREA COM. DE VEIC. E PC. LTDA;1,27E+13;GOIANIA;GO;12/05/2026;20/05/2026;18/05/2026;Entregue No Prazo;;Entrega realizada;Entrega Finalizada;20;5;12;5;RIO VERMELHO;9009;;;
MOBIS BRASIL FABRICACAO DE AUTO PECAS LT;RODOVIARIO;1508091;12/05/2026;2;341997;12/05/2026;GOLDEN MOTORS VEICULOS LTDA;3,62E+12;DOURADOS;MS;12/05/2026;20/05/2026;18/05/2026;Entregue No Prazo;;Entrega realizada;Entrega Finalizada;20;5;12;5;CARVALIMA;12001;;;
MOBIS BRASIL FABRICACAO DE AUTO PECAS LT;RODOVIARIO;1508092;12/05/2026;1;341997;12/05/2026;GOLDEN MOTORS VEICULOS LTDA;3,62E+12;DOURADOS;MS;12/05/2026;20/05/2026;18/05/2026;Entregue No Prazo;;Entrega realizada;Entrega Finalizada;20;5;12;5;CARVALIMA;12001;;;
MOBIS BRASIL FABRICACAO DE AUTO PECAS LT;RODOVIARIO;1508167;12/05/2026;2;341954;12/05/2026;PRIVILLEGE DISTRIBUIDORA DE VEICULOS LTD;1,72E+13;PALMAS;TO;12/05/2026;21/05/2026;18/05/2026;Entregue No Prazo;;Entrega realizada;Entrega Finalizada;21;5;12;5;RIO VERMELHO;27003;;;
MOBIS BRASIL FABRICACAO DE AUTO PECAS LT;RODOVIARIO;1508565;12/05/2026;7;342013;12/05/2026;SAGA SEUL COMERCIO DE VEICULOS, PECAS E;2,23E+13;CUIABA;MT;12/05/2026;21/05/2026;18/05/2026;Entregue No Prazo;;Entrega realizada;Entrega Finalizada;21;5;12;5;CARVALIMA;13005;;;
MOBIS BRASIL FABRICACAO DE AUTO PECAS LT;RODOVIARIO;1508079;12/05/2026;2;341964;12/05/2026;URCA MOTORS VEICULOS LTDA;8,77E+12;RIO VERDE;GO;12/05/2026;22/05/2026;18/05/2026;Entregue No Prazo;;Entrega realizada;Entrega Finalizada;22;5;12;5;RIO VERMELHO;9014;;;
MOBIS BRASIL FABRICACAO DE AUTO PECAS LT;RODOVIARIO;1508078;12/05/2026;7;341958;12/05/2026;SAGA KOREA COM. DE VEIC. E PC. LTDA;1,27E+13;ANAPOLIS;GO;12/05/2026;25/05/2026;18/05/2026;Entregue No Prazo;;Entrega realizada;Entrega Finalizada;25;5;12;5;RIO VERMELHO;9012;;;
MOBIS BRASIL FABRICACAO DE AUTO PECAS LT;RODOVIARIO;1508928;13/05/2026;4;342212;13/05/2026;LOVAT VEICULOS S/A;8,57E+12;LONDRINA;PR;13/05/2026;19/05/2026;18/05/2026;Entregue No Prazo;;Entrega realizada;Entrega Finalizada;19;5;13;5;TRANSTRY;18008;;;
MOBIS BRASIL FABRICACAO DE AUTO PECAS LT;RODOVIARIO;1508931;13/05/2026;2;342216;13/05/2026;ZENDAI VEICULOS LTDA;1,97E+13;TOLEDO;PR;13/05/2026;20/05/2026;18/05/2026;Entregue No Prazo;;Entrega realizada;Entrega Finalizada;20;5;13;5;TRANSTRY;18016;;;
MOBIS BRASIL FABRICACAO DE AUTO PECAS LT;RODOVIARIO;1508947;13/05/2026;2;342211;13/05/2026;HOUSE PARTS-COM. DE PCS. E VEICULOS LTDA;1,15E+13;PORTO ALEGRE;RS;13/05/2026;19/05/2026;18/05/2026;Entregue No Prazo;;Entrega realizada;Entrega Finalizada;19;5;13;5;TRANSTRY;23004;;;
MOBIS BRASIL FABRICACAO DE AUTO PECAS LT;RODOVIARIO;1508956;13/05/2026;3;342208;13/05/2026;GAMBATTO H1 VEICULOS LTDA;1,94E+13;CHAPECO;SC;13/05/2026;20/05/2026;18/05/2026;Entregue No Prazo;;Entrega realizada;Entrega Finalizada;20;5;13;5;TRANSTRY;24018;;;
MOBIS BRASIL FABRICACAO DE AUTO PECAS LT;RODOVIARIO;1508951;13/05/2026;5;342198;13/05/2026;ATUAL VEICULOS LTDA;1,33E+13;ARARANGUA;SC;13/05/2026;20/05/2026;18/05/2026;Entregue No Prazo;;Entrega realizada;Entrega Finalizada;20;5;13;5;TRANSTRY;24001;;;
MOBIS BRASIL FABRICACAO DE AUTO PECAS LT;RODOVIARIO;1508953;13/05/2026;6;342214;13/05/2026;LR COMERCIO DE VEICULOS LTDA;1,05E+13;SAO JOSE;SC;13/05/2026;20/05/2026;18/05/2026;Entregue No Prazo;;Entrega realizada;Entrega Finalizada;20;5;13;5;TRANSTRY;24007;;;
MOBIS BRASIL FABRICACAO DE AUTO PECAS LT;RODOVIARIO;1508963;13/05/2026;2;342165;13/05/2026;GRAND SPORT COM. DE VEIC. E PECAS LTDA;8,58E+12;GUARULHOS;SP;13/05/2026;15/05/2026;18/05/2026;Entregue Fora do Prazo;;Entrega realizada;Entrega Finalizada;15;5;13;5;MVT;26005;;;
MOBIS BRASIL FABRICACAO DE AUTO PECAS LT;RODOVIARIO;1508965;13/05/2026;6;342160;13/05/2026;ANDRETA II DISTRIBUIDORA DE VEIC. LTDA;9,10E+12;CAMPINAS;SP;13/05/2026;18/05/2026;18/05/2026;Entregue No Prazo;;Entrega realizada;Entrega Finalizada;18;5;13;5;MVT;26011;;;
MOBIS BRASIL FABRICACAO DE AUTO PECAS LT;RODOVIARIO;1508968;13/05/2026;9;342158;13/05/2026;ANDRETA II DISTRIB.DE VEICULOS LTDA.;9,10E+12;JUNDIAI;SP;13/05/2026;18/05/2026;18/05/2026;Entregue No Prazo;;Entrega realizada;Entrega Finalizada;18;5;13;5;MVT;26040;;;
MOBIS BRASIL FABRICACAO DE AUTO PECAS LT;RODOVIARIO;1508969;13/05/2026;1;342159;13/05/2026;ANDRETA II DISTRIBUIDORA DE VEIC. LTDA;9,10E+12;AMERICANA;SP;13/05/2026;18/05/2026;18/05/2026;Entregue No Prazo;;Entrega realizada;Entrega Finalizada;18;5;13;5;MVT;26011;;;
MOBIS BRASIL FABRICACAO DE AUTO PECAS LT;RODOVIARIO;1508985;13/05/2026;1;342167;13/05/2026;H - CAMINHO AUTOMOVEIS LTDA;2,53E+13;CATANDUVA;SP;13/05/2026;19/05/2026;18/05/2026;Entregue No Prazo;;Entrega realizada;Entrega Finalizada;19;5;13;5;MVT;26092;;;
MOBIS BRASIL FABRICACAO DE AUTO PECAS LT;RODOVIARIO;1508898;13/05/2026;4;342247;13/05/2026;PRIME VILA VELHA VEICULOS LTDA.;2,14E+13;VILA VELHA;ES;13/05/2026;20/05/2026;18/05/2026;Entregue No Prazo;;Entrega realizada;Entrega Finalizada;20;5;13;5;CAMILO;8005;;;
MOBIS BRASIL FABRICACAO DE AUTO PECAS LT;RODOVIARIO;1508941;13/05/2026;4;342235;13/05/2026;MONTREAL VEICULOS E PECAS LTDA;1,68E+13;SAO PEDRO DA ALDEIA;RJ;13/05/2026;20/05/2026;18/05/2026;Entregue No Prazo;;Entrega realizada;Entrega Finalizada;20;5;13;5;CAMILO;19030;;;
MOBIS BRASIL FABRICACAO DE AUTO PECAS LT;RODOVIARIO;1508892;13/05/2026;2;342192;13/05/2026;SMAFF IMPORT VEICULOS LTDA;8,18E+12;BRASILIA;DF;13/05/2026;21/05/2026;18/05/2026;Entregue No Prazo;;Entrega realizada;Entrega Finalizada;21;5;13;5;RIO VERMELHO;7002;;;
MOBIS BRASIL FABRICACAO DE AUTO PECAS LT;RODOVIARIO;1508893;13/05/2026;11;342189;13/05/2026;SAGA KOREA COM. DE VEIC. E PC. LTDA;1,27E+13;BRASILIA;DF;13/05/2026;21/05/2026;18/05/2026;Entregue No Prazo;;Entrega realizada;Entrega Finalizada;21;5;13;5;RIO VERMELHO;7005;;;
MOBIS BRASIL FABRICACAO DE AUTO PECAS LT;RODOVIARIO;1508918;13/05/2026;1;342225;13/05/2026;COMETA MATO GROSSO COM. DE VEICULOS LTDA;1,54E+13;RONDONOPOLIS;MT;13/05/2026;25/05/2026;18/05/2026;Entregue No Prazo;;Entrega realizada;Entrega Finalizada;25;5;13;5;CARVALIMA;13006;;;
MOBIS BRASIL FABRICACAO DE AUTO PECAS LT;RODOVIARIO;1509743;14/05/2026;9;342382;14/05/2026;BARI VEICULOS LTDA;7,46E+12;PONTA GROSSA;PR;14/05/2026;20/05/2026;18/05/2026;Entregue No Prazo;;Entrega realizada;Entrega Finalizada;20;5;14;5;TRANSTRY;18024;;;
MOBIS BRASIL FABRICACAO DE AUTO PECAS LT;RODOVIARIO;1509778;14/05/2026;1;342356;14/05/2026;BILLY DISTRIBUIDORA DE VEICULOS LTDA;1,34E+13;DIADEMA;SP;14/05/2026;18/05/2026;18/05/2026;Entregue No Prazo;;Entrega realizada;Entrega Finalizada;18;5;14;5;XD DIADEMA;26003;;;
MOBIS BRASIL FABRICACAO DE AUTO PECAS LT;RODOVIARIO;1509783;14/05/2026;1;342348;14/05/2026;CAOA MOTOR DO BRASIL LTDA;1,68E+13;SANTO ANDRE;SP;14/05/2026;18/05/2026;18/05/2026;Entregue No Prazo;;Entrega realizada;Entrega Finalizada;18;5;14;5;MVT;5008;;;
MOBIS BRASIL FABRICACAO DE AUTO PECAS LT;RODOVIARIO;1509776;14/05/2026;1;342345;14/05/2026;ANDRETA II DISTRIB.DE VEICULOS LTDA.;9,10E+12;JUNDIAI;SP;14/05/2026;19/05/2026;18/05/2026;Entregue No Prazo;;Entrega realizada;Entrega Finalizada;19;5;14;5;MVT;26040;;;
MOBIS BRASIL FABRICACAO DE AUTO PECAS LT;RODOVIARIO;1509785;14/05/2026;2;342347;14/05/2026;CAOA MOTOR DO BRASIL LTDA;1,68E+13;SAO CARLOS;SP;14/05/2026;19/05/2026;18/05/2026;Entregue No Prazo;;Entrega realizada;Entrega Finalizada;19;5;14;5;MVT;5008;;;
MOBIS BRASIL FABRICACAO DE AUTO PECAS LT;RODOVIARIO;1509739;14/05/2026;4;342391;14/05/2026;LOVAT VEICULOS S/A;8,57E+12;LONDRINA;PR;14/05/2026;20/05/2026;18/05/2026;Entregue No Prazo;;Entrega realizada;Entrega Finalizada;20;5;14;5;TRANSTRY;18008;;;
MOBIS BRASIL FABRICACAO DE AUTO PECAS LT;RODOVIARIO;1509740;14/05/2026;1;342396;14/05/2026;ZENDAI VEICULOS LTDA;1,97E+13;TOLEDO;PR;14/05/2026;21/05/2026;18/05/2026;Entregue No Prazo;;Entrega realizada;Entrega Finalizada;21;5;14;5;TRANSTRY;18016;;;
MOBIS BRASIL FABRICACAO DE AUTO PECAS LT;RODOVIARIO;1509747;14/05/2026;1;342413;14/05/2026;ITAVEMA MOTORS VEICULOS LTDA;7,73E+12;DUQUE DE CAXIAS;RJ;14/05/2026;20/05/2026;18/05/2026;Entregue No Prazo;;Entrega realizada;Entrega Finalizada;20;5;14;5;CAMILO;19001;;;
MOBIS BRASIL FABRICACAO DE AUTO PECAS LT;RODOVIARIO;1509753;14/05/2026;1;342402;14/05/2026;CAOA MOTOR DO BRASIL LTDA;1,68E+13;RIO DE JANEIRO;RJ;14/05/2026;20/05/2026;18/05/2026;Entregue No Prazo;;Entrega realizada;Entrega Finalizada;20;5;14;5;CAMILO;5008;;;
MOBIS BRASIL FABRICACAO DE AUTO PECAS LT;RODOVIARIO;1509757;14/05/2026;4;342390;14/05/2026;HOUSE PARTS-COM. DE PCS. E VEICULOS LTDA;1,15E+13;PORTO ALEGRE;RS;14/05/2026;20/05/2026;18/05/2026;Entregue No Prazo;;Entrega realizada;Entrega Finalizada;20;5;14;5;TRANSTRY;23004;;;
MOBIS BRASIL FABRICACAO DE AUTO PECAS LT;RODOVIARIO;1509763;14/05/2026;1;342383;14/05/2026;BARI VEICULOS LTDA.;7,46E+12;JOINVILLE;SC;14/05/2026;20/05/2026;18/05/2026;Entregue No Prazo;;Entrega realizada;Entrega Finalizada;20;5;14;5;TRANSTRY;24013;;;
MOBIS BRASIL FABRICACAO DE AUTO PECAS LT;RODOVIARIO;1509764;14/05/2026;2;342383;14/05/2026;BARI VEICULOS LTDA.;7,46E+12;JOINVILLE;SC;14/05/2026;20/05/2026;18/05/2026;Entregue No Prazo;;Entrega realizada;Entrega Finalizada;20;5;14;5;TRANSTRY;24013;;;
MOBIS BRASIL FABRICACAO DE AUTO PECAS LT;RODOVIARIO;1509767;14/05/2026;2;342352;14/05/2026;HYMAX DISTRIBUIDORA DE VEICULOS LTDA;1,73E+13;MOGI GUACU;SP;14/05/2026;20/05/2026;18/05/2026;Entregue No Prazo;Avaria;Entrega realizada;Entrega Finalizada;20;5;14;5;MVT;26002;;;
MOBIS BRASIL FABRICACAO DE AUTO PECAS LT;RODOVIARIO;1509768;14/05/2026;1;342352;14/05/2026;HYMAX DISTRIBUIDORA DE VEICULOS LTDA;1,73E+13;MOGI GUACU;SP;14/05/2026;20/05/2026;18/05/2026;Entregue No Prazo;;Entrega realizada;Entrega Finalizada;20;5;14;5;MVT;26002;;;
MOBIS BRASIL FABRICACAO DE AUTO PECAS LT;RODOVIARIO;1509752;14/05/2026;3;342431;14/05/2026;VIA VR VEICULOS LTDA;1,73E+13;PETROPOLIS;RJ;14/05/2026;21/05/2026;18/05/2026;Entregue No Prazo;;Entrega realizada;Entrega Finalizada;21;5;14;5;CAMILO;19016;;;
MOBIS BRASIL FABRICACAO DE AUTO PECAS LT;RODOVIARIO;1509765;14/05/2026;2;342385;14/05/2026;CHINHAN AUTOMOVEIS LTDA;2,41E+13;CONCORDIA;SC;14/05/2026;22/05/2026;18/05/2026;Entregue No Prazo;;Entrega realizada;Entrega Finalizada;22;5;14;5;TRANSTRY;23019;;;
MOBIS BRASIL FABRICACAO DE AUTO PECAS LT;RODOVIARIO;1509726;14/05/2026;5;342404;14/05/2026;COMETA MATO GROSSO COM. DE VEICULOS LTDA;1,54E+13;RONDONOPOLIS;MT;14/05/2026;26/05/2026;18/05/2026;Entregue No Prazo;;Entrega realizada;Entrega Finalizada;26;5;14;5;CARVALIMA;13006;;;
MOBIS BRASIL FABRICACAO DE AUTO PECAS LT;RODOVIARIO;1510493;15/05/2026;1;342639;15/05/2026;GRAND SPORT COM. DE VEIC. E PECAS LTDA;8,58E+12;SAO PAULO;SP;15/05/2026;19/05/2026;18/05/2026;Entregue No Prazo;;Entrega realizada;Entrega Finalizada;19;5;15;5;XD DIADEMA;26034;;;
MOBIS BRASIL FABRICACAO DE AUTO PECAS LT;RODOVIARIO;1510499;15/05/2026;3;342634;15/05/2026;CAOA MOTOR DO BRASIL LTDA (VL PRUDENTE);1,68E+13;SAO PAULO;SP;15/05/2026;19/05/2026;18/05/2026;Entregue No Prazo;;Entrega realizada;Entrega Finalizada;19;5;15;5;XD DIADEMA;26051;;;
MOBIS BRASIL FABRICACAO DE AUTO PECAS LT;RODOVIARIO;1510502;15/05/2026;2;342633;15/05/2026;CAOA MOTOR DO BRASIL LTDA (IPIRANGA);1,68E+13;SAO PAULO;SP;15/05/2026;19/05/2026;18/05/2026;Entregue No Prazo;;Entrega realizada;Entrega Finalizada;19;5;15;5;XD DIADEMA;26054;;;
MOBIS BRASIL FABRICACAO DE AUTO PECAS LT;RODOVIARIO;1510503;15/05/2026;1;342632;15/05/2026;CAOA MOTOR DO BRASIL LTDA;1,68E+13;SAO BERNARDO DO CAMPO;SP;15/05/2026;19/05/2026;18/05/2026;Entregue No Prazo;;Entrega realizada;Entrega Finalizada;19;5;15;5;XD DIADEMA;5008;;;
MOBIS BRASIL FABRICACAO DE AUTO PECAS LT;RODOVIARIO;1510509;15/05/2026;3;342644;15/05/2026;NOBRE SP DISTRIB. DE VEIC. E PEC. LTDA;1,70E+13;SAO PAULO;SP;15/05/2026;19/05/2026;18/05/2026;Entregue No Prazo;;Entrega realizada;Entrega Finalizada;19;5;15;5;XD DIADEMA;26081;;;
MOBIS BRASIL FABRICACAO DE AUTO PECAS LT;RODOVIARIO;1510518;15/05/2026;1;342643;15/05/2026;NOBRE DISTRIBUIDORA DE VEIC. E PEC. LTDA;5,76E+12;SUZANO;SP;15/05/2026;19/05/2026;18/05/2026;Entregue No Prazo;;Entrega realizada;Entrega Finalizada;19;5;15;5;XD DIADEMA;26103;;;
MOBIS BRASIL FABRICACAO DE AUTO PECAS LT;RODOVIARIO;1510487;15/05/2026;1;342621;15/05/2026;DHC COMERCIO DE VEICULOS E PECAS LTDA;9,52E+12;BAURU;SP;15/05/2026;20/05/2026;18/05/2026;Entregue No Prazo;;Entrega realizada;Entrega Finalizada;20;5;15;5;MVT;26010;;;
MOBIS BRASIL FABRICACAO DE AUTO PECAS LT;RODOVIARIO;1510488;15/05/2026;11;342621;15/05/2026;DHC COMERCIO DE VEICULOS E PECAS LTDA;9,52E+12;BAURU;SP;15/05/2026;20/05/2026;18/05/2026;Entregue No Prazo;;Entrega realizada;Entrega Finalizada;20;5;15;5;MVT;26010;;;
MOBIS BRASIL FABRICACAO DE AUTO PECAS LT;RODOVIARIO;1510490;15/05/2026;10;342640;15/05/2026;MOTONET COMERCIO DE VEICULOS LTDA;9,28E+12;SOROCABA;SP;15/05/2026;20/05/2026;18/05/2026;Entregue No Prazo;;Entrega realizada;Entrega Finalizada;20;5;15;5;XD DIADEMA;26113;;;
MOBIS BRASIL FABRICACAO DE AUTO PECAS LT;RODOVIARIO;1510491;15/05/2026;3;342628;15/05/2026;NEW VEICULOS E PECAS LTDA;1,59E+13;RIBEIRAO PRETO;SP;15/05/2026;20/05/2026;18/05/2026;Entregue No Prazo;Avaria;Entrega realizada;Entrega Finalizada;20;5;15;5;MVT;26014;;;
MOBIS BRASIL FABRICACAO DE AUTO PECAS LT;RODOVIARIO;1510492;15/05/2026;15;342628;15/05/2026;NEW VEICULOS E PECAS LTDA;1,59E+13;RIBEIRAO PRETO;SP;15/05/2026;20/05/2026;18/05/2026;Entregue No Prazo;Avaria;Entrega realizada;Entrega Finalizada;20;5;15;5;MVT;26014;;;
MOBIS BRASIL FABRICACAO DE AUTO PECAS LT;RODOVIARIO;1510494;15/05/2026;10;342614;15/05/2026;ANDRETA II DISTRIB.DE VEICULOS LTDA.;9,10E+12;JUNDIAI;SP;15/05/2026;20/05/2026;18/05/2026;Entregue No Prazo;;Entrega realizada;Entrega Finalizada;20;5;15;5;MVT;26040;;;
MOBIS BRASIL FABRICACAO DE AUTO PECAS LT;RODOVIARIO;1510496;15/05/2026;3;342615;15/05/2026;ANDRETA II DISTRIBUIDORA DE VEIC. LTDA;9,10E+12;AMERICANA;SP;15/05/2026;20/05/2026;18/05/2026;Entregue No Prazo;;Entrega realizada;Entrega Finalizada;20;5;15;5;MVT;26011;;;
MOBIS BRASIL FABRICACAO DE AUTO PECAS LT;RODOVIARIO;1510513;15/05/2026;2;342624;15/05/2026;H - CAMINHO AUTOMOVEIS LTDA;2,53E+13;LIMEIRA;SP;15/05/2026;20/05/2026;18/05/2026;Entregue No Prazo;;Entrega realizada;Entrega Finalizada;20;5;15;5;MVT;26092;;;
MOBIS BRASIL FABRICACAO DE AUTO PECAS LT;RODOVIARIO;1510514;15/05/2026;6;342624;15/05/2026;H - CAMINHO AUTOMOVEIS LTDA;2,53E+13;LIMEIRA;SP;15/05/2026;20/05/2026;18/05/2026;Entregue No Prazo;;Entrega realizada;Entrega Finalizada;20;5;15;5;MVT;26092;;;
MOBIS BRASIL FABRICACAO DE AUTO PECAS LT;RODOVIARIO;1510431;15/05/2026;15;342657;15/05/2026;URCA MOTORS VEICULOS LTDA;8,77E+12;UBERLANDIA;MG;15/05/2026;21/05/2026;18/05/2026;Entregue No Prazo;;Entrega realizada;Entrega Finalizada;21;5;15;5;XD BETIM;9014;;;
MOBIS BRASIL FABRICACAO DE AUTO PECAS LT;RODOVIARIO;1510432;15/05/2026;2;342654;15/05/2026;TOKSU COMERCIO DE VEICULOS LTDA;1,12E+13;JUIZ DE FORA;MG;15/05/2026;21/05/2026;18/05/2026;Entregue No Prazo;;Entrega realizada;Entrega Finalizada;21;5;15;5;XD BETIM;11008;;;
MOBIS BRASIL FABRICACAO DE AUTO PECAS LT;RODOVIARIO;1510434;15/05/2026;3;342659;15/05/2026;URCA MOTORS VEICULOS LTDA;8,77E+12;UBERABA;MG;15/05/2026;21/05/2026;18/05/2026;Entregue No Prazo;;Entrega realizada;Entrega Finalizada;21;5;15;5;XD BETIM;9014;;;
MOBIS BRASIL FABRICACAO DE AUTO PECAS LT;RODOVIARIO;1510438;15/05/2026;2;342655;15/05/2026;URCA MOTORS VEICULOS LTDA;8,77E+12;PATOS DE MINAS;MG;15/05/2026;21/05/2026;18/05/2026;Entregue No Prazo;;Entrega realizada;Entrega Finalizada;21;5;15;5;XD BETIM;9014;;;
MOBIS BRASIL FABRICACAO DE AUTO PECAS LT;RODOVIARIO;1510485;15/05/2026;11;342627;15/05/2026;HYMAX DISTRIBUIDORA DE VEICULOS LTDA;1,73E+13;MOGI GUACU;SP;15/05/2026;21/05/2026;18/05/2026;Entregue No Prazo;;Entrega realizada;Entrega Finalizada;21;5;15;5;MVT;26002;;;
MOBIS BRASIL FABRICACAO DE AUTO PECAS LT;RODOVIARIO;1510511;15/05/2026;1;342625;15/05/2026;H - CAMINHO AUTOMOVEIS LTDA;2,53E+13;PIRACICABA;SP;15/05/2026;21/05/2026;18/05/2026;Entregue No Prazo;;Entrega realizada;Entrega Finalizada;21;5;15;5;MVT;26092;;;
MOBIS BRASIL FABRICACAO DE AUTO PECAS LT;RODOVIARIO;1510512;15/05/2026;9;342625;15/05/2026;H - CAMINHO AUTOMOVEIS LTDA;2,53E+13;PIRACICABA;SP;15/05/2026;21/05/2026;18/05/2026;Entregue No Prazo;;Entrega realizada;Entrega Finalizada;21;5;15;5;MVT;26092;;;
MOBIS BRASIL FABRICACAO DE AUTO PECAS LT;RODOVIARIO;1510519;15/05/2026;1;342629;15/05/2026;VIME SAO JOAO COM. DE VEIC. E PECAS LTDA;5,10E+13;SAO JOAO DA BOA VISTA;SP;15/05/2026;21/05/2026;18/05/2026;Entregue No Prazo;;Entrega realizada;Entrega Finalizada;21;5;15;5;MVT;26107;;;
MOBIS BRASIL FABRICACAO DE AUTO PECAS LT;RODOVIARIO;1510443;15/05/2026;2;342667;15/05/2026;COMETA MATO GROSSO COM. DE VEICULOS LTDA;1,54E+13;RONDONOPOLIS;MT;15/05/2026;27/05/2026;18/05/2026;Entregue No Prazo;;Entrega realizada;Entrega Finalizada;27;5;15;5;CARVALIMA;13006;;;
MOBIS BRASIL FABRICACAO DE AUTO PECAS LT;RODOVIARIO;1510510;15/05/2026;25;342849;18/05/2026;GRANDAY AUTOMOTORES LTDA (CHAC. CALIFOR);1,57E+13;SAO PAULO;SP;18/05/2026;20/05/2026;18/05/2026;Entregue No Prazo;;Entrega realizada;Entrega Finalizada;20;5;18;5;XD DIADEMA;26090;;;
MOBIS BRASIL FABRICACAO DE AUTO PECAS LT;RODOVIARIO;1510970;15/05/2026;56;342847;18/05/2026;BILLY DISTRIBUIDORA DE VEICULOS LTDA;1,34E+13;SAO CAETANO DO SUL;SP;18/05/2026;20/05/2026;18/05/2026;Entregue No Prazo;;Entrega realizada;Entrega Finalizada;20;5;18;5;XD DIADEMA;26003;;;
MOBIS BRASIL FABRICACAO DE AUTO PECAS LT;RODOVIARIO;1510489;15/05/2026;70;342846;18/05/2026;ANDRETA II DISTRIBUIDORA DE VEIC. LTDA;9,10E+12;CAMPINAS;SP;18/05/2026;21/05/2026;18/05/2026;Entregue No Prazo;;Entrega realizada;Entrega Finalizada;21;5;18;5;XD DIADEMA;26011;;;
MOBIS BRASIL FABRICACAO DE AUTO PECAS LT;RODOVIARIO;1510505;15/05/2026;3;342848;18/05/2026;CAOA MOTOR DO BRASIL LTDA;1,68E+13;CAMPINAS;SP;18/05/2026;21/05/2026;18/05/2026;Entregue No Prazo;;Entrega realizada;Entrega Finalizada;21;5;18;5;XD DIADEMA;5008;;;
MOBIS BRASIL FABRICACAO DE AUTO PECAS LT;RODOVIARIO;1487542;01/04/2026;5;335589;01/04/2026;POLE POSITION TECNOLOGIA LTDA;3,45E+13;MANAUS;AM;01/04/2026;27/04/2026;19/05/2026;Entregue Fora do Prazo;;Entrega realizada;Entrega Finalizada;27;4;1;4;NORTEX;3001;;;
MOBIS BRASIL FABRICACAO DE AUTO PECAS LT;RODOVIARIO;1488250;02/04/2026;2;335780;02/04/2026;POLE POSITION TECNOLOGIA LTDA;3,45E+13;MANAUS;AM;02/04/2026;28/04/2026;19/05/2026;Entregue Fora do Prazo;;Entrega realizada;Entrega Finalizada;28;4;2;4;NORTEX;3001;;;
MOBIS BRASIL FABRICACAO DE AUTO PECAS LT; RODOVIARIO;1504165;04/05/2026;2;340836;04/05/2026;MISO VEICULOS LTDA;1,85E+13;SANTAREM;PA;04/05/2026;19/05/2026;19/05/2026;Entregue No Prazo;;Entrega realizada;Entrega Finalizada;19;5;4;5;CARVALIMA;4001;;;
MOBIS BRASIL FABRICACAO DE AUTO PECAS LT; RODOVIARIO;1504222;04/05/2026;2;340767;04/05/2026;PRIVILLEGE DISTRIBUIDORA DE VEICULOS LTD;1,72E+13;ARAGUAINA;TO;04/05/2026;19/05/2026;19/05/2026;Entregue No Prazo;;Entrega realizada;Entrega Finalizada;19;5;4;5;RIO VERMELHO;27002;;;
MOBIS BRASIL FABRICACAO DE AUTO PECAS LT; RODOVIARIO;1504223;04/05/2026;3;340767;04/05/2026;PRIVILLEGE DISTRIBUIDORA DE VEICULOS LTD;1,72E+13;ARAGUAINA;TO;04/05/2026;19/05/2026;19/05/2026;Entregue No Prazo;;Entrega realizada;Entrega Finalizada;19;5;4;5;RIO VERMELHO;27002;;;
MOBIS BRASIL FABRICACAO DE AUTO PECAS LT;RODOVIARIO;1505026;06/05/2026;3;341046;06/05/2026;MASTER COMERCIAL DE VEICULOS LTDA;2,85E+13;JACOBINA;BA;06/05/2026;21/05/2026;19/05/2026;Entregue No Prazo;;Entrega realizada;Entrega Finalizada;21;5;6;5;TERMACO;5013;;;
MOBIS BRASIL FABRICACAO DE AUTO PECAS LT;RODOVIARIO;1505027;06/05/2026;3;341046;06/05/2026;MASTER COMERCIAL DE VEICULOS LTDA;2,85E+13;JACOBINA;BA;06/05/2026;21/05/2026;19/05/2026;Entregue No Prazo;;Entrega realizada;Entrega Finalizada;21;5;6;5;TERMACO;5013;;;
MOBIS BRASIL FABRICACAO DE AUTO PECAS LT;RODOVIARIO;1505116;06/05/2026;1;341017;06/05/2026;PRIVILLEGE DISTRIBUIDORA DE VEICULOS LTD;1,72E+13;ARAGUAINA;TO;06/05/2026;20/05/2026;19/05/2026;Entregue No Prazo;;Entrega realizada;Entrega Finalizada;20;5;6;5;CARVALIMA;27002;;;
MOBIS BRASIL FABRICACAO DE AUTO PECAS LT;RODOVIARIO;1505942;07/05/2026;5;341290;07/05/2026;PATEO COMERCIO DE VEICULOS S A;7,78E+12;JOAO PESSOA;PB;07/05/2026;22/05/2026;19/05/2026;Entregue No Prazo;;Entrega realizada;Entrega Finalizada;22;5;7;5;TERMACO;15003;;;
MOBIS BRASIL FABRICACAO DE AUTO PECAS LT;RODOVIARIO;1505944;07/05/2026;1;341272;07/05/2026;CAOA MOTOR DO BRASIL LTDA;1,68E+13;RECIFE;PE;07/05/2026;22/05/2026;19/05/2026;Entregue No Prazo;;Entrega realizada;Entrega Finalizada;22;5;7;5;TERMACO;5008;;;
MOBIS BRASIL FABRICACAO DE AUTO PECAS LT;RODOVIARIO;1506504;07/05/2026;1;341290;07/05/2026;PATEO COMERCIO DE VEICULOS S A;7,78E+12;JOAO PESSOA;PB;07/05/2026;22/05/2026;19/05/2026;Entregue No Prazo;;Entrega realizada;Entrega Finalizada;22;5;7;5;TERMACO;15003;;;
MOBIS BRASIL FABRICACAO DE AUTO PECAS LT;RODOVIARIO;1505943;07/05/2026;2;341282;07/05/2026;JPN PATOS COMERCIO DE VEICULOS LTDA;4,20E+13;PATOS;PB;07/05/2026;25/05/2026;19/05/2026;Entregue No Prazo;;Entrega realizada;Entrega Finalizada;25;5;7;5;TERMACO;15004;;;
MOBIS BRASIL FABRICACAO DE AUTO PECAS LT;RODOVIARIO;1506739;08/05/2026;1;341534;08/05/2026;MASTER COMERCIAL DE VEICULOS LTDA;2,85E+13;JACOBINA;BA;08/05/2026;25/05/2026;19/05/2026;Entregue No Prazo;;Entrega realizada;Entrega Finalizada;25;5;8;5;TERMACO;5013;;;
MOBIS BRASIL FABRICACAO DE AUTO PECAS LT;RODOVIARIO;1506769;08/05/2026;2;341539;08/05/2026;PATEO COMERCIO DE VEICULOS S A;7,78E+12;JOAO PESSOA;PB;08/05/2026;25/05/2026;19/05/2026;Entregue No Prazo;;Entrega realizada;Entrega Finalizada;25;5;8;5;TERMACO;15003;;;
MOBIS BRASIL FABRICACAO DE AUTO PECAS LT;RODOVIARIO;1506768;08/05/2026;1;341523;08/05/2026;CAOA MOTOR DO BRASIL LTDA;1,68E+13;CAMPINA GRANDE;PB;08/05/2026;26/05/2026;19/05/2026;Entregue No Prazo;;Entrega realizada;Entrega Finalizada;26;5;8;5;TERMACO;5008;;;
MOBIS BRASIL FABRICACAO DE AUTO PECAS LT;RODOVIARIO;1506770;08/05/2026;8;341532;08/05/2026;JPN PATOS COMERCIO DE VEICULOS LTDA;4,20E+13;PATOS;PB;08/05/2026;26/05/2026;19/05/2026;Entregue No Prazo;;Entrega realizada;Entrega Finalizada;26;5;8;5;TERMACO;15004;;;
MOBIS BRASIL FABRICACAO DE AUTO PECAS LT;RODOVIARIO;1506755;08/05/2026;6;341488;08/05/2026;TRIAUTO KOREA AUTOMOVEIS LTDA;4,99E+13;CATALAO;GO;08/05/2026;22/05/2026;19/05/2026;Entregue No Prazo;;Entrega realizada;Entrega Finalizada;22;5;8;5;RIO VERMELHO;9018;;;
MOBIS BRASIL FABRICACAO DE AUTO PECAS LT;RODOVIARIO;1506796;08/05/2026;4;341495;08/05/2026;ATUAL VEICULOS LTDA;1,33E+13;CRICIUMA;SC;08/05/2026;15/05/2026;19/05/2026;Entregue Fora do Prazo;;Entrega realizada;Entrega Finalizada;15;5;8;5;TRANSTRY;24001;;;
MOBIS BRASIL FABRICACAO DE AUTO PECAS LT;RODOVIARIO;1507369;11/05/2026;1;341747;11/05/2026;CYCOSA AUTOMOVEIS LTDA;4,76E+12;MACEIO;AL;11/05/2026;25/05/2026;19/05/2026;Entregue No Prazo;;Entrega realizada;Entrega Finalizada;25;5;11;5;TERMACO;2001;;;
MOBIS BRASIL FABRICACAO DE AUTO PECAS LT;RODOVIARIO;1507371;11/05/2026;4;341736;11/05/2026;AIKON VEICULOS LTDA;1,17E+13;VITORIA DA CONQUISTA;BA;11/05/2026;26/05/2026;19/05/2026;Entregue No Prazo;;Entrega realizada;Entrega Finalizada;26;5;11;5;TERMACO;5002;;;
MOBIS BRASIL FABRICACAO DE AUTO PECAS LT;RODOVIARIO;1507374;11/05/2026;4;341764;11/05/2026;PATEO COMERCIO DE VEICULOS S A;7,78E+12;FEIRA DE SANTANA;BA;11/05/2026;26/05/2026;19/05/2026;Entregue No Prazo;;Entrega realizada;Entrega Finalizada;26;5;11;5;TERMACO;5009;;;
MOBIS BRASIL FABRICACAO DE AUTO PECAS LT;RODOVIARIO;1507379;11/05/2026;1;341772;11/05/2026;SAINT LAND COMERCIO DE VEICULOS LTDA;1,04E+13;JUAZEIRO DO NORTE;CE;11/05/2026;27/05/2026;19/05/2026;Entregue No Prazo;;Entrega realizada;Entrega Finalizada;27;5;11;5;TERMACO;6010;;;
MOBIS BRASIL FABRICACAO DE AUTO PECAS LT;RODOVIARIO;1507389;11/05/2026;1;341760;11/05/2026;NACIONAL NOVA MARABA DIST DE VEIC. LTDA;1,70E+13;IMPERATRIZ;MA;11/05/2026;29/05/2026;19/05/2026;Entregue No Prazo;;Entrega realizada;Entrega Finalizada;29;5;11;5;TERMACO;10003;;;
MOBIS BRASIL FABRICACAO DE AUTO PECAS LT;RODOVIARIO;1507372;11/05/2026;14;341762;11/05/2026;PATEO COMERCIO DE VEICULOS S A;7,78E+12;SALVADOR;BA;11/05/2026;21/05/2026;19/05/2026;Entregue No Prazo;;Entrega realizada;Entrega Finalizada;21;5;11;5;TERMACO;5003;;;
MOBIS BRASIL FABRICACAO DE AUTO PECAS LT;RODOVIARIO;1507405;11/05/2026;3;341741;11/05/2026;CAOA MOTOR DO BRASIL LTDA;1,68E+13;BELEM;PA;11/05/2026;22/05/2026;19/05/2026;Entregue No Prazo;;Entrega realizada;Entrega Finalizada;22;5;11;5;CARVALIMA;5008;;;
MOBIS BRASIL FABRICACAO DE AUTO PECAS LT;RODOVIARIO;1507437;11/05/2026;5;341780;11/05/2026;ATUAL VEICULOS LTDA;1,33E+13;CRICIUMA;SC;11/05/2026;18/05/2026;19/05/2026;Entregue Fora do Prazo;;Entrega realizada;Entrega Finalizada;18;5;11;5;TRANSTRY;24001;;;
MOBIS BRASIL FABRICACAO DE AUTO PECAS LT;RODOVIARIO;1508127;12/05/2026;7;341967;12/05/2026;ATUAL VEICULOS LTDA;1,33E+13;CRICIUMA;SC;12/05/2026;19/05/2026;19/05/2026;Entregue No Prazo;;Entrega realizada;Entrega Finalizada;19;5;12;5;TRANSTRY;24001;;;
MOBIS BRASIL FABRICACAO DE AUTO PECAS LT;RODOVIARIO;1508152;12/05/2026;1;341945;12/05/2026;GOLDEN MOTORS VEICULOS LTDA;3,62E+12;ARACATUBA;SP;12/05/2026;18/05/2026;19/05/2026;Entregue Fora do Prazo;;Entrega realizada;Entrega Finalizada;18;5;12;5;RISSO;12001;;;
MOBIS BRASIL FABRICACAO DE AUTO PECAS LT;RODOVIARIO;1508076;12/05/2026;1;341957;12/05/2026;SAGA KOREA COM. DE VEIC. E PC. LTDA;1,27E+13;GOIANIA;GO;12/05/2026;20/05/2026;19/05/2026;Entregue No Prazo;;Entrega realizada;Entrega Finalizada;20;5;12;5;RIO VERMELHO;9011;;;
MOBIS BRASIL FABRICACAO DE AUTO PECAS LT;RODOVIARIO;1508077;12/05/2026;7;341957;12/05/2026;SAGA KOREA COM. DE VEIC. E PC. LTDA;1,27E+13;GOIANIA;GO;12/05/2026;20/05/2026;19/05/2026;Entregue No Prazo;;Entrega realizada;Entrega Finalizada;20;5;12;5;RIO VERMELHO;9011;;;
MOBIS BRASIL FABRICACAO DE AUTO PECAS LT;RODOVIARIO;1508096;12/05/2026;1;341992;12/05/2026;COMETA MATO GROSSO COM. DE VEICULOS LTDA;1,54E+13;TANGARA DA SERRA;MT;12/05/2026;21/05/2026;19/05/2026;Entregue No Prazo;;Entrega realizada;Entrega Finalizada;21;5;12;5;CARVALIMA;13007;;;
MOBIS BRASIL FABRICACAO DE AUTO PECAS LT;RODOVIARIO;1508057;12/05/2026;2;342008;12/05/2026;PATEO COMERCIO DE VEICULOS S A;7,78E+12;SALVADOR;BA;12/05/2026;22/05/2026;19/05/2026;Entregue No Prazo;;Entrega realizada;Entrega Finalizada;22;5;12;5;TERMACO;5003;;;
MOBIS BRASIL FABRICACAO DE AUTO PECAS LT;RODOVIARIO;1508058;12/05/2026;1;342008;12/05/2026;PATEO COMERCIO DE VEICULOS S A;7,78E+12;SALVADOR;BA;12/05/2026;22/05/2026;19/05/2026;Entregue No Prazo;;Entrega realizada;Entrega Finalizada;22;5;12;5;TERMACO;5003;;;
MOBIS BRASIL FABRICACAO DE AUTO PECAS LT;RODOVIARIO;1508166;12/05/2026;2;341953;12/05/2026;PRIVILLEGE DISTRIBUIDORA DE VEICULOS LTD;1,72E+13;ARAGUAINA;TO;12/05/2026;26/05/2026;19/05/2026;Entregue No Prazo;;Entrega realizada;Entrega Finalizada;26;5;12;5;RIO VERMELHO;27002;;;
MOBIS BRASIL FABRICACAO DE AUTO PECAS LT;RODOVIARIO;1508060;12/05/2026;2;342010;12/05/2026;PATEO COMERCIO DE VEICULOS S A;7,78E+12;FEIRA DE SANTANA;BA;12/05/2026;27/05/2026;19/05/2026;Entregue No Prazo;;Entrega realizada;Entrega Finalizada;27;5;12;5;TERMACO;5009;;;
MOBIS BRASIL FABRICACAO DE AUTO PECAS LT;RODOVIARIO;1508061;12/05/2026;1;342010;12/05/2026;PATEO COMERCIO DE VEICULOS S A;7,78E+12;FEIRA DE SANTANA;BA;12/05/2026;27/05/2026;19/05/2026;Entregue No Prazo;;Entrega realizada;Entrega Finalizada;27;5;12;5;TERMACO;5009;;;
MOBIS BRASIL FABRICACAO DE AUTO PECAS LT;RODOVIARIO;1508062;12/05/2026;1;341984;12/05/2026;AIKON VEICULOS LTDA;1,17E+13;ITABUNA;BA;12/05/2026;27/05/2026;19/05/2026;Entregue No Prazo;;Entrega realizada;Entrega Finalizada;27;5;12;5;TERMACO;5002;;;
MOBIS BRASIL FABRICACAO DE AUTO PECAS LT;RODOVIARIO;1508929;13/05/2026;1;342213;13/05/2026;LOVAT VEICULOS S/A;8,57E+12;MARINGA;PR;13/05/2026;19/05/2026;19/05/2026;Entregue No Prazo;;Entrega realizada;Entrega Finalizada;19;5;13;5;TRANSTRY;18008;;;
MOBIS BRASIL FABRICACAO DE AUTO PECAS LT;RODOVIARIO;1508950;13/05/2026;1;342210;13/05/2026;HOUSE PARTS COMERCIO DE PECAS E VEI;1,15E+13;CAXIAS DO SUL;RS;13/05/2026;20/05/2026;19/05/2026;Entregue No Prazo;;Entrega realizada;Entrega Finalizada;20;5;13;5;TRANSTRY;23023;;;
MOBIS BRASIL FABRICACAO DE AUTO PECAS LT;RODOVIARIO;1509436;13/05/2026;1;342207;13/05/2026;GAMBATTO H1 VEICULOS LTDA;1,94E+13;PASSO FUNDO;RS;13/05/2026;20/05/2026;19/05/2026;Entregue No Prazo;;Entrega realizada;Entrega Finalizada;20;5;13;5;TRANSTRY;23015;;;
MOBIS BRASIL FABRICACAO DE AUTO PECAS LT;RODOVIARIO;1508949;13/05/2026;1;342209;13/05/2026;HOUSE PARTS - COM. DE PECAS E VEIC. LTDA;1,15E+13;LAJEADO;RS;13/05/2026;21/05/2026;19/05/2026;Entregue No Prazo;;Entrega realizada;Entrega Finalizada;21;5;13;5;TRANSTRY;23018;;;
MOBIS BRASIL FABRICACAO DE AUTO PECAS LT;RODOVIARIO;1508957;13/05/2026;5;342205;13/05/2026;CHINHAN AUTOMOVEIS LTDA.;2,41E+13;CACADOR;SC;13/05/2026;22/05/2026;19/05/2026;Entregue No Prazo;;Entrega realizada;Entrega Finalizada;22;5;13;5;TRANSTRY;24020;;;
MOBIS BRASIL FABRICACAO DE AUTO PECAS LT;RODOVIARIO;1508894;13/05/2026;14;342255;13/05/2026;VIA BRASIL AUTOMOVEIS LTDA.;4,72E+12;SERRA;ES;13/05/2026;20/05/2026;19/05/2026;Entregue No Prazo;;Entrega realizada;Entrega Finalizada;20;5;13;5;CAMILO;8001;;;
MOBIS BRASIL FABRICACAO DE AUTO PECAS LT;RODOVIARIO;1508895;13/05/2026;17;342253;13/05/2026;TAI MOTORS VEICULOS S/A;9,27E+12;VITORIA;ES;13/05/2026;20/05/2026;19/05/2026;Entregue No Prazo;;Entrega realizada;Entrega Finalizada;20;5;13;5;CAMILO;8002;;;
MOBIS BRASIL FABRICACAO DE AUTO PECAS LT;RODOVIARIO;1508896;13/05/2026;2;342246;13/05/2026;PRIME CACHOEIRO VEICULOS LTDA EPP;9,34E+12;CACHOEIRO DE ITAPEMIRIM;ES;13/05/2026;21/05/2026;19/05/2026;Entregue No Prazo;;Entrega realizada;Entrega Finalizada;21;5;13;5;CAMILO;8003;;;
MOBIS BRASIL FABRICACAO DE AUTO PECAS LT;RODOVIARIO;1508897;13/05/2026;3;342246;13/05/2026;PRIME CACHOEIRO VEICULOS LTDA EPP;9,34E+12;CACHOEIRO DE ITAPEMIRIM;ES;13/05/2026;21/05/2026;19/05/2026;Entregue No Prazo;;Entrega realizada;Entrega Finalizada;21;5;13;5;CAMILO;8003;;;
MOBIS BRASIL FABRICACAO DE AUTO PECAS LT;RODOVIARIO;1508899;13/05/2026;1;342185;13/05/2026;NISA COMERCIAL DE VEIC. AUTOMOTORES LTDA;1,03E+13;APARECIDA DE GOIANIA;GO;13/05/2026;21/05/2026;19/05/2026;Entregue No Prazo;;Entrega realizada;Entrega Finalizada;21;5;13;5;RIO VERMELHO;9002;;;
MOBIS BRASIL FABRICACAO DE AUTO PECAS LT;RODOVIARIO;1508900;13/05/2026;10;342185;13/05/2026;NISA COMERCIAL DE VEIC. AUTOMOTORES LTDA;1,03E+13;APARECIDA DE GOIANIA;GO;13/05/2026;21/05/2026;19/05/2026;Entregue No Prazo;;Entrega realizada;Entrega Finalizada;21;5;13;5;RIO VERMELHO;9002;;;
MOBIS BRASIL FABRICACAO DE AUTO PECAS LT;RODOVIARIO;1508901;13/05/2026;3;342191;13/05/2026;SAGA KOREA COM. DE VEIC. E PC. LTDA;1,27E+13;GOIANIA;GO;13/05/2026;21/05/2026;19/05/2026;Entregue No Prazo;;Entrega realizada;Entrega Finalizada;21;5;13;5;RIO VERMELHO;9011;;;
MOBIS BRASIL FABRICACAO DE AUTO PECAS LT;RODOVIARIO;1508902;13/05/2026;63;342191;13/05/2026;SAGA KOREA COM. DE VEIC. E PC. LTDA;1,27E+13;GOIANIA;GO;13/05/2026;21/05/2026;19/05/2026;Entregue No Prazo;;Entrega realizada;Entrega Finalizada;21;5;13;5;RIO VERMELHO;9011;;;
MOBIS BRASIL FABRICACAO DE AUTO PECAS LT;RODOVIARIO;1508904;13/05/2026;1;342195;13/05/2026;URCA MOTORS VEICULOS LTDA;8,77E+12;RIO VERDE;GO;13/05/2026;25/05/2026;19/05/2026;Entregue No Prazo;;Entrega realizada;Entrega Finalizada;25;5;13;5;RIO VERMELHO;9014;;;
MOBIS BRASIL FABRICACAO DE AUTO PECAS LT;RODOVIARIO;1508920;13/05/2026;4;342237;13/05/2026;NACIONAL NOVA MARABA DIST DE VEIC. LTDA;1,70E+13;MARABA;PA;13/05/2026;27/05/2026;19/05/2026;Entregue No Prazo;;Entrega realizada;Entrega Finalizada;27;5;13;5;CARVALIMA;14005;;;
MOBIS BRASIL FABRICACAO DE AUTO PECAS LT;RODOVIARIO;1508885;13/05/2026;2;342217;13/05/2026;AIKON VEICULOS LTDA;1,17E+13;VITORIA DA CONQUISTA;BA;13/05/2026;28/05/2026;19/05/2026;Entregue No Prazo;;Entrega realizada;Entrega Finalizada;28;5;13;5;TERMACO;5002;;;
MOBIS BRASIL FABRICACAO DE AUTO PECAS LT;RODOVIARIO;1508888;13/05/2026;2;342243;13/05/2026;PATEO COMERCIO DE VEICULOS S A;7,78E+12;FEIRA DE SANTANA;BA;13/05/2026;28/05/2026;19/05/2026;Entregue No Prazo;;Entrega realizada;Entrega Finalizada;28;5;13;5;TERMACO;5009;;;
MOBIS BRASIL FABRICACAO DE AUTO PECAS LT;RODOVIARIO;1508889;13/05/2026;1;342243;13/05/2026;PATEO COMERCIO DE VEICULOS S A;7,78E+12;FEIRA DE SANTANA;BA;13/05/2026;28/05/2026;19/05/2026;Entregue No Prazo;;Entrega realizada;Entrega Finalizada;28;5;13;5;TERMACO;5009;;;
MOBIS BRASIL FABRICACAO DE AUTO PECAS LT;RODOVIARIO;1508922;13/05/2026;7;342238;13/05/2026;NACIONAL NOVA MARABA DIST DE VEIC. LTDA;1,70E+13;PARAUAPEBAS;PA;13/05/2026;29/05/2026;19/05/2026;Entregue No Prazo;;Entrega realizada;Entrega Finalizada;29;5;13;5;CARVALIMA;14010;;;
MOBIS BRASIL FABRICACAO DE AUTO PECAS LT;RODOVIARIO;1508907;13/05/2026;2;342239;13/05/2026;NACIONAL NOVA MARABA DIST DE VEIC. LTDA;1,70E+13;IMPERATRIZ;MA;13/05/2026;02/06/2026;19/05/2026;Entregue No Prazo;;Entrega realizada;Entrega Finalizada;2;6;13;5;CARVALIMA;10003;;;
MOBIS BRASIL FABRICACAO DE AUTO PECAS LT;RODOVIARIO;1509745;14/05/2026;1;342394;14/05/2026;VETOR AUTOMOVEIS LTDA;2,12E+13;UMUARAMA;PR;14/05/2026;20/05/2026;19/05/2026;Entregue No Prazo;;Entrega realizada;Entrega Finalizada;20;5;14;5;TRANSTRY;18019;;;
MOBIS BRASIL FABRICACAO DE AUTO PECAS LT;RODOVIARIO;1509777;14/05/2026;2;342346;14/05/2026;ANDRETA II DISTRIBUIDORA DE VEIC. LTDA;9,10E+12;INDAIATUBA;SP;14/05/2026;19/05/2026;19/05/2026;Entregue No Prazo;;Entrega realizada;Entrega Finalizada;19;5;14;5;MVT;26011;;;
MOBIS BRASIL FABRICACAO DE AUTO PECAS LT;RODOVIARIO;1509786;14/05/2026;1;342349;14/05/2026;DESTAQUE SEUL DISTR. DE VEIC. E PC. LTDA;2,12E+13;ATIBAIA;SP;14/05/2026;19/05/2026;19/05/2026;Entregue No Prazo;;Entrega realizada;Entrega Finalizada;19;5;14;5;MVT;26075;;;
MOBIS BRASIL FABRICACAO DE AUTO PECAS LT;RODOVIARIO;1509741;14/05/2026;1;342393;14/05/2026;VETOR AUTOMOVEIS LTDA;2,12E+13;CASCAVEL;PR;14/05/2026;20/05/2026;19/05/2026;Entregue No Prazo;;Entrega realizada;Entrega Finalizada;20;5;14;5;TRANSTRY;18019;;;
MOBIS BRASIL FABRICACAO DE AUTO PECAS LT;RODOVIARIO;1509742;14/05/2026;2;342379;14/05/2026;BARI VEICULOS LTDA;7,46E+12;GUARAPUAVA;PR;14/05/2026;20/05/2026;19/05/2026;Entregue No Prazo;;Entrega realizada;Entrega Finalizada;20;5;14;5;TRANSTRY;18024;;;
MOBIS BRASIL FABRICACAO DE AUTO PECAS LT;RODOVIARIO;1509744;14/05/2026;1;342395;14/05/2026;VETOR AUTOMOVEIS LTDA;2,12E+13;FOZ DO IGUACU;PR;14/05/2026;21/05/2026;19/05/2026;Entregue No Prazo;;Entrega realizada;Entrega Finalizada;21;5;14;5;TRANSTRY;18019;;;
MOBIS BRASIL FABRICACAO DE AUTO PECAS LT;RODOVIARIO;1509748;14/05/2026;1;342398;14/05/2026;AMX COM. E SERVICOS DE AUTOMOTORES LTDA;1,20E+13;RIO DE JANEIRO;RJ;14/05/2026;20/05/2026;19/05/2026;Entregue No Prazo;;Entrega realizada;Entrega Finalizada;20;5;14;5;CAMILO;19009;;;
MOBIS BRASIL FABRICACAO DE AUTO PECAS LT;RODOVIARIO;1509749;14/05/2026;8;342398;14/05/2026;AMX COM. E SERVICOS DE AUTOMOTORES LTDA;1,20E+13;RIO DE JANEIRO;RJ;14/05/2026;20/05/2026;19/05/2026;Entregue No Prazo;;Entrega realizada;Entrega Finalizada;20;5;14;5;CAMILO;19009;;;
MOBIS BRASIL FABRICACAO DE AUTO PECAS LT;RODOVIARIO;1509750;14/05/2026;1;342401;14/05/2026;CAOA MOTOR DO BRASIL LTDA;1,68E+13;RIO DE JANEIRO;RJ;14/05/2026;20/05/2026;19/05/2026;Entregue No Prazo;;Entrega realizada;Entrega Finalizada;20;5;14;5;CAMILO;5008;;;
MOBIS BRASIL FABRICACAO DE AUTO PECAS LT;RODOVIARIO;1509797;14/05/2026;1;342384;14/05/2026;CARWAY SUL VEICULOS LTDA;1,03E+13;CANOAS;RS;14/05/2026;20/05/2026;19/05/2026;Entregue No Prazo;;Entrega realizada;Entrega Finalizada;20;5;14;5;TRANSTRY;23003;;;
MOBIS BRASIL FABRICACAO DE AUTO PECAS LT;RODOVIARIO;1509709;14/05/2026;3;342427;14/05/2026;TAI MOTORS VEICULOS S/A;9,27E+12;VITORIA;ES;14/05/2026;21/05/2026;19/05/2026;Entregue No Prazo;;Entrega realizada;Entrega Finalizada;21;5;14;5;CAMILO;8002;;;
MOBIS BRASIL FABRICACAO DE AUTO PECAS LT;RODOVIARIO;1509712;14/05/2026;4;342424;14/05/2026;PRIME VILA VELHA VEICULOS LTDA.;2,14E+13;VILA VELHA;ES;14/05/2026;21/05/2026;19/05/2026;Entregue No Prazo;;Entrega realizada;Entrega Finalizada;21;5;14;5;CAMILO;8005;;;
MOBIS BRASIL FABRICACAO DE AUTO PECAS LT;RODOVIARIO;1509760;14/05/2026;7;342377;14/05/2026;ATUAL VEICULOS LTDA;1,33E+13;CRICIUMA;SC;14/05/2026;21/05/2026;19/05/2026;Entregue No Prazo;;Entrega realizada;Entrega Finalizada;21;5;14;5;TRANSTRY;24001;;;
MOBIS BRASIL FABRICACAO DE AUTO PECAS LT;RODOVIARIO;1509762;14/05/2026;17;342381;14/05/2026;BARI VEICULOS LTDA;7,46E+12;BLUMENAU;SC;14/05/2026;21/05/2026;19/05/2026;Entregue No Prazo;;Entrega realizada;Entrega Finalizada;21;5;14;5;TRANSTRY;18024;;;
MOBIS BRASIL FABRICACAO DE AUTO PECAS LT;RODOVIARIO;1510273;14/05/2026;2;342388;14/05/2026;GAMBATTO H1 VEICULOS LTDA;1,94E+13;PASSO FUNDO;RS;14/05/2026;21/05/2026;19/05/2026;Entregue No Prazo;;Entrega realizada;Entrega Finalizada;21;5;14;5;TRANSTRY;23015;;;
MOBIS BRASIL FABRICACAO DE AUTO PECAS LT;RODOVIARIO;1509766;14/05/2026;2;342386;14/05/2026;CHINHAN AUTOMOVEIS LTDA.;2,41E+13;CACADOR;SC;14/05/2026;25/05/2026;19/05/2026;Entregue No Prazo;;Entrega realizada;Entrega Finalizada;25;5;14;5;TRANSTRY;24020;;;
MOBIS BRASIL FABRICACAO DE AUTO PECAS LT;RODOVIARIO;1509706;14/05/2026;4;342373;14/05/2026;SMAFF IMPORT VEICULOS LTDA;8,18E+12;BRASILIA;DF;14/05/2026;22/05/2026;19/05/2026;Entregue No Prazo;;Entrega realizada;Entrega Finalizada;22;5;14;5;RIO VERMELHO;7002;;;
MOBIS BRASIL FABRICACAO DE AUTO PECAS LT;RODOVIARIO;1509707;14/05/2026;1;342374;14/05/2026;SMAFF IMPORT VEICULOS LTDA;8,18E+12;BRASILIA;DF;14/05/2026;22/05/2026;19/05/2026;Entregue No Prazo;;Entrega realizada;Entrega Finalizada;22;5;14;5;RIO VERMELHO;7002;;;
MOBIS BRASIL FABRICACAO DE AUTO PECAS LT;RODOVIARIO;1509708;14/05/2026;22;342372;14/05/2026;SAGA KOREA COM. DE VEIC. E PC. LTDA;1,27E+13;BRASILIA;DF;14/05/2026;22/05/2026;19/05/2026;Entregue No Prazo;;Entrega realizada;Entrega Finalizada;22;5;14;5;RIO VERMELHO;7005;;;
MOBIS BRASIL FABRICACAO DE AUTO PECAS LT;RODOVIARIO;1509710;14/05/2026;1;342423;14/05/2026;PRIME CACHOEIRO VEICULOS LTDA EPP;9,34E+12;CACHOEIRO DE ITAPEMIRIM;ES;14/05/2026;22/05/2026;19/05/2026;Entregue No Prazo;;Entrega realizada;Entrega Finalizada;22;5;14;5;CAMILO;8003;;;
MOBIS BRASIL FABRICACAO DE AUTO PECAS LT;RODOVIARIO;1509711;14/05/2026;1;342422;14/05/2026;PRIME CACHOEIRO VEICULOS LTDA;9,34E+12;LINHARES;ES;14/05/2026;22/05/2026;19/05/2026;Entregue No Prazo;;Entrega realizada;Entrega Finalizada;22;5;14;5;CAMILO;8004;;;
MOBIS BRASIL FABRICACAO DE AUTO PECAS LT;RODOVIARIO;1509758;14/05/2026;1;342389;14/05/2026;HOUSE PARTS - COM. DE PECAS E VEIC. LTDA;1,15E+13;SANTA MARIA;RS;14/05/2026;22/05/2026;19/05/2026;Entregue No Prazo;;Entrega realizada;Entrega Finalizada;22;5;14;5;TRANSTRY;23008;;;
MOBIS BRASIL FABRICACAO DE AUTO PECAS LT;RODOVIARIO;1510459;15/05/2026;3;342712;15/05/2026;VETOR AUTOMOVEIS LTDA;2,12E+13;CASCAVEL;PR;15/05/2026;21/05/2026;19/05/2026;Entregue No Prazo;;Entrega realizada;Entrega Finalizada;21;5;15;5;TRANSTRY;18019;;;
MOBIS BRASIL FABRICACAO DE AUTO PECAS LT;RODOVIARIO;1510461;15/05/2026;17;342698;15/05/2026;BARI VEICULOS LTDA;7,46E+12;PONTA GROSSA;PR;15/05/2026;21/05/2026;19/05/2026;Entregue No Prazo;;Entrega realizada;Entrega Finalizada;21;5;15;5;TRANSTRY;18024;;;
MOBIS BRASIL FABRICACAO DE AUTO PECAS LT;RODOVIARIO;1510458;15/05/2026;5;342709;15/05/2026;LOVAT VEICULOS S/A;8,57E+12;LONDRINA;PR;15/05/2026;21/05/2026;19/05/2026;Entregue No Prazo;;Entrega realizada;Entrega Finalizada;21;5;15;5;TRANSTRY;18008;;;
MOBIS BRASIL FABRICACAO DE AUTO PECAS LT;RODOVIARIO;1510484;15/05/2026;6;342705;15/05/2026;CHINHAN AUTOMOVEIS LTDA.;2,41E+13;CACADOR;SC;15/05/2026;26/05/2026;19/05/2026;Entregue No Prazo;;Entrega realizada;Entrega Finalizada;26;5;15;5;TRANSTRY;24020;;;
MOBIS BRASIL FABRICACAO DE AUTO PECAS LT;RODOVIARIO;1510486;15/05/2026;2;342631;15/05/2026;BILLY DISTRIBUIDORA DE VEICULOS LTDA;1,34E+13;BARUERI;SP;15/05/2026;19/05/2026;19/05/2026;Entregue No Prazo;;Entrega realizada;Entrega Finalizada;19;5;15;5;XD DIADEMA;26003;;;
MOBIS BRASIL FABRICACAO DE AUTO PECAS LT;RODOVIARIO;1510500;15/05/2026;2;342637;15/05/2026;CHS MOTORS VEICULOS PECAS(VL. GUILHERME);1,69E+13;SAO PAULO;SP;15/05/2026;19/05/2026;19/05/2026;Entregue No Prazo;;Entrega realizada;Entrega Finalizada;19;5;15;5;XD DIADEMA;26052;;;
MOBIS BRASIL FABRICACAO DE AUTO PECAS LT;RODOVIARIO;1510501;15/05/2026;4;342637;15/05/2026;CHS MOTORS VEICULOS PECAS(VL. GUILHERME);1,69E+13;SAO PAULO;SP;15/05/2026;19/05/2026;19/05/2026;Entregue No Prazo;;Entrega realizada;Entrega Finalizada;19;5;15;5;XD DIADEMA;26052;;;
MOBIS BRASIL FABRICACAO DE AUTO PECAS LT;RODOVIARIO;1510520;15/05/2026;1;342635;15/05/2026;CAOA MOTOR DO BRASIL LTDA(RAP. TAVARES);1,68E+13;SAO PAULO;SP;15/05/2026;19/05/2026;19/05/2026;Entregue No Prazo;;Entrega realizada;Entrega Finalizada;19;5;15;5;XD DIADEMA;26109;;;
MOBIS BRASIL FABRICACAO DE AUTO PECAS LT;RODOVIARIO;1510435;15/05/2026;17;342653;15/05/2026;TAI MOTORS VEICULOS S/A;9,27E+12;BELO HORIZONTE;MG;15/05/2026;20/05/2026;19/05/2026;Entregue No Prazo;;Entrega realizada;Entrega Finalizada;20;5;15;5;XD BETIM;8002;;;
MOBIS BRASIL FABRICACAO DE AUTO PECAS LT;RODOVIARIO;1510436;15/05/2026;10;342636;15/05/2026;CARBEL KOREA VEICULOS LTDA;2,07E+13;BELO HORIZONTE;MG;15/05/2026;20/05/2026;19/05/2026;Entregue No Prazo;;Entrega realizada;Entrega Finalizada;20;5;15;5;XD BETIM;11021;;;
MOBIS BRASIL FABRICACAO DE AUTO PECAS LT;RODOVIARIO;1510439;15/05/2026;10;342630;15/05/2026;BDG AUTOVILLE VEICULOS LTDA;4,77E+13;CONTAGEM;MG;15/05/2026;20/05/2026;19/05/2026;Entregue No Prazo;;Entrega realizada;Entrega Finalizada;20;5;15;5;XD BETIM;11037;;;
MOBIS BRASIL FABRICACAO DE AUTO PECAS LT;RODOVIARIO;1510462;15/05/2026;7;342700;15/05/2026;BARI VEICULOS LTDA;7,46E+12;CURITIBA;PR;15/05/2026;20/05/2026;19/05/2026;Entregue No Prazo;;Entrega realizada;Entrega Finalizada;20;5;15;5;TRANSTRY;18024;;;
MOBIS BRASIL FABRICACAO DE AUTO PECAS LT;RODOVIARIO;1510495;15/05/2026;2;342616;15/05/2026;ANDRETA II DISTRIBUIDORA DE VEIC. LTDA;9,10E+12;INDAIATUBA;SP;15/05/2026;20/05/2026;19/05/2026;Entregue No Prazo;;Entrega realizada;Entrega Finalizada;20;5;15;5;MVT;26011;;;
MOBIS BRASIL FABRICACAO DE AUTO PECAS LT;RODOVIARIO;1510506;15/05/2026;1;342618;15/05/2026;CAOA MOTOR DO BRASIL LTDA;1,68E+13;SAO CARLOS;SP;15/05/2026;20/05/2026;19/05/2026;Entregue No Prazo;;Entrega realizada;Entrega Finalizada;20;5;15;5;MVT;5008;;;
MOBIS BRASIL FABRICACAO DE AUTO PECAS LT;RODOVIARIO;1510507;15/05/2026;1;342618;15/05/2026;CAOA MOTOR DO BRASIL LTDA;1,68E+13;SAO CARLOS;SP;15/05/2026;20/05/2026;19/05/2026;Entregue No Prazo;;Entrega realizada;Entrega Finalizada;20;5;15;5;MVT;5008;;;
MOBIS BRASIL FABRICACAO DE AUTO PECAS LT;RODOVIARIO;1510463;15/05/2026;7;342673;15/05/2026;ITAVEMA MOTORS VEICULOS LTDA;7,73E+12;DUQUE DE CAXIAS;RJ;15/05/2026;21/05/2026;19/05/2026;Entregue No Prazo;;Entrega realizada;Entrega Finalizada;21;5;15;5;CAMILO;19001;;;
MOBIS BRASIL FABRICACAO DE AUTO PECAS LT;RODOVIARIO;1510464;15/05/2026;2;342661;15/05/2026;AMX COM. E SERVICOS DE AUTOMOTORES LTDA;1,20E+13;RIO DE JANEIRO;RJ;15/05/2026;21/05/2026;19/05/2026;Entregue No Prazo;;Entrega realizada;Entrega Finalizada;21;5;15;5;CAMILO;19009;;;
MOBIS BRASIL FABRICACAO DE AUTO PECAS LT;RODOVIARIO;1510483;15/05/2026;2;342702;15/05/2026;BARI VEICULOS LTDA.;7,46E+12;JOINVILLE;SC;15/05/2026;21/05/2026;19/05/2026;Entregue No Prazo;;Entrega realizada;Entrega Finalizada;21;5;15;5;TRANSTRY;24013;;;
MOBIS BRASIL FABRICACAO DE AUTO PECAS LT;RODOVIARIO;1510497;15/05/2026;3;342626;15/05/2026;H R B COMERCIO DE VEICULOS LTDA;1,82E+13;SAO JOSE DO RIO PRETO;SP;15/05/2026;21/05/2026;19/05/2026;Entregue No Prazo;;Entrega realizada;Entrega Finalizada;21;5;15;5;MVT;26050;;;
MOBIS BRASIL FABRICACAO DE AUTO PECAS LT;RODOVIARIO;1510498;15/05/2026;12;342626;15/05/2026;H R B COMERCIO DE VEICULOS LTDA;1,82E+13;SAO JOSE DO RIO PRETO;SP;15/05/2026;21/05/2026;19/05/2026;Entregue No Prazo;;Entrega realizada;Entrega Finalizada;21;5;15;5;MVT;26050;;;
MOBIS BRASIL FABRICACAO DE AUTO PECAS LT;RODOVIARIO;1510504;15/05/2026;1;342622;15/05/2026;GOLDEN MOTORS VEICULOS LTDA;3,62E+12;PRESIDENTE PRUDENTE;SP;15/05/2026;21/05/2026;19/05/2026;Entregue No Prazo;;Entrega realizada;Entrega Finalizada;21;5;15;5;MVT;12001;;;
MOBIS BRASIL FABRICACAO DE AUTO PECAS LT;RODOVIARIO;1510515;15/05/2026;1;342620;15/05/2026;DHC COMERCIO DE VEICULOS E PECAS LTDA;9,52E+12;OURINHOS;SP;15/05/2026;21/05/2026;19/05/2026;Entregue No Prazo;;Entrega realizada;Entrega Finalizada;21;5;15;5;MVT;26010;;;
MOBIS BRASIL FABRICACAO DE AUTO PECAS LT;RODOVIARIO;1510516;15/05/2026;3;342623;15/05/2026;H - CAMINHO AUTOMOVEIS LTDA;2,53E+13;CATANDUVA;SP;15/05/2026;21/05/2026;19/05/2026;Entregue No Prazo;;Entrega realizada;Entrega Finalizada;21;5;15;5;MVT;26092;;;
MOBIS BRASIL FABRICACAO DE AUTO PECAS LT;RODOVIARIO;1510517;15/05/2026;1;342617;15/05/2026;ANDRETA II DISTRIBUIDORA DE VEIC. LTDA;9,10E+12;RIO CLARO;SP;15/05/2026;21/05/2026;19/05/2026;Entregue No Prazo;;Entrega realizada;Entrega Finalizada;21;5;15;5;MVT;26011;;;
MOBIS BRASIL FABRICACAO DE AUTO PECAS LT;RODOVIARIO;1510415;15/05/2026;4;342651;15/05/2026;SMAFF IMPORT VEICULOS LTDA;8,18E+12;BRASILIA;DF;15/05/2026;25/05/2026;19/05/2026;Entregue No Prazo;;Entrega realizada;Entrega Finalizada;25;5;15;5;RIO VERMELHO;7002;;;
MOBIS BRASIL FABRICACAO DE AUTO PECAS LT;RODOVIARIO;1510416;15/05/2026;16;342652;15/05/2026;SMAFF IMPORT VEICULOS LTDA;8,18E+12;BRASILIA;DF;15/05/2026;25/05/2026;19/05/2026;Entregue No Prazo;;Entrega realizada;Entrega Finalizada;25;5;15;5;RIO VERMELHO;7002;;;
MOBIS BRASIL FABRICACAO DE AUTO PECAS LT;RODOVIARIO;1510417;15/05/2026;7;342647;15/05/2026;SAGA KOREA COM. DE VEIC. E PC. LTDA;1,27E+13;BRASILIA;DF;15/05/2026;25/05/2026;19/05/2026;Entregue No Prazo;;Entrega realizada;Entrega Finalizada;25;5;15;5;RIO VERMELHO;7004;;;
MOBIS BRASIL FABRICACAO DE AUTO PECAS LT;RODOVIARIO;1510418;15/05/2026;10;342648;15/05/2026;SAGA KOREA COM. DE VEIC. E PC. LTDA;1,27E+13;BRASILIA;DF;15/05/2026;25/05/2026;19/05/2026;Entregue No Prazo;;Entrega realizada;Entrega Finalizada;25;5;15;5;RIO VERMELHO;7005;;;
MOBIS BRASIL FABRICACAO DE AUTO PECAS LT;RODOVIARIO;1510441;15/05/2026;1;342675;15/05/2026;JPG MOTORS COMERCIO DE VEICULOS LTDA;2,91E+13;CAMPO GRANDE;MS;15/05/2026;25/05/2026;19/05/2026;Entregue No Prazo;;Entrega realizada;Entrega Finalizada;25;5;15;5;CARVALIMA;12005;;;
MOBIS BRASIL FABRICACAO DE AUTO PECAS LT;RODOVIARIO;1510442;15/05/2026;14;342686;15/05/2026;SAGA ASIA COM. DE VEIC.PC.E SERV. LTDA;2,23E+13;VARZEA GRANDE;MT;15/05/2026;26/05/2026;19/05/2026;Entregue No Prazo;;Entrega realizada;Entrega Finalizada;26;5;15;5;CARVALIMA;13004;;;
MOBIS BRASIL FABRICACAO DE AUTO PECAS LT;RODOVIARIO;1510444;15/05/2026;2;342668;15/05/2026;COMETA MATO GROSSO COM. DE VEICULOS LTDA;1,54E+13;TANGARA DA SERRA;MT;15/05/2026;26/05/2026;19/05/2026;Entregue No Prazo;;Entrega realizada;Entrega Finalizada;26;5;15;5;CARVALIMA;13007;;;
MOBIS BRASIL FABRICACAO DE AUTO PECAS LT;RODOVIARIO;1511240;18/05/2026;11;342926;18/05/2026;BARI VEICULOS LTDA;7,46E+12;PONTA GROSSA;PR;18/05/2026;22/05/2026;19/05/2026;Entregue No Prazo;;Entrega realizada;Entrega Finalizada;22;5;18;5;TRANSTRY;18024;;;
MOBIS BRASIL FABRICACAO DE AUTO PECAS LT;RODOVIARIO;1511276;18/05/2026;10;342853;18/05/2026;BILLY DISTRIBUIDORA DE VEICULOS LTDA;1,34E+13;BARUERI;SP;18/05/2026;20/05/2026;19/05/2026;Entregue No Prazo;;Entrega realizada;Entrega Finalizada;20;5;18;5;XD DIADEMA;26003;;;
MOBIS BRASIL FABRICACAO DE AUTO PECAS LT;RODOVIARIO;1511281;18/05/2026;5;342856;18/05/2026;CAOA MOTOR DO BRASIL LTDA (AGUA BRANCA);1,68E+13;SAO PAULO;SP;18/05/2026;20/05/2026;19/05/2026;Entregue No Prazo;;Entrega realizada;Entrega Finalizada;20;5;18;5;XD DIADEMA;26030;;;
MOBIS BRASIL FABRICACAO DE AUTO PECAS LT;RODOVIARIO;1511282;18/05/2026;1;342858;18/05/2026;CAOA MOTOR DO BRASIL LTDA (SANTANA);1,68E+13;SAO PAULO;SP;18/05/2026;20/05/2026;19/05/2026;Entregue No Prazo;;Entrega realizada;Entrega Finalizada;20;5;18;5;XD DIADEMA;26035;;;
MOBIS BRASIL FABRICACAO DE AUTO PECAS LT;RODOVIARIO;1511285;18/05/2026;1;342854;18/05/2026;BILLY DISTRIBUIDORA DE VEICULOS LTDA;1,34E+13;DIADEMA;SP;18/05/2026;20/05/2026;19/05/2026;Entregue No Prazo;;Entrega realizada;Entrega Finalizada;20;5;18;5;XD DIADEMA;26003;;;
MOBIS BRASIL FABRICACAO DE AUTO PECAS LT;RODOVIARIO;1511290;18/05/2026;1;342857;18/05/2026;CAOA MOTOR DO BRASIL LTDA (IPIRANGA);1,68E+13;SAO PAULO;SP;18/05/2026;20/05/2026;19/05/2026;Entregue No Prazo;;Entrega realizada;Entrega Finalizada;20;5;18;5;XD DIADEMA;26054;;;
MOBIS BRASIL FABRICACAO DE AUTO PECAS LT;RODOVIARIO;1511294;18/05/2026;1;342865;18/05/2026;NOBRE SP DISTRIB. DE VEIC. E PEC. LTDA;1,70E+13;SAO PAULO;SP;18/05/2026;20/05/2026;19/05/2026;Entregue No Prazo;;Entrega realizada;Entrega Finalizada;20;5;18;5;XD DIADEMA;26081;;;
MOBIS BRASIL FABRICACAO DE AUTO PECAS LT;RODOVIARIO;1511277;18/05/2026;8;342946;18/05/2026;DHC COMERCIO DE VEICULOS E PECAS LTDA;9,52E+12;BAURU;SP;18/05/2026;21/05/2026;19/05/2026;Entregue No Prazo;;Entrega realizada;Entrega Finalizada;21;5;18;5;MVT;26010;;;
MOBIS BRASIL FABRICACAO DE AUTO PECAS LT;RODOVIARIO;1511278;18/05/2026;24;342942;18/05/2026;ANDRETA II DISTRIBUIDORA DE VEIC. LTDA;9,10E+12;CAMPINAS;SP;18/05/2026;21/05/2026;19/05/2026;Entregue No Prazo;Avaria;Entrega realizada;Entrega Finalizada;21;5;18;5;MVT;26011;;;
MOBIS BRASIL FABRICACAO DE AUTO PECAS LT;RODOVIARIO;1511296;18/05/2026;7;342855;18/05/2026;CAOA MOTOR DO BRASIL LTDA;1,68E+13;SANTOS;SP;18/05/2026;21/05/2026;19/05/2026;Entregue No Prazo;;Entrega realizada;Entrega Finalizada;21;5;18;5;XD DIADEMA;5008;;;
MOBIS BRASIL FABRICACAO DE AUTO PECAS LT;RODOVIARIO;1511275;18/05/2026;1;342952;18/05/2026;HYMAX DISTRIBUIDORA DE VEICULOS LTDA;1,73E+13;MOGI GUACU;SP;18/05/2026;22/05/2026;19/05/2026;Entregue No Prazo;;Entrega realizada;Entrega Finalizada;22;5;18;5;MVT;26002;;;
MOBIS BRASIL FABRICACAO DE AUTO PECAS LT;RODOVIARIO;1511286;18/05/2026;11;342951;18/05/2026;H R B COMERCIO DE VEICULOS LTDA;1,82E+13;SAO JOSE DO RIO PRETO;SP;18/05/2026;22/05/2026;19/05/2026;Entregue No Prazo;;Entrega realizada;Entrega Finalizada;22;5;18;5;MVT;26050;;;
MOBIS BRASIL FABRICACAO DE AUTO PECAS LT;RODOVIARIO;1511284;18/05/2026;74;343071;19/05/2026;BILLY DISTRIBUIDORA DE VEICULOS LTDA;1,34E+13;SAO CAETANO DO SUL;SP;19/05/2026;21/05/2026;19/05/2026;Entregue No Prazo;;Entrega realizada;Entrega Finalizada;21;5;19;5;XD DIADEMA;26003;;;
MOBIS BRASIL FABRICACAO DE AUTO PECAS LT;RODOVIARIO;1511287;18/05/2026;4;343072;19/05/2026;CAOA MOTOR DO BRASIL LTDA (VL PRUDENTE);1,68E+13;SAO PAULO;SP;19/05/2026;21/05/2026;19/05/2026;Entregue No Prazo;;Entrega realizada;Entrega Finalizada;21;5;19;5;XD DIADEMA;26051;;;
MOBIS BRASIL FABRICACAO DE AUTO PECAS LT;RODOVIARIO;1511288;18/05/2026;15;343073;19/05/2026;CHS MOTORS VEICULOS PECAS(VL. GUILHERME);1,69E+13;SAO PAULO;SP;19/05/2026;21/05/2026;19/05/2026;Entregue No Prazo;;Entrega realizada;Entrega Finalizada;21;5;19;5;XD DIADEMA;26052;;;
MOBIS BRASIL FABRICACAO DE AUTO PECAS LT;RODOVIARIO;1511289;18/05/2026;1;343073;19/05/2026;CHS MOTORS VEICULOS PECAS(VL. GUILHERME);1,69E+13;SAO PAULO;SP;19/05/2026;21/05/2026;19/05/2026;Entregue No Prazo;;Entrega realizada;Entrega Finalizada;21;5;19;5;XD DIADEMA;26052;;;
MOBIS BRASIL FABRICACAO DE AUTO PECAS LT;RODOVIARIO;1476795;12/03/2026;19;332168;12/03/2026;PATEO COMERCIO DE VEICULOS S A;7,78E+12;MANAUS;AM;12/03/2026;07/04/2026;20/05/2026;Entregue Fora do Prazo;EXTRAVIO;20/05 NF não localizada;Entrega Finalizada;7;4;12;3;NORTEX;3002;;;
MOBIS BRASIL FABRICACAO DE AUTO PECAS LT;RODOVIARIO;1491251;09/04/2026;1;336744;09/04/2026;PATEO COMERCIO DE VEICULOS S A;7,78E+12;MANAUS;AM;09/04/2026;05/05/2026;20/05/2026;Entregue Fora do Prazo;;Entrega realizada;Entrega Finalizada;5;5;9;4;NORTEX;3002;;;
MOBIS BRASIL FABRICACAO DE AUTO PECAS LT;RODOVIARIO;1493651;14/04/2026;1;337497;14/04/2026;MISO VEICULOS LTDA;1,85E+13;MACAPA;AP;14/04/2026;05/05/2026;20/05/2026;Entregue Fora do Prazo;;Entrega realizada;Entrega Finalizada;5;5;14;4;NORTEX;4001;;;
MOBIS BRASIL FABRICACAO DE AUTO PECAS LT;RODOVIARIO;1494221;15/04/2026;1;337763;15/04/2026;PATEO COMERCIO DE VEICULOS S A;7,78E+12;MANAUS;AM;15/04/2026;11/05/2026;20/05/2026;Entregue Fora do Prazo;;Entrega realizada;Entrega Finalizada;11;5;15;4;NORTEX;3002;;;
MOBIS BRASIL FABRICACAO DE AUTO PECAS LT;RODOVIARIO;1495116;16/04/2026;1;338022;16/04/2026;MISO VEICULOS LTDA;1,85E+13;MACAPA;AP;16/04/2026;07/05/2026;20/05/2026;Entregue Fora do Prazo;;Entrega realizada;Entrega Finalizada;7;5;16;4;NORTEX;4001;;;
MOBIS BRASIL FABRICACAO DE AUTO PECAS LT;RODOVIARIO;1495907;17/04/2026;8;338288;17/04/2026;PATEO COMERCIO DE VEICULOS S A;7,78E+12;MANAUS;AM;17/04/2026;13/05/2026;20/05/2026;Entregue Fora do Prazo;;Entrega realizada;Entrega Finalizada;13;5;17;4;NORTEX;3002;;;
MOBIS BRASIL FABRICACAO DE AUTO PECAS LT;RODOVIARIO;1495906;17/04/2026;1;338288;17/04/2026;PATEO COMERCIO DE VEICULOS S A;7,78E+12;MANAUS;AM;17/04/2026;13/05/2026;20/05/2026;Entregue Fora do Prazo;;Entrega realizada;Entrega Finalizada;13;5;17;4;NORTEX;3002;;;
MOBIS BRASIL FABRICACAO DE AUTO PECAS LT;RODOVIARIO;1496762;20/04/2026;13;338555;20/04/2026;PATEO COMERCIO DE VEICULOS S A;7,78E+12;MANAUS;AM;20/04/2026;14/05/2026;20/05/2026;Entregue Fora do Prazo;;Entrega realizada;Entrega Finalizada;14;5;20;4;NORTEX;3002;;;
MOBIS BRASIL FABRICACAO DE AUTO PECAS LT;RODOVIARIO;1497698;21/04/2026;1;338854;22/04/2026;PATEO COMERCIO DE VEICULOS S A;7,78E+12;MANAUS;AM;22/04/2026;18/05/2026;20/05/2026;Entregue Fora do Prazo;;Entrega realizada;Entrega Finalizada;18;5;22;4;NORTEX;3002;;;
MOBIS BRASIL FABRICACAO DE AUTO PECAS LT;RODOVIARIO;1505065;06/05/2026;1;341043;06/05/2026;JPN COMERCIO DE AUTOMOVEIS LTDA;2,61E+13;GARANHUNS;PE;06/05/2026;22/05/2026;20/05/2026;Entregue No Prazo;;Entrega realizada;Entrega Finalizada;22;5;6;5;TERMACO;16009;;;
MOBIS BRASIL FABRICACAO DE AUTO PECAS LT;RODOVIARIO;1505927;07/05/2026;1;341258;07/05/2026;NASA MOTORS LTDA.;2,65E+13;SAO LUIS DE MONTES BELOS;GO;07/05/2026;21/05/2026;20/05/2026;Entregue No Prazo;;Entrega realizada;Entrega Finalizada;21;5;7;5;RIO VERMELHO;9016;;;
MOBIS BRASIL FABRICACAO DE AUTO PECAS LT;RODOVIARIO;1506771;08/05/2026;1;341541;08/05/2026;PATEO COMERCIO DE VEICULOS S A;7,78E+12;RECIFE;PE;08/05/2026;25/05/2026;20/05/2026;Entregue No Prazo;;Entrega realizada;Entrega Finalizada;25;5;8;5;TERMACO;16004;;;
MOBIS BRASIL FABRICACAO DE AUTO PECAS LT;RODOVIARIO;1506754;08/05/2026;1;341479;08/05/2026;NASA MOTORS LTDA.;2,65E+13;SAO LUIS DE MONTES BELOS;GO;08/05/2026;22/05/2026;20/05/2026;Entregue No Prazo;;Entrega realizada;Entrega Finalizada;22;5;8;5;RIO VERMELHO;9016;;;
MOBIS BRASIL FABRICACAO DE AUTO PECAS LT;RODOVIARIO;1507426;11/05/2026;2;341770;11/05/2026;SAINT LAND COMERCIO DE VEICULOS LTDA;1,04E+13;NATAL;RN;11/05/2026;26/05/2026;20/05/2026;Entregue No Prazo;;Entrega realizada;Entrega Finalizada;26;5;11;5;TERMACO;6010;;;
MOBIS BRASIL FABRICACAO DE AUTO PECAS LT;RODOVIARIO;1507427;11/05/2026;6;341770;11/05/2026;SAINT LAND COMERCIO DE VEICULOS LTDA;1,04E+13;NATAL;RN;11/05/2026;26/05/2026;20/05/2026;Entregue No Prazo;;Entrega realizada;Entrega Finalizada;26;5;11;5;TERMACO;6010;;;
MOBIS BRASIL FABRICACAO DE AUTO PECAS LT;RODOVIARIO;1507378;11/05/2026;1;341777;11/05/2026;VIA NORTE COM. E IMPORT. DE VEIC. LTDA;1,25E+13;SOBRAL;CE;11/05/2026;27/05/2026;20/05/2026;Entregue No Prazo;;Entrega realizada;Entrega Finalizada;27;5;11;5;TERMACO;6002;;;
MOBIS BRASIL FABRICACAO DE AUTO PECAS LT;RODOVIARIO;1507373;11/05/2026;3;341748;11/05/2026;FAZZA MOTORS COMERCIO DE VEICULOS LTDA;1,24E+13;SALVADOR;BA;11/05/2026;21/05/2026;20/05/2026;Entregue No Prazo;;Entrega realizada;Entrega Finalizada;21;5;11;5;TERMACO;5007;;;
MOBIS BRASIL FABRICACAO DE AUTO PECAS LT;RODOVIARIO;1507387;11/05/2026;1;341733;11/05/2026;URCA MOTORS VEICULOS LTDA;8,77E+12;ITUMBIARA;GO;11/05/2026;21/05/2026;20/05/2026;Entregue No Prazo;;Entrega realizada;Entrega Finalizada;21;5;11;5;RIO VERMELHO;9014;;;
MOBIS BRASIL FABRICACAO DE AUTO PECAS LT;RODOVIARIO;1507407;11/05/2026;1;341751;11/05/2026;GRANDE COREIA COMERCIO DE VEICULOS LTDA;2,66E+13;BELEM;PA;11/05/2026;22/05/2026;20/05/2026;Entregue No Prazo;;Entrega realizada;Entrega Finalizada;22;5;11;5;CARVALIMA;14007;;;
MOBIS BRASIL FABRICACAO DE AUTO PECAS LT;RODOVIARIO;1507388;11/05/2026;2;341731;11/05/2026;TRIAUTO KOREA AUTOMOVEIS LTDA;4,99E+13;CATALAO;GO;11/05/2026;25/05/2026;20/05/2026;Entregue No Prazo;;Entrega realizada;Entrega Finalizada;25;5;11;5;RIO VERMELHO;9018;;;
MOBIS BRASIL FABRICACAO DE AUTO PECAS LT;RODOVIARIO;1508059;12/05/2026;5;341995;12/05/2026;FAZZA MOTORS COMERCIO DE VEICULOS LTDA;1,24E+13;SALVADOR;BA;12/05/2026;22/05/2026;20/05/2026;Entregue No Prazo;;Entrega realizada;Entrega Finalizada;22;5;12;5;TERMACO;5007;;;
MOBIS BRASIL FABRICACAO DE AUTO PECAS LT;RODOVIARIO;1508095;12/05/2026;1;341993;12/05/2026;COMETA MATO GROSSO COM. DE VEICULOS LTDA;1,54E+13;SINOP;MT;12/05/2026;22/05/2026;20/05/2026;Entregue No Prazo;;Entrega realizada;Entrega Finalizada;22;5;12;5;CARVALIMA;13003;;;
MOBIS BRASIL FABRICACAO DE AUTO PECAS LT;RODOVIARIO;1508068;12/05/2026;1;341987;12/05/2026;CAOA MOTOR DO BRASIL LTDA;1,68E+13;FORTALEZA;CE;12/05/2026;26/05/2026;20/05/2026;Entregue No Prazo;;Entrega realizada;Entrega Finalizada;26;5;12;5;TERMACO;5008;;;
MOBIS BRASIL FABRICACAO DE AUTO PECAS LT;RODOVIARIO;1508102;12/05/2026;45;342011;12/05/2026;PATEO COMERCIO DE VEICULOS S A;7,78E+12;RECIFE;PE;12/05/2026;27/05/2026;20/05/2026;Entregue No Prazo;;Entrega realizada;Entrega Finalizada;27;5;12;5;TERMACO;16004;;;
MOBIS BRASIL FABRICACAO DE AUTO PECAS LT;RODOVIARIO;1508103;12/05/2026;1;341991;12/05/2026;CAOA MOTOR DO BRASIL LTDA;1,68E+13;RECIFE;PE;12/05/2026;27/05/2026;20/05/2026;Entregue No Prazo;;Entrega realizada;Entrega Finalizada;27;5;12;5;TERMACO;5008;;;
MOBIS BRASIL FABRICACAO DE AUTO PECAS LT;RODOVIARIO;1508116;12/05/2026;2;342015;12/05/2026;SAINT LAND COMERCIO DE VEICULOS LTDA;1,04E+13;NATAL;RN;12/05/2026;27/05/2026;20/05/2026;Entregue No Prazo;;Entrega realizada;Entrega Finalizada;27;5;12;5;TERMACO;6010;;;
MOBIS BRASIL FABRICACAO DE AUTO PECAS LT;RODOVIARIO;1508117;12/05/2026;2;342015;12/05/2026;SAINT LAND COMERCIO DE VEICULOS LTDA;1,04E+13;NATAL;RN;12/05/2026;27/05/2026;20/05/2026;Entregue No Prazo;;Entrega realizada;Entrega Finalizada;27;5;12;5;TERMACO;6010;;;
MOBIS BRASIL FABRICACAO DE AUTO PECAS LT;RODOVIARIO;1508107;12/05/2026;4;341998;12/05/2026;GREEN CITY VEICULOS LTDA;2,10E+13;TERESINA;PI;12/05/2026;28/05/2026;20/05/2026;Entregue No Prazo;;Entrega realizada;Entrega Finalizada;28;5;12;5;TERMACO;17002;;;
MOBIS BRASIL FABRICACAO DE AUTO PECAS LT;RODOVIARIO;1508114;12/05/2026;1;342005;12/05/2026;ORIENTE AUTOMOVEIS LTDA;1,33E+13;PARNAMIRIM;RN;12/05/2026;28/05/2026;20/05/2026;Entregue No Prazo;;Entrega realizada;Entrega Finalizada;28;5;12;5;TERMACO;20001;;;
MOBIS BRASIL FABRICACAO DE AUTO PECAS LT;RODOVIARIO;1508948;13/05/2026;4;342206;13/05/2026;GALA COMERCIO DE VEICULOS LTDA.;1,77E+13;PELOTAS;RS;13/05/2026;20/05/2026;20/05/2026;Entregue No Prazo;;Entrega realizada;Entrega Finalizada;20;5;13;5;TRANSTRY;23009;;;
MOBIS BRASIL FABRICACAO DE AUTO PECAS LT;RODOVIARIO;1508952;13/05/2026;10;342199;13/05/2026;ATUAL VEICULOS LTDA;1,33E+13;TUBARAO;SC;13/05/2026;20/05/2026;20/05/2026;Entregue No Prazo;;Entrega realizada;Entrega Finalizada;20;5;13;5;TRANSTRY;24001;;;
MOBIS BRASIL FABRICACAO DE AUTO PECAS LT;RODOVIARIO;1508916;13/05/2026;1;342232;13/05/2026;JPG MOTORS COMERCIO DE VEICULOS LTDA;2,91E+13;CAMPO GRANDE;MS;13/05/2026;21/05/2026;20/05/2026;Entregue No Prazo;;Entrega realizada;Entrega Finalizada;21;5;13;5;CARVALIMA;12005;;;
MOBIS BRASIL FABRICACAO DE AUTO PECAS LT;RODOVIARIO;1508987;13/05/2026;1;342187;13/05/2026;PRIVILLEGE DISTRIBUIDORA DE VEICULOS LTD;1,72E+13;PALMAS;TO;13/05/2026;22/05/2026;20/05/2026;Entregue No Prazo;;Entrega realizada;Entrega Finalizada;22;5;13;5;RIO VERMELHO;27003;;;
MOBIS BRASIL FABRICACAO DE AUTO PECAS LT;RODOVIARIO;1508917;13/05/2026;1;342224;13/05/2026;COMETA MATO GROSSO COM. DE VEICULOS LTDA;1,54E+13;SINOP;MT;13/05/2026;25/05/2026;20/05/2026;Entregue No Prazo;;Entrega realizada;Entrega Finalizada;25;5;13;5;CARVALIMA;13003;;;
MOBIS BRASIL FABRICACAO DE AUTO PECAS LT;RODOVIARIO;1508903;13/05/2026;3;342190;13/05/2026;SAGA KOREA COM. DE VEIC. E PC. LTDA;1,27E+13;ANAPOLIS;GO;13/05/2026;26/05/2026;20/05/2026;Entregue No Prazo;;Entrega realizada;Entrega Finalizada;26;5;13;5;RIO VERMELHO;9012;;;
MOBIS BRASIL FABRICACAO DE AUTO PECAS LT;RODOVIARIO;1508958;13/05/2026;4;342251;13/05/2026;SAINT LAND COMERCIO DE VEICULOS LTDA;1,04E+13;ARACAJU;SE;13/05/2026;26/05/2026;20/05/2026;Entregue No Prazo;;Entrega realizada;Entrega Finalizada;26;5;13;5;TERMACO;6010;;;
MOBIS BRASIL FABRICACAO DE AUTO PECAS LT;RODOVIARIO;1509453;13/05/2026;21;342252;13/05/2026;SEVEL VEICULOS LTDA;1,07E+13;ARACAJU;SE;13/05/2026;26/05/2026;20/05/2026;Entregue No Prazo;;Entrega realizada;Entrega Finalizada;26;5;13;5;TERMACO;25001;;;
MOBIS BRASIL FABRICACAO DE AUTO PECAS LT;RODOVIARIO;1508905;13/05/2026;1;342184;13/05/2026;NASA MOTORS LTDA.;2,65E+13;SAO LUIS DE MONTES BELOS;GO;13/05/2026;27/05/2026;20/05/2026;Entregue No Prazo;;Entrega realizada;Entrega Finalizada;27;5;13;5;RIO VERMELHO;9016;;;
MOBIS BRASIL FABRICACAO DE AUTO PECAS LT;RODOVIARIO;1509759;14/05/2026;1;342387;14/05/2026;GALA COMERCIO DE VEICULOS LTDA.;1,77E+13;PELOTAS;RS;14/05/2026;21/05/2026;20/05/2026;Entregue No Prazo;;Entrega realizada;Entrega Finalizada;21;5;14;5;TRANSTRY;23009;;;
MOBIS BRASIL FABRICACAO DE AUTO PECAS LT;RODOVIARIO;1509761;14/05/2026;1;342378;14/05/2026;ATUAL VEICULOS LTDA;1,33E+13;TUBARAO;SC;14/05/2026;21/05/2026;20/05/2026;Entregue No Prazo;;Entrega realizada;Entrega Finalizada;21;5;14;5;TRANSTRY;24001;;;
MOBIS BRASIL FABRICACAO DE AUTO PECAS LT;RODOVIARIO;1509713;14/05/2026;19;342371;14/05/2026;SAGA KOREA COM. DE VEIC. E PC. LTDA;1,27E+13;GOIANIA;GO;14/05/2026;22/05/2026;20/05/2026;Entregue No Prazo;;Entrega realizada;Entrega Finalizada;22;5;14;5;RIO VERMELHO;9011;;;
MOBIS BRASIL FABRICACAO DE AUTO PECAS LT;RODOVIARIO;1509703;14/05/2026;20;342417;14/05/2026;PATEO COMERCIO DE VEICULOS S A;7,78E+12;SALVADOR;BA;14/05/2026;26/05/2026;20/05/2026;Entregue No Prazo;;Entrega realizada;Entrega Finalizada;26;5;14;5;TERMACO;5003;;;
MOBIS BRASIL FABRICACAO DE AUTO PECAS LT;RODOVIARIO;1509725;14/05/2026;1;342405;14/05/2026;COMETA MATO GROSSO COM. DE VEICULOS LTDA;1,54E+13;SINOP;MT;14/05/2026;26/05/2026;20/05/2026;Entregue No Prazo;;Entrega realizada;Entrega Finalizada;26;5;14;5;CARVALIMA;13003;;;
MOBIS BRASIL FABRICACAO DE AUTO PECAS LT;RODOVIARIO;1509714;14/05/2026;6;342366;14/05/2026;NASA MOTORS LTDA.;2,65E+13;SAO LUIS DE MONTES BELOS;GO;14/05/2026;28/05/2026;20/05/2026;Entregue No Prazo;;Entrega realizada;Entrega Finalizada;28;5;14;5;RIO VERMELHO;9016;;;
MOBIS BRASIL FABRICACAO DE AUTO PECAS LT;RODOVIARIO;1509728;14/05/2026;2;342416;14/05/2026;NACIONAL NOVA MARABA DIST DE VEIC. LTDA;1,70E+13;MARABA;PA;14/05/2026;28/05/2026;20/05/2026;Entregue No Prazo;;Entrega realizada;Entrega Finalizada;28;5;14;5;CARVALIMA;14005;;;
MOBIS BRASIL FABRICACAO DE AUTO PECAS LT;RODOVIARIO;1509705;14/05/2026;1;342397;14/05/2026;AIKON VEICULOS LTDA;1,17E+13;ITABUNA;BA;14/05/2026;29/05/2026;20/05/2026;Entregue No Prazo;;Entrega realizada;Entrega Finalizada;29;5;14;5;TERMACO;5002;;;
MOBIS BRASIL FABRICACAO DE AUTO PECAS LT;RODOVIARIO;1510460;15/05/2026;2;342699;15/05/2026;BARI VEICULOS LTDA;7,46E+12;GUARAPUAVA;PR;15/05/2026;21/05/2026;20/05/2026;Entregue No Prazo;;Entrega realizada;Entrega Finalizada;21;5;15;5;TRANSTRY;18024;;;
MOBIS BRASIL FABRICACAO DE AUTO PECAS LT;RODOVIARIO;1510508;15/05/2026;12;342619;15/05/2026;DESTAQUE SEUL DISTR. DE VEIC. E PC. LTDA;2,12E+13;ATIBAIA;SP;15/05/2026;20/05/2026;20/05/2026;Entregue No Prazo;;Entrega realizada;Entrega Finalizada;20;5;15;5;MVT;26075;;;
MOBIS BRASIL FABRICACAO DE AUTO PECAS LT;RODOVIARIO;1510465;15/05/2026;2;342665;15/05/2026;CAOA MOTOR DO BRASIL LTDA;1,68E+13;RIO DE JANEIRO;RJ;15/05/2026;21/05/2026;20/05/2026;Entregue No Prazo;;Entrega realizada;Entrega Finalizada;21;5;15;5;CAMILO;5008;;;
MOBIS BRASIL FABRICACAO DE AUTO PECAS LT;RODOVIARIO;1510471;15/05/2026;6;342708;15/05/2026;HOUSE PARTS-COM. DE PCS. E VEICULOS LTDA;1,15E+13;PORTO ALEGRE;RS;15/05/2026;21/05/2026;20/05/2026;Entregue No Prazo;;Entrega realizada;Entrega Finalizada;21;5;15;5;TRANSTRY;23004;;;
MOBIS BRASIL FABRICACAO DE AUTO PECAS LT;RODOVIARIO;1510420;15/05/2026;2;342689;15/05/2026;TAI MOTORS VEICULOS S/A;9,27E+12;VITORIA;ES;15/05/2026;22/05/2026;20/05/2026;Entregue No Prazo;;Entrega realizada;Entrega Finalizada;22;5;15;5;CAMILO;8002;;;
MOBIS BRASIL FABRICACAO DE AUTO PECAS LT;RODOVIARIO;1510422;15/05/2026;1;342684;15/05/2026;PRIME VILA VELHA VEICULOS LTDA.;2,14E+13;VILA VELHA;ES;15/05/2026;22/05/2026;20/05/2026;Entregue No Prazo;;Entrega realizada;Entrega Finalizada;22;5;15;5;CAMILO;8005;;;
MOBIS BRASIL FABRICACAO DE AUTO PECAS LT;RODOVIARIO;1510466;15/05/2026;1;342677;15/05/2026;MONTREAL VEICULOS E PECAS LTDA;1,68E+13;SAO PEDRO DA ALDEIA;RJ;15/05/2026;22/05/2026;20/05/2026;Entregue No Prazo;;Entrega realizada;Entrega Finalizada;22;5;15;5;CAMILO;19030;;;
MOBIS BRASIL FABRICACAO DE AUTO PECAS LT;RODOVIARIO;1510477;15/05/2026;14;342695;15/05/2026;ATUAL VEICULOS LTDA;1,33E+13;ARARANGUA;SC;15/05/2026;22/05/2026;20/05/2026;Entregue No Prazo;;Entrega realizada;Entrega Finalizada;22;5;15;5;TRANSTRY;24001;;;
MOBIS BRASIL FABRICACAO DE AUTO PECAS LT;RODOVIARIO;1510479;15/05/2026;7;342697;15/05/2026;ATUAL VEICULOS LTDA;1,33E+13;TUBARAO;SC;15/05/2026;22/05/2026;20/05/2026;Entregue No Prazo;;Entrega realizada;Entrega Finalizada;22;5;15;5;TRANSTRY;24001;;;
MOBIS BRASIL FABRICACAO DE AUTO PECAS LT;RODOVIARIO;1510480;15/05/2026;14;342710;15/05/2026;LR COMERCIO DE VEICULOS LTDA;1,05E+13;SAO JOSE;SC;15/05/2026;22/05/2026;20/05/2026;Entregue No Prazo;;Entrega realizada;Entrega Finalizada;22;5;15;5;TRANSTRY;24007;;;
MOBIS BRASIL FABRICACAO DE AUTO PECAS LT;RODOVIARIO;1510481;15/05/2026;2;342701;15/05/2026;BARI VEICULOS LTDA;7,46E+12;BLUMENAU;SC;15/05/2026;22/05/2026;20/05/2026;Entregue No Prazo;;Entrega realizada;Entrega Finalizada;22;5;15;5;TRANSTRY;18024;;;
MOBIS BRASIL FABRICACAO DE AUTO PECAS LT;RODOVIARIO;1510482;15/05/2026;16;342701;15/05/2026;BARI VEICULOS LTDA;7,46E+12;BLUMENAU;SC;15/05/2026;22/05/2026;20/05/2026;Entregue No Prazo;;Entrega realizada;Entrega Finalizada;22;5;15;5;TRANSTRY;18024;;;
MOBIS BRASIL FABRICACAO DE AUTO PECAS LT;RODOVIARIO;1510421;15/05/2026;2;342683;15/05/2026;PRIME CACHOEIRO VEICULOS LTDA;9,34E+12;LINHARES;ES;15/05/2026;25/05/2026;20/05/2026;Entregue No Prazo;;Entrega realizada;Entrega Finalizada;25;5;15;5;CAMILO;8004;;;
MOBIS BRASIL FABRICACAO DE AUTO PECAS LT;RODOVIARIO;1510423;15/05/2026;2;342688;15/05/2026;TAI MOTORS VEICULOS S/A;9,27E+12;COLATINA;ES;15/05/2026;25/05/2026;20/05/2026;Entregue No Prazo;;Entrega realizada;Entrega Finalizada;25;5;15;5;CAMILO;8002;;;
MOBIS BRASIL FABRICACAO DE AUTO PECAS LT;RODOVIARIO;1511237;18/05/2026;13;342936;18/05/2026;LOVAT VEICULOS S/A;8,57E+12;LONDRINA;PR;18/05/2026;22/05/2026;20/05/2026;Entregue No Prazo;;Entrega realizada;Entrega Finalizada;22;5;18;5;TRANSTRY;18008;;;
MOBIS BRASIL FABRICACAO DE AUTO PECAS LT;RODOVIARIO;1511273;18/05/2026;1;342930;18/05/2026;CHINHAN AUTOMOVEIS LTDA;2,41E+13;CONCORDIA;SC;18/05/2026;26/05/2026;20/05/2026;Entregue No Prazo;;Entrega realizada;Entrega Finalizada;26;5;18;5;TRANSTRY;23019;;;
MOBIS BRASIL FABRICACAO DE AUTO PECAS LT;RODOVIARIO;1511217;18/05/2026;15;342859;18/05/2026;CARBEL KOREA VEICULOS LTDA;2,07E+13;BELO HORIZONTE;MG;18/05/2026;21/05/2026;20/05/2026;Entregue No Prazo;;Entrega realizada;Entrega Finalizada;21;5;18;5;XD BETIM;11021;;;
MOBIS BRASIL FABRICACAO DE AUTO PECAS LT;RODOVIARIO;1511224;18/05/2026;1;342852;18/05/2026;BDG AUTOVILLE VEICULOS LTDA;4,77E+13;CONTAGEM;MG;18/05/2026;21/05/2026;20/05/2026;Entregue No Prazo;;Entrega realizada;Entrega Finalizada;21;5;18;5;XD BETIM;11037;;;
MOBIS BRASIL FABRICACAO DE AUTO PECAS LT;RODOVIARIO;1511225;18/05/2026;61;342852;18/05/2026;BDG AUTOVILLE VEICULOS LTDA;4,77E+13;CONTAGEM;MG;18/05/2026;21/05/2026;20/05/2026;Entregue No Prazo;;Entrega realizada;Entrega Finalizada;21;5;18;5;XD BETIM;11037;;;
MOBIS BRASIL FABRICACAO DE AUTO PECAS LT;RODOVIARIO;1511279;18/05/2026;1;342953;18/05/2026;MOTONET COMERCIO DE VEICULOS LTDA;9,28E+12;SOROCABA;SP;18/05/2026;21/05/2026;20/05/2026;Entregue No Prazo;;Entrega realizada;Entrega Finalizada;21;5;18;5;MVT;26113;;;
MOBIS BRASIL FABRICACAO DE AUTO PECAS LT;RODOVIARIO;1511280;18/05/2026;1;342954;18/05/2026;NEW VEICULOS E PECAS LTDA;1,59E+13;RIBEIRAO PRETO;SP;18/05/2026;21/05/2026;20/05/2026;Entregue No Prazo;;Entrega realizada;Entrega Finalizada;21;5;18;5;MVT;26014;;;
MOBIS BRASIL FABRICACAO DE AUTO PECAS LT;RODOVIARIO;1511293;18/05/2026;2;342944;18/05/2026;DESTAQUE SEUL DISTR. DE VEIC. E PC. LTDA;2,12E+13;ATIBAIA;SP;18/05/2026;21/05/2026;20/05/2026;Entregue No Prazo;;Entrega realizada;Entrega Finalizada;21;5;18;5;MVT;26075;;;
MOBIS BRASIL FABRICACAO DE AUTO PECAS LT;RODOVIARIO;1511299;18/05/2026;1;342950;18/05/2026;H - CAMINHO AUTOMOVEIS LTDA;2,53E+13;LIMEIRA;SP;18/05/2026;21/05/2026;20/05/2026;Entregue No Prazo;;Entrega realizada;Entrega Finalizada;21;5;18;5;MVT;26092;;;
MOBIS BRASIL FABRICACAO DE AUTO PECAS LT;RODOVIARIO;1511211;18/05/2026;4;342878;18/05/2026;URCA MOTORS VEICULOS LTDA;8,77E+12;UBERLANDIA;MG;18/05/2026;22/05/2026;20/05/2026;Entregue No Prazo;;Entrega realizada;Entrega Finalizada;22;5;18;5;XD BETIM;9014;;;
MOBIS BRASIL FABRICACAO DE AUTO PECAS LT;RODOVIARIO;1511213;18/05/2026;1;342875;18/05/2026;TOKSU COMERCIO DE VEICULOS LTDA;1,12E+13;JUIZ DE FORA;MG;18/05/2026;22/05/2026;20/05/2026;Entregue No Prazo;;Entrega realizada;Entrega Finalizada;22;5;18;5;XD BETIM;11008;;;
MOBIS BRASIL FABRICACAO DE AUTO PECAS LT;RODOVIARIO;1511223;18/05/2026;1;342879;18/05/2026;URCA MOTORS VEICULOS LTDA;8,77E+12;PATOS DE MINAS;MG;18/05/2026;22/05/2026;20/05/2026;Entregue No Prazo;;Entrega realizada;Entrega Finalizada;22;5;18;5;XD BETIM;9014;;;
MOBIS BRASIL FABRICACAO DE AUTO PECAS LT;RODOVIARIO;1511243;18/05/2026;6;342900;18/05/2026;ITAVEMA MOTORS VEICULOS LTDA;7,73E+12;DUQUE DE CAXIAS;RJ;18/05/2026;22/05/2026;20/05/2026;Entregue No Prazo;;Entrega realizada;Entrega Finalizada;22;5;18;5;CAMILO;19001;;;
MOBIS BRASIL FABRICACAO DE AUTO PECAS LT;RODOVIARIO;1511247;18/05/2026;1;342888;18/05/2026;CAOA MOTOR DO BRASIL LTDA;1,68E+13;RIO DE JANEIRO;RJ;18/05/2026;22/05/2026;20/05/2026;Entregue No Prazo;;Entrega realizada;Entrega Finalizada;22;5;18;5;CAMILO;5008;;;
MOBIS BRASIL FABRICACAO DE AUTO PECAS LT;RODOVIARIO;1511249;18/05/2026;1;342889;18/05/2026;CAOA MOTOR DO BRASIL LTDA;1,68E+13;RIO DE JANEIRO;RJ;18/05/2026;22/05/2026;20/05/2026;Entregue No Prazo;;Entrega realizada;Entrega Finalizada;22;5;18;5;CAMILO;5008;;;
MOBIS BRASIL FABRICACAO DE AUTO PECAS LT;RODOVIARIO;1511252;18/05/2026;1;342890;18/05/2026;CAOA MOTOR DO BRASIL LTDA;1,68E+13;RIO DE JANEIRO;RJ;18/05/2026;22/05/2026;20/05/2026;Entregue No Prazo;;Entrega realizada;Entrega Finalizada;22;5;18;5;CAMILO;5008;;;
MOBIS BRASIL FABRICACAO DE AUTO PECAS LT;RODOVIARIO;1511258;18/05/2026;1;342935;18/05/2026;HOUSE PARTS-COM. DE PCS. E VEICULOS LTDA;1,15E+13;PORTO ALEGRE;RS;18/05/2026;22/05/2026;20/05/2026;Entregue No Prazo;;Entrega realizada;Entrega Finalizada;22;5;18;5;TRANSTRY;23004;;;
MOBIS BRASIL FABRICACAO DE AUTO PECAS LT;RODOVIARIO;1511259;18/05/2026;4;342935;18/05/2026;HOUSE PARTS-COM. DE PCS. E VEICULOS LTDA;1,15E+13;PORTO ALEGRE;RS;18/05/2026;22/05/2026;20/05/2026;Entregue No Prazo;;Entrega realizada;Entrega Finalizada;22;5;18;5;TRANSTRY;23004;;;
MOBIS BRASIL FABRICACAO DE AUTO PECAS LT;RODOVIARIO;1511295;18/05/2026;1;342945;18/05/2026;DESTAQUE SEUL DISTR DE VEIC PEC LTDA;2,12E+13;CARAGUATATUBA;SP;18/05/2026;22/05/2026;20/05/2026;Entregue No Prazo;;Entrega realizada;Entrega Finalizada;22;5;18;5;MVT;26082;;;
MOBIS BRASIL FABRICACAO DE AUTO PECAS LT;RODOVIARIO;1511298;18/05/2026;3;342949;18/05/2026;H - CAMINHO AUTOMOVEIS LTDA;2,53E+13;PIRACICABA;SP;18/05/2026;22/05/2026;20/05/2026;Entregue No Prazo;;Entrega realizada;Entrega Finalizada;22;5;18;5;MVT;26092;;;
MOBIS BRASIL FABRICACAO DE AUTO PECAS LT;RODOVIARIO;1511300;18/05/2026;2;342947;18/05/2026;DHC COMERCIO DE VEICULOS E PECAS LTDA;9,52E+12;OURINHOS;SP;18/05/2026;22/05/2026;20/05/2026;Entregue No Prazo;;Entrega realizada;Entrega Finalizada;22;5;18;5;MVT;26010;;;
MOBIS BRASIL FABRICACAO DE AUTO PECAS LT;RODOVIARIO;1511301;18/05/2026;1;342948;18/05/2026;H - CAMINHO AUTOMOVEIS LTDA;2,53E+13;CATANDUVA;SP;18/05/2026;22/05/2026;20/05/2026;Entregue No Prazo;;Entrega realizada;Entrega Finalizada;22;5;18;5;MVT;26092;;;
MOBIS BRASIL FABRICACAO DE AUTO PECAS LT;RODOVIARIO;1511212;18/05/2026;1;342873;18/05/2026;TOKSU COMERCIO DE VEICULOS LTDA;1,12E+13;BARBACENA;MG;18/05/2026;25/05/2026;20/05/2026;Entregue No Prazo;;Entrega realizada;Entrega Finalizada;25;5;18;5;XD BETIM;11008;;;
MOBIS BRASIL FABRICACAO DE AUTO PECAS LT;RODOVIARIO;1511245;18/05/2026;2;342897;18/05/2026;GRAFFITI VEICULOS LTDA.;1,71E+13;ITAPERUNA;RJ;18/05/2026;25/05/2026;20/05/2026;Entregue No Prazo;;Entrega realizada;Entrega Finalizada;25;5;18;5;CAMILO;19015;;;
MOBIS BRASIL FABRICACAO DE AUTO PECAS LT;RODOVIARIO;1511246;18/05/2026;3;342919;18/05/2026;VIA VR VEICULOS LTDA;1,73E+13;VOLTA REDONDA;RJ;18/05/2026;25/05/2026;20/05/2026;Entregue No Prazo;;Entrega realizada;Entrega Finalizada;25;5;18;5;CAMILO;19016;;;
MOBIS BRASIL FABRICACAO DE AUTO PECAS LT;RODOVIARIO;1512190;19/05/2026;2;343089;19/05/2026;BILLY DISTRIBUIDORA DE VEICULOS LTDA;1,34E+13;BARUERI;SP;19/05/2026;21/05/2026;20/05/2026;Entregue No Prazo;;Entrega realizada;Entrega Finalizada;21;5;19;5;XD DIADEMA;26003;;;
MOBIS BRASIL FABRICACAO DE AUTO PECAS LT;RODOVIARIO;1512202;19/05/2026;2;343096;19/05/2026;CAOA MOTOR DO BRASIL LTDA (VL PRUDENTE);1,68E+13;SAO PAULO;SP;19/05/2026;21/05/2026;20/05/2026;Entregue No Prazo;;Entrega realizada;Entrega Finalizada;21;5;19;5;XD DIADEMA;26051;;;
MOBIS BRASIL FABRICACAO DE AUTO PECAS LT;RODOVIARIO;1512203;19/05/2026;1;343095;19/05/2026;CAOA MOTOR DO BRASIL LTDA (IPIRANGA);1,68E+13;SAO PAULO;SP;19/05/2026;21/05/2026;20/05/2026;Entregue No Prazo;;Entrega realizada;Entrega Finalizada;21;5;19;5;XD DIADEMA;26054;;;
MOBIS BRASIL FABRICACAO DE AUTO PECAS LT;RODOVIARIO;1512208;19/05/2026;2;343090;19/05/2026;BILLY DISTRIBUIDORA DE VEICULOS LTDA;1,34E+13;SAO PAULO;SP;19/05/2026;21/05/2026;20/05/2026;Entregue No Prazo;;Entrega realizada;Entrega Finalizada;21;5;19;5;XD DIADEMA;26003;;;
MOBIS BRASIL FABRICACAO DE AUTO PECAS LT;RODOVIARIO;1512213;19/05/2026;1;343099;19/05/2026;CHS MOTORS VEICULOS PECAS E SERV. LTDA;1,69E+13;OSASCO;SP;19/05/2026;21/05/2026;20/05/2026;Entregue No Prazo;;Entrega realizada;Entrega Finalizada;21;5;19;5;XD DIADEMA;26106;;;
MOBIS BRASIL FABRICACAO DE AUTO PECAS LT;RODOVIARIO;1512214;19/05/2026;1;343097;19/05/2026;CAOA MOTOR DO BRASIL LTDA(RAP. TAVARES);1,68E+13;SAO PAULO;SP;19/05/2026;21/05/2026;20/05/2026;Entregue No Prazo;;Entrega realizada;Entrega Finalizada;21;5;19;5;XD DIADEMA;26109;;;
MOBIS BRASIL FABRICACAO DE AUTO PECAS LT;RODOVIARIO;1512192;19/05/2026;4;343083;19/05/2026;DHC COMERCIO DE VEICULOS E PECAS LTDA;9,52E+12;BAURU;SP;19/05/2026;22/05/2026;20/05/2026;Entregue No Prazo;;Entrega realizada;Entrega Finalizada;22;5;19;5;MVT;26010;;;
MOBIS BRASIL FABRICACAO DE AUTO PECAS LT;RODOVIARIO;1512206;19/05/2026;1;343092;19/05/2026;CAOA MOTOR DO BRASIL LTDA;1,68E+13;TAUBATE;SP;19/05/2026;22/05/2026;20/05/2026;Entregue No Prazo;;Entrega realizada;Entrega Finalizada;22;5;19;5;XD DIADEMA;5008;;;
MOBIS BRASIL FABRICACAO DE AUTO PECAS LT;RODOVIARIO;1512211;19/05/2026;2;343093;19/05/2026;CAOA MOTOR DO BRASIL LTDA;1,68E+13;SANTOS;SP;19/05/2026;22/05/2026;20/05/2026;Entregue No Prazo;;Entrega realizada;Entrega Finalizada;22;5;19;5;XD DIADEMA;5008;;;
MOBIS BRASIL FABRICACAO DE AUTO PECAS LT;RODOVIARIO;1512210;19/05/2026;8;343091;19/05/2026;CAOA MOTOR DO BRASIL LTDA;1,68E+13;PRAIA GRANDE;SP;19/05/2026;25/05/2026;20/05/2026;Entregue No Prazo;;Entrega realizada;Entrega Finalizada;25;5;19;5;XD DIADEMA;5008;;;
MOBIS BRASIL FABRICACAO DE AUTO PECAS LT;RODOVIARIO;1512197;19/05/2026;2;343266;20/05/2026;BILLY DISTRIBUIDORA DE VEICULOS LTDA;1,34E+13;SAO CAETANO DO SUL;SP;20/05/2026;22/05/2026;20/05/2026;Entregue No Prazo;;Entrega realizada;Entrega Finalizada;22;5;20;5;XD DIADEMA;26003;;;
MOBIS BRASIL FABRICACAO DE AUTO PECAS LT;RODOVIARIO;1512198;19/05/2026;63;343266;20/05/2026;BILLY DISTRIBUIDORA DE VEICULOS LTDA;1,34E+13;SAO CAETANO DO SUL;SP;20/05/2026;22/05/2026;20/05/2026;Entregue No Prazo;;Entrega realizada;Entrega Finalizada;22;5;20;5;XD DIADEMA;26003;;;
MOBIS BRASIL FABRICACAO DE AUTO PECAS LT;RODOVIARIO;1512212;19/05/2026;15;343267;20/05/2026;GRANDAY AUTOMOTORES LTDA (CHAC. CALIFOR);1,57E+13;SAO PAULO;SP;20/05/2026;22/05/2026;20/05/2026;Entregue No Prazo;;Entrega realizada;Entrega Finalizada;22;5;20;5;XD DIADEMA;26090;;;
MOBIS BRASIL FABRICACAO DE AUTO PECAS LT;RODOVIARIO;1512200;19/05/2026;2;343268;20/05/2026;H R B COMERCIO DE VEICULOS LTDA;1,82E+13;SAO JOSE DO RIO PRETO;SP;20/05/2026;26/05/2026;20/05/2026;Entregue No Prazo;;Entrega realizada;Entrega Finalizada;26;5;20;5;XD DIADEMA;26050;;;
MOBIS BRASIL FABRICACAO DE AUTO PECAS LT;RODOVIARIO;1512201;19/05/2026;70;343268;20/05/2026;H R B COMERCIO DE VEICULOS LTDA;1,82E+13;SAO JOSE DO RIO PRETO;SP;20/05/2026;26/05/2026;20/05/2026;Entregue No Prazo;;Entrega realizada;Entrega Finalizada;26;5;20;5;XD DIADEMA;26050;;;
MOBIS BRASIL FABRICACAO DE AUTO PECAS LT;RODOVIARIO;1510437;15/05/2026;1;342638;15/05/2026;GNC GRANDE COREIA MINAS GERAIS COMERCIO;4,27E+13;MONTES CLAROS;MG;15/05/2026;22/05/2026;20/05/2026;Entregue No Prazo;;Entrega realizada;Entrega Finalizada;22;5;15;5;XD BETIM;11035;;;
MOBIS BRASIL FABRICACAO DE AUTO PECAS LT;RODOVIARIO;1511222;18/05/2026;3;342860;18/05/2026;GNC GRANDE COREIA MINAS GERAIS COMERCIO;4,27E+13;MONTES CLAROS;MG;18/05/2026;25/05/2026;20/05/2026;Entregue No Prazo;;Entrega realizada;Entrega Finalizada;25;5;18;5;XD BETIM;11035;;;
MOBIS BRASIL FABRICACAO DE AUTO PECAS LT;RODOVIARIO;1511215;18/05/2026;1;342883;18/05/2026;VITAL COMERCIO DE VEICULOS LTDA;1,05E+13;IPATINGA;MG;18/05/2026;25/05/2026;20/05/2026;Entregue No Prazo;;Entrega realizada;Entrega Finalizada;25;5;18;5;XD BETIM;11016;;;
MOBIS BRASIL FABRICACAO DE AUTO PECAS LT;RODOVIARIO;1511219;18/05/2026;4;342880;18/05/2026;VIME AUTOMOVEIS E PECAS LTDA;2,85E+13;GUAXUPE;MG;18/05/2026;25/05/2026;20/05/2026;Entregue No Prazo;;Entrega realizada;Entrega Finalizada;25;5;18;5;XD BETIM;11031;;;
MOBIS BRASIL FABRICACAO DE AUTO PECAS LT;RODOVIARIO;1511218;18/05/2026;1;342874;18/05/2026;TOKSU COMERCIO DE VEICULOS LTDA;1,12E+13;VARGINHA;MG;18/05/2026;22/05/2026;20/05/2026;Entregue No Prazo;;Entrega realizada;Entrega Finalizada;22;5;18;5;XD BETIM;11008;;;
MOBIS BRASIL FABRICACAO DE AUTO PECAS LT;RODOVIARIO;1491252;09/04/2026;2;336741;09/04/2026;MISO VEICULOS LTDA;1,85E+13;MACAPA;AP;09/04/2026;30/04/2026;21/05/2026;Entregue Fora do Prazo;;Entrega realizada;Entrega Finalizada;30;4;9;4;NORTEX;4001;;;
MOBIS BRASIL FABRICACAO DE AUTO PECAS LT;RODOVIARIO;1503367;30/04/2026;1;340552;30/04/2026;COMETA JI PARANA COM. DE VEIC. LTDA;4,23E+12;JIPARANA;RO;30/04/2026;21/05/2026;21/05/2026;Entregue No Prazo;;Entrega realizada;Entrega Finalizada;21;5;30;4;CARVALIMA;21002;;;
MOBIS BRASIL FABRICACAO DE AUTO PECAS LT;RODOVIARIO;1505916;07/05/2026;1;341286;07/05/2026;ORVEL AUTOMOTOR HYD LTDA;2,52E+13;TEIXEIRA DE FREITAS;BA;07/05/2026;22/05/2026;21/05/2026;Entregue No Prazo;;Entrega realizada;Entrega Finalizada;22;5;7;5;TERMACO;5011;;;
MOBIS BRASIL FABRICACAO DE AUTO PECAS LT;RODOVIARIO;1506737;08/05/2026;1;341538;08/05/2026;ORVEL AUTOMOTOR HYD LTDA;2,52E+13;TEIXEIRA DE FREITAS;BA;08/05/2026;25/05/2026;21/05/2026;Entregue No Prazo;;Entrega realizada;Entrega Finalizada;25;5;8;5;TERMACO;5011;;;
MOBIS BRASIL FABRICACAO DE AUTO PECAS LT;RODOVIARIO;1507404;11/05/2026;4;341775;11/05/2026;UNIQUE COMERCIO DE AUTOMOVEIS LTDA;1,74E+13;ANANINDEUA;PA;11/05/2026;22/05/2026;21/05/2026;Entregue No Prazo;;Entrega realizada;Entrega Finalizada;22;5;11;5;CARVALIMA;14003;;;
MOBIS BRASIL FABRICACAO DE AUTO PECAS LT;RODOVIARIO;1507375;11/05/2026;1;341761;11/05/2026;ORVEL AUTOMOTOR HYD LTDA;2,52E+13;TEIXEIRA DE FREITAS;BA;11/05/2026;26/05/2026;21/05/2026;Entregue No Prazo;;Entrega realizada;Entrega Finalizada;26;5;11;5;TERMACO;5011;;;
MOBIS BRASIL FABRICACAO DE AUTO PECAS LT;RODOVIARIO;1507408;11/05/2026;1;341765;11/05/2026;PATEO COMERCIO DE VEICULOS S A;7,78E+12;JOAO PESSOA;PB;11/05/2026;26/05/2026;21/05/2026;Entregue No Prazo;;Entrega realizada;Entrega Finalizada;26;5;11;5;TERMACO;15003;;;
MOBIS BRASIL FABRICACAO DE AUTO PECAS LT;RODOVIARIO;1507412;11/05/2026;3;341738;11/05/2026;AUTORAC VEICULOS LTDA;1,06E+13;PETROLINA;PE;11/05/2026;27/05/2026;21/05/2026;Entregue No Prazo;;Entrega realizada;Entrega Finalizada;27;5;11;5;TERMACO;16001;;;
MOBIS BRASIL FABRICACAO DE AUTO PECAS LT;RODOVIARIO;1508571;12/05/2026;29;341999;12/05/2026;ITAVEMA MOTORS VEICULOS LTDA;7,73E+12;RIO DE JANEIRO;RJ;12/05/2026;18/05/2026;21/05/2026;Entregue No Prazo;;Entrega realizada;Entrega Finalizada;18;5;12;5;CAMILO;19001;;;
MOBIS BRASIL FABRICACAO DE AUTO PECAS LT;RODOVIARIO;1508066;12/05/2026;2;341994;12/05/2026;FAZZA MOTORS COM. DE VEICULOS LTDA;1,24E+13;FORTALEZA;CE;12/05/2026;26/05/2026;21/05/2026;Entregue No Prazo;;Entrega realizada;Entrega Finalizada;26;5;12;5;TERMACO;6001;;;
MOBIS BRASIL FABRICACAO DE AUTO PECAS LT;RODOVIARIO;1508067;12/05/2026;4;341994;12/05/2026;FAZZA MOTORS COM. DE VEICULOS LTDA;1,24E+13;FORTALEZA;CE;12/05/2026;26/05/2026;21/05/2026;Entregue No Prazo;;Entrega realizada;Entrega Finalizada;26;5;12;5;TERMACO;6001;;;
MOBIS BRASIL FABRICACAO DE AUTO PECAS LT;RODOVIARIO;1508063;12/05/2026;1;342006;12/05/2026;ORVEL AUTOMOTOR HYD LTDA;2,52E+13;TEIXEIRA DE FREITAS;BA;12/05/2026;27/05/2026;21/05/2026;Entregue No Prazo;;Entrega realizada;Entrega Finalizada;27;5;12;5;TERMACO;5011;;;
MOBIS BRASIL FABRICACAO DE AUTO PECAS LT;RODOVIARIO;1508099;12/05/2026;1;342009;12/05/2026;PATEO COMERCIO DE VEICULOS S A;7,78E+12;JOAO PESSOA;PB;12/05/2026;27/05/2026;21/05/2026;Entregue No Prazo;;Entrega realizada;Entrega Finalizada;27;5;12;5;TERMACO;15003;;;
MOBIS BRASIL FABRICACAO DE AUTO PECAS LT;RODOVIARIO;1508106;12/05/2026;1;341986;12/05/2026;AUTORAC VEICULOS LTDA;1,06E+13;PETROLINA;PE;12/05/2026;28/05/2026;21/05/2026;Entregue No Prazo;;Entrega realizada;Entrega Finalizada;28;5;12;5;TERMACO;16001;;;
MOBIS BRASIL FABRICACAO DE AUTO PECAS LT;RODOVIARIO;1508093;12/05/2026;7;342018;12/05/2026;ULSAN COMERCIO DE VEICULOS LTDA.;2,10E+13;CAMPO GRANDE;MS;12/05/2026;20/05/2026;21/05/2026;Entregue Fora do Prazo;;Entrega realizada;Entrega Finalizada;20;5;12;5;CARVALIMA;12004;;;
MOBIS BRASIL FABRICACAO DE AUTO PECAS LT;RODOVIARIO;1508094;12/05/2026;1;342001;12/05/2026;JPG MOTORS COMERCIO DE VEICULOS LTDA;2,91E+13;CAMPO GRANDE;MS;12/05/2026;20/05/2026;21/05/2026;Entregue Fora do Prazo;;Entrega realizada;Entrega Finalizada;20;5;12;5;CARVALIMA;12005;;;
MOBIS BRASIL FABRICACAO DE AUTO PECAS LT;RODOVIARIO;1509434;13/05/2026;14;342231;13/05/2026;ITAVEMA MOTORS VEICULOS LTDA;7,73E+12;RIO DE JANEIRO;RJ;13/05/2026;19/05/2026;21/05/2026;Entregue No Prazo;;Entrega realizada;Entrega Finalizada;19;5;13;5;CAMILO;19001;;;
MOBIS BRASIL FABRICACAO DE AUTO PECAS LT;RODOVIARIO;1508988;13/05/2026;9;342187;13/05/2026;PRIVILLEGE DISTRIBUIDORA DE VEICULOS LTD;1,72E+13;PALMAS;TO;13/05/2026;22/05/2026;21/05/2026;Entregue No Prazo;;Entrega realizada;Entrega Finalizada;22;5;13;5;RIO VERMELHO;27003;;;
MOBIS BRASIL FABRICACAO DE AUTO PECAS LT;RODOVIARIO;1508886;13/05/2026;1;342228;13/05/2026;FAZZA MOTORS COMERCIO DE VEICULOS LTDA;1,24E+13;SALVADOR;BA;13/05/2026;25/05/2026;21/05/2026;Entregue No Prazo;;Entrega realizada;Entrega Finalizada;25;5;13;5;TERMACO;5007;;;
MOBIS BRASIL FABRICACAO DE AUTO PECAS LT;RODOVIARIO;1508887;13/05/2026;2;342228;13/05/2026;FAZZA MOTORS COMERCIO DE VEICULOS LTDA;1,24E+13;SALVADOR;BA;13/05/2026;25/05/2026;21/05/2026;Entregue No Prazo;;Entrega realizada;Entrega Finalizada;25;5;13;5;TERMACO;5007;;;
MOBIS BRASIL FABRICACAO DE AUTO PECAS LT;RODOVIARIO;1508919;13/05/2026;1;342254;13/05/2026;UNIQUE COMERCIO DE AUTOMOVEIS LTDA;1,74E+13;ANANINDEUA;PA;13/05/2026;26/05/2026;21/05/2026;Entregue No Prazo;;Entrega realizada;Entrega Finalizada;26;5;13;5;CARVALIMA;14003;;;
MOBIS BRASIL FABRICACAO DE AUTO PECAS LT;RODOVIARIO;1508890;13/05/2026;4;342241;13/05/2026;ORVEL AUTOMOTOR HYD LTDA;2,52E+13;TEIXEIRA DE FREITAS;BA;13/05/2026;28/05/2026;21/05/2026;Entregue No Prazo;;Entrega realizada;Entrega Finalizada;28;5;13;5;TERMACO;5011;;;
MOBIS BRASIL FABRICACAO DE AUTO PECAS LT;RODOVIARIO;1508945;13/05/2026;1;342249;13/05/2026;SAINT LAND COMERCIO DE VEICULOS LTDA;1,04E+13;NATAL;RN;13/05/2026;28/05/2026;21/05/2026;Entregue No Prazo;;Entrega realizada;Entrega Finalizada;28;5;13;5;TERMACO;6010;;;
MOBIS BRASIL FABRICACAO DE AUTO PECAS LT;RODOVIARIO;1508942;13/05/2026;3;342240;13/05/2026;ORIENTE AUTOMOVEIS LTDA;1,33E+13;PARNAMIRIM;RN;13/05/2026;29/05/2026;21/05/2026;Entregue No Prazo;;Entrega realizada;Entrega Finalizada;29;5;13;5;TERMACO;20001;;;
MOBIS BRASIL FABRICACAO DE AUTO PECAS LT;RODOVIARIO;1508943;13/05/2026;9;342240;13/05/2026;ORIENTE AUTOMOVEIS LTDA;1,33E+13;PARNAMIRIM;RN;13/05/2026;29/05/2026;21/05/2026;Entregue No Prazo;;Entrega realizada;Entrega Finalizada;29;5;13;5;TERMACO;20001;;;
MOBIS BRASIL FABRICACAO DE AUTO PECAS LT;RODOVIARIO;1508946;13/05/2026;3;342226;13/05/2026;COMETA RONDONIA COMERCIO DE VEICULO;4,23E+12;VILHENA;RO;13/05/2026;29/05/2026;21/05/2026;Entregue No Prazo;;Entrega realizada;Entrega Finalizada;29;5;13;5;CARVALIMA;#N/D;;;
MOBIS BRASIL FABRICACAO DE AUTO PECAS LT;RODOVIARIO;1509796;14/05/2026;3;342392;14/05/2026;SEVEC VEICULOS LTDA;5,68E+11;CURITIBA;PR;14/05/2026;19/05/2026;21/05/2026;Entregue Fora do Prazo;;Entrega realizada;Entrega Finalizada;19;5;14;5;TRANSTRY;18012;;;
MOBIS BRASIL FABRICACAO DE AUTO PECAS LT;RODOVIARIO;1509751;14/05/2026;5;342400;14/05/2026;CAOA MOTOR DO BRASIL LTDA;1,68E+13;RIO DE JANEIRO;RJ;14/05/2026;20/05/2026;21/05/2026;Entregue Fora do Prazo;;Entrega realizada;Entrega Finalizada;20;5;14;5;CAMILO;5008;;;
MOBIS BRASIL FABRICACAO DE AUTO PECAS LT;RODOVIARIO;1510272;14/05/2026;2;342412;14/05/2026;ITAVEMA MOTORS VEICULOS LTDA;7,73E+12;RIO DE JANEIRO;RJ;14/05/2026;20/05/2026;21/05/2026;Entregue No Prazo;;Entrega realizada;Entrega Finalizada;20;5;14;5;CAMILO;19001;;;
MOBIS BRASIL FABRICACAO DE AUTO PECAS LT;RODOVIARIO;1509704;14/05/2026;1;342407;14/05/2026;FAZZA MOTORS COMERCIO DE VEICULOS LTDA;1,24E+13;SALVADOR;BA;14/05/2026;26/05/2026;21/05/2026;Entregue No Prazo;;Entrega realizada;Entrega Finalizada;26;5;14;5;TERMACO;5007;;;
MOBIS BRASIL FABRICACAO DE AUTO PECAS LT;RODOVIARIO;1509727;14/05/2026;2;342430;14/05/2026;UNIQUE COMERCIO DE AUTOMOVEIS LTDA;1,74E+13;ANANINDEUA;PA;14/05/2026;27/05/2026;21/05/2026;Entregue No Prazo;;Entrega realizada;Entrega Finalizada;27;5;14;5;CARVALIMA;14003;;;
MOBIS BRASIL FABRICACAO DE AUTO PECAS LT;RODOVIARIO;1509701;14/05/2026;1;342406;14/05/2026;CYCOSA AUTOMOVEIS LTDA;4,76E+12;MACEIO;AL;14/05/2026;28/05/2026;21/05/2026;Entregue No Prazo;;Entrega realizada;Entrega Finalizada;28;5;14;5;TERMACO;2001;;;
MOBIS BRASIL FABRICACAO DE AUTO PECAS LT;RODOVIARIO;1509755;14/05/2026;1;342403;14/05/2026;COMETA JI PARANA COM. DE VEIC. LTDA;4,23E+12;JIPARANA;RO;14/05/2026;02/06/2026;21/05/2026;Entregue No Prazo;;Entrega realizada;Entrega Finalizada;2;6;14;5;CARVALIMA;21002;;;
MOBIS BRASIL FABRICACAO DE AUTO PECAS LT;RODOVIARIO;1509722;14/05/2026;1;342408;14/05/2026;GOLDEN MOTORS VEICULOS LTDA;3,62E+12;DOURADOS;MS;14/05/2026;22/05/2026;21/05/2026;Entregue No Prazo;;Entrega realizada;Entrega Finalizada;22;5;14;5;CARVALIMA;12001;;;
MOBIS BRASIL FABRICACAO DE AUTO PECAS LT;RODOVIARIO;1509723;14/05/2026;6;342428;14/05/2026;ULSAN COMERCIO DE VEICULOS LTDA.;2,10E+13;CAMPO GRANDE;MS;14/05/2026;22/05/2026;21/05/2026;Entregue No Prazo;;Entrega realizada;Entrega Finalizada;22;5;14;5;CARVALIMA;12004;;;
MOBIS BRASIL FABRICACAO DE AUTO PECAS LT;RODOVIARIO;1509724;14/05/2026;2;342414;14/05/2026;JPG MOTORS COMERCIO DE VEICULOS LTDA;2,91E+13;CAMPO GRANDE;MS;14/05/2026;22/05/2026;21/05/2026;Entregue No Prazo;;Entrega realizada;Entrega Finalizada;22;5;14;5;CARVALIMA;12005;;;
MOBIS BRASIL FABRICACAO DE AUTO PECAS LT;RODOVIARIO;1510472;15/05/2026;1;342703;15/05/2026;CARWAY SUL VEICULOS LTDA;1,03E+13;CANOAS;RS;15/05/2026;21/05/2026;21/05/2026;Entregue No Prazo;;Entrega realizada;Entrega Finalizada;21;5;15;5;TRANSTRY;23003;;;
MOBIS BRASIL FABRICACAO DE AUTO PECAS LT;RODOVIARIO;1510963;15/05/2026;2;342674;15/05/2026;ITAVEMA MOTORS VEICULOS LTDA;7,73E+12;RIO DE JANEIRO;RJ;15/05/2026;21/05/2026;21/05/2026;Entregue No Prazo;;Entrega realizada;Entrega Finalizada;21;5;15;5;CAMILO;19001;;;
MOBIS BRASIL FABRICACAO DE AUTO PECAS LT;RODOVIARIO;1510473;15/05/2026;1;342707;15/05/2026;GAMBATTO H1 VEICULOS LTDA;1,94E+13;PASSO FUNDO;RS;15/05/2026;22/05/2026;21/05/2026;Entregue No Prazo;;Entrega realizada;Entrega Finalizada;22;5;15;5;TRANSTRY;23015;;;
MOBIS BRASIL FABRICACAO DE AUTO PECAS LT;RODOVIARIO;1510424;15/05/2026;11;342642;15/05/2026;NISA COMERCIAL DE VEIC. AUTOMOTORES LTDA;1,03E+13;APARECIDA DE GOIANIA;GO;15/05/2026;25/05/2026;21/05/2026;Entregue No Prazo;;Entrega realizada;Entrega Finalizada;25;5;15;5;RIO VERMELHO;9002;;;
MOBIS BRASIL FABRICACAO DE AUTO PECAS LT;RODOVIARIO;1510426;15/05/2026;94;342650;15/05/2026;SAGA KOREA COM. DE VEIC. E PC. LTDA;1,27E+13;GOIANIA;GO;15/05/2026;25/05/2026;21/05/2026;Entregue No Prazo;;Entrega realizada;Entrega Finalizada;25;5;15;5;RIO VERMELHO;9011;;;
MOBIS BRASIL FABRICACAO DE AUTO PECAS LT;RODOVIARIO;1510474;15/05/2026;1;342704;15/05/2026;CHINHAN AUTOMOVEIS LTDA;2,41E+13;ERECHIM;RS;15/05/2026;25/05/2026;21/05/2026;Entregue No Prazo;;Entrega realizada;Entrega Finalizada;25;5;15;5;TRANSTRY;23019;;;
MOBIS BRASIL FABRICACAO DE AUTO PECAS LT;RODOVIARIO;1510476;15/05/2026;1;342711;15/05/2026;NAZARETH VEICULOS LTDA;9,30E+12;IJUI;RS;15/05/2026;25/05/2026;21/05/2026;Entregue No Prazo;;Entrega realizada;Entrega Finalizada;25;5;15;5;TRANSTRY;23021;;;
MOBIS BRASIL FABRICACAO DE AUTO PECAS LT;RODOVIARIO;1510475;15/05/2026;1;342706;15/05/2026;GALA COMERCIO DE VEICULOS LTDA;1,77E+13;BAGE;RS;15/05/2026;26/05/2026;21/05/2026;Entregue No Prazo;;Entrega realizada;Entrega Finalizada;26;5;15;5;TRANSTRY;23009;;;
MOBIS BRASIL FABRICACAO DE AUTO PECAS LT;RODOVIARIO;1510413;15/05/2026;5;342680;15/05/2026;PATEO COMERCIO DE VEICULOS S A;7,78E+12;SALVADOR;BA;15/05/2026;27/05/2026;21/05/2026;Entregue No Prazo;;Entrega realizada;Entrega Finalizada;27;5;15;5;TERMACO;5003;;;
MOBIS BRASIL FABRICACAO DE AUTO PECAS LT;RODOVIARIO;1510445;15/05/2026;18;342692;15/05/2026;UNIQUE COMERCIO DE AUTOMOVEIS LTDA;1,74E+13;ANANINDEUA;PA;15/05/2026;28/05/2026;21/05/2026;Entregue No Prazo;;Entrega realizada;Entrega Finalizada;28;5;15;5;CARVALIMA;14003;;;
MOBIS BRASIL FABRICACAO DE AUTO PECAS LT;RODOVIARIO;1510447;15/05/2026;4;342669;15/05/2026;GRANDE COREIA COMERCIO DE VEICULOS LTDA;2,66E+13;BELEM;PA;15/05/2026;28/05/2026;21/05/2026;Entregue No Prazo;;Entrega realizada;Entrega Finalizada;28;5;15;5;CARVALIMA;14007;;;
MOBIS BRASIL FABRICACAO DE AUTO PECAS LT;RODOVIARIO;1510467;15/05/2026;1;342687;15/05/2026;SAINT LAND COMERCIO DE VEICULOS LTDA;1,04E+13;NATAL;RN;15/05/2026;01/06/2026;21/05/2026;Entregue No Prazo;;Entrega realizada;Entrega Finalizada;1;6;15;5;TERMACO;6010;;;
MOBIS BRASIL FABRICACAO DE AUTO PECAS LT;RODOVIARIO;1510468;15/05/2026;1;342666;15/05/2026;COMETA JI PARANA COM. DE VEIC. LTDA;4,23E+12;JIPARANA;RO;15/05/2026;03/06/2026;21/05/2026;Entregue No Prazo;;Entrega realizada;Entrega Finalizada;3;6;15;5;CARVALIMA;21002;;;
MOBIS BRASIL FABRICACAO DE AUTO PECAS LT;RODOVIARIO;1510419;15/05/2026;2;342693;15/05/2026;VIA BRASIL AUTOMOVEIS LTDA.;4,72E+12;SERRA;ES;15/05/2026;22/05/2026;21/05/2026;Entregue No Prazo;;Entrega realizada;Entrega Finalizada;22;5;15;5;CAMILO;8001;;;
MOBIS BRASIL FABRICACAO DE AUTO PECAS LT;RODOVIARIO;1510427;15/05/2026;9;342656;15/05/2026;URCA MOTORS VEICULOS LTDA;8,77E+12;RIO VERDE;GO;15/05/2026;27/05/2026;21/05/2026;Entregue No Prazo;;Entrega realizada;Entrega Finalizada;27;5;15;5;RIO VERMELHO;9014;;;
MOBIS BRASIL FABRICACAO DE AUTO PECAS LT;RODOVIARIO;1511242;18/05/2026;7;342923;18/05/2026;BARI VEICULOS LTDA;7,46E+12;CURITIBA;PR;18/05/2026;21/05/2026;21/05/2026;Entregue No Prazo;;Entrega realizada;Entrega Finalizada;21;5;18;5;TRANSTRY;18024;;;
MOBIS BRASIL FABRICACAO DE AUTO PECAS LT;RODOVIARIO;1511292;18/05/2026;1;342943;18/05/2026;CAOA MOTOR DO BRASIL LTDA;1,68E+13;SAO CARLOS;SP;18/05/2026;21/05/2026;21/05/2026;Entregue No Prazo;;Entrega realizada;Entrega Finalizada;21;5;18;5;MVT;5008;;;
MOBIS BRASIL FABRICACAO DE AUTO PECAS LT;RODOVIARIO;1511220;18/05/2026;2;342881;18/05/2026;VIME POCOS COM. DE VEICULOS E PECAS LTDA;3,43E+13;POCOS DE CALDAS;MG;18/05/2026;22/05/2026;21/05/2026;Entregue No Prazo;;Entrega realizada;Entrega Finalizada;22;5;18;5;XD BETIM;11033;;;
MOBIS BRASIL FABRICACAO DE AUTO PECAS LT;RODOVIARIO;1511239;18/05/2026;1;342940;18/05/2026;VETOR AUTOMOVEIS LTDA;2,12E+13;CASCAVEL;PR;18/05/2026;22/05/2026;21/05/2026;Entregue No Prazo;;Entrega realizada;Entrega Finalizada;22;5;18;5;TRANSTRY;18019;;;
MOBIS BRASIL FABRICACAO DE AUTO PECAS LT;RODOVIARIO;1511244;18/05/2026;5;342884;18/05/2026;AMX COM. E SERVICOS DE AUTOMOTORES LTDA;1,20E+13;RIO DE JANEIRO;RJ;18/05/2026;22/05/2026;21/05/2026;Entregue No Prazo;;Entrega realizada;Entrega Finalizada;22;5;18;5;CAMILO;19009;;;
MOBIS BRASIL FABRICACAO DE AUTO PECAS LT;RODOVIARIO;1511248;18/05/2026;2;342886;18/05/2026;CAOA MOTOR DO BRASIL LTDA;1,68E+13;NITEROI;RJ;18/05/2026;22/05/2026;21/05/2026;Entregue No Prazo;;Entrega realizada;Entrega Finalizada;22;5;18;5;CAMILO;5008;;;
MOBIS BRASIL FABRICACAO DE AUTO PECAS LT;RODOVIARIO;1511260;18/05/2026;1;342929;18/05/2026;CARWAY SUL VEICULOS LTDA;1,03E+13;CANOAS;RS;18/05/2026;22/05/2026;21/05/2026;Entregue No Prazo;;Entrega realizada;Entrega Finalizada;22;5;18;5;TRANSTRY;23003;;;
MOBIS BRASIL FABRICACAO DE AUTO PECAS LT;RODOVIARIO;1511271;18/05/2026;2;342927;18/05/2026;BARI VEICULOS LTDA.;7,46E+12;ITAJAI;SC;18/05/2026;22/05/2026;21/05/2026;Entregue No Prazo;;Entrega realizada;Entrega Finalizada;22;5;18;5;TRANSTRY;24014;;;
MOBIS BRASIL FABRICACAO DE AUTO PECAS LT;RODOVIARIO;1511214;18/05/2026;2;342882;18/05/2026;VITAL COMERCIO DE VEICULOS LTDA;1,05E+13;GOVERNADOR VALADARES;MG;18/05/2026;25/05/2026;21/05/2026;Entregue No Prazo;;Entrega realizada;Entrega Finalizada;25;5;18;5;XD BETIM;11016;;;
MOBIS BRASIL FABRICACAO DE AUTO PECAS LT;RODOVIARIO;1511238;18/05/2026;14;342938;18/05/2026;SANTA FE VEICULOS LTDA.;1,16E+13;FRANCISCO BELTRAO;PR;18/05/2026;25/05/2026;21/05/2026;Entregue No Prazo;;Entrega realizada;Entrega Finalizada;25;5;18;5;TRANSTRY;18010;;;
MOBIS BRASIL FABRICACAO DE AUTO PECAS LT;RODOVIARIO;1511250;18/05/2026;1;342903;18/05/2026;MONTREAL VEICULOS E PECAS LTDA;1,68E+13;SAO PEDRO DA ALDEIA;RJ;18/05/2026;25/05/2026;21/05/2026;Entregue No Prazo;;Entrega realizada;Entrega Finalizada;25;5;18;5;CAMILO;19030;;;
MOBIS BRASIL FABRICACAO DE AUTO PECAS LT;RODOVIARIO;1511251;18/05/2026;1;342903;18/05/2026;MONTREAL VEICULOS E PECAS LTDA;1,68E+13;SAO PEDRO DA ALDEIA;RJ;18/05/2026;25/05/2026;21/05/2026;Entregue No Prazo;;Entrega realizada;Entrega Finalizada;25;5;18;5;CAMILO;19030;;;
MOBIS BRASIL FABRICACAO DE AUTO PECAS LT;RODOVIARIO;1511263;18/05/2026;1;342934;18/05/2026;HOUSE PARTS COMERCIO DE PECAS E VEI;1,15E+13;CAXIAS DO SUL;RS;18/05/2026;25/05/2026;21/05/2026;Entregue No Prazo;;Entrega realizada;Entrega Finalizada;25;5;18;5;TRANSTRY;23023;;;
MOBIS BRASIL FABRICACAO DE AUTO PECAS LT;RODOVIARIO;1511268;18/05/2026;4;342937;18/05/2026;LR COMERCIO DE VEICULOS LTDA;1,05E+13;SAO JOSE;SC;18/05/2026;25/05/2026;21/05/2026;Entregue No Prazo;;Entrega realizada;Entrega Finalizada;25;5;18;5;TRANSTRY;24007;;;
MOBIS BRASIL FABRICACAO DE AUTO PECAS LT;RODOVIARIO;1511269;18/05/2026;2;342925;18/05/2026;BARI VEICULOS LTDA;7,46E+12;BLUMENAU;SC;18/05/2026;25/05/2026;21/05/2026;Entregue No Prazo;;Entrega realizada;Entrega Finalizada;25;5;18;5;TRANSTRY;18024;;;
MOBIS BRASIL FABRICACAO DE AUTO PECAS LT;RODOVIARIO;1511270;18/05/2026;18;342925;18/05/2026;BARI VEICULOS LTDA;7,46E+12;BLUMENAU;SC;18/05/2026;25/05/2026;21/05/2026;Entregue No Prazo;;Entrega realizada;Entrega Finalizada;25;5;18;5;TRANSTRY;18024;;;
MOBIS BRASIL FABRICACAO DE AUTO PECAS LT;RODOVIARIO;1511162;15/05/2026;1;342868;18/05/2026;SAGA KOREA COM. DE VEIC. E PC. LTDA;1,27E+13;BRASILIA;DF;18/05/2026;26/05/2026;21/05/2026;Entregue No Prazo;;Entrega realizada;Entrega Finalizada;26;5;18;5;RIO VERMELHO;7005;;;
MOBIS BRASIL FABRICACAO DE AUTO PECAS LT;RODOVIARIO;1511199;18/05/2026;8;342870;18/05/2026;SMAFF IMPORT VEICULOS LTDA;8,18E+12;BRASILIA;DF;18/05/2026;26/05/2026;21/05/2026;Entregue No Prazo;;Entrega realizada;Entrega Finalizada;26;5;18;5;RIO VERMELHO;7002;;;
MOBIS BRASIL FABRICACAO DE AUTO PECAS LT;RODOVIARIO;1511200;18/05/2026;4;342868;18/05/2026;SAGA KOREA COM. DE VEIC. E PC. LTDA;1,27E+13;BRASILIA;DF;18/05/2026;26/05/2026;21/05/2026;Entregue No Prazo;;Entrega realizada;Entrega Finalizada;26;5;18;5;RIO VERMELHO;7005;;;
MOBIS BRASIL FABRICACAO DE AUTO PECAS LT;RODOVIARIO;1511202;18/05/2026;1;342912;18/05/2026;PRIME CACHOEIRO VEICULOS LTDA EPP;9,34E+12;CACHOEIRO DE ITAPEMIRIM;ES;18/05/2026;26/05/2026;21/05/2026;Entregue No Prazo;;Entrega realizada;Entrega Finalizada;26;5;18;5;CAMILO;8003;;;
MOBIS BRASIL FABRICACAO DE AUTO PECAS LT;RODOVIARIO;1511203;18/05/2026;2;342912;18/05/2026;PRIME CACHOEIRO VEICULOS LTDA EPP;9,34E+12;CACHOEIRO DE ITAPEMIRIM;ES;18/05/2026;26/05/2026;21/05/2026;Entregue No Prazo;;Entrega realizada;Entrega Finalizada;26;5;18;5;CAMILO;8003;;;
MOBIS BRASIL FABRICACAO DE AUTO PECAS LT;RODOVIARIO;1511261;18/05/2026;3;342933;18/05/2026;HOUSE PARTS - COM. DE PECAS E VEIC. LTDA;1,15E+13;SANTA MARIA;RS;18/05/2026;26/05/2026;21/05/2026;Entregue No Prazo;;Entrega realizada;Entrega Finalizada;26;5;18;5;TRANSTRY;23008;;;
MOBIS BRASIL FABRICACAO DE AUTO PECAS LT;RODOVIARIO;1511272;18/05/2026;1;342924;18/05/2026;BARI VEICULOS LTDA;7,46E+12;BALNEARIO CAMBORIU;SC;18/05/2026;26/05/2026;21/05/2026;Entregue No Prazo;;Entrega realizada;Entrega Finalizada;26;5;18;5;TRANSTRY;18024;;;
MOBIS BRASIL FABRICACAO DE AUTO PECAS LT;RODOVIARIO;1511164;15/05/2026;1;342913;18/05/2026;SAGA ASIA COM. DE VEIC.PC.E SERV. LTDA;2,23E+13;VARZEA GRANDE;MT;18/05/2026;27/05/2026;21/05/2026;Entregue No Prazo;;Entrega realizada;Entrega Finalizada;27;5;18;5;CARVALIMA;13004;;;
MOBIS BRASIL FABRICACAO DE AUTO PECAS LT;RODOVIARIO;1511226;18/05/2026;2;342913;18/05/2026;SAGA ASIA COM. DE VEIC.PC.E SERV. LTDA;2,23E+13;VARZEA GRANDE;MT;18/05/2026;27/05/2026;21/05/2026;Entregue No Prazo;;Entrega realizada;Entrega Finalizada;27;5;18;5;CARVALIMA;13004;;;
MOBIS BRASIL FABRICACAO DE AUTO PECAS LT;RODOVIARIO;1511227;18/05/2026;10;342913;18/05/2026;SAGA ASIA COM. DE VEIC.PC.E SERV. LTDA;2,23E+13;VARZEA GRANDE;MT;18/05/2026;27/05/2026;21/05/2026;Entregue No Prazo;;Entrega realizada;Entrega Finalizada;27;5;18;5;CARVALIMA;13004;;;
MOBIS BRASIL FABRICACAO DE AUTO PECAS LT;RODOVIARIO;1511165;15/05/2026;1;342892;18/05/2026;COMETA MATO GROSSO COM. DE VEICULOS LTDA;1,54E+13;RONDONOPOLIS;MT;18/05/2026;28/05/2026;21/05/2026;Entregue No Prazo;;Entrega realizada;Entrega Finalizada;28;5;18;5;CARVALIMA;13006;;;
MOBIS BRASIL FABRICACAO DE AUTO PECAS LT;RODOVIARIO;1511228;18/05/2026;1;342892;18/05/2026;COMETA MATO GROSSO COM. DE VEICULOS LTDA;1,54E+13;RONDONOPOLIS;MT;18/05/2026;28/05/2026;21/05/2026;Entregue No Prazo;;Entrega realizada;Entrega Finalizada;28;5;18;5;CARVALIMA;13006;;;
MOBIS BRASIL FABRICACAO DE AUTO PECAS LT;RODOVIARIO;1511216;18/05/2026;11;342871;18/05/2026;TAI MOTORS VEICULOS S/A;9,27E+12;BELO HORIZONTE;MG;18/05/2026;21/05/2026;21/05/2026;Entregue No Prazo;;Entrega realizada;Entrega Finalizada;21;5;18;5;XD BETIM;8002;;;
MOBIS BRASIL FABRICACAO DE AUTO PECAS LT;RODOVIARIO;1511283;18/05/2026;1;342941;18/05/2026;ANDRETA II DISTRIB.DE VEICULOS LTDA.;9,10E+12;JUNDIAI;SP;18/05/2026;21/05/2026;21/05/2026;Entregue No Prazo;;Entrega realizada;Entrega Finalizada;21;5;18;5;MVT;26040;;;
MOBIS BRASIL FABRICACAO DE AUTO PECAS LT;RODOVIARIO;1511201;18/05/2026;3;342918;18/05/2026;VIA BRASIL AUTOMOVEIS LTDA.;4,72E+12;SERRA;ES;18/05/2026;25/05/2026;21/05/2026;Entregue No Prazo;;Entrega realizada;Entrega Finalizada;25;5;18;5;CAMILO;8001;;;
MOBIS BRASIL FABRICACAO DE AUTO PECAS LT;RODOVIARIO;1512138;19/05/2026;11;343106;19/05/2026;TAI MOTORS VEICULOS S/A;9,27E+12;BELO HORIZONTE;MG;19/05/2026;22/05/2026;21/05/2026;Entregue No Prazo;;Entrega realizada;Entrega Finalizada;22;5;19;5;XD BETIM;8002;;;
MOBIS BRASIL FABRICACAO DE AUTO PECAS LT;RODOVIARIO;1512139;19/05/2026;4;343098;19/05/2026;CARBEL KOREA VEICULOS LTDA;2,07E+13;BELO HORIZONTE;MG;19/05/2026;22/05/2026;21/05/2026;Entregue No Prazo;;Entrega realizada;Entrega Finalizada;22;5;19;5;XD BETIM;11021;;;
MOBIS BRASIL FABRICACAO DE AUTO PECAS LT;RODOVIARIO;1512140;19/05/2026;4;343094;19/05/2026;CAOA MOTOR DO BRASIL LTDA;1,68E+13;BELO HORIZONTE;MG;19/05/2026;22/05/2026;21/05/2026;Entregue No Prazo;;Entrega realizada;Entrega Finalizada;22;5;19;5;XD BETIM;5008;;;
MOBIS BRASIL FABRICACAO DE AUTO PECAS LT;RODOVIARIO;1512144;19/05/2026;27;343088;19/05/2026;BDG AUTOVILLE VEICULOS LTDA;4,77E+13;CONTAGEM;MG;19/05/2026;22/05/2026;21/05/2026;Entregue No Prazo;;Entrega realizada;Entrega Finalizada;22;5;19;5;XD BETIM;11037;;;
MOBIS BRASIL FABRICACAO DE AUTO PECAS LT;RODOVIARIO;1512164;19/05/2026;53;343174;19/05/2026;SEVEC VEICULOS LTDA;5,68E+11;CURITIBA;PR;19/05/2026;22/05/2026;21/05/2026;Entregue No Prazo;;Entrega realizada;Entrega Finalizada;22;5;19;5;TRANSTRY;18012;;;
MOBIS BRASIL FABRICACAO DE AUTO PECAS LT;RODOVIARIO;1512199;19/05/2026;1;343078;19/05/2026;ANDRETA II DISTRIBUIDORA DE VEIC. LTDA;9,10E+12;INDAIATUBA;SP;19/05/2026;22/05/2026;21/05/2026;Entregue No Prazo;;Entrega realizada;Entrega Finalizada;22;5;19;5;MVT;26011;;;
MOBIS BRASIL FABRICACAO DE AUTO PECAS LT;RODOVIARIO;1512205;19/05/2026;1;343080;19/05/2026;CAOA MOTOR DO BRASIL LTDA;1,68E+13;CAMPINAS;SP;19/05/2026;22/05/2026;21/05/2026;Entregue No Prazo;;Entrega realizada;Entrega Finalizada;22;5;19;5;MVT;5008;;;
MOBIS BRASIL FABRICACAO DE AUTO PECAS LT;RODOVIARIO;1512207;19/05/2026;25;343081;19/05/2026;DESTAQUE SEUL DISTR. DE VEIC. E PC. LTDA;2,12E+13;ATIBAIA;SP;19/05/2026;22/05/2026;21/05/2026;Entregue No Prazo;;Entrega realizada;Entrega Finalizada;22;5;19;5;MVT;26075;;;
MOBIS BRASIL FABRICACAO DE AUTO PECAS LT;RODOVIARIO;1512136;19/05/2026;10;343110;19/05/2026;URCA MOTORS VEICULOS LTDA;8,77E+12;UBERLANDIA;MG;19/05/2026;25/05/2026;21/05/2026;Entregue No Prazo;;Entrega realizada;Entrega Finalizada;25;5;19;5;XD BETIM;9014;;;
MOBIS BRASIL FABRICACAO DE AUTO PECAS LT;RODOVIARIO;1512137;19/05/2026;2;343111;19/05/2026;URCA MOTORS VEICULOS LTDA;8,77E+12;UBERABA;MG;19/05/2026;25/05/2026;21/05/2026;Entregue No Prazo;;Entrega realizada;Entrega Finalizada;25;5;19;5;XD BETIM;9014;;;
MOBIS BRASIL FABRICACAO DE AUTO PECAS LT;RODOVIARIO;1512161;19/05/2026;11;343170;19/05/2026;LOVAT VEICULOS S/A;8,57E+12;LONDRINA;PR;19/05/2026;25/05/2026;21/05/2026;Entregue No Prazo;;Entrega realizada;Entrega Finalizada;25;5;19;5;TRANSTRY;18008;;;
MOBIS BRASIL FABRICACAO DE AUTO PECAS LT;RODOVIARIO;1512165;19/05/2026;13;343161;19/05/2026;BARI VEICULOS LTDA;7,46E+12;PONTA GROSSA;PR;19/05/2026;25/05/2026;21/05/2026;Entregue No Prazo;;Entrega realizada;Entrega Finalizada;25;5;19;5;TRANSTRY;18024;;;
MOBIS BRASIL FABRICACAO DE AUTO PECAS LT;RODOVIARIO;1512167;19/05/2026;5;343116;19/05/2026;AMX COM. E SERVICOS DE AUTOMOTORES LTDA;1,20E+13;RIO DE JANEIRO;RJ;19/05/2026;25/05/2026;21/05/2026;Entregue No Prazo;;Entrega realizada;Entrega Finalizada;25;5;19;5;CAMILO;19009;;;
MOBIS BRASIL FABRICACAO DE AUTO PECAS LT;RODOVIARIO;1512168;19/05/2026;3;343119;19/05/2026;CAOA MOTOR DO BRASIL LTDA;1,68E+13;RIO DE JANEIRO;RJ;19/05/2026;25/05/2026;21/05/2026;Entregue No Prazo;;Entrega realizada;Entrega Finalizada;25;5;19;5;CAMILO;5008;;;
MOBIS BRASIL FABRICACAO DE AUTO PECAS LT;RODOVIARIO;1512422;19/05/2026;1;343131;19/05/2026;ITAVEMA MOTORS VEICULOS LTDA;7,73E+12;DUQUE DE CAXIAS;RJ;19/05/2026;25/05/2026;21/05/2026;Entregue No Prazo;;Entrega realizada;Entrega Finalizada;25;5;19;5;CAMILO;19001;;;
MOBIS BRASIL FABRICACAO DE AUTO PECAS LT;RODOVIARIO;1512163;19/05/2026;14;343173;19/05/2026;SANTA FE VEICULOS LTDA.;1,16E+13;FRANCISCO BELTRAO;PR;19/05/2026;26/05/2026;21/05/2026;Entregue No Prazo;;Entrega realizada;Entrega Finalizada;26;5;19;5;TRANSTRY;18010;;;
MOBIS BRASIL FABRICACAO DE AUTO PECAS LT;RODOVIARIO;1512169;19/05/2026;3;343149;19/05/2026;TAI MOTORS VEICULOS S/A.;9,27E+12;CAMPOS DOS GOYTACAZES;RJ;19/05/2026;26/05/2026;21/05/2026;Entregue No Prazo;;Entrega realizada;Entrega Finalizada;26;5;19;5;CAMILO;19023;;;
MOBIS BRASIL FABRICACAO DE AUTO PECAS LT;RODOVIARIO;1512181;19/05/2026;6;343171;19/05/2026;LR COMERCIO DE VEICULOS LTDA;1,05E+13;SAO JOSE;SC;19/05/2026;26/05/2026;21/05/2026;Entregue No Prazo;;Entrega realizada;Entrega Finalizada;26;5;19;5;TRANSTRY;24007;;;
MOBIS BRASIL FABRICACAO DE AUTO PECAS LT;RODOVIARIO;1512182;19/05/2026;4;343158;19/05/2026;BARI VEICULOS LTDA;7,46E+12;BLUMENAU;SC;19/05/2026;26/05/2026;21/05/2026;Entregue No Prazo;;Entrega realizada;Entrega Finalizada;26;5;19;5;TRANSTRY;18024;;;
MOBIS BRASIL FABRICACAO DE AUTO PECAS LT;RODOVIARIO;1512183;19/05/2026;24;343158;19/05/2026;BARI VEICULOS LTDA;7,46E+12;BLUMENAU;SC;19/05/2026;26/05/2026;21/05/2026;Entregue No Prazo;;Entrega realizada;Entrega Finalizada;26;5;19;5;TRANSTRY;18024;;;
MOBIS BRASIL FABRICACAO DE AUTO PECAS LT;RODOVIARIO;1512185;19/05/2026;6;343165;19/05/2026;GAMBATTO H1 VEICULOS LTDA;1,94E+13;CHAPECO;SC;19/05/2026;26/05/2026;21/05/2026;Entregue No Prazo;;Entrega realizada;Entrega Finalizada;26;5;19;5;TRANSTRY;24018;;;
MOBIS BRASIL FABRICACAO DE AUTO PECAS LT;RODOVIARIO;1512188;19/05/2026;2;343172;19/05/2026;LR COMERCIO DE VEICULOS LTDA;1,05E+13;RIO DO SUL;SC;19/05/2026;26/05/2026;21/05/2026;Entregue No Prazo;;Entrega realizada;Entrega Finalizada;26;5;19;5;TRANSTRY;24007;;;
MOBIS BRASIL FABRICACAO DE AUTO PECAS LT;RODOVIARIO;1512184;19/05/2026;1;343160;19/05/2026;BARI VEICULOS LTDA;7,46E+12;BALNEARIO CAMBORIU;SC;19/05/2026;27/05/2026;21/05/2026;Entregue No Prazo;;Entrega realizada;Entrega Finalizada;27;5;19;5;TRANSTRY;18024;;;
MOBIS BRASIL FABRICACAO DE AUTO PECAS LT;RODOVIARIO;1512193;19/05/2026;13;343077;19/05/2026;ANDRETA II DISTRIBUIDORA DE VEIC. LTDA;9,10E+12;CAMPINAS;SP;19/05/2026;22/05/2026;21/05/2026;Entregue No Prazo;;Entrega realizada;Entrega Finalizada;22;5;19;5;MVT;26011;;;
MOBIS BRASIL FABRICACAO DE AUTO PECAS LT;RODOVIARIO;1512195;19/05/2026;25;343086;19/05/2026;NEW VEICULOS E PECAS LTDA;1,59E+13;RIBEIRAO PRETO;SP;19/05/2026;22/05/2026;21/05/2026;Entregue No Prazo;;Entrega realizada;Entrega Finalizada;22;5;19;5;MVT;26014;;;
MOBIS BRASIL FABRICACAO DE AUTO PECAS LT;RODOVIARIO;1512189;19/05/2026;15;343084;19/05/2026;HYMAX DISTRIBUIDORA DE VEICULOS LTDA;1,73E+13;MOGI GUACU;SP;19/05/2026;25/05/2026;21/05/2026;Entregue No Prazo;;Entrega realizada;Entrega Finalizada;25;5;19;5;MVT;26002;;;
MOBIS BRASIL FABRICACAO DE AUTO PECAS LT;RODOVIARIO;1512124;19/05/2026;1;343153;19/05/2026;VIA BRASIL AUTOMOVEIS LTDA.;4,72E+12;SERRA;ES;19/05/2026;26/05/2026;21/05/2026;Entregue No Prazo;;Entrega realizada;Entrega Finalizada;26;5;19;5;CAMILO;8001;;;
MOBIS BRASIL FABRICACAO DE AUTO PECAS LT;RODOVIARIO;1512903;20/05/2026;2;343283;20/05/2026;BILLY DISTRIBUIDORA DE VEICULOS LTDA;1,34E+13;BARUERI;SP;20/05/2026;22/05/2026;21/05/2026;Entregue No Prazo;;Entrega realizada;Entrega Finalizada;22;5;20;5;XD DIADEMA;26003;;;
MOBIS BRASIL FABRICACAO DE AUTO PECAS LT;RODOVIARIO;1512905;20/05/2026;4;343290;20/05/2026;GRAND SPORT COM. DE VEIC. E PECAS LTDA;8,58E+12;GUARULHOS;SP;20/05/2026;22/05/2026;21/05/2026;Entregue No Prazo;;Entrega realizada;Entrega Finalizada;22;5;20;5;XD DIADEMA;26005;;;
MOBIS BRASIL FABRICACAO DE AUTO PECAS LT;RODOVIARIO;1512909;20/05/2026;1;343291;20/05/2026;GRAND SPORT COM. DE VEIC. E PECAS LTDA;8,58E+12;SAO PAULO;SP;20/05/2026;22/05/2026;21/05/2026;Entregue No Prazo;;Entrega realizada;Entrega Finalizada;22;5;20;5;XD DIADEMA;26034;;;
MOBIS BRASIL FABRICACAO DE AUTO PECAS LT;RODOVIARIO;1512915;20/05/2026;11;343287;20/05/2026;CAOA MOTOR DO BRASIL LTDA (VL PRUDENTE);1,68E+13;SAO PAULO;SP;20/05/2026;22/05/2026;21/05/2026;Entregue No Prazo;;Entrega realizada;Entrega Finalizada;22;5;20;5;XD DIADEMA;26051;;;
MOBIS BRASIL FABRICACAO DE AUTO PECAS LT;RODOVIARIO;1512920;20/05/2026;1;343292;20/05/2026;NOBRE SP DISTRIB. DE VEIC. E PEC. LTDA;1,70E+13;SAO PAULO;SP;20/05/2026;22/05/2026;21/05/2026;Entregue No Prazo;;Entrega realizada;Entrega Finalizada;22;5;20;5;XD DIADEMA;26081;;;
MOBIS BRASIL FABRICACAO DE AUTO PECAS LT;RODOVIARIO;1512906;20/05/2026;3;343275;20/05/2026;DHC COMERCIO DE VEICULOS E PECAS LTDA;9,52E+12;BAURU;SP;20/05/2026;25/05/2026;21/05/2026;Entregue No Prazo;;Entrega realizada;Entrega Finalizada;25;5;20;5;MVT;26010;;;
MOBIS BRASIL FABRICACAO DE AUTO PECAS LT;RODOVIARIO;1512908;20/05/2026;6;343279;20/05/2026;NEW VEICULOS E PECAS LTDA;1,59E+13;RIBEIRAO PRETO;SP;20/05/2026;25/05/2026;21/05/2026;Entregue No Prazo;;Entrega realizada;Entrega Finalizada;25;5;20;5;MVT;26014;;;
MOBIS BRASIL FABRICACAO DE AUTO PECAS LT;RODOVIARIO;1512923;20/05/2026;2;343284;20/05/2026;CAOA MOTOR DO BRASIL LTDA;1,68E+13;SANTOS;SP;20/05/2026;25/05/2026;21/05/2026;Entregue No Prazo;;Entrega realizada;Entrega Finalizada;25;5;20;5;XD DIADEMA;5008;;;
MOBIS BRASIL FABRICACAO DE AUTO PECAS LT;RODOVIARIO;1512922;20/05/2026;1;343285;20/05/2026;CAOA MOTOR DO BRASIL LTDA;1,68E+13;PRAIA GRANDE;SP;20/05/2026;26/05/2026;21/05/2026;Entregue No Prazo;;Entrega realizada;Entrega Finalizada;26;5;20;5;XD DIADEMA;5008;;;
MOBIS BRASIL FABRICACAO DE AUTO PECAS LT;RODOVIARIO;1512911;20/05/2026;7;343518;21/05/2026;BILLY DISTRIBUIDORA DE VEICULOS LTDA;1,34E+13;SAO CAETANO DO SUL;SP;21/05/2026;25/05/2026;21/05/2026;Entregue No Prazo;;Entrega realizada;Entrega Finalizada;25;5;21;5;BV LOG;26003;;;
MOBIS BRASIL FABRICACAO DE AUTO PECAS LT;RODOVIARIO;1512924;20/05/2026;19;343520;21/05/2026;GRANDAY AUTOMOTORES LTDA (CHAC. CALIFOR);1,57E+13;SAO PAULO;SP;21/05/2026;25/05/2026;21/05/2026;Entregue No Prazo;;Entrega realizada;Entrega Finalizada;25;5;21;5;BV LOG;26090;;;
MOBIS BRASIL FABRICACAO DE AUTO PECAS LT;RODOVIARIO;1513457;20/05/2026;47;343518;21/05/2026;BILLY DISTRIBUIDORA DE VEICULOS LTDA;1,34E+13;SAO CAETANO DO SUL;SP;21/05/2026;25/05/2026;21/05/2026;Entregue No Prazo;;Entrega realizada;Entrega Finalizada;25;5;21;5;BV LOG;26003;;;
MOBIS BRASIL FABRICACAO DE AUTO PECAS LT;RODOVIARIO;1514188;21/05/2026;2;343518;21/05/2026;BILLY DISTRIBUIDORA DE VEICULOS LTDA;1,34E+13;SAO CAETANO DO SUL;SP;21/05/2026;25/05/2026;21/05/2026;Entregue No Prazo;;Entrega realizada;Entrega Finalizada;25;5;21;5;BV LOG;26003;;;
MOBIS BRASIL FABRICACAO DE AUTO PECAS LT;RODOVIARIO;1514189;21/05/2026;42;343518;21/05/2026;BILLY DISTRIBUIDORA DE VEICULOS LTDA;1,34E+13;SAO CAETANO DO SUL;SP;21/05/2026;25/05/2026;21/05/2026;Entregue No Prazo;;Entrega realizada;Entrega Finalizada;25;5;21;5;BV LOG;26003;;;
MOBIS BRASIL FABRICACAO DE AUTO PECAS LT;RODOVIARIO;1512917;20/05/2026;1;343519;21/05/2026;CAOA MOTOR DO BRASIL LTDA;1,68E+13;CAMPINAS;SP;21/05/2026;26/05/2026;21/05/2026;Entregue No Prazo;;Entrega realizada;Entrega Finalizada;26;5;21;5;BV LOG;5008;;;
MOBIS BRASIL FABRICACAO DE AUTO PECAS LT;RODOVIARIO;1513650;21/05/2026;1;343588;21/05/2026;SEVEC VEICULOS LTDA;5,68E+11;CURITIBA;PR;21/05/2026;26/05/2026;21/05/2026;Entregue No Prazo;;Entrega realizada;Entrega Finalizada;26;5;21;5;TRANSTRY;18012;;;
MOBIS BRASIL FABRICACAO DE AUTO PECAS LT;RODOVIARIO;1513687;21/05/2026;52;343521;21/05/2026;MOTONET COMERCIO DE VEICULOS LTDA;9,28E+12;SOROCABA;SP;21/05/2026;26/05/2026;21/05/2026;Entregue No Prazo;;Entrega realizada;Entrega Finalizada;26;5;21;5;BV LOG;26113;;;
MOBIS BRASIL FABRICACAO DE AUTO PECAS LT;RODOVIARIO;1513699;21/05/2026;2;343519;21/05/2026;CAOA MOTOR DO BRASIL LTDA;1,68E+13;CAMPINAS;SP;21/05/2026;26/05/2026;21/05/2026;Entregue No Prazo;;Entrega realizada;Entrega Finalizada;26;5;21;5;BV LOG;5008;;;
MOBIS BRASIL FABRICACAO DE AUTO PECAS LT;RODOVIARIO;1493650;14/04/2026;2;337499;14/04/2026;PATEO COMERCIO DE VEICULOS S A;7,78E+12;MANAUS;AM;14/04/2026;08/05/2026;22/05/2026;Entregue Fora do Prazo;;Entrega realizada;Entrega Finalizada;8;5;14;4;NORTEX;3002;;;
MOBIS BRASIL FABRICACAO DE AUTO PECAS LT;RODOVIARIO;1502539;29/04/2026;13;340311;30/04/2026;PATEO COMERCIO DE VEICULOS S A;7,78E+12;MANAUS;AM;30/04/2026;28/05/2026;22/05/2026;Entregue No Prazo;;Entrega realizada;Entrega Finalizada;28;5;30;4;CARVALIMA;3002;;;
MOBIS BRASIL FABRICACAO DE AUTO PECAS LT;RODOVIARIO;1503305;30/04/2026;5;340501;30/04/2026;PATEO COMERCIO DE VEICULOS S A;7,78E+12;MANAUS;AM;30/04/2026;28/05/2026;22/05/2026;Entregue No Prazo;;Entrega realizada;Entrega Finalizada;28;5;30;4;CARVALIMA;3002;;;
MOBIS BRASIL FABRICACAO DE AUTO PECAS LT;RODOVIARIO;1503306;30/04/2026;1;340501;30/04/2026;PATEO COMERCIO DE VEICULOS S A;7,78E+12;MANAUS;AM;30/04/2026;28/05/2026;22/05/2026;Entregue No Prazo;;Entrega realizada;Entrega Finalizada;28;5;30;4;CARVALIMA;3002;;;
MOBIS BRASIL FABRICACAO DE AUTO PECAS LT;RODOVIARIO;1505913;07/05/2026;3;341287;07/05/2026;PATEO COMERCIO DE VEICULOS S A;7,78E+12;MANAUS;AM;07/05/2026;02/06/2026;22/05/2026;Entregue No Prazo;;Entrega realizada;Entrega Finalizada;2;6;7;5;CARVALIMA;3002;;;
MOBIS BRASIL FABRICACAO DE AUTO PECAS LT;RODOVIARIO;1507927;11/05/2026;14;341752;11/05/2026;ITAVEMA MOTORS VEICULOS LTDA;7,73E+12;RIO DE JANEIRO;RJ;11/05/2026;15/05/2026;22/05/2026;Entregue No Prazo;;Entrega realizada;Entrega Finalizada;15;5;11;5;CAMILO;19001;;;
MOBIS BRASIL FABRICACAO DE AUTO PECAS LT;RODOVIARIO;1507929;11/05/2026;2;341752;11/05/2026;ITAVEMA MOTORS VEICULOS LTDA;7,73E+12;RIO DE JANEIRO;RJ;11/05/2026;15/05/2026;22/05/2026;Entregue No Prazo;;Entrega realizada;Entrega Finalizada;15;5;11;5;CAMILO;19001;;;
MOBIS BRASIL FABRICACAO DE AUTO PECAS LT;RODOVIARIO;1507921;11/05/2026;99;341749;11/05/2026;FAZZA MOTORS COMERCIO DE VEICULOS LTDA;1,24E+13;FORTALEZA;CE;11/05/2026;25/05/2026;22/05/2026;Entregue No Prazo;;Entrega realizada;Entrega Finalizada;25;5;11;5;TERMACO;5007;;;
MOBIS BRASIL FABRICACAO DE AUTO PECAS LT;RODOVIARIO;1507922;11/05/2026;122;341749;11/05/2026;FAZZA MOTORS COMERCIO DE VEICULOS LTDA;1,24E+13;FORTALEZA;CE;11/05/2026;25/05/2026;22/05/2026;Entregue No Prazo;;Entrega realizada;Entrega Finalizada;25;5;11;5;TERMACO;5007;;;
MOBIS BRASIL FABRICACAO DE AUTO PECAS LT;RODOVIARIO;1507923;11/05/2026;51;341749;11/05/2026;FAZZA MOTORS COMERCIO DE VEICULOS LTDA;1,24E+13;FORTALEZA;CE;11/05/2026;25/05/2026;22/05/2026;Entregue No Prazo;;Entrega realizada;Entrega Finalizada;25;5;11;5;TERMACO;5007;;;
MOBIS BRASIL FABRICACAO DE AUTO PECAS LT;RODOVIARIO;1507377;11/05/2026;1;341756;11/05/2026;MASTER COMERCIAL DE VEICULOS LTDA;2,85E+13;JACOBINA;BA;11/05/2026;26/05/2026;22/05/2026;Entregue No Prazo;;Entrega realizada;Entrega Finalizada;26;5;11;5;TERMACO;5013;;;
MOBIS BRASIL FABRICACAO DE AUTO PECAS LT;RODOVIARIO;1507428;11/05/2026;7;341768;11/05/2026;SAGA ASIA COM. DE VEIC.PC.E SERV. LTDA;2,14E+13;PORTO VELHO;RO;11/05/2026;27/05/2026;22/05/2026;Entregue No Prazo;;Entrega realizada;Entrega Finalizada;27;5;11;5;CARVALIMA;21003;;;
MOBIS BRASIL FABRICACAO DE AUTO PECAS LT;RODOVIARIO;1507429;11/05/2026;17;341768;11/05/2026;SAGA ASIA COM. DE VEIC.PC.E SERV. LTDA;2,14E+13;PORTO VELHO;RO;11/05/2026;27/05/2026;22/05/2026;Entregue No Prazo;;Entrega realizada;Entrega Finalizada;27;5;11;5;CARVALIMA;21003;;;
MOBIS BRASIL FABRICACAO DE AUTO PECAS LT;RODOVIARIO;1508097;12/05/2026;2;341988;12/05/2026;CAOA MOTOR DO BRASIL LTDA;1,68E+13;BELEM;PA;12/05/2026;25/05/2026;22/05/2026;Entregue No Prazo;;Entrega realizada;Entrega Finalizada;25;5;12;5;CARVALIMA;5008;;;
MOBIS BRASIL FABRICACAO DE AUTO PECAS LT;RODOVIARIO;1508560;12/05/2026;56;341996;12/05/2026;FAZZA MOTORS COMERCIO DE VEICULOS LTDA;1,24E+13;FORTALEZA;CE;12/05/2026;26/05/2026;22/05/2026;Entregue No Prazo;;Entrega realizada;Entrega Finalizada;26;5;12;5;TERMACO;5007;;;
MOBIS BRASIL FABRICACAO DE AUTO PECAS LT;RODOVIARIO;1508064;12/05/2026;1;342004;12/05/2026;MASTER COMERCIAL DE VEICULOS LTDA;2,85E+13;JACOBINA;BA;12/05/2026;27/05/2026;22/05/2026;Entregue No Prazo;;Entrega realizada;Entrega Finalizada;27;5;12;5;TERMACO;5013;;;
MOBIS BRASIL FABRICACAO DE AUTO PECAS LT;RODOVIARIO;1508065;12/05/2026;1;342004;12/05/2026;MASTER COMERCIAL DE VEICULOS LTDA;2,85E+13;JACOBINA;BA;12/05/2026;27/05/2026;22/05/2026;Entregue No Prazo;;Entrega realizada;Entrega Finalizada;27;5;12;5;TERMACO;5013;;;
MOBIS BRASIL FABRICACAO DE AUTO PECAS LT;RODOVIARIO;1508098;12/05/2026;1;341990;12/05/2026;CAOA MOTOR DO BRASIL LTDA;1,68E+13;CAMPINA GRANDE;PB;12/05/2026;28/05/2026;22/05/2026;Entregue No Prazo;;Entrega realizada;Entrega Finalizada;28;5;12;5;TERMACO;5008;;;
MOBIS BRASIL FABRICACAO DE AUTO PECAS LT;RODOVIARIO;1508115;12/05/2026;3;342014;12/05/2026;SAINT LAND COM DE VEICULOS S A;1,04E+13;MOSSORO;RN;12/05/2026;28/05/2026;22/05/2026;Entregue No Prazo;;Entrega realizada;Entrega Finalizada;28;5;12;5;TERMACO;20002;;;
MOBIS BRASIL FABRICACAO DE AUTO PECAS LT;RODOVIARIO;1508921;13/05/2026;3;342234;13/05/2026;MISO VEICULOS LTDA;1,85E+13;SANTAREM;PA;13/05/2026;27/05/2026;22/05/2026;Entregue No Prazo;;Entrega realizada;Entrega Finalizada;27;5;13;5;CARVALIMA;4001;;;
MOBIS BRASIL FABRICACAO DE AUTO PECAS LT;RODOVIARIO;1508924;13/05/2026;26;342245;13/05/2026;PATEO COMERCIO DE VEICULOS S A;7,78E+12;RECIFE;PE;13/05/2026;28/05/2026;22/05/2026;Entregue No Prazo;;Entrega realizada;Entrega Finalizada;28;5;13;5;TERMACO;16004;;;
MOBIS BRASIL FABRICACAO DE AUTO PECAS LT;RODOVIARIO;1508891;13/05/2026;2;342250;13/05/2026;SAINT LAND COMERCIO DE VEICULOS LTDA;1,04E+13;JUAZEIRO DO NORTE;CE;13/05/2026;29/05/2026;22/05/2026;Entregue No Prazo;;Entrega realizada;Entrega Finalizada;29;5;13;5;TERMACO;6010;;;
MOBIS BRASIL FABRICACAO DE AUTO PECAS LT;RODOVIARIO;1508925;13/05/2026;1;342220;13/05/2026;AUTORAC VEICULOS LTDA;1,06E+13;PETROLINA;PE;13/05/2026;29/05/2026;22/05/2026;Entregue No Prazo;;Entrega realizada;Entrega Finalizada;29;5;13;5;TERMACO;16001;;;
MOBIS BRASIL FABRICACAO DE AUTO PECAS LT;RODOVIARIO;1508926;13/05/2026;3;342220;13/05/2026;AUTORAC VEICULOS LTDA;1,06E+13;PETROLINA;PE;13/05/2026;29/05/2026;22/05/2026;Entregue No Prazo;;Entrega realizada;Entrega Finalizada;29;5;13;5;TERMACO;16001;;;
MOBIS BRASIL FABRICACAO DE AUTO PECAS LT;RODOVIARIO;1508927;13/05/2026;8;342230;13/05/2026;GREEN CITY VEICULOS LTDA;2,10E+13;TERESINA;PI;13/05/2026;29/05/2026;22/05/2026;Entregue No Prazo;;Entrega realizada;Entrega Finalizada;29;5;13;5;TERMACO;17002;;;
MOBIS BRASIL FABRICACAO DE AUTO PECAS LT;RODOVIARIO;1508944;13/05/2026;2;342248;13/05/2026;SAINT LAND COM DE VEICULOS S A;1,04E+13;MOSSORO;RN;13/05/2026;29/05/2026;22/05/2026;Entregue No Prazo;;Entrega realizada;Entrega Finalizada;29;5;13;5;TERMACO;20002;;;
MOBIS BRASIL FABRICACAO DE AUTO PECAS LT;RODOVIARIO;1509718;14/05/2026;1;342376;14/05/2026;TAI MOTORS VEICULOS S/A;9,27E+12;MURIAE;MG;14/05/2026;21/05/2026;22/05/2026;Entregue Fora do Prazo;;Entrega realizada;Entrega Finalizada;21;5;14;5;XD BETIM;8002;;;
MOBIS BRASIL FABRICACAO DE AUTO PECAS LT;RODOVIARIO;1510277;14/05/2026;2;342426;14/05/2026;SEVEL VEICULOS LTDA;1,07E+13;ARACAJU;SE;14/05/2026;27/05/2026;22/05/2026;Entregue No Prazo;;Entrega realizada;Entrega Finalizada;27;5;14;5;TERMACO;25001;;;
MOBIS BRASIL FABRICACAO DE AUTO PECAS LT;RODOVIARIO;1509731;14/05/2026;1;342421;14/05/2026;PATEO COMERCIO DE VEICULOS S A;7,78E+12;JOAO PESSOA;PB;14/05/2026;29/05/2026;22/05/2026;Entregue No Prazo;;Entrega realizada;Entrega Finalizada;29;5;14;5;TERMACO;15003;;;
MOBIS BRASIL FABRICACAO DE AUTO PECAS LT;RODOVIARIO;1509732;14/05/2026;14;342421;14/05/2026;PATEO COMERCIO DE VEICULOS S A;7,78E+12;JOAO PESSOA;PB;14/05/2026;29/05/2026;22/05/2026;Entregue No Prazo;;Entrega realizada;Entrega Finalizada;29;5;14;5;TERMACO;15003;;;
MOBIS BRASIL FABRICACAO DE AUTO PECAS LT;RODOVIARIO;1509735;14/05/2026;5;342399;14/05/2026;AUTORAC VEICULOS LTDA;1,06E+13;PETROLINA;PE;14/05/2026;01/06/2026;22/05/2026;Entregue No Prazo;;Entrega realizada;Entrega Finalizada;1;6;14;5;TERMACO;16001;;;
MOBIS BRASIL FABRICACAO DE AUTO PECAS LT;RODOVIARIO;1509736;14/05/2026;1;342410;14/05/2026;GREEN CITY VEICULOS LTDA;2,10E+13;TERESINA;PI;14/05/2026;01/06/2026;22/05/2026;Entregue No Prazo;;Entrega realizada;Entrega Finalizada;1;6;14;5;TERMACO;17002;;;
MOBIS BRASIL FABRICACAO DE AUTO PECAS LT;RODOVIARIO;1509737;14/05/2026;2;342410;14/05/2026;GREEN CITY VEICULOS LTDA;2,10E+13;TERESINA;PI;14/05/2026;01/06/2026;22/05/2026;Entregue No Prazo;;Entrega realizada;Entrega Finalizada;1;6;14;5;TERMACO;17002;;;
MOBIS BRASIL FABRICACAO DE AUTO PECAS LT;RODOVIARIO;1510433;15/05/2026;7;342660;15/05/2026;VITAL COMERCIO DE VEICULOS LTDA;1,05E+13;IPATINGA;MG;15/05/2026;22/05/2026;22/05/2026;Entregue No Prazo;;Entrega realizada;Entrega Finalizada;22;5;15;5;XD BETIM;11016;;;
MOBIS BRASIL FABRICACAO DE AUTO PECAS LT;RODOVIARIO;1510478;15/05/2026;7;342696;15/05/2026;ATUAL VEICULOS LTDA;1,33E+13;CRICIUMA;SC;15/05/2026;22/05/2026;22/05/2026;Entregue No Prazo;;Entrega realizada;Entrega Finalizada;22;5;15;5;TRANSTRY;24001;;;
MOBIS BRASIL FABRICACAO DE AUTO PECAS LT;RODOVIARIO;1510425;15/05/2026;2;342649;15/05/2026;SAGA KOREA COM. DE VEIC. E PC. LTDA;1,27E+13;GOIANIA;GO;15/05/2026;25/05/2026;22/05/2026;Entregue No Prazo;;Entrega realizada;Entrega Finalizada;25;5;15;5;RIO VERMELHO;9009;;;
MOBIS BRASIL FABRICACAO DE AUTO PECAS LT;RODOVIARIO;1510440;15/05/2026;1;342690;15/05/2026;ULSAN COMERCIO DE VEICULOS LTDA.;2,10E+13;CAMPO GRANDE;MS;15/05/2026;25/05/2026;22/05/2026;Entregue No Prazo;;Entrega realizada;Entrega Finalizada;25;5;15;5;CARVALIMA;12004;;;
MOBIS BRASIL FABRICACAO DE AUTO PECAS LT;RODOVIARIO;1510446;15/05/2026;1;342664;15/05/2026;CAOA MOTOR DO BRASIL LTDA;1,68E+13;BELEM;PA;15/05/2026;28/05/2026;22/05/2026;Entregue No Prazo;;Entrega realizada;Entrega Finalizada;28;5;15;5;CARVALIMA;5008;;;
MOBIS BRASIL FABRICACAO DE AUTO PECAS LT;RODOVIARIO;1510453;15/05/2026;2;342662;15/05/2026;AUTORAC VEICULOS LTDA;1,06E+13;PETROLINA;PE;15/05/2026;02/06/2026;22/05/2026;Entregue No Prazo;;Entrega realizada;Entrega Finalizada;2;6;15;5;TERMACO;16001;;;
MOBIS BRASIL FABRICACAO DE AUTO PECAS LT;RODOVIARIO;1510469;15/05/2026;1;342685;15/05/2026;SAGA ASIA COM. DE VEIC.PC.E SERV. LTDA;2,14E+13;PORTO VELHO;RO;15/05/2026;12/06/2026;22/05/2026;Entregue No Prazo;;Entrega realizada;Entrega Finalizada;12;6;15;5;CARVALIMA;21003;;;
MOBIS BRASIL FABRICACAO DE AUTO PECAS LT;RODOVIARIO;1511257;18/05/2026;2;342928;18/05/2026;CARWAY SUL VEICULOS LTDA;1,03E+13;PORTO ALEGRE;RS;18/05/2026;22/05/2026;22/05/2026;Entregue No Prazo;;Entrega realizada;Entrega Finalizada;22;5;18;5;TRANSTRY;23003;;;
MOBIS BRASIL FABRICACAO DE AUTO PECAS LT;RODOVIARIO;1511291;18/05/2026;1;342861;18/05/2026;GOLDEN MOTORS VEICULOS LTDA;3,62E+12;ARACATUBA;SP;18/05/2026;22/05/2026;22/05/2026;Entregue No Prazo;;Entrega realizada;Entrega Finalizada;22;5;18;5;XD DIADEMA;12001;;;
MOBIS BRASIL FABRICACAO DE AUTO PECAS LT;RODOVIARIO;1511221;18/05/2026;1;342872;18/05/2026;TAI MOTORS VEICULOS S/A;9,27E+12;MURIAE;MG;18/05/2026;25/05/2026;22/05/2026;Entregue No Prazo;;Entrega realizada;Entrega Finalizada;25;5;18;5;XD BETIM;8002;;;
MOBIS BRASIL FABRICACAO DE AUTO PECAS LT;RODOVIARIO;1511262;18/05/2026;4;342932;18/05/2026;GALA COMERCIO DE VEICULOS LTDA.;1,77E+13;PELOTAS;RS;18/05/2026;25/05/2026;22/05/2026;Entregue No Prazo;;Entrega realizada;Entrega Finalizada;25;5;18;5;TRANSTRY;23009;;;
MOBIS BRASIL FABRICACAO DE AUTO PECAS LT;RODOVIARIO;1511264;18/05/2026;5;342922;18/05/2026;ATUAL VEICULOS LTDA;1,33E+13;ARARANGUA;SC;18/05/2026;25/05/2026;22/05/2026;Entregue No Prazo;;Entrega realizada;Entrega Finalizada;25;5;18;5;TRANSTRY;24001;;;
MOBIS BRASIL FABRICACAO DE AUTO PECAS LT;RODOVIARIO;1511265;18/05/2026;1;342922;18/05/2026;ATUAL VEICULOS LTDA;1,33E+13;ARARANGUA;SC;18/05/2026;25/05/2026;22/05/2026;Entregue No Prazo;;Entrega realizada;Entrega Finalizada;25;5;18;5;TRANSTRY;24001;;;
MOBIS BRASIL FABRICACAO DE AUTO PECAS LT;RODOVIARIO;1511266;18/05/2026;7;342921;18/05/2026;ATUAL VEICULOS LTDA;1,33E+13;CRICIUMA;SC;18/05/2026;25/05/2026;22/05/2026;Entregue No Prazo;;Entrega realizada;Entrega Finalizada;25;5;18;5;TRANSTRY;24001;;;
MOBIS BRASIL FABRICACAO DE AUTO PECAS LT;RODOVIARIO;1511163;15/05/2026;2;342869;18/05/2026;SAGA KOREA COM. DE VEIC. E PC. LTDA;1,27E+13;GOIANIA;GO;18/05/2026;26/05/2026;22/05/2026;Entregue No Prazo;;Entrega realizada;Entrega Finalizada;26;5;18;5;RIO VERMELHO;9011;;;
MOBIS BRASIL FABRICACAO DE AUTO PECAS LT;RODOVIARIO;1511204;18/05/2026;2;342863;18/05/2026;NISA COMERCIAL DE VEIC. AUTOMOTORES LTDA;1,03E+13;APARECIDA DE GOIANIA;GO;18/05/2026;26/05/2026;22/05/2026;Entregue No Prazo;;Entrega realizada;Entrega Finalizada;26;5;18;5;RIO VERMELHO;9002;;;
MOBIS BRASIL FABRICACAO DE AUTO PECAS LT;RODOVIARIO;1511205;18/05/2026;12;342869;18/05/2026;SAGA KOREA COM. DE VEIC. E PC. LTDA;1,27E+13;GOIANIA;GO;18/05/2026;26/05/2026;22/05/2026;Entregue No Prazo;;Entrega realizada;Entrega Finalizada;26;5;18;5;RIO VERMELHO;9011;;;
MOBIS BRASIL FABRICACAO DE AUTO PECAS LT;RODOVIARIO;1511206;18/05/2026;3;342864;18/05/2026;NISA COMERCIAL DE VEIC. AUTOMOTORES LTDA;1,03E+13;GOIANIA;GO;18/05/2026;26/05/2026;22/05/2026;Entregue No Prazo;;Entrega realizada;Entrega Finalizada;26;5;18;5;RIO VERMELHO;9013;;;
MOBIS BRASIL FABRICACAO DE AUTO PECAS LT;RODOVIARIO;1511274;18/05/2026;2;342931;18/05/2026;CHINHAN AUTOMOVEIS LTDA.;2,41E+13;CACADOR;SC;18/05/2026;27/05/2026;22/05/2026;Entregue No Prazo;;Entrega realizada;Entrega Finalizada;27;5;18;5;TRANSTRY;24020;;;
MOBIS BRASIL FABRICACAO DE AUTO PECAS LT;RODOVIARIO;1512166;19/05/2026;12;343159;19/05/2026;BARI VEICULOS LTDA;7,46E+12;CURITIBA;PR;19/05/2026;22/05/2026;22/05/2026;Entregue No Prazo;;Entrega realizada;Entrega Finalizada;22;5;19;5;TRANSTRY;18024;;;
MOBIS BRASIL FABRICACAO DE AUTO PECAS LT;RODOVIARIO;1512194;19/05/2026;2;343085;19/05/2026;MOTONET COMERCIO DE VEICULOS LTDA;9,28E+12;SOROCABA;SP;19/05/2026;22/05/2026;22/05/2026;Entregue No Prazo;;Entrega realizada;Entrega Finalizada;22;5;19;5;MVT;26113;;;
MOBIS BRASIL FABRICACAO DE AUTO PECAS LT;RODOVIARIO;1512196;19/05/2026;1;343076;19/05/2026;ANDRETA II DISTRIB.DE VEICULOS LTDA.;9,10E+12;JUNDIAI;SP;19/05/2026;22/05/2026;22/05/2026;Entregue No Prazo;;Entrega realizada;Entrega Finalizada;22;5;19;5;MVT;26040;;;
MOBIS BRASIL FABRICACAO DE AUTO PECAS LT;RODOVIARIO;1512428;19/05/2026;12;343130;19/05/2026;ITAVEMA MOTORS VEICULOS LTDA;7,73E+12;RIO DE JANEIRO;RJ;19/05/2026;25/05/2026;22/05/2026;Entregue No Prazo;;Entrega realizada;Entrega Finalizada;25;5;19;5;CAMILO;19001;;;
MOBIS BRASIL FABRICACAO DE AUTO PECAS LT;RODOVIARIO;1512125;19/05/2026;2;343148;19/05/2026;TAI MOTORS VEICULOS S/A;9,27E+12;VITORIA;ES;19/05/2026;26/05/2026;22/05/2026;Entregue No Prazo;;Entrega realizada;Entrega Finalizada;26;5;19;5;CAMILO;8002;;;
MOBIS BRASIL FABRICACAO DE AUTO PECAS LT;RODOVIARIO;1512141;19/05/2026;1;343113;19/05/2026;VIME AUTOMOVEIS E PECAS LTDA;2,85E+13;GUAXUPE;MG;19/05/2026;26/05/2026;22/05/2026;Entregue No Prazo;;Entrega realizada;Entrega Finalizada;26;5;19;5;XD BETIM;11031;;;
MOBIS BRASIL FABRICACAO DE AUTO PECAS LT;RODOVIARIO;1512142;19/05/2026;1;343107;19/05/2026;TAI MOTORS VEICULOS S/A;9,27E+12;MURIAE;MG;19/05/2026;26/05/2026;22/05/2026;Entregue No Prazo;;Entrega realizada;Entrega Finalizada;26;5;19;5;XD BETIM;8002;;;
MOBIS BRASIL FABRICACAO DE AUTO PECAS LT;RODOVIARIO;1512143;19/05/2026;4;343100;19/05/2026;GNC GRANDE COREIA MINAS GERAIS COMERCIO;4,27E+13;MONTES CLAROS;MG;19/05/2026;26/05/2026;22/05/2026;Entregue No Prazo;;Entrega realizada;Entrega Finalizada;26;5;19;5;XD BETIM;11035;;;
MOBIS BRASIL FABRICACAO DE AUTO PECAS LT;RODOVIARIO;1512145;19/05/2026;1;343108;19/05/2026;TECAR TRILHAS AUTOMOVEIS E SERVICOS LTDA;2,32E+13;DIVINOPOLIS;MG;19/05/2026;26/05/2026;22/05/2026;Entregue No Prazo;;Entrega realizada;Entrega Finalizada;26;5;19;5;XD BETIM;11039;;;
MOBIS BRASIL FABRICACAO DE AUTO PECAS LT;RODOVIARIO;1512176;19/05/2026;1;343164;19/05/2026;GALA COMERCIO DE VEICULOS LTDA.;1,77E+13;PELOTAS;RS;19/05/2026;26/05/2026;22/05/2026;Entregue No Prazo;;Entrega realizada;Entrega Finalizada;26;5;19;5;TRANSTRY;23009;;;
MOBIS BRASIL FABRICACAO DE AUTO PECAS LT;RODOVIARIO;1512177;19/05/2026;2;343167;19/05/2026;HOUSE PARTS COMERCIO DE PECAS E VEI;1,15E+13;CAXIAS DO SUL;RS;19/05/2026;26/05/2026;22/05/2026;Entregue No Prazo;;Entrega realizada;Entrega Finalizada;26;5;19;5;TRANSTRY;23023;;;
MOBIS BRASIL FABRICACAO DE AUTO PECAS LT;RODOVIARIO;1512178;19/05/2026;5;343155;19/05/2026;ATUAL VEICULOS LTDA;1,33E+13;ARARANGUA;SC;19/05/2026;26/05/2026;22/05/2026;Entregue No Prazo;;Entrega realizada;Entrega Finalizada;26;5;19;5;TRANSTRY;24001;;;
MOBIS BRASIL FABRICACAO DE AUTO PECAS LT;RODOVIARIO;1512179;19/05/2026;1;343156;19/05/2026;ATUAL VEICULOS LTDA;1,33E+13;CRICIUMA;SC;19/05/2026;26/05/2026;22/05/2026;Entregue No Prazo;;Entrega realizada;Entrega Finalizada;26;5;19;5;TRANSTRY;24001;;;
MOBIS BRASIL FABRICACAO DE AUTO PECAS LT;RODOVIARIO;1512127;19/05/2026;1;343143;19/05/2026;PRIME CACHOEIRO VEICULOS LTDA;9,34E+12;LINHARES;ES;19/05/2026;27/05/2026;22/05/2026;Entregue No Prazo;;Entrega realizada;Entrega Finalizada;27;5;19;5;CAMILO;8004;;;
MOBIS BRASIL FABRICACAO DE AUTO PECAS LT;RODOVIARIO;1512130;19/05/2026;96;343103;19/05/2026;SAGA KOREA COM. DE VEIC. E PC. LTDA;1,27E+13;GOIANIA;GO;19/05/2026;27/05/2026;22/05/2026;Entregue No Prazo;;Entrega realizada;Entrega Finalizada;27;5;19;5;RIO VERMELHO;9011;;;
MOBIS BRASIL FABRICACAO DE AUTO PECAS LT;RODOVIARIO;1512148;19/05/2026;1;343145;19/05/2026;SAGA ASIA COM. DE VEIC.PC.E SERV. LTDA;2,23E+13;VARZEA GRANDE;MT;19/05/2026;28/05/2026;22/05/2026;Entregue No Prazo;;Entrega realizada;Entrega Finalizada;28;5;19;5;CARVALIMA;13004;;;
MOBIS BRASIL FABRICACAO DE AUTO PECAS LT;RODOVIARIO;1512187;19/05/2026;1;343163;19/05/2026;CHINHAN AUTOMOVEIS LTDA.;2,41E+13;CACADOR;SC;19/05/2026;28/05/2026;22/05/2026;Entregue No Prazo;;Entrega realizada;Entrega Finalizada;28;5;19;5;TRANSTRY;24020;;;
MOBIS BRASIL FABRICACAO DE AUTO PECAS LT;RODOVIARIO;1512147;19/05/2026;1;343122;19/05/2026;COMETA MATO GROSSO COM. DE VEICULOS LTDA;1,54E+13;SINOP;MT;19/05/2026;29/05/2026;22/05/2026;Entregue No Prazo;;Entrega realizada;Entrega Finalizada;29;5;19;5;CARVALIMA;13003;;;
MOBIS BRASIL FABRICACAO DE AUTO PECAS LT;RODOVIARIO;1512858;20/05/2026;10;343298;20/05/2026;TAI MOTORS VEICULOS S/A;9,27E+12;BELO HORIZONTE;MG;20/05/2026;25/05/2026;22/05/2026;Entregue No Prazo;;Entrega realizada;Entrega Finalizada;25;5;20;5;XD BETIM;8002;;;
MOBIS BRASIL FABRICACAO DE AUTO PECAS LT;RODOVIARIO;1512859;20/05/2026;27;343288;20/05/2026;CARBEL KOREA VEICULOS LTDA;2,07E+13;BELO HORIZONTE;MG;20/05/2026;25/05/2026;22/05/2026;Entregue No Prazo;;Entrega realizada;Entrega Finalizada;25;5;20;5;XD BETIM;11021;;;
MOBIS BRASIL FABRICACAO DE AUTO PECAS LT;RODOVIARIO;1512860;20/05/2026;1;343286;20/05/2026;CAOA MOTOR DO BRASIL LTDA;1,68E+13;BELO HORIZONTE;MG;20/05/2026;25/05/2026;22/05/2026;Entregue No Prazo;;Entrega realizada;Entrega Finalizada;25;5;20;5;XD BETIM;5008;;;
MOBIS BRASIL FABRICACAO DE AUTO PECAS LT;RODOVIARIO;1512862;20/05/2026;44;343282;20/05/2026;BDG AUTOVILLE VEICULOS LTDA;4,77E+13;CONTAGEM;MG;20/05/2026;25/05/2026;22/05/2026;Entregue No Prazo;;Entrega realizada;Entrega Finalizada;25;5;20;5;XD BETIM;11037;;;
MOBIS BRASIL FABRICACAO DE AUTO PECAS LT;RODOVIARIO;1512877;20/05/2026;4;343356;20/05/2026;SEVEC VEICULOS LTDA;5,68E+11;CURITIBA;PR;20/05/2026;25/05/2026;22/05/2026;Entregue No Prazo;;Entrega realizada;Entrega Finalizada;25;5;20;5;TRANSTRY;18012;;;
MOBIS BRASIL FABRICACAO DE AUTO PECAS LT;RODOVIARIO;1512881;20/05/2026;5;343348;20/05/2026;BARI VEICULOS LTDA.;7,46E+12;CURITIBA;PR;20/05/2026;25/05/2026;22/05/2026;Entregue No Prazo;;Entrega realizada;Entrega Finalizada;25;5;20;5;TRANSTRY;18029;;;
MOBIS BRASIL FABRICACAO DE AUTO PECAS LT;RODOVIARIO;1512882;20/05/2026;7;343346;20/05/2026;BARI VEICULOS LTDA;7,46E+12;CURITIBA;PR;20/05/2026;25/05/2026;22/05/2026;Entregue No Prazo;;Entrega realizada;Entrega Finalizada;25;5;20;5;TRANSTRY;18024;;;
MOBIS BRASIL FABRICACAO DE AUTO PECAS LT;RODOVIARIO;1512910;20/05/2026;1;343270;20/05/2026;ANDRETA II DISTRIB.DE VEICULOS LTDA.;9,10E+12;JUNDIAI;SP;20/05/2026;25/05/2026;22/05/2026;Entregue No Prazo;;Entrega realizada;Entrega Finalizada;25;5;20;5;MVT;26040;;;
MOBIS BRASIL FABRICACAO DE AUTO PECAS LT;RODOVIARIO;1512912;20/05/2026;1;343272;20/05/2026;ANDRETA II DISTRIBUIDORA DE VEIC. LTDA;9,10E+12;AMERICANA;SP;20/05/2026;25/05/2026;22/05/2026;Entregue No Prazo;;Entrega realizada;Entrega Finalizada;25;5;20;5;MVT;26011;;;
MOBIS BRASIL FABRICACAO DE AUTO PECAS LT;RODOVIARIO;1512918;20/05/2026;2;343273;20/05/2026;DESTAQUE SEUL DISTR. DE VEIC. E PC. LTDA;2,12E+13;ATIBAIA;SP;20/05/2026;25/05/2026;22/05/2026;Entregue No Prazo;;Entrega realizada;Entrega Finalizada;25;5;20;5;MVT;26075;;;
MOBIS BRASIL FABRICACAO DE AUTO PECAS LT;RODOVIARIO;1512919;20/05/2026;1;343273;20/05/2026;DESTAQUE SEUL DISTR. DE VEIC. E PC. LTDA;2,12E+13;ATIBAIA;SP;20/05/2026;25/05/2026;22/05/2026;Entregue No Prazo;;Entrega realizada;Entrega Finalizada;25;5;20;5;MVT;26075;;;
MOBIS BRASIL FABRICACAO DE AUTO PECAS LT;RODOVIARIO;1512856;20/05/2026;6;343299;20/05/2026;TOKSU COMERCIO DE VEICULOS LTDA;1,12E+13;JUIZ DE FORA;MG;20/05/2026;26/05/2026;22/05/2026;Entregue No Prazo;;Entrega realizada;Entrega Finalizada;26;5;20;5;XD BETIM;11008;;;
MOBIS BRASIL FABRICACAO DE AUTO PECAS LT;RODOVIARIO;1512875;20/05/2026;3;343352;20/05/2026;LOVAT VEICULOS S/A;8,57E+12;LONDRINA;PR;20/05/2026;26/05/2026;22/05/2026;Entregue No Prazo;;Entrega realizada;Entrega Finalizada;26;5;20;5;TRANSTRY;18008;;;
MOBIS BRASIL FABRICACAO DE AUTO PECAS LT;RODOVIARIO;1512879;20/05/2026;1;343345;20/05/2026;BARI VEICULOS LTDA;7,46E+12;PONTA GROSSA;PR;20/05/2026;26/05/2026;22/05/2026;Entregue No Prazo;;Entrega realizada;Entrega Finalizada;26;5;20;5;TRANSTRY;18024;;;
MOBIS BRASIL FABRICACAO DE AUTO PECAS LT;RODOVIARIO;1512880;20/05/2026;10;343345;20/05/2026;BARI VEICULOS LTDA;7,46E+12;PONTA GROSSA;PR;20/05/2026;26/05/2026;22/05/2026;Entregue No Prazo;;Entrega realizada;Entrega Finalizada;26;5;20;5;TRANSTRY;18024;;;
MOBIS BRASIL FABRICACAO DE AUTO PECAS LT;RODOVIARIO;1512884;20/05/2026;2;343307;20/05/2026;CAOA MOTOR DO BRASIL LTDA;1,68E+13;RIO DE JANEIRO;RJ;20/05/2026;26/05/2026;22/05/2026;Entregue No Prazo;;Entrega realizada;Entrega Finalizada;26;5;20;5;CAMILO;5008;;;
MOBIS BRASIL FABRICACAO DE AUTO PECAS LT;RODOVIARIO;1512887;20/05/2026;1;343308;20/05/2026;CAOA MOTOR DO BRASIL LTDA;1,68E+13;RIO DE JANEIRO;RJ;20/05/2026;26/05/2026;22/05/2026;Entregue No Prazo;;Entrega realizada;Entrega Finalizada;26;5;20;5;CAMILO;5008;;;
MOBIS BRASIL FABRICACAO DE AUTO PECAS LT;RODOVIARIO;1512902;20/05/2026;6;343278;20/05/2026;HYMAX DISTRIBUIDORA DE VEICULOS LTDA;1,73E+13;MOGI GUACU;SP;20/05/2026;26/05/2026;22/05/2026;Entregue No Prazo;;Entrega realizada;Entrega Finalizada;26;5;20;5;MVT;26002;;;
MOBIS BRASIL FABRICACAO DE AUTO PECAS LT;RODOVIARIO;1512913;20/05/2026;1;343277;20/05/2026;H R B COMERCIO DE VEICULOS LTDA;1,82E+13;SAO JOSE DO RIO PRETO;SP;20/05/2026;26/05/2026;22/05/2026;Entregue No Prazo;Avaria;Entrega realizada;Entrega Finalizada;26;5;20;5;MVT;26050;;;
MOBIS BRASIL FABRICACAO DE AUTO PECAS LT;RODOVIARIO;1512914;20/05/2026;20;343277;20/05/2026;H R B COMERCIO DE VEICULOS LTDA;1,82E+13;SAO JOSE DO RIO PRETO;SP;20/05/2026;26/05/2026;22/05/2026;Entregue No Prazo;Avaria;Entrega realizada;Entrega Finalizada;26;5;20;5;MVT;26050;;;
MOBIS BRASIL FABRICACAO DE AUTO PECAS LT;RODOVIARIO;1512925;20/05/2026;2;343276;20/05/2026;H - CAMINHO AUTOMOVEIS LTDA;2,53E+13;PIRACICABA;SP;20/05/2026;26/05/2026;22/05/2026;Entregue No Prazo;;Entrega realizada;Entrega Finalizada;26;5;20;5;MVT;26092;;;
MOBIS BRASIL FABRICACAO DE AUTO PECAS LT;RODOVIARIO;1512926;20/05/2026;3;343276;20/05/2026;H - CAMINHO AUTOMOVEIS LTDA;2,53E+13;PIRACICABA;SP;20/05/2026;26/05/2026;22/05/2026;Entregue No Prazo;;Entrega realizada;Entrega Finalizada;26;5;20;5;MVT;26092;;;
MOBIS BRASIL FABRICACAO DE AUTO PECAS LT;RODOVIARIO;1512927;20/05/2026;1;343271;20/05/2026;ANDRETA II DISTRIBUIDORA DE VEIC. LTDA;9,10E+12;RIO CLARO;SP;20/05/2026;26/05/2026;22/05/2026;Entregue No Prazo;;Entrega realizada;Entrega Finalizada;26;5;20;5;MVT;26011;;;
MOBIS BRASIL FABRICACAO DE AUTO PECAS LT;RODOVIARIO;1513455;20/05/2026;1;343319;20/05/2026;ITAVEMA MOTORS VEICULOS LTDA;7,73E+12;DUQUE DE CAXIAS;RJ;20/05/2026;26/05/2026;22/05/2026;Entregue No Prazo;;Entrega realizada;Entrega Finalizada;26;5;20;5;CAMILO;19001;;;
MOBIS BRASIL FABRICACAO DE AUTO PECAS LT;RODOVIARIO;1513456;20/05/2026;8;343320;20/05/2026;ITAVEMA MOTORS VEICULOS LTDA;7,73E+12;RIO DE JANEIRO;RJ;20/05/2026;26/05/2026;22/05/2026;Entregue No Prazo;;Entrega realizada;Entrega Finalizada;26;5;20;5;CAMILO;19001;;;
MOBIS BRASIL FABRICACAO DE AUTO PECAS LT;RODOVIARIO;1512857;20/05/2026;7;343302;20/05/2026;VITAL COMERCIO DE VEICULOS LTDA;1,05E+13;IPATINGA;MG;20/05/2026;27/05/2026;22/05/2026;Entregue No Prazo;;Entrega realizada;Entrega Finalizada;27;5;20;5;XD BETIM;11016;;;
MOBIS BRASIL FABRICACAO DE AUTO PECAS LT;RODOVIARIO;1512861;20/05/2026;1;343301;20/05/2026;VIME AUTOMOVEIS E PECAS LTDA;2,85E+13;GUAXUPE;MG;20/05/2026;27/05/2026;22/05/2026;Entregue No Prazo;;Entrega realizada;Entrega Finalizada;27;5;20;5;XD BETIM;11031;;;
MOBIS BRASIL FABRICACAO DE AUTO PECAS LT;RODOVIARIO;1512878;20/05/2026;2;343357;20/05/2026;ZENDAI VEICULOS LTDA;1,97E+13;TOLEDO;PR;20/05/2026;27/05/2026;22/05/2026;Entregue No Prazo;;Entrega realizada;Entrega Finalizada;27;5;20;5;TRANSTRY;18016;;;
MOBIS BRASIL FABRICACAO DE AUTO PECAS LT;RODOVIARIO;1512863;20/05/2026;1;343317;20/05/2026;GOLDEN MOTORS VEICULOS LTDA;3,62E+12;TRES LAGOAS;MS;20/05/2026;28/05/2026;22/05/2026;Entregue No Prazo;;Entrega realizada;Entrega Finalizada;28;5;20;5;CARVALIMA;12001;;;
MOBIS BRASIL FABRICACAO DE AUTO PECAS LT;RODOVIARIO;1512864;20/05/2026;1;343338;20/05/2026;ULSAN COMERCIO DE VEICULOS LTDA.;2,10E+13;CAMPO GRANDE;MS;20/05/2026;28/05/2026;22/05/2026;Entregue No Prazo;;Entrega realizada;Entrega Finalizada;28;5;20;5;CARVALIMA;12004;;;
MOBIS BRASIL FABRICACAO DE AUTO PECAS LT;RODOVIARIO;1513684;21/05/2026;1;343547;21/05/2026;GRAND SPORT COM. DE VEIC. E PECAS LTDA;8,58E+12;GUARULHOS;SP;21/05/2026;25/05/2026;22/05/2026;Entregue No Prazo;;Entrega realizada;Entrega Finalizada;25;5;21;5;XD DIADEMA;26005;;;
MOBIS BRASIL FABRICACAO DE AUTO PECAS LT;RODOVIARIO;1513689;21/05/2026;1;343546;21/05/2026;GRAND SPORT COM. DE VEIC. E PECAS LTDA;8,58E+12;SAO PAULO;SP;21/05/2026;25/05/2026;22/05/2026;Entregue No Prazo;;Entrega realizada;Entrega Finalizada;25;5;21;5;XD DIADEMA;26034;;;
MOBIS BRASIL FABRICACAO DE AUTO PECAS LT;RODOVIARIO;1513690;21/05/2026;1;343543;21/05/2026;CHS MOTORS VEICULOS PECAS E SERV LTDA  ;1,69E+13;SAO PAULO;SP;21/05/2026;25/05/2026;22/05/2026;Entregue No Prazo;;Entrega realizada;Entrega Finalizada;25;5;21;5;XD DIADEMA;26037;;;
MOBIS BRASIL FABRICACAO DE AUTO PECAS LT;RODOVIARIO;1513691;21/05/2026;1;343538;21/05/2026;CAOA MOTOR DO BRASIL LTDA (ARICANDUVA);1,68E+13;SAO PAULO;SP;21/05/2026;25/05/2026;22/05/2026;Entregue No Prazo;;Entrega realizada;Entrega Finalizada;25;5;21;5;XD DIADEMA;26039;;;
MOBIS BRASIL FABRICACAO DE AUTO PECAS LT;RODOVIARIO;1513693;21/05/2026;1;343548;21/05/2026;GRANDAY AUTOMOTORES LTDA;1,57E+13;SAO PAULO;SP;21/05/2026;25/05/2026;22/05/2026;Entregue No Prazo;;Entrega realizada;Entrega Finalizada;25;5;21;5;XD DIADEMA;26041;;;
MOBIS BRASIL FABRICACAO DE AUTO PECAS LT;RODOVIARIO;1513694;21/05/2026;1;343536;21/05/2026;BILLY DISTRIBUIDORA DE VEICULOS LTDA;1,34E+13;DIADEMA;SP;21/05/2026;25/05/2026;22/05/2026;Entregue No Prazo;;Entrega realizada;Entrega Finalizada;25;5;21;5;XD DIADEMA;26003;;;
MOBIS BRASIL FABRICACAO DE AUTO PECAS LT;RODOVIARIO;1513697;21/05/2026;8;343540;21/05/2026;CAOA MOTOR DO BRASIL LTDA (VL PRUDENTE);1,68E+13;SAO PAULO;SP;21/05/2026;25/05/2026;22/05/2026;Entregue No Prazo;;Entrega realizada;Entrega Finalizada;25;5;21;5;XD DIADEMA;26051;;;
MOBIS BRASIL FABRICACAO DE AUTO PECAS LT;RODOVIARIO;1513698;21/05/2026;2;343544;21/05/2026;CHS MOTORS VEICULOS PECAS(VL. GUILHERME);1,69E+13;SAO PAULO;SP;21/05/2026;25/05/2026;22/05/2026;Entregue No Prazo;;Entrega realizada;Entrega Finalizada;25;5;21;5;XD DIADEMA;26052;;;
MOBIS BRASIL FABRICACAO DE AUTO PECAS LT;RODOVIARIO;1513705;21/05/2026;1;343541;21/05/2026;CAOA MOTOR DO BRASIL LTDA(NACOES UNIDAS);1,68E+13;SAO PAULO;SP;21/05/2026;25/05/2026;22/05/2026;Entregue No Prazo;;Entrega realizada;Entrega Finalizada;25;5;21;5;XD DIADEMA;26087;;;
MOBIS BRASIL FABRICACAO DE AUTO PECAS LT;RODOVIARIO;1513706;21/05/2026;23;343549;21/05/2026;GRANDAY AUTOMOTORES LTDA (CHAC. CALIFOR);1,57E+13;SAO PAULO;SP;21/05/2026;25/05/2026;22/05/2026;Entregue No Prazo;;Entrega realizada;Entrega Finalizada;25;5;21;5;XD DIADEMA;26090;;;
MOBIS BRASIL FABRICACAO DE AUTO PECAS LT;RODOVIARIO;1514296;21/05/2026;7;343735;21/05/2026;GRAND SPORT COM. DE VEIC. E PECAS LTDA;8,58E+12;GUARULHOS;SP;21/05/2026;25/05/2026;22/05/2026;Entregue No Prazo;;Entrega realizada;Entrega Finalizada;25;5;21;5;XD DIADEMA;26005;;;
MOBIS BRASIL FABRICACAO DE AUTO PECAS LT;RODOVIARIO;1514309;21/05/2026;19;343736;21/05/2026;GRANDAY AUTOMOTORES LTDA (CHAC. CALIFOR);1,57E+13;SAO PAULO;SP;21/05/2026;25/05/2026;22/05/2026;Entregue No Prazo;;Entrega realizada;Entrega Finalizada;25;5;21;5;XD DIADEMA;26090;;;
MOBIS BRASIL FABRICACAO DE AUTO PECAS LT;RODOVIARIO;1514319;21/05/2026;49;343725;21/05/2026;BILLY DISTRIBUIDORA DE VEICULOS LTDA;1,34E+13;SAO CAETANO DO SUL;SP;21/05/2026;25/05/2026;22/05/2026;Entregue No Prazo;;Entrega realizada;Entrega Finalizada;25;5;21;5;XD DIADEMA;26003;;;
MOBIS BRASIL FABRICACAO DE AUTO PECAS LT;RODOVIARIO;1514324;21/05/2026;1;343725;21/05/2026;BILLY DISTRIBUIDORA DE VEICULOS LTDA;1,34E+13;SAO CAETANO DO SUL;SP;21/05/2026;25/05/2026;22/05/2026;Entregue No Prazo;;Entrega realizada;Entrega Finalizada;25;5;21;5;XD DIADEMA;26003;;;
MOBIS BRASIL FABRICACAO DE AUTO PECAS LT;RODOVIARIO;1512907;20/05/2026;21;343517;21/05/2026;ANDRETA II DISTRIBUIDORA DE VEIC. LTDA;9,10E+12;CAMPINAS;SP;21/05/2026;26/05/2026;22/05/2026;Entregue No Prazo;;Entrega realizada;Entrega Finalizada;26;5;21;5;BV LOG;26011;;;
MOBIS BRASIL FABRICACAO DE AUTO PECAS LT;RODOVIARIO;1513655;21/05/2026;3;343576;21/05/2026;BARI VEICULOS LTDA.;7,46E+12;CURITIBA;PR;21/05/2026;26/05/2026;22/05/2026;Entregue No Prazo;;Entrega realizada;Entrega Finalizada;26;5;21;5;TRANSTRY;18029;;;
MOBIS BRASIL FABRICACAO DE AUTO PECAS LT;RODOVIARIO;1513656;21/05/2026;9;343574;21/05/2026;BARI VEICULOS LTDA;7,46E+12;CURITIBA;PR;21/05/2026;26/05/2026;22/05/2026;Entregue No Prazo;;Entrega realizada;Entrega Finalizada;26;5;21;5;TRANSTRY;18024;;;
MOBIS BRASIL FABRICACAO DE AUTO PECAS LT;RODOVIARIO;1513685;21/05/2026;4;343527;21/05/2026;DHC COMERCIO DE VEICULOS E PECAS LTDA;9,52E+12;BAURU;SP;21/05/2026;26/05/2026;22/05/2026;Entregue No Prazo;;Entrega realizada;Entrega Finalizada;26;5;21;5;MVT;26010;;;
MOBIS BRASIL FABRICACAO DE AUTO PECAS LT;RODOVIARIO;1513686;21/05/2026;14;343517;21/05/2026;ANDRETA II DISTRIBUIDORA DE VEIC. LTDA;9,10E+12;CAMPINAS;SP;21/05/2026;26/05/2026;22/05/2026;Entregue No Prazo;;Entrega realizada;Entrega Finalizada;26;5;21;5;BV LOG;26011;;;
MOBIS BRASIL FABRICACAO DE AUTO PECAS LT;RODOVIARIO;1513688;21/05/2026;21;343533;21/05/2026;NEW VEICULOS E PECAS LTDA;1,59E+13;RIBEIRAO PRETO;SP;21/05/2026;26/05/2026;22/05/2026;Entregue No Prazo;;Entrega realizada;Entrega Finalizada;26;5;21;5;MVT;26014;;;
MOBIS BRASIL FABRICACAO DE AUTO PECAS LT;RODOVIARIO;1513700;21/05/2026;1;343524;21/05/2026;CAOA MOTOR DO BRASIL LTDA;1,68E+13;SAO CARLOS;SP;21/05/2026;26/05/2026;22/05/2026;Entregue No Prazo;;Entrega realizada;Entrega Finalizada;26;5;21;5;MVT;5008;;;
MOBIS BRASIL FABRICACAO DE AUTO PECAS LT;RODOVIARIO;1514271;21/05/2026;1;343760;21/05/2026;BARI VEICULOS LTDA.;7,46E+12;CURITIBA;PR;21/05/2026;26/05/2026;22/05/2026;Entregue No Prazo;;Entrega realizada;Entrega Finalizada;26;5;21;5;TRANSTRY;18029;;;
MOBIS BRASIL FABRICACAO DE AUTO PECAS LT;RODOVIARIO;1514272;21/05/2026;1;343755;21/05/2026;BARI VEICULOS LTDA;7,46E+12;CURITIBA;PR;21/05/2026;26/05/2026;22/05/2026;Entregue No Prazo;;Entrega realizada;Entrega Finalizada;26;5;21;5;TRANSTRY;18024;;;
MOBIS BRASIL FABRICACAO DE AUTO PECAS LT;RODOVIARIO;1513683;21/05/2026;6;343531;21/05/2026;HYMAX DISTRIBUIDORA DE VEICULOS LTDA;1,73E+13;MOGI GUACU;SP;21/05/2026;27/05/2026;22/05/2026;Entregue No Prazo;;Entrega realizada;Entrega Finalizada;27;5;21;5;MVT;26002;;;
MOBIS BRASIL FABRICACAO DE AUTO PECAS LT;RODOVIARIO;1513702;21/05/2026;1;343526;21/05/2026;DHC COMERCIO DE VEICULOS E PECAS LTDA;9,52E+12;BOTUCATU;SP;21/05/2026;27/05/2026;22/05/2026;Entregue No Prazo;;Entrega realizada;Entrega Finalizada;27;5;21;5;MVT;26010;;;
MOBIS BRASIL FABRICACAO DE AUTO PECAS LT;RODOVIARIO;1513704;21/05/2026;4;343537;21/05/2026;CAOA MOTOR DO BRASIL LTDA;1,68E+13;PRAIA GRANDE;SP;21/05/2026;27/05/2026;22/05/2026;Entregue No Prazo;;Entrega realizada;Entrega Finalizada;27;5;21;5;XD DIADEMA;5008;;;
MOBIS BRASIL FABRICACAO DE AUTO PECAS LT;RODOVIARIO;1513708;21/05/2026;2;343529;21/05/2026;H - CAMINHO AUTOMOVEIS LTDA;2,53E+13;PIRACICABA;SP;21/05/2026;27/05/2026;22/05/2026;Entregue No Prazo;;Entrega realizada;Entrega Finalizada;27;5;21;5;MVT;26092;;;
MOBIS BRASIL FABRICACAO DE AUTO PECAS LT;RODOVIARIO;1514314;21/05/2026;26;343737;21/05/2026;H RACING GARAGE LTDA ;3,24E+13;COTIA;SP;21/05/2026;27/05/2026;22/05/2026;Entregue No Prazo;;Entrega realizada;Entrega Finalizada;27;5;21;5;XD DIADEMA;29944;;;
MOBIS BRASIL FABRICACAO DE AUTO PECAS LT;RODOVIARIO;1515556;25/05/2026;1;344062;25/05/2026;BARI VEICULOS LTDA.;7,46E+12;ITAJAI;SC;25/05/2026;29/05/2026;22/05/2026;Entregue No Prazo;;Entrega realizada;Entrega Finalizada;29;5;25;5;TRANSTRY;24014;;;
MOBIS BRASIL FABRICACAO DE AUTO PECAS LT;RODOVIARIO;1515555;25/05/2026;14;344061;25/05/2026;BARI VEICULOS LTDA;7,46E+12;BLUMENAU;SC;25/05/2026;01/06/2026;22/05/2026;Entregue No Prazo;;Entrega realizada;Entrega Finalizada;1;6;25;5;TRANSTRY;18024;;;
MOBIS BRASIL FABRICACAO DE AUTO PECAS LT;RODOVIARIO;1515557;25/05/2026;17;344063;25/05/2026;CHINHAN AUTOMOVEIS LTDA;2,41E+13;CONCORDIA;SC;25/05/2026;02/06/2026;22/05/2026;Entregue No Prazo;;Entrega realizada;Entrega Finalizada;2;6;25;5;TRANSTRY;23019;;;
MOBIS BRASIL FABRICACAO DE AUTO PECAS LT;RODOVIARIO;1515558;25/05/2026;4;344064;25/05/2026;CHINHAN AUTOMOVEIS LTDA.;2,41E+13;CACADOR;SC;25/05/2026;03/06/2026;22/05/2026;Entregue No Prazo;;Entrega realizada;Entrega Finalizada;3;6;25;5;TRANSTRY;24020;;;
MOBIS BRASIL FABRICACAO DE AUTO PECAS LT;RODOVIARIO;1507409;11/05/2026;4;341755;11/05/2026;JPN PATOS COMERCIO DE VEICULOS LTDA;4,20E+13;PATOS;PB;11/05/2026;27/05/2026;23/05/2026;Entregue No Prazo;;Entrega realizada;Entrega Finalizada;27;5;11;5;TERMACO;15004;;;
MOBIS BRASIL FABRICACAO DE AUTO PECAS LT;RODOVIARIO;1507410;11/05/2026;14;341739;11/05/2026;AUTORAC VEICULOS LTDA;1,06E+13;CARUARU;PE;11/05/2026;27/05/2026;23/05/2026;Entregue No Prazo;;Entrega realizada;Entrega Finalizada;27;5;11;5;TERMACO;16001;;;
MOBIS BRASIL FABRICACAO DE AUTO PECAS LT;RODOVIARIO;1508100;12/05/2026;2;342003;12/05/2026;JPN PATOS COMERCIO DE VEICULOS LTDA;4,20E+13;PATOS;PB;12/05/2026;28/05/2026;23/05/2026;Entregue No Prazo;;Entrega realizada;Entrega Finalizada;28;5;12;5;TERMACO;15004;;;
MOBIS BRASIL FABRICACAO DE AUTO PECAS LT;RODOVIARIO;1508101;12/05/2026;3;341985;12/05/2026;AUTORAC VEICULOS LTDA;1,06E+13;CARUARU;PE;12/05/2026;28/05/2026;23/05/2026;Entregue No Prazo;;Entrega realizada;Entrega Finalizada;28;5;12;5;TERMACO;16001;;;
MOBIS BRASIL FABRICACAO DE AUTO PECAS LT;RODOVIARIO;1510429;15/05/2026;1;342641;15/05/2026;NASA MOTORS LTDA.;2,65E+13;SAO LUIS DE MONTES BELOS;GO;15/05/2026;29/05/2026;23/05/2026;Entregue No Prazo;;Entrega realizada;Entrega Finalizada;29;5;15;5;RIO VERMELHO;9016;;;
MOBIS BRASIL FABRICACAO DE AUTO PECAS LT;RODOVIARIO;1510430;15/05/2026;8;342641;15/05/2026;NASA MOTORS LTDA.;2,65E+13;SAO LUIS DE MONTES BELOS;GO;15/05/2026;29/05/2026;23/05/2026;Entregue No Prazo;;Entrega realizada;Entrega Finalizada;29;5;15;5;RIO VERMELHO;9016;;;
MOBIS BRASIL FABRICACAO DE AUTO PECAS LT;RODOVIARIO;1511207;18/05/2026;2;342877;18/05/2026;URCA MOTORS VEICULOS LTDA;8,77E+12;RIO VERDE;GO;18/05/2026;28/05/2026;23/05/2026;Entregue No Prazo;;Entrega realizada;Entrega Finalizada;28;5;18;5;RIO VERMELHO;9014;;;
MOBIS BRASIL FABRICACAO DE AUTO PECAS LT;RODOVIARIO;1511208;18/05/2026;1;342862;18/05/2026;NASA MOTORS LTDA.;2,65E+13;SAO LUIS DE MONTES BELOS;GO;18/05/2026;01/06/2026;23/05/2026;Entregue No Prazo;;Entrega realizada;Entrega Finalizada;1;6;18;5;RIO VERMELHO;9016;;;
MOBIS BRASIL FABRICACAO DE AUTO PECAS LT;RODOVIARIO;1512174;19/05/2026;3;343168;19/05/2026;HOUSE PARTS-COM. DE PCS. E VEICULOS LTDA;1,15E+13;PORTO ALEGRE;RS;19/05/2026;25/05/2026;23/05/2026;Entregue No Prazo;;Entrega realizada;Entrega Finalizada;25;5;19;5;TRANSTRY;23004;;;
MOBIS BRASIL FABRICACAO DE AUTO PECAS LT;RODOVIARIO;1512149;19/05/2026;2;343123;19/05/2026;COMETA MATO GROSSO COM. DE VEICULOS LTDA;1,54E+13;TANGARA DA SERRA;MT;19/05/2026;28/05/2026;23/05/2026;Entregue No Prazo;;Entrega realizada;Entrega Finalizada;28;5;19;5;CARVALIMA;13007;;;
MOBIS BRASIL FABRICACAO DE AUTO PECAS LT;RODOVIARIO;1513707;21/05/2026;1;343539;21/05/2026;CAOA MOTOR DO BRASIL LTDA (INDIANOPOLIS);1,68E+13;SAO PAULO;SP;21/05/2026;25/05/2026;23/05/2026;Entregue No Prazo;;Entrega realizada;Entrega Finalizada;25;5;21;5;XD DIADEMA;26091;;;
MOBIS BRASIL FABRICACAO DE AUTO PECAS LT;RODOVIARIO;1513624;21/05/2026;4;343550;21/05/2026;IMOTORS VEICULOS LTDA;7,17E+12;JUIZ DE FORA;MG;21/05/2026;27/05/2026;23/05/2026;Entregue No Prazo;;Entrega realizada;Entrega Finalizada;27;5;21;5;XD BETIM;11010;;;
MOBIS BRASIL FABRICACAO DE AUTO PECAS LT; RODOVIARIO;1528996;19/06/2026;4;348344;19/06/2026;VETOR AUTOMOVEIS LTDA;2,12E+13;CASCAVEL;PR;19/06/2026;25/06/2026;24/05/2026;Entregue No Prazo;;Entrega realizada;Entrega Finalizada;25;6;19;6;TRANSTRY;18019;;;
MOBIS BRASIL FABRICACAO DE AUTO PECAS LT;RODOVIARIO;1486774;31/03/2026;1;335391;31/03/2026;UNIQUE BOA VISTA COM. DE AUTOMOVEIS LTDA;3,48E+13;BOA VISTA;RR;31/03/2026;28/04/2026;25/05/2026;Entregue Fora do Prazo;;Entrega realizada;Entrega Finalizada;28;4;31;3;NORTEX;22002;;;
MOBIS BRASIL FABRICACAO DE AUTO PECAS LT;RODOVIARIO;1490452;08/04/2026;3;336559;08/04/2026;UNIQUE BOA VISTA COM. DE AUTOMOVEIS LTDA;3,48E+13;BOA VISTA;RR;08/04/2026;06/05/2026;25/05/2026;Entregue Fora do Prazo;;Entrega realizada;Entrega Finalizada;6;5;8;4;NORTEX;22002;;;
MOBIS BRASIL FABRICACAO DE AUTO PECAS LT;RODOVIARIO;1494276;15/04/2026;5;337773;15/04/2026;UNIQUE BOA VISTA COM. DE AUTOMOVEIS LTDA;3,48E+13;BOA VISTA;RR;15/04/2026;13/05/2026;25/05/2026;Entregue Fora do Prazo;;Entrega realizada;Entrega Finalizada;13;5;15;4;NORTEX;22002;;;
MOBIS BRASIL FABRICACAO DE AUTO PECAS LT;RODOVIARIO;1503307;30/04/2026;3;340495;30/04/2026;MISO VEICULOS LTDA;1,85E+13;MACAPA;AP;30/04/2026;25/05/2026;25/05/2026;Entregue No Prazo;Extravio;NF extraviada;Entrega Finalizada;25;5;30;4;CARVALIMA;4001;;;
MOBIS BRASIL FABRICACAO DE AUTO PECAS LT;RODOVIARIO;1507411;11/05/2026;2;341754;11/05/2026;JPN COMERCIO DE AUTOMOVEIS LTDA;2,61E+13;GARANHUNS;PE;11/05/2026;27/05/2026;25/05/2026;Entregue No Prazo;;Entrega realizada;Entrega Finalizada;27;5;11;5;TERMACO;16009;;;
MOBIS BRASIL FABRICACAO DE AUTO PECAS LT;RODOVIARIO;1508104;12/05/2026;1;342002;12/05/2026;JPN COMERCIO DE AUTOMOVEIS LTDA;2,61E+13;GARANHUNS;PE;12/05/2026;28/05/2026;25/05/2026;Entregue No Prazo;;Entrega realizada;Entrega Finalizada;28;5;12;5;TERMACO;16009;;;
MOBIS BRASIL FABRICACAO DE AUTO PECAS LT;RODOVIARIO;1508105;12/05/2026;2;342002;12/05/2026;JPN COMERCIO DE AUTOMOVEIS LTDA;2,61E+13;GARANHUNS;PE;12/05/2026;28/05/2026;25/05/2026;Entregue No Prazo;;Entrega realizada;Entrega Finalizada;28;5;12;5;TERMACO;16009;;;
MOBIS BRASIL FABRICACAO DE AUTO PECAS LT;RODOVIARIO;1508986;13/05/2026;1;342188;13/05/2026;PRIVILLEGE DISTRIBUIDORA DE VEICULOS LTD;1,72E+13;ARAGUAINA;TO;13/05/2026;27/05/2026;25/05/2026;Entregue No Prazo;;Entrega realizada;Entrega Finalizada;27;5;13;5;RIO VERMELHO;27002;;;
MOBIS BRASIL FABRICACAO DE AUTO PECAS LT;RODOVIARIO;1509428;13/05/2026;2;342227;13/05/2026;FAZZA MOTORS COM. DE VEICULOS LTDA;1,24E+13;FORTALEZA;CE;13/05/2026;27/05/2026;25/05/2026;Entregue No Prazo;;Entrega realizada;Entrega Finalizada;27;5;13;5;TERMACO;6001;;;
MOBIS BRASIL FABRICACAO DE AUTO PECAS LT;RODOVIARIO;1508923;13/05/2026;1;342219;13/05/2026;AUTORAC VEICULOS LTDA;1,06E+13;CARUARU;PE;13/05/2026;29/05/2026;25/05/2026;Entregue No Prazo;;Entrega realizada;Entrega Finalizada;29;5;13;5;TERMACO;16001;;;
MOBIS BRASIL FABRICACAO DE AUTO PECAS LT;RODOVIARIO;1509793;14/05/2026;1;342369;14/05/2026;PRIVILLEGE DISTRIBUIDORA DE VEICULOS LTD;1,72E+13;PALMAS;TO;14/05/2026;25/05/2026;25/05/2026;Entregue No Prazo;;Entrega realizada;Entrega Finalizada;25;5;14;5;RIO VERMELHO;27003;;;
MOBIS BRASIL FABRICACAO DE AUTO PECAS LT;RODOVIARIO;1509729;14/05/2026;1;342415;14/05/2026;MISO VEICULOS LTDA;1,85E+13;SANTAREM;PA;14/05/2026;28/05/2026;25/05/2026;Entregue No Prazo;;Entrega realizada;Entrega Finalizada;28;5;14;5;CARVALIMA;4001;;;
MOBIS BRASIL FABRICACAO DE AUTO PECAS LT;RODOVIARIO;1510522;15/05/2026;5;342646;15/05/2026;PRIVILLEGE DISTRIBUIDORA DE VEICULOS LTD;1,72E+13;PALMAS;TO;15/05/2026;26/05/2026;25/05/2026;Entregue No Prazo;;Entrega realizada;Entrega Finalizada;26;5;15;5;RIO VERMELHO;27003;;;
MOBIS BRASIL FABRICACAO DE AUTO PECAS LT;RODOVIARIO;1510428;15/05/2026;2;342658;15/05/2026;URCA MOTORS VEICULOS LTDA;8,77E+12;ITUMBIARA;GO;15/05/2026;27/05/2026;25/05/2026;Entregue No Prazo;;Entrega realizada;Entrega Finalizada;27;5;15;5;RIO VERMELHO;9014;;;
MOBIS BRASIL FABRICACAO DE AUTO PECAS LT;RODOVIARIO;1511751;18/05/2026;16;342899;18/05/2026;ITAVEMA MOTORS VEICULOS LTDA;7,73E+12;RIO DE JANEIRO;RJ;18/05/2026;22/05/2026;25/05/2026;Entregue No Prazo;;Entrega realizada;Entrega Finalizada;22;5;18;5;CAMILO;19001;;;
MOBIS BRASIL FABRICACAO DE AUTO PECAS LT;RODOVIARIO;1511241;18/05/2026;1;342939;18/05/2026;VETOR AUTOMOVEIS LTDA;2,12E+13;FOZ DO IGUACU;PR;18/05/2026;25/05/2026;25/05/2026;Entregue No Prazo;;Entrega realizada;Entrega Finalizada;25;5;18;5;TRANSTRY;18019;;;
MOBIS BRASIL FABRICACAO DE AUTO PECAS LT;RODOVIARIO;1511267;18/05/2026;14;342920;18/05/2026;ATUAL VEICULOS LTDA;1,33E+13;TUBARAO;SC;18/05/2026;25/05/2026;25/05/2026;Entregue No Prazo;;Entrega realizada;Entrega Finalizada;25;5;18;5;TRANSTRY;24001;;;
MOBIS BRASIL FABRICACAO DE AUTO PECAS LT;RODOVIARIO;1511303;18/05/2026;1;342866;18/05/2026;PRIVILLEGE DISTRIBUIDORA DE VEICULOS LTD;1,72E+13;PALMAS;TO;18/05/2026;27/05/2026;25/05/2026;Entregue No Prazo;;Entrega realizada;Entrega Finalizada;27;5;18;5;RIO VERMELHO;27003;;;
MOBIS BRASIL FABRICACAO DE AUTO PECAS LT;RODOVIARIO;1511229;18/05/2026;5;342917;18/05/2026;UNIQUE COMERCIO DE AUTOMOVEIS LTDA;1,74E+13;ANANINDEUA;PA;18/05/2026;29/05/2026;25/05/2026;Entregue No Prazo;;Entrega realizada;Entrega Finalizada;29;5;18;5;CARVALIMA;14003;;;
MOBIS BRASIL FABRICACAO DE AUTO PECAS LT;RODOVIARIO;1511230;18/05/2026;2;342885;18/05/2026;CAOA MOTOR DO BRASIL LTDA;1,68E+13;BELEM;PA;18/05/2026;29/05/2026;25/05/2026;Entregue No Prazo;;Entrega realizada;Entrega Finalizada;29;5;18;5;CARVALIMA;5008;;;
MOBIS BRASIL FABRICACAO DE AUTO PECAS LT;RODOVIARIO;1511231;18/05/2026;4;342904;18/05/2026;NACIONAL NOVA MARABA DIST DE VEIC. LTDA;1,70E+13;MARABA;PA;18/05/2026;01/06/2026;25/05/2026;Entregue No Prazo;;Entrega realizada;Entrega Finalizada;1;6;18;5;CARVALIMA;14005;;;
MOBIS BRASIL FABRICACAO DE AUTO PECAS LT;RODOVIARIO;1511194;18/05/2026;9;342908;18/05/2026;PATEO COMERCIO DE VEICULOS S A;7,78E+12;FEIRA DE SANTANA;BA;18/05/2026;02/06/2026;25/05/2026;Entregue No Prazo;;Entrega realizada;Entrega Finalizada;2;6;18;5;TERMACO;5009;;;
MOBIS BRASIL FABRICACAO DE AUTO PECAS LT;RODOVIARIO;1512204;19/05/2026;1;343079;19/05/2026;CAOA MOTOR DO BRASIL LTDA;1,68E+13;SANTO ANDRE;SP;19/05/2026;21/05/2026;25/05/2026;Entregue Fora do Prazo;;Entrega realizada;Entrega Finalizada;21;5;19;5;MVT;5008;;;
MOBIS BRASIL FABRICACAO DE AUTO PECAS LT;RODOVIARIO;1512162;19/05/2026;7;343169;19/05/2026;LOVAT VEICULOS S/A;8,57E+12;MARINGA;PR;19/05/2026;25/05/2026;25/05/2026;Entregue No Prazo;;Entrega realizada;Entrega Finalizada;25;5;19;5;TRANSTRY;18008;;;
MOBIS BRASIL FABRICACAO DE AUTO PECAS LT;RODOVIARIO;1512209;19/05/2026;1;343082;19/05/2026;DESTAQUE SEUL DISTR DE VEIC PEC LTDA;2,12E+13;CARAGUATATUBA;SP;19/05/2026;25/05/2026;25/05/2026;Entregue No Prazo;;Entrega realizada;Entrega Finalizada;25;5;19;5;MVT;26082;;;
MOBIS BRASIL FABRICACAO DE AUTO PECAS LT;RODOVIARIO;1512170;19/05/2026;3;343134;19/05/2026;MONTREAL VEICULOS E PECAS LTDA;1,68E+13;MACAE;RJ;19/05/2026;26/05/2026;25/05/2026;Entregue No Prazo;;Entrega realizada;Entrega Finalizada;26;5;19;5;CAMILO;19030;;;
MOBIS BRASIL FABRICACAO DE AUTO PECAS LT;RODOVIARIO;1512180;19/05/2026;2;343157;19/05/2026;ATUAL VEICULOS LTDA;1,33E+13;TUBARAO;SC;19/05/2026;26/05/2026;25/05/2026;Entregue No Prazo;;Entrega realizada;Entrega Finalizada;26;5;19;5;TRANSTRY;24001;;;
MOBIS BRASIL FABRICACAO DE AUTO PECAS LT;RODOVIARIO;1512126;19/05/2026;1;343144;19/05/2026;PRIME CACHOEIRO VEICULOS LTDA EPP;9,34E+12;CACHOEIRO DE ITAPEMIRIM;ES;19/05/2026;27/05/2026;25/05/2026;Entregue No Prazo;;Entrega realizada;Entrega Finalizada;27;5;19;5;CAMILO;8003;;;
MOBIS BRASIL FABRICACAO DE AUTO PECAS LT;RODOVIARIO;1512128;19/05/2026;2;343102;19/05/2026;NISA COMERCIAL DE VEIC. AUTOMOTORES LTDA;1,03E+13;APARECIDA DE GOIANIA;GO;19/05/2026;27/05/2026;25/05/2026;Entregue No Prazo;;Entrega realizada;Entrega Finalizada;27;5;19;5;RIO VERMELHO;9002;;;
MOBIS BRASIL FABRICACAO DE AUTO PECAS LT;RODOVIARIO;1512175;19/05/2026;1;343166;19/05/2026;HOUSE PARTS - COM. DE PECAS E VEIC. LTDA;1,15E+13;SANTA MARIA;RS;19/05/2026;27/05/2026;25/05/2026;Entregue No Prazo;;Entrega realizada;Entrega Finalizada;27;5;19;5;TRANSTRY;23008;;;
MOBIS BRASIL FABRICACAO DE AUTO PECAS LT;RODOVIARIO;1512186;19/05/2026;1;343162;19/05/2026;CHINHAN AUTOMOVEIS LTDA;2,41E+13;CONCORDIA;SC;19/05/2026;27/05/2026;25/05/2026;Entregue No Prazo;;Entrega realizada;Entrega Finalizada;27;5;19;5;TRANSTRY;23019;;;
MOBIS BRASIL FABRICACAO DE AUTO PECAS LT;RODOVIARIO;1512132;19/05/2026;2;343109;19/05/2026;URCA MOTORS VEICULOS LTDA;8,77E+12;ITUMBIARA;GO;19/05/2026;29/05/2026;25/05/2026;Entregue No Prazo;;Entrega realizada;Entrega Finalizada;29;5;19;5;RIO VERMELHO;9014;;;
MOBIS BRASIL FABRICACAO DE AUTO PECAS LT;RODOVIARIO;1512150;19/05/2026;1;343152;19/05/2026;UNIQUE COMERCIO DE AUTOMOVEIS LTDA;1,74E+13;ANANINDEUA;PA;19/05/2026;01/06/2026;25/05/2026;Entregue No Prazo;;Entrega realizada;Entrega Finalizada;1;6;19;5;CARVALIMA;14003;;;
MOBIS BRASIL FABRICACAO DE AUTO PECAS LT;RODOVIARIO;1512151;19/05/2026;1;343120;19/05/2026;CAOA MOTOR DO BRASIL LTDA;1,68E+13;BELEM;PA;19/05/2026;01/06/2026;25/05/2026;Entregue No Prazo;;Entrega realizada;Entrega Finalizada;1;6;19;5;CARVALIMA;5008;;;
MOBIS BRASIL FABRICACAO DE AUTO PECAS LT;RODOVIARIO;1512876;20/05/2026;1;343353;20/05/2026;LOVAT VEICULOS S/A;8,57E+12;MARINGA;PR;20/05/2026;26/05/2026;25/05/2026;Entregue No Prazo;;Entrega realizada;Entrega Finalizada;26;5;20;5;TRANSTRY;18008;;;
MOBIS BRASIL FABRICACAO DE AUTO PECAS LT;RODOVIARIO;1512885;20/05/2026;2;343310;20/05/2026;CAOA MOTOR DO BRASIL LTDA;1,68E+13;NITEROI;RJ;20/05/2026;26/05/2026;25/05/2026;Entregue No Prazo;;Entrega realizada;Entrega Finalizada;26;5;20;5;CAMILO;5008;;;
MOBIS BRASIL FABRICACAO DE AUTO PECAS LT;RODOVIARIO;1512921;20/05/2026;6;343274;20/05/2026;DESTAQUE SEUL DISTR DE VEIC PEC LTDA;2,12E+13;CARAGUATATUBA;SP;20/05/2026;26/05/2026;25/05/2026;Entregue No Prazo;;Entrega realizada;Entrega Finalizada;26;5;20;5;MVT;26082;;;
MOBIS BRASIL FABRICACAO DE AUTO PECAS LT;RODOVIARIO;1512888;20/05/2026;1;343323;20/05/2026;MONTREAL VEICULOS E PECAS LTDA;1,68E+13;MACAE;RJ;20/05/2026;27/05/2026;25/05/2026;Entregue No Prazo;;Entrega realizada;Entrega Finalizada;27;5;20;5;CAMILO;19030;;;
MOBIS BRASIL FABRICACAO DE AUTO PECAS LT;RODOVIARIO;1512895;20/05/2026;4;343343;20/05/2026;ATUAL VEICULOS LTDA;1,33E+13;ARARANGUA;SC;20/05/2026;27/05/2026;25/05/2026;Entregue No Prazo;;Entrega realizada;Entrega Finalizada;27;5;20;5;TRANSTRY;24001;;;
MOBIS BRASIL FABRICACAO DE AUTO PECAS LT;RODOVIARIO;1512897;20/05/2026;3;343342;20/05/2026;ATUAL VEICULOS LTDA;1,33E+13;TUBARAO;SC;20/05/2026;27/05/2026;25/05/2026;Entregue No Prazo;;Entrega realizada;Entrega Finalizada;27;5;20;5;TRANSTRY;24001;;;
MOBIS BRASIL FABRICACAO DE AUTO PECAS LT;RODOVIARIO;1512898;20/05/2026;1;343355;20/05/2026;LS COMERCIO DE AUTOMOVEIS LTDA.;1,03E+13;BRUSQUE;SC;20/05/2026;27/05/2026;25/05/2026;Entregue No Prazo;;Entrega realizada;Entrega Finalizada;27;5;20;5;TRANSTRY;24006;;;
MOBIS BRASIL FABRICACAO DE AUTO PECAS LT;RODOVIARIO;1512899;20/05/2026;6;343354;20/05/2026;LR COMERCIO DE VEICULOS LTDA;1,05E+13;SAO JOSE;SC;20/05/2026;27/05/2026;25/05/2026;Entregue No Prazo;;Entrega realizada;Entrega Finalizada;27;5;20;5;TRANSTRY;24007;;;
MOBIS BRASIL FABRICACAO DE AUTO PECAS LT;RODOVIARIO;1512900;20/05/2026;22;343347;20/05/2026;BARI VEICULOS LTDA;7,46E+12;BLUMENAU;SC;20/05/2026;27/05/2026;25/05/2026;Entregue No Prazo;;Entrega realizada;Entrega Finalizada;27;5;20;5;TRANSTRY;18024;;;
MOBIS BRASIL FABRICACAO DE AUTO PECAS LT;RODOVIARIO;1512843;20/05/2026;1;343297;20/05/2026;SMAFF IMPORT VEICULOS LTDA;8,18E+12;BRASILIA;DF;20/05/2026;28/05/2026;25/05/2026;Entregue No Prazo;;Entrega realizada;Entrega Finalizada;28;5;20;5;RIO VERMELHO;7002;;;
MOBIS BRASIL FABRICACAO DE AUTO PECAS LT;RODOVIARIO;1512844;20/05/2026;3;343297;20/05/2026;SMAFF IMPORT VEICULOS LTDA;8,18E+12;BRASILIA;DF;20/05/2026;28/05/2026;25/05/2026;Entregue No Prazo;;Entrega realizada;Entrega Finalizada;28;5;20;5;RIO VERMELHO;7002;;;
MOBIS BRASIL FABRICACAO DE AUTO PECAS LT;RODOVIARIO;1512845;20/05/2026;29;343294;20/05/2026;SAGA KOREA COM. DE VEIC. E PC. LTDA;1,27E+13;BRASILIA;DF;20/05/2026;28/05/2026;25/05/2026;Entregue No Prazo;;Entrega realizada;Entrega Finalizada;28;5;20;5;RIO VERMELHO;7005;;;
MOBIS BRASIL FABRICACAO DE AUTO PECAS LT;RODOVIARIO;1512866;20/05/2026;1;343333;20/05/2026;SAGA ASIA COM. DE VEIC.PC.E SERV. LTDA;2,23E+13;VARZEA GRANDE;MT;20/05/2026;29/05/2026;25/05/2026;Entregue No Prazo;;Entrega realizada;Entrega Finalizada;29;5;20;5;CARVALIMA;13004;;;
MOBIS BRASIL FABRICACAO DE AUTO PECAS LT;RODOVIARIO;1512867;20/05/2026;3;343333;20/05/2026;SAGA ASIA COM. DE VEIC.PC.E SERV. LTDA;2,23E+13;VARZEA GRANDE;MT;20/05/2026;29/05/2026;25/05/2026;Entregue No Prazo;;Entrega realizada;Entrega Finalizada;29;5;20;5;CARVALIMA;13004;;;
MOBIS BRASIL FABRICACAO DE AUTO PECAS LT;RODOVIARIO;1513628;21/05/2026;5;343542;21/05/2026;CARBEL KOREA VEICULOS LTDA;2,07E+13;BELO HORIZONTE;MG;21/05/2026;26/05/2026;25/05/2026;Entregue No Prazo;;Entrega realizada;Entrega Finalizada;26;5;21;5;XD BETIM;11021;;;
MOBIS BRASIL FABRICACAO DE AUTO PECAS LT;RODOVIARIO;1513631;21/05/2026;35;343535;21/05/2026;BDG AUTOVILLE VEICULOS LTDA;4,77E+13;CONTAGEM;MG;21/05/2026;26/05/2026;25/05/2026;Entregue No Prazo;;Entrega realizada;Entrega Finalizada;26;5;21;5;XD BETIM;11037;;;
MOBIS BRASIL FABRICACAO DE AUTO PECAS LT;RODOVIARIO;1513692;21/05/2026;4;343523;21/05/2026;ANDRETA II DISTRIB.DE VEICULOS LTDA.;9,10E+12;JUNDIAI;SP;21/05/2026;26/05/2026;25/05/2026;Entregue No Prazo;;Entrega realizada;Entrega Finalizada;26;5;21;5;MVT;26040;;;
MOBIS BRASIL FABRICACAO DE AUTO PECAS LT;RODOVIARIO;1513701;21/05/2026;11;343525;21/05/2026;DESTAQUE SEUL DISTR. DE VEIC. E PC. LTDA;2,12E+13;ATIBAIA;SP;21/05/2026;26/05/2026;25/05/2026;Entregue No Prazo;;Entrega realizada;Entrega Finalizada;26;5;21;5;MVT;26075;;;
MOBIS BRASIL FABRICACAO DE AUTO PECAS LT;RODOVIARIO;1513709;21/05/2026;1;343528;21/05/2026;H - CAMINHO AUTOMOVEIS LTDA;2,53E+13;LIMEIRA;SP;21/05/2026;26/05/2026;25/05/2026;Entregue No Prazo;;Entrega realizada;Entrega Finalizada;26;5;21;5;MVT;26092;;;
MOBIS BRASIL FABRICACAO DE AUTO PECAS LT;RODOVIARIO;1514268;21/05/2026;2;343772;21/05/2026;SEVEC VEICULOS LTDA;5,68E+11;CURITIBA;PR;21/05/2026;26/05/2026;25/05/2026;Entregue No Prazo;;Entrega realizada;Entrega Finalizada;26;5;21;5;TRANSTRY;18012;;;
MOBIS BRASIL FABRICACAO DE AUTO PECAS LT;RODOVIARIO;1514297;21/05/2026;5;343718;21/05/2026;DHC COMERCIO DE VEICULOS E PECAS LTDA;9,52E+12;BAURU;SP;21/05/2026;26/05/2026;25/05/2026;Entregue No Prazo;;Entrega realizada;Entrega Finalizada;26;5;21;5;MVT;26010;;;
MOBIS BRASIL FABRICACAO DE AUTO PECAS LT;RODOVIARIO;1514298;21/05/2026;4;343716;21/05/2026;ANDRETA II DISTRIBUIDORA DE VEIC. LTDA;9,10E+12;CAMPINAS;SP;21/05/2026;26/05/2026;25/05/2026;Entregue No Prazo;;Entrega realizada;Entrega Finalizada;26;5;21;5;MVT;26011;;;
MOBIS BRASIL FABRICACAO DE AUTO PECAS LT;RODOVIARIO;1514299;21/05/2026;7;343722;21/05/2026;MOTONET COMERCIO DE VEICULOS LTDA;9,28E+12;SOROCABA;SP;21/05/2026;26/05/2026;25/05/2026;Entregue No Prazo;;Entrega realizada;Entrega Finalizada;26;5;21;5;MVT;26113;;;
MOBIS BRASIL FABRICACAO DE AUTO PECAS LT;RODOVIARIO;1514300;21/05/2026;6;343723;21/05/2026;NEW VEICULOS E PECAS LTDA;1,59E+13;RIBEIRAO PRETO;SP;21/05/2026;26/05/2026;25/05/2026;Entregue No Prazo;;Entrega realizada;Entrega Finalizada;26;5;21;5;MVT;26014;;;
MOBIS BRASIL FABRICACAO DE AUTO PECAS LT;RODOVIARIO;1514307;21/05/2026;1;343717;21/05/2026;DESTAQUE SEUL DISTR. DE VEIC. E PC. LTDA;2,12E+13;ATIBAIA;SP;21/05/2026;26/05/2026;25/05/2026;Entregue No Prazo;;Entrega realizada;Entrega Finalizada;26;5;21;5;MVT;26075;;;
MOBIS BRASIL FABRICACAO DE AUTO PECAS LT;RODOVIARIO;1514323;21/05/2026;1;343717;21/05/2026;DESTAQUE SEUL DISTR. DE VEIC. E PC. LTDA;2,12E+13;ATIBAIA;SP;21/05/2026;26/05/2026;25/05/2026;Entregue No Prazo;;Entrega realizada;Entrega Finalizada;26;5;21;5;MVT;26075;;;
MOBIS BRASIL FABRICACAO DE AUTO PECAS LT;RODOVIARIO;1513623;21/05/2026;9;343567;21/05/2026;URCA MOTORS VEICULOS LTDA;8,77E+12;UBERLANDIA;MG;21/05/2026;27/05/2026;25/05/2026;Entregue No Prazo;;Entrega realizada;Entrega Finalizada;27;5;21;5;XD BETIM;9014;;;
MOBIS BRASIL FABRICACAO DE AUTO PECAS LT;RODOVIARIO;1513626;21/05/2026;1;343568;21/05/2026;URCA MOTORS VEICULOS LTDA;8,77E+12;UBERABA;MG;21/05/2026;27/05/2026;25/05/2026;Entregue No Prazo;;Entrega realizada;Entrega Finalizada;27;5;21;5;XD BETIM;9014;;;
MOBIS BRASIL FABRICACAO DE AUTO PECAS LT;RODOVIARIO;1513629;21/05/2026;3;343564;21/05/2026;TOKSU COMERCIO DE VEICULOS LTDA;1,12E+13;POUSO ALEGRE;MG;21/05/2026;27/05/2026;25/05/2026;Entregue No Prazo;;Entrega realizada;Entrega Finalizada;27;5;21;5;XD BETIM;11008;;;
MOBIS BRASIL FABRICACAO DE AUTO PECAS LT;RODOVIARIO;1513652;21/05/2026;1;343589;21/05/2026;VETOR AUTOMOVEIS LTDA;2,12E+13;CASCAVEL;PR;21/05/2026;27/05/2026;25/05/2026;Entregue No Prazo;;Entrega realizada;Entrega Finalizada;27;5;21;5;TRANSTRY;18019;;;
MOBIS BRASIL FABRICACAO DE AUTO PECAS LT;RODOVIARIO;1513653;21/05/2026;18;343575;21/05/2026;BARI VEICULOS LTDA;7,46E+12;PONTA GROSSA;PR;21/05/2026;27/05/2026;25/05/2026;Entregue No Prazo;;Entrega realizada;Entrega Finalizada;27;5;21;5;TRANSTRY;18024;;;
MOBIS BRASIL FABRICACAO DE AUTO PECAS LT;RODOVIARIO;1513657;21/05/2026;2;343599;21/05/2026;CAOA MOTOR DO BRASIL LTDA;1,68E+13;RIO DE JANEIRO;RJ;21/05/2026;27/05/2026;25/05/2026;Entregue No Prazo;;Entrega realizada;Entrega Finalizada;27;5;21;5;CAMILO;5008;;;
MOBIS BRASIL FABRICACAO DE AUTO PECAS LT;RODOVIARIO;1513660;21/05/2026;1;343596;21/05/2026;CAOA MOTOR DO BRASIL LTDA;1,68E+13;NITEROI;RJ;21/05/2026;27/05/2026;25/05/2026;Entregue No Prazo;;Entrega realizada;Entrega Finalizada;27;5;21;5;CAMILO;5008;;;
MOBIS BRASIL FABRICACAO DE AUTO PECAS LT;RODOVIARIO;1513661;21/05/2026;1;343600;21/05/2026;CAOA MOTOR DO BRASIL LTDA;1,68E+13;RIO DE JANEIRO;RJ;21/05/2026;27/05/2026;25/05/2026;Entregue No Prazo;;Entrega realizada;Entrega Finalizada;27;5;21;5;CAMILO;5008;;;
MOBIS BRASIL FABRICACAO DE AUTO PECAS LT;RODOVIARIO;1513663;21/05/2026;2;343595;21/05/2026;CAOA MOTOR DO BRASIL LTDA;1,68E+13;RIO DE JANEIRO;RJ;21/05/2026;27/05/2026;25/05/2026;Entregue No Prazo;;Entrega realizada;Entrega Finalizada;27;5;21;5;CAMILO;5008;;;
MOBIS BRASIL FABRICACAO DE AUTO PECAS LT;RODOVIARIO;1513680;21/05/2026;1;343577;21/05/2026;BARI VEICULOS LTDA.;7,46E+12;JOINVILLE;SC;21/05/2026;27/05/2026;25/05/2026;Entregue No Prazo;;Entrega realizada;Entrega Finalizada;27;5;21;5;TRANSTRY;24013;;;
MOBIS BRASIL FABRICACAO DE AUTO PECAS LT;RODOVIARIO;1513695;21/05/2026;4;343530;21/05/2026;H R B COMERCIO DE VEICULOS LTDA;1,82E+13;SAO JOSE DO RIO PRETO;SP;21/05/2026;27/05/2026;25/05/2026;Entregue No Prazo;;Entrega realizada;Entrega Finalizada;27;5;21;5;MVT;26050;;;
MOBIS BRASIL FABRICACAO DE AUTO PECAS LT;RODOVIARIO;1513696;21/05/2026;13;343530;21/05/2026;H R B COMERCIO DE VEICULOS LTDA;1,82E+13;SAO JOSE DO RIO PRETO;SP;21/05/2026;27/05/2026;25/05/2026;Entregue No Prazo;;Entrega realizada;Entrega Finalizada;27;5;21;5;MVT;26050;;;
MOBIS BRASIL FABRICACAO DE AUTO PECAS LT;RODOVIARIO;1513710;21/05/2026;2;343532;21/05/2026;NEW VEICULOS E PECAS LTDA;1,59E+13;BARRETOS;SP;21/05/2026;27/05/2026;25/05/2026;Entregue No Prazo;;Entrega realizada;Entrega Finalizada;27;5;21;5;MVT;26014;;;
MOBIS BRASIL FABRICACAO DE AUTO PECAS LT;RODOVIARIO;1514185;21/05/2026;1;343611;21/05/2026;ITAVEMA MOTORS VEICULOS LTDA;7,73E+12;DUQUE DE CAXIAS;RJ;21/05/2026;27/05/2026;25/05/2026;Entregue No Prazo;;Entrega realizada;Entrega Finalizada;27;5;21;5;CAMILO;19001;;;
MOBIS BRASIL FABRICACAO DE AUTO PECAS LT;RODOVIARIO;1514186;21/05/2026;3;343610;21/05/2026;ITAVEMA MOTORS VEICULOS LTDA;7,73E+12;RIO DE JANEIRO;RJ;21/05/2026;27/05/2026;25/05/2026;Entregue No Prazo;;Entrega realizada;Entrega Finalizada;27;5;21;5;CAMILO;19001;;;
MOBIS BRASIL FABRICACAO DE AUTO PECAS LT;RODOVIARIO;1514265;21/05/2026;8;343767;21/05/2026;LOVAT VEICULOS S/A;8,57E+12;LONDRINA;PR;21/05/2026;27/05/2026;25/05/2026;Entregue No Prazo;;Entrega realizada;Entrega Finalizada;27;5;21;5;TRANSTRY;18008;;;
MOBIS BRASIL FABRICACAO DE AUTO PECAS LT;RODOVIARIO;1514269;21/05/2026;2;343757;21/05/2026;BARI VEICULOS LTDA;7,46E+12;PONTA GROSSA;PR;21/05/2026;27/05/2026;25/05/2026;Entregue No Prazo;;Entrega realizada;Entrega Finalizada;27;5;21;5;TRANSTRY;18024;;;
MOBIS BRASIL FABRICACAO DE AUTO PECAS LT;RODOVIARIO;1514270;21/05/2026;10;343757;21/05/2026;BARI VEICULOS LTDA;7,46E+12;PONTA GROSSA;PR;21/05/2026;27/05/2026;25/05/2026;Entregue No Prazo;;Entrega realizada;Entrega Finalizada;27;5;21;5;TRANSTRY;18024;;;
MOBIS BRASIL FABRICACAO DE AUTO PECAS LT;RODOVIARIO;1514273;21/05/2026;1;343795;21/05/2026;AMX COM. E SERVICOS DE AUTOMOTORES LTDA;1,20E+13;RIO DE JANEIRO;RJ;21/05/2026;27/05/2026;25/05/2026;Entregue No Prazo;;Entrega realizada;Entrega Finalizada;27;5;21;5;CAMILO;19009;;;
MOBIS BRASIL FABRICACAO DE AUTO PECAS LT;RODOVIARIO;1514276;21/05/2026;1;343798;21/05/2026;CAOA MOTOR DO BRASIL LTDA;1,68E+13;RIO DE JANEIRO;RJ;21/05/2026;27/05/2026;25/05/2026;Entregue No Prazo;;Entrega realizada;Entrega Finalizada;27;5;21;5;CAMILO;5008;;;
MOBIS BRASIL FABRICACAO DE AUTO PECAS LT;RODOVIARIO;1514277;21/05/2026;3;343799;21/05/2026;CAOA MOTOR DO BRASIL LTDA;1,68E+13;RIO DE JANEIRO;RJ;21/05/2026;27/05/2026;25/05/2026;Entregue No Prazo;;Entrega realizada;Entrega Finalizada;27;5;21;5;CAMILO;5008;;;
MOBIS BRASIL FABRICACAO DE AUTO PECAS LT;RODOVIARIO;1514288;21/05/2026;1;343758;21/05/2026;BARI VEICULOS LTDA.;7,46E+12;JOINVILLE;SC;21/05/2026;27/05/2026;25/05/2026;Entregue No Prazo;;Entrega realizada;Entrega Finalizada;27;5;21;5;TRANSTRY;24013;;;
MOBIS BRASIL FABRICACAO DE AUTO PECAS LT;RODOVIARIO;1514302;21/05/2026;2;343721;21/05/2026;H R B COMERCIO DE VEICULOS LTDA;1,82E+13;SAO JOSE DO RIO PRETO;SP;21/05/2026;27/05/2026;25/05/2026;Entregue No Prazo;;Entrega realizada;Entrega Finalizada;27;5;21;5;MVT;26050;;;
MOBIS BRASIL FABRICACAO DE AUTO PECAS LT;RODOVIARIO;1514303;21/05/2026;6;343721;21/05/2026;H R B COMERCIO DE VEICULOS LTDA;1,82E+13;SAO JOSE DO RIO PRETO;SP;21/05/2026;27/05/2026;25/05/2026;Entregue No Prazo;;Entrega realizada;Entrega Finalizada;27;5;21;5;MVT;26050;;;
MOBIS BRASIL FABRICACAO DE AUTO PECAS LT;RODOVIARIO;1514316;21/05/2026;3;343810;21/05/2026;ITAVEMA MOTORS VEICULOS LTDA;7,73E+12;RIO DE JANEIRO;RJ;21/05/2026;27/05/2026;25/05/2026;Entregue No Prazo;;Entrega realizada;Entrega Finalizada;27;5;21;5;CAMILO;19001;;;
MOBIS BRASIL FABRICACAO DE AUTO PECAS LT;RODOVIARIO;1513632;21/05/2026;1;343563;21/05/2026;TECAR TRILHAS AUTOMOVEIS E SERVICOS LTDA;2,32E+13;DIVINOPOLIS;MG;21/05/2026;28/05/2026;25/05/2026;Entregue No Prazo;;Entrega realizada;Entrega Finalizada;28;5;21;5;XD BETIM;11039;;;
MOBIS BRASIL FABRICACAO DE AUTO PECAS LT;RODOVIARIO;1513651;21/05/2026;1;343591;21/05/2026;ZENDAI VEICULOS LTDA;1,97E+13;TOLEDO;PR;21/05/2026;28/05/2026;25/05/2026;Entregue No Prazo;;Entrega realizada;Entrega Finalizada;28;5;21;5;TRANSTRY;18016;;;
MOBIS BRASIL FABRICACAO DE AUTO PECAS LT;RODOVIARIO;1513658;21/05/2026;3;343635;21/05/2026;VIA VR VEICULOS LTDA;1,73E+13;VOLTA REDONDA;RJ;21/05/2026;28/05/2026;25/05/2026;Entregue No Prazo;;Entrega realizada;Entrega Finalizada;28;5;21;5;CAMILO;19016;;;
MOBIS BRASIL FABRICACAO DE AUTO PECAS LT;RODOVIARIO;1514275;21/05/2026;2;343825;21/05/2026;TAI MOTORS VEICULOS S/A.;9,27E+12;CAMPOS DOS GOYTACAZES;RJ;21/05/2026;28/05/2026;25/05/2026;Entregue No Prazo;;Entrega realizada;Entrega Finalizada;28;5;21;5;CAMILO;19023;;;
MOBIS BRASIL FABRICACAO DE AUTO PECAS LT;RODOVIARIO;1514293;21/05/2026;5;343764;21/05/2026;GAMBATTO H1 VEICULOS LTDA;1,94E+13;CHAPECO;SC;21/05/2026;28/05/2026;25/05/2026;Entregue No Prazo;;Entrega realizada;Entrega Finalizada;28;5;21;5;TRANSTRY;24018;;;
MOBIS BRASIL FABRICACAO DE AUTO PECAS LT;RODOVIARIO;1514256;21/05/2026;1;343803;21/05/2026;COMETA MATO GROSSO COM. DE VEICULOS LTDA;1,54E+13;TANGARA DA SERRA;MT;21/05/2026;01/06/2026;25/05/2026;Entregue No Prazo;;Entrega realizada;Entrega Finalizada;1;6;21;5;CARVALIMA;13007;;;
MOBIS BRASIL FABRICACAO DE AUTO PECAS LT;RODOVIARIO;1514255;21/05/2026;1;343802;21/05/2026;COMETA MATO GROSSO COM. DE VEICULOS LTDA;1,54E+13;RONDONOPOLIS;MT;21/05/2026;02/06/2026;25/05/2026;Entregue No Prazo;;Entrega realizada;Entrega Finalizada;2;6;21;5;CARVALIMA;13006;;;
MOBIS BRASIL FABRICACAO DE AUTO PECAS LT;RODOVIARIO;1520389;03/06/2026;15;345880;03/06/2026;LR COMERCIO DE VEICULOS LTDA;1,05E+13;SAO JOSE;SC;03/06/2026;10/06/2026;25/05/2026;Entregue No Prazo;;Entrega realizada;Entrega Finalizada;10;6;3;6;TRANSTRY;24007;;;
MOBIS BRASIL FABRICACAO DE AUTO PECAS LT;RODOVIARIO;1520390;03/06/2026;5;345874;03/06/2026;BARI VEICULOS LTDA;7,46E+12;BLUMENAU;SC;03/06/2026;10/06/2026;25/05/2026;Entregue No Prazo;;Entrega realizada;Entrega Finalizada;10;6;3;6;TRANSTRY;18024;;;
MOBIS BRASIL FABRICACAO DE AUTO PECAS LT;RODOVIARIO;1520391;03/06/2026;6;345874;03/06/2026;BARI VEICULOS LTDA;7,46E+12;BLUMENAU;SC;03/06/2026;10/06/2026;25/05/2026;Entregue No Prazo;;Entrega realizada;Entrega Finalizada;10;6;3;6;TRANSTRY;18024;;;
MOBIS BRASIL FABRICACAO DE AUTO PECAS LT;RODOVIARIO;1520392;03/06/2026;1;345876;03/06/2026;CHINHAN AUTOMOVEIS LTDA;2,41E+13;CONCORDIA;SC;03/06/2026;11/06/2026;25/05/2026;Entregue No Prazo;;Entrega realizada;Entrega Finalizada;11;6;3;6;TRANSTRY;23019;;;
MOBIS BRASIL FABRICACAO DE AUTO PECAS LT;RODOVIARIO;1520393;03/06/2026;5;345877;03/06/2026;CHINHAN AUTOMOVEIS LTDA.;2,41E+13;CACADOR;SC;03/06/2026;12/06/2026;25/05/2026;Entregue No Prazo;;Entrega realizada;Entrega Finalizada;12;6;3;6;TRANSTRY;24020;;;
MOBIS BRASIL FABRICACAO DE AUTO PECAS LT;RODOVIARIO;1520987;08/06/2026;2;346297;08/06/2026;BARI VEICULOS LTDA;7,46E+12;CURITIBA;PR;08/06/2026;11/06/2026;25/05/2026;Entregue No Prazo;;Entrega realizada;Entrega Finalizada;11;6;8;6;TRANSTRY;18024;;;
MOBIS BRASIL FABRICACAO DE AUTO PECAS LT;RODOVIARIO;1520986;08/06/2026;1;346295;08/06/2026;BARI VEICULOS LTDA;7,46E+12;SAO JOSE DOS PINHAIS;PR;08/06/2026;12/06/2026;25/05/2026;Entregue No Prazo;;Entrega realizada;Entrega Finalizada;12;6;8;6;TRANSTRY;18024;;;
MOBIS BRASIL FABRICACAO DE AUTO PECAS LT;RODOVIARIO;1520994;08/06/2026;1;346302;08/06/2026;CARWAY SUL VEICULOS LTDA;1,03E+13;PORTO ALEGRE;RS;08/06/2026;12/06/2026;25/05/2026;Entregue No Prazo;;Entrega realizada;Entrega Finalizada;12;6;8;6;TRANSTRY;23003;;;
MOBIS BRASIL FABRICACAO DE AUTO PECAS LT;RODOVIARIO;1520995;08/06/2026;3;346310;08/06/2026;HOUSE PARTS-COM. DE PCS. E VEICULOS LTDA;1,15E+13;PORTO ALEGRE;RS;08/06/2026;12/06/2026;25/05/2026;Entregue No Prazo;;Entrega realizada;Entrega Finalizada;12;6;8;6;TRANSTRY;23004;;;
MOBIS BRASIL FABRICACAO DE AUTO PECAS LT;RODOVIARIO;1520996;08/06/2026;7;346310;08/06/2026;HOUSE PARTS-COM. DE PCS. E VEICULOS LTDA;1,15E+13;PORTO ALEGRE;RS;08/06/2026;12/06/2026;25/05/2026;Entregue No Prazo;;Entrega realizada;Entrega Finalizada;12;6;8;6;TRANSTRY;23004;;;
MOBIS BRASIL FABRICACAO DE AUTO PECAS LT;RODOVIARIO;1520997;08/06/2026;1;346303;08/06/2026;CARWAY SUL VEICULOS LTDA;1,03E+13;CANOAS;RS;08/06/2026;12/06/2026;25/05/2026;Entregue No Prazo;;Entrega realizada;Entrega Finalizada;12;6;8;6;TRANSTRY;23003;;;
MOBIS BRASIL FABRICACAO DE AUTO PECAS LT;RODOVIARIO;1520998;08/06/2026;2;346303;08/06/2026;CARWAY SUL VEICULOS LTDA;1,03E+13;CANOAS;RS;08/06/2026;12/06/2026;25/05/2026;Entregue No Prazo;;Entrega realizada;Entrega Finalizada;12;6;8;6;TRANSTRY;23003;;;
MOBIS BRASIL FABRICACAO DE AUTO PECAS LT;RODOVIARIO;1521006;08/06/2026;2;346300;08/06/2026;BARI VEICULOS LTDA.;7,46E+12;JOINVILLE;SC;08/06/2026;12/06/2026;25/05/2026;Entregue No Prazo;;Entrega realizada;Entrega Finalizada;12;6;8;6;TRANSTRY;24013;;;
MOBIS BRASIL FABRICACAO DE AUTO PECAS LT;RODOVIARIO;1521007;08/06/2026;3;346299;08/06/2026;BARI VEICULOS LTDA.;7,46E+12;ITAJAI;SC;08/06/2026;12/06/2026;25/05/2026;Entregue No Prazo;;Entrega realizada;Entrega Finalizada;12;6;8;6;TRANSTRY;24014;;;
MOBIS BRASIL FABRICACAO DE AUTO PECAS LT;RODOVIARIO;1521000;08/06/2026;1;346306;08/06/2026;GALA COMERCIO DE VEICULOS LTDA.;1,77E+13;PELOTAS;RS;08/06/2026;15/06/2026;25/05/2026;Entregue No Prazo;;Entrega realizada;Entrega Finalizada;15;6;8;6;TRANSTRY;23009;Aniversário do Estado do Acre;Estadual;AC
MOBIS BRASIL FABRICACAO DE AUTO PECAS LT;RODOVIARIO;1521001;08/06/2026;6;346293;08/06/2026;ATUAL VEICULOS LTDA;1,33E+13;CRICIUMA;SC;08/06/2026;15/06/2026;25/05/2026;Entregue No Prazo;;Entrega realizada;Entrega Finalizada;15;6;8;6;TRANSTRY;24001;Aniversário do Estado do Acre;Estadual;AC
MOBIS BRASIL FABRICACAO DE AUTO PECAS LT;RODOVIARIO;1521002;08/06/2026;7;346294;08/06/2026;ATUAL VEICULOS LTDA;1,33E+13;TUBARAO;SC;08/06/2026;15/06/2026;25/05/2026;Entregue No Prazo;;Entrega realizada;Entrega Finalizada;15;6;8;6;TRANSTRY;24001;Aniversário do Estado do Acre;Estadual;AC
MOBIS BRASIL FABRICACAO DE AUTO PECAS LT;RODOVIARIO;1521003;08/06/2026;3;346313;08/06/2026;LR COMERCIO DE VEICULOS LTDA;1,05E+13;SAO JOSE;SC;08/06/2026;15/06/2026;25/05/2026;Entregue No Prazo;;Entrega realizada;Entrega Finalizada;15;6;8;6;TRANSTRY;24007;Aniversário do Estado do Acre;Estadual;AC
MOBIS BRASIL FABRICACAO DE AUTO PECAS LT;RODOVIARIO;1521004;08/06/2026;1;346298;08/06/2026;BARI VEICULOS LTDA;7,46E+12;BLUMENAU;SC;08/06/2026;15/06/2026;25/05/2026;Entregue No Prazo;;Entrega realizada;Entrega Finalizada;15;6;8;6;TRANSTRY;18024;Aniversário do Estado do Acre;Estadual;AC
MOBIS BRASIL FABRICACAO DE AUTO PECAS LT;RODOVIARIO;1521005;08/06/2026;18;346298;08/06/2026;BARI VEICULOS LTDA;7,46E+12;BLUMENAU;SC;08/06/2026;15/06/2026;25/05/2026;Entregue No Prazo;;Entrega realizada;Entrega Finalizada;15;6;8;6;TRANSTRY;18024;Aniversário do Estado do Acre;Estadual;AC
MOBIS BRASIL FABRICACAO DE AUTO PECAS LT;RODOVIARIO;1521008;08/06/2026;3;346308;08/06/2026;GAMBATTO H1 VEICULOS LTDA;1,94E+13;CHAPECO;SC;08/06/2026;15/06/2026;25/05/2026;Entregue No Prazo;;Entrega realizada;Entrega Finalizada;15;6;8;6;TRANSTRY;24018;Aniversário do Estado do Acre;Estadual;AC
MOBIS BRASIL FABRICACAO DE AUTO PECAS LT;RODOVIARIO;1520999;08/06/2026;5;346309;08/06/2026;HOUSE PARTS - COM. DE PECAS E VEIC. LTDA;1,15E+13;SANTA MARIA;RS;08/06/2026;16/06/2026;25/05/2026;Entregue No Prazo;;Entrega realizada;Entrega Finalizada;16;6;8;6;TRANSTRY;23008;;;
MOBIS BRASIL FABRICACAO DE AUTO PECAS LT;RODOVIARIO;1521009;08/06/2026;1;346304;08/06/2026;CHINHAN AUTOMOVEIS LTDA;2,41E+13;CONCORDIA;SC;08/06/2026;16/06/2026;25/05/2026;Entregue No Prazo;;Entrega realizada;Entrega Finalizada;16;6;8;6;TRANSTRY;23019;;;
MOBIS BRASIL FABRICACAO DE AUTO PECAS LT;RODOVIARIO;1521010;08/06/2026;6;346305;08/06/2026;CHINHAN AUTOMOVEIS LTDA.;2,41E+13;CACADOR;SC;08/06/2026;17/06/2026;25/05/2026;Entregue No Prazo;;Entrega realizada;Entrega Finalizada;17;6;8;6;TRANSTRY;24020;;;
MOBIS BRASIL FABRICACAO DE AUTO PECAS LT;RODOVIARIO;1500399;27/04/2026;1;339524;27/04/2026;PATEO COMERCIO DE VEICULOS S A;7,78E+12;MANAUS;AM;27/04/2026;22/05/2026;26/05/2026;Entregue Fora do Prazo;;Entrega realizada;Entrega Finalizada;22;5;27;4;NORTEX;3002;;;
MOBIS BRASIL FABRICACAO DE AUTO PECAS LT;RODOVIARIO;1500400;27/04/2026;1;339524;27/04/2026;PATEO COMERCIO DE VEICULOS S A;7,78E+12;MANAUS;AM;27/04/2026;22/05/2026;26/05/2026;Entregue Fora do Prazo;;Entrega realizada;Entrega Finalizada;22;5;27;4;NORTEX;3002;;;
MOBIS BRASIL FABRICACAO DE AUTO PECAS LT;RODOVIARIO;1500987;27/04/2026;3;339524;27/04/2026;PATEO COMERCIO DE VEICULOS S A;7,78E+12;MANAUS;AM;27/04/2026;22/05/2026;26/05/2026;Entregue Fora do Prazo;;Entrega realizada;Entrega Finalizada;22;5;27;4;NORTEX;3002;;;
MOBIS BRASIL FABRICACAO DE AUTO PECAS LT;RODOVIARIO;1501293;28/04/2026;2;339772;28/04/2026;PATEO COMERCIO DE VEICULOS S A;7,78E+12;MANAUS;AM;28/04/2026;25/05/2026;26/05/2026;Entregue Fora do Prazo;;Entrega realizada;Entrega Finalizada;25;5;28;4;NORTEX;3002;;;
MOBIS BRASIL FABRICACAO DE AUTO PECAS LT;RODOVIARIO;1502592;29/04/2026;2;340314;30/04/2026;UNIQUE BOA VISTA COM. DE AUTOMOVEIS LTDA;3,48E+13;BOA VISTA;RR;30/04/2026;01/06/2026;26/05/2026;Entregue No Prazo;;Entrega realizada;Entrega Finalizada;1;6;30;4;CARVALIMA;22002;;;
MOBIS BRASIL FABRICACAO DE AUTO PECAS LT;RODOVIARIO;1506507;07/05/2026;1;341297;07/05/2026;UNIQUE BOA VISTA COM. DE AUTOMOVEIS LTDA;3,48E+13;BOA VISTA;RR;07/05/2026;04/06/2026;26/05/2026;Entregue No Prazo;;Entrega realizada;Entrega Finalizada;4;6;7;5;CARVALIMA;22002;;;
MOBIS BRASIL FABRICACAO DE AUTO PECAS LT;RODOVIARIO;1506786;08/05/2026;1;341550;08/05/2026;UNIQUE BOA VISTA COM. DE AUTOMOVEIS LTDA;3,48E+13;BOA VISTA;RR;08/05/2026;05/06/2026;26/05/2026;Entregue No Prazo;;Entrega realizada;Entrega Finalizada;5;6;8;5;CARVALIMA;22002;;;
MOBIS BRASIL FABRICACAO DE AUTO PECAS LT;RODOVIARIO;1507400;11/05/2026;1;341769;11/05/2026;SAGA SEUL COMERCIO DE VEICULOS, PECAS E;2,23E+13;CUIABA;MT;11/05/2026;20/05/2026;26/05/2026;Entregue Fora do Prazo;;Entrega realizada;Entrega Finalizada;20;5;11;5;CARVALIMA;13005;;;
MOBIS BRASIL FABRICACAO DE AUTO PECAS LT;RODOVIARIO;1507401;11/05/2026;68;341769;11/05/2026;SAGA SEUL COMERCIO DE VEICULOS, PECAS E;2,23E+13;CUIABA;MT;11/05/2026;20/05/2026;26/05/2026;Entregue Fora do Prazo;;Entrega realizada;Entrega Finalizada;20;5;11;5;CARVALIMA;13005;;;
MOBIS BRASIL FABRICACAO DE AUTO PECAS LT;RODOVIARIO;1508883;13/05/2026;1;342233;13/05/2026;JPN COMERCIO DE VEICULOS LTDA;3,20E+13;ARAPIRACA;AL;13/05/2026;29/05/2026;26/05/2026;Entregue No Prazo;;Entrega realizada;Entrega Finalizada;29;5;13;5;TERMACO;2003;;;
MOBIS BRASIL FABRICACAO DE AUTO PECAS LT;RODOVIARIO;1508884;13/05/2026;2;342244;13/05/2026;PATEO COMERCIO DE VEICULOS S A;7,78E+12;MANAUS;AM;13/05/2026;08/06/2026;26/05/2026;Entregue No Prazo;;Entrega realizada;Entrega Finalizada;8;6;13;5;CARVALIMA;3002;;;
MOBIS BRASIL FABRICACAO DE AUTO PECAS LT;RODOVIARIO;1509730;14/05/2026;1;342409;14/05/2026;GRANDE COREIA COMERCIO DE VEICULOS LTDA;2,66E+13;CASTANHAL;PA;14/05/2026;27/05/2026;26/05/2026;Entregue No Prazo;;Entrega realizada;Entrega Finalizada;27;5;14;5;CARVALIMA;14007;;;
MOBIS BRASIL FABRICACAO DE AUTO PECAS LT;RODOVIARIO;1510450;15/05/2026;2;342663;15/05/2026;AUTORAC VEICULOS LTDA;1,06E+13;CARUARU;PE;15/05/2026;02/06/2026;26/05/2026;Entregue No Prazo;;Entrega realizada;Entrega Finalizada;2;6;15;5;TERMACO;16001;;;
MOBIS BRASIL FABRICACAO DE AUTO PECAS LT;RODOVIARIO;1510454;15/05/2026;1;342671;15/05/2026;GREEN CITY VEICULOS LTDA;2,10E+13;TERESINA;PI;15/05/2026;02/06/2026;26/05/2026;Entregue No Prazo;;Entrega realizada;Entrega Finalizada;2;6;15;5;TERMACO;17002;;;
MOBIS BRASIL FABRICACAO DE AUTO PECAS LT;RODOVIARIO;1510455;15/05/2026;3;342671;15/05/2026;GREEN CITY VEICULOS LTDA;2,10E+13;TERESINA;PI;15/05/2026;02/06/2026;26/05/2026;Entregue No Prazo;;Entrega realizada;Entrega Finalizada;2;6;15;5;TERMACO;17002;;;
MOBIS BRASIL FABRICACAO DE AUTO PECAS LT;RODOVIARIO;1510457;15/05/2026;6;342670;15/05/2026;GREEN CITY VEICULOS LTDA;2,10E+13;TERESINA;PI;15/05/2026;02/06/2026;26/05/2026;Entregue No Prazo;;Entrega realizada;Entrega Finalizada;2;6;15;5;TERMACO;17002;;;
MOBIS BRASIL FABRICACAO DE AUTO PECAS LT;RODOVIARIO;1511752;18/05/2026;2;342916;18/05/2026;SEVEL VEICULOS LTDA;1,07E+13;ARACAJU;SE;18/05/2026;29/05/2026;26/05/2026;Entregue No Prazo;;Entrega realizada;Entrega Finalizada;29;5;18;5;TERMACO;25001;;;
MOBIS BRASIL FABRICACAO DE AUTO PECAS LT;RODOVIARIO;1511255;18/05/2026;1;342891;18/05/2026;COMETA JI PARANA COM. DE VEIC. LTDA;4,23E+12;JIPARANA;RO;18/05/2026;04/06/2026;26/05/2026;Entregue No Prazo;;Entrega realizada;Entrega Finalizada;4;6;18;5;CARVALIMA;21002;;;
MOBIS BRASIL FABRICACAO DE AUTO PECAS LT;RODOVIARIO;1511256;18/05/2026;3;342893;18/05/2026;COMETA RONDONIA COMERCIO DE VEICULO;4,23E+12;VILHENA;RO;18/05/2026;11/06/2026;26/05/2026;Entregue No Prazo;;Entrega realizada;Entrega Finalizada;11;6;18;5;CARVALIMA;#N/D;;;
MOBIS BRASIL FABRICACAO DE AUTO PECAS LT;RODOVIARIO;1512191;19/05/2026;4;343087;19/05/2026;NOBRE DISTRIBUIDORA DE VEICULOS E PECAS;5,76E+12;MOGI DAS CRUZES;SP;19/05/2026;21/05/2026;26/05/2026;Entregue Fora do Prazo;;Entrega realizada;Entrega Finalizada;21;5;19;5;MVT;26004;;;
MOBIS BRASIL FABRICACAO DE AUTO PECAS LT;RODOVIARIO;1512129;19/05/2026;1;343104;19/05/2026;SAGA KOREA COM. DE VEIC. E PC. LTDA;1,27E+13;GOIANIA;GO;19/05/2026;27/05/2026;26/05/2026;Entregue No Prazo;;Entrega realizada;Entrega Finalizada;27;5;19;5;RIO VERMELHO;9009;;;
MOBIS BRASIL FABRICACAO DE AUTO PECAS LT;RODOVIARIO;1512146;19/05/2026;10;343150;19/05/2026;ULSAN COMERCIO DE VEICULOS LTDA.;2,10E+13;CAMPO GRANDE;MS;19/05/2026;27/05/2026;26/05/2026;Entregue No Prazo;;Entrega realizada;Entrega Finalizada;27;5;19;5;CARVALIMA;12004;;;
MOBIS BRASIL FABRICACAO DE AUTO PECAS LT;RODOVIARIO;1512131;19/05/2026;3;343112;19/05/2026;URCA MOTORS VEICULOS LTDA;8,77E+12;RIO VERDE;GO;19/05/2026;29/05/2026;26/05/2026;Entregue No Prazo;;Entrega realizada;Entrega Finalizada;29;5;19;5;RIO VERMELHO;9014;;;
MOBIS BRASIL FABRICACAO DE AUTO PECAS LT;RODOVIARIO;1512133;19/05/2026;13;343101;19/05/2026;NASA MOTORS LTDA.;2,65E+13;SAO LUIS DE MONTES BELOS;GO;19/05/2026;02/06/2026;26/05/2026;Entregue No Prazo;;Entrega realizada;Entrega Finalizada;2;6;19;5;RIO VERMELHO;9016;;;
MOBIS BRASIL FABRICACAO DE AUTO PECAS LT;RODOVIARIO;1512114;19/05/2026;3;343115;19/05/2026;AIKON VEICULOS LTDA;1,17E+13;VITORIA DA CONQUISTA;BA;19/05/2026;03/06/2026;26/05/2026;Entregue No Prazo;;Entrega realizada;Entrega Finalizada;3;6;19;5;TERMACO;5002;;;
MOBIS BRASIL FABRICACAO DE AUTO PECAS LT;RODOVIARIO;1512157;19/05/2026;1;343117;19/05/2026;AUTORAC VEICULOS LTDA;1,06E+13;PETROLINA;PE;19/05/2026;04/06/2026;26/05/2026;Entregue No Prazo;;Entrega realizada;Entrega Finalizada;4;6;19;5;TERMACO;16001;;;
MOBIS BRASIL FABRICACAO DE AUTO PECAS LT;RODOVIARIO;1512904;20/05/2026;2;343280;20/05/2026;NOBRE DISTRIBUIDORA DE VEICULOS E PECAS;5,76E+12;MOGI DAS CRUZES;SP;20/05/2026;22/05/2026;26/05/2026;Entregue Fora do Prazo;;Entrega realizada;Entrega Finalizada;22;5;20;5;MVT;26004;;;
MOBIS BRASIL FABRICACAO DE AUTO PECAS LT;RODOVIARIO;1512892;20/05/2026;7;343351;20/05/2026;HOUSE PARTS-COM. DE PCS. E VEICULOS LTDA;1,15E+13;PORTO ALEGRE;RS;20/05/2026;26/05/2026;26/05/2026;Entregue No Prazo;;Entrega realizada;Entrega Finalizada;26;5;20;5;TRANSTRY;23004;;;
MOBIS BRASIL FABRICACAO DE AUTO PECAS LT;RODOVIARIO;1512893;20/05/2026;124;343349;20/05/2026;CARWAY SUL VEICULOS LTDA;1,03E+13;CANOAS;RS;20/05/2026;26/05/2026;26/05/2026;Entregue No Prazo;;Entrega realizada;Entrega Finalizada;26;5;20;5;TRANSTRY;23003;;;
MOBIS BRASIL FABRICACAO DE AUTO PECAS LT;RODOVIARIO;1512916;20/05/2026;1;343289;20/05/2026;GOLDEN MOTORS VEICULOS LTDA;3,62E+12;ARACATUBA;SP;20/05/2026;26/05/2026;26/05/2026;Entregue No Prazo;;Entrega realizada;Entrega Finalizada;26;5;20;5;XD DIADEMA;12001;;;
MOBIS BRASIL FABRICACAO DE AUTO PECAS LT;RODOVIARIO;1512846;20/05/2026;6;343336;20/05/2026;TAI MOTORS VEICULOS S/A;9,27E+12;VITORIA;ES;20/05/2026;27/05/2026;26/05/2026;Entregue No Prazo;;Entrega realizada;Entrega Finalizada;27;5;20;5;CAMILO;8002;;;
MOBIS BRASIL FABRICACAO DE AUTO PECAS LT;RODOVIARIO;1512849;20/05/2026;2;343332;20/05/2026;PRIME VILA VELHA VEICULOS LTDA.;2,14E+13;VILA VELHA;ES;20/05/2026;27/05/2026;26/05/2026;Entregue No Prazo;;Entrega realizada;Entrega Finalizada;27;5;20;5;CAMILO;8005;;;
MOBIS BRASIL FABRICACAO DE AUTO PECAS LT;RODOVIARIO;1512850;20/05/2026;3;343332;20/05/2026;PRIME VILA VELHA VEICULOS LTDA.;2,14E+13;VILA VELHA;ES;20/05/2026;27/05/2026;26/05/2026;Entregue No Prazo;;Entrega realizada;Entrega Finalizada;27;5;20;5;CAMILO;8005;;;
MOBIS BRASIL FABRICACAO DE AUTO PECAS LT;RODOVIARIO;1512886;20/05/2026;1;343337;20/05/2026;TAI MOTORS VEICULOS S/A.;9,27E+12;CAMPOS DOS GOYTACAZES;RJ;20/05/2026;27/05/2026;26/05/2026;Entregue No Prazo;;Entrega realizada;Entrega Finalizada;27;5;20;5;CAMILO;19023;;;
MOBIS BRASIL FABRICACAO DE AUTO PECAS LT;RODOVIARIO;1512896;20/05/2026;7;343344;20/05/2026;ATUAL VEICULOS LTDA;1,33E+13;CRICIUMA;SC;20/05/2026;27/05/2026;26/05/2026;Entregue No Prazo;;Entrega realizada;Entrega Finalizada;27;5;20;5;TRANSTRY;24001;;;
MOBIS BRASIL FABRICACAO DE AUTO PECAS LT;RODOVIARIO;1512847;20/05/2026;1;343331;20/05/2026;PRIME CACHOEIRO VEICULOS LTDA EPP;9,34E+12;CACHOEIRO DE ITAPEMIRIM;ES;20/05/2026;28/05/2026;26/05/2026;Entregue No Prazo;;Entrega realizada;Entrega Finalizada;28;5;20;5;CAMILO;8003;;;
MOBIS BRASIL FABRICACAO DE AUTO PECAS LT;RODOVIARIO;1512848;20/05/2026;2;343331;20/05/2026;PRIME CACHOEIRO VEICULOS LTDA EPP;9,34E+12;CACHOEIRO DE ITAPEMIRIM;ES;20/05/2026;28/05/2026;26/05/2026;Entregue No Prazo;;Entrega realizada;Entrega Finalizada;28;5;20;5;CAMILO;8003;;;
MOBIS BRASIL FABRICACAO DE AUTO PECAS LT;RODOVIARIO;1512838;20/05/2026;4;343326;20/05/2026;PATEO COMERCIO DE VEICULOS S A;7,78E+12;SALVADOR;BA;20/05/2026;01/06/2026;26/05/2026;Entregue No Prazo;;Entrega realizada;Entrega Finalizada;1;6;20;5;TERMACO;5003;;;
MOBIS BRASIL FABRICACAO DE AUTO PECAS LT;RODOVIARIO;1512840;20/05/2026;1;343311;20/05/2026;CAOA MOTOR DO BRASIL LTDA.;1,68E+13;LAURO DE FREITAS;BA;20/05/2026;04/06/2026;26/05/2026;Entregue No Prazo;;Entrega realizada;Entrega Finalizada;4;6;20;5;TERMACO;5008;;;
MOBIS BRASIL FABRICACAO DE AUTO PECAS LT;RODOVIARIO;1513627;21/05/2026;8;343562;21/05/2026;TAI MOTORS VEICULOS S/A;9,27E+12;BELO HORIZONTE;MG;21/05/2026;26/05/2026;26/05/2026;Entregue No Prazo;;Entrega realizada;Entrega Finalizada;26;5;21;5;XD BETIM;8002;;;
MOBIS BRASIL FABRICACAO DE AUTO PECAS LT;RODOVIARIO;1513648;21/05/2026;3;343584;21/05/2026;LOVAT VEICULOS S/A;8,57E+12;MARINGA;PR;21/05/2026;27/05/2026;26/05/2026;Entregue No Prazo;;Entrega realizada;Entrega Finalizada;27;5;21;5;TRANSTRY;18008;;;
MOBIS BRASIL FABRICACAO DE AUTO PECAS LT;RODOVIARIO;1513659;21/05/2026;1;343601;21/05/2026;CAOA MOTOR DO BRASIL LTDA;1,68E+13;RIO DE JANEIRO;RJ;21/05/2026;27/05/2026;26/05/2026;Entregue No Prazo;;Entrega realizada;Entrega Finalizada;27;5;21;5;CAMILO;5008;;;
MOBIS BRASIL FABRICACAO DE AUTO PECAS LT;RODOVIARIO;1513669;21/05/2026;1;343583;21/05/2026;HOUSE PARTS-COM. DE PCS. E VEICULOS LTDA;1,15E+13;PORTO ALEGRE;RS;21/05/2026;27/05/2026;26/05/2026;Entregue No Prazo;;Entrega realizada;Entrega Finalizada;27;5;21;5;TRANSTRY;23004;;;
MOBIS BRASIL FABRICACAO DE AUTO PECAS LT;RODOVIARIO;1513670;21/05/2026;6;343583;21/05/2026;HOUSE PARTS-COM. DE PCS. E VEICULOS LTDA;1,15E+13;PORTO ALEGRE;RS;21/05/2026;27/05/2026;26/05/2026;Entregue No Prazo;;Entrega realizada;Entrega Finalizada;27;5;21;5;TRANSTRY;23004;;;
MOBIS BRASIL FABRICACAO DE AUTO PECAS LT;RODOVIARIO;1513671;21/05/2026;25;343578;21/05/2026;CARWAY SUL VEICULOS LTDA;1,03E+13;CANOAS;RS;21/05/2026;27/05/2026;26/05/2026;Entregue No Prazo;;Entrega realizada;Entrega Finalizada;27;5;21;5;TRANSTRY;23003;;;
MOBIS BRASIL FABRICACAO DE AUTO PECAS LT;RODOVIARIO;1514266;21/05/2026;1;343768;21/05/2026;LOVAT VEICULOS S/A;8,57E+12;MARINGA;PR;21/05/2026;27/05/2026;26/05/2026;Entregue No Prazo;;Entrega realizada;Entrega Finalizada;27;5;21;5;TRANSTRY;18008;;;
MOBIS BRASIL FABRICACAO DE AUTO PECAS LT;RODOVIARIO;1514274;21/05/2026;1;343797;21/05/2026;CAOA MOTOR DO BRASIL LTDA;1,68E+13;RIO DE JANEIRO;RJ;21/05/2026;27/05/2026;26/05/2026;Entregue No Prazo;;Entrega realizada;Entrega Finalizada;27;5;21;5;CAMILO;5008;;;
MOBIS BRASIL FABRICACAO DE AUTO PECAS LT;RODOVIARIO;1514281;21/05/2026;7;343766;21/05/2026;HOUSE PARTS-COM. DE PCS. E VEICULOS LTDA;1,15E+13;PORTO ALEGRE;RS;21/05/2026;27/05/2026;26/05/2026;Entregue No Prazo;;Entrega realizada;Entrega Finalizada;27;5;21;5;TRANSTRY;23004;;;
MOBIS BRASIL FABRICACAO DE AUTO PECAS LT;RODOVIARIO;1514282;21/05/2026;1;343761;21/05/2026;CARWAY SUL VEICULOS LTDA;1,03E+13;CANOAS;RS;21/05/2026;27/05/2026;26/05/2026;Entregue No Prazo;;Entrega realizada;Entrega Finalizada;27;5;21;5;TRANSTRY;23003;;;
MOBIS BRASIL FABRICACAO DE AUTO PECAS LT;RODOVIARIO;1514289;21/05/2026;1;343759;21/05/2026;BARI VEICULOS LTDA.;7,46E+12;ITAJAI;SC;21/05/2026;27/05/2026;26/05/2026;Entregue No Prazo;;Entrega realizada;Entrega Finalizada;27;5;21;5;TRANSTRY;24014;;;
MOBIS BRASIL FABRICACAO DE AUTO PECAS LT;RODOVIARIO;1514306;21/05/2026;1;343719;21/05/2026;GOLDEN MOTORS VEICULOS LTDA;3,62E+12;PRESIDENTE PRUDENTE;SP;21/05/2026;27/05/2026;26/05/2026;Entregue No Prazo;;Entrega realizada;Entrega Finalizada;27;5;21;5;MVT;12001;;;
MOBIS BRASIL FABRICACAO DE AUTO PECAS LT;RODOVIARIO;1514311;21/05/2026;1;343720;21/05/2026;H - CAMINHO AUTOMOVEIS LTDA;2,53E+13;CATANDUVA;SP;21/05/2026;27/05/2026;26/05/2026;Entregue No Prazo;;Entrega realizada;Entrega Finalizada;27;5;21;5;MVT;26092;;;
MOBIS BRASIL FABRICACAO DE AUTO PECAS LT;RODOVIARIO;1513625;21/05/2026;1;343569;21/05/2026;VITAL COMERCIO DE VEICULOS LTDA;1,05E+13;IPATINGA;MG;21/05/2026;28/05/2026;26/05/2026;Entregue No Prazo;;Entrega realizada;Entrega Finalizada;28;5;21;5;XD BETIM;11016;;;
MOBIS BRASIL FABRICACAO DE AUTO PECAS LT;RODOVIARIO;1513630;21/05/2026;10;343545;21/05/2026;GNC GRANDE COREIA MINAS GERAIS COMERCIO;4,27E+13;MONTES CLAROS;MG;21/05/2026;28/05/2026;26/05/2026;Entregue No Prazo;;Entrega realizada;Entrega Finalizada;28;5;21;5;XD BETIM;11035;;;
MOBIS BRASIL FABRICACAO DE AUTO PECAS LT;RODOVIARIO;1513633;21/05/2026;2;343557;21/05/2026;RITMO MOTORS LTDA;1,94E+13;PASSOS;MG;21/05/2026;28/05/2026;26/05/2026;Entregue No Prazo;;Entrega realizada;Entrega Finalizada;28;5;21;5;XD BETIM;11040;;;
MOBIS BRASIL FABRICACAO DE AUTO PECAS LT;RODOVIARIO;1513649;21/05/2026;8;343587;21/05/2026;SANTA FE VEICULOS LTDA.;1,16E+13;FRANCISCO BELTRAO;PR;21/05/2026;28/05/2026;26/05/2026;Entregue No Prazo;;Entrega realizada;Entrega Finalizada;28;5;21;5;TRANSTRY;18010;;;
MOBIS BRASIL FABRICACAO DE AUTO PECAS LT;RODOVIARIO;1513662;21/05/2026;2;343615;21/05/2026;MONTREAL VEICULOS E PECAS LTDA;1,68E+13;MACAE;RJ;21/05/2026;28/05/2026;26/05/2026;Entregue No Prazo;;Entrega realizada;Entrega Finalizada;28;5;21;5;CAMILO;19030;;;
MOBIS BRASIL FABRICACAO DE AUTO PECAS LT;RODOVIARIO;1513673;21/05/2026;2;343581;21/05/2026;GALA COMERCIO DE VEICULOS LTDA.;1,77E+13;PELOTAS;RS;21/05/2026;28/05/2026;26/05/2026;Entregue No Prazo;;Entrega realizada;Entrega Finalizada;28;5;21;5;TRANSTRY;23009;;;
MOBIS BRASIL FABRICACAO DE AUTO PECAS LT;RODOVIARIO;1513675;21/05/2026;2;343571;21/05/2026;ATUAL VEICULOS LTDA;1,33E+13;ARARANGUA;SC;21/05/2026;28/05/2026;26/05/2026;Entregue No Prazo;;Entrega realizada;Entrega Finalizada;28;5;21;5;TRANSTRY;24001;;;
MOBIS BRASIL FABRICACAO DE AUTO PECAS LT;RODOVIARIO;1513677;21/05/2026;3;343585;21/05/2026;LR COMERCIO DE VEICULOS LTDA;1,05E+13;SAO JOSE;SC;21/05/2026;28/05/2026;26/05/2026;Entregue No Prazo;;Entrega realizada;Entrega Finalizada;28;5;21;5;TRANSTRY;24007;;;
MOBIS BRASIL FABRICACAO DE AUTO PECAS LT;RODOVIARIO;1513678;21/05/2026;4;343573;21/05/2026;BARI VEICULOS LTDA;7,46E+12;BLUMENAU;SC;21/05/2026;28/05/2026;26/05/2026;Entregue No Prazo;;Entrega realizada;Entrega Finalizada;28;5;21;5;TRANSTRY;18024;;;
MOBIS BRASIL FABRICACAO DE AUTO PECAS LT;RODOVIARIO;1513679;21/05/2026;23;343573;21/05/2026;BARI VEICULOS LTDA;7,46E+12;BLUMENAU;SC;21/05/2026;28/05/2026;26/05/2026;Entregue No Prazo;;Entrega realizada;Entrega Finalizada;28;5;21;5;TRANSTRY;18024;;;
MOBIS BRASIL FABRICACAO DE AUTO PECAS LT;RODOVIARIO;1514248;21/05/2026;3;343733;21/05/2026;GNC GRANDE COREIA MINAS GERAIS COMERCIO;4,27E+13;MONTES CLAROS;MG;21/05/2026;28/05/2026;26/05/2026;Entregue No Prazo;;Entrega realizada;Entrega Finalizada;28;5;21;5;XD BETIM;11035;;;
MOBIS BRASIL FABRICACAO DE AUTO PECAS LT;RODOVIARIO;1514267;21/05/2026;2;343771;21/05/2026;SANTA FE VEICULOS LTDA.;1,16E+13;FRANCISCO BELTRAO;PR;21/05/2026;28/05/2026;26/05/2026;Entregue No Prazo;;Entrega realizada;Entrega Finalizada;28;5;21;5;TRANSTRY;18010;;;
MOBIS BRASIL FABRICACAO DE AUTO PECAS LT;RODOVIARIO;1514284;21/05/2026;5;343752;21/05/2026;ATUAL VEICULOS LTDA;1,33E+13;ARARANGUA;SC;21/05/2026;28/05/2026;26/05/2026;Entregue No Prazo;;Entrega realizada;Entrega Finalizada;28;5;21;5;TRANSTRY;24001;;;
MOBIS BRASIL FABRICACAO DE AUTO PECAS LT;RODOVIARIO;1514286;21/05/2026;6;343769;21/05/2026;LR COMERCIO DE VEICULOS LTDA;1,05E+13;SAO JOSE;SC;21/05/2026;28/05/2026;26/05/2026;Entregue No Prazo;;Entrega realizada;Entrega Finalizada;28;5;21;5;TRANSTRY;24007;;;
MOBIS BRASIL FABRICACAO DE AUTO PECAS LT;RODOVIARIO;1514287;21/05/2026;14;343754;21/05/2026;BARI VEICULOS LTDA;7,46E+12;BLUMENAU;SC;21/05/2026;28/05/2026;26/05/2026;Entregue No Prazo;;Entrega realizada;Entrega Finalizada;28;5;21;5;TRANSTRY;18024;;;
MOBIS BRASIL FABRICACAO DE AUTO PECAS LT;RODOVIARIO;1514322;21/05/2026;1;343754;21/05/2026;BARI VEICULOS LTDA;7,46E+12;BLUMENAU;SC;21/05/2026;28/05/2026;26/05/2026;Entregue No Prazo;;Entrega realizada;Entrega Finalizada;28;5;21;5;TRANSTRY;18024;;;
MOBIS BRASIL FABRICACAO DE AUTO PECAS LT;RODOVIARIO;1513635;21/05/2026;2;343630;21/05/2026;ULSAN COMERCIO DE VEICULOS LTDA.;2,10E+13;CAMPO GRANDE;MS;21/05/2026;29/05/2026;26/05/2026;Entregue No Prazo;;Entrega realizada;Entrega Finalizada;29;5;21;5;CARVALIMA;12004;;;
MOBIS BRASIL FABRICACAO DE AUTO PECAS LT;RODOVIARIO;1514236;21/05/2026;4;343819;21/05/2026;PRIME CACHOEIRO VEICULOS LTDA;9,34E+12;LINHARES;ES;21/05/2026;29/05/2026;26/05/2026;Entregue No Prazo;;Entrega realizada;Entrega Finalizada;29;5;21;5;CAMILO;8004;;;
MOBIS BRASIL FABRICACAO DE AUTO PECAS LT;RODOVIARIO;1514290;21/05/2026;2;343756;21/05/2026;BARI VEICULOS LTDA;7,46E+12;BALNEARIO CAMBORIU;SC;21/05/2026;29/05/2026;26/05/2026;Entregue No Prazo;;Entrega realizada;Entrega Finalizada;29;5;21;5;TRANSTRY;18024;;;
MOBIS BRASIL FABRICACAO DE AUTO PECAS LT;RODOVIARIO;1514291;21/05/2026;1;343756;21/05/2026;BARI VEICULOS LTDA;7,46E+12;BALNEARIO CAMBORIU;SC;21/05/2026;29/05/2026;26/05/2026;Entregue No Prazo;;Entrega realizada;Entrega Finalizada;29;5;21;5;TRANSTRY;18024;;;
MOBIS BRASIL FABRICACAO DE AUTO PECAS LT;RODOVIARIO;1514254;21/05/2026;37;343821;21/05/2026;SAGA ASIA COM. DE VEIC.PC.E SERV. LTDA;2,23E+13;VARZEA GRANDE;MT;21/05/2026;01/06/2026;26/05/2026;Entregue No Prazo;;Entrega realizada;Entrega Finalizada;1;6;21;5;CARVALIMA;13004;;;
MOBIS BRASIL FABRICACAO DE AUTO PECAS LT;RODOVIARIO;1513638;21/05/2026;2;343632;21/05/2026;UNIQUE COMERCIO DE AUTOMOVEIS LTDA;1,74E+13;ANANINDEUA;PA;21/05/2026;03/06/2026;26/05/2026;Entregue No Prazo;;Entrega realizada;Entrega Finalizada;3;6;21;5;CARVALIMA;14003;;;
MOBIS BRASIL FABRICACAO DE AUTO PECAS LT;RODOVIARIO;1513639;21/05/2026;18;343632;21/05/2026;UNIQUE COMERCIO DE AUTOMOVEIS LTDA;1,74E+13;ANANINDEUA;PA;21/05/2026;03/06/2026;26/05/2026;Entregue No Prazo;;Entrega realizada;Entrega Finalizada;3;6;21;5;CARVALIMA;14003;;;
MOBIS BRASIL FABRICACAO DE AUTO PECAS LT;RODOVIARIO;1514257;21/05/2026;3;343827;21/05/2026;UNIQUE COMERCIO DE AUTOMOVEIS LTDA;1,74E+13;ANANINDEUA;PA;21/05/2026;03/06/2026;26/05/2026;Entregue No Prazo;;Entrega realizada;Entrega Finalizada;3;6;21;5;CARVALIMA;14003;;;
MOBIS BRASIL FABRICACAO DE AUTO PECAS LT;RODOVIARIO;1514258;21/05/2026;2;343800;21/05/2026;CAOA MOTOR DO BRASIL LTDA;1,68E+13;BELEM;PA;21/05/2026;03/06/2026;26/05/2026;Entregue No Prazo;;Entrega realizada;Entrega Finalizada;3;6;21;5;CARVALIMA;5008;;;
MOBIS BRASIL FABRICACAO DE AUTO PECAS LT;RODOVIARIO;1515566;25/05/2026;1;344008;25/05/2026;GRAND SPORT COM. DE VEIC. E PECAS LTDA;8,58E+12;SAO PAULO;SP;25/05/2026;27/05/2026;26/05/2026;Entregue No Prazo;;Entrega realizada;Entrega Finalizada;27;5;25;5;XD DIADEMA;26034;;;
MOBIS BRASIL FABRICACAO DE AUTO PECAS LT;RODOVIARIO;1515567;25/05/2026;1;344006;25/05/2026;CAOA MOTOR DO BRASIL LTDA (ARICANDUVA);1,68E+13;SAO PAULO;SP;25/05/2026;27/05/2026;26/05/2026;Entregue No Prazo;;Entrega realizada;Entrega Finalizada;27;5;25;5;XD DIADEMA;26039;;;
MOBIS BRASIL FABRICACAO DE AUTO PECAS LT;RODOVIARIO;1515569;25/05/2026;2;344009;25/05/2026;GRANDAY AUTOMOTORES LTDA;1,57E+13;SAO PAULO;SP;25/05/2026;27/05/2026;26/05/2026;Entregue No Prazo;;Entrega realizada;Entrega Finalizada;27;5;25;5;XD DIADEMA;26041;;;
MOBIS BRASIL FABRICACAO DE AUTO PECAS LT;RODOVIARIO;1515572;25/05/2026;7;344007;25/05/2026;CAOA MOTOR DO BRASIL LTDA (VL PRUDENTE);1,68E+13;SAO PAULO;SP;25/05/2026;27/05/2026;26/05/2026;Entregue No Prazo;;Entrega realizada;Entrega Finalizada;27;5;25;5;XD DIADEMA;26051;;;
MOBIS BRASIL FABRICACAO DE AUTO PECAS LT;RODOVIARIO;1515574;25/05/2026;2;344011;25/05/2026;NOBRE SP DISTRIB. DE VEIC. E PEC. LTDA;1,70E+13;SAO PAULO;SP;25/05/2026;27/05/2026;26/05/2026;Entregue No Prazo;;Entrega realizada;Entrega Finalizada;27;5;25;5;XD DIADEMA;26081;;;
MOBIS BRASIL FABRICACAO DE AUTO PECAS LT;RODOVIARIO;1515535;25/05/2026;11;344060;25/05/2026;BARI VEICULOS LTDA;7,46E+12;CURITIBA;PR;25/05/2026;28/05/2026;26/05/2026;Entregue No Prazo;;Entrega realizada;Entrega Finalizada;28;5;25;5;TRANSTRY;18024;;;
MOBIS BRASIL FABRICACAO DE AUTO PECAS LT;RODOVIARIO;1515563;25/05/2026;9;343997;25/05/2026;DHC COMERCIO DE VEICULOS E PECAS LTDA;9,52E+12;BAURU;SP;25/05/2026;28/05/2026;26/05/2026;Entregue No Prazo;;Entrega realizada;Entrega Finalizada;28;5;25;5;MVT;26010;;;
MOBIS BRASIL FABRICACAO DE AUTO PECAS LT;RODOVIARIO;1515565;25/05/2026;8;344003;25/05/2026;NEW VEICULOS E PECAS LTDA;1,59E+13;RIBEIRAO PRETO;SP;25/05/2026;28/05/2026;26/05/2026;Entregue No Prazo;;Entrega realizada;Entrega Finalizada;28;5;25;5;MVT;26014;;;
MOBIS BRASIL FABRICACAO DE AUTO PECAS LT;RODOVIARIO;1515577;25/05/2026;12;343999;25/05/2026;H - CAMINHO AUTOMOVEIS LTDA;2,53E+13;PIRACICABA;SP;25/05/2026;29/05/2026;26/05/2026;Entregue No Prazo;;Entrega realizada;Entrega Finalizada;29;5;25;5;MVT;26092;;;
MOBIS BRASIL FABRICACAO DE AUTO PECAS LT;RODOVIARIO;1515576;25/05/2026;10;344239;26/05/2026;GRANDAY AUTOMOTORES LTDA (CHAC. CALIFOR);1,57E+13;SAO PAULO;SP;26/05/2026;28/05/2026;26/05/2026;Entregue No Prazo;;Entrega realizada;Entrega Finalizada;28;5;26;5;XD DIADEMA;26090;;;
MOBIS BRASIL FABRICACAO DE AUTO PECAS LT;RODOVIARIO;1515673;25/05/2026;69;344237;26/05/2026;BILLY DISTRIBUIDORA DE VEICULOS LTDA;1,34E+13;SAO CAETANO DO SUL;SP;26/05/2026;28/05/2026;26/05/2026;Entregue No Prazo;;Entrega realizada;Entrega Finalizada;28;5;26;5;XD DIADEMA;26003;;;
MOBIS BRASIL FABRICACAO DE AUTO PECAS LT;RODOVIARIO;1515564;25/05/2026;29;344236;26/05/2026;ANDRETA II DISTRIBUIDORA DE VEIC. LTDA;9,10E+12;CAMPINAS;SP;26/05/2026;29/05/2026;26/05/2026;Entregue No Prazo;;Entrega realizada;Entrega Finalizada;29;5;26;5;XD DIADEMA;26011;;;
MOBIS BRASIL FABRICACAO DE AUTO PECAS LT;RODOVIARIO;1515573;25/05/2026;1;344238;26/05/2026;CAOA MOTOR DO BRASIL LTDA;1,68E+13;CAMPINAS;SP;26/05/2026;29/05/2026;26/05/2026;Entregue No Prazo;;Entrega realizada;Entrega Finalizada;29;5;26;5;XD DIADEMA;5008;;;
MOBIS BRASIL FABRICACAO DE AUTO PECAS LT;RODOVIARIO;1520376;03/06/2026;1;345882;03/06/2026;SEVEC VEICULOS LTDA;5,68E+11;CURITIBA;PR;03/06/2026;08/06/2026;26/05/2026;Entregue No Prazo;;Entrega realizada;Entrega Finalizada;8;6;3;6;TRANSTRY;18012;;;
MOBIS BRASIL FABRICACAO DE AUTO PECAS LT;RODOVIARIO;1520375;03/06/2026;2;345879;03/06/2026;LOVAT VEICULOS S/A;8,57E+12;LONDRINA;PR;03/06/2026;09/06/2026;26/05/2026;Entregue No Prazo;;Entrega realizada;Entrega Finalizada;9;6;3;6;TRANSTRY;18008;;;
MOBIS BRASIL FABRICACAO DE AUTO PECAS LT;RODOVIARIO;1520377;03/06/2026;8;345873;03/06/2026;BARI VEICULOS LTDA;7,46E+12;PONTA GROSSA;PR;03/06/2026;09/06/2026;26/05/2026;Entregue No Prazo;;Entrega realizada;Entrega Finalizada;9;6;3;6;TRANSTRY;18024;;;
MOBIS BRASIL FABRICACAO DE AUTO PECAS LT;RODOVIARIO;1520378;03/06/2026;3;345873;03/06/2026;BARI VEICULOS LTDA;7,46E+12;PONTA GROSSA;PR;03/06/2026;09/06/2026;26/05/2026;Entregue No Prazo;;Entrega realizada;Entrega Finalizada;9;6;3;6;TRANSTRY;18024;;;
MOBIS BRASIL FABRICACAO DE AUTO PECAS LT;RODOVIARIO;1520394;03/06/2026;1;345881;03/06/2026;LR COMERCIO DE VEICULOS LTDA;1,05E+13;FLORIANOPOLIS;SC;03/06/2026;09/06/2026;26/05/2026;Entregue No Prazo;;Entrega realizada;Entrega Finalizada;9;6;3;6;TRANSTRY;24007;;;
MOBIS BRASIL FABRICACAO DE AUTO PECAS LT;RODOVIARIO;1520385;03/06/2026;3;345878;03/06/2026;GALA COMERCIO DE VEICULOS LTDA.;1,77E+13;PELOTAS;RS;03/06/2026;10/06/2026;26/05/2026;Entregue No Prazo;;Entrega realizada;Entrega Finalizada;10;6;3;6;TRANSTRY;23009;;;
MOBIS BRASIL FABRICACAO DE AUTO PECAS LT;RODOVIARIO;1520387;03/06/2026;3;345872;03/06/2026;ATUAL VEICULOS LTDA;1,33E+13;CRICIUMA;SC;03/06/2026;10/06/2026;26/05/2026;Entregue No Prazo;;Entrega realizada;Entrega Finalizada;10;6;3;6;TRANSTRY;24001;;;
MOBIS BRASIL FABRICACAO DE AUTO PECAS LT;RODOVIARIO;1520388;03/06/2026;5;345871;03/06/2026;ATUAL VEICULOS LTDA;1,33E+13;TUBARAO;SC;03/06/2026;10/06/2026;26/05/2026;Entregue No Prazo;;Entrega realizada;Entrega Finalizada;10;6;3;6;TRANSTRY;24001;;;
MOBIS BRASIL FABRICACAO DE AUTO PECAS LT;RODOVIARIO;1520386;03/06/2026;2;345875;03/06/2026;CHINHAN AUTOMOVEIS LTDA;2,41E+13;ERECHIM;RS;03/06/2026;11/06/2026;26/05/2026;Entregue No Prazo;;Entrega realizada;Entrega Finalizada;11;6;3;6;TRANSTRY;23019;;;
MOBIS BRASIL FABRICACAO DE AUTO PECAS LT;RODOVIARIO;1473839;06/03/2026;1;331101;06/03/2026;PATEO COMERCIO DE VEICULOS S A;7,78E+12;MANAUS;AM;06/03/2026;01/04/2026;27/05/2026;Entregue Fora do Prazo;;Entrega realizada;Entrega Finalizada;1;4;6;3;NORTEX;3002;;;
MOBIS BRASIL FABRICACAO DE AUTO PECAS LT;RODOVIARIO;1508962;13/05/2026;1;342171;13/05/2026;NOBRE DISTRIBUIDORA DE VEICULOS E PECAS;5,76E+12;MOGI DAS CRUZES;SP;13/05/2026;15/05/2026;27/05/2026;Entregue Fora do Prazo;;Entrega realizada;Entrega Finalizada;15;5;13;5;MVT;26004;;;
MOBIS BRASIL FABRICACAO DE AUTO PECAS LT;RODOVIARIO;1508906;13/05/2026;47;342242;13/05/2026;PATEO COMERCIO DE VEICULOS S A;7,78E+12;SAO LUIS;MA;13/05/2026;28/05/2026;27/05/2026;Entregue No Prazo;;Entrega realizada;Entrega Finalizada;28;5;13;5;TERMACO;10002;;;
MOBIS BRASIL FABRICACAO DE AUTO PECAS LT;RODOVIARIO;1509792;14/05/2026;5;342370;14/05/2026;PRIVILLEGE DISTRIBUIDORA DE VEICULOS LTD;1,72E+13;ARAGUAINA;TO;14/05/2026;28/05/2026;27/05/2026;Entregue No Prazo;;Entrega realizada;Entrega Finalizada;28;5;14;5;RIO VERMELHO;27002;;;
MOBIS BRASIL FABRICACAO DE AUTO PECAS LT;RODOVIARIO;1509715;14/05/2026;5;342418;14/05/2026;PATEO COMERCIO DE VEICULOS S A;7,78E+12;SAO LUIS;MA;14/05/2026;29/05/2026;27/05/2026;Entregue No Prazo;;Entrega realizada;Entrega Finalizada;29;5;14;5;TERMACO;10002;;;
MOBIS BRASIL FABRICACAO DE AUTO PECAS LT;RODOVIARIO;1509754;14/05/2026;1;342425;14/05/2026;SAINT LAND COMERCIO DE VEICULOS LTDA;1,04E+13;NATAL;RN;14/05/2026;29/05/2026;27/05/2026;Entregue No Prazo;;Entrega realizada;Entrega Finalizada;29;5;14;5;TERMACO;6010;;;
MOBIS BRASIL FABRICACAO DE AUTO PECAS LT;RODOVIARIO;1509738;14/05/2026;3;342411;14/05/2026;GREEN CITY VEICULOS LTDA;2,10E+13;PARNAIBA;PI;14/05/2026;03/06/2026;27/05/2026;Entregue No Prazo;;Entrega realizada;Entrega Finalizada;3;6;14;5;TERMACO;17002;;;
MOBIS BRASIL FABRICACAO DE AUTO PECAS LT;RODOVIARIO;1509702;14/05/2026;5;342420;14/05/2026;PATEO COMERCIO DE VEICULOS S A;7,78E+12;MANAUS;AM;14/05/2026;09/06/2026;27/05/2026;Entregue No Prazo;;Entrega realizada;Entrega Finalizada;9;6;14;5;CARVALIMA;3002;;;
MOBIS BRASIL FABRICACAO DE AUTO PECAS LT;RODOVIARIO;1510521;15/05/2026;4;342645;15/05/2026;PRIVILLEGE DISTRIBUIDORA DE VEICULOS LTD;1,72E+13;ARAGUAINA;TO;15/05/2026;29/05/2026;27/05/2026;Entregue No Prazo;;Entrega realizada;Entrega Finalizada;29;5;15;5;RIO VERMELHO;27002;;;
MOBIS BRASIL FABRICACAO DE AUTO PECAS LT;RODOVIARIO;1510448;15/05/2026;9;342681;15/05/2026;PATEO COMERCIO DE VEICULOS S A;7,78E+12;JOAO PESSOA;PB;15/05/2026;01/06/2026;27/05/2026;Entregue No Prazo;;Entrega realizada;Entrega Finalizada;1;6;15;5;TERMACO;15003;;;
MOBIS BRASIL FABRICACAO DE AUTO PECAS LT;RODOVIARIO;1510449;15/05/2026;1;342676;15/05/2026;JPN PATOS COMERCIO DE VEICULOS LTDA;4,20E+13;PATOS;PB;15/05/2026;02/06/2026;27/05/2026;Entregue No Prazo;;Entrega realizada;Entrega Finalizada;2;6;15;5;TERMACO;15004;;;
MOBIS BRASIL FABRICACAO DE AUTO PECAS LT;RODOVIARIO;1510456;15/05/2026;2;342672;15/05/2026;GREEN CITY VEICULOS LTDA;2,10E+13;PARNAIBA;PI;15/05/2026;04/06/2026;27/05/2026;Entregue No Prazo;;Entrega realizada;Entrega Finalizada;4;6;15;5;TERMACO;17002;;;
MOBIS BRASIL FABRICACAO DE AUTO PECAS LT;RODOVIARIO;1510411;15/05/2026;1;342682;15/05/2026;PATEO COMERCIO DE VEICULOS S A;7,78E+12;MANAUS;AM;15/05/2026;10/06/2026;27/05/2026;Entregue No Prazo;;Entrega realizada;Entrega Finalizada;10;6;15;5;CARVALIMA;3002;;;
MOBIS BRASIL FABRICACAO DE AUTO PECAS LT;RODOVIARIO;1510412;15/05/2026;1;342682;15/05/2026;PATEO COMERCIO DE VEICULOS S A;7,78E+12;MANAUS;AM;15/05/2026;10/06/2026;27/05/2026;Entregue No Prazo;;Entrega realizada;Entrega Finalizada;10;6;15;5;CARVALIMA;3002;;;
MOBIS BRASIL FABRICACAO DE AUTO PECAS LT;RODOVIARIO;1511192;18/05/2026;1;342896;18/05/2026;FAZZA MOTORS COMERCIO DE VEICULOS LTDA;1,24E+13;SALVADOR;BA;18/05/2026;28/05/2026;27/05/2026;Entregue No Prazo;;Entrega realizada;Entrega Finalizada;28;5;18;5;TERMACO;5007;;;
MOBIS BRASIL FABRICACAO DE AUTO PECAS LT;RODOVIARIO;1511193;18/05/2026;1;342896;18/05/2026;FAZZA MOTORS COMERCIO DE VEICULOS LTDA;1,24E+13;SALVADOR;BA;18/05/2026;28/05/2026;27/05/2026;Entregue No Prazo;;Entrega realizada;Entrega Finalizada;28;5;18;5;TERMACO;5007;;;
MOBIS BRASIL FABRICACAO DE AUTO PECAS LT;RODOVIARIO;1511189;18/05/2026;1;342894;18/05/2026;CYCOSA AUTOMOVEIS LTDA;4,76E+12;MACEIO;AL;18/05/2026;01/06/2026;27/05/2026;Entregue No Prazo;;Entrega realizada;Entrega Finalizada;1;6;18;5;TERMACO;2001;;;
MOBIS BRASIL FABRICACAO DE AUTO PECAS LT;RODOVIARIO;1511197;18/05/2026;2;342887;18/05/2026;CAOA MOTOR DO BRASIL LTDA;1,68E+13;FORTALEZA;CE;18/05/2026;01/06/2026;27/05/2026;Entregue No Prazo;;Entrega realizada;Entrega Finalizada;1;6;18;5;TERMACO;5008;;;
MOBIS BRASIL FABRICACAO DE AUTO PECAS LT;RODOVIARIO;1511302;18/05/2026;3;342867;18/05/2026;PRIVILLEGE DISTRIBUIDORA DE VEICULOS LTD;1,72E+13;ARAGUAINA;TO;18/05/2026;01/06/2026;27/05/2026;Entregue No Prazo;;Entrega realizada;Entrega Finalizada;1;6;18;5;RIO VERMELHO;27002;;;
MOBIS BRASIL FABRICACAO DE AUTO PECAS LT;RODOVIARIO;1511750;18/05/2026;3;342895;18/05/2026;FAZZA MOTORS COM. DE VEICULOS LTDA;1,24E+13;FORTALEZA;CE;18/05/2026;01/06/2026;27/05/2026;Entregue No Prazo;;Entrega realizada;Entrega Finalizada;1;6;18;5;TERMACO;6001;;;
MOBIS BRASIL FABRICACAO DE AUTO PECAS LT;RODOVIARIO;1511195;18/05/2026;4;342906;18/05/2026;ORVEL AUTOMOTOR HYD LTDA;2,52E+13;TEIXEIRA DE FREITAS;BA;18/05/2026;02/06/2026;27/05/2026;Entregue No Prazo;;Entrega realizada;Entrega Finalizada;2;6;18;5;TERMACO;5011;;;
MOBIS BRASIL FABRICACAO DE AUTO PECAS LT;RODOVIARIO;1511232;18/05/2026;1;342911;18/05/2026;PATEO COMERCIO DE VEICULOS S A;7,78E+12;JOAO PESSOA;PB;18/05/2026;02/06/2026;27/05/2026;Entregue No Prazo;;Entrega realizada;Entrega Finalizada;2;6;18;5;TERMACO;15003;;;
MOBIS BRASIL FABRICACAO DE AUTO PECAS LT;RODOVIARIO;1511254;18/05/2026;5;342914;18/05/2026;SAINT LAND COMERCIO DE VEICULOS LTDA;1,04E+13;NATAL;RN;18/05/2026;02/06/2026;27/05/2026;Entregue No Prazo;;Entrega realizada;Entrega Finalizada;2;6;18;5;TERMACO;6010;;;
MOBIS BRASIL FABRICACAO DE AUTO PECAS LT;RODOVIARIO;1511198;18/05/2026;1;342915;18/05/2026;SAINT LAND COMERCIO DE VEICULOS LTDA;1,04E+13;JUAZEIRO DO NORTE;CE;18/05/2026;03/06/2026;27/05/2026;Entregue No Prazo;;Entrega realizada;Entrega Finalizada;3;6;18;5;TERMACO;6010;;;
MOBIS BRASIL FABRICACAO DE AUTO PECAS LT;RODOVIARIO;1511236;18/05/2026;4;342898;18/05/2026;GREEN CITY VEICULOS LTDA;2,10E+13;TERESINA;PI;18/05/2026;03/06/2026;27/05/2026;Entregue No Prazo;;Entrega realizada;Entrega Finalizada;3;6;18;5;TERMACO;17002;;;
MOBIS BRASIL FABRICACAO DE AUTO PECAS LT;RODOVIARIO;1511253;18/05/2026;11;342905;18/05/2026;ORIENTE AUTOMOVEIS LTDA;1,33E+13;PARNAMIRIM;RN;18/05/2026;03/06/2026;27/05/2026;Entregue No Prazo;;Entrega realizada;Entrega Finalizada;3;6;18;5;TERMACO;20001;;;
MOBIS BRASIL FABRICACAO DE AUTO PECAS LT;RODOVIARIO;1512120;19/05/2026;2;343127;19/05/2026;FAZZA MOTORS COMERCIO DE VEICULOS LTDA;1,24E+13;FORTALEZA;CE;19/05/2026;02/06/2026;27/05/2026;Entregue No Prazo;;Entrega realizada;Entrega Finalizada;2;6;19;5;TERMACO;5007;;;
MOBIS BRASIL FABRICACAO DE AUTO PECAS LT;RODOVIARIO;1512121;19/05/2026;1;343121;19/05/2026;CAOA MOTOR DO BRASIL LTDA;1,68E+13;FORTALEZA;CE;19/05/2026;02/06/2026;27/05/2026;Entregue No Prazo;;Entrega realizada;Entrega Finalizada;2;6;19;5;TERMACO;5008;;;
MOBIS BRASIL FABRICACAO DE AUTO PECAS LT;RODOVIARIO;1512417;19/05/2026;1;343125;19/05/2026;FAZZA MOTORS COM. DE VEICULOS LTDA;1,24E+13;FORTALEZA;CE;19/05/2026;02/06/2026;27/05/2026;Entregue No Prazo;;Entrega realizada;Entrega Finalizada;2;6;19;5;TERMACO;6001;;;
MOBIS BRASIL FABRICACAO DE AUTO PECAS LT;RODOVIARIO;1512117;19/05/2026;2;343142;19/05/2026;PATEO COMERCIO DE VEICULOS S A;7,78E+12;FEIRA DE SANTANA;BA;19/05/2026;03/06/2026;27/05/2026;Entregue No Prazo;;Entrega realizada;Entrega Finalizada;3;6;19;5;TERMACO;5009;;;
MOBIS BRASIL FABRICACAO DE AUTO PECAS LT;RODOVIARIO;1512118;19/05/2026;2;343114;19/05/2026;AIKON VEICULOS LTDA;1,17E+13;ITABUNA;BA;19/05/2026;03/06/2026;27/05/2026;Entregue No Prazo;;Entrega realizada;Entrega Finalizada;3;6;19;5;TERMACO;5002;;;
MOBIS BRASIL FABRICACAO DE AUTO PECAS LT;RODOVIARIO;1512156;19/05/2026;4;343118;19/05/2026;CAOA MOTOR DO BRASIL LTDA;1,68E+13;RECIFE;PE;19/05/2026;03/06/2026;27/05/2026;Entregue No Prazo;;Entrega realizada;Entrega Finalizada;3;6;19;5;TERMACO;5008;;;
MOBIS BRASIL FABRICACAO DE AUTO PECAS LT;RODOVIARIO;1512122;19/05/2026;2;343147;19/05/2026;SAINT LAND COMERCIO DE VEICULOS LTDA;1,04E+13;JUAZEIRO DO NORTE;CE;19/05/2026;04/06/2026;27/05/2026;Entregue No Prazo;;Entrega realizada;Entrega Finalizada;4;6;19;5;TERMACO;6010;;;
MOBIS BRASIL FABRICACAO DE AUTO PECAS LT;RODOVIARIO;1512135;19/05/2026;1;343135;19/05/2026;NACIONAL NOVA MARABA DIST DE VEIC. LTDA;1,70E+13;IMPERATRIZ;MA;19/05/2026;08/06/2026;27/05/2026;Entregue No Prazo;;Entrega realizada;Entrega Finalizada;8;6;19;5;TERMACO;10003;;;
MOBIS BRASIL FABRICACAO DE AUTO PECAS LT;RODOVIARIO;1512883;20/05/2026;1;343305;20/05/2026;AMX COM. E SERVICOS DE AUTOMOTORES LTDA;1,20E+13;RIO DE JANEIRO;RJ;20/05/2026;26/05/2026;27/05/2026;Entregue Fora do Prazo;;Entrega realizada;Entrega Finalizada;26;5;20;5;CAMILO;19009;;;
MOBIS BRASIL FABRICACAO DE AUTO PECAS LT;RODOVIARIO;1512851;20/05/2026;15;343295;20/05/2026;SAGA KOREA COM. DE VEIC. E PC. LTDA;1,27E+13;GOIANIA;GO;20/05/2026;28/05/2026;27/05/2026;Entregue No Prazo;;Entrega realizada;Entrega Finalizada;28;5;20;5;RIO VERMELHO;9011;;;
MOBIS BRASIL FABRICACAO DE AUTO PECAS LT;RODOVIARIO;1512894;20/05/2026;1;343350;20/05/2026;HOUSE PARTS - COM. DE PECAS E VEIC. LTDA;1,15E+13;SANTA MARIA;RS;20/05/2026;28/05/2026;27/05/2026;Entregue No Prazo;;Entrega realizada;Entrega Finalizada;28;5;20;5;TRANSTRY;23008;;;
MOBIS BRASIL FABRICACAO DE AUTO PECAS LT;RODOVIARIO;1512839;20/05/2026;2;343316;20/05/2026;FAZZA MOTORS COMERCIO DE VEICULOS LTDA;1,24E+13;SALVADOR;BA;20/05/2026;01/06/2026;27/05/2026;Entregue No Prazo;;Entrega realizada;Entrega Finalizada;1;6;20;5;TERMACO;5007;;;
MOBIS BRASIL FABRICACAO DE AUTO PECAS LT;RODOVIARIO;1512853;20/05/2026;1;343300;20/05/2026;URCA MOTORS VEICULOS LTDA;8,77E+12;RIO VERDE;GO;20/05/2026;01/06/2026;27/05/2026;Entregue No Prazo;;Entrega realizada;Entrega Finalizada;1;6;20;5;RIO VERMELHO;9014;;;
MOBIS BRASIL FABRICACAO DE AUTO PECAS LT;RODOVIARIO;1512865;20/05/2026;1;343312;20/05/2026;COMETA MATO GROSSO COM. DE VEICULOS LTDA;1,54E+13;SINOP;MT;20/05/2026;01/06/2026;27/05/2026;Entregue No Prazo;;Entrega realizada;Entrega Finalizada;1;6;20;5;CARVALIMA;13003;;;
MOBIS BRASIL FABRICACAO DE AUTO PECAS LT;RODOVIARIO;1512852;20/05/2026;3;343296;20/05/2026;SAGA KOREA COM. DE VEIC. E PC. LTDA;1,27E+13;ANAPOLIS;GO;20/05/2026;02/06/2026;27/05/2026;Entregue No Prazo;;Entrega realizada;Entrega Finalizada;2;6;20;5;RIO VERMELHO;9012;;;
MOBIS BRASIL FABRICACAO DE AUTO PECAS LT;RODOVIARIO;1513703;21/05/2026;4;343554;21/05/2026;NOBRE SP DISTRIB. DE VEIC. E PEC. LTDA;1,70E+13;SAO PAULO;SP;21/05/2026;25/05/2026;27/05/2026;Entregue Fora do Prazo;Entregue parcial;Entrega realizada;Entrega Finalizada;25;5;21;5;MVT;26081;;;
MOBIS BRASIL FABRICACAO DE AUTO PECAS LT;RODOVIARIO;1514295;21/05/2026;11;343726;21/05/2026;BILLY DISTRIBUIDORA DE VEICULOS LTDA;1,34E+13;BARUERI;SP;21/05/2026;25/05/2026;27/05/2026;Entregue Fora do Prazo;;Entrega realizada;Entrega Finalizada;25;5;21;5;XD DIADEMA;26003;;;
MOBIS BRASIL FABRICACAO DE AUTO PECAS LT;RODOVIARIO;1514301;21/05/2026;1;343727;21/05/2026;BILLY DISTRIBUIDORA DE VEICULOS LTDA;1,34E+13;DIADEMA;SP;21/05/2026;25/05/2026;27/05/2026;Entregue Fora do Prazo;;Entrega realizada;Entrega Finalizada;25;5;21;5;XD DIADEMA;26003;;;
MOBIS BRASIL FABRICACAO DE AUTO PECAS LT;RODOVIARIO;1514304;21/05/2026;3;343730;21/05/2026;CAOA MOTOR DO BRASIL LTDA (VL PRUDENTE);1,68E+13;SAO PAULO;SP;21/05/2026;25/05/2026;27/05/2026;Entregue Fora do Prazo;;Entrega realizada;Entrega Finalizada;25;5;21;5;XD DIADEMA;26051;;;
MOBIS BRASIL FABRICACAO DE AUTO PECAS LT;RODOVIARIO;1514310;21/05/2026;2;343729;21/05/2026;CAOA MOTOR DO BRASIL LTDA (INDIANOPOLIS);1,68E+13;SAO PAULO;SP;21/05/2026;25/05/2026;27/05/2026;Entregue Fora do Prazo;;Entrega realizada;Entrega Finalizada;25;5;21;5;XD DIADEMA;26091;;;
MOBIS BRASIL FABRICACAO DE AUTO PECAS LT;RODOVIARIO;1514312;21/05/2026;2;343731;21/05/2026;CAOA MOTOR DO BRASIL LTDA(RAP. TAVARES);1,68E+13;SAO PAULO;SP;21/05/2026;25/05/2026;27/05/2026;Entregue Fora do Prazo;;Entrega realizada;Entrega Finalizada;25;5;21;5;XD DIADEMA;26109;;;
MOBIS BRASIL FABRICACAO DE AUTO PECAS LT;RODOVIARIO;1514246;21/05/2026;10;343746;21/05/2026;TAI MOTORS VEICULOS S/A;9,27E+12;BELO HORIZONTE;MG;21/05/2026;26/05/2026;27/05/2026;Entregue Fora do Prazo;;Entrega realizada;Entrega Finalizada;26;5;21;5;XD BETIM;8002;;;
MOBIS BRASIL FABRICACAO DE AUTO PECAS LT;RODOVIARIO;1514247;21/05/2026;26;343732;21/05/2026;CARBEL KOREA VEICULOS LTDA;2,07E+13;BELO HORIZONTE;MG;21/05/2026;26/05/2026;27/05/2026;Entregue Fora do Prazo;;Entrega realizada;Entrega Finalizada;26;5;21;5;XD BETIM;11021;;;
MOBIS BRASIL FABRICACAO DE AUTO PECAS LT;RODOVIARIO;1514250;21/05/2026;46;343724;21/05/2026;BDG AUTOVILLE VEICULOS LTDA;4,77E+13;CONTAGEM;MG;21/05/2026;26/05/2026;27/05/2026;Entregue Fora do Prazo;;Entrega realizada;Entrega Finalizada;26;5;21;5;XD BETIM;11037;;;
MOBIS BRASIL FABRICACAO DE AUTO PECAS LT;RODOVIARIO;1514308;21/05/2026;1;343728;21/05/2026;CAOA MOTOR DO BRASIL LTDA;1,68E+13;SANTOS;SP;21/05/2026;26/05/2026;27/05/2026;Entregue Fora do Prazo;;Entrega realizada;Entrega Finalizada;26;5;21;5;XD DIADEMA;5008;;;
MOBIS BRASIL FABRICACAO DE AUTO PECAS LT;RODOVIARIO;1513654;21/05/2026;3;343590;21/05/2026;VETOR AUTOMOVEIS LTDA;2,12E+13;UMUARAMA;PR;21/05/2026;27/05/2026;27/05/2026;Entregue No Prazo;;Entrega realizada;Entrega Finalizada;27;5;21;5;TRANSTRY;18019;;;
MOBIS BRASIL FABRICACAO DE AUTO PECAS LT;RODOVIARIO;1513610;21/05/2026;2;343633;21/05/2026;VIA BRASIL AUTOMOVEIS LTDA.;4,72E+12;SERRA;ES;21/05/2026;28/05/2026;27/05/2026;Entregue No Prazo;;Entrega realizada;Entrega Finalizada;28;5;21;5;CAMILO;8001;;;
MOBIS BRASIL FABRICACAO DE AUTO PECAS LT;RODOVIARIO;1513611;21/05/2026;1;343628;21/05/2026;TAI MOTORS VEICULOS S/A;9,27E+12;VITORIA;ES;21/05/2026;28/05/2026;27/05/2026;Entregue No Prazo;;Entrega realizada;Entrega Finalizada;28;5;21;5;CAMILO;8002;;;
MOBIS BRASIL FABRICACAO DE AUTO PECAS LT;RODOVIARIO;1513681;21/05/2026;1;343586;21/05/2026;PONTO CERTO COMERCIO DE VEICULOS LTDA;1,50E+13;LAGES;SC;21/05/2026;28/05/2026;27/05/2026;Entregue No Prazo;;Entrega realizada;Entrega Finalizada;28;5;21;5;TRANSTRY;24017;;;
MOBIS BRASIL FABRICACAO DE AUTO PECAS LT;RODOVIARIO;1514233;21/05/2026;3;343828;21/05/2026;VIA BRASIL AUTOMOVEIS LTDA.;4,72E+12;SERRA;ES;21/05/2026;28/05/2026;27/05/2026;Entregue No Prazo;;Entrega realizada;Entrega Finalizada;28;5;21;5;CAMILO;8001;;;
MOBIS BRASIL FABRICACAO DE AUTO PECAS LT;RODOVIARIO;1514234;21/05/2026;1;343824;21/05/2026;TAI MOTORS VEICULOS S/A;9,27E+12;VITORIA;ES;21/05/2026;28/05/2026;27/05/2026;Entregue No Prazo;;Entrega realizada;Entrega Finalizada;28;5;21;5;CAMILO;8002;;;
MOBIS BRASIL FABRICACAO DE AUTO PECAS LT;RODOVIARIO;1514292;21/05/2026;2;343770;21/05/2026;PONTO CERTO COMERCIO DE VEICULOS LTDA;1,50E+13;LAGES;SC;21/05/2026;28/05/2026;27/05/2026;Entregue No Prazo;;Entrega realizada;Entrega Finalizada;28;5;21;5;TRANSTRY;24017;;;
MOBIS BRASIL FABRICACAO DE AUTO PECAS LT;RODOVIARIO;1514317;21/05/2026;2;343763;21/05/2026;GAMBATTO H1 VEICULOS LTDA;1,94E+13;PASSO FUNDO;RS;21/05/2026;28/05/2026;27/05/2026;Entregue No Prazo;;Entrega realizada;Entrega Finalizada;28;5;21;5;TRANSTRY;23015;;;
MOBIS BRASIL FABRICACAO DE AUTO PECAS LT;RODOVIARIO;1513612;21/05/2026;3;343623;21/05/2026;PRIME CACHOEIRO VEICULOS LTDA EPP;9,34E+12;CACHOEIRO DE ITAPEMIRIM;ES;21/05/2026;29/05/2026;27/05/2026;Entregue No Prazo;;Entrega realizada;Entrega Finalizada;29;5;21;5;CAMILO;8003;;;
MOBIS BRASIL FABRICACAO DE AUTO PECAS LT;RODOVIARIO;1513613;21/05/2026;2;343629;21/05/2026;TAI MOTORS VEICULOS S/A;9,27E+12;COLATINA;ES;21/05/2026;29/05/2026;27/05/2026;Entregue No Prazo;;Entrega realizada;Entrega Finalizada;29;5;21;5;CAMILO;8002;;;
MOBIS BRASIL FABRICACAO DE AUTO PECAS LT;RODOVIARIO;1513614;21/05/2026;3;343553;21/05/2026;NISA COMERCIAL DE VEIC. AUTOMOTORES LTDA;1,03E+13;APARECIDA DE GOIANIA;GO;21/05/2026;29/05/2026;27/05/2026;Entregue No Prazo;;Entrega realizada;Entrega Finalizada;29;5;21;5;RIO VERMELHO;9002;;;
MOBIS BRASIL FABRICACAO DE AUTO PECAS LT;RODOVIARIO;1513615;21/05/2026;2;343553;21/05/2026;NISA COMERCIAL DE VEIC. AUTOMOTORES LTDA;1,03E+13;APARECIDA DE GOIANIA;GO;21/05/2026;29/05/2026;27/05/2026;Entregue No Prazo;;Entrega realizada;Entrega Finalizada;29;5;21;5;RIO VERMELHO;9002;;;
MOBIS BRASIL FABRICACAO DE AUTO PECAS LT;RODOVIARIO;1513616;21/05/2026;11;343558;21/05/2026;SAGA KOREA COM. DE VEIC. E PC. LTDA;1,27E+13;GOIANIA;GO;21/05/2026;29/05/2026;27/05/2026;Entregue No Prazo;;Entrega realizada;Entrega Finalizada;29;5;21;5;RIO VERMELHO;9011;;;
MOBIS BRASIL FABRICACAO DE AUTO PECAS LT;RODOVIARIO;1513617;21/05/2026;3;343552;21/05/2026;NISA COMERCIAL DE VEIC. AUTOMOTORES LTDA;1,03E+13;GOIANIA;GO;21/05/2026;29/05/2026;27/05/2026;Entregue No Prazo;;Entrega realizada;Entrega Finalizada;29;5;21;5;RIO VERMELHO;9013;;;
MOBIS BRASIL FABRICACAO DE AUTO PECAS LT;RODOVIARIO;1513634;21/05/2026;5;343607;21/05/2026;GOLDEN MOTORS VEICULOS LTDA;3,62E+12;DOURADOS;MS;21/05/2026;29/05/2026;27/05/2026;Entregue No Prazo;;Entrega realizada;Entrega Finalizada;29;5;21;5;CARVALIMA;12001;;;
MOBIS BRASIL FABRICACAO DE AUTO PECAS LT;RODOVIARIO;1513672;21/05/2026;3;343582;21/05/2026;HOUSE PARTS - COM. DE PECAS E VEIC. LTDA;1,15E+13;SANTA MARIA;RS;21/05/2026;29/05/2026;27/05/2026;Entregue No Prazo;;Entrega realizada;Entrega Finalizada;29;5;21;5;TRANSTRY;23008;;;
MOBIS BRASIL FABRICACAO DE AUTO PECAS LT;RODOVIARIO;1514235;21/05/2026;3;343820;21/05/2026;PRIME CACHOEIRO VEICULOS LTDA EPP;9,34E+12;CACHOEIRO DE ITAPEMIRIM;ES;21/05/2026;29/05/2026;27/05/2026;Entregue No Prazo;;Entrega realizada;Entrega Finalizada;29;5;21;5;CAMILO;8003;;;
MOBIS BRASIL FABRICACAO DE AUTO PECAS LT;RODOVIARIO;1514253;21/05/2026;2;343807;21/05/2026;GOLDEN MOTORS VEICULOS LTDA;3,62E+12;DOURADOS;MS;21/05/2026;29/05/2026;27/05/2026;Entregue No Prazo;;Entrega realizada;Entrega Finalizada;29;5;21;5;CARVALIMA;12001;;;
MOBIS BRASIL FABRICACAO DE AUTO PECAS LT;RODOVIARIO;1514283;21/05/2026;4;343765;21/05/2026;HOUSE PARTS - COM. DE PECAS E VEIC. LTDA;1,15E+13;SANTA MARIA;RS;21/05/2026;29/05/2026;27/05/2026;Entregue No Prazo;;Entrega realizada;Entrega Finalizada;29;5;21;5;TRANSTRY;23008;;;
MOBIS BRASIL FABRICACAO DE AUTO PECAS LT;RODOVIARIO;1514321;21/05/2026;1;343807;21/05/2026;GOLDEN MOTORS VEICULOS LTDA;3,62E+12;DOURADOS;MS;21/05/2026;29/05/2026;27/05/2026;Entregue No Prazo;;Entrega realizada;Entrega Finalizada;29;5;21;5;CARVALIMA;12001;;;
MOBIS BRASIL FABRICACAO DE AUTO PECAS LT;RODOVIARIO;1513682;21/05/2026;11;343579;21/05/2026;CHINHAN AUTOMOVEIS LTDA.;2,41E+13;CACADOR;SC;21/05/2026;01/06/2026;27/05/2026;Entregue No Prazo;;Entrega realizada;Entrega Finalizada;1;6;21;5;TRANSTRY;24020;;;
MOBIS BRASIL FABRICACAO DE AUTO PECAS LT;RODOVIARIO;1514294;21/05/2026;9;343762;21/05/2026;CHINHAN AUTOMOVEIS LTDA.;2,41E+13;CACADOR;SC;21/05/2026;01/06/2026;27/05/2026;Entregue No Prazo;;Entrega realizada;Entrega Finalizada;1;6;21;5;TRANSTRY;24020;;;
MOBIS BRASIL FABRICACAO DE AUTO PECAS LT;RODOVIARIO;1513637;21/05/2026;7;343602;21/05/2026;COMETA MATO GROSSO COM. DE VEICULOS LTDA;1,54E+13;SINOP;MT;21/05/2026;02/06/2026;27/05/2026;Entregue No Prazo;;Entrega realizada;Entrega Finalizada;2;6;21;5;CARVALIMA;13003;;;
MOBIS BRASIL FABRICACAO DE AUTO PECAS LT;RODOVIARIO;1514260;21/05/2026;1;343808;21/05/2026;GRANDE COREIA COMERCIO DE VEICULOS LTDA;2,66E+13;BELEM;PA;21/05/2026;03/06/2026;27/05/2026;Entregue No Prazo;;Entrega realizada;Entrega Finalizada;3;6;21;5;CARVALIMA;14007;;;
MOBIS BRASIL FABRICACAO DE AUTO PECAS LT;RODOVIARIO;1513600;21/05/2026;1;343592;21/05/2026;AIKON VEICULOS LTDA;1,17E+13;VITORIA DA CONQUISTA;BA;21/05/2026;05/06/2026;27/05/2026;Entregue No Prazo;;Entrega realizada;Entrega Finalizada;5;6;21;5;TERMACO;5002;;;
MOBIS BRASIL FABRICACAO DE AUTO PECAS LT;RODOVIARIO;1514229;21/05/2026;2;343813;21/05/2026;PATEO COMERCIO DE VEICULOS S A;7,78E+12;FEIRA DE SANTANA;BA;21/05/2026;05/06/2026;27/05/2026;Entregue No Prazo;;Entrega realizada;Entrega Finalizada;5;6;21;5;TERMACO;5009;;;
MOBIS BRASIL FABRICACAO DE AUTO PECAS LT;RODOVIARIO;1513622;21/05/2026;3;343617;21/05/2026;NACIONAL NOVA MARABA DIST DE VEIC. LTDA;1,70E+13;IMPERATRIZ;MA;21/05/2026;10/06/2026;27/05/2026;Entregue No Prazo;;Entrega realizada;Entrega Finalizada;10;6;21;5;TERMACO;10003;;;
MOBIS BRASIL FABRICACAO DE AUTO PECAS LT;RODOVIARIO;1515515;25/05/2026;14;344015;25/05/2026;TAI MOTORS VEICULOS S/A;9,27E+12;BELO HORIZONTE;MG;25/05/2026;28/05/2026;27/05/2026;Entregue No Prazo;;Entrega realizada;Entrega Finalizada;28;5;25;5;XD BETIM;8002;;;
MOBIS BRASIL FABRICACAO DE AUTO PECAS LT;RODOVIARIO;1515517;25/05/2026;45;344005;25/05/2026;BDG AUTOVILLE VEICULOS LTDA;4,77E+13;CONTAGEM;MG;25/05/2026;28/05/2026;27/05/2026;Entregue No Prazo;;Entrega realizada;Entrega Finalizada;28;5;25;5;XD BETIM;11037;;;
MOBIS BRASIL FABRICACAO DE AUTO PECAS LT;RODOVIARIO;1515568;25/05/2026;4;343994;25/05/2026;ANDRETA II DISTRIB.DE VEICULOS LTDA.;9,10E+12;JUNDIAI;SP;25/05/2026;28/05/2026;27/05/2026;Entregue No Prazo;;Entrega realizada;Entrega Finalizada;28;5;25;5;MVT;26040;;;
MOBIS BRASIL FABRICACAO DE AUTO PECAS LT;RODOVIARIO;1515570;25/05/2026;1;343995;25/05/2026;ANDRETA II DISTRIBUIDORA DE VEIC. LTDA;9,10E+12;INDAIATUBA;SP;25/05/2026;28/05/2026;27/05/2026;Entregue No Prazo;;Entrega realizada;Entrega Finalizada;28;5;25;5;MVT;26011;;;
MOBIS BRASIL FABRICACAO DE AUTO PECAS LT;RODOVIARIO;1515533;25/05/2026;3;344059;25/05/2026;BARI VEICULOS LTDA;7,46E+12;PONTA GROSSA;PR;25/05/2026;29/05/2026;27/05/2026;Entregue No Prazo;;Entrega realizada;Entrega Finalizada;29;5;25;5;TRANSTRY;18024;;;
MOBIS BRASIL FABRICACAO DE AUTO PECAS LT;RODOVIARIO;1515534;25/05/2026;20;344059;25/05/2026;BARI VEICULOS LTDA;7,46E+12;PONTA GROSSA;PR;25/05/2026;29/05/2026;27/05/2026;Entregue No Prazo;;Entrega realizada;Entrega Finalizada;29;5;25;5;TRANSTRY;18024;;;
MOBIS BRASIL FABRICACAO DE AUTO PECAS LT;RODOVIARIO;1515536;25/05/2026;5;344018;25/05/2026;AMX COM. E SERVICOS DE AUTOMOTORES LTDA;1,20E+13;RIO DE JANEIRO;RJ;25/05/2026;29/05/2026;27/05/2026;Entregue No Prazo;;Entrega realizada;Entrega Finalizada;29;5;25;5;CAMILO;19009;;;
MOBIS BRASIL FABRICACAO DE AUTO PECAS LT;RODOVIARIO;1515537;25/05/2026;2;344019;25/05/2026;CAOA MOTOR DO BRASIL LTDA;1,68E+13;RIO DE JANEIRO;RJ;25/05/2026;29/05/2026;27/05/2026;Entregue No Prazo;;Entrega realizada;Entrega Finalizada;29;5;25;5;CAMILO;5008;;;
MOBIS BRASIL FABRICACAO DE AUTO PECAS LT;RODOVIARIO;1515540;25/05/2026;1;344020;25/05/2026;CAOA MOTOR DO BRASIL LTDA;1,68E+13;RIO DE JANEIRO;RJ;25/05/2026;29/05/2026;27/05/2026;Entregue No Prazo;;Entrega realizada;Entrega Finalizada;29;5;25;5;CAMILO;5008;;;
MOBIS BRASIL FABRICACAO DE AUTO PECAS LT;RODOVIARIO;1515560;25/05/2026;3;344002;25/05/2026;HYMAX DISTRIBUIDORA DE VEICULOS LTDA;1,73E+13;MOGI GUACU;SP;25/05/2026;29/05/2026;27/05/2026;Entregue No Prazo;;Entrega realizada;Entrega Finalizada;29;5;25;5;MVT;26002;;;
MOBIS BRASIL FABRICACAO DE AUTO PECAS LT;RODOVIARIO;1515561;25/05/2026;32;344002;25/05/2026;HYMAX DISTRIBUIDORA DE VEICULOS LTDA;1,73E+13;MOGI GUACU;SP;25/05/2026;29/05/2026;27/05/2026;Entregue No Prazo;;Entrega realizada;Entrega Finalizada;29;5;25;5;MVT;26002;;;
MOBIS BRASIL FABRICACAO DE AUTO PECAS LT;RODOVIARIO;1515571;25/05/2026;9;344001;25/05/2026;H R B COMERCIO DE VEICULOS LTDA;1,82E+13;SAO JOSE DO RIO PRETO;SP;25/05/2026;29/05/2026;27/05/2026;Entregue No Prazo;;Entrega realizada;Entrega Finalizada;29;5;25;5;MVT;26050;;;
MOBIS BRASIL FABRICACAO DE AUTO PECAS LT;RODOVIARIO;1515575;25/05/2026;1;343996;25/05/2026;DESTAQUE SEUL DISTR DE VEIC PEC LTDA;2,12E+13;CARAGUATATUBA;SP;25/05/2026;29/05/2026;27/05/2026;Entregue No Prazo;;Entrega realizada;Entrega Finalizada;29;5;25;5;MVT;26082;;;
MOBIS BRASIL FABRICACAO DE AUTO PECAS LT;RODOVIARIO;1515578;25/05/2026;1;344000;25/05/2026;H - CAMINHO AUTOMOVEIS LTDA;2,53E+13;CATANDUVA;SP;25/05/2026;29/05/2026;27/05/2026;Entregue No Prazo;;Entrega realizada;Entrega Finalizada;29;5;25;5;MVT;26092;;;
MOBIS BRASIL FABRICACAO DE AUTO PECAS LT;RODOVIARIO;1515740;25/05/2026;3;344029;25/05/2026;ITAVEMA MOTORS VEICULOS LTDA;7,73E+12;DUQUE DE CAXIAS;RJ;25/05/2026;29/05/2026;27/05/2026;Entregue No Prazo;;Entrega realizada;Entrega Finalizada;29;5;25;5;CAMILO;19001;;;
MOBIS BRASIL FABRICACAO DE AUTO PECAS LT;RODOVIARIO;1515745;25/05/2026;33;344030;25/05/2026;ITAVEMA MOTORS VEICULOS LTDA;7,73E+12;RIO DE JANEIRO;RJ;25/05/2026;29/05/2026;27/05/2026;Entregue No Prazo;;Entrega realizada;Entrega Finalizada;29;5;25;5;CAMILO;19001;;;
MOBIS BRASIL FABRICACAO DE AUTO PECAS LT;RODOVIARIO;1515538;25/05/2026;5;344052;25/05/2026;VIA VR VEICULOS LTDA;1,73E+13;VOLTA REDONDA;RJ;25/05/2026;01/06/2026;27/05/2026;Entregue No Prazo;;Entrega realizada;Entrega Finalizada;1;6;25;5;CAMILO;19016;;;
MOBIS BRASIL FABRICACAO DE AUTO PECAS LT;RODOVIARIO;1515539;25/05/2026;1;344053;25/05/2026;VIA VR VEICULOS LTDA;1,73E+13;PETROPOLIS;RJ;25/05/2026;01/06/2026;27/05/2026;Entregue No Prazo;;Entrega realizada;Entrega Finalizada;1;6;25;5;CAMILO;19016;;;
MOBIS BRASIL FABRICACAO DE AUTO PECAS LT;RODOVIARIO;1515551;25/05/2026;23;344057;25/05/2026;ATUAL VEICULOS LTDA;1,33E+13;CRICIUMA;SC;25/05/2026;01/06/2026;27/05/2026;Entregue No Prazo;;Entrega realizada;Entrega Finalizada;1;6;25;5;TRANSTRY;24001;;;
MOBIS BRASIL FABRICACAO DE AUTO PECAS LT;RODOVIARIO;1515553;25/05/2026;1;344072;25/05/2026;LR COMERCIO DE VEICULOS LTDA;1,05E+13;SAO JOSE;SC;25/05/2026;01/06/2026;27/05/2026;Entregue No Prazo;;entrega realizada;Entrega Finalizada;1;6;25;5;TRANSTRY;24007;;;
MOBIS BRASIL FABRICACAO DE AUTO PECAS LT;RODOVIARIO;1516396;26/05/2026;3;344255;26/05/2026;BILLY DISTRIBUIDORA DE VEICULOS LTDA;1,34E+13;BARUERI;SP;26/05/2026;28/05/2026;27/05/2026;Entregue No Prazo;;Entrega realizada;Entrega Finalizada;28;5;26;5;XD DIADEMA;26003;;;
MOBIS BRASIL FABRICACAO DE AUTO PECAS LT;RODOVIARIO;1516403;26/05/2026;1;344264;26/05/2026;GRANDAY AUTOMOTORES LTDA;1,57E+13;SAO PAULO;SP;26/05/2026;28/05/2026;27/05/2026;Entregue No Prazo;;Entrega realizada;Entrega Finalizada;28;5;26;5;XD DIADEMA;26041;;;
MOBIS BRASIL FABRICACAO DE AUTO PECAS LT;RODOVIARIO;1516405;26/05/2026;2;344261;26/05/2026;CHS MOTORS VEICULOS PECAS(VL. GUILHERME);1,69E+13;SAO PAULO;SP;26/05/2026;28/05/2026;27/05/2026;Entregue No Prazo;;Entrega realizada;Entrega Finalizada;28;5;26;5;XD DIADEMA;26052;;;
MOBIS BRASIL FABRICACAO DE AUTO PECAS LT;RODOVIARIO;1516411;26/05/2026;4;344267;26/05/2026;NOBRE SP DISTRIB. DE VEIC. E PEC. LTDA;1,70E+13;SAO PAULO;SP;26/05/2026;28/05/2026;27/05/2026;Entregue No Prazo;;Entrega realizada;Entrega Finalizada;28;5;26;5;XD DIADEMA;26081;;;
MOBIS BRASIL FABRICACAO DE AUTO PECAS LT;RODOVIARIO;1516415;26/05/2026;2;344260;26/05/2026;CHS MOTORS VEICULOS PECAS E SERV.  LTDA;1,69E+13;SAO PAULO;SP;26/05/2026;28/05/2026;27/05/2026;Entregue No Prazo;;Entrega realizada;Entrega Finalizada;28;5;26;5;XD DIADEMA;26108;;;
MOBIS BRASIL FABRICACAO DE AUTO PECAS LT;RODOVIARIO;1516416;26/05/2026;2;344258;26/05/2026;CAOA MOTOR DO BRASIL LTDA(RAP. TAVARES);1,68E+13;SAO PAULO;SP;26/05/2026;28/05/2026;27/05/2026;Entregue No Prazo;;Entrega realizada;Entrega Finalizada;28;5;26;5;XD DIADEMA;26109;;;
MOBIS BRASIL FABRICACAO DE AUTO PECAS LT;RODOVIARIO;1516371;26/05/2026;1;344327;26/05/2026;SEVEC VEICULOS LTDA;5,68E+11;CURITIBA;PR;26/05/2026;29/05/2026;27/05/2026;Entregue No Prazo;;Entrega realizada;Entrega Finalizada;29;5;26;5;TRANSTRY;18012;;;
MOBIS BRASIL FABRICACAO DE AUTO PECAS LT;RODOVIARIO;1516376;26/05/2026;8;344315;26/05/2026;BARI VEICULOS LTDA;7,46E+12;CURITIBA;PR;26/05/2026;29/05/2026;27/05/2026;Entregue No Prazo;;Entrega realizada;Entrega Finalizada;29;5;26;5;TRANSTRY;18024;;;
MOBIS BRASIL FABRICACAO DE AUTO PECAS LT;RODOVIARIO;1516400;26/05/2026;2;344250;26/05/2026;MOTONET COMERCIO DE VEICULOS LTDA;9,28E+12;SOROCABA;SP;26/05/2026;29/05/2026;27/05/2026;Entregue No Prazo;;Entrega realizada;Entrega Finalizada;29;5;26;5;MVT;26113;;;
MOBIS BRASIL FABRICACAO DE AUTO PECAS LT;RODOVIARIO;1516404;26/05/2026;2;344245;26/05/2026;ANDRETA II DISTRIBUIDORA DE VEIC. LTDA;9,10E+12;AMERICANA;SP;26/05/2026;29/05/2026;27/05/2026;Entregue No Prazo;;Entrega realizada;Entrega Finalizada;29;5;26;5;MVT;26011;;;
MOBIS BRASIL FABRICACAO DE AUTO PECAS LT;RODOVIARIO;1516409;26/05/2026;4;344256;26/05/2026;CAOA MOTOR DO BRASIL LTDA;1,68E+13;SAO JOSE DOS CAMPOS;SP;26/05/2026;29/05/2026;27/05/2026;Entregue No Prazo;;Entrega realizada;Entrega Finalizada;29;5;26;5;XD DIADEMA;5008;;;
MOBIS BRASIL FABRICACAO DE AUTO PECAS LT;RODOVIARIO;1516414;26/05/2026;1;344248;26/05/2026;DHC COMERCIO DE VEICULOS E PECAS LTDA;9,52E+12;OURINHOS;SP;26/05/2026;01/06/2026;27/05/2026;Entregue No Prazo;;Entrega realizada;Entrega Finalizada;1;6;26;5;MVT;26010;;;
MOBIS BRASIL FABRICACAO DE AUTO PECAS LT;RODOVIARIO;1516413;26/05/2026;8;344517;27/05/2026;GRANDAY AUTOMOTORES LTDA (CHAC. CALIFOR);1,57E+13;SAO PAULO;SP;27/05/2026;29/05/2026;27/05/2026;Entregue No Prazo;;Entrega realizada;Entrega Finalizada;29;5;27;5;BV LOG;26090;;;
MOBIS BRASIL FABRICACAO DE AUTO PECAS LT;RODOVIARIO;1516506;26/05/2026;2;344514;27/05/2026;BILLY DISTRIBUIDORA DE VEICULOS LTDA;1,34E+13;SAO CAETANO DO SUL;SP;27/05/2026;29/05/2026;27/05/2026;Entregue No Prazo;;Entrega realizada;Entrega Finalizada;29;5;27;5;BV LOG;26003;;;
MOBIS BRASIL FABRICACAO DE AUTO PECAS LT;RODOVIARIO;1516507;26/05/2026;61;344514;27/05/2026;BILLY DISTRIBUIDORA DE VEICULOS LTDA;1,34E+13;SAO CAETANO DO SUL;SP;27/05/2026;29/05/2026;27/05/2026;Entregue No Prazo;;Entrega realizada;Entrega Finalizada;29;5;27;5;BV LOG;26003;;;
MOBIS BRASIL FABRICACAO DE AUTO PECAS LT;RODOVIARIO;1516398;26/05/2026;5;344513;27/05/2026;ANDRETA II DISTRIBUIDORA DE VEIC. LTDA;9,10E+12;CAMPINAS;SP;27/05/2026;01/06/2026;27/05/2026;Entregue No Prazo;;Entrega realizada;Entrega Finalizada;1;6;27;5;BV LOG;26011;;;
MOBIS BRASIL FABRICACAO DE AUTO PECAS LT;RODOVIARIO;1516399;26/05/2026;19;344513;27/05/2026;ANDRETA II DISTRIBUIDORA DE VEIC. LTDA;9,10E+12;CAMPINAS;SP;27/05/2026;01/06/2026;27/05/2026;Entregue No Prazo;;Entrega realizada;Entrega Finalizada;1;6;27;5;BV LOG;26011;;;
MOBIS BRASIL FABRICACAO DE AUTO PECAS LT;RODOVIARIO;1516408;26/05/2026;1;344515;27/05/2026;CAOA MOTOR DO BRASIL LTDA;1,68E+13;CAMPINAS;SP;27/05/2026;01/06/2026;27/05/2026;Entregue No Prazo;;Entrega realizada;Entrega Finalizada;1;6;27;5;BV LOG;5008;;;
MOBIS BRASIL FABRICACAO DE AUTO PECAS LT;RODOVIARIO;1516410;26/05/2026;38;344516;27/05/2026;DESTAQUE SEUL DISTR. DE VEIC. E PC. LTDA;2,12E+13;ATIBAIA;SP;27/05/2026;01/06/2026;27/05/2026;Entregue No Prazo;;Entrega realizada;Entrega Finalizada;1;6;27;5;BV LOG;26075;;;
MOBIS BRASIL FABRICACAO DE AUTO PECAS LT;RODOVIARIO;1520822;03/06/2026;1;345870;03/06/2026;ATUAL VEICULOS LTDA;1,33E+13;ARARANGUA;SC;03/06/2026;10/06/2026;27/05/2026;Entregue No Prazo;;Entrega realizada;Entrega Finalizada;10;6;3;6;TRANSTRY;24001;;;
MOBIS BRASIL FABRICACAO DE AUTO PECAS LT;RODOVIARIO;1520985;08/06/2026;3;346301;08/06/2026;BARI VEICULOS LTDA.;7,46E+12;CURITIBA;PR;08/06/2026;11/06/2026;27/05/2026;Entregue No Prazo;;Entrega realizada;Entrega Finalizada;11;6;8;6;TRANSTRY;18029;;;
MOBIS BRASIL FABRICACAO DE AUTO PECAS LT;RODOVIARIO;1520981;08/06/2026;65;346311;08/06/2026;LOVAT VEICULOS S/A;8,57E+12;LONDRINA;PR;08/06/2026;12/06/2026;27/05/2026;Entregue No Prazo;;Entrega realizada;Entrega Finalizada;12;6;8;6;TRANSTRY;18008;;;
MOBIS BRASIL FABRICACAO DE AUTO PECAS LT;RODOVIARIO;1520982;08/06/2026;10;346312;08/06/2026;LOVAT VEICULOS S/A;8,57E+12;MARINGA;PR;08/06/2026;12/06/2026;27/05/2026;Entregue No Prazo;;Entrega realizada;Entrega Finalizada;12;6;8;6;TRANSTRY;18008;;;
MOBIS BRASIL FABRICACAO DE AUTO PECAS LT;RODOVIARIO;1520983;08/06/2026;2;346296;08/06/2026;BARI VEICULOS LTDA;7,46E+12;PONTA GROSSA;PR;08/06/2026;12/06/2026;27/05/2026;Entregue No Prazo;;Entrega realizada;Entrega Finalizada;12;6;8;6;TRANSTRY;18024;;;
MOBIS BRASIL FABRICACAO DE AUTO PECAS LT;RODOVIARIO;1520984;08/06/2026;13;346296;08/06/2026;BARI VEICULOS LTDA;7,46E+12;PONTA GROSSA;PR;08/06/2026;12/06/2026;27/05/2026;Entregue No Prazo;;Entrega realizada;Entrega Finalizada;12;6;8;6;TRANSTRY;18024;;;
MOBIS BRASIL FABRICACAO DE AUTO PECAS LT;RODOVIARIO;1493688;14/04/2026;1;337505;14/04/2026;UNIQUE BOA VISTA COM. DE AUTOMOVEIS LTDA;3,48E+13;BOA VISTA;RR;14/04/2026;12/05/2026;28/05/2026;Entregue Fora do Prazo;;Entrega realizada;Entrega Finalizada;12;5;14;4;NORTEX;22002;;;
MOBIS BRASIL FABRICACAO DE AUTO PECAS LT;RODOVIARIO;1499280;23/04/2026;1;339122;23/04/2026;PATEO COMERCIO DE VEICULOS S A;7,78E+12;MANAUS;AM;23/04/2026;19/05/2026;28/05/2026;Entregue Fora do Prazo;;Entrega realizada;Entrega Finalizada;19;5;23;4;NORTEX;3002;;;
MOBIS BRASIL FABRICACAO DE AUTO PECAS LT;RODOVIARIO;1509733;14/05/2026;4;342419;14/05/2026;PATEO COMERCIO DE VEICULOS S A;7,78E+12;RECIFE;PE;14/05/2026;29/05/2026;28/05/2026;Entregue No Prazo;;Entrega realizada;Entrega Finalizada;29;5;14;5;TERMACO;16004;;;
MOBIS BRASIL FABRICACAO DE AUTO PECAS LT;RODOVIARIO;1509734;14/05/2026;5;342419;14/05/2026;PATEO COMERCIO DE VEICULOS S A;7,78E+12;RECIFE;PE;14/05/2026;29/05/2026;28/05/2026;Entregue No Prazo;;Entrega realizada;Entrega Finalizada;29;5;14;5;TERMACO;16004;;;
MOBIS BRASIL FABRICACAO DE AUTO PECAS LT;RODOVIARIO;1510451;15/05/2026;2;342679;15/05/2026;PATEO COMERCIO DE VEICULOS S A;7,78E+12;RECIFE;PE;15/05/2026;01/06/2026;28/05/2026;Entregue No Prazo;;Entrega realizada;Entrega Finalizada;1;6;15;5;TERMACO;16004;;;
MOBIS BRASIL FABRICACAO DE AUTO PECAS LT;RODOVIARIO;1510452;15/05/2026;1;342679;15/05/2026;PATEO COMERCIO DE VEICULOS S A;7,78E+12;RECIFE;PE;15/05/2026;01/06/2026;28/05/2026;Entregue No Prazo;;Entrega realizada;Entrega Finalizada;1;6;15;5;TERMACO;16004;;;
MOBIS BRASIL FABRICACAO DE AUTO PECAS LT;RODOVIARIO;1511209;18/05/2026;1;342876;18/05/2026;TRIAUTO KOREA AUTOMOVEIS LTDA;4,99E+13;CATALAO;GO;18/05/2026;01/06/2026;28/05/2026;Entregue No Prazo;;Entrega realizada;Entrega Finalizada;1;6;18;5;RIO VERMELHO;9018;;;
MOBIS BRASIL FABRICACAO DE AUTO PECAS LT;RODOVIARIO;1511196;18/05/2026;2;342902;18/05/2026;MASTER COMERCIAL DE VEICULOS LTDA;2,85E+13;BARREIRAS;BA;18/05/2026;02/06/2026;28/05/2026;Entregue No Prazo;;Entrega realizada;Entrega Finalizada;2;6;18;5;TERMACO;5012;;;
MOBIS BRASIL FABRICACAO DE AUTO PECAS LT;RODOVIARIO;1511234;18/05/2026;1;342907;18/05/2026;PATEO COMERCIO DE VEICULOS S A;7,78E+12;RECIFE;PE;18/05/2026;02/06/2026;28/05/2026;Entregue No Prazo;;Entrega realizada;Entrega Finalizada;2;6;18;5;TERMACO;16004;;;
MOBIS BRASIL FABRICACAO DE AUTO PECAS LT;RODOVIARIO;1511235;18/05/2026;10;342907;18/05/2026;PATEO COMERCIO DE VEICULOS S A;7,78E+12;RECIFE;PE;18/05/2026;02/06/2026;28/05/2026;Entregue No Prazo;;Entrega realizada;Entrega Finalizada;2;6;18;5;TERMACO;16004;;;
MOBIS BRASIL FABRICACAO DE AUTO PECAS LT;RODOVIARIO;1512112;19/05/2026;6;343124;19/05/2026;CYCOSA AUTOMOVEIS LTDA;4,76E+12;MACEIO;AL;19/05/2026;02/06/2026;28/05/2026;Entregue No Prazo;;Entrega realizada;Entrega Finalizada;2;6;19;5;TERMACO;2001;;;
MOBIS BRASIL FABRICACAO DE AUTO PECAS LT;RODOVIARIO;1512152;19/05/2026;1;343136;19/05/2026;NACIONAL NOVA MARABA DIST DE VEIC. LTDA;1,70E+13;MARABA;PA;19/05/2026;02/06/2026;28/05/2026;Entregue No Prazo;;Entrega realizada;Entrega Finalizada;2;6;19;5;CARVALIMA;14005;;;
MOBIS BRASIL FABRICACAO DE AUTO PECAS LT;RODOVIARIO;1512119;19/05/2026;1;343133;19/05/2026;MASTER COMERCIAL DE VEICULOS LTDA;2,85E+13;BARREIRAS;BA;19/05/2026;03/06/2026;28/05/2026;Entregue No Prazo;;Entrega realizada;Entrega Finalizada;3;6;19;5;TERMACO;5012;;;
MOBIS BRASIL FABRICACAO DE AUTO PECAS LT;RODOVIARIO;1512154;19/05/2026;4;343138;19/05/2026;PATEO COMERCIO DE VEICULOS S A;7,78E+12;RECIFE;PE;19/05/2026;03/06/2026;28/05/2026;Entregue No Prazo;;Entrega realizada;Entrega Finalizada;3;6;19;5;TERMACO;16004;;;
MOBIS BRASIL FABRICACAO DE AUTO PECAS LT;RODOVIARIO;1512155;19/05/2026;2;343138;19/05/2026;PATEO COMERCIO DE VEICULOS S A;7,78E+12;RECIFE;PE;19/05/2026;03/06/2026;28/05/2026;Entregue No Prazo;;Entrega realizada;Entrega Finalizada;3;6;19;5;TERMACO;16004;;;
MOBIS BRASIL FABRICACAO DE AUTO PECAS LT;RODOVIARIO;1512901;20/05/2026;3;343335;20/05/2026;SAINT LAND COMERCIO DE VEICULOS LTDA;1,04E+13;ARACAJU;SE;20/05/2026;02/06/2026;28/05/2026;Entregue No Prazo;;Entrega realizada;Entrega Finalizada;2;6;20;5;TERMACO;6010;;;
MOBIS BRASIL FABRICACAO DE AUTO PECAS LT;RODOVIARIO;1512833;20/05/2026;2;343313;20/05/2026;CYCOSA AUTOMOVEIS LTDA;4,76E+12;MACEIO;AL;20/05/2026;03/06/2026;28/05/2026;Entregue No Prazo;;Entrega realizada;Entrega Finalizada;3;6;20;5;TERMACO;2001;;;
MOBIS BRASIL FABRICACAO DE AUTO PECAS LT;RODOVIARIO;1514244;21/05/2026;1;343748;21/05/2026;TOKSU COMERCIO DE VEICULOS LTDA;1,12E+13;JUIZ DE FORA;MG;21/05/2026;27/05/2026;28/05/2026;Entregue Fora do Prazo;;Entrega realizada;Entrega Finalizada;27;5;21;5;XD BETIM;11008;;;
MOBIS BRASIL FABRICACAO DE AUTO PECAS LT;RODOVIARIO;1514245;21/05/2026;4;343738;21/05/2026;IMOTORS VEICULOS LTDA;7,17E+12;JUIZ DE FORA;MG;21/05/2026;27/05/2026;28/05/2026;Entregue Fora do Prazo;;Entrega realizada;Entrega Finalizada;27;5;21;5;XD BETIM;11010;;;
MOBIS BRASIL FABRICACAO DE AUTO PECAS LT;RODOVIARIO;1514249;21/05/2026;2;343751;21/05/2026;URCA MOTORS VEICULOS LTDA;8,77E+12;PATOS DE MINAS;MG;21/05/2026;27/05/2026;28/05/2026;Entregue Fora do Prazo;;Entrega realizada;Entrega Finalizada;27;5;21;5;XD BETIM;9014;;;
MOBIS BRASIL FABRICACAO DE AUTO PECAS LT;RODOVIARIO;1514252;21/05/2026;1;343747;21/05/2026;TECAR TRILHASAUTOMOVEIS E SERVICOS ;2,32E+13;SETE LAGOAS;MG;21/05/2026;27/05/2026;28/05/2026;Entregue Fora do Prazo;;Entrega realizada;Entrega Finalizada;27;5;21;5;XD BETIM;#N/D;;;
MOBIS BRASIL FABRICACAO DE AUTO PECAS LT;RODOVIARIO;1513676;21/05/2026;7;343572;21/05/2026;ATUAL VEICULOS LTDA;1,33E+13;TUBARAO;SC;21/05/2026;28/05/2026;28/05/2026;Entregue No Prazo;;Entrega realizada;Entrega Finalizada;28;5;21;5;TRANSTRY;24001;;;
MOBIS BRASIL FABRICACAO DE AUTO PECAS LT;RODOVIARIO;1514251;21/05/2026;2;343742;21/05/2026;RITMO MOTORS LTDA;1,94E+13;PASSOS;MG;21/05/2026;28/05/2026;28/05/2026;Entregue No Prazo;;Entrega realizada;Entrega Finalizada;28;5;21;5;XD BETIM;11040;;;
MOBIS BRASIL FABRICACAO DE AUTO PECAS LT;RODOVIARIO;1514285;21/05/2026;2;343753;21/05/2026;ATUAL VEICULOS LTDA;1,33E+13;TUBARAO;SC;21/05/2026;28/05/2026;28/05/2026;Entregue No Prazo;;Entrega realizada;Entrega Finalizada;28;5;21;5;TRANSTRY;24001;;;
MOBIS BRASIL FABRICACAO DE AUTO PECAS LT;RODOVIARIO;1513607;21/05/2026;1;343561;21/05/2026;SMAFF IMPORT VEICULOS LTDA;8,18E+12;BRASILIA;DF;21/05/2026;29/05/2026;28/05/2026;Entregue No Prazo;;Entrega realizada;Entrega Finalizada;29;5;21;5;RIO VERMELHO;7002;;;
MOBIS BRASIL FABRICACAO DE AUTO PECAS LT;RODOVIARIO;1513608;21/05/2026;2;343559;21/05/2026;SAGA KOREA COM. DE VEIC. E PC. LTDA;1,27E+13;BRASILIA;DF;21/05/2026;29/05/2026;28/05/2026;Entregue No Prazo;;Entrega realizada;Entrega Finalizada;29;5;21;5;RIO VERMELHO;7004;;;
MOBIS BRASIL FABRICACAO DE AUTO PECAS LT;RODOVIARIO;1514231;21/05/2026;33;343745;21/05/2026;SMAFF IMPORT VEICULOS LTDA;8,18E+12;BRASILIA;DF;21/05/2026;29/05/2026;28/05/2026;Entregue No Prazo;;Entrega realizada;Entrega Finalizada;29;5;21;5;RIO VERMELHO;7002;;;
MOBIS BRASIL FABRICACAO DE AUTO PECAS LT;RODOVIARIO;1513674;21/05/2026;1;343580;21/05/2026;GALA COMERCIO DE VEICULOS LTDA;1,77E+13;BAGE;RS;21/05/2026;01/06/2026;28/05/2026;Entregue No Prazo;;Entrega realizada;Entrega Finalizada;1;6;21;5;TRANSTRY;23009;;;
MOBIS BRASIL FABRICACAO DE AUTO PECAS LT;RODOVIARIO;1514240;21/05/2026;1;343750;21/05/2026;URCA MOTORS VEICULOS LTDA;8,77E+12;RIO VERDE;GO;21/05/2026;02/06/2026;28/05/2026;Entregue No Prazo;;Entrega realizada;Entrega Finalizada;2;6;21;5;RIO VERMELHO;9014;;;
MOBIS BRASIL FABRICACAO DE AUTO PECAS LT;RODOVIARIO;1513620;21/05/2026;8;343551;21/05/2026;NASA MOTORS LTDA.;2,65E+13;SAO LUIS DE MONTES BELOS;GO;21/05/2026;04/06/2026;28/05/2026;Entregue No Prazo;;Entrega realizada;Entrega Finalizada;4;6;21;5;RIO VERMELHO;9016;;;
MOBIS BRASIL FABRICACAO DE AUTO PECAS LT;RODOVIARIO;1513640;21/05/2026;2;343616;21/05/2026;NACIONAL NOVA MARABA DIST DE VEIC. LTDA;1,70E+13;MARABA;PA;21/05/2026;04/06/2026;28/05/2026;Entregue No Prazo;;Entrega realizada;Entrega Finalizada;4;6;21;5;CARVALIMA;14005;;;
MOBIS BRASIL FABRICACAO DE AUTO PECAS LT;RODOVIARIO;1514241;21/05/2026;1;343739;21/05/2026;NASA MOTORS LTDA.;2,65E+13;SAO LUIS DE MONTES BELOS;GO;21/05/2026;04/06/2026;28/05/2026;Entregue No Prazo;;Entrega realizada;Entrega Finalizada;4;6;21;5;RIO VERMELHO;9016;;;
MOBIS BRASIL FABRICACAO DE AUTO PECAS LT;RODOVIARIO;1513666;21/05/2026;1;343624;21/05/2026;SAGA ASIA COM. DE VEIC.PC.E SERV. LTDA;2,14E+13;PORTO VELHO;RO;21/05/2026;09/06/2026;28/05/2026;Entregue No Prazo;;Entrega realizada;Entrega Finalizada;9;6;21;5;CARVALIMA;21003;;;
MOBIS BRASIL FABRICACAO DE AUTO PECAS LT;RODOVIARIO;1513667;21/05/2026;9;343624;21/05/2026;SAGA ASIA COM. DE VEIC.PC.E SERV. LTDA;2,14E+13;PORTO VELHO;RO;21/05/2026;09/06/2026;28/05/2026;Entregue No Prazo;;Entrega realizada;Entrega Finalizada;9;6;21;5;CARVALIMA;21003;;;
MOBIS BRASIL FABRICACAO DE AUTO PECAS LT;RODOVIARIO;1514278;21/05/2026;1;343801;21/05/2026;COMETA JI PARANA COM. DE VEIC. LTDA;4,23E+12;JIPARANA;RO;21/05/2026;09/06/2026;28/05/2026;Entregue No Prazo;;Entrega realizada;Entrega Finalizada;9;6;21;5;CARVALIMA;21002;;;
MOBIS BRASIL FABRICACAO DE AUTO PECAS LT;RODOVIARIO;1514279;21/05/2026;1;343801;21/05/2026;COMETA JI PARANA COM. DE VEIC. LTDA;4,23E+12;JIPARANA;RO;21/05/2026;09/06/2026;28/05/2026;Entregue No Prazo;;Entrega realizada;Entrega Finalizada;9;6;21;5;CARVALIMA;21002;;;
MOBIS BRASIL FABRICACAO DE AUTO PECAS LT;RODOVIARIO;1514280;21/05/2026;4;343822;21/05/2026;SAGA ASIA COM. DE VEIC.PC.E SERV. LTDA;2,14E+13;PORTO VELHO;RO;21/05/2026;09/06/2026;28/05/2026;Entregue No Prazo;;Entrega realizada;Entrega Finalizada;9;6;21;5;CARVALIMA;21003;;;
MOBIS BRASIL FABRICACAO DE AUTO PECAS LT;RODOVIARIO;1515516;25/05/2026;2;344016;25/05/2026;URCA MOTORS VEICULOS LTDA;8,77E+12;PATOS DE MINAS;MG;25/05/2026;29/05/2026;28/05/2026;Entregue No Prazo;;Entrega realizada;Entrega Finalizada;29;5;25;5;XD BETIM;9014;;;
MOBIS BRASIL FABRICACAO DE AUTO PECAS LT;RODOVIARIO;1515529;25/05/2026;15;344070;25/05/2026;LOVAT VEICULOS S/A;8,57E+12;LONDRINA;PR;25/05/2026;29/05/2026;28/05/2026;Entregue No Prazo;;Entrega realizada;Entrega Finalizada;29;5;25;5;TRANSTRY;18008;;;
MOBIS BRASIL FABRICACAO DE AUTO PECAS LT;RODOVIARIO;1515545;25/05/2026;3;344069;25/05/2026;HOUSE PARTS-COM. DE PCS. E VEICULOS LTDA;1,15E+13;PORTO ALEGRE;RS;25/05/2026;29/05/2026;28/05/2026;Entregue No Prazo;;Entrega realizada;Entrega Finalizada;29;5;25;5;TRANSTRY;23004;;;
MOBIS BRASIL FABRICACAO DE AUTO PECAS LT;RODOVIARIO;1515546;25/05/2026;12;344069;25/05/2026;HOUSE PARTS-COM. DE PCS. E VEICULOS LTDA;1,15E+13;PORTO ALEGRE;RS;25/05/2026;29/05/2026;28/05/2026;Entregue No Prazo;;Entrega realizada;Entrega Finalizada;29;5;25;5;TRANSTRY;23004;;;
MOBIS BRASIL FABRICACAO DE AUTO PECAS LT;RODOVIARIO;1515677;25/05/2026;1;343998;25/05/2026;DHC COMERCIO DE VEICULOS E PECAS LTDA;9,52E+12;JAU;SP;25/05/2026;29/05/2026;28/05/2026;Entregue No Prazo;;Entrega realizada;Entrega Finalizada;29;5;25;5;MVT;26010;;;
MOBIS BRASIL FABRICACAO DE AUTO PECAS LT;RODOVIARIO;1515506;25/05/2026;2;344051;25/05/2026;VIA BRASIL AUTOMOVEIS LTDA.;4,72E+12;SERRA;ES;25/05/2026;01/06/2026;28/05/2026;Entregue No Prazo;;Entrega realizada;Entrega Finalizada;1;6;25;5;CAMILO;8001;;;
MOBIS BRASIL FABRICACAO DE AUTO PECAS LT;RODOVIARIO;1515550;25/05/2026;6;344058;25/05/2026;ATUAL VEICULOS LTDA;1,33E+13;ARARANGUA;SC;25/05/2026;01/06/2026;28/05/2026;Entregue No Prazo;;Entrega realizada;Entrega Finalizada;1;6;25;5;TRANSTRY;24001;;;
MOBIS BRASIL FABRICACAO DE AUTO PECAS LT;RODOVIARIO;1515552;25/05/2026;13;344056;25/05/2026;ATUAL VEICULOS LTDA;1,33E+13;TUBARAO;SC;25/05/2026;01/06/2026;28/05/2026;Entregue No Prazo;;Entrega realizada;Entrega Finalizada;1;6;25;5;TRANSTRY;24001;;;
MOBIS BRASIL FABRICACAO DE AUTO PECAS LT;RODOVIARIO;1515554;25/05/2026;2;344061;25/05/2026;BARI VEICULOS LTDA;7,46E+12;BLUMENAU;SC;25/05/2026;01/06/2026;28/05/2026;Entregue No Prazo;;Entrega realizada;Entrega Finalizada;1;6;25;5;TRANSTRY;18024;;;
MOBIS BRASIL FABRICACAO DE AUTO PECAS LT;RODOVIARIO;1515508;25/05/2026;5;344041;25/05/2026;PRIME CACHOEIRO VEICULOS LTDA EPP;9,34E+12;CACHOEIRO DE ITAPEMIRIM;ES;25/05/2026;02/06/2026;28/05/2026;Entregue No Prazo;;Entrega realizada;Entrega Finalizada;2;6;25;5;CAMILO;8003;;;
MOBIS BRASIL FABRICACAO DE AUTO PECAS LT;RODOVIARIO;1515509;25/05/2026;1;344040;25/05/2026;PRIME CACHOEIRO VEICULOS LTDA;9,34E+12;LINHARES;ES;25/05/2026;02/06/2026;28/05/2026;Entregue No Prazo;;Entrega realizada;Entrega Finalizada;2;6;25;5;CAMILO;8004;;;
MOBIS BRASIL FABRICACAO DE AUTO PECAS LT;RODOVIARIO;1515518;25/05/2026;4;344025;25/05/2026;GOLDEN MOTORS VEICULOS LTDA;3,62E+12;DOURADOS;MS;25/05/2026;02/06/2026;28/05/2026;Entregue No Prazo;;Entrega realizada;Entrega Finalizada;2;6;25;5;CARVALIMA;12001;;;
MOBIS BRASIL FABRICACAO DE AUTO PECAS LT;RODOVIARIO;1516350;26/05/2026;12;344259;26/05/2026;CARBEL KOREA VEICULOS LTDA;2,07E+13;BELO HORIZONTE;MG;26/05/2026;29/05/2026;28/05/2026;Entregue No Prazo;;Entrega realizada;Entrega Finalizada;29;5;26;5;XD BETIM;11021;;;
MOBIS BRASIL FABRICACAO DE AUTO PECAS LT;RODOVIARIO;1516351;26/05/2026;1;344257;26/05/2026;CAOA MOTOR DO BRASIL LTDA;1,68E+13;BELO HORIZONTE;MG;26/05/2026;29/05/2026;28/05/2026;Entregue No Prazo;;Entrega realizada;Entrega Finalizada;29;5;26;5;XD BETIM;5008;;;
MOBIS BRASIL FABRICACAO DE AUTO PECAS LT;RODOVIARIO;1516353;26/05/2026;34;344254;26/05/2026;BDG AUTOVILLE VEICULOS LTDA;4,77E+13;CONTAGEM;MG;26/05/2026;29/05/2026;28/05/2026;Entregue No Prazo;;Entrega realizada;Entrega Finalizada;29;5;26;5;XD BETIM;11037;;;
MOBIS BRASIL FABRICACAO DE AUTO PECAS LT;RODOVIARIO;1516401;26/05/2026;4;344251;26/05/2026;NEW VEICULOS E PECAS LTDA;1,59E+13;RIBEIRAO PRETO;SP;26/05/2026;29/05/2026;28/05/2026;Entregue No Prazo;;Entrega realizada;Entrega Finalizada;29;5;26;5;MVT;26014;;;
MOBIS BRASIL FABRICACAO DE AUTO PECAS LT;RODOVIARIO;1516402;26/05/2026;1;344244;26/05/2026;ANDRETA II DISTRIB.DE VEICULOS LTDA.;9,10E+12;JUNDIAI;SP;26/05/2026;29/05/2026;28/05/2026;Entregue No Prazo;;Entrega realizada;Entrega Finalizada;29;5;26;5;MVT;26040;;;
MOBIS BRASIL FABRICACAO DE AUTO PECAS LT;RODOVIARIO;1516348;26/05/2026;1;344265;26/05/2026;IMOTORS VEICULOS LTDA;7,17E+12;JUIZ DE FORA;MG;26/05/2026;01/06/2026;28/05/2026;Entregue No Prazo;;Entrega realizada;Entrega Finalizada;1;6;26;5;XD BETIM;11010;;;
MOBIS BRASIL FABRICACAO DE AUTO PECAS LT;RODOVIARIO;1516367;26/05/2026;1;344324;26/05/2026;LOVAT VEICULOS S/A;8,57E+12;LONDRINA;PR;26/05/2026;01/06/2026;28/05/2026;Entregue No Prazo;;Entrega realizada;Entrega Finalizada;1;6;26;5;TRANSTRY;18008;;;
MOBIS BRASIL FABRICACAO DE AUTO PECAS LT;RODOVIARIO;1516368;26/05/2026;21;344324;26/05/2026;LOVAT VEICULOS S/A;8,57E+12;LONDRINA;PR;26/05/2026;01/06/2026;28/05/2026;Entregue No Prazo;;Entrega realizada;Entrega Finalizada;1;6;26;5;TRANSTRY;18008;;;
MOBIS BRASIL FABRICACAO DE AUTO PECAS LT;RODOVIARIO;1516373;26/05/2026;1;344329;26/05/2026;VETOR AUTOMOVEIS LTDA;2,12E+13;CASCAVEL;PR;26/05/2026;01/06/2026;28/05/2026;Entregue No Prazo;;Entrega realizada;Entrega Finalizada;1;6;26;5;TRANSTRY;18019;;;
MOBIS BRASIL FABRICACAO DE AUTO PECAS LT;RODOVIARIO;1516374;26/05/2026;5;344317;26/05/2026;BARI VEICULOS LTDA;7,46E+12;PONTA GROSSA;PR;26/05/2026;01/06/2026;28/05/2026;Entregue No Prazo;;Entrega realizada;Entrega Finalizada;1;6;26;5;TRANSTRY;18024;;;
MOBIS BRASIL FABRICACAO DE AUTO PECAS LT;RODOVIARIO;1516377;26/05/2026;2;344277;26/05/2026;AMX COM. E SERVICOS DE AUTOMOTORES LTDA;1,20E+13;RIO DE JANEIRO;RJ;26/05/2026;01/06/2026;28/05/2026;Entregue No Prazo;;Entrega realizada;Entrega Finalizada;1;6;26;5;CAMILO;19009;;;
MOBIS BRASIL FABRICACAO DE AUTO PECAS LT;RODOVIARIO;1516378;26/05/2026;6;344281;26/05/2026;CAOA MOTOR DO BRASIL LTDA;1,68E+13;RIO DE JANEIRO;RJ;26/05/2026;01/06/2026;28/05/2026;Entregue No Prazo;;Entrega realizada;Entrega Finalizada;1;6;26;5;CAMILO;5008;;;
MOBIS BRASIL FABRICACAO DE AUTO PECAS LT;RODOVIARIO;1516380;26/05/2026;6;344279;26/05/2026;CAOA MOTOR DO BRASIL LTDA;1,68E+13;RIO DE JANEIRO;RJ;26/05/2026;01/06/2026;28/05/2026;Entregue No Prazo;;Entrega realizada;Entrega Finalizada;1;6;26;5;CAMILO;5008;;;
MOBIS BRASIL FABRICACAO DE AUTO PECAS LT;RODOVIARIO;1516395;26/05/2026;4;344249;26/05/2026;HYMAX DISTRIBUIDORA DE VEICULOS LTDA;1,73E+13;MOGI GUACU;SP;26/05/2026;01/06/2026;28/05/2026;Entregue No Prazo;;Entrega realizada;Entrega Finalizada;1;6;26;5;MVT;26002;;;
MOBIS BRASIL FABRICACAO DE AUTO PECAS LT;RODOVIARIO;1516406;26/05/2026;2;344252;26/05/2026;NOBRE DISTRIBUIDORA DE VEIC. E PEC. LTDA;5,76E+12;APARECIDA;SP;26/05/2026;01/06/2026;28/05/2026;Entregue No Prazo;;Entrega realizada;Entrega Finalizada;1;6;26;5;MVT;26053;;;
MOBIS BRASIL FABRICACAO DE AUTO PECAS LT;RODOVIARIO;1516504;26/05/2026;3;344290;26/05/2026;ITAVEMA MOTORS VEICULOS LTDA;7,73E+12;DUQUE DE CAXIAS;RJ;26/05/2026;01/06/2026;28/05/2026;Entregue No Prazo;;Entrega realizada;Entrega Finalizada;1;6;26;5;CAMILO;19001;;;
MOBIS BRASIL FABRICACAO DE AUTO PECAS LT;RODOVIARIO;1516510;26/05/2026;3;344247;26/05/2026;DHC COMERCIO DE VEICULOS E PECAS LTDA;9,52E+12;JAU;SP;26/05/2026;01/06/2026;28/05/2026;Entregue No Prazo;;Entrega realizada;Entrega Finalizada;1;6;26;5;MVT;26010;;;
MOBIS BRASIL FABRICACAO DE AUTO PECAS LT;RODOVIARIO;1516352;26/05/2026;1;344262;26/05/2026;GNC GRANDE COREIA MINAS GERAIS COMERCIO;4,27E+13;MONTES CLAROS;MG;26/05/2026;02/06/2026;28/05/2026;Entregue No Prazo;;Entrega realizada;Entrega Finalizada;2;6;26;5;XD BETIM;11035;;;
MOBIS BRASIL FABRICACAO DE AUTO PECAS LT;RODOVIARIO;1516372;26/05/2026;3;344330;26/05/2026;ZENDAI VEICULOS LTDA;1,97E+13;TOLEDO;PR;26/05/2026;02/06/2026;28/05/2026;Entregue No Prazo;;Entrega realizada;Entrega Finalizada;2;6;26;5;TRANSTRY;18016;;;
MOBIS BRASIL FABRICACAO DE AUTO PECAS LT;RODOVIARIO;1516388;26/05/2026;4;344312;26/05/2026;ATUAL VEICULOS LTDA;1,33E+13;ARARANGUA;SC;26/05/2026;02/06/2026;28/05/2026;Entregue No Prazo;;Entrega realizada;Entrega Finalizada;2;6;26;5;TRANSTRY;24001;;;
MOBIS BRASIL FABRICACAO DE AUTO PECAS LT;RODOVIARIO;1516389;26/05/2026;4;344313;26/05/2026;ATUAL VEICULOS LTDA;1,33E+13;TUBARAO;SC;26/05/2026;02/06/2026;28/05/2026;Entregue No Prazo;;Entrega realizada;Entrega Finalizada;2;6;26;5;TRANSTRY;24001;;;
MOBIS BRASIL FABRICACAO DE AUTO PECAS LT;RODOVIARIO;1516390;26/05/2026;26;344325;26/05/2026;LR COMERCIO DE VEICULOS LTDA;1,05E+13;SAO JOSE;SC;26/05/2026;02/06/2026;28/05/2026;Entregue No Prazo;;Entrega realizada;Entrega Finalizada;2;6;26;5;TRANSTRY;24007;;;
MOBIS BRASIL FABRICACAO DE AUTO PECAS LT;RODOVIARIO;1516391;26/05/2026;2;344316;26/05/2026;BARI VEICULOS LTDA;7,46E+12;BLUMENAU;SC;26/05/2026;02/06/2026;28/05/2026;Entregue No Prazo;;Entrega realizada;Entrega Finalizada;2;6;26;5;TRANSTRY;18024;;;
MOBIS BRASIL FABRICACAO DE AUTO PECAS LT;RODOVIARIO;1516392;26/05/2026;28;344316;26/05/2026;BARI VEICULOS LTDA;7,46E+12;BLUMENAU;SC;26/05/2026;02/06/2026;28/05/2026;Entregue No Prazo;;Entrega realizada;Entrega Finalizada;2;6;26;5;TRANSTRY;18024;;;
MOBIS BRASIL FABRICACAO DE AUTO PECAS LT;RODOVIARIO;1516354;26/05/2026;2;344286;26/05/2026;GOLDEN MOTORS VEICULOS LTDA;3,62E+12;DOURADOS;MS;26/05/2026;03/06/2026;28/05/2026;Entregue No Prazo;;Entrega realizada;Entrega Finalizada;3;6;26;5;CARVALIMA;12001;;;
MOBIS BRASIL FABRICACAO DE AUTO PECAS LT;RODOVIARIO;1516355;26/05/2026;7;344310;26/05/2026;ULSAN COMERCIO DE VEICULOS LTDA.;2,10E+13;CAMPO GRANDE;MS;26/05/2026;03/06/2026;28/05/2026;Entregue No Prazo;;Entrega realizada;Entrega Finalizada;3;6;26;5;CARVALIMA;12004;;;
MOBIS BRASIL FABRICACAO DE AUTO PECAS LT;RODOVIARIO;1516393;26/05/2026;1;344314;26/05/2026;BARI VEICULOS LTDA;7,46E+12;BALNEARIO CAMBORIU;SC;26/05/2026;03/06/2026;28/05/2026;Entregue No Prazo;;Entrega realizada;Entrega Finalizada;3;6;26;5;TRANSTRY;18024;;;
MOBIS BRASIL FABRICACAO DE AUTO PECAS LT;RODOVIARIO;1516705;27/05/2026;16;344545;27/05/2026;GRAND SPORT COM. DE VEIC. E PECAS LTDA;8,58E+12;GUARULHOS;SP;27/05/2026;29/05/2026;28/05/2026;Entregue No Prazo;;Entrega realizada;Entrega Finalizada;29;5;27;5;XD DIADEMA;26005;;;
MOBIS BRASIL FABRICACAO DE AUTO PECAS LT;RODOVIARIO;1516711;27/05/2026;1;344542;27/05/2026;CAOA MOTOR DO BRASIL LTDA(VL LEOPOLDINA);1,68E+13;SAO PAULO;SP;27/05/2026;29/05/2026;28/05/2026;Entregue No Prazo;;Entrega realizada;Entrega Finalizada;29;5;27;5;XD DIADEMA;26028;;;
MOBIS BRASIL FABRICACAO DE AUTO PECAS LT;RODOVIARIO;1516712;27/05/2026;1;344544;27/05/2026;GRAND SPORT COM. DE VEIC. E PECAS LTDA;8,58E+12;SAO PAULO;SP;27/05/2026;29/05/2026;28/05/2026;Entregue No Prazo;;Entrega realizada;Entrega Finalizada;29;5;27;5;XD DIADEMA;26034;;;
MOBIS BRASIL FABRICACAO DE AUTO PECAS LT;RODOVIARIO;1516713;27/05/2026;1;344543;27/05/2026;CHS MOTORS VEICULOS PECAS E SERV LTDA  ;1,69E+13;SAO PAULO;SP;27/05/2026;29/05/2026;28/05/2026;Entregue No Prazo;;Entrega realizada;Entrega Finalizada;29;5;27;5;XD DIADEMA;26037;;;
MOBIS BRASIL FABRICACAO DE AUTO PECAS LT;RODOVIARIO;1516714;27/05/2026;3;344540;27/05/2026;CAOA MOTOR DO BRASIL LTDA (ARICANDUVA);1,68E+13;SAO PAULO;SP;27/05/2026;29/05/2026;28/05/2026;Entregue No Prazo;;Entrega realizada;Entrega Finalizada;29;5;27;5;XD DIADEMA;26039;;;
MOBIS BRASIL FABRICACAO DE AUTO PECAS LT;RODOVIARIO;1516718;27/05/2026;2;344536;27/05/2026;BILLY DISTRIBUIDORA DE VEICULOS LTDA;1,34E+13;DIADEMA;SP;27/05/2026;29/05/2026;28/05/2026;Entregue No Prazo;;Entrega realizada;Entrega Finalizada;29;5;27;5;XD DIADEMA;26003;;;
MOBIS BRASIL FABRICACAO DE AUTO PECAS LT;RODOVIARIO;1516731;27/05/2026;1;344541;27/05/2026;CAOA MOTOR DO BRASIL LTDA(RAP. TAVARES);1,68E+13;SAO PAULO;SP;27/05/2026;29/05/2026;28/05/2026;Entregue No Prazo;;Entrega realizada;Entrega Finalizada;29;5;27;5;XD DIADEMA;26109;;;
MOBIS BRASIL FABRICACAO DE AUTO PECAS LT;RODOVIARIO;1516709;27/05/2026;1;344532;27/05/2026;MOTONET COMERCIO DE VEICULOS LTDA;9,28E+12;SOROCABA;SP;27/05/2026;01/06/2026;28/05/2026;Entregue No Prazo;;Entrega realizada;Entrega Finalizada;1;6;27;5;MVT;26113;;;
MOBIS BRASIL FABRICACAO DE AUTO PECAS LT;RODOVIARIO;1516710;27/05/2026;13;344533;27/05/2026;NEW VEICULOS E PECAS LTDA;1,59E+13;RIBEIRAO PRETO;SP;27/05/2026;01/06/2026;28/05/2026;Entregue No Prazo;;Entrega realizada;Entrega Finalizada;1;6;27;5;MVT;26014;;;
MOBIS BRASIL FABRICACAO DE AUTO PECAS LT;RODOVIARIO;1516715;27/05/2026;17;344523;27/05/2026;ANDRETA II DISTRIB.DE VEICULOS LTDA.;9,10E+12;JUNDIAI;SP;27/05/2026;01/06/2026;28/05/2026;Entregue No Prazo;;Entrega realizada;Entrega Finalizada;1;6;27;5;MVT;26040;;;
MOBIS BRASIL FABRICACAO DE AUTO PECAS LT;RODOVIARIO;1516717;27/05/2026;4;344524;27/05/2026;ANDRETA II DISTRIBUIDORA DE VEIC. LTDA;9,10E+12;AMERICANA;SP;27/05/2026;01/06/2026;28/05/2026;Entregue No Prazo;;Entrega realizada;Entrega Finalizada;1;6;27;5;MVT;26011;;;
MOBIS BRASIL FABRICACAO DE AUTO PECAS LT;RODOVIARIO;1516721;27/05/2026;1;344539;27/05/2026;CAOA MOTOR DO BRASIL LTDA;1,68E+13;SAO JOSE DOS CAMPOS;SP;27/05/2026;01/06/2026;28/05/2026;Entregue No Prazo;;Entrega realizada;Entrega Finalizada;1;6;27;5;XD DIADEMA;5008;;;
MOBIS BRASIL FABRICACAO DE AUTO PECAS LT;RODOVIARIO;1516722;27/05/2026;1;344539;27/05/2026;CAOA MOTOR DO BRASIL LTDA;1,68E+13;SAO JOSE DOS CAMPOS;SP;27/05/2026;01/06/2026;28/05/2026;Entregue No Prazo;;Entrega realizada;Entrega Finalizada;1;6;27;5;XD DIADEMA;5008;;;
MOBIS BRASIL FABRICACAO DE AUTO PECAS LT;RODOVIARIO;1516723;27/05/2026;2;344537;27/05/2026;CAOA MOTOR DO BRASIL LTDA;1,68E+13;TAUBATE;SP;27/05/2026;01/06/2026;28/05/2026;Entregue No Prazo;;Entrega realizada;Entrega Finalizada;1;6;27;5;XD DIADEMA;5008;;;
MOBIS BRASIL FABRICACAO DE AUTO PECAS LT;RODOVIARIO;1516724;27/05/2026;35;344526;27/05/2026;DESTAQUE SEUL DISTR. DE VEIC. E PC. LTDA;2,12E+13;ATIBAIA;SP;27/05/2026;01/06/2026;28/05/2026;Entregue No Prazo;;Entrega realizada;Entrega Finalizada;1;6;27;5;MVT;26075;;;
MOBIS BRASIL FABRICACAO DE AUTO PECAS LT;RODOVIARIO;1516728;27/05/2026;9;344538;27/05/2026;CAOA MOTOR DO BRASIL LTDA;1,68E+13;SANTOS;SP;27/05/2026;01/06/2026;28/05/2026;Entregue No Prazo;;Entrega realizada;Entrega Finalizada;1;6;27;5;XD DIADEMA;5008;;;
MOBIS BRASIL FABRICACAO DE AUTO PECAS LT;RODOVIARIO;1516725;27/05/2026;1;344528;27/05/2026;DHC COMERCIO DE VEICULOS E PECAS LTDA;9,52E+12;BOTUCATU;SP;27/05/2026;02/06/2026;28/05/2026;Entregue No Prazo;;Entrega realizada;Entrega Finalizada;2;6;27;5;MVT;26010;;;
MOBIS BRASIL FABRICACAO DE AUTO PECAS LT;RODOVIARIO;1516729;27/05/2026;28;344932;28/05/2026;GRANDAY AUTOMOTORES LTDA (CHAC. CALIFOR);1,57E+13;SAO PAULO;SP;28/05/2026;01/06/2026;28/05/2026;Entregue No Prazo;;Entrega realizada;Entrega Finalizada;1;6;28;5;XD DIADEMA;26090;;;
MOBIS BRASIL FABRICACAO DE AUTO PECAS LT;RODOVIARIO;1517149;27/05/2026;50;344931;28/05/2026;BILLY DISTRIBUIDORA DE VEICULOS LTDA;1,34E+13;SAO CAETANO DO SUL;SP;28/05/2026;01/06/2026;28/05/2026;Entregue No Prazo;;Entrega realizada;Entrega Finalizada;1;6;28;5;XD DIADEMA;26003;;;
MOBIS BRASIL FABRICACAO DE AUTO PECAS LT;RODOVIARIO;1516708;27/05/2026;147;344930;28/05/2026;ANDRETA II DISTRIBUIDORA DE VEIC. LTDA;9,10E+12;CAMPINAS;SP;28/05/2026;02/06/2026;28/05/2026;Entregue No Prazo;;Entrega realizada;Entrega Finalizada;2;6;28;5;XD DIADEMA;26011;;;
MOBIS BRASIL FABRICACAO DE AUTO PECAS LT;RODOVIARIO;1501346;28/04/2026;2;339781;28/04/2026;UNIQUE BOA VISTA COM. DE AUTOMOVEIS LTDA;3,48E+13;BOA VISTA;RR;28/04/2026;27/05/2026;29/05/2026;Entregue Fora do Prazo;;Entrega realizada;Entrega Finalizada;27;5;28;4;NORTEX;22002;;;
MOBIS BRASIL FABRICACAO DE AUTO PECAS LT;RODOVIARIO;1502079;29/04/2026;1;340008;29/04/2026;UNIQUE BOA VISTA COM. DE AUTOMOVEIS LTDA;3,48E+13;BOA VISTA;RR;29/04/2026;29/05/2026;29/05/2026;Entregue No Prazo;;Entrega realizada;Entrega Finalizada;29;5;29;4;NORTEX;22002;;;
MOBIS BRASIL FABRICACAO DE AUTO PECAS LT; RODOVIARIO;1504132;04/05/2026;4;340835;04/05/2026;MISO VEICULOS LTDA;1,85E+13;MACAPA;AP;04/05/2026;26/05/2026;29/05/2026;Entregue Fora do Prazo;;Entrega realizada;Entrega Finalizada;26;5;4;5;CARVALIMA;4001;;;
MOBIS BRASIL FABRICACAO DE AUTO PECAS LT;RODOVIARIO;1506734;08/05/2026;6;341535;08/05/2026;MISO VEICULOS LTDA;1,85E+13;MACAPA;AP;08/05/2026;29/05/2026;29/05/2026;Entregue No Prazo;;Entrega realizada;Entrega Finalizada;29;5;8;5;CARVALIMA;4001;;;
MOBIS BRASIL FABRICACAO DE AUTO PECAS LT;RODOVIARIO;1507430;11/05/2026;1;341774;11/05/2026;UNIQUE BOA VISTA COM. DE AUTOMOVEIS LTDA;3,48E+13;BOA VISTA;RR;11/05/2026;08/06/2026;29/05/2026;Entregue No Prazo;;Entrega realizada;Entrega Finalizada;8;6;11;5;CARVALIMA;22002;;;
MOBIS BRASIL FABRICACAO DE AUTO PECAS LT;RODOVIARIO;1509756;14/05/2026;1;342429;14/05/2026;UNIQUE BOA VISTA COM. DE AUTOMOVEIS LTDA;3,48E+13;BOA VISTA;RR;14/05/2026;11/06/2026;29/05/2026;Entregue No Prazo;;Entrega realizada;Entrega Finalizada;11;6;14;5;CARVALIMA;22002;;;
MOBIS BRASIL FABRICACAO DE AUTO PECAS LT;RODOVIARIO;1511210;18/05/2026;3;342910;18/05/2026;PATEO COMERCIO DE VEICULOS S A;7,78E+12;SAO LUIS;MA;18/05/2026;02/06/2026;29/05/2026;Entregue No Prazo;;Entrega realizada;Entrega Finalizada;2;6;18;5;TERMACO;10002;;;
MOBIS BRASIL FABRICACAO DE AUTO PECAS LT;RODOVIARIO;1512134;19/05/2026;4;343140;19/05/2026;PATEO COMERCIO DE VEICULOS S A;7,78E+12;SAO LUIS;MA;19/05/2026;03/06/2026;29/05/2026;Entregue No Prazo;;Entrega realizada;Entrega Finalizada;3;6;19;5;CARVALIMA;10002;;;
MOBIS BRASIL FABRICACAO DE AUTO PECAS LT;RODOVIARIO;1512171;19/05/2026;22;343137;19/05/2026;ORIENTE AUTOMOVEIS LTDA;1,33E+13;PARNAMIRIM;RN;19/05/2026;04/06/2026;29/05/2026;Entregue No Prazo;;Entrega realizada;Entrega Finalizada;4;6;19;5;TERMACO;20001;;;
MOBIS BRASIL FABRICACAO DE AUTO PECAS LT;RODOVIARIO;1512854;20/05/2026;3;343328;20/05/2026;PATEO COMERCIO DE VEICULOS S A;7,78E+12;SAO LUIS;MA;20/05/2026;04/06/2026;29/05/2026;Entregue No Prazo;;Entrega realizada;Entrega Finalizada;4;6;20;5;CARVALIMA;10002;;;
MOBIS BRASIL FABRICACAO DE AUTO PECAS LT;RODOVIARIO;1513609;21/05/2026;7;343560;21/05/2026;SAGA KOREA COM. DE VEIC. E PC. LTDA;1,27E+13;BRASILIA;DF;21/05/2026;29/05/2026;29/05/2026;Entregue No Prazo;;Entrega realizada;Entrega Finalizada;29;5;21;5;RIO VERMELHO;7005;;;
MOBIS BRASIL FABRICACAO DE AUTO PECAS LT;RODOVIARIO;1513636;21/05/2026;1;343612;21/05/2026;JPG MOTORS COMERCIO DE VEICULOS LTDA;2,91E+13;CAMPO GRANDE;MS;21/05/2026;29/05/2026;29/05/2026;Entregue No Prazo;;Entrega realizada;Entrega Finalizada;29;5;21;5;CARVALIMA;12005;;;
MOBIS BRASIL FABRICACAO DE AUTO PECAS LT;RODOVIARIO;1514232;21/05/2026;22;343743;21/05/2026;SAGA KOREA COM. DE VEIC. E PC. LTDA;1,27E+13;BRASILIA;DF;21/05/2026;29/05/2026;29/05/2026;Entregue No Prazo;;Entrega realizada;Entrega Finalizada;29;5;21;5;RIO VERMELHO;7005;;;
MOBIS BRASIL FABRICACAO DE AUTO PECAS LT;RODOVIARIO;1514237;21/05/2026;2;343740;21/05/2026;NISA COMERCIAL DE VEIC. AUTOMOTORES LTDA;1,03E+13;APARECIDA DE GOIANIA;GO;21/05/2026;29/05/2026;29/05/2026;Entregue No Prazo;;Entrega realizada;Entrega Finalizada;29;5;21;5;RIO VERMELHO;9002;;;
MOBIS BRASIL FABRICACAO DE AUTO PECAS LT;RODOVIARIO;1514238;21/05/2026;2;343744;21/05/2026;SAGA KOREA COM. DE VEIC. E PC. LTDA;1,27E+13;GOIANIA;GO;21/05/2026;29/05/2026;29/05/2026;Entregue No Prazo;;Entrega realizada;Entrega Finalizada;29;5;21;5;RIO VERMELHO;9011;;;
MOBIS BRASIL FABRICACAO DE AUTO PECAS LT;RODOVIARIO;1514239;21/05/2026;102;343744;21/05/2026;SAGA KOREA COM. DE VEIC. E PC. LTDA;1,27E+13;GOIANIA;GO;21/05/2026;29/05/2026;29/05/2026;Entregue No Prazo;;Entrega realizada;Entrega Finalizada;29;5;21;5;RIO VERMELHO;9011;;;
MOBIS BRASIL FABRICACAO DE AUTO PECAS LT;RODOVIARIO;1513619;21/05/2026;5;343566;21/05/2026;URCA MOTORS VEICULOS LTDA;8,77E+12;ITUMBIARA;GO;21/05/2026;02/06/2026;29/05/2026;Entregue No Prazo;;Entrega realizada;Entrega Finalizada;2;6;21;5;RIO VERMELHO;9014;;;
MOBIS BRASIL FABRICACAO DE AUTO PECAS LT;RODOVIARIO;1514183;21/05/2026;8;343604;21/05/2026;FAZZA MOTORS COM. DE VEICULOS LTDA;1,24E+13;FORTALEZA;CE;21/05/2026;04/06/2026;29/05/2026;Entregue No Prazo;;Entrega realizada;Entrega Finalizada;4;6;21;5;TERMACO;6001;;;
MOBIS BRASIL FABRICACAO DE AUTO PECAS LT;RODOVIARIO;1514184;21/05/2026;62;343605;21/05/2026;FAZZA MOTORS COMERCIO DE VEICULOS LTDA;1,24E+13;FORTALEZA;CE;21/05/2026;04/06/2026;29/05/2026;Entregue No Prazo;;Entrega realizada;Entrega Finalizada;4;6;21;5;TERMACO;5007;;;
MOBIS BRASIL FABRICACAO DE AUTO PECAS LT;RODOVIARIO;1514315;21/05/2026;1;343805;21/05/2026;FAZZA MOTORS COM. DE VEICULOS LTDA;1,24E+13;FORTALEZA;CE;21/05/2026;04/06/2026;29/05/2026;Entregue No Prazo;;Entrega realizada;Entrega Finalizada;4;6;21;5;TERMACO;6001;;;
MOBIS BRASIL FABRICACAO DE AUTO PECAS LT; RODOVIARIO;1515032;23/05/2026;2;343991;23/05/2026;PATEO COMERCIO DE VEICULOS S A;7,78E+12;MANAUS;AM;23/05/2026;18/06/2026;29/05/2026;Entregue No Prazo;;Entrega realizada;Entrega Finalizada;18;6;23;5;CARVALIMA;3002;;;
MOBIS BRASIL FABRICACAO DE AUTO PECAS LT; RODOVIARIO;1515033;23/05/2026;18;343991;23/05/2026;PATEO COMERCIO DE VEICULOS S A;7,78E+12;MANAUS;AM;23/05/2026;18/06/2026;29/05/2026;Entregue No Prazo;;Entrega realizada;Entrega Finalizada;18;6;23;5;CARVALIMA;3002;;;
MOBIS BRASIL FABRICACAO DE AUTO PECAS LT;RODOVIARIO;1515530;25/05/2026;5;344071;25/05/2026;LOVAT VEICULOS S/A;8,57E+12;MARINGA;PR;25/05/2026;29/05/2026;29/05/2026;Entregue No Prazo;;Entrega realizada;Entrega Finalizada;29;5;25;5;TRANSTRY;18008;;;
MOBIS BRASIL FABRICACAO DE AUTO PECAS LT;RODOVIARIO;1515507;25/05/2026;8;344047;25/05/2026;TAI MOTORS VEICULOS S/A;9,27E+12;VITORIA;ES;25/05/2026;01/06/2026;29/05/2026;Entregue No Prazo;;Entrega realizada;Entrega Finalizada;1;6;25;5;CAMILO;8002;;;
MOBIS BRASIL FABRICACAO DE AUTO PECAS LT;RODOVIARIO;1515531;25/05/2026;26;344074;25/05/2026;SANTA FE VEICULOS LTDA.;1,16E+13;FRANCISCO BELTRAO;PR;25/05/2026;01/06/2026;29/05/2026;Entregue No Prazo;;Entrega realizada;Entrega Finalizada;1;6;25;5;TRANSTRY;18010;;;
MOBIS BRASIL FABRICACAO DE AUTO PECAS LT;RODOVIARIO;1515532;25/05/2026;1;344073;25/05/2026;SANTA FE COMERCIO DE VEICULOS S A.;1,16E+13;PATO BRANCO;PR;25/05/2026;01/06/2026;29/05/2026;Entregue No Prazo;;Entrega realizada;Entrega Finalizada;1;6;25;5;TRANSTRY;18014;;;
MOBIS BRASIL FABRICACAO DE AUTO PECAS LT;RODOVIARIO;1515548;25/05/2026;3;344065;25/05/2026;GALA COMERCIO DE VEICULOS LTDA.;1,77E+13;PELOTAS;RS;25/05/2026;01/06/2026;29/05/2026;Entregue No Prazo;;Entrega realizada;Entrega Finalizada;1;6;25;5;TRANSTRY;23009;;;
MOBIS BRASIL FABRICACAO DE AUTO PECAS LT;RODOVIARIO;1515549;25/05/2026;1;344068;25/05/2026;HOUSE PARTS - COM DE PECAS E VEIC LTDA;1,15E+13;OSORIO;RS;25/05/2026;01/06/2026;29/05/2026;Entregue No Prazo;;Entrega realizada;Entrega Finalizada;1;6;25;5;TRANSTRY;23016;;;
MOBIS BRASIL FABRICACAO DE AUTO PECAS LT;RODOVIARIO;1515750;25/05/2026;1;344066;25/05/2026;GAMBATTO H1 VEICULOS LTDA;1,94E+13;PASSO FUNDO;RS;25/05/2026;01/06/2026;29/05/2026;Entregue No Prazo;;Entrega realizada;Entrega Finalizada;1;6;25;5;TRANSTRY;23015;;;
MOBIS BRASIL FABRICACAO DE AUTO PECAS LT;RODOVIARIO;1515510;25/05/2026;8;344010;25/05/2026;NISA COMERCIAL DE VEIC. AUTOMOTORES LTDA;1,03E+13;APARECIDA DE GOIANIA;GO;25/05/2026;02/06/2026;29/05/2026;Entregue No Prazo;;Entrega realizada;Entrega Finalizada;2;6;25;5;RIO VERMELHO;9002;;;
MOBIS BRASIL FABRICACAO DE AUTO PECAS LT;RODOVIARIO;1515511;25/05/2026;3;344014;25/05/2026;SAGA KOREA COM. DE VEIC. E PC. LTDA;1,27E+13;GOIANIA;GO;25/05/2026;02/06/2026;29/05/2026;Entregue No Prazo;;Entrega realizada;Entrega Finalizada;2;6;25;5;RIO VERMELHO;9011;;;
MOBIS BRASIL FABRICACAO DE AUTO PECAS LT;RODOVIARIO;1515519;25/05/2026;1;344048;25/05/2026;ULSAN COMERCIO DE VEICULOS LTDA.;2,10E+13;CAMPO GRANDE;MS;25/05/2026;02/06/2026;29/05/2026;Entregue No Prazo;;Entrega realizada;Entrega Finalizada;2;6;25;5;CARVALIMA;12004;;;
MOBIS BRASIL FABRICACAO DE AUTO PECAS LT;RODOVIARIO;1515512;25/05/2026;6;344013;25/05/2026;SAGA KOREA COM. DE VEIC. E PC. LTDA;1,27E+13;ANAPOLIS;GO;25/05/2026;05/06/2026;29/05/2026;Entregue No Prazo;;Entrega realizada;Entrega Finalizada;5;6;25;5;RIO VERMELHO;9012;;;
MOBIS BRASIL FABRICACAO DE AUTO PECAS LT;RODOVIARIO;1516349;26/05/2026;27;344274;26/05/2026;TAI MOTORS VEICULOS S/A;9,27E+12;BELO HORIZONTE;MG;26/05/2026;29/05/2026;29/05/2026;Entregue No Prazo;;Entrega realizada;Entrega Finalizada;29;5;26;5;XD BETIM;8002;;;
MOBIS BRASIL FABRICACAO DE AUTO PECAS LT;RODOVIARIO;1516369;26/05/2026;1;344323;26/05/2026;LOVAT VEICULOS S/A;8,57E+12;MARINGA;PR;26/05/2026;01/06/2026;29/05/2026;Entregue No Prazo;;Entrega realizada;Entrega Finalizada;1;6;26;5;TRANSTRY;18008;;;
MOBIS BRASIL FABRICACAO DE AUTO PECAS LT;RODOVIARIO;1516370;26/05/2026;1;344326;26/05/2026;SANTA FE VEICULOS LTDA.;1,16E+13;FRANCISCO BELTRAO;PR;26/05/2026;02/06/2026;29/05/2026;Entregue No Prazo;;Entrega realizada;Entrega Finalizada;2;6;26;5;TRANSTRY;18010;;;
MOBIS BRASIL FABRICACAO DE AUTO PECAS LT;RODOVIARIO;1516381;26/05/2026;2;344297;26/05/2026;MONTREAL VEICULOS E PECAS LTDA;1,68E+13;SAO PEDRO DA ALDEIA;RJ;26/05/2026;02/06/2026;29/05/2026;Entregue No Prazo;;Entrega realizada;Entrega Finalizada;2;6;26;5;CAMILO;19030;;;
MOBIS BRASIL FABRICACAO DE AUTO PECAS LT;RODOVIARIO;1516342;26/05/2026;2;344266;26/05/2026;NISA COMERCIAL DE VEIC. AUTOMOTORES LTDA;1,03E+13;APARECIDA DE GOIANIA;GO;26/05/2026;03/06/2026;29/05/2026;Entregue No Prazo;;Entrega realizada;Entrega Finalizada;3;6;26;5;RIO VERMELHO;9002;;;
MOBIS BRASIL FABRICACAO DE AUTO PECAS LT;RODOVIARIO;1516343;26/05/2026;4;344266;26/05/2026;NISA COMERCIAL DE VEIC. AUTOMOTORES LTDA;1,03E+13;APARECIDA DE GOIANIA;GO;26/05/2026;03/06/2026;29/05/2026;Entregue No Prazo;;Entrega realizada;Entrega Finalizada;3;6;26;5;RIO VERMELHO;9002;;;
MOBIS BRASIL FABRICACAO DE AUTO PECAS LT;RODOVIARIO;1516344;26/05/2026;46;344271;26/05/2026;SAGA KOREA COM. DE VEIC. E PC. LTDA;1,27E+13;GOIANIA;GO;26/05/2026;03/06/2026;29/05/2026;Entregue No Prazo;;Entrega realizada;Entrega Finalizada;3;6;26;5;RIO VERMELHO;9011;;;
MOBIS BRASIL FABRICACAO DE AUTO PECAS LT;RODOVIARIO;1516356;26/05/2026;1;344291;26/05/2026;JPG MOTORS COMERCIO DE VEICULOS LTDA;2,91E+13;CAMPO GRANDE;MS;26/05/2026;03/06/2026;29/05/2026;Entregue No Prazo;;Entrega realizada;Entrega Finalizada;3;6;26;5;CARVALIMA;12005;;;
MOBIS BRASIL FABRICACAO DE AUTO PECAS LT;RODOVIARIO;1516394;26/05/2026;2;344319;26/05/2026;CHINHAN AUTOMOVEIS LTDA.;2,41E+13;CACADOR;SC;26/05/2026;04/06/2026;29/05/2026;Entregue No Prazo;;Entrega realizada;Entrega Finalizada;4;6;26;5;TRANSTRY;24020;;;
MOBIS BRASIL FABRICACAO DE AUTO PECAS LT;RODOVIARIO;1516660;27/05/2026;3;344553;27/05/2026;TAI MOTORS VEICULOS S/A;9,27E+12;BELO HORIZONTE;MG;27/05/2026;01/06/2026;29/05/2026;Entregue No Prazo;;Entrega realizada;Entrega Finalizada;1;6;27;5;XD BETIM;8002;;;
MOBIS BRASIL FABRICACAO DE AUTO PECAS LT;RODOVIARIO;1516663;27/05/2026;38;344535;27/05/2026;BDG AUTOVILLE VEICULOS LTDA;4,77E+13;CONTAGEM;MG;27/05/2026;01/06/2026;29/05/2026;Entregue No Prazo;;Entrega realizada;Entrega Finalizada;1;6;27;5;XD BETIM;11037;;;
MOBIS BRASIL FABRICACAO DE AUTO PECAS LT;RODOVIARIO;1516686;27/05/2026;17;344592;27/05/2026;BARI VEICULOS LTDA;7,46E+12;CURITIBA;PR;27/05/2026;01/06/2026;29/05/2026;Entregue No Prazo;;Entrega realizada;Entrega Finalizada;1;6;27;5;TRANSTRY;18024;;;
MOBIS BRASIL FABRICACAO DE AUTO PECAS LT;RODOVIARIO;1516706;27/05/2026;1;344530;27/05/2026;DHC COMERCIO DE VEICULOS E PECAS LTDA;9,52E+12;BAURU;SP;27/05/2026;01/06/2026;29/05/2026;Entregue No Prazo;;Entrega realizada;Entrega Finalizada;1;6;27;5;MVT;26010;;;
MOBIS BRASIL FABRICACAO DE AUTO PECAS LT;RODOVIARIO;1516707;27/05/2026;9;344530;27/05/2026;DHC COMERCIO DE VEICULOS E PECAS LTDA;9,52E+12;BAURU;SP;27/05/2026;01/06/2026;29/05/2026;Entregue No Prazo;;Entrega realizada;Entrega Finalizada;1;6;27;5;MVT;26010;;;
MOBIS BRASIL FABRICACAO DE AUTO PECAS LT;RODOVIARIO;1516716;27/05/2026;4;344525;27/05/2026;ANDRETA II DISTRIBUIDORA DE VEIC. LTDA;9,10E+12;INDAIATUBA;SP;27/05/2026;01/06/2026;29/05/2026;Entregue No Prazo;;Entrega realizada;Entrega Finalizada;1;6;27;5;MVT;26011;;;
MOBIS BRASIL FABRICACAO DE AUTO PECAS LT;RODOVIARIO;1516661;27/05/2026;4;344555;27/05/2026;TOKSU COMERCIO DE VEICULOS LTDA;1,12E+13;VARGINHA;MG;27/05/2026;02/06/2026;29/05/2026;Entregue No Prazo;;Entrega realizada;Entrega Finalizada;2;6;27;5;XD BETIM;11008;;;
MOBIS BRASIL FABRICACAO DE AUTO PECAS LT;RODOVIARIO;1516662;27/05/2026;2;344557;27/05/2026;VIME POCOS COM. DE VEICULOS E PECAS LTDA;3,43E+13;POCOS DE CALDAS;MG;27/05/2026;02/06/2026;29/05/2026;Entregue No Prazo;;Entrega realizada;Entrega Finalizada;2;6;27;5;XD BETIM;11033;;;
MOBIS BRASIL FABRICACAO DE AUTO PECAS LT;RODOVIARIO;1516678;27/05/2026;11;344601;27/05/2026;LOVAT VEICULOS S/A;8,57E+12;LONDRINA;PR;27/05/2026;02/06/2026;29/05/2026;Entregue No Prazo;;Entrega realizada;Entrega Finalizada;2;6;27;5;TRANSTRY;18008;;;
MOBIS BRASIL FABRICACAO DE AUTO PECAS LT;RODOVIARIO;1516684;27/05/2026;31;344593;27/05/2026;BARI VEICULOS LTDA;7,46E+12;PONTA GROSSA;PR;27/05/2026;02/06/2026;29/05/2026;Entregue No Prazo;;Entrega realizada;Entrega Finalizada;2;6;27;5;TRANSTRY;18024;;;
MOBIS BRASIL FABRICACAO DE AUTO PECAS LT;RODOVIARIO;1516687;27/05/2026;3;344561;27/05/2026;AMX COM. E SERVICOS DE AUTOMOTORES LTDA;1,20E+13;RIO DE JANEIRO;RJ;27/05/2026;02/06/2026;29/05/2026;Entregue No Prazo;;Entrega realizada;Entrega Finalizada;2;6;27;5;CAMILO;19009;;;
MOBIS BRASIL FABRICACAO DE AUTO PECAS LT;RODOVIARIO;1516700;27/05/2026;5;344594;27/05/2026;BARI VEICULOS LTDA.;7,46E+12;JOINVILLE;SC;27/05/2026;02/06/2026;29/05/2026;Entregue No Prazo;;Entrega realizada;Entrega Finalizada;2;6;27;5;TRANSTRY;24013;;;
MOBIS BRASIL FABRICACAO DE AUTO PECAS LT;RODOVIARIO;1516719;27/05/2026;1;344531;27/05/2026;H R B COMERCIO DE VEICULOS LTDA;1,82E+13;SAO JOSE DO RIO PRETO;SP;27/05/2026;02/06/2026;29/05/2026;Entregue No Prazo;;Entrega realizada;Entrega Finalizada;2;6;27;5;MVT;26050;;;
MOBIS BRASIL FABRICACAO DE AUTO PECAS LT;RODOVIARIO;1516720;27/05/2026;9;344531;27/05/2026;H R B COMERCIO DE VEICULOS LTDA;1,82E+13;SAO JOSE DO RIO PRETO;SP;27/05/2026;02/06/2026;29/05/2026;Entregue No Prazo;;Entrega realizada;Entrega Finalizada;2;6;27;5;MVT;26050;;;
MOBIS BRASIL FABRICACAO DE AUTO PECAS LT;RODOVIARIO;1516730;27/05/2026;5;344529;27/05/2026;DHC COMERCIO DE VEICULOS E PECAS LTDA;9,52E+12;OURINHOS;SP;27/05/2026;02/06/2026;29/05/2026;Entregue No Prazo;;Entrega realizada;Entrega Finalizada;2;6;27;5;MVT;26010;;;
MOBIS BRASIL FABRICACAO DE AUTO PECAS LT;RODOVIARIO;1517150;27/05/2026;1;344570;27/05/2026;ITAVEMA MOTORS VEICULOS LTDA;7,73E+12;RIO DE JANEIRO;RJ;27/05/2026;02/06/2026;29/05/2026;Entregue No Prazo;;Entrega realizada;Entrega Finalizada;2;6;27;5;CAMILO;19001;;;
MOBIS BRASIL FABRICACAO DE AUTO PECAS LT;RODOVIARIO;1516680;27/05/2026;1;344606;27/05/2026;SANTA FE VEICULOS LTDA.;1,16E+13;FRANCISCO BELTRAO;PR;27/05/2026;03/06/2026;29/05/2026;Entregue No Prazo;;Entrega realizada;Entrega Finalizada;3;6;27;5;TRANSTRY;18010;;;
MOBIS BRASIL FABRICACAO DE AUTO PECAS LT;RODOVIARIO;1516681;27/05/2026;15;344606;27/05/2026;SANTA FE VEICULOS LTDA.;1,16E+13;FRANCISCO BELTRAO;PR;27/05/2026;03/06/2026;29/05/2026;Entregue No Prazo;;Entrega realizada;Entrega Finalizada;3;6;27;5;TRANSTRY;18010;;;
MOBIS BRASIL FABRICACAO DE AUTO PECAS LT;RODOVIARIO;1516683;27/05/2026;3;344608;27/05/2026;ZENDAI VEICULOS LTDA;1,97E+13;TOLEDO;PR;27/05/2026;03/06/2026;29/05/2026;Entregue No Prazo;;Entrega realizada;Entrega Finalizada;3;6;27;5;TRANSTRY;18016;;;
MOBIS BRASIL FABRICACAO DE AUTO PECAS LT;RODOVIARIO;1516688;27/05/2026;2;344586;27/05/2026;TAI MOTORS VEICULOS S/A.;9,27E+12;CAMPOS DOS GOYTACAZES;RJ;27/05/2026;03/06/2026;29/05/2026;Entregue No Prazo;;Entrega realizada;Entrega Finalizada;3;6;27;5;CAMILO;19023;;;
MOBIS BRASIL FABRICACAO DE AUTO PECAS LT;RODOVIARIO;1516696;27/05/2026;4;344588;27/05/2026;ATUAL VEICULOS LTDA;1,33E+13;ARARANGUA;SC;27/05/2026;03/06/2026;29/05/2026;Entregue No Prazo;;Entrega realizada;Entrega Finalizada;3;6;27;5;TRANSTRY;24001;;;
MOBIS BRASIL FABRICACAO DE AUTO PECAS LT;RODOVIARIO;1516698;27/05/2026;1;344603;27/05/2026;LR COMERCIO DE VEICULOS LTDA;1,05E+13;SAO JOSE;SC;27/05/2026;03/06/2026;29/05/2026;Entregue No Prazo;;Entrega realizada;Entrega Finalizada;3;6;27;5;TRANSTRY;24007;;;
MOBIS BRASIL FABRICACAO DE AUTO PECAS LT;RODOVIARIO;1516699;27/05/2026;17;344590;27/05/2026;BARI VEICULOS LTDA;7,46E+12;BLUMENAU;SC;27/05/2026;03/06/2026;29/05/2026;Entregue No Prazo;;Entrega realizada;Entrega Finalizada;3;6;27;5;TRANSTRY;18024;;;
MOBIS BRASIL FABRICACAO DE AUTO PECAS LT;RODOVIARIO;1516701;27/05/2026;2;344591;27/05/2026;BARI VEICULOS LTDA;7,46E+12;BALNEARIO CAMBORIU;SC;27/05/2026;04/06/2026;29/05/2026;Entregue No Prazo;;Entrega realizada;Entrega Finalizada;4;6;27;5;TRANSTRY;18024;;;
MOBIS BRASIL FABRICACAO DE AUTO PECAS LT;RODOVIARIO;1516704;27/05/2026;7;344598;27/05/2026;CHINHAN AUTOMOVEIS LTDA.;2,41E+13;CACADOR;SC;27/05/2026;05/06/2026;29/05/2026;Entregue No Prazo;;Entrega realizada;Entrega Finalizada;5;6;27;5;TRANSTRY;24020;;;
MOBIS BRASIL FABRICACAO DE AUTO PECAS LT;RODOVIARIO;1517348;28/05/2026;1;344939;28/05/2026;CAOA MOTOR DO BRASIL LTDA (AGUA BRANCA);1,68E+13;SAO PAULO;SP;28/05/2026;01/06/2026;29/05/2026;Entregue No Prazo;;Entrega realizada;Entrega Finalizada;1;6;28;5;XD DIADEMA;26030;;;
MOBIS BRASIL FABRICACAO DE AUTO PECAS LT;RODOVIARIO;1517349;28/05/2026;1;344943;28/05/2026;GRAND SPORT COM. DE VEIC. E PECAS LTDA;8,58E+12;SAO PAULO;SP;28/05/2026;01/06/2026;29/05/2026;Entregue No Prazo;;Entrega realizada;Entrega Finalizada;1;6;28;5;XD DIADEMA;26034;;;
MOBIS BRASIL FABRICACAO DE AUTO PECAS LT;RODOVIARIO;1517351;28/05/2026;2;344944;28/05/2026;GRANDAY AUTOMOTORES LTDA;1,57E+13;SAO PAULO;SP;28/05/2026;01/06/2026;29/05/2026;Entregue No Prazo;;Entrega realizada;Entrega Finalizada;1;6;28;5;XD DIADEMA;26041;;;
MOBIS BRASIL FABRICACAO DE AUTO PECAS LT;RODOVIARIO;1517353;28/05/2026;1;344940;28/05/2026;CAOA MOTOR DO BRASIL LTDA (VL PRUDENTE);1,68E+13;SAO PAULO;SP;28/05/2026;01/06/2026;29/05/2026;Entregue No Prazo;;Entrega realizada;Entrega Finalizada;1;6;28;5;XD DIADEMA;26051;;;
MOBIS BRASIL FABRICACAO DE AUTO PECAS LT;RODOVIARIO;1517354;28/05/2026;1;344938;28/05/2026;CAOA MOTOR DO BRASIL LTDA;1,68E+13;SANTO ANDRE;SP;28/05/2026;01/06/2026;29/05/2026;Entregue No Prazo;;Entrega realizada;Entrega Finalizada;1;6;28;5;XD DIADEMA;5008;;;
MOBIS BRASIL FABRICACAO DE AUTO PECAS LT;RODOVIARIO;1517362;28/05/2026;3;344949;28/05/2026;NOBRE DISTRIBUIDORA DE VEIC. E PEC. LTDA;5,76E+12;SUZANO;SP;28/05/2026;01/06/2026;29/05/2026;Entregue No Prazo;;Entrega realizada;Entrega Finalizada;1;6;28;5;XD DIADEMA;26103;;;
MOBIS BRASIL FABRICACAO DE AUTO PECAS LT;RODOVIARIO;1517364;28/05/2026;31;344945;28/05/2026;H RACING GARAGE LTDA ;3,24E+13;COTIA;SP;28/05/2026;01/06/2026;29/05/2026;Entregue No Prazo;;Entrega realizada;Entrega Finalizada;1;6;28;5;XD DIADEMA;29944;;;
MOBIS BRASIL FABRICACAO DE AUTO PECAS LT;RODOVIARIO;1517298;28/05/2026;40;344936;28/05/2026;BDG AUTOVILLE VEICULOS LTDA;4,77E+13;CONTAGEM;MG;28/05/2026;02/06/2026;29/05/2026;Entregue No Prazo;;Entrega realizada;Entrega Finalizada;2;6;28;5;XD BETIM;11037;;;
MOBIS BRASIL FABRICACAO DE AUTO PECAS LT;RODOVIARIO;1517320;28/05/2026;3;345006;28/05/2026;BARI VEICULOS LTDA;7,46E+12;CURITIBA;PR;28/05/2026;02/06/2026;29/05/2026;Entregue No Prazo;;Entrega realizada;Entrega Finalizada;2;6;28;5;TRANSTRY;18024;;;
MOBIS BRASIL FABRICACAO DE AUTO PECAS LT;RODOVIARIO;1517344;28/05/2026;1;344995;28/05/2026;DHC COMERCIO DE VEICULOS E PECAS LTDA;9,52E+12;BAURU;SP;28/05/2026;02/06/2026;29/05/2026;Entregue No Prazo;;Entrega realizada;Entrega Finalizada;2;6;28;5;MVT;26010;;;
MOBIS BRASIL FABRICACAO DE AUTO PECAS LT;RODOVIARIO;1517345;28/05/2026;6;344995;28/05/2026;DHC COMERCIO DE VEICULOS E PECAS LTDA;9,52E+12;BAURU;SP;28/05/2026;02/06/2026;29/05/2026;Entregue No Prazo;;Entrega realizada;Entrega Finalizada;2;6;28;5;MVT;26010;;;
MOBIS BRASIL FABRICACAO DE AUTO PECAS LT;RODOVIARIO;1517346;28/05/2026;18;344991;28/05/2026;ANDRETA II DISTRIBUIDORA DE VEIC. LTDA;9,10E+12;CAMPINAS;SP;28/05/2026;02/06/2026;29/05/2026;Entregue No Prazo;Avaria;Entrega realizada;Entrega Finalizada;2;6;28;5;MVT;26011;;;
MOBIS BRASIL FABRICACAO DE AUTO PECAS LT;RODOVIARIO;1517347;28/05/2026;113;345000;28/05/2026;NEW VEICULOS E PECAS LTDA;1,59E+13;RIBEIRAO PRETO;SP;28/05/2026;02/06/2026;29/05/2026;Entregue No Prazo;1 volume faltante ;Entrega realizada;Entrega Finalizada;2;6;28;5;MVT;26014;;;
MOBIS BRASIL FABRICACAO DE AUTO PECAS LT;RODOVIARIO;1517355;28/05/2026;2;344992;28/05/2026;CAOA MOTOR DO BRASIL LTDA;1,68E+13;CAMPINAS;SP;28/05/2026;02/06/2026;29/05/2026;Entregue No Prazo;;Entrega realizada;Entrega Finalizada;2;6;28;5;MVT;5008;;;
MOBIS BRASIL FABRICACAO DE AUTO PECAS LT;RODOVIARIO;1517340;28/05/2026;5;344999;28/05/2026;HYMAX DISTRIBUIDORA DE VEICULOS LTDA;1,73E+13;MOGI GUACU;SP;28/05/2026;03/06/2026;29/05/2026;Entregue No Prazo;;Entrega realizada;Entrega Finalizada;3;6;28;5;MVT;26002;;;
MOBIS BRASIL FABRICACAO DE AUTO PECAS LT;RODOVIARIO;1517341;28/05/2026;3;344999;28/05/2026;HYMAX DISTRIBUIDORA DE VEICULOS LTDA;1,73E+13;MOGI GUACU;SP;28/05/2026;03/06/2026;29/05/2026;Entregue No Prazo;;Entrega realizada;Entrega Finalizada;3;6;28;5;MVT;26002;;;
MOBIS BRASIL FABRICACAO DE AUTO PECAS LT;RODOVIARIO;1517352;28/05/2026;6;344998;28/05/2026;H R B COMERCIO DE VEICULOS LTDA;1,82E+13;SAO JOSE DO RIO PRETO;SP;28/05/2026;03/06/2026;29/05/2026;Entregue No Prazo;;Entrega realizada;Entrega Finalizada;3;6;28;5;MVT;26050;;;
MOBIS BRASIL FABRICACAO DE AUTO PECAS LT;RODOVIARIO;1517358;28/05/2026;10;345136;29/05/2026;GRANDAY AUTOMOTORES LTDA (CHAC. CALIFOR);1,57E+13;SAO PAULO;SP;29/05/2026;02/06/2026;29/05/2026;Entregue No Prazo;;Entrega realizada;Entrega Finalizada;2;6;29;5;BV LOG;26090;;;
MOBIS BRASIL FABRICACAO DE AUTO PECAS LT;RODOVIARIO;1517852;28/05/2026;99;345135;29/05/2026;CHS MOTORS VEICULOS PECAS(VL. GUILHERME);1,69E+13;SAO PAULO;SP;29/05/2026;02/06/2026;29/05/2026;Entregue No Prazo;;Entrega realizada;Entrega Finalizada;2;6;29;5;BV LOG;26052;;;
MOBIS BRASIL FABRICACAO DE AUTO PECAS LT;RODOVIARIO;1517853;28/05/2026;39;345135;29/05/2026;CHS MOTORS VEICULOS PECAS(VL. GUILHERME);1,69E+13;SAO PAULO;SP;29/05/2026;02/06/2026;29/05/2026;Entregue No Prazo;;Entrega realizada;Entrega Finalizada;2;6;29;5;BV LOG;26052;;;
MOBIS BRASIL FABRICACAO DE AUTO PECAS LT;RODOVIARIO;1517860;28/05/2026;51;345135;29/05/2026;CHS MOTORS VEICULOS PECAS(VL. GUILHERME);1,69E+13;SAO PAULO;SP;29/05/2026;02/06/2026;29/05/2026;Entregue No Prazo;;Entrega realizada;Entrega Finalizada;2;6;29;5;BV LOG;26052;;;
MOBIS BRASIL FABRICACAO DE AUTO PECAS LT;RODOVIARIO;1536226;03/07/2026;35;350638;03/07/2026;LOVAT VEICULOS S/A;08570849000102;LONDRINA;PR;03/07/2026;09/07/2026;29/05/2026;Entregue No Prazo;;Entrega realizada;Entrega Finalizada;9;7;3;7;TRANSTRY;18008;Revolução Constitucionalista de 1932;Estadual;SP
MOBIS BRASIL FABRICACAO DE AUTO PECAS LT;RODOVIARIO;1536231;03/07/2026;6;350631;03/07/2026;BARI VEICULOS LTDA;07461763000693;PONTA GROSSA;PR;03/07/2026;09/07/2026;29/05/2026;Entregue No Prazo;;Entrega realizada;Entrega Finalizada;9;7;3;7;TRANSTRY;18024;Revolução Constitucionalista de 1932;Estadual;SP
MOBIS BRASIL FABRICACAO DE AUTO PECAS LT;RODOVIARIO;1536227;03/07/2026;4;350642;03/07/2026;SANTA FE VEICULOS LTDA.;1,16E+13;FRANCISCO BELTRAO;PR;03/07/2026;10/07/2026;29/05/2026;Entregue No Prazo;;Entrega realizada;Entrega Finalizada;10;7;3;7;TRANSTRY;18010;;;
MOBIS BRASIL FABRICACAO DE AUTO PECAS LT;RODOVIARIO;1536228;03/07/2026;33;350642;03/07/2026;SANTA FE VEICULOS LTDA.;1,16E+13;FRANCISCO BELTRAO;PR;03/07/2026;10/07/2026;29/05/2026;Entregue No Prazo;;Entrega realizada;Entrega Finalizada;10;7;3;7;TRANSTRY;18010;;;
MOBIS BRASIL FABRICACAO DE AUTO PECAS LT;RODOVIARIO;1536230;03/07/2026;3;350641;03/07/2026;SANTA FE COMERCIO DE VEICULOS S A.;1,16E+13;PATO BRANCO;PR;03/07/2026;10/07/2026;29/05/2026;Entregue No Prazo;;Entrega realizada;Entrega Finalizada;10;7;3;7;TRANSTRY;18014;;;
MOBIS BRASIL FABRICACAO DE AUTO PECAS LT;RODOVIARIO;1502104;29/04/2026;1;339990;29/04/2026;GRAND SPORT COM. DE VEIC. E PECAS LTDA;8,58E+12;SAO PAULO;SP;29/04/2026;05/05/2026;30/05/2026;Entregue No Prazo;;Entrega realizada;Entrega Finalizada;5;5;29;4;XD DIADEMA;26034;;;
MOBIS BRASIL FABRICACAO DE AUTO PECAS LT;RODOVIARIO;1502105;29/04/2026;3;339990;29/04/2026;GRAND SPORT COM. DE VEIC. E PECAS LTDA;8,58E+12;SAO PAULO;SP;29/04/2026;05/05/2026;30/05/2026;Entregue No Prazo;;Entrega realizada;Entrega Finalizada;5;5;29;4;XD DIADEMA;26034;;;
MOBIS BRASIL FABRICACAO DE AUTO PECAS LT;RODOVIARIO;1502107;29/04/2026;13;339986;29/04/2026;CHS MOTORS VEICULOS PECAS E SERV LTDA  ;1,69E+13;SAO PAULO;SP;29/04/2026;05/05/2026;30/05/2026;Entregue No Prazo;;Entrega realizada;Entrega Finalizada;5;5;29;4;XD DIADEMA;26037;;;
MOBIS BRASIL FABRICACAO DE AUTO PECAS LT;RODOVIARIO;1502129;29/04/2026;15;339984;29/04/2026;CHS MOTORS VEICULOS PECAS E SERV.  LTDA;1,69E+13;SAO PAULO;SP;29/04/2026;05/05/2026;30/05/2026;Entregue No Prazo;;Entrega realizada;Entrega Finalizada;5;5;29;4;XD DIADEMA;26108;;;
MOBIS BRASIL FABRICACAO DE AUTO PECAS LT;RODOVIARIO;1502130;29/04/2026;1;339982;29/04/2026;CAOA MOTOR DO BRASIL LTDA(RAP. TAVARES);1,68E+13;SAO PAULO;SP;29/04/2026;05/05/2026;30/05/2026;Entregue No Prazo;;Entrega realizada;Entrega Finalizada;5;5;29;4;XD DIADEMA;26109;;;
MOBIS BRASIL FABRICACAO DE AUTO PECAS LT;RODOVIARIO;1506732;08/05/2026;1;341542;08/05/2026;PATEO COMERCIO DE VEICULOS S A;7,78E+12;MANAUS;AM;08/05/2026;03/06/2026;30/05/2026;Entregue No Prazo;;Entrega realizada;Entrega Finalizada;3;6;8;5;CARVALIMA;3002;;;
MOBIS BRASIL FABRICACAO DE AUTO PECAS LT;RODOVIARIO;1506733;08/05/2026;5;341542;08/05/2026;PATEO COMERCIO DE VEICULOS S A;7,78E+12;MANAUS;AM;08/05/2026;03/06/2026;30/05/2026;Entregue No Prazo;;Entrega realizada;Entrega Finalizada;3;6;8;5;CARVALIMA;3002;;;
MOBIS BRASIL FABRICACAO DE AUTO PECAS LT;RODOVIARIO;1507370;11/05/2026;14;341763;11/05/2026;PATEO COMERCIO DE VEICULOS S A;7,78E+12;MANAUS;AM;11/05/2026;04/06/2026;30/05/2026;Entregue No Prazo;;Entrega realizada;Entrega Finalizada;4;6;11;5;CARVALIMA;3002;;;
MOBIS BRASIL FABRICACAO DE AUTO PECAS LT;RODOVIARIO;1508056;12/05/2026;4;342007;12/05/2026;PATEO COMERCIO DE VEICULOS S A;7,78E+12;MANAUS;AM;12/05/2026;05/06/2026;30/05/2026;Entregue No Prazo;;Entrega realizada;Entrega Finalizada;5;6;12;5;CARVALIMA;3002;;;
MOBIS BRASIL FABRICACAO DE AUTO PECAS LT;RODOVIARIO;1511190;18/05/2026;3;342909;18/05/2026;PATEO COMERCIO DE VEICULOS S A;7,78E+12;MANAUS;AM;18/05/2026;11/06/2026;30/05/2026;Entregue No Prazo;;Entrega realizada;Entrega Finalizada;11;6;18;5;CARVALIMA;3002;;;
MOBIS BRASIL FABRICACAO DE AUTO PECAS LT;RODOVIARIO;1511191;18/05/2026;5;342909;18/05/2026;PATEO COMERCIO DE VEICULOS S A;7,78E+12;MANAUS;AM;18/05/2026;11/06/2026;30/05/2026;Entregue No Prazo;;Entrega realizada;Entrega Finalizada;11;6;18;5;CARVALIMA;3002;;;
MOBIS BRASIL FABRICACAO DE AUTO PECAS LT;RODOVIARIO;1512172;19/05/2026;7;343146;19/05/2026;SAINT LAND COMERCIO DE VEICULOS LTDA;1,04E+13;NATAL;RN;19/05/2026;03/06/2026;30/05/2026;Entregue No Prazo;;Entrega realizada;Entrega Finalizada;3;6;19;5;TERMACO;6010;;;
MOBIS BRASIL FABRICACAO DE AUTO PECAS LT;RODOVIARIO;1512113;19/05/2026;2;343141;19/05/2026;PATEO COMERCIO DE VEICULOS S A;7,78E+12;MANAUS;AM;19/05/2026;12/06/2026;30/05/2026;Entregue No Prazo;;Entrega realizada;Entrega Finalizada;12;6;19;5;CARVALIMA;3002;;;
MOBIS BRASIL FABRICACAO DE AUTO PECAS LT;RODOVIARIO;1514259;21/05/2026;1;343811;21/05/2026;MISO VEICULOS LTDA;1,85E+13;SANTAREM;PA;21/05/2026;04/06/2026;30/05/2026;Entregue No Prazo;;Entrega realizada;Entrega Finalizada;4;6;21;5;CARVALIMA;4001;;;
MOBIS BRASIL FABRICACAO DE AUTO PECAS LT;RODOVIARIO;1517300;28/05/2026;2;344968;28/05/2026;GOLDEN MOTORS VEICULOS LTDA;3,62E+12;TRES LAGOAS;MS;28/05/2026;05/06/2026;30/05/2026;Entregue No Prazo;;Entrega realizada;Entrega Finalizada;5;6;28;5;CARVALIMA;12001;;;
MOBIS BRASIL FABRICACAO DE AUTO PECAS LT;RODOVIARIO;1502540;29/04/2026;2;340259;29/04/2026;PATEO COMERCIO DE VEICULOS S A;7,78E+12;SALVADOR;BA;29/04/2026;13/05/2026;01/06/2026;Entregue Fora do Prazo;Extravio;NF extraviada;Entrega Finalizada;13;5;29;4;TERMACO;5003;;;
MOBIS BRASIL FABRICACAO DE AUTO PECAS LT;RODOVIARIO;1505019;06/05/2026;2;341047;06/05/2026;MISO VEICULOS LTDA;1,85E+13;MACAPA;AP;06/05/2026;27/05/2026;01/06/2026;Entregue Fora do Prazo;;Entrega realizada;Entrega Finalizada;27;5;6;5;CARVALIMA;4001;;;
MOBIS BRASIL FABRICACAO DE AUTO PECAS LT;RODOVIARIO;1512115;19/05/2026;10;343139;19/05/2026;PATEO COMERCIO DE VEICULOS S A;7,78E+12;SALVADOR;BA;19/05/2026;29/05/2026;01/06/2026;Entregue Fora do Prazo;Extravio;NF extraviada;Entrega Finalizada;29;5;19;5;TERMACO;5003;;;
MOBIS BRASIL FABRICACAO DE AUTO PECAS LT;RODOVIARIO;1512116;19/05/2026;4;343126;19/05/2026;FAZZA MOTORS COMERCIO DE VEICULOS LTDA;1,24E+13;SALVADOR;BA;19/05/2026;29/05/2026;01/06/2026;Entregue No Prazo;;Entrega realizada;Entrega Finalizada;29;5;19;5;TERMACO;5007;;;
MOBIS BRASIL FABRICACAO DE AUTO PECAS LT;RODOVIARIO;1512158;19/05/2026;3;343129;19/05/2026;GREEN CITY VEICULOS LTDA;2,10E+13;TERESINA;PI;19/05/2026;04/06/2026;01/06/2026;Entregue No Prazo;;Entrega realizada;Entrega Finalizada;4;6;19;5;TERMACO;17002;;;
MOBIS BRASIL FABRICACAO DE AUTO PECAS LT;RODOVIARIO;1512159;19/05/2026;2;343129;19/05/2026;GREEN CITY VEICULOS LTDA;2,10E+13;TERESINA;PI;19/05/2026;04/06/2026;01/06/2026;Entregue No Prazo;;Entrega realizada;Entrega Finalizada;4;6;19;5;TERMACO;17002;;;
MOBIS BRASIL FABRICACAO DE AUTO PECAS LT;RODOVIARIO;1512160;19/05/2026;2;343128;19/05/2026;GREEN CITY VEICULOS LTDA;2,10E+13;TERESINA;PI;19/05/2026;04/06/2026;01/06/2026;Entregue No Prazo;;Entrega realizada;Entrega Finalizada;4;6;19;5;TERMACO;17002;;;
MOBIS BRASIL FABRICACAO DE AUTO PECAS LT;RODOVIARIO;1512928;20/05/2026;7;343293;20/05/2026;PRIVILLEGE DISTRIBUIDORA DE VEICULOS LTD;1,72E+13;ARAGUAINA;TO;20/05/2026;03/06/2026;01/06/2026;Entregue No Prazo;;Entrega realizada;Entrega Finalizada;3;6;20;5;RIO VERMELHO;27002;;;
MOBIS BRASIL FABRICACAO DE AUTO PECAS LT;RODOVIARIO;1512841;20/05/2026;1;343304;20/05/2026;AIKON VEICULOS LTDA;1,17E+13;ITABUNA;BA;20/05/2026;04/06/2026;01/06/2026;Entregue No Prazo;;Entrega realizada;Entrega Finalizada;4;6;20;5;TERMACO;5002;;;
MOBIS BRASIL FABRICACAO DE AUTO PECAS LT;RODOVIARIO;1512868;20/05/2026;1;343329;20/05/2026;PATEO COMERCIO DE VEICULOS S A;7,78E+12;JOAO PESSOA;PB;20/05/2026;04/06/2026;01/06/2026;Entregue No Prazo;;Entrega realizada;Entrega Finalizada;4;6;20;5;TERMACO;15003;;;
MOBIS BRASIL FABRICACAO DE AUTO PECAS LT;RODOVIARIO;1512842;20/05/2026;1;343340;20/05/2026;VIA NORTE COM. E IMPORT. DE VEIC. LTDA;1,25E+13;SOBRAL;CE;20/05/2026;05/06/2026;01/06/2026;Entregue No Prazo;;Entrega realizada;Entrega Finalizada;5;6;20;5;TERMACO;6002;;;
MOBIS BRASIL FABRICACAO DE AUTO PECAS LT;RODOVIARIO;1512873;20/05/2026;4;343306;20/05/2026;AUTORAC VEICULOS LTDA;1,06E+13;PETROLINA;PE;20/05/2026;05/06/2026;01/06/2026;Entregue No Prazo;;Entrega realizada;Entrega Finalizada;5;6;20;5;TERMACO;16001;;;
MOBIS BRASIL FABRICACAO DE AUTO PECAS LT;RODOVIARIO;1512874;20/05/2026;18;343318;20/05/2026;GREEN CITY VEICULOS LTDA;2,10E+13;TERESINA;PI;20/05/2026;05/06/2026;01/06/2026;Entregue No Prazo;;Entrega realizada;Entrega Finalizada;5;6;20;5;TERMACO;17002;;;
MOBIS BRASIL FABRICACAO DE AUTO PECAS LT;RODOVIARIO;1512889;20/05/2026;1;343325;20/05/2026;ORIENTE AUTOMOVEIS LTDA;1,33E+13;PARNAMIRIM;RN;20/05/2026;05/06/2026;01/06/2026;Entregue No Prazo;;Entrega realizada;Entrega Finalizada;5;6;20;5;TERMACO;20001;;;
MOBIS BRASIL FABRICACAO DE AUTO PECAS LT;RODOVIARIO;1513712;21/05/2026;1;343555;21/05/2026;PRIVILLEGE DISTRIBUIDORA DE VEICULOS LTD;1,72E+13;PALMAS;TO;21/05/2026;01/06/2026;01/06/2026;Entregue No Prazo;;01/06 Em rota de entrega;Entrega Finalizada;1;6;21;5;RIO VERMELHO;27003;;;
MOBIS BRASIL FABRICACAO DE AUTO PECAS LT;RODOVIARIO;1514313;21/05/2026;2;343741;21/05/2026;PRIVILLEGE DISTRIBUIDORA DE VEICULOS LTD;1,72E+13;PALMAS;TO;21/05/2026;01/06/2026;01/06/2026;Entregue No Prazo;;01/06 Em rota de entrega;Entrega Finalizada;1;6;21;5;RIO VERMELHO;27003;;;
MOBIS BRASIL FABRICACAO DE AUTO PECAS LT;RODOVIARIO;1513602;21/05/2026;2;343606;21/05/2026;FAZZA MOTORS COMERCIO DE VEICULOS LTDA;1,24E+13;SALVADOR;BA;21/05/2026;02/06/2026;01/06/2026;Entregue No Prazo;;Entrega realizada;Entrega Finalizada;2;6;21;5;TERMACO;5007;;;
MOBIS BRASIL FABRICACAO DE AUTO PECAS LT;RODOVIARIO;1513618;21/05/2026;1;343565;21/05/2026;URCA MOTORS VEICULOS LTDA;8,77E+12;RIO VERDE;GO;21/05/2026;02/06/2026;01/06/2026;Entregue No Prazo;;Entrega realizada;Entrega Finalizada;2;6;21;5;RIO VERMELHO;9014;;;
MOBIS BRASIL FABRICACAO DE AUTO PECAS LT;RODOVIARIO;1514227;21/05/2026;2;343815;21/05/2026;PATEO COMERCIO DE VEICULOS S A;7,78E+12;SALVADOR;BA;21/05/2026;02/06/2026;01/06/2026;Entregue No Prazo;;Entrega realizada;Entrega Finalizada;2;6;21;5;TERMACO;5003;;;
MOBIS BRASIL FABRICACAO DE AUTO PECAS LT;RODOVIARIO;1514228;21/05/2026;5;343806;21/05/2026;FAZZA MOTORS COMERCIO DE VEICULOS LTDA;1,24E+13;SALVADOR;BA;21/05/2026;02/06/2026;01/06/2026;Entregue No Prazo;;Entrega realizada;Entrega Finalizada;2;6;21;5;TERMACO;5007;;;
MOBIS BRASIL FABRICACAO DE AUTO PECAS LT;RODOVIARIO;1514187;21/05/2026;11;343627;21/05/2026;SEVEL VEICULOS LTDA;1,07E+13;ARACAJU;SE;21/05/2026;03/06/2026;01/06/2026;Entregue No Prazo;;Entrega realizada;Entrega Finalizada;3;6;21;5;TERMACO;25001;;;
MOBIS BRASIL FABRICACAO DE AUTO PECAS LT;RODOVIARIO;1514318;21/05/2026;12;343823;21/05/2026;SEVEL VEICULOS LTDA;1,07E+13;ARACAJU;SE;21/05/2026;03/06/2026;01/06/2026;Entregue No Prazo;;Entrega realizada;Entrega Finalizada;3;6;21;5;TERMACO;25001;;;
MOBIS BRASIL FABRICACAO DE AUTO PECAS LT;RODOVIARIO;1513606;21/05/2026;1;343597;21/05/2026;CAOA MOTOR DO BRASIL LTDA;1,68E+13;FORTALEZA;CE;21/05/2026;04/06/2026;01/06/2026;Entregue No Prazo;;Entrega realizada;Entrega Finalizada;4;6;21;5;TERMACO;5008;;;
MOBIS BRASIL FABRICACAO DE AUTO PECAS LT;RODOVIARIO;1514242;21/05/2026;1;343749;21/05/2026;TRIAUTO KOREA AUTOMOVEIS LTDA;4,99E+13;CATALAO;GO;21/05/2026;04/06/2026;01/06/2026;Entregue No Prazo;;Entrega realizada;Entrega Finalizada;4;6;21;5;RIO VERMELHO;9018;;;
MOBIS BRASIL FABRICACAO DE AUTO PECAS LT;RODOVIARIO;1513603;21/05/2026;1;343593;21/05/2026;AIKON VEICULOS LTDA;1,17E+13;ITABUNA;BA;21/05/2026;05/06/2026;01/06/2026;Entregue No Prazo;;Entrega realizada;Entrega Finalizada;5;6;21;5;TERMACO;5002;;;
MOBIS BRASIL FABRICACAO DE AUTO PECAS LT;RODOVIARIO;1513621;21/05/2026;1;343620;21/05/2026;PATEO COMERCIO DE VEICULOS S A;7,78E+12;SAO LUIS;MA;21/05/2026;05/06/2026;01/06/2026;Entregue No Prazo;;Entrega realizada;Entrega Finalizada;5;6;21;5;TERMACO;10002;;;
MOBIS BRASIL FABRICACAO DE AUTO PECAS LT;RODOVIARIO;1513641;21/05/2026;12;343621;21/05/2026;PATEO COMERCIO DE VEICULOS S A;7,78E+12;JOAO PESSOA;PB;21/05/2026;05/06/2026;01/06/2026;Entregue No Prazo;;Entrega realizada;Entrega Finalizada;5;6;21;5;TERMACO;15003;;;
MOBIS BRASIL FABRICACAO DE AUTO PECAS LT;RODOVIARIO;1513643;21/05/2026;3;343622;21/05/2026;PATEO COMERCIO DE VEICULOS S A;7,78E+12;RECIFE;PE;21/05/2026;05/06/2026;01/06/2026;Entregue No Prazo;;Entrega realizada;Entrega Finalizada;5;6;21;5;TERMACO;16004;;;
MOBIS BRASIL FABRICACAO DE AUTO PECAS LT;RODOVIARIO;1514261;21/05/2026;2;343818;21/05/2026;PATEO COMERCIO DE VEICULOS S A;7,78E+12;JOAO PESSOA;PB;21/05/2026;05/06/2026;01/06/2026;Entregue No Prazo;;Entrega realizada;Entrega Finalizada;5;6;21;5;TERMACO;15003;;;
MOBIS BRASIL FABRICACAO DE AUTO PECAS LT;RODOVIARIO;1514263;21/05/2026;1;343814;21/05/2026;PATEO COMERCIO DE VEICULOS S A;7,78E+12;RECIFE;PE;21/05/2026;05/06/2026;01/06/2026;Entregue No Prazo;;Entrega realizada;Entrega Finalizada;5;6;21;5;TERMACO;16004;;;
MOBIS BRASIL FABRICACAO DE AUTO PECAS LT;RODOVIARIO;1513605;21/05/2026;2;343634;21/05/2026;VIA NORTE COM. E IMPORT. DE VEIC. LTDA;1,25E+13;SOBRAL;CE;21/05/2026;08/06/2026;01/06/2026;Entregue No Prazo;;Entrega realizada;Entrega Finalizada;8;6;21;5;TERMACO;6002;;;
MOBIS BRASIL FABRICACAO DE AUTO PECAS LT;RODOVIARIO;1513645;21/05/2026;2;343594;21/05/2026;AUTORAC VEICULOS LTDA;1,06E+13;PETROLINA;PE;21/05/2026;08/06/2026;01/06/2026;Entregue No Prazo;;Entrega realizada;Entrega Finalizada;8;6;21;5;TERMACO;16001;;;
MOBIS BRASIL FABRICACAO DE AUTO PECAS LT;RODOVIARIO;1514224;21/05/2026;3;343826;21/05/2026;ULSAN COMERCIO DE VEICULOS LTDA;2,10E+13;RIO BRANCO;AC;21/05/2026;09/06/2026;01/06/2026;Entregue No Prazo;;;Entrega Finalizada;9;6;21;5;CARVALIMA;21004;;;
MOBIS BRASIL FABRICACAO DE AUTO PECAS LT;RODOVIARIO;1515562;25/05/2026;14;344004;25/05/2026;NOBRE DISTRIBUIDORA DE VEICULOS E PECAS;5,76E+12;MOGI DAS CRUZES;SP;25/05/2026;27/05/2026;01/06/2026;Entregue Fora do Prazo;;Entrega realizada;Entrega Finalizada;27;5;25;5;MVT;26004;;;
MOBIS BRASIL FABRICACAO DE AUTO PECAS LT;RODOVIARIO;1515520;25/05/2026;1;344043;25/05/2026;SAGA ASIA COM. DE VEIC.PC.E SERV. LTDA;2,23E+13;VARZEA GRANDE;MT;25/05/2026;03/06/2026;01/06/2026;Entregue No Prazo;;Entrega realizada;Entrega Finalizada;3;6;25;5;CARVALIMA;13004;;;
MOBIS BRASIL FABRICACAO DE AUTO PECAS LT;RODOVIARIO;1515521;25/05/2026;2;344050;25/05/2026;UNIQUE COMERCIO DE AUTOMOVEIS LTDA;1,74E+13;ANANINDEUA;PA;25/05/2026;05/06/2026;01/06/2026;Entregue No Prazo;;Entrega realizada;Entrega Finalizada;5;6;25;5;CARVALIMA;14003;;;
MOBIS BRASIL FABRICACAO DE AUTO PECAS LT;RODOVIARIO;1516397;26/05/2026;1;344253;26/05/2026;NOBRE DISTRIBUIDORA DE VEICULOS E PECAS;5,76E+12;MOGI DAS CRUZES;SP;26/05/2026;28/05/2026;01/06/2026;Entregue Fora do Prazo;;Entrega realizada;Entrega Finalizada;28;5;26;5;MVT;26004;;;
MOBIS BRASIL FABRICACAO DE AUTO PECAS LT;RODOVIARIO;1516384;26/05/2026;4;344322;26/05/2026;HOUSE PARTS-COM. DE PCS. E VEICULOS LTDA;1,15E+13;PORTO ALEGRE;RS;26/05/2026;01/06/2026;01/06/2026;Entregue No Prazo;;Entrega realizada;Entrega Finalizada;1;6;26;5;TRANSTRY;23004;;;
MOBIS BRASIL FABRICACAO DE AUTO PECAS LT;RODOVIARIO;1516407;26/05/2026;3;344263;26/05/2026;GOLDEN MOTORS VEICULOS LTDA;3,62E+12;ARACATUBA;SP;26/05/2026;01/06/2026;01/06/2026;Entregue No Prazo;;Entrega realizada;Entrega Finalizada;1;6;26;5;XD DIADEMA;12001;;;
MOBIS BRASIL FABRICACAO DE AUTO PECAS LT;RODOVIARIO;1516412;26/05/2026;2;344246;26/05/2026;DESTAQUE SEUL DISTR DE VEIC PEC LTDA;2,12E+13;CARAGUATATUBA;SP;26/05/2026;01/06/2026;01/06/2026;Entregue No Prazo;;Entrega realizada;Entrega Finalizada;1;6;26;5;MVT;26082;;;
MOBIS BRASIL FABRICACAO DE AUTO PECAS LT;RODOVIARIO;1516375;26/05/2026;16;344328;26/05/2026;VETOR AUTOMOVEIS LTDA;2,12E+13;FOZ DO IGUACU;PR;26/05/2026;02/06/2026;01/06/2026;Entregue No Prazo;;Entrega realizada;Entrega Finalizada;2;6;26;5;TRANSTRY;18019;;;
MOBIS BRASIL FABRICACAO DE AUTO PECAS LT;RODOVIARIO;1516386;26/05/2026;5;344320;26/05/2026;GAMBATTO H1 VEICULOS LTDA;1,94E+13;PASSO FUNDO;RS;26/05/2026;02/06/2026;01/06/2026;Entregue No Prazo;;Entrega realizada;Entrega Finalizada;2;6;26;5;TRANSTRY;23015;;;
MOBIS BRASIL FABRICACAO DE AUTO PECAS LT;RODOVIARIO;1516338;26/05/2026;7;344272;26/05/2026;SMAFF IMPORT VEICULOS LTDA;8,18E+12;BRASILIA;DF;26/05/2026;03/06/2026;01/06/2026;Entregue No Prazo;;Entrega realizada;Entrega Finalizada;3;6;26;5;RIO VERMELHO;7002;;;
MOBIS BRASIL FABRICACAO DE AUTO PECAS LT;RODOVIARIO;1516339;26/05/2026;1;344273;26/05/2026;SMAFF IMPORT VEICULOS LTDA;8,18E+12;BRASILIA;DF;26/05/2026;03/06/2026;01/06/2026;Entregue No Prazo;;01/06 Em rota de entrega;Entrega Finalizada;3;6;26;5;RIO VERMELHO;7002;;;
MOBIS BRASIL FABRICACAO DE AUTO PECAS LT;RODOVIARIO;1516340;26/05/2026;1;344269;26/05/2026;SAGA KOREA COM. DE VEIC. E PC. LTDA;1,27E+13;BRASILIA;DF;26/05/2026;03/06/2026;01/06/2026;Entregue No Prazo;;Entrega realizada;Entrega Finalizada;3;6;26;5;RIO VERMELHO;7004;;;
MOBIS BRASIL FABRICACAO DE AUTO PECAS LT;RODOVIARIO;1516341;26/05/2026;1;344270;26/05/2026;SAGA KOREA COM. DE VEIC. E PC. LTDA;1,27E+13;BRASILIA;DF;26/05/2026;03/06/2026;01/06/2026;Entregue No Prazo;;Entrega realizada;Entrega Finalizada;3;6;26;5;RIO VERMELHO;7005;;;
MOBIS BRASIL FABRICACAO DE AUTO PECAS LT;RODOVIARIO;1516387;26/05/2026;6;344318;26/05/2026;CHINHAN AUTOMOVEIS LTDA;2,41E+13;ERECHIM;RS;26/05/2026;03/06/2026;01/06/2026;Entregue No Prazo;;Entrega realizada;Entrega Finalizada;3;6;26;5;TRANSTRY;23019;;;
MOBIS BRASIL FABRICACAO DE AUTO PECAS LT;RODOVIARIO;1516357;26/05/2026;5;344282;26/05/2026;COMETA MATO GROSSO COM. DE VEICULOS LTDA;1,54E+13;SINOP;MT;26/05/2026;05/06/2026;01/06/2026;Entregue No Prazo;;Entrega realizada;Entrega Finalizada;5;6;26;5;CARVALIMA;13003;;;
MOBIS BRASIL FABRICACAO DE AUTO PECAS LT;RODOVIARIO;1516358;26/05/2026;3;344311;26/05/2026;UNIQUE COMERCIO DE AUTOMOVEIS LTDA;1,74E+13;ANANINDEUA;PA;26/05/2026;08/06/2026;01/06/2026;Entregue No Prazo;;Entrega realizada;Entrega Finalizada;8;6;26;5;CARVALIMA;14003;;;
MOBIS BRASIL FABRICACAO DE AUTO PECAS LT;RODOVIARIO;1516345;26/05/2026;3;344275;26/05/2026;TRIAUTO KOREA AUTOMOVEIS LTDA;4,99E+13;CATALAO;GO;26/05/2026;09/06/2026;01/06/2026;Entregue No Prazo;;Entrega realizada;Entrega Finalizada;9;6;26;5;RIO VERMELHO;9018;;;
MOBIS BRASIL FABRICACAO DE AUTO PECAS LT;RODOVIARIO;1516682;27/05/2026;2;344607;27/05/2026;SEVEC VEICULOS LTDA;5,68E+11;CURITIBA;PR;27/05/2026;01/06/2026;01/06/2026;Entregue No Prazo;;Entrega realizada;Entrega Finalizada;1;6;27;5;TRANSTRY;18012;;;
MOBIS BRASIL FABRICACAO DE AUTO PECAS LT;RODOVIARIO;1516658;27/05/2026;5;344546;27/05/2026;IMOTORS VEICULOS LTDA;7,17E+12;JUIZ DE FORA;MG;27/05/2026;02/06/2026;01/06/2026;Entregue No Prazo;;Entrega realizada;Entrega Finalizada;2;6;27;5;XD BETIM;11010;;;
MOBIS BRASIL FABRICACAO DE AUTO PECAS LT;RODOVIARIO;1516726;27/05/2026;9;344527;27/05/2026;DESTAQUE SEUL DISTR DE VEIC PEC LTDA;2,12E+13;CARAGUATATUBA;SP;27/05/2026;02/06/2026;01/06/2026;Entregue No Prazo;;Entrega realizada;Entrega Finalizada;2;6;27;5;MVT;26082;;;
MOBIS BRASIL FABRICACAO DE AUTO PECAS LT;RODOVIARIO;1516727;27/05/2026;2;344527;27/05/2026;DESTAQUE SEUL DISTR DE VEIC PEC LTDA;2,12E+13;CARAGUATATUBA;SP;27/05/2026;02/06/2026;01/06/2026;Entregue No Prazo;;Entrega realizada;Entrega Finalizada;2;6;27;5;MVT;26082;;;
MOBIS BRASIL FABRICACAO DE AUTO PECAS LT;RODOVIARIO;1516649;27/05/2026;6;344585;27/05/2026;TAI MOTORS VEICULOS S/A;9,27E+12;VITORIA;ES;27/05/2026;03/06/2026;01/06/2026;Entregue No Prazo;;Entrega realizada;Entrega Finalizada;3;6;27;5;CAMILO;8002;;;
MOBIS BRASIL FABRICACAO DE AUTO PECAS LT;RODOVIARIO;1516657;27/05/2026;1;344554;27/05/2026;TOKSU COMERCIO DE VEICULOS LTDA;1,12E+13;BARBACENA;MG;27/05/2026;03/06/2026;01/06/2026;Entregue No Prazo;;Entrega realizada;Entrega Finalizada;3;6;27;5;XD BETIM;11008;;;
MOBIS BRASIL FABRICACAO DE AUTO PECAS LT;RODOVIARIO;1516659;27/05/2026;1;344558;27/05/2026;VITAL COMERCIO DE VEICULOS LTDA;1,05E+13;GOVERNADOR VALADARES;MG;27/05/2026;03/06/2026;01/06/2026;Entregue No Prazo;;Entrega realizada;Entrega Finalizada;3;6;27;5;XD BETIM;11016;;;
MOBIS BRASIL FABRICACAO DE AUTO PECAS LT;RODOVIARIO;1516697;27/05/2026;15;344589;27/05/2026;ATUAL VEICULOS LTDA;1,33E+13;TUBARAO;SC;27/05/2026;03/06/2026;01/06/2026;Entregue No Prazo;;Entrega realizada;Entrega Finalizada;3;6;27;5;TRANSTRY;24001;;;
MOBIS BRASIL FABRICACAO DE AUTO PECAS LT;RODOVIARIO;1516702;27/05/2026;1;344605;27/05/2026;PONTO CERTO COMERCIO DE VEICULOS LTDA;1,50E+13;LAGES;SC;27/05/2026;03/06/2026;01/06/2026;Entregue No Prazo;;Entrega realizada;Entrega Finalizada;3;6;27;5;TRANSTRY;24017;;;
MOBIS BRASIL FABRICACAO DE AUTO PECAS LT;RODOVIARIO;1516647;27/05/2026;1;344552;27/05/2026;SMAFF IMPORT VEICULOS LTDA;8,18E+12;BRASILIA;DF;27/05/2026;04/06/2026;01/06/2026;Entregue No Prazo;;Entrega realizada;Entrega Finalizada;4;6;27;5;RIO VERMELHO;7002;;;
MOBIS BRASIL FABRICACAO DE AUTO PECAS LT;RODOVIARIO;1516648;27/05/2026;1;344551;27/05/2026;SMAFF IMPORT VEICULOS LTDA;8,18E+12;BRASILIA;DF;27/05/2026;04/06/2026;01/06/2026;Entregue No Prazo;;Entrega realizada;Entrega Finalizada;4;6;27;5;RIO VERMELHO;7002;;;
MOBIS BRASIL FABRICACAO DE AUTO PECAS LT;RODOVIARIO;1516651;27/05/2026;1;344584;27/05/2026;TAI MOTORS VEICULOS S/A;9,27E+12;COLATINA;ES;27/05/2026;04/06/2026;01/06/2026;Entregue No Prazo;;Entrega realizada;Entrega Finalizada;4;6;27;5;CAMILO;8002;;;
MOBIS BRASIL FABRICACAO DE AUTO PECAS LT;RODOVIARIO;1516652;27/05/2026;2;344547;27/05/2026;NISA COMERCIAL DE VEIC. AUTOMOTORES LTDA;1,03E+13;APARECIDA DE GOIANIA;GO;27/05/2026;04/06/2026;01/06/2026;Entregue No Prazo;;Entrega realizada;Entrega Finalizada;4;6;27;5;RIO VERMELHO;9002;;;
MOBIS BRASIL FABRICACAO DE AUTO PECAS LT;RODOVIARIO;1516653;27/05/2026;1;344550;27/05/2026;SAGA KOREA COM. DE VEIC. E PC. LTDA;1,27E+13;GOIANIA;GO;27/05/2026;04/06/2026;01/06/2026;Entregue No Prazo;;01/06 Em rota de entrega;Entrega Finalizada;4;6;27;5;RIO VERMELHO;9011;;;
MOBIS BRASIL FABRICACAO DE AUTO PECAS LT;RODOVIARIO;1516654;27/05/2026;34;344550;27/05/2026;SAGA KOREA COM. DE VEIC. E PC. LTDA;1,27E+13;GOIANIA;GO;27/05/2026;04/06/2026;01/06/2026;Entregue No Prazo;;01/06 Em rota de entrega;Entrega Finalizada;4;6;27;5;RIO VERMELHO;9011;;;
MOBIS BRASIL FABRICACAO DE AUTO PECAS LT;RODOVIARIO;1516694;27/05/2026;1;344604;27/05/2026;NAZARETH VEICULOS LTDA;9,30E+12;IJUI;RS;27/05/2026;04/06/2026;01/06/2026;Entregue No Prazo;;Entrega realizada;Entrega Finalizada;4;6;27;5;TRANSTRY;23021;;;
MOBIS BRASIL FABRICACAO DE AUTO PECAS LT;RODOVIARIO;1516695;27/05/2026;2;344604;27/05/2026;NAZARETH VEICULOS LTDA;9,30E+12;IJUI;RS;27/05/2026;04/06/2026;01/06/2026;Entregue No Prazo;;Entrega realizada;Entrega Finalizada;4;6;27;5;TRANSTRY;23021;;;
MOBIS BRASIL FABRICACAO DE AUTO PECAS LT;RODOVIARIO;1516703;27/05/2026;2;344597;27/05/2026;CHINHAN AUTOMOVEIS LTDA;2,41E+13;CONCORDIA;SC;27/05/2026;04/06/2026;01/06/2026;Entregue No Prazo;;Entrega realizada;Entrega Finalizada;4;6;27;5;TRANSTRY;23019;;;
MOBIS BRASIL FABRICACAO DE AUTO PECAS LT;RODOVIARIO;1516655;27/05/2026;3;344556;27/05/2026;URCA MOTORS VEICULOS LTDA;8,77E+12;RIO VERDE;GO;27/05/2026;08/06/2026;01/06/2026;Entregue No Prazo;;Entrega realizada;Entrega Finalizada;8;6;27;5;RIO VERMELHO;9014;;;
MOBIS BRASIL FABRICACAO DE AUTO PECAS LT;RODOVIARIO;1516666;27/05/2026;1;344564;27/05/2026;COMETA MATO GROSSO COM. DE VEICULOS LTDA;1,54E+13;RONDONOPOLIS;MT;27/05/2026;08/06/2026;01/06/2026;Entregue No Prazo;;Entrega realizada;Entrega Finalizada;8;6;27;5;CARVALIMA;13006;;;
MOBIS BRASIL FABRICACAO DE AUTO PECAS LT;RODOVIARIO;1517342;28/05/2026;2;344937;28/05/2026;BILLY DISTRIBUIDORA DE VEICULOS LTDA;1,34E+13;BARUERI;SP;28/05/2026;01/06/2026;01/06/2026;Entregue No Prazo;;Entrega realizada;Entrega Finalizada;1;6;28;5;XD DIADEMA;26003;;;
MOBIS BRASIL FABRICACAO DE AUTO PECAS LT;RODOVIARIO;1517294;28/05/2026;9;344957;28/05/2026;TAI MOTORS VEICULOS S/A;9,27E+12;BELO HORIZONTE;MG;28/05/2026;02/06/2026;01/06/2026;Entregue No Prazo;;Entrega realizada;Entrega Finalizada;2;6;28;5;XD BETIM;8002;;;
MOBIS BRASIL FABRICACAO DE AUTO PECAS LT;RODOVIARIO;1517295;28/05/2026;17;344941;28/05/2026;CARBEL KOREA VEICULOS LTDA;2,07E+13;BELO HORIZONTE;MG;28/05/2026;02/06/2026;01/06/2026;Entregue No Prazo;;Entrega realizada;Entrega Finalizada;2;6;28;5;XD BETIM;11021;;;
MOBIS BRASIL FABRICACAO DE AUTO PECAS LT;RODOVIARIO;1517315;28/05/2026;62;345020;28/05/2026;SEVEC VEICULOS LTDA;5,68E+11;CURITIBA;PR;28/05/2026;02/06/2026;01/06/2026;Entregue No Prazo;;Entrega realizada;Entrega Finalizada;2;6;28;5;TRANSTRY;18012;;;
MOBIS BRASIL FABRICACAO DE AUTO PECAS LT;RODOVIARIO;1517350;28/05/2026;2;344990;28/05/2026;ANDRETA II DISTRIB.DE VEICULOS LTDA.;9,10E+12;JUNDIAI;SP;28/05/2026;02/06/2026;01/06/2026;Entregue No Prazo;;Entrega realizada;Entrega Finalizada;2;6;28;5;MVT;26040;;;
MOBIS BRASIL FABRICACAO DE AUTO PECAS LT;RODOVIARIO;1517356;28/05/2026;2;344993;28/05/2026;DESTAQUE SEUL DISTR. DE VEIC. E PC. LTDA;2,12E+13;ATIBAIA;SP;28/05/2026;02/06/2026;01/06/2026;Entregue No Prazo;;Entrega realizada;Entrega Finalizada;2;6;28;5;MVT;26075;;;
MOBIS BRASIL FABRICACAO DE AUTO PECAS LT;RODOVIARIO;1517360;28/05/2026;1;344996;28/05/2026;H - CAMINHO AUTOMOVEIS LTDA;2,53E+13;LIMEIRA;SP;28/05/2026;02/06/2026;01/06/2026;Entregue No Prazo;;Entrega realizada;Entrega Finalizada;2;6;28;5;MVT;26092;;;
MOBIS BRASIL FABRICACAO DE AUTO PECAS LT;RODOVIARIO;1517361;28/05/2026;1;344996;28/05/2026;H - CAMINHO AUTOMOVEIS LTDA;2,53E+13;LIMEIRA;SP;28/05/2026;02/06/2026;01/06/2026;Entregue No Prazo;;Entrega realizada;Entrega Finalizada;2;6;28;5;MVT;26092;;;
MOBIS BRASIL FABRICACAO DE AUTO PECAS LT;RODOVIARIO;1517291;28/05/2026;3;344958;28/05/2026;URCA MOTORS VEICULOS LTDA;8,77E+12;UBERLANDIA;MG;28/05/2026;03/06/2026;01/06/2026;Entregue No Prazo;;Entrega realizada;Entrega Finalizada;3;6;28;5;XD BETIM;9014;;;
MOBIS BRASIL FABRICACAO DE AUTO PECAS LT;RODOVIARIO;1517292;28/05/2026;1;344946;28/05/2026;IMOTORS VEICULOS LTDA;7,17E+12;JUIZ DE FORA;MG;28/05/2026;03/06/2026;01/06/2026;Entregue No Prazo;;Entrega realizada;Entrega Finalizada;3;6;28;5;XD BETIM;11010;;;
MOBIS BRASIL FABRICACAO DE AUTO PECAS LT;RODOVIARIO;1517293;28/05/2026;1;344960;28/05/2026;URCA MOTORS VEICULOS LTDA;8,77E+12;UBERABA;MG;28/05/2026;03/06/2026;01/06/2026;Entregue No Prazo;;Entrega realizada;Entrega Finalizada;3;6;28;5;XD BETIM;9014;;;
MOBIS BRASIL FABRICACAO DE AUTO PECAS LT;RODOVIARIO;1517297;28/05/2026;1;344959;28/05/2026;URCA MOTORS VEICULOS LTDA;8,77E+12;PATOS DE MINAS;MG;28/05/2026;03/06/2026;01/06/2026;Entregue No Prazo;;Entrega realizada;Entrega Finalizada;3;6;28;5;XD BETIM;9014;;;
MOBIS BRASIL FABRICACAO DE AUTO PECAS LT;RODOVIARIO;1517313;28/05/2026;6;345017;28/05/2026;LOVAT VEICULOS S/A;8,57E+12;LONDRINA;PR;28/05/2026;03/06/2026;01/06/2026;Entregue No Prazo;;Entrega realizada;Entrega Finalizada;3;6;28;5;TRANSTRY;18008;;;
MOBIS BRASIL FABRICACAO DE AUTO PECAS LT;RODOVIARIO;1517318;28/05/2026;2;345008;28/05/2026;BARI VEICULOS LTDA;7,46E+12;GUARAPUAVA;PR;28/05/2026;03/06/2026;01/06/2026;Entregue No Prazo;;Entrega realizada;Entrega Finalizada;3;6;28;5;TRANSTRY;18024;;;
MOBIS BRASIL FABRICACAO DE AUTO PECAS LT;RODOVIARIO;1517319;28/05/2026;17;345005;28/05/2026;BARI VEICULOS LTDA;7,46E+12;PONTA GROSSA;PR;28/05/2026;03/06/2026;01/06/2026;Entregue No Prazo;;Entrega realizada;Entrega Finalizada;3;6;28;5;TRANSTRY;18024;;;
MOBIS BRASIL FABRICACAO DE AUTO PECAS LT;RODOVIARIO;1517357;28/05/2026;4;344994;28/05/2026;DESTAQUE SEUL DISTR DE VEIC PEC LTDA;2,12E+13;CARAGUATATUBA;SP;28/05/2026;03/06/2026;01/06/2026;Entregue No Prazo;;Entrega realizada;Entrega Finalizada;3;6;28;5;MVT;26082;;;
MOBIS BRASIL FABRICACAO DE AUTO PECAS LT;RODOVIARIO;1517359;28/05/2026;5;344997;28/05/2026;H - CAMINHO AUTOMOVEIS LTDA;2,53E+13;PIRACICABA;SP;28/05/2026;03/06/2026;01/06/2026;Entregue No Prazo;;Entrega realizada;Entrega Finalizada;3;6;28;5;MVT;26092;;;
MOBIS BRASIL FABRICACAO DE AUTO PECAS LT;RODOVIARIO;1517296;28/05/2026;4;344942;28/05/2026;GNC GRANDE COREIA MINAS GERAIS COMERCIO;4,27E+13;MONTES CLAROS;MG;28/05/2026;04/06/2026;01/06/2026;Entregue No Prazo;;Entrega realizada;Entrega Finalizada;4;6;28;5;XD BETIM;11035;;;
MOBIS BRASIL FABRICACAO DE AUTO PECAS LT;RODOVIARIO;1517299;28/05/2026;1;344951;28/05/2026;RITMO MOTORS LTDA;1,94E+13;PASSOS;MG;28/05/2026;04/06/2026;01/06/2026;Entregue No Prazo;;Entrega realizada;Entrega Finalizada;4;6;28;5;XD BETIM;11040;;;
MOBIS BRASIL FABRICACAO DE AUTO PECAS LT;RODOVIARIO;1517316;28/05/2026;1;345019;28/05/2026;SANTA FE COMERCIO DE VEICULOS S A.;1,16E+13;PATO BRANCO;PR;28/05/2026;04/06/2026;01/06/2026;Entregue No Prazo;;Entrega realizada;Entrega Finalizada;4;6;28;5;TRANSTRY;18014;;;
MOBIS BRASIL FABRICACAO DE AUTO PECAS LT;RODOVIARIO;1517317;28/05/2026;2;345021;28/05/2026;ZENDAI VEICULOS LTDA;1,97E+13;TOLEDO;PR;28/05/2026;04/06/2026;01/06/2026;Entregue No Prazo;;Entrega realizada;Entrega Finalizada;4;6;28;5;TRANSTRY;18016;;;
MOBIS BRASIL FABRICACAO DE AUTO PECAS LT;RODOVIARIO;1517322;28/05/2026;1;344989;28/05/2026;VIA VR VEICULOS LTDA;1,73E+13;VOLTA REDONDA;RJ;28/05/2026;04/06/2026;01/06/2026;Entregue No Prazo;;Entrega realizada;Entrega Finalizada;4;6;28;5;CAMILO;19016;;;
MOBIS BRASIL FABRICACAO DE AUTO PECAS LT;RODOVIARIO;1517338;28/05/2026;1;345009;28/05/2026;BARI VEICULOS LTDA;7,46E+12;BALNEARIO CAMBORIU;SC;28/05/2026;05/06/2026;01/06/2026;Entregue No Prazo;;Entrega realizada;Entrega Finalizada;5;6;28;5;TRANSTRY;18024;;;
MOBIS BRASIL FABRICACAO DE AUTO PECAS LT;RODOVIARIO;1518138;29/05/2026;1;345143;29/05/2026;CHS MOTORS VEICULOS PECAS E SERV LTDA  ;1,69E+13;SAO PAULO;SP;29/05/2026;02/06/2026;01/06/2026;Entregue No Prazo;;Entrega realizada;Entrega Finalizada;2;6;29;5;XD DIADEMA;26037;;;
MOBIS BRASIL FABRICACAO DE AUTO PECAS LT;RODOVIARIO;1518139;29/05/2026;1;345146;29/05/2026;GRANDAY AUTOMOTORES LTDA;1,57E+13;SAO PAULO;SP;29/05/2026;02/06/2026;01/06/2026;Entregue No Prazo;;Entrega realizada;Entrega Finalizada;2;6;29;5;XD DIADEMA;26041;;;
MOBIS BRASIL FABRICACAO DE AUTO PECAS LT;RODOVIARIO;1518142;29/05/2026;1;345141;29/05/2026;CAOA MOTOR DO BRASIL LTDA (VL PRUDENTE);1,68E+13;SAO PAULO;SP;29/05/2026;02/06/2026;01/06/2026;Entregue No Prazo;;Entrega realizada;Entrega Finalizada;2;6;29;5;XD DIADEMA;26051;;;
MOBIS BRASIL FABRICACAO DE AUTO PECAS LT;RODOVIARIO;1518145;29/05/2026;12;345147;29/05/2026;GRANDAY AUTOMOTORES LTDA (CHAC. CALIFOR);1,57E+13;SAO PAULO;SP;29/05/2026;02/06/2026;01/06/2026;Entregue No Prazo;;Entrega realizada;Entrega Finalizada;2;6;29;5;XD DIADEMA;26090;;;
MOBIS BRASIL FABRICACAO DE AUTO PECAS LT;RODOVIARIO;1518146;29/05/2026;1;345147;29/05/2026;GRANDAY AUTOMOTORES LTDA (CHAC. CALIFOR);1,57E+13;SAO PAULO;SP;29/05/2026;02/06/2026;01/06/2026;Entregue No Prazo;;Entrega realizada;Entrega Finalizada;2;6;29;5;XD DIADEMA;26090;;;
MOBIS BRASIL FABRICACAO DE AUTO PECAS LT;RODOVIARIO;1518147;29/05/2026;3;345140;29/05/2026;CAOA MOTOR DO BRASIL LTDA (INDIANOPOLIS);1,68E+13;SAO PAULO;SP;29/05/2026;02/06/2026;01/06/2026;Entregue No Prazo;;Entrega realizada;Entrega Finalizada;2;6;29;5;XD DIADEMA;26091;;;
MOBIS BRASIL FABRICACAO DE AUTO PECAS LT;RODOVIARIO;1518626;29/05/2026;3;345139;29/05/2026;BILLY DISTRIBUIDORA DE VEICULOS LTDA;1,34E+13;SAO CAETANO DO SUL;SP;29/05/2026;02/06/2026;01/06/2026;Entregue No Prazo;;Entrega realizada;Entrega Finalizada;2;6;29;5;XD DIADEMA;26003;;;
MOBIS BRASIL FABRICACAO DE AUTO PECAS LT;RODOVIARIO;1518107;29/05/2026;5;345163;29/05/2026;BARI VEICULOS LTDA;7,46E+12;CURITIBA;PR;29/05/2026;03/06/2026;01/06/2026;Entregue No Prazo;D+1;Entrega realizada;Entrega Finalizada;3;6;29;5;TRANSTRY;18024;;;
MOBIS BRASIL FABRICACAO DE AUTO PECAS LT;RODOVIARIO;1518132;29/05/2026;1;345185;29/05/2026;DHC COMERCIO DE VEICULOS E PECAS LTDA;9,52E+12;BAURU;SP;29/05/2026;03/06/2026;01/06/2026;Entregue No Prazo;;Entrega realizada;Entrega Finalizada;3;6;29;5;MVT;26010;;;
MOBIS BRASIL FABRICACAO DE AUTO PECAS LT;RODOVIARIO;1518135;29/05/2026;1;345188;29/05/2026;NEW VEICULOS E PECAS LTDA;1,59E+13;RIBEIRAO PRETO;SP;29/05/2026;03/06/2026;01/06/2026;Entregue No Prazo;;Entrega realizada;Entrega Finalizada;3;6;29;5;MVT;26014;;;
MOBIS BRASIL FABRICACAO DE AUTO PECAS LT;RODOVIARIO;1518136;29/05/2026;6;345188;29/05/2026;NEW VEICULOS E PECAS LTDA;1,59E+13;RIBEIRAO PRETO;SP;29/05/2026;03/06/2026;01/06/2026;Entregue No Prazo;;Entrega realizada;Entrega Finalizada;3;6;29;5;MVT;26014;;;
MOBIS BRASIL FABRICACAO DE AUTO PECAS LT;RODOVIARIO;1518143;29/05/2026;27;345183;29/05/2026;DESTAQUE SEUL DISTR. DE VEIC. E PC. LTDA;2,12E+13;ATIBAIA;SP;29/05/2026;03/06/2026;01/06/2026;Entregue No Prazo;;Entrega realizada;Entrega Finalizada;3;6;29;5;MVT;26075;;;
MOBIS BRASIL FABRICACAO DE AUTO PECAS LT;RODOVIARIO;1518106;29/05/2026;1;345162;29/05/2026;BARI VEICULOS LTDA;7,46E+12;SAO JOSE DOS PINHAIS;PR;29/05/2026;04/06/2026;01/06/2026;Entregue No Prazo;D+1;Entrega realizada;Entrega Finalizada;4;6;29;5;TRANSTRY;18024;;;
MOBIS BRASIL FABRICACAO DE AUTO PECAS LT;RODOVIARIO;1518739;29/05/2026;66;345498;01/06/2026;BILLY DISTRIBUIDORA DE VEICULOS LTDA;1,34E+13;SAO CAETANO DO SUL;SP;01/06/2026;03/06/2026;01/06/2026;Entregue No Prazo;;Entrega realizada;Entrega Finalizada;3;6;1;6;BV LOG;26003;;;
MOBIS BRASIL FABRICACAO DE AUTO PECAS LT;RODOVIARIO;1518979;30/05/2026;4;345498;01/06/2026;BILLY DISTRIBUIDORA DE VEICULOS LTDA;1,34E+13;SAO CAETANO DO SUL;SP;01/06/2026;03/06/2026;01/06/2026;Entregue No Prazo;;Entrega realizada;Entrega Finalizada;3;6;1;6;BV LOG;26003;;;
MOBIS BRASIL FABRICACAO DE AUTO PECAS LT;RODOVIARIO;1518980;30/05/2026;37;345498;01/06/2026;BILLY DISTRIBUIDORA DE VEICULOS LTDA;1,34E+13;SAO CAETANO DO SUL;SP;01/06/2026;03/06/2026;01/06/2026;Entregue No Prazo;;Entrega realizada;Entrega Finalizada;3;6;1;6;BV LOG;26003;;;
MOBIS BRASIL FABRICACAO DE AUTO PECAS LT;RODOVIARIO;1519365;30/05/2026;3;345498;01/06/2026;BILLY DISTRIBUIDORA DE VEICULOS LTDA;1,34E+13;SAO CAETANO DO SUL;SP;01/06/2026;03/06/2026;01/06/2026;Entregue No Prazo;;Entrega realizada;Entrega Finalizada;3;6;1;6;BV LOG;26003;;;
MOBIS BRASIL FABRICACAO DE AUTO PECAS LT;RODOVIARIO;1533243;27/06/2026;2;349776;29/06/2026;SMAFF IMPORT VEICULOS LTDA;8,18E+12;BRASILIA;DF;29/06/2026;07/07/2026;01/06/2026;Entregue No Prazo;;Entrega realizada;Entrega Finalizada;7;7;29;6;RIO VERMELHO;7002;;;
MOBIS BRASIL FABRICACAO DE AUTO PECAS LT;RODOVIARIO;1533244;27/06/2026;3;349777;29/06/2026;SMAFF IMPORT VEICULOS LTDA;8,18E+12;BRASILIA;DF;29/06/2026;07/07/2026;01/06/2026;Entregue No Prazo;;Entrega realizada;Entrega Finalizada;7;7;29;6;RIO VERMELHO;7002;;;
MOBIS BRASIL FABRICACAO DE AUTO PECAS LT;RODOVIARIO;1533249;27/06/2026;1;349771;29/06/2026;NISA COMERCIAL DE VEIC. AUTOMOTORES LTDA;1,03E+13;APARECIDA DE GOIANIA;GO;29/06/2026;07/07/2026;01/06/2026;Entregue No Prazo;;Entrega realizada;Entrega Finalizada;7;7;29;6;RIO VERMELHO;9002;;;
MOBIS BRASIL FABRICACAO DE AUTO PECAS LT;RODOVIARIO;1533250;27/06/2026;1;349775;29/06/2026;SAGA KOREA COM. DE VEIC. E PC. LTDA;1,27E+13;GOIANIA;GO;29/06/2026;07/07/2026;01/06/2026;Entregue No Prazo;;Entrega realizada;Entrega Finalizada;7;7;29;6;RIO VERMELHO;9011;;;
MOBIS BRASIL FABRICACAO DE AUTO PECAS LT;RODOVIARIO;1481436;20/03/2026;2;333619;20/03/2026;PATEO COMERCIO DE VEICULOS S A;7,78E+12;MANAUS;AM;20/03/2026;15/04/2026;02/06/2026;Entregue Fora do Prazo;;Entrega realizada;Entrega Finalizada;15;4;20;3;NORTEX;3002;;;
MOBIS BRASIL FABRICACAO DE AUTO PECAS LT;RODOVIARIO;1481435;20/03/2026;10;333619;20/03/2026;PATEO COMERCIO DE VEICULOS S A;7,78E+12;MANAUS;AM;20/03/2026;15/04/2026;02/06/2026;Entregue Fora do Prazo;;Entrega realizada;Entrega Finalizada;15;4;20;3;NORTEX;3002;;;
MOBIS BRASIL FABRICACAO DE AUTO PECAS LT;RODOVIARIO;1508118;12/05/2026;1;342019;12/05/2026;UNIQUE BOA VISTA COM. DE AUTOMOVEIS LTDA;3,48E+13;BOA VISTA;RR;12/05/2026;09/06/2026;02/06/2026;Entregue No Prazo;;Entrega realizada;Entrega Finalizada;9;6;12;5;CARVALIMA;22002;;;
MOBIS BRASIL FABRICACAO DE AUTO PECAS LT;RODOVIARIO;1510414;15/05/2026;8;342678;15/05/2026;ORVEL AUTOMOTOR HYD LTDA;2,52E+13;TEIXEIRA DE FREITAS;BA;15/05/2026;01/06/2026;02/06/2026;Entregue Fora do Prazo;;Entrega realizada;Entrega Finalizada;1;6;15;5;TERMACO;5011;;;
MOBIS BRASIL FABRICACAO DE AUTO PECAS LT;RODOVIARIO;1510470;15/05/2026;1;342691;15/05/2026;UNIQUE BOA VISTA COM. DE AUTOMOVEIS LTDA;3,48E+13;BOA VISTA;RR;15/05/2026;12/06/2026;02/06/2026;Entregue No Prazo;;Entrega realizada;Entrega Finalizada;12;6;15;5;CARVALIMA;22002;;;
MOBIS BRASIL FABRICACAO DE AUTO PECAS LT;RODOVIARIO;1512173;19/05/2026;2;343151;19/05/2026;UNIQUE BOA VISTA COM. DE AUTOMOVEIS LTDA;3,48E+13;BOA VISTA;RR;19/05/2026;16/06/2026;02/06/2026;Entregue No Prazo;;Entrega realizada;Entrega Finalizada;16;6;19;5;CARVALIMA;22002;;;
MOBIS BRASIL FABRICACAO DE AUTO PECAS LT;RODOVIARIO;1512890;20/05/2026;2;343334;20/05/2026;SAINT LAND COM DE VEICULOS S A;1,04E+13;MOSSORO;RN;20/05/2026;05/06/2026;02/06/2026;Entregue No Prazo;;Entrega realizada;Entrega Finalizada;5;6;20;5;TERMACO;20002;;;
MOBIS BRASIL FABRICACAO DE AUTO PECAS LT;RODOVIARIO;1513601;21/05/2026;16;343618;21/05/2026;PATEO COMERCIO DE VEICULOS S A;7,78E+12;SALVADOR;BA;21/05/2026;02/06/2026;02/06/2026;Entregue No Prazo;;Entrega realizada;Entrega Finalizada;2;6;21;5;TERMACO;5003;;;
MOBIS BRASIL FABRICACAO DE AUTO PECAS LT;RODOVIARIO;1513598;21/05/2026;2;343603;21/05/2026;CYCOSA AUTOMOVEIS LTDA;4,76E+12;MACEIO;AL;21/05/2026;04/06/2026;02/06/2026;Entregue No Prazo;;Entrega realizada;Entrega Finalizada;4;6;21;5;TERMACO;2001;;;
MOBIS BRASIL FABRICACAO DE AUTO PECAS LT;RODOVIARIO;1514225;21/05/2026;1;343804;21/05/2026;CYCOSA AUTOMOVEIS LTDA;4,76E+12;MACEIO;AL;21/05/2026;04/06/2026;02/06/2026;Entregue No Prazo;;Entrega realizada;Entrega Finalizada;4;6;21;5;TERMACO;2001;;;
MOBIS BRASIL FABRICACAO DE AUTO PECAS LT;RODOVIARIO;1513604;21/05/2026;4;343614;21/05/2026;MASTER COMERCIAL DE VEICULOS LTDA;2,85E+13;BARREIRAS;BA;21/05/2026;05/06/2026;02/06/2026;Entregue No Prazo;;Entrega realizada;Entrega Finalizada;5;6;21;5;TERMACO;5012;;;
MOBIS BRASIL FABRICACAO DE AUTO PECAS LT;RODOVIARIO;1513644;21/05/2026;1;343598;21/05/2026;CAOA MOTOR DO BRASIL LTDA;1,68E+13;RECIFE;PE;21/05/2026;05/06/2026;02/06/2026;Entregue No Prazo;;Entrega realizada;Entrega Finalizada;5;6;21;5;TERMACO;5008;;;
MOBIS BRASIL FABRICACAO DE AUTO PECAS LT;RODOVIARIO;1514230;21/05/2026;1;343812;21/05/2026;ORVEL AUTOMOTOR HYD LTDA;2,52E+13;TEIXEIRA DE FREITAS;BA;21/05/2026;05/06/2026;02/06/2026;Entregue No Prazo;;Entrega realizada;Entrega Finalizada;5;6;21;5;TERMACO;5011;;;
MOBIS BRASIL FABRICACAO DE AUTO PECAS LT;RODOVIARIO;1514243;21/05/2026;1;343817;21/05/2026;PATEO COMERCIO DE VEICULOS S A;7,78E+12;SAO LUIS;MA;21/05/2026;05/06/2026;02/06/2026;Entregue No Prazo;;Entrega realizada;Entrega Finalizada;5;6;21;5;TERMACO;10002;;;
MOBIS BRASIL FABRICACAO DE AUTO PECAS LT;RODOVIARIO;1513664;21/05/2026;2;343625;21/05/2026;SAINT LAND COM DE VEICULOS S A;1,04E+13;MOSSORO;RN;21/05/2026;08/06/2026;02/06/2026;Entregue No Prazo;;Entrega realizada;Entrega Finalizada;8;6;21;5;TERMACO;20002;;;
MOBIS BRASIL FABRICACAO DE AUTO PECAS LT;RODOVIARIO;1514262;21/05/2026;7;343796;21/05/2026;AUTORAC VEICULOS LTDA;1,06E+13;CARUARU;PE;21/05/2026;08/06/2026;02/06/2026;Entregue No Prazo;;Entrega realizada;Entrega Finalizada;8;6;21;5;TERMACO;16001;;;
MOBIS BRASIL FABRICACAO DE AUTO PECAS LT;RODOVIARIO;1515547;25/05/2026;4;344067;25/05/2026;HOUSE PARTS - COM. DE PECAS E VEIC. LTDA;1,15E+13;SANTA MARIA;RS;25/05/2026;02/06/2026;02/06/2026;Entregue No Prazo;;Entrega realizada;Entrega Finalizada;2;6;25;5;TRANSTRY;23008;;;
MOBIS BRASIL FABRICACAO DE AUTO PECAS LT;RODOVIARIO;1515559;25/05/2026;1;344045;25/05/2026;SAINT LAND COMERCIO DE VEICULOS LTDA;1,04E+13;ARACAJU;SE;25/05/2026;05/06/2026;02/06/2026;Entregue No Prazo;;Entrega realizada;Entrega Finalizada;5;6;25;5;TERMACO;6010;;;
MOBIS BRASIL FABRICACAO DE AUTO PECAS LT;RODOVIARIO;1515504;25/05/2026;4;344022;25/05/2026;CAOA MOTOR DO BRASIL LTDA;1,68E+13;FORTALEZA;CE;25/05/2026;08/06/2026;02/06/2026;Entregue No Prazo;;Entrega realizada;Entrega Finalizada;8;6;25;5;TERMACO;5008;;;
MOBIS BRASIL FABRICACAO DE AUTO PECAS LT;RODOVIARIO;1515522;25/05/2026;1;344032;25/05/2026;NACIONAL NOVA MARABA DIST DE VEIC. LTDA;1,70E+13;MARABA;PA;25/05/2026;08/06/2026;02/06/2026;Entregue No Prazo;;Entrega realizada;Entrega Finalizada;8;6;25;5;CARVALIMA;14005;;;
MOBIS BRASIL FABRICACAO DE AUTO PECAS LT;RODOVIARIO;1515502;25/05/2026;12;344038;25/05/2026;PATEO COMERCIO DE VEICULOS S A;7,78E+12;FEIRA DE SANTANA;BA;25/05/2026;09/06/2026;02/06/2026;Entregue No Prazo;;Entrega realizada;Entrega Finalizada;9;6;25;5;TERMACO;5009;;;
MOBIS BRASIL FABRICACAO DE AUTO PECAS LT;RODOVIARIO;1515524;25/05/2026;1;344021;25/05/2026;CAOA MOTOR DO BRASIL LTDA;1,68E+13;CAMPINA GRANDE;PB;25/05/2026;10/06/2026;02/06/2026;Entregue No Prazo;;Entrega realizada;Entrega Finalizada;10;6;25;5;TERMACO;5008;;;
MOBIS BRASIL FABRICACAO DE AUTO PECAS LT;RODOVIARIO;1515543;25/05/2026;2;344042;25/05/2026;SAGA ASIA COM. DE VEIC.PC.E SERV. LTDA;2,14E+13;PORTO VELHO;RO;25/05/2026;08/06/2026;02/06/2026;Entregue No Prazo;;Entrega realizada;Entrega Finalizada;8;6;25;5;CARVALIMA;21003;;;
MOBIS BRASIL FABRICACAO DE AUTO PECAS LT;RODOVIARIO;1516385;26/05/2026;1;344321;26/05/2026;HOUSE PARTS - COM. DE PECAS E VEIC. LTDA;1,15E+13;SANTA MARIA;RS;26/05/2026;03/06/2026;02/06/2026;Entregue No Prazo;;Entrega realizada;Entrega Finalizada;3;6;26;5;TRANSTRY;23008;;;
MOBIS BRASIL FABRICACAO DE AUTO PECAS LT;RODOVIARIO;1516332;26/05/2026;2;344304;26/05/2026;PATEO COMERCIO DE VEICULOS S A;7,78E+12;SALVADOR;BA;26/05/2026;05/06/2026;02/06/2026;Entregue No Prazo;;Entrega realizada;Entrega Finalizada;5;6;26;5;TERMACO;5003;;;
MOBIS BRASIL FABRICACAO DE AUTO PECAS LT;RODOVIARIO;1516333;26/05/2026;62;344285;26/05/2026;FAZZA MOTORS COMERCIO DE VEICULOS LTDA;1,24E+13;SALVADOR;BA;26/05/2026;05/06/2026;02/06/2026;Entregue No Prazo;;Entrega realizada;Entrega Finalizada;5;6;26;5;TERMACO;5007;;;
MOBIS BRASIL FABRICACAO DE AUTO PECAS LT;RODOVIARIO;1516505;26/05/2026;2;344307;26/05/2026;SAGA ASIA COM. DE VEIC.PC.E SERV. LTDA;2,14E+13;PORTO VELHO;RO;26/05/2026;08/06/2026;02/06/2026;Entregue No Prazo;;Entrega realizada;Entrega Finalizada;8;6;26;5;CARVALIMA;21003;;;
MOBIS BRASIL FABRICACAO DE AUTO PECAS LT;RODOVIARIO;1516359;26/05/2026;3;344298;26/05/2026;NACIONAL NOVA MARABA DIST DE VEIC. LTDA;1,70E+13;MARABA;PA;26/05/2026;09/06/2026;02/06/2026;Entregue No Prazo;;Entrega realizada;Entrega Finalizada;9;6;26;5;CARVALIMA;14005;;;
MOBIS BRASIL FABRICACAO DE AUTO PECAS LT;RODOVIARIO;1516335;26/05/2026;1;344302;26/05/2026;ORVEL AUTOMOTOR HYD LTDA;2,52E+13;TEIXEIRA DE FREITAS;BA;26/05/2026;10/06/2026;02/06/2026;Entregue No Prazo;;Entrega realizada;Entrega Finalizada;10;6;26;5;TERMACO;5011;;;
MOBIS BRASIL FABRICACAO DE AUTO PECAS LT;RODOVIARIO;1516336;26/05/2026;2;344295;26/05/2026;MASTER COMERCIAL DE VEICULOS LTDA;2,85E+13;BARREIRAS;BA;26/05/2026;10/06/2026;02/06/2026;Entregue No Prazo;;Entrega realizada;Entrega Finalizada;10;6;26;5;TERMACO;5012;;;
MOBIS BRASIL FABRICACAO DE AUTO PECAS LT;RODOVIARIO;1516361;26/05/2026;1;344300;26/05/2026;NACIONAL NOVA MARABA DIST DE VEIC. LTDA;1,70E+13;PARAUAPEBAS;PA;26/05/2026;11/06/2026;02/06/2026;Entregue No Prazo;;Entrega realizada;Entrega Finalizada;11;6;26;5;CARVALIMA;14010;;;
MOBIS BRASIL FABRICACAO DE AUTO PECAS LT;RODOVIARIO;1516679;27/05/2026;1;344602;27/05/2026;LOVAT VEICULOS S/A;8,57E+12;MARINGA;PR;27/05/2026;02/06/2026;02/06/2026;Entregue No Prazo;;Entrega realizada;Entrega Finalizada;2;6;27;5;TRANSTRY;18008;;;
MOBIS BRASIL FABRICACAO DE AUTO PECAS LT;RODOVIARIO;1516691;27/05/2026;3;344600;27/05/2026;HOUSE PARTS-COM. DE PCS. E VEICULOS LTDA;1,15E+13;PORTO ALEGRE;RS;27/05/2026;02/06/2026;02/06/2026;Entregue No Prazo;;Entrega realizada;Entrega Finalizada;2;6;27;5;TRANSTRY;23004;;;
MOBIS BRASIL FABRICACAO DE AUTO PECAS LT;RODOVIARIO;1516692;27/05/2026;1;344596;27/05/2026;CARWAY SUL VEICULOS LTDA;1,03E+13;CANOAS;RS;27/05/2026;02/06/2026;02/06/2026;Entregue No Prazo;;Entrega realizada;Entrega Finalizada;2;6;27;5;TRANSTRY;23003;;;
MOBIS BRASIL FABRICACAO DE AUTO PECAS LT;RODOVIARIO;1516733;27/05/2026;5;344549;27/05/2026;PRIVILLEGE DISTRIBUIDORA DE VEICULOS LTD;1,72E+13;PALMAS;TO;27/05/2026;05/06/2026;02/06/2026;Entregue No Prazo;;Entrega realizada;Entrega Finalizada;5;6;27;5;RIO VERMELHO;27003;;;
MOBIS BRASIL FABRICACAO DE AUTO PECAS LT;RODOVIARIO;1517314;28/05/2026;3;345018;28/05/2026;LOVAT VEICULOS S/A;8,57E+12;MARINGA;PR;28/05/2026;03/06/2026;02/06/2026;Entregue No Prazo;;Entrega realizada;Entrega Finalizada;3;6;28;5;TRANSTRY;18008;;;
MOBIS BRASIL FABRICACAO DE AUTO PECAS LT;RODOVIARIO;1517321;28/05/2026;3;344961;28/05/2026;AMX COM. E SERVICOS DE AUTOMOTORES LTDA;1,20E+13;RIO DE JANEIRO;RJ;28/05/2026;03/06/2026;02/06/2026;Entregue No Prazo;;Entrega realizada;Entrega Finalizada;3;6;28;5;CAMILO;19009;;;
MOBIS BRASIL FABRICACAO DE AUTO PECAS LT;RODOVIARIO;1517323;28/05/2026;2;344962;28/05/2026;CAOA MOTOR DO BRASIL LTDA;1,68E+13;RIO DE JANEIRO;RJ;28/05/2026;03/06/2026;02/06/2026;Entregue No Prazo;;Entrega realizada;Entrega Finalizada;3;6;28;5;CAMILO;5008;;;
MOBIS BRASIL FABRICACAO DE AUTO PECAS LT;RODOVIARIO;1517325;28/05/2026;4;344963;28/05/2026;CAOA MOTOR DO BRASIL LTDA;1,68E+13;RIO DE JANEIRO;RJ;28/05/2026;03/06/2026;02/06/2026;Entregue No Prazo;;Entrega realizada;Entrega Finalizada;3;6;28;5;CAMILO;5008;;;
MOBIS BRASIL FABRICACAO DE AUTO PECAS LT;RODOVIARIO;1517328;28/05/2026;1;345011;28/05/2026;CARWAY SUL VEICULOS LTDA;1,03E+13;PORTO ALEGRE;RS;28/05/2026;03/06/2026;02/06/2026;Entregue No Prazo;;Entrega realizada;Entrega Finalizada;3;6;28;5;TRANSTRY;23003;;;
MOBIS BRASIL FABRICACAO DE AUTO PECAS LT;RODOVIARIO;1517329;28/05/2026;8;345016;28/05/2026;HOUSE PARTS-COM. DE PCS. E VEICULOS LTDA;1,15E+13;PORTO ALEGRE;RS;28/05/2026;03/06/2026;02/06/2026;Entregue No Prazo;;Entrega realizada;Entrega Finalizada;3;6;28;5;TRANSTRY;23004;;;
MOBIS BRASIL FABRICACAO DE AUTO PECAS LT;RODOVIARIO;1517330;28/05/2026;3;345010;28/05/2026;CARWAY SUL VEICULOS LTDA;1,03E+13;CANOAS;RS;28/05/2026;03/06/2026;02/06/2026;Entregue No Prazo;;Entrega realizada;Entrega Finalizada;3;6;28;5;TRANSTRY;23003;;;
MOBIS BRASIL FABRICACAO DE AUTO PECAS LT;RODOVIARIO;1517324;28/05/2026;1;344987;28/05/2026;TAI MOTORS VEICULOS S/A.;9,27E+12;CAMPOS DOS GOYTACAZES;RJ;28/05/2026;04/06/2026;02/06/2026;Entregue No Prazo;;Entrega realizada;Entrega Finalizada;4;6;28;5;CAMILO;19023;;;
MOBIS BRASIL FABRICACAO DE AUTO PECAS LT;RODOVIARIO;1517331;28/05/2026;3;345014;28/05/2026;GALA COMERCIO DE VEICULOS LTDA.;1,77E+13;PELOTAS;RS;28/05/2026;04/06/2026;02/06/2026;Entregue No Prazo;;Entrega realizada;Entrega Finalizada;4;6;28;5;TRANSTRY;23009;;;
MOBIS BRASIL FABRICACAO DE AUTO PECAS LT;RODOVIARIO;1517334;28/05/2026;5;345002;28/05/2026;ATUAL VEICULOS LTDA;1,33E+13;CRICIUMA;SC;28/05/2026;04/06/2026;02/06/2026;Entregue No Prazo;;Entrega realizada;Entrega Finalizada;4;6;28;5;TRANSTRY;24001;;;
MOBIS BRASIL FABRICACAO DE AUTO PECAS LT;RODOVIARIO;1517336;28/05/2026;5;345007;28/05/2026;BARI VEICULOS LTDA;7,46E+12;BLUMENAU;SC;28/05/2026;04/06/2026;02/06/2026;Entregue No Prazo;;Entrega realizada;Entrega Finalizada;4;6;28;5;TRANSTRY;18024;;;
MOBIS BRASIL FABRICACAO DE AUTO PECAS LT;RODOVIARIO;1517337;28/05/2026;17;345007;28/05/2026;BARI VEICULOS LTDA;7,46E+12;BLUMENAU;SC;28/05/2026;04/06/2026;02/06/2026;Entregue No Prazo;;Entrega realizada;Entrega Finalizada;4;6;28;5;TRANSTRY;18024;;;
MOBIS BRASIL FABRICACAO DE AUTO PECAS LT;RODOVIARIO;1517831;28/05/2026;1;345015;28/05/2026;GAMBATTO H1 VEICULOS LTDA;1,94E+13;PASSO FUNDO;RS;28/05/2026;04/06/2026;02/06/2026;Entregue No Prazo;;Entrega realizada;Entrega Finalizada;4;6;28;5;TRANSTRY;23015;;;
MOBIS BRASIL FABRICACAO DE AUTO PECAS LT;RODOVIARIO;1517283;28/05/2026;2;344979;28/05/2026;PRIME CACHOEIRO VEICULOS LTDA;9,34E+12;LINHARES;ES;28/05/2026;05/06/2026;02/06/2026;Entregue No Prazo;;Entrega realizada;Entrega Finalizada;5;6;28;5;CAMILO;8004;;;
MOBIS BRASIL FABRICACAO DE AUTO PECAS LT;RODOVIARIO;1517284;28/05/2026;2;344986;28/05/2026;TAI MOTORS VEICULOS S/A;9,27E+12;COLATINA;ES;28/05/2026;05/06/2026;02/06/2026;Entregue No Prazo;;Entrega realizada;Entrega Finalizada;5;6;28;5;CAMILO;8002;;;
MOBIS BRASIL FABRICACAO DE AUTO PECAS LT;RODOVIARIO;1517303;28/05/2026;5;344966;28/05/2026;COMETA MATO GROSSO COM. DE VEICULOS LTDA;1,54E+13;TANGARA DA SERRA;MT;28/05/2026;08/06/2026;02/06/2026;Entregue No Prazo;;Entrega realizada;Entrega Finalizada;8;6;28;5;CARVALIMA;13007;;;
MOBIS BRASIL FABRICACAO DE AUTO PECAS LT;RODOVIARIO;1518137;29/05/2026;2;345145;29/05/2026;GRAND SPORT COM. DE VEIC. E PECAS LTDA;8,58E+12;SAO PAULO;SP;29/05/2026;02/06/2026;02/06/2026;Entregue No Prazo;;Entrega realizada;Entrega Finalizada;2;6;29;5;XD DIADEMA;26034;;;
MOBIS BRASIL FABRICACAO DE AUTO PECAS LT;RODOVIARIO;1518103;29/05/2026;1;345181;29/05/2026;VETOR AUTOMOVEIS LTDA;2,12E+13;CASCAVEL;PR;29/05/2026;04/06/2026;02/06/2026;Entregue No Prazo;;Entrega realizada;Entrega Finalizada;4;6;29;5;TRANSTRY;18019;;;
MOBIS BRASIL FABRICACAO DE AUTO PECAS LT;RODOVIARIO;1518104;29/05/2026;1;345164;29/05/2026;BARI VEICULOS LTDA;7,46E+12;PONTA GROSSA;PR;29/05/2026;04/06/2026;02/06/2026;Entregue No Prazo;;Entrega realizada;Entrega Finalizada;4;6;29;5;TRANSTRY;18024;;;
MOBIS BRASIL FABRICACAO DE AUTO PECAS LT;RODOVIARIO;1518105;29/05/2026;7;345164;29/05/2026;BARI VEICULOS LTDA;7,46E+12;PONTA GROSSA;PR;29/05/2026;04/06/2026;02/06/2026;Entregue No Prazo;;Entrega realizada;Entrega Finalizada;4;6;29;5;TRANSTRY;18024;;;
MOBIS BRASIL FABRICACAO DE AUTO PECAS LT;RODOVIARIO;1518109;29/05/2026;11;345202;29/05/2026;CAOA MOTOR DO BRASIL LTDA;1,68E+13;NITEROI;RJ;29/05/2026;04/06/2026;02/06/2026;Entregue No Prazo;;Entrega realizada;Entrega Finalizada;4;6;29;5;CAMILO;5008;;;
MOBIS BRASIL FABRICACAO DE AUTO PECAS LT;RODOVIARIO;1518110;29/05/2026;1;345199;29/05/2026;CAOA MOTOR DO BRASIL LTDA;1,68E+13;RIO DE JANEIRO;RJ;29/05/2026;04/06/2026;02/06/2026;Entregue No Prazo;;Entrega realizada;Entrega Finalizada;4;6;29;5;CAMILO;5008;;;
MOBIS BRASIL FABRICACAO DE AUTO PECAS LT;RODOVIARIO;1518128;29/05/2026;1;345167;29/05/2026;BARI VEICULOS LTDA.;7,46E+12;JOINVILLE;SC;29/05/2026;04/06/2026;02/06/2026;Entregue No Prazo;;Entrega realizada;Entrega Finalizada;4;6;29;5;TRANSTRY;24013;;;
MOBIS BRASIL FABRICACAO DE AUTO PECAS LT;RODOVIARIO;1518140;29/05/2026;1;345187;29/05/2026;H R B COMERCIO DE VEICULOS LTDA;1,82E+13;SAO JOSE DO RIO PRETO;SP;29/05/2026;04/06/2026;02/06/2026;Entregue No Prazo;;Entrega realizada;Entrega Finalizada;4;6;29;5;MVT;26050;;;
MOBIS BRASIL FABRICACAO DE AUTO PECAS LT;RODOVIARIO;1518141;29/05/2026;8;345187;29/05/2026;H R B COMERCIO DE VEICULOS LTDA;1,82E+13;SAO JOSE DO RIO PRETO;SP;29/05/2026;04/06/2026;02/06/2026;Entregue No Prazo;;Entrega realizada;Entrega Finalizada;4;6;29;5;MVT;26050;;;
MOBIS BRASIL FABRICACAO DE AUTO PECAS LT;RODOVIARIO;1518148;29/05/2026;3;345186;29/05/2026;DHC COMERCIO DE VEICULOS E PECAS LTDA;9,52E+12;OURINHOS;SP;29/05/2026;04/06/2026;02/06/2026;Entregue No Prazo;;Entrega realizada;Entrega Finalizada;4;6;29;5;MVT;26010;;;
MOBIS BRASIL FABRICACAO DE AUTO PECAS LT;RODOVIARIO;1518067;29/05/2026;2;345224;29/05/2026;PRIME CACHOEIRO VEICULOS LTDA EPP;9,34E+12;CACHOEIRO DE ITAPEMIRIM;ES;29/05/2026;08/06/2026;02/06/2026;Entregue No Prazo;;Entrega realizada;Entrega Finalizada;8;6;29;5;CAMILO;8003;;;
MOBIS BRASIL FABRICACAO DE AUTO PECAS LT;RODOVIARIO;1518068;29/05/2026;6;345224;29/05/2026;PRIME CACHOEIRO VEICULOS LTDA EPP;9,34E+12;CACHOEIRO DE ITAPEMIRIM;ES;29/05/2026;08/06/2026;02/06/2026;Entregue No Prazo;;Entrega realizada;Entrega Finalizada;8;6;29;5;CAMILO;8003;;;
MOBIS BRASIL FABRICACAO DE AUTO PECAS LT;RODOVIARIO;1518086;29/05/2026;3;345211;29/05/2026;GOLDEN MOTORS VEICULOS LTDA;3,62E+12;TRES LAGOAS;MS;29/05/2026;08/06/2026;02/06/2026;Entregue No Prazo;;Entrega realizada;Entrega Finalizada;8;6;29;5;CARVALIMA;12001;;;
MOBIS BRASIL FABRICACAO DE AUTO PECAS LT;RODOVIARIO;1518730;29/05/2026;12;345464;01/06/2026;BILLY DISTRIBUIDORA DE VEICULOS LTDA;1,34E+13;BARUERI;SP;01/06/2026;03/06/2026;02/06/2026;Entregue No Prazo;;Entrega realizada;Entrega Finalizada;3;6;1;6;XD DIADEMA;26003;;;
MOBIS BRASIL FABRICACAO DE AUTO PECAS LT;RODOVIARIO;1518731;29/05/2026;3;345471;01/06/2026;GRAND SPORT COM. DE VEIC. E PECAS LTDA;8,58E+12;GUARULHOS;SP;01/06/2026;03/06/2026;02/06/2026;Entregue No Prazo;;Entrega realizada;Entrega Finalizada;3;6;1;6;XD DIADEMA;26005;;;
MOBIS BRASIL FABRICACAO DE AUTO PECAS LT;RODOVIARIO;1518734;29/05/2026;5;345470;01/06/2026;GRAND SPORT COM. DE VEIC. E PECAS LTDA;8,58E+12;SAO PAULO;SP;01/06/2026;03/06/2026;02/06/2026;Entregue No Prazo;;Entrega realizada;Entrega Finalizada;3;6;1;6;XD DIADEMA;26034;;;
MOBIS BRASIL FABRICACAO DE AUTO PECAS LT;RODOVIARIO;1518736;29/05/2026;1;345472;01/06/2026;GRANDAY AUTOMOTORES LTDA;1,57E+13;SAO PAULO;SP;01/06/2026;03/06/2026;02/06/2026;Entregue No Prazo;;Entrega realizada;Entrega Finalizada;3;6;1;6;XD DIADEMA;26041;;;
MOBIS BRASIL FABRICACAO DE AUTO PECAS LT;RODOVIARIO;1518741;29/05/2026;2;345463;01/06/2026;BILLY DISTRIBUIDORA DE VEICULOS LTDA;1,34E+13;DIADEMA;SP;01/06/2026;03/06/2026;02/06/2026;Entregue No Prazo;;Entrega realizada;Entrega Finalizada;3;6;1;6;XD DIADEMA;26003;;;
MOBIS BRASIL FABRICACAO DE AUTO PECAS LT;RODOVIARIO;1518743;29/05/2026;3;345466;01/06/2026;CAOA MOTOR DO BRASIL LTDA (VL PRUDENTE);1,68E+13;SAO PAULO;SP;01/06/2026;03/06/2026;02/06/2026;Entregue No Prazo;;Entrega realizada;Entrega Finalizada;3;6;1;6;XD DIADEMA;26051;;;
MOBIS BRASIL FABRICACAO DE AUTO PECAS LT;RODOVIARIO;1518748;29/05/2026;9;345499;01/06/2026;GRANDAY AUTOMOTORES LTDA (CHAC. CALIFOR);1,57E+13;SAO PAULO;SP;01/06/2026;03/06/2026;02/06/2026;Entregue No Prazo;;Entrega realizada;Entrega Finalizada;3;6;1;6;BV LOG;26090;;;
MOBIS BRASIL FABRICACAO DE AUTO PECAS LT;RODOVIARIO;1518753;29/05/2026;1;345467;01/06/2026;CAOA MOTOR DO BRASIL LTDA(RAP. TAVARES);1,68E+13;SAO PAULO;SP;01/06/2026;03/06/2026;02/06/2026;Entregue No Prazo;;Entrega realizada;Entrega Finalizada;3;6;1;6;XD DIADEMA;26109;;;
MOBIS BRASIL FABRICACAO DE AUTO PECAS LT;RODOVIARIO;1518981;30/05/2026;11;345466;01/06/2026;CAOA MOTOR DO BRASIL LTDA (VL PRUDENTE);1,68E+13;SAO PAULO;SP;01/06/2026;03/06/2026;02/06/2026;Entregue No Prazo;;Entrega realizada;Entrega Finalizada;3;6;1;6;XD DIADEMA;26051;;;
MOBIS BRASIL FABRICACAO DE AUTO PECAS LT;RODOVIARIO;1518133;29/05/2026;12;345511;01/06/2026;ANDRETA II DISTRIBUIDORA DE VEIC. LTDA;9,10E+12;CAMPINAS;SP;01/06/2026;04/06/2026;02/06/2026;Entregue No Prazo;;Entrega realizada;Entrega Finalizada;4;6;1;6;BV LOG;26011;;;
MOBIS BRASIL FABRICACAO DE AUTO PECAS LT;RODOVIARIO;1518134;29/05/2026;95;345512;01/06/2026;MOTONET COMERCIO DE VEICULOS LTDA;9,28E+12;SOROCABA;SP;01/06/2026;04/06/2026;02/06/2026;Entregue No Prazo;;Entrega realizada;Entrega Finalizada;4;6;1;6;BV LOG;26113;;;
MOBIS BRASIL FABRICACAO DE AUTO PECAS LT;RODOVIARIO;1518705;29/05/2026;2;345525;01/06/2026;BARI VEICULOS LTDA.;7,46E+12;CURITIBA;PR;01/06/2026;04/06/2026;02/06/2026;Entregue No Prazo;;Entrega realizada;Entrega Finalizada;4;6;1;6;TRANSTRY;18029;;;
MOBIS BRASIL FABRICACAO DE AUTO PECAS LT;RODOVIARIO;1518706;29/05/2026;14;345523;01/06/2026;BARI VEICULOS LTDA;7,46E+12;CURITIBA;PR;01/06/2026;04/06/2026;02/06/2026;Entregue No Prazo;;Entrega realizada;Entrega Finalizada;4;6;1;6;TRANSTRY;18024;;;
MOBIS BRASIL FABRICACAO DE AUTO PECAS LT;RODOVIARIO;1518747;29/05/2026;3;345465;01/06/2026;CAOA MOTOR DO BRASIL LTDA;1,68E+13;SANTOS;SP;01/06/2026;04/06/2026;02/06/2026;Entregue No Prazo;;Entrega realizada;Entrega Finalizada;4;6;1;6;XD DIADEMA;5008;;;
MOBIS BRASIL FABRICACAO DE AUTO PECAS LT;RODOVIARIO;1511233;18/05/2026;7;342901;18/05/2026;JPN PATOS COMERCIO DE VEICULOS LTDA;4,20E+13;PATOS;PB;18/05/2026;03/06/2026;03/06/2026;Entregue No Prazo;;Entrega realizada;Entrega Finalizada;3;6;18;5;TERMACO;15004;;;
MOBIS BRASIL FABRICACAO DE AUTO PECAS LT;RODOVIARIO;1512153;19/05/2026;8;343132;19/05/2026;JPN PATOS COMERCIO DE VEICULOS LTDA;4,20E+13;PATOS;PB;19/05/2026;04/06/2026;03/06/2026;Entregue No Prazo;;Entrega realizada;Entrega Finalizada;4;6;19;5;TERMACO;15004;;;
MOBIS BRASIL FABRICACAO DE AUTO PECAS LT;RODOVIARIO;1512837;20/05/2026;3;343303;20/05/2026;AIKON VEICULOS LTDA;1,17E+13;VITORIA DA CONQUISTA;BA;20/05/2026;04/06/2026;03/06/2026;Entregue No Prazo;;Entrega realizada;Entrega Finalizada;4;6;20;5;TERMACO;5002;;;
MOBIS BRASIL FABRICACAO DE AUTO PECAS LT;RODOVIARIO;1512869;20/05/2026;1;343321;20/05/2026;JPN PATOS COMERCIO DE VEICULOS LTDA;4,20E+13;PATOS;PB;20/05/2026;05/06/2026;03/06/2026;Entregue No Prazo;;Entrega realizada;Entrega Finalizada;5;6;20;5;TERMACO;15004;;;
MOBIS BRASIL FABRICACAO DE AUTO PECAS LT;RODOVIARIO;1513711;21/05/2026;7;343556;21/05/2026;PRIVILLEGE DISTRIBUIDORA DE VEICULOS LTD;1,72E+13;ARAGUAINA;TO;21/05/2026;04/06/2026;03/06/2026;Entregue No Prazo;;Entrega realizada;Entrega Finalizada;4;6;21;5;RIO VERMELHO;27002;;;
MOBIS BRASIL FABRICACAO DE AUTO PECAS LT;RODOVIARIO;1513642;21/05/2026;7;343613;21/05/2026;JPN PATOS COMERCIO DE VEICULOS LTDA;4,20E+13;PATOS;PB;21/05/2026;08/06/2026;03/06/2026;Entregue No Prazo;;Entrega realizada;Entrega Finalizada;8;6;21;5;TERMACO;15004;;;
MOBIS BRASIL FABRICACAO DE AUTO PECAS LT;RODOVIARIO;1513646;21/05/2026;3;343609;21/05/2026;GREEN CITY VEICULOS LTDA;2,10E+13;TERESINA;PI;21/05/2026;08/06/2026;03/06/2026;Entregue No Prazo;;Entrega realizada;Entrega Finalizada;8;6;21;5;TERMACO;17002;;;
MOBIS BRASIL FABRICACAO DE AUTO PECAS LT;RODOVIARIO;1513647;21/05/2026;3;343608;21/05/2026;GREEN CITY VEICULOS LTDA;2,10E+13;TERESINA;PI;21/05/2026;08/06/2026;03/06/2026;Entregue No Prazo;;Entrega realizada;Entrega Finalizada;8;6;21;5;TERMACO;17002;;;
MOBIS BRASIL FABRICACAO DE AUTO PECAS LT;RODOVIARIO;1514264;21/05/2026;3;343809;21/05/2026;GREEN CITY VEICULOS LTDA;2,10E+13;TERESINA;PI;21/05/2026;08/06/2026;03/06/2026;Entregue No Prazo;;Entrega realizada;Entrega Finalizada;8;6;21;5;TERMACO;17002;;;
MOBIS BRASIL FABRICACAO DE AUTO PECAS LT;RODOVIARIO;1515499;25/05/2026;1;344034;25/05/2026;PATEO COMERCIO DE VEICULOS S A;7,78E+12;SALVADOR;BA;25/05/2026;04/06/2026;03/06/2026;Entregue No Prazo;;Entrega realizada;Entrega Finalizada;4;6;25;5;TERMACO;5003;;;
MOBIS BRASIL FABRICACAO DE AUTO PECAS LT;RODOVIARIO;1515500;25/05/2026;7;344024;25/05/2026;FAZZA MOTORS COMERCIO DE VEICULOS LTDA;1,24E+13;SALVADOR;BA;25/05/2026;04/06/2026;03/06/2026;Entregue No Prazo;;Entrega realizada;Entrega Finalizada;4;6;25;5;TERMACO;5007;;;
MOBIS BRASIL FABRICACAO DE AUTO PECAS LT;RODOVIARIO;1515501;25/05/2026;3;344024;25/05/2026;FAZZA MOTORS COMERCIO DE VEICULOS LTDA;1,24E+13;SALVADOR;BA;25/05/2026;04/06/2026;03/06/2026;Entregue No Prazo;;Entrega realizada;Entrega Finalizada;4;6;25;5;TERMACO;5007;;;
MOBIS BRASIL FABRICACAO DE AUTO PECAS LT;RODOVIARIO;1515523;25/05/2026;2;344026;25/05/2026;GRANDE COREIA COMERCIO DE VEICULOS LTDA;2,66E+13;BELEM;PA;25/05/2026;05/06/2026;03/06/2026;Entregue No Prazo;;Entrega realizada;Entrega Finalizada;5;6;25;5;CARVALIMA;14007;;;
MOBIS BRASIL FABRICACAO DE AUTO PECAS LT;RODOVIARIO;1515496;25/05/2026;2;344023;25/05/2026;CYCOSA AUTOMOVEIS LTDA;4,76E+12;MACEIO;AL;25/05/2026;08/06/2026;03/06/2026;Entregue No Prazo;;Entrega realizada;Entrega Finalizada;8;6;25;5;TERMACO;2001;;;
MOBIS BRASIL FABRICACAO DE AUTO PECAS LT;RODOVIARIO;1515579;25/05/2026;1;344012;25/05/2026;PRIVILLEGE DISTRIBUIDORA DE VEICULOS LTD;1,72E+13;ARAGUAINA;TO;25/05/2026;08/06/2026;03/06/2026;Entregue No Prazo;;Entrega realizada;Entrega Finalizada;8;6;25;5;RIO VERMELHO;27002;;;
MOBIS BRASIL FABRICACAO DE AUTO PECAS LT;RODOVIARIO;1515498;25/05/2026;5;344017;25/05/2026;AIKON VEICULOS LTDA;1,17E+13;VITORIA DA CONQUISTA;BA;25/05/2026;09/06/2026;03/06/2026;Entregue No Prazo;;Entrega realizada;Entrega Finalizada;9;6;25;5;TERMACO;5002;;;
MOBIS BRASIL FABRICACAO DE AUTO PECAS LT;RODOVIARIO;1515505;25/05/2026;9;344046;25/05/2026;SAINT LAND COMERCIO DE VEICULOS LTDA;1,04E+13;JUAZEIRO DO NORTE;CE;25/05/2026;10/06/2026;03/06/2026;Entregue No Prazo;;Entrega realizada;Entrega Finalizada;10;6;25;5;TERMACO;6010;;;
MOBIS BRASIL FABRICACAO DE AUTO PECAS LT;RODOVIARIO;1515528;25/05/2026;2;344028;25/05/2026;GREEN CITY VEICULOS LTDA;2,10E+13;TERESINA;PI;25/05/2026;10/06/2026;03/06/2026;Entregue No Prazo;;Entrega realizada;Entrega Finalizada;10;6;25;5;TERMACO;17002;;;
MOBIS BRASIL FABRICACAO DE AUTO PECAS LT;RODOVIARIO;1516360;26/05/2026;7;344287;26/05/2026;GRANDE COREIA COMERCIO DE VEICULOS LTDA;2,66E+13;BELEM;PA;26/05/2026;08/06/2026;03/06/2026;Entregue No Prazo;;Entrega realizada;Entrega Finalizada;8;6;26;5;CARVALIMA;14007;;;
MOBIS BRASIL FABRICACAO DE AUTO PECAS LT;RODOVIARIO;1516337;26/05/2026;2;344280;26/05/2026;CAOA MOTOR DO BRASIL LTDA;1,68E+13;FORTALEZA;CE;26/05/2026;09/06/2026;03/06/2026;Entregue No Prazo;;Entrega realizada;Entrega Finalizada;9;6;26;5;TERMACO;5008;;;
MOBIS BRASIL FABRICACAO DE AUTO PECAS LT;RODOVIARIO;1516503;26/05/2026;9;344284;26/05/2026;FAZZA MOTORS COM. DE VEICULOS LTDA;1,24E+13;FORTALEZA;CE;26/05/2026;09/06/2026;03/06/2026;Entregue No Prazo;;Entrega realizada;Entrega Finalizada;9;6;26;5;TERMACO;6001;;;
MOBIS BRASIL FABRICACAO DE AUTO PECAS LT;RODOVIARIO;1516346;26/05/2026;41;344306;26/05/2026;PATEO COMERCIO DE VEICULOS S A;7,78E+12;SAO LUIS;MA;26/05/2026;10/06/2026;03/06/2026;Entregue No Prazo;;Entrega realizada;Entrega Finalizada;10;6;26;5;TERMACO;10002;;;
MOBIS BRASIL FABRICACAO DE AUTO PECAS LT;RODOVIARIO;1516665;27/05/2026;1;344582;27/05/2026;SAGA ASIA COM. DE VEIC.PC.E SERV. LTDA;2,23E+13;VARZEA GRANDE;MT;27/05/2026;05/06/2026;03/06/2026;Entregue No Prazo;;Entrega realizada;Entrega Finalizada;5;6;27;5;CARVALIMA;13004;;;
MOBIS BRASIL FABRICACAO DE AUTO PECAS LT;RODOVIARIO;1516642;27/05/2026;50;344579;27/05/2026;PATEO COMERCIO DE VEICULOS S A;7,78E+12;SALVADOR;BA;27/05/2026;08/06/2026;03/06/2026;Entregue No Prazo;;Entrega realizada;Entrega Finalizada;8;6;27;5;TERMACO;5003;;;
MOBIS BRASIL FABRICACAO DE AUTO PECAS LT;RODOVIARIO;1516664;27/05/2026;1;344563;27/05/2026;COMETA MATO GROSSO COM. DE VEICULOS LTDA;1,54E+13;SINOP;MT;27/05/2026;08/06/2026;03/06/2026;Entregue No Prazo;;Entrega realizada;Entrega Finalizada;8;6;27;5;CARVALIMA;13003;;;
MOBIS BRASIL FABRICACAO DE AUTO PECAS LT;RODOVIARIO;1516668;27/05/2026;1;344574;27/05/2026;NACIONAL NOVA MARABA DIST DE VEIC. LTDA;1,70E+13;MARABA;PA;27/05/2026;10/06/2026;03/06/2026;Entregue No Prazo;;Entrega realizada;Entrega Finalizada;10;6;27;5;CARVALIMA;14005;;;
MOBIS BRASIL FABRICACAO DE AUTO PECAS LT;RODOVIARIO;1516732;27/05/2026;7;344548;27/05/2026;PRIVILLEGE DISTRIBUIDORA DE VEICULOS LTD;1,72E+13;ARAGUAINA;TO;27/05/2026;10/06/2026;03/06/2026;Entregue No Prazo;;Entrega realizada;Entrega Finalizada;10;6;27;5;RIO VERMELHO;27002;;;
MOBIS BRASIL FABRICACAO DE AUTO PECAS LT;RODOVIARIO;1517343;28/05/2026;5;345001;28/05/2026;NOBRE DISTRIBUIDORA DE VEICULOS E PECAS;5,76E+12;MOGI DAS CRUZES;SP;28/05/2026;01/06/2026;03/06/2026;Entregue Fora do Prazo;;Entrega realizada;Entrega Finalizada;1;6;28;5;MVT;26004;;;
MOBIS BRASIL FABRICACAO DE AUTO PECAS LT;RODOVIARIO;1517828;28/05/2026;6;344971;28/05/2026;ITAVEMA MOTORS VEICULOS LTDA;7,73E+12;DUQUE DE CAXIAS;RJ;28/05/2026;03/06/2026;03/06/2026;Entregue No Prazo;;Entrega realizada;Entrega Finalizada;3;6;28;5;CAMILO;19001;;;
MOBIS BRASIL FABRICACAO DE AUTO PECAS LT;RODOVIARIO;1517829;28/05/2026;10;344970;28/05/2026;ITAVEMA MOTORS VEICULOS LTDA;7,73E+12;RIO DE JANEIRO;RJ;28/05/2026;03/06/2026;03/06/2026;Entregue No Prazo;;Entrega realizada;Entrega Finalizada;3;6;28;5;CAMILO;19001;;;
MOBIS BRASIL FABRICACAO DE AUTO PECAS LT;RODOVIARIO;1517333;28/05/2026;4;345004;28/05/2026;ATUAL VEICULOS LTDA;1,33E+13;ARARANGUA;SC;28/05/2026;04/06/2026;03/06/2026;Entregue No Prazo;;Entrega realizada;Entrega Finalizada;4;6;28;5;TRANSTRY;24001;;;
MOBIS BRASIL FABRICACAO DE AUTO PECAS LT;RODOVIARIO;1517335;28/05/2026;5;345003;28/05/2026;ATUAL VEICULOS LTDA;1,33E+13;TUBARAO;SC;28/05/2026;04/06/2026;03/06/2026;Entregue No Prazo;;Entrega realizada;Entrega Finalizada;4;6;28;5;TRANSTRY;24001;;;
MOBIS BRASIL FABRICACAO DE AUTO PECAS LT;RODOVIARIO;1517279;28/05/2026;1;344956;28/05/2026;SMAFF IMPORT VEICULOS LTDA;8,18E+12;BRASILIA;DF;28/05/2026;05/06/2026;03/06/2026;Entregue No Prazo;;Entrega realizada;Entrega Finalizada;5;6;28;5;RIO VERMELHO;7002;;;
MOBIS BRASIL FABRICACAO DE AUTO PECAS LT;RODOVIARIO;1517281;28/05/2026;109;344954;28/05/2026;SAGA KOREA COM. DE VEIC. E PC. LTDA;1,27E+13;BRASILIA;DF;28/05/2026;05/06/2026;03/06/2026;Entregue No Prazo;;Entrega realizada;Entrega Finalizada;5;6;28;5;RIO VERMELHO;7005;;;
MOBIS BRASIL FABRICACAO DE AUTO PECAS LT;RODOVIARIO;1517282;28/05/2026;2;344980;28/05/2026;PRIME CACHOEIRO VEICULOS LTDA EPP;9,34E+12;CACHOEIRO DE ITAPEMIRIM;ES;28/05/2026;05/06/2026;03/06/2026;Entregue No Prazo;;Entrega realizada;Entrega Finalizada;5;6;28;5;CAMILO;8003;;;
MOBIS BRASIL FABRICACAO DE AUTO PECAS LT;RODOVIARIO;1517285;28/05/2026;5;344948;28/05/2026;NISA COMERCIAL DE VEIC. AUTOMOTORES LTDA;1,03E+13;APARECIDA DE GOIANIA;GO;28/05/2026;05/06/2026;03/06/2026;Entregue No Prazo;;Entrega realizada;Entrega Finalizada;5;6;28;5;RIO VERMELHO;9002;;;
MOBIS BRASIL FABRICACAO DE AUTO PECAS LT;RODOVIARIO;1517286;28/05/2026;2;344953;28/05/2026;SAGA KOREA COM. DE VEIC. E PC. LTDA;1,27E+13;GOIANIA;GO;28/05/2026;05/06/2026;03/06/2026;Entregue No Prazo;;Entrega realizada;Entrega Finalizada;5;6;28;5;RIO VERMELHO;9009;;;
MOBIS BRASIL FABRICACAO DE AUTO PECAS LT;RODOVIARIO;1517332;28/05/2026;10;345012;28/05/2026;CHINHAN AUTOMOVEIS LTDA;2,41E+13;ERECHIM;RS;28/05/2026;05/06/2026;03/06/2026;Entregue No Prazo;;Entrega realizada;Entrega Finalizada;5;6;28;5;TRANSTRY;23019;;;
MOBIS BRASIL FABRICACAO DE AUTO PECAS LT;RODOVIARIO;1517339;28/05/2026;6;345013;28/05/2026;CHINHAN AUTOMOVEIS LTDA.;2,41E+13;CACADOR;SC;28/05/2026;08/06/2026;03/06/2026;Entregue No Prazo;;Entrega realizada;Entrega Finalizada;8;6;28;5;TRANSTRY;24020;;;
MOBIS BRASIL FABRICACAO DE AUTO PECAS LT;RODOVIARIO;1517855;28/05/2026;14;344982;28/05/2026;SAGA ASIA COM. DE VEIC.PC.E SERV. LTDA;2,23E+13;VARZEA GRANDE;MT;28/05/2026;08/06/2026;03/06/2026;Entregue No Prazo;Avaria;Entrega realizada;Entrega Finalizada;8;6;28;5;CARVALIMA;13004;;;
MOBIS BRASIL FABRICACAO DE AUTO PECAS LT;RODOVIARIO;1517301;28/05/2026;3;344965;28/05/2026;COMETA MATO GROSSO COM. DE VEICULOS LTDA;1,54E+13;SINOP;MT;28/05/2026;09/06/2026;03/06/2026;Entregue No Prazo;;Entrega realizada;Entrega Finalizada;9;6;28;5;CARVALIMA;13003;;;
MOBIS BRASIL FABRICACAO DE AUTO PECAS LT;RODOVIARIO;1517302;28/05/2026;2;344965;28/05/2026;COMETA MATO GROSSO COM. DE VEICULOS LTDA;1,54E+13;SINOP;MT;28/05/2026;09/06/2026;03/06/2026;Entregue No Prazo;;Entrega realizada;Entrega Finalizada;9;6;28;5;CARVALIMA;13003;;;
MOBIS BRASIL FABRICACAO DE AUTO PECAS LT;RODOVIARIO;1518078;29/05/2026;5;345153;29/05/2026;TAI MOTORS VEICULOS S/A;9,27E+12;BELO HORIZONTE;MG;29/05/2026;03/06/2026;03/06/2026;Entregue No Prazo;;Entrega realizada;Entrega Finalizada;3;6;29;5;XD BETIM;8002;;;
MOBIS BRASIL FABRICACAO DE AUTO PECAS LT;RODOVIARIO;1518079;29/05/2026;3;345142;29/05/2026;CARBEL KOREA VEICULOS LTDA;2,07E+13;BELO HORIZONTE;MG;29/05/2026;03/06/2026;03/06/2026;Entregue No Prazo;;Entrega realizada;Entrega Finalizada;3;6;29;5;XD BETIM;11021;;;
MOBIS BRASIL FABRICACAO DE AUTO PECAS LT;RODOVIARIO;1518082;29/05/2026;2;345138;29/05/2026;BDG AUTOVILLE VEICULOS LTDA;4,77E+13;CONTAGEM;MG;29/05/2026;03/06/2026;03/06/2026;Entregue No Prazo;;Entrega realizada;Entrega Finalizada;3;6;29;5;XD BETIM;11037;;;
MOBIS BRASIL FABRICACAO DE AUTO PECAS LT;RODOVIARIO;1518083;29/05/2026;47;345138;29/05/2026;BDG AUTOVILLE VEICULOS LTDA;4,77E+13;CONTAGEM;MG;29/05/2026;03/06/2026;03/06/2026;Entregue No Prazo;;Entrega realizada;Entrega Finalizada;3;6;29;5;XD BETIM;11037;;;
MOBIS BRASIL FABRICACAO DE AUTO PECAS LT;RODOVIARIO;1518075;29/05/2026;1;345156;29/05/2026;URCA MOTORS VEICULOS LTDA;8,77E+12;UBERLANDIA;MG;29/05/2026;04/06/2026;03/06/2026;Entregue No Prazo;;Entrega realizada;Entrega Finalizada;4;6;29;5;XD BETIM;9014;;;
MOBIS BRASIL FABRICACAO DE AUTO PECAS LT;RODOVIARIO;1518108;29/05/2026;2;345201;29/05/2026;CAOA MOTOR DO BRASIL LTDA;1,68E+13;RIO DE JANEIRO;RJ;29/05/2026;04/06/2026;03/06/2026;Entregue No Prazo;;Entrega realizada;Entrega Finalizada;4;6;29;5;CAMILO;5008;;;
MOBIS BRASIL FABRICACAO DE AUTO PECAS LT;RODOVIARIO;1518111;29/05/2026;1;345200;29/05/2026;CAOA MOTOR DO BRASIL LTDA;1,68E+13;RIO DE JANEIRO;RJ;29/05/2026;04/06/2026;03/06/2026;Entregue No Prazo;;Entrega realizada;Entrega Finalizada;4;6;29;5;CAMILO;5008;;;
MOBIS BRASIL FABRICACAO DE AUTO PECAS LT;RODOVIARIO;1518129;29/05/2026;2;345166;29/05/2026;BARI VEICULOS LTDA.;7,46E+12;ITAJAI;SC;29/05/2026;04/06/2026;03/06/2026;Entregue No Prazo;;Entrega realizada;Entrega Finalizada;4;6;29;5;TRANSTRY;24014;;;
MOBIS BRASIL FABRICACAO DE AUTO PECAS LT;RODOVIARIO;1518069;29/05/2026;2;345225;29/05/2026;PRIME VILA VELHA VEICULOS LTDA.;2,14E+13;VILA VELHA;ES;29/05/2026;05/06/2026;03/06/2026;Entregue No Prazo;;Entrega realizada;Entrega Finalizada;5;6;29;5;CAMILO;8005;;;
MOBIS BRASIL FABRICACAO DE AUTO PECAS LT;RODOVIARIO;1518077;29/05/2026;5;345158;29/05/2026;VITAL COMERCIO DE VEICULOS LTDA;1,05E+13;IPATINGA;MG;29/05/2026;05/06/2026;03/06/2026;Entregue No Prazo;;Entrega realizada;Entrega Finalizada;5;6;29;5;XD BETIM;11016;;;
MOBIS BRASIL FABRICACAO DE AUTO PECAS LT;RODOVIARIO;1518081;29/05/2026;6;345144;29/05/2026;GNC GRANDE COREIA MINAS GERAIS COMERCIO;4,27E+13;MONTES CLAROS;MG;29/05/2026;05/06/2026;03/06/2026;Entregue No Prazo;;Entrega realizada;Entrega Finalizada;5;6;29;5;XD BETIM;11035;;;
MOBIS BRASIL FABRICACAO DE AUTO PECAS LT;RODOVIARIO;1518102;29/05/2026;2;345182;29/05/2026;ZENDAI VEICULOS LTDA;1,97E+13;TOLEDO;PR;29/05/2026;05/06/2026;03/06/2026;Entregue No Prazo;;Entrega realizada;Entrega Finalizada;5;6;29;5;TRANSTRY;18016;;;
MOBIS BRASIL FABRICACAO DE AUTO PECAS LT;RODOVIARIO;1518123;29/05/2026;2;345160;29/05/2026;ATUAL VEICULOS LTDA;1,33E+13;ARARANGUA;SC;29/05/2026;05/06/2026;03/06/2026;Entregue No Prazo;;Entrega realizada;Entrega Finalizada;5;6;29;5;TRANSTRY;24001;;;
MOBIS BRASIL FABRICACAO DE AUTO PECAS LT;RODOVIARIO;1518124;29/05/2026;6;345159;29/05/2026;ATUAL VEICULOS LTDA;1,33E+13;TUBARAO;SC;29/05/2026;05/06/2026;03/06/2026;Entregue No Prazo;;Entrega realizada;Entrega Finalizada;5;6;29;5;TRANSTRY;24001;;;
MOBIS BRASIL FABRICACAO DE AUTO PECAS LT;RODOVIARIO;1518125;29/05/2026;5;345179;29/05/2026;LR COMERCIO DE VEICULOS LTDA;1,05E+13;SAO JOSE;SC;29/05/2026;05/06/2026;03/06/2026;Entregue No Prazo;;Entrega realizada;Entrega Finalizada;5;6;29;5;TRANSTRY;24007;;;
MOBIS BRASIL FABRICACAO DE AUTO PECAS LT;RODOVIARIO;1518126;29/05/2026;3;345161;29/05/2026;BARI VEICULOS LTDA;7,46E+12;BLUMENAU;SC;29/05/2026;05/06/2026;03/06/2026;Entregue No Prazo;;Entrega realizada;Entrega Finalizada;5;6;29;5;TRANSTRY;18024;;;
MOBIS BRASIL FABRICACAO DE AUTO PECAS LT;RODOVIARIO;1518127;29/05/2026;11;345161;29/05/2026;BARI VEICULOS LTDA;7,46E+12;BLUMENAU;SC;29/05/2026;05/06/2026;03/06/2026;Entregue No Prazo;;Entrega realizada;Entrega Finalizada;5;6;29;5;TRANSTRY;18024;;;
MOBIS BRASIL FABRICACAO DE AUTO PECAS LT;RODOVIARIO;1518070;29/05/2026;2;345149;29/05/2026;NISA COMERCIAL DE VEIC. AUTOMOTORES LTDA;1,03E+13;APARECIDA DE GOIANIA;GO;29/05/2026;08/06/2026;03/06/2026;Entregue No Prazo;;Entrega realizada;Entrega Finalizada;8;6;29;5;RIO VERMELHO;9002;;;
MOBIS BRASIL FABRICACAO DE AUTO PECAS LT;RODOVIARIO;1518071;29/05/2026;14;345149;29/05/2026;NISA COMERCIAL DE VEIC. AUTOMOTORES LTDA;1,03E+13;APARECIDA DE GOIANIA;GO;29/05/2026;08/06/2026;03/06/2026;Entregue No Prazo;;Entrega realizada;Entrega Finalizada;8;6;29;5;RIO VERMELHO;9002;;;
MOBIS BRASIL FABRICACAO DE AUTO PECAS LT;RODOVIARIO;1518072;29/05/2026;114;345152;29/05/2026;SAGA KOREA COM. DE VEIC. E PC. LTDA;1,27E+13;GOIANIA;GO;29/05/2026;08/06/2026;03/06/2026;Entregue No Prazo;;Entrega realizada;Entrega Finalizada;8;6;29;5;RIO VERMELHO;9011;;;
MOBIS BRASIL FABRICACAO DE AUTO PECAS LT;RODOVIARIO;1518085;29/05/2026;2;345212;29/05/2026;GOLDEN MOTORS VEICULOS LTDA;3,62E+12;DOURADOS;MS;29/05/2026;08/06/2026;03/06/2026;Entregue No Prazo;;Entrega realizada;Entrega Finalizada;8;6;29;5;CARVALIMA;12001;;;
MOBIS BRASIL FABRICACAO DE AUTO PECAS LT;RODOVIARIO;1518087;29/05/2026;3;345229;29/05/2026;ULSAN COMERCIO DE VEICULOS LTDA.;2,10E+13;CAMPO GRANDE;MS;29/05/2026;08/06/2026;03/06/2026;Entregue No Prazo;;Entrega realizada;Entrega Finalizada;8;6;29;5;CARVALIMA;12004;;;
MOBIS BRASIL FABRICACAO DE AUTO PECAS LT;RODOVIARIO;1518130;29/05/2026;1;345165;29/05/2026;BARI VEICULOS LTDA;7,46E+12;BALNEARIO CAMBORIU;SC;29/05/2026;08/06/2026;03/06/2026;Entregue No Prazo;;Entrega realizada;Entrega Finalizada;8;6;29;5;TRANSTRY;18024;;;
MOBIS BRASIL FABRICACAO DE AUTO PECAS LT;RODOVIARIO;1518089;29/05/2026;1;345226;29/05/2026;SAGA ASIA COM. DE VEIC.PC.E SERV. LTDA;2,23E+13;VARZEA GRANDE;MT;29/05/2026;09/06/2026;03/06/2026;Entregue No Prazo;;Entrega realizada;Entrega Finalizada;9;6;29;5;CARVALIMA;13004;;;
MOBIS BRASIL FABRICACAO DE AUTO PECAS LT;RODOVIARIO;1518131;29/05/2026;6;345171;29/05/2026;CHINHAN AUTOMOVEIS LTDA.;2,41E+13;CACADOR;SC;29/05/2026;09/06/2026;03/06/2026;Entregue No Prazo;;Entrega realizada;Entrega Finalizada;9;6;29;5;TRANSTRY;24020;;;
MOBIS BRASIL FABRICACAO DE AUTO PECAS LT;RODOVIARIO;1518073;29/05/2026;1;345155;29/05/2026;URCA MOTORS VEICULOS LTDA;8,77E+12;ITUMBIARA;GO;29/05/2026;10/06/2026;03/06/2026;Entregue No Prazo;;Entrega realizada;Entrega Finalizada;10;6;29;5;RIO VERMELHO;9014;;;
MOBIS BRASIL FABRICACAO DE AUTO PECAS LT;RODOVIARIO;1518088;29/05/2026;4;345207;29/05/2026;COMETA MATO GROSSO COM. DE VEICULOS LTDA;1,54E+13;SINOP;MT;29/05/2026;10/06/2026;03/06/2026;Entregue No Prazo;;Entrega realizada;Entrega Finalizada;10;6;29;5;CARVALIMA;13003;;;
MOBIS BRASIL FABRICACAO DE AUTO PECAS LT;RODOVIARIO;1518090;29/05/2026;1;345206;29/05/2026;COMETA MATO GROSSO COM. DE VEICULOS LTDA;1,54E+13;RONDONOPOLIS;MT;29/05/2026;10/06/2026;03/06/2026;Entregue No Prazo;;Entrega realizada;Entrega Finalizada;10;6;29;5;CARVALIMA;13006;;;
MOBIS BRASIL FABRICACAO DE AUTO PECAS LT;RODOVIARIO;1518676;29/05/2026;21;345480;01/06/2026;TAI MOTORS VEICULOS S/A;9,27E+12;BELO HORIZONTE;MG;01/06/2026;04/06/2026;03/06/2026;Entregue No Prazo;;Entrega realizada;Entrega Finalizada;4;6;1;6;XD BETIM;8002;;;
MOBIS BRASIL FABRICACAO DE AUTO PECAS LT;RODOVIARIO;1518677;29/05/2026;20;345468;01/06/2026;CARBEL KOREA VEICULOS LTDA;2,07E+13;BELO HORIZONTE;MG;01/06/2026;04/06/2026;03/06/2026;Entregue No Prazo;;Entrega realizada;Entrega Finalizada;4;6;1;6;XD BETIM;11021;;;
MOBIS BRASIL FABRICACAO DE AUTO PECAS LT;RODOVIARIO;1518682;29/05/2026;42;345462;01/06/2026;BDG AUTOVILLE VEICULOS LTDA;4,77E+13;CONTAGEM;MG;01/06/2026;04/06/2026;03/06/2026;Entregue No Prazo;;Entrega realizada;Entrega Finalizada;4;6;1;6;XD BETIM;11037;;;
MOBIS BRASIL FABRICACAO DE AUTO PECAS LT;RODOVIARIO;1518672;29/05/2026;1;345486;01/06/2026;URCA MOTORS VEICULOS LTDA;8,77E+12;UBERLANDIA;MG;01/06/2026;05/06/2026;03/06/2026;Entregue No Prazo;;Entrega realizada;Entrega Finalizada;5;6;1;6;XD BETIM;9014;;;
MOBIS BRASIL FABRICACAO DE AUTO PECAS LT;RODOVIARIO;1518678;29/05/2026;3;345483;01/06/2026;TOKSU COMERCIO DE VEICULOS LTDA;1,12E+13;POUSO ALEGRE;MG;01/06/2026;05/06/2026;03/06/2026;Entregue No Prazo;;Entrega realizada;Entrega Finalizada;5;6;1;6;XD BETIM;11008;;;
MOBIS BRASIL FABRICACAO DE AUTO PECAS LT;RODOVIARIO;1518683;29/05/2026;1;345482;01/06/2026;TECAR TRILHASAUTOMOVEIS E SERVICOS ;2,32E+13;SETE LAGOAS;MG;01/06/2026;05/06/2026;03/06/2026;Entregue No Prazo;;Entrega realizada;Entrega Finalizada;5;6;1;6;XD BETIM;#N/D;;;
MOBIS BRASIL FABRICACAO DE AUTO PECAS LT;RODOVIARIO;1518701;29/05/2026;4;345538;01/06/2026;VETOR AUTOMOVEIS LTDA;2,12E+13;CASCAVEL;PR;01/06/2026;05/06/2026;03/06/2026;Entregue No Prazo;;Entrega realizada;Entrega Finalizada;5;6;1;6;TRANSTRY;18019;;;
MOBIS BRASIL FABRICACAO DE AUTO PECAS LT;RODOVIARIO;1518702;29/05/2026;1;345521;01/06/2026;BARI VEICULOS LTDA;7,46E+12;GUARAPUAVA;PR;01/06/2026;05/06/2026;03/06/2026;Entregue No Prazo;;Entrega realizada;Entrega Finalizada;5;6;1;6;TRANSTRY;18024;;;
MOBIS BRASIL FABRICACAO DE AUTO PECAS LT;RODOVIARIO;1518703;29/05/2026;13;345522;01/06/2026;BARI VEICULOS LTDA;7,46E+12;PONTA GROSSA;PR;01/06/2026;05/06/2026;03/06/2026;Entregue No Prazo;;Entrega realizada;Entrega Finalizada;5;6;1;6;TRANSTRY;18024;;;
MOBIS BRASIL FABRICACAO DE AUTO PECAS LT;RODOVIARIO;1518707;29/05/2026;2;345540;01/06/2026;AMX COM. E SERVICOS DE AUTOMOTORES LTDA;1,20E+13;RIO DE JANEIRO;RJ;01/06/2026;05/06/2026;03/06/2026;Entregue No Prazo;;Entrega realizada;Entrega Finalizada;5;6;1;6;CAMILO;19009;;;
MOBIS BRASIL FABRICACAO DE AUTO PECAS LT;RODOVIARIO;1518709;29/05/2026;2;345546;01/06/2026;CAOA MOTOR DO BRASIL LTDA;1,68E+13;RIO DE JANEIRO;RJ;01/06/2026;05/06/2026;03/06/2026;Entregue No Prazo;;Entrega realizada;Entrega Finalizada;5;6;1;6;CAMILO;5008;;;
MOBIS BRASIL FABRICACAO DE AUTO PECAS LT;RODOVIARIO;1518722;29/05/2026;2;345526;01/06/2026;BARI VEICULOS LTDA.;7,46E+12;JOINVILLE;SC;01/06/2026;05/06/2026;03/06/2026;Entregue No Prazo;;Entrega realizada;Entrega Finalizada;5;6;1;6;TRANSTRY;24013;;;
MOBIS BRASIL FABRICACAO DE AUTO PECAS LT;RODOVIARIO;1518723;29/05/2026;1;345527;01/06/2026;BARI VEICULOS LTDA.;7,46E+12;ITAJAI;SC;01/06/2026;05/06/2026;03/06/2026;Entregue No Prazo;;Entrega realizada;Entrega Finalizada;5;6;1;6;TRANSTRY;24014;;;
MOBIS BRASIL FABRICACAO DE AUTO PECAS LT;RODOVIARIO;1518966;30/05/2026;2;345486;01/06/2026;URCA MOTORS VEICULOS LTDA;8,77E+12;UBERLANDIA;MG;01/06/2026;05/06/2026;03/06/2026;Entregue No Prazo;;Entrega realizada;Entrega Finalizada;5;6;1;6;XD BETIM;9014;;;
MOBIS BRASIL FABRICACAO DE AUTO PECAS LT;RODOVIARIO;1518968;30/05/2026;1;345485;01/06/2026;URCA MOTORS VEICULOS LTDA;8,77E+12;PATOS DE MINAS;MG;01/06/2026;05/06/2026;03/06/2026;Entregue No Prazo;;Entrega realizada;Entrega Finalizada;5;6;1;6;XD BETIM;9014;;;
MOBIS BRASIL FABRICACAO DE AUTO PECAS LT;RODOVIARIO;1518971;30/05/2026;1;345521;01/06/2026;BARI VEICULOS LTDA;7,46E+12;GUARAPUAVA;PR;01/06/2026;05/06/2026;03/06/2026;Entregue No Prazo;;Entrega realizada;Entrega Finalizada;5;6;1;6;TRANSTRY;18024;;;
MOBIS BRASIL FABRICACAO DE AUTO PECAS LT;RODOVIARIO;1518674;29/05/2026;1;345491;01/06/2026;VITAL COMERCIO DE VEICULOS LTDA;1,05E+13;GOVERNADOR VALADARES;MG;01/06/2026;08/06/2026;03/06/2026;Entregue No Prazo;;Entrega realizada;Entrega Finalizada;8;6;1;6;XD BETIM;11016;;;
MOBIS BRASIL FABRICACAO DE AUTO PECAS LT;RODOVIARIO;1518675;29/05/2026;3;345492;01/06/2026;VITAL COMERCIO DE VEICULOS LTDA;1,05E+13;IPATINGA;MG;01/06/2026;08/06/2026;03/06/2026;Entregue No Prazo;;Entrega realizada;Entrega Finalizada;8;6;1;6;XD BETIM;11016;;;
MOBIS BRASIL FABRICACAO DE AUTO PECAS LT;RODOVIARIO;1518679;29/05/2026;2;345489;01/06/2026;VIME AUTOMOVEIS E PECAS LTDA;2,85E+13;GUAXUPE;MG;01/06/2026;08/06/2026;03/06/2026;Entregue No Prazo;;Entrega realizada;Entrega Finalizada;8;6;1;6;XD BETIM;11031;;;
MOBIS BRASIL FABRICACAO DE AUTO PECAS LT;RODOVIARIO;1518720;29/05/2026;4;345518;01/06/2026;ATUAL VEICULOS LTDA;1,33E+13;TUBARAO;SC;01/06/2026;08/06/2026;03/06/2026;Entregue No Prazo;;Entrega realizada;Entrega Finalizada;8;6;1;6;TRANSTRY;24001;;;
MOBIS BRASIL FABRICACAO DE AUTO PECAS LT;RODOVIARIO;1518721;29/05/2026;23;345524;01/06/2026;BARI VEICULOS LTDA;7,46E+12;BLUMENAU;SC;01/06/2026;08/06/2026;03/06/2026;Entregue No Prazo;;Entrega realizada;Entrega Finalizada;8;6;1;6;TRANSTRY;18024;;;
MOBIS BRASIL FABRICACAO DE AUTO PECAS LT;RODOVIARIO;1518724;29/05/2026;1;345530;01/06/2026;GAMBATTO H1 VEICULOS LTDA;1,94E+13;CHAPECO;SC;01/06/2026;08/06/2026;03/06/2026;Entregue No Prazo;;Entrega realizada;Entrega Finalizada;8;6;1;6;TRANSTRY;24018;;;
MOBIS BRASIL FABRICACAO DE AUTO PECAS LT;RODOVIARIO;1518729;29/05/2026;8;345520;01/06/2026;ATUAL VEICULOS LTDA;1,33E+13;ARARANGUA;SC;01/06/2026;08/06/2026;03/06/2026;Entregue No Prazo;;Entrega realizada;Entrega Finalizada;8;6;1;6;TRANSTRY;24001;;;
MOBIS BRASIL FABRICACAO DE AUTO PECAS LT;RODOVIARIO;1518972;30/05/2026;2;345575;01/06/2026;VIA VR VEICULOS LTDA;1,73E+13;VOLTA REDONDA;RJ;01/06/2026;08/06/2026;03/06/2026;Entregue No Prazo;;Entrega realizada;Entrega Finalizada;8;6;1;6;CAMILO;19016;;;
MOBIS BRASIL FABRICACAO DE AUTO PECAS LT;RODOVIARIO;1518974;30/05/2026;10;345518;01/06/2026;ATUAL VEICULOS LTDA;1,33E+13;TUBARAO;SC;01/06/2026;08/06/2026;03/06/2026;Entregue No Prazo;;Entrega realizada;Entrega Finalizada;8;6;1;6;TRANSTRY;24001;;;
MOBIS BRASIL FABRICACAO DE AUTO PECAS LT;RODOVIARIO;1518975;30/05/2026;9;345524;01/06/2026;BARI VEICULOS LTDA;7,46E+12;BLUMENAU;SC;01/06/2026;08/06/2026;03/06/2026;Entregue No Prazo;;Entrega realizada;Entrega Finalizada;8;6;1;6;TRANSTRY;18024;;;
MOBIS BRASIL FABRICACAO DE AUTO PECAS LT;RODOVIARIO;1518976;30/05/2026;8;345524;01/06/2026;BARI VEICULOS LTDA;7,46E+12;BLUMENAU;SC;01/06/2026;08/06/2026;03/06/2026;Entregue No Prazo;;Entrega realizada;Entrega Finalizada;8;6;1;6;TRANSTRY;18024;;;
MOBIS BRASIL FABRICACAO DE AUTO PECAS LT;RODOVIARIO;1519347;30/05/2026;1;345575;01/06/2026;VIA VR VEICULOS LTDA;1,73E+13;VOLTA REDONDA;RJ;01/06/2026;08/06/2026;03/06/2026;Entregue No Prazo;;Entrega realizada;Entrega Finalizada;8;6;1;6;CAMILO;19016;;;
MOBIS BRASIL FABRICACAO DE AUTO PECAS LT;RODOVIARIO;1519363;30/05/2026;3;345520;01/06/2026;ATUAL VEICULOS LTDA;1,33E+13;ARARANGUA;SC;01/06/2026;08/06/2026;03/06/2026;Entregue No Prazo;;Entrega realizada;Entrega Finalizada;8;6;1;6;TRANSTRY;24001;;;
MOBIS BRASIL FABRICACAO DE AUTO PECAS LT;RODOVIARIO;1518684;29/05/2026;4;345552;01/06/2026;GOLDEN MOTORS VEICULOS LTDA;3,62E+12;TRES LAGOAS;MS;01/06/2026;09/06/2026;03/06/2026;Entregue No Prazo;;Entrega realizada;Entrega Finalizada;9;6;1;6;CARVALIMA;12001;;;
MOBIS BRASIL FABRICACAO DE AUTO PECAS LT;RODOVIARIO;1518725;29/05/2026;7;345529;01/06/2026;CHINHAN AUTOMOVEIS LTDA.;2,41E+13;CACADOR;SC;01/06/2026;10/06/2026;03/06/2026;Entregue No Prazo;;Entrega realizada;Entrega Finalizada;10;6;1;6;TRANSTRY;24020;;;
MOBIS BRASIL FABRICACAO DE AUTO PECAS LT;RODOVIARIO;1519869;02/06/2026;2;345648;02/06/2026;GRAND SPORT COM. DE VEIC. E PECAS LTDA;8,58E+12;SAO PAULO;SP;02/06/2026;04/06/2026;03/06/2026;Entregue No Prazo;;Entrega realizada;Entrega Finalizada;4;6;2;6;XD DIADEMA;26034;;;
MOBIS BRASIL FABRICACAO DE AUTO PECAS LT;RODOVIARIO;1519872;02/06/2026;15;345649;02/06/2026;GRANDAY AUTOMOTORES LTDA (CHAC. CALIFOR);1,57E+13;SAO PAULO;SP;02/06/2026;04/06/2026;03/06/2026;Entregue No Prazo;;Entrega realizada;Entrega Finalizada;4;6;2;6;XD DIADEMA;26090;;;
MOBIS BRASIL FABRICACAO DE AUTO PECAS LT;RODOVIARIO;1519845;02/06/2026;2;345678;02/06/2026;SEVEC VEICULOS LTDA;5,68E+11;CURITIBA;PR;02/06/2026;05/06/2026;03/06/2026;Entregue No Prazo;;Entrega realizada;Entrega Finalizada;5;6;2;6;TRANSTRY;18012;;;
MOBIS BRASIL FABRICACAO DE AUTO PECAS LT;RODOVIARIO;1519849;02/06/2026;1;345666;02/06/2026;BARI VEICULOS LTDA.;7,46E+12;CURITIBA;PR;02/06/2026;05/06/2026;03/06/2026;Entregue No Prazo;;Entrega realizada;Entrega Finalizada;5;6;2;6;TRANSTRY;18029;;;
MOBIS BRASIL FABRICACAO DE AUTO PECAS LT;RODOVIARIO;1519850;02/06/2026;8;345662;02/06/2026;BARI VEICULOS LTDA;7,46E+12;CURITIBA;PR;02/06/2026;05/06/2026;03/06/2026;Entregue No Prazo;;Entrega realizada;Entrega Finalizada;5;6;2;6;TRANSTRY;18024;;;
MOBIS BRASIL FABRICACAO DE AUTO PECAS LT;RODOVIARIO;1519867;02/06/2026;6;345597;02/06/2026;ANDRETA II DISTRIBUIDORA DE VEIC. LTDA;9,10E+12;CAMPINAS;SP;02/06/2026;05/06/2026;03/06/2026;Entregue No Prazo;Avaria;Entrega realizada;Entrega Finalizada;5;6;2;6;MVT;26011;;;
MOBIS BRASIL FABRICACAO DE AUTO PECAS LT;RODOVIARIO;1518728;29/05/2026;2;345588;02/06/2026;HYMAX DISTRIBUIDORA DE VEICULOS LTDA;1,73E+13;MOGI GUACU;SP;02/06/2026;08/06/2026;03/06/2026;Entregue No Prazo;Avaria;Entrega realizada;Entrega Finalizada;8;6;2;6;MVT;26002;;;
MOBIS BRASIL FABRICACAO DE AUTO PECAS LT;RODOVIARIO;1520404;03/06/2026;3;345847;03/06/2026;BILLY DISTRIBUIDORA DE VEICULOS LTDA;1,34E+13;SAO CAETANO DO SUL;SP;03/06/2026;05/06/2026;03/06/2026;Entregue No Prazo;;Entrega realizada;Entrega Finalizada;5;6;3;6;BV LOG;26003;;;
MOBIS BRASIL FABRICACAO DE AUTO PECAS LT;RODOVIARIO;1520405;03/06/2026;47;345847;03/06/2026;BILLY DISTRIBUIDORA DE VEICULOS LTDA;1,34E+13;SAO CAETANO DO SUL;SP;03/06/2026;05/06/2026;03/06/2026;Entregue No Prazo;;Entrega realizada;Entrega Finalizada;5;6;3;6;BV LOG;26003;;;
MOBIS BRASIL FABRICACAO DE AUTO PECAS LT;RODOVIARIO;1520412;03/06/2026;23;345848;03/06/2026;GRANDAY AUTOMOTORES LTDA (CHAC. CALIFOR);1,57E+13;SAO PAULO;SP;03/06/2026;05/06/2026;03/06/2026;Entregue No Prazo;;Entrega realizada;Entrega Finalizada;5;6;3;6;BV LOG;26090;;;
MOBIS BRASIL FABRICACAO DE AUTO PECAS LT;RODOVIARIO;1520396;03/06/2026;1;345850;03/06/2026;ANDRETA II DISTRIBUIDORA DE VEIC. LTDA;9,10E+12;CAMPINAS;SP;03/06/2026;08/06/2026;03/06/2026;Entregue No Prazo;;Entrega realizada;Entrega Finalizada;8;6;3;6;BV LOG;26011;;;
MOBIS BRASIL FABRICACAO DE AUTO PECAS LT;RODOVIARIO;1520397;03/06/2026;13;345850;03/06/2026;ANDRETA II DISTRIBUIDORA DE VEIC. LTDA;9,10E+12;CAMPINAS;SP;03/06/2026;08/06/2026;03/06/2026;Entregue No Prazo;;Entrega realizada;Entrega Finalizada;8;6;3;6;BV LOG;26011;;;
MOBIS BRASIL FABRICACAO DE AUTO PECAS LT;RODOVIARIO;1520409;03/06/2026;5;345851;03/06/2026;CAOA MOTOR DO BRASIL LTDA;1,68E+13;CAMPINAS;SP;03/06/2026;08/06/2026;03/06/2026;Entregue No Prazo;;Entrega realizada;Entrega Finalizada;8;6;3;6;BV LOG;5008;;;
MOBIS BRASIL FABRICACAO DE AUTO PECAS LT;RODOVIARIO;1520410;03/06/2026;13;345852;03/06/2026;DESTAQUE SEUL DISTR. DE VEIC. E PC. LTDA;2,12E+13;ATIBAIA;SP;03/06/2026;08/06/2026;03/06/2026;Entregue No Prazo;;Entrega realizada;Entrega Finalizada;8;6;3;6;BV LOG;26075;;;
MOBIS BRASIL FABRICACAO DE AUTO PECAS LT;RODOVIARIO;1515525;25/05/2026;2;344036;25/05/2026;PATEO COMERCIO DE VEICULOS S A;7,78E+12;JOAO PESSOA;PB;25/05/2026;09/06/2026;04/06/2026;Entregue No Prazo;;Entrega realizada;Entrega Finalizada;9;6;25;5;TERMACO;15003;;;
MOBIS BRASIL FABRICACAO DE AUTO PECAS LT;RODOVIARIO;1515526;25/05/2026;50;344039;25/05/2026;PATEO COMERCIO DE VEICULOS S A;7,78E+12;RECIFE;PE;25/05/2026;09/06/2026;04/06/2026;Entregue No Prazo;;Entrega realizada;Entrega Finalizada;9;6;25;5;TERMACO;16004;;;
MOBIS BRASIL FABRICACAO DE AUTO PECAS LT;RODOVIARIO;1518977;30/05/2026;2;345589;02/06/2026;NOBRE DISTRIBUIDORA DE VEICULOS E PECAS;5,76E+12;MOGI DAS CRUZES;SP;02/06/2026;04/06/2026;04/06/2026;Entregue No Prazo;;Entrega realizada;Entrega Finalizada;4;6;2;6;MVT;26004;;;
MOBIS BRASIL FABRICACAO DE AUTO PECAS LT;RODOVIARIO;1519865;02/06/2026;1;345598;02/06/2026;BILLY DISTRIBUIDORA DE VEICULOS LTDA;1,34E+13;BARUERI;SP;02/06/2026;04/06/2026;04/06/2026;Entregue No Prazo;;Entrega realizada;Entrega Finalizada;4;6;2;6;MVT;26003;;;
MOBIS BRASIL FABRICACAO DE AUTO PECAS LT;RODOVIARIO;1518732;29/05/2026;3;345583;02/06/2026;DHC COMERCIO DE VEICULOS E PECAS LTDA;9,52E+12;BAURU;SP;02/06/2026;05/06/2026;04/06/2026;Entregue No Prazo;;Entrega realizada;Entrega Finalizada;5;6;2;6;MVT;26010;;;
MOBIS BRASIL FABRICACAO DE AUTO PECAS LT;RODOVIARIO;1518733;29/05/2026;7;345578;02/06/2026;ANDRETA II DISTRIBUIDORA DE VEIC. LTDA;9,10E+12;CAMPINAS;SP;02/06/2026;05/06/2026;04/06/2026;Entregue No Prazo;;Entrega realizada;Entrega Finalizada;5;6;2;6;MVT;26011;;;
MOBIS BRASIL FABRICACAO DE AUTO PECAS LT;RODOVIARIO;1518735;29/05/2026;2;345577;02/06/2026;ANDRETA II DISTRIB.DE VEICULOS LTDA.;9,10E+12;JUNDIAI;SP;02/06/2026;05/06/2026;04/06/2026;Entregue No Prazo;;Entrega realizada;Entrega Finalizada;5;6;2;6;MVT;26040;;;
MOBIS BRASIL FABRICACAO DE AUTO PECAS LT;RODOVIARIO;1518740;29/05/2026;2;345580;02/06/2026;ANDRETA II DISTRIBUIDORA DE VEIC. LTDA;9,10E+12;INDAIATUBA;SP;02/06/2026;05/06/2026;04/06/2026;Entregue No Prazo;;Entrega realizada;Entrega Finalizada;5;6;2;6;MVT;26011;;;
MOBIS BRASIL FABRICACAO DE AUTO PECAS LT;RODOVIARIO;1518745;29/05/2026;16;345581;02/06/2026;DESTAQUE SEUL DISTR. DE VEIC. E PC. LTDA;2,12E+13;ATIBAIA;SP;02/06/2026;05/06/2026;04/06/2026;Entregue No Prazo;;Entrega realizada;Entrega Finalizada;5;6;2;6;MVT;26075;;;
MOBIS BRASIL FABRICACAO DE AUTO PECAS LT;RODOVIARIO;1518978;30/05/2026;9;345583;02/06/2026;DHC COMERCIO DE VEICULOS E PECAS LTDA;9,52E+12;BAURU;SP;02/06/2026;05/06/2026;04/06/2026;Entregue No Prazo;;Entrega realizada;Entrega Finalizada;5;6;2;6;MVT;26010;;;
MOBIS BRASIL FABRICACAO DE AUTO PECAS LT;RODOVIARIO;1519825;02/06/2026;11;345646;02/06/2026;CARBEL KOREA VEICULOS LTDA;2,07E+13;BELO HORIZONTE;MG;02/06/2026;05/06/2026;04/06/2026;Entregue No Prazo;;Entrega realizada;Entrega Finalizada;5;6;2;6;XD BETIM;11021;;;
MOBIS BRASIL FABRICACAO DE AUTO PECAS LT;RODOVIARIO;1519866;02/06/2026;1;345601;02/06/2026;DHC COMERCIO DE VEICULOS E PECAS LTDA;9,52E+12;BAURU;SP;02/06/2026;05/06/2026;04/06/2026;Entregue No Prazo;;Entrega realizada;Entrega Finalizada;5;6;2;6;MVT;26010;;;
MOBIS BRASIL FABRICACAO DE AUTO PECAS LT;RODOVIARIO;1519868;02/06/2026;3;345605;02/06/2026;MOTONET COMERCIO DE VEICULOS LTDA;9,28E+12;SOROCABA;SP;02/06/2026;05/06/2026;04/06/2026;Entregue No Prazo;;Entrega realizada;Entrega Finalizada;5;6;2;6;MVT;26113;;;
MOBIS BRASIL FABRICACAO DE AUTO PECAS LT;RODOVIARIO;1519870;02/06/2026;2;345599;02/06/2026;CAOA MOTOR DO BRASIL LTDA;1,68E+13;SAO CARLOS;SP;02/06/2026;05/06/2026;04/06/2026;Entregue No Prazo;;Entrega realizada;Entrega Finalizada;5;6;2;6;MVT;5008;;;
MOBIS BRASIL FABRICACAO DE AUTO PECAS LT;RODOVIARIO;1518727;29/05/2026;1;345588;02/06/2026;HYMAX DISTRIBUIDORA DE VEICULOS LTDA;1,73E+13;MOGI GUACU;SP;02/06/2026;08/06/2026;04/06/2026;Entregue No Prazo;;Entrega realizada;Entrega Finalizada;8;6;2;6;MVT;26002;;;
MOBIS BRASIL FABRICACAO DE AUTO PECAS LT;RODOVIARIO;1518744;29/05/2026;1;345585;02/06/2026;GOLDEN MOTORS VEICULOS LTDA;3,62E+12;PRESIDENTE PRUDENTE;SP;02/06/2026;08/06/2026;04/06/2026;Entregue No Prazo;;Entrega realizada;Entrega Finalizada;8;6;2;6;MVT;12001;;;
MOBIS BRASIL FABRICACAO DE AUTO PECAS LT;RODOVIARIO;1518746;29/05/2026;1;345582;02/06/2026;DHC COMERCIO DE VEICULOS E PECAS LTDA;9,52E+12;JAU;SP;02/06/2026;08/06/2026;04/06/2026;Entregue No Prazo;;Entrega realizada;Entrega Finalizada;8;6;2;6;MVT;26010;;;
MOBIS BRASIL FABRICACAO DE AUTO PECAS LT;RODOVIARIO;1518749;29/05/2026;2;345586;02/06/2026;H - CAMINHO AUTOMOVEIS LTDA;2,53E+13;PIRACICABA;SP;02/06/2026;08/06/2026;04/06/2026;Entregue No Prazo;;Entrega realizada;Entrega Finalizada;8;6;2;6;MVT;26092;;;
MOBIS BRASIL FABRICACAO DE AUTO PECAS LT;RODOVIARIO;1518750;29/05/2026;1;345584;02/06/2026;DHC COMERCIO DE VEICULOS E PECAS LTDA;9,52E+12;OURINHOS;SP;02/06/2026;08/06/2026;04/06/2026;Entregue No Prazo;;Entrega realizada;Entrega Finalizada;8;6;2;6;MVT;26010;;;
MOBIS BRASIL FABRICACAO DE AUTO PECAS LT;RODOVIARIO;1518751;29/05/2026;1;345579;02/06/2026;ANDRETA II DISTRIBUIDORA DE VEIC. LTDA;9,10E+12;RIO CLARO;SP;02/06/2026;08/06/2026;04/06/2026;Entregue No Prazo;;Entrega realizada;Entrega Finalizada;8;6;2;6;MVT;26011;;;
MOBIS BRASIL FABRICACAO DE AUTO PECAS LT;RODOVIARIO;1519864;02/06/2026;1;345604;02/06/2026;HYMAX DISTRIBUIDORA DE VEICULOS LTDA;1,73E+13;MOGI GUACU;SP;02/06/2026;08/06/2026;04/06/2026;Entregue No Prazo;;Entrega realizada;Entrega Finalizada;8;6;2;6;MVT;26002;;;
MOBIS BRASIL FABRICACAO DE AUTO PECAS LT;RODOVIARIO;1519873;02/06/2026;2;345603;02/06/2026;H - CAMINHO AUTOMOVEIS LTDA;2,53E+13;PIRACICABA;SP;02/06/2026;08/06/2026;04/06/2026;Entregue No Prazo;;Entrega realizada;Entrega Finalizada;8;6;2;6;MVT;26092;;;
MOBIS BRASIL FABRICACAO DE AUTO PECAS LT;RODOVIARIO;1519874;02/06/2026;1;345602;02/06/2026;H - CAMINHO AUTOMOVEIS LTDA;2,53E+13;CATANDUVA;SP;02/06/2026;08/06/2026;04/06/2026;Entregue No Prazo;;Entrega realizada;Entrega Finalizada;8;6;2;6;MVT;26092;;;
MOBIS BRASIL FABRICACAO DE AUTO PECAS LT;RODOVIARIO;1520398;03/06/2026;73;346021;03/06/2026;NEW VEICULOS E PECAS LTDA;1,59E+13;RIBEIRAO PRETO;SP;03/06/2026;08/06/2026;04/06/2026;Entregue No Prazo;;Entrega realizada;Entrega Finalizada;8;6;3;6;MVT;26014;;;
MOBIS BRASIL FABRICACAO DE AUTO PECAS LT;RODOVIARIO;1520401;03/06/2026;1;346016;03/06/2026;ANDRETA II DISTRIB.DE VEICULOS LTDA.;9,10E+12;JUNDIAI;SP;03/06/2026;08/06/2026;04/06/2026;Entregue No Prazo;;Entrega realizada;Entrega Finalizada;8;6;3;6;MVT;26040;;;
MOBIS BRASIL FABRICACAO DE AUTO PECAS LT;RODOVIARIO;1520402;03/06/2026;2;346016;03/06/2026;ANDRETA II DISTRIB.DE VEICULOS LTDA.;9,10E+12;JUNDIAI;SP;03/06/2026;08/06/2026;04/06/2026;Entregue No Prazo;;Entrega realizada;Entrega Finalizada;8;6;3;6;MVT;26040;;;
MOBIS BRASIL FABRICACAO DE AUTO PECAS LT;RODOVIARIO;1520406;03/06/2026;2;346020;03/06/2026;H R B COMERCIO DE VEICULOS LTDA;1,82E+13;SAO JOSE DO RIO PRETO;SP;03/06/2026;09/06/2026;04/06/2026;Entregue No Prazo;;Entrega realizada;Entrega Finalizada;9;6;3;6;MVT;26050;;;
MOBIS BRASIL FABRICACAO DE AUTO PECAS LT;RODOVIARIO;1520407;03/06/2026;6;346020;03/06/2026;H R B COMERCIO DE VEICULOS LTDA;1,82E+13;SAO JOSE DO RIO PRETO;SP;03/06/2026;09/06/2026;04/06/2026;Entregue No Prazo;;Entrega realizada;Entrega Finalizada;9;6;3;6;MVT;26050;;;
MOBIS BRASIL FABRICACAO DE AUTO PECAS LT;RODOVIARIO;1520411;03/06/2026;1;346017;03/06/2026;DESTAQUE SEUL DISTR DE VEIC PEC LTDA;2,12E+13;CARAGUATATUBA;SP;03/06/2026;09/06/2026;04/06/2026;Entregue No Prazo;;Entrega realizada;Entrega Finalizada;9;6;3;6;MVT;26082;;;
MOBIS BRASIL FABRICACAO DE AUTO PECAS LT;RODOVIARIO;1520414;03/06/2026;1;346019;03/06/2026;H - CAMINHO AUTOMOVEIS LTDA;2,53E+13;CATANDUVA;SP;03/06/2026;09/06/2026;04/06/2026;Entregue No Prazo;;Entrega realizada;Entrega Finalizada;9;6;3;6;MVT;26092;;;
MOBIS BRASIL FABRICACAO DE AUTO PECAS LT;RODOVIARIO;1520415;03/06/2026;1;346018;03/06/2026;GOLDEN MOTORS VEICULOS LTDA;3,62E+12;VOTUPORANGA;SP;03/06/2026;09/06/2026;04/06/2026;Entregue No Prazo;;Entrega realizada;Entrega Finalizada;9;6;3;6;MVT;12001;;;
MOBIS BRASIL FABRICACAO DE AUTO PECAS LT;RODOVIARIO;1513453;20/05/2026;121;343315;20/05/2026;FAZZA MOTORS COMERCIO DE VEICULOS LTDA;1,24E+13;FORTALEZA;CE;20/05/2026;03/06/2026;05/06/2026;Entregue No Prazo;;Entrega realizada;Entrega Finalizada;3;6;20;5;TERMACO;5007;;;
MOBIS BRASIL FABRICACAO DE AUTO PECAS LT;RODOVIARIO;1513454;20/05/2026;7;343314;20/05/2026;FAZZA MOTORS COM. DE VEICULOS LTDA;1,24E+13;FORTALEZA;CE;20/05/2026;03/06/2026;05/06/2026;Entregue No Prazo;;Entrega realizada;Entrega Finalizada;3;6;20;5;TERMACO;6001;;;
MOBIS BRASIL FABRICACAO DE AUTO PECAS LT;RODOVIARIO;1513476;20/05/2026;99;343315;20/05/2026;FAZZA MOTORS COMERCIO DE VEICULOS LTDA;1,24E+13;FORTALEZA;CE;20/05/2026;03/06/2026;05/06/2026;Entregue No Prazo;;Entrega realizada;Entrega Finalizada;3;6;20;5;TERMACO;5007;;;
MOBIS BRASIL FABRICACAO DE AUTO PECAS LT;RODOVIARIO;1512836;20/05/2026;2;343322;20/05/2026;MISO VEICULOS LTDA;1,85E+13;MACAPA;AP;20/05/2026;10/06/2026;05/06/2026;Entregue No Prazo;;Entrega realizada;Entrega Finalizada;10;6;20;5;CARVALIMA;4001;;;
MOBIS BRASIL FABRICACAO DE AUTO PECAS LT;RODOVIARIO;1512834;20/05/2026;1;343330;20/05/2026;PATEO COMERCIO DE VEICULOS S A;7,78E+12;MANAUS;AM;20/05/2026;15/06/2026;05/06/2026;Entregue No Prazo;;Entrega realizada;Entrega Finalizada;15;6;20;5;CARVALIMA;3002;Aniversário do Estado do Acre;Estadual;AC
MOBIS BRASIL FABRICACAO DE AUTO PECAS LT;RODOVIARIO;1512835;20/05/2026;2;343330;20/05/2026;PATEO COMERCIO DE VEICULOS S A;7,78E+12;MANAUS;AM;20/05/2026;15/06/2026;05/06/2026;Entregue No Prazo;;Entrega realizada;Entrega Finalizada;15;6;20;5;CARVALIMA;3002;Aniversário do Estado do Acre;Estadual;AC
MOBIS BRASIL FABRICACAO DE AUTO PECAS LT;RODOVIARIO;1513665;21/05/2026;5;343626;21/05/2026;SAINT LAND COMERCIO DE VEICULOS LTDA;1,04E+13;NATAL;RN;21/05/2026;05/06/2026;05/06/2026;Entregue No Prazo;;Entrega realizada;Entrega Finalizada;5;6;21;5;TERMACO;6010;;;
MOBIS BRASIL FABRICACAO DE AUTO PECAS LT;RODOVIARIO;1513599;21/05/2026;3;343619;21/05/2026;PATEO COMERCIO DE VEICULOS S A;7,78E+12;MANAUS;AM;21/05/2026;16/06/2026;05/06/2026;Entregue No Prazo;;Entrega realizada;Entrega Finalizada;16;6;21;5;CARVALIMA;3002;;;
MOBIS BRASIL FABRICACAO DE AUTO PECAS LT;RODOVIARIO;1514226;21/05/2026;3;343816;21/05/2026;PATEO COMERCIO DE VEICULOS S A;7,78E+12;MANAUS;AM;21/05/2026;16/06/2026;05/06/2026;Entregue No Prazo;;Entrega realizada;Entrega Finalizada;16;6;21;5;CARVALIMA;3002;;;
MOBIS BRASIL FABRICACAO DE AUTO PECAS LT;RODOVIARIO;1515541;25/05/2026;9;344033;25/05/2026;ORIENTE AUTOMOVEIS LTDA;1,33E+13;PARNAMIRIM;RN;25/05/2026;10/06/2026;05/06/2026;Entregue No Prazo;;Entrega realizada;Entrega Finalizada;10;6;25;5;TERMACO;20001;;;
MOBIS BRASIL FABRICACAO DE AUTO PECAS LT;RODOVIARIO;1515527;25/05/2026;1;344027;25/05/2026;GREEN CITY VEICULOS LTDA;2,10E+13;PARNAIBA;PI;25/05/2026;12/06/2026;05/06/2026;Entregue No Prazo;;Entrega realizada;Entrega Finalizada;12;6;25;5;TERMACO;17002;;;
MOBIS BRASIL FABRICACAO DE AUTO PECAS LT;RODOVIARIO;1516328;26/05/2026;2;344283;26/05/2026;CYCOSA AUTOMOVEIS LTDA;4,76E+12;MACEIO;AL;26/05/2026;09/06/2026;05/06/2026;Entregue No Prazo;;Entrega realizada;Entrega Finalizada;9;6;26;5;TERMACO;2001;;;
MOBIS BRASIL FABRICACAO DE AUTO PECAS LT;RODOVIARIO;1516383;26/05/2026;2;344308;26/05/2026;SAINT LAND COMERCIO DE VEICULOS LTDA;1,04E+13;NATAL;RN;26/05/2026;10/06/2026;05/06/2026;Entregue No Prazo;;Entrega realizada;Entrega Finalizada;10;6;26;5;CARVALIMA;6010;;;
MOBIS BRASIL FABRICACAO DE AUTO PECAS LT;RODOVIARIO;1516362;26/05/2026;1;344294;26/05/2026;JPN PATOS COMERCIO DE VEICULOS LTDA;4,20E+13;PATOS;PB;26/05/2026;11/06/2026;05/06/2026;Entregue No Prazo;;Entrega realizada;Entrega Finalizada;11;6;26;5;TERMACO;15004;;;
MOBIS BRASIL FABRICACAO DE AUTO PECAS LT;RODOVIARIO;1516363;26/05/2026;4;344278;26/05/2026;AUTORAC VEICULOS LTDA;1,06E+13;CARUARU;PE;26/05/2026;11/06/2026;05/06/2026;Entregue No Prazo;;Entrega realizada;Entrega Finalizada;11;6;26;5;TERMACO;16001;;;
MOBIS BRASIL FABRICACAO DE AUTO PECAS LT;RODOVIARIO;1516364;26/05/2026;5;344292;26/05/2026;JPN COMERCIO DE AUTOMOVEIS LTDA;2,61E+13;GARANHUNS;PE;26/05/2026;11/06/2026;05/06/2026;Entregue No Prazo;;Entrega realizada;Entrega Finalizada;11;6;26;5;TERMACO;16009;;;
MOBIS BRASIL FABRICACAO DE AUTO PECAS LT;RODOVIARIO;1516382;26/05/2026;13;344301;26/05/2026;ORIENTE AUTOMOVEIS LTDA;1,33E+13;PARNAMIRIM;RN;26/05/2026;11/06/2026;05/06/2026;Entregue No Prazo;;Entrega realizada;Entrega Finalizada;11;6;26;5;TERMACO;20001;;;
MOBIS BRASIL FABRICACAO DE AUTO PECAS LT;RODOVIARIO;1516643;27/05/2026;1;344566;27/05/2026;FAZZA MOTORS COMERCIO DE VEICULOS LTDA;1,24E+13;SALVADOR;BA;27/05/2026;08/06/2026;05/06/2026;Entregue No Prazo;;Entrega realizada;Entrega Finalizada;8;6;27;5;TERMACO;5007;;;
MOBIS BRASIL FABRICACAO DE AUTO PECAS LT;RODOVIARIO;1516644;27/05/2026;31;344566;27/05/2026;FAZZA MOTORS COMERCIO DE VEICULOS LTDA;1,24E+13;SALVADOR;BA;27/05/2026;08/06/2026;05/06/2026;Entregue No Prazo;;Entrega realizada;Entrega Finalizada;8;6;27;5;TERMACO;5007;;;
MOBIS BRASIL FABRICACAO DE AUTO PECAS LT;RODOVIARIO;1516638;27/05/2026;3;344565;27/05/2026;CYCOSA AUTOMOVEIS LTDA;4,76E+12;MACEIO;AL;27/05/2026;10/06/2026;05/06/2026;Entregue No Prazo;;Entrega realizada;Entrega Finalizada;10;6;27;5;TERMACO;2001;;;
MOBIS BRASIL FABRICACAO DE AUTO PECAS LT;RODOVIARIO;1516641;27/05/2026;2;344560;27/05/2026;AIKON VEICULOS LTDA;1,17E+13;VITORIA DA CONQUISTA;BA;27/05/2026;11/06/2026;05/06/2026;Entregue No Prazo;;Entrega realizada;Entrega Finalizada;11;6;27;5;TERMACO;5002;;;
MOBIS BRASIL FABRICACAO DE AUTO PECAS LT;RODOVIARIO;1516646;27/05/2026;1;344572;27/05/2026;MASTER COMERCIAL DE VEICULOS LTDA;2,85E+13;BARREIRAS;BA;27/05/2026;11/06/2026;05/06/2026;Entregue No Prazo;;Entrega realizada;Entrega Finalizada;11;6;27;5;TERMACO;5012;;;
MOBIS BRASIL FABRICACAO DE AUTO PECAS LT;RODOVIARIO;1516690;27/05/2026;5;344583;27/05/2026;SAINT LAND COMERCIO DE VEICULOS LTDA;1,04E+13;NATAL;RN;27/05/2026;11/06/2026;05/06/2026;Entregue No Prazo;;Entrega realizada;Entrega Finalizada;11;6;27;5;TERMACO;6010;;;
MOBIS BRASIL FABRICACAO DE AUTO PECAS LT;RODOVIARIO;1516689;27/05/2026;2;344576;27/05/2026;ORIENTE AUTOMOVEIS LTDA;1,33E+13;PARNAMIRIM;RN;27/05/2026;12/06/2026;05/06/2026;Entregue No Prazo;;Entrega realizada;Entrega Finalizada;12;6;27;5;TERMACO;20001;;;
MOBIS BRASIL FABRICACAO DE AUTO PECAS LT;RODOVIARIO;1517287;28/05/2026;2;344955;28/05/2026;SAGA KOREA COM. DE VEIC. E PC. LTDA;1,27E+13;GOIANIA;GO;28/05/2026;05/06/2026;05/06/2026;Entregue No Prazo;;Entrega realizada;Entrega Finalizada;5;6;28;5;RIO VERMELHO;9011;;;
MOBIS BRASIL FABRICACAO DE AUTO PECAS LT;RODOVIARIO;1517830;28/05/2026;2;344981;28/05/2026;SAGA ASIA COM. DE VEIC.PC.E SERV. LTDA;2,14E+13;PORTO VELHO;RO;28/05/2026;05/06/2026;05/06/2026;Entregue No Prazo;;Entrega realizada;Entrega Finalizada;5;6;28;5;CARVALIMA;21003;;;
MOBIS BRASIL FABRICACAO DE AUTO PECAS LT;RODOVIARIO;1517288;28/05/2026;3;344947;28/05/2026;NASA MOTORS LTDA.;2,65E+13;SAO LUIS DE MONTES BELOS;GO;28/05/2026;11/06/2026;05/06/2026;Entregue No Prazo;;Entrega realizada;Entrega Finalizada;11;6;28;5;RIO VERMELHO;9016;;;
MOBIS BRASIL FABRICACAO DE AUTO PECAS LT;RODOVIARIO;1517278;28/05/2026;3;344984;28/05/2026;SAINT LAND COMERCIO DE VEICULOS LTDA;1,04E+13;JUAZEIRO DO NORTE;CE;28/05/2026;15/06/2026;05/06/2026;Entregue No Prazo;;Entrega realizada;Entrega Finalizada;15;6;28;5;TERMACO;6010;Aniversário do Estado do Acre;Estadual;AC
MOBIS BRASIL FABRICACAO DE AUTO PECAS LT;RODOVIARIO;1517311;28/05/2026;2;344972;28/05/2026;JPN COMERCIO DE AUTOMOVEIS LTDA;2,61E+13;GARANHUNS;PE;28/05/2026;15/06/2026;05/06/2026;Entregue No Prazo;;Entrega realizada;Entrega Finalizada;15;6;28;5;TERMACO;16009;Aniversário do Estado do Acre;Estadual;AC
MOBIS BRASIL FABRICACAO DE AUTO PECAS LT;RODOVIARIO;1518076;29/05/2026;1;345148;29/05/2026;IMOTORS VEICULOS LTDA;7,17E+12;JUIZ DE FORA;MG;29/05/2026;04/06/2026;05/06/2026;Entregue No Prazo;;Entrega realizada;Entrega Finalizada;4;6;29;5;XD BETIM;11010;;;
MOBIS BRASIL FABRICACAO DE AUTO PECAS LT;RODOVIARIO;1518080;29/05/2026;1;345157;29/05/2026;VIME POCOS COM. DE VEICULOS E PECAS LTDA;3,43E+13;POCOS DE CALDAS;MG;29/05/2026;04/06/2026;05/06/2026;Entregue No Prazo;;Entrega realizada;Entrega Finalizada;4;6;29;5;XD BETIM;11033;;;
MOBIS BRASIL FABRICACAO DE AUTO PECAS LT;RODOVIARIO;1518114;29/05/2026;1;345168;29/05/2026;CARWAY SUL VEICULOS LTDA;1,03E+13;PORTO ALEGRE;RS;29/05/2026;04/06/2026;05/06/2026;Entregue No Prazo;D+1;Entrega realizada;Entrega Finalizada;4;6;29;5;TRANSTRY;23003;;;
MOBIS BRASIL FABRICACAO DE AUTO PECAS LT;RODOVIARIO;1518115;29/05/2026;1;345177;29/05/2026;HOUSE PARTS-COM. DE PCS. E VEICULOS LTDA;1,15E+13;PORTO ALEGRE;RS;29/05/2026;04/06/2026;05/06/2026;Entregue No Prazo;D+1;Entrega realizada;Entrega Finalizada;4;6;29;5;TRANSTRY;23004;;;
MOBIS BRASIL FABRICACAO DE AUTO PECAS LT;RODOVIARIO;1518116;29/05/2026;9;345177;29/05/2026;HOUSE PARTS-COM. DE PCS. E VEICULOS LTDA;1,15E+13;PORTO ALEGRE;RS;29/05/2026;04/06/2026;05/06/2026;Entregue No Prazo;D+1;Entrega realizada;Entrega Finalizada;4;6;29;5;TRANSTRY;23004;;;
MOBIS BRASIL FABRICACAO DE AUTO PECAS LT;RODOVIARIO;1518144;29/05/2026;4;345184;29/05/2026;DESTAQUE SEUL DISTR DE VEIC PEC LTDA;2,12E+13;CARAGUATATUBA;SP;29/05/2026;04/06/2026;05/06/2026;Entregue Fora do Prazo;;Entrega realizada;Entrega Finalizada;4;6;29;5;MVT;26082;;;
MOBIS BRASIL FABRICACAO DE AUTO PECAS LT;RODOVIARIO;1518624;29/05/2026;4;345214;29/05/2026;ITAVEMA MOTORS VEICULOS LTDA;7,73E+12;RIO DE JANEIRO;RJ;29/05/2026;04/06/2026;05/06/2026;Entregue No Prazo;;Entrega realizada;Entrega Finalizada;4;6;29;5;CAMILO;19001;;;
MOBIS BRASIL FABRICACAO DE AUTO PECAS LT;RODOVIARIO;1518084;29/05/2026;1;345154;29/05/2026;TECAR TRILHAS AUTOMOVEIS E SERVICOS LTDA;2,32E+13;DIVINOPOLIS;MG;29/05/2026;05/06/2026;05/06/2026;Entregue No Prazo;;Entrega realizada;Entrega Finalizada;5;6;29;5;XD BETIM;11039;;;
MOBIS BRASIL FABRICACAO DE AUTO PECAS LT;RODOVIARIO;1518101;29/05/2026;2;345180;29/05/2026;SANTA FE VEICULOS LTDA.;1,16E+13;FRANCISCO BELTRAO;PR;29/05/2026;05/06/2026;05/06/2026;Entregue No Prazo;;Entrega realizada;Entrega Finalizada;5;6;29;5;TRANSTRY;18010;;;
MOBIS BRASIL FABRICACAO DE AUTO PECAS LT;RODOVIARIO;1518120;29/05/2026;1;345176;29/05/2026;HOUSE PARTS - COM DE PECAS E VEIC LTDA;1,15E+13;OSORIO;RS;29/05/2026;05/06/2026;05/06/2026;Entregue No Prazo;;Entrega realizada;Entrega Finalizada;5;6;29;5;TRANSTRY;23016;;;
MOBIS BRASIL FABRICACAO DE AUTO PECAS LT;RODOVIARIO;1518625;29/05/2026;1;345173;29/05/2026;GAMBATTO H1 VEICULOS LTDA;1,94E+13;PASSO FUNDO;RS;29/05/2026;05/06/2026;05/06/2026;Entregue No Prazo;D+1;Entrega realizada;Entrega Finalizada;5;6;29;5;TRANSTRY;23015;;;
MOBIS BRASIL FABRICACAO DE AUTO PECAS LT;RODOVIARIO;1518118;29/05/2026;6;345174;29/05/2026;HOUSE PARTS - COM. DE PECAS E VEIC. LTDA;1,15E+13;SANTA MARIA;RS;29/05/2026;08/06/2026;05/06/2026;Entregue No Prazo;;Entrega realizada;Entrega Finalizada;8;6;29;5;TRANSTRY;23008;;;
MOBIS BRASIL FABRICACAO DE AUTO PECAS LT;RODOVIARIO;1518121;29/05/2026;2;345175;29/05/2026;HOUSE PARTS - COM. DE PECAS E VEIC. LTDA;1,15E+13;LAJEADO;RS;29/05/2026;08/06/2026;05/06/2026;Entregue No Prazo;;Entrega realizada;Entrega Finalizada;8;6;29;5;TRANSTRY;23018;;;
MOBIS BRASIL FABRICACAO DE AUTO PECAS LT;RODOVIARIO;1518113;29/05/2026;1;345208;29/05/2026;COMETA RONDONIA COMERCIO DE VEICULO;4,23E+12;VILHENA;RO;29/05/2026;12/06/2026;05/06/2026;Entregue No Prazo;;Entrega realizada;Entrega Finalizada;12;6;29;5;CARVALIMA;#N/D;;;
MOBIS BRASIL FABRICACAO DE AUTO PECAS LT;RODOVIARIO;1518058;29/05/2026;1;345194;29/05/2026;AIKON VEICULOS LTDA;1,17E+13;VITORIA DA CONQUISTA;BA;29/05/2026;15/06/2026;05/06/2026;Entregue No Prazo;;Entrega realizada;Entrega Finalizada;15;6;29;5;TERMACO;5002;Aniversário do Estado do Acre;Estadual;AC
MOBIS BRASIL FABRICACAO DE AUTO PECAS LT;RODOVIARIO;1518066;29/05/2026;2;345227;29/05/2026;SAINT LAND COMERCIO DE VEICULOS LTDA;1,04E+13;JUAZEIRO DO NORTE;CE;29/05/2026;16/06/2026;05/06/2026;Entregue No Prazo;;Entrega realizada;Entrega Finalizada;16;6;29;5;TERMACO;6010;;;
MOBIS BRASIL FABRICACAO DE AUTO PECAS LT;RODOVIARIO;1518094;29/05/2026;3;345197;29/05/2026;AUTORAC VEICULOS LTDA;1,06E+13;CARUARU;PE;29/05/2026;16/06/2026;05/06/2026;Entregue No Prazo;;Entrega realizada;Entrega Finalizada;16;6;29;5;TERMACO;16001;;;
MOBIS BRASIL FABRICACAO DE AUTO PECAS LT;RODOVIARIO;1518097;29/05/2026;1;345215;29/05/2026;JPN COMERCIO DE AUTOMOVEIS LTDA;2,61E+13;GARANHUNS;PE;29/05/2026;16/06/2026;05/06/2026;Entregue No Prazo;;Entrega realizada;Entrega Finalizada;16;6;29;5;TERMACO;16009;;;
MOBIS BRASIL FABRICACAO DE AUTO PECAS LT;RODOVIARIO;1518752;29/05/2026;1;345469;01/06/2026;CHS MOTORS VEICULOS PECAS E SERV. LTDA;1,69E+13;OSASCO;SP;01/06/2026;03/06/2026;05/06/2026;Entregue Fora do Prazo;;Entrega realizada;Entrega Finalizada;3;6;1;6;XD DIADEMA;26106;;;
MOBIS BRASIL FABRICACAO DE AUTO PECAS LT;RODOVIARIO;1518982;30/05/2026;1;345469;01/06/2026;CHS MOTORS VEICULOS PECAS E SERV. LTDA;1,69E+13;OSASCO;SP;01/06/2026;03/06/2026;05/06/2026;Entregue Fora do Prazo;;Entrega realizada;Entrega Finalizada;3;6;1;6;XD DIADEMA;26106;;;
MOBIS BRASIL FABRICACAO DE AUTO PECAS LT;RODOVIARIO;1518673;29/05/2026;1;345484;01/06/2026;TOKSU COMERCIO DE VEICULOS LTDA;1,12E+13;JUIZ DE FORA;MG;01/06/2026;05/06/2026;05/06/2026;Entregue No Prazo;;Entrega realizada;Entrega Finalizada;5;6;1;6;XD BETIM;11008;;;
MOBIS BRASIL FABRICACAO DE AUTO PECAS LT;RODOVIARIO;1518680;29/05/2026;1;345490;01/06/2026;VIME POCOS COM. DE VEICULOS E PECAS LTDA;3,43E+13;POCOS DE CALDAS;MG;01/06/2026;05/06/2026;05/06/2026;Entregue No Prazo;;Entrega realizada;Entrega Finalizada;5;6;1;6;XD BETIM;11033;;;
MOBIS BRASIL FABRICACAO DE AUTO PECAS LT;RODOVIARIO;1518699;29/05/2026;13;345535;01/06/2026;LOVAT VEICULOS S/A;8,57E+12;LONDRINA;PR;01/06/2026;05/06/2026;05/06/2026;Entregue No Prazo;;Entrega realizada;Entrega Finalizada;5;6;1;6;TRANSTRY;18008;;;
MOBIS BRASIL FABRICACAO DE AUTO PECAS LT;RODOVIARIO;1518710;29/05/2026;3;345545;01/06/2026;CAOA MOTOR DO BRASIL LTDA;1,68E+13;NITEROI;RJ;01/06/2026;05/06/2026;05/06/2026;Entregue No Prazo;;Entrega realizada;Entrega Finalizada;5;6;1;6;CAMILO;5008;;;
MOBIS BRASIL FABRICACAO DE AUTO PECAS LT;RODOVIARIO;1518713;29/05/2026;1;345534;01/06/2026;HOUSE PARTS-COM. DE PCS. E VEICULOS LTDA;1,15E+13;PORTO ALEGRE;RS;01/06/2026;05/06/2026;05/06/2026;Entregue No Prazo;;Entrega realizada;Entrega Finalizada;5;6;1;6;TRANSTRY;23004;;;
MOBIS BRASIL FABRICACAO DE AUTO PECAS LT;RODOVIARIO;1518714;29/05/2026;4;345534;01/06/2026;HOUSE PARTS-COM. DE PCS. E VEICULOS LTDA;1,15E+13;PORTO ALEGRE;RS;01/06/2026;05/06/2026;05/06/2026;Entregue No Prazo;;Entrega realizada;Entrega Finalizada;5;6;1;6;TRANSTRY;23004;;;
MOBIS BRASIL FABRICACAO DE AUTO PECAS LT;RODOVIARIO;1518738;29/05/2026;12;345555;01/06/2026;ITAVEMA MOTORS VEICULOS LTDA;7,73E+12;RIO DE JANEIRO;RJ;01/06/2026;05/06/2026;05/06/2026;Entregue No Prazo;;Entrega realizada;Entrega Finalizada;5;6;1;6;CAMILO;19001;;;
MOBIS BRASIL FABRICACAO DE AUTO PECAS LT;RODOVIARIO;1518967;30/05/2026;2;345488;01/06/2026;URCA MOTORS VEICULOS LTDA;8,77E+12;UBERABA;MG;01/06/2026;05/06/2026;05/06/2026;Entregue No Prazo;;Entrega realizada;Entrega Finalizada;5;6;1;6;XD BETIM;9014;;;
MOBIS BRASIL FABRICACAO DE AUTO PECAS LT;RODOVIARIO;1518681;29/05/2026;1;345481;01/06/2026;TAI MOTORS VEICULOS S/A;9,27E+12;MURIAE;MG;01/06/2026;08/06/2026;05/06/2026;Entregue No Prazo;;Entrega realizada;Entrega Finalizada;8;6;1;6;XD BETIM;8002;;;
MOBIS BRASIL FABRICACAO DE AUTO PECAS LT;RODOVIARIO;1518718;29/05/2026;1;345533;01/06/2026;HOUSE PARTS COMERCIO DE PECAS E VEI;1,15E+13;CAXIAS DO SUL;RS;01/06/2026;08/06/2026;05/06/2026;Entregue No Prazo;;Entrega realizada;Entrega Finalizada;8;6;1;6;TRANSTRY;23023;;;
MOBIS BRASIL FABRICACAO DE AUTO PECAS LT;RODOVIARIO;1518685;29/05/2026;4;345572;01/06/2026;ULSAN COMERCIO DE VEICULOS LTDA.;2,10E+13;CAMPO GRANDE;MS;01/06/2026;09/06/2026;05/06/2026;Entregue No Prazo;;Entrega realizada;Entrega Finalizada;9;6;1;6;CARVALIMA;12004;;;
MOBIS BRASIL FABRICACAO DE AUTO PECAS LT;RODOVIARIO;1518686;29/05/2026;1;345556;01/06/2026;JPG MOTORS COMERCIO DE VEICULOS LTDA;2,91E+13;CAMPO GRANDE;MS;01/06/2026;09/06/2026;05/06/2026;Entregue No Prazo;;Entrega realizada;Entrega Finalizada;9;6;1;6;CARVALIMA;12005;;;
MOBIS BRASIL FABRICACAO DE AUTO PECAS LT;RODOVIARIO;1518687;29/05/2026;1;345556;01/06/2026;JPG MOTORS COMERCIO DE VEICULOS LTDA;2,91E+13;CAMPO GRANDE;MS;01/06/2026;09/06/2026;05/06/2026;Entregue No Prazo;;Entrega realizada;Entrega Finalizada;9;6;1;6;CARVALIMA;12005;;;
MOBIS BRASIL FABRICACAO DE AUTO PECAS LT;RODOVIARIO;1518716;29/05/2026;3;345532;01/06/2026;HOUSE PARTS - COM. DE PECAS E VEIC. LTDA;1,15E+13;SANTA MARIA;RS;01/06/2026;09/06/2026;05/06/2026;Entregue No Prazo;;Entrega realizada;Entrega Finalizada;9;6;1;6;TRANSTRY;23008;;;
MOBIS BRASIL FABRICACAO DE AUTO PECAS LT;RODOVIARIO;1518717;29/05/2026;1;345531;01/06/2026;HOUSE PARTS - COM. DE PECAS E VEIC. LTDA;1,15E+13;SANTA CRUZ DO SUL;RS;01/06/2026;09/06/2026;05/06/2026;Entregue No Prazo;;Entrega realizada;Entrega Finalizada;9;6;1;6;TRANSTRY;23017;;;
MOBIS BRASIL FABRICACAO DE AUTO PECAS LT;RODOVIARIO;1518969;30/05/2026;2;345551;01/06/2026;GOLDEN MOTORS VEICULOS LTDA;3,62E+12;DOURADOS;MS;01/06/2026;09/06/2026;05/06/2026;Entregue No Prazo;;Entrega realizada;Entrega Finalizada;9;6;1;6;CARVALIMA;12001;;;
MOBIS BRASIL FABRICACAO DE AUTO PECAS LT;RODOVIARIO;1519824;02/06/2026;10;345658;02/06/2026;TAI MOTORS VEICULOS S/A;9,27E+12;BELO HORIZONTE;MG;02/06/2026;05/06/2026;05/06/2026;Entregue No Prazo;;Entrega realizada;Entrega Finalizada;5;6;2;6;XD BETIM;8002;;;
MOBIS BRASIL FABRICACAO DE AUTO PECAS LT;RODOVIARIO;1519827;02/06/2026;50;345645;02/06/2026;BDG AUTOVILLE VEICULOS LTDA;4,77E+13;CONTAGEM;MG;02/06/2026;05/06/2026;05/06/2026;Entregue No Prazo;;Entrega realizada;Entrega Finalizada;5;6;2;6;XD BETIM;11037;;;
MOBIS BRASIL FABRICACAO DE AUTO PECAS LT;RODOVIARIO;1518742;29/05/2026;3;345587;02/06/2026;H R B COMERCIO DE VEICULOS LTDA;1,82E+13;SAO JOSE DO RIO PRETO;SP;02/06/2026;08/06/2026;05/06/2026;Entregue No Prazo;;Entrega realizada;Entrega Finalizada;8;6;2;6;MVT;26050;;;
MOBIS BRASIL FABRICACAO DE AUTO PECAS LT;RODOVIARIO;1519822;02/06/2026;18;345661;02/06/2026;URCA MOTORS VEICULOS LTDA;8,77E+12;UBERLANDIA;MG;02/06/2026;08/06/2026;05/06/2026;Entregue No Prazo;;Entrega realizada;Entrega Finalizada;8;6;2;6;XD BETIM;9014;;;
MOBIS BRASIL FABRICACAO DE AUTO PECAS LT;RODOVIARIO;1519842;02/06/2026;1;345673;02/06/2026;LOVAT VEICULOS S/A;8,57E+12;LONDRINA;PR;02/06/2026;08/06/2026;05/06/2026;Entregue No Prazo;;Entrega realizada;Entrega Finalizada;8;6;2;6;TRANSTRY;18008;;;
MOBIS BRASIL FABRICACAO DE AUTO PECAS LT;RODOVIARIO;1519848;02/06/2026;3;345664;02/06/2026;BARI VEICULOS LTDA;7,46E+12;PONTA GROSSA;PR;02/06/2026;08/06/2026;05/06/2026;Entregue No Prazo;;Entrega realizada;Entrega Finalizada;8;6;2;6;TRANSTRY;18024;;;
MOBIS BRASIL FABRICACAO DE AUTO PECAS LT;RODOVIARIO;1520219;02/06/2026;1;345791;02/06/2026;ITAVEMA MOTORS VEICULOS LTDA;7,73E+12;DUQUE DE CAXIAS;RJ;02/06/2026;08/06/2026;05/06/2026;Entregue No Prazo;;Entrega realizada;Entrega Finalizada;8;6;2;6;CAMILO;19001;;;
MOBIS BRASIL FABRICACAO DE AUTO PECAS LT;RODOVIARIO;1519826;02/06/2026;9;345647;02/06/2026;GNC GRANDE COREIA MINAS GERAIS COMERCIO;4,27E+13;MONTES CLAROS;MG;02/06/2026;09/06/2026;05/06/2026;Entregue No Prazo;;Entrega realizada;Entrega Finalizada;9;6;2;6;XD BETIM;11035;;;
MOBIS BRASIL FABRICACAO DE AUTO PECAS LT;RODOVIARIO;1519844;02/06/2026;4;345677;02/06/2026;SANTA FE VEICULOS LTDA.;1,16E+13;FRANCISCO BELTRAO;PR;02/06/2026;09/06/2026;05/06/2026;Entregue No Prazo;;Entrega realizada;Entrega Finalizada;9;6;2;6;TRANSTRY;18010;;;
MOBIS BRASIL FABRICACAO DE AUTO PECAS LT;RODOVIARIO;1519852;02/06/2026;1;345812;02/06/2026;VIA VR VEICULOS LTDA;1,73E+13;PETROPOLIS;RJ;02/06/2026;09/06/2026;05/06/2026;Entregue No Prazo;;Entrega realizada;Entrega Finalizada;9;6;2;6;CAMILO;19016;;;
MOBIS BRASIL FABRICACAO DE AUTO PECAS LT;RODOVIARIO;1519860;02/06/2026;3;345675;02/06/2026;LR COMERCIO DE VEICULOS LTDA;1,05E+13;SAO JOSE;SC;02/06/2026;09/06/2026;05/06/2026;Entregue No Prazo;;Entrega realizada;Entrega Finalizada;9;6;2;6;TRANSTRY;24007;;;
MOBIS BRASIL FABRICACAO DE AUTO PECAS LT;RODOVIARIO;1519863;02/06/2026;9;345670;02/06/2026;CHINHAN AUTOMOVEIS LTDA.;2,41E+13;CACADOR;SC;02/06/2026;11/06/2026;05/06/2026;Entregue No Prazo;;Entrega realizada;Entrega Finalizada;11;6;2;6;TRANSTRY;24020;;;
MOBIS BRASIL FABRICACAO DE AUTO PECAS LT;RODOVIARIO;1520400;03/06/2026;2;345858;03/06/2026;CAOA MOTOR DO BRASIL LTDA (SANTANA);1,68E+13;SAO PAULO;SP;03/06/2026;05/06/2026;05/06/2026;Entregue No Prazo;;Entrega realizada;Entrega Finalizada;5;6;3;6;XD DIADEMA;26035;;;
MOBIS BRASIL FABRICACAO DE AUTO PECAS LT;RODOVIARIO;1520403;03/06/2026;1;345860;03/06/2026;GRANDAY AUTOMOTORES LTDA;1,57E+13;SAO PAULO;SP;03/06/2026;05/06/2026;05/06/2026;Entregue No Prazo;;Entrega realizada;Entrega Finalizada;5;6;3;6;XD DIADEMA;26041;;;
MOBIS BRASIL FABRICACAO DE AUTO PECAS LT;RODOVIARIO;1520413;03/06/2026;1;345857;03/06/2026;CAOA MOTOR DO BRASIL LTDA (INDIANOPOLIS);1,68E+13;SAO PAULO;SP;03/06/2026;05/06/2026;05/06/2026;Entregue No Prazo;;Entrega realizada;Entrega Finalizada;5;6;3;6;XD DIADEMA;26091;;;
MOBIS BRASIL FABRICACAO DE AUTO PECAS LT;RODOVIARIO;1520361;03/06/2026;13;345866;03/06/2026;TAI MOTORS VEICULOS S/A;9,27E+12;BELO HORIZONTE;MG;03/06/2026;08/06/2026;05/06/2026;Entregue No Prazo;;Entrega realizada;Entrega Finalizada;8;6;3;6;XD BETIM;8002;;;
MOBIS BRASIL FABRICACAO DE AUTO PECAS LT;RODOVIARIO;1520363;03/06/2026;22;345855;03/06/2026;BDG AUTOVILLE VEICULOS LTDA;4,77E+13;CONTAGEM;MG;03/06/2026;08/06/2026;05/06/2026;Entregue No Prazo;;Entrega realizada;Entrega Finalizada;8;6;3;6;XD BETIM;11037;;;
MOBIS BRASIL FABRICACAO DE AUTO PECAS LT;RODOVIARIO;1520362;03/06/2026;4;345869;03/06/2026;VIME POCOS COM. DE VEICULOS E PECAS LTDA;3,43E+13;POCOS DE CALDAS;MG;03/06/2026;09/06/2026;05/06/2026;Entregue No Prazo;;Entrega realizada;Entrega Finalizada;9;6;3;6;XD BETIM;11033;;;
MOBIS BRASIL FABRICACAO DE AUTO PECAS LT;RODOVIARIO;1512855;20/05/2026;3;343324;20/05/2026;NACIONAL NOVA MARABA DIST DE VEIC. LTDA;1,70E+13;IMPERATRIZ;MA;20/05/2026;09/06/2026;06/06/2026;Entregue No Prazo;;Entrega realizada;Entrega Finalizada;9;6;20;5;CARVALIMA;10003;;;
MOBIS BRASIL FABRICACAO DE AUTO PECAS LT;RODOVIARIO;1516347;26/05/2026;1;344299;26/05/2026;NACIONAL NOVA MARABA DIST DE VEIC. LTDA;1,70E+13;IMPERATRIZ;MA;26/05/2026;15/06/2026;06/06/2026;Entregue No Prazo;;Entrega realizada;Entrega Finalizada;15;6;26;5;TERMACO;10003;Aniversário do Estado do Acre;Estadual;AC
MOBIS BRASIL FABRICACAO DE AUTO PECAS LT;RODOVIARIO;1516645;27/05/2026;3;344559;27/05/2026;AIKON VEICULOS LTDA;1,17E+13;ITABUNA;BA;27/05/2026;11/06/2026;06/06/2026;Entregue No Prazo;;Entrega realizada;Entrega Finalizada;11;6;27;5;TERMACO;5002;;;
MOBIS BRASIL FABRICACAO DE AUTO PECAS LT;RODOVIARIO;1518063;29/05/2026;1;345195;29/05/2026;AIKON VEICULOS LTDA;1,17E+13;ITABUNA;BA;29/05/2026;15/06/2026;06/06/2026;Entregue No Prazo;;Entrega realizada;Entrega Finalizada;15;6;29;5;TERMACO;5002;Aniversário do Estado do Acre;Estadual;AC
MOBIS BRASIL FABRICACAO DE AUTO PECAS LT;RODOVIARIO;1518670;29/05/2026;4;345473;01/06/2026;NASA MOTORS LTDA.;2,65E+13;SAO LUIS DE MONTES BELOS;GO;01/06/2026;15/06/2026;06/06/2026;Entregue No Prazo;;Entrega realizada;Entrega Finalizada;15;6;1;6;RIO VERMELHO;9016;Aniversário do Estado do Acre;Estadual;AC
MOBIS BRASIL FABRICACAO DE AUTO PECAS LT;RODOVIARIO;1497718;21/04/2026;5;338859;22/04/2026;SAGA KOREA COM. DE VEIC. E PC. LTDA;1,27E+13;ANAPOLIS;GO;22/04/2026;05/05/2026;08/06/2026;Entregue Fora do Prazo;;Entrega realizada;Entrega Finalizada;5;5;22;4;RIO VERMELHO;9012;;;
MOBIS BRASIL FABRICACAO DE AUTO PECAS LT;RODOVIARIO;1515503;25/05/2026;3;344031;25/05/2026;MASTER COMERCIAL DE VEICULOS LTDA;2,85E+13;JACOBINA;BA;25/05/2026;09/06/2026;08/06/2026;Entregue No Prazo;;Entrega realizada;Entrega Finalizada;9;6;25;5;TERMACO;5013;;;
MOBIS BRASIL FABRICACAO DE AUTO PECAS LT;RODOVIARIO;1515513;25/05/2026;2;344035;25/05/2026;PATEO COMERCIO DE VEICULOS S A;7,78E+12;SAO LUIS;MA;25/05/2026;09/06/2026;08/06/2026;Entregue No Prazo;;Entrega realizada;Entrega Finalizada;9;6;25;5;TERMACO;10002;;;
MOBIS BRASIL FABRICACAO DE AUTO PECAS LT;RODOVIARIO;1515514;25/05/2026;1;344035;25/05/2026;PATEO COMERCIO DE VEICULOS S A;7,78E+12;SAO LUIS;MA;25/05/2026;09/06/2026;08/06/2026;Entregue No Prazo;;Entrega realizada;Entrega Finalizada;9;6;25;5;CARVALIMA;10002;;;
MOBIS BRASIL FABRICACAO DE AUTO PECAS LT;RODOVIARIO;1516379;26/05/2026;3;344309;26/05/2026;TAI MOTORS VEICULOS S/A.;9,27E+12;CAMPOS DOS GOYTACAZES;RJ;26/05/2026;02/06/2026;08/06/2026;Entregue Fora do Prazo;;Entrega realizada;Entrega Finalizada;2;6;26;5;CAMILO;19023;;;
MOBIS BRASIL FABRICACAO DE AUTO PECAS LT;RODOVIARIO;1516417;26/05/2026;6;344268;26/05/2026;PRIVILLEGE DISTRIBUIDORA DE VEICULOS LTD;1,72E+13;PALMAS;TO;26/05/2026;04/06/2026;08/06/2026;Entregue Fora do Prazo;;Entrega realizada;Entrega Finalizada;4;6;26;5;RIO VERMELHO;27003;;;
MOBIS BRASIL FABRICACAO DE AUTO PECAS LT;RODOVIARIO;1516418;26/05/2026;6;344268;26/05/2026;PRIVILLEGE DISTRIBUIDORA DE VEICULOS LTD;1,72E+13;PALMAS;TO;26/05/2026;04/06/2026;08/06/2026;Entregue Fora do Prazo;;Entrega realizada;Entrega Finalizada;4;6;26;5;RIO VERMELHO;27003;;;
MOBIS BRASIL FABRICACAO DE AUTO PECAS LT;RODOVIARIO;1516329;26/05/2026;2;344293;26/05/2026;JPN COMERCIO DE VEICULOS LTDA;3,20E+13;ARAPIRACA;AL;26/05/2026;11/06/2026;08/06/2026;Entregue No Prazo;;Entrega realizada;Entrega Finalizada;11;6;26;5;TERMACO;2003;;;
MOBIS BRASIL FABRICACAO DE AUTO PECAS LT;RODOVIARIO;1516366;26/05/2026;1;344288;26/05/2026;GREEN CITY VEICULOS LTDA;2,10E+13;TERESINA;PI;26/05/2026;11/06/2026;08/06/2026;Entregue No Prazo;;Entrega realizada;Entrega Finalizada;11;6;26;5;TERMACO;17002;;;
MOBIS BRASIL FABRICACAO DE AUTO PECAS LT;RODOVIARIO;1516667;27/05/2026;3;344587;27/05/2026;UNIQUE COMERCIO DE AUTOMOVEIS LTDA;1,74E+13;ANANINDEUA;PA;27/05/2026;09/06/2026;08/06/2026;Entregue No Prazo;;Entrega realizada;Entrega Finalizada;9;6;27;5;CARVALIMA;14003;;;
MOBIS BRASIL FABRICACAO DE AUTO PECAS LT;RODOVIARIO;1516669;27/05/2026;4;344578;27/05/2026;PATEO COMERCIO DE VEICULOS S A;7,78E+12;JOAO PESSOA;PB;27/05/2026;11/06/2026;08/06/2026;Entregue No Prazo;;Entrega realizada;Entrega Finalizada;11;6;27;5;TERMACO;15003;;;
MOBIS BRASIL FABRICACAO DE AUTO PECAS LT;RODOVIARIO;1516675;27/05/2026;4;344569;27/05/2026;GREEN CITY VEICULOS LTDA;2,10E+13;TERESINA;PI;27/05/2026;12/06/2026;08/06/2026;Entregue No Prazo;;Entrega realizada;Entrega Finalizada;12;6;27;5;TERMACO;17002;;;
MOBIS BRASIL FABRICACAO DE AUTO PECAS LT;RODOVIARIO;1516677;27/05/2026;42;344567;27/05/2026;GREEN CITY VEICULOS LTDA;2,10E+13;TERESINA;PI;27/05/2026;12/06/2026;08/06/2026;Entregue No Prazo;;Entrega realizada;Entrega Finalizada;12;6;27;5;TERMACO;17002;;;
MOBIS BRASIL FABRICACAO DE AUTO PECAS LT;RODOVIARIO;1517280;28/05/2026;2;344952;28/05/2026;SAGA KOREA COM. DE VEIC. E PC. LTDA;1,27E+13;BRASILIA;DF;28/05/2026;05/06/2026;08/06/2026;Entregue Fora do Prazo;;Entrega realizada;Entrega Finalizada;5;6;28;5;RIO VERMELHO;7004;;;
MOBIS BRASIL FABRICACAO DE AUTO PECAS LT;RODOVIARIO;1517363;28/05/2026;2;344950;28/05/2026;PRIVILLEGE DISTRIBUIDORA DE VEICULOS LTD;1,72E+13;PALMAS;TO;28/05/2026;08/06/2026;08/06/2026;Entregue No Prazo;;Entrega realizada;Entrega Finalizada;8;6;28;5;RIO VERMELHO;27003;;;
MOBIS BRASIL FABRICACAO DE AUTO PECAS LT;RODOVIARIO;1517304;28/05/2026;3;344988;28/05/2026;UNIQUE COMERCIO DE AUTOMOVEIS LTDA;1,74E+13;ANANINDEUA;PA;28/05/2026;10/06/2026;08/06/2026;Entregue No Prazo;;Entrega realizada;Entrega Finalizada;10;6;28;5;CARVALIMA;14003;;;
MOBIS BRASIL FABRICACAO DE AUTO PECAS LT;RODOVIARIO;1517305;28/05/2026;3;344988;28/05/2026;UNIQUE COMERCIO DE AUTOMOVEIS LTDA;1,74E+13;ANANINDEUA;PA;28/05/2026;10/06/2026;08/06/2026;Entregue No Prazo;;Entrega realizada;Entrega Finalizada;10;6;28;5;CARVALIMA;14003;;;
MOBIS BRASIL FABRICACAO DE AUTO PECAS LT;RODOVIARIO;1517275;28/05/2026;4;344967;28/05/2026;CYCOSA AUTOMOVEIS LTDA;4,76E+12;MACEIO;AL;28/05/2026;11/06/2026;08/06/2026;Entregue No Prazo;;Entrega realizada;Entrega Finalizada;11;6;28;5;TERMACO;2001;;;
MOBIS BRASIL FABRICACAO DE AUTO PECAS LT;RODOVIARIO;1517277;28/05/2026;3;344975;28/05/2026;ORVEL AUTOMOTOR HYD LTDA;2,52E+13;TEIXEIRA DE FREITAS;BA;28/05/2026;12/06/2026;08/06/2026;Entregue No Prazo;;Entrega realizada;Entrega Finalizada;12;6;28;5;TERMACO;5011;;;
MOBIS BRASIL FABRICACAO DE AUTO PECAS LT;RODOVIARIO;1517307;28/05/2026;1;344977;28/05/2026;PATEO COMERCIO DE VEICULOS S A;7,78E+12;JOAO PESSOA;PB;28/05/2026;12/06/2026;08/06/2026;Entregue No Prazo;;Entrega realizada;Entrega Finalizada;12;6;28;5;TERMACO;15003;;;
MOBIS BRASIL FABRICACAO DE AUTO PECAS LT;RODOVIARIO;1517308;28/05/2026;24;344977;28/05/2026;PATEO COMERCIO DE VEICULOS S A;7,78E+12;JOAO PESSOA;PB;28/05/2026;12/06/2026;08/06/2026;Entregue No Prazo;;Entrega realizada;Entrega Finalizada;12;6;28;5;TERMACO;15003;;;
MOBIS BRASIL FABRICACAO DE AUTO PECAS LT;RODOVIARIO;1517306;28/05/2026;4;344964;28/05/2026;CAOA MOTOR DO BRASIL LTDA;1,68E+13;CAMPINA GRANDE;PB;28/05/2026;15/06/2026;08/06/2026;Entregue No Prazo;;Entrega realizada;Entrega Finalizada;15;6;28;5;TERMACO;5008;Aniversário do Estado do Acre;Estadual;AC
MOBIS BRASIL FABRICACAO DE AUTO PECAS LT;RODOVIARIO;1517312;28/05/2026;2;344969;28/05/2026;GREEN CITY VEICULOS LTDA;2,10E+13;TERESINA;PI;28/05/2026;15/06/2026;08/06/2026;Entregue No Prazo;;Entrega realizada;Entrega Finalizada;15;6;28;5;TERMACO;17002;Aniversário do Estado do Acre;Estadual;AC
MOBIS BRASIL FABRICACAO DE AUTO PECAS LT;RODOVIARIO;1518100;29/05/2026;5;345178;29/05/2026;LOVAT VEICULOS S/A;8,57E+12;MARINGA;PR;29/05/2026;04/06/2026;08/06/2026;Entregue No Prazo;D+1;Entrega realizada;Entrega Finalizada;4;6;29;5;TRANSTRY;18008;;;
MOBIS BRASIL FABRICACAO DE AUTO PECAS LT;RODOVIARIO;1518117;29/05/2026;2;345169;29/05/2026;CARWAY SUL VEICULOS LTDA;1,03E+13;CANOAS;RS;29/05/2026;04/06/2026;08/06/2026;Entregue No Prazo;D+1;Entrega realizada;Entrega Finalizada;4;6;29;5;TRANSTRY;23003;;;
MOBIS BRASIL FABRICACAO DE AUTO PECAS LT;RODOVIARIO;1518119;29/05/2026;4;345172;29/05/2026;GALA COMERCIO DE VEICULOS LTDA.;1,77E+13;PELOTAS;RS;29/05/2026;05/06/2026;08/06/2026;Entregue No Prazo;D+1;Entrega realizada;Entrega Finalizada;5;6;29;5;TRANSTRY;23009;;;
MOBIS BRASIL FABRICACAO DE AUTO PECAS LT;RODOVIARIO;1518122;29/05/2026;1;345170;29/05/2026;CHINHAN AUTOMOVEIS LTDA;2,41E+13;ERECHIM;RS;29/05/2026;08/06/2026;08/06/2026;Entregue No Prazo;D+1;Entrega realizada;Entrega Finalizada;8;6;29;5;TRANSTRY;23019;;;
MOBIS BRASIL FABRICACAO DE AUTO PECAS LT;RODOVIARIO;1518091;29/05/2026;1;345203;29/05/2026;CAOA MOTOR DO BRASIL LTDA;1,68E+13;BELEM;PA;29/05/2026;11/06/2026;08/06/2026;Entregue No Prazo;;Entrega realizada;Entrega Finalizada;11;6;29;5;CARVALIMA;5008;;;
MOBIS BRASIL FABRICACAO DE AUTO PECAS LT;RODOVIARIO;1518057;29/05/2026;1;345209;29/05/2026;CYCOSA AUTOMOVEIS LTDA;4,76E+12;MACEIO;AL;29/05/2026;12/06/2026;08/06/2026;Entregue No Prazo;;Entrega realizada;Entrega Finalizada;12;6;29;5;TERMACO;2001;;;
MOBIS BRASIL FABRICACAO DE AUTO PECAS LT;RODOVIARIO;1518700;29/05/2026;5;345536;01/06/2026;LOVAT VEICULOS S/A;8,57E+12;MARINGA;PR;01/06/2026;05/06/2026;08/06/2026;Entregue Fora do Prazo;;Entrega realizada;Entrega Finalizada;5;6;1;6;TRANSTRY;18008;;;
MOBIS BRASIL FABRICACAO DE AUTO PECAS LT;RODOVIARIO;1518704;29/05/2026;3;345537;01/06/2026;VETOR AUTOMOVEIS LTDA;2,12E+13;UMUARAMA;PR;01/06/2026;05/06/2026;08/06/2026;Entregue Fora do Prazo;;Entrega realizada;Entrega Finalizada;5;6;1;6;TRANSTRY;18019;;;
MOBIS BRASIL FABRICACAO DE AUTO PECAS LT;RODOVIARIO;1518715;29/05/2026;1;345528;01/06/2026;CARWAY SUL VEICULOS LTDA;1,03E+13;CANOAS;RS;01/06/2026;05/06/2026;08/06/2026;Entregue Fora do Prazo;;Entrega realizada;Entrega Finalizada;5;6;1;6;TRANSTRY;23003;;;
MOBIS BRASIL FABRICACAO DE AUTO PECAS LT;RODOVIARIO;1519366;30/05/2026;1;345567;01/06/2026;PRIME VILA VELHA VEICULOS LTDA.;2,14E+13;VILA VELHA;ES;01/06/2026;08/06/2026;08/06/2026;Entregue No Prazo;;Entrega realizada;Entrega Finalizada;8;6;1;6;CAMILO;8005;;;
MOBIS BRASIL FABRICACAO DE AUTO PECAS LT;RODOVIARIO;1518664;29/05/2026;8;345479;01/06/2026;SMAFF IMPORT VEICULOS LTDA;8,18E+12;BRASILIA;DF;01/06/2026;09/06/2026;08/06/2026;Entregue No Prazo;;Entrega realizada;Entrega Finalizada;9;6;1;6;RIO VERMELHO;7002;;;
MOBIS BRASIL FABRICACAO DE AUTO PECAS LT;RODOVIARIO;1518665;29/05/2026;1;345566;01/06/2026;PRIME CACHOEIRO VEICULOS LTDA EPP;9,34E+12;CACHOEIRO DE ITAPEMIRIM;ES;01/06/2026;09/06/2026;08/06/2026;Entregue No Prazo;;Entrega realizada;Entrega Finalizada;9;6;1;6;CAMILO;8003;;;
MOBIS BRASIL FABRICACAO DE AUTO PECAS LT;RODOVIARIO;1518666;29/05/2026;1;345474;01/06/2026;NISA COMERCIAL DE VEIC. AUTOMOTORES LTDA;1,03E+13;APARECIDA DE GOIANIA;GO;01/06/2026;09/06/2026;08/06/2026;Entregue No Prazo;;Entrega realizada;Entrega Finalizada;9;6;1;6;RIO VERMELHO;9002;;;
MOBIS BRASIL FABRICACAO DE AUTO PECAS LT;RODOVIARIO;1518667;29/05/2026;10;345474;01/06/2026;NISA COMERCIAL DE VEIC. AUTOMOTORES LTDA;1,03E+13;APARECIDA DE GOIANIA;GO;01/06/2026;09/06/2026;08/06/2026;Entregue No Prazo;;Entrega realizada;Entrega Finalizada;9;6;1;6;RIO VERMELHO;9002;;;
MOBIS BRASIL FABRICACAO DE AUTO PECAS LT;RODOVIARIO;1518668;29/05/2026;1;345478;01/06/2026;SAGA KOREA COM. DE VEIC. E PC. LTDA;1,27E+13;GOIANIA;GO;01/06/2026;09/06/2026;08/06/2026;Entregue No Prazo;;Entrega realizada;Entrega Finalizada;9;6;1;6;RIO VERMELHO;9011;;;
MOBIS BRASIL FABRICACAO DE AUTO PECAS LT;RODOVIARIO;1518669;29/05/2026;1;345478;01/06/2026;SAGA KOREA COM. DE VEIC. E PC. LTDA;1,27E+13;GOIANIA;GO;01/06/2026;09/06/2026;08/06/2026;Entregue No Prazo;;Entrega realizada;Entrega Finalizada;9;6;1;6;RIO VERMELHO;9011;;;
MOBIS BRASIL FABRICACAO DE AUTO PECAS LT;RODOVIARIO;1518737;29/05/2026;21;345477;01/06/2026;SAGA KOREA COM. DE VEIC. E PC. LTDA;1,27E+13;BRASILIA;DF;01/06/2026;09/06/2026;08/06/2026;Entregue No Prazo;;Entrega realizada;Entrega Finalizada;9;6;1;6;RIO VERMELHO;7005;;;
MOBIS BRASIL FABRICACAO DE AUTO PECAS LT;RODOVIARIO;1518963;30/05/2026;1;345566;01/06/2026;PRIME CACHOEIRO VEICULOS LTDA EPP;9,34E+12;CACHOEIRO DE ITAPEMIRIM;ES;01/06/2026;09/06/2026;08/06/2026;Entregue No Prazo;;Entrega realizada;Entrega Finalizada;9;6;1;6;CAMILO;8003;;;
MOBIS BRASIL FABRICACAO DE AUTO PECAS LT;RODOVIARIO;1518964;30/05/2026;3;345571;01/06/2026;TAI MOTORS VEICULOS S/A;9,27E+12;COLATINA;ES;01/06/2026;09/06/2026;08/06/2026;Entregue No Prazo;Comprovante retido ;Entrega realizada;Entrega Finalizada;9;6;1;6;CAMILO;8002;;;
MOBIS BRASIL FABRICACAO DE AUTO PECAS LT;RODOVIARIO;1518688;29/05/2026;1;345568;01/06/2026;SAGA ASIA COM. DE VEIC.PC.E SERV. LTDA;2,23E+13;VARZEA GRANDE;MT;01/06/2026;10/06/2026;08/06/2026;Entregue No Prazo;;Entrega realizada;Entrega Finalizada;10;6;1;6;CARVALIMA;13004;;;
MOBIS BRASIL FABRICACAO DE AUTO PECAS LT;RODOVIARIO;1518983;30/05/2026;1;345476;01/06/2026;PRIVILLEGE DISTRIBUIDORA DE VEICULOS LTD;1,72E+13;PALMAS;TO;01/06/2026;10/06/2026;08/06/2026;Entregue No Prazo;;Entrega realizada;Entrega Finalizada;10;6;1;6;RIO VERMELHO;27003;;;
MOBIS BRASIL FABRICACAO DE AUTO PECAS LT;RODOVIARIO;1519823;02/06/2026;2;345660;02/06/2026;URCA MOTORS VEICULOS LTDA;8,77E+12;UBERABA;MG;02/06/2026;08/06/2026;08/06/2026;Entregue No Prazo;;Entrega realizada;Entrega Finalizada;8;6;2;6;XD BETIM;9014;;;
MOBIS BRASIL FABRICACAO DE AUTO PECAS LT;RODOVIARIO;1519843;02/06/2026;2;345674;02/06/2026;LOVAT VEICULOS S/A;8,57E+12;MARINGA;PR;02/06/2026;08/06/2026;08/06/2026;Entregue No Prazo;;Entrega realizada;Entrega Finalizada;8;6;2;6;TRANSTRY;18008;;;
MOBIS BRASIL FABRICACAO DE AUTO PECAS LT;RODOVIARIO;1519847;02/06/2026;1;345663;02/06/2026;BARI VEICULOS LTDA;7,46E+12;GUARAPUAVA;PR;02/06/2026;08/06/2026;08/06/2026;Entregue No Prazo;;Entrega realizada;Entrega Finalizada;8;6;2;6;TRANSTRY;18024;;;
MOBIS BRASIL FABRICACAO DE AUTO PECAS LT;RODOVIARIO;1519861;02/06/2026;2;345665;02/06/2026;BARI VEICULOS LTDA.;7,46E+12;ITAJAI;SC;02/06/2026;08/06/2026;08/06/2026;Entregue No Prazo;;Entrega realizada;Entrega Finalizada;8;6;2;6;TRANSTRY;24014;;;
MOBIS BRASIL FABRICACAO DE AUTO PECAS LT;RODOVIARIO;1519828;02/06/2026;3;345653;02/06/2026;RITMO MOTORS LTDA;1,94E+13;PASSOS;MG;02/06/2026;09/06/2026;08/06/2026;Entregue No Prazo;;Entrega realizada;Entrega Finalizada;9;6;2;6;XD BETIM;11040;;;
MOBIS BRASIL FABRICACAO DE AUTO PECAS LT;RODOVIARIO;1519846;02/06/2026;1;345679;02/06/2026;ZENDAI VEICULOS LTDA;1,97E+13;TOLEDO;PR;02/06/2026;09/06/2026;08/06/2026;Entregue No Prazo;;Entrega realizada;Entrega Finalizada;9;6;2;6;TRANSTRY;18016;;;
MOBIS BRASIL FABRICACAO DE AUTO PECAS LT;RODOVIARIO;1519810;02/06/2026;6;345657;02/06/2026;SMAFF IMPORT VEICULOS LTDA;8,18E+12;BRASILIA;DF;02/06/2026;10/06/2026;08/06/2026;Entregue No Prazo;;Entrega realizada;Entrega Finalizada;10;6;2;6;RIO VERMELHO;7002;;;
MOBIS BRASIL FABRICACAO DE AUTO PECAS LT;RODOVIARIO;1519830;02/06/2026;1;345793;02/06/2026;JPG MOTORS COMERCIO DE VEICULOS LTDA;2,91E+13;CAMPO GRANDE;MS;02/06/2026;10/06/2026;08/06/2026;Entregue No Prazo;;Entrega realizada;Entrega Finalizada;10;6;2;6;CARVALIMA;12005;;;
MOBIS BRASIL FABRICACAO DE AUTO PECAS LT;RODOVIARIO;1519862;02/06/2026;4;345669;02/06/2026;CHINHAN AUTOMOVEIS LTDA;2,41E+13;CONCORDIA;SC;02/06/2026;10/06/2026;08/06/2026;Entregue No Prazo;;Entrega realizada;Entrega Finalizada;10;6;2;6;TRANSTRY;23019;;;
MOBIS BRASIL FABRICACAO DE AUTO PECAS LT;RODOVIARIO;1519831;02/06/2026;1;345786;02/06/2026;COMETA MATO GROSSO COM. DE VEICULOS LTDA;1,54E+13;RONDONOPOLIS;MT;02/06/2026;12/06/2026;08/06/2026;Entregue No Prazo;;Entrega realizada;Entrega Finalizada;12;6;2;6;CARVALIMA;13006;;;
MOBIS BRASIL FABRICACAO DE AUTO PECAS LT;RODOVIARIO;1520364;03/06/2026;3;345897;03/06/2026;GOLDEN MOTORS VEICULOS LTDA;3,62E+12;DOURADOS;MS;03/06/2026;11/06/2026;08/06/2026;Entregue No Prazo;;Entrega realizada;Entrega Finalizada;11;6;3;6;CARVALIMA;12001;;;
MOBIS BRASIL FABRICACAO DE AUTO PECAS LT;RODOVIARIO;1520367;03/06/2026;1;345894;03/06/2026;COMETA MATO GROSSO COM. DE VEICULOS LTDA;1,54E+13;SINOP;MT;03/06/2026;15/06/2026;08/06/2026;Entregue No Prazo;;Entrega realizada;Entrega Finalizada;15;6;3;6;CARVALIMA;13003;Aniversário do Estado do Acre;Estadual;AC
MOBIS BRASIL FABRICACAO DE AUTO PECAS LT;RODOVIARIO;1521016;08/06/2026;3;346113;08/06/2026;ANDRETA II DISTRIBUIDORA DE VEIC. LTDA;9,10E+12;CAMPINAS;SP;08/06/2026;11/06/2026;08/06/2026;Entregue No Prazo;;Entrega realizada;Entrega Finalizada;11;6;8;6;BV LOG;26011;;;
MOBIS BRASIL FABRICACAO DE AUTO PECAS LT;RODOVIARIO;1521017;08/06/2026;14;346113;08/06/2026;ANDRETA II DISTRIBUIDORA DE VEIC. LTDA;9,10E+12;CAMPINAS;SP;08/06/2026;11/06/2026;08/06/2026;Entregue No Prazo;;Entrega realizada;Entrega Finalizada;11;6;8;6;BV LOG;26011;;;
MOBIS BRASIL FABRICACAO DE AUTO PECAS LT;RODOVIARIO;1521026;08/06/2026;2;346114;08/06/2026;CAOA MOTOR DO BRASIL LTDA;1,68E+13;CAMPINAS;SP;08/06/2026;11/06/2026;08/06/2026;Entregue No Prazo;;Entrega realizada;Entrega Finalizada;11;6;8;6;BV LOG;5008;;;
MOBIS BRASIL FABRICACAO DE AUTO PECAS LT;RODOVIARIO;1521029;08/06/2026;20;346115;08/06/2026;DESTAQUE SEUL DISTR. DE VEIC. E PC. LTDA;2,12E+13;ATIBAIA;SP;08/06/2026;11/06/2026;08/06/2026;Entregue No Prazo;;Entrega realizada;Entrega Finalizada;11;6;8;6;BV LOG;26075;;;
MOBIS BRASIL FABRICACAO DE AUTO PECAS LT;RODOVIARIO;1512891;20/05/2026;1;343339;20/05/2026;UNIQUE BOA VISTA COM. DE AUTOMOVEIS LTDA;3,48E+13;BOA VISTA;RR;20/05/2026;17/06/2026;09/06/2026;Entregue No Prazo;;Entrega realizada;Entrega Finalizada;17;6;20;5;CARVALIMA;22002;;;
MOBIS BRASIL FABRICACAO DE AUTO PECAS LT;RODOVIARIO;1513668;21/05/2026;3;343631;21/05/2026;UNIQUE BOA VISTA COM. DE AUTOMOVEIS LTDA;3,48E+13;BOA VISTA;RR;21/05/2026;18/06/2026;09/06/2026;Entregue No Prazo;;Entrega realizada;Entrega Finalizada;18;6;21;5;CARVALIMA;22002;;;
MOBIS BRASIL FABRICACAO DE AUTO PECAS LT;RODOVIARIO;1515542;25/05/2026;1;344044;25/05/2026;SAINT LAND COM DE VEICULOS S A;1,04E+13;MOSSORO;RN;25/05/2026;10/06/2026;09/06/2026;Entregue No Prazo;;Entrega realizada;Entrega Finalizada;10;6;25;5;TERMACO;20002;;;
MOBIS BRASIL FABRICACAO DE AUTO PECAS LT;RODOVIARIO;1515544;25/05/2026;1;344049;25/05/2026;UNIQUE BOA VISTA COM. DE AUTOMOVEIS LTDA;3,48E+13;BOA VISTA;RR;25/05/2026;22/06/2026;09/06/2026;Entregue No Prazo;;Entrega realizada;Entrega Finalizada;22;6;25;5;CARVALIMA;22002;;;
MOBIS BRASIL FABRICACAO DE AUTO PECAS LT;RODOVIARIO;1516334;26/05/2026;1;344305;26/05/2026;PATEO COMERCIO DE VEICULOS S A;7,78E+12;FEIRA DE SANTANA;BA;26/05/2026;10/06/2026;09/06/2026;Entregue No Prazo;;Entrega realizada;Entrega Finalizada;10;6;26;5;TERMACO;5009;;;
MOBIS BRASIL FABRICACAO DE AUTO PECAS LT;RODOVIARIO;1516365;26/05/2026;2;344289;26/05/2026;GREEN CITY VEICULOS LTDA;2,10E+13;PARNAIBA;PI;26/05/2026;15/06/2026;09/06/2026;Entregue No Prazo;;Entrega realizada;Entrega Finalizada;15;6;26;5;TERMACO;17002;Aniversário do Estado do Acre;Estadual;AC
MOBIS BRASIL FABRICACAO DE AUTO PECAS LT;RODOVIARIO;1516656;27/05/2026;4;344575;27/05/2026;NACIONAL NOVA MARABA DIST DE VEIC. LTDA;1,70E+13;IMPERATRIZ;MA;27/05/2026;16/06/2026;09/06/2026;Entregue No Prazo;;Entrega realizada;Entrega Finalizada;16;6;27;5;TERMACO;10003;;;
MOBIS BRASIL FABRICACAO DE AUTO PECAS LT;RODOVIARIO;1516676;27/05/2026;3;344568;27/05/2026;GREEN CITY VEICULOS LTDA;2,10E+13;PARNAIBA;PI;27/05/2026;16/06/2026;09/06/2026;Entregue No Prazo;;Entrega realizada;Entrega Finalizada;16;6;27;5;TERMACO;17002;;;
MOBIS BRASIL FABRICACAO DE AUTO PECAS LT;RODOVIARIO;1517289;28/05/2026;1;344976;28/05/2026;PATEO COMERCIO DE VEICULOS S A;7,78E+12;SAO LUIS;MA;28/05/2026;12/06/2026;09/06/2026;Entregue No Prazo;;Entrega realizada;Entrega Finalizada;12;6;28;5;CARVALIMA;10002;;;
MOBIS BRASIL FABRICACAO DE AUTO PECAS LT;RODOVIARIO;1517290;28/05/2026;12;344976;28/05/2026;PATEO COMERCIO DE VEICULOS S A;7,78E+12;SAO LUIS;MA;28/05/2026;12/06/2026;09/06/2026;Entregue No Prazo;;Entrega realizada;Entrega Finalizada;12;6;28;5;CARVALIMA;10002;;;
MOBIS BRASIL FABRICACAO DE AUTO PECAS LT;RODOVIARIO;1517327;28/05/2026;4;344983;28/05/2026;SAINT LAND COMERCIO DE VEICULOS LTDA;1,04E+13;NATAL;RN;28/05/2026;12/06/2026;09/06/2026;Entregue No Prazo;;Entrega realizada;Entrega Finalizada;12;6;28;5;TERMACO;6010;;;
MOBIS BRASIL FABRICACAO DE AUTO PECAS LT;RODOVIARIO;1517326;28/05/2026;15;344974;28/05/2026;ORIENTE AUTOMOVEIS LTDA;1,33E+13;PARNAMIRIM;RN;28/05/2026;15/06/2026;09/06/2026;Entregue No Prazo;;Entrega realizada;Entrega Finalizada;15;6;28;5;TERMACO;20001;Aniversário do Estado do Acre;Estadual;AC
MOBIS BRASIL FABRICACAO DE AUTO PECAS LT;RODOVIARIO;1518059;29/05/2026;3;345221;29/05/2026;PATEO COMERCIO DE VEICULOS S A;7,78E+12;SALVADOR;BA;29/05/2026;10/06/2026;09/06/2026;Entregue No Prazo;;Entrega realizada;Entrega Finalizada;10;6;29;5;TERMACO;5003;;;
MOBIS BRASIL FABRICACAO DE AUTO PECAS LT;RODOVIARIO;1518060;29/05/2026;21;345221;29/05/2026;PATEO COMERCIO DE VEICULOS S A;7,78E+12;SALVADOR;BA;29/05/2026;10/06/2026;09/06/2026;Entregue No Prazo;;Entrega realizada;Entrega Finalizada;10;6;29;5;TERMACO;5003;;;
MOBIS BRASIL FABRICACAO DE AUTO PECAS LT;RODOVIARIO;1518061;29/05/2026;19;345210;29/05/2026;FAZZA MOTORS COMERCIO DE VEICULOS LTDA;1,24E+13;SALVADOR;BA;29/05/2026;10/06/2026;09/06/2026;Entregue No Prazo;;Entrega realizada;Entrega Finalizada;10;6;29;5;TERMACO;5007;;;
MOBIS BRASIL FABRICACAO DE AUTO PECAS LT;RODOVIARIO;1518062;29/05/2026;3;345205;29/05/2026;CAOA MOTOR DO BRASIL LTDA.;1,68E+13;LAURO DE FREITAS;BA;29/05/2026;15/06/2026;09/06/2026;Entregue No Prazo;;Entrega realizada;Entrega Finalizada;15;6;29;5;TERMACO;5008;Aniversário do Estado do Acre;Estadual;AC
MOBIS BRASIL FABRICACAO DE AUTO PECAS LT;RODOVIARIO;1518064;29/05/2026;3;345217;29/05/2026;MASTER COMERCIAL DE VEICULOS LTDA;2,85E+13;JACOBINA;BA;29/05/2026;15/06/2026;09/06/2026;Entregue No Prazo;;Entrega realizada;Entrega Finalizada;15;6;29;5;TERMACO;5013;Aniversário do Estado do Acre;Estadual;AC
MOBIS BRASIL FABRICACAO DE AUTO PECAS LT;RODOVIARIO;1518074;29/05/2026;1;345222;29/05/2026;PATEO COMERCIO DE VEICULOS S A;7,78E+12;SAO LUIS;MA;29/05/2026;15/06/2026;09/06/2026;Entregue No Prazo;;Entrega realizada;Entrega Finalizada;15;6;29;5;TERMACO;10002;Aniversário do Estado do Acre;Estadual;AC
MOBIS BRASIL FABRICACAO DE AUTO PECAS LT;RODOVIARIO;1518098;29/05/2026;2;345196;29/05/2026;AUTORAC VEICULOS LTDA;1,06E+13;PETROLINA;PE;29/05/2026;16/06/2026;09/06/2026;Entregue No Prazo;;Entrega realizada;Entrega Finalizada;16;6;29;5;TERMACO;16001;;;
MOBIS BRASIL FABRICACAO DE AUTO PECAS LT;RODOVIARIO;1518099;29/05/2026;1;345213;29/05/2026;GREEN CITY VEICULOS LTDA;2,10E+13;TERESINA;PI;29/05/2026;16/06/2026;09/06/2026;Entregue No Prazo;;Entrega realizada;Entrega Finalizada;16;6;29;5;TERMACO;17002;;;
MOBIS BRASIL FABRICACAO DE AUTO PECAS LT;RODOVIARIO;1518112;29/05/2026;17;345218;29/05/2026;ORIENTE AUTOMOVEIS LTDA;1,33E+13;PARNAMIRIM;RN;29/05/2026;16/06/2026;09/06/2026;Entregue No Prazo;;Entrega realizada;Entrega Finalizada;16;6;29;5;TERMACO;20001;;;
MOBIS BRASIL FABRICACAO DE AUTO PECAS LT;RODOVIARIO;1518708;29/05/2026;2;345544;01/06/2026;CAOA MOTOR DO BRASIL LTDA;1,68E+13;RIO DE JANEIRO;RJ;01/06/2026;05/06/2026;09/06/2026;Entregue Fora do Prazo;;Entrega realizada;Entrega Finalizada;5;6;1;6;CAMILO;5008;;;
MOBIS BRASIL FABRICACAO DE AUTO PECAS LT;RODOVIARIO;1518719;29/05/2026;8;345519;01/06/2026;ATUAL VEICULOS LTDA;1,33E+13;CRICIUMA;SC;01/06/2026;08/06/2026;09/06/2026;Entregue Fora do Prazo;;Entrega realizada;Entrega Finalizada;8;6;1;6;TRANSTRY;24001;;;
MOBIS BRASIL FABRICACAO DE AUTO PECAS LT;RODOVIARIO;1518973;30/05/2026;1;345519;01/06/2026;ATUAL VEICULOS LTDA;1,33E+13;CRICIUMA;SC;01/06/2026;08/06/2026;09/06/2026;Entregue Fora do Prazo;;Entrega realizada;Entrega Finalizada;8;6;1;6;TRANSTRY;24001;;;
MOBIS BRASIL FABRICACAO DE AUTO PECAS LT;RODOVIARIO;1518970;30/05/2026;2;345548;01/06/2026;COMETA MATO GROSSO COM. DE VEICULOS LTDA;1,54E+13;TANGARA DA SERRA;MT;01/06/2026;10/06/2026;09/06/2026;Entregue No Prazo;;Entrega realizada;Entrega Finalizada;10;6;1;6;CARVALIMA;13007;;;
MOBIS BRASIL FABRICACAO DE AUTO PECAS LT;RODOVIARIO;1518657;29/05/2026;3;345562;01/06/2026;PATEO COMERCIO DE VEICULOS S A;7,78E+12;SALVADOR;BA;01/06/2026;11/06/2026;09/06/2026;Entregue No Prazo;;Entrega realizada;Entrega Finalizada;11;6;1;6;TERMACO;5003;;;
MOBIS BRASIL FABRICACAO DE AUTO PECAS LT;RODOVIARIO;1518658;29/05/2026;1;345550;01/06/2026;FAZZA MOTORS COMERCIO DE VEICULOS LTDA;1,24E+13;SALVADOR;BA;01/06/2026;11/06/2026;09/06/2026;Entregue No Prazo;;Entrega realizada;Entrega Finalizada;11;6;1;6;TERMACO;5007;;;
MOBIS BRASIL FABRICACAO DE AUTO PECAS LT;RODOVIARIO;1518659;29/05/2026;8;345550;01/06/2026;FAZZA MOTORS COMERCIO DE VEICULOS LTDA;1,24E+13;SALVADOR;BA;01/06/2026;11/06/2026;09/06/2026;Entregue No Prazo;;Entrega realizada;Entrega Finalizada;11;6;1;6;TERMACO;5007;;;
MOBIS BRASIL FABRICACAO DE AUTO PECAS LT;RODOVIARIO;1518965;30/05/2026;1;345487;01/06/2026;URCA MOTORS VEICULOS LTDA;8,77E+12;ITUMBIARA;GO;01/06/2026;11/06/2026;09/06/2026;Entregue No Prazo;;Entrega realizada;Entrega Finalizada;11;6;1;6;RIO VERMELHO;9014;;;
MOBIS BRASIL FABRICACAO DE AUTO PECAS LT;RODOVIARIO;1518689;29/05/2026;3;345574;01/06/2026;UNIQUE COMERCIO DE AUTOMOVEIS LTDA;1,74E+13;ANANINDEUA;PA;01/06/2026;12/06/2026;09/06/2026;Entregue No Prazo;;Entrega realizada;Entrega Finalizada;12;6;1;6;CARVALIMA;14003;;;
MOBIS BRASIL FABRICACAO DE AUTO PECAS LT;RODOVIARIO;1518690;29/05/2026;4;345574;01/06/2026;UNIQUE COMERCIO DE AUTOMOVEIS LTDA;1,74E+13;ANANINDEUA;PA;01/06/2026;12/06/2026;09/06/2026;Entregue No Prazo;;Entrega realizada;Entrega Finalizada;12;6;1;6;CARVALIMA;14003;;;
MOBIS BRASIL FABRICACAO DE AUTO PECAS LT;RODOVIARIO;1518691;29/05/2026;2;345542;01/06/2026;CAOA MOTOR DO BRASIL LTDA;1,68E+13;BELEM;PA;01/06/2026;12/06/2026;09/06/2026;Entregue No Prazo;;Entrega realizada;Entrega Finalizada;12;6;1;6;CARVALIMA;5008;;;
MOBIS BRASIL FABRICACAO DE AUTO PECAS LT;RODOVIARIO;1518660;29/05/2026;7;345563;01/06/2026;PATEO COMERCIO DE VEICULOS S A;7,78E+12;FEIRA DE SANTANA;BA;01/06/2026;16/06/2026;09/06/2026;Entregue No Prazo;;Entrega realizada;Entrega Finalizada;16;6;1;6;TERMACO;5009;;;
MOBIS BRASIL FABRICACAO DE AUTO PECAS LT;RODOVIARIO;1518661;29/05/2026;5;345558;01/06/2026;MASTER COMERCIAL DE VEICULOS LTDA;2,85E+13;BARREIRAS;BA;01/06/2026;16/06/2026;09/06/2026;Entregue No Prazo;;Entrega realizada;Entrega Finalizada;16;6;1;6;TERMACO;5012;;;
MOBIS BRASIL FABRICACAO DE AUTO PECAS LT;RODOVIARIO;1519871;02/06/2026;2;345600;02/06/2026;DESTAQUE SEUL DISTR. DE VEIC. E PC. LTDA;2,12E+13;ATIBAIA;SP;02/06/2026;05/06/2026;09/06/2026;Entregue Fora do Prazo;;Entrega realizada;Entrega Finalizada;5;6;2;6;MVT;26075;;;
MOBIS BRASIL FABRICACAO DE AUTO PECAS LT;RODOVIARIO;1519855;02/06/2026;1;345672;02/06/2026;HOUSE PARTS-COM. DE PCS. E VEICULOS LTDA;1,15E+13;PORTO ALEGRE;RS;02/06/2026;08/06/2026;09/06/2026;Entregue No Prazo;;Entrega realizada;Entrega Finalizada;8;6;2;6;TRANSTRY;23004;;;
MOBIS BRASIL FABRICACAO DE AUTO PECAS LT;RODOVIARIO;1519856;02/06/2026;3;345672;02/06/2026;HOUSE PARTS-COM. DE PCS. E VEICULOS LTDA;1,15E+13;PORTO ALEGRE;RS;02/06/2026;08/06/2026;09/06/2026;Entregue No Prazo;;Entrega realizada;Entrega Finalizada;8;6;2;6;TRANSTRY;23004;;;
MOBIS BRASIL FABRICACAO DE AUTO PECAS LT;RODOVIARIO;1520225;02/06/2026;99;345667;02/06/2026;CARWAY SUL VEICULOS LTDA;1,03E+13;CANOAS;RS;02/06/2026;08/06/2026;09/06/2026;Entregue No Prazo;;Entrega realizada;Entrega Finalizada;8;6;2;6;TRANSTRY;23003;;;
MOBIS BRASIL FABRICACAO DE AUTO PECAS LT;RODOVIARIO;1520226;02/06/2026;9;345667;02/06/2026;CARWAY SUL VEICULOS LTDA;1,03E+13;CANOAS;RS;02/06/2026;08/06/2026;09/06/2026;Entregue No Prazo;;Entrega realizada;Entrega Finalizada;8;6;2;6;TRANSTRY;23003;;;
MOBIS BRASIL FABRICACAO DE AUTO PECAS LT;RODOVIARIO;1520227;02/06/2026;51;345667;02/06/2026;CARWAY SUL VEICULOS LTDA;1,03E+13;CANOAS;RS;02/06/2026;08/06/2026;09/06/2026;Entregue No Prazo;;Entrega realizada;Entrega Finalizada;8;6;2;6;TRANSTRY;23003;;;
MOBIS BRASIL FABRICACAO DE AUTO PECAS LT;RODOVIARIO;1519811;02/06/2026;3;345811;02/06/2026;VIA BRASIL AUTOMOVEIS LTDA.;4,72E+12;SERRA;ES;02/06/2026;09/06/2026;09/06/2026;Entregue No Prazo;;Entrega realizada;Entrega Finalizada;9;6;2;6;CAMILO;8001;;;
MOBIS BRASIL FABRICACAO DE AUTO PECAS LT;RODOVIARIO;1519812;02/06/2026;19;345807;02/06/2026;TAI MOTORS VEICULOS S/A;9,27E+12;VITORIA;ES;02/06/2026;09/06/2026;09/06/2026;Entregue No Prazo;;Entrega realizada;Entrega Finalizada;9;6;2;6;CAMILO;8002;;;
MOBIS BRASIL FABRICACAO DE AUTO PECAS LT;RODOVIARIO;1519858;02/06/2026;2;345671;02/06/2026;HOUSE PARTS COMERCIO DE PECAS E VEI;1,15E+13;CAXIAS DO SUL;RS;02/06/2026;09/06/2026;09/06/2026;Entregue No Prazo;;Entrega realizada;Entrega Finalizada;9;6;2;6;TRANSTRY;23023;;;
MOBIS BRASIL FABRICACAO DE AUTO PECAS LT;RODOVIARIO;1519859;02/06/2026;1;345676;02/06/2026;LS COMERCIO DE AUTOMOVEIS LTDA.;1,03E+13;BRUSQUE;SC;02/06/2026;09/06/2026;09/06/2026;Entregue No Prazo;;Entrega realizada;Entrega Finalizada;9;6;2;6;TRANSTRY;24006;;;
MOBIS BRASIL FABRICACAO DE AUTO PECAS LT;RODOVIARIO;1520217;02/06/2026;2;345806;02/06/2026;PRIME VILA VELHA VEICULOS LTDA.;2,14E+13;VILA VELHA;ES;02/06/2026;09/06/2026;09/06/2026;Entregue No Prazo;;Entrega realizada;Entrega Finalizada;9;6;2;6;CAMILO;8005;;;
MOBIS BRASIL FABRICACAO DE AUTO PECAS LT;RODOVIARIO;1519814;02/06/2026;3;345804;02/06/2026;PRIME CACHOEIRO VEICULOS LTDA;9,34E+12;LINHARES;ES;02/06/2026;10/06/2026;09/06/2026;Entregue No Prazo;;Entrega realizada;Entrega Finalizada;10;6;2;6;CAMILO;8004;;;
MOBIS BRASIL FABRICACAO DE AUTO PECAS LT;RODOVIARIO;1519815;02/06/2026;8;345651;02/06/2026;NISA COMERCIAL DE VEIC. AUTOMOTORES LTDA;1,03E+13;APARECIDA DE GOIANIA;GO;02/06/2026;10/06/2026;09/06/2026;Entregue No Prazo;;Entrega realizada;Entrega Finalizada;10;6;2;6;RIO VERMELHO;9002;;;
MOBIS BRASIL FABRICACAO DE AUTO PECAS LT;RODOVIARIO;1519816;02/06/2026;1;345654;02/06/2026;SAGA KOREA COM. DE VEIC. E PC. LTDA;1,27E+13;GOIANIA;GO;02/06/2026;10/06/2026;09/06/2026;Entregue No Prazo;;Entrega realizada;Entrega Finalizada;10;6;2;6;RIO VERMELHO;9009;;;
MOBIS BRASIL FABRICACAO DE AUTO PECAS LT;RODOVIARIO;1519817;02/06/2026;15;345654;02/06/2026;SAGA KOREA COM. DE VEIC. E PC. LTDA;1,27E+13;GOIANIA;GO;02/06/2026;10/06/2026;09/06/2026;Entregue No Prazo;;Entrega realizada;Entrega Finalizada;10;6;2;6;RIO VERMELHO;9009;;;
MOBIS BRASIL FABRICACAO DE AUTO PECAS LT;RODOVIARIO;1519819;02/06/2026;1;345650;02/06/2026;NISA COMERCIAL DE VEIC. AUTOMOTORES LTDA;1,03E+13;GOIANIA;GO;02/06/2026;10/06/2026;09/06/2026;Entregue No Prazo;;Entrega realizada;Entrega Finalizada;10;6;2;6;RIO VERMELHO;9013;;;
MOBIS BRASIL FABRICACAO DE AUTO PECAS LT;RODOVIARIO;1519829;02/06/2026;3;345809;02/06/2026;ULSAN COMERCIO DE VEICULOS LTDA.;2,10E+13;CAMPO GRANDE;MS;02/06/2026;10/06/2026;09/06/2026;Entregue No Prazo;;Entrega realizada;Entrega Finalizada;10;6;2;6;CARVALIMA;12004;;;
MOBIS BRASIL FABRICACAO DE AUTO PECAS LT;RODOVIARIO;1520218;02/06/2026;1;345655;02/06/2026;SAGA KOREA COM. DE VEIC. E PC. LTDA;1,27E+13;GOIANIA;GO;02/06/2026;10/06/2026;09/06/2026;Entregue No Prazo;;Entrega realizada;Entrega Finalizada;10;6;2;6;RIO VERMELHO;9011;;;
MOBIS BRASIL FABRICACAO DE AUTO PECAS LT;RODOVIARIO;1520228;02/06/2026;99;345655;02/06/2026;SAGA KOREA COM. DE VEIC. E PC. LTDA;1,27E+13;GOIANIA;GO;02/06/2026;10/06/2026;09/06/2026;Entregue No Prazo;;Entrega realizada;Entrega Finalizada;10;6;2;6;RIO VERMELHO;9011;;;
MOBIS BRASIL FABRICACAO DE AUTO PECAS LT;RODOVIARIO;1520244;02/06/2026;16;345655;02/06/2026;SAGA KOREA COM. DE VEIC. E PC. LTDA;1,27E+13;GOIANIA;GO;02/06/2026;10/06/2026;09/06/2026;Entregue No Prazo;;Entrega realizada;Entrega Finalizada;10;6;2;6;RIO VERMELHO;9011;;;
MOBIS BRASIL FABRICACAO DE AUTO PECAS LT;RODOVIARIO;1520246;02/06/2026;51;345655;02/06/2026;SAGA KOREA COM. DE VEIC. E PC. LTDA;1,27E+13;GOIANIA;GO;02/06/2026;10/06/2026;09/06/2026;Entregue No Prazo;;Entrega realizada;Entrega Finalizada;10;6;2;6;RIO VERMELHO;9011;;;
MOBIS BRASIL FABRICACAO DE AUTO PECAS LT;RODOVIARIO;1519832;02/06/2026;1;345785;02/06/2026;COMETA MATO GROSSO COM. DE VEICULOS LTDA;1,54E+13;TANGARA DA SERRA;MT;02/06/2026;11/06/2026;09/06/2026;Entregue No Prazo;;Entrega realizada;Entrega Finalizada;11;6;2;6;CARVALIMA;13007;;;
MOBIS BRASIL FABRICACAO DE AUTO PECAS LT;RODOVIARIO;1519806;02/06/2026;42;345802;02/06/2026;PATEO COMERCIO DE VEICULOS S A;7,78E+12;SALVADOR;BA;02/06/2026;12/06/2026;09/06/2026;Entregue No Prazo;;Entrega realizada;Entrega Finalizada;12;6;2;6;TERMACO;5003;;;
MOBIS BRASIL FABRICACAO DE AUTO PECAS LT;RODOVIARIO;1519807;02/06/2026;45;345787;02/06/2026;FAZZA MOTORS COMERCIO DE VEICULOS LTDA;1,24E+13;SALVADOR;BA;02/06/2026;12/06/2026;09/06/2026;Entregue No Prazo;;Entrega realizada;Entrega Finalizada;12;6;2;6;TERMACO;5007;;;
MOBIS BRASIL FABRICACAO DE AUTO PECAS LT;RODOVIARIO;1519833;02/06/2026;1;345810;02/06/2026;UNIQUE COMERCIO DE AUTOMOVEIS LTDA;1,74E+13;ANANINDEUA;PA;02/06/2026;15/06/2026;09/06/2026;Entregue No Prazo;;Entrega realizada;Entrega Finalizada;15;6;2;6;CARVALIMA;14003;Aniversário do Estado do Acre;Estadual;AC
MOBIS BRASIL FABRICACAO DE AUTO PECAS LT;RODOVIARIO;1519834;02/06/2026;2;345810;02/06/2026;UNIQUE COMERCIO DE AUTOMOVEIS LTDA;1,74E+13;ANANINDEUA;PA;02/06/2026;15/06/2026;09/06/2026;Entregue No Prazo;;Entrega realizada;Entrega Finalizada;15;6;2;6;CARVALIMA;14003;Aniversário do Estado do Acre;Estadual;AC
MOBIS BRASIL FABRICACAO DE AUTO PECAS LT;RODOVIARIO;1519835;02/06/2026;1;345782;02/06/2026;CAOA MOTOR DO BRASIL LTDA;1,68E+13;BELEM;PA;02/06/2026;15/06/2026;09/06/2026;Entregue No Prazo;;Entrega realizada;Entrega Finalizada;15;6;2;6;CARVALIMA;5008;Aniversário do Estado do Acre;Estadual;AC
MOBIS BRASIL FABRICACAO DE AUTO PECAS LT;RODOVIARIO;1519821;02/06/2026;6;345799;02/06/2026;NACIONAL NOVA MARABA DIST DE VEIC. LTDA;1,70E+13;IMPERATRIZ;MA;02/06/2026;22/06/2026;09/06/2026;Entregue No Prazo;;Entrega realizada;Entrega Finalizada;22;6;2;6;TERMACO;10003;;;
MOBIS BRASIL FABRICACAO DE AUTO PECAS LT;RODOVIARIO;1520379;03/06/2026;7;345889;03/06/2026;AMX COM. E SERVICOS DE AUTOMOTORES LTDA;1,20E+13;RIO DE JANEIRO;RJ;03/06/2026;09/06/2026;09/06/2026;Entregue No Prazo;;Entrega realizada;Entrega Finalizada;9;6;3;6;CAMILO;19009;;;
MOBIS BRASIL FABRICACAO DE AUTO PECAS LT;RODOVIARIO;1520380;03/06/2026;1;345893;03/06/2026;CAOA MOTOR DO BRASIL LTDA;1,68E+13;RIO DE JANEIRO;RJ;03/06/2026;09/06/2026;09/06/2026;Entregue No Prazo;;Entrega realizada;Entrega Finalizada;9;6;3;6;CAMILO;5008;;;
MOBIS BRASIL FABRICACAO DE AUTO PECAS LT;RODOVIARIO;1520382;03/06/2026;1;345892;03/06/2026;CAOA MOTOR DO BRASIL LTDA;1,68E+13;RIO DE JANEIRO;RJ;03/06/2026;09/06/2026;09/06/2026;Entregue No Prazo;;Entrega realizada;Entrega Finalizada;9;6;3;6;CAMILO;5008;;;
MOBIS BRASIL FABRICACAO DE AUTO PECAS LT;RODOVIARIO;1520383;03/06/2026;2;345891;03/06/2026;CAOA MOTOR DO BRASIL LTDA;1,68E+13;RIO DE JANEIRO;RJ;03/06/2026;09/06/2026;09/06/2026;Entregue No Prazo;;Entrega realizada;Entrega Finalizada;9;6;3;6;CAMILO;5008;;;
MOBIS BRASIL FABRICACAO DE AUTO PECAS LT;RODOVIARIO;1520820;03/06/2026;1;345898;03/06/2026;ITAVEMA MOTORS VEICULOS LTDA;7,73E+12;RIO DE JANEIRO;RJ;03/06/2026;09/06/2026;09/06/2026;Entregue No Prazo;;Entrega realizada;Entrega Finalizada;9;6;3;6;CAMILO;19001;;;
MOBIS BRASIL FABRICACAO DE AUTO PECAS LT;RODOVIARIO;1520821;03/06/2026;14;345898;03/06/2026;ITAVEMA MOTORS VEICULOS LTDA;7,73E+12;RIO DE JANEIRO;RJ;03/06/2026;09/06/2026;09/06/2026;Entregue No Prazo;;Entrega realizada;Entrega Finalizada;9;6;3;6;CAMILO;19001;;;
MOBIS BRASIL FABRICACAO DE AUTO PECAS LT;RODOVIARIO;1520834;03/06/2026;3;345899;03/06/2026;ITAVEMA MOTORS VEICULOS LTDA;7,73E+12;DUQUE DE CAXIAS;RJ;03/06/2026;09/06/2026;09/06/2026;Entregue No Prazo;;Entrega realizada;Entrega Finalizada;9;6;3;6;CAMILO;19001;;;
MOBIS BRASIL FABRICACAO DE AUTO PECAS LT;RODOVIARIO;1520353;03/06/2026;11;345918;03/06/2026;TAI MOTORS VEICULOS S/A;9,27E+12;VITORIA;ES;03/06/2026;10/06/2026;09/06/2026;Entregue No Prazo;;Entrega realizada;Entrega Finalizada;10;6;3;6;CAMILO;8002;;;
MOBIS BRASIL FABRICACAO DE AUTO PECAS LT;RODOVIARIO;1520381;03/06/2026;4;345919;03/06/2026;TAI MOTORS VEICULOS S/A.;9,27E+12;CAMPOS DOS GOYTACAZES;RJ;03/06/2026;10/06/2026;09/06/2026;Entregue No Prazo;;Entrega realizada;Entrega Finalizada;10;6;3;6;CAMILO;19023;;;
MOBIS BRASIL FABRICACAO DE AUTO PECAS LT;RODOVIARIO;1520817;03/06/2026;2;345865;03/06/2026;SAGA KOREA COM. DE VEIC. E PC. LTDA;1,27E+13;GOIANIA;GO;03/06/2026;11/06/2026;09/06/2026;Entregue No Prazo;;Entrega realizada;Entrega Finalizada;11;6;3;6;RIO VERMELHO;9011;;;
MOBIS BRASIL FABRICACAO DE AUTO PECAS LT;RODOVIARIO;1520818;03/06/2026;11;345865;03/06/2026;SAGA KOREA COM. DE VEIC. E PC. LTDA;1,27E+13;GOIANIA;GO;03/06/2026;11/06/2026;09/06/2026;Entregue No Prazo;;Entrega realizada;Entrega Finalizada;11;6;3;6;RIO VERMELHO;9011;;;
MOBIS BRASIL FABRICACAO DE AUTO PECAS LT;RODOVIARIO;1520368;03/06/2026;44;345912;03/06/2026;SAGA ASIA COM. DE VEIC.PC.E SERV. LTDA;2,23E+13;VARZEA GRANDE;MT;03/06/2026;12/06/2026;09/06/2026;Entregue No Prazo;;Entrega realizada;Entrega Finalizada;12;6;3;6;CARVALIMA;13004;;;
MOBIS BRASIL FABRICACAO DE AUTO PECAS LT;RODOVIARIO;1520819;03/06/2026;2;345913;03/06/2026;SAGA SEUL COMERCIO DE VEICULOS, PECAS E;2,23E+13;CUIABA;MT;03/06/2026;12/06/2026;09/06/2026;Entregue No Prazo;;Entrega realizada;Entrega Finalizada;12;6;3;6;CARVALIMA;13005;;;
MOBIS BRASIL FABRICACAO DE AUTO PECAS LT;RODOVIARIO;1521013;08/06/2026;19;346121;08/06/2026;BILLY DISTRIBUIDORA DE VEICULOS LTDA;1,34E+13;BARUERI;SP;08/06/2026;10/06/2026;09/06/2026;Entregue No Prazo;;Entrega realizada;Entrega Finalizada;10;6;8;6;XD DIADEMA;26003;;;
MOBIS BRASIL FABRICACAO DE AUTO PECAS LT;RODOVIARIO;1521014;08/06/2026;1;346126;08/06/2026;GRAND SPORT COM. DE VEIC. E PECAS LTDA;8,58E+12;GUARULHOS;SP;08/06/2026;10/06/2026;09/06/2026;Entregue No Prazo;;Entrega realizada;Entrega Finalizada;10;6;8;6;XD DIADEMA;26005;;;
MOBIS BRASIL FABRICACAO DE AUTO PECAS LT;RODOVIARIO;1521015;08/06/2026;4;346126;08/06/2026;GRAND SPORT COM. DE VEIC. E PECAS LTDA;8,58E+12;GUARULHOS;SP;08/06/2026;10/06/2026;09/06/2026;Entregue No Prazo;;Entrega realizada;Entrega Finalizada;10;6;8;6;XD DIADEMA;26005;;;
MOBIS BRASIL FABRICACAO DE AUTO PECAS LT;RODOVIARIO;1521024;08/06/2026;4;346123;08/06/2026;CAOA MOTOR DO BRASIL LTDA (VL PRUDENTE);1,68E+13;SAO PAULO;SP;08/06/2026;10/06/2026;09/06/2026;Entregue No Prazo;;Entrega realizada;Entrega Finalizada;10;6;8;6;XD DIADEMA;26051;;;
MOBIS BRASIL FABRICACAO DE AUTO PECAS LT;RODOVIARIO;1521030;08/06/2026;2;346120;08/06/2026;BILLY DISTRIBUIDORA DE VEICULOS LTDA;1,34E+13;SAO PAULO;SP;08/06/2026;10/06/2026;09/06/2026;Entregue No Prazo;;Entrega realizada;Entrega Finalizada;10;6;8;6;XD DIADEMA;26003;;;
MOBIS BRASIL FABRICACAO DE AUTO PECAS LT;RODOVIARIO;1521033;08/06/2026;4;346117;08/06/2026;GRANDAY AUTOMOTORES LTDA (CHAC. CALIFOR);1,57E+13;SAO PAULO;SP;08/06/2026;10/06/2026;09/06/2026;Entregue No Prazo;;Entrega realizada;Entrega Finalizada;10;6;8;6;BV LOG;26090;;;
MOBIS BRASIL FABRICACAO DE AUTO PECAS LT;RODOVIARIO;1521037;08/06/2026;1;346130;08/06/2026;NOBRE DISTRIBUIDORA DE VEIC. E PEC. LTDA;5,76E+12;SUZANO;SP;08/06/2026;10/06/2026;09/06/2026;Entregue No Prazo;;Entrega realizada;Entrega Finalizada;10;6;8;6;XD DIADEMA;26103;;;
MOBIS BRASIL FABRICACAO DE AUTO PECAS LT;RODOVIARIO;1521035;08/06/2026;1;346149;08/06/2026;H - CAMINHO AUTOMOVEIS LTDA;2,53E+13;LIMEIRA;SP;08/06/2026;11/06/2026;09/06/2026;Entregue No Prazo;;Entrega realizada;Entrega Finalizada;11;6;8;6;MVT;26092;;;
MOBIS BRASIL FABRICACAO DE AUTO PECAS LT;RODOVIARIO;1521021;08/06/2026;20;346152;08/06/2026;NEW VEICULOS E PECAS LTDA;1,59E+13;FRANCA;SP;08/06/2026;12/06/2026;09/06/2026;Entregue No Prazo;;Entrega realizada;Entrega Finalizada;12;6;8;6;MVT;26014;;;
MOBIS BRASIL FABRICACAO DE AUTO PECAS LT;RODOVIARIO;1521031;08/06/2026;1;346144;08/06/2026;DHC COMERCIO DE VEICULOS E PECAS LTDA;9,52E+12;BOTUCATU;SP;08/06/2026;12/06/2026;09/06/2026;Entregue No Prazo;;Entrega realizada;Entrega Finalizada;12;6;8;6;MVT;26010;;;
MOBIS BRASIL FABRICACAO DE AUTO PECAS LT;RODOVIARIO;1521032;08/06/2026;1;346122;08/06/2026;CAOA MOTOR DO BRASIL LTDA;1,68E+13;PRAIA GRANDE;SP;08/06/2026;12/06/2026;09/06/2026;Entregue No Prazo;;Entrega realizada;Entrega Finalizada;12;6;8;6;XD DIADEMA;5008;;;
MOBIS BRASIL FABRICACAO DE AUTO PECAS LT;RODOVIARIO;1521038;08/06/2026;1;346154;08/06/2026;VIME SAO JOAO COM. DE VEIC. E PECAS LTDA;5,10E+13;SAO JOAO DA BOA VISTA;SP;08/06/2026;12/06/2026;09/06/2026;Entregue No Prazo;;Entrega realizada;Entrega Finalizada;12;6;8;6;MVT;26107;;;
MOBIS BRASIL FABRICACAO DE AUTO PECAS LT;RODOVIARIO;1521959;09/06/2026;23;346376;09/06/2026;GRANDAY AUTOMOTORES LTDA (CHAC. CALIFOR);1,57E+13;SAO PAULO;SP;09/06/2026;11/06/2026;09/06/2026;Entregue No Prazo;;Entrega realizada;Entrega Finalizada;11;6;9;6;BV LOG;26090;;;
MOBIS BRASIL FABRICACAO DE AUTO PECAS LT;RODOVIARIO;1521936;09/06/2026;88;346375;09/06/2026;MOTONET COMERCIO DE VEICULOS LTDA;9,28E+12;SOROCABA;SP;09/06/2026;12/06/2026;09/06/2026;Entregue No Prazo;;Entrega realizada;Entrega Finalizada;12;6;9;6;BV LOG;26113;;;
MOBIS BRASIL FABRICACAO DE AUTO PECAS LT;RODOVIARIO;1515497;25/05/2026;7;344037;25/05/2026;PATEO COMERCIO DE VEICULOS S A;7,78E+12;MANAUS;AM;25/05/2026;18/06/2026;10/06/2026;Entregue No Prazo;;Entrega realizada;Entrega Finalizada;18;6;25;5;CARVALIMA;3002;;;
MOBIS BRASIL FABRICACAO DE AUTO PECAS LT;RODOVIARIO;1516330;26/05/2026;4;344303;26/05/2026;PATEO COMERCIO DE VEICULOS S A;7,78E+12;MANAUS;AM;26/05/2026;19/06/2026;10/06/2026;Entregue No Prazo;;Entrega realizada;Entrega Finalizada;19;6;26;5;CARVALIMA;3002;;;
MOBIS BRASIL FABRICACAO DE AUTO PECAS LT;RODOVIARIO;1516639;27/05/2026;1;344577;27/05/2026;PATEO COMERCIO DE VEICULOS S A;7,78E+12;MANAUS;AM;27/05/2026;22/06/2026;10/06/2026;Entregue No Prazo;;Entrega realizada;Entrega Finalizada;22;6;27;5;CARVALIMA;3002;;;
MOBIS BRASIL FABRICACAO DE AUTO PECAS LT;RODOVIARIO;1518150;29/05/2026;3;345151;29/05/2026;PRIVILLEGE DISTRIBUIDORA DE VEICULOS LTD;1,72E+13;PALMAS;TO;29/05/2026;09/06/2026;10/06/2026;Entregue Fora do Prazo;;Entrega realizada;Entrega Finalizada;9;6;29;5;RIO VERMELHO;27003;;;
MOBIS BRASIL FABRICACAO DE AUTO PECAS LT;RODOVIARIO;1518092;29/05/2026;8;345223;29/05/2026;PATEO COMERCIO DE VEICULOS S A;7,78E+12;JOAO PESSOA;PB;29/05/2026;15/06/2026;10/06/2026;Entregue No Prazo;;Entrega realizada;Entrega Finalizada;15;6;29;5;TERMACO;15003;Aniversário do Estado do Acre;Estadual;AC
MOBIS BRASIL FABRICACAO DE AUTO PECAS LT;RODOVIARIO;1518726;29/05/2026;5;345570;01/06/2026;SAINT LAND COMERCIO DE VEICULOS LTDA;1,04E+13;ARACAJU;SE;01/06/2026;12/06/2026;10/06/2026;Entregue No Prazo;;Entrega realizada;Entrega Finalizada;12;6;1;6;TERMACO;6010;;;
MOBIS BRASIL FABRICACAO DE AUTO PECAS LT;RODOVIARIO;1518711;29/05/2026;7;345569;01/06/2026;SAINT LAND COMERCIO DE VEICULOS LTDA;1,04E+13;NATAL;RN;01/06/2026;16/06/2026;10/06/2026;Entregue No Prazo;;Entrega realizada;Entrega Finalizada;16;6;1;6;TERMACO;6010;;;
MOBIS BRASIL FABRICACAO DE AUTO PECAS LT;RODOVIARIO;1520212;02/06/2026;16;345792;02/06/2026;ITAVEMA MOTORS VEICULOS LTDA;7,73E+12;RIO DE JANEIRO;RJ;02/06/2026;08/06/2026;10/06/2026;Entregue Fora do Prazo;;Entrega realizada;Entrega Finalizada;8;6;2;6;CAMILO;19001;;;
MOBIS BRASIL FABRICACAO DE AUTO PECAS LT;RODOVIARIO;1519813;02/06/2026;4;345805;02/06/2026;PRIME CACHOEIRO VEICULOS LTDA EPP;9,34E+12;CACHOEIRO DE ITAPEMIRIM;ES;02/06/2026;10/06/2026;10/06/2026;Entregue No Prazo;;Entrega realizada;Entrega Finalizada;10;6;2;6;CAMILO;8003;;;
MOBIS BRASIL FABRICACAO DE AUTO PECAS LT;RODOVIARIO;1519857;02/06/2026;28;345668;02/06/2026;CHINHAN AUTOMOVEIS LTDA;2,41E+13;ERECHIM;RS;02/06/2026;10/06/2026;10/06/2026;Entregue No Prazo;;Entrega realizada;Entrega Finalizada;10;6;2;6;TRANSTRY;23019;;;
MOBIS BRASIL FABRICACAO DE AUTO PECAS LT;RODOVIARIO;1519818;02/06/2026;5;345656;02/06/2026;SAGA KOREA COM. DE VEIC. E PC. LTDA;1,27E+13;ANAPOLIS;GO;02/06/2026;15/06/2026;10/06/2026;Entregue No Prazo;;Entrega realizada;Entrega Finalizada;15;6;2;6;RIO VERMELHO;9012;Aniversário do Estado do Acre;Estadual;AC
MOBIS BRASIL FABRICACAO DE AUTO PECAS LT;RODOVIARIO;1519836;02/06/2026;2;345798;02/06/2026;NACIONAL NOVA MARABA DIST DE VEIC. LTDA;1,70E+13;MARABA;PA;02/06/2026;16/06/2026;10/06/2026;Entregue No Prazo;;Entrega realizada;Entrega Finalizada;16;6;2;6;CARVALIMA;14005;;;
MOBIS BRASIL FABRICACAO DE AUTO PECAS LT;RODOVIARIO;1519854;02/06/2026;1;345784;02/06/2026;COMETA JI PARANA COM. DE VEIC. LTDA;4,23E+12;JIPARANA;RO;02/06/2026;19/06/2026;10/06/2026;Entregue No Prazo;;Entrega realizada;Entrega Finalizada;19;6;2;6;CARVALIMA;21002;;;
MOBIS BRASIL FABRICACAO DE AUTO PECAS LT;RODOVIARIO;1520354;03/06/2026;6;345911;03/06/2026;PRIME CACHOEIRO VEICULOS LTDA EPP;9,34E+12;CACHOEIRO DE ITAPEMIRIM;ES;03/06/2026;11/06/2026;10/06/2026;Entregue No Prazo;;Entrega realizada;Entrega Finalizada;11;6;3;6;CAMILO;8003;;;
MOBIS BRASIL FABRICACAO DE AUTO PECAS LT;RODOVIARIO;1520355;03/06/2026;1;345911;03/06/2026;PRIME CACHOEIRO VEICULOS LTDA EPP;9,34E+12;CACHOEIRO DE ITAPEMIRIM;ES;03/06/2026;11/06/2026;10/06/2026;Entregue No Prazo;;Entrega realizada;Entrega Finalizada;11;6;3;6;CAMILO;8003;;;
MOBIS BRASIL FABRICACAO DE AUTO PECAS LT;RODOVIARIO;1520365;03/06/2026;2;345920;03/06/2026;ULSAN COMERCIO DE VEICULOS LTDA.;2,10E+13;CAMPO GRANDE;MS;03/06/2026;11/06/2026;10/06/2026;Entregue No Prazo;;Entrega realizada;Entrega Finalizada;11;6;3;6;CARVALIMA;12004;;;
MOBIS BRASIL FABRICACAO DE AUTO PECAS LT;RODOVIARIO;1520370;03/06/2026;1;345904;03/06/2026;NACIONAL NOVA MARABA DIST DE VEIC. LTDA;1,70E+13;MARABA;PA;03/06/2026;17/06/2026;10/06/2026;Entregue No Prazo;;Entrega realizada;Entrega Finalizada;17;6;3;6;CARVALIMA;14005;;;
MOBIS BRASIL FABRICACAO DE AUTO PECAS LT;RODOVIARIO;1521496;08/06/2026;80;346116;08/06/2026;BILLY DISTRIBUIDORA DE VEICULOS LTDA;1,34E+13;SAO CAETANO DO SUL;SP;08/06/2026;10/06/2026;10/06/2026;Entregue No Prazo;;Entrega realizada;Entrega Finalizada;10;6;8;6;BV LOG;26003;;;
MOBIS BRASIL FABRICACAO DE AUTO PECAS LT;RODOVIARIO;1520968;08/06/2026;14;346137;08/06/2026;TAI MOTORS VEICULOS S/A;9,27E+12;BELO HORIZONTE;MG;08/06/2026;11/06/2026;10/06/2026;Entregue No Prazo;;Entrega realizada;Entrega Finalizada;11;6;8;6;XD BETIM;8002;;;
MOBIS BRASIL FABRICACAO DE AUTO PECAS LT;RODOVIARIO;1520969;08/06/2026;24;346124;08/06/2026;CARBEL KOREA VEICULOS LTDA;2,07E+13;BELO HORIZONTE;MG;08/06/2026;11/06/2026;10/06/2026;Entregue No Prazo;;Entrega realizada;Entrega Finalizada;11;6;8;6;XD BETIM;11021;;;
MOBIS BRASIL FABRICACAO DE AUTO PECAS LT;RODOVIARIO;1520970;08/06/2026;3;346119;08/06/2026;BDG AUTOVILLE VEICULOS LTDA;4,77E+13;CONTAGEM;MG;08/06/2026;11/06/2026;10/06/2026;Entregue No Prazo;;Entrega realizada;Entrega Finalizada;11;6;8;6;XD BETIM;11037;;;
MOBIS BRASIL FABRICACAO DE AUTO PECAS LT;RODOVIARIO;1520971;08/06/2026;26;346119;08/06/2026;BDG AUTOVILLE VEICULOS LTDA;4,77E+13;CONTAGEM;MG;08/06/2026;11/06/2026;10/06/2026;Entregue No Prazo;;Entrega realizada;Entrega Finalizada;11;6;8;6;XD BETIM;11037;;;
MOBIS BRASIL FABRICACAO DE AUTO PECAS LT;RODOVIARIO;1521019;08/06/2026;19;346153;08/06/2026;NEW VEICULOS E PECAS LTDA;1,59E+13;RIBEIRAO PRETO;SP;08/06/2026;11/06/2026;10/06/2026;Entregue No Prazo;;Entrega realizada;Entrega Finalizada;11;6;8;6;MVT;26014;;;
MOBIS BRASIL FABRICACAO DE AUTO PECAS LT;RODOVIARIO;1521020;08/06/2026;1;346142;08/06/2026;ANDRETA II DISTRIB.DE VEICULOS LTDA.;9,10E+12;JUNDIAI;SP;08/06/2026;11/06/2026;10/06/2026;Entregue No Prazo;;Entrega realizada;Entrega Finalizada;11;6;8;6;MVT;26040;;;
MOBIS BRASIL FABRICACAO DE AUTO PECAS LT;RODOVIARIO;1521028;08/06/2026;1;346143;08/06/2026;CAOA MOTOR DO BRASIL LTDA;1,68E+13;SAO JOSE DOS CAMPOS;SP;08/06/2026;11/06/2026;10/06/2026;Entregue No Prazo;;Entrega realizada;Entrega Finalizada;11;6;8;6;MVT;5008;;;
MOBIS BRASIL FABRICACAO DE AUTO PECAS LT;RODOVIARIO;1521022;08/06/2026;2;346150;08/06/2026;H R B COMERCIO DE VEICULOS LTDA;1,82E+13;SAO JOSE DO RIO PRETO;SP;08/06/2026;12/06/2026;10/06/2026;Entregue No Prazo;;Entrega realizada;Entrega Finalizada;12;6;8;6;MVT;26050;;;
MOBIS BRASIL FABRICACAO DE AUTO PECAS LT;RODOVIARIO;1521023;08/06/2026;13;346150;08/06/2026;H R B COMERCIO DE VEICULOS LTDA;1,82E+13;SAO JOSE DO RIO PRETO;SP;08/06/2026;12/06/2026;10/06/2026;Entregue No Prazo;;Entrega realizada;Entrega Finalizada;12;6;8;6;MVT;26050;;;
MOBIS BRASIL FABRICACAO DE AUTO PECAS LT;RODOVIARIO;1521025;08/06/2026;2;346146;08/06/2026;GOLDEN MOTORS VEICULOS LTDA;3,62E+12;ARACATUBA;SP;08/06/2026;12/06/2026;10/06/2026;Entregue No Prazo;;Entrega realizada;Entrega Finalizada;12;6;8;6;MVT;12001;;;
MOBIS BRASIL FABRICACAO DE AUTO PECAS LT;RODOVIARIO;1521027;08/06/2026;2;346145;08/06/2026;DHC COMERCIO DE VEICULOS E PECAS LTDA;9,52E+12;MARILIA;SP;08/06/2026;12/06/2026;10/06/2026;Entregue No Prazo;;Entrega realizada;Entrega Finalizada;12;6;8;6;MVT;26010;;;
MOBIS BRASIL FABRICACAO DE AUTO PECAS LT;RODOVIARIO;1521034;08/06/2026;7;346147;08/06/2026;H - CAMINHO AUTOMOVEIS LTDA;2,53E+13;PIRACICABA;SP;08/06/2026;12/06/2026;10/06/2026;Entregue No Prazo;;Entrega realizada;Entrega Finalizada;12;6;8;6;MVT;26092;;;
MOBIS BRASIL FABRICACAO DE AUTO PECAS LT;RODOVIARIO;1521036;08/06/2026;2;346148;08/06/2026;H - CAMINHO AUTOMOVEIS LTDA;2,53E+13;CATANDUVA;SP;08/06/2026;12/06/2026;10/06/2026;Entregue No Prazo;;Entrega realizada;Entrega Finalizada;12;6;8;6;MVT;26092;;;
MOBIS BRASIL FABRICACAO DE AUTO PECAS LT;RODOVIARIO;1521931;09/06/2026;1;346395;09/06/2026;NOBRE DISTRIBUIDORA DE VEICULOS E PECAS;5,76E+12;MOGI DAS CRUZES;SP;09/06/2026;11/06/2026;10/06/2026;Entregue No Prazo;;Entrega realizada;Entrega Finalizada;11;6;9;6;XD DIADEMA;26004;;;
MOBIS BRASIL FABRICACAO DE AUTO PECAS LT;RODOVIARIO;1521932;09/06/2026;1;346392;09/06/2026;GRAND SPORT COM. DE VEIC. E PECAS LTDA;8,58E+12;GUARULHOS;SP;09/06/2026;11/06/2026;10/06/2026;Entregue No Prazo;;Entrega realizada;Entrega Finalizada;11;6;9;6;XD DIADEMA;26005;;;
MOBIS BRASIL FABRICACAO DE AUTO PECAS LT;RODOVIARIO;1521933;09/06/2026;7;346392;09/06/2026;GRAND SPORT COM. DE VEIC. E PECAS LTDA;8,58E+12;GUARULHOS;SP;09/06/2026;11/06/2026;10/06/2026;Entregue No Prazo;;Entrega realizada;Entrega Finalizada;11;6;9;6;XD DIADEMA;26005;;;
MOBIS BRASIL FABRICACAO DE AUTO PECAS LT;RODOVIARIO;1521939;09/06/2026;22;346385;09/06/2026;CHS MOTORS VEICULOS PECAS E SERV. LTDA.;1,69E+13;SAO PAULO;SP;09/06/2026;11/06/2026;10/06/2026;Entregue No Prazo;;Entrega realizada;Entrega Finalizada;11;6;9;6;XD DIADEMA;26036;;;
MOBIS BRASIL FABRICACAO DE AUTO PECAS LT;RODOVIARIO;1521940;09/06/2026;1;346386;09/06/2026;CHS MOTORS VEICULOS PECAS E SERV LTDA  ;1,69E+13;SAO PAULO;SP;09/06/2026;11/06/2026;10/06/2026;Entregue No Prazo;;Entrega realizada;Entrega Finalizada;11;6;9;6;XD DIADEMA;26037;;;
MOBIS BRASIL FABRICACAO DE AUTO PECAS LT;RODOVIARIO;1521948;09/06/2026;12;346382;09/06/2026;CAOA MOTOR DO BRASIL LTDA (VL PRUDENTE);1,68E+13;SAO PAULO;SP;09/06/2026;11/06/2026;10/06/2026;Entregue No Prazo;;Entrega realizada;Entrega Finalizada;11;6;9;6;XD DIADEMA;26051;;;
MOBIS BRASIL FABRICACAO DE AUTO PECAS LT;RODOVIARIO;1521949;09/06/2026;1;346387;09/06/2026;CHS MOTORS VEICULOS PECAS(VL. GUILHERME);1,69E+13;SAO PAULO;SP;09/06/2026;11/06/2026;10/06/2026;Entregue No Prazo;;Entrega realizada;Entrega Finalizada;11;6;9;6;XD DIADEMA;26052;;;
MOBIS BRASIL FABRICACAO DE AUTO PECAS LT;RODOVIARIO;1521951;09/06/2026;1;346380;09/06/2026;CAOA MOTOR DO BRASIL LTDA;1,68E+13;SAO BERNARDO DO CAMPO;SP;09/06/2026;11/06/2026;10/06/2026;Entregue No Prazo;;Entrega realizada;Entrega Finalizada;11;6;9;6;XD DIADEMA;5008;;;
MOBIS BRASIL FABRICACAO DE AUTO PECAS LT;RODOVIARIO;1521960;09/06/2026;6;346381;09/06/2026;CAOA MOTOR DO BRASIL LTDA (INDIANOPOLIS);1,68E+13;SAO PAULO;SP;09/06/2026;11/06/2026;10/06/2026;Entregue No Prazo;;Entrega realizada;Entrega Finalizada;11;6;9;6;XD DIADEMA;26091;;;
MOBIS BRASIL FABRICACAO DE AUTO PECAS LT;RODOVIARIO;1521965;09/06/2026;2;346383;09/06/2026;CAOA MOTOR DO BRASIL LTDA(RAP. TAVARES);1,68E+13;SAO PAULO;SP;09/06/2026;11/06/2026;10/06/2026;Entregue No Prazo;;Entrega realizada;Entrega Finalizada;11;6;9;6;XD DIADEMA;26109;;;
MOBIS BRASIL FABRICACAO DE AUTO PECAS LT;RODOVIARIO;1521934;09/06/2026;2;346616;09/06/2026;DHC COMERCIO DE VEICULOS E PECAS LTDA;9,52E+12;BAURU;SP;09/06/2026;12/06/2026;10/06/2026;Entregue No Prazo;;Entrega realizada;Entrega Finalizada;12;6;9;6;MVT;26010;;;
MOBIS BRASIL FABRICACAO DE AUTO PECAS LT;RODOVIARIO;1521935;09/06/2026;18;346373;09/06/2026;ANDRETA II DISTRIBUIDORA DE VEIC. LTDA;9,10E+12;CAMPINAS;SP;09/06/2026;12/06/2026;10/06/2026;Entregue No Prazo;;Entrega realizada;Entrega Finalizada;12;6;9;6;BV LOG;26011;;;
MOBIS BRASIL FABRICACAO DE AUTO PECAS LT;RODOVIARIO;1521952;09/06/2026;1;346374;09/06/2026;CAOA MOTOR DO BRASIL LTDA;1,68E+13;CAMPINAS;SP;09/06/2026;12/06/2026;10/06/2026;Entregue No Prazo;;Entrega realizada;Entrega Finalizada;12;6;9;6;BV LOG;5008;;;
MOBIS BRASIL FABRICACAO DE AUTO PECAS LT;RODOVIARIO;1521953;09/06/2026;4;346378;09/06/2026;CAOA MOTOR DO BRASIL LTDA;1,68E+13;TAUBATE;SP;09/06/2026;12/06/2026;10/06/2026;Entregue No Prazo;;Entrega realizada;Entrega Finalizada;12;6;9;6;XD DIADEMA;5008;;;
MOBIS BRASIL FABRICACAO DE AUTO PECAS LT;RODOVIARIO;1521955;09/06/2026;1;346389;09/06/2026;DESTAQUE SEUL DISTR. DE VEIC. E PC. LTDA;2,12E+13;ATIBAIA;SP;09/06/2026;12/06/2026;10/06/2026;Entregue No Prazo;;Entrega realizada;Entrega Finalizada;12;6;9;6;XD DIADEMA;26075;;;
MOBIS BRASIL FABRICACAO DE AUTO PECAS LT;RODOVIARIO;1521956;09/06/2026;27;346389;09/06/2026;DESTAQUE SEUL DISTR. DE VEIC. E PC. LTDA;2,12E+13;ATIBAIA;SP;09/06/2026;12/06/2026;10/06/2026;Entregue No Prazo;;Entrega realizada;Entrega Finalizada;12;6;9;6;XD DIADEMA;26075;;;
MOBIS BRASIL FABRICACAO DE AUTO PECAS LT;RODOVIARIO;1521958;09/06/2026;8;346379;09/06/2026;CAOA MOTOR DO BRASIL LTDA;1,68E+13;SANTOS;SP;09/06/2026;12/06/2026;10/06/2026;Entregue No Prazo;;Entrega realizada;Entrega Finalizada;12;6;9;6;XD DIADEMA;5008;;;
MOBIS BRASIL FABRICACAO DE AUTO PECAS LT;RODOVIARIO;1521945;09/06/2026;3;346622;09/06/2026;NEW VEICULOS E PECAS LTDA;1,59E+13;FRANCA;SP;09/06/2026;15/06/2026;10/06/2026;Entregue No Prazo;;Entrega realizada;Entrega Finalizada;15;6;9;6;MVT;26014;Aniversário do Estado do Acre;Estadual;AC
MOBIS BRASIL FABRICACAO DE AUTO PECAS LT;RODOVIARIO;1521946;09/06/2026;1;346620;09/06/2026;H R B COMERCIO DE VEICULOS LTDA;1,82E+13;SAO JOSE DO RIO PRETO;SP;09/06/2026;15/06/2026;10/06/2026;Entregue No Prazo;;Entrega realizada;Entrega Finalizada;15;6;9;6;MVT;26050;Aniversário do Estado do Acre;Estadual;AC
MOBIS BRASIL FABRICACAO DE AUTO PECAS LT;RODOVIARIO;1521947;09/06/2026;20;346620;09/06/2026;H R B COMERCIO DE VEICULOS LTDA;1,82E+13;SAO JOSE DO RIO PRETO;SP;09/06/2026;15/06/2026;10/06/2026;Entregue No Prazo;;Entrega realizada;Entrega Finalizada;15;6;9;6;MVT;26050;Aniversário do Estado do Acre;Estadual;AC
MOBIS BRASIL FABRICACAO DE AUTO PECAS LT;RODOVIARIO;1521954;09/06/2026;3;346624;09/06/2026;NEW VEICULOS E PECAS LTDA.;1,59E+13;ARARAQUARA;SP;09/06/2026;15/06/2026;10/06/2026;Entregue No Prazo;;Entrega realizada;Entrega Finalizada;15;6;9;6;MVT;26071;Aniversário do Estado do Acre;Estadual;AC
MOBIS BRASIL FABRICACAO DE AUTO PECAS LT;RODOVIARIO;1521963;09/06/2026;2;346615;09/06/2026;ANDRETA II DISTRIBUIDORA DE VEIC. LTDA;9,10E+12;RIO CLARO;SP;09/06/2026;15/06/2026;10/06/2026;Entregue No Prazo;;Entrega realizada;Entrega Finalizada;15;6;9;6;MVT;26011;Aniversário do Estado do Acre;Estadual;AC
MOBIS BRASIL FABRICACAO DE AUTO PECAS LT;RODOVIARIO;1521942;09/06/2026;1;346638;10/06/2026;BILLY DISTRIBUIDORA DE VEICULOS LTDA;1,34E+13;SAO CAETANO DO SUL;SP;10/06/2026;12/06/2026;10/06/2026;Entregue No Prazo;;Entrega realizada;Entrega Finalizada;12;6;10;6;BV LOG;26003;;;
MOBIS BRASIL FABRICACAO DE AUTO PECAS LT;RODOVIARIO;1522184;09/06/2026;131;346639;10/06/2026;BILLY DISTRIBUIDORA DE VEICULOS LTDA;1,34E+13;SAO CAETANO DO SUL;SP;10/06/2026;12/06/2026;10/06/2026;Entregue No Prazo;;Entrega realizada;Entrega Finalizada;12;6;10;6;BV LOG;26003;;;
MOBIS BRASIL FABRICACAO DE AUTO PECAS LT;RODOVIARIO;1522386;09/06/2026;150;346638;10/06/2026;BILLY DISTRIBUIDORA DE VEICULOS LTDA;1,34E+13;SAO CAETANO DO SUL;SP;10/06/2026;12/06/2026;10/06/2026;Entregue No Prazo;;Entrega realizada;Entrega Finalizada;12;6;10;6;BV LOG;26003;;;
MOBIS BRASIL FABRICACAO DE AUTO PECAS LT;RODOVIARIO;1522396;09/06/2026;48;346639;10/06/2026;BILLY DISTRIBUIDORA DE VEICULOS LTDA;1,34E+13;SAO CAETANO DO SUL;SP;10/06/2026;12/06/2026;10/06/2026;Entregue No Prazo;;Entrega realizada;Entrega Finalizada;12;6;10;6;BV LOG;26003;;;
MOBIS BRASIL FABRICACAO DE AUTO PECAS LT;RODOVIARIO;1516331;26/05/2026;2;344296;26/05/2026;MISO VEICULOS LTDA;1,85E+13;MACAPA;AP;26/05/2026;16/06/2026;11/06/2026;Entregue No Prazo;;Entrega realizada;Entrega Finalizada;16;6;26;5;CARVALIMA;4001;;;
MOBIS BRASIL FABRICACAO DE AUTO PECAS LT;RODOVIARIO;1516673;27/05/2026;1;344580;27/05/2026;PATEO COMERCIO DE VEICULOS S A;7,78E+12;RECIFE;PE;27/05/2026;11/06/2026;11/06/2026;Entregue No Prazo;;Entrega realizada;Entrega Finalizada;11;6;27;5;TERMACO;16004;;;
MOBIS BRASIL FABRICACAO DE AUTO PECAS LT;RODOVIARIO;1516674;27/05/2026;45;344580;27/05/2026;PATEO COMERCIO DE VEICULOS S A;7,78E+12;RECIFE;PE;27/05/2026;11/06/2026;11/06/2026;Entregue No Prazo;;Entrega realizada;Entrega Finalizada;11;6;27;5;TERMACO;16004;;;
MOBIS BRASIL FABRICACAO DE AUTO PECAS LT;RODOVIARIO;1516670;27/05/2026;4;344571;27/05/2026;JPN PATOS COMERCIO DE VEICULOS LTDA;4,20E+13;PATOS;PB;27/05/2026;12/06/2026;11/06/2026;Entregue No Prazo;;Entrega realizada;Entrega Finalizada;12;6;27;5;TERMACO;15004;;;
MOBIS BRASIL FABRICACAO DE AUTO PECAS LT;RODOVIARIO;1516640;27/05/2026;1;344573;27/05/2026;MISO VEICULOS LTDA;1,85E+13;MACAPA;AP;27/05/2026;17/06/2026;11/06/2026;Entregue No Prazo;;Entrega realizada;Entrega Finalizada;17;6;27;5;CARVALIMA;4001;;;
MOBIS BRASIL FABRICACAO DE AUTO PECAS LT;RODOVIARIO;1517832;28/05/2026;14;344985;28/05/2026;SEVEL VEICULOS LTDA;1,07E+13;ARACAJU;SE;28/05/2026;10/06/2026;11/06/2026;Entregue Fora do Prazo;;Entrega realizada;Entrega Finalizada;10;6;28;5;TERMACO;25001;;;
MOBIS BRASIL FABRICACAO DE AUTO PECAS LT;RODOVIARIO;1518095;29/05/2026;1;345220;29/05/2026;PATEO COMERCIO DE VEICULOS S A;7,78E+12;RECIFE;PE;29/05/2026;15/06/2026;11/06/2026;Entregue No Prazo;;Entrega realizada;Entrega Finalizada;15;6;29;5;TERMACO;16004;Aniversário do Estado do Acre;Estadual;AC
MOBIS BRASIL FABRICACAO DE AUTO PECAS LT;RODOVIARIO;1518663;29/05/2026;3;345543;01/06/2026;CAOA MOTOR DO BRASIL LTDA;1,68E+13;FORTALEZA;CE;01/06/2026;15/06/2026;11/06/2026;Entregue No Prazo;;Entrega realizada;Entrega Finalizada;15;6;1;6;TERMACO;5008;Aniversário do Estado do Acre;Estadual;AC
MOBIS BRASIL FABRICACAO DE AUTO PECAS LT;RODOVIARIO;1518962;30/05/2026;4;345543;01/06/2026;CAOA MOTOR DO BRASIL LTDA;1,68E+13;FORTALEZA;CE;01/06/2026;15/06/2026;11/06/2026;Entregue No Prazo;;Entrega realizada;Entrega Finalizada;15;6;1;6;TERMACO;5008;Aniversário do Estado do Acre;Estadual;AC
MOBIS BRASIL FABRICACAO DE AUTO PECAS LT;RODOVIARIO;1518662;29/05/2026;1;345559;01/06/2026;MASTER COMERCIAL DE VEICULOS LTDA;2,85E+13;JACOBINA;BA;01/06/2026;16/06/2026;11/06/2026;Entregue No Prazo;;Entrega realizada;Entrega Finalizada;16;6;1;6;TERMACO;5013;;;
MOBIS BRASIL FABRICACAO DE AUTO PECAS LT;RODOVIARIO;1518671;29/05/2026;12;345564;01/06/2026;PATEO COMERCIO DE VEICULOS S A;7,78E+12;SAO LUIS;MA;01/06/2026;16/06/2026;11/06/2026;Entregue No Prazo;;Entrega realizada;Entrega Finalizada;16;6;1;6;TERMACO;10002;;;
MOBIS BRASIL FABRICACAO DE AUTO PECAS LT;RODOVIARIO;1519875;02/06/2026;2;345652;02/06/2026;PRIVILLEGE DISTRIBUIDORA DE VEICULOS LTD;1,72E+13;PALMAS;TO;02/06/2026;11/06/2026;11/06/2026;Entregue No Prazo;;Entrega realizada;Entrega Finalizada;11;6;2;6;RIO VERMELHO;27003;;;
MOBIS BRASIL FABRICACAO DE AUTO PECAS LT;RODOVIARIO;1519809;02/06/2026;2;345783;02/06/2026;CAOA MOTOR DO BRASIL LTDA;1,68E+13;FORTALEZA;CE;02/06/2026;16/06/2026;11/06/2026;Entregue No Prazo;;Entrega realizada;Entrega Finalizada;16;6;2;6;TERMACO;5008;;;
MOBIS BRASIL FABRICACAO DE AUTO PECAS LT;RODOVIARIO;1519838;02/06/2026;6;345797;02/06/2026;NACIONAL NOVA MARABA DIST DE VEIC. LTDA;1,70E+13;PARAUAPEBAS;PA;02/06/2026;18/06/2026;11/06/2026;Entregue No Prazo;;Entrega realizada;Entrega Finalizada;18;6;2;6;CARVALIMA;14010;;;
MOBIS BRASIL FABRICACAO DE AUTO PECAS LT;RODOVIARIO;1519853;02/06/2026;20;345800;02/06/2026;ORIENTE AUTOMOVEIS LTDA;1,33E+13;PARNAMIRIM;RN;02/06/2026;18/06/2026;11/06/2026;Entregue No Prazo;;Entrega realizada;Entrega Finalizada;18;6;2;6;TERMACO;20001;;;
MOBIS BRASIL FABRICACAO DE AUTO PECAS LT;RODOVIARIO;1520408;03/06/2026;1;345859;03/06/2026;GOLDEN MOTORS VEICULOS LTDA;3,62E+12;ARACATUBA;SP;03/06/2026;09/06/2026;11/06/2026;Entregue Fora do Prazo;;Entrega realizada;Entrega Finalizada;9;6;3;6;MVT;12001;;;
MOBIS BRASIL FABRICACAO DE AUTO PECAS LT;RODOVIARIO;1520366;03/06/2026;1;345900;03/06/2026;JPG MOTORS COMERCIO DE VEICULOS LTDA;2,91E+13;CAMPO GRANDE;MS;03/06/2026;11/06/2026;11/06/2026;Entregue No Prazo;;Entrega realizada;Entrega Finalizada;11;6;3;6;CARVALIMA;12005;;;
MOBIS BRASIL FABRICACAO DE AUTO PECAS LT;RODOVIARIO;1520369;03/06/2026;3;345921;03/06/2026;UNIQUE COMERCIO DE AUTOMOVEIS LTDA;1,74E+13;ANANINDEUA;PA;03/06/2026;16/06/2026;11/06/2026;Entregue No Prazo;;Entrega realizada;Entrega Finalizada;16;6;3;6;CARVALIMA;14003;;;
MOBIS BRASIL FABRICACAO DE AUTO PECAS LT;RODOVIARIO;1520348;03/06/2026;7;345910;03/06/2026;PATEO COMERCIO DE VEICULOS S A;7,78E+12;FEIRA DE SANTANA;BA;03/06/2026;18/06/2026;11/06/2026;Entregue No Prazo;;Entrega realizada;Entrega Finalizada;18;6;3;6;TERMACO;5009;;;
MOBIS BRASIL FABRICACAO DE AUTO PECAS LT;RODOVIARIO;1520351;03/06/2026;7;345915;03/06/2026;SAINT LAND COMERCIO DE VEICULOS LTDA;1,04E+13;JUAZEIRO DO NORTE;CE;03/06/2026;19/06/2026;11/06/2026;Entregue No Prazo;;Entrega realizada;Entrega Finalizada;19;6;3;6;TERMACO;6010;;;
MOBIS BRASIL FABRICACAO DE AUTO PECAS LT;RODOVIARIO;1520988;08/06/2026;3;346161;08/06/2026;AMX COM. E SERVICOS DE AUTOMOTORES LTDA;1,20E+13;RIO DE JANEIRO;RJ;08/06/2026;12/06/2026;11/06/2026;Entregue No Prazo;;Entrega realizada;Entrega Finalizada;12;6;8;6;CAMILO;19009;;;
MOBIS BRASIL FABRICACAO DE AUTO PECAS LT;RODOVIARIO;1520990;08/06/2026;6;346163;08/06/2026;CAOA MOTOR DO BRASIL LTDA;1,68E+13;RIO DE JANEIRO;RJ;08/06/2026;12/06/2026;11/06/2026;Entregue No Prazo;;Entrega realizada;Entrega Finalizada;12;6;8;6;CAMILO;5008;;;
MOBIS BRASIL FABRICACAO DE AUTO PECAS LT;RODOVIARIO;1520991;08/06/2026;2;346165;08/06/2026;CAOA MOTOR DO BRASIL LTDA;1,68E+13;NITEROI;RJ;08/06/2026;12/06/2026;11/06/2026;Entregue No Prazo;;Entrega realizada;Entrega Finalizada;12;6;8;6;CAMILO;5008;;;
MOBIS BRASIL FABRICACAO DE AUTO PECAS LT;RODOVIARIO;1521478;08/06/2026;2;346173;08/06/2026;ITAVEMA MOTORS VEICULOS LTDA;7,73E+12;RIO DE JANEIRO;RJ;08/06/2026;12/06/2026;11/06/2026;Entregue No Prazo;;Entrega realizada;Entrega Finalizada;12;6;8;6;CAMILO;19001;;;
MOBIS BRASIL FABRICACAO DE AUTO PECAS LT;RODOVIARIO;1520961;08/06/2026;2;346177;08/06/2026;PRIME VILA VELHA VEICULOS LTDA.;2,14E+13;VILA VELHA;ES;08/06/2026;15/06/2026;11/06/2026;Entregue No Prazo;;Entrega realizada;Entrega Finalizada;15;6;8;6;CAMILO;8005;Aniversário do Estado do Acre;Estadual;AC
MOBIS BRASIL FABRICACAO DE AUTO PECAS LT;RODOVIARIO;1520967;08/06/2026;1;346125;08/06/2026;CONCESSIONARIA NAGOYA MOTOS E VEIC. LTDA;8,74E+12;UBA;MG;08/06/2026;15/06/2026;11/06/2026;Entregue No Prazo;;Entrega realizada;Entrega Finalizada;15;6;8;6;XD BETIM;11004;Aniversário do Estado do Acre;Estadual;AC
MOBIS BRASIL FABRICACAO DE AUTO PECAS LT;RODOVIARIO;1520972;08/06/2026;2;346133;08/06/2026;RITMO MOTORS LTDA;1,94E+13;PASSOS;MG;08/06/2026;15/06/2026;11/06/2026;Entregue No Prazo;;Entrega realizada;Entrega Finalizada;15;6;8;6;XD BETIM;11040;Aniversário do Estado do Acre;Estadual;AC
MOBIS BRASIL FABRICACAO DE AUTO PECAS LT;RODOVIARIO;1520992;08/06/2026;2;346183;08/06/2026;TAI MOTORS VEICULOS S/A.;9,27E+12;CAMPOS DOS GOYTACAZES;RJ;08/06/2026;15/06/2026;11/06/2026;Entregue No Prazo;;Entrega realizada;Entrega Finalizada;15;6;8;6;CAMILO;19023;Aniversário do Estado do Acre;Estadual;AC
MOBIS BRASIL FABRICACAO DE AUTO PECAS LT;RODOVIARIO;1520958;08/06/2026;2;346134;08/06/2026;SAGA KOREA COM. DE VEIC. E PC. LTDA;1,27E+13;BRASILIA;DF;08/06/2026;16/06/2026;11/06/2026;Entregue No Prazo;;Entrega realizada;Entrega Finalizada;16;6;8;6;RIO VERMELHO;7004;;;
MOBIS BRASIL FABRICACAO DE AUTO PECAS LT;RODOVIARIO;1520960;08/06/2026;7;346176;08/06/2026;PRIME CACHOEIRO VEICULOS LTDA EPP;9,34E+12;CACHOEIRO DE ITAPEMIRIM;ES;08/06/2026;16/06/2026;11/06/2026;Entregue No Prazo;;Entrega realizada;Entrega Finalizada;16;6;8;6;CAMILO;8003;;;
MOBIS BRASIL FABRICACAO DE AUTO PECAS LT;RODOVIARIO;1520973;08/06/2026;1;346184;08/06/2026;ULSAN COMERCIO DE VEICULOS LTDA.;2,10E+13;CAMPO GRANDE;MS;08/06/2026;16/06/2026;11/06/2026;Entregue No Prazo;;Entrega realizada;Entrega Finalizada;16;6;8;6;CARVALIMA;12004;;;
MOBIS BRASIL FABRICACAO DE AUTO PECAS LT;RODOVIARIO;1520974;08/06/2026;2;346178;08/06/2026;SAGA ASIA COM. DE VEIC.PC.E SERV. LTDA;2,23E+13;VARZEA GRANDE;MT;08/06/2026;17/06/2026;11/06/2026;Entregue No Prazo;;Entrega realizada;Entrega Finalizada;17;6;8;6;CARVALIMA;13004;;;
MOBIS BRASIL FABRICACAO DE AUTO PECAS LT;RODOVIARIO;1520975;08/06/2026;3;346178;08/06/2026;SAGA ASIA COM. DE VEIC.PC.E SERV. LTDA;2,23E+13;VARZEA GRANDE;MT;08/06/2026;17/06/2026;11/06/2026;Entregue No Prazo;;Entrega realizada;Entrega Finalizada;17;6;8;6;CARVALIMA;13004;;;
MOBIS BRASIL FABRICACAO DE AUTO PECAS LT;RODOVIARIO;1521938;09/06/2026;4;346393;09/06/2026;GRAND SPORT COM. DE VEIC. E PECAS LTDA;8,58E+12;SAO PAULO;SP;09/06/2026;11/06/2026;11/06/2026;Entregue No Prazo;;Entrega realizada;Entrega Finalizada;11;6;9;6;XD DIADEMA;26034;;;
MOBIS BRASIL FABRICACAO DE AUTO PECAS LT;RODOVIARIO;1521857;09/06/2026;25;346396;09/06/2026;TAI MOTORS VEICULOS S/A;9,27E+12;BELO HORIZONTE;MG;09/06/2026;12/06/2026;11/06/2026;Entregue No Prazo;;Entrega realizada;Entrega Finalizada;12;6;9;6;XD BETIM;8002;;;
MOBIS BRASIL FABRICACAO DE AUTO PECAS LT;RODOVIARIO;1521863;09/06/2026;1;346377;09/06/2026;BDG AUTOVILLE VEICULOS LTDA;4,77E+13;CONTAGEM;MG;09/06/2026;12/06/2026;11/06/2026;Entregue No Prazo;;Entrega realizada;Entrega Finalizada;12;6;9;6;XD BETIM;11037;;;
MOBIS BRASIL FABRICACAO DE AUTO PECAS LT;RODOVIARIO;1521864;09/06/2026;47;346377;09/06/2026;BDG AUTOVILLE VEICULOS LTDA;4,77E+13;CONTAGEM;MG;09/06/2026;12/06/2026;11/06/2026;Entregue No Prazo;;Entrega realizada;Entrega Finalizada;12;6;9;6;XD BETIM;11037;;;
MOBIS BRASIL FABRICACAO DE AUTO PECAS LT;RODOVIARIO;1521892;09/06/2026;2;346431;09/06/2026;SEVEC VEICULOS LTDA;5,68E+11;CURITIBA;PR;09/06/2026;12/06/2026;11/06/2026;Entregue No Prazo;;Entrega realizada;Entrega Finalizada;12;6;9;6;TRANSTRY;18012;;;
MOBIS BRASIL FABRICACAO DE AUTO PECAS LT;RODOVIARIO;1521898;09/06/2026;2;346416;09/06/2026;BARI VEICULOS LTDA.;7,46E+12;CURITIBA;PR;09/06/2026;12/06/2026;11/06/2026;Entregue No Prazo;;Entrega realizada;Entrega Finalizada;12;6;9;6;TRANSTRY;18029;;;
MOBIS BRASIL FABRICACAO DE AUTO PECAS LT;RODOVIARIO;1521900;09/06/2026;18;346410;09/06/2026;BARI VEICULOS LTDA;7,46E+12;CURITIBA;PR;09/06/2026;12/06/2026;11/06/2026;Entregue No Prazo;;Entrega realizada;Entrega Finalizada;12;6;9;6;TRANSTRY;18024;;;
MOBIS BRASIL FABRICACAO DE AUTO PECAS LT;RODOVIARIO;1521937;09/06/2026;56;346623;09/06/2026;NEW VEICULOS E PECAS LTDA;1,59E+13;RIBEIRAO PRETO;SP;09/06/2026;12/06/2026;11/06/2026;Entregue No Prazo;;Entrega realizada;Entrega Finalizada;12;6;9;6;MVT;26014;;;
MOBIS BRASIL FABRICACAO DE AUTO PECAS LT;RODOVIARIO;1521941;09/06/2026;2;346613;09/06/2026;ANDRETA II DISTRIB.DE VEICULOS LTDA.;9,10E+12;JUNDIAI;SP;09/06/2026;12/06/2026;11/06/2026;Entregue No Prazo;;Entrega realizada;Entrega Finalizada;12;6;9;6;MVT;26040;;;
MOBIS BRASIL FABRICACAO DE AUTO PECAS LT;RODOVIARIO;1521943;09/06/2026;1;346614;09/06/2026;ANDRETA II DISTRIBUIDORA DE VEIC. LTDA;9,10E+12;AMERICANA;SP;09/06/2026;12/06/2026;11/06/2026;Entregue No Prazo;;Entrega realizada;Entrega Finalizada;12;6;9;6;MVT;26011;;;
MOBIS BRASIL FABRICACAO DE AUTO PECAS LT;RODOVIARIO;1521944;09/06/2026;2;346614;09/06/2026;ANDRETA II DISTRIBUIDORA DE VEIC. LTDA;9,10E+12;AMERICANA;SP;09/06/2026;12/06/2026;11/06/2026;Entregue No Prazo;;Entrega realizada;Entrega Finalizada;12;6;9;6;MVT;26011;;;
MOBIS BRASIL FABRICACAO DE AUTO PECAS LT;RODOVIARIO;1521966;09/06/2026;1;346625;09/06/2026;NOBRE DISTRIBUIDORA DE VEICULOS E P;5,76E+12;JACAREI;SP;09/06/2026;12/06/2026;11/06/2026;Entregue No Prazo;;Entrega realizada;Entrega Finalizada;12;6;9;6;MVT;26112;;;
MOBIS BRASIL FABRICACAO DE AUTO PECAS LT;RODOVIARIO;1521851;09/06/2026;3;346400;09/06/2026;URCA MOTORS VEICULOS LTDA;8,77E+12;UBERLANDIA;MG;09/06/2026;15/06/2026;11/06/2026;Entregue No Prazo;;Entrega realizada;Entrega Finalizada;15;6;9;6;XD BETIM;9014;Aniversário do Estado do Acre;Estadual;AC
MOBIS BRASIL FABRICACAO DE AUTO PECAS LT;RODOVIARIO;1521853;09/06/2026;1;346398;09/06/2026;TOKSU COMERCIO DE VEICULOS LTDA;1,12E+13;JUIZ DE FORA;MG;09/06/2026;15/06/2026;11/06/2026;Entregue No Prazo;;Entrega realizada;Entrega Finalizada;15;6;9;6;XD BETIM;11008;Aniversário do Estado do Acre;Estadual;AC
MOBIS BRASIL FABRICACAO DE AUTO PECAS LT;RODOVIARIO;1521856;09/06/2026;3;346401;09/06/2026;URCA MOTORS VEICULOS LTDA;8,77E+12;UBERABA;MG;09/06/2026;15/06/2026;11/06/2026;Entregue No Prazo;;Entrega realizada;Entrega Finalizada;15;6;9;6;XD BETIM;9014;Aniversário do Estado do Acre;Estadual;AC
MOBIS BRASIL FABRICACAO DE AUTO PECAS LT;RODOVIARIO;1521859;09/06/2026;1;346399;09/06/2026;TOKSU COMERCIO DE VEICULOS LTDA;1,12E+13;VARGINHA;MG;09/06/2026;15/06/2026;11/06/2026;Entregue No Prazo;;Entrega realizada;Entrega Finalizada;15;6;9;6;XD BETIM;11008;Aniversário do Estado do Acre;Estadual;AC
MOBIS BRASIL FABRICACAO DE AUTO PECAS LT;RODOVIARIO;1521860;09/06/2026;1;346403;09/06/2026;VIME POCOS COM. DE VEICULOS E PECAS LTDA;3,43E+13;POCOS DE CALDAS;MG;09/06/2026;15/06/2026;11/06/2026;Entregue No Prazo;;Entrega realizada;Entrega Finalizada;15;6;9;6;XD BETIM;11033;Aniversário do Estado do Acre;Estadual;AC
MOBIS BRASIL FABRICACAO DE AUTO PECAS LT;RODOVIARIO;1521887;09/06/2026;2;346426;09/06/2026;LOVAT VEICULOS S/A;8,57E+12;LONDRINA;PR;09/06/2026;15/06/2026;11/06/2026;Entregue No Prazo;;Entrega realizada;Entrega Finalizada;15;6;9;6;TRANSTRY;18008;Aniversário do Estado do Acre;Estadual;AC
MOBIS BRASIL FABRICACAO DE AUTO PECAS LT;RODOVIARIO;1521888;09/06/2026;8;346426;09/06/2026;LOVAT VEICULOS S/A;8,57E+12;LONDRINA;PR;09/06/2026;15/06/2026;11/06/2026;Entregue No Prazo;;Entrega realizada;Entrega Finalizada;15;6;9;6;TRANSTRY;18008;Aniversário do Estado do Acre;Estadual;AC
MOBIS BRASIL FABRICACAO DE AUTO PECAS LT;RODOVIARIO;1521895;09/06/2026;21;346432;09/06/2026;VETOR AUTOMOVEIS LTDA;2,12E+13;CASCAVEL;PR;09/06/2026;15/06/2026;11/06/2026;Entregue No Prazo;;Entrega realizada;Entrega Finalizada;15;6;9;6;TRANSTRY;18019;Aniversário do Estado do Acre;Estadual;AC
MOBIS BRASIL FABRICACAO DE AUTO PECAS LT;RODOVIARIO;1521896;09/06/2026;1;346411;09/06/2026;BARI VEICULOS LTDA;7,46E+12;GUARAPUAVA;PR;09/06/2026;15/06/2026;11/06/2026;Entregue No Prazo;;Entrega realizada;Entrega Finalizada;15;6;9;6;TRANSTRY;18024;Aniversário do Estado do Acre;Estadual;AC
MOBIS BRASIL FABRICACAO DE AUTO PECAS LT;RODOVIARIO;1521897;09/06/2026;16;346414;09/06/2026;BARI VEICULOS LTDA;7,46E+12;PONTA GROSSA;PR;09/06/2026;15/06/2026;11/06/2026;Entregue No Prazo;;Entrega realizada;Entrega Finalizada;15;6;9;6;TRANSTRY;18024;Aniversário do Estado do Acre;Estadual;AC
MOBIS BRASIL FABRICACAO DE AUTO PECAS LT;RODOVIARIO;1521899;09/06/2026;1;346409;09/06/2026;BARI VEICULOS LTDA;7,46E+12;SAO JOSE DOS PINHAIS;PR;09/06/2026;15/06/2026;11/06/2026;Entregue No Prazo;;Entrega realizada;Entrega Finalizada;15;6;9;6;TRANSTRY;18024;Aniversário do Estado do Acre;Estadual;AC
MOBIS BRASIL FABRICACAO DE AUTO PECAS LT;RODOVIARIO;1521921;09/06/2026;1;346415;09/06/2026;BARI VEICULOS LTDA.;7,46E+12;JOINVILLE;SC;09/06/2026;15/06/2026;11/06/2026;Entregue No Prazo;;Entrega realizada;Entrega Finalizada;15;6;9;6;TRANSTRY;24013;Aniversário do Estado do Acre;Estadual;AC
MOBIS BRASIL FABRICACAO DE AUTO PECAS LT;RODOVIARIO;1521922;09/06/2026;37;346415;09/06/2026;BARI VEICULOS LTDA.;7,46E+12;JOINVILLE;SC;09/06/2026;15/06/2026;11/06/2026;Entregue No Prazo;;Entrega realizada;Entrega Finalizada;15;6;9;6;TRANSTRY;24013;Aniversário do Estado do Acre;Estadual;AC
MOBIS BRASIL FABRICACAO DE AUTO PECAS LT;RODOVIARIO;1521923;09/06/2026;2;346417;09/06/2026;BARI VEICULOS LTDA.;7,46E+12;ITAJAI;SC;09/06/2026;15/06/2026;11/06/2026;Entregue No Prazo;;Entrega realizada;Entrega Finalizada;15;6;9;6;TRANSTRY;24014;Aniversário do Estado do Acre;Estadual;AC
MOBIS BRASIL FABRICACAO DE AUTO PECAS LT;RODOVIARIO;1521957;09/06/2026;3;346617;09/06/2026;DHC COMERCIO DE VEICULOS E PECAS LTDA;9,52E+12;JAU;SP;09/06/2026;15/06/2026;11/06/2026;Entregue No Prazo;;Entrega realizada;Entrega Finalizada;15;6;9;6;MVT;26010;Aniversário do Estado do Acre;Estadual;AC
MOBIS BRASIL FABRICACAO DE AUTO PECAS LT;RODOVIARIO;1521961;09/06/2026;6;346619;09/06/2026;H - CAMINHO AUTOMOVEIS LTDA;2,53E+13;PIRACICABA;SP;09/06/2026;15/06/2026;11/06/2026;Entregue No Prazo;;Entrega realizada;Entrega Finalizada;15;6;9;6;MVT;26092;Aniversário do Estado do Acre;Estadual;AC
MOBIS BRASIL FABRICACAO DE AUTO PECAS LT;RODOVIARIO;1521962;09/06/2026;2;346618;09/06/2026;H - CAMINHO AUTOMOVEIS LTDA;2,53E+13;CATANDUVA;SP;09/06/2026;15/06/2026;11/06/2026;Entregue No Prazo;;Entrega realizada;Entrega Finalizada;15;6;9;6;MVT;26092;Aniversário do Estado do Acre;Estadual;AC
MOBIS BRASIL FABRICACAO DE AUTO PECAS LT;RODOVIARIO;1521861;09/06/2026;6;346390;09/06/2026;GNC GRANDE COREIA MINAS GERAIS COMERCIO;4,27E+13;MONTES CLAROS;MG;09/06/2026;16/06/2026;11/06/2026;Entregue No Prazo;;Entrega realizada;Entrega Finalizada;16;6;9;6;XD BETIM;11035;;;
MOBIS BRASIL FABRICACAO DE AUTO PECAS LT;RODOVIARIO;1521894;09/06/2026;3;346433;09/06/2026;ZENDAI VEICULOS LTDA;1,97E+13;TOLEDO;PR;09/06/2026;16/06/2026;11/06/2026;Entregue No Prazo;;Entrega realizada;Entrega Finalizada;16;6;9;6;TRANSTRY;18016;;;
MOBIS BRASIL FABRICACAO DE AUTO PECAS LT;RODOVIARIO;1521918;09/06/2026;7;346427;09/06/2026;LR COMERCIO DE VEICULOS LTDA;1,05E+13;SAO JOSE;SC;09/06/2026;16/06/2026;11/06/2026;Entregue No Prazo;;Entrega realizada;Entrega Finalizada;16;6;9;6;TRANSTRY;24007;;;
MOBIS BRASIL FABRICACAO DE AUTO PECAS LT;RODOVIARIO;1521919;09/06/2026;3;346413;09/06/2026;BARI VEICULOS LTDA;7,46E+12;BLUMENAU;SC;09/06/2026;16/06/2026;11/06/2026;Entregue No Prazo;;Entrega realizada;Entrega Finalizada;16;6;9;6;TRANSTRY;18024;;;
MOBIS BRASIL FABRICACAO DE AUTO PECAS LT;RODOVIARIO;1521920;09/06/2026;88;346413;09/06/2026;BARI VEICULOS LTDA;7,46E+12;BLUMENAU;SC;09/06/2026;16/06/2026;11/06/2026;Entregue No Prazo;;Entrega realizada;Entrega Finalizada;16;6;9;6;TRANSTRY;18024;;;
MOBIS BRASIL FABRICACAO DE AUTO PECAS LT;RODOVIARIO;1521924;09/06/2026;2;346412;09/06/2026;BARI VEICULOS LTDA;7,46E+12;BALNEARIO CAMBORIU;SC;09/06/2026;17/06/2026;11/06/2026;Entregue No Prazo;;Entrega realizada;Entrega Finalizada;17;6;9;6;TRANSTRY;18024;;;
MOBIS BRASIL FABRICACAO DE AUTO PECAS LT;RODOVIARIO;1521925;09/06/2026;2;346412;09/06/2026;BARI VEICULOS LTDA;7,46E+12;BALNEARIO CAMBORIU;SC;09/06/2026;17/06/2026;11/06/2026;Entregue No Prazo;;Entrega realizada;Entrega Finalizada;17;6;9;6;TRANSTRY;18024;;;
MOBIS BRASIL FABRICACAO DE AUTO PECAS LT;RODOVIARIO;1522625;10/06/2026;1;346644;10/06/2026;BILLY DISTRIBUIDORA DE VEICULOS LTDA;1,34E+13;BARUERI;SP;10/06/2026;12/06/2026;11/06/2026;Entregue No Prazo;;Entrega realizada;Entrega Finalizada;12;6;10;6;XD DIADEMA;26003;;;
MOBIS BRASIL FABRICACAO DE AUTO PECAS LT;RODOVIARIO;1522626;10/06/2026;1;346655;10/06/2026;GRAND SPORT COM. DE VEIC. E PECAS LTDA;8,58E+12;GUARULHOS;SP;10/06/2026;12/06/2026;11/06/2026;Entregue No Prazo;;Entrega realizada;Entrega Finalizada;12;6;10;6;XD DIADEMA;26005;;;
MOBIS BRASIL FABRICACAO DE AUTO PECAS LT;RODOVIARIO;1522627;10/06/2026;2;346655;10/06/2026;GRAND SPORT COM. DE VEIC. E PECAS LTDA;8,58E+12;GUARULHOS;SP;10/06/2026;12/06/2026;11/06/2026;Entregue No Prazo;;Entrega realizada;Entrega Finalizada;12;6;10;6;XD DIADEMA;26005;;;
MOBIS BRASIL FABRICACAO DE AUTO PECAS LT;RODOVIARIO;1522632;10/06/2026;7;346656;10/06/2026;GRAND SPORT COM. DE VEIC. E PECAS LTDA;8,58E+12;SAO PAULO;SP;10/06/2026;12/06/2026;11/06/2026;Entregue No Prazo;;Entrega realizada;Entrega Finalizada;12;6;10;6;XD DIADEMA;26034;;;
MOBIS BRASIL FABRICACAO DE AUTO PECAS LT;RODOVIARIO;1522633;10/06/2026;4;346652;10/06/2026;CHS MOTORS VEICULOS PECAS E SERV. LTDA.;1,69E+13;SAO PAULO;SP;10/06/2026;12/06/2026;11/06/2026;Entregue No Prazo;;Entrega realizada;Entrega Finalizada;12;6;10;6;XD DIADEMA;26036;;;
MOBIS BRASIL FABRICACAO DE AUTO PECAS LT;RODOVIARIO;1522634;10/06/2026;1;346653;10/06/2026;CHS MOTORS VEICULOS PECAS E SERV LTDA  ;1,69E+13;SAO PAULO;SP;10/06/2026;12/06/2026;11/06/2026;Entregue No Prazo;;Entrega realizada;Entrega Finalizada;12;6;10;6;XD DIADEMA;26037;;;
MOBIS BRASIL FABRICACAO DE AUTO PECAS LT;RODOVIARIO;1522640;10/06/2026;14;346650;10/06/2026;CAOA MOTOR DO BRASIL LTDA (VL PRUDENTE);1,68E+13;SAO PAULO;SP;10/06/2026;12/06/2026;11/06/2026;Entregue No Prazo;;Entrega realizada;Entrega Finalizada;12;6;10;6;XD DIADEMA;26051;;;
MOBIS BRASIL FABRICACAO DE AUTO PECAS LT;RODOVIARIO;1522641;10/06/2026;2;346649;10/06/2026;CAOA MOTOR DO BRASIL LTDA (IPIRANGA);1,68E+13;SAO PAULO;SP;10/06/2026;12/06/2026;11/06/2026;Entregue No Prazo;;Entrega realizada;Entrega Finalizada;12;6;10;6;XD DIADEMA;26054;;;
MOBIS BRASIL FABRICACAO DE AUTO PECAS LT;RODOVIARIO;1522647;10/06/2026;5;346659;10/06/2026;NOBRE SP DISTRIB. DE VEIC. E PEC. LTDA;1,70E+13;SAO PAULO;SP;10/06/2026;12/06/2026;11/06/2026;Entregue No Prazo;;Entrega realizada;Entrega Finalizada;12;6;10;6;XD DIADEMA;26081;;;
MOBIS BRASIL FABRICACAO DE AUTO PECAS LT;RODOVIARIO;1522651;10/06/2026;7;346657;10/06/2026;GRANDAY AUTOMOTORES LTDA (CHAC. CALIFOR);1,57E+13;SAO PAULO;SP;10/06/2026;12/06/2026;11/06/2026;Entregue No Prazo;;Entrega realizada;Entrega Finalizada;12;6;10;6;XD DIADEMA;26090;;;
MOBIS BRASIL FABRICACAO DE AUTO PECAS LT;RODOVIARIO;1522652;10/06/2026;1;346648;10/06/2026;CAOA MOTOR DO BRASIL LTDA (INDIANOPOLIS);1,68E+13;SAO PAULO;SP;10/06/2026;12/06/2026;11/06/2026;Entregue No Prazo;;Entrega realizada;Entrega Finalizada;12;6;10;6;XD DIADEMA;26091;;;
MOBIS BRASIL FABRICACAO DE AUTO PECAS LT;RODOVIARIO;1522657;10/06/2026;3;346658;10/06/2026;NOBRE DISTRIBUIDORA DE VEIC. E PEC. LTDA;5,76E+12;SUZANO;SP;10/06/2026;12/06/2026;11/06/2026;Entregue No Prazo;;Entrega realizada;Entrega Finalizada;12;6;10;6;XD DIADEMA;26103;;;
MOBIS BRASIL FABRICACAO DE AUTO PECAS LT;RODOVIARIO;1522590;10/06/2026;4;346690;10/06/2026;SEVEC VEICULOS LTDA;5,68E+11;CURITIBA;PR;10/06/2026;15/06/2026;11/06/2026;Entregue No Prazo;;Entrega realizada;Entrega Finalizada;15;6;10;6;TRANSTRY;18012;Aniversário do Estado do Acre;Estadual;AC
MOBIS BRASIL FABRICACAO DE AUTO PECAS LT;RODOVIARIO;1522593;10/06/2026;5;346674;10/06/2026;BARI VEICULOS LTDA;7,46E+12;CURITIBA;PR;10/06/2026;15/06/2026;11/06/2026;Entregue No Prazo;;Entrega realizada;Entrega Finalizada;15;6;10;6;TRANSTRY;18024;Aniversário do Estado do Acre;Estadual;AC
MOBIS BRASIL FABRICACAO DE AUTO PECAS LT;RODOVIARIO;1522628;10/06/2026;1;346697;10/06/2026;DHC COMERCIO DE VEICULOS E PECAS LTDA;9,52E+12;BAURU;SP;10/06/2026;15/06/2026;11/06/2026;Entregue No Prazo;;Entrega realizada;Entrega Finalizada;15;6;10;6;MVT;26010;Aniversário do Estado do Acre;Estadual;AC
MOBIS BRASIL FABRICACAO DE AUTO PECAS LT;RODOVIARIO;1522631;10/06/2026;61;346705;10/06/2026;NEW VEICULOS E PECAS LTDA;1,59E+13;RIBEIRAO PRETO;SP;10/06/2026;15/06/2026;11/06/2026;Entregue No Prazo;;Entrega realizada;Entrega Finalizada;15;6;10;6;MVT;26014;Aniversário do Estado do Acre;Estadual;AC
MOBIS BRASIL FABRICACAO DE AUTO PECAS LT;RODOVIARIO;1522636;10/06/2026;1;346692;10/06/2026;ANDRETA II DISTRIBUIDORA DE VEIC. LTDA;9,10E+12;AMERICANA;SP;10/06/2026;15/06/2026;11/06/2026;Entregue No Prazo;;Entrega realizada;Entrega Finalizada;15;6;10;6;MVT;26011;Aniversário do Estado do Acre;Estadual;AC
MOBIS BRASIL FABRICACAO DE AUTO PECAS LT;RODOVIARIO;1522642;10/06/2026;3;346695;10/06/2026;CAOA MOTOR DO BRASIL LTDA;1,68E+13;CAMPINAS;SP;10/06/2026;15/06/2026;11/06/2026;Entregue No Prazo;;Entrega realizada;Entrega Finalizada;15;6;10;6;MVT;5008;Aniversário do Estado do Acre;Estadual;AC
MOBIS BRASIL FABRICACAO DE AUTO PECAS LT;RODOVIARIO;1522643;10/06/2026;3;346694;10/06/2026;CAOA MOTOR DO BRASIL LTDA;1,68E+13;SAO JOSE DOS CAMPOS;SP;10/06/2026;15/06/2026;11/06/2026;Entregue No Prazo;;Entrega realizada;Entrega Finalizada;15;6;10;6;MVT;5008;Aniversário do Estado do Acre;Estadual;AC
MOBIS BRASIL FABRICACAO DE AUTO PECAS LT;RODOVIARIO;1522644;10/06/2026;1;346645;10/06/2026;CAOA MOTOR DO BRASIL LTDA;1,68E+13;TAUBATE;SP;10/06/2026;15/06/2026;11/06/2026;Entregue No Prazo;;Entrega realizada;Entrega Finalizada;15;6;10;6;XD DIADEMA;5008;Aniversário do Estado do Acre;Estadual;AC
MOBIS BRASIL FABRICACAO DE AUTO PECAS LT;RODOVIARIO;1522646;10/06/2026;25;346654;10/06/2026;DESTAQUE SEUL DISTR. DE VEIC. E PC. LTDA;2,12E+13;ATIBAIA;SP;10/06/2026;15/06/2026;11/06/2026;Entregue No Prazo;;Entrega realizada;Entrega Finalizada;15;6;10;6;XD DIADEMA;26075;Aniversário do Estado do Acre;Estadual;AC
MOBIS BRASIL FABRICACAO DE AUTO PECAS LT;RODOVIARIO;1522650;10/06/2026;2;346647;10/06/2026;CAOA MOTOR DO BRASIL LTDA;1,68E+13;SANTOS;SP;10/06/2026;15/06/2026;11/06/2026;Entregue No Prazo;;Entrega realizada;Entrega Finalizada;15;6;10;6;XD DIADEMA;5008;Aniversário do Estado do Acre;Estadual;AC
MOBIS BRASIL FABRICACAO DE AUTO PECAS LT;RODOVIARIO;1522649;10/06/2026;2;346646;10/06/2026;CAOA MOTOR DO BRASIL LTDA;1,68E+13;PRAIA GRANDE;SP;10/06/2026;16/06/2026;11/06/2026;Entregue No Prazo;;Entrega realizada;Entrega Finalizada;16;6;10;6;XD DIADEMA;5008;;;
MOBIS BRASIL FABRICACAO DE AUTO PECAS LT;RODOVIARIO;1522653;10/06/2026;1;346699;10/06/2026;H - CAMINHO AUTOMOVEIS LTDA;2,53E+13;PIRACICABA;SP;10/06/2026;16/06/2026;11/06/2026;Entregue No Prazo;;Entrega realizada;Entrega Finalizada;16;6;10;6;MVT;26092;;;
MOBIS BRASIL FABRICACAO DE AUTO PECAS LT;RODOVIARIO;1522619;10/06/2026;2;346683;10/06/2026;GAMBATTO H1 VEICULOS LTDA;1,94E+13;CHAPECO;SC;10/06/2026;17/06/2026;11/06/2026;Entregue No Prazo;;Entrega realizada;Entrega Finalizada;17;6;10;6;TRANSTRY;24018;;;
MOBIS BRASIL FABRICACAO DE AUTO PECAS LT;RODOVIARIO;1523164;10/06/2026;59;346898;11/06/2026;BILLY DISTRIBUIDORA DE VEICULOS LTDA;1,34E+13;SAO CAETANO DO SUL;SP;11/06/2026;15/06/2026;11/06/2026;Entregue No Prazo;;Entrega realizada;Entrega Finalizada;15;6;11;6;BV LOG;26003;Aniversário do Estado do Acre;Estadual;AC
MOBIS BRASIL FABRICACAO DE AUTO PECAS LT;RODOVIARIO;1518149;29/05/2026;1;345150;29/05/2026;PRIVILLEGE DISTRIBUIDORA DE VEICULOS LTD;1,72E+13;ARAGUAINA;TO;29/05/2026;12/06/2026;12/06/2026;Entregue No Prazo;;Entrega realizada;Entrega Finalizada;12;6;29;5;RIO VERMELHO;27002;;;
MOBIS BRASIL FABRICACAO DE AUTO PECAS LT;RODOVIARIO;1518692;29/05/2026;1;345553;01/06/2026;GRANDE COREIA COMERCIO DE VEICULOS LTDA;2,66E+13;BELEM;PA;01/06/2026;12/06/2026;12/06/2026;Entregue No Prazo;;Entrega realizada;Entrega Finalizada;12;6;1;6;CARVALIMA;14007;;;
MOBIS BRASIL FABRICACAO DE AUTO PECAS LT;RODOVIARIO;1518754;29/05/2026;5;345475;01/06/2026;PRIVILLEGE DISTRIBUIDORA DE VEICULOS LTD;1,72E+13;ARAGUAINA;TO;01/06/2026;15/06/2026;12/06/2026;Entregue No Prazo;;Entrega realizada;Entrega Finalizada;15;6;1;6;RIO VERMELHO;27002;Aniversário do Estado do Acre;Estadual;AC
MOBIS BRASIL FABRICACAO DE AUTO PECAS LT;RODOVIARIO;1518695;29/05/2026;2;345541;01/06/2026;AUTORAC VEICULOS LTDA;1,06E+13;CARUARU;PE;01/06/2026;17/06/2026;12/06/2026;Entregue No Prazo;;Entrega realizada;Entrega Finalizada;17;6;1;6;TERMACO;16001;;;
MOBIS BRASIL FABRICACAO DE AUTO PECAS LT;RODOVIARIO;1519851;02/06/2026;5;345781;02/06/2026;CAOA MOTOR DO BRASIL LTDA;1,68E+13;RIO DE JANEIRO;RJ;02/06/2026;08/06/2026;12/06/2026;Entregue Fora do Prazo;;Entrega realizada;Entrega Finalizada;8;6;2;6;CAMILO;5008;;;
MOBIS BRASIL FABRICACAO DE AUTO PECAS LT;RODOVIARIO;1519839;02/06/2026;4;345803;02/06/2026;PATEO COMERCIO DE VEICULOS S A;7,78E+12;JOAO PESSOA;PB;02/06/2026;17/06/2026;12/06/2026;Entregue No Prazo;;Entrega realizada;Entrega Finalizada;17;6;2;6;TERMACO;15003;;;
MOBIS BRASIL FABRICACAO DE AUTO PECAS LT;RODOVIARIO;1520356;03/06/2026;2;345862;03/06/2026;NISA COMERCIAL DE VEIC. AUTOMOTORES LTDA;1,03E+13;APARECIDA DE GOIANIA;GO;03/06/2026;11/06/2026;12/06/2026;Entregue Fora do Prazo;;Entrega realizada;Entrega Finalizada;11;6;3;6;RIO VERMELHO;9002;;;
MOBIS BRASIL FABRICACAO DE AUTO PECAS LT;RODOVIARIO;1520816;03/06/2026;12;345864;03/06/2026;SAGA KOREA COM. DE VEIC. E PC. LTDA;1,27E+13;BRASILIA;DF;03/06/2026;11/06/2026;12/06/2026;Entregue Fora do Prazo;;Entrega realizada;Entrega Finalizada;11;6;3;6;RIO VERMELHO;7005;;;
MOBIS BRASIL FABRICACAO DE AUTO PECAS LT;RODOVIARIO;1520346;03/06/2026;1;345908;03/06/2026;PATEO COMERCIO DE VEICULOS S A;7,78E+12;SALVADOR;BA;03/06/2026;15/06/2026;12/06/2026;Entregue No Prazo;;Entrega realizada;Entrega Finalizada;15;6;3;6;TERMACO;5003;Aniversário do Estado do Acre;Estadual;AC
MOBIS BRASIL FABRICACAO DE AUTO PECAS LT;RODOVIARIO;1520347;03/06/2026;1;345896;03/06/2026;FAZZA MOTORS COMERCIO DE VEICULOS LTDA;1,24E+13;SALVADOR;BA;03/06/2026;15/06/2026;12/06/2026;Entregue No Prazo;;Entrega realizada;Entrega Finalizada;15;6;3;6;TERMACO;5007;Aniversário do Estado do Acre;Estadual;AC
MOBIS BRASIL FABRICACAO DE AUTO PECAS LT;RODOVIARIO;1520357;03/06/2026;6;345868;03/06/2026;URCA MOTORS VEICULOS LTDA;8,77E+12;RIO VERDE;GO;03/06/2026;15/06/2026;12/06/2026;Entregue No Prazo;;Entrega realizada;Entrega Finalizada;15;6;3;6;RIO VERMELHO;9014;Aniversário do Estado do Acre;Estadual;AC
MOBIS BRASIL FABRICACAO DE AUTO PECAS LT;RODOVIARIO;1520358;03/06/2026;1;345867;03/06/2026;URCA MOTORS VEICULOS LTDA;8,77E+12;ITUMBIARA;GO;03/06/2026;15/06/2026;12/06/2026;Entregue No Prazo;;Entrega realizada;Entrega Finalizada;15;6;3;6;RIO VERMELHO;9014;Aniversário do Estado do Acre;Estadual;AC
MOBIS BRASIL FABRICACAO DE AUTO PECAS LT;RODOVIARIO;1520360;03/06/2026;1;345909;03/06/2026;PATEO COMERCIO DE VEICULOS S A;7,78E+12;SAO LUIS;MA;03/06/2026;18/06/2026;12/06/2026;Entregue No Prazo;;Entrega realizada;Entrega Finalizada;18;6;3;6;TERMACO;10002;;;
MOBIS BRASIL FABRICACAO DE AUTO PECAS LT;RODOVIARIO;1520374;03/06/2026;2;345890;03/06/2026;AUTORAC VEICULOS LTDA;1,06E+13;PETROLINA;PE;03/06/2026;19/06/2026;12/06/2026;Entregue No Prazo;;Entrega realizada;Entrega Finalizada;19;6;3;6;TERMACO;16001;;;
MOBIS BRASIL FABRICACAO DE AUTO PECAS LT;RODOVIARIO;1521018;08/06/2026;1;346151;08/06/2026;MOTONET COMERCIO DE VEICULOS LTDA;9,28E+12;SOROCABA;SP;08/06/2026;11/06/2026;12/06/2026;Entregue Fora do Prazo;;Entrega realizada;Entrega Finalizada;11;6;8;6;MVT;26113;;;
MOBIS BRASIL FABRICACAO DE AUTO PECAS LT;RODOVIARIO;1520989;08/06/2026;7;346167;08/06/2026;CAOA MOTOR DO BRASIL LTDA;1,68E+13;RIO DE JANEIRO;RJ;08/06/2026;12/06/2026;12/06/2026;Entregue No Prazo;;Entrega realizada;Entrega Finalizada;12;6;8;6;CAMILO;5008;;;
MOBIS BRASIL FABRICACAO DE AUTO PECAS LT;RODOVIARIO;1521474;08/06/2026;4;346172;08/06/2026;ITAVEMA MOTORS VEICULOS LTDA;7,73E+12;DUQUE DE CAXIAS;RJ;08/06/2026;12/06/2026;12/06/2026;Entregue No Prazo;;Entrega realizada;Entrega Finalizada;12;6;8;6;CAMILO;19001;;;
MOBIS BRASIL FABRICACAO DE AUTO PECAS LT;RODOVIARIO;1521481;08/06/2026;1;346307;08/06/2026;GAMBATTO H1 VEICULOS LTDA;1,94E+13;PASSO FUNDO;RS;08/06/2026;15/06/2026;12/06/2026;Entregue No Prazo;;Entrega realizada;Entrega Finalizada;15;6;8;6;TRANSTRY;23015;Aniversário do Estado do Acre;Estadual;AC
MOBIS BRASIL FABRICACAO DE AUTO PECAS LT;RODOVIARIO;1521485;08/06/2026;8;346292;08/06/2026;ATUAL VEICULOS LTDA;1,33E+13;ARARANGUA;SC;08/06/2026;15/06/2026;12/06/2026;Entregue No Prazo;;Entrega realizada;Entrega Finalizada;15;6;8;6;TRANSTRY;24001;Aniversário do Estado do Acre;Estadual;AC
MOBIS BRASIL FABRICACAO DE AUTO PECAS LT;RODOVIARIO;1520959;08/06/2026;1;346135;08/06/2026;SAGA KOREA COM. DE VEIC. E PC. LTDA;1,27E+13;BRASILIA;DF;08/06/2026;16/06/2026;12/06/2026;Entregue No Prazo;;Entrega realizada;Entrega Finalizada;16;6;8;6;RIO VERMELHO;7005;;;
MOBIS BRASIL FABRICACAO DE AUTO PECAS LT;RODOVIARIO;1520962;08/06/2026;3;346129;08/06/2026;NISA COMERCIAL DE VEIC. AUTOMOTORES LTDA;1,03E+13;APARECIDA DE GOIANIA;GO;08/06/2026;16/06/2026;12/06/2026;Entregue No Prazo;;Entrega realizada;Entrega Finalizada;16;6;8;6;RIO VERMELHO;9002;;;
MOBIS BRASIL FABRICACAO DE AUTO PECAS LT;RODOVIARIO;1520963;08/06/2026;1;346140;08/06/2026;URCA MOTORS VEICULOS LTDA;8,77E+12;RIO VERDE;GO;08/06/2026;18/06/2026;12/06/2026;Entregue No Prazo;;Entrega realizada;Entrega Finalizada;18;6;8;6;RIO VERMELHO;9014;;;
MOBIS BRASIL FABRICACAO DE AUTO PECAS LT;RODOVIARIO;1520964;08/06/2026;1;346139;08/06/2026;URCA MOTORS VEICULOS LTDA;8,77E+12;ITUMBIARA;GO;08/06/2026;18/06/2026;12/06/2026;Entregue No Prazo;;Entrega realizada;Entrega Finalizada;18;6;8;6;RIO VERMELHO;9014;;;
MOBIS BRASIL FABRICACAO DE AUTO PECAS LT;RODOVIARIO;1521858;09/06/2026;10;346384;09/06/2026;CARBEL KOREA VEICULOS LTDA;2,07E+13;BELO HORIZONTE;MG;09/06/2026;12/06/2026;12/06/2026;Entregue No Prazo;;Entrega realizada;Entrega Finalizada;12;6;9;6;XD BETIM;11021;;;
MOBIS BRASIL FABRICACAO DE AUTO PECAS LT;RODOVIARIO;1521862;09/06/2026;1;346402;09/06/2026;URCA MOTORS VEICULOS LTDA;8,77E+12;PATOS DE MINAS;MG;09/06/2026;15/06/2026;12/06/2026;Entregue No Prazo;;Entrega realizada;Entrega Finalizada;15;6;9;6;XD BETIM;9014;Aniversário do Estado do Acre;Estadual;AC
MOBIS BRASIL FABRICACAO DE AUTO PECAS LT;RODOVIARIO;1521889;09/06/2026;1;346425;09/06/2026;LOVAT VEICULOS S/A;8,57E+12;MARINGA;PR;09/06/2026;15/06/2026;12/06/2026;Entregue No Prazo;;Entrega realizada;Entrega Finalizada;15;6;9;6;TRANSTRY;18008;Aniversário do Estado do Acre;Estadual;AC
MOBIS BRASIL FABRICACAO DE AUTO PECAS LT;RODOVIARIO;1521901;09/06/2026;2;346582;09/06/2026;ITAVEMA MOTORS VEICULOS LTDA;7,73E+12;DUQUE DE CAXIAS;RJ;09/06/2026;15/06/2026;12/06/2026;Entregue No Prazo;;Entrega realizada;Entrega Finalizada;15;6;9;6;CAMILO;19001;Aniversário do Estado do Acre;Estadual;AC
MOBIS BRASIL FABRICACAO DE AUTO PECAS LT;RODOVIARIO;1521902;09/06/2026;4;346566;09/06/2026;AMX COM. E SERVICOS DE AUTOMOTORES LTDA;1,20E+13;RIO DE JANEIRO;RJ;09/06/2026;15/06/2026;12/06/2026;Entregue No Prazo;;Entrega realizada;Entrega Finalizada;15;6;9;6;CAMILO;19009;Aniversário do Estado do Acre;Estadual;AC
MOBIS BRASIL FABRICACAO DE AUTO PECAS LT;RODOVIARIO;1521904;09/06/2026;25;346581;09/06/2026;ITAVEMA MOTORS VEICULOS LTDA;7,73E+12;RIO DE JANEIRO;RJ;09/06/2026;15/06/2026;12/06/2026;Entregue No Prazo;;Entrega realizada;Entrega Finalizada;15;6;9;6;CAMILO;19001;Aniversário do Estado do Acre;Estadual;AC
MOBIS BRASIL FABRICACAO DE AUTO PECAS LT;RODOVIARIO;1521905;09/06/2026;3;346568;09/06/2026;CAOA MOTOR DO BRASIL LTDA;1,68E+13;NITEROI;RJ;09/06/2026;15/06/2026;12/06/2026;Entregue No Prazo;;Entrega realizada;Entrega Finalizada;15;6;9;6;CAMILO;5008;Aniversário do Estado do Acre;Estadual;AC
MOBIS BRASIL FABRICACAO DE AUTO PECAS LT;RODOVIARIO;1521907;09/06/2026;2;346571;09/06/2026;CAOA MOTOR DO BRASIL LTDA;1,68E+13;RIO DE JANEIRO;RJ;09/06/2026;15/06/2026;12/06/2026;Entregue No Prazo;;Entrega realizada;Entrega Finalizada;15;6;9;6;CAMILO;5008;Aniversário do Estado do Acre;Estadual;AC
MOBIS BRASIL FABRICACAO DE AUTO PECAS LT;RODOVIARIO;1521929;09/06/2026;1;346621;09/06/2026;HYMAX DISTRIBUIDORA DE VEICULOS LTDA;1,73E+13;MOGI GUACU;SP;09/06/2026;15/06/2026;12/06/2026;Entregue No Prazo;Avaria;Entrega realizada;Entrega Finalizada;15;6;9;6;MVT;26002;Aniversário do Estado do Acre;Estadual;AC
MOBIS BRASIL FABRICACAO DE AUTO PECAS LT;RODOVIARIO;1521930;09/06/2026;23;346621;09/06/2026;HYMAX DISTRIBUIDORA DE VEICULOS LTDA;1,73E+13;MOGI GUACU;SP;09/06/2026;15/06/2026;12/06/2026;Entregue No Prazo;Avaria;Entrega realizada;Entrega Finalizada;15;6;9;6;MVT;26002;Aniversário do Estado do Acre;Estadual;AC
MOBIS BRASIL FABRICACAO DE AUTO PECAS LT;RODOVIARIO;1521838;09/06/2026;2;346610;09/06/2026;VIA BRASIL AUTOMOVEIS LTDA.;4,72E+12;SERRA;ES;09/06/2026;16/06/2026;12/06/2026;Entregue No Prazo;;Entrega realizada;Entrega Finalizada;16;6;9;6;CAMILO;8001;;;
MOBIS BRASIL FABRICACAO DE AUTO PECAS LT;RODOVIARIO;1521839;09/06/2026;4;346605;09/06/2026;TAI MOTORS VEICULOS S/A;9,27E+12;VITORIA;ES;09/06/2026;16/06/2026;12/06/2026;Entregue No Prazo;;Entrega realizada;Entrega Finalizada;16;6;9;6;CAMILO;8002;;;
MOBIS BRASIL FABRICACAO DE AUTO PECAS LT;RODOVIARIO;1521852;09/06/2026;1;346388;09/06/2026;CONCESSIONARIA NAGOYA MOTOS E VEIC. LTDA;8,74E+12;UBA;MG;09/06/2026;16/06/2026;12/06/2026;Entregue No Prazo;;Entrega realizada;Entrega Finalizada;16;6;9;6;XD BETIM;11004;;;
MOBIS BRASIL FABRICACAO DE AUTO PECAS LT;RODOVIARIO;1521854;09/06/2026;2;346404;09/06/2026;VITAL COMERCIO DE VEICULOS LTDA;1,05E+13;GOVERNADOR VALADARES;MG;09/06/2026;16/06/2026;12/06/2026;Entregue No Prazo;;Entrega realizada;Entrega Finalizada;16;6;9;6;XD BETIM;11016;;;
MOBIS BRASIL FABRICACAO DE AUTO PECAS LT;RODOVIARIO;1521855;09/06/2026;3;346405;09/06/2026;VITAL COMERCIO DE VEICULOS LTDA;1,05E+13;IPATINGA;MG;09/06/2026;16/06/2026;12/06/2026;Entregue No Prazo;;Entrega realizada;Entrega Finalizada;16;6;9;6;XD BETIM;11016;;;
MOBIS BRASIL FABRICACAO DE AUTO PECAS LT;RODOVIARIO;1521865;09/06/2026;2;346397;09/06/2026;TECAR TRILHAS AUTOMOVEIS E SERVICOS LTDA;2,32E+13;DIVINOPOLIS;MG;09/06/2026;16/06/2026;12/06/2026;Entregue No Prazo;;Entrega realizada;Entrega Finalizada;16;6;9;6;XD BETIM;11039;;;
MOBIS BRASIL FABRICACAO DE AUTO PECAS LT;RODOVIARIO;1521890;09/06/2026;2;346430;09/06/2026;SANTA FE VEICULOS LTDA.;1,16E+13;FRANCISCO BELTRAO;PR;09/06/2026;16/06/2026;12/06/2026;Entregue No Prazo;;Entrega realizada;Entrega Finalizada;16;6;9;6;TRANSTRY;18010;;;
MOBIS BRASIL FABRICACAO DE AUTO PECAS LT;RODOVIARIO;1521891;09/06/2026;14;346430;09/06/2026;SANTA FE VEICULOS LTDA.;1,16E+13;FRANCISCO BELTRAO;PR;09/06/2026;16/06/2026;12/06/2026;Entregue No Prazo;;Entrega realizada;Entrega Finalizada;16;6;9;6;TRANSTRY;18010;;;
MOBIS BRASIL FABRICACAO DE AUTO PECAS LT;RODOVIARIO;1521893;09/06/2026;1;346429;09/06/2026;SANTA FE COMERCIO DE VEICULOS S A.;1,16E+13;PATO BRANCO;PR;09/06/2026;16/06/2026;12/06/2026;Entregue No Prazo;;Entrega realizada;Entrega Finalizada;16;6;9;6;TRANSTRY;18014;;;
MOBIS BRASIL FABRICACAO DE AUTO PECAS LT;RODOVIARIO;1521903;09/06/2026;5;346611;09/06/2026;VIA VR VEICULOS LTDA;1,73E+13;VOLTA REDONDA;RJ;09/06/2026;16/06/2026;12/06/2026;Entregue No Prazo;;Entrega realizada;Entrega Finalizada;16;6;9;6;CAMILO;19016;;;
MOBIS BRASIL FABRICACAO DE AUTO PECAS LT;RODOVIARIO;1521906;09/06/2026;1;346606;09/06/2026;TAI MOTORS VEICULOS S/A.;9,27E+12;CAMPOS DOS GOYTACAZES;RJ;09/06/2026;16/06/2026;12/06/2026;Entregue No Prazo;;Entrega realizada;Entrega Finalizada;16;6;9;6;CAMILO;19023;;;
MOBIS BRASIL FABRICACAO DE AUTO PECAS LT;RODOVIARIO;1521908;09/06/2026;5;346589;09/06/2026;MONTREAL VEICULOS E PECAS LTDA;1,68E+13;SAO PEDRO DA ALDEIA;RJ;09/06/2026;16/06/2026;12/06/2026;Entregue No Prazo;;Entrega realizada;Entrega Finalizada;16;6;9;6;CAMILO;19030;;;
MOBIS BRASIL FABRICACAO DE AUTO PECAS LT;RODOVIARIO;1521916;09/06/2026;5;346407;09/06/2026;ATUAL VEICULOS LTDA;1,33E+13;CRICIUMA;SC;09/06/2026;16/06/2026;12/06/2026;Entregue No Prazo;;Entrega realizada;Entrega Finalizada;16;6;9;6;TRANSTRY;24001;;;
MOBIS BRASIL FABRICACAO DE AUTO PECAS LT;RODOVIARIO;1521926;09/06/2026;1;346428;09/06/2026;PONTO CERTO COMERCIO DE VEICULOS LTDA;1,50E+13;LAGES;SC;09/06/2026;16/06/2026;12/06/2026;Entregue No Prazo;;Entrega realizada;Entrega Finalizada;16;6;9;6;TRANSTRY;24017;;;
MOBIS BRASIL FABRICACAO DE AUTO PECAS LT;RODOVIARIO;1522173;09/06/2026;3;346406;09/06/2026;ATUAL VEICULOS LTDA;1,33E+13;ARARANGUA;SC;09/06/2026;16/06/2026;12/06/2026;Entregue No Prazo;;Entrega realizada;Entrega Finalizada;16;6;9;6;TRANSTRY;24001;;;
MOBIS BRASIL FABRICACAO DE AUTO PECAS LT;RODOVIARIO;1521840;09/06/2026;6;346602;09/06/2026;PRIME CACHOEIRO VEICULOS LTDA EPP;9,34E+12;CACHOEIRO DE ITAPEMIRIM;ES;09/06/2026;17/06/2026;12/06/2026;Entregue No Prazo;;Entrega realizada;Entrega Finalizada;17;6;9;6;CAMILO;8003;;;
MOBIS BRASIL FABRICACAO DE AUTO PECAS LT;RODOVIARIO;1521927;09/06/2026;3;346420;09/06/2026;CHINHAN AUTOMOVEIS LTDA;2,41E+13;CONCORDIA;SC;09/06/2026;17/06/2026;12/06/2026;Entregue No Prazo;;Entrega realizada;Entrega Finalizada;17;6;9;6;TRANSTRY;23019;;;
MOBIS BRASIL FABRICACAO DE AUTO PECAS LT;RODOVIARIO;1522564;10/06/2026;5;346660;10/06/2026;TAI MOTORS VEICULOS S/A;9,27E+12;BELO HORIZONTE;MG;10/06/2026;15/06/2026;12/06/2026;Entregue No Prazo;;Entrega realizada;Entrega Finalizada;15;6;10;6;XD BETIM;8002;Aniversário do Estado do Acre;Estadual;AC
MOBIS BRASIL FABRICACAO DE AUTO PECAS LT;RODOVIARIO;1522565;10/06/2026;1;346651;10/06/2026;CARBEL KOREA VEICULOS LTDA;2,07E+13;BELO HORIZONTE;MG;10/06/2026;15/06/2026;12/06/2026;Entregue No Prazo;;Entrega realizada;Entrega Finalizada;15;6;10;6;XD BETIM;11021;Aniversário do Estado do Acre;Estadual;AC
MOBIS BRASIL FABRICACAO DE AUTO PECAS LT;RODOVIARIO;1522567;10/06/2026;48;346643;10/06/2026;BDG AUTOVILLE VEICULOS LTDA;4,77E+13;CONTAGEM;MG;10/06/2026;15/06/2026;12/06/2026;Entregue No Prazo;;Entrega realizada;Entrega Finalizada;15;6;10;6;XD BETIM;11037;Aniversário do Estado do Acre;Estadual;AC
MOBIS BRASIL FABRICACAO DE AUTO PECAS LT;RODOVIARIO;1522629;10/06/2026;11;346693;10/06/2026;ANDRETA II DISTRIBUIDORA DE VEIC. LTDA;9,10E+12;CAMPINAS;SP;10/06/2026;15/06/2026;12/06/2026;Entregue No Prazo;;Entrega realizada;Entrega Finalizada;15;6;10;6;MVT;26011;Aniversário do Estado do Acre;Estadual;AC
MOBIS BRASIL FABRICACAO DE AUTO PECAS LT;RODOVIARIO;1522630;10/06/2026;9;346703;10/06/2026;MOTONET COMERCIO DE VEICULOS LTDA;9,28E+12;SOROCABA;SP;10/06/2026;15/06/2026;12/06/2026;Entregue No Prazo;;Entrega realizada;Entrega Finalizada;15;6;10;6;MVT;26113;Aniversário do Estado do Acre;Estadual;AC
MOBIS BRASIL FABRICACAO DE AUTO PECAS LT;RODOVIARIO;1522635;10/06/2026;5;346691;10/06/2026;ANDRETA II DISTRIB.DE VEICULOS LTDA.;9,10E+12;JUNDIAI;SP;10/06/2026;15/06/2026;12/06/2026;Entregue No Prazo;;Entrega realizada;Entrega Finalizada;15;6;10;6;MVT;26040;Aniversário do Estado do Acre;Estadual;AC
MOBIS BRASIL FABRICACAO DE AUTO PECAS LT;RODOVIARIO;1522559;10/06/2026;17;346663;10/06/2026;URCA MOTORS VEICULOS LTDA;8,77E+12;UBERLANDIA;MG;10/06/2026;16/06/2026;12/06/2026;Entregue No Prazo;;Entrega realizada;Entrega Finalizada;16;6;10;6;XD BETIM;9014;;;
MOBIS BRASIL FABRICACAO DE AUTO PECAS LT;RODOVIARIO;1522592;10/06/2026;16;346676;10/06/2026;BARI VEICULOS LTDA;7,46E+12;PONTA GROSSA;PR;10/06/2026;16/06/2026;12/06/2026;Entregue No Prazo;;Entrega realizada;Entrega Finalizada;16;6;10;6;TRANSTRY;18024;;;
MOBIS BRASIL FABRICACAO DE AUTO PECAS LT;RODOVIARIO;1522616;10/06/2026;1;346677;10/06/2026;BARI VEICULOS LTDA.;7,46E+12;JOINVILLE;SC;10/06/2026;16/06/2026;12/06/2026;Entregue No Prazo;;Entrega realizada;Entrega Finalizada;16;6;10;6;TRANSTRY;24013;;;
MOBIS BRASIL FABRICACAO DE AUTO PECAS LT;RODOVIARIO;1522617;10/06/2026;1;346677;10/06/2026;BARI VEICULOS LTDA.;7,46E+12;JOINVILLE;SC;10/06/2026;16/06/2026;12/06/2026;Entregue No Prazo;;Entrega realizada;Entrega Finalizada;16;6;10;6;TRANSTRY;24013;;;
MOBIS BRASIL FABRICACAO DE AUTO PECAS LT;RODOVIARIO;1522623;10/06/2026;1;346702;10/06/2026;HYMAX DISTRIBUIDORA DE VEICULOS LTDA;1,73E+13;MOGI GUACU;SP;10/06/2026;16/06/2026;12/06/2026;Entregue No Prazo;;Entrega realizada;Entrega Finalizada;16;6;10;6;MVT;26002;;;
MOBIS BRASIL FABRICACAO DE AUTO PECAS LT;RODOVIARIO;1522624;10/06/2026;3;346702;10/06/2026;HYMAX DISTRIBUIDORA DE VEICULOS LTDA;1,73E+13;MOGI GUACU;SP;10/06/2026;16/06/2026;12/06/2026;Entregue No Prazo;;Entrega realizada;Entrega Finalizada;16;6;10;6;MVT;26002;;;
MOBIS BRASIL FABRICACAO DE AUTO PECAS LT;RODOVIARIO;1522637;10/06/2026;1;346704;10/06/2026;NEW VEICULOS E PECAS LTDA;1,59E+13;FRANCA;SP;10/06/2026;16/06/2026;12/06/2026;Entregue No Prazo;;Entrega realizada;Entrega Finalizada;16;6;10;6;MVT;26014;;;
MOBIS BRASIL FABRICACAO DE AUTO PECAS LT;RODOVIARIO;1522638;10/06/2026;2;346701;10/06/2026;H R B COMERCIO DE VEICULOS LTDA;1,82E+13;SAO JOSE DO RIO PRETO;SP;10/06/2026;16/06/2026;12/06/2026;Entregue No Prazo;;Entrega realizada;Entrega Finalizada;16;6;10;6;MVT;26050;;;
MOBIS BRASIL FABRICACAO DE AUTO PECAS LT;RODOVIARIO;1522639;10/06/2026;5;346701;10/06/2026;H R B COMERCIO DE VEICULOS LTDA;1,82E+13;SAO JOSE DO RIO PRETO;SP;10/06/2026;16/06/2026;12/06/2026;Entregue No Prazo;;Entrega realizada;Entrega Finalizada;16;6;10;6;MVT;26050;;;
MOBIS BRASIL FABRICACAO DE AUTO PECAS LT;RODOVIARIO;1522656;10/06/2026;1;346698;10/06/2026;H - CAMINHO AUTOMOVEIS LTDA;2,53E+13;CATANDUVA;SP;10/06/2026;16/06/2026;12/06/2026;Entregue No Prazo;;Entrega realizada;Entrega Finalizada;16;6;10;6;MVT;26092;;;
MOBIS BRASIL FABRICACAO DE AUTO PECAS LT;RODOVIARIO;1522561;10/06/2026;1;346667;10/06/2026;VITAL COMERCIO DE VEICULOS LTDA;1,05E+13;GOVERNADOR VALADARES;MG;10/06/2026;17/06/2026;12/06/2026;Entregue No Prazo;;Entrega realizada;Entrega Finalizada;17;6;10;6;XD BETIM;11016;;;
MOBIS BRASIL FABRICACAO DE AUTO PECAS LT;RODOVIARIO;1522562;10/06/2026;3;346666;10/06/2026;VITAL COMERCIO DE VEICULOS LTDA;1,05E+13;IPATINGA;MG;10/06/2026;17/06/2026;12/06/2026;Entregue No Prazo;;Entrega realizada;Entrega Finalizada;17;6;10;6;XD BETIM;11016;;;
MOBIS BRASIL FABRICACAO DE AUTO PECAS LT;RODOVIARIO;1522611;10/06/2026;5;346669;10/06/2026;ATUAL VEICULOS LTDA;1,33E+13;CRICIUMA;SC;10/06/2026;17/06/2026;12/06/2026;Entregue No Prazo;;Entrega realizada;Entrega Finalizada;17;6;10;6;TRANSTRY;24001;;;
MOBIS BRASIL FABRICACAO DE AUTO PECAS LT;RODOVIARIO;1522613;10/06/2026;20;346689;10/06/2026;LR COMERCIO DE VEICULOS LTDA;1,05E+13;SAO JOSE;SC;10/06/2026;17/06/2026;12/06/2026;Entregue No Prazo;;Entrega realizada;Entrega Finalizada;17;6;10;6;TRANSTRY;24007;;;
MOBIS BRASIL FABRICACAO DE AUTO PECAS LT;RODOVIARIO;1522614;10/06/2026;10;346673;10/06/2026;BARI VEICULOS LTDA;7,46E+12;BLUMENAU;SC;10/06/2026;17/06/2026;12/06/2026;Entregue No Prazo;;Entrega realizada;Entrega Finalizada;17;6;10;6;TRANSTRY;18024;;;
MOBIS BRASIL FABRICACAO DE AUTO PECAS LT;RODOVIARIO;1522615;10/06/2026;30;346673;10/06/2026;BARI VEICULOS LTDA;7,46E+12;BLUMENAU;SC;10/06/2026;17/06/2026;12/06/2026;Entregue No Prazo;;Entrega realizada;Entrega Finalizada;17;6;10;6;TRANSTRY;18024;;;
MOBIS BRASIL FABRICACAO DE AUTO PECAS LT;RODOVIARIO;1523206;10/06/2026;6;346671;10/06/2026;ATUAL VEICULOS LTDA;1,33E+13;ARARANGUA;SC;10/06/2026;17/06/2026;12/06/2026;Entregue No Prazo;;Entrega realizada;Entrega Finalizada;17;6;10;6;TRANSTRY;24001;;;
MOBIS BRASIL FABRICACAO DE AUTO PECAS LT;RODOVIARIO;1522395;09/06/2026;51;346885;10/06/2026;SAGA KOREA COM. DE VEIC. E PC. LTDA;1,27E+13;GOIANIA;GO;10/06/2026;18/06/2026;12/06/2026;Entregue No Prazo;;Entrega realizada;Entrega Finalizada;18;6;10;6;RIO VERMELHO;9011;;;
MOBIS BRASIL FABRICACAO DE AUTO PECAS LT;RODOVIARIO;1522397;09/06/2026;31;346885;10/06/2026;SAGA KOREA COM. DE VEIC. E PC. LTDA;1,27E+13;GOIANIA;GO;10/06/2026;18/06/2026;12/06/2026;Entregue No Prazo;;Entrega realizada;Entrega Finalizada;18;6;10;6;RIO VERMELHO;9011;;;
MOBIS BRASIL FABRICACAO DE AUTO PECAS LT;RODOVIARIO;1522553;10/06/2026;3;346882;10/06/2026;NISA COMERCIAL DE VEIC. AUTOMOTORES LTDA;1,03E+13;APARECIDA DE GOIANIA;GO;10/06/2026;18/06/2026;12/06/2026;Entregue No Prazo;;Entrega realizada;Entrega Finalizada;18;6;10;6;RIO VERMELHO;9002;;;
MOBIS BRASIL FABRICACAO DE AUTO PECAS LT;RODOVIARIO;1522554;10/06/2026;2;346882;10/06/2026;NISA COMERCIAL DE VEIC. AUTOMOTORES LTDA;1,03E+13;APARECIDA DE GOIANIA;GO;10/06/2026;18/06/2026;12/06/2026;Entregue No Prazo;;Entrega realizada;Entrega Finalizada;18;6;10;6;RIO VERMELHO;9002;;;
MOBIS BRASIL FABRICACAO DE AUTO PECAS LT;RODOVIARIO;1522618;10/06/2026;2;346675;10/06/2026;BARI VEICULOS LTDA;7,46E+12;BALNEARIO CAMBORIU;SC;10/06/2026;18/06/2026;12/06/2026;Entregue No Prazo;;Entrega realizada;Entrega Finalizada;18;6;10;6;TRANSTRY;18024;;;
MOBIS BRASIL FABRICACAO DE AUTO PECAS LT;RODOVIARIO;1522620;10/06/2026;2;346679;10/06/2026;CHINHAN AUTOMOVEIS LTDA;2,41E+13;CONCORDIA;SC;10/06/2026;18/06/2026;12/06/2026;Entregue No Prazo;;Entrega realizada;Entrega Finalizada;18;6;10;6;TRANSTRY;23019;;;
MOBIS BRASIL FABRICACAO DE AUTO PECAS LT;RODOVIARIO;1523148;10/06/2026;1;346885;10/06/2026;SAGA KOREA COM. DE VEIC. E PC. LTDA;1,27E+13;GOIANIA;GO;10/06/2026;18/06/2026;12/06/2026;Entregue No Prazo;;Entrega realizada;Entrega Finalizada;18;6;10;6;RIO VERMELHO;9011;;;
MOBIS BRASIL FABRICACAO DE AUTO PECAS LT;RODOVIARIO;1523154;10/06/2026;26;346885;10/06/2026;SAGA KOREA COM. DE VEIC. E PC. LTDA;1,27E+13;GOIANIA;GO;10/06/2026;18/06/2026;12/06/2026;Entregue No Prazo;;Entrega realizada;Entrega Finalizada;18;6;10;6;RIO VERMELHO;9011;;;
MOBIS BRASIL FABRICACAO DE AUTO PECAS LT;RODOVIARIO;1522556;10/06/2026;3;346887;10/06/2026;URCA MOTORS VEICULOS LTDA;8,77E+12;ITUMBIARA;GO;10/06/2026;22/06/2026;12/06/2026;Entregue No Prazo;;Entrega realizada;Entrega Finalizada;22;6;10;6;RIO VERMELHO;9014;;;
MOBIS BRASIL FABRICACAO DE AUTO PECAS LT;RODOVIARIO;1523564;11/06/2026;7;346922;11/06/2026;BILLY DISTRIBUIDORA DE VEICULOS LTDA;1,34E+13;BARUERI;SP;11/06/2026;15/06/2026;12/06/2026;Entregue No Prazo;;Entrega realizada;Entrega Finalizada;15;6;11;6;XD DIADEMA;26003;Aniversário do Estado do Acre;Estadual;AC
MOBIS BRASIL FABRICACAO DE AUTO PECAS LT;RODOVIARIO;1523575;11/06/2026;3;346930;11/06/2026;GRANDAY AUTOMOTORES LTDA (CHAC. CALIFOR);1,57E+13;SAO PAULO;SP;11/06/2026;15/06/2026;12/06/2026;Entregue No Prazo;;Entrega realizada;Entrega Finalizada;15;6;11;6;XD DIADEMA;26090;Aniversário do Estado do Acre;Estadual;AC
MOBIS BRASIL FABRICACAO DE AUTO PECAS LT;RODOVIARIO;1523576;11/06/2026;1;346933;11/06/2026;NOBRE DISTRIBUIDORA DE VEIC. E PEC. LTDA;5,76E+12;SUZANO;SP;11/06/2026;15/06/2026;12/06/2026;Entregue No Prazo;;Entrega realizada;Entrega Finalizada;15;6;11;6;XD DIADEMA;26103;Aniversário do Estado do Acre;Estadual;AC
MOBIS BRASIL FABRICACAO DE AUTO PECAS LT;RODOVIARIO;1523577;11/06/2026;2;346926;11/06/2026;CHS MOTORS VEICULOS PECAS E SERV. LTDA;1,69E+13;OSASCO;SP;11/06/2026;15/06/2026;12/06/2026;Entregue No Prazo;;Entrega realizada;Entrega Finalizada;15;6;11;6;XD DIADEMA;26106;Aniversário do Estado do Acre;Estadual;AC
MOBIS BRASIL FABRICACAO DE AUTO PECAS LT;RODOVIARIO;1523537;11/06/2026;4;347016;11/06/2026;SEVEC VEICULOS LTDA;5,68E+11;CURITIBA;PR;11/06/2026;16/06/2026;12/06/2026;Entregue No Prazo;;Entrega realizada;Entrega Finalizada;16;6;11;6;TRANSTRY;18012;;;
MOBIS BRASIL FABRICACAO DE AUTO PECAS LT;RODOVIARIO;1523543;11/06/2026;13;347004;11/06/2026;BARI VEICULOS LTDA;7,46E+12;CURITIBA;PR;11/06/2026;16/06/2026;12/06/2026;Entregue No Prazo;;Entrega realizada;Entrega Finalizada;16;6;11;6;TRANSTRY;18024;;;
MOBIS BRASIL FABRICACAO DE AUTO PECAS LT;RODOVIARIO;1523565;11/06/2026;3;346951;11/06/2026;DHC COMERCIO DE VEICULOS E PECAS LTDA;9,52E+12;BAURU;SP;11/06/2026;16/06/2026;12/06/2026;Entregue No Prazo;;Entrega realizada;Entrega Finalizada;16;6;11;6;MVT;26010;;;
MOBIS BRASIL FABRICACAO DE AUTO PECAS LT;RODOVIARIO;1523567;11/06/2026;66;346954;11/06/2026;NEW VEICULOS E PECAS LTDA;1,59E+13;RIBEIRAO PRETO;SP;11/06/2026;16/06/2026;12/06/2026;Entregue No Prazo;Avaria;Entrega realizada;Entrega Finalizada;16;6;11;6;MVT;26014;;;
MOBIS BRASIL FABRICACAO DE AUTO PECAS LT;RODOVIARIO;1523572;11/06/2026;2;346924;11/06/2026;CAOA MOTOR DO BRASIL LTDA;1,68E+13;TAUBATE;SP;11/06/2026;16/06/2026;12/06/2026;Entregue No Prazo;;Entrega realizada;Entrega Finalizada;16;6;11;6;XD DIADEMA;5008;;;
MOBIS BRASIL FABRICACAO DE AUTO PECAS LT;RODOVIARIO;1523542;11/06/2026;1;347001;11/06/2026;BARI VEICULOS LTDA;7,46E+12;SAO JOSE DOS PINHAIS;PR;11/06/2026;17/06/2026;12/06/2026;Entregue No Prazo;;Entrega realizada;Entrega Finalizada;17;6;11;6;TRANSTRY;18024;;;
MOBIS BRASIL FABRICACAO DE AUTO PECAS LT;RODOVIARIO;1524263;11/06/2026;99;347125;12/06/2026;ANDRETA II DISTRIBUIDORA DE VEIC. LTDA;9,10E+12;CAMPINAS;SP;12/06/2026;17/06/2026;12/06/2026;Entregue No Prazo;;Entrega realizada;Entrega Finalizada;17;6;12;6;BV LOG;26011;;;
MOBIS BRASIL FABRICACAO DE AUTO PECAS LT;RODOVIARIO;1524264;11/06/2026;1;347125;12/06/2026;ANDRETA II DISTRIBUIDORA DE VEIC. LTDA;9,10E+12;CAMPINAS;SP;12/06/2026;17/06/2026;12/06/2026;Entregue No Prazo;;Entrega realizada;Entrega Finalizada;17;6;12;6;BV LOG;26011;;;
MOBIS BRASIL FABRICACAO DE AUTO PECAS LT;RODOVIARIO;1524265;11/06/2026;48;347126;12/06/2026;ANDRETA II DISTRIBUIDORA DE VEIC. LTDA;9,10E+12;CAMPINAS;SP;12/06/2026;17/06/2026;12/06/2026;Entregue No Prazo;;Entrega realizada;Entrega Finalizada;17;6;12;6;BV LOG;26011;;;
MOBIS BRASIL FABRICACAO DE AUTO PECAS LT;RODOVIARIO;1524266;11/06/2026;3;347126;12/06/2026;ANDRETA II DISTRIBUIDORA DE VEIC. LTDA;9,10E+12;CAMPINAS;SP;12/06/2026;17/06/2026;12/06/2026;Entregue No Prazo;;Entrega realizada;Entrega Finalizada;17;6;12;6;BV LOG;26011;;;
MOBIS BRASIL FABRICACAO DE AUTO PECAS LT;RODOVIARIO;1518093;29/05/2026;12;345216;29/05/2026;JPN PATOS COMERCIO DE VEICULOS LTDA;4,20E+13;PATOS;PB;29/05/2026;16/06/2026;13/06/2026;Entregue No Prazo;;Entrega realizada;Entrega Finalizada;16;6;29;5;TERMACO;15004;;;
MOBIS BRASIL FABRICACAO DE AUTO PECAS LT;RODOVIARIO;1518960;30/05/2026;1;345539;01/06/2026;AIKON VEICULOS LTDA;1,17E+13;ITABUNA;BA;01/06/2026;16/06/2026;13/06/2026;Entregue No Prazo;;Entrega realizada;Entrega Finalizada;16;6;1;6;TERMACO;5002;;;
MOBIS BRASIL FABRICACAO DE AUTO PECAS LT;RODOVIARIO;1518694;29/05/2026;3;345557;01/06/2026;JPN PATOS COMERCIO DE VEICULOS LTDA;4,20E+13;PATOS;PB;01/06/2026;17/06/2026;13/06/2026;Entregue No Prazo;;Entrega realizada;Entrega Finalizada;17;6;1;6;TERMACO;15004;;;
MOBIS BRASIL FABRICACAO DE AUTO PECAS LT;RODOVIARIO;1523522;11/06/2026;3;346967;11/06/2026;GOLDEN MOTORS VEICULOS LTDA;3,62E+12;TRES LAGOAS;MS;11/06/2026;19/06/2026;13/06/2026;Entregue No Prazo;;Entrega realizada;Entrega Finalizada;19;6;11;6;CARVALIMA;12001;;;
MOBIS BRASIL FABRICACAO DE AUTO PECAS LT;RODOVIARIO;1518065;29/05/2026;1;345204;29/05/2026;CAOA MOTOR DO BRASIL LTDA;1,68E+13;FORTALEZA;CE;29/05/2026;12/06/2026;15/06/2026;Entregue Fora do Prazo;;Entrega realizada;Entrega Finalizada;12;6;29;5;TERMACO;5008;;;
MOBIS BRASIL FABRICACAO DE AUTO PECAS LT;RODOVIARIO;1518655;29/05/2026;1;345549;01/06/2026;CYCOSA AUTOMOVEIS LTDA;4,76E+12;MACEIO;AL;01/06/2026;15/06/2026;15/06/2026;Entregue No Prazo;;Entrega realizada;Entrega Finalizada;15;6;1;6;TERMACO;2001;Aniversário do Estado do Acre;Estadual;AC
MOBIS BRASIL FABRICACAO DE AUTO PECAS LT;RODOVIARIO;1518693;29/05/2026;4;345547;01/06/2026;CAOA MOTOR DO BRASIL LTDA;1,68E+13;CAMPINA GRANDE;PB;01/06/2026;17/06/2026;15/06/2026;Entregue No Prazo;;Entrega realizada;Entrega Finalizada;17;6;1;6;TERMACO;5008;;;
MOBIS BRASIL FABRICACAO DE AUTO PECAS LT;RODOVIARIO;1518698;29/05/2026;2;345554;01/06/2026;GREEN CITY VEICULOS LTDA;2,10E+13;TERESINA;PI;01/06/2026;17/06/2026;15/06/2026;Entregue No Prazo;;Entrega realizada;Entrega Finalizada;17;6;1;6;TERMACO;17002;;;
MOBIS BRASIL FABRICACAO DE AUTO PECAS LT;RODOVIARIO;1520210;02/06/2026;8;345788;02/06/2026;FAZZA MOTORS COMERCIO DE VEICULOS LTDA;1,24E+13;FORTALEZA;CE;02/06/2026;16/06/2026;15/06/2026;Entregue No Prazo;;Entrega realizada;Entrega Finalizada;16;6;2;6;TERMACO;5007;;;
MOBIS BRASIL FABRICACAO DE AUTO PECAS LT;RODOVIARIO;1519808;02/06/2026;1;345801;02/06/2026;ORVEL AUTOMOTOR HYD LTDA;2,52E+13;TEIXEIRA DE FREITAS;BA;02/06/2026;17/06/2026;15/06/2026;Entregue No Prazo;;Entrega realizada;Entrega Finalizada;17;6;2;6;TERMACO;5011;;;
MOBIS BRASIL FABRICACAO DE AUTO PECAS LT;RODOVIARIO;1519804;02/06/2026;2;345794;02/06/2026;JPN COMERCIO DE VEICULOS LTDA;3,20E+13;ARAPIRACA;AL;02/06/2026;18/06/2026;15/06/2026;Entregue No Prazo;;Entrega realizada;Entrega Finalizada;18;6;2;6;TERMACO;2003;;;
MOBIS BRASIL FABRICACAO DE AUTO PECAS LT;RODOVIARIO;1519840;02/06/2026;3;345789;02/06/2026;GREEN CITY VEICULOS LTDA;2,10E+13;TERESINA;PI;02/06/2026;18/06/2026;15/06/2026;Entregue No Prazo;;Entrega realizada;Entrega Finalizada;18;6;2;6;TERMACO;17002;;;
MOBIS BRASIL FABRICACAO DE AUTO PECAS LT;RODOVIARIO;1519841;02/06/2026;4;345789;02/06/2026;GREEN CITY VEICULOS LTDA;2,10E+13;TERESINA;PI;02/06/2026;18/06/2026;15/06/2026;Entregue No Prazo;;Entrega realizada;Entrega Finalizada;18;6;2;6;TERMACO;17002;;;
MOBIS BRASIL FABRICACAO DE AUTO PECAS LT;RODOVIARIO;1520211;02/06/2026;15;345790;02/06/2026;GREEN CITY VEICULOS LTDA;2,10E+13;TERESINA;PI;02/06/2026;18/06/2026;15/06/2026;Entregue No Prazo;;Entrega realizada;Entrega Finalizada;18;6;2;6;TERMACO;17002;;;
MOBIS BRASIL FABRICACAO DE AUTO PECAS LT;RODOVIARIO;1520395;03/06/2026;2;345914;03/06/2026;SAINT LAND COMERCIO DE VEICULOS LTDA;1,04E+13;ARACAJU;SE;03/06/2026;16/06/2026;15/06/2026;Entregue No Prazo;;Entrega realizada;Entrega Finalizada;16;6;3;6;TERMACO;6010;;;
MOBIS BRASIL FABRICACAO DE AUTO PECAS LT;RODOVIARIO;1520823;03/06/2026;1;345917;03/06/2026;SEVEL VEICULOS LTDA;1,07E+13;ARACAJU;SE;03/06/2026;16/06/2026;15/06/2026;Entregue No Prazo;;Entrega realizada;Entrega Finalizada;16;6;3;6;TERMACO;25001;;;
MOBIS BRASIL FABRICACAO DE AUTO PECAS LT;RODOVIARIO;1520344;03/06/2026;2;345895;03/06/2026;CYCOSA AUTOMOVEIS LTDA;4,76E+12;MACEIO;AL;03/06/2026;17/06/2026;15/06/2026;Entregue No Prazo;;Entrega realizada;Entrega Finalizada;17;6;3;6;TERMACO;2001;;;
MOBIS BRASIL FABRICACAO DE AUTO PECAS LT;RODOVIARIO;1520384;03/06/2026;14;345916;03/06/2026;SAINT LAND COMERCIO DE VEICULOS LTDA;1,04E+13;NATAL;RN;03/06/2026;18/06/2026;15/06/2026;Entregue No Prazo;;Entrega realizada;Entrega Finalizada;18;6;3;6;TERMACO;6010;;;
MOBIS BRASIL FABRICACAO DE AUTO PECAS LT;RODOVIARIO;1521465;08/06/2026;1;346136;08/06/2026;SAGA KOREA COM. DE VEIC. E PC. LTDA;1,27E+13;GOIANIA;GO;08/06/2026;16/06/2026;15/06/2026;Entregue No Prazo;;Entrega realizada;Entrega Finalizada;16;6;8;6;RIO VERMELHO;9011;;;
MOBIS BRASIL FABRICACAO DE AUTO PECAS LT;RODOVIARIO;1520976;08/06/2026;12;346185;08/06/2026;UNIQUE COMERCIO DE AUTOMOVEIS LTDA;1,74E+13;ANANINDEUA;PA;08/06/2026;19/06/2026;15/06/2026;Entregue No Prazo;;Entrega realizada;Entrega Finalizada;19;6;8;6;CARVALIMA;14003;;;
MOBIS BRASIL FABRICACAO DE AUTO PECAS LT;RODOVIARIO;1521506;08/06/2026;5;346182;08/06/2026;SEVEL VEICULOS LTDA;1,07E+13;ARACAJU;SE;08/06/2026;19/06/2026;15/06/2026;Entregue No Prazo;;Entrega realizada;Entrega Finalizada;19;6;8;6;TERMACO;25001;;;
MOBIS BRASIL FABRICACAO DE AUTO PECAS LT;RODOVIARIO;1521913;09/06/2026;2;346418;09/06/2026;CARWAY SUL VEICULOS LTDA;1,03E+13;CANOAS;RS;09/06/2026;15/06/2026;15/06/2026;Entregue No Prazo;;Entrega realizada;Entrega Finalizada;15;6;9;6;TRANSTRY;23003;Aniversário do Estado do Acre;Estadual;AC
MOBIS BRASIL FABRICACAO DE AUTO PECAS LT;RODOVIARIO;1521917;09/06/2026;5;346408;09/06/2026;ATUAL VEICULOS LTDA;1,33E+13;TUBARAO;SC;09/06/2026;16/06/2026;15/06/2026;Entregue No Prazo;;Entrega realizada;Entrega Finalizada;16;6;9;6;TRANSTRY;24001;;;
MOBIS BRASIL FABRICACAO DE AUTO PECAS LT;RODOVIARIO;1521833;09/06/2026;1;346634;09/06/2026;SMAFF IMPORT VEICULOS LTDA;8,18E+12;BRASILIA;DF;09/06/2026;17/06/2026;15/06/2026;Entregue No Prazo;;Entrega realizada;Entrega Finalizada;17;6;9;6;RIO VERMELHO;7002;;;
MOBIS BRASIL FABRICACAO DE AUTO PECAS LT;RODOVIARIO;1521834;09/06/2026;10;346634;09/06/2026;SMAFF IMPORT VEICULOS LTDA;8,18E+12;BRASILIA;DF;09/06/2026;17/06/2026;15/06/2026;Entregue No Prazo;;Entrega realizada;Entrega Finalizada;17;6;9;6;RIO VERMELHO;7002;;;
MOBIS BRASIL FABRICACAO DE AUTO PECAS LT;RODOVIARIO;1521841;09/06/2026;3;346604;09/06/2026;TAI MOTORS VEICULOS S/A;9,27E+12;COLATINA;ES;09/06/2026;17/06/2026;15/06/2026;Entregue No Prazo;;Entrega realizada;Entrega Finalizada;17;6;9;6;CAMILO;8002;;;
MOBIS BRASIL FABRICACAO DE AUTO PECAS LT;RODOVIARIO;1521844;09/06/2026;1;346630;09/06/2026;SAGA KOREA COM. DE VEIC. E PC. LTDA;1,27E+13;GOIANIA;GO;09/06/2026;17/06/2026;15/06/2026;Entregue No Prazo;;Entrega realizada;Entrega Finalizada;17;6;9;6;RIO VERMELHO;9009;;;
MOBIS BRASIL FABRICACAO DE AUTO PECAS LT;RODOVIARIO;1521866;09/06/2026;8;346579;09/06/2026;GOLDEN MOTORS VEICULOS LTDA;3,62E+12;DOURADOS;MS;09/06/2026;17/06/2026;15/06/2026;Entregue No Prazo;;Entrega realizada;Entrega Finalizada;17;6;9;6;CARVALIMA;12001;;;
MOBIS BRASIL FABRICACAO DE AUTO PECAS LT;RODOVIARIO;1521867;09/06/2026;4;346608;09/06/2026;ULSAN COMERCIO DE VEICULOS LTDA.;2,10E+13;CAMPO GRANDE;MS;09/06/2026;17/06/2026;15/06/2026;Entregue No Prazo;;Entrega realizada;Entrega Finalizada;17;6;9;6;CARVALIMA;12004;;;
MOBIS BRASIL FABRICACAO DE AUTO PECAS LT;RODOVIARIO;1522388;09/06/2026;99;346629;09/06/2026;SAGA KOREA COM. DE VEIC. E PC. LTDA;1,27E+13;GOIANIA;GO;09/06/2026;17/06/2026;15/06/2026;Entregue No Prazo;;Entrega realizada;Entrega Finalizada;17;6;9;6;RIO VERMELHO;9011;;;
MOBIS BRASIL FABRICACAO DE AUTO PECAS LT;RODOVIARIO;1521928;09/06/2026;3;346421;09/06/2026;CHINHAN AUTOMOVEIS LTDA.;2,41E+13;CACADOR;SC;09/06/2026;18/06/2026;15/06/2026;Entregue No Prazo;;Entrega realizada;Entrega Finalizada;18;6;9;6;TRANSTRY;24020;;;
MOBIS BRASIL FABRICACAO DE AUTO PECAS LT;RODOVIARIO;1521870;09/06/2026;1;346573;09/06/2026;COMETA MATO GROSSO COM. DE VEICULOS LTDA;1,54E+13;RONDONOPOLIS;MT;09/06/2026;19/06/2026;15/06/2026;Entregue No Prazo;;Entrega realizada;Entrega Finalizada;19;6;9;6;CARVALIMA;13006;;;
MOBIS BRASIL FABRICACAO DE AUTO PECAS LT;RODOVIARIO;1521845;09/06/2026;5;346632;09/06/2026;SAGA KOREA COM. DE VEIC. E PC. LTDA;1,27E+13;ANAPOLIS;GO;09/06/2026;22/06/2026;15/06/2026;Entregue No Prazo;;Entrega realizada;Entrega Finalizada;22;6;9;6;RIO VERMELHO;9012;;;
MOBIS BRASIL FABRICACAO DE AUTO PECAS LT;RODOVIARIO;1522654;10/06/2026;2;346700;10/06/2026;H - CAMINHO AUTOMOVEIS LTDA;2,53E+13;LIMEIRA;SP;10/06/2026;15/06/2026;15/06/2026;Entregue No Prazo;;Entrega realizada;Entrega Finalizada;15;6;10;6;MVT;26092;Aniversário do Estado do Acre;Estadual;AC
MOBIS BRASIL FABRICACAO DE AUTO PECAS LT;RODOVIARIO;1522655;10/06/2026;3;346700;10/06/2026;H - CAMINHO AUTOMOVEIS LTDA;2,53E+13;LIMEIRA;SP;10/06/2026;15/06/2026;15/06/2026;Entregue No Prazo;;Entrega realizada;Entrega Finalizada;15;6;10;6;MVT;26092;Aniversário do Estado do Acre;Estadual;AC
MOBIS BRASIL FABRICACAO DE AUTO PECAS LT;RODOVIARIO;1522560;10/06/2026;3;346662;10/06/2026;TOKSU COMERCIO DE VEICULOS LTDA;1,12E+13;JUIZ DE FORA;MG;10/06/2026;16/06/2026;15/06/2026;Entregue No Prazo;;Entrega realizada;Entrega Finalizada;16;6;10;6;XD BETIM;11008;;;
MOBIS BRASIL FABRICACAO DE AUTO PECAS LT;RODOVIARIO;1522563;10/06/2026;1;346664;10/06/2026;URCA MOTORS VEICULOS LTDA;8,77E+12;UBERABA;MG;10/06/2026;16/06/2026;15/06/2026;Entregue No Prazo;;Entrega realizada;Entrega Finalizada;16;6;10;6;XD BETIM;9014;;;
MOBIS BRASIL FABRICACAO DE AUTO PECAS LT;RODOVIARIO;1522566;10/06/2026;2;346665;10/06/2026;VIME POCOS COM. DE VEICULOS E PECAS LTDA;3,43E+13;POCOS DE CALDAS;MG;10/06/2026;16/06/2026;15/06/2026;Entregue No Prazo;;Entrega realizada;Entrega Finalizada;16;6;10;6;XD BETIM;11033;;;
MOBIS BRASIL FABRICACAO DE AUTO PECAS LT;RODOVIARIO;1522568;10/06/2026;1;346661;10/06/2026;TECAR TRILHASAUTOMOVEIS E SERVICOS ;2,32E+13;SETE LAGOAS;MG;10/06/2026;16/06/2026;15/06/2026;Entregue No Prazo;;Entrega realizada;Entrega Finalizada;16;6;10;6;XD BETIM;#N/D;;;
MOBIS BRASIL FABRICACAO DE AUTO PECAS LT;RODOVIARIO;1522588;10/06/2026;127;346687;10/06/2026;LOVAT VEICULOS S/A;8,57E+12;LONDRINA;PR;10/06/2026;16/06/2026;15/06/2026;Entregue No Prazo;;Entrega realizada;Entrega Finalizada;16;6;10;6;TRANSTRY;18008;;;
MOBIS BRASIL FABRICACAO DE AUTO PECAS LT;RODOVIARIO;1522589;10/06/2026;3;346688;10/06/2026;LOVAT VEICULOS S/A;8,57E+12;MARINGA;PR;10/06/2026;16/06/2026;15/06/2026;Entregue No Prazo;;Entrega realizada;Entrega Finalizada;16;6;10;6;TRANSTRY;18008;;;
MOBIS BRASIL FABRICACAO DE AUTO PECAS LT;RODOVIARIO;1522591;10/06/2026;2;346672;10/06/2026;BARI VEICULOS LTDA;7,46E+12;GUARAPUAVA;PR;10/06/2026;16/06/2026;15/06/2026;Entregue No Prazo;;Entrega realizada;Entrega Finalizada;16;6;10;6;TRANSTRY;18024;;;
MOBIS BRASIL FABRICACAO DE AUTO PECAS LT;RODOVIARIO;1522606;10/06/2026;3;346678;10/06/2026;CARWAY SUL VEICULOS LTDA;1,03E+13;CANOAS;RS;10/06/2026;16/06/2026;15/06/2026;Entregue No Prazo;;Entrega realizada;Entrega Finalizada;16;6;10;6;TRANSTRY;23003;;;
MOBIS BRASIL FABRICACAO DE AUTO PECAS LT;RODOVIARIO;1522607;10/06/2026;6;346678;10/06/2026;CARWAY SUL VEICULOS LTDA;1,03E+13;CANOAS;RS;10/06/2026;16/06/2026;15/06/2026;Entregue No Prazo;;Entrega realizada;Entrega Finalizada;16;6;10;6;TRANSTRY;23003;;;
MOBIS BRASIL FABRICACAO DE AUTO PECAS LT;RODOVIARIO;1522645;10/06/2026;1;346706;10/06/2026;NEW VEICULOS E PECAS LTDA.;1,59E+13;ARARAQUARA;SP;10/06/2026;16/06/2026;15/06/2026;Entregue No Prazo;;Entrega realizada;Entrega Finalizada;16;6;10;6;MVT;26071;;;
MOBIS BRASIL FABRICACAO DE AUTO PECAS LT;RODOVIARIO;1522612;10/06/2026;13;346670;10/06/2026;ATUAL VEICULOS LTDA;1,33E+13;TUBARAO;SC;10/06/2026;17/06/2026;15/06/2026;Entregue No Prazo;;Entrega realizada;Entrega Finalizada;17;6;10;6;TRANSTRY;24001;;;
MOBIS BRASIL FABRICACAO DE AUTO PECAS LT;RODOVIARIO;1522548;10/06/2026;12;346884;10/06/2026;SAGA KOREA COM. DE VEIC. E PC. LTDA;1,27E+13;BRASILIA;DF;10/06/2026;18/06/2026;15/06/2026;Entregue No Prazo;;Entrega realizada;Entrega Finalizada;18;6;10;6;RIO VERMELHO;7005;;;
MOBIS BRASIL FABRICACAO DE AUTO PECAS LT;RODOVIARIO;1522569;10/06/2026;4;346833;10/06/2026;GOLDEN MOTORS VEICULOS LTDA;3,62E+12;DOURADOS;MS;10/06/2026;18/06/2026;15/06/2026;Entregue No Prazo;;Entrega realizada;Entrega Finalizada;18;6;10;6;CARVALIMA;12001;;;
MOBIS BRASIL FABRICACAO DE AUTO PECAS LT;RODOVIARIO;1522570;10/06/2026;2;346856;10/06/2026;ULSAN COMERCIO DE VEICULOS LTDA.;2,10E+13;CAMPO GRANDE;MS;10/06/2026;18/06/2026;15/06/2026;Entregue No Prazo;;Entrega realizada;Entrega Finalizada;18;6;10;6;CARVALIMA;12004;;;
MOBIS BRASIL FABRICACAO DE AUTO PECAS LT;RODOVIARIO;1522571;10/06/2026;3;346836;10/06/2026;JPG MOTORS COMERCIO DE VEICULOS LTDA;2,91E+13;CAMPO GRANDE;MS;10/06/2026;18/06/2026;15/06/2026;Entregue No Prazo;;Entrega realizada;Entrega Finalizada;18;6;10;6;CARVALIMA;12005;;;
MOBIS BRASIL FABRICACAO DE AUTO PECAS LT;RODOVIARIO;1522621;10/06/2026;3;346680;10/06/2026;CHINHAN AUTOMOVEIS LTDA.;2,41E+13;CACADOR;SC;10/06/2026;19/06/2026;15/06/2026;Entregue No Prazo;;Entrega realizada;Entrega Finalizada;19;6;10;6;TRANSTRY;24020;;;
MOBIS BRASIL FABRICACAO DE AUTO PECAS LT;RODOVIARIO;1522555;10/06/2026;6;346888;10/06/2026;URCA MOTORS VEICULOS LTDA;8,77E+12;RIO VERDE;GO;10/06/2026;22/06/2026;15/06/2026;Entregue No Prazo;;Entrega realizada;Entrega Finalizada;22;6;10;6;RIO VERMELHO;9014;;;
MOBIS BRASIL FABRICACAO DE AUTO PECAS LT;RODOVIARIO;1523568;11/06/2026;1;346929;11/06/2026;GRAND SPORT COM. DE VEIC. E PECAS LTDA;8,58E+12;SAO PAULO;SP;11/06/2026;15/06/2026;15/06/2026;Entregue No Prazo;;Entrega realizada;Entrega Finalizada;15;6;11;6;XD DIADEMA;26034;Aniversário do Estado do Acre;Estadual;AC
MOBIS BRASIL FABRICACAO DE AUTO PECAS LT;RODOVIARIO;1523570;11/06/2026;1;346920;11/06/2026;BILLY DISTRIBUIDORA DE VEICULOS LTDA;1,34E+13;SAO CAETANO DO SUL;SP;11/06/2026;15/06/2026;15/06/2026;Entregue No Prazo;;Entrega realizada;Entrega Finalizada;15;6;11;6;XD DIADEMA;26003;Aniversário do Estado do Acre;Estadual;AC
MOBIS BRASIL FABRICACAO DE AUTO PECAS LT;RODOVIARIO;1523574;11/06/2026;3;346921;11/06/2026;BILLY DISTRIBUIDORA DE VEICULOS LTDA;1,34E+13;SAO PAULO;SP;11/06/2026;15/06/2026;15/06/2026;Entregue No Prazo;;Entrega realizada;Entrega Finalizada;15;6;11;6;XD DIADEMA;26003;Aniversário do Estado do Acre;Estadual;AC
MOBIS BRASIL FABRICACAO DE AUTO PECAS LT;RODOVIARIO;1523514;11/06/2026;24;346940;11/06/2026;TAI MOTORS VEICULOS S/A;9,27E+12;BELO HORIZONTE;MG;11/06/2026;16/06/2026;15/06/2026;Entregue No Prazo;;Entrega realizada;Entrega Finalizada;16;6;11;6;XD BETIM;8002;;;
MOBIS BRASIL FABRICACAO DE AUTO PECAS LT;RODOVIARIO;1523515;11/06/2026;33;346925;11/06/2026;CARBEL KOREA VEICULOS LTDA;2,07E+13;BELO HORIZONTE;MG;11/06/2026;16/06/2026;15/06/2026;Entregue No Prazo;;Entrega realizada;Entrega Finalizada;16;6;11;6;XD BETIM;11021;;;
MOBIS BRASIL FABRICACAO DE AUTO PECAS LT;RODOVIARIO;1523516;11/06/2026;3;346923;11/06/2026;CAOA MOTOR DO BRASIL LTDA;1,68E+13;BELO HORIZONTE;MG;11/06/2026;16/06/2026;15/06/2026;Entregue No Prazo;;Entrega realizada;Entrega Finalizada;16;6;11;6;XD BETIM;5008;;;
MOBIS BRASIL FABRICACAO DE AUTO PECAS LT;RODOVIARIO;1523519;11/06/2026;73;346919;11/06/2026;BDG AUTOVILLE VEICULOS LTDA;4,77E+13;CONTAGEM;MG;11/06/2026;16/06/2026;15/06/2026;Entregue No Prazo;;Entrega realizada;Entrega Finalizada;16;6;11;6;XD BETIM;11037;;;
MOBIS BRASIL FABRICACAO DE AUTO PECAS LT;RODOVIARIO;1523569;11/06/2026;7;346949;11/06/2026;ANDRETA II DISTRIB.DE VEICULOS LTDA.;9,10E+12;JUNDIAI;SP;11/06/2026;16/06/2026;15/06/2026;Entregue No Prazo;;Entrega realizada;Entrega Finalizada;16;6;11;6;MVT;26040;;;
MOBIS BRASIL FABRICACAO DE AUTO PECAS LT;RODOVIARIO;1523573;11/06/2026;6;346927;11/06/2026;DESTAQUE SEUL DISTR. DE VEIC. E PC. LTDA;2,12E+13;ATIBAIA;SP;11/06/2026;16/06/2026;15/06/2026;Entregue No Prazo;;Entrega realizada;Entrega Finalizada;16;6;11;6;XD DIADEMA;26075;;;
MOBIS BRASIL FABRICACAO DE AUTO PECAS LT;RODOVIARIO;1522597;10/06/2026;1;346903;11/06/2026;CAOA MOTOR DO BRASIL LTDA;1,68E+13;NITEROI;RJ;11/06/2026;17/06/2026;15/06/2026;Entregue No Prazo;;Entrega realizada;Entrega Finalizada;17;6;11;6;CAMILO;5008;;;
MOBIS BRASIL FABRICACAO DE AUTO PECAS LT;RODOVIARIO;1522600;10/06/2026;1;346902;11/06/2026;CAOA MOTOR DO BRASIL LTDA;1,68E+13;RIO DE JANEIRO;RJ;11/06/2026;17/06/2026;15/06/2026;Entregue No Prazo;;Entrega realizada;Entrega Finalizada;17;6;11;6;CAMILO;5008;;;
MOBIS BRASIL FABRICACAO DE AUTO PECAS LT;RODOVIARIO;1523510;11/06/2026;1;346945;11/06/2026;URCA MOTORS VEICULOS LTDA;8,77E+12;UBERLANDIA;MG;11/06/2026;17/06/2026;15/06/2026;Entregue No Prazo;;Entrega realizada;Entrega Finalizada;17;6;11;6;XD BETIM;9014;;;
MOBIS BRASIL FABRICACAO DE AUTO PECAS LT;RODOVIARIO;1523511;11/06/2026;2;346945;11/06/2026;URCA MOTORS VEICULOS LTDA;8,77E+12;UBERLANDIA;MG;11/06/2026;17/06/2026;15/06/2026;Entregue No Prazo;;Entrega realizada;Entrega Finalizada;17;6;11;6;XD BETIM;9014;;;
MOBIS BRASIL FABRICACAO DE AUTO PECAS LT;RODOVIARIO;1523513;11/06/2026;1;346943;11/06/2026;URCA MOTORS VEICULOS LTDA;8,77E+12;UBERABA;MG;11/06/2026;17/06/2026;15/06/2026;Entregue No Prazo;;Entrega realizada;Entrega Finalizada;17;6;11;6;XD BETIM;9014;;;
MOBIS BRASIL FABRICACAO DE AUTO PECAS LT;RODOVIARIO;1523517;11/06/2026;2;346942;11/06/2026;TOKSU COMERCIO DE VEICULOS LTDA;1,12E+13;POUSO ALEGRE;MG;11/06/2026;17/06/2026;15/06/2026;Entregue No Prazo;;Entrega realizada;Entrega Finalizada;17;6;11;6;XD BETIM;11008;;;
MOBIS BRASIL FABRICACAO DE AUTO PECAS LT;RODOVIARIO;1523520;11/06/2026;1;346941;11/06/2026;TECAR TRILHASAUTOMOVEIS E SERVICOS ;2,32E+13;SETE LAGOAS;MG;11/06/2026;17/06/2026;15/06/2026;Entregue No Prazo;;Entrega realizada;Entrega Finalizada;17;6;11;6;XD BETIM;#N/D;;;
MOBIS BRASIL FABRICACAO DE AUTO PECAS LT;RODOVIARIO;1523533;11/06/2026;9;347013;11/06/2026;LOVAT VEICULOS S/A;8,57E+12;LONDRINA;PR;11/06/2026;17/06/2026;15/06/2026;Entregue No Prazo;;Entrega realizada;Entrega Finalizada;17;6;11;6;TRANSTRY;18008;;;
MOBIS BRASIL FABRICACAO DE AUTO PECAS LT;RODOVIARIO;1523539;11/06/2026;4;347017;11/06/2026;VETOR AUTOMOVEIS LTDA;2,12E+13;CASCAVEL;PR;11/06/2026;17/06/2026;15/06/2026;Entregue No Prazo;;Entrega realizada;Entrega Finalizada;17;6;11;6;TRANSTRY;18019;;;
MOBIS BRASIL FABRICACAO DE AUTO PECAS LT;RODOVIARIO;1523540;11/06/2026;1;347002;11/06/2026;BARI VEICULOS LTDA;7,46E+12;PONTA GROSSA;PR;11/06/2026;17/06/2026;15/06/2026;Entregue No Prazo;;Entrega realizada;Entrega Finalizada;17;6;11;6;TRANSTRY;18024;;;
MOBIS BRASIL FABRICACAO DE AUTO PECAS LT;RODOVIARIO;1523541;11/06/2026;5;347002;11/06/2026;BARI VEICULOS LTDA;7,46E+12;PONTA GROSSA;PR;11/06/2026;17/06/2026;15/06/2026;Entregue No Prazo;;Entrega realizada;Entrega Finalizada;17;6;11;6;TRANSTRY;18024;;;
MOBIS BRASIL FABRICACAO DE AUTO PECAS LT;RODOVIARIO;1523544;11/06/2026;2;346970;11/06/2026;ITAVEMA MOTORS VEICULOS LTDA;7,73E+12;DUQUE DE CAXIAS;RJ;11/06/2026;17/06/2026;15/06/2026;Entregue No Prazo;;Entrega realizada;Entrega Finalizada;17;6;11;6;CAMILO;19001;;;
MOBIS BRASIL FABRICACAO DE AUTO PECAS LT;RODOVIARIO;1523545;11/06/2026;4;346957;11/06/2026;AMX COM. E SERVICOS DE AUTOMOTORES LTDA;1,20E+13;RIO DE JANEIRO;RJ;11/06/2026;17/06/2026;15/06/2026;Entregue No Prazo;;Entrega realizada;Entrega Finalizada;17;6;11;6;CAMILO;19009;;;
MOBIS BRASIL FABRICACAO DE AUTO PECAS LT;RODOVIARIO;1523562;11/06/2026;1;346952;11/06/2026;HYMAX DISTRIBUIDORA DE VEICULOS LTDA;1,73E+13;MOGI GUACU;SP;11/06/2026;17/06/2026;15/06/2026;Entregue No Prazo;;Entrega realizada;Entrega Finalizada;17;6;11;6;MVT;26002;;;
MOBIS BRASIL FABRICACAO DE AUTO PECAS LT;RODOVIARIO;1523563;11/06/2026;2;346952;11/06/2026;HYMAX DISTRIBUIDORA DE VEICULOS LTDA;1,73E+13;MOGI GUACU;SP;11/06/2026;17/06/2026;15/06/2026;Entregue No Prazo;;Entrega realizada;Entrega Finalizada;17;6;11;6;MVT;26002;;;
MOBIS BRASIL FABRICACAO DE AUTO PECAS LT;RODOVIARIO;1523571;11/06/2026;2;346950;11/06/2026;DHC COMERCIO DE VEICULOS E PECAS LTDA;9,52E+12;MARILIA;SP;11/06/2026;17/06/2026;15/06/2026;Entregue No Prazo;;Entrega realizada;Entrega Finalizada;17;6;11;6;MVT;26010;;;
MOBIS BRASIL FABRICACAO DE AUTO PECAS LT;RODOVIARIO;1522549;10/06/2026;4;346910;11/06/2026;VIA BRASIL AUTOMOVEIS LTDA.;4,72E+12;SERRA;ES;11/06/2026;18/06/2026;15/06/2026;Entregue No Prazo;;Entrega realizada;Entrega Finalizada;18;6;11;6;CAMILO;8001;;;
MOBIS BRASIL FABRICACAO DE AUTO PECAS LT;RODOVIARIO;1522550;10/06/2026;1;346910;11/06/2026;VIA BRASIL AUTOMOVEIS LTDA.;4,72E+12;SERRA;ES;11/06/2026;18/06/2026;15/06/2026;Entregue No Prazo;;Entrega realizada;Entrega Finalizada;18;6;11;6;CAMILO;8001;;;
MOBIS BRASIL FABRICACAO DE AUTO PECAS LT;RODOVIARIO;1522598;10/06/2026;1;346909;11/06/2026;TAI MOTORS VEICULOS S/A.;9,27E+12;CAMPOS DOS GOYTACAZES;RJ;11/06/2026;18/06/2026;15/06/2026;Entregue No Prazo;;Entrega realizada;Entrega Finalizada;18;6;11;6;CAMILO;19023;;;
MOBIS BRASIL FABRICACAO DE AUTO PECAS LT;RODOVIARIO;1523518;11/06/2026;5;346928;11/06/2026;GNC GRANDE COREIA MINAS GERAIS COMERCIO;4,27E+13;MONTES CLAROS;MG;11/06/2026;18/06/2026;15/06/2026;Entregue No Prazo;;Entrega realizada;Entrega Finalizada;18;6;11;6;XD BETIM;11035;;;
MOBIS BRASIL FABRICACAO DE AUTO PECAS LT;RODOVIARIO;1523535;11/06/2026;1;347015;11/06/2026;SANTA FE VEICULOS LTDA.;1,16E+13;FRANCISCO BELTRAO;PR;11/06/2026;18/06/2026;15/06/2026;Entregue No Prazo;;Entrega realizada;Entrega Finalizada;18;6;11;6;TRANSTRY;18010;;;
MOBIS BRASIL FABRICACAO DE AUTO PECAS LT;RODOVIARIO;1523536;11/06/2026;34;347015;11/06/2026;SANTA FE VEICULOS LTDA.;1,16E+13;FRANCISCO BELTRAO;PR;11/06/2026;18/06/2026;15/06/2026;Entregue No Prazo;;Entrega realizada;Entrega Finalizada;18;6;11;6;TRANSTRY;18010;;;
MOBIS BRASIL FABRICACAO DE AUTO PECAS LT;RODOVIARIO;1523555;11/06/2026;5;347000;11/06/2026;ATUAL VEICULOS LTDA;1,33E+13;TUBARAO;SC;11/06/2026;18/06/2026;15/06/2026;Entregue No Prazo;;Entrega realizada;Entrega Finalizada;18;6;11;6;TRANSTRY;24001;;;
MOBIS BRASIL FABRICACAO DE AUTO PECAS LT;RODOVIARIO;1523556;11/06/2026;1;347014;11/06/2026;LR COMERCIO DE VEICULOS LTDA;1,05E+13;SAO JOSE;SC;11/06/2026;18/06/2026;15/06/2026;Entregue No Prazo;;Entrega realizada;Entrega Finalizada;18;6;11;6;TRANSTRY;24007;;;
MOBIS BRASIL FABRICACAO DE AUTO PECAS LT;RODOVIARIO;1524139;11/06/2026;1;346998;11/06/2026;ATUAL VEICULOS LTDA;1,33E+13;ARARANGUA;SC;11/06/2026;18/06/2026;15/06/2026;Entregue No Prazo;;Entrega realizada;Entrega Finalizada;18;6;11;6;TRANSTRY;24001;;;
MOBIS BRASIL FABRICACAO DE AUTO PECAS LT;RODOVIARIO;1522552;10/06/2026;6;346908;11/06/2026;TAI MOTORS VEICULOS S/A;9,27E+12;COLATINA;ES;11/06/2026;19/06/2026;15/06/2026;Entregue No Prazo;;Entrega realizada;Entrega Finalizada;19;6;11;6;CAMILO;8002;;;
MOBIS BRASIL FABRICACAO DE AUTO PECAS LT;RODOVIARIO;1523559;11/06/2026;2;347003;11/06/2026;BARI VEICULOS LTDA;7,46E+12;BALNEARIO CAMBORIU;SC;11/06/2026;19/06/2026;15/06/2026;Entregue No Prazo;;Entrega realizada;Entrega Finalizada;19;6;11;6;TRANSTRY;18024;;;
MOBIS BRASIL FABRICACAO DE AUTO PECAS LT;RODOVIARIO;1523560;11/06/2026;1;347007;11/06/2026;CHINHAN AUTOMOVEIS LTDA;2,41E+13;CONCORDIA;SC;11/06/2026;19/06/2026;15/06/2026;Entregue No Prazo;;Entrega realizada;Entrega Finalizada;19;6;11;6;TRANSTRY;23019;;;
MOBIS BRASIL FABRICACAO DE AUTO PECAS LT;RODOVIARIO;1523561;11/06/2026;5;347008;11/06/2026;CHINHAN AUTOMOVEIS LTDA.;2,41E+13;CACADOR;SC;11/06/2026;22/06/2026;15/06/2026;Entregue No Prazo;;Entrega realizada;Entrega Finalizada;22;6;11;6;TRANSTRY;24020;;;
MOBIS BRASIL FABRICACAO DE AUTO PECAS LT;RODOVIARIO;1524462;12/06/2026;2;347130;12/06/2026;BILLY DISTRIBUIDORA DE VEICULOS LTDA;1,34E+13;BARUERI;SP;12/06/2026;16/06/2026;15/06/2026;Entregue No Prazo;;Entrega realizada;Entrega Finalizada;16;6;12;6;XD DIADEMA;26003;;;
MOBIS BRASIL FABRICACAO DE AUTO PECAS LT;RODOVIARIO;1524463;12/06/2026;3;347137;12/06/2026;NOBRE DISTRIBUIDORA DE VEICULOS E PECAS;5,76E+12;MOGI DAS CRUZES;SP;12/06/2026;16/06/2026;15/06/2026;Entregue No Prazo;;Entrega realizada;Entrega Finalizada;16;6;12;6;XD DIADEMA;26004;;;
MOBIS BRASIL FABRICACAO DE AUTO PECAS LT;RODOVIARIO;1524464;12/06/2026;2;347137;12/06/2026;NOBRE DISTRIBUIDORA DE VEICULOS E PECAS;5,76E+12;MOGI DAS CRUZES;SP;12/06/2026;16/06/2026;15/06/2026;Entregue No Prazo;;Entrega realizada;Entrega Finalizada;16;6;12;6;XD DIADEMA;26004;;;
MOBIS BRASIL FABRICACAO DE AUTO PECAS LT;RODOVIARIO;1524474;12/06/2026;10;347133;12/06/2026;CHS MOTORS VEICULOS PECAS(VL. GUILHERME);1,69E+13;SAO PAULO;SP;12/06/2026;16/06/2026;15/06/2026;Entregue No Prazo;;Entrega realizada;Entrega Finalizada;16;6;12;6;XD DIADEMA;26052;;;
MOBIS BRASIL FABRICACAO DE AUTO PECAS LT;RODOVIARIO;1524478;12/06/2026;16;347134;12/06/2026;GRANDAY AUTOMOTORES LTDA (CHAC. CALIFOR);1,57E+13;SAO PAULO;SP;12/06/2026;16/06/2026;15/06/2026;Entregue No Prazo;;Entrega realizada;Entrega Finalizada;16;6;12;6;XD DIADEMA;26090;;;
MOBIS BRASIL FABRICACAO DE AUTO PECAS LT;RODOVIARIO;1524479;12/06/2026;1;347132;12/06/2026;CAOA MOTOR DO BRASIL LTDA (INDIANOPOLIS);1,68E+13;SAO PAULO;SP;12/06/2026;16/06/2026;15/06/2026;Entregue No Prazo;;Entrega realizada;Entrega Finalizada;16;6;12;6;XD DIADEMA;26091;;;
MOBIS BRASIL FABRICACAO DE AUTO PECAS LT;RODOVIARIO;1524483;12/06/2026;1;347136;12/06/2026;NOBRE DISTRIBUIDORA DE VEIC. E PEC. LTDA;5,76E+12;SUZANO;SP;12/06/2026;16/06/2026;15/06/2026;Entregue No Prazo;;Entrega realizada;Entrega Finalizada;16;6;12;6;XD DIADEMA;26103;;;
MOBIS BRASIL FABRICACAO DE AUTO PECAS LT;RODOVIARIO;1525089;12/06/2026;3;347129;12/06/2026;BILLY DISTRIBUIDORA DE VEICULOS LTDA;1,34E+13;SAO CAETANO DO SUL;SP;12/06/2026;16/06/2026;15/06/2026;Entregue No Prazo;;Entrega realizada;Entrega Finalizada;16;6;12;6;XD DIADEMA;26003;;;
MOBIS BRASIL FABRICACAO DE AUTO PECAS LT;RODOVIARIO;1524436;12/06/2026;8;347154;12/06/2026;BARI VEICULOS LTDA;7,46E+12;CURITIBA;PR;12/06/2026;17/06/2026;15/06/2026;Entregue No Prazo;;Entrega realizada;Entrega Finalizada;17;6;12;6;TRANSTRY;18024;;;
MOBIS BRASIL FABRICACAO DE AUTO PECAS LT;RODOVIARIO;1524465;12/06/2026;3;347173;12/06/2026;DHC COMERCIO DE VEICULOS E PECAS LTDA;9,52E+12;BAURU;SP;12/06/2026;17/06/2026;15/06/2026;Entregue No Prazo;;Entrega realizada;Entrega Finalizada;17;6;12;6;MVT;26010;;;
MOBIS BRASIL FABRICACAO DE AUTO PECAS LT;RODOVIARIO;1524468;12/06/2026;41;347178;12/06/2026;NEW VEICULOS E PECAS LTDA;1,59E+13;RIBEIRAO PRETO;SP;12/06/2026;17/06/2026;15/06/2026;Entregue No Prazo;Avaria;Entrega realizada;Entrega Finalizada;17;6;12;6;MVT;26014;;;
MOBIS BRASIL FABRICACAO DE AUTO PECAS LT;RODOVIARIO;1524470;12/06/2026;1;347171;12/06/2026;ANDRETA II DISTRIBUIDORA DE VEIC. LTDA;9,10E+12;INDAIATUBA;SP;12/06/2026;17/06/2026;15/06/2026;Entregue No Prazo;;Entrega realizada;Entrega Finalizada;17;6;12;6;MVT;26011;;;
MOBIS BRASIL FABRICACAO DE AUTO PECAS LT;RODOVIARIO;1524477;12/06/2026;2;347131;12/06/2026;CAOA MOTOR DO BRASIL LTDA;1,68E+13;SANTOS;SP;12/06/2026;17/06/2026;15/06/2026;Entregue No Prazo;;Entrega realizada;Entrega Finalizada;17;6;12;6;XD DIADEMA;5008;;;
MOBIS BRASIL FABRICACAO DE AUTO PECAS LT;RODOVIARIO;1524471;12/06/2026;3;347179;12/06/2026;NEW VEICULOS E PECAS LTDA;1,59E+13;FRANCA;SP;12/06/2026;18/06/2026;15/06/2026;Entregue No Prazo;;Entrega realizada;Entrega Finalizada;18;6;12;6;MVT;26014;;;
MOBIS BRASIL FABRICACAO DE AUTO PECAS LT;RODOVIARIO;1524472;12/06/2026;1;347176;12/06/2026;H R B COMERCIO DE VEICULOS LTDA;1,82E+13;SAO JOSE DO RIO PRETO;SP;12/06/2026;18/06/2026;15/06/2026;Entregue No Prazo;;Entrega realizada;Entrega Finalizada;18;6;12;6;MVT;26050;;;
MOBIS BRASIL FABRICACAO DE AUTO PECAS LT;RODOVIARIO;1524473;12/06/2026;11;347176;12/06/2026;H R B COMERCIO DE VEICULOS LTDA;1,82E+13;SAO JOSE DO RIO PRETO;SP;12/06/2026;18/06/2026;15/06/2026;Entregue No Prazo;;Entrega realizada;Entrega Finalizada;18;6;12;6;MVT;26050;;;
MOBIS BRASIL FABRICACAO DE AUTO PECAS LT;RODOVIARIO;1524480;12/06/2026;6;347175;12/06/2026;H - CAMINHO AUTOMOVEIS LTDA;2,53E+13;PIRACICABA;SP;12/06/2026;18/06/2026;15/06/2026;Entregue No Prazo;;Entrega realizada;Entrega Finalizada;18;6;12;6;MVT;26092;;;
MOBIS BRASIL FABRICACAO DE AUTO PECAS LT;RODOVIARIO;1524420;12/06/2026;3;347239;12/06/2026;ULSAN COMERCIO DE VEICULOS LTDA.;2,10E+13;CAMPO GRANDE;MS;12/06/2026;22/06/2026;15/06/2026;Entregue No Prazo;;Entrega realizada;Entrega Finalizada;22;6;12;6;CARVALIMA;12004;;;
MOBIS BRASIL FABRICACAO DE AUTO PECAS LT;RODOVIARIO;1524421;12/06/2026;2;347226;12/06/2026;JPG MOTORS COMERCIO DE VEICULOS LTDA;2,91E+13;CAMPO GRANDE;MS;12/06/2026;22/06/2026;15/06/2026;Entregue No Prazo;;Entrega realizada;Entrega Finalizada;22;6;12;6;CARVALIMA;12005;;;
MOBIS BRASIL FABRICACAO DE AUTO PECAS LT;RODOVIARIO;1524466;12/06/2026;16;347373;15/06/2026;ANDRETA II DISTRIBUIDORA DE VEIC. LTDA;9,10E+12;CAMPINAS;SP;15/06/2026;18/06/2026;15/06/2026;Entregue No Prazo;;Entrega realizada;Entrega Finalizada;18;6;15;6;BV LOG;26011;;;
MOBIS BRASIL FABRICACAO DE AUTO PECAS LT;RODOVIARIO;1524467;12/06/2026;67;347372;15/06/2026;MOTONET COMERCIO DE VEICULOS LTDA;9,28E+12;SOROCABA;SP;15/06/2026;18/06/2026;15/06/2026;Entregue No Prazo;;Entrega realizada;Entrega Finalizada;18;6;15;6;BV LOG;26113;;;
MOBIS BRASIL FABRICACAO DE AUTO PECAS LT;RODOVIARIO;1524475;12/06/2026;1;347374;15/06/2026;CAOA MOTOR DO BRASIL LTDA;1,68E+13;CAMPINAS;SP;15/06/2026;18/06/2026;15/06/2026;Entregue No Prazo;;Entrega realizada;Entrega Finalizada;18;6;15;6;BV LOG;5008;;;
MOBIS BRASIL FABRICACAO DE AUTO PECAS LT;RODOVIARIO;1524476;12/06/2026;17;347375;15/06/2026;DESTAQUE SEUL DISTR. DE VEIC. E PC. LTDA;2,12E+13;ATIBAIA;SP;15/06/2026;18/06/2026;15/06/2026;Entregue No Prazo;;Entrega realizada;Entrega Finalizada;18;6;15;6;BV LOG;26075;;;
MOBIS BRASIL FABRICACAO DE AUTO PECAS LT;RODOVIARIO;1518096;29/05/2026;3;345198;29/05/2026;CAOA MOTOR DO BRASIL LTDA;1,68E+13;RECIFE;PE;29/05/2026;15/06/2026;16/06/2026;Entregue Fora do Prazo;;Entrega realizada;Entrega Finalizada;15;6;29;5;TERMACO;5008;Aniversário do Estado do Acre;Estadual;AC
MOBIS BRASIL FABRICACAO DE AUTO PECAS LT;RODOVIARIO;1518056;29/05/2026;6;345228;29/05/2026;ULSAN COMERCIO DE VEICULOS LTDA;2,10E+13;RIO BRANCO;AC;29/05/2026;17/06/2026;16/06/2026;Entregue No Prazo;;Entrega realizada;Entrega Finalizada;17;6;29;5;CARVALIMA;21004;;;
MOBIS BRASIL FABRICACAO DE AUTO PECAS LT;RODOVIARIO;1519820;02/06/2026;4;345659;02/06/2026;TRIAUTO KOREA AUTOMOVEIS LTDA;4,99E+13;CATALAO;GO;02/06/2026;16/06/2026;16/06/2026;Entregue No Prazo;;Entrega realizada;Entrega Finalizada;16;6;2;6;RIO VERMELHO;9018;;;
MOBIS BRASIL FABRICACAO DE AUTO PECAS LT;RODOVIARIO;1519837;02/06/2026;2;345795;02/06/2026;MISO VEICULOS LTDA;1,85E+13;SANTAREM;PA;02/06/2026;16/06/2026;16/06/2026;Entregue No Prazo;;Entrega realizada;Entrega Finalizada;16;6;2;6;CARVALIMA;4001;;;
MOBIS BRASIL FABRICACAO DE AUTO PECAS LT;RODOVIARIO;1520349;03/06/2026;2;345902;03/06/2026;MASTER COMERCIAL DE VEICULOS LTDA;2,85E+13;BARREIRAS;BA;03/06/2026;18/06/2026;16/06/2026;Entregue No Prazo;;Entrega realizada;Entrega Finalizada;18;6;3;6;TERMACO;5012;;;
MOBIS BRASIL FABRICACAO DE AUTO PECAS LT;RODOVIARIO;1521040;08/06/2026;6;346131;08/06/2026;PRIVILLEGE DISTRIBUIDORA DE VEICULOS LTD;1,72E+13;PALMAS;TO;08/06/2026;17/06/2026;16/06/2026;Entregue No Prazo;;Entrega realizada;Entrega Finalizada;17;6;8;6;RIO VERMELHO;27003;;;
MOBIS BRASIL FABRICACAO DE AUTO PECAS LT;RODOVIARIO;1521011;08/06/2026;10;346180;08/06/2026;SAINT LAND COMERCIO DE VEICULOS LTDA;1,04E+13;ARACAJU;SE;08/06/2026;19/06/2026;16/06/2026;Entregue No Prazo;;Entrega realizada;Entrega Finalizada;19;6;8;6;TERMACO;6010;;;
MOBIS BRASIL FABRICACAO DE AUTO PECAS LT;RODOVIARIO;1521911;09/06/2026;1;346424;09/06/2026;HOUSE PARTS-COM. DE PCS. E VEICULOS LTDA;1,15E+13;PORTO ALEGRE;RS;09/06/2026;15/06/2026;16/06/2026;Entregue Fora do Prazo;;Entrega realizada;Entrega Finalizada;15;6;9;6;TRANSTRY;23004;Aniversário do Estado do Acre;Estadual;AC
MOBIS BRASIL FABRICACAO DE AUTO PECAS LT;RODOVIARIO;1521912;09/06/2026;1;346424;09/06/2026;HOUSE PARTS-COM. DE PCS. E VEICULOS LTDA;1,15E+13;PORTO ALEGRE;RS;09/06/2026;15/06/2026;16/06/2026;Entregue Fora do Prazo;;Entrega realizada;Entrega Finalizada;15;6;9;6;TRANSTRY;23004;Aniversário do Estado do Acre;Estadual;AC
MOBIS BRASIL FABRICACAO DE AUTO PECAS LT;RODOVIARIO;1522171;09/06/2026;2;346422;09/06/2026;GAMBATTO H1 VEICULOS LTDA;1,94E+13;PASSO FUNDO;RS;09/06/2026;16/06/2026;16/06/2026;Entregue No Prazo;;Entrega realizada;Entrega Finalizada;16;6;9;6;TRANSTRY;23015;;;
MOBIS BRASIL FABRICACAO DE AUTO PECAS LT;RODOVIARIO;1522172;09/06/2026;1;346422;09/06/2026;GAMBATTO H1 VEICULOS LTDA;1,94E+13;PASSO FUNDO;RS;09/06/2026;16/06/2026;16/06/2026;Entregue No Prazo;;Entrega realizada;Entrega Finalizada;16;6;9;6;TRANSTRY;23015;;;
MOBIS BRASIL FABRICACAO DE AUTO PECAS LT;RODOVIARIO;1521835;09/06/2026;2;346633;09/06/2026;SMAFF IMPORT VEICULOS LTDA;8,18E+12;BRASILIA;DF;09/06/2026;17/06/2026;16/06/2026;Entregue No Prazo;;Entrega realizada;Entrega Finalizada;17;6;9;6;RIO VERMELHO;7002;;;
MOBIS BRASIL FABRICACAO DE AUTO PECAS LT;RODOVIARIO;1521836;09/06/2026;69;346633;09/06/2026;SMAFF IMPORT VEICULOS LTDA;8,18E+12;BRASILIA;DF;09/06/2026;17/06/2026;16/06/2026;Entregue No Prazo;;Entrega realizada;Entrega Finalizada;17;6;9;6;RIO VERMELHO;7002;;;
MOBIS BRASIL FABRICACAO DE AUTO PECAS LT;RODOVIARIO;1521842;09/06/2026;1;346627;09/06/2026;NISA COMERCIAL DE VEIC. AUTOMOTORES LTDA;1,03E+13;APARECIDA DE GOIANIA;GO;09/06/2026;17/06/2026;16/06/2026;Entregue No Prazo;;Entrega realizada;Entrega Finalizada;17;6;9;6;RIO VERMELHO;9002;;;
MOBIS BRASIL FABRICACAO DE AUTO PECAS LT;RODOVIARIO;1521843;09/06/2026;9;346627;09/06/2026;NISA COMERCIAL DE VEIC. AUTOMOTORES LTDA;1,03E+13;APARECIDA DE GOIANIA;GO;09/06/2026;17/06/2026;16/06/2026;Entregue No Prazo;;Entrega realizada;Entrega Finalizada;17;6;9;6;RIO VERMELHO;9002;;;
MOBIS BRASIL FABRICACAO DE AUTO PECAS LT;RODOVIARIO;1521915;09/06/2026;13;346419;09/06/2026;CHINHAN AUTOMOVEIS LTDA;2,41E+13;ERECHIM;RS;09/06/2026;17/06/2026;16/06/2026;Entregue No Prazo;;Entrega realizada;Entrega Finalizada;17;6;9;6;TRANSTRY;23019;;;
MOBIS BRASIL FABRICACAO DE AUTO PECAS LT;RODOVIARIO;1521871;09/06/2026;5;346572;09/06/2026;COMETA MATO GROSSO COM. DE VEICULOS LTDA;1,54E+13;TANGARA DA SERRA;MT;09/06/2026;18/06/2026;16/06/2026;Entregue No Prazo;;Entrega realizada;Entrega Finalizada;18;6;9;6;CARVALIMA;13007;;;
MOBIS BRASIL FABRICACAO DE AUTO PECAS LT;RODOVIARIO;1521967;09/06/2026;3;346628;09/06/2026;PRIVILLEGE DISTRIBUIDORA DE VEICULOS LTD;1,72E+13;PALMAS;TO;09/06/2026;18/06/2026;16/06/2026;Entregue No Prazo;;Entrega realizada;Entrega Finalizada;18;6;9;6;RIO VERMELHO;27003;;;
MOBIS BRASIL FABRICACAO DE AUTO PECAS LT;RODOVIARIO;1521868;09/06/2026;4;346574;09/06/2026;COMETA MATO GROSSO COM. DE VEICULOS LTDA;1,54E+13;SINOP;MT;09/06/2026;19/06/2026;16/06/2026;Entregue No Prazo;;Entrega realizada;Entrega Finalizada;19;6;9;6;CARVALIMA;13003;;;
MOBIS BRASIL FABRICACAO DE AUTO PECAS LT;RODOVIARIO;1521910;09/06/2026;2;346575;09/06/2026;COMETA RONDONIA COMERCIO DE VEICULO;4,23E+12;VILHENA;RO;09/06/2026;22/06/2026;16/06/2026;Entregue No Prazo;;Entrega realizada;Entrega Finalizada;22;6;9;6;CARVALIMA;#N/D;;;
MOBIS BRASIL FABRICACAO DE AUTO PECAS LT;RODOVIARIO;1521828;09/06/2026;2;346597;09/06/2026;PATEO COMERCIO DE VEICULOS S A;7,78E+12;FEIRA DE SANTANA;BA;09/06/2026;24/06/2026;16/06/2026;Entregue No Prazo;;Entrega realizada;Entrega Finalizada;24;6;9;6;TERMACO;5009;;;
MOBIS BRASIL FABRICACAO DE AUTO PECAS LT;RODOVIARIO;1522605;10/06/2026;1;346686;10/06/2026;HOUSE PARTS-COM. DE PCS. E VEICULOS LTDA;1,15E+13;PORTO ALEGRE;RS;10/06/2026;16/06/2026;16/06/2026;Entregue No Prazo;;Entrega realizada;Entrega Finalizada;16;6;10;6;TRANSTRY;23004;;;
MOBIS BRASIL FABRICACAO DE AUTO PECAS LT;RODOVIARIO;1522648;10/06/2026;2;346696;10/06/2026;DESTAQUE SEUL DISTR DE VEIC PEC LTDA;2,12E+13;CARAGUATATUBA;SP;10/06/2026;16/06/2026;16/06/2026;Entregue No Prazo;;Entrega realizada;Entrega Finalizada;16;6;10;6;MVT;26082;;;
MOBIS BRASIL FABRICACAO DE AUTO PECAS LT;RODOVIARIO;1522609;10/06/2026;4;346682;10/06/2026;GALA COMERCIO DE VEICULOS LTDA.;1,77E+13;PELOTAS;RS;10/06/2026;17/06/2026;16/06/2026;Entregue No Prazo;Suspensão na entrega 15/06;Entrega realizada;Entrega Finalizada;17;6;10;6;TRANSTRY;23009;;;
MOBIS BRASIL FABRICACAO DE AUTO PECAS LT;RODOVIARIO;1523201;10/06/2026;4;346684;10/06/2026;GAMBATTO H1 VEICULOS LTDA;1,94E+13;PASSO FUNDO;RS;10/06/2026;17/06/2026;16/06/2026;Entregue No Prazo;;Entrega realizada;Entrega Finalizada;17;6;10;6;TRANSTRY;23015;;;
MOBIS BRASIL FABRICACAO DE AUTO PECAS LT;RODOVIARIO;1521968;09/06/2026;12;346883;10/06/2026;PRIVILLEGE DISTRIBUIDORA DE VEICULOS LTD;1,72E+13;PALMAS;TO;10/06/2026;19/06/2026;16/06/2026;Entregue No Prazo;;Entrega realizada;Entrega Finalizada;19;6;10;6;RIO VERMELHO;27003;;;
MOBIS BRASIL FABRICACAO DE AUTO PECAS LT;RODOVIARIO;1522658;10/06/2026;1;346883;10/06/2026;PRIVILLEGE DISTRIBUIDORA DE VEICULOS LTD;1,72E+13;PALMAS;TO;10/06/2026;19/06/2026;16/06/2026;Entregue No Prazo;;Entrega realizada;Entrega Finalizada;19;6;10;6;RIO VERMELHO;27003;;;
MOBIS BRASIL FABRICACAO DE AUTO PECAS LT;RODOVIARIO;1522544;10/06/2026;1;346830;10/06/2026;FAZZA MOTORS COM. DE VEICULOS LTDA;1,24E+13;FORTALEZA;CE;10/06/2026;24/06/2026;16/06/2026;Entregue No Prazo;;Entrega realizada;Entrega Finalizada;24;6;10;6;TERMACO;6001;;;
MOBIS BRASIL FABRICACAO DE AUTO PECAS LT;RODOVIARIO;1522545;10/06/2026;3;346832;10/06/2026;FAZZA MOTORS COMERCIO DE VEICULOS LTDA;1,24E+13;FORTALEZA;CE;10/06/2026;24/06/2026;16/06/2026;Entregue No Prazo;;Entrega realizada;Entrega Finalizada;24;6;10;6;TERMACO;5007;;;
MOBIS BRASIL FABRICACAO DE AUTO PECAS LT;RODOVIARIO;1522546;10/06/2026;1;346828;10/06/2026;CAOA MOTOR DO BRASIL LTDA;1,68E+13;FORTALEZA;CE;10/06/2026;24/06/2026;16/06/2026;Entregue No Prazo;;Entrega realizada;Entrega Finalizada;24;6;10;6;TERMACO;5008;;;
MOBIS BRASIL FABRICACAO DE AUTO PECAS LT;RODOVIARIO;1523566;11/06/2026;2;346953;11/06/2026;MOTONET COMERCIO DE VEICULOS LTDA;9,28E+12;SOROCABA;SP;11/06/2026;16/06/2026;16/06/2026;Entregue No Prazo;;Entrega realizada;Entrega Finalizada;16;6;11;6;MVT;26113;;;
MOBIS BRASIL FABRICACAO DE AUTO PECAS LT;RODOVIARIO;1522594;10/06/2026;7;346901;11/06/2026;AMX COM. E SERVICOS DE AUTOMOTORES LTDA;1,20E+13;RIO DE JANEIRO;RJ;11/06/2026;17/06/2026;16/06/2026;Entregue No Prazo;;Entrega realizada;Entrega Finalizada;17;6;11;6;CAMILO;19009;;;
MOBIS BRASIL FABRICACAO DE AUTO PECAS LT;RODOVIARIO;1523550;11/06/2026;3;347011;11/06/2026;HOUSE PARTS-COM. DE PCS. E VEICULOS LTDA;1,15E+13;PORTO ALEGRE;RS;11/06/2026;17/06/2026;16/06/2026;Entregue No Prazo;;Entrega realizada;Entrega Finalizada;17;6;11;6;TRANSTRY;23004;;;
MOBIS BRASIL FABRICACAO DE AUTO PECAS LT;RODOVIARIO;1523551;11/06/2026;3;347011;11/06/2026;HOUSE PARTS-COM. DE PCS. E VEICULOS LTDA;1,15E+13;PORTO ALEGRE;RS;11/06/2026;17/06/2026;16/06/2026;Entregue No Prazo;;Entrega realizada;Entrega Finalizada;17;6;11;6;TRANSTRY;23004;;;
MOBIS BRASIL FABRICACAO DE AUTO PECAS LT;RODOVIARIO;1522599;10/06/2026;2;346906;11/06/2026;MONTREAL VEICULOS E PECAS LTDA;1,68E+13;SAO PEDRO DA ALDEIA;RJ;11/06/2026;18/06/2026;16/06/2026;Entregue No Prazo;;Entrega realizada;Entrega Finalizada;18;6;11;6;CAMILO;19030;;;
MOBIS BRASIL FABRICACAO DE AUTO PECAS LT;RODOVIARIO;1523512;11/06/2026;3;346946;11/06/2026;VITAL COMERCIO DE VEICULOS LTDA;1,05E+13;IPATINGA;MG;11/06/2026;18/06/2026;16/06/2026;Entregue No Prazo;;Entrega realizada;Entrega Finalizada;18;6;11;6;XD BETIM;11016;;;
MOBIS BRASIL FABRICACAO DE AUTO PECAS LT;RODOVIARIO;1523538;11/06/2026;2;347018;11/06/2026;ZENDAI VEICULOS LTDA;1,97E+13;TOLEDO;PR;11/06/2026;18/06/2026;16/06/2026;Entregue No Prazo;;Entrega realizada;Entrega Finalizada;18;6;11;6;TRANSTRY;18016;;;
MOBIS BRASIL FABRICACAO DE AUTO PECAS LT;RODOVIARIO;1523554;11/06/2026;6;346999;11/06/2026;ATUAL VEICULOS LTDA;1,33E+13;CRICIUMA;SC;11/06/2026;18/06/2026;16/06/2026;Entregue No Prazo;;Entrega realizada;Entrega Finalizada;18;6;11;6;TRANSTRY;24001;;;
MOBIS BRASIL FABRICACAO DE AUTO PECAS LT;RODOVIARIO;1523557;11/06/2026;2;347005;11/06/2026;BARI VEICULOS LTDA;7,46E+12;BLUMENAU;SC;11/06/2026;18/06/2026;16/06/2026;Entregue No Prazo;;Entrega realizada;Entrega Finalizada;18;6;11;6;TRANSTRY;18024;;;
MOBIS BRASIL FABRICACAO DE AUTO PECAS LT;RODOVIARIO;1523558;11/06/2026;16;347005;11/06/2026;BARI VEICULOS LTDA;7,46E+12;BLUMENAU;SC;11/06/2026;18/06/2026;16/06/2026;Entregue No Prazo;;Entrega realizada;Entrega Finalizada;18;6;11;6;TRANSTRY;18024;;;
MOBIS BRASIL FABRICACAO DE AUTO PECAS LT;RODOVIARIO;1524113;11/06/2026;2;347009;11/06/2026;GAMBATTO H1 VEICULOS LTDA;1,94E+13;PASSO FUNDO;RS;11/06/2026;18/06/2026;16/06/2026;Entregue No Prazo;;Entrega realizada;Entrega Finalizada;18;6;11;6;TRANSTRY;23015;;;
MOBIS BRASIL FABRICACAO DE AUTO PECAS LT;RODOVIARIO;1522551;10/06/2026;2;346907;11/06/2026;PRIME CACHOEIRO VEICULOS LTDA EPP;9,34E+12;CACHOEIRO DE ITAPEMIRIM;ES;11/06/2026;19/06/2026;16/06/2026;Entregue No Prazo;;Entrega realizada;Entrega Finalizada;19;6;11;6;CAMILO;8003;;;
MOBIS BRASIL FABRICACAO DE AUTO PECAS LT;RODOVIARIO;1523495;11/06/2026;10;346938;11/06/2026;SMAFF IMPORT VEICULOS LTDA;8,18E+12;BRASILIA;DF;11/06/2026;19/06/2026;16/06/2026;Entregue No Prazo;;Entrega realizada;Entrega Finalizada;19;6;11;6;RIO VERMELHO;7002;;;
MOBIS BRASIL FABRICACAO DE AUTO PECAS LT;RODOVIARIO;1523496;11/06/2026;3;346939;11/06/2026;SMAFF IMPORT VEICULOS LTDA;8,18E+12;BRASILIA;DF;11/06/2026;19/06/2026;16/06/2026;Entregue No Prazo;;Entrega realizada;Entrega Finalizada;19;6;11;6;RIO VERMELHO;7002;;;
MOBIS BRASIL FABRICACAO DE AUTO PECAS LT;RODOVIARIO;1523497;11/06/2026;41;346939;11/06/2026;SMAFF IMPORT VEICULOS LTDA;8,18E+12;BRASILIA;DF;11/06/2026;19/06/2026;16/06/2026;Entregue No Prazo;;Entrega realizada;Entrega Finalizada;19;6;11;6;RIO VERMELHO;7002;;;
MOBIS BRASIL FABRICACAO DE AUTO PECAS LT;RODOVIARIO;1523498;11/06/2026;54;346937;11/06/2026;SAGA KOREA COM. DE VEIC. E PC. LTDA;1,27E+13;BRASILIA;DF;11/06/2026;19/06/2026;16/06/2026;Entregue No Prazo;;Entrega realizada;Entrega Finalizada;19;6;11;6;RIO VERMELHO;7005;;;
MOBIS BRASIL FABRICACAO DE AUTO PECAS LT;RODOVIARIO;1523501;11/06/2026;5;346981;11/06/2026;PRIME CACHOEIRO VEICULOS LTDA EPP;9,34E+12;CACHOEIRO DE ITAPEMIRIM;ES;11/06/2026;19/06/2026;16/06/2026;Entregue No Prazo;;Entrega realizada;Entrega Finalizada;19;6;11;6;CAMILO;8003;;;
MOBIS BRASIL FABRICACAO DE AUTO PECAS LT;RODOVIARIO;1523502;11/06/2026;2;346981;11/06/2026;PRIME CACHOEIRO VEICULOS LTDA EPP;9,34E+12;CACHOEIRO DE ITAPEMIRIM;ES;11/06/2026;19/06/2026;16/06/2026;Entregue No Prazo;;Entrega realizada;Entrega Finalizada;19;6;11;6;CAMILO;8003;;;
MOBIS BRASIL FABRICACAO DE AUTO PECAS LT;RODOVIARIO;1523521;11/06/2026;3;346966;11/06/2026;GOLDEN MOTORS VEICULOS LTDA;3,62E+12;DOURADOS;MS;11/06/2026;19/06/2026;16/06/2026;Entregue No Prazo;;Entrega realizada;Entrega Finalizada;19;6;11;6;CARVALIMA;12001;;;
MOBIS BRASIL FABRICACAO DE AUTO PECAS LT;RODOVIARIO;1523523;11/06/2026;2;346962;11/06/2026;COMETA MATO GROSSO COM. DE VEICULOS LTDA;1,54E+13;SINOP;MT;11/06/2026;23/06/2026;16/06/2026;Entregue No Prazo;;Entrega realizada;Entrega Finalizada;23;6;11;6;CARVALIMA;13003;;;
MOBIS BRASIL FABRICACAO DE AUTO PECAS LT;RODOVIARIO;1523524;11/06/2026;5;346961;11/06/2026;COMETA MATO GROSSO COM. DE VEICULOS LTDA;1,54E+13;RONDONOPOLIS;MT;11/06/2026;23/06/2026;16/06/2026;Entregue No Prazo;;Entrega realizada;Entrega Finalizada;23;6;11;6;CARVALIMA;13006;;;
MOBIS BRASIL FABRICACAO DE AUTO PECAS LT;RODOVIARIO;1523506;11/06/2026;4;346935;11/06/2026;SAGA KOREA COM. DE VEIC. E PC. LTDA;1,27E+13;ANAPOLIS;GO;11/06/2026;24/06/2026;16/06/2026;Entregue No Prazo;;Entrega realizada;Entrega Finalizada;24;6;11;6;RIO VERMELHO;9012;;;
MOBIS BRASIL FABRICACAO DE AUTO PECAS LT;RODOVIARIO;1524469;12/06/2026;6;347170;12/06/2026;ANDRETA II DISTRIB.DE VEICULOS LTDA.;9,10E+12;JUNDIAI;SP;12/06/2026;17/06/2026;16/06/2026;Entregue No Prazo;;Entrega realizada;Entrega Finalizada;17;6;12;6;MVT;26040;;;
MOBIS BRASIL FABRICACAO DE AUTO PECAS LT;RODOVIARIO;1524433;12/06/2026;2;347153;12/06/2026;BARI VEICULOS LTDA;7,46E+12;PONTA GROSSA;PR;12/06/2026;18/06/2026;16/06/2026;Entregue No Prazo;;Entrega realizada;Entrega Finalizada;18;6;12;6;TRANSTRY;18024;;;
MOBIS BRASIL FABRICACAO DE AUTO PECAS LT;RODOVIARIO;1524434;12/06/2026;15;347153;12/06/2026;BARI VEICULOS LTDA;7,46E+12;PONTA GROSSA;PR;12/06/2026;18/06/2026;16/06/2026;Entregue No Prazo;;Entrega realizada;Entrega Finalizada;18;6;12;6;TRANSTRY;18024;;;
MOBIS BRASIL FABRICACAO DE AUTO PECAS LT;RODOVIARIO;1524435;12/06/2026;1;347152;12/06/2026;BARI VEICULOS LTDA;7,46E+12;SAO JOSE DOS PINHAIS;PR;12/06/2026;18/06/2026;16/06/2026;Entregue No Prazo;;Entrega realizada;Entrega Finalizada;18;6;12;6;TRANSTRY;18024;;;
MOBIS BRASIL FABRICACAO DE AUTO PECAS LT;RODOVIARIO;1524437;12/06/2026;1;347219;12/06/2026;CAOA MOTOR DO BRASIL LTDA;1,68E+13;RIO DE JANEIRO;RJ;12/06/2026;18/06/2026;16/06/2026;Entregue No Prazo;;Entrega realizada;Entrega Finalizada;18;6;12;6;CAMILO;5008;;;
MOBIS BRASIL FABRICACAO DE AUTO PECAS LT;RODOVIARIO;1524440;12/06/2026;1;347221;12/06/2026;CAOA MOTOR DO BRASIL LTDA;1,68E+13;RIO DE JANEIRO;RJ;12/06/2026;18/06/2026;16/06/2026;Entregue No Prazo;;Entrega realizada;Entrega Finalizada;18;6;12;6;CAMILO;5008;;;
MOBIS BRASIL FABRICACAO DE AUTO PECAS LT;RODOVIARIO;1524455;12/06/2026;2;347156;12/06/2026;BARI VEICULOS LTDA.;7,46E+12;JOINVILLE;SC;12/06/2026;18/06/2026;16/06/2026;Entregue No Prazo;;Entrega realizada;Entrega Finalizada;18;6;12;6;TRANSTRY;24013;;;
MOBIS BRASIL FABRICACAO DE AUTO PECAS LT;RODOVIARIO;1524460;12/06/2026;1;347151;12/06/2026;BARI VEICULOS LTDA;7,46E+12;JARAGUA DO SUL;SC;12/06/2026;18/06/2026;16/06/2026;Entregue No Prazo;;Entrega realizada;Entrega Finalizada;18;6;12;6;TRANSTRY;18024;;;
MOBIS BRASIL FABRICACAO DE AUTO PECAS LT;RODOVIARIO;1524461;12/06/2026;9;347177;12/06/2026;HYMAX DISTRIBUIDORA DE VEICULOS LTDA;1,73E+13;MOGI GUACU;SP;12/06/2026;18/06/2026;16/06/2026;Entregue No Prazo;;Entrega realizada;Entrega Finalizada;18;6;12;6;MVT;26002;;;
MOBIS BRASIL FABRICACAO DE AUTO PECAS LT;RODOVIARIO;1524481;12/06/2026;3;347174;12/06/2026;DHC COMERCIO DE VEICULOS E PECAS LTDA;9,52E+12;OURINHOS;SP;12/06/2026;18/06/2026;16/06/2026;Entregue No Prazo;;Entrega realizada;Entrega Finalizada;18;6;12;6;MVT;26010;;;
MOBIS BRASIL FABRICACAO DE AUTO PECAS LT;RODOVIARIO;1524432;12/06/2026;1;347169;12/06/2026;SANTA FE VEICULOS LTDA.;1,16E+13;FRANCISCO BELTRAO;PR;12/06/2026;19/06/2026;16/06/2026;Entregue No Prazo;;Entrega realizada;Entrega Finalizada;19;6;12;6;TRANSTRY;18010;;;
MOBIS BRASIL FABRICACAO DE AUTO PECAS LT;RODOVIARIO;1524438;12/06/2026;2;347242;12/06/2026;VIA VR VEICULOS LTDA;1,73E+13;PETROPOLIS;RJ;12/06/2026;19/06/2026;16/06/2026;Entregue No Prazo;;Entrega realizada;Entrega Finalizada;19;6;12;6;CAMILO;19016;;;
MOBIS BRASIL FABRICACAO DE AUTO PECAS LT;RODOVIARIO;1524408;12/06/2026;2;347142;12/06/2026;SMAFF IMPORT VEICULOS LTDA;8,18E+12;BRASILIA;DF;12/06/2026;22/06/2026;16/06/2026;Entregue No Prazo;;Entrega realizada;Entrega Finalizada;22;6;12;6;RIO VERMELHO;7002;;;
MOBIS BRASIL FABRICACAO DE AUTO PECAS LT;RODOVIARIO;1524412;12/06/2026;1;347135;12/06/2026;NISA COMERCIAL DE VEIC. AUTOMOTORES LTDA;1,03E+13;APARECIDA DE GOIANIA;GO;12/06/2026;22/06/2026;16/06/2026;Entregue No Prazo;;Entrega realizada;Entrega Finalizada;22;6;12;6;RIO VERMELHO;9002;;;
MOBIS BRASIL FABRICACAO DE AUTO PECAS LT;RODOVIARIO;1524413;12/06/2026;9;347140;12/06/2026;SAGA KOREA COM. DE VEIC. E PC. LTDA;1,27E+13;GOIANIA;GO;12/06/2026;22/06/2026;16/06/2026;Entregue No Prazo;;Entrega realizada;Entrega Finalizada;22;6;12;6;RIO VERMELHO;9009;;;
MOBIS BRASIL FABRICACAO DE AUTO PECAS LT;RODOVIARIO;1525052;12/06/2026;4;347139;12/06/2026;SAGA KOREA COM. DE VEIC. E PC. LTDA;1,27E+13;BRASILIA;DF;12/06/2026;22/06/2026;16/06/2026;Entregue No Prazo;;Entrega realizada;Entrega Finalizada;22;6;12;6;RIO VERMELHO;7005;;;
MOBIS BRASIL FABRICACAO DE AUTO PECAS LT;RODOVIARIO;1524422;12/06/2026;2;347236;12/06/2026;SAGA ASIA COM. DE VEIC.PC.E SERV. LTDA;2,23E+13;VARZEA GRANDE;MT;12/06/2026;23/06/2026;16/06/2026;Entregue No Prazo;;Entrega realizada;Entrega Finalizada;23;6;12;6;CARVALIMA;13004;;;
MOBIS BRASIL FABRICACAO DE AUTO PECAS LT;RODOVIARIO;1525386;15/06/2026;2;347391;15/06/2026;CAOA MOTOR DO BRASIL LTDA(RAP. TAVARES);1,68E+13;SAO PAULO;SP;15/06/2026;17/06/2026;16/06/2026;Entregue No Prazo;;Entrega realizada;Entrega Finalizada;17;6;15;6;XD DIADEMA;26109;;;
MOBIS BRASIL FABRICACAO DE AUTO PECAS LT;RODOVIARIO;1525336;15/06/2026;4;347437;15/06/2026;SEVEC VEICULOS LTDA;5,68E+11;CURITIBA;PR;15/06/2026;18/06/2026;16/06/2026;Entregue No Prazo;;Entrega realizada;Entrega Finalizada;18;6;15;6;TRANSTRY;18012;;;
MOBIS BRASIL FABRICACAO DE AUTO PECAS LT;RODOVIARIO;1525340;15/06/2026;3;347423;15/06/2026;BARI VEICULOS LTDA;7,46E+12;CURITIBA;PR;15/06/2026;18/06/2026;16/06/2026;Entregue No Prazo;;Entrega realizada;Entrega Finalizada;18;6;15;6;TRANSTRY;18024;;;
MOBIS BRASIL FABRICACAO DE AUTO PECAS LT;RODOVIARIO;1525363;15/06/2026;27;347529;15/06/2026;NEW VEICULOS E PECAS LTDA;1,59E+13;RIBEIRAO PRETO;SP;15/06/2026;18/06/2026;16/06/2026;Entregue No Prazo;;Entrega realizada;Entrega Finalizada;18;6;15;6;MVT;26014;;;
MOBIS BRASIL FABRICACAO DE AUTO PECAS LT;RODOVIARIO;1525369;15/06/2026;10;347522;15/06/2026;ANDRETA II DISTRIBUIDORA DE VEIC. LTDA;9,10E+12;AMERICANA;SP;15/06/2026;18/06/2026;16/06/2026;Entregue No Prazo;;Entrega realizada;Entrega Finalizada;18;6;15;6;MVT;26011;;;
MOBIS BRASIL FABRICACAO DE AUTO PECAS LT;RODOVIARIO;1525377;15/06/2026;2;347395;15/06/2026;DESTAQUE SEUL DISTR. DE VEIC. E PC. LTDA;2,12E+13;ATIBAIA;SP;15/06/2026;18/06/2026;16/06/2026;Entregue No Prazo;;Entrega realizada;Entrega Finalizada;18;6;15;6;XD DIADEMA;26075;;;
MOBIS BRASIL FABRICACAO DE AUTO PECAS LT;RODOVIARIO;1525339;15/06/2026;1;347422;15/06/2026;BARI VEICULOS LTDA;7,46E+12;SAO JOSE DOS PINHAIS;PR;15/06/2026;19/06/2026;16/06/2026;Entregue No Prazo;;Entrega realizada;Entrega Finalizada;19;6;15;6;TRANSTRY;18024;;;
MOBIS BRASIL FABRICACAO DE AUTO PECAS LT;RODOVIARIO;1525380;15/06/2026;8;347525;15/06/2026;H - CAMINHO AUTOMOVEIS LTDA;2,53E+13;PIRACICABA;SP;15/06/2026;19/06/2026;16/06/2026;Entregue No Prazo;;Entrega realizada;Entrega Finalizada;19;6;15;6;MVT;26092;;;
MOBIS BRASIL FABRICACAO DE AUTO PECAS LT;RODOVIARIO;1525367;15/06/2026;2;347643;16/06/2026;BILLY DISTRIBUIDORA DE VEICULOS LTDA;1,34E+13;SAO CAETANO DO SUL;SP;16/06/2026;18/06/2026;16/06/2026;Entregue No Prazo;;Entrega realizada;Entrega Finalizada;18;6;16;6;BV LOG;26003;;;
MOBIS BRASIL FABRICACAO DE AUTO PECAS LT;RODOVIARIO;1526156;15/06/2026;99;347645;16/06/2026;BILLY DISTRIBUIDORA DE VEICULOS LTDA;1,34E+13;SAO CAETANO DO SUL;SP;16/06/2026;18/06/2026;16/06/2026;Entregue No Prazo;;Entrega realizada;Entrega Finalizada;18;6;16;6;BV LOG;26003;;;
MOBIS BRASIL FABRICACAO DE AUTO PECAS LT;RODOVIARIO;1526158;15/06/2026;9;347643;16/06/2026;BILLY DISTRIBUIDORA DE VEICULOS LTDA;1,34E+13;SAO CAETANO DO SUL;SP;16/06/2026;18/06/2026;16/06/2026;Entregue No Prazo;;Entrega realizada;Entrega Finalizada;18;6;16;6;BV LOG;26003;;;
MOBIS BRASIL FABRICACAO DE AUTO PECAS LT;RODOVIARIO;1526163;15/06/2026;51;347643;16/06/2026;BILLY DISTRIBUIDORA DE VEICULOS LTDA;1,34E+13;SAO CAETANO DO SUL;SP;16/06/2026;18/06/2026;16/06/2026;Entregue No Prazo;;Entrega realizada;Entrega Finalizada;18;6;16;6;BV LOG;26003;;;
MOBIS BRASIL FABRICACAO DE AUTO PECAS LT;RODOVIARIO;1512872;20/05/2026;3;343309;20/05/2026;CAOA MOTOR DO BRASIL LTDA;1,68E+13;RECIFE;PE;20/05/2026;04/06/2026;17/06/2026;Entregue Fora do Prazo;;Entrega realizada;Entrega Finalizada;4;6;20;5;TERMACO;5008;;;
MOBIS BRASIL FABRICACAO DE AUTO PECAS LT;RODOVIARIO;1517276;28/05/2026;1;344973;28/05/2026;MISO VEICULOS LTDA;1,85E+13;MACAPA;AP;28/05/2026;18/06/2026;17/06/2026;Entregue No Prazo;;Entrega realizada;Entrega Finalizada;18;6;28;5;CARVALIMA;4001;;;
MOBIS BRASIL FABRICACAO DE AUTO PECAS LT;RODOVIARIO;1518623;29/05/2026;5;345219;29/05/2026;PATEO COMERCIO DE VEICULOS S A;7,78E+12;MANAUS;AM;29/05/2026;24/06/2026;17/06/2026;Entregue No Prazo;;Entrega realizada;Entrega Finalizada;24;6;29;5;CARVALIMA;3002;;;
MOBIS BRASIL FABRICACAO DE AUTO PECAS LT;RODOVIARIO;1518656;29/05/2026;1;345560;01/06/2026;MISO VEICULOS LTDA;1,85E+13;MACAPA;AP;01/06/2026;22/06/2026;17/06/2026;Entregue No Prazo;;Entrega realizada;Entrega Finalizada;22;6;1;6;CARVALIMA;4001;;;
MOBIS BRASIL FABRICACAO DE AUTO PECAS LT;RODOVIARIO;1519805;02/06/2026;1;345796;02/06/2026;MISO VEICULOS LTDA;1,85E+13;MACAPA;AP;02/06/2026;23/06/2026;17/06/2026;Entregue No Prazo;;Entrega realizada;Entrega Finalizada;23;6;2;6;CARVALIMA;4001;;;
MOBIS BRASIL FABRICACAO DE AUTO PECAS LT;RODOVIARIO;1520352;03/06/2026;5;345922;03/06/2026;VIA BRASIL AUTOMOVEIS LTDA.;4,72E+12;SERRA;ES;03/06/2026;10/06/2026;17/06/2026;Entregue Fora do Prazo;Extravio 01 volume;Entrega realizada;Entrega Finalizada;10;6;3;6;CAMILO;8001;;;
MOBIS BRASIL FABRICACAO DE AUTO PECAS LT;RODOVIARIO;1520350;03/06/2026;6;345903;03/06/2026;MASTER COMERCIAL DE VEICULOS LTDA;2,85E+13;JACOBINA;BA;03/06/2026;18/06/2026;17/06/2026;Entregue No Prazo;;Entrega realizada;Entrega Finalizada;18;6;3;6;TERMACO;5013;;;
MOBIS BRASIL FABRICACAO DE AUTO PECAS LT;RODOVIARIO;1520371;03/06/2026;4;345905;03/06/2026;PATEO COMERCIO DE VEICULOS S A;7,78E+12;JOAO PESSOA;PB;03/06/2026;18/06/2026;17/06/2026;Entregue No Prazo;;Entrega realizada;Entrega Finalizada;18;6;3;6;TERMACO;15003;;;
MOBIS BRASIL FABRICACAO DE AUTO PECAS LT;RODOVIARIO;1520345;03/06/2026;12;345907;03/06/2026;PATEO COMERCIO DE VEICULOS S A;7,78E+12;MANAUS;AM;03/06/2026;29/06/2026;17/06/2026;Entregue No Prazo;;Entrega realizada;Entrega Finalizada;29;6;3;6;CARVALIMA;3002;;;
MOBIS BRASIL FABRICACAO DE AUTO PECAS LT;RODOVIARIO;1520977;08/06/2026;3;346164;08/06/2026;CAOA MOTOR DO BRASIL LTDA;1,68E+13;BELEM;PA;08/06/2026;19/06/2026;17/06/2026;Entregue No Prazo;;Entrega realizada;Entrega Finalizada;19;6;8;6;CARVALIMA;5008;;;
MOBIS BRASIL FABRICACAO DE AUTO PECAS LT;RODOVIARIO;1520954;08/06/2026;1;346168;08/06/2026;CAOA MOTOR DO BRASIL LTDA.;1,68E+13;LAURO DE FREITAS;BA;08/06/2026;23/06/2026;17/06/2026;Entregue No Prazo;;Entrega realizada;Entrega Finalizada;23;6;8;6;TERMACO;5008;;;
MOBIS BRASIL FABRICACAO DE AUTO PECAS LT;RODOVIARIO;1520957;08/06/2026;4;346181;08/06/2026;SAINT LAND COMERCIO DE VEICULOS LTDA;1,04E+13;JUAZEIRO DO NORTE;CE;08/06/2026;24/06/2026;17/06/2026;Entregue No Prazo;;Entrega realizada;Entrega Finalizada;24;6;8;6;TERMACO;6010;;;
MOBIS BRASIL FABRICACAO DE AUTO PECAS LT;RODOVIARIO;1521914;09/06/2026;6;346423;09/06/2026;HOUSE PARTS - COM. DE PECAS E VEIC. LTDA;1,15E+13;SANTA MARIA;RS;09/06/2026;17/06/2026;17/06/2026;Entregue No Prazo;;Entrega realizada;Entrega Finalizada;17;6;9;6;TRANSTRY;23008;;;
MOBIS BRASIL FABRICACAO DE AUTO PECAS LT;RODOVIARIO;1521869;09/06/2026;1;346603;09/06/2026;SAGA ASIA COM. DE VEIC.PC.E SERV. LTDA;2,23E+13;VARZEA GRANDE;MT;09/06/2026;18/06/2026;17/06/2026;Entregue No Prazo;;Entrega realizada;Entrega Finalizada;18;6;9;6;CARVALIMA;13004;;;
MOBIS BRASIL FABRICACAO DE AUTO PECAS LT;RODOVIARIO;1521832;09/06/2026;1;346577;09/06/2026;FAZZA MOTORS COM. DE VEICULOS LTDA;1,24E+13;FORTALEZA;CE;09/06/2026;23/06/2026;17/06/2026;Entregue No Prazo;;Entrega realizada;Entrega Finalizada;23;6;9;6;TERMACO;6001;;;
MOBIS BRASIL FABRICACAO DE AUTO PECAS LT;RODOVIARIO;1522547;10/06/2026;7;346886;10/06/2026;SMAFF IMPORT VEICULOS LTDA;8,18E+12;BRASILIA;DF;10/06/2026;18/06/2026;17/06/2026;Entregue No Prazo;;Entrega realizada;Entrega Finalizada;18;6;10;6;RIO VERMELHO;7002;;;
MOBIS BRASIL FABRICACAO DE AUTO PECAS LT;RODOVIARIO;1522608;10/06/2026;1;346685;10/06/2026;HOUSE PARTS - COM. DE PECAS E VEIC. LTDA;1,15E+13;SANTA MARIA;RS;10/06/2026;18/06/2026;17/06/2026;Entregue No Prazo;;Entrega realizada;Entrega Finalizada;18;6;10;6;TRANSTRY;23008;;;
MOBIS BRASIL FABRICACAO DE AUTO PECAS LT;RODOVIARIO;1522572;10/06/2026;1;346850;10/06/2026;SAGA ASIA COM. DE VEIC.PC.E SERV. LTDA;2,23E+13;VARZEA GRANDE;MT;10/06/2026;19/06/2026;17/06/2026;Entregue No Prazo;;Entrega realizada;Entrega Finalizada;19;6;10;6;CARVALIMA;13004;;;
MOBIS BRASIL FABRICACAO DE AUTO PECAS LT;RODOVIARIO;1522573;10/06/2026;53;346850;10/06/2026;SAGA ASIA COM. DE VEIC.PC.E SERV. LTDA;2,23E+13;VARZEA GRANDE;MT;10/06/2026;19/06/2026;17/06/2026;Entregue No Prazo;;Entrega realizada;Entrega Finalizada;19;6;10;6;CARVALIMA;13004;;;
MOBIS BRASIL FABRICACAO DE AUTO PECAS LT;RODOVIARIO;1522574;10/06/2026;1;346851;10/06/2026;SAGA SEUL COMERCIO DE VEICULOS, PECAS E;2,23E+13;CUIABA;MT;10/06/2026;19/06/2026;17/06/2026;Entregue No Prazo;;Entrega realizada;Entrega Finalizada;19;6;10;6;CARVALIMA;13005;;;
MOBIS BRASIL FABRICACAO DE AUTO PECAS LT;RODOVIARIO;1522610;10/06/2026;2;346681;10/06/2026;GALA COMERCIO DE VEICULOS LTDA;1,77E+13;BAGE;RS;10/06/2026;19/06/2026;17/06/2026;Entregue No Prazo;;Entrega realizada;Entrega Finalizada;19;6;10;6;TRANSTRY;23009;;;
MOBIS BRASIL FABRICACAO DE AUTO PECAS LT;RODOVIARIO;1522604;10/06/2026;1;346849;10/06/2026;SAGA ASIA COM. DE VEIC.PC.E SERV. LTDA;2,14E+13;PORTO VELHO;RO;10/06/2026;22/06/2026;17/06/2026;Entregue No Prazo;;Entrega realizada;Entrega Finalizada;22;6;10;6;CARVALIMA;21003;;;
MOBIS BRASIL FABRICACAO DE AUTO PECAS LT;RODOVIARIO;1522576;10/06/2026;1;346827;10/06/2026;CAOA MOTOR DO BRASIL LTDA;1,68E+13;BELEM;PA;10/06/2026;23/06/2026;17/06/2026;Entregue No Prazo;;Entrega realizada;Entrega Finalizada;23;6;10;6;CARVALIMA;5008;;;
MOBIS BRASIL FABRICACAO DE AUTO PECAS LT;RODOVIARIO;1522579;10/06/2026;2;346834;10/06/2026;GRANDE COREIA COMERCIO DE VEICULOS LTDA;2,66E+13;BELEM;PA;10/06/2026;23/06/2026;17/06/2026;Entregue No Prazo;;Entrega realizada;Entrega Finalizada;23;6;10;6;CARVALIMA;14007;;;
MOBIS BRASIL FABRICACAO DE AUTO PECAS LT;RODOVIARIO;1523197;10/06/2026;3;346905;11/06/2026;ITAVEMA MOTORS VEICULOS LTDA;7,73E+12;DUQUE DE CAXIAS;RJ;11/06/2026;17/06/2026;17/06/2026;Entregue No Prazo;;Entrega realizada;Entrega Finalizada;17;6;11;6;CAMILO;19001;;;
MOBIS BRASIL FABRICACAO DE AUTO PECAS LT;RODOVIARIO;1523534;11/06/2026;2;347012;11/06/2026;LOVAT VEICULOS S/A;8,57E+12;MARINGA;PR;11/06/2026;17/06/2026;17/06/2026;Entregue No Prazo;;Entrega realizada;Entrega Finalizada;17;6;11;6;TRANSTRY;18008;;;
MOBIS BRASIL FABRICACAO DE AUTO PECAS LT;RODOVIARIO;1523552;11/06/2026;19;347006;11/06/2026;CARWAY SUL VEICULOS LTDA;1,03E+13;CANOAS;RS;11/06/2026;17/06/2026;17/06/2026;Entregue No Prazo;;Entrega realizada;Entrega Finalizada;17;6;11;6;TRANSTRY;23003;;;
MOBIS BRASIL FABRICACAO DE AUTO PECAS LT;RODOVIARIO;1523499;11/06/2026;2;346985;11/06/2026;VIA BRASIL AUTOMOVEIS LTDA.;4,72E+12;SERRA;ES;11/06/2026;18/06/2026;17/06/2026;Entregue No Prazo;;Entrega realizada;Entrega Finalizada;18;6;11;6;CAMILO;8001;;;
MOBIS BRASIL FABRICACAO DE AUTO PECAS LT;RODOVIARIO;1523500;11/06/2026;11;346983;11/06/2026;TAI MOTORS VEICULOS S/A;9,27E+12;VITORIA;ES;11/06/2026;18/06/2026;17/06/2026;Entregue No Prazo;;Entrega realizada;Entrega Finalizada;18;6;11;6;CAMILO;8002;;;
MOBIS BRASIL FABRICACAO DE AUTO PECAS LT;RODOVIARIO;1523503;11/06/2026;2;346982;11/06/2026;PRIME VILA VELHA VEICULOS LTDA.;2,14E+13;VILA VELHA;ES;11/06/2026;18/06/2026;17/06/2026;Entregue No Prazo;;Entrega realizada;Entrega Finalizada;18;6;11;6;CAMILO;8005;;;
MOBIS BRASIL FABRICACAO DE AUTO PECAS LT;RODOVIARIO;1523553;11/06/2026;2;347010;11/06/2026;HOUSE PARTS - COM. DE PECAS E VEIC. LTDA;1,15E+13;LAJEADO;RS;11/06/2026;19/06/2026;17/06/2026;Entregue No Prazo;;Entrega realizada;Entrega Finalizada;19;6;11;6;TRANSTRY;23018;;;
MOBIS BRASIL FABRICACAO DE AUTO PECAS LT;RODOVIARIO;1524071;11/06/2026;2;346936;11/06/2026;SAGA KOREA COM. DE VEIC. E PC. LTDA;1,27E+13;GOIANIA;GO;11/06/2026;19/06/2026;17/06/2026;Entregue No Prazo;;Entrega realizada;Entrega Finalizada;19;6;11;6;RIO VERMELHO;9011;;;
MOBIS BRASIL FABRICACAO DE AUTO PECAS LT;RODOVIARIO;1523508;11/06/2026;2;346944;11/06/2026;URCA MOTORS VEICULOS LTDA;8,77E+12;ITUMBIARA;GO;11/06/2026;23/06/2026;17/06/2026;Entregue No Prazo;;Entrega realizada;Entrega Finalizada;23;6;11;6;RIO VERMELHO;9014;;;
MOBIS BRASIL FABRICACAO DE AUTO PECAS LT;RODOVIARIO;1524416;12/06/2026;17;347143;12/06/2026;TAI MOTORS VEICULOS S/A;9,27E+12;BELO HORIZONTE;MG;12/06/2026;17/06/2026;17/06/2026;Entregue No Prazo;;Entrega realizada;Entrega Finalizada;17;6;12;6;XD BETIM;8002;;;
MOBIS BRASIL FABRICACAO DE AUTO PECAS LT;RODOVIARIO;1524418;12/06/2026;1;347128;12/06/2026;BDG AUTOVILLE VEICULOS LTDA;4,77E+13;CONTAGEM;MG;12/06/2026;17/06/2026;17/06/2026;Entregue No Prazo;;Entrega realizada;Entrega Finalizada;17;6;12;6;XD BETIM;11037;;;
MOBIS BRASIL FABRICACAO DE AUTO PECAS LT;RODOVIARIO;1524419;12/06/2026;31;347128;12/06/2026;BDG AUTOVILLE VEICULOS LTDA;4,77E+13;CONTAGEM;MG;12/06/2026;17/06/2026;17/06/2026;Entregue No Prazo;;Entrega realizada;Entrega Finalizada;17;6;12;6;XD BETIM;11037;;;
MOBIS BRASIL FABRICACAO DE AUTO PECAS LT;RODOVIARIO;1524429;12/06/2026;2;347166;12/06/2026;LOVAT VEICULOS S/A;8,57E+12;LONDRINA;PR;12/06/2026;18/06/2026;17/06/2026;Entregue No Prazo;;Entrega realizada;Entrega Finalizada;18;6;12;6;TRANSTRY;18008;;;
MOBIS BRASIL FABRICACAO DE AUTO PECAS LT;RODOVIARIO;1524430;12/06/2026;9;347166;12/06/2026;LOVAT VEICULOS S/A;8,57E+12;LONDRINA;PR;12/06/2026;18/06/2026;17/06/2026;Entregue No Prazo;;Entrega realizada;Entrega Finalizada;18;6;12;6;TRANSTRY;18008;;;
MOBIS BRASIL FABRICACAO DE AUTO PECAS LT;RODOVIARIO;1524482;12/06/2026;1;347172;12/06/2026;ANDRETA II DISTRIBUIDORA DE VEIC. LTDA;9,10E+12;RIO CLARO;SP;12/06/2026;18/06/2026;17/06/2026;Entregue No Prazo;;Entrega realizada;Entrega Finalizada;18;6;12;6;MVT;26011;;;
MOBIS BRASIL FABRICACAO DE AUTO PECAS LT;RODOVIARIO;1524417;12/06/2026;3;347144;12/06/2026;TAI MOTORS VEICULOS S/A;9,27E+12;MURIAE;MG;12/06/2026;19/06/2026;17/06/2026;Entregue No Prazo;;Entrega realizada;Entrega Finalizada;19;6;12;6;XD BETIM;8002;;;
MOBIS BRASIL FABRICACAO DE AUTO PECAS LT;RODOVIARIO;1524439;12/06/2026;1;347228;12/06/2026;MONTREAL VEICULOS E PECAS LTDA;1,68E+13;MACAE;RJ;12/06/2026;19/06/2026;17/06/2026;Entregue No Prazo;;Entrega realizada;Entrega Finalizada;19;6;12;6;CAMILO;19030;;;
MOBIS BRASIL FABRICACAO DE AUTO PECAS LT;RODOVIARIO;1524450;12/06/2026;23;347147;12/06/2026;ATUAL VEICULOS LTDA;1,33E+13;CRICIUMA;SC;12/06/2026;19/06/2026;17/06/2026;Entregue No Prazo;;Entrega realizada;Entrega Finalizada;19;6;12;6;TRANSTRY;24001;;;
MOBIS BRASIL FABRICACAO DE AUTO PECAS LT;RODOVIARIO;1524451;12/06/2026;12;347148;12/06/2026;ATUAL VEICULOS LTDA;1,33E+13;TUBARAO;SC;12/06/2026;19/06/2026;17/06/2026;Entregue No Prazo;;Entrega realizada;Entrega Finalizada;19;6;12;6;TRANSTRY;24001;;;
MOBIS BRASIL FABRICACAO DE AUTO PECAS LT;RODOVIARIO;1524452;12/06/2026;1;347168;12/06/2026;LS COMERCIO DE AUTOMOVEIS LTDA.;1,03E+13;BRUSQUE;SC;12/06/2026;19/06/2026;17/06/2026;Entregue No Prazo;;Entrega realizada;Entrega Finalizada;19;6;12;6;TRANSTRY;24006;;;
MOBIS BRASIL FABRICACAO DE AUTO PECAS LT;RODOVIARIO;1524453;12/06/2026;10;347167;12/06/2026;LR COMERCIO DE VEICULOS LTDA;1,05E+13;SAO JOSE;SC;12/06/2026;19/06/2026;17/06/2026;Entregue No Prazo;;Entrega realizada;Entrega Finalizada;19;6;12;6;TRANSTRY;24007;;;
MOBIS BRASIL FABRICACAO DE AUTO PECAS LT;RODOVIARIO;1524454;12/06/2026;15;347150;12/06/2026;BARI VEICULOS LTDA;7,46E+12;BLUMENAU;SC;12/06/2026;19/06/2026;17/06/2026;Entregue No Prazo;;Entrega realizada;Entrega Finalizada;19;6;12;6;TRANSTRY;18024;;;
MOBIS BRASIL FABRICACAO DE AUTO PECAS LT;RODOVIARIO;1524457;12/06/2026;1;347161;12/06/2026;GAMBATTO H1 VEICULOS LTDA;1,94E+13;CHAPECO;SC;12/06/2026;19/06/2026;17/06/2026;Entregue No Prazo;;Entrega realizada;Entrega Finalizada;19;6;12;6;TRANSTRY;24018;;;
MOBIS BRASIL FABRICACAO DE AUTO PECAS LT;RODOVIARIO;1525063;12/06/2026;10;347149;12/06/2026;ATUAL VEICULOS LTDA;1,33E+13;ARARANGUA;SC;12/06/2026;19/06/2026;17/06/2026;Entregue No Prazo;;Entrega realizada;Entrega Finalizada;19;6;12;6;TRANSTRY;24001;;;
MOBIS BRASIL FABRICACAO DE AUTO PECAS LT;RODOVIARIO;1524456;12/06/2026;1;347155;12/06/2026;BARI VEICULOS LTDA;7,46E+12;BALNEARIO CAMBORIU;SC;12/06/2026;22/06/2026;17/06/2026;Entregue No Prazo;;Entrega realizada;Entrega Finalizada;22;6;12;6;TRANSTRY;18024;;;
MOBIS BRASIL FABRICACAO DE AUTO PECAS LT;RODOVIARIO;1524458;12/06/2026;2;347159;12/06/2026;CHINHAN AUTOMOVEIS LTDA;2,41E+13;CONCORDIA;SC;12/06/2026;22/06/2026;17/06/2026;Entregue No Prazo;;Entrega realizada;Entrega Finalizada;22;6;12;6;TRANSTRY;23019;;;
MOBIS BRASIL FABRICACAO DE AUTO PECAS LT;RODOVIARIO;1525057;12/06/2026;1;347141;12/06/2026;SAGA KOREA COM. DE VEIC. E PC. LTDA;1,27E+13;GOIANIA;GO;12/06/2026;22/06/2026;17/06/2026;Entregue No Prazo;;Entrega realizada;Entrega Finalizada;22;6;12;6;RIO VERMELHO;9011;;;
MOBIS BRASIL FABRICACAO DE AUTO PECAS LT;RODOVIARIO;1525062;12/06/2026;4;347141;12/06/2026;SAGA KOREA COM. DE VEIC. E PC. LTDA;1,27E+13;GOIANIA;GO;12/06/2026;22/06/2026;17/06/2026;Entregue No Prazo;;Entrega realizada;Entrega Finalizada;22;6;12;6;RIO VERMELHO;9011;;;
MOBIS BRASIL FABRICACAO DE AUTO PECAS LT;RODOVIARIO;1524459;12/06/2026;6;347160;12/06/2026;CHINHAN AUTOMOVEIS LTDA.;2,41E+13;CACADOR;SC;12/06/2026;23/06/2026;17/06/2026;Entregue No Prazo;;Entrega realizada;Entrega Finalizada;23;6;12;6;TRANSTRY;24020;;;
MOBIS BRASIL FABRICACAO DE AUTO PECAS LT;RODOVIARIO;1524414;12/06/2026;1;347146;12/06/2026;URCA MOTORS VEICULOS LTDA;8,77E+12;ITUMBIARA;GO;12/06/2026;24/06/2026;17/06/2026;Entregue No Prazo;;Entrega realizada;Entrega Finalizada;24;6;12;6;RIO VERMELHO;9014;;;
MOBIS BRASIL FABRICACAO DE AUTO PECAS LT;RODOVIARIO;1525361;15/06/2026;15;347389;15/06/2026;BILLY DISTRIBUIDORA DE VEICULOS LTDA;1,34E+13;BARUERI;SP;15/06/2026;17/06/2026;17/06/2026;Entregue No Prazo;;Entrega realizada;Entrega Finalizada;17;6;15;6;XD DIADEMA;26003;;;
MOBIS BRASIL FABRICACAO DE AUTO PECAS LT;RODOVIARIO;1525364;15/06/2026;1;347397;15/06/2026;GRAND SPORT COM. DE VEIC. E PECAS LTDA;8,58E+12;SAO PAULO;SP;15/06/2026;17/06/2026;17/06/2026;Entregue No Prazo;;Entrega realizada;Entrega Finalizada;17;6;15;6;XD DIADEMA;26034;;;
MOBIS BRASIL FABRICACAO DE AUTO PECAS LT;RODOVIARIO;1525366;15/06/2026;1;347398;15/06/2026;GRANDAY AUTOMOTORES LTDA;1,57E+13;SAO PAULO;SP;15/06/2026;17/06/2026;17/06/2026;Entregue No Prazo;;Entrega realizada;Entrega Finalizada;17;6;15;6;XD DIADEMA;26041;;;
MOBIS BRASIL FABRICACAO DE AUTO PECAS LT;RODOVIARIO;1525372;15/06/2026;2;347390;15/06/2026;CAOA MOTOR DO BRASIL LTDA (VL PRUDENTE);1,68E+13;SAO PAULO;SP;15/06/2026;17/06/2026;17/06/2026;Entregue No Prazo;;Entrega realizada;Entrega Finalizada;17;6;15;6;XD DIADEMA;26051;;;
MOBIS BRASIL FABRICACAO DE AUTO PECAS LT;RODOVIARIO;1525373;15/06/2026;10;347394;15/06/2026;CHS MOTORS VEICULOS PECAS(VL. GUILHERME);1,69E+13;SAO PAULO;SP;15/06/2026;17/06/2026;17/06/2026;Entregue No Prazo;;Entrega realizada;Entrega Finalizada;17;6;15;6;XD DIADEMA;26052;;;
MOBIS BRASIL FABRICACAO DE AUTO PECAS LT;RODOVIARIO;1525374;15/06/2026;1;347394;15/06/2026;CHS MOTORS VEICULOS PECAS(VL. GUILHERME);1,69E+13;SAO PAULO;SP;15/06/2026;17/06/2026;17/06/2026;Entregue No Prazo;;Entrega realizada;Entrega Finalizada;17;6;15;6;XD DIADEMA;26052;;;
MOBIS BRASIL FABRICACAO DE AUTO PECAS LT;RODOVIARIO;1525378;15/06/2026;1;347404;15/06/2026;NOBRE SP DISTRIB. DE VEIC. E PEC. LTDA;1,70E+13;SAO PAULO;SP;15/06/2026;17/06/2026;17/06/2026;Entregue No Prazo;;Entrega realizada;Entrega Finalizada;17;6;15;6;XD DIADEMA;26081;;;
MOBIS BRASIL FABRICACAO DE AUTO PECAS LT;RODOVIARIO;1525379;15/06/2026;10;347399;15/06/2026;GRANDAY AUTOMOTORES LTDA (CHAC. CALIFOR);1,57E+13;SAO PAULO;SP;15/06/2026;17/06/2026;17/06/2026;Entregue No Prazo;;Entrega realizada;Entrega Finalizada;17;6;15;6;XD DIADEMA;26090;;;
MOBIS BRASIL FABRICACAO DE AUTO PECAS LT;RODOVIARIO;1525385;15/06/2026;1;347393;15/06/2026;CHS MOTORS VEICULOS PECAS E SERV. LTDA;1,69E+13;OSASCO;SP;15/06/2026;17/06/2026;17/06/2026;Entregue No Prazo;;Entrega realizada;Entrega Finalizada;17;6;15;6;XD DIADEMA;26106;;;
MOBIS BRASIL FABRICACAO DE AUTO PECAS LT;RODOVIARIO;1525320;15/06/2026;1;347392;15/06/2026;CARBEL KOREA VEICULOS LTDA;2,07E+13;BELO HORIZONTE;MG;15/06/2026;18/06/2026;17/06/2026;Entregue No Prazo;;Entrega realizada;Entrega Finalizada;18;6;15;6;XD BETIM;11021;;;
MOBIS BRASIL FABRICACAO DE AUTO PECAS LT;RODOVIARIO;1525321;15/06/2026;23;347392;15/06/2026;CARBEL KOREA VEICULOS LTDA;2,07E+13;BELO HORIZONTE;MG;15/06/2026;18/06/2026;17/06/2026;Entregue No Prazo;;Entrega realizada;Entrega Finalizada;18;6;15;6;XD BETIM;11021;;;
MOBIS BRASIL FABRICACAO DE AUTO PECAS LT;RODOVIARIO;1525324;15/06/2026;36;347388;15/06/2026;BDG AUTOVILLE VEICULOS LTDA;4,77E+13;CONTAGEM;MG;15/06/2026;18/06/2026;17/06/2026;Entregue No Prazo;;Entrega realizada;Entrega Finalizada;18;6;15;6;XD BETIM;11037;;;
MOBIS BRASIL FABRICACAO DE AUTO PECAS LT;RODOVIARIO;1525362;15/06/2026;7;347520;15/06/2026;ANDRETA II DISTRIBUIDORA DE VEIC. LTDA;9,10E+12;CAMPINAS;SP;15/06/2026;18/06/2026;17/06/2026;Entregue No Prazo;;Entrega realizada;Entrega Finalizada;18;6;15;6;MVT;26011;;;
MOBIS BRASIL FABRICACAO DE AUTO PECAS LT;RODOVIARIO;1525365;15/06/2026;1;347518;15/06/2026;ANDRETA II DISTRIB.DE VEICULOS LTDA.;9,10E+12;JUNDIAI;SP;15/06/2026;18/06/2026;17/06/2026;Entregue No Prazo;;Entrega realizada;Entrega Finalizada;18;6;15;6;MVT;26040;;;
MOBIS BRASIL FABRICACAO DE AUTO PECAS LT;RODOVIARIO;1525368;15/06/2026;4;347521;15/06/2026;ANDRETA II DISTRIBUIDORA DE VEIC. LTDA;9,10E+12;INDAIATUBA;SP;15/06/2026;18/06/2026;17/06/2026;Entregue No Prazo;;Entrega realizada;Entrega Finalizada;18;6;15;6;MVT;26011;;;
MOBIS BRASIL FABRICACAO DE AUTO PECAS LT;RODOVIARIO;1525381;15/06/2026;2;347526;15/06/2026;H - CAMINHO AUTOMOVEIS LTDA;2,53E+13;LIMEIRA;SP;15/06/2026;18/06/2026;17/06/2026;Entregue No Prazo;;Entrega realizada;Entrega Finalizada;18;6;15;6;MVT;26092;;;
MOBIS BRASIL FABRICACAO DE AUTO PECAS LT;RODOVIARIO;1525382;15/06/2026;2;347526;15/06/2026;H - CAMINHO AUTOMOVEIS LTDA;2,53E+13;LIMEIRA;SP;15/06/2026;18/06/2026;17/06/2026;Entregue No Prazo;;Entrega realizada;Entrega Finalizada;18;6;15;6;MVT;26092;;;
MOBIS BRASIL FABRICACAO DE AUTO PECAS LT;RODOVIARIO;1525314;15/06/2026;21;347415;15/06/2026;URCA MOTORS VEICULOS LTDA;8,77E+12;UBERLANDIA;MG;15/06/2026;19/06/2026;17/06/2026;Entregue No Prazo;;Entrega realizada;Entrega Finalizada;19;6;15;6;XD BETIM;9014;;;
MOBIS BRASIL FABRICACAO DE AUTO PECAS LT;RODOVIARIO;1525333;15/06/2026;2;347434;15/06/2026;LOVAT VEICULOS S/A;8,57E+12;LONDRINA;PR;15/06/2026;19/06/2026;17/06/2026;Entregue No Prazo;;Entrega realizada;Entrega Finalizada;19;6;15;6;TRANSTRY;18008;;;
MOBIS BRASIL FABRICACAO DE AUTO PECAS LT;RODOVIARIO;1525337;15/06/2026;14;347425;15/06/2026;BARI VEICULOS LTDA;7,46E+12;PONTA GROSSA;PR;15/06/2026;19/06/2026;17/06/2026;Entregue No Prazo;;Entrega realizada;Entrega Finalizada;19;6;15;6;TRANSTRY;18024;;;
MOBIS BRASIL FABRICACAO DE AUTO PECAS LT;RODOVIARIO;1525355;15/06/2026;3;347426;15/06/2026;BARI VEICULOS LTDA.;7,46E+12;JOINVILLE;SC;15/06/2026;19/06/2026;17/06/2026;Entregue No Prazo;;Entrega realizada;Entrega Finalizada;19;6;15;6;TRANSTRY;24013;;;
MOBIS BRASIL FABRICACAO DE AUTO PECAS LT;RODOVIARIO;1525356;15/06/2026;3;347426;15/06/2026;BARI VEICULOS LTDA.;7,46E+12;JOINVILLE;SC;15/06/2026;19/06/2026;17/06/2026;Entregue No Prazo;;Entrega realizada;Entrega Finalizada;19;6;15;6;TRANSTRY;24013;;;
MOBIS BRASIL FABRICACAO DE AUTO PECAS LT;RODOVIARIO;1525360;15/06/2026;14;347528;15/06/2026;HYMAX DISTRIBUIDORA DE VEICULOS LTDA;1,73E+13;MOGI GUACU;SP;15/06/2026;19/06/2026;17/06/2026;Entregue No Prazo;;Entrega realizada;Entrega Finalizada;19;6;15;6;MVT;26002;;;
MOBIS BRASIL FABRICACAO DE AUTO PECAS LT;RODOVIARIO;1525370;15/06/2026;2;347527;15/06/2026;H R B COMERCIO DE VEICULOS LTDA;1,82E+13;SAO JOSE DO RIO PRETO;SP;15/06/2026;19/06/2026;17/06/2026;Entregue No Prazo;;Entrega realizada;Entrega Finalizada;19;6;15;6;MVT;26050;;;
MOBIS BRASIL FABRICACAO DE AUTO PECAS LT;RODOVIARIO;1525371;15/06/2026;7;347527;15/06/2026;H R B COMERCIO DE VEICULOS LTDA;1,82E+13;SAO JOSE DO RIO PRETO;SP;15/06/2026;19/06/2026;17/06/2026;Entregue No Prazo;;Entrega realizada;Entrega Finalizada;19;6;15;6;MVT;26050;;;
MOBIS BRASIL FABRICACAO DE AUTO PECAS LT;RODOVIARIO;1525375;15/06/2026;2;347530;15/06/2026;NOBRE DISTRIBUIDORA DE VEIC. E PEC. LTDA;5,76E+12;APARECIDA;SP;15/06/2026;19/06/2026;17/06/2026;Entregue No Prazo;;Entrega realizada;Entrega Finalizada;19;6;15;6;MVT;26053;;;
MOBIS BRASIL FABRICACAO DE AUTO PECAS LT;RODOVIARIO;1525383;15/06/2026;1;347524;15/06/2026;H - CAMINHO AUTOMOVEIS LTDA;2,53E+13;CATANDUVA;SP;15/06/2026;19/06/2026;17/06/2026;Entregue No Prazo;;Entrega realizada;Entrega Finalizada;19;6;15;6;MVT;26092;;;
MOBIS BRASIL FABRICACAO DE AUTO PECAS LT;RODOVIARIO;1525384;15/06/2026;3;347519;15/06/2026;ANDRETA II DISTRIBUIDORA DE VEIC. LTDA;9,10E+12;RIO CLARO;SP;15/06/2026;19/06/2026;17/06/2026;Entregue No Prazo;;Entrega realizada;Entrega Finalizada;19;6;15;6;MVT;26011;;;
MOBIS BRASIL FABRICACAO DE AUTO PECAS LT;RODOVIARIO;1525323;15/06/2026;2;347396;15/06/2026;GNC GRANDE COREIA MINAS GERAIS COMERCIO;4,27E+13;MONTES CLAROS;MG;15/06/2026;22/06/2026;17/06/2026;Entregue No Prazo;;Entrega realizada;Entrega Finalizada;22;6;15;6;XD BETIM;11035;;;
MOBIS BRASIL FABRICACAO DE AUTO PECAS LT;RODOVIARIO;1525342;15/06/2026;1;347465;15/06/2026;VIA VR VEICULOS LTDA;1,73E+13;VOLTA REDONDA;RJ;15/06/2026;22/06/2026;17/06/2026;Entregue No Prazo;;Entrega realizada;Entrega Finalizada;22;6;15;6;CAMILO;19016;;;
MOBIS BRASIL FABRICACAO DE AUTO PECAS LT;RODOVIARIO;1525353;15/06/2026;1;347421;15/06/2026;ATUAL VEICULOS LTDA;1,33E+13;CRICIUMA;SC;15/06/2026;22/06/2026;17/06/2026;Entregue No Prazo;;Entrega realizada;Entrega Finalizada;22;6;15;6;TRANSTRY;24001;;;
MOBIS BRASIL FABRICACAO DE AUTO PECAS LT;RODOVIARIO;1525354;15/06/2026;36;347424;15/06/2026;BARI VEICULOS LTDA;7,46E+12;BLUMENAU;SC;15/06/2026;22/06/2026;17/06/2026;Entregue No Prazo;;Entrega realizada;Entrega Finalizada;22;6;15;6;TRANSTRY;18024;;;
MOBIS BRASIL FABRICACAO DE AUTO PECAS LT;RODOVIARIO;1525357;15/06/2026;3;347429;15/06/2026;GAMBATTO H1 VEICULOS LTDA;1,94E+13;CHAPECO;SC;15/06/2026;22/06/2026;17/06/2026;Entregue No Prazo;;Entrega realizada;Entrega Finalizada;22;6;15;6;TRANSTRY;24018;;;
MOBIS BRASIL FABRICACAO DE AUTO PECAS LT;RODOVIARIO;1525358;15/06/2026;3;347428;15/06/2026;CHINHAN AUTOMOVEIS LTDA.;2,41E+13;CACADOR;SC;15/06/2026;24/06/2026;17/06/2026;Entregue No Prazo;;Entrega realizada;Entrega Finalizada;24;6;15;6;TRANSTRY;24020;;;
MOBIS BRASIL FABRICACAO DE AUTO PECAS LT;RODOVIARIO;1526341;16/06/2026;4;347657;16/06/2026;GRAND SPORT COM. DE VEIC. E PECAS LTDA;8,58E+12;GUARULHOS;SP;16/06/2026;18/06/2026;17/06/2026;Entregue No Prazo;;Entrega realizada;Entrega Finalizada;18;6;16;6;XD DIADEMA;26005;;;
MOBIS BRASIL FABRICACAO DE AUTO PECAS LT;RODOVIARIO;1526345;16/06/2026;5;347656;16/06/2026;GRAND SPORT COM. DE VEIC. E PECAS LTDA;8,58E+12;SAO PAULO;SP;16/06/2026;18/06/2026;17/06/2026;Entregue No Prazo;;Entrega realizada;Entrega Finalizada;18;6;16;6;XD DIADEMA;26034;;;
MOBIS BRASIL FABRICACAO DE AUTO PECAS LT;RODOVIARIO;1526346;16/06/2026;1;347653;16/06/2026;CHS MOTORS VEICULOS PECAS E SERV. LTDA.;1,69E+13;SAO PAULO;SP;16/06/2026;18/06/2026;17/06/2026;Entregue No Prazo;;Entrega realizada;Entrega Finalizada;18;6;16;6;XD DIADEMA;26036;;;
MOBIS BRASIL FABRICACAO DE AUTO PECAS LT;RODOVIARIO;1526348;16/06/2026;1;347658;16/06/2026;GRANDAY AUTOMOTORES LTDA;1,57E+13;SAO PAULO;SP;16/06/2026;18/06/2026;17/06/2026;Entregue No Prazo;;Entrega realizada;Entrega Finalizada;18;6;16;6;XD DIADEMA;26041;;;
MOBIS BRASIL FABRICACAO DE AUTO PECAS LT;RODOVIARIO;1526352;16/06/2026;1;347651;16/06/2026;CAOA MOTOR DO BRASIL LTDA (VL PRUDENTE);1,68E+13;SAO PAULO;SP;16/06/2026;18/06/2026;17/06/2026;Entregue No Prazo;;Entrega realizada;Entrega Finalizada;18;6;16;6;XD DIADEMA;26051;;;
MOBIS BRASIL FABRICACAO DE AUTO PECAS LT;RODOVIARIO;1526353;16/06/2026;10;347654;16/06/2026;CHS MOTORS VEICULOS PECAS(VL. GUILHERME);1,69E+13;SAO PAULO;SP;16/06/2026;18/06/2026;17/06/2026;Entregue No Prazo;;Entrega realizada;Entrega Finalizada;18;6;16;6;XD DIADEMA;26052;;;
MOBIS BRASIL FABRICACAO DE AUTO PECAS LT;RODOVIARIO;1526354;16/06/2026;1;347650;16/06/2026;CAOA MOTOR DO BRASIL LTDA (IPIRANGA);1,68E+13;SAO PAULO;SP;16/06/2026;18/06/2026;17/06/2026;Entregue No Prazo;;Entrega realizada;Entrega Finalizada;18;6;16;6;XD DIADEMA;26054;;;
MOBIS BRASIL FABRICACAO DE AUTO PECAS LT;RODOVIARIO;1526361;16/06/2026;1;347659;16/06/2026;NOBRE SP DISTRIB. DE VEIC. E PEC. LTDA;1,70E+13;SAO PAULO;SP;16/06/2026;18/06/2026;17/06/2026;Entregue No Prazo;;Entrega realizada;Entrega Finalizada;18;6;16;6;XD DIADEMA;26081;;;
MOBIS BRASIL FABRICACAO DE AUTO PECAS LT;RODOVIARIO;1526363;16/06/2026;4;347649;16/06/2026;CAOA MOTOR DO BRASIL LTDA (INDIANOPOLIS);1,68E+13;SAO PAULO;SP;16/06/2026;18/06/2026;17/06/2026;Entregue No Prazo;;Entrega realizada;Entrega Finalizada;18;6;16;6;XD DIADEMA;26091;;;
MOBIS BRASIL FABRICACAO DE AUTO PECAS LT;RODOVIARIO;1526366;16/06/2026;2;347652;16/06/2026;CHS MOTORS VEICULOS PECAS E SERV. LTDA;1,69E+13;OSASCO;SP;16/06/2026;18/06/2026;17/06/2026;Entregue No Prazo;;Entrega realizada;Entrega Finalizada;18;6;16;6;XD DIADEMA;26106;;;
MOBIS BRASIL FABRICACAO DE AUTO PECAS LT;RODOVIARIO;1526306;16/06/2026;6;347689;16/06/2026;SEVEC VEICULOS LTDA;5,68E+11;CURITIBA;PR;16/06/2026;19/06/2026;17/06/2026;Entregue No Prazo;;Entrega realizada;Entrega Finalizada;19;6;16;6;TRANSTRY;18012;;;
MOBIS BRASIL FABRICACAO DE AUTO PECAS LT;RODOVIARIO;1526310;16/06/2026;9;347672;16/06/2026;BARI VEICULOS LTDA;7,46E+12;CURITIBA;PR;16/06/2026;19/06/2026;17/06/2026;Entregue No Prazo;;Entrega realizada;Entrega Finalizada;19;6;16;6;TRANSTRY;18024;;;
MOBIS BRASIL FABRICACAO DE AUTO PECAS LT;RODOVIARIO;1526343;16/06/2026;1;347775;16/06/2026;MOTONET COMERCIO DE VEICULOS LTDA;9,28E+12;SOROCABA;SP;16/06/2026;19/06/2026;17/06/2026;Entregue No Prazo;;Entrega realizada;Entrega Finalizada;19;6;16;6;MVT;26113;;;
MOBIS BRASIL FABRICACAO DE AUTO PECAS LT;RODOVIARIO;1526344;16/06/2026;36;347776;16/06/2026;NEW VEICULOS E PECAS LTDA;1,59E+13;RIBEIRAO PRETO;SP;16/06/2026;19/06/2026;17/06/2026;Entregue No Prazo;;Entrega realizada;Entrega Finalizada;19;6;16;6;MVT;26014;;;
MOBIS BRASIL FABRICACAO DE AUTO PECAS LT;RODOVIARIO;1526356;16/06/2026;2;347767;16/06/2026;CAOA MOTOR DO BRASIL LTDA;1,68E+13;SAO JOSE DOS CAMPOS;SP;16/06/2026;19/06/2026;17/06/2026;Entregue No Prazo;;Entrega realizada;Entrega Finalizada;19;6;16;6;MVT;5008;;;
MOBIS BRASIL FABRICACAO DE AUTO PECAS LT;RODOVIARIO;1526357;16/06/2026;2;347767;16/06/2026;CAOA MOTOR DO BRASIL LTDA;1,68E+13;SAO JOSE DOS CAMPOS;SP;16/06/2026;19/06/2026;17/06/2026;Entregue No Prazo;;Entrega realizada;Entrega Finalizada;19;6;16;6;MVT;5008;;;
MOBIS BRASIL FABRICACAO DE AUTO PECAS LT;RODOVIARIO;1526358;16/06/2026;1;347768;16/06/2026;CAOA MOTOR DO BRASIL LTDA;1,68E+13;SAO CARLOS;SP;16/06/2026;19/06/2026;17/06/2026;Entregue No Prazo;;Entrega realizada;Entrega Finalizada;19;6;16;6;MVT;5008;;;
MOBIS BRASIL FABRICACAO DE AUTO PECAS LT;RODOVIARIO;1526309;16/06/2026;1;347669;16/06/2026;BARI VEICULOS LTDA;7,46E+12;SAO JOSE DOS PINHAIS;PR;16/06/2026;22/06/2026;17/06/2026;Entregue No Prazo;;Entrega realizada;Entrega Finalizada;22;6;16;6;TRANSTRY;18024;;;
MOBIS BRASIL FABRICACAO DE AUTO PECAS LT;RODOVIARIO;1526340;16/06/2026;1;347774;16/06/2026;HYMAX DISTRIBUIDORA DE VEICULOS LTDA;1,73E+13;MOGI GUACU;SP;16/06/2026;22/06/2026;17/06/2026;Entregue No Prazo;Avaria;Entrega realizada;Entrega Finalizada;22;6;16;6;MVT;26002;;;
MOBIS BRASIL FABRICACAO DE AUTO PECAS LT;RODOVIARIO;1526349;16/06/2026;5;347777;16/06/2026;NEW VEICULOS E PECAS LTDA;1,59E+13;FRANCA;SP;16/06/2026;22/06/2026;17/06/2026;Entregue No Prazo;;Entrega realizada;Entrega Finalizada;22;6;16;6;MVT;26014;;;
MOBIS BRASIL FABRICACAO DE AUTO PECAS LT;RODOVIARIO;1526364;16/06/2026;4;347772;16/06/2026;H - CAMINHO AUTOMOVEIS LTDA;2,53E+13;PIRACICABA;SP;16/06/2026;22/06/2026;17/06/2026;Entregue No Prazo;;Entrega realizada;Entrega Finalizada;22;6;16;6;MVT;26092;;;
MOBIS BRASIL FABRICACAO DE AUTO PECAS LT;RODOVIARIO;1526362;16/06/2026;19;347896;17/06/2026;GRANDAY AUTOMOTORES LTDA (CHAC. CALIFOR);1,57E+13;SAO PAULO;SP;17/06/2026;19/06/2026;17/06/2026;Entregue No Prazo;;Entrega realizada;Entrega Finalizada;19;6;17;6;BV LOG;26090;;;
MOBIS BRASIL FABRICACAO DE AUTO PECAS LT;RODOVIARIO;1526342;16/06/2026;14;347892;17/06/2026;ANDRETA II DISTRIBUIDORA DE VEIC. LTDA;9,10E+12;CAMPINAS;SP;17/06/2026;22/06/2026;17/06/2026;Entregue No Prazo;;Entrega realizada;Entrega Finalizada;22;6;17;6;BV LOG;26011;;;
MOBIS BRASIL FABRICACAO DE AUTO PECAS LT;RODOVIARIO;1526359;16/06/2026;21;347893;17/06/2026;DESTAQUE SEUL DISTR. DE VEIC. E PC. LTDA;2,12E+13;ATIBAIA;SP;17/06/2026;22/06/2026;17/06/2026;Entregue No Prazo;;Entrega realizada;Entrega Finalizada;22;6;17;6;BV LOG;26075;;;
MOBIS BRASIL FABRICACAO DE AUTO PECAS LT;RODOVIARIO;1517309;28/05/2026;2;344978;28/05/2026;PATEO COMERCIO DE VEICULOS S A;7,78E+12;RECIFE;PE;28/05/2026;12/06/2026;18/06/2026;Entregue Fora do Prazo;;Entrega realizada;Entrega Finalizada;12;6;28;5;TERMACO;16004;;;
MOBIS BRASIL FABRICACAO DE AUTO PECAS LT;RODOVIARIO;1517310;28/05/2026;2;344978;28/05/2026;PATEO COMERCIO DE VEICULOS S A;7,78E+12;RECIFE;PE;28/05/2026;12/06/2026;18/06/2026;Entregue Fora do Prazo;;Entrega realizada;Entrega Finalizada;12;6;28;5;TERMACO;16004;;;
MOBIS BRASIL FABRICACAO DE AUTO PECAS LT;RODOVIARIO;1518696;29/05/2026;1;345565;01/06/2026;PATEO COMERCIO DE VEICULOS S A;7,78E+12;RECIFE;PE;01/06/2026;16/06/2026;18/06/2026;Entregue Fora do Prazo;;Entrega realizada;Entrega Finalizada;16;6;1;6;TERMACO;16004;;;
MOBIS BRASIL FABRICACAO DE AUTO PECAS LT;RODOVIARIO;1518697;29/05/2026;76;345565;01/06/2026;PATEO COMERCIO DE VEICULOS S A;7,78E+12;RECIFE;PE;01/06/2026;16/06/2026;18/06/2026;Entregue Fora do Prazo;;Entrega realizada;Entrega Finalizada;16;6;1;6;TERMACO;16004;;;
MOBIS BRASIL FABRICACAO DE AUTO PECAS LT;RODOVIARIO;1519803;02/06/2026;2;345808;02/06/2026;ULSAN COMERCIO DE VEICULOS LTDA;2,10E+13;RIO BRANCO;AC;02/06/2026;19/06/2026;18/06/2026;Entregue No Prazo;;Entrega realizada;Entrega Finalizada;19;6;2;6;CARVALIMA;21004;;;
MOBIS BRASIL FABRICACAO DE AUTO PECAS LT;RODOVIARIO;1520416;03/06/2026;2;345863;03/06/2026;PRIVILLEGE DISTRIBUIDORA DE VEICULOS LTD;1,72E+13;ARAGUAINA;TO;03/06/2026;17/06/2026;18/06/2026;Entregue Fora do Prazo;;Entrega realizada;Entrega Finalizada;17;6;3;6;RIO VERMELHO;27002;;;
MOBIS BRASIL FABRICACAO DE AUTO PECAS LT;RODOVIARIO;1520956;08/06/2026;1;346166;08/06/2026;CAOA MOTOR DO BRASIL LTDA;1,68E+13;FORTALEZA;CE;08/06/2026;22/06/2026;18/06/2026;Entregue No Prazo;;Entrega realizada;Entrega Finalizada;22;6;8;6;TERMACO;5008;;;
MOBIS BRASIL FABRICACAO DE AUTO PECAS LT;RODOVIARIO;1521039;08/06/2026;2;346132;08/06/2026;PRIVILLEGE DISTRIBUIDORA DE VEICULOS LTD;1,72E+13;ARAGUAINA;TO;08/06/2026;22/06/2026;18/06/2026;Entregue No Prazo;;Entrega realizada;Entrega Finalizada;22;6;8;6;RIO VERMELHO;27002;;;
MOBIS BRASIL FABRICACAO DE AUTO PECAS LT;RODOVIARIO;1521461;08/06/2026;2;346170;08/06/2026;FAZZA MOTORS COM. DE VEICULOS LTDA;1,24E+13;FORTALEZA;CE;08/06/2026;22/06/2026;18/06/2026;Entregue No Prazo;;Entrega realizada;Entrega Finalizada;22;6;8;6;TERMACO;6001;;;
MOBIS BRASIL FABRICACAO DE AUTO PECAS LT;RODOVIARIO;1520955;08/06/2026;1;346159;08/06/2026;AIKON VEICULOS LTDA;1,17E+13;ITABUNA;BA;08/06/2026;23/06/2026;18/06/2026;Entregue No Prazo;;Entrega realizada;Entrega Finalizada;23;6;8;6;TERMACO;5002;;;
MOBIS BRASIL FABRICACAO DE AUTO PECAS LT;RODOVIARIO;1521469;08/06/2026;9;346171;08/06/2026;GREEN CITY VEICULOS LTDA;2,10E+13;TERESINA;PI;08/06/2026;24/06/2026;18/06/2026;Entregue No Prazo;;Entrega realizada;Entrega Finalizada;24;6;8;6;TERMACO;17002;;;
MOBIS BRASIL FABRICACAO DE AUTO PECAS LT;RODOVIARIO;1521837;09/06/2026;119;346631;09/06/2026;SAGA KOREA COM. DE VEIC. E PC. LTDA;1,27E+13;BRASILIA;DF;09/06/2026;17/06/2026;18/06/2026;Entregue Fora do Prazo;;Entrega realizada;Entrega Finalizada;17;6;9;6;RIO VERMELHO;7005;;;
MOBIS BRASIL FABRICACAO DE AUTO PECAS LT;RODOVIARIO;1521872;09/06/2026;2;346609;09/06/2026;UNIQUE COMERCIO DE AUTOMOVEIS LTDA;1,74E+13;ANANINDEUA;PA;09/06/2026;22/06/2026;18/06/2026;Entregue No Prazo;;Entrega realizada;Entrega Finalizada;22;6;9;6;CARVALIMA;14003;;;
MOBIS BRASIL FABRICACAO DE AUTO PECAS LT;RODOVIARIO;1521873;09/06/2026;2;346609;09/06/2026;UNIQUE COMERCIO DE AUTOMOVEIS LTDA;1,74E+13;ANANINDEUA;PA;09/06/2026;22/06/2026;18/06/2026;Entregue No Prazo;;Entrega realizada;Entrega Finalizada;22;6;9;6;CARVALIMA;14003;;;
MOBIS BRASIL FABRICACAO DE AUTO PECAS LT;RODOVIARIO;1521874;09/06/2026;3;346590;09/06/2026;NACIONAL NOVA MARABA DIST DE VEIC. LTDA;1,70E+13;MARABA;PA;09/06/2026;23/06/2026;18/06/2026;Entregue No Prazo;;Entrega realizada;Entrega Finalizada;23;6;9;6;CARVALIMA;14005;;;
MOBIS BRASIL FABRICACAO DE AUTO PECAS LT;RODOVIARIO;1521831;09/06/2026;5;346586;09/06/2026;MASTER COMERCIAL DE VEICULOS LTDA;2,85E+13;BARREIRAS;BA;09/06/2026;24/06/2026;18/06/2026;Entregue No Prazo;;Entrega realizada;Entrega Finalizada;24;6;9;6;TERMACO;5012;;;
MOBIS BRASIL FABRICACAO DE AUTO PECAS LT;RODOVIARIO;1521879;09/06/2026;22;346600;09/06/2026;PATEO COMERCIO DE VEICULOS S A;7,78E+12;JOAO PESSOA;PB;09/06/2026;24/06/2026;18/06/2026;Entregue No Prazo;;Entrega realizada;Entrega Finalizada;24;6;9;6;TERMACO;15003;;;
MOBIS BRASIL FABRICACAO DE AUTO PECAS LT;RODOVIARIO;1522168;09/06/2026;1;346580;09/06/2026;GREEN CITY VEICULOS LTDA;2,10E+13;TERESINA;PI;09/06/2026;25/06/2026;18/06/2026;Entregue No Prazo;;Entrega realizada;Entrega Finalizada;25;6;9;6;TERMACO;17002;;;
MOBIS BRASIL FABRICACAO DE AUTO PECAS LT;RODOVIARIO;1522170;09/06/2026;3;346580;09/06/2026;GREEN CITY VEICULOS LTDA;2,10E+13;TERESINA;PI;09/06/2026;25/06/2026;18/06/2026;Entregue No Prazo;;Entrega realizada;Entrega Finalizada;25;6;9;6;TERMACO;17002;;;
MOBIS BRASIL FABRICACAO DE AUTO PECAS LT;RODOVIARIO;1521850;09/06/2026;2;346591;09/06/2026;NACIONAL NOVA MARABA DIST DE VEIC. LTDA;1,70E+13;IMPERATRIZ;MA;09/06/2026;29/06/2026;18/06/2026;Entregue No Prazo;;Entrega realizada;Entrega Finalizada;29;6;9;6;TERMACO;10003;;;
MOBIS BRASIL FABRICACAO DE AUTO PECAS LT;RODOVIARIO;1522575;10/06/2026;1;346857;10/06/2026;UNIQUE COMERCIO DE AUTOMOVEIS LTDA;1,74E+13;ANANINDEUA;PA;10/06/2026;23/06/2026;18/06/2026;Entregue No Prazo;;Entrega realizada;Entrega Finalizada;23;6;10;6;CARVALIMA;14003;;;
MOBIS BRASIL FABRICACAO DE AUTO PECAS LT;RODOVIARIO;1522622;10/06/2026;2;346854;10/06/2026;SAINT LAND COMERCIO DE VEICULOS LTDA;1,04E+13;ARACAJU;SE;10/06/2026;23/06/2026;18/06/2026;Entregue No Prazo;;Entrega realizada;Entrega Finalizada;23;6;10;6;TERMACO;6010;;;
MOBIS BRASIL FABRICACAO DE AUTO PECAS LT;RODOVIARIO;1522577;10/06/2026;3;346841;10/06/2026;NACIONAL NOVA MARABA DIST DE VEIC. LTDA;1,70E+13;MARABA;PA;10/06/2026;24/06/2026;18/06/2026;Entregue No Prazo;Avaria;Entrega realizada;Entrega Finalizada;24;6;10;6;CARVALIMA;14005;;;
MOBIS BRASIL FABRICACAO DE AUTO PECAS LT;RODOVIARIO;1522537;10/06/2026;1;346824;10/06/2026;AIKON VEICULOS LTDA;1,17E+13;VITORIA DA CONQUISTA;BA;10/06/2026;25/06/2026;18/06/2026;Entregue No Prazo;;Entrega realizada;Entrega Finalizada;25;6;10;6;TERMACO;5002;;;
MOBIS BRASIL FABRICACAO DE AUTO PECAS LT;RODOVIARIO;1522541;10/06/2026;1;346848;10/06/2026;PATEO COMERCIO DE VEICULOS S A;7,78E+12;FEIRA DE SANTANA;BA;10/06/2026;25/06/2026;18/06/2026;Entregue No Prazo;;Entrega realizada;Entrega Finalizada;25;6;10;6;TERMACO;5009;;;
MOBIS BRASIL FABRICACAO DE AUTO PECAS LT;RODOVIARIO;1522543;10/06/2026;1;346839;10/06/2026;MASTER COMERCIAL DE VEICULOS LTDA;2,85E+13;BARREIRAS;BA;10/06/2026;25/06/2026;18/06/2026;Entregue No Prazo;;Entrega realizada;Entrega Finalizada;25;6;10;6;TERMACO;5012;;;
MOBIS BRASIL FABRICACAO DE AUTO PECAS LT;RODOVIARIO;1523504;11/06/2026;1;346931;11/06/2026;NISA COMERCIAL DE VEIC. AUTOMOTORES LTDA;1,03E+13;APARECIDA DE GOIANIA;GO;11/06/2026;19/06/2026;18/06/2026;Entregue No Prazo;;Entrega realizada;Entrega Finalizada;19;6;11;6;RIO VERMELHO;9002;;;
MOBIS BRASIL FABRICACAO DE AUTO PECAS LT;RODOVIARIO;1523505;11/06/2026;8;346931;11/06/2026;NISA COMERCIAL DE VEIC. AUTOMOTORES LTDA;1,03E+13;APARECIDA DE GOIANIA;GO;11/06/2026;19/06/2026;18/06/2026;Entregue No Prazo;;Entrega realizada;Entrega Finalizada;19;6;11;6;RIO VERMELHO;9002;;;
MOBIS BRASIL FABRICACAO DE AUTO PECAS LT;RODOVIARIO;1523507;11/06/2026;1;346932;11/06/2026;NISA COMERCIAL DE VEIC. AUTOMOTORES LTDA;1,03E+13;GOIANIA;GO;11/06/2026;19/06/2026;18/06/2026;Entregue No Prazo;;Entrega realizada;Entrega Finalizada;19;6;11;6;RIO VERMELHO;9013;;;
MOBIS BRASIL FABRICACAO DE AUTO PECAS LT;RODOVIARIO;1523525;11/06/2026;3;346984;11/06/2026;UNIQUE COMERCIO DE AUTOMOVEIS LTDA;1,74E+13;ANANINDEUA;PA;11/06/2026;24/06/2026;18/06/2026;Entregue No Prazo;;Entrega realizada;Entrega Finalizada;24;6;11;6;CARVALIMA;14003;;;
MOBIS BRASIL FABRICACAO DE AUTO PECAS LT;RODOVIARIO;1523526;11/06/2026;4;346973;11/06/2026;NACIONAL NOVA MARABA DIST DE VEIC. LTDA;1,70E+13;MARABA;PA;11/06/2026;25/06/2026;18/06/2026;Entregue No Prazo;;Entrega realizada;Entrega Finalizada;25;6;11;6;CARVALIMA;14005;;;
MOBIS BRASIL FABRICACAO DE AUTO PECAS LT;RODOVIARIO;1524111;11/06/2026;1;346969;11/06/2026;GREEN CITY VEICULOS LTDA;2,10E+13;TERESINA;PI;11/06/2026;29/06/2026;18/06/2026;Entregue No Prazo;;Entrega realizada;Entrega Finalizada;29;6;11;6;TERMACO;17002;;;
MOBIS BRASIL FABRICACAO DE AUTO PECAS LT;RODOVIARIO;1524415;12/06/2026;1;347145;12/06/2026;URCA MOTORS VEICULOS LTDA;8,77E+12;UBERABA;MG;12/06/2026;18/06/2026;18/06/2026;Entregue No Prazo;;Entrega realizada;Entrega Finalizada;18;6;12;6;XD BETIM;9014;;;
MOBIS BRASIL FABRICACAO DE AUTO PECAS LT;RODOVIARIO;1524446;12/06/2026;7;347164;12/06/2026;HOUSE PARTS-COM. DE PCS. E VEICULOS LTDA;1,15E+13;PORTO ALEGRE;RS;12/06/2026;18/06/2026;18/06/2026;Entregue No Prazo;;Entrega realizada;Entrega Finalizada;18;6;12;6;TRANSTRY;23004;;;
MOBIS BRASIL FABRICACAO DE AUTO PECAS LT;RODOVIARIO;1524423;12/06/2026;3;347241;12/06/2026;UNIQUE COMERCIO DE AUTOMOVEIS LTDA;1,74E+13;ANANINDEUA;PA;12/06/2026;25/06/2026;18/06/2026;Entregue No Prazo;;Entrega realizada;Entrega Finalizada;25;6;12;6;CARVALIMA;14003;;;
MOBIS BRASIL FABRICACAO DE AUTO PECAS LT;RODOVIARIO;1524424;12/06/2026;3;347220;12/06/2026;CAOA MOTOR DO BRASIL LTDA;1,68E+13;BELEM;PA;12/06/2026;25/06/2026;18/06/2026;Entregue No Prazo;;Entrega realizada;Entrega Finalizada;25;6;12;6;CARVALIMA;5008;;;
MOBIS BRASIL FABRICACAO DE AUTO PECAS LT;RODOVIARIO;1524425;12/06/2026;2;347229;12/06/2026;NACIONAL NOVA MARABA DIST DE VEIC. LTDA;1,70E+13;MARABA;PA;12/06/2026;26/06/2026;18/06/2026;Entregue No Prazo;;Entrega realizada;Entrega Finalizada;26;6;12;6;CARVALIMA;14005;;;
MOBIS BRASIL FABRICACAO DE AUTO PECAS LT;RODOVIARIO;1524426;12/06/2026;3;347229;12/06/2026;NACIONAL NOVA MARABA DIST DE VEIC. LTDA;1,70E+13;MARABA;PA;12/06/2026;26/06/2026;18/06/2026;Entregue No Prazo;;Entrega realizada;Entrega Finalizada;26;6;12;6;CARVALIMA;14005;;;
MOBIS BRASIL FABRICACAO DE AUTO PECAS LT;RODOVIARIO;1525318;15/06/2026;11;347410;15/06/2026;TAI MOTORS VEICULOS S/A;9,27E+12;BELO HORIZONTE;MG;15/06/2026;18/06/2026;18/06/2026;Entregue No Prazo;;Entrega realizada;Entrega Finalizada;18;6;15;6;XD BETIM;8002;;;
MOBIS BRASIL FABRICACAO DE AUTO PECAS LT;RODOVIARIO;1525319;15/06/2026;34;347410;15/06/2026;TAI MOTORS VEICULOS S/A;9,27E+12;BELO HORIZONTE;MG;15/06/2026;18/06/2026;18/06/2026;Entregue No Prazo;;Entrega realizada;Entrega Finalizada;18;6;15;6;XD BETIM;8002;;;
MOBIS BRASIL FABRICACAO DE AUTO PECAS LT;RODOVIARIO;1525315;15/06/2026;5;347400;15/06/2026;IMOTORS VEICULOS LTDA;7,17E+12;JUIZ DE FORA;MG;15/06/2026;19/06/2026;18/06/2026;Entregue No Prazo;;Entrega realizada;Entrega Finalizada;19;6;15;6;XD BETIM;11010;;;
MOBIS BRASIL FABRICACAO DE AUTO PECAS LT;RODOVIARIO;1525317;15/06/2026;5;347412;15/06/2026;URCA MOTORS VEICULOS LTDA;8,77E+12;UBERABA;MG;15/06/2026;19/06/2026;18/06/2026;Entregue No Prazo;;Entrega realizada;Entrega Finalizada;19;6;15;6;XD BETIM;9014;;;
MOBIS BRASIL FABRICACAO DE AUTO PECAS LT;RODOVIARIO;1525343;15/06/2026;3;347439;15/06/2026;CAOA MOTOR DO BRASIL LTDA;1,68E+13;NITEROI;RJ;15/06/2026;19/06/2026;18/06/2026;Entregue No Prazo;;Entrega realizada;Entrega Finalizada;19;6;15;6;CAMILO;5008;;;
MOBIS BRASIL FABRICACAO DE AUTO PECAS LT;RODOVIARIO;1525376;15/06/2026;1;347523;15/06/2026;GOLDEN MOTORS VEICULOS LTDA;3,62E+12;PRESIDENTE PRUDENTE;SP;15/06/2026;19/06/2026;18/06/2026;Entregue No Prazo;;Entrega realizada;Entrega Finalizada;19;6;15;6;MVT;12001;;;
MOBIS BRASIL FABRICACAO DE AUTO PECAS LT;RODOVIARIO;1525934;15/06/2026;21;347448;15/06/2026;ITAVEMA MOTORS VEICULOS LTDA;7,73E+12;RIO DE JANEIRO;RJ;15/06/2026;19/06/2026;18/06/2026;Entregue No Prazo;;Entrega realizada;Entrega Finalizada;19;6;15;6;CAMILO;19001;;;
MOBIS BRASIL FABRICACAO DE AUTO PECAS LT;RODOVIARIO;1525300;15/06/2026;14;347464;15/06/2026;VIA BRASIL AUTOMOVEIS LTDA.;4,72E+12;SERRA;ES;15/06/2026;22/06/2026;18/06/2026;Entregue No Prazo;;Entrega realizada;Entrega Finalizada;22;6;15;6;CAMILO;8001;;;
MOBIS BRASIL FABRICACAO DE AUTO PECAS LT;RODOVIARIO;1525301;15/06/2026;7;347464;15/06/2026;VIA BRASIL AUTOMOVEIS LTDA.;4,72E+12;SERRA;ES;15/06/2026;22/06/2026;18/06/2026;Entregue No Prazo;;Entrega realizada;Entrega Finalizada;22;6;15;6;CAMILO;8001;;;
MOBIS BRASIL FABRICACAO DE AUTO PECAS LT;RODOVIARIO;1525316;15/06/2026;1;347417;15/06/2026;VITAL COMERCIO DE VEICULOS LTDA;1,05E+13;IPATINGA;MG;15/06/2026;22/06/2026;18/06/2026;Entregue No Prazo;;Entrega realizada;Entrega Finalizada;22;6;15;6;XD BETIM;11016;;;
MOBIS BRASIL FABRICACAO DE AUTO PECAS LT;RODOVIARIO;1525322;15/06/2026;3;347416;15/06/2026;VIME AUTOMOVEIS E PECAS LTDA;2,85E+13;GUAXUPE;MG;15/06/2026;22/06/2026;18/06/2026;Entregue No Prazo;;Entrega realizada;Entrega Finalizada;22;6;15;6;XD BETIM;11031;;;
MOBIS BRASIL FABRICACAO DE AUTO PECAS LT;RODOVIARIO;1525344;15/06/2026;2;347461;15/06/2026;TAI MOTORS VEICULOS S/A.;9,27E+12;CAMPOS DOS GOYTACAZES;RJ;15/06/2026;22/06/2026;18/06/2026;Entregue No Prazo;;Entrega realizada;Entrega Finalizada;22;6;15;6;CAMILO;19023;;;
MOBIS BRASIL FABRICACAO DE AUTO PECAS LT;RODOVIARIO;1525302;15/06/2026;4;347457;15/06/2026;PRIME CACHOEIRO VEICULOS LTDA EPP;9,34E+12;CACHOEIRO DE ITAPEMIRIM;ES;15/06/2026;23/06/2026;18/06/2026;Entregue No Prazo;;Entrega realizada;Entrega Finalizada;23;6;15;6;CAMILO;8003;;;
MOBIS BRASIL FABRICACAO DE AUTO PECAS LT;RODOVIARIO;1525304;15/06/2026;5;347403;15/06/2026;NISA COMERCIAL DE VEIC. AUTOMOTORES LTDA;1,03E+13;APARECIDA DE GOIANIA;GO;15/06/2026;23/06/2026;18/06/2026;Entregue No Prazo;;Entrega realizada;Entrega Finalizada;23;6;15;6;RIO VERMELHO;9002;;;
MOBIS BRASIL FABRICACAO DE AUTO PECAS LT;RODOVIARIO;1525305;15/06/2026;4;347403;15/06/2026;NISA COMERCIAL DE VEIC. AUTOMOTORES LTDA;1,03E+13;APARECIDA DE GOIANIA;GO;15/06/2026;23/06/2026;18/06/2026;Entregue No Prazo;;Entrega realizada;Entrega Finalizada;23;6;15;6;RIO VERMELHO;9002;;;
MOBIS BRASIL FABRICACAO DE AUTO PECAS LT;RODOVIARIO;1525907;15/06/2026;131;347407;15/06/2026;SAGA KOREA COM. DE VEIC. E PC. LTDA;1,27E+13;GOIANIA;GO;15/06/2026;23/06/2026;18/06/2026;Entregue No Prazo;;Entrega realizada;Entrega Finalizada;23;6;15;6;RIO VERMELHO;9011;;;
MOBIS BRASIL FABRICACAO DE AUTO PECAS LT;RODOVIARIO;1525944;15/06/2026;2;347407;15/06/2026;SAGA KOREA COM. DE VEIC. E PC. LTDA;1,27E+13;GOIANIA;GO;15/06/2026;23/06/2026;18/06/2026;Entregue No Prazo;;Entrega realizada;Entrega Finalizada;23;6;15;6;RIO VERMELHO;9011;;;
MOBIS BRASIL FABRICACAO DE AUTO PECAS LT;RODOVIARIO;1525307;15/06/2026;6;347414;15/06/2026;URCA MOTORS VEICULOS LTDA;8,77E+12;RIO VERDE;GO;15/06/2026;25/06/2026;18/06/2026;Entregue No Prazo;;Entrega realizada;Entrega Finalizada;25;6;15;6;RIO VERMELHO;9014;;;
MOBIS BRASIL FABRICACAO DE AUTO PECAS LT;RODOVIARIO;1525308;15/06/2026;5;347413;15/06/2026;URCA MOTORS VEICULOS LTDA;8,77E+12;ITUMBIARA;GO;15/06/2026;25/06/2026;18/06/2026;Entregue No Prazo;;Entrega realizada;Entrega Finalizada;25;6;15;6;RIO VERMELHO;9014;;;
MOBIS BRASIL FABRICACAO DE AUTO PECAS LT;RODOVIARIO;1526290;16/06/2026;14;347660;16/06/2026;TAI MOTORS VEICULOS S/A;9,27E+12;BELO HORIZONTE;MG;16/06/2026;19/06/2026;18/06/2026;Entregue No Prazo;;Entrega realizada;Entrega Finalizada;19;6;16;6;XD BETIM;8002;;;
MOBIS BRASIL FABRICACAO DE AUTO PECAS LT;RODOVIARIO;1526294;16/06/2026;43;347648;16/06/2026;BDG AUTOVILLE VEICULOS LTDA;4,77E+13;CONTAGEM;MG;16/06/2026;19/06/2026;18/06/2026;Entregue No Prazo;;Entrega realizada;Entrega Finalizada;19;6;16;6;XD BETIM;11037;;;
MOBIS BRASIL FABRICACAO DE AUTO PECAS LT;RODOVIARIO;1526347;16/06/2026;2;347766;16/06/2026;ANDRETA II DISTRIB.DE VEICULOS LTDA.;9,10E+12;JUNDIAI;SP;16/06/2026;19/06/2026;18/06/2026;Entregue No Prazo;;Entrega realizada;Entrega Finalizada;19;6;16;6;MVT;26040;;;
MOBIS BRASIL FABRICACAO DE AUTO PECAS LT;RODOVIARIO;1526287;16/06/2026;1;347664;16/06/2026;URCA MOTORS VEICULOS LTDA;8,77E+12;UBERLANDIA;MG;16/06/2026;22/06/2026;18/06/2026;Entregue No Prazo;;Entrega realizada;Entrega Finalizada;22;6;16;6;XD BETIM;9014;;;
MOBIS BRASIL FABRICACAO DE AUTO PECAS LT;RODOVIARIO;1526289;16/06/2026;1;347663;16/06/2026;URCA MOTORS VEICULOS LTDA;8,77E+12;UBERABA;MG;16/06/2026;22/06/2026;18/06/2026;Entregue No Prazo;;Entrega realizada;Entrega Finalizada;22;6;16;6;XD BETIM;9014;;;
MOBIS BRASIL FABRICACAO DE AUTO PECAS LT;RODOVIARIO;1526292;16/06/2026;3;347661;16/06/2026;TOKSU COMERCIO DE VEICULOS LTDA;1,12E+13;VARGINHA;MG;16/06/2026;22/06/2026;18/06/2026;Entregue No Prazo;;Entrega realizada;Entrega Finalizada;22;6;16;6;XD BETIM;11008;;;
MOBIS BRASIL FABRICACAO DE AUTO PECAS LT;RODOVIARIO;1526303;16/06/2026;24;347685;16/06/2026;LOVAT VEICULOS S/A;8,57E+12;LONDRINA;PR;16/06/2026;22/06/2026;18/06/2026;Entregue No Prazo;;Entrega realizada;Entrega Finalizada;22;6;16;6;TRANSTRY;18008;;;
MOBIS BRASIL FABRICACAO DE AUTO PECAS LT;RODOVIARIO;1526307;16/06/2026;5;347671;16/06/2026;BARI VEICULOS LTDA;7,46E+12;PONTA GROSSA;PR;16/06/2026;22/06/2026;18/06/2026;Entregue No Prazo;;Entrega realizada;Entrega Finalizada;22;6;16;6;TRANSTRY;18024;;;
MOBIS BRASIL FABRICACAO DE AUTO PECAS LT;RODOVIARIO;1526308;16/06/2026;4;347671;16/06/2026;BARI VEICULOS LTDA;7,46E+12;PONTA GROSSA;PR;16/06/2026;22/06/2026;18/06/2026;Entregue No Prazo;;Entrega realizada;Entrega Finalizada;22;6;16;6;TRANSTRY;18024;;;
MOBIS BRASIL FABRICACAO DE AUTO PECAS LT;RODOVIARIO;1526311;16/06/2026;2;347702;16/06/2026;ITAVEMA MOTORS VEICULOS LTDA;7,73E+12;DUQUE DE CAXIAS;RJ;16/06/2026;22/06/2026;18/06/2026;Entregue No Prazo;;Entrega realizada;Entrega Finalizada;22;6;16;6;CAMILO;19001;;;
MOBIS BRASIL FABRICACAO DE AUTO PECAS LT;RODOVIARIO;1526314;16/06/2026;1;347695;16/06/2026;CAOA MOTOR DO BRASIL LTDA;1,68E+13;RIO DE JANEIRO;RJ;16/06/2026;22/06/2026;18/06/2026;Entregue No Prazo;;Entrega realizada;Entrega Finalizada;22;6;16;6;CAMILO;5008;;;
MOBIS BRASIL FABRICACAO DE AUTO PECAS LT;RODOVIARIO;1526315;16/06/2026;2;347694;16/06/2026;CAOA MOTOR DO BRASIL LTDA;1,68E+13;RIO DE JANEIRO;RJ;16/06/2026;22/06/2026;18/06/2026;Entregue No Prazo;;Entrega realizada;Entrega Finalizada;22;6;16;6;CAMILO;5008;;;
MOBIS BRASIL FABRICACAO DE AUTO PECAS LT;RODOVIARIO;1526350;16/06/2026;3;347773;16/06/2026;H R B COMERCIO DE VEICULOS LTDA;1,82E+13;SAO JOSE DO RIO PRETO;SP;16/06/2026;22/06/2026;18/06/2026;Entregue No Prazo;;Entrega realizada;Entrega Finalizada;22;6;16;6;MVT;26050;;;
MOBIS BRASIL FABRICACAO DE AUTO PECAS LT;RODOVIARIO;1526351;16/06/2026;3;347773;16/06/2026;H R B COMERCIO DE VEICULOS LTDA;1,82E+13;SAO JOSE DO RIO PRETO;SP;16/06/2026;22/06/2026;18/06/2026;Entregue No Prazo;;Entrega realizada;Entrega Finalizada;22;6;16;6;MVT;26050;;;
MOBIS BRASIL FABRICACAO DE AUTO PECAS LT;RODOVIARIO;1526355;16/06/2026;1;347771;16/06/2026;GOLDEN MOTORS VEICULOS LTDA;3,62E+12;ARACATUBA;SP;16/06/2026;22/06/2026;18/06/2026;Entregue No Prazo;;Entrega realizada;Entrega Finalizada;22;6;16;6;MVT;12001;;;
MOBIS BRASIL FABRICACAO DE AUTO PECAS LT;RODOVIARIO;1526360;16/06/2026;1;347769;16/06/2026;DHC COMERCIO DE VEICULOS E PECAS LTDA;9,52E+12;JAU;SP;16/06/2026;22/06/2026;18/06/2026;Entregue No Prazo;;Entrega realizada;Entrega Finalizada;22;6;16;6;MVT;26010;;;
MOBIS BRASIL FABRICACAO DE AUTO PECAS LT;RODOVIARIO;1526365;16/06/2026;1;347770;16/06/2026;DHC COMERCIO DE VEICULOS E PECAS LTDA;9,52E+12;OURINHOS;SP;16/06/2026;22/06/2026;18/06/2026;Entregue No Prazo;;Entrega realizada;Entrega Finalizada;22;6;16;6;MVT;26010;;;
MOBIS BRASIL FABRICACAO DE AUTO PECAS LT;RODOVIARIO;1526771;16/06/2026;6;347703;16/06/2026;ITAVEMA MOTORS VEICULOS LTDA;7,73E+12;RIO DE JANEIRO;RJ;16/06/2026;22/06/2026;18/06/2026;Entregue No Prazo;;Entrega realizada;Entrega Finalizada;22;6;16;6;CAMILO;19001;;;
MOBIS BRASIL FABRICACAO DE AUTO PECAS LT;RODOVIARIO;1526288;16/06/2026;1;347665;16/06/2026;VITAL COMERCIO DE VEICULOS LTDA;1,05E+13;IPATINGA;MG;16/06/2026;23/06/2026;18/06/2026;Entregue No Prazo;;Entrega realizada;Entrega Finalizada;23;6;16;6;XD BETIM;11016;;;
MOBIS BRASIL FABRICACAO DE AUTO PECAS LT;RODOVIARIO;1526313;16/06/2026;5;347714;16/06/2026;TAI MOTORS VEICULOS S/A.;9,27E+12;CAMPOS DOS GOYTACAZES;RJ;16/06/2026;23/06/2026;18/06/2026;Entregue No Prazo;;Entrega realizada;Entrega Finalizada;23;6;16;6;CAMILO;19023;;;
MOBIS BRASIL FABRICACAO DE AUTO PECAS LT;RODOVIARIO;1526333;16/06/2026;6;347687;16/06/2026;LR COMERCIO DE VEICULOS LTDA;1,05E+13;SAO JOSE;SC;16/06/2026;23/06/2026;18/06/2026;Entregue No Prazo;;Entrega realizada;Entrega Finalizada;23;6;16;6;TRANSTRY;24007;;;
MOBIS BRASIL FABRICACAO DE AUTO PECAS LT;RODOVIARIO;1526334;16/06/2026;28;347673;16/06/2026;BARI VEICULOS LTDA;7,46E+12;BLUMENAU;SC;16/06/2026;23/06/2026;18/06/2026;Entregue No Prazo;;Entrega realizada;Entrega Finalizada;23;6;16;6;TRANSTRY;18024;;;
MOBIS BRASIL FABRICACAO DE AUTO PECAS LT;RODOVIARIO;1526335;16/06/2026;5;347670;16/06/2026;BARI VEICULOS LTDA;7,46E+12;BALNEARIO CAMBORIU;SC;16/06/2026;24/06/2026;18/06/2026;Entregue No Prazo;;Entrega realizada;Entrega Finalizada;24;6;16;6;TRANSTRY;18024;;;
MOBIS BRASIL FABRICACAO DE AUTO PECAS LT;RODOVIARIO;1527271;17/06/2026;3;347904;17/06/2026;CAOA MOTOR DO BRASIL LTDA (ARICANDUVA);1,68E+13;SAO PAULO;SP;17/06/2026;19/06/2026;18/06/2026;Entregue No Prazo;;Entrega realizada;Entrega Finalizada;19;6;17;6;XD DIADEMA;26039;;;
MOBIS BRASIL FABRICACAO DE AUTO PECAS LT;RODOVIARIO;1527278;17/06/2026;3;347913;17/06/2026;NOBRE SP DISTRIB. DE VEIC. E PEC. LTDA;1,70E+13;SAO PAULO;SP;17/06/2026;19/06/2026;18/06/2026;Entregue No Prazo;;Entrega realizada;Entrega Finalizada;19;6;17;6;XD DIADEMA;26081;;;
MOBIS BRASIL FABRICACAO DE AUTO PECAS LT;RODOVIARIO;1527453;17/06/2026;6;347902;17/06/2026;BILLY DISTRIBUIDORA DE VEICULOS LTDA;1,34E+13;SAO CAETANO DO SUL;SP;17/06/2026;19/06/2026;18/06/2026;Entregue No Prazo;;Entrega realizada;Entrega Finalizada;19;6;17;6;XD DIADEMA;26003;;;
MOBIS BRASIL FABRICACAO DE AUTO PECAS LT;RODOVIARIO;1527244;17/06/2026;3;347957;17/06/2026;BARI VEICULOS LTDA;7,46E+12;CURITIBA;PR;17/06/2026;22/06/2026;18/06/2026;Entregue No Prazo;;Entrega realizada;Entrega Finalizada;22;6;17;6;TRANSTRY;18024;;;
MOBIS BRASIL FABRICACAO DE AUTO PECAS LT;RODOVIARIO;1527281;17/06/2026;1;347978;17/06/2026;H - CAMINHO AUTOMOVEIS LTDA;2,53E+13;LIMEIRA;SP;17/06/2026;22/06/2026;18/06/2026;Entregue No Prazo;;Entrega realizada;Entrega Finalizada;22;6;17;6;MVT;26092;;;
MOBIS BRASIL FABRICACAO DE AUTO PECAS LT;RODOVIARIO;1527243;17/06/2026;1;347956;17/06/2026;BARI VEICULOS LTDA;7,46E+12;SAO JOSE DOS PINHAIS;PR;17/06/2026;23/06/2026;18/06/2026;Entregue No Prazo;;Entrega realizada;Entrega Finalizada;23;6;17;6;TRANSTRY;18024;;;
MOBIS BRASIL FABRICACAO DE AUTO PECAS LT;RODOVIARIO;1527273;17/06/2026;4;347981;17/06/2026;NEW VEICULOS E PECAS LTDA;1,59E+13;FRANCA;SP;17/06/2026;23/06/2026;18/06/2026;Entregue No Prazo;;Entrega realizada;Entrega Finalizada;23;6;17;6;MVT;26014;;;
MOBIS BRASIL FABRICACAO DE AUTO PECAS LT;RODOVIARIO;1527280;17/06/2026;1;347979;17/06/2026;H - CAMINHO AUTOMOVEIS LTDA;2,53E+13;PIRACICABA;SP;17/06/2026;23/06/2026;18/06/2026;Entregue No Prazo;;Entrega realizada;Entrega Finalizada;23;6;17;6;MVT;26092;;;
MOBIS BRASIL FABRICACAO DE AUTO PECAS LT;RODOVIARIO;1527268;17/06/2026;2;348118;18/06/2026;ANDRETA II DISTRIBUIDORA DE VEIC. LTDA;9,10E+12;CAMPINAS;SP;18/06/2026;23/06/2026;18/06/2026;Entregue No Prazo;;Entrega realizada;Entrega Finalizada;23;6;18;6;BV LOG;26011;;;
MOBIS BRASIL FABRICACAO DE AUTO PECAS LT;RODOVIARIO;1527269;17/06/2026;7;348118;18/06/2026;ANDRETA II DISTRIBUIDORA DE VEIC. LTDA;9,10E+12;CAMPINAS;SP;18/06/2026;23/06/2026;18/06/2026;Entregue No Prazo;;Entrega realizada;Entrega Finalizada;23;6;18;6;BV LOG;26011;;;
MOBIS BRASIL FABRICACAO DE AUTO PECAS LT;RODOVIARIO;1527276;17/06/2026;2;348119;18/06/2026;CAOA MOTOR DO BRASIL LTDA;1,68E+13;CAMPINAS;SP;18/06/2026;23/06/2026;18/06/2026;Entregue No Prazo;;Entrega realizada;Entrega Finalizada;23;6;18;6;BV LOG;5008;;;
MOBIS BRASIL FABRICACAO DE AUTO PECAS LT;RODOVIARIO;1527277;17/06/2026;17;348120;18/06/2026;DESTAQUE SEUL DISTR. DE VEIC. E PC. LTDA;2,12E+13;ATIBAIA;SP;18/06/2026;23/06/2026;18/06/2026;Entregue No Prazo;;Entrega realizada;Entrega Finalizada;23;6;18;6;BV LOG;26075;;;
MOBIS BRASIL FABRICACAO DE AUTO PECAS LT;RODOVIARIO;1528090;18/06/2026;1;348118;18/06/2026;ANDRETA II DISTRIBUIDORA DE VEIC. LTDA;9,10E+12;CAMPINAS;SP;18/06/2026;23/06/2026;18/06/2026;Entregue No Prazo;;Entrega realizada;Entrega Finalizada;23;6;18;6;BV LOG;26011;;;
MOBIS BRASIL FABRICACAO DE AUTO PECAS LT;RODOVIARIO;1528091;18/06/2026;14;348118;18/06/2026;ANDRETA II DISTRIBUIDORA DE VEIC. LTDA;9,10E+12;CAMPINAS;SP;18/06/2026;23/06/2026;18/06/2026;Entregue No Prazo;;Entrega realizada;Entrega Finalizada;23;6;18;6;BV LOG;26011;;;
MOBIS BRASIL FABRICACAO DE AUTO PECAS LT;RODOVIARIO;1528103;18/06/2026;1;348120;18/06/2026;DESTAQUE SEUL DISTR. DE VEIC. E PC. LTDA;2,12E+13;ATIBAIA;SP;18/06/2026;23/06/2026;18/06/2026;Entregue No Prazo;;Entrega realizada;Entrega Finalizada;23;6;18;6;BV LOG;26075;;;
MOBIS BRASIL FABRICACAO DE AUTO PECAS LT;RODOVIARIO;1528104;18/06/2026;7;348120;18/06/2026;DESTAQUE SEUL DISTR. DE VEIC. E PC. LTDA;2,12E+13;ATIBAIA;SP;18/06/2026;23/06/2026;18/06/2026;Entregue No Prazo;;Entrega realizada;Entrega Finalizada;23;6;18;6;BV LOG;26075;;;
MOBIS BRASIL FABRICACAO DE AUTO PECAS LT;RODOVIARIO;1527274;17/06/2026;17;348117;18/06/2026;H R B COMERCIO DE VEICULOS LTDA;1,82E+13;SAO JOSE DO RIO PRETO;SP;18/06/2026;24/06/2026;18/06/2026;Entregue No Prazo;;Entrega realizada;Entrega Finalizada;24;6;18;6;BV LOG;26050;;;
MOBIS BRASIL FABRICACAO DE AUTO PECAS LT;RODOVIARIO;1514305;21/05/2026;1;343734;21/05/2026;GOLDEN MOTORS VEICULOS LTDA;3,62E+12;ARACATUBA;SP;21/05/2026;27/05/2026;19/06/2026;Entregue Fora do Prazo;Extravio;22/06 Extravio, solicitação de um novo pedido;Entrega Finalizada;27;5;21;5;MVT;12001;;;
MOBIS BRASIL FABRICACAO DE AUTO PECAS LT;RODOVIARIO;1520359;03/06/2026;1;345861;03/06/2026;NASA MOTORS LTDA.;2,65E+13;SAO LUIS DE MONTES BELOS;GO;03/06/2026;17/06/2026;19/06/2026;Entregue Fora do Prazo;;Entrega realizada;Entrega Finalizada;17;6;3;6;RIO VERMELHO;9016;;;
MOBIS BRASIL FABRICACAO DE AUTO PECAS LT;RODOVIARIO;1520372;03/06/2026;1;345901;03/06/2026;JPN PATOS COMERCIO DE VEICULOS LTDA;4,20E+13;PATOS;PB;03/06/2026;19/06/2026;19/06/2026;Entregue No Prazo;;Entrega realizada;Entrega Finalizada;19;6;3;6;TERMACO;15004;;;
MOBIS BRASIL FABRICACAO DE AUTO PECAS LT;RODOVIARIO;1520952;08/06/2026;3;346169;08/06/2026;CYCOSA AUTOMOVEIS LTDA;4,76E+12;MACEIO;AL;08/06/2026;22/06/2026;19/06/2026;Entregue No Prazo;;Entrega realizada;Entrega Finalizada;22;6;8;6;TERMACO;2001;;;
MOBIS BRASIL FABRICACAO DE AUTO PECAS LT;RODOVIARIO;1520965;08/06/2026;3;346128;08/06/2026;NASA MOTORS LTDA.;2,65E+13;SAO LUIS DE MONTES BELOS;GO;08/06/2026;22/06/2026;19/06/2026;Entregue No Prazo;;Entrega realizada;Entrega Finalizada;22;6;8;6;RIO VERMELHO;9016;;;
MOBIS BRASIL FABRICACAO DE AUTO PECAS LT;RODOVIARIO;1520966;08/06/2026;3;346138;08/06/2026;TRIAUTO KOREA AUTOMOVEIS LTDA;4,99E+13;CATALAO;GO;08/06/2026;22/06/2026;19/06/2026;Entregue No Prazo;;Entrega realizada;Entrega Finalizada;22;6;8;6;RIO VERMELHO;9018;;;
MOBIS BRASIL FABRICACAO DE AUTO PECAS LT;RODOVIARIO;1520979;08/06/2026;6;346162;08/06/2026;AUTORAC VEICULOS LTDA;1,06E+13;CARUARU;PE;08/06/2026;24/06/2026;19/06/2026;Entregue No Prazo;;Entrega realizada;Entrega Finalizada;24;6;8;6;TERMACO;16001;;;
MOBIS BRASIL FABRICACAO DE AUTO PECAS LT;RODOVIARIO;1521825;09/06/2026;13;346595;09/06/2026;PATEO COMERCIO DE VEICULOS S A;7,78E+12;SALVADOR;BA;09/06/2026;19/06/2026;19/06/2026;Entregue No Prazo;;Entrega realizada;Entrega Finalizada;19;6;9;6;TERMACO;5003;;;
MOBIS BRASIL FABRICACAO DE AUTO PECAS LT;RODOVIARIO;1521826;09/06/2026;1;346578;09/06/2026;FAZZA MOTORS COMERCIO DE VEICULOS LTDA;1,24E+13;SALVADOR;BA;09/06/2026;19/06/2026;19/06/2026;Entregue No Prazo;;Entrega realizada;Entrega Finalizada;19;6;9;6;TERMACO;5007;;;
MOBIS BRASIL FABRICACAO DE AUTO PECAS LT;RODOVIARIO;1521827;09/06/2026;5;346578;09/06/2026;FAZZA MOTORS COMERCIO DE VEICULOS LTDA;1,24E+13;SALVADOR;BA;09/06/2026;19/06/2026;19/06/2026;Entregue No Prazo;;Entrega realizada;Entrega Finalizada;19;6;9;6;TERMACO;5007;;;
MOBIS BRASIL FABRICACAO DE AUTO PECAS LT;RODOVIARIO;1521821;09/06/2026;4;346576;09/06/2026;CYCOSA AUTOMOVEIS LTDA;4,76E+12;MACEIO;AL;09/06/2026;23/06/2026;19/06/2026;Entregue No Prazo;;Entrega realizada;Entrega Finalizada;23;6;9;6;TERMACO;2001;;;
MOBIS BRASIL FABRICACAO DE AUTO PECAS LT;RODOVIARIO;1521846;09/06/2026;1;346626;09/06/2026;NASA MOTORS LTDA.;2,65E+13;SAO LUIS DE MONTES BELOS;GO;09/06/2026;23/06/2026;19/06/2026;Entregue No Prazo;;Entrega realizada;Entrega Finalizada;23;6;9;6;RIO VERMELHO;9016;;;
MOBIS BRASIL FABRICACAO DE AUTO PECAS LT;RODOVIARIO;1521847;09/06/2026;8;346626;09/06/2026;NASA MOTORS LTDA.;2,65E+13;SAO LUIS DE MONTES BELOS;GO;09/06/2026;23/06/2026;19/06/2026;Entregue No Prazo;;Entrega realizada;Entrega Finalizada;23;6;9;6;RIO VERMELHO;9016;;;
MOBIS BRASIL FABRICACAO DE AUTO PECAS LT;RODOVIARIO;1521878;09/06/2026;1;346569;09/06/2026;CAOA MOTOR DO BRASIL LTDA;1,68E+13;CAMPINA GRANDE;PB;09/06/2026;25/06/2026;19/06/2026;Entregue No Prazo;;Entrega realizada;Entrega Finalizada;25;6;9;6;TERMACO;5008;;;
MOBIS BRASIL FABRICACAO DE AUTO PECAS LT;RODOVIARIO;1521909;09/06/2026;2;346593;09/06/2026;ORIENTE AUTOMOVEIS LTDA;1,33E+13;PARNAMIRIM;RN;09/06/2026;25/06/2026;19/06/2026;Entregue No Prazo;;Entrega realizada;Entrega Finalizada;25;6;9;6;TERMACO;20001;;;
MOBIS BRASIL FABRICACAO DE AUTO PECAS LT;RODOVIARIO;1521823;09/06/2026;9;346601;09/06/2026;PATEO COMERCIO DE VEICULOS S A;7,78E+12;MANAUS;AM;09/06/2026;03/07/2026;19/06/2026;Entregue No Prazo;;Entrega realizada;Entrega Finalizada;3;7;9;6;CARVALIMA;3002;;;
MOBIS BRASIL FABRICACAO DE AUTO PECAS LT;RODOVIARIO;1522538;10/06/2026;8;346844;10/06/2026;PATEO COMERCIO DE VEICULOS S A;7,78E+12;SALVADOR;BA;10/06/2026;22/06/2026;19/06/2026;Entregue No Prazo;;Entrega realizada;Entrega Finalizada;22;6;10;6;TERMACO;5003;;;
MOBIS BRASIL FABRICACAO DE AUTO PECAS LT;RODOVIARIO;1522539;10/06/2026;4;346831;10/06/2026;FAZZA MOTORS COMERCIO DE VEICULOS LTDA;1,24E+13;SALVADOR;BA;10/06/2026;22/06/2026;19/06/2026;Entregue No Prazo;;Entrega realizada;Entrega Finalizada;22;6;10;6;TERMACO;5007;;;
MOBIS BRASIL FABRICACAO DE AUTO PECAS LT;RODOVIARIO;1522557;10/06/2026;1;346881;10/06/2026;NASA MOTORS LTDA.;2,65E+13;SAO LUIS DE MONTES BELOS;GO;10/06/2026;24/06/2026;19/06/2026;Entregue No Prazo;;Entrega realizada;Entrega Finalizada;24;6;10;6;RIO VERMELHO;9016;;;
MOBIS BRASIL FABRICACAO DE AUTO PECAS LT;RODOVIARIO;1522558;10/06/2026;1;346881;10/06/2026;NASA MOTORS LTDA.;2,65E+13;SAO LUIS DE MONTES BELOS;GO;10/06/2026;24/06/2026;19/06/2026;Entregue No Prazo;;Entrega realizada;Entrega Finalizada;24;6;10;6;RIO VERMELHO;9016;;;
MOBIS BRASIL FABRICACAO DE AUTO PECAS LT;RODOVIARIO;1522540;10/06/2026;1;346829;10/06/2026;CAOA MOTOR DO BRASIL LTDA.;1,68E+13;LAURO DE FREITAS;BA;10/06/2026;25/06/2026;19/06/2026;Entregue No Prazo;;Entrega realizada;Entrega Finalizada;25;6;10;6;TERMACO;5008;;;
MOBIS BRASIL FABRICACAO DE AUTO PECAS LT;RODOVIARIO;1522582;10/06/2026;3;346826;10/06/2026;AUTORAC VEICULOS LTDA;1,06E+13;CARUARU;PE;10/06/2026;26/06/2026;19/06/2026;Entregue No Prazo;;Entrega realizada;Entrega Finalizada;26;6;10;6;TERMACO;16001;;;
MOBIS BRASIL FABRICACAO DE AUTO PECAS LT;RODOVIARIO;1523157;10/06/2026;6;346835;10/06/2026;GREEN CITY VEICULOS LTDA;2,10E+13;TERESINA;PI;10/06/2026;26/06/2026;19/06/2026;Entregue No Prazo;;Entrega realizada;Entrega Finalizada;26;6;10;6;TERMACO;17002;;;
MOBIS BRASIL FABRICACAO DE AUTO PECAS LT;RODOVIARIO;1523193;10/06/2026;4;346835;10/06/2026;GREEN CITY VEICULOS LTDA;2,10E+13;TERESINA;PI;10/06/2026;26/06/2026;19/06/2026;Entregue No Prazo;;Entrega realizada;Entrega Finalizada;26;6;10;6;TERMACO;17002;;;
MOBIS BRASIL FABRICACAO DE AUTO PECAS LT;RODOVIARIO;1522536;10/06/2026;5;346847;10/06/2026;PATEO COMERCIO DE VEICULOS S A;7,78E+12;MANAUS;AM;10/06/2026;06/07/2026;19/06/2026;Entregue No Prazo;;Entrega realizada;Entrega Finalizada;6;7;10;6;CARVALIMA;3002;;;
MOBIS BRASIL FABRICACAO DE AUTO PECAS LT;RODOVIARIO;1522595;10/06/2026;1;346904;11/06/2026;ITAVEMA MOTORS VEICULOS LTDA;7,73E+12;RIO DE JANEIRO;RJ;11/06/2026;17/06/2026;19/06/2026;Entregue Fora do Prazo;;Entrega realizada;Entrega Finalizada;17;6;11;6;CAMILO;19001;;;
MOBIS BRASIL FABRICACAO DE AUTO PECAS LT;RODOVIARIO;1522596;10/06/2026;46;346904;11/06/2026;ITAVEMA MOTORS VEICULOS LTDA;7,73E+12;RIO DE JANEIRO;RJ;11/06/2026;17/06/2026;19/06/2026;Entregue Fora do Prazo;;Entrega realizada;Entrega Finalizada;17;6;11;6;CAMILO;19001;;;
MOBIS BRASIL FABRICACAO DE AUTO PECAS LT;RODOVIARIO;1523491;11/06/2026;2;346979;11/06/2026;PATEO COMERCIO DE VEICULOS S A;7,78E+12;SALVADOR;BA;11/06/2026;23/06/2026;19/06/2026;Entregue No Prazo;;Entrega realizada;Entrega Finalizada;23;6;11;6;TERMACO;5003;;;
MOBIS BRASIL FABRICACAO DE AUTO PECAS LT;RODOVIARIO;1523492;11/06/2026;6;346965;11/06/2026;FAZZA MOTORS COMERCIO DE VEICULOS LTDA;1,24E+13;SALVADOR;BA;11/06/2026;23/06/2026;19/06/2026;Entregue No Prazo;;Entrega realizada;Entrega Finalizada;23;6;11;6;TERMACO;5007;;;
MOBIS BRASIL FABRICACAO DE AUTO PECAS LT;RODOVIARIO;1523527;11/06/2026;2;346968;11/06/2026;GRANDE COREIA COMERCIO DE VEICULOS LTDA;2,66E+13;CASTANHAL;PA;11/06/2026;24/06/2026;19/06/2026;Entregue No Prazo;;Entrega realizada;Entrega Finalizada;24;6;11;6;CARVALIMA;14007;;;
MOBIS BRASIL FABRICACAO DE AUTO PECAS LT;RODOVIARIO;1523490;11/06/2026;2;346964;11/06/2026;CYCOSA AUTOMOVEIS LTDA;4,76E+12;MACEIO;AL;11/06/2026;25/06/2026;19/06/2026;Entregue No Prazo;;Entrega realizada;Entrega Finalizada;25;6;11;6;TERMACO;2001;;;
MOBIS BRASIL FABRICACAO DE AUTO PECAS LT;RODOVIARIO;1523531;11/06/2026;1;346958;11/06/2026;AUTORAC VEICULOS LTDA;1,06E+13;CARUARU;PE;11/06/2026;29/06/2026;19/06/2026;Entregue No Prazo;;Entrega realizada;Entrega Finalizada;29;6;11;6;TERMACO;16001;;;
MOBIS BRASIL FABRICACAO DE AUTO PECAS LT;RODOVIARIO;1524431;12/06/2026;4;347165;12/06/2026;LOVAT VEICULOS S/A;8,57E+12;MARINGA;PR;12/06/2026;18/06/2026;19/06/2026;Entregue Fora do Prazo;;Entrega realizada;Entrega Finalizada;18;6;12;6;TRANSTRY;18008;;;
MOBIS BRASIL FABRICACAO DE AUTO PECAS LT;RODOVIARIO;1524445;12/06/2026;1;347157;12/06/2026;CARWAY SUL VEICULOS LTDA;1,03E+13;PORTO ALEGRE;RS;12/06/2026;18/06/2026;19/06/2026;Entregue Fora do Prazo;;Entrega realizada;Entrega Finalizada;18;6;12;6;TRANSTRY;23003;;;
MOBIS BRASIL FABRICACAO DE AUTO PECAS LT;RODOVIARIO;1524447;12/06/2026;67;347158;12/06/2026;CARWAY SUL VEICULOS LTDA;1,03E+13;CANOAS;RS;12/06/2026;18/06/2026;19/06/2026;Entregue Fora do Prazo;;Entrega realizada;Entrega Finalizada;18;6;12;6;TRANSTRY;23003;;;
MOBIS BRASIL FABRICACAO DE AUTO PECAS LT;RODOVIARIO;1524449;12/06/2026;1;347163;12/06/2026;HOUSE PARTS COMERCIO DE PECAS E VEI;1,15E+13;CAXIAS DO SUL;RS;12/06/2026;19/06/2026;19/06/2026;Entregue No Prazo;;Entrega realizada;Entrega Finalizada;19;6;12;6;TRANSTRY;23023;;;
MOBIS BRASIL FABRICACAO DE AUTO PECAS LT;RODOVIARIO;1524410;12/06/2026;7;347234;12/06/2026;PRIME CACHOEIRO VEICULOS LTDA EPP;9,34E+12;CACHOEIRO DE ITAPEMIRIM;ES;12/06/2026;22/06/2026;19/06/2026;Entregue No Prazo;;Entrega realizada;Entrega Finalizada;22;6;12;6;CAMILO;8003;;;
MOBIS BRASIL FABRICACAO DE AUTO PECAS LT;RODOVIARIO;1524448;12/06/2026;1;347162;12/06/2026;HOUSE PARTS - COM. DE PECAS E VEIC. LTDA;1,15E+13;SANTA MARIA;RS;12/06/2026;22/06/2026;19/06/2026;Entregue No Prazo;;Entrega realizada;Entrega Finalizada;22;6;12;6;TRANSTRY;23008;;;
MOBIS BRASIL FABRICACAO DE AUTO PECAS LT;RODOVIARIO;1524443;12/06/2026;1;347222;12/06/2026;COMETA JI PARANA COM. DE VEIC. LTDA;4,23E+12;JIPARANA;RO;12/06/2026;01/07/2026;19/06/2026;Entregue No Prazo;;Entrega realizada;Entrega Finalizada;1;7;12;6;CARVALIMA;21002;;;
MOBIS BRASIL FABRICACAO DE AUTO PECAS LT;RODOVIARIO;1525334;15/06/2026;4;347435;15/06/2026;LOVAT VEICULOS S/A;8,57E+12;MARINGA;PR;15/06/2026;19/06/2026;19/06/2026;Entregue No Prazo;;Entrega realizada;Entrega Finalizada;19;6;15;6;TRANSTRY;18008;;;
MOBIS BRASIL FABRICACAO DE AUTO PECAS LT;RODOVIARIO;1525347;15/06/2026;1;347433;15/06/2026;HOUSE PARTS-COM. DE PCS. E VEICULOS LTDA;1,15E+13;PORTO ALEGRE;RS;15/06/2026;19/06/2026;19/06/2026;Entregue No Prazo;;Entrega realizada;Entrega Finalizada;19;6;15;6;TRANSTRY;23004;;;
MOBIS BRASIL FABRICACAO DE AUTO PECAS LT;RODOVIARIO;1525348;15/06/2026;11;347433;15/06/2026;HOUSE PARTS-COM. DE PCS. E VEICULOS LTDA;1,15E+13;PORTO ALEGRE;RS;15/06/2026;19/06/2026;19/06/2026;Entregue No Prazo;;Entrega realizada;Entrega Finalizada;19;6;15;6;TRANSTRY;23004;;;
MOBIS BRASIL FABRICACAO DE AUTO PECAS LT;RODOVIARIO;1525335;15/06/2026;1;347436;15/06/2026;SANTA FE VEICULOS LTDA.;1,16E+13;FRANCISCO BELTRAO;PR;15/06/2026;22/06/2026;19/06/2026;Entregue No Prazo;;Entrega realizada;Entrega Finalizada;22;6;15;6;TRANSTRY;18010;;;
MOBIS BRASIL FABRICACAO DE AUTO PECAS LT;RODOVIARIO;1525352;15/06/2026;2;347432;15/06/2026;HOUSE PARTS COMERCIO DE PECAS E VEI;1,15E+13;CAXIAS DO SUL;RS;15/06/2026;22/06/2026;19/06/2026;Entregue No Prazo;;Entrega realizada;Entrega Finalizada;22;6;15;6;TRANSTRY;23023;;;
MOBIS BRASIL FABRICACAO DE AUTO PECAS LT;RODOVIARIO;1525303;15/06/2026;1;347456;15/06/2026;PRIME CACHOEIRO VEICULOS LTDA;9,34E+12;LINHARES;ES;15/06/2026;23/06/2026;19/06/2026;Entregue No Prazo;;Entrega realizada;Entrega Finalizada;23;6;15;6;CAMILO;8004;;;
MOBIS BRASIL FABRICACAO DE AUTO PECAS LT;RODOVIARIO;1525306;15/06/2026;2;347402;15/06/2026;NISA COMERCIAL DE VEIC. AUTOMOTORES LTDA;1,03E+13;GOIANIA;GO;15/06/2026;23/06/2026;19/06/2026;Entregue No Prazo;;Entrega realizada;Entrega Finalizada;23;6;15;6;RIO VERMELHO;9013;;;
MOBIS BRASIL FABRICACAO DE AUTO PECAS LT;RODOVIARIO;1525325;15/06/2026;7;347446;15/06/2026;GOLDEN MOTORS VEICULOS LTDA;3,62E+12;DOURADOS;MS;15/06/2026;23/06/2026;19/06/2026;Entregue No Prazo;;Entrega realizada;Entrega Finalizada;23;6;15;6;CARVALIMA;12001;;;
MOBIS BRASIL FABRICACAO DE AUTO PECAS LT;RODOVIARIO;1525326;15/06/2026;4;347462;15/06/2026;ULSAN COMERCIO DE VEICULOS LTDA.;2,10E+13;CAMPO GRANDE;MS;15/06/2026;23/06/2026;19/06/2026;Entregue No Prazo;;Entrega realizada;Entrega Finalizada;23;6;15;6;CARVALIMA;12004;;;
MOBIS BRASIL FABRICACAO DE AUTO PECAS LT;RODOVIARIO;1525350;15/06/2026;2;347431;15/06/2026;HOUSE PARTS - COM. DE PECAS E VEIC. LTDA;1,15E+13;LAJEADO;RS;15/06/2026;23/06/2026;19/06/2026;Entregue No Prazo;;Entrega realizada;Entrega Finalizada;23;6;15;6;TRANSTRY;23018;;;
MOBIS BRASIL FABRICACAO DE AUTO PECAS LT;RODOVIARIO;1525327;15/06/2026;2;347442;15/06/2026;COMETA MATO GROSSO COM. DE VEICULOS LTDA;1,54E+13;SINOP;MT;15/06/2026;25/06/2026;19/06/2026;Entregue No Prazo;;Entrega realizada;Entrega Finalizada;25;6;15;6;CARVALIMA;13003;;;
MOBIS BRASIL FABRICACAO DE AUTO PECAS LT;RODOVIARIO;1525328;15/06/2026;1;347442;15/06/2026;COMETA MATO GROSSO COM. DE VEICULOS LTDA;1,54E+13;SINOP;MT;15/06/2026;25/06/2026;19/06/2026;Entregue No Prazo;;Entrega realizada;Entrega Finalizada;25;6;15;6;CARVALIMA;13003;;;
MOBIS BRASIL FABRICACAO DE AUTO PECAS LT;RODOVIARIO;1525309;15/06/2026;1;347401;15/06/2026;NASA MOTORS LTDA.;2,65E+13;SAO LUIS DE MONTES BELOS;GO;15/06/2026;29/06/2026;19/06/2026;Entregue No Prazo;;Entrega realizada;Entrega Finalizada;29;6;15;6;RIO VERMELHO;9016;;;
MOBIS BRASIL FABRICACAO DE AUTO PECAS LT;RODOVIARIO;1526291;16/06/2026;7;347662;16/06/2026;TOKSU COMERCIO DE VEICULOS LTDA;1,12E+13;POUSO ALEGRE;MG;16/06/2026;22/06/2026;19/06/2026;Entregue No Prazo;;Entrega realizada;Entrega Finalizada;22;6;16;6;XD BETIM;11008;;;
MOBIS BRASIL FABRICACAO DE AUTO PECAS LT;RODOVIARIO;1526322;16/06/2026;1;347684;16/06/2026;HOUSE PARTS-COM. DE PCS. E VEICULOS LTDA;1,15E+13;PORTO ALEGRE;RS;16/06/2026;22/06/2026;19/06/2026;Entregue No Prazo;;Entrega realizada;Entrega Finalizada;22;6;16;6;TRANSTRY;23004;;;
MOBIS BRASIL FABRICACAO DE AUTO PECAS LT;RODOVIARIO;1526323;16/06/2026;4;347684;16/06/2026;HOUSE PARTS-COM. DE PCS. E VEICULOS LTDA;1,15E+13;PORTO ALEGRE;RS;16/06/2026;22/06/2026;19/06/2026;Entregue No Prazo;;Entrega realizada;Entrega Finalizada;22;6;16;6;TRANSTRY;23004;;;
MOBIS BRASIL FABRICACAO DE AUTO PECAS LT;RODOVIARIO;1526324;16/06/2026;2;347674;16/06/2026;CARWAY SUL VEICULOS LTDA;1,03E+13;CANOAS;RS;16/06/2026;22/06/2026;19/06/2026;Entregue No Prazo;;Entrega realizada;Entrega Finalizada;22;6;16;6;TRANSTRY;23003;;;
MOBIS BRASIL FABRICACAO DE AUTO PECAS LT;RODOVIARIO;1526293;16/06/2026;1;347655;16/06/2026;GNC GRANDE COREIA MINAS GERAIS COMERCIO;4,27E+13;MONTES CLAROS;MG;16/06/2026;23/06/2026;19/06/2026;Entregue No Prazo;;Entrega realizada;Entrega Finalizada;23;6;16;6;XD BETIM;11035;;;
MOBIS BRASIL FABRICACAO DE AUTO PECAS LT;RODOVIARIO;1526305;16/06/2026;1;347688;16/06/2026;SANTA FE VEICULOS LTDA.;1,16E+13;FRANCISCO BELTRAO;PR;16/06/2026;23/06/2026;19/06/2026;Entregue No Prazo;;Entrega realizada;Entrega Finalizada;23;6;16;6;TRANSTRY;18010;;;
MOBIS BRASIL FABRICACAO DE AUTO PECAS LT;RODOVIARIO;1526326;16/06/2026;3;347678;16/06/2026;GALA COMERCIO DE VEICULOS LTDA.;1,77E+13;PELOTAS;RS;16/06/2026;23/06/2026;19/06/2026;Entregue No Prazo;;Entrega realizada;Entrega Finalizada;23;6;16;6;TRANSTRY;23009;;;
MOBIS BRASIL FABRICACAO DE AUTO PECAS LT;RODOVIARIO;1526327;16/06/2026;1;347682;16/06/2026;HOUSE PARTS - COM DE PECAS E VEIC LTDA;1,15E+13;OSORIO;RS;16/06/2026;23/06/2026;19/06/2026;Entregue No Prazo;;Entrega realizada;Entrega Finalizada;23;6;16;6;TRANSTRY;23016;;;
MOBIS BRASIL FABRICACAO DE AUTO PECAS LT;RODOVIARIO;1526330;16/06/2026;2;347683;16/06/2026;HOUSE PARTS COMERCIO DE PECAS E VEI;1,15E+13;CAXIAS DO SUL;RS;16/06/2026;23/06/2026;19/06/2026;Entregue No Prazo;;Entrega realizada;Entrega Finalizada;23;6;16;6;TRANSTRY;23023;;;
MOBIS BRASIL FABRICACAO DE AUTO PECAS LT;RODOVIARIO;1526331;16/06/2026;8;347668;16/06/2026;ATUAL VEICULOS LTDA;1,33E+13;CRICIUMA;SC;16/06/2026;23/06/2026;19/06/2026;Entregue No Prazo;;Entrega realizada;Entrega Finalizada;23;6;16;6;TRANSTRY;24001;;;
MOBIS BRASIL FABRICACAO DE AUTO PECAS LT;RODOVIARIO;1526336;16/06/2026;2;347679;16/06/2026;GAMBATTO H1 VEICULOS LTDA;1,94E+13;CHAPECO;SC;16/06/2026;23/06/2026;19/06/2026;Entregue No Prazo;;Entrega realizada;Entrega Finalizada;23;6;16;6;TRANSTRY;24018;;;
MOBIS BRASIL FABRICACAO DE AUTO PECAS LT;RODOVIARIO;1526797;16/06/2026;8;347667;16/06/2026;ATUAL VEICULOS LTDA;1,33E+13;ARARANGUA;SC;16/06/2026;23/06/2026;19/06/2026;Entregue No Prazo;;Entrega realizada;Entrega Finalizada;23;6;16;6;TRANSTRY;24001;;;
MOBIS BRASIL FABRICACAO DE AUTO PECAS LT;RODOVIARIO;1526282;16/06/2026;2;347710;16/06/2026;PRIME CACHOEIRO VEICULOS LTDA EPP;9,34E+12;CACHOEIRO DE ITAPEMIRIM;ES;16/06/2026;24/06/2026;19/06/2026;Entregue No Prazo;;Entrega realizada;Entrega Finalizada;24;6;16;6;CAMILO;8003;;;
MOBIS BRASIL FABRICACAO DE AUTO PECAS LT;RODOVIARIO;1526283;16/06/2026;2;347710;16/06/2026;PRIME CACHOEIRO VEICULOS LTDA EPP;9,34E+12;CACHOEIRO DE ITAPEMIRIM;ES;16/06/2026;24/06/2026;19/06/2026;Entregue No Prazo;;Entrega realizada;Entrega Finalizada;24;6;16;6;CAMILO;8003;;;
MOBIS BRASIL FABRICACAO DE AUTO PECAS LT;RODOVIARIO;1526295;16/06/2026;2;347716;16/06/2026;ULSAN COMERCIO DE VEICULOS LTDA.;2,10E+13;CAMPO GRANDE;MS;16/06/2026;24/06/2026;19/06/2026;Entregue No Prazo;;Entrega realizada;Entrega Finalizada;24;6;16;6;CARVALIMA;12004;;;
MOBIS BRASIL FABRICACAO DE AUTO PECAS LT;RODOVIARIO;1526328;16/06/2026;2;347681;16/06/2026;HOUSE PARTS - COM. DE PECAS E VEIC. LTDA;1,15E+13;LAJEADO;RS;16/06/2026;24/06/2026;19/06/2026;Entregue No Prazo;;Entrega realizada;Entrega Finalizada;24;6;16;6;TRANSTRY;23018;;;
MOBIS BRASIL FABRICACAO DE AUTO PECAS LT;RODOVIARIO;1526329;16/06/2026;1;347675;16/06/2026;CHINHAN AUTOMOVEIS LTDA;2,41E+13;ERECHIM;RS;16/06/2026;24/06/2026;19/06/2026;Entregue No Prazo;;Entrega realizada;Entrega Finalizada;24;6;16;6;TRANSTRY;23019;;;
MOBIS BRASIL FABRICACAO DE AUTO PECAS LT;RODOVIARIO;1526337;16/06/2026;2;347676;16/06/2026;CHINHAN AUTOMOVEIS LTDA;2,41E+13;CONCORDIA;SC;16/06/2026;24/06/2026;19/06/2026;Entregue No Prazo;;Entrega realizada;Entrega Finalizada;24;6;16;6;TRANSTRY;23019;;;
MOBIS BRASIL FABRICACAO DE AUTO PECAS LT;RODOVIARIO;1526763;16/06/2026;87;347745;16/06/2026;SAGA KOREA COM. DE VEIC. E PC. LTDA;1,27E+13;GOIANIA;GO;16/06/2026;24/06/2026;19/06/2026;Entregue No Prazo;;Entrega realizada;Entrega Finalizada;24;6;16;6;RIO VERMELHO;9011;;;
MOBIS BRASIL FABRICACAO DE AUTO PECAS LT;RODOVIARIO;1526296;16/06/2026;8;347698;16/06/2026;COMETA MATO GROSSO COM. DE VEICULOS LTDA;1,54E+13;RONDONOPOLIS;MT;16/06/2026;26/06/2026;19/06/2026;Entregue No Prazo;;Entrega realizada;Entrega Finalizada;26;6;16;6;CARVALIMA;13006;;;
MOBIS BRASIL FABRICACAO DE AUTO PECAS LT;RODOVIARIO;1526778;16/06/2026;21;347895;17/06/2026;BILLY DISTRIBUIDORA DE VEICULOS LTDA;1,34E+13;SAO CAETANO DO SUL;SP;17/06/2026;19/06/2026;19/06/2026;Entregue No Prazo;;Entrega realizada;Entrega Finalizada;19;6;17;6;BV LOG;26003;;;
MOBIS BRASIL FABRICACAO DE AUTO PECAS LT;RODOVIARIO;1527270;17/06/2026;1;347906;17/06/2026;CHS MOTORS VEICULOS PECAS E SERV LTDA  ;1,69E+13;SAO PAULO;SP;17/06/2026;19/06/2026;19/06/2026;Entregue No Prazo;;Entrega realizada;Entrega Finalizada;19;6;17;6;XD DIADEMA;26037;;;
MOBIS BRASIL FABRICACAO DE AUTO PECAS LT;RODOVIARIO;1527275;17/06/2026;5;347905;17/06/2026;CAOA MOTOR DO BRASIL LTDA (VL PRUDENTE);1,68E+13;SAO PAULO;SP;17/06/2026;19/06/2026;19/06/2026;Entregue No Prazo;;Entrega realizada;Entrega Finalizada;19;6;17;6;XD DIADEMA;26051;;;
MOBIS BRASIL FABRICACAO DE AUTO PECAS LT;RODOVIARIO;1527225;17/06/2026;1;347901;17/06/2026;BDG AUTOVILLE VEICULOS LTDA;4,77E+13;CONTAGEM;MG;17/06/2026;22/06/2026;19/06/2026;Entregue No Prazo;;Entrega realizada;Entrega Finalizada;22;6;17;6;XD BETIM;11037;;;
MOBIS BRASIL FABRICACAO DE AUTO PECAS LT;RODOVIARIO;1527226;17/06/2026;36;347901;17/06/2026;BDG AUTOVILLE VEICULOS LTDA;4,77E+13;CONTAGEM;MG;17/06/2026;22/06/2026;19/06/2026;Entregue No Prazo;;Entrega realizada;Entrega Finalizada;22;6;17;6;XD BETIM;11037;;;
MOBIS BRASIL FABRICACAO DE AUTO PECAS LT;RODOVIARIO;1527267;17/06/2026;2;347977;17/06/2026;DHC COMERCIO DE VEICULOS E PECAS LTDA;9,52E+12;BAURU;SP;17/06/2026;22/06/2026;19/06/2026;Entregue No Prazo;Avaria;Entrega realizada;Entrega Finalizada;22;6;17;6;MVT;26010;;;
MOBIS BRASIL FABRICACAO DE AUTO PECAS LT;RODOVIARIO;1527272;17/06/2026;1;347975;17/06/2026;ANDRETA II DISTRIB.DE VEICULOS LTDA.;9,10E+12;JUNDIAI;SP;17/06/2026;22/06/2026;19/06/2026;Entregue No Prazo;;Entrega realizada;Entrega Finalizada;22;6;17;6;MVT;26040;;;
MOBIS BRASIL FABRICACAO DE AUTO PECAS LT;RODOVIARIO;1527223;17/06/2026;2;347919;17/06/2026;VIME POCOS COM. DE VEICULOS E PECAS LTDA;3,43E+13;POCOS DE CALDAS;MG;17/06/2026;23/06/2026;19/06/2026;Entregue No Prazo;;Entrega realizada;Entrega Finalizada;23;6;17;6;XD BETIM;11033;;;
MOBIS BRASIL FABRICACAO DE AUTO PECAS LT;RODOVIARIO;1527237;17/06/2026;2;347966;17/06/2026;LOVAT VEICULOS S/A;8,57E+12;LONDRINA;PR;17/06/2026;23/06/2026;19/06/2026;Entregue No Prazo;;Entrega realizada;Entrega Finalizada;23;6;17;6;TRANSTRY;18008;;;
MOBIS BRASIL FABRICACAO DE AUTO PECAS LT;RODOVIARIO;1527240;17/06/2026;2;347958;17/06/2026;BARI VEICULOS LTDA;7,46E+12;PONTA GROSSA;PR;17/06/2026;23/06/2026;19/06/2026;Entregue No Prazo;;Entrega realizada;Entrega Finalizada;23;6;17;6;TRANSTRY;18024;;;
MOBIS BRASIL FABRICACAO DE AUTO PECAS LT;RODOVIARIO;1527241;17/06/2026;14;347958;17/06/2026;BARI VEICULOS LTDA;7,46E+12;PONTA GROSSA;PR;17/06/2026;23/06/2026;19/06/2026;Entregue No Prazo;;Entrega realizada;Entrega Finalizada;23;6;17;6;TRANSTRY;18024;;;
MOBIS BRASIL FABRICACAO DE AUTO PECAS LT;RODOVIARIO;1527261;17/06/2026;4;347959;17/06/2026;BARI VEICULOS LTDA.;7,46E+12;ITAJAI;SC;17/06/2026;23/06/2026;19/06/2026;Entregue No Prazo;;Entrega realizada;Entrega Finalizada;23;6;17;6;TRANSTRY;24014;;;
MOBIS BRASIL FABRICACAO DE AUTO PECAS LT;RODOVIARIO;1527265;17/06/2026;1;347953;17/06/2026;BARI VEICULOS LTDA;7,46E+12;JARAGUA DO SUL;SC;17/06/2026;23/06/2026;19/06/2026;Entregue No Prazo;;Entrega realizada;Entrega Finalizada;23;6;17;6;TRANSTRY;18024;;;
MOBIS BRASIL FABRICACAO DE AUTO PECAS LT;RODOVIARIO;1527224;17/06/2026;1;347908;17/06/2026;GNC GRANDE COREIA MINAS GERAIS COMERCIO;4,27E+13;MONTES CLAROS;MG;17/06/2026;24/06/2026;19/06/2026;Entregue No Prazo;;Entrega realizada;Entrega Finalizada;24;6;17;6;XD BETIM;11035;;;
MOBIS BRASIL FABRICACAO DE AUTO PECAS LT;RODOVIARIO;1527259;17/06/2026;1;347954;17/06/2026;BARI VEICULOS LTDA;7,46E+12;BLUMENAU;SC;17/06/2026;24/06/2026;19/06/2026;Entregue No Prazo;;Entrega realizada;Entrega Finalizada;24;6;17;6;TRANSTRY;18024;;;
MOBIS BRASIL FABRICACAO DE AUTO PECAS LT;RODOVIARIO;1527260;17/06/2026;3;347954;17/06/2026;BARI VEICULOS LTDA;7,46E+12;BLUMENAU;SC;17/06/2026;24/06/2026;19/06/2026;Entregue No Prazo;;Entrega realizada;Entrega Finalizada;24;6;17;6;TRANSTRY;18024;;;
MOBIS BRASIL FABRICACAO DE AUTO PECAS LT;RODOVIARIO;1527263;17/06/2026;3;347962;17/06/2026;GAMBATTO H1 VEICULOS LTDA;1,94E+13;CHAPECO;SC;17/06/2026;24/06/2026;19/06/2026;Entregue No Prazo;;Entrega realizada;Entrega Finalizada;24;6;17;6;TRANSTRY;24018;;;
MOBIS BRASIL FABRICACAO DE AUTO PECAS LT;RODOVIARIO;1527228;17/06/2026;8;347945;17/06/2026;ULSAN COMERCIO DE VEICULOS LTDA.;2,10E+13;CAMPO GRANDE;MS;17/06/2026;25/06/2026;19/06/2026;Entregue No Prazo;;Entrega realizada;Entrega Finalizada;25;6;17;6;CARVALIMA;12004;;;
MOBIS BRASIL FABRICACAO DE AUTO PECAS LT;RODOVIARIO;1527262;17/06/2026;1;347955;17/06/2026;BARI VEICULOS LTDA;7,46E+12;BALNEARIO CAMBORIU;SC;17/06/2026;25/06/2026;19/06/2026;Entregue No Prazo;;Entrega realizada;Entrega Finalizada;25;6;17;6;TRANSTRY;18024;;;
MOBIS BRASIL FABRICACAO DE AUTO PECAS LT;RODOVIARIO;1528089;18/06/2026;1;348136;18/06/2026;GRAND SPORT COM. DE VEIC. E PECAS LTDA;8,58E+12;GUARULHOS;SP;18/06/2026;22/06/2026;19/06/2026;Entregue No Prazo;;Entrega realizada;Entrega Finalizada;22;6;18;6;XD DIADEMA;26005;;;
MOBIS BRASIL FABRICACAO DE AUTO PECAS LT;RODOVIARIO;1528096;18/06/2026;1;348133;18/06/2026;CHS MOTORS VEICULOS PECAS E SERV LTDA  ;1,69E+13;SAO PAULO;SP;18/06/2026;22/06/2026;19/06/2026;Entregue No Prazo;;Entrega realizada;Entrega Finalizada;22;6;18;6;XD DIADEMA;26037;;;
MOBIS BRASIL FABRICACAO DE AUTO PECAS LT;RODOVIARIO;1528098;18/06/2026;3;348131;18/06/2026;CAOA MOTOR DO BRASIL LTDA (VL PRUDENTE);1,68E+13;SAO PAULO;SP;18/06/2026;22/06/2026;19/06/2026;Entregue No Prazo;;Entrega realizada;Entrega Finalizada;22;6;18;6;XD DIADEMA;26051;;;
MOBIS BRASIL FABRICACAO DE AUTO PECAS LT;RODOVIARIO;1528101;18/06/2026;1;348127;18/06/2026;CAOA MOTOR DO BRASIL LTDA;1,68E+13;SAO BERNARDO DO CAMPO;SP;18/06/2026;22/06/2026;19/06/2026;Entregue No Prazo;;Entrega realizada;Entrega Finalizada;22;6;18;6;XD DIADEMA;5008;;;
MOBIS BRASIL FABRICACAO DE AUTO PECAS LT;RODOVIARIO;1528105;18/06/2026;2;348126;18/06/2026;CAOA MOTOR DO BRASIL LTDA;1,68E+13;SANTOS;SP;18/06/2026;23/06/2026;19/06/2026;Entregue No Prazo;;Entrega realizada;Entrega Finalizada;23;6;18;6;XD DIADEMA;5008;;;
MOBIS BRASIL FABRICACAO DE AUTO PECAS LT;RODOVIARIO;1528686;18/06/2026;5;348156;18/06/2026;BARI VEICULOS LTDA;7,46E+12;CURITIBA;PR;18/06/2026;23/06/2026;19/06/2026;Entregue No Prazo;;Entrega realizada;Entrega Finalizada;23;6;18;6;TRANSTRY;18024;;;
MOBIS BRASIL FABRICACAO DE AUTO PECAS LT;RODOVIARIO;1528086;18/06/2026;2;348171;18/06/2026;HYMAX DISTRIBUIDORA DE VEICULOS LTDA;1,73E+13;MOGI GUACU;SP;18/06/2026;24/06/2026;19/06/2026;Entregue No Prazo;;Entrega realizada;Entrega Finalizada;24;6;18;6;MVT;26002;;;
MOBIS BRASIL FABRICACAO DE AUTO PECAS LT;RODOVIARIO;1528087;18/06/2026;1;348171;18/06/2026;HYMAX DISTRIBUIDORA DE VEICULOS LTDA;1,73E+13;MOGI GUACU;SP;18/06/2026;24/06/2026;19/06/2026;Entregue No Prazo;;Entrega realizada;Entrega Finalizada;24;6;18;6;MVT;26002;;;
MOBIS BRASIL FABRICACAO DE AUTO PECAS LT;RODOVIARIO;1528109;18/06/2026;1;348174;18/06/2026;VIME SAO JOAO COM. DE VEIC. E PECAS LTDA;5,10E+13;SAO JOAO DA BOA VISTA;SP;18/06/2026;24/06/2026;19/06/2026;Entregue No Prazo;;Entrega realizada;Entrega Finalizada;24;6;18;6;MVT;26107;;;
MOBIS BRASIL FABRICACAO DE AUTO PECAS LT; RODOVIARIO;1528094;18/06/2026;1;348303;19/06/2026;GRAND SPORT COM. DE VEIC. E PECAS LTDA;8,58E+12;SAO PAULO;SP;19/06/2026;23/06/2026;19/06/2026;Entregue No Prazo;;Entrega realizada;Entrega Finalizada;23;6;19;6;BV LOG;26034;;;
MOBIS BRASIL FABRICACAO DE AUTO PECAS LT; RODOVIARIO;1528095;18/06/2026;8;348303;19/06/2026;GRAND SPORT COM. DE VEIC. E PECAS LTDA;8,58E+12;SAO PAULO;SP;19/06/2026;23/06/2026;19/06/2026;Entregue No Prazo;;Entrega realizada;Entrega Finalizada;23;6;19;6;BV LOG;26034;;;
MOBIS BRASIL FABRICACAO DE AUTO PECAS LT; RODOVIARIO;1528099;18/06/2026;41;348301;19/06/2026;CHS MOTORS VEICULOS PECAS(VL. GUILHERME);1,69E+13;SAO PAULO;SP;19/06/2026;23/06/2026;19/06/2026;Entregue No Prazo;;Entrega realizada;Entrega Finalizada;23;6;19;6;BV LOG;26052;;;
MOBIS BRASIL FABRICACAO DE AUTO PECAS LT; RODOVIARIO;1528106;18/06/2026;12;348304;19/06/2026;GRANDAY AUTOMOTORES LTDA (CHAC. CALIFOR);1,57E+13;SAO PAULO;SP;19/06/2026;23/06/2026;19/06/2026;Entregue No Prazo;;Entrega realizada;Entrega Finalizada;23;6;19;6;BV LOG;26090;;;
MOBIS BRASIL FABRICACAO DE AUTO PECAS LT;RODOVIARIO;1527222;17/06/2026;2;347918;17/06/2026;VIME AUTOMOVEIS E PECAS LTDA;2,85E+13;GUAXUPE;MG;17/06/2026;24/06/2026;20/06/2026;Entregue No Prazo;;Entrega realizada;Entrega Finalizada;24;6;17;6;XD BETIM;11031;;;
MOBIS BRASIL FABRICACAO DE AUTO PECAS LT;RODOVIARIO;1520993;08/06/2026;1;346179;08/06/2026;SAINT LAND COM DE VEICULOS S A;1,04E+13;MOSSORO;RN;08/06/2026;24/06/2026;22/06/2026;Entregue No Prazo;;Entrega realizada;Entrega Finalizada;24;6;8;6;TERMACO;20002;;;
MOBIS BRASIL FABRICACAO DE AUTO PECAS LT;RODOVIARIO;1521950;09/06/2026;1;346391;09/06/2026;GOLDEN MOTORS VEICULOS LTDA;3,62E+12;ARACATUBA;SP;09/06/2026;15/06/2026;22/06/2026;Entregue Fora do Prazo;;Entrega realizada;Entrega Finalizada;15;6;9;6;MVT;12001;Aniversário do Estado do Acre;Estadual;AC
MOBIS BRASIL FABRICACAO DE AUTO PECAS LT;RODOVIARIO;1521829;09/06/2026;4;346594;09/06/2026;ORVEL AUTOMOTOR HYD LTDA;2,52E+13;TEIXEIRA DE FREITAS;BA;09/06/2026;24/06/2026;22/06/2026;Entregue No Prazo;;Entrega realizada;Entrega Finalizada;24;6;9;6;TERMACO;5011;;;
MOBIS BRASIL FABRICACAO DE AUTO PECAS LT;RODOVIARIO;1521830;09/06/2026;5;346594;09/06/2026;ORVEL AUTOMOTOR HYD LTDA;2,52E+13;TEIXEIRA DE FREITAS;BA;09/06/2026;24/06/2026;22/06/2026;Entregue No Prazo;;Entrega realizada;Entrega Finalizada;24;6;9;6;TERMACO;5011;;;
MOBIS BRASIL FABRICACAO DE AUTO PECAS LT;RODOVIARIO;1521822;09/06/2026;3;346584;09/06/2026;JPN COMERCIO DE VEICULOS LTDA;3,20E+13;ARAPIRACA;AL;09/06/2026;25/06/2026;22/06/2026;Entregue No Prazo;;Entrega realizada;Entrega Finalizada;25;6;9;6;TERMACO;2003;;;
MOBIS BRASIL FABRICACAO DE AUTO PECAS LT;RODOVIARIO;1521877;09/06/2026;3;346592;09/06/2026;NACIONAL NOVA MARABA DIST DE VEIC. LTDA;1,70E+13;PARAUAPEBAS;PA;09/06/2026;25/06/2026;22/06/2026;Entregue No Prazo;;Entrega realizada;Entrega Finalizada;25;6;9;6;CARVALIMA;14010;;;
MOBIS BRASIL FABRICACAO DE AUTO PECAS LT;RODOVIARIO;1521884;09/06/2026;2;346583;09/06/2026;JPN COMERCIO DE AUTOMOVEIS LTDA;2,61E+13;GARANHUNS;PE;09/06/2026;25/06/2026;22/06/2026;Entregue No Prazo;;Entrega realizada;Entrega Finalizada;25;6;9;6;TERMACO;16009;;;
MOBIS BRASIL FABRICACAO DE AUTO PECAS LT;RODOVIARIO;1521885;09/06/2026;7;346583;09/06/2026;JPN COMERCIO DE AUTOMOVEIS LTDA;2,61E+13;GARANHUNS;PE;09/06/2026;25/06/2026;22/06/2026;Entregue No Prazo;;Entrega realizada;Entrega Finalizada;25;6;9;6;TERMACO;16009;;;
MOBIS BRASIL FABRICACAO DE AUTO PECAS LT;RODOVIARIO;1521886;09/06/2026;7;346567;09/06/2026;AUTORAC VEICULOS LTDA;1,06E+13;PETROLINA;PE;09/06/2026;25/06/2026;22/06/2026;Entregue No Prazo;;Entrega realizada;Entrega Finalizada;25;6;9;6;TERMACO;16001;;;
MOBIS BRASIL FABRICACAO DE AUTO PECAS LT;RODOVIARIO;1522542;10/06/2026;1;346843;10/06/2026;ORVEL AUTOMOTOR HYD LTDA;2,52E+13;TEIXEIRA DE FREITAS;BA;10/06/2026;25/06/2026;22/06/2026;Entregue No Prazo;;Entrega realizada;Entrega Finalizada;25;6;10;6;TERMACO;5011;;;
MOBIS BRASIL FABRICACAO DE AUTO PECAS LT;RODOVIARIO;1522580;10/06/2026;4;346846;10/06/2026;PATEO COMERCIO DE VEICULOS S A;7,78E+12;JOAO PESSOA;PB;10/06/2026;25/06/2026;22/06/2026;Entregue No Prazo;;Entrega realizada;Entrega Finalizada;25;6;10;6;TERMACO;15003;;;
MOBIS BRASIL FABRICACAO DE AUTO PECAS LT;RODOVIARIO;1522581;10/06/2026;5;346838;10/06/2026;JPN PATOS COMERCIO DE VEICULOS LTDA;4,20E+13;PATOS;PB;10/06/2026;26/06/2026;22/06/2026;Entregue No Prazo;;Entrega realizada;Entrega Finalizada;26;6;10;6;TERMACO;15004;;;
MOBIS BRASIL FABRICACAO DE AUTO PECAS LT;RODOVIARIO;1522585;10/06/2026;1;346837;10/06/2026;JPN COMERCIO DE AUTOMOVEIS LTDA;2,61E+13;GARANHUNS;PE;10/06/2026;26/06/2026;22/06/2026;Entregue No Prazo;;Entrega realizada;Entrega Finalizada;26;6;10;6;TERMACO;16009;;;
MOBIS BRASIL FABRICACAO DE AUTO PECAS LT;RODOVIARIO;1522601;10/06/2026;5;346842;10/06/2026;ORIENTE AUTOMOVEIS LTDA;1,33E+13;PARNAMIRIM;RN;10/06/2026;26/06/2026;22/06/2026;Entregue No Prazo;;Entrega realizada;Entrega Finalizada;26;6;10;6;TERMACO;20001;;;
MOBIS BRASIL FABRICACAO DE AUTO PECAS LT;RODOVIARIO;1522602;10/06/2026;1;346852;10/06/2026;SAINT LAND COM DE VEICULOS S A;1,04E+13;MOSSORO;RN;10/06/2026;26/06/2026;22/06/2026;Entregue No Prazo;;Entrega realizada;Entrega Finalizada;26;6;10;6;TERMACO;20002;;;
MOBIS BRASIL FABRICACAO DE AUTO PECAS LT;RODOVIARIO;1522535;10/06/2026;1;346855;10/06/2026;ULSAN COMERCIO DE VEICULOS LTDA;2,10E+13;RIO BRANCO;AC;10/06/2026;29/06/2026;22/06/2026;Entregue No Prazo;;Entrega realizada;Entrega Finalizada;29;6;10;6;CARVALIMA;21004;;;
MOBIS BRASIL FABRICACAO DE AUTO PECAS LT;RODOVIARIO;1523578;11/06/2026;3;346934;11/06/2026;PRIVILLEGE DISTRIBUIDORA DE VEICULOS LTD;1,72E+13;PALMAS;TO;11/06/2026;22/06/2026;22/06/2026;Entregue No Prazo;;Entrega realizada;Entrega Finalizada;22;6;11;6;RIO VERMELHO;27003;;;
MOBIS BRASIL FABRICACAO DE AUTO PECAS LT;RODOVIARIO;1523493;11/06/2026;2;346976;11/06/2026;ORVEL AUTOMOTOR HYD LTDA;2,52E+13;TEIXEIRA DE FREITAS;BA;11/06/2026;26/06/2026;22/06/2026;Entregue No Prazo;;Entrega realizada;Entrega Finalizada;26;6;11;6;TERMACO;5011;;;
MOBIS BRASIL FABRICACAO DE AUTO PECAS LT;RODOVIARIO;1523529;11/06/2026;6;346978;11/06/2026;PATEO COMERCIO DE VEICULOS S A;7,78E+12;JOAO PESSOA;PB;11/06/2026;26/06/2026;22/06/2026;Entregue No Prazo;;Entrega realizada;Entrega Finalizada;26;6;11;6;TERMACO;15003;;;
MOBIS BRASIL FABRICACAO DE AUTO PECAS LT;RODOVIARIO;1523528;11/06/2026;2;346974;11/06/2026;NACIONAL NOVA MARABA DIST DE VEIC. LTDA;1,70E+13;PARAUAPEBAS;PA;11/06/2026;29/06/2026;22/06/2026;Entregue No Prazo;;Entrega realizada;Entrega Finalizada;29;6;11;6;CARVALIMA;14010;;;
MOBIS BRASIL FABRICACAO DE AUTO PECAS LT;RODOVIARIO;1523548;11/06/2026;1;346975;11/06/2026;ORIENTE AUTOMOVEIS LTDA;1,33E+13;PARNAMIRIM;RN;11/06/2026;29/06/2026;22/06/2026;Entregue No Prazo;;Entrega realizada;Entrega Finalizada;29;6;11;6;TERMACO;20001;;;
MOBIS BRASIL FABRICACAO DE AUTO PECAS LT;RODOVIARIO;1524409;12/06/2026;4;347238;12/06/2026;TAI MOTORS VEICULOS S/A;9,27E+12;VITORIA;ES;12/06/2026;19/06/2026;22/06/2026;Entregue Fora do Prazo;;Entrega realizada;Entrega Finalizada;19;6;12;6;CAMILO;8002;;;
MOBIS BRASIL FABRICACAO DE AUTO PECAS LT;RODOVIARIO;1524411;12/06/2026;5;347235;12/06/2026;PRIME VILA VELHA VEICULOS LTDA.;2,14E+13;VILA VELHA;ES;12/06/2026;19/06/2026;22/06/2026;Entregue Fora do Prazo;;Entrega realizada;Entrega Finalizada;19;6;12;6;CAMILO;8005;;;
MOBIS BRASIL FABRICACAO DE AUTO PECAS LT;RODOVIARIO;1524484;12/06/2026;4;347138;12/06/2026;PRIVILLEGE DISTRIBUIDORA DE VEICULOS LTD;1,72E+13;PALMAS;TO;12/06/2026;23/06/2026;22/06/2026;Entregue No Prazo;;Entrega realizada;Entrega Finalizada;23;6;12;6;RIO VERMELHO;27003;;;
MOBIS BRASIL FABRICACAO DE AUTO PECAS LT;RODOVIARIO;1524406;12/06/2026;30;347231;12/06/2026;PATEO COMERCIO DE VEICULOS S A;7,78E+12;SALVADOR;BA;12/06/2026;24/06/2026;22/06/2026;Entregue No Prazo;;Entrega realizada;Entrega Finalizada;24;6;12;6;TERMACO;5003;;;
MOBIS BRASIL FABRICACAO DE AUTO PECAS LT;RODOVIARIO;1524407;12/06/2026;14;347224;12/06/2026;FAZZA MOTORS COMERCIO DE VEICULOS LTDA;1,24E+13;SALVADOR;BA;12/06/2026;24/06/2026;22/06/2026;Entregue No Prazo;;Entrega realizada;Entrega Finalizada;24;6;12;6;TERMACO;5007;;;
MOBIS BRASIL FABRICACAO DE AUTO PECAS LT;RODOVIARIO;1524405;12/06/2026;1;347218;12/06/2026;AIKON VEICULOS LTDA;1,17E+13;VITORIA DA CONQUISTA;BA;12/06/2026;29/06/2026;22/06/2026;Entregue No Prazo;;Entrega realizada;Entrega Finalizada;29;6;12;6;TERMACO;5002;;;
MOBIS BRASIL FABRICACAO DE AUTO PECAS LT;RODOVIARIO;1524441;12/06/2026;14;347230;12/06/2026;ORIENTE AUTOMOVEIS LTDA;1,33E+13;PARNAMIRIM;RN;12/06/2026;30/06/2026;22/06/2026;Entregue No Prazo;;Entrega realizada;Entrega Finalizada;30;6;12;6;TERMACO;20001;;;
MOBIS BRASIL FABRICACAO DE AUTO PECAS LT;RODOVIARIO;1525338;15/06/2026;1;347438;15/06/2026;VETOR AUTOMOVEIS LTDA;2,12E+13;FOZ DO IGUACU;PR;15/06/2026;22/06/2026;22/06/2026;Entregue No Prazo;;Entrega realizada;Entrega Finalizada;22;6;15;6;TRANSTRY;18019;;;
MOBIS BRASIL FABRICACAO DE AUTO PECAS LT;RODOVIARIO;1525298;15/06/2026;1;347409;15/06/2026;SMAFF IMPORT VEICULOS LTDA;8,18E+12;BRASILIA;DF;15/06/2026;23/06/2026;22/06/2026;Entregue No Prazo;;Entrega realizada;Entrega Finalizada;23;6;15;6;RIO VERMELHO;7002;;;
MOBIS BRASIL FABRICACAO DE AUTO PECAS LT;RODOVIARIO;1525299;15/06/2026;7;347409;15/06/2026;SMAFF IMPORT VEICULOS LTDA;8,18E+12;BRASILIA;DF;15/06/2026;23/06/2026;22/06/2026;Entregue No Prazo;;Entrega realizada;Entrega Finalizada;23;6;15;6;RIO VERMELHO;7002;;;
MOBIS BRASIL FABRICACAO DE AUTO PECAS LT;RODOVIARIO;1525929;15/06/2026;9;347408;15/06/2026;SAGA KOREA COM. DE VEIC. E PC. LTDA;1,27E+13;BRASILIA;DF;15/06/2026;23/06/2026;22/06/2026;Entregue No Prazo;;Entrega realizada;Entrega Finalizada;23;6;15;6;RIO VERMELHO;7005;;;
MOBIS BRASIL FABRICACAO DE AUTO PECAS LT;RODOVIARIO;1525388;15/06/2026;1;347406;15/06/2026;PRIVILLEGE DISTRIBUIDORA DE VEICULOS LTD;1,72E+13;PALMAS;TO;15/06/2026;24/06/2026;22/06/2026;Entregue No Prazo;;Entrega realizada;Entrega Finalizada;24;6;15;6;RIO VERMELHO;27003;;;
MOBIS BRASIL FABRICACAO DE AUTO PECAS LT;RODOVIARIO;1525294;15/06/2026;3;347445;15/06/2026;FAZZA MOTORS COMERCIO DE VEICULOS LTDA;1,24E+13;SALVADOR;BA;15/06/2026;25/06/2026;22/06/2026;Entregue No Prazo;;Entrega realizada;Entrega Finalizada;25;6;15;6;TERMACO;5007;;;
MOBIS BRASIL FABRICACAO DE AUTO PECAS LT;RODOVIARIO;1525329;15/06/2026;4;347463;15/06/2026;UNIQUE COMERCIO DE AUTOMOVEIS LTDA;1,74E+13;ANANINDEUA;PA;15/06/2026;26/06/2026;22/06/2026;Entregue No Prazo;Avaria;Entrega realizada;Entrega Finalizada;26;6;15;6;CARVALIMA;14003;;;
MOBIS BRASIL FABRICACAO DE AUTO PECAS LT;RODOVIARIO;1525330;15/06/2026;1;347463;15/06/2026;UNIQUE COMERCIO DE AUTOMOVEIS LTDA;1,74E+13;ANANINDEUA;PA;15/06/2026;26/06/2026;22/06/2026;Entregue No Prazo;;Entrega realizada;Entrega Finalizada;26;6;15;6;CARVALIMA;14003;;;
MOBIS BRASIL FABRICACAO DE AUTO PECAS LT;RODOVIARIO;1525310;15/06/2026;3;347411;15/06/2026;TRIAUTO KOREA AUTOMOVEIS LTDA;4,99E+13;CATALAO;GO;15/06/2026;29/06/2026;22/06/2026;Entregue No Prazo;;Entrega realizada;Entrega Finalizada;29;6;15;6;RIO VERMELHO;9018;;;
MOBIS BRASIL FABRICACAO DE AUTO PECAS LT;RODOVIARIO;1525331;15/06/2026;1;347450;15/06/2026;NACIONAL NOVA MARABA DIST DE VEIC. LTDA;1,70E+13;MARABA;PA;15/06/2026;29/06/2026;22/06/2026;Entregue No Prazo;;Entrega realizada;Entrega Finalizada;29;6;15;6;CARVALIMA;14005;;;
MOBIS BRASIL FABRICACAO DE AUTO PECAS LT;RODOVIARIO;1526304;16/06/2026;9;347686;16/06/2026;LOVAT VEICULOS S/A;8,57E+12;MARINGA;PR;16/06/2026;22/06/2026;22/06/2026;Entregue No Prazo;;Entrega realizada;Entrega Finalizada;22;6;16;6;TRANSTRY;18008;;;
MOBIS BRASIL FABRICACAO DE AUTO PECAS LT;RODOVIARIO;1526281;16/06/2026;4;347719;16/06/2026;VIA BRASIL AUTOMOVEIS LTDA.;4,72E+12;SERRA;ES;16/06/2026;23/06/2026;22/06/2026;Entregue No Prazo;;Entrega realizada;Entrega Finalizada;23;6;16;6;CAMILO;8001;;;
MOBIS BRASIL FABRICACAO DE AUTO PECAS LT;RODOVIARIO;1526332;16/06/2026;1;347666;16/06/2026;ATUAL VEICULOS LTDA;1,33E+13;TUBARAO;SC;16/06/2026;23/06/2026;22/06/2026;Entregue No Prazo;;Entrega realizada;Entrega Finalizada;23;6;16;6;TRANSTRY;24001;;;
MOBIS BRASIL FABRICACAO DE AUTO PECAS LT;RODOVIARIO;1526280;16/06/2026;74;347746;16/06/2026;SMAFF IMPORT VEICULOS LTDA;8,18E+12;BRASILIA;DF;16/06/2026;24/06/2026;22/06/2026;Entregue No Prazo;;Entrega realizada;Entrega Finalizada;24;6;16;6;RIO VERMELHO;7002;;;
MOBIS BRASIL FABRICACAO DE AUTO PECAS LT;RODOVIARIO;1526297;16/06/2026;3;347699;16/06/2026;COMETA MATO GROSSO COM. DE VEICULOS LTDA;1,54E+13;TANGARA DA SERRA;MT;16/06/2026;25/06/2026;22/06/2026;Entregue No Prazo;;Entrega realizada;Entrega Finalizada;25;6;16;6;CARVALIMA;13007;;;
MOBIS BRASIL FABRICACAO DE AUTO PECAS LT;RODOVIARIO;1526338;16/06/2026;7;347677;16/06/2026;CHINHAN AUTOMOVEIS LTDA.;2,41E+13;CACADOR;SC;16/06/2026;25/06/2026;22/06/2026;Entregue No Prazo;;Entrega realizada;Entrega Finalizada;25;6;16;6;TRANSTRY;24020;;;
MOBIS BRASIL FABRICACAO DE AUTO PECAS LT;RODOVIARIO;1526367;16/06/2026;6;347742;16/06/2026;PRIVILLEGE DISTRIBUIDORA DE VEICULOS LTD;1,72E+13;PALMAS;TO;16/06/2026;25/06/2026;22/06/2026;Entregue No Prazo;;Entrega realizada;Entrega Finalizada;25;6;16;6;RIO VERMELHO;27003;;;
MOBIS BRASIL FABRICACAO DE AUTO PECAS LT;RODOVIARIO;1526298;16/06/2026;33;347718;16/06/2026;UNIQUE COMERCIO DE AUTOMOVEIS LTDA;1,74E+13;ANANINDEUA;PA;16/06/2026;29/06/2026;22/06/2026;Entregue No Prazo;;Entrega realizada;Entrega Finalizada;29;6;16;6;CARVALIMA;14003;;;
MOBIS BRASIL FABRICACAO DE AUTO PECAS LT;RODOVIARIO;1527221;17/06/2026;2;347903;17/06/2026;CAOA MOTOR DO BRASIL LTDA;1,68E+13;BELO HORIZONTE;MG;17/06/2026;22/06/2026;22/06/2026;Entregue No Prazo;;23/06 Em transferencia para a cidade de destino;Entrega Finalizada;22;6;17;6;XD BETIM;5008;;;
MOBIS BRASIL FABRICACAO DE AUTO PECAS LT;RODOVIARIO;1527218;17/06/2026;1;347909;17/06/2026;IMOTORS VEICULOS LTDA;7,17E+12;JUIZ DE FORA;MG;17/06/2026;23/06/2026;22/06/2026;Entregue No Prazo;;Entrega realizada;Entrega Finalizada;23;6;17;6;XD BETIM;11010;;;
MOBIS BRASIL FABRICACAO DE AUTO PECAS LT;RODOVIARIO;1527238;17/06/2026;1;347965;17/06/2026;LOVAT VEICULOS S/A;8,57E+12;MARINGA;PR;17/06/2026;23/06/2026;22/06/2026;Entregue No Prazo;;Entrega realizada;Entrega Finalizada;23;6;17;6;TRANSTRY;18008;;;
MOBIS BRASIL FABRICACAO DE AUTO PECAS LT;RODOVIARIO;1527245;17/06/2026;1;347930;17/06/2026;ITAVEMA MOTORS VEICULOS LTDA;7,73E+12;DUQUE DE CAXIAS;RJ;17/06/2026;23/06/2026;22/06/2026;Entregue No Prazo;;Entrega realizada;Entrega Finalizada;23;6;17;6;CAMILO;19001;;;
MOBIS BRASIL FABRICACAO DE AUTO PECAS LT;RODOVIARIO;1527246;17/06/2026;3;347923;17/06/2026;CAOA MOTOR DO BRASIL LTDA;1,68E+13;RIO DE JANEIRO;RJ;17/06/2026;23/06/2026;22/06/2026;Entregue No Prazo;;Entrega realizada;Entrega Finalizada;23;6;17;6;CAMILO;5008;;;
MOBIS BRASIL FABRICACAO DE AUTO PECAS LT;RODOVIARIO;1527248;17/06/2026;1;347924;17/06/2026;CAOA MOTOR DO BRASIL LTDA;1,68E+13;RIO DE JANEIRO;RJ;17/06/2026;23/06/2026;22/06/2026;Entregue No Prazo;;Entrega realizada;Entrega Finalizada;23;6;17;6;CAMILO;5008;;;
MOBIS BRASIL FABRICACAO DE AUTO PECAS LT;RODOVIARIO;1527253;17/06/2026;2;347964;17/06/2026;HOUSE PARTS-COM. DE PCS. E VEICULOS LTDA;1,15E+13;PORTO ALEGRE;RS;17/06/2026;23/06/2026;22/06/2026;Entregue No Prazo;;Entrega realizada;Entrega Finalizada;23;6;17;6;TRANSTRY;23004;;;
MOBIS BRASIL FABRICACAO DE AUTO PECAS LT;RODOVIARIO;1527254;17/06/2026;3;347964;17/06/2026;HOUSE PARTS-COM. DE PCS. E VEICULOS LTDA;1,15E+13;PORTO ALEGRE;RS;17/06/2026;23/06/2026;22/06/2026;Entregue No Prazo;;Entrega realizada;Entrega Finalizada;23;6;17;6;TRANSTRY;23004;;;
MOBIS BRASIL FABRICACAO DE AUTO PECAS LT;RODOVIARIO;1527266;17/06/2026;7;347980;17/06/2026;HYMAX DISTRIBUIDORA DE VEICULOS LTDA;1,73E+13;MOGI GUACU;SP;17/06/2026;23/06/2026;22/06/2026;Entregue No Prazo;;Entrega realizada;Entrega Finalizada;23;6;17;6;MVT;26002;;;
MOBIS BRASIL FABRICACAO DE AUTO PECAS LT;RODOVIARIO;1527279;17/06/2026;2;347976;17/06/2026;DESTAQUE SEUL DISTR DE VEIC PEC LTDA;2,12E+13;CARAGUATATUBA;SP;17/06/2026;23/06/2026;22/06/2026;Entregue No Prazo;;Entrega realizada;Entrega Finalizada;23;6;17;6;MVT;26082;;;
MOBIS BRASIL FABRICACAO DE AUTO PECAS LT;RODOVIARIO;1527440;17/06/2026;1;347929;17/06/2026;ITAVEMA MOTORS VEICULOS LTDA;7,73E+12;RIO DE JANEIRO;RJ;17/06/2026;23/06/2026;22/06/2026;Entregue No Prazo;;Entrega realizada;Entrega Finalizada;23;6;17;6;CAMILO;19001;;;
MOBIS BRASIL FABRICACAO DE AUTO PECAS LT;RODOVIARIO;1527444;17/06/2026;6;347929;17/06/2026;ITAVEMA MOTORS VEICULOS LTDA;7,73E+12;RIO DE JANEIRO;RJ;17/06/2026;23/06/2026;22/06/2026;Entregue No Prazo;;Entrega realizada;Entrega Finalizada;23;6;17;6;CAMILO;19001;;;
MOBIS BRASIL FABRICACAO DE AUTO PECAS LT;RODOVIARIO;1527212;17/06/2026;8;347942;17/06/2026;TAI MOTORS VEICULOS S/A;9,27E+12;VITORIA;ES;17/06/2026;24/06/2026;22/06/2026;Entregue No Prazo;;Entrega realizada;Entrega Finalizada;24;6;17;6;CAMILO;8002;;;
MOBIS BRASIL FABRICACAO DE AUTO PECAS LT;RODOVIARIO;1527219;17/06/2026;1;347920;17/06/2026;VITAL COMERCIO DE VEICULOS LTDA;1,05E+13;GOVERNADOR VALADARES;MG;17/06/2026;24/06/2026;22/06/2026;Entregue No Prazo;;Entrega realizada;Entrega Finalizada;24;6;17;6;XD BETIM;11016;;;
MOBIS BRASIL FABRICACAO DE AUTO PECAS LT;RODOVIARIO;1527242;17/06/2026;1;347968;17/06/2026;VETOR AUTOMOVEIS LTDA;2,12E+13;FOZ DO IGUACU;PR;17/06/2026;24/06/2026;22/06/2026;Entregue No Prazo;;Entrega realizada;Entrega Finalizada;24;6;17;6;TRANSTRY;18019;;;
MOBIS BRASIL FABRICACAO DE AUTO PECAS LT;RODOVIARIO;1527249;17/06/2026;1;347934;17/06/2026;MONTREAL VEICULOS E PECAS LTDA;1,68E+13;SAO PEDRO DA ALDEIA;RJ;17/06/2026;24/06/2026;22/06/2026;Entregue No Prazo;;Entrega realizada;Entrega Finalizada;24;6;17;6;CAMILO;19030;;;
MOBIS BRASIL FABRICACAO DE AUTO PECAS LT;RODOVIARIO;1527258;17/06/2026;13;347950;17/06/2026;ATUAL VEICULOS LTDA;1,33E+13;TUBARAO;SC;17/06/2026;24/06/2026;22/06/2026;Entregue No Prazo;;Entrega realizada;Entrega Finalizada;24;6;17;6;TRANSTRY;24001;;;
MOBIS BRASIL FABRICACAO DE AUTO PECAS LT;RODOVIARIO;1527209;17/06/2026;1;347916;17/06/2026;SMAFF IMPORT VEICULOS LTDA;8,18E+12;BRASILIA;DF;17/06/2026;25/06/2026;22/06/2026;Entregue No Prazo;;Entrega realizada;Entrega Finalizada;25;6;17;6;RIO VERMELHO;7002;;;
MOBIS BRASIL FABRICACAO DE AUTO PECAS LT;RODOVIARIO;1527213;17/06/2026;4;347941;17/06/2026;TAI MOTORS VEICULOS S/A;9,27E+12;COLATINA;ES;17/06/2026;25/06/2026;22/06/2026;Entregue No Prazo;;Entrega realizada;Entrega Finalizada;25;6;17;6;CAMILO;8002;;;
MOBIS BRASIL FABRICACAO DE AUTO PECAS LT;RODOVIARIO;1527214;17/06/2026;8;347912;17/06/2026;NISA COMERCIAL DE VEIC. AUTOMOTORES LTDA;1,03E+13;APARECIDA DE GOIANIA;GO;17/06/2026;25/06/2026;22/06/2026;Entregue No Prazo;;Entrega realizada;Entrega Finalizada;25;6;17;6;RIO VERMELHO;9002;;;
MOBIS BRASIL FABRICACAO DE AUTO PECAS LT;RODOVIARIO;1527215;17/06/2026;1;347911;17/06/2026;NISA COMERCIAL DE VEIC. AUTOMOTORES LTDA;1,03E+13;GOIANIA;GO;17/06/2026;25/06/2026;22/06/2026;Entregue No Prazo;;Entrega realizada;Entrega Finalizada;25;6;17;6;RIO VERMELHO;9013;;;
MOBIS BRASIL FABRICACAO DE AUTO PECAS LT;RODOVIARIO;1527227;17/06/2026;6;347928;17/06/2026;GOLDEN MOTORS VEICULOS LTDA;3,62E+12;DOURADOS;MS;17/06/2026;25/06/2026;22/06/2026;Entregue No Prazo;;Entrega realizada;Entrega Finalizada;25;6;17;6;CARVALIMA;12001;;;
MOBIS BRASIL FABRICACAO DE AUTO PECAS LT;RODOVIARIO;1527432;17/06/2026;1;347915;17/06/2026;SAGA KOREA COM. DE VEIC. E PC. LTDA;1,27E+13;GOIANIA;GO;17/06/2026;25/06/2026;22/06/2026;Entregue No Prazo;;Entrega realizada;Entrega Finalizada;25;6;17;6;RIO VERMELHO;9011;;;
MOBIS BRASIL FABRICACAO DE AUTO PECAS LT;RODOVIARIO;1527436;17/06/2026;17;347915;17/06/2026;SAGA KOREA COM. DE VEIC. E PC. LTDA;1,27E+13;GOIANIA;GO;17/06/2026;25/06/2026;22/06/2026;Entregue No Prazo;;Entrega realizada;Entrega Finalizada;25;6;17;6;RIO VERMELHO;9011;;;
MOBIS BRASIL FABRICACAO DE AUTO PECAS LT;RODOVIARIO;1527229;17/06/2026;18;347938;17/06/2026;SAGA ASIA COM. DE VEIC.PC.E SERV. LTDA;2,23E+13;VARZEA GRANDE;MT;17/06/2026;26/06/2026;22/06/2026;Entregue No Prazo;;Entrega realizada;Entrega Finalizada;26;6;17;6;CARVALIMA;13004;;;
MOBIS BRASIL FABRICACAO DE AUTO PECAS LT;RODOVIARIO;1527264;17/06/2026;5;347961;17/06/2026;CHINHAN AUTOMOVEIS LTDA.;2,41E+13;CACADOR;SC;17/06/2026;26/06/2026;22/06/2026;Entregue No Prazo;;Entrega realizada;Entrega Finalizada;26;6;17;6;TRANSTRY;24020;;;
MOBIS BRASIL FABRICACAO DE AUTO PECAS LT;RODOVIARIO;1528100;18/06/2026;1;348130;18/06/2026;CAOA MOTOR DO BRASIL LTDA (IPIRANGA);1,68E+13;SAO PAULO;SP;18/06/2026;22/06/2026;22/06/2026;Entregue No Prazo;;Entrega realizada;Entrega Finalizada;22;6;18;6;XD DIADEMA;26054;;;
MOBIS BRASIL FABRICACAO DE AUTO PECAS LT;RODOVIARIO;1528107;18/06/2026;2;348129;18/06/2026;CAOA MOTOR DO BRASIL LTDA (INDIANOPOLIS);1,68E+13;SAO PAULO;SP;18/06/2026;22/06/2026;22/06/2026;Entregue No Prazo;;Entrega realizada;Entrega Finalizada;22;6;18;6;XD DIADEMA;26091;;;
MOBIS BRASIL FABRICACAO DE AUTO PECAS LT;RODOVIARIO;1528053;18/06/2026;9;348143;18/06/2026;TAI MOTORS VEICULOS S/A;9,27E+12;BELO HORIZONTE;MG;18/06/2026;23/06/2026;22/06/2026;Entregue No Prazo;;Entrega realizada;Entrega Finalizada;23;6;18;6;XD BETIM;8002;;;
MOBIS BRASIL FABRICACAO DE AUTO PECAS LT;RODOVIARIO;1528054;18/06/2026;22;348132;18/06/2026;CARBEL KOREA VEICULOS LTDA;2,07E+13;BELO HORIZONTE;MG;18/06/2026;23/06/2026;22/06/2026;Entregue No Prazo;;Entrega realizada;Entrega Finalizada;23;6;18;6;XD BETIM;11021;;;
MOBIS BRASIL FABRICACAO DE AUTO PECAS LT;RODOVIARIO;1528055;18/06/2026;2;348128;18/06/2026;CAOA MOTOR DO BRASIL LTDA;1,68E+13;BELO HORIZONTE;MG;18/06/2026;23/06/2026;22/06/2026;Entregue No Prazo;;Entrega realizada;Entrega Finalizada;23;6;18;6;XD BETIM;5008;;;
MOBIS BRASIL FABRICACAO DE AUTO PECAS LT;RODOVIARIO;1528058;18/06/2026;1;348124;18/06/2026;BDG AUTOVILLE VEICULOS LTDA;4,77E+13;CONTAGEM;MG;18/06/2026;23/06/2026;22/06/2026;Entregue No Prazo;;Entrega realizada;Entrega Finalizada;23;6;18;6;XD BETIM;11037;;;
MOBIS BRASIL FABRICACAO DE AUTO PECAS LT;RODOVIARIO;1528059;18/06/2026;28;348124;18/06/2026;BDG AUTOVILLE VEICULOS LTDA;4,77E+13;CONTAGEM;MG;18/06/2026;23/06/2026;22/06/2026;Entregue No Prazo;;Entrega realizada;Entrega Finalizada;23;6;18;6;XD BETIM;11037;;;
MOBIS BRASIL FABRICACAO DE AUTO PECAS LT;RODOVIARIO;1528092;18/06/2026;13;348172;18/06/2026;MOTONET COMERCIO DE VEICULOS LTDA;9,28E+12;SOROCABA;SP;18/06/2026;23/06/2026;22/06/2026;Entregue No Prazo;;Entrega realizada;Entrega Finalizada;23;6;18;6;MVT;26113;;;
MOBIS BRASIL FABRICACAO DE AUTO PECAS LT;RODOVIARIO;1528093;18/06/2026;10;348173;18/06/2026;NEW VEICULOS E PECAS LTDA;1,59E+13;RIBEIRAO PRETO;SP;18/06/2026;23/06/2026;22/06/2026;Entregue No Prazo;;Entrega realizada;Entrega Finalizada;23;6;18;6;MVT;26014;;;
MOBIS BRASIL FABRICACAO DE AUTO PECAS LT;RODOVIARIO;1528097;18/06/2026;5;348168;18/06/2026;ANDRETA II DISTRIB.DE VEICULOS LTDA.;9,10E+12;JUNDIAI;SP;18/06/2026;23/06/2026;22/06/2026;Entregue No Prazo;;Entrega realizada;Entrega Finalizada;23;6;18;6;MVT;26040;;;
MOBIS BRASIL FABRICACAO DE AUTO PECAS LT;RODOVIARIO;1528047;18/06/2026;2;348148;18/06/2026;URCA MOTORS VEICULOS LTDA;8,77E+12;UBERLANDIA;MG;18/06/2026;24/06/2026;22/06/2026;Entregue No Prazo;;Entrega realizada;Entrega Finalizada;24;6;18;6;XD BETIM;9014;;;
MOBIS BRASIL FABRICACAO DE AUTO PECAS LT;RODOVIARIO;1528049;18/06/2026;3;348146;18/06/2026;TOKSU COMERCIO DE VEICULOS LTDA;1,12E+13;JUIZ DE FORA;MG;18/06/2026;24/06/2026;22/06/2026;Entregue No Prazo;;Entrega realizada;Entrega Finalizada;24;6;18;6;XD BETIM;11008;;;
MOBIS BRASIL FABRICACAO DE AUTO PECAS LT;RODOVIARIO;1528056;18/06/2026;3;348145;18/06/2026;TOKSU COMERCIO DE VEICULOS LTDA;1,12E+13;POUSO ALEGRE;MG;18/06/2026;24/06/2026;22/06/2026;Entregue No Prazo;;Entrega realizada;Entrega Finalizada;24;6;18;6;XD BETIM;11008;;;
MOBIS BRASIL FABRICACAO DE AUTO PECAS LT;RODOVIARIO;1528065;18/06/2026;1;348164;18/06/2026;LOVAT VEICULOS S/A;8,57E+12;LONDRINA;PR;18/06/2026;24/06/2026;22/06/2026;Entregue No Prazo;;Entrega realizada;Entrega Finalizada;24;6;18;6;TRANSTRY;18008;;;
MOBIS BRASIL FABRICACAO DE AUTO PECAS LT;RODOVIARIO;1528066;18/06/2026;1;348164;18/06/2026;LOVAT VEICULOS S/A;8,57E+12;LONDRINA;PR;18/06/2026;24/06/2026;22/06/2026;Entregue No Prazo;;Entrega realizada;Entrega Finalizada;24;6;18;6;TRANSTRY;18008;;;
MOBIS BRASIL FABRICACAO DE AUTO PECAS LT;RODOVIARIO;1528067;18/06/2026;19;348155;18/06/2026;BARI VEICULOS LTDA;7,46E+12;PONTA GROSSA;PR;18/06/2026;24/06/2026;22/06/2026;Entregue No Prazo;;Entrega realizada;Entrega Finalizada;24;6;18;6;TRANSTRY;18024;;;
MOBIS BRASIL FABRICACAO DE AUTO PECAS LT;RODOVIARIO;1528072;18/06/2026;7;348178;18/06/2026;ITAVEMA MOTORS VEICULOS LTDA;7,73E+12;RIO DE JANEIRO;RJ;18/06/2026;24/06/2026;22/06/2026;Entregue No Prazo;;Entrega realizada;Entrega Finalizada;24;6;18;6;CAMILO;19001;;;
MOBIS BRASIL FABRICACAO DE AUTO PECAS LT;RODOVIARIO;1528084;18/06/2026;21;348157;18/06/2026;BARI VEICULOS LTDA.;7,46E+12;JOINVILLE;SC;18/06/2026;24/06/2026;22/06/2026;Entregue No Prazo;;Entrega realizada;Entrega Finalizada;24;6;18;6;TRANSTRY;24013;;;
MOBIS BRASIL FABRICACAO DE AUTO PECAS LT;RODOVIARIO;1528102;18/06/2026;1;348169;18/06/2026;DHC COMERCIO DE VEICULOS E PECAS LTDA;9,52E+12;MARILIA;SP;18/06/2026;24/06/2026;22/06/2026;Entregue No Prazo;;Entrega realizada;Entrega Finalizada;24;6;18;6;MVT;26010;;;
MOBIS BRASIL FABRICACAO DE AUTO PECAS LT;RODOVIARIO;1528108;18/06/2026;4;348170;18/06/2026;DHC COMERCIO DE VEICULOS E PECAS LTDA;9,52E+12;OURINHOS;SP;18/06/2026;24/06/2026;22/06/2026;Entregue No Prazo;;Entrega realizada;Entrega Finalizada;24;6;18;6;MVT;26010;;;
MOBIS BRASIL FABRICACAO DE AUTO PECAS LT;RODOVIARIO;1528050;18/06/2026;1;348150;18/06/2026;VITAL COMERCIO DE VEICULOS LTDA;1,05E+13;GOVERNADOR VALADARES;MG;18/06/2026;25/06/2026;22/06/2026;Entregue No Prazo;;Entrega realizada;Entrega Finalizada;25;6;18;6;XD BETIM;11016;;;
MOBIS BRASIL FABRICACAO DE AUTO PECAS LT;RODOVIARIO;1528051;18/06/2026;1;348149;18/06/2026;VITAL COMERCIO DE VEICULOS LTDA;1,05E+13;IPATINGA;MG;18/06/2026;25/06/2026;22/06/2026;Entregue No Prazo;;Entrega realizada;Entrega Finalizada;25;6;18;6;XD BETIM;11016;;;
MOBIS BRASIL FABRICACAO DE AUTO PECAS LT;RODOVIARIO;1528052;18/06/2026;1;348149;18/06/2026;VITAL COMERCIO DE VEICULOS LTDA;1,05E+13;IPATINGA;MG;18/06/2026;25/06/2026;22/06/2026;Entregue No Prazo;;Entrega realizada;Entrega Finalizada;25;6;18;6;XD BETIM;11016;;;
MOBIS BRASIL FABRICACAO DE AUTO PECAS LT;RODOVIARIO;1528081;18/06/2026;1;348153;18/06/2026;ATUAL VEICULOS LTDA;1,33E+13;TUBARAO;SC;18/06/2026;25/06/2026;22/06/2026;Entregue No Prazo;;Entrega realizada;Entrega Finalizada;25;6;18;6;TRANSTRY;24001;;;
MOBIS BRASIL FABRICACAO DE AUTO PECAS LT;RODOVIARIO;1528082;18/06/2026;8;348165;18/06/2026;LR COMERCIO DE VEICULOS LTDA;1,05E+13;SAO JOSE;SC;18/06/2026;25/06/2026;22/06/2026;Entregue No Prazo;;Entrega realizada;Entrega Finalizada;25;6;18;6;TRANSTRY;24007;;;
MOBIS BRASIL FABRICACAO DE AUTO PECAS LT;RODOVIARIO;1528085;18/06/2026;11;348160;18/06/2026;CHINHAN AUTOMOVEIS LTDA.;2,41E+13;CACADOR;SC;18/06/2026;29/06/2026;22/06/2026;Entregue No Prazo;;Entrega realizada;Entrega Finalizada;29;6;18;6;TRANSTRY;24020;;;
MOBIS BRASIL FABRICACAO DE AUTO PECAS LT; RODOVIARIO;1529023;19/06/2026;1;348306;19/06/2026;BILLY DISTRIBUIDORA DE VEICULOS LTDA;1,34E+13;SAO CAETANO DO SUL;SP;19/06/2026;23/06/2026;22/06/2026;Entregue No Prazo;;Entrega realizada;Entrega Finalizada;23;6;19;6;XD DIADEMA;26003;;;
MOBIS BRASIL FABRICACAO DE AUTO PECAS LT; RODOVIARIO;1529031;19/06/2026;4;348317;19/06/2026;NOBRE SP DISTRIB. DE VEIC. E PEC. LTDA;1,70E+13;SAO PAULO;SP;19/06/2026;23/06/2026;22/06/2026;Entregue No Prazo;;Entrega realizada;Entrega Finalizada;23;6;19;6;XD DIADEMA;26081;;;
MOBIS BRASIL FABRICACAO DE AUTO PECAS LT; RODOVIARIO;1529033;19/06/2026;1;348310;19/06/2026;CAOA MOTOR DO BRASIL LTDA(NACOES UNIDAS);1,68E+13;SAO PAULO;SP;19/06/2026;23/06/2026;22/06/2026;Entregue No Prazo;;Entrega realizada;Entrega Finalizada;23;6;19;6;XD DIADEMA;26087;;;
MOBIS BRASIL FABRICACAO DE AUTO PECAS LT; RODOVIARIO;1529034;19/06/2026;4;348314;19/06/2026;GRANDAY AUTOMOTORES LTDA (CHAC. CALIFOR);1,57E+13;SAO PAULO;SP;19/06/2026;23/06/2026;22/06/2026;Entregue No Prazo;;Entrega realizada;Entrega Finalizada;23;6;19;6;XD DIADEMA;26090;;;
MOBIS BRASIL FABRICACAO DE AUTO PECAS LT; RODOVIARIO;1528994;19/06/2026;1;348343;19/06/2026;SEVEC VEICULOS LTDA;5,68E+11;CURITIBA;PR;19/06/2026;24/06/2026;22/06/2026;Entregue No Prazo;;Entrega realizada;Entrega Finalizada;24;6;19;6;TRANSTRY;18012;;;
MOBIS BRASIL FABRICACAO DE AUTO PECAS LT; RODOVIARIO;1529018;19/06/2026;3;348348;19/06/2026;DHC COMERCIO DE VEICULOS E PECAS LTDA;9,52E+12;BAURU;SP;19/06/2026;24/06/2026;22/06/2026;Entregue No Prazo;;Entrega realizada;Entrega Finalizada;24;6;19;6;MVT;26010;;;
MOBIS BRASIL FABRICACAO DE AUTO PECAS LT; RODOVIARIO;1529028;19/06/2026;3;348307;19/06/2026;CAOA MOTOR DO BRASIL LTDA;1,68E+13;TAUBATE;SP;19/06/2026;24/06/2026;22/06/2026;Entregue No Prazo;;Entrega realizada;Entrega Finalizada;24;6;19;6;XD DIADEMA;5008;;;
MOBIS BRASIL FABRICACAO DE AUTO PECAS LT; RODOVIARIO;1529032;19/06/2026;1;348308;19/06/2026;CAOA MOTOR DO BRASIL LTDA;1,68E+13;SANTOS;SP;19/06/2026;24/06/2026;22/06/2026;Entregue No Prazo;;Entrega realizada;Entrega Finalizada;24;6;19;6;XD DIADEMA;5008;;;
MOBIS BRASIL FABRICACAO DE AUTO PECAS LT; RODOVIARIO;1529416;19/06/2026;4;348330;19/06/2026;BARI VEICULOS LTDA;7,46E+12;CURITIBA;PR;19/06/2026;24/06/2026;22/06/2026;Entregue No Prazo;;Entrega realizada;Entrega Finalizada;24;6;19;6;TRANSTRY;18024;;;
MOBIS BRASIL FABRICACAO DE AUTO PECAS LT; RODOVIARIO;1528998;19/06/2026;1;348332;19/06/2026;BARI VEICULOS LTDA;7,46E+12;PONTA GROSSA;PR;19/06/2026;25/06/2026;22/06/2026;Entregue No Prazo;;Entrega realizada;Entrega Finalizada;25;6;19;6;TRANSTRY;18024;;;
MOBIS BRASIL FABRICACAO DE AUTO PECAS LT; RODOVIARIO;1528999;19/06/2026;13;348332;19/06/2026;BARI VEICULOS LTDA;7,46E+12;PONTA GROSSA;PR;19/06/2026;25/06/2026;22/06/2026;Entregue No Prazo;;Entrega realizada;Entrega Finalizada;25;6;19;6;TRANSTRY;18024;;;
MOBIS BRASIL FABRICACAO DE AUTO PECAS LT; RODOVIARIO;1529012;19/06/2026;5;348335;19/06/2026;BARI VEICULOS LTDA.;7,46E+12;JOINVILLE;SC;19/06/2026;25/06/2026;22/06/2026;Entregue No Prazo;;Entrega realizada;Entrega Finalizada;25;6;19;6;TRANSTRY;24013;;;
MOBIS BRASIL FABRICACAO DE AUTO PECAS LT; RODOVIARIO;1529035;19/06/2026;4;348350;19/06/2026;H - CAMINHO AUTOMOVEIS LTDA;2,53E+13;PIRACICABA;SP;19/06/2026;25/06/2026;22/06/2026;Entregue No Prazo;;Entrega realizada;Entrega Finalizada;25;6;19;6;MVT;26092;;;
MOBIS BRASIL FABRICACAO DE AUTO PECAS LT; RODOVIARIO;1529013;19/06/2026;1;348334;19/06/2026;BARI VEICULOS LTDA;7,46E+12;BALNEARIO CAMBORIU;SC;19/06/2026;29/06/2026;22/06/2026;Entregue No Prazo;;Entrega realizada;Entrega Finalizada;29;6;19;6;TRANSTRY;18024;;;
MOBIS BRASIL FABRICACAO DE AUTO PECAS LT; RODOVIARIO;1529015;19/06/2026;6;348336;19/06/2026;CHINHAN AUTOMOVEIS LTDA.;2,41E+13;CACADOR;SC;19/06/2026;30/06/2026;22/06/2026;Entregue No Prazo;;Entrega realizada;Entrega Finalizada;30;6;19;6;TRANSTRY;24020;;;
MOBIS BRASIL FABRICACAO DE AUTO PECAS LT;RODOVIARIO;1529019;19/06/2026;1;348536;22/06/2026;ANDRETA II DISTRIBUIDORA DE VEIC. LTDA;9,10E+12;CAMPINAS;SP;22/06/2026;25/06/2026;22/06/2026;Entregue No Prazo;;Entrega realizada;Entrega Finalizada;25;6;22;6;BV LOG;26011;;;
MOBIS BRASIL FABRICACAO DE AUTO PECAS LT;RODOVIARIO;1529020;19/06/2026;4;348536;22/06/2026;ANDRETA II DISTRIBUIDORA DE VEIC. LTDA;9,10E+12;CAMPINAS;SP;22/06/2026;25/06/2026;22/06/2026;Entregue No Prazo;;Entrega realizada;Entrega Finalizada;25;6;22;6;BV LOG;26011;;;
MOBIS BRASIL FABRICACAO DE AUTO PECAS LT;RODOVIARIO;1529027;19/06/2026;2;348537;22/06/2026;CAOA MOTOR DO BRASIL LTDA;1,68E+13;CAMPINAS;SP;22/06/2026;25/06/2026;22/06/2026;Entregue No Prazo;;Entrega realizada;Entrega Finalizada;25;6;22;6;BV LOG;5008;;;
MOBIS BRASIL FABRICACAO DE AUTO PECAS LT;RODOVIARIO;1529029;19/06/2026;25;348538;22/06/2026;DESTAQUE SEUL DISTR. DE VEIC. E PC. LTDA;2,12E+13;ATIBAIA;SP;22/06/2026;25/06/2026;22/06/2026;Entregue No Prazo;;Entrega realizada;Entrega Finalizada;25;6;22;6;BV LOG;26075;;;
MOBIS BRASIL FABRICACAO DE AUTO PECAS LT;RODOVIARIO;1529758;22/06/2026;9;348538;22/06/2026;DESTAQUE SEUL DISTR. DE VEIC. E PC. LTDA;2,12E+13;ATIBAIA;SP;22/06/2026;25/06/2026;22/06/2026;Entregue No Prazo;;Entrega realizada;Entrega Finalizada;25;6;22;6;BV LOG;26075;;;
MOBIS BRASIL FABRICACAO DE AUTO PECAS LT;RODOVIARIO;1529024;19/06/2026;4;348535;22/06/2026;H R B COMERCIO DE VEICULOS LTDA;1,82E+13;SAO JOSE DO RIO PRETO;SP;22/06/2026;26/06/2026;22/06/2026;Entregue No Prazo;;Entrega realizada;Entrega Finalizada;26;6;22;6;BV LOG;26050;;;
MOBIS BRASIL FABRICACAO DE AUTO PECAS LT;RODOVIARIO;1529025;19/06/2026;20;348535;22/06/2026;H R B COMERCIO DE VEICULOS LTDA;1,82E+13;SAO JOSE DO RIO PRETO;SP;22/06/2026;26/06/2026;22/06/2026;Entregue No Prazo;;Entrega realizada;Entrega Finalizada;26;6;22;6;BV LOG;26050;;;
MOBIS BRASIL FABRICACAO DE AUTO PECAS LT;RODOVIARIO;1470305;27/02/2026;8;330133;27/02/2026;BARI VEICULOS LTDA;7,46E+12;CURITIBA;PR;27/02/2026;04/03/2026;23/06/2026;Entregue Fora do Prazo;Extravio;23/06 Extravio, NF Bauer;Entrega Finalizada;4;3;27;2;TRANSTRY;18024;;;
MOBIS BRASIL FABRICACAO DE AUTO PECAS LT;RODOVIARIO;1470443;27/02/2026;1;330137;27/02/2026;BARI VEICULOS LTDA.;7,46E+12;CURITIBA;PR;27/02/2026;04/03/2026;23/06/2026;Entregue Fora do Prazo;Extravio;23/06 Extravio, NF Bauer;Entrega Finalizada;4;3;27;2;TRANSTRY;18029;;;
MOBIS BRASIL FABRICACAO DE AUTO PECAS LT;RODOVIARIO;1470298;27/02/2026;1;330152;27/02/2026;SEVEC VEICULOS LTDA;5,68E+11;CURITIBA;PR;27/02/2026;04/03/2026;23/06/2026;Entregue Fora do Prazo;Extravio;23/06 Extravio, NF Bauer;Entrega Finalizada;4;3;27;2;TRANSTRY;18012;;;
MOBIS BRASIL FABRICACAO DE AUTO PECAS LT;RODOVIARIO;1470304;27/02/2026;2;330134;27/02/2026;BARI VEICULOS LTDA;7,46E+12;SAO JOSE DOS PINHAIS;PR;27/02/2026;05/03/2026;23/06/2026;Entregue Fora do Prazo;Extravio;23/06 Extravio, NF Bauer;Entrega Finalizada;5;3;27;2;TRANSTRY;18024;;;
MOBIS BRASIL FABRICACAO DE AUTO PECAS LT;RODOVIARIO;1470301;27/02/2026;14;330135;27/02/2026;BARI VEICULOS LTDA;7,46E+12;PONTA GROSSA;PR;27/02/2026;05/03/2026;23/06/2026;Entregue Fora do Prazo;Extravio;23/06 Extravio, NF Bauer;Entrega Finalizada;5;3;27;2;TRANSTRY;18024;;;
MOBIS BRASIL FABRICACAO DE AUTO PECAS LT;RODOVIARIO;1470335;27/02/2026;1;330136;27/02/2026;BARI VEICULOS LTDA.;7,46E+12;ITAJAI;SC;27/02/2026;05/03/2026;23/06/2026;Entregue Fora do Prazo;Extravio;23/06 Extravio, NF Bauer;Entrega Finalizada;5;3;27;2;TRANSTRY;24014;;;
MOBIS BRASIL FABRICACAO DE AUTO PECAS LT;RODOVIARIO;1470448;27/02/2026;3;330138;27/02/2026;BARI VEICULOS LTDA.;7,46E+12;JOINVILLE;SC;27/02/2026;05/03/2026;23/06/2026;Entregue Fora do Prazo;Extravio;23/06 Extravio, NF Bauer;Entrega Finalizada;5;3;27;2;TRANSTRY;24013;;;
MOBIS BRASIL FABRICACAO DE AUTO PECAS LT;RODOVIARIO;1470320;27/02/2026;3;330139;27/02/2026;CARWAY SUL VEICULOS LTDA;1,03E+13;CANOAS;RS;27/02/2026;05/03/2026;23/06/2026;Entregue Fora do Prazo;Extravio;23/06 Extravio, NF Bauer;Entrega Finalizada;5;3;27;2;TRANSTRY;23003;;;
MOBIS BRASIL FABRICACAO DE AUTO PECAS LT;RODOVIARIO;1470319;27/02/2026;1;330139;27/02/2026;CARWAY SUL VEICULOS LTDA;1,03E+13;CANOAS;RS;27/02/2026;05/03/2026;23/06/2026;Entregue Fora do Prazo;Extravio;23/06 Extravio, NF Bauer;Entrega Finalizada;5;3;27;2;TRANSTRY;23003;;;
MOBIS BRASIL FABRICACAO DE AUTO PECAS LT;RODOVIARIO;1470318;27/02/2026;2;330145;27/02/2026;HOUSE PARTS-COM. DE PCS. E VEICULOS LTDA;1,15E+13;PORTO ALEGRE;RS;27/02/2026;05/03/2026;23/06/2026;Entregue Fora do Prazo;Extravio;23/06 Extravio, NF Bauer;Entrega Finalizada;5;3;27;2;TRANSTRY;23004;;;
MOBIS BRASIL FABRICACAO DE AUTO PECAS LT;RODOVIARIO;1470296;27/02/2026;2;330146;27/02/2026;LOVAT VEICULOS S/A;8,57E+12;MARINGA;PR;27/02/2026;05/03/2026;23/06/2026;Entregue Fora do Prazo;Extravio;23/06 Extravio, NF Bauer;Entrega Finalizada;5;3;27;2;TRANSTRY;18008;;;
MOBIS BRASIL FABRICACAO DE AUTO PECAS LT;RODOVIARIO;1470440;27/02/2026;5;330147;27/02/2026;LOVAT VEICULOS S/A;8,57E+12;LONDRINA;PR;27/02/2026;05/03/2026;23/06/2026;Entregue Fora do Prazo;Extravio;23/06 Extravio, NF Bauer;Entrega Finalizada;5;3;27;2;TRANSTRY;18008;;;
MOBIS BRASIL FABRICACAO DE AUTO PECAS LT;RODOVIARIO;1470455;27/02/2026;1;330147;27/02/2026;LOVAT VEICULOS S/A;8,57E+12;LONDRINA;PR;27/02/2026;05/03/2026;23/06/2026;Entregue Fora do Prazo;Extravio;23/06 Extravio, NF Bauer;Entrega Finalizada;5;3;27;2;TRANSTRY;18008;;;
MOBIS BRASIL FABRICACAO DE AUTO PECAS LT;RODOVIARIO;1470326;27/02/2026;9;330129;27/02/2026;ATUAL VEICULOS LTDA;1,33E+13;ARARANGUA;SC;27/02/2026;06/03/2026;23/06/2026;Entregue Fora do Prazo;Extravio;23/06 Extravio, NF Bauer;Entrega Finalizada;6;3;27;2;TRANSTRY;24001;Revolução Pernambucana de 1817;Estadual;PE
MOBIS BRASIL FABRICACAO DE AUTO PECAS LT;RODOVIARIO;1470327;27/02/2026;10;330130;27/02/2026;ATUAL VEICULOS LTDA;1,33E+13;CRICIUMA;SC;27/02/2026;06/03/2026;23/06/2026;Entregue Fora do Prazo;Extravio;23/06 Extravio, NF Bauer;Entrega Finalizada;6;3;27;2;TRANSTRY;24001;Revolução Pernambucana de 1817;Estadual;PE
MOBIS BRASIL FABRICACAO DE AUTO PECAS LT;RODOVIARIO;1470328;27/02/2026;1;330131;27/02/2026;ATUAL VEICULOS LTDA;1,33E+13;TUBARAO;SC;27/02/2026;06/03/2026;23/06/2026;Entregue Fora do Prazo;Extravio;23/06 Extravio, NF Bauer;Entrega Finalizada;6;3;27;2;TRANSTRY;24001;Revolução Pernambucana de 1817;Estadual;PE
MOBIS BRASIL FABRICACAO DE AUTO PECAS LT;RODOVIARIO;1470330;27/02/2026;6;330131;27/02/2026;ATUAL VEICULOS LTDA;1,33E+13;TUBARAO;SC;27/02/2026;06/03/2026;23/06/2026;Entregue Fora do Prazo;Extravio;23/06 Extravio, NF Bauer;Entrega Finalizada;6;3;27;2;TRANSTRY;24001;Revolução Pernambucana de 1817;Estadual;PE
MOBIS BRASIL FABRICACAO DE AUTO PECAS LT;RODOVIARIO;1470446;27/02/2026;1;330132;27/02/2026;BARI VEICULOS LTDA;7,46E+12;BLUMENAU;SC;27/02/2026;06/03/2026;23/06/2026;Entregue Fora do Prazo;Extravio;23/06 Extravio, NF Bauer;Entrega Finalizada;6;3;27;2;TRANSTRY;18024;Revolução Pernambucana de 1817;Estadual;PE
MOBIS BRASIL FABRICACAO DE AUTO PECAS LT;RODOVIARIO;1470447;27/02/2026;33;330132;27/02/2026;BARI VEICULOS LTDA;7,46E+12;BLUMENAU;SC;27/02/2026;06/03/2026;23/06/2026;Entregue Fora do Prazo;Extravio;23/06 Extravio, NF Bauer;Entrega Finalizada;6;3;27;2;TRANSTRY;18024;Revolução Pernambucana de 1817;Estadual;PE
MOBIS BRASIL FABRICACAO DE AUTO PECAS LT;RODOVIARIO;1470321;27/02/2026;1;330143;27/02/2026;GALA COMERCIO DE VEICULOS LTDA.;1,77E+13;PELOTAS;RS;27/02/2026;06/03/2026;23/06/2026;Entregue Fora do Prazo;Extravio;23/06 Extravio, NF Bauer;Entrega Finalizada;6;3;27;2;TRANSTRY;23009;Revolução Pernambucana de 1817;Estadual;PE
MOBIS BRASIL FABRICACAO DE AUTO PECAS LT;RODOVIARIO;1470333;27/02/2026;17;330148;27/02/2026;LR COMERCIO DE VEICULOS LTDA;1,05E+13;SAO JOSE;SC;27/02/2026;06/03/2026;23/06/2026;Entregue Fora do Prazo;Extravio;23/06 Extravio, NF Bauer;Entrega Finalizada;6;3;27;2;TRANSTRY;24007;Revolução Pernambucana de 1817;Estadual;PE
MOBIS BRASIL FABRICACAO DE AUTO PECAS LT;RODOVIARIO;1470331;27/02/2026;1;330149;27/02/2026;LS COMERCIO DE AUTOMOVEIS LTDA.;1,03E+13;BRUSQUE;SC;27/02/2026;06/03/2026;23/06/2026;Entregue Fora do Prazo;Extravio;23/06 Extravio, NF Bauer;Entrega Finalizada;6;3;27;2;TRANSTRY;24006;Revolução Pernambucana de 1817;Estadual;PE
MOBIS BRASIL FABRICACAO DE AUTO PECAS LT;RODOVIARIO;1470336;27/02/2026;1;330150;27/02/2026;PONTO CERTO COMERCIO DE VEICULOS LTDA;1,50E+13;LAGES;SC;27/02/2026;06/03/2026;23/06/2026;Entregue Fora do Prazo;Extravio;23/06 Extravio, NF Bauer;Entrega Finalizada;6;3;27;2;TRANSTRY;24017;Revolução Pernambucana de 1817;Estadual;PE
MOBIS BRASIL FABRICACAO DE AUTO PECAS LT;RODOVIARIO;1470441;27/02/2026;2;330151;27/02/2026;SANTA FE VEICULOS LTDA.;1,16E+13;FRANCISCO BELTRAO;PR;27/02/2026;06/03/2026;23/06/2026;Entregue Fora do Prazo;Extravio;23/06 Extravio, NF Bauer;Entrega Finalizada;6;3;27;2;TRANSTRY;18010;Revolução Pernambucana de 1817;Estadual;PE
MOBIS BRASIL FABRICACAO DE AUTO PECAS LT;RODOVIARIO;1470302;27/02/2026;1;330153;27/02/2026;VETOR AUTOMOVEIS LTDA;2,12E+13;FOZ DO IGUACU;PR;27/02/2026;06/03/2026;23/06/2026;Entregue Fora do Prazo;Extravio;23/06 Extravio, NF Bauer;Entrega Finalizada;6;3;27;2;TRANSTRY;18019;Revolução Pernambucana de 1817;Estadual;PE
MOBIS BRASIL FABRICACAO DE AUTO PECAS LT;RODOVIARIO;1470299;27/02/2026;1;330154;27/02/2026;ZENDAI VEICULOS LTDA;1,97E+13;TOLEDO;PR;27/02/2026;06/03/2026;23/06/2026;Entregue Fora do Prazo;Extravio;23/06 Extravio, NF Bauer;Entrega Finalizada;6;3;27;2;TRANSTRY;18016;Revolução Pernambucana de 1817;Estadual;PE
MOBIS BRASIL FABRICACAO DE AUTO PECAS LT;RODOVIARIO;1470337;27/02/2026;3;330140;27/02/2026;CHINHAN AUTOMOVEIS LTDA;2,41E+13;CONCORDIA;SC;27/02/2026;09/03/2026;23/06/2026;Entregue Fora do Prazo;Extravio;23/06 Extravio, NF Bauer;Entrega Finalizada;9;3;27;2;TRANSTRY;23019;;;
MOBIS BRASIL FABRICACAO DE AUTO PECAS LT;RODOVIARIO;1470323;27/02/2026;4;330144;27/02/2026;HOUSE PARTS - COM. DE PECAS E VEIC. LTDA;1,15E+13;SANTA CRUZ DO SUL;RS;27/02/2026;09/03/2026;23/06/2026;Entregue Fora do Prazo;Extravio;23/06 Extravio, NF Bauer;Entrega Finalizada;9;3;27;2;TRANSTRY;23017;;;
MOBIS BRASIL FABRICACAO DE AUTO PECAS LT;RODOVIARIO;1470339;27/02/2026;2;330141;27/02/2026;CHINHAN AUTOMOVEIS LTDA.;2,41E+13;CACADOR;SC;27/02/2026;10/03/2026;23/06/2026;Entregue Fora do Prazo;Extravio;23/06 Extravio, NF Bauer;Entrega Finalizada;10;3;27;2;TRANSTRY;24020;;;
MOBIS BRASIL FABRICACAO DE AUTO PECAS LT;RODOVIARIO;1470324;27/02/2026;5;330142;27/02/2026;GALA COMERCIO DE VEICULOS LTDA;1,77E+13;BAGE;RS;27/02/2026;10/03/2026;23/06/2026;Entregue Fora do Prazo;Extravio;23/06 Extravio, NF Bauer;Entrega Finalizada;10;3;27;2;TRANSTRY;23009;;;
MOBIS BRASIL FABRICACAO DE AUTO PECAS LT;RODOVIARIO;1518712;29/05/2026;1;345573;01/06/2026;UNIQUE BOA VISTA COM. DE AUTOMOVEIS LTDA;3,48E+13;BOA VISTA;RR;01/06/2026;29/06/2026;23/06/2026;Entregue No Prazo;;Entrega realizada;Entrega Finalizada;29;6;1;6;CARVALIMA;22002;;;
MOBIS BRASIL FABRICACAO DE AUTO PECAS LT;RODOVIARIO;1521875;09/06/2026;1;346588;09/06/2026;MISO VEICULOS LTDA;1,85E+13;SANTAREM;PA;09/06/2026;23/06/2026;23/06/2026;Entregue No Prazo;;Entrega realizada;Entrega Finalizada;23;6;9;6;CARVALIMA;4001;;;
MOBIS BRASIL FABRICACAO DE AUTO PECAS LT;RODOVIARIO;1521876;09/06/2026;1;346588;09/06/2026;MISO VEICULOS LTDA;1,85E+13;SANTAREM;PA;09/06/2026;23/06/2026;23/06/2026;Entregue No Prazo;;Entrega realizada;Entrega Finalizada;23;6;9;6;CARVALIMA;4001;;;
MOBIS BRASIL FABRICACAO DE AUTO PECAS LT;RODOVIARIO;1521848;09/06/2026;1;346599;09/06/2026;PATEO COMERCIO DE VEICULOS S A;7,78E+12;SAO LUIS;MA;09/06/2026;24/06/2026;23/06/2026;Entregue No Prazo;;Entrega realizada;Entrega Finalizada;24;6;9;6;TERMACO;10002;;;
MOBIS BRASIL FABRICACAO DE AUTO PECAS LT;RODOVIARIO;1521849;09/06/2026;10;346599;09/06/2026;PATEO COMERCIO DE VEICULOS S A;7,78E+12;SAO LUIS;MA;09/06/2026;24/06/2026;23/06/2026;Entregue No Prazo;;Entrega realizada;Entrega Finalizada;24;6;9;6;TERMACO;10002;;;
MOBIS BRASIL FABRICACAO DE AUTO PECAS LT;RODOVIARIO;1521820;09/06/2026;2;346607;09/06/2026;ULSAN COMERCIO DE VEICULOS LTDA;2,10E+13;RIO BRANCO;AC;09/06/2026;26/06/2026;23/06/2026;Entregue No Prazo;Avaria;Entrega realizada;Entrega Finalizada;26;6;9;6;CARVALIMA;21004;;;
MOBIS BRASIL FABRICACAO DE AUTO PECAS LT;RODOVIARIO;1522578;10/06/2026;1;346840;10/06/2026;MISO VEICULOS LTDA;1,85E+13;SANTAREM;PA;10/06/2026;24/06/2026;23/06/2026;Entregue No Prazo;;Entrega realizada;Entrega Finalizada;24;6;10;6;CARVALIMA;4001;;;
MOBIS BRASIL FABRICACAO DE AUTO PECAS LT;RODOVIARIO;1522603;10/06/2026;23;346853;10/06/2026;SAINT LAND COMERCIO DE VEICULOS LTDA;1,04E+13;NATAL;RN;10/06/2026;25/06/2026;23/06/2026;Entregue No Prazo;;Entrega realizada;Entrega Finalizada;25;6;10;6;TERMACO;6010;;;
MOBIS BRASIL FABRICACAO DE AUTO PECAS LT;RODOVIARIO;1522586;10/06/2026;1;346825;10/06/2026;AUTORAC VEICULOS LTDA;1,06E+13;PETROLINA;PE;10/06/2026;26/06/2026;23/06/2026;Entregue No Prazo;;Entrega realizada;Entrega Finalizada;26;6;10;6;TERMACO;16001;;;
MOBIS BRASIL FABRICACAO DE AUTO PECAS LT;RODOVIARIO;1522587;10/06/2026;1;346825;10/06/2026;AUTORAC VEICULOS LTDA;1,06E+13;PETROLINA;PE;10/06/2026;26/06/2026;23/06/2026;Entregue No Prazo;;Entrega realizada;Entrega Finalizada;26;6;10;6;TERMACO;16001;;;
MOBIS BRASIL FABRICACAO DE AUTO PECAS LT;RODOVIARIO;1523494;11/06/2026;3;346959;11/06/2026;CAOA MOTOR DO BRASIL LTDA;1,68E+13;FORTALEZA;CE;11/06/2026;25/06/2026;23/06/2026;Entregue No Prazo;;Entrega realizada;Entrega Finalizada;25;6;11;6;TERMACO;5008;;;
MOBIS BRASIL FABRICACAO DE AUTO PECAS LT;RODOVIARIO;1523509;11/06/2026;27;346980;11/06/2026;PATEO COMERCIO DE VEICULOS S A;7,78E+12;SAO LUIS;MA;11/06/2026;26/06/2026;23/06/2026;Entregue No Prazo;;Entrega realizada;Entrega Finalizada;26;6;11;6;TERMACO;10002;;;
MOBIS BRASIL FABRICACAO DE AUTO PECAS LT;RODOVIARIO;1524402;12/06/2026;3;347223;12/06/2026;CYCOSA AUTOMOVEIS LTDA;4,76E+12;MACEIO;AL;12/06/2026;26/06/2026;23/06/2026;Entregue No Prazo;;Entrega realizada;Entrega Finalizada;26;6;12;6;TERMACO;2001;;;
MOBIS BRASIL FABRICACAO DE AUTO PECAS LT;RODOVIARIO;1525341;15/06/2026;1;347441;15/06/2026;CAOA MOTOR DO BRASIL LTDA;1,68E+13;RIO DE JANEIRO;RJ;15/06/2026;19/06/2026;23/06/2026;Entregue Fora do Prazo;;Entrega realizada;Entrega Finalizada;19;6;15;6;CAMILO;5008;;;
MOBIS BRASIL FABRICACAO DE AUTO PECAS LT;RODOVIARIO;1525349;15/06/2026;6;347430;15/06/2026;HOUSE PARTS - COM. DE PECAS E VEIC. LTDA;1,15E+13;SANTA MARIA;RS;15/06/2026;23/06/2026;23/06/2026;Entregue No Prazo;;Entrega realizada;Entrega Finalizada;23;6;15;6;TRANSTRY;23008;;;
MOBIS BRASIL FABRICACAO DE AUTO PECAS LT;RODOVIARIO;1525351;15/06/2026;5;347427;15/06/2026;CHINHAN AUTOMOVEIS LTDA;2,41E+13;ERECHIM;RS;15/06/2026;23/06/2026;23/06/2026;Entregue No Prazo;;Entrega realizada;Entrega Finalizada;23;6;15;6;TRANSTRY;23019;;;
MOBIS BRASIL FABRICACAO DE AUTO PECAS LT;RODOVIARIO;1525359;15/06/2026;2;347458;15/06/2026;SAINT LAND COMERCIO DE VEICULOS LTDA;1,04E+13;ARACAJU;SE;15/06/2026;26/06/2026;23/06/2026;Entregue No Prazo;;Entrega realizada;Entrega Finalizada;26;6;15;6;TERMACO;6010;;;
MOBIS BRASIL FABRICACAO DE AUTO PECAS LT;RODOVIARIO;1525950;15/06/2026;12;347460;15/06/2026;SEVEL VEICULOS LTDA;1,07E+13;ARACAJU;SE;15/06/2026;26/06/2026;23/06/2026;Entregue No Prazo;;Entrega realizada;Entrega Finalizada;26;6;15;6;TERMACO;25001;;;
MOBIS BRASIL FABRICACAO DE AUTO PECAS LT;RODOVIARIO;1526312;16/06/2026;2;347692;16/06/2026;AMX COM. E SERVICOS DE AUTOMOTORES LTDA;1,20E+13;RIO DE JANEIRO;RJ;16/06/2026;22/06/2026;23/06/2026;Entregue Fora do Prazo;;Entrega realizada;Entrega Finalizada;22;6;16;6;CAMILO;19009;;;
MOBIS BRASIL FABRICACAO DE AUTO PECAS LT;RODOVIARIO;1526325;16/06/2026;1;347680;16/06/2026;HOUSE PARTS - COM. DE PECAS E VEIC. LTDA;1,15E+13;SANTA MARIA;RS;16/06/2026;24/06/2026;23/06/2026;Entregue No Prazo;;Entrega realizada;Entrega Finalizada;24;6;16;6;TRANSTRY;23008;;;
MOBIS BRASIL FABRICACAO DE AUTO PECAS LT;RODOVIARIO;1526285;16/06/2026;1;347747;16/06/2026;URCA MOTORS VEICULOS LTDA;8,77E+12;RIO VERDE;GO;16/06/2026;26/06/2026;23/06/2026;Entregue No Prazo;;Entrega realizada;Entrega Finalizada;26;6;16;6;RIO VERMELHO;9014;;;
MOBIS BRASIL FABRICACAO DE AUTO PECAS LT;RODOVIARIO;1526339;16/06/2026;1;347713;16/06/2026;SAINT LAND COMERCIO DE VEICULOS LTDA;1,04E+13;ARACAJU;SE;16/06/2026;29/06/2026;23/06/2026;Entregue No Prazo;;Entrega realizada;Entrega Finalizada;29;6;16;6;TERMACO;6010;;;
MOBIS BRASIL FABRICACAO DE AUTO PECAS LT;RODOVIARIO;1526299;16/06/2026;1;347705;16/06/2026;NACIONAL NOVA MARABA DIST DE VEIC. LTDA;1,70E+13;MARABA;PA;16/06/2026;30/06/2026;23/06/2026;Entregue No Prazo;;Entrega realizada;Entrega Finalizada;30;6;16;6;CARVALIMA;14005;;;
MOBIS BRASIL FABRICACAO DE AUTO PECAS LT;RODOVIARIO;1527220;17/06/2026;1;347917;17/06/2026;URCA MOTORS VEICULOS LTDA;8,77E+12;UBERABA;MG;17/06/2026;23/06/2026;23/06/2026;Entregue No Prazo;;Entrega realizada;Entrega Finalizada;23;6;17;6;XD BETIM;9014;;;
MOBIS BRASIL FABRICACAO DE AUTO PECAS LT;RODOVIARIO;1527210;17/06/2026;7;347947;17/06/2026;VIA BRASIL AUTOMOVEIS LTDA.;4,72E+12;SERRA;ES;17/06/2026;24/06/2026;23/06/2026;Entregue No Prazo;;Entrega realizada;Entrega Finalizada;24;6;17;6;CAMILO;8001;;;
MOBIS BRASIL FABRICACAO DE AUTO PECAS LT;RODOVIARIO;1527211;17/06/2026;23;347947;17/06/2026;VIA BRASIL AUTOMOVEIS LTDA.;4,72E+12;SERRA;ES;17/06/2026;24/06/2026;23/06/2026;Entregue No Prazo;;Entrega realizada;Entrega Finalizada;24;6;17;6;CAMILO;8001;;;
MOBIS BRASIL FABRICACAO DE AUTO PECAS LT;RODOVIARIO;1527217;17/06/2026;2;347907;17/06/2026;CONCESSIONARIA NAGOYA MOTOS E VEIC. LTDA;8,74E+12;UBA;MG;17/06/2026;24/06/2026;23/06/2026;Entregue No Prazo;;Entrega realizada;Entrega Finalizada;24;6;17;6;XD BETIM;11004;;;
MOBIS BRASIL FABRICACAO DE AUTO PECAS LT;RODOVIARIO;1527449;17/06/2026;11;347952;17/06/2026;ATUAL VEICULOS LTDA;1,33E+13;ARARANGUA;SC;17/06/2026;24/06/2026;23/06/2026;Entregue No Prazo;;Entrega realizada;Entrega Finalizada;24;6;17;6;TRANSTRY;24001;;;
MOBIS BRASIL FABRICACAO DE AUTO PECAS LT;RODOVIARIO;1527255;17/06/2026;4;347963;17/06/2026;HOUSE PARTS - COM. DE PECAS E VEIC. LTDA;1,15E+13;SANTA MARIA;RS;17/06/2026;25/06/2026;23/06/2026;Entregue No Prazo;;Entrega realizada;Entrega Finalizada;25;6;17;6;TRANSTRY;23008;;;
MOBIS BRASIL FABRICACAO DE AUTO PECAS LT;RODOVIARIO;1527231;17/06/2026;2;347922;17/06/2026;CAOA MOTOR DO BRASIL LTDA;1,68E+13;BELEM;PA;17/06/2026;30/06/2026;23/06/2026;Entregue No Prazo;;Entrega realizada;Entrega Finalizada;30;6;17;6;CARVALIMA;5008;;;
MOBIS BRASIL FABRICACAO DE AUTO PECAS LT;RODOVIARIO;1528088;18/06/2026;16;348125;18/06/2026;BILLY DISTRIBUIDORA DE VEICULOS LTDA;1,34E+13;BARUERI;SP;18/06/2026;22/06/2026;23/06/2026;Entregue Fora do Prazo;;Entrega realizada;Entrega Finalizada;22;6;18;6;XD DIADEMA;26003;;;
MOBIS BRASIL FABRICACAO DE AUTO PECAS LT;RODOVIARIO;1528069;18/06/2026;1;348166;18/06/2026;VETOR AUTOMOVEIS LTDA;2,12E+13;CAMPO MOURAO;PR;18/06/2026;24/06/2026;23/06/2026;Entregue No Prazo;;Entrega realizada;Entrega Finalizada;24;6;18;6;TRANSTRY;18019;;;
MOBIS BRASIL FABRICACAO DE AUTO PECAS LT;RODOVIARIO;1528070;18/06/2026;1;348179;18/06/2026;ITAVEMA MOTORS VEICULOS LTDA;7,73E+12;DUQUE DE CAXIAS;RJ;18/06/2026;24/06/2026;23/06/2026;Entregue No Prazo;;Entrega realizada;Entrega Finalizada;24;6;18;6;CAMILO;19001;;;
MOBIS BRASIL FABRICACAO DE AUTO PECAS LT;RODOVIARIO;1528071;18/06/2026;3;348175;18/06/2026;CAOA MOTOR DO BRASIL LTDA;1,68E+13;RIO DE JANEIRO;RJ;18/06/2026;24/06/2026;23/06/2026;Entregue No Prazo;;Entrega realizada;Entrega Finalizada;24;6;18;6;CAMILO;5008;;;
MOBIS BRASIL FABRICACAO DE AUTO PECAS LT;RODOVIARIO;1528077;18/06/2026;1;348159;18/06/2026;CARWAY SUL VEICULOS LTDA;1,03E+13;CANOAS;RS;18/06/2026;24/06/2026;23/06/2026;Entregue No Prazo;;Entrega realizada;Entrega Finalizada;24;6;18;6;TRANSTRY;23003;;;
MOBIS BRASIL FABRICACAO DE AUTO PECAS LT;RODOVIARIO;1528039;18/06/2026;15;348190;18/06/2026;TAI MOTORS VEICULOS S/A;9,27E+12;VITORIA;ES;18/06/2026;25/06/2026;23/06/2026;Entregue No Prazo;;Entrega realizada;Entrega Finalizada;25;6;18;6;CAMILO;8002;;;
MOBIS BRASIL FABRICACAO DE AUTO PECAS LT;RODOVIARIO;1528048;18/06/2026;1;348134;18/06/2026;CONCESSIONARIA NAGOYA MOTOS E VEIC. LTDA;8,74E+12;UBA;MG;18/06/2026;25/06/2026;23/06/2026;Entregue No Prazo;;Entrega realizada;Entrega Finalizada;25;6;18;6;XD BETIM;11004;;;
MOBIS BRASIL FABRICACAO DE AUTO PECAS LT;RODOVIARIO;1528057;18/06/2026;4;348135;18/06/2026;GNC GRANDE COREIA MINAS GERAIS COMERCIO;4,27E+13;MONTES CLAROS;MG;18/06/2026;25/06/2026;23/06/2026;Entregue No Prazo;;Entrega realizada;Entrega Finalizada;25;6;18;6;XD BETIM;11035;;;
MOBIS BRASIL FABRICACAO DE AUTO PECAS LT;RODOVIARIO;1528060;18/06/2026;2;348144;18/06/2026;TECAR TRILHAS AUTOMOVEIS E SERVICOS LTDA;2,32E+13;DIVINOPOLIS;MG;18/06/2026;25/06/2026;23/06/2026;Entregue No Prazo;;Entrega realizada;Entrega Finalizada;25;6;18;6;XD BETIM;11039;;;
MOBIS BRASIL FABRICACAO DE AUTO PECAS LT;RODOVIARIO;1528080;18/06/2026;1;348152;18/06/2026;ATUAL VEICULOS LTDA;1,33E+13;ARARANGUA;SC;18/06/2026;25/06/2026;23/06/2026;Entregue No Prazo;;Entrega realizada;Entrega Finalizada;25;6;18;6;TRANSTRY;24001;;;
MOBIS BRASIL FABRICACAO DE AUTO PECAS LT;RODOVIARIO;1528083;18/06/2026;14;348154;18/06/2026;BARI VEICULOS LTDA;7,46E+12;BLUMENAU;SC;18/06/2026;25/06/2026;23/06/2026;Entregue No Prazo;;Entrega realizada;Entrega Finalizada;25;6;18;6;TRANSTRY;18024;;;
MOBIS BRASIL FABRICACAO DE AUTO PECAS LT;RODOVIARIO;1528038;18/06/2026;19;348142;18/06/2026;SMAFF IMPORT VEICULOS LTDA;8,18E+12;BRASILIA;DF;18/06/2026;26/06/2026;23/06/2026;Entregue No Prazo;;Entrega realizada;Entrega Finalizada;26;6;18;6;RIO VERMELHO;7002;;;
MOBIS BRASIL FABRICACAO DE AUTO PECAS LT;RODOVIARIO;1528040;18/06/2026;13;348186;18/06/2026;PRIME CACHOEIRO VEICULOS LTDA EPP;9,34E+12;CACHOEIRO DE ITAPEMIRIM;ES;18/06/2026;26/06/2026;23/06/2026;Entregue No Prazo;;Entrega realizada;Entrega Finalizada;26;6;18;6;CAMILO;8003;;;
MOBIS BRASIL FABRICACAO DE AUTO PECAS LT;RODOVIARIO;1528043;18/06/2026;1;348139;18/06/2026;NISA COMERCIAL DE VEIC. AUTOMOTORES LTDA;1,03E+13;APARECIDA DE GOIANIA;GO;18/06/2026;26/06/2026;23/06/2026;Entregue No Prazo;;Entrega realizada;Entrega Finalizada;26;6;18;6;RIO VERMELHO;9002;;;
MOBIS BRASIL FABRICACAO DE AUTO PECAS LT;RODOVIARIO;1528044;18/06/2026;1;348138;18/06/2026;NISA COMERCIAL DE VEIC. AUTOMOTORES LTDA;1,03E+13;GOIANIA;GO;18/06/2026;26/06/2026;23/06/2026;Entregue No Prazo;;Entrega realizada;Entrega Finalizada;26;6;18;6;RIO VERMELHO;9013;;;
MOBIS BRASIL FABRICACAO DE AUTO PECAS LT;RODOVIARIO;1528061;18/06/2026;1;348177;18/06/2026;GOLDEN MOTORS VEICULOS LTDA;3,62E+12;DOURADOS;MS;18/06/2026;26/06/2026;23/06/2026;Entregue No Prazo;;Entrega realizada;Entrega Finalizada;26;6;18;6;CARVALIMA;12001;;;
MOBIS BRASIL FABRICACAO DE AUTO PECAS LT;RODOVIARIO;1528685;18/06/2026;59;348141;18/06/2026;SAGA KOREA COM. DE VEIC. E PC. LTDA;1,27E+13;BRASILIA;DF;18/06/2026;26/06/2026;23/06/2026;Entregue No Prazo;;Entrega realizada;Entrega Finalizada;26;6;18;6;RIO VERMELHO;7005;;;
MOBIS BRASIL FABRICACAO DE AUTO PECAS LT;RODOVIARIO;1528693;18/06/2026;2;348140;18/06/2026;SAGA KOREA COM. DE VEIC. E PC. LTDA;1,27E+13;GOIANIA;GO;18/06/2026;26/06/2026;23/06/2026;Entregue No Prazo;;Entrega realizada;Entrega Finalizada;26;6;18;6;RIO VERMELHO;9011;;;
MOBIS BRASIL FABRICACAO DE AUTO PECAS LT; RODOVIARIO;1529017;19/06/2026;13;348313;19/06/2026;GRAND SPORT COM. DE VEIC. E PECAS LTDA;8,58E+12;GUARULHOS;SP;19/06/2026;23/06/2026;23/06/2026;Entregue No Prazo;;Entrega realizada;Entrega Finalizada;23;6;19;6;XD DIADEMA;26005;;;
MOBIS BRASIL FABRICACAO DE AUTO PECAS LT; RODOVIARIO;1529026;19/06/2026;5;348309;19/06/2026;CAOA MOTOR DO BRASIL LTDA (VL PRUDENTE);1,68E+13;SAO PAULO;SP;19/06/2026;23/06/2026;23/06/2026;Entregue No Prazo;;Entrega realizada;Entrega Finalizada;23;6;19;6;XD DIADEMA;26051;;;
MOBIS BRASIL FABRICACAO DE AUTO PECAS LT; RODOVIARIO;1528982;19/06/2026;38;348305;19/06/2026;BDG AUTOVILLE VEICULOS LTDA;4,77E+13;CONTAGEM;MG;19/06/2026;24/06/2026;23/06/2026;Entregue No Prazo;;Entrega realizada;Entrega Finalizada;24;6;19;6;XD BETIM;11037;;;
MOBIS BRASIL FABRICACAO DE AUTO PECAS LT; RODOVIARIO;1529021;19/06/2026;45;348352;19/06/2026;NEW VEICULOS E PECAS LTDA;1,59E+13;RIBEIRAO PRETO;SP;19/06/2026;24/06/2026;23/06/2026;Entregue No Prazo;;Entrega realizada;Entrega Finalizada;24;6;19;6;MVT;26014;;;
MOBIS BRASIL FABRICACAO DE AUTO PECAS LT; RODOVIARIO;1529022;19/06/2026;5;348347;19/06/2026;ANDRETA II DISTRIB.DE VEICULOS LTDA.;9,10E+12;JUNDIAI;SP;19/06/2026;24/06/2026;23/06/2026;Entregue No Prazo;;Entrega realizada;Entrega Finalizada;24;6;19;6;MVT;26040;;;
MOBIS BRASIL FABRICACAO DE AUTO PECAS LT; RODOVIARIO;1528977;19/06/2026;17;348327;19/06/2026;URCA MOTORS VEICULOS LTDA;8,77E+12;UBERLANDIA;MG;19/06/2026;25/06/2026;23/06/2026;Entregue No Prazo;;Entrega realizada;Entrega Finalizada;25;6;19;6;XD BETIM;9014;;;
MOBIS BRASIL FABRICACAO DE AUTO PECAS LT; RODOVIARIO;1529002;19/06/2026;3;348354;19/06/2026;AMX COM. E SERVICOS DE AUTOMOTORES LTDA;1,20E+13;RIO DE JANEIRO;RJ;19/06/2026;25/06/2026;23/06/2026;Entregue No Prazo;;Entrega realizada;Entrega Finalizada;25;6;19;6;CAMILO;19009;;;
MOBIS BRASIL FABRICACAO DE AUTO PECAS LT; RODOVIARIO;1529003;19/06/2026;4;348360;19/06/2026;ITAVEMA MOTORS VEICULOS LTDA;7,73E+12;RIO DE JANEIRO;RJ;19/06/2026;25/06/2026;23/06/2026;Entregue No Prazo;;Entrega realizada;Entrega Finalizada;25;6;19;6;CAMILO;19001;;;
MOBIS BRASIL FABRICACAO DE AUTO PECAS LT; RODOVIARIO;1529016;19/06/2026;17;348351;19/06/2026;HYMAX DISTRIBUIDORA DE VEICULOS LTDA;1,73E+13;MOGI GUACU;SP;19/06/2026;25/06/2026;23/06/2026;Entregue No Prazo;;Entrega realizada;Entrega Finalizada;25;6;19;6;MVT;26002;;;
MOBIS BRASIL FABRICACAO DE AUTO PECAS LT; RODOVIARIO;1529030;19/06/2026;1;348349;19/06/2026;DHC COMERCIO DE VEICULOS E PECAS LTDA;9,52E+12;JAU;SP;19/06/2026;25/06/2026;23/06/2026;Entregue No Prazo;;Entrega realizada;Entrega Finalizada;25;6;19;6;MVT;26010;;;
MOBIS BRASIL FABRICACAO DE AUTO PECAS LT; RODOVIARIO;1528981;19/06/2026;4;348312;19/06/2026;GNC GRANDE COREIA MINAS GERAIS COMERCIO;4,27E+13;MONTES CLAROS;MG;19/06/2026;26/06/2026;23/06/2026;Entregue No Prazo;;Entrega realizada;Entrega Finalizada;26;6;19;6;XD BETIM;11035;;;
MOBIS BRASIL FABRICACAO DE AUTO PECAS LT; RODOVIARIO;1528983;19/06/2026;2;348324;19/06/2026;TECAR TRILHAS AUTOMOVEIS E SERVICOS LTDA;2,32E+13;DIVINOPOLIS;MG;19/06/2026;26/06/2026;23/06/2026;Entregue No Prazo;;Entrega realizada;Entrega Finalizada;26;6;19;6;XD BETIM;11039;;;
MOBIS BRASIL FABRICACAO DE AUTO PECAS LT; RODOVIARIO;1529009;19/06/2026;1;348339;19/06/2026;HOUSE PARTS COMERCIO DE PECAS E VEI;1,15E+13;CAXIAS DO SUL;RS;19/06/2026;26/06/2026;23/06/2026;Entregue No Prazo;;Entrega realizada;Entrega Finalizada;26;6;19;6;TRANSTRY;23023;;;
MOBIS BRASIL FABRICACAO DE AUTO PECAS LT; RODOVIARIO;1529010;19/06/2026;1;348329;19/06/2026;ATUAL VEICULOS LTDA;1,33E+13;ARARANGUA;SC;19/06/2026;26/06/2026;23/06/2026;Entregue No Prazo;;Entrega realizada;Entrega Finalizada;26;6;19;6;TRANSTRY;24001;;;
MOBIS BRASIL FABRICACAO DE AUTO PECAS LT; RODOVIARIO;1529011;19/06/2026;21;348331;19/06/2026;BARI VEICULOS LTDA;7,46E+12;BLUMENAU;SC;19/06/2026;26/06/2026;23/06/2026;Entregue No Prazo;;Entrega realizada;Entrega Finalizada;26;6;19;6;TRANSTRY;18024;;;
MOBIS BRASIL FABRICACAO DE AUTO PECAS LT; RODOVIARIO;1529014;19/06/2026;4;348337;19/06/2026;GAMBATTO H1 VEICULOS LTDA;1,94E+13;CHAPECO;SC;19/06/2026;26/06/2026;23/06/2026;Entregue No Prazo;;Entrega realizada;Entrega Finalizada;26;6;19;6;TRANSTRY;24018;;;
MOBIS BRASIL FABRICACAO DE AUTO PECAS LT; RODOVIARIO;1528970;19/06/2026;3;348369;19/06/2026;PRIME CACHOEIRO VEICULOS LTDA EPP;9,34E+12;CACHOEIRO DE ITAPEMIRIM;ES;19/06/2026;29/06/2026;23/06/2026;Entregue No Prazo;;Entrega realizada;Entrega Finalizada;29;6;19;6;CAMILO;8003;;;
MOBIS BRASIL FABRICACAO DE AUTO PECAS LT; RODOVIARIO;1528971;19/06/2026;2;348369;19/06/2026;PRIME CACHOEIRO VEICULOS LTDA EPP;9,34E+12;CACHOEIRO DE ITAPEMIRIM;ES;19/06/2026;29/06/2026;23/06/2026;Entregue No Prazo;;Entrega realizada;Entrega Finalizada;29;6;19;6;CAMILO;8003;;;
MOBIS BRASIL FABRICACAO DE AUTO PECAS LT; RODOVIARIO;1528972;19/06/2026;5;348372;19/06/2026;TAI MOTORS VEICULOS S/A;9,27E+12;COLATINA;ES;19/06/2026;29/06/2026;23/06/2026;Entregue No Prazo;;Entrega realizada;Entrega Finalizada;29;6;19;6;CAMILO;8002;;;
MOBIS BRASIL FABRICACAO DE AUTO PECAS LT; RODOVIARIO;1528985;19/06/2026;1;348357;19/06/2026;GOLDEN MOTORS VEICULOS LTDA;3,62E+12;DOURADOS;MS;19/06/2026;29/06/2026;23/06/2026;Entregue No Prazo;;Entrega realizada;Entrega Finalizada;29;6;19;6;CARVALIMA;12001;;;
MOBIS BRASIL FABRICACAO DE AUTO PECAS LT;RODOVIARIO;1529739;22/06/2026;14;348552;22/06/2026;NOBRE DISTRIBUIDORA DE VEICULOS E PECAS;5,76E+12;MOGI DAS CRUZES;SP;22/06/2026;24/06/2026;23/06/2026;Entregue No Prazo;;Entrega realizada;Entrega Finalizada;24;6;22;6;XD DIADEMA;26004;;;
MOBIS BRASIL FABRICACAO DE AUTO PECAS LT;RODOVIARIO;1529743;22/06/2026;1;348548;22/06/2026;GRAND SPORT COM. DE VEIC. E PECAS LTDA;8,58E+12;SAO PAULO;SP;22/06/2026;24/06/2026;23/06/2026;Entregue No Prazo;;Entrega realizada;Entrega Finalizada;24;6;22;6;XD DIADEMA;26034;;;
MOBIS BRASIL FABRICACAO DE AUTO PECAS LT;RODOVIARIO;1529744;22/06/2026;3;348548;22/06/2026;GRAND SPORT COM. DE VEIC. E PECAS LTDA;8,58E+12;SAO PAULO;SP;22/06/2026;24/06/2026;23/06/2026;Entregue No Prazo;;Entrega realizada;Entrega Finalizada;24;6;22;6;XD DIADEMA;26034;;;
MOBIS BRASIL FABRICACAO DE AUTO PECAS LT;RODOVIARIO;1529752;22/06/2026;3;348544;22/06/2026;CAOA MOTOR DO BRASIL LTDA (VL PRUDENTE);1,68E+13;SAO PAULO;SP;22/06/2026;24/06/2026;23/06/2026;Entregue No Prazo;;Entrega realizada;Entrega Finalizada;24;6;22;6;XD DIADEMA;26051;;;
MOBIS BRASIL FABRICACAO DE AUTO PECAS LT;RODOVIARIO;1529753;22/06/2026;3;348544;22/06/2026;CAOA MOTOR DO BRASIL LTDA (VL PRUDENTE);1,68E+13;SAO PAULO;SP;22/06/2026;24/06/2026;23/06/2026;Entregue No Prazo;;Entrega realizada;Entrega Finalizada;24;6;22;6;XD DIADEMA;26051;;;
MOBIS BRASIL FABRICACAO DE AUTO PECAS LT;RODOVIARIO;1529754;22/06/2026;1;348546;22/06/2026;CHS MOTORS VEICULOS PECAS(VL. GUILHERME);1,69E+13;SAO PAULO;SP;22/06/2026;24/06/2026;23/06/2026;Entregue No Prazo;;Entrega realizada;Entrega Finalizada;24;6;22;6;XD DIADEMA;26052;;;
MOBIS BRASIL FABRICACAO DE AUTO PECAS LT;RODOVIARIO;1529755;22/06/2026;3;348543;22/06/2026;CAOA MOTOR DO BRASIL LTDA;1,68E+13;SAO BERNARDO DO CAMPO;SP;22/06/2026;24/06/2026;23/06/2026;Entregue No Prazo;;Entrega realizada;Entrega Finalizada;24;6;22;6;XD DIADEMA;5008;;;
MOBIS BRASIL FABRICACAO DE AUTO PECAS LT;RODOVIARIO;1529759;22/06/2026;1;348542;22/06/2026;BILLY DISTRIBUIDORA DE VEICULOS LTDA;1,34E+13;SAO PAULO;SP;22/06/2026;24/06/2026;23/06/2026;Entregue No Prazo;;Entrega realizada;Entrega Finalizada;24;6;22;6;XD DIADEMA;26003;;;
MOBIS BRASIL FABRICACAO DE AUTO PECAS LT;RODOVIARIO;1529763;22/06/2026;9;348549;22/06/2026;GRANDAY AUTOMOTORES LTDA (CHAC. CALIFOR);1,57E+13;SAO PAULO;SP;22/06/2026;24/06/2026;23/06/2026;Entregue No Prazo;;Entrega realizada;Entrega Finalizada;24;6;22;6;XD DIADEMA;26090;;;
MOBIS BRASIL FABRICACAO DE AUTO PECAS LT;RODOVIARIO;1529748;22/06/2026;4;348563;22/06/2026;ANDRETA II DISTRIBUIDORA DE VEIC. LTDA;9,10E+12;AMERICANA;SP;22/06/2026;25/06/2026;23/06/2026;Entregue No Prazo;;Entrega realizada;Entrega Finalizada;25;6;22;6;MVT;26011;;;
MOBIS BRASIL FABRICACAO DE AUTO PECAS LT;RODOVIARIO;1530053;22/06/2026;17;348576;22/06/2026;BARI VEICULOS LTDA;7,46E+12;CURITIBA;PR;22/06/2026;25/06/2026;23/06/2026;Entregue No Prazo;;Entrega realizada;Entrega Finalizada;25;6;22;6;TRANSTRY;18024;;;
MOBIS BRASIL FABRICACAO DE AUTO PECAS LT;RODOVIARIO;1529749;22/06/2026;2;348572;22/06/2026;NEW VEICULOS E PECAS LTDA;1,59E+13;FRANCA;SP;22/06/2026;26/06/2026;23/06/2026;Entregue No Prazo;;Entrega realizada;Entrega Finalizada;26;6;22;6;MVT;26014;;;
MOBIS BRASIL FABRICACAO DE AUTO PECAS LT;RODOVIARIO;1529764;22/06/2026;1;348568;22/06/2026;H - CAMINHO AUTOMOVEIS LTDA;2,53E+13;PIRACICABA;SP;22/06/2026;26/06/2026;23/06/2026;Entregue No Prazo;;Entrega realizada;Entrega Finalizada;26;6;22;6;MVT;26092;;;
MOBIS BRASIL FABRICACAO DE AUTO PECAS LT;RODOVIARIO;1529765;22/06/2026;4;348568;22/06/2026;H - CAMINHO AUTOMOVEIS LTDA;2,53E+13;PIRACICABA;SP;22/06/2026;26/06/2026;23/06/2026;Entregue No Prazo;;Entrega realizada;Entrega Finalizada;26;6;22;6;MVT;26092;;;
MOBIS BRASIL FABRICACAO DE AUTO PECAS LT;RODOVIARIO;1529770;22/06/2026;63;348773;23/06/2026;H RACING GARAGE LTDA ;3,24E+13;COTIA;SP;23/06/2026;26/06/2026;23/06/2026;Entregue No Prazo;;Entrega realizada;Entrega Finalizada;26;6;23;6;BV LOG;29944;;;
MOBIS BRASIL FABRICACAO DE AUTO PECAS LT;RODOVIARIO;1523546;11/06/2026;5;346960;11/06/2026;CAOA MOTOR DO BRASIL LTDA;1,68E+13;RIO DE JANEIRO;RJ;11/06/2026;17/06/2026;24/06/2026;Entregue Fora do Prazo;;Entrega realizada;Entrega Finalizada;17;6;11;6;CAMILO;5008;;;
MOBIS BRASIL FABRICACAO DE AUTO PECAS LT;RODOVIARIO;1525296;15/06/2026;4;347444;15/06/2026;FAZZA MOTORS COM. DE VEICULOS LTDA;1,24E+13;FORTALEZA;CE;15/06/2026;29/06/2026;24/06/2026;Entregue No Prazo;;Entrega realizada;Entrega Finalizada;29;6;15;6;TERMACO;6001;;;
MOBIS BRASIL FABRICACAO DE AUTO PECAS LT;RODOVIARIO;1525297;15/06/2026;2;347440;15/06/2026;CAOA MOTOR DO BRASIL LTDA;1,68E+13;FORTALEZA;CE;15/06/2026;29/06/2026;24/06/2026;Entregue No Prazo;;Entrega realizada;Entrega Finalizada;29;6;15;6;TERMACO;5008;;;
MOBIS BRASIL FABRICACAO DE AUTO PECAS LT;RODOVIARIO;1525311;15/06/2026;2;347454;15/06/2026;PATEO COMERCIO DE VEICULOS S A;7,78E+12;SAO LUIS;MA;15/06/2026;30/06/2026;24/06/2026;Entregue No Prazo;;Entrega realizada;Entrega Finalizada;30;6;15;6;TERMACO;10002;;;
MOBIS BRASIL FABRICACAO DE AUTO PECAS LT;RODOVIARIO;1526762;16/06/2026;50;347744;16/06/2026;SAGA KOREA COM. DE VEIC. E PC. LTDA;1,27E+13;BRASILIA;DF;16/06/2026;24/06/2026;24/06/2026;Entregue No Prazo;;Entrega realizada;Entrega Finalizada;24;6;16;6;RIO VERMELHO;7005;;;
MOBIS BRASIL FABRICACAO DE AUTO PECAS LT;RODOVIARIO;1526319;16/06/2026;3;347711;16/06/2026;SAGA ASIA COM. DE VEIC.PC.E SERV. LTDA;2,14E+13;PORTO VELHO;RO;16/06/2026;29/06/2026;24/06/2026;Entregue No Prazo;;Entrega realizada;Entrega Finalizada;29;6;16;6;CARVALIMA;21003;;;
MOBIS BRASIL FABRICACAO DE AUTO PECAS LT;RODOVIARIO;1526320;16/06/2026;1;347711;16/06/2026;SAGA ASIA COM. DE VEIC.PC.E SERV. LTDA;2,14E+13;PORTO VELHO;RO;16/06/2026;29/06/2026;24/06/2026;Entregue No Prazo;;Entrega realizada;Entrega Finalizada;29;6;16;6;CARVALIMA;21003;;;
MOBIS BRASIL FABRICACAO DE AUTO PECAS LT;RODOVIARIO;1526286;16/06/2026;6;347740;16/06/2026;NASA MOTORS LTDA.;2,65E+13;SAO LUIS DE MONTES BELOS;GO;16/06/2026;30/06/2026;24/06/2026;Entregue No Prazo;;Entrega realizada;Entrega Finalizada;30;6;16;6;RIO VERMELHO;9016;;;
MOBIS BRASIL FABRICACAO DE AUTO PECAS LT;RODOVIARIO;1527247;17/06/2026;2;347943;17/06/2026;TAI MOTORS VEICULOS S/A.;9,27E+12;CAMPOS DOS GOYTACAZES;RJ;17/06/2026;24/06/2026;24/06/2026;Entregue No Prazo;;Entrega realizada;Entrega Finalizada;24;6;17;6;CAMILO;19023;;;
MOBIS BRASIL FABRICACAO DE AUTO PECAS LT;RODOVIARIO;1527230;17/06/2026;1;347946;17/06/2026;UNIQUE COMERCIO DE AUTOMOVEIS LTDA;1,74E+13;ANANINDEUA;PA;17/06/2026;30/06/2026;24/06/2026;Entregue No Prazo;;Entrega realizada;Entrega Finalizada;30;6;17;6;CARVALIMA;14003;;;
MOBIS BRASIL FABRICACAO DE AUTO PECAS LT;RODOVIARIO;1527207;17/06/2026;110;347927;17/06/2026;FAZZA MOTORS COMERCIO DE VEICULOS LTDA;1,24E+13;FORTALEZA;CE;17/06/2026;01/07/2026;24/06/2026;Entregue No Prazo;;Entrega realizada;Entrega Finalizada;1;7;17;6;TERMACO;5007;;;
MOBIS BRASIL FABRICACAO DE AUTO PECAS LT;RODOVIARIO;1527216;17/06/2026;2;347910;17/06/2026;NASA MOTORS LTDA.;2,65E+13;SAO LUIS DE MONTES BELOS;GO;17/06/2026;01/07/2026;24/06/2026;Entregue No Prazo;;Entrega realizada;Entrega Finalizada;1;7;17;6;RIO VERMELHO;9016;;;
MOBIS BRASIL FABRICACAO DE AUTO PECAS LT;RODOVIARIO;1528068;18/06/2026;2;348167;18/06/2026;VETOR AUTOMOVEIS LTDA;2,12E+13;UMUARAMA;PR;18/06/2026;24/06/2026;24/06/2026;Entregue No Prazo;;Entrega realizada;Entrega Finalizada;24;6;18;6;TRANSTRY;18019;;;
MOBIS BRASIL FABRICACAO DE AUTO PECAS LT;RODOVIARIO;1528075;18/06/2026;1;348158;18/06/2026;CARWAY SUL VEICULOS LTDA;1,03E+13;PORTO ALEGRE;RS;18/06/2026;24/06/2026;24/06/2026;Entregue No Prazo;;Entrega realizada;Entrega Finalizada;24;6;18;6;TRANSTRY;23003;;;
MOBIS BRASIL FABRICACAO DE AUTO PECAS LT;RODOVIARIO;1528076;18/06/2026;10;348163;18/06/2026;HOUSE PARTS-COM. DE PCS. E VEICULOS LTDA;1,15E+13;PORTO ALEGRE;RS;18/06/2026;24/06/2026;24/06/2026;Entregue No Prazo;;Entrega realizada;Entrega Finalizada;24;6;18;6;TRANSTRY;23004;;;
MOBIS BRASIL FABRICACAO DE AUTO PECAS LT;RODOVIARIO;1528078;18/06/2026;6;348161;18/06/2026;GALA COMERCIO DE VEICULOS LTDA.;1,77E+13;PELOTAS;RS;18/06/2026;25/06/2026;24/06/2026;Entregue No Prazo;;Entrega realizada;Entrega Finalizada;25;6;18;6;TRANSTRY;23009;;;
MOBIS BRASIL FABRICACAO DE AUTO PECAS LT;RODOVIARIO;1528042;18/06/2026;2;348191;18/06/2026;TAI MOTORS VEICULOS S/A;9,27E+12;COLATINA;ES;18/06/2026;26/06/2026;24/06/2026;Entregue No Prazo;;Entrega realizada;Entrega Finalizada;26;6;18;6;CAMILO;8002;;;
MOBIS BRASIL FABRICACAO DE AUTO PECAS LT;RODOVIARIO;1528079;18/06/2026;1;348162;18/06/2026;HOUSE PARTS - COM. DE PECAS E VEIC. LTDA;1,15E+13;LAJEADO;RS;18/06/2026;26/06/2026;24/06/2026;Entregue No Prazo;;Entrega realizada;Entrega Finalizada;26;6;18;6;TRANSTRY;23018;;;
MOBIS BRASIL FABRICACAO DE AUTO PECAS LT;RODOVIARIO;1528045;18/06/2026;4;348137;18/06/2026;NASA MOTORS LTDA.;2,65E+13;SAO LUIS DE MONTES BELOS;GO;18/06/2026;02/07/2026;24/06/2026;Entregue No Prazo;;Entrega realizada;Entrega Finalizada;2;7;18;6;RIO VERMELHO;9016;Independência da Bahia;Estadual;BA
MOBIS BRASIL FABRICACAO DE AUTO PECAS LT; RODOVIARIO;1528980;19/06/2026;10;348311;19/06/2026;CARBEL KOREA VEICULOS LTDA;2,07E+13;BELO HORIZONTE;MG;19/06/2026;24/06/2026;24/06/2026;Entregue No Prazo;;Entrega realizada;Entrega Finalizada;24;6;19;6;XD BETIM;11021;;;
MOBIS BRASIL FABRICACAO DE AUTO PECAS LT; RODOVIARIO;1528978;19/06/2026;2;348315;19/06/2026;IMOTORS VEICULOS LTDA;7,17E+12;JUIZ DE FORA;MG;19/06/2026;25/06/2026;24/06/2026;Entregue No Prazo;;Entrega realizada;Entrega Finalizada;25;6;19;6;XD BETIM;11010;;;
MOBIS BRASIL FABRICACAO DE AUTO PECAS LT; RODOVIARIO;1528992;19/06/2026;3;348341;19/06/2026;LOVAT VEICULOS S/A;8,57E+12;MARINGA;PR;19/06/2026;25/06/2026;24/06/2026;Entregue No Prazo;;Entrega realizada;Entrega Finalizada;25;6;19;6;TRANSTRY;18008;;;
MOBIS BRASIL FABRICACAO DE AUTO PECAS LT; RODOVIARIO;1529000;19/06/2026;1;348345;19/06/2026;VETOR AUTOMOVEIS LTDA;2,12E+13;UMUARAMA;PR;19/06/2026;25/06/2026;24/06/2026;Entregue No Prazo;;Entrega realizada;Entrega Finalizada;25;6;19;6;TRANSTRY;18019;;;
MOBIS BRASIL FABRICACAO DE AUTO PECAS LT; RODOVIARIO;1529001;19/06/2026;3;348359;19/06/2026;ITAVEMA MOTORS VEICULOS LTDA;7,73E+12;DUQUE DE CAXIAS;RJ;19/06/2026;25/06/2026;24/06/2026;Entregue No Prazo;;Entrega realizada;Entrega Finalizada;25;6;19;6;CAMILO;19001;;;
MOBIS BRASIL FABRICACAO DE AUTO PECAS LT; RODOVIARIO;1529006;19/06/2026;2;348340;19/06/2026;HOUSE PARTS-COM. DE PCS. E VEICULOS LTDA;1,15E+13;PORTO ALEGRE;RS;19/06/2026;25/06/2026;24/06/2026;Entregue No Prazo;;Entrega realizada;Entrega Finalizada;25;6;19;6;TRANSTRY;23004;;;
MOBIS BRASIL FABRICACAO DE AUTO PECAS LT; RODOVIARIO;1529007;19/06/2026;9;348340;19/06/2026;HOUSE PARTS-COM. DE PCS. E VEICULOS LTDA;1,15E+13;PORTO ALEGRE;RS;19/06/2026;25/06/2026;24/06/2026;Entregue No Prazo;;Entrega realizada;Entrega Finalizada;25;6;19;6;TRANSTRY;23004;;;
MOBIS BRASIL FABRICACAO DE AUTO PECAS LT; RODOVIARIO;1528979;19/06/2026;1;348328;19/06/2026;VITAL COMERCIO DE VEICULOS LTDA;1,05E+13;GOVERNADOR VALADARES;MG;19/06/2026;26/06/2026;24/06/2026;Entregue No Prazo;;Entrega realizada;Entrega Finalizada;26;6;19;6;XD BETIM;11016;;;
MOBIS BRASIL FABRICACAO DE AUTO PECAS LT; RODOVIARIO;1528984;19/06/2026;1;348320;19/06/2026;RITMO MOTORS LTDA;1,94E+13;PASSOS;MG;19/06/2026;26/06/2026;24/06/2026;Entregue No Prazo;;Entrega realizada;Entrega Finalizada;26;6;19;6;XD BETIM;11040;;;
MOBIS BRASIL FABRICACAO DE AUTO PECAS LT; RODOVIARIO;1528993;19/06/2026;3;348342;19/06/2026;SANTA FE VEICULOS LTDA.;1,16E+13;FRANCISCO BELTRAO;PR;19/06/2026;26/06/2026;24/06/2026;Entregue No Prazo;;Entrega realizada;Entrega Finalizada;26;6;19;6;TRANSTRY;18010;;;
MOBIS BRASIL FABRICACAO DE AUTO PECAS LT; RODOVIARIO;1528973;19/06/2026;5;348316;19/06/2026;NISA COMERCIAL DE VEIC. AUTOMOTORES LTDA;1,03E+13;APARECIDA DE GOIANIA;GO;19/06/2026;29/06/2026;24/06/2026;Entregue No Prazo;;Entrega realizada;Entrega Finalizada;29;6;19;6;RIO VERMELHO;9002;;;
MOBIS BRASIL FABRICACAO DE AUTO PECAS LT; RODOVIARIO;1529411;19/06/2026;1;348321;19/06/2026;SAGA KOREA COM. DE VEIC. E PC. LTDA;1,27E+13;GOIANIA;GO;19/06/2026;29/06/2026;24/06/2026;Entregue No Prazo;;Entrega realizada;Entrega Finalizada;29;6;19;6;RIO VERMELHO;9011;;;
MOBIS BRASIL FABRICACAO DE AUTO PECAS LT; RODOVIARIO;1529412;19/06/2026;64;348321;19/06/2026;SAGA KOREA COM. DE VEIC. E PC. LTDA;1,27E+13;GOIANIA;GO;19/06/2026;29/06/2026;24/06/2026;Entregue No Prazo;;Entrega realizada;Entrega Finalizada;29;6;19;6;RIO VERMELHO;9011;;;
MOBIS BRASIL FABRICACAO DE AUTO PECAS LT; RODOVIARIO;1528975;19/06/2026;3;348326;19/06/2026;URCA MOTORS VEICULOS LTDA;8,77E+12;ITUMBIARA;GO;19/06/2026;01/07/2026;24/06/2026;Entregue No Prazo;;Entrega realizada;Entrega Finalizada;1;7;19;6;RIO VERMELHO;9014;;;
MOBIS BRASIL FABRICACAO DE AUTO PECAS LT; RODOVIARIO;1528986;19/06/2026;1;348375;19/06/2026;UNIQUE COMERCIO DE AUTOMOVEIS LTDA;1,74E+13;ANANINDEUA;PA;19/06/2026;02/07/2026;24/06/2026;Entregue No Prazo;;Entrega realizada;Entrega Finalizada;2;7;19;6;CARVALIMA;14003;Independência da Bahia;Estadual;BA
MOBIS BRASIL FABRICACAO DE AUTO PECAS LT; RODOVIARIO;1528987;19/06/2026;5;348375;19/06/2026;UNIQUE COMERCIO DE AUTOMOVEIS LTDA;1,74E+13;ANANINDEUA;PA;19/06/2026;02/07/2026;24/06/2026;Entregue No Prazo;;Entrega realizada;Entrega Finalizada;2;7;19;6;CARVALIMA;14003;Independência da Bahia;Estadual;BA
MOBIS BRASIL FABRICACAO DE AUTO PECAS LT;RODOVIARIO;1529761;22/06/2026;2;348553;22/06/2026;NOBRE SP DISTRIB. DE VEIC. E PEC. LTDA;1,70E+13;SAO PAULO;SP;22/06/2026;24/06/2026;24/06/2026;Entregue No Prazo;Extravio parcial;Entrega realizada;Entrega Finalizada;24;6;22;6;XD DIADEMA;26081;;;
MOBIS BRASIL FABRICACAO DE AUTO PECAS LT;RODOVIARIO;1529766;22/06/2026;3;348545;22/06/2026;CHS MOTORS VEICULOS PECAS E SERV. LTDA;1,69E+13;OSASCO;SP;22/06/2026;24/06/2026;24/06/2026;Entregue No Prazo;;Entrega realizada;Entrega Finalizada;24;6;22;6;XD DIADEMA;26106;;;
MOBIS BRASIL FABRICACAO DE AUTO PECAS LT;RODOVIARIO;1529685;22/06/2026;30;348559;22/06/2026;TAI MOTORS VEICULOS S/A;9,27E+12;BELO HORIZONTE;MG;22/06/2026;25/06/2026;24/06/2026;Entregue No Prazo;;Entrega realizada;Entrega Finalizada;25;6;22;6;XD BETIM;8002;;;
MOBIS BRASIL FABRICACAO DE AUTO PECAS LT;RODOVIARIO;1529688;22/06/2026;50;348541;22/06/2026;BDG AUTOVILLE VEICULOS LTDA;4,77E+13;CONTAGEM;MG;22/06/2026;25/06/2026;24/06/2026;Entregue No Prazo;;Entrega realizada;Entrega Finalizada;25;6;22;6;XD BETIM;11037;;;
MOBIS BRASIL FABRICACAO DE AUTO PECAS LT;RODOVIARIO;1529742;22/06/2026;1;348571;22/06/2026;MOTONET COMERCIO DE VEICULOS LTDA;9,28E+12;SOROCABA;SP;22/06/2026;25/06/2026;24/06/2026;Entregue No Prazo;;Entrega realizada;Entrega Finalizada;25;6;22;6;MVT;26113;;;
MOBIS BRASIL FABRICACAO DE AUTO PECAS LT;RODOVIARIO;1529747;22/06/2026;3;348564;22/06/2026;ANDRETA II DISTRIBUIDORA DE VEIC. LTDA;9,10E+12;INDAIATUBA;SP;22/06/2026;25/06/2026;24/06/2026;Entregue No Prazo;;Entrega realizada;Entrega Finalizada;25;6;22;6;MVT;26011;;;
MOBIS BRASIL FABRICACAO DE AUTO PECAS LT;RODOVIARIO;1529684;22/06/2026;1;348561;22/06/2026;TOKSU COMERCIO DE VEICULOS LTDA;1,12E+13;JUIZ DE FORA;MG;22/06/2026;26/06/2026;24/06/2026;Entregue No Prazo;;Entrega realizada;Entrega Finalizada;26;6;22;6;XD BETIM;11008;;;
MOBIS BRASIL FABRICACAO DE AUTO PECAS LT;RODOVIARIO;1529702;22/06/2026;3;348589;22/06/2026;LOVAT VEICULOS S/A;8,57E+12;LONDRINA;PR;22/06/2026;26/06/2026;24/06/2026;Entregue No Prazo;;Entrega realizada;Entrega Finalizada;26;6;22;6;TRANSTRY;18008;;;
MOBIS BRASIL FABRICACAO DE AUTO PECAS LT;RODOVIARIO;1529709;22/06/2026;2;348604;22/06/2026;CAOA MOTOR DO BRASIL LTDA;1,68E+13;RIO DE JANEIRO;RJ;22/06/2026;26/06/2026;24/06/2026;Entregue No Prazo;;Entrega realizada;Entrega Finalizada;26;6;22;6;CAMILO;5008;;;
MOBIS BRASIL FABRICACAO DE AUTO PECAS LT;RODOVIARIO;1529711;22/06/2026;5;348615;22/06/2026;ITAVEMA MOTORS VEICULOS LTDA;7,73E+12;RIO DE JANEIRO;RJ;22/06/2026;26/06/2026;24/06/2026;Entregue No Prazo;;Entrega realizada;Entrega Finalizada;26;6;22;6;CAMILO;19001;;;
MOBIS BRASIL FABRICACAO DE AUTO PECAS LT;RODOVIARIO;1529712;22/06/2026;2;348605;22/06/2026;CAOA MOTOR DO BRASIL LTDA;1,68E+13;RIO DE JANEIRO;RJ;22/06/2026;26/06/2026;24/06/2026;Entregue No Prazo;;Entrega realizada;Entrega Finalizada;26;6;22;6;CAMILO;5008;;;
MOBIS BRASIL FABRICACAO DE AUTO PECAS LT;RODOVIARIO;1529713;22/06/2026;2;348601;22/06/2026;CAOA MOTOR DO BRASIL LTDA;1,68E+13;RIO DE JANEIRO;RJ;22/06/2026;26/06/2026;24/06/2026;Entregue No Prazo;;Entrega realizada;Entrega Finalizada;26;6;22;6;CAMILO;5008;;;
MOBIS BRASIL FABRICACAO DE AUTO PECAS LT;RODOVIARIO;1529714;22/06/2026;2;348603;22/06/2026;CAOA MOTOR DO BRASIL LTDA;1,68E+13;RIO DE JANEIRO;RJ;22/06/2026;26/06/2026;24/06/2026;Entregue No Prazo;;Entrega realizada;Entrega Finalizada;26;6;22;6;CAMILO;5008;;;
MOBIS BRASIL FABRICACAO DE AUTO PECAS LT;RODOVIARIO;1529730;22/06/2026;1;348580;22/06/2026;BARI VEICULOS LTDA.;7,46E+12;JOINVILLE;SC;22/06/2026;26/06/2026;24/06/2026;Entregue No Prazo;;Entrega realizada;Entrega Finalizada;26;6;22;6;TRANSTRY;24013;;;
MOBIS BRASIL FABRICACAO DE AUTO PECAS LT;RODOVIARIO;1529731;22/06/2026;1;348579;22/06/2026;BARI VEICULOS LTDA.;7,46E+12;ITAJAI;SC;22/06/2026;26/06/2026;24/06/2026;Entregue No Prazo;;Entrega realizada;Entrega Finalizada;26;6;22;6;TRANSTRY;24014;;;
MOBIS BRASIL FABRICACAO DE AUTO PECAS LT;RODOVIARIO;1529737;22/06/2026;2;348570;22/06/2026;HYMAX DISTRIBUIDORA DE VEICULOS LTDA;1,73E+13;MOGI GUACU;SP;22/06/2026;26/06/2026;24/06/2026;Entregue No Prazo;;Entrega realizada;Entrega Finalizada;26;6;22;6;MVT;26002;;;
MOBIS BRASIL FABRICACAO DE AUTO PECAS LT;RODOVIARIO;1529738;22/06/2026;3;348570;22/06/2026;HYMAX DISTRIBUIDORA DE VEICULOS LTDA;1,73E+13;MOGI GUACU;SP;22/06/2026;26/06/2026;24/06/2026;Entregue No Prazo;;Entrega realizada;Entrega Finalizada;26;6;22;6;MVT;26002;;;
MOBIS BRASIL FABRICACAO DE AUTO PECAS LT;RODOVIARIO;1529756;22/06/2026;1;348567;22/06/2026;GOLDEN MOTORS VEICULOS LTDA;3,62E+12;PRESIDENTE PRUDENTE;SP;22/06/2026;26/06/2026;24/06/2026;Entregue No Prazo;;Entrega realizada;Entrega Finalizada;26;6;22;6;MVT;12001;;;
MOBIS BRASIL FABRICACAO DE AUTO PECAS LT;RODOVIARIO;1529760;22/06/2026;4;348566;22/06/2026;DHC COMERCIO DE VEICULOS E PECAS LTDA;9,52E+12;JAU;SP;22/06/2026;26/06/2026;24/06/2026;Entregue No Prazo;;Entrega realizada;Entrega Finalizada;26;6;22;6;MVT;26010;;;
MOBIS BRASIL FABRICACAO DE AUTO PECAS LT;RODOVIARIO;1529704;22/06/2026;3;348592;22/06/2026;SANTA FE VEICULOS LTDA.;1,16E+13;FRANCISCO BELTRAO;PR;22/06/2026;29/06/2026;24/06/2026;Entregue No Prazo;;Entrega realizada;Entrega Finalizada;29;6;22;6;TRANSTRY;18010;;;
MOBIS BRASIL FABRICACAO DE AUTO PECAS LT;RODOVIARIO;1529724;22/06/2026;1;348575;22/06/2026;ATUAL VEICULOS LTDA;1,33E+13;ARARANGUA;SC;22/06/2026;29/06/2026;24/06/2026;Entregue No Prazo;;Entrega realizada;Entrega Finalizada;29;6;22;6;TRANSTRY;24001;;;
MOBIS BRASIL FABRICACAO DE AUTO PECAS LT;RODOVIARIO;1529727;22/06/2026;7;348591;22/06/2026;LR COMERCIO DE VEICULOS LTDA;1,05E+13;SAO JOSE;SC;22/06/2026;29/06/2026;24/06/2026;Entregue No Prazo;;Entrega realizada;Entrega Finalizada;29;6;22;6;TRANSTRY;24007;;;
MOBIS BRASIL FABRICACAO DE AUTO PECAS LT;RODOVIARIO;1529732;22/06/2026;1;348586;22/06/2026;GAMBATTO H1 VEICULOS LTDA;1,94E+13;CHAPECO;SC;22/06/2026;29/06/2026;24/06/2026;Entregue No Prazo;;Entrega realizada;Entrega Finalizada;29;6;22;6;TRANSTRY;24018;;;
MOBIS BRASIL FABRICACAO DE AUTO PECAS LT;RODOVIARIO;1529733;22/06/2026;1;348586;22/06/2026;GAMBATTO H1 VEICULOS LTDA;1,94E+13;CHAPECO;SC;22/06/2026;29/06/2026;24/06/2026;Entregue No Prazo;;Entrega realizada;Entrega Finalizada;29;6;22;6;TRANSTRY;24018;;;
MOBIS BRASIL FABRICACAO DE AUTO PECAS LT;RODOVIARIO;1529679;22/06/2026;4;348631;22/06/2026;TAI MOTORS VEICULOS S/A;9,27E+12;COLATINA;ES;22/06/2026;30/06/2026;24/06/2026;Entregue No Prazo;;Entrega realizada;Entrega Finalizada;30;6;22;6;CAMILO;8002;;;
MOBIS BRASIL FABRICACAO DE AUTO PECAS LT;RODOVIARIO;1529689;22/06/2026;2;348610;22/06/2026;GOLDEN MOTORS VEICULOS LTDA;3,62E+12;TRES LAGOAS;MS;22/06/2026;30/06/2026;24/06/2026;Entregue No Prazo;;Entrega realizada;Entrega Finalizada;30;6;22;6;CARVALIMA;12001;;;
MOBIS BRASIL FABRICACAO DE AUTO PECAS LT;RODOVIARIO;1530443;23/06/2026;6;348794;23/06/2026;NOBRE DISTRIBUIDORA DE VEICULOS E PECAS;5,76E+12;MOGI DAS CRUZES;SP;23/06/2026;25/06/2026;24/06/2026;Entregue No Prazo;;Entrega realizada;Entrega Finalizada;25;6;23;6;XD DIADEMA;26004;;;
MOBIS BRASIL FABRICACAO DE AUTO PECAS LT;RODOVIARIO;1530448;23/06/2026;1;348787;23/06/2026;CHS MOTORS VEICULOS PECAS E SERV LTDA  ;1,69E+13;SAO PAULO;SP;23/06/2026;25/06/2026;24/06/2026;Entregue No Prazo;;Entrega realizada;Entrega Finalizada;25;6;23;6;XD DIADEMA;26037;;;
MOBIS BRASIL FABRICACAO DE AUTO PECAS LT;RODOVIARIO;1530449;23/06/2026;1;348789;23/06/2026;GRANDAY AUTOMOTORES LTDA;1,57E+13;SAO PAULO;SP;23/06/2026;25/06/2026;24/06/2026;Entregue No Prazo;;Entrega realizada;Entrega Finalizada;25;6;23;6;XD DIADEMA;26041;;;
MOBIS BRASIL FABRICACAO DE AUTO PECAS LT;RODOVIARIO;1530451;23/06/2026;7;348785;23/06/2026;CAOA MOTOR DO BRASIL LTDA (VL PRUDENTE);1,68E+13;SAO PAULO;SP;23/06/2026;25/06/2026;24/06/2026;Entregue No Prazo;;Entrega realizada;Entrega Finalizada;25;6;23;6;XD DIADEMA;26051;;;
MOBIS BRASIL FABRICACAO DE AUTO PECAS LT;RODOVIARIO;1530455;23/06/2026;3;348795;23/06/2026;NOBRE SP DISTRIB. DE VEIC. E PEC. LTDA;1,70E+13;SAO PAULO;SP;23/06/2026;25/06/2026;24/06/2026;Entregue No Prazo;;Entrega realizada;Entrega Finalizada;25;6;23;6;XD DIADEMA;26081;;;
MOBIS BRASIL FABRICACAO DE AUTO PECAS LT;RODOVIARIO;1530459;23/06/2026;2;348784;23/06/2026;CAOA MOTOR DO BRASIL LTDA (INDIANOPOLIS);1,68E+13;SAO PAULO;SP;23/06/2026;25/06/2026;24/06/2026;Entregue No Prazo;;Entrega realizada;Entrega Finalizada;25;6;23;6;XD DIADEMA;26091;;;
MOBIS BRASIL FABRICACAO DE AUTO PECAS LT;RODOVIARIO;1529745;22/06/2026;12;348830;23/06/2026;ANDRETA II DISTRIB.DE VEICULOS LTDA.;9,10E+12;JUNDIAI;SP;23/06/2026;26/06/2026;24/06/2026;Entregue No Prazo;;Entrega realizada;Entrega Finalizada;26;6;23;6;MVT;26040;;;
MOBIS BRASIL FABRICACAO DE AUTO PECAS LT;RODOVIARIO;1529757;22/06/2026;1;348834;23/06/2026;CAOA MOTOR DO BRASIL LTDA;1,68E+13;CAMPINAS;SP;23/06/2026;26/06/2026;24/06/2026;Entregue No Prazo;;Entrega realizada;Entrega Finalizada;26;6;23;6;MVT;5008;;;
MOBIS BRASIL FABRICACAO DE AUTO PECAS LT;RODOVIARIO;1530445;23/06/2026;6;348838;23/06/2026;MOTONET COMERCIO DE VEICULOS LTDA;9,28E+12;SOROCABA;SP;23/06/2026;26/06/2026;24/06/2026;Entregue No Prazo;;Entrega realizada;Entrega Finalizada;26;6;23;6;MVT;26113;;;
MOBIS BRASIL FABRICACAO DE AUTO PECAS LT;RODOVIARIO;1530446;23/06/2026;1;348839;23/06/2026;NEW VEICULOS E PECAS LTDA;1,59E+13;RIBEIRAO PRETO;SP;23/06/2026;26/06/2026;24/06/2026;Entregue No Prazo;;Entrega realizada;Entrega Finalizada;26;6;23;6;MVT;26014;;;
MOBIS BRASIL FABRICACAO DE AUTO PECAS LT;RODOVIARIO;1530452;23/06/2026;3;348834;23/06/2026;CAOA MOTOR DO BRASIL LTDA;1,68E+13;CAMPINAS;SP;23/06/2026;26/06/2026;24/06/2026;Entregue No Prazo;;Entrega realizada;Entrega Finalizada;26;6;23;6;MVT;5008;;;
MOBIS BRASIL FABRICACAO DE AUTO PECAS LT;RODOVIARIO;1530453;23/06/2026;3;348833;23/06/2026;CAOA MOTOR DO BRASIL LTDA;1,68E+13;SAO JOSE DOS CAMPOS;SP;23/06/2026;26/06/2026;24/06/2026;Entregue No Prazo;;Entrega realizada;Entrega Finalizada;26;6;23;6;MVT;5008;;;
MOBIS BRASIL FABRICACAO DE AUTO PECAS LT;RODOVIARIO;1530983;23/06/2026;5;348816;23/06/2026;BARI VEICULOS LTDA;7,46E+12;CURITIBA;PR;23/06/2026;26/06/2026;24/06/2026;Entregue No Prazo;;Entrega realizada;Entrega Finalizada;26;6;23;6;TRANSTRY;18024;;;
MOBIS BRASIL FABRICACAO DE AUTO PECAS LT;RODOVIARIO;1530441;23/06/2026;1;348837;23/06/2026;HYMAX DISTRIBUIDORA DE VEICULOS LTDA;1,73E+13;MOGI GUACU;SP;23/06/2026;29/06/2026;24/06/2026;Entregue No Prazo;;Entrega realizada;Entrega Finalizada;29;6;23;6;MVT;26002;;;
MOBIS BRASIL FABRICACAO DE AUTO PECAS LT;RODOVIARIO;1529746;22/06/2026;22;349007;24/06/2026;BILLY DISTRIBUIDORA DE VEICULOS LTDA;1,34E+13;SAO CAETANO DO SUL;SP;24/06/2026;26/06/2026;24/06/2026;Entregue No Prazo;;;Entrega Finalizada;26;6;24;6;BV LOG;26003;;;
MOBIS BRASIL FABRICACAO DE AUTO PECAS LT;RODOVIARIO;1530457;23/06/2026;12;349008;24/06/2026;GRANDAY AUTOMOTORES LTDA (CHAC. CALIFOR);1,57E+13;SAO PAULO;SP;24/06/2026;26/06/2026;24/06/2026;Entregue No Prazo;;Entrega realizada;Entrega Finalizada;26;6;24;6;BV LOG;26090;;;
MOBIS BRASIL FABRICACAO DE AUTO PECAS LT;RODOVIARIO;1530458;23/06/2026;2;349008;24/06/2026;GRANDAY AUTOMOTORES LTDA (CHAC. CALIFOR);1,57E+13;SAO PAULO;SP;24/06/2026;26/06/2026;24/06/2026;Entregue No Prazo;;Entrega realizada;Entrega Finalizada;26;6;24;6;BV LOG;26090;;;
MOBIS BRASIL FABRICACAO DE AUTO PECAS LT;RODOVIARIO;1529740;22/06/2026;1;349010;24/06/2026;ANDRETA II DISTRIBUIDORA DE VEIC. LTDA;9,10E+12;CAMPINAS;SP;24/06/2026;29/06/2026;24/06/2026;Entregue No Prazo;;Entrega realizada;Entrega Finalizada;29;6;24;6;BV LOG;26011;;;
MOBIS BRASIL FABRICACAO DE AUTO PECAS LT;RODOVIARIO;1529741;22/06/2026;34;349010;24/06/2026;ANDRETA II DISTRIBUIDORA DE VEIC. LTDA;9,10E+12;CAMPINAS;SP;24/06/2026;29/06/2026;24/06/2026;Entregue No Prazo;;Entrega realizada;Entrega Finalizada;29;6;24;6;BV LOG;26011;;;
MOBIS BRASIL FABRICACAO DE AUTO PECAS LT;RODOVIARIO;1530444;23/06/2026;20;349010;24/06/2026;ANDRETA II DISTRIBUIDORA DE VEIC. LTDA;9,10E+12;CAMPINAS;SP;24/06/2026;29/06/2026;24/06/2026;Entregue No Prazo;;Entrega realizada;Entrega Finalizada;29;6;24;6;BV LOG;26011;;;
MOBIS BRASIL FABRICACAO DE AUTO PECAS LT;RODOVIARIO;1487576;01/04/2026;1;335593;01/04/2026;UNIQUE BOA VISTA COM. DE AUTOMOVEIS LTDA;3,48E+13;BOA VISTA;RR;01/04/2026;29/04/2026;25/06/2026;Entregue Fora do Prazo;Extravio;25/06 Extravio, solicitado um novo pedido ao cliente;Entrega Finalizada;29;4;1;4;NORTEX;22002;;;
MOBIS BRASIL FABRICACAO DE AUTO PECAS LT;RODOVIARIO;1498482;22/04/2026;1;338825;22/04/2026;PATEO COMERCIO DE VEICULOS S A;7,78E+12;MANAUS;AM;22/04/2026;18/05/2026;25/06/2026;Entregue Fora do Prazo;EXTRAVIO;25/06 Extravio, solicitado um novo pedido;Entrega Finalizada;18;5;22;4;NORTEX;3002;;;
MOBIS BRASIL FABRICACAO DE AUTO PECAS LT;RODOVIARIO;1520978;08/06/2026;1;346174;08/06/2026;JPN PATOS COMERCIO DE VEICULOS LTDA;4,20E+13;PATOS;PB;08/06/2026;24/06/2026;25/06/2026;Entregue Fora do Prazo;;Entrega realizada;Entrega Finalizada;24;6;8;6;TERMACO;15004;;;
MOBIS BRASIL FABRICACAO DE AUTO PECAS LT;RODOVIARIO;1521880;09/06/2026;12;346585;09/06/2026;JPN PATOS COMERCIO DE VEICULOS LTDA;4,20E+13;PATOS;PB;09/06/2026;25/06/2026;25/06/2026;Entregue No Prazo;;Entrega realizada;Entrega Finalizada;25;6;9;6;TERMACO;15004;;;
MOBIS BRASIL FABRICACAO DE AUTO PECAS LT;RODOVIARIO;1521881;09/06/2026;1;346598;09/06/2026;PATEO COMERCIO DE VEICULOS S A;7,78E+12;OLINDA;PE;09/06/2026;25/06/2026;25/06/2026;Entregue No Prazo;;Entrega realizada;Entrega Finalizada;25;6;9;6;TERMACO;16003;;;
MOBIS BRASIL FABRICACAO DE AUTO PECAS LT;RODOVIARIO;1521824;09/06/2026;2;346587;09/06/2026;MISO VEICULOS LTDA;1,85E+13;MACAPA;AP;09/06/2026;30/06/2026;25/06/2026;Entregue No Prazo;;Entrega realizada;Entrega Finalizada;30;6;9;6;CARVALIMA;4001;;;
MOBIS BRASIL FABRICACAO DE AUTO PECAS LT;RODOVIARIO;1523549;11/06/2026;1;346963;11/06/2026;COMETA RONDONIA COMERCIO DE VEICULO;4,23E+12;VILHENA;RO;11/06/2026;24/06/2026;25/06/2026;Entregue Fora do Prazo;;Entrega realizada;Entrega Finalizada;24;6;11;6;CARVALIMA;#N/D;;;
MOBIS BRASIL FABRICACAO DE AUTO PECAS LT;RODOVIARIO;1524403;12/06/2026;2;347227;12/06/2026;JPN COMERCIO DE VEICULOS LTDA;3,20E+13;ARAPIRACA;AL;12/06/2026;30/06/2026;25/06/2026;Entregue No Prazo;;Entrega realizada;Entrega Finalizada;30;6;12;6;TERMACO;2003;;;
MOBIS BRASIL FABRICACAO DE AUTO PECAS LT;RODOVIARIO;1525292;15/06/2026;5;347443;15/06/2026;CYCOSA AUTOMOVEIS LTDA;4,76E+12;MACEIO;AL;15/06/2026;29/06/2026;25/06/2026;Entregue No Prazo;;Entrega realizada;Entrega Finalizada;29;6;15;6;TERMACO;2001;;;
MOBIS BRASIL FABRICACAO DE AUTO PECAS LT;RODOVIARIO;1525387;15/06/2026;3;347405;15/06/2026;PRIVILLEGE DISTRIBUIDORA DE VEICULOS LTD;1,72E+13;ARAGUAINA;TO;15/06/2026;29/06/2026;25/06/2026;Entregue No Prazo;;Entrega realizada;Entrega Finalizada;29;6;15;6;RIO VERMELHO;27002;;;
MOBIS BRASIL FABRICACAO DE AUTO PECAS LT;RODOVIARIO;1525946;15/06/2026;3;347447;15/06/2026;GREEN CITY VEICULOS LTDA;2,10E+13;TERESINA;PI;15/06/2026;01/07/2026;25/06/2026;Entregue No Prazo;;Entrega realizada;Entrega Finalizada;1;7;15;6;TERMACO;17002;;;
MOBIS BRASIL FABRICACAO DE AUTO PECAS LT;RODOVIARIO;1526277;16/06/2026;26;347708;16/06/2026;PATEO COMERCIO DE VEICULOS S A;7,78E+12;SALVADOR;BA;16/06/2026;26/06/2026;25/06/2026;Entregue No Prazo;;Entrega realizada;Entrega Finalizada;26;6;16;6;TERMACO;5003;;;
MOBIS BRASIL FABRICACAO DE AUTO PECAS LT;RODOVIARIO;1526801;16/06/2026;6;347741;16/06/2026;PRIVILLEGE DISTRIBUIDORA DE VEICULOS LTD;1,72E+13;ARAGUAINA;TO;16/06/2026;30/06/2026;25/06/2026;Entregue No Prazo;;Entrega realizada;Entrega Finalizada;30;6;16;6;RIO VERMELHO;27002;;;
MOBIS BRASIL FABRICACAO DE AUTO PECAS LT;RODOVIARIO;1526278;16/06/2026;2;347696;16/06/2026;CAOA MOTOR DO BRASIL LTDA.;1,68E+13;LAURO DE FREITAS;BA;16/06/2026;01/07/2026;25/06/2026;Entregue No Prazo;;Entrega realizada;Entrega Finalizada;1;7;16;6;TERMACO;5008;;;
MOBIS BRASIL FABRICACAO DE AUTO PECAS LT;RODOVIARIO;1526279;16/06/2026;1;347707;16/06/2026;ORVEL AUTOMOTOR HYD LTDA;2,52E+13;TEIXEIRA DE FREITAS;BA;16/06/2026;01/07/2026;25/06/2026;Entregue No Prazo;;Entrega realizada;Entrega Finalizada;1;7;16;6;TERMACO;5011;;;
MOBIS BRASIL FABRICACAO DE AUTO PECAS LT;RODOVIARIO;1527256;17/06/2026;3;347960;17/06/2026;CHINHAN AUTOMOVEIS LTDA;2,41E+13;ERECHIM;RS;17/06/2026;25/06/2026;25/06/2026;Entregue No Prazo;;Entrega realizada;Entrega Finalizada;25;6;17;6;TRANSTRY;23019;;;
MOBIS BRASIL FABRICACAO DE AUTO PECAS LT;RODOVIARIO;1528073;18/06/2026;6;348192;18/06/2026;TAI MOTORS VEICULOS S/A.;9,27E+12;CAMPOS DOS GOYTACAZES;RJ;18/06/2026;25/06/2026;25/06/2026;Entregue No Prazo;;Entrega realizada;Entrega Finalizada;25;6;18;6;CAMILO;19023;;;
MOBIS BRASIL FABRICACAO DE AUTO PECAS LT;RODOVIARIO;1528074;18/06/2026;35;348188;18/06/2026;SAGA ASIA COM. DE VEIC.PC.E SERV. LTDA;2,14E+13;PORTO VELHO;RO;18/06/2026;01/07/2026;25/06/2026;Entregue No Prazo;;Entrega realizada;Entrega Finalizada;1;7;18;6;CARVALIMA;21003;;;
MOBIS BRASIL FABRICACAO DE AUTO PECAS LT;RODOVIARIO;1528036;18/06/2026;2;348183;18/06/2026;ORVEL AUTOMOTOR HYD LTDA;2,52E+13;TEIXEIRA DE FREITAS;BA;18/06/2026;03/07/2026;25/06/2026;Entregue No Prazo;;Entrega realizada;Entrega Finalizada;3;7;18;6;TERMACO;5011;;;
MOBIS BRASIL FABRICACAO DE AUTO PECAS LT; RODOVIARIO;1528997;19/06/2026;3;348333;19/06/2026;BARI VEICULOS LTDA;7,46E+12;GUARAPUAVA;PR;19/06/2026;25/06/2026;25/06/2026;Entregue No Prazo;;Entrega realizada;Entrega Finalizada;25;6;19;6;TRANSTRY;18024;;;
MOBIS BRASIL FABRICACAO DE AUTO PECAS LT; RODOVIARIO;1528995;19/06/2026;2;348346;19/06/2026;ZENDAI VEICULOS LTDA;1,97E+13;TOLEDO;PR;19/06/2026;26/06/2026;25/06/2026;Entregue No Prazo;;Entrega realizada;Entrega Finalizada;26;6;19;6;TRANSTRY;18016;;;
MOBIS BRASIL FABRICACAO DE AUTO PECAS LT; RODOVIARIO;1529008;19/06/2026;4;348338;19/06/2026;HOUSE PARTS - COM. DE PECAS E VEIC. LTDA;1,15E+13;SANTA MARIA;RS;19/06/2026;29/06/2026;25/06/2026;Entregue No Prazo;;Entrega realizada;Entrega Finalizada;29;6;19;6;TRANSTRY;23008;;;
MOBIS BRASIL FABRICACAO DE AUTO PECAS LT; RODOVIARIO;1528965;19/06/2026;1;348365;19/06/2026;ORVEL AUTOMOTOR HYD LTDA;2,52E+13;TEIXEIRA DE FREITAS;BA;19/06/2026;06/07/2026;25/06/2026;Entregue No Prazo;;Entrega realizada;Entrega Finalizada;6;7;19;6;TERMACO;5011;;;
MOBIS BRASIL FABRICACAO DE AUTO PECAS LT;RODOVIARIO;1529706;22/06/2026;13;348577;22/06/2026;BARI VEICULOS LTDA;7,46E+12;PONTA GROSSA;PR;22/06/2026;26/06/2026;25/06/2026;Entregue No Prazo;;Entrega realizada;Entrega Finalizada;26;6;22;6;TRANSTRY;18024;;;
MOBIS BRASIL FABRICACAO DE AUTO PECAS LT;RODOVIARIO;1529707;22/06/2026;8;348577;22/06/2026;BARI VEICULOS LTDA;7,46E+12;PONTA GROSSA;PR;22/06/2026;26/06/2026;25/06/2026;Entregue No Prazo;;Entrega realizada;Entrega Finalizada;26;6;22;6;TRANSTRY;18024;;;
MOBIS BRASIL FABRICACAO DE AUTO PECAS LT;RODOVIARIO;1529718;22/06/2026;2;348588;22/06/2026;HOUSE PARTS-COM. DE PCS. E VEICULOS LTDA;1,15E+13;PORTO ALEGRE;RS;22/06/2026;26/06/2026;25/06/2026;Entregue No Prazo;;Entrega realizada;Entrega Finalizada;26;6;22;6;TRANSTRY;23004;;;
MOBIS BRASIL FABRICACAO DE AUTO PECAS LT;RODOVIARIO;1529719;22/06/2026;5;348581;22/06/2026;CARWAY SUL VEICULOS LTDA;1,03E+13;CANOAS;RS;22/06/2026;26/06/2026;25/06/2026;Entregue No Prazo;;Entrega realizada;Entrega Finalizada;26;6;22;6;TRANSTRY;23003;;;
MOBIS BRASIL FABRICACAO DE AUTO PECAS LT;RODOVIARIO;1529678;22/06/2026;4;348630;22/06/2026;TAI MOTORS VEICULOS S/A;9,27E+12;VITORIA;ES;22/06/2026;29/06/2026;25/06/2026;Entregue No Prazo;;Entrega realizada;Entrega Finalizada;29;6;22;6;CAMILO;8002;;;
MOBIS BRASIL FABRICACAO DE AUTO PECAS LT;RODOVIARIO;1529687;22/06/2026;7;348547;22/06/2026;GNC GRANDE COREIA MINAS GERAIS COMERCIO;4,27E+13;MONTES CLAROS;MG;22/06/2026;29/06/2026;25/06/2026;Entregue No Prazo;;Entrega realizada;Entrega Finalizada;29;6;22;6;XD BETIM;11035;;;
MOBIS BRASIL FABRICACAO DE AUTO PECAS LT;RODOVIARIO;1529705;22/06/2026;1;348593;22/06/2026;ZENDAI VEICULOS LTDA;1,97E+13;TOLEDO;PR;22/06/2026;29/06/2026;25/06/2026;Entregue No Prazo;;Entrega realizada;Entrega Finalizada;29;6;22;6;TRANSTRY;18016;;;
MOBIS BRASIL FABRICACAO DE AUTO PECAS LT;RODOVIARIO;1529710;22/06/2026;4;348611;22/06/2026;GRAFFITI VEICULOS LTDA.;1,71E+13;ITAPERUNA;RJ;22/06/2026;29/06/2026;25/06/2026;Entregue No Prazo;;Entrega realizada;Entrega Finalizada;29;6;22;6;CAMILO;19015;;;
MOBIS BRASIL FABRICACAO DE AUTO PECAS LT;RODOVIARIO;1529715;22/06/2026;1;348619;22/06/2026;MONTREAL VEICULOS E PECAS LTDA;1,68E+13;SAO PEDRO DA ALDEIA;RJ;22/06/2026;29/06/2026;25/06/2026;Entregue No Prazo;;Entrega realizada;Entrega Finalizada;29;6;22;6;CAMILO;19030;;;
MOBIS BRASIL FABRICACAO DE AUTO PECAS LT;RODOVIARIO;1529728;22/06/2026;1;348578;22/06/2026;BARI VEICULOS LTDA;7,46E+12;BLUMENAU;SC;22/06/2026;29/06/2026;25/06/2026;Entregue No Prazo;;Entrega realizada;Entrega Finalizada;29;6;22;6;TRANSTRY;18024;;;
MOBIS BRASIL FABRICACAO DE AUTO PECAS LT;RODOVIARIO;1529729;22/06/2026;9;348578;22/06/2026;BARI VEICULOS LTDA;7,46E+12;BLUMENAU;SC;22/06/2026;29/06/2026;25/06/2026;Entregue No Prazo;;Entrega realizada;Entrega Finalizada;29;6;22;6;TRANSTRY;18024;;;
MOBIS BRASIL FABRICACAO DE AUTO PECAS LT;RODOVIARIO;1529723;22/06/2026;3;348582;22/06/2026;CHINHAN AUTOMOVEIS LTDA;2,41E+13;ERECHIM;RS;22/06/2026;30/06/2026;25/06/2026;Entregue No Prazo;;Entrega realizada;Entrega Finalizada;30;6;22;6;TRANSTRY;23019;;;
MOBIS BRASIL FABRICACAO DE AUTO PECAS LT;RODOVIARIO;1529734;22/06/2026;2;348583;22/06/2026;CHINHAN AUTOMOVEIS LTDA;2,41E+13;CONCORDIA;SC;22/06/2026;30/06/2026;25/06/2026;Entregue No Prazo;;Entrega realizada;Entrega Finalizada;30;6;22;6;TRANSTRY;23019;;;
MOBIS BRASIL FABRICACAO DE AUTO PECAS LT;RODOVIARIO;1529691;22/06/2026;92;348626;22/06/2026;SAGA ASIA COM. DE VEIC.PC.E SERV. LTDA;2,23E+13;VARZEA GRANDE;MT;22/06/2026;01/07/2026;25/06/2026;Entregue No Prazo;;Entrega realizada;Entrega Finalizada;1;7;22;6;CARVALIMA;13004;;;
MOBIS BRASIL FABRICACAO DE AUTO PECAS LT;RODOVIARIO;1529735;22/06/2026;4;348584;22/06/2026;CHINHAN AUTOMOVEIS LTDA.;2,41E+13;CACADOR;SC;22/06/2026;01/07/2026;25/06/2026;Entregue No Prazo;;Entrega realizada;Entrega Finalizada;1;7;22;6;TRANSTRY;24020;;;
MOBIS BRASIL FABRICACAO DE AUTO PECAS LT;RODOVIARIO;1530442;23/06/2026;8;348783;23/06/2026;BILLY DISTRIBUIDORA DE VEICULOS LTDA;1,34E+13;BARUERI;SP;23/06/2026;25/06/2026;25/06/2026;Entregue No Prazo;;Entrega realizada;Entrega Finalizada;25;6;23;6;XD DIADEMA;26003;;;
MOBIS BRASIL FABRICACAO DE AUTO PECAS LT;RODOVIARIO;1530402;23/06/2026;20;348786;23/06/2026;CARBEL KOREA VEICULOS LTDA;2,07E+13;BELO HORIZONTE;MG;23/06/2026;26/06/2026;25/06/2026;Entregue No Prazo;;Entrega realizada;Entrega Finalizada;26;6;23;6;XD BETIM;11021;;;
MOBIS BRASIL FABRICACAO DE AUTO PECAS LT;RODOVIARIO;1530405;23/06/2026;25;348782;23/06/2026;BDG AUTOVILLE VEICULOS LTDA;4,77E+13;CONTAGEM;MG;23/06/2026;26/06/2026;25/06/2026;Entregue No Prazo;;Entrega realizada;Entrega Finalizada;26;6;23;6;XD BETIM;11037;;;
MOBIS BRASIL FABRICACAO DE AUTO PECAS LT;RODOVIARIO;1530420;23/06/2026;3;348817;23/06/2026;BARI VEICULOS LTDA;7,46E+12;PONTA GROSSA;PR;23/06/2026;29/06/2026;25/06/2026;Entregue No Prazo;;Entrega realizada;Entrega Finalizada;29;6;23;6;TRANSTRY;18024;;;
MOBIS BRASIL FABRICACAO DE AUTO PECAS LT;RODOVIARIO;1530421;23/06/2026;1;348853;23/06/2026;ITAVEMA MOTORS VEICULOS LTDA;7,73E+12;DUQUE DE CAXIAS;RJ;23/06/2026;29/06/2026;25/06/2026;Entregue No Prazo;;Entrega realizada;Entrega Finalizada;29;6;23;6;CAMILO;19001;;;
MOBIS BRASIL FABRICACAO DE AUTO PECAS LT;RODOVIARIO;1530422;23/06/2026;6;348843;23/06/2026;AMX COM. E SERVICOS DE AUTOMOTORES LTDA;1,20E+13;RIO DE JANEIRO;RJ;23/06/2026;29/06/2026;25/06/2026;Entregue No Prazo;;Entrega realizada;Entrega Finalizada;29;6;23;6;CAMILO;19009;;;
MOBIS BRASIL FABRICACAO DE AUTO PECAS LT;RODOVIARIO;1530423;23/06/2026;7;348854;23/06/2026;ITAVEMA MOTORS VEICULOS LTDA;7,73E+12;RIO DE JANEIRO;RJ;23/06/2026;29/06/2026;25/06/2026;Entregue No Prazo;;Entrega realizada;Entrega Finalizada;29;6;23;6;CAMILO;19001;;;
MOBIS BRASIL FABRICACAO DE AUTO PECAS LT;RODOVIARIO;1530450;23/06/2026;2;348836;23/06/2026;H R B COMERCIO DE VEICULOS LTDA;1,82E+13;SAO JOSE DO RIO PRETO;SP;23/06/2026;29/06/2026;25/06/2026;Entregue No Prazo;;Entrega realizada;Entrega Finalizada;29;6;23;6;MVT;26050;;;
MOBIS BRASIL FABRICACAO DE AUTO PECAS LT;RODOVIARIO;1530419;23/06/2026;1;348829;23/06/2026;ZENDAI VEICULOS LTDA;1,97E+13;TOLEDO;PR;23/06/2026;30/06/2026;25/06/2026;Entregue No Prazo;;Entrega realizada;Entrega Finalizada;30;6;23;6;TRANSTRY;18016;;;
MOBIS BRASIL FABRICACAO DE AUTO PECAS LT;RODOVIARIO;1530424;23/06/2026;5;348864;23/06/2026;TAI MOTORS VEICULOS S/A.;9,27E+12;CAMPOS DOS GOYTACAZES;RJ;23/06/2026;30/06/2026;25/06/2026;Entregue No Prazo;;Entrega realizada;Entrega Finalizada;30;6;23;6;CAMILO;19023;;;
MOBIS BRASIL FABRICACAO DE AUTO PECAS LT;RODOVIARIO;1530435;23/06/2026;2;348827;23/06/2026;LS COMERCIO DE AUTOMOVEIS LTDA.;1,03E+13;BRUSQUE;SC;23/06/2026;30/06/2026;25/06/2026;Entregue No Prazo;;Entrega realizada;Entrega Finalizada;30;6;23;6;TRANSTRY;24006;;;
MOBIS BRASIL FABRICACAO DE AUTO PECAS LT;RODOVIARIO;1530436;23/06/2026;6;348826;23/06/2026;LR COMERCIO DE VEICULOS LTDA;1,05E+13;SAO JOSE;SC;23/06/2026;30/06/2026;25/06/2026;Entregue No Prazo;;Entrega realizada;Entrega Finalizada;30;6;23;6;TRANSTRY;24007;;;
MOBIS BRASIL FABRICACAO DE AUTO PECAS LT;RODOVIARIO;1530437;23/06/2026;5;348814;23/06/2026;BARI VEICULOS LTDA;7,46E+12;BLUMENAU;SC;23/06/2026;30/06/2026;25/06/2026;Entregue No Prazo;;Entrega realizada;Entrega Finalizada;30;6;23;6;TRANSTRY;18024;;;
MOBIS BRASIL FABRICACAO DE AUTO PECAS LT;RODOVIARIO;1530438;23/06/2026;2;348815;23/06/2026;BARI VEICULOS LTDA;7,46E+12;BALNEARIO CAMBORIU;SC;23/06/2026;01/07/2026;25/06/2026;Entregue No Prazo;;Entrega realizada;Entrega Finalizada;1;7;23;6;TRANSTRY;18024;;;
MOBIS BRASIL FABRICACAO DE AUTO PECAS LT;RODOVIARIO;1530439;23/06/2026;1;348819;23/06/2026;CHINHAN AUTOMOVEIS LTDA;2,41E+13;CONCORDIA;SC;23/06/2026;01/07/2026;25/06/2026;Entregue No Prazo;;Entrega realizada;Entrega Finalizada;1;7;23;6;TRANSTRY;23019;;;
MOBIS BRASIL FABRICACAO DE AUTO PECAS LT;RODOVIARIO;1530440;23/06/2026;5;348820;23/06/2026;CHINHAN AUTOMOVEIS LTDA.;2,41E+13;CACADOR;SC;23/06/2026;02/07/2026;25/06/2026;Entregue No Prazo;;Entrega realizada;Entrega Finalizada;2;7;23;6;TRANSTRY;24020;Independência da Bahia;Estadual;BA
MOBIS BRASIL FABRICACAO DE AUTO PECAS LT;RODOVIARIO;1531345;24/06/2026;1;349027;24/06/2026;CHS MOTORS VEICULOS PECAS E SERV LTDA  ;1,69E+13;SAO PAULO;SP;24/06/2026;26/06/2026;25/06/2026;Entregue No Prazo;;Entrega realizada;Entrega Finalizada;26;6;24;6;XD DIADEMA;26037;;;
MOBIS BRASIL FABRICACAO DE AUTO PECAS LT;RODOVIARIO;1531350;24/06/2026;2;349025;24/06/2026;CAOA MOTOR DO BRASIL LTDA (IPIRANGA);1,68E+13;SAO PAULO;SP;24/06/2026;26/06/2026;25/06/2026;Entregue No Prazo;;Entrega realizada;Entrega Finalizada;26;6;24;6;XD DIADEMA;26054;;;
MOBIS BRASIL FABRICACAO DE AUTO PECAS LT;RODOVIARIO;1531356;24/06/2026;1;349029;24/06/2026;NOBRE SP DISTRIB. DE VEIC. E PEC. LTDA;1,70E+13;SAO PAULO;SP;24/06/2026;26/06/2026;25/06/2026;Entregue No Prazo;;Entrega realizada;Entrega Finalizada;26;6;24;6;XD DIADEMA;26081;;;
MOBIS BRASIL FABRICACAO DE AUTO PECAS LT;RODOVIARIO;1531361;24/06/2026;4;349026;24/06/2026;CAOA MOTOR DO BRASIL LTDA(RAP. TAVARES);1,68E+13;SAO PAULO;SP;24/06/2026;26/06/2026;25/06/2026;Entregue No Prazo;;Entrega realizada;Entrega Finalizada;26;6;24;6;XD DIADEMA;26109;;;
MOBIS BRASIL FABRICACAO DE AUTO PECAS LT;RODOVIARIO;1531338;24/06/2026;2;349091;24/06/2026;HYMAX DISTRIBUIDORA DE VEICULOS LTDA;1,73E+13;MOGI GUACU;SP;24/06/2026;30/06/2026;25/06/2026;Entregue No Prazo;;Entrega realizada;Entrega Finalizada;30;6;24;6;MVT;26002;;;
MOBIS BRASIL FABRICACAO DE AUTO PECAS LT;RODOVIARIO;1531339;24/06/2026;1;349091;24/06/2026;HYMAX DISTRIBUIDORA DE VEICULOS LTDA;1,73E+13;MOGI GUACU;SP;24/06/2026;30/06/2026;25/06/2026;Entregue No Prazo;;Entrega realizada;Entrega Finalizada;30;6;24;6;MVT;26002;;;
MOBIS BRASIL FABRICACAO DE AUTO PECAS LT;RODOVIARIO;1531357;24/06/2026;2;349023;24/06/2026;CAOA MOTOR DO BRASIL LTDA;1,68E+13;PRAIA GRANDE;SP;24/06/2026;30/06/2026;25/06/2026;Entregue No Prazo;;Entrega realizada;Entrega Finalizada;30;6;24;6;XD DIADEMA;5008;;;
MOBIS BRASIL FABRICACAO DE AUTO PECAS LT;RODOVIARIO;1531359;24/06/2026;7;349088;24/06/2026;H - CAMINHO AUTOMOVEIS LTDA;2,53E+13;PIRACICABA;SP;24/06/2026;30/06/2026;25/06/2026;Entregue No Prazo;;Entrega realizada;Entrega Finalizada;30;6;24;6;MVT;26092;;;
MOBIS BRASIL FABRICACAO DE AUTO PECAS LT;RODOVIARIO;1531347;24/06/2026;24;349221;25/06/2026;BILLY DISTRIBUIDORA DE VEICULOS LTDA;1,34E+13;SAO CAETANO DO SUL;SP;25/06/2026;29/06/2026;25/06/2026;Entregue No Prazo;;Entrega realizada;Entrega Finalizada;29;6;25;6;BV LOG;26003;;;
MOBIS BRASIL FABRICACAO DE AUTO PECAS LT;RODOVIARIO;1531358;24/06/2026;5;349222;25/06/2026;GRANDAY AUTOMOTORES LTDA (CHAC. CALIFOR);1,57E+13;SAO PAULO;SP;25/06/2026;29/06/2026;25/06/2026;Entregue No Prazo;;Entrega realizada;Entrega Finalizada;29;6;25;6;BV LOG;26090;;;
MOBIS BRASIL FABRICACAO DE AUTO PECAS LT;RODOVIARIO;1531340;24/06/2026;1;349223;25/06/2026;ANDRETA II DISTRIBUIDORA DE VEIC. LTDA;9,10E+12;CAMPINAS;SP;25/06/2026;30/06/2026;25/06/2026;Entregue No Prazo;;Entrega realizada;Entrega Finalizada;30;6;25;6;BV LOG;26011;;;
MOBIS BRASIL FABRICACAO DE AUTO PECAS LT;RODOVIARIO;1531341;24/06/2026;10;349223;25/06/2026;ANDRETA II DISTRIBUIDORA DE VEIC. LTDA;9,10E+12;CAMPINAS;SP;25/06/2026;30/06/2026;25/06/2026;Entregue No Prazo;;Entrega realizada;Entrega Finalizada;30;6;25;6;BV LOG;26011;;;
MOBIS BRASIL FABRICACAO DE AUTO PECAS LT;RODOVIARIO;1531351;24/06/2026;3;349224;25/06/2026;CAOA MOTOR DO BRASIL LTDA;1,68E+13;CAMPINAS;SP;25/06/2026;30/06/2026;25/06/2026;Entregue No Prazo;;Entrega realizada;Entrega Finalizada;30;6;25;6;BV LOG;5008;;;
MOBIS BRASIL FABRICACAO DE AUTO PECAS LT;RODOVIARIO;1531354;24/06/2026;25;349225;25/06/2026;DESTAQUE SEUL DISTR. DE VEIC. E PC. LTDA;2,12E+13;ATIBAIA;SP;25/06/2026;30/06/2026;25/06/2026;Entregue No Prazo;;Entrega realizada;Entrega Finalizada;30;6;25;6;BV LOG;26075;;;
MOBIS BRASIL FABRICACAO DE AUTO PECAS LT;RODOVIARIO;1523530;11/06/2026;4;346972;11/06/2026;JPN PATOS COMERCIO DE VEICULOS LTDA;4,20E+13;PATOS;PB;11/06/2026;29/06/2026;26/06/2026;Entregue No Prazo;;Entrega realizada;Entrega Finalizada;29;6;11;6;TERMACO;15004;;;
MOBIS BRASIL FABRICACAO DE AUTO PECAS LT;RODOVIARIO;1524404;12/06/2026;14;347233;12/06/2026;PATEO COMERCIO DE VEICULOS S A;7,78E+12;MANAUS;AM;12/06/2026;08/07/2026;26/06/2026;Entregue No Prazo;;Entrega realizada;Entrega Finalizada;8;7;12;6;CARVALIMA;3002;Emancipação Política de Sergipe;Estadual;SE
MOBIS BRASIL FABRICACAO DE AUTO PECAS LT;RODOVIARIO;1525295;15/06/2026;3;347453;15/06/2026;PATEO COMERCIO DE VEICULOS S A;7,78E+12;FEIRA DE SANTANA;BA;15/06/2026;30/06/2026;26/06/2026;Entregue No Prazo;;Entrega realizada;Entrega Finalizada;30;6;15;6;TERMACO;5009;;;
MOBIS BRASIL FABRICACAO DE AUTO PECAS LT;RODOVIARIO;1525346;15/06/2026;7;347459;15/06/2026;SAINT LAND COMERCIO DE VEICULOS LTDA;1,04E+13;NATAL;RN;15/06/2026;30/06/2026;26/06/2026;Entregue No Prazo;;Entrega realizada;Entrega Finalizada;30;6;15;6;TERMACO;6010;;;
MOBIS BRASIL FABRICACAO DE AUTO PECAS LT;RODOVIARIO;1525332;15/06/2026;2;347449;15/06/2026;JPN PATOS COMERCIO DE VEICULOS LTDA;4,20E+13;PATOS;PB;15/06/2026;01/07/2026;26/06/2026;Entregue No Prazo;;Entrega realizada;Entrega Finalizada;1;7;15;6;TERMACO;15004;;;
MOBIS BRASIL FABRICACAO DE AUTO PECAS LT;RODOVIARIO;1525345;15/06/2026;11;347452;15/06/2026;ORIENTE AUTOMOVEIS LTDA;1,33E+13;PARNAMIRIM;RN;15/06/2026;01/07/2026;26/06/2026;Entregue No Prazo;;Entrega realizada;Entrega Finalizada;1;7;15;6;TERMACO;20001;;;
MOBIS BRASIL FABRICACAO DE AUTO PECAS LT;RODOVIARIO;1525312;15/06/2026;3;347451;15/06/2026;NACIONAL NOVA MARABA DIST DE VEIC. LTDA;1,70E+13;IMPERATRIZ;MA;15/06/2026;03/07/2026;26/06/2026;Entregue No Prazo;;Entrega realizada;Entrega Finalizada;3;7;15;6;TERMACO;10003;;;
MOBIS BRASIL FABRICACAO DE AUTO PECAS LT;RODOVIARIO;1525313;15/06/2026;2;347451;15/06/2026;NACIONAL NOVA MARABA DIST DE VEIC. LTDA;1,70E+13;IMPERATRIZ;MA;15/06/2026;03/07/2026;26/06/2026;Entregue No Prazo;;Entrega realizada;Entrega Finalizada;3;7;15;6;TERMACO;10003;;;
MOBIS BRASIL FABRICACAO DE AUTO PECAS LT;RODOVIARIO;1526317;16/06/2026;8;347712;16/06/2026;SAINT LAND COMERCIO DE VEICULOS LTDA;1,04E+13;NATAL;RN;16/06/2026;01/07/2026;26/06/2026;Entregue No Prazo;;Entrega realizada;Entrega Finalizada;1;7;16;6;TERMACO;6010;;;
MOBIS BRASIL FABRICACAO DE AUTO PECAS LT;RODOVIARIO;1526301;16/06/2026;5;347693;16/06/2026;AUTORAC VEICULOS LTDA;1,06E+13;CARUARU;PE;16/06/2026;02/07/2026;26/06/2026;Entregue No Prazo;;Entrega realizada;Entrega Finalizada;2;7;16;6;TERMACO;16001;Independência da Bahia;Estadual;BA
MOBIS BRASIL FABRICACAO DE AUTO PECAS LT;RODOVIARIO;1526316;16/06/2026;5;347706;16/06/2026;ORIENTE AUTOMOVEIS LTDA;1,33E+13;PARNAMIRIM;RN;16/06/2026;02/07/2026;26/06/2026;Entregue No Prazo;;Entrega realizada;Entrega Finalizada;2;7;16;6;TERMACO;20001;Independência da Bahia;Estadual;BA
MOBIS BRASIL FABRICACAO DE AUTO PECAS LT;RODOVIARIO;1526275;16/06/2026;1;347715;16/06/2026;ULSAN COMERCIO DE VEICULOS LTDA;2,10E+13;RIO BRANCO;AC;16/06/2026;03/07/2026;26/06/2026;Entregue No Prazo;;Entrega realizada;Entrega Finalizada;3;7;16;6;CARVALIMA;21004;;;
MOBIS BRASIL FABRICACAO DE AUTO PECAS LT;RODOVIARIO;1526318;16/06/2026;2;347697;16/06/2026;COMETA JI PARANA COM. DE VEIC. LTDA;4,23E+12;JIPARANA;RO;16/06/2026;03/07/2026;26/06/2026;Entregue No Prazo;;Entrega realizada;Entrega Finalizada;3;7;16;6;CARVALIMA;21002;;;
MOBIS BRASIL FABRICACAO DE AUTO PECAS LT;RODOVIARIO;1527257;17/06/2026;30;347951;17/06/2026;ATUAL VEICULOS LTDA;1,33E+13;CRICIUMA;SC;17/06/2026;24/06/2026;26/06/2026;Entregue Fora do Prazo;;Entrega realizada;Entrega Finalizada;24;6;17;6;TRANSTRY;24001;;;
MOBIS BRASIL FABRICACAO DE AUTO PECAS LT;RODOVIARIO;1527251;17/06/2026;1;347939;17/06/2026;SAINT LAND COMERCIO DE VEICULOS LTDA;1,04E+13;NATAL;RN;17/06/2026;02/07/2026;26/06/2026;Entregue No Prazo;;Entrega realizada;Entrega Finalizada;2;7;17;6;TERMACO;6010;Independência da Bahia;Estadual;BA
MOBIS BRASIL FABRICACAO DE AUTO PECAS LT;RODOVIARIO;1527250;17/06/2026;12;347936;17/06/2026;ORIENTE AUTOMOVEIS LTDA;1,33E+13;PARNAMIRIM;RN;17/06/2026;03/07/2026;26/06/2026;Entregue No Prazo;;Entrega realizada;Entrega Finalizada;3;7;17;6;TERMACO;20001;;;
MOBIS BRASIL FABRICACAO DE AUTO PECAS LT;RODOVIARIO;1527252;17/06/2026;5;347925;17/06/2026;COMETA JI PARANA COM. DE VEIC. LTDA;4,23E+12;JIPARANA;RO;17/06/2026;06/07/2026;26/06/2026;Entregue No Prazo;;Entrega realizada;Entrega Finalizada;6;7;17;6;CARVALIMA;21002;;;
MOBIS BRASIL FABRICACAO DE AUTO PECAS LT; RODOVIARIO;1529414;19/06/2026;11;348371;19/06/2026;SEVEL VEICULOS LTDA;1,07E+13;ARACAJU;SE;19/06/2026;02/07/2026;26/06/2026;Entregue No Prazo;;Entrega realizada;Entrega Finalizada;2;7;19;6;TERMACO;25001;Independência da Bahia;Estadual;BA
MOBIS BRASIL FABRICACAO DE AUTO PECAS LT; RODOVIARIO;1528963;19/06/2026;6;348353;19/06/2026;AIKON VEICULOS LTDA;1,17E+13;VITORIA DA CONQUISTA;BA;19/06/2026;06/07/2026;26/06/2026;Entregue No Prazo;;Entrega realizada;Entrega Finalizada;6;7;19;6;TERMACO;5002;;;
MOBIS BRASIL FABRICACAO DE AUTO PECAS LT;RODOVIARIO;1529703;22/06/2026;2;348590;22/06/2026;LOVAT VEICULOS S/A;8,57E+12;MARINGA;PR;22/06/2026;26/06/2026;26/06/2026;Entregue No Prazo;;Entrega realizada;Entrega Finalizada;26;6;22;6;TRANSTRY;18008;;;
MOBIS BRASIL FABRICACAO DE AUTO PECAS LT;RODOVIARIO;1529708;22/06/2026;2;348614;22/06/2026;ITAVEMA MOTORS VEICULOS LTDA;7,73E+12;DUQUE DE CAXIAS;RJ;22/06/2026;26/06/2026;26/06/2026;Entregue No Prazo;;Entrega realizada;Entrega Finalizada;26;6;22;6;CAMILO;19001;;;
MOBIS BRASIL FABRICACAO DE AUTO PECAS LT;RODOVIARIO;1529762;22/06/2026;2;348565;22/06/2026;DESTAQUE SEUL DISTR DE VEIC PEC LTDA;2,12E+13;CARAGUATATUBA;SP;22/06/2026;26/06/2026;26/06/2026;Entregue No Prazo;;Entrega realizada;Entrega Finalizada;26;6;22;6;MVT;26082;;;
MOBIS BRASIL FABRICACAO DE AUTO PECAS LT;RODOVIARIO;1529686;22/06/2026;2;348560;22/06/2026;TAI MOTORS VEICULOS S/A;9,27E+12;MURIAE;MG;22/06/2026;29/06/2026;26/06/2026;Entregue No Prazo;;Entrega realizada;Entrega Finalizada;29;6;22;6;XD BETIM;8002;;;
MOBIS BRASIL FABRICACAO DE AUTO PECAS LT;RODOVIARIO;1529721;22/06/2026;1;348585;22/06/2026;GALA COMERCIO DE VEICULOS LTDA.;1,77E+13;PELOTAS;RS;22/06/2026;29/06/2026;26/06/2026;Entregue No Prazo;;Entrega realizada;Entrega Finalizada;29;6;22;6;TRANSTRY;23009;;;
MOBIS BRASIL FABRICACAO DE AUTO PECAS LT;RODOVIARIO;1529722;22/06/2026;2;348585;22/06/2026;GALA COMERCIO DE VEICULOS LTDA.;1,77E+13;PELOTAS;RS;22/06/2026;29/06/2026;26/06/2026;Entregue No Prazo;;Entrega realizada;Entrega Finalizada;29;6;22;6;TRANSTRY;23009;;;
MOBIS BRASIL FABRICACAO DE AUTO PECAS LT;RODOVIARIO;1529725;22/06/2026;6;348574;22/06/2026;ATUAL VEICULOS LTDA;1,33E+13;CRICIUMA;SC;22/06/2026;29/06/2026;26/06/2026;Entregue No Prazo;;Entrega realizada;Entrega Finalizada;29;6;22;6;TRANSTRY;24001;;;
MOBIS BRASIL FABRICACAO DE AUTO PECAS LT;RODOVIARIO;1529680;22/06/2026;2;348551;22/06/2026;NISA COMERCIAL DE VEIC. AUTOMOTORES LTDA;1,03E+13;APARECIDA DE GOIANIA;GO;22/06/2026;30/06/2026;26/06/2026;Entregue No Prazo;;Entrega realizada;Entrega Finalizada;30;6;22;6;RIO VERMELHO;9002;;;
MOBIS BRASIL FABRICACAO DE AUTO PECAS LT;RODOVIARIO;1529720;22/06/2026;7;348587;22/06/2026;HOUSE PARTS - COM. DE PECAS E VEIC. LTDA;1,15E+13;SANTA MARIA;RS;22/06/2026;30/06/2026;26/06/2026;Entregue No Prazo;;Entrega realizada;Entrega Finalizada;30;6;22;6;TRANSTRY;23008;;;
MOBIS BRASIL FABRICACAO DE AUTO PECAS LT;RODOVIARIO;1530454;23/06/2026;1;348832;23/06/2026;CAOA MOTOR DO BRASIL LTDA;1,68E+13;SAO CARLOS;SP;23/06/2026;26/06/2026;26/06/2026;Entregue No Prazo;;Entrega realizada;Entrega Finalizada;26;6;23;6;MVT;5008;;;
MOBIS BRASIL FABRICACAO DE AUTO PECAS LT;RODOVIARIO;1530417;23/06/2026;2;348825;23/06/2026;LOVAT VEICULOS S/A;8,57E+12;LONDRINA;PR;23/06/2026;29/06/2026;26/06/2026;Entregue No Prazo;;Entrega realizada;Entrega Finalizada;29;6;23;6;TRANSTRY;18008;;;
MOBIS BRASIL FABRICACAO DE AUTO PECAS LT;RODOVIARIO;1530426;23/06/2026;3;348824;23/06/2026;HOUSE PARTS-COM. DE PCS. E VEICULOS LTDA;1,15E+13;PORTO ALEGRE;RS;23/06/2026;29/06/2026;26/06/2026;Entregue No Prazo;;Entrega realizada;Entrega Finalizada;29;6;23;6;TRANSTRY;23004;;;
MOBIS BRASIL FABRICACAO DE AUTO PECAS LT;RODOVIARIO;1530427;23/06/2026;108;348818;23/06/2026;CARWAY SUL VEICULOS LTDA;1,03E+13;CANOAS;RS;23/06/2026;29/06/2026;26/06/2026;Entregue No Prazo;;Entrega realizada;Entrega Finalizada;29;6;23;6;TRANSTRY;23003;;;
MOBIS BRASIL FABRICACAO DE AUTO PECAS LT;RODOVIARIO;1530456;23/06/2026;1;348835;23/06/2026;DESTAQUE SEUL DISTR DE VEIC PEC LTDA;2,12E+13;CARAGUATATUBA;SP;23/06/2026;29/06/2026;26/06/2026;Entregue No Prazo;;Entrega realizada;Entrega Finalizada;29;6;23;6;MVT;26082;;;
MOBIS BRASIL FABRICACAO DE AUTO PECAS LT;RODOVIARIO;1530460;23/06/2026;2;348831;23/06/2026;ANDRETA II DISTRIBUIDORA DE VEIC. LTDA;9,10E+12;RIO CLARO;SP;23/06/2026;29/06/2026;26/06/2026;Entregue No Prazo;Avaria;Entrega realizada;Entrega Finalizada;29;6;23;6;MVT;26011;;;
MOBIS BRASIL FABRICACAO DE AUTO PECAS LT;RODOVIARIO;1530388;23/06/2026;6;348867;23/06/2026;VIA BRASIL AUTOMOVEIS LTDA.;4,72E+12;SERRA;ES;23/06/2026;30/06/2026;26/06/2026;Entregue No Prazo;;Entrega realizada;Entrega Finalizada;30;6;23;6;CAMILO;8001;;;
MOBIS BRASIL FABRICACAO DE AUTO PECAS LT;RODOVIARIO;1530389;23/06/2026;3;348863;23/06/2026;TAI MOTORS VEICULOS S/A;9,27E+12;VITORIA;ES;23/06/2026;30/06/2026;26/06/2026;Entregue No Prazo;;Entrega realizada;Entrega Finalizada;30;6;23;6;CAMILO;8002;;;
MOBIS BRASIL FABRICACAO DE AUTO PECAS LT;RODOVIARIO;1530430;23/06/2026;2;348823;23/06/2026;HOUSE PARTS COMERCIO DE PECAS E VEI;1,15E+13;CAXIAS DO SUL;RS;23/06/2026;30/06/2026;26/06/2026;Entregue No Prazo;;Entrega realizada;Entrega Finalizada;30;6;23;6;TRANSTRY;23023;;;
MOBIS BRASIL FABRICACAO DE AUTO PECAS LT;RODOVIARIO;1530431;23/06/2026;2;348823;23/06/2026;HOUSE PARTS COMERCIO DE PECAS E VEI;1,15E+13;CAXIAS DO SUL;RS;23/06/2026;30/06/2026;26/06/2026;Entregue No Prazo;;Entrega realizada;Entrega Finalizada;30;6;23;6;TRANSTRY;23023;;;
MOBIS BRASIL FABRICACAO DE AUTO PECAS LT;RODOVIARIO;1530432;23/06/2026;2;348813;23/06/2026;ATUAL VEICULOS LTDA;1,33E+13;ARARANGUA;SC;23/06/2026;30/06/2026;26/06/2026;Entregue No Prazo;;Entrega realizada;Entrega Finalizada;30;6;23;6;TRANSTRY;24001;;;
MOBIS BRASIL FABRICACAO DE AUTO PECAS LT;RODOVIARIO;1530433;23/06/2026;1;348812;23/06/2026;ATUAL VEICULOS LTDA;1,33E+13;CRICIUMA;SC;23/06/2026;30/06/2026;26/06/2026;Entregue No Prazo;;Entrega realizada;Entrega Finalizada;30;6;23;6;TRANSTRY;24001;;;
MOBIS BRASIL FABRICACAO DE AUTO PECAS LT;RODOVIARIO;1530390;23/06/2026;7;348860;23/06/2026;PRIME CACHOEIRO VEICULOS LTDA EPP;9,34E+12;CACHOEIRO DE ITAPEMIRIM;ES;23/06/2026;01/07/2026;26/06/2026;Entregue No Prazo;;Entrega realizada;Entrega Finalizada;1;7;23;6;CAMILO;8003;;;
MOBIS BRASIL FABRICACAO DE AUTO PECAS LT;RODOVIARIO;1530391;23/06/2026;1;348862;23/06/2026;TAI MOTORS VEICULOS S/A;9,27E+12;COLATINA;ES;23/06/2026;01/07/2026;26/06/2026;Entregue No Prazo;;Entrega realizada;Entrega Finalizada;1;7;23;6;CAMILO;8002;;;
MOBIS BRASIL FABRICACAO DE AUTO PECAS LT;RODOVIARIO;1530392;23/06/2026;5;348792;23/06/2026;NISA COMERCIAL DE VEIC. AUTOMOTORES LTDA;1,03E+13;APARECIDA DE GOIANIA;GO;23/06/2026;01/07/2026;26/06/2026;Entregue No Prazo;;Entrega realizada;Entrega Finalizada;1;7;23;6;RIO VERMELHO;9002;;;
MOBIS BRASIL FABRICACAO DE AUTO PECAS LT;RODOVIARIO;1530393;23/06/2026;1;348793;23/06/2026;NISA COMERCIAL DE VEIC. AUTOMOTORES LTDA;1,03E+13;GOIANIA;GO;23/06/2026;01/07/2026;26/06/2026;Entregue No Prazo;;Entrega realizada;Entrega Finalizada;1;7;23;6;RIO VERMELHO;9013;;;
MOBIS BRASIL FABRICACAO DE AUTO PECAS LT;RODOVIARIO;1530407;23/06/2026;1;348852;23/06/2026;GOLDEN MOTORS VEICULOS LTDA;3,62E+12;TRES LAGOAS;MS;23/06/2026;01/07/2026;26/06/2026;Entregue No Prazo;;Entrega realizada;Entrega Finalizada;1;7;23;6;CARVALIMA;12001;;;
MOBIS BRASIL FABRICACAO DE AUTO PECAS LT;RODOVIARIO;1530428;23/06/2026;5;348822;23/06/2026;HOUSE PARTS - COM. DE PECAS E VEIC. LTDA;1,15E+13;SANTA MARIA;RS;23/06/2026;01/07/2026;26/06/2026;Entregue No Prazo;;Entrega realizada;Entrega Finalizada;1;7;23;6;TRANSTRY;23008;;;
MOBIS BRASIL FABRICACAO DE AUTO PECAS LT;RODOVIARIO;1530982;23/06/2026;73;348797;23/06/2026;SAGA KOREA COM. DE VEIC. E PC. LTDA;1,27E+13;GOIANIA;GO;23/06/2026;01/07/2026;26/06/2026;Entregue No Prazo;;Entrega realizada;Entrega Finalizada;1;7;23;6;RIO VERMELHO;9011;;;
MOBIS BRASIL FABRICACAO DE AUTO PECAS LT;RODOVIARIO;1530409;23/06/2026;2;348861;23/06/2026;SAGA SEUL COMERCIO DE VEICULOS, PECAS E;2,23E+13;CUIABA;MT;23/06/2026;02/07/2026;26/06/2026;Entregue No Prazo;;Entrega realizada;Entrega Finalizada;2;7;23;6;CARVALIMA;13005;Independência da Bahia;Estadual;BA
MOBIS BRASIL FABRICACAO DE AUTO PECAS LT;RODOVIARIO;1531344;24/06/2026;2;349024;24/06/2026;CAOA MOTOR DO BRASIL LTDA (AGUA BRANCA);1,68E+13;SAO PAULO;SP;24/06/2026;26/06/2026;26/06/2026;Entregue No Prazo;;Entrega realizada;Entrega Finalizada;26;6;24;6;XD DIADEMA;26030;;;
MOBIS BRASIL FABRICACAO DE AUTO PECAS LT;RODOVIARIO;1531300;24/06/2026;12;349031;24/06/2026;TAI MOTORS VEICULOS S/A;9,27E+12;BELO HORIZONTE;MG;24/06/2026;29/06/2026;26/06/2026;Entregue No Prazo;;Entrega realizada;Entrega Finalizada;29;6;24;6;XD BETIM;8002;;;
MOBIS BRASIL FABRICACAO DE AUTO PECAS LT;RODOVIARIO;1531316;24/06/2026;1;349112;24/06/2026;SEVEC VEICULOS LTDA;5,68E+11;CURITIBA;PR;24/06/2026;29/06/2026;26/06/2026;Entregue No Prazo;;Entrega realizada;Entrega Finalizada;29;6;24;6;TRANSTRY;18012;;;
MOBIS BRASIL FABRICACAO DE AUTO PECAS LT;RODOVIARIO;1531317;24/06/2026;1;349112;24/06/2026;SEVEC VEICULOS LTDA;5,68E+11;CURITIBA;PR;24/06/2026;29/06/2026;26/06/2026;Entregue No Prazo;;Entrega realizada;Entrega Finalizada;29;6;24;6;TRANSTRY;18012;;;
MOBIS BRASIL FABRICACAO DE AUTO PECAS LT;RODOVIARIO;1531320;24/06/2026;8;349102;24/06/2026;BARI VEICULOS LTDA;7,46E+12;CURITIBA;PR;24/06/2026;29/06/2026;26/06/2026;Entregue No Prazo;;Entrega realizada;Entrega Finalizada;29;6;24;6;TRANSTRY;18024;;;
MOBIS BRASIL FABRICACAO DE AUTO PECAS LT;RODOVIARIO;1531342;24/06/2026;1;349092;24/06/2026;MOTONET COMERCIO DE VEICULOS LTDA;9,28E+12;SOROCABA;SP;24/06/2026;29/06/2026;26/06/2026;Entregue No Prazo;;Entrega realizada;Entrega Finalizada;29;6;24;6;MVT;26113;;;
MOBIS BRASIL FABRICACAO DE AUTO PECAS LT;RODOVIARIO;1531343;24/06/2026;112;349093;24/06/2026;NEW VEICULOS E PECAS LTDA;1,59E+13;RIBEIRAO PRETO;SP;24/06/2026;29/06/2026;26/06/2026;Entregue No Prazo;;Entrega realizada;Entrega Finalizada;29;6;24;6;MVT;26014;;;
MOBIS BRASIL FABRICACAO DE AUTO PECAS LT;RODOVIARIO;1531346;24/06/2026;1;349084;24/06/2026;ANDRETA II DISTRIB.DE VEICULOS LTDA.;9,10E+12;JUNDIAI;SP;24/06/2026;29/06/2026;26/06/2026;Entregue No Prazo;;Entrega realizada;Entrega Finalizada;29;6;24;6;MVT;26040;;;
MOBIS BRASIL FABRICACAO DE AUTO PECAS LT;RODOVIARIO;1531348;24/06/2026;1;349085;24/06/2026;ANDRETA II DISTRIBUIDORA DE VEIC. LTDA;9,10E+12;AMERICANA;SP;24/06/2026;29/06/2026;26/06/2026;Entregue No Prazo;;Entrega realizada;Entrega Finalizada;29;6;24;6;MVT;26011;;;
MOBIS BRASIL FABRICACAO DE AUTO PECAS LT;RODOVIARIO;1531352;24/06/2026;2;349086;24/06/2026;CAOA MOTOR DO BRASIL LTDA;1,68E+13;SAO CARLOS;SP;24/06/2026;29/06/2026;26/06/2026;Entregue No Prazo;;Entrega realizada;Entrega Finalizada;29;6;24;6;MVT;5008;;;
MOBIS BRASIL FABRICACAO DE AUTO PECAS LT;RODOVIARIO;1531360;24/06/2026;1;349089;24/06/2026;H - CAMINHO AUTOMOVEIS LTDA;2,53E+13;LIMEIRA;SP;24/06/2026;29/06/2026;26/06/2026;Entregue No Prazo;;Entrega realizada;Entrega Finalizada;29;6;24;6;MVT;26092;;;
MOBIS BRASIL FABRICACAO DE AUTO PECAS LT;RODOVIARIO;1531314;24/06/2026;15;349109;24/06/2026;LOVAT VEICULOS S/A;8,57E+12;LONDRINA;PR;24/06/2026;30/06/2026;26/06/2026;Entregue No Prazo;;Entrega realizada;Entrega Finalizada;30;6;24;6;TRANSTRY;18008;;;
MOBIS BRASIL FABRICACAO DE AUTO PECAS LT;RODOVIARIO;1531319;24/06/2026;1;349099;24/06/2026;BARI VEICULOS LTDA;7,46E+12;SAO JOSE DOS PINHAIS;PR;24/06/2026;30/06/2026;26/06/2026;Entregue No Prazo;;Entrega realizada;Entrega Finalizada;30;6;24;6;TRANSTRY;18024;;;
MOBIS BRASIL FABRICACAO DE AUTO PECAS LT;RODOVIARIO;1531325;24/06/2026;3;349174;24/06/2026;CAOA MOTOR DO BRASIL LTDA;1,68E+13;NITEROI;RJ;24/06/2026;30/06/2026;26/06/2026;Entregue No Prazo;;Entrega realizada;Entrega Finalizada;30;6;24;6;CAMILO;5008;;;
MOBIS BRASIL FABRICACAO DE AUTO PECAS LT;RODOVIARIO;1531326;24/06/2026;4;349173;24/06/2026;CAOA MOTOR DO BRASIL LTDA;1,68E+13;RIO DE JANEIRO;RJ;24/06/2026;30/06/2026;26/06/2026;Entregue No Prazo;;Entrega realizada;Entrega Finalizada;30;6;24;6;CAMILO;5008;;;
MOBIS BRASIL FABRICACAO DE AUTO PECAS LT;RODOVIARIO;1531327;24/06/2026;1;349172;24/06/2026;CAOA MOTOR DO BRASIL LTDA;1,68E+13;RIO DE JANEIRO;RJ;24/06/2026;30/06/2026;26/06/2026;Entregue No Prazo;;Entrega realizada;Entrega Finalizada;30;6;24;6;CAMILO;5008;;;
MOBIS BRASIL FABRICACAO DE AUTO PECAS LT;RODOVIARIO;1531349;24/06/2026;14;349090;24/06/2026;H R B COMERCIO DE VEICULOS LTDA;1,82E+13;SAO JOSE DO RIO PRETO;SP;24/06/2026;30/06/2026;26/06/2026;Entregue No Prazo;;Entrega realizada;Entrega Finalizada;30;6;24;6;MVT;26050;;;
MOBIS BRASIL FABRICACAO DE AUTO PECAS LT;RODOVIARIO;1531353;24/06/2026;2;349094;24/06/2026;NEW VEICULOS E PECAS LTDA.;1,59E+13;ARARAQUARA;SP;24/06/2026;30/06/2026;26/06/2026;Entregue No Prazo;;Entrega realizada;Entrega Finalizada;30;6;24;6;MVT;26071;;;
MOBIS BRASIL FABRICACAO DE AUTO PECAS LT;RODOVIARIO;1531355;24/06/2026;1;349087;24/06/2026;DHC COMERCIO DE VEICULOS E PECAS LTDA;9,52E+12;JAU;SP;24/06/2026;30/06/2026;26/06/2026;Entregue No Prazo;;Entrega realizada;Entrega Finalizada;30;6;24;6;MVT;26010;;;
MOBIS BRASIL FABRICACAO DE AUTO PECAS LT;RODOVIARIO;1531322;24/06/2026;8;349199;24/06/2026;VIA VR VEICULOS LTDA;1,73E+13;VOLTA REDONDA;RJ;24/06/2026;01/07/2026;26/06/2026;Entregue No Prazo;;Entrega realizada;Entrega Finalizada;1;7;24;6;CAMILO;19016;;;
MOBIS BRASIL FABRICACAO DE AUTO PECAS LT;RODOVIARIO;1531333;24/06/2026;1;349111;24/06/2026;LR COMERCIO DE VEICULOS LTDA;1,05E+13;SAO JOSE;SC;24/06/2026;01/07/2026;26/06/2026;Entregue No Prazo;;Entrega realizada;Entrega Finalizada;1;7;24;6;TRANSTRY;24007;;;
MOBIS BRASIL FABRICACAO DE AUTO PECAS LT;RODOVIARIO;1531334;24/06/2026;22;349100;24/06/2026;BARI VEICULOS LTDA;7,46E+12;BLUMENAU;SC;24/06/2026;01/07/2026;26/06/2026;Entregue No Prazo;;Entrega realizada;Entrega Finalizada;1;7;24;6;TRANSTRY;18024;;;
MOBIS BRASIL FABRICACAO DE AUTO PECAS LT;RODOVIARIO;1531871;25/06/2026;3;349233;25/06/2026;CAOA MOTOR DO BRASIL LTDA (VL PRUDENTE);1,68E+13;SAO PAULO;SP;25/06/2026;29/06/2026;26/06/2026;Entregue No Prazo;;Entrega realizada;Entrega Finalizada;29;6;25;6;XD DIADEMA;26051;;;
MOBIS BRASIL FABRICACAO DE AUTO PECAS LT;RODOVIARIO;1531872;25/06/2026;1;349233;25/06/2026;CAOA MOTOR DO BRASIL LTDA (VL PRUDENTE);1,68E+13;SAO PAULO;SP;25/06/2026;29/06/2026;26/06/2026;Entregue No Prazo;;Entrega realizada;Entrega Finalizada;29;6;25;6;XD DIADEMA;26051;;;
MOBIS BRASIL FABRICACAO DE AUTO PECAS LT;RODOVIARIO;1531883;25/06/2026;1;349236;25/06/2026;CHS MOTORS VEICULOS PECAS E SERV.  LTDA;1,69E+13;SAO PAULO;SP;25/06/2026;29/06/2026;26/06/2026;Entregue No Prazo;;Entrega realizada;Entrega Finalizada;29;6;25;6;XD DIADEMA;26108;;;
MOBIS BRASIL FABRICACAO DE AUTO PECAS LT;RODOVIARIO;1531860;25/06/2026;2;349331;25/06/2026;DHC COMERCIO DE VEICULOS E PECAS LTDA;9,52E+12;BAURU;SP;25/06/2026;30/06/2026;26/06/2026;Entregue No Prazo;;Entrega realizada;Entrega Finalizada;30;6;25;6;MVT;26010;;;
MOBIS BRASIL FABRICACAO DE AUTO PECAS LT;RODOVIARIO;1531879;25/06/2026;9;349231;25/06/2026;CAOA MOTOR DO BRASIL LTDA;1,68E+13;SANTOS;SP;25/06/2026;30/06/2026;26/06/2026;Entregue No Prazo;;Entrega realizada;Entrega Finalizada;30;6;25;6;XD DIADEMA;5008;;;
MOBIS BRASIL FABRICACAO DE AUTO PECAS LT;RODOVIARIO;1531856;25/06/2026;1;349336;25/06/2026;HYMAX DISTRIBUIDORA DE VEICULOS LTDA;1,73E+13;MOGI GUACU;SP;25/06/2026;01/07/2026;26/06/2026;Entregue No Prazo;;Entrega realizada;Entrega Finalizada;1;7;25;6;MVT;26002;;;
MOBIS BRASIL FABRICACAO DE AUTO PECAS LT;RODOVIARIO;1531857;25/06/2026;1;349336;25/06/2026;HYMAX DISTRIBUIDORA DE VEICULOS LTDA;1,73E+13;MOGI GUACU;SP;25/06/2026;01/07/2026;26/06/2026;Entregue No Prazo;;Entrega realizada;Entrega Finalizada;1;7;25;6;MVT;26002;;;
MOBIS BRASIL FABRICACAO DE AUTO PECAS LT;RODOVIARIO;1531787;25/06/2026;5;349291;25/06/2026;PRIME CACHOEIRO VEICULOS LTDA EPP;9,34E+12;CACHOEIRO DE ITAPEMIRIM;ES;25/06/2026;03/07/2026;26/06/2026;Entregue No Prazo;;Entrega realizada;Entrega Finalizada;3;7;25;6;CAMILO;8003;;;
MOBIS BRASIL FABRICACAO DE AUTO PECAS LT;RODOVIARIO;1531865;25/06/2026;4;349466;26/06/2026;BILLY DISTRIBUIDORA DE VEICULOS LTDA;1,34E+13;SAO CAETANO DO SUL;SP;26/06/2026;30/06/2026;26/06/2026;Entregue No Prazo;;Entrega realizada;Entrega Finalizada;30;6;26;6;BV LOG;26003;;;
MOBIS BRASIL FABRICACAO DE AUTO PECAS LT;RODOVIARIO;1531866;25/06/2026;38;349466;26/06/2026;BILLY DISTRIBUIDORA DE VEICULOS LTDA;1,34E+13;SAO CAETANO DO SUL;SP;26/06/2026;30/06/2026;26/06/2026;Entregue No Prazo;;Entrega realizada;Entrega Finalizada;30;6;26;6;BV LOG;26003;;;
MOBIS BRASIL FABRICACAO DE AUTO PECAS LT;RODOVIARIO;1531861;25/06/2026;50;349467;26/06/2026;ANDRETA II DISTRIBUIDORA DE VEIC. LTDA;9,10E+12;CAMPINAS;SP;26/06/2026;01/07/2026;26/06/2026;Entregue No Prazo;;Entrega realizada;Entrega Finalizada;1;7;26;6;BV LOG;26011;;;
MOBIS BRASIL FABRICACAO DE AUTO PECAS LT;RODOVIARIO;1531878;25/06/2026;19;349468;26/06/2026;DESTAQUE SEUL DISTR. DE VEIC. E PC. LTDA;2,12E+13;ATIBAIA;SP;26/06/2026;01/07/2026;26/06/2026;Entregue No Prazo;;Entrega realizada;Entrega Finalizada;1;7;26;6;BV LOG;26075;;;
MOBIS BRASIL FABRICACAO DE AUTO PECAS LT;RODOVIARIO;1532434;26/06/2026;2;349755;29/06/2026;HYMAX DISTRIBUIDORA DE VEICULOS LTDA;1,73E+13;MOGI GUACU;SP;29/06/2026;03/07/2026;26/06/2026;Entregue No Prazo;;;Entrega Finalizada;3;7;29;6;BV LOG;26002;;;
MOBIS BRASIL FABRICACAO DE AUTO PECAS LT;RODOVIARIO;1532435;26/06/2026;19;349755;29/06/2026;HYMAX DISTRIBUIDORA DE VEICULOS LTDA;1,73E+13;MOGI GUACU;SP;29/06/2026;03/07/2026;26/06/2026;Entregue No Prazo;;;Entrega Finalizada;3;7;29;6;BV LOG;26002;;;
MOBIS BRASIL FABRICACAO DE AUTO PECAS LT;RODOVIARIO;1533319;27/06/2026;10;349755;29/06/2026;HYMAX DISTRIBUIDORA DE VEICULOS LTDA;1,73E+13;MOGI GUACU;SP;29/06/2026;03/07/2026;26/06/2026;Entregue No Prazo;;;Entrega Finalizada;3;7;29;6;BV LOG;26002;;;
MOBIS BRASIL FABRICACAO DE AUTO PECAS LT;RODOVIARIO;1524444;12/06/2026;1;347240;12/06/2026;UNIQUE BOA VISTA COM. DE AUTOMOVEIS LTDA;3,48E+13;BOA VISTA;RR;12/06/2026;10/07/2026;27/06/2026;Entregue No Prazo;;Entrega realizada;Entrega Finalizada;10;7;12;6;CARVALIMA;22002;;;
MOBIS BRASIL FABRICACAO DE AUTO PECAS LT;RODOVIARIO;1530395;23/06/2026;2;348803;23/06/2026;URCA MOTORS VEICULOS LTDA;8,77E+12;ITUMBIARA;GO;23/06/2026;03/07/2026;27/06/2026;Entregue No Prazo;;Entrega realizada;Entrega Finalizada;3;7;23;6;RIO VERMELHO;9014;;;
MOBIS BRASIL FABRICACAO DE AUTO PECAS LT;RODOVIARIO;1531884;25/06/2026;3;349234;25/06/2026;CAOA MOTOR DO BRASIL LTDA(RAP. TAVARES);1,68E+13;SAO PAULO;SP;25/06/2026;29/06/2026;27/06/2026;Entregue No Prazo;;Entrega realizada;Entrega Finalizada;29;6;25;6;XD DIADEMA;26109;;;
MOBIS BRASIL FABRICACAO DE AUTO PECAS LT;RODOVIARIO;1517854;28/05/2026;99;344982;28/05/2026;SAGA ASIA COM. DE VEIC.PC.E SERV. LTDA;2,23E+13;VARZEA GRANDE;MT;28/05/2026;08/06/2026;29/06/2026;Entregue Fora do Prazo;;Entrega realizada;Entrega Finalizada;8;6;28;5;CARVALIMA;13004;;;
MOBIS BRASIL FABRICACAO DE AUTO PECAS LT;RODOVIARIO;1517861;28/05/2026;51;344982;28/05/2026;SAGA ASIA COM. DE VEIC.PC.E SERV. LTDA;2,23E+13;VARZEA GRANDE;MT;28/05/2026;08/06/2026;29/06/2026;Entregue Fora do Prazo;;Entrega realizada;Entrega Finalizada;8;6;28;5;CARVALIMA;13004;;;
MOBIS BRASIL FABRICACAO DE AUTO PECAS LT;RODOVIARIO;1524442;12/06/2026;2;347237;12/06/2026;SAINT LAND COM DE VEICULOS S A;1,04E+13;MOSSORO;RN;12/06/2026;30/06/2026;29/06/2026;Entregue No Prazo;;Entrega realizada;Entrega Finalizada;30;6;12;6;TERMACO;20002;;;
MOBIS BRASIL FABRICACAO DE AUTO PECAS LT;RODOVIARIO;1524428;12/06/2026;1;347225;12/06/2026;GREEN CITY VEICULOS LTDA;2,10E+13;PARNAIBA;PI;12/06/2026;02/07/2026;29/06/2026;Entregue No Prazo;;Entrega realizada;Entrega Finalizada;2;7;12;6;TERMACO;17002;Independência da Bahia;Estadual;BA
MOBIS BRASIL FABRICACAO DE AUTO PECAS LT;RODOVIARIO;1526764;16/06/2026;4;347701;16/06/2026;GREEN CITY VEICULOS LTDA;2,10E+13;TERESINA;PI;16/06/2026;02/07/2026;29/06/2026;Entregue No Prazo;;Entrega realizada;Entrega Finalizada;2;7;16;6;TERMACO;17002;Independência da Bahia;Estadual;BA
MOBIS BRASIL FABRICACAO DE AUTO PECAS LT;RODOVIARIO;1527206;17/06/2026;4;347948;17/06/2026;VIA NORTE COM. E IMPORT. DE VEIC. LTDA;1,25E+13;SOBRAL;CE;17/06/2026;03/07/2026;29/06/2026;Entregue No Prazo;;Entrega realizada;Entrega Finalizada;3;7;17;6;TERMACO;6002;;;
MOBIS BRASIL FABRICACAO DE AUTO PECAS LT;RODOVIARIO;1527208;17/06/2026;1;347940;17/06/2026;SAINT LAND COMERCIO DE VEICULOS LTDA;1,04E+13;JUAZEIRO DO NORTE;CE;17/06/2026;03/07/2026;29/06/2026;Entregue No Prazo;;Entrega realizada;Entrega Finalizada;3;7;17;6;TERMACO;6010;;;
MOBIS BRASIL FABRICACAO DE AUTO PECAS LT;RODOVIARIO;1527232;17/06/2026;1;347935;17/06/2026;NACIONAL NOVA MARABA DIST DE VEIC. LTDA;1,70E+13;PARAUAPEBAS;PA;17/06/2026;03/07/2026;29/06/2026;Entregue No Prazo;;Entrega realizada;Entrega Finalizada;3;7;17;6;CARVALIMA;14010;;;
MOBIS BRASIL FABRICACAO DE AUTO PECAS LT;RODOVIARIO;1528033;18/06/2026;1;348176;18/06/2026;FAZZA MOTORS COMERCIO DE VEICULOS LTDA;1,24E+13;SALVADOR;BA;18/06/2026;30/06/2026;29/06/2026;Entregue No Prazo;;Entrega realizada;Entrega Finalizada;30;6;18;6;TERMACO;5007;;;
MOBIS BRASIL FABRICACAO DE AUTO PECAS LT;RODOVIARIO;1528034;18/06/2026;1;348176;18/06/2026;FAZZA MOTORS COMERCIO DE VEICULOS LTDA;1,24E+13;SALVADOR;BA;18/06/2026;30/06/2026;29/06/2026;Entregue No Prazo;;Entrega realizada;Entrega Finalizada;30;6;18;6;TERMACO;5007;;;
MOBIS BRASIL FABRICACAO DE AUTO PECAS LT;RODOVIARIO;1528046;18/06/2026;1;348147;18/06/2026;TRIAUTO KOREA AUTOMOVEIS LTDA;4,99E+13;CATALAO;GO;18/06/2026;02/07/2026;29/06/2026;Entregue No Prazo;;Entrega realizada;Entrega Finalizada;2;7;18;6;RIO VERMELHO;9018;Independência da Bahia;Estadual;BA
MOBIS BRASIL FABRICACAO DE AUTO PECAS LT;RODOVIARIO;1528037;18/06/2026;2;348189;18/06/2026;SAINT LAND COMERCIO DE VEICULOS LTDA;1,04E+13;JUAZEIRO DO NORTE;CE;18/06/2026;06/07/2026;29/06/2026;Entregue No Prazo;;Entrega realizada;Entrega Finalizada;6;7;18;6;TERMACO;6010;;;
MOBIS BRASIL FABRICACAO DE AUTO PECAS LT; RODOVIARIO;1528968;19/06/2026;15;348322;19/06/2026;SMAFF IMPORT VEICULOS LTDA;8,18E+12;BRASILIA;DF;19/06/2026;29/06/2026;29/06/2026;Entregue No Prazo;;Entrega realizada;Entrega Finalizada;29;6;19;6;RIO VERMELHO;7002;;;
MOBIS BRASIL FABRICACAO DE AUTO PECAS LT; RODOVIARIO;1529037;19/06/2026;3;348318;19/06/2026;PRIVILLEGE DISTRIBUIDORA DE VEICULOS LTD;1,72E+13;PALMAS;TO;19/06/2026;30/06/2026;29/06/2026;Entregue No Prazo;;Entrega realizada;Entrega Finalizada;30;6;19;6;RIO VERMELHO;27003;;;
MOBIS BRASIL FABRICACAO DE AUTO PECAS LT; RODOVIARIO;1528964;19/06/2026;2;348356;19/06/2026;FAZZA MOTORS COMERCIO DE VEICULOS LTDA;1,24E+13;SALVADOR;BA;19/06/2026;01/07/2026;29/06/2026;Entregue No Prazo;;Entrega realizada;Entrega Finalizada;1;7;19;6;TERMACO;5007;;;
MOBIS BRASIL FABRICACAO DE AUTO PECAS LT; RODOVIARIO;1528974;19/06/2026;5;348325;19/06/2026;URCA MOTORS VEICULOS LTDA;8,77E+12;RIO VERDE;GO;19/06/2026;01/07/2026;29/06/2026;Entregue No Prazo;;Entrega realizada;Entrega Finalizada;1;7;19;6;RIO VERMELHO;9014;;;
MOBIS BRASIL FABRICACAO DE AUTO PECAS LT; RODOVIARIO;1528967;19/06/2026;2;348370;19/06/2026;SAINT LAND COMERCIO DE VEICULOS LTDA;1,04E+13;JUAZEIRO DO NORTE;CE;19/06/2026;07/07/2026;29/06/2026;Entregue No Prazo;;Entrega realizada;Entrega Finalizada;7;7;19;6;TERMACO;6010;;;
MOBIS BRASIL FABRICACAO DE AUTO PECAS LT; RODOVIARIO;1529415;19/06/2026;3;348358;19/06/2026;GREEN CITY VEICULOS LTDA;2,10E+13;TERESINA;PI;19/06/2026;07/07/2026;29/06/2026;Entregue No Prazo;;Entrega realizada;Entrega Finalizada;7;7;19;6;TERMACO;17002;;;
MOBIS BRASIL FABRICACAO DE AUTO PECAS LT;RODOVIARIO;1529726;22/06/2026;4;348573;22/06/2026;ATUAL VEICULOS LTDA;1,33E+13;TUBARAO;SC;22/06/2026;29/06/2026;29/06/2026;Entregue No Prazo;;Entrega realizada;Entrega Finalizada;29;6;22;6;TRANSTRY;24001;;;
MOBIS BRASIL FABRICACAO DE AUTO PECAS LT;RODOVIARIO;1529676;22/06/2026;2;348558;22/06/2026;SMAFF IMPORT VEICULOS LTDA;8,18E+12;BRASILIA;DF;22/06/2026;30/06/2026;29/06/2026;Entregue No Prazo;;Entrega realizada;Entrega Finalizada;30;6;22;6;RIO VERMELHO;7002;;;
MOBIS BRASIL FABRICACAO DE AUTO PECAS LT;RODOVIARIO;1529690;22/06/2026;8;348632;22/06/2026;ULSAN COMERCIO DE VEICULOS LTDA.;2,10E+13;CAMPO GRANDE;MS;22/06/2026;30/06/2026;29/06/2026;Entregue No Prazo;;Entrega realizada;Entrega Finalizada;30;6;22;6;CARVALIMA;12004;;;
MOBIS BRASIL FABRICACAO DE AUTO PECAS LT;RODOVIARIO;1529681;22/06/2026;1;348562;22/06/2026;URCA MOTORS VEICULOS LTDA;8,77E+12;RIO VERDE;GO;22/06/2026;02/07/2026;29/06/2026;Entregue No Prazo;;Entrega realizada;Entrega Finalizada;2;7;22;6;RIO VERMELHO;9014;Independência da Bahia;Estadual;BA
MOBIS BRASIL FABRICACAO DE AUTO PECAS LT;RODOVIARIO;1529692;22/06/2026;4;348633;22/06/2026;UNIQUE COMERCIO DE AUTOMOVEIS LTDA;1,74E+13;ANANINDEUA;PA;22/06/2026;03/07/2026;29/06/2026;Entregue No Prazo;;Entrega realizada;Entrega Finalizada;3;7;22;6;CARVALIMA;14003;;;
MOBIS BRASIL FABRICACAO DE AUTO PECAS LT;RODOVIARIO;1529736;22/06/2026;2;348628;22/06/2026;SAINT LAND COMERCIO DE VEICULOS LTDA;1,04E+13;ARACAJU;SE;22/06/2026;03/07/2026;29/06/2026;Entregue No Prazo;;Entrega realizada;Entrega Finalizada;3;7;22;6;TERMACO;6010;;;
MOBIS BRASIL FABRICACAO DE AUTO PECAS LT;RODOVIARIO;1529682;22/06/2026;2;348550;22/06/2026;NASA MOTORS LTDA.;2,65E+13;SAO LUIS DE MONTES BELOS;GO;22/06/2026;06/07/2026;29/06/2026;Entregue No Prazo;;Entrega realizada;Entrega Finalizada;6;7;22;6;RIO VERMELHO;9016;;;
MOBIS BRASIL FABRICACAO DE AUTO PECAS LT;RODOVIARIO;1529693;22/06/2026;3;348621;22/06/2026;NACIONAL NOVA MARABA DIST DE VEIC. LTDA;1,70E+13;MARABA;PA;22/06/2026;06/07/2026;29/06/2026;Entregue No Prazo;;Entrega realizada;Entrega Finalizada;6;7;22;6;CARVALIMA;14005;;;
MOBIS BRASIL FABRICACAO DE AUTO PECAS LT;RODOVIARIO;1529717;22/06/2026;1;348607;22/06/2026;COMETA JI PARANA COM. DE VEIC. LTDA;4,23E+12;JIPARANA;RO;22/06/2026;09/07/2026;29/06/2026;Entregue No Prazo;;Entrega realizada;Entrega Finalizada;9;7;22;6;CARVALIMA;21002;Revolução Constitucionalista de 1932;Estadual;SP
MOBIS BRASIL FABRICACAO DE AUTO PECAS LT;RODOVIARIO;1530434;23/06/2026;5;348811;23/06/2026;ATUAL VEICULOS LTDA;1,33E+13;TUBARAO;SC;23/06/2026;30/06/2026;29/06/2026;Entregue No Prazo;;Entrega realizada;Entrega Finalizada;30;6;23;6;TRANSTRY;24001;;;
MOBIS BRASIL FABRICACAO DE AUTO PECAS LT;RODOVIARIO;1530408;23/06/2026;2;348865;23/06/2026;ULSAN COMERCIO DE VEICULOS LTDA.;2,10E+13;CAMPO GRANDE;MS;23/06/2026;01/07/2026;29/06/2026;Entregue No Prazo;;Entrega realizada;Entrega Finalizada;1;7;23;6;CARVALIMA;12004;;;
MOBIS BRASIL FABRICACAO DE AUTO PECAS LT;RODOVIARIO;1530429;23/06/2026;1;348821;23/06/2026;GALA COMERCIO DE VEICULOS LTDA;1,77E+13;BAGE;RS;23/06/2026;02/07/2026;29/06/2026;Entregue No Prazo;;Entrega realizada;Entrega Finalizada;2;7;23;6;TRANSTRY;23009;Independência da Bahia;Estadual;BA
MOBIS BRASIL FABRICACAO DE AUTO PECAS LT;RODOVIARIO;1530394;23/06/2026;1;348805;23/06/2026;URCA MOTORS VEICULOS LTDA;8,77E+12;RIO VERDE;GO;23/06/2026;03/07/2026;29/06/2026;Entregue No Prazo;;Entrega realizada;Entrega Finalizada;3;7;23;6;RIO VERMELHO;9014;;;
MOBIS BRASIL FABRICACAO DE AUTO PECAS LT;RODOVIARIO;1530396;23/06/2026;14;348791;23/06/2026;NASA MOTORS LTDA.;2,65E+13;SAO LUIS DE MONTES BELOS;GO;23/06/2026;07/07/2026;29/06/2026;Entregue No Prazo;;Entrega realizada;Entrega Finalizada;7;7;23;6;RIO VERMELHO;9016;;;
MOBIS BRASIL FABRICACAO DE AUTO PECAS LT;RODOVIARIO;1531315;24/06/2026;3;349110;24/06/2026;LOVAT VEICULOS S/A;8,57E+12;MARINGA;PR;24/06/2026;30/06/2026;29/06/2026;Entregue No Prazo;;Entrega realizada;Entrega Finalizada;30;6;24;6;TRANSTRY;18008;;;
MOBIS BRASIL FABRICACAO DE AUTO PECAS LT;RODOVIARIO;1531321;24/06/2026;1;349184;24/06/2026;ITAVEMA MOTORS VEICULOS LTDA;7,73E+12;DUQUE DE CAXIAS;RJ;24/06/2026;30/06/2026;29/06/2026;Entregue No Prazo;;Entrega realizada;Entrega Finalizada;30;6;24;6;CAMILO;19001;;;
MOBIS BRASIL FABRICACAO DE AUTO PECAS LT;RODOVIARIO;1531323;24/06/2026;13;349185;24/06/2026;ITAVEMA MOTORS VEICULOS LTDA;7,73E+12;RIO DE JANEIRO;RJ;24/06/2026;30/06/2026;29/06/2026;Entregue No Prazo;;Entrega realizada;Entrega Finalizada;30;6;24;6;CAMILO;19001;;;
MOBIS BRASIL FABRICACAO DE AUTO PECAS LT;RODOVIARIO;1531292;24/06/2026;4;349195;24/06/2026;TAI MOTORS VEICULOS S/A;9,27E+12;VITORIA;ES;24/06/2026;01/07/2026;29/06/2026;Entregue No Prazo;;Entrega realizada;Entrega Finalizada;1;7;24;6;CAMILO;8002;;;
MOBIS BRASIL FABRICACAO DE AUTO PECAS LT;RODOVIARIO;1531331;24/06/2026;1;349097;24/06/2026;ATUAL VEICULOS LTDA;1,33E+13;ARARANGUA;SC;24/06/2026;01/07/2026;29/06/2026;Entregue No Prazo;;Entrega realizada;Entrega Finalizada;1;7;24;6;TRANSTRY;24001;;;
MOBIS BRASIL FABRICACAO DE AUTO PECAS LT;RODOVIARIO;1531332;24/06/2026;2;349098;24/06/2026;ATUAL VEICULOS LTDA;1,33E+13;TUBARAO;SC;24/06/2026;01/07/2026;29/06/2026;Entregue No Prazo;;Entrega realizada;Entrega Finalizada;1;7;24;6;TRANSTRY;24001;;;
MOBIS BRASIL FABRICACAO DE AUTO PECAS LT;RODOVIARIO;1531302;24/06/2026;2;349181;24/06/2026;GOLDEN MOTORS VEICULOS LTDA;3,62E+12;TRES LAGOAS;MS;24/06/2026;02/07/2026;29/06/2026;Entregue No Prazo;;;Entrega Finalizada;2;7;24;6;CARVALIMA;12001;Independência da Bahia;Estadual;BA
MOBIS BRASIL FABRICACAO DE AUTO PECAS LT;RODOVIARIO;1531725;24/06/2026;49;349030;24/06/2026;SAGA KOREA COM. DE VEIC. E PC. LTDA;1,27E+13;GOIANIA;GO;24/06/2026;02/07/2026;29/06/2026;Entregue No Prazo;;Entrega realizada;Entrega Finalizada;2;7;24;6;RIO VERMELHO;9011;Independência da Bahia;Estadual;BA
MOBIS BRASIL FABRICACAO DE AUTO PECAS LT;RODOVIARIO;1531858;25/06/2026;1;349230;25/06/2026;BILLY DISTRIBUIDORA DE VEICULOS LTDA;1,34E+13;BARUERI;SP;25/06/2026;29/06/2026;29/06/2026;Entregue No Prazo;;Entrega realizada;Entrega Finalizada;29;6;25;6;XD DIADEMA;26003;;;
MOBIS BRASIL FABRICACAO DE AUTO PECAS LT;RODOVIARIO;1531823;25/06/2026;6;349310;25/06/2026;BARI VEICULOS LTDA;7,46E+12;CURITIBA;PR;25/06/2026;30/06/2026;29/06/2026;Entregue No Prazo;;Entrega realizada;Entrega Finalizada;30;6;25;6;TRANSTRY;18024;;;
MOBIS BRASIL FABRICACAO DE AUTO PECAS LT;RODOVIARIO;1531863;25/06/2026;52;349338;25/06/2026;NEW VEICULOS E PECAS LTDA;1,59E+13;RIBEIRAO PRETO;SP;25/06/2026;30/06/2026;29/06/2026;Entregue No Prazo;;Entrega realizada;Entrega Finalizada;30;6;25;6;MVT;26014;;;
MOBIS BRASIL FABRICACAO DE AUTO PECAS LT;RODOVIARIO;1531867;25/06/2026;1;349328;25/06/2026;ANDRETA II DISTRIBUIDORA DE VEIC. LTDA;9,10E+12;AMERICANA;SP;25/06/2026;30/06/2026;29/06/2026;Entregue No Prazo;;Entrega realizada;Entrega Finalizada;30;6;25;6;MVT;26011;;;
MOBIS BRASIL FABRICACAO DE AUTO PECAS LT;RODOVIARIO;1531876;25/06/2026;1;349232;25/06/2026;CAOA MOTOR DO BRASIL LTDA;1,68E+13;TAUBATE;SP;25/06/2026;30/06/2026;29/06/2026;Entregue No Prazo;;Entrega realizada;Entrega Finalizada;30;6;25;6;XD DIADEMA;5008;;;
MOBIS BRASIL FABRICACAO DE AUTO PECAS LT;RODOVIARIO;1531882;25/06/2026;4;349334;25/06/2026;H - CAMINHO AUTOMOVEIS LTDA;2,53E+13;LIMEIRA;SP;25/06/2026;30/06/2026;29/06/2026;Entregue No Prazo;;Entrega realizada;Entrega Finalizada;30;6;25;6;MVT;26092;;;
MOBIS BRASIL FABRICACAO DE AUTO PECAS LT;RODOVIARIO;1531821;25/06/2026;1;349308;25/06/2026;BARI VEICULOS LTDA;7,46E+12;PONTA GROSSA;PR;25/06/2026;01/07/2026;29/06/2026;Entregue No Prazo;;Entrega realizada;Entrega Finalizada;1;7;25;6;TRANSTRY;18024;;;
MOBIS BRASIL FABRICACAO DE AUTO PECAS LT;RODOVIARIO;1531822;25/06/2026;4;349308;25/06/2026;BARI VEICULOS LTDA;7,46E+12;PONTA GROSSA;PR;25/06/2026;01/07/2026;29/06/2026;Entregue No Prazo;;Entrega realizada;Entrega Finalizada;1;7;25;6;TRANSTRY;18024;;;
MOBIS BRASIL FABRICACAO DE AUTO PECAS LT;RODOVIARIO;1531831;25/06/2026;1;349261;25/06/2026;CAOA MOTOR DO BRASIL LTDA;1,68E+13;RIO DE JANEIRO;RJ;25/06/2026;01/07/2026;29/06/2026;Entregue No Prazo;;Entrega realizada;Entrega Finalizada;1;7;25;6;CAMILO;5008;;;
MOBIS BRASIL FABRICACAO DE AUTO PECAS LT;RODOVIARIO;1531850;25/06/2026;2;349312;25/06/2026;BARI VEICULOS LTDA.;7,46E+12;ITAJAI;SC;25/06/2026;01/07/2026;29/06/2026;Entregue No Prazo;;Entrega realizada;Entrega Finalizada;1;7;25;6;TRANSTRY;24014;;;
MOBIS BRASIL FABRICACAO DE AUTO PECAS LT;RODOVIARIO;1531868;25/06/2026;18;349339;25/06/2026;NEW VEICULOS E PECAS LTDA;1,59E+13;FRANCA;SP;25/06/2026;01/07/2026;29/06/2026;Entregue No Prazo;;Entrega realizada;Entrega Finalizada;1;7;25;6;MVT;26014;;;
MOBIS BRASIL FABRICACAO DE AUTO PECAS LT;RODOVIARIO;1531869;25/06/2026;2;349335;25/06/2026;H R B COMERCIO DE VEICULOS LTDA;1,82E+13;SAO JOSE DO RIO PRETO;SP;25/06/2026;01/07/2026;29/06/2026;Entregue No Prazo;;Entrega realizada;Entrega Finalizada;1;7;25;6;MVT;26050;;;
MOBIS BRASIL FABRICACAO DE AUTO PECAS LT;RODOVIARIO;1531870;25/06/2026;10;349335;25/06/2026;H R B COMERCIO DE VEICULOS LTDA;1,82E+13;SAO JOSE DO RIO PRETO;SP;25/06/2026;01/07/2026;29/06/2026;Entregue No Prazo;;Entrega realizada;Entrega Finalizada;1;7;25;6;MVT;26050;;;
MOBIS BRASIL FABRICACAO DE AUTO PECAS LT;RODOVIARIO;1531874;25/06/2026;2;349332;25/06/2026;GOLDEN MOTORS VEICULOS LTDA;3,62E+12;ARACATUBA;SP;25/06/2026;01/07/2026;29/06/2026;Entregue No Prazo;;Entrega realizada;Entrega Finalizada;1;7;25;6;MVT;12001;;;
MOBIS BRASIL FABRICACAO DE AUTO PECAS LT;RODOVIARIO;1531875;25/06/2026;1;349330;25/06/2026;DHC COMERCIO DE VEICULOS E PECAS LTDA;9,52E+12;MARILIA;SP;25/06/2026;01/07/2026;29/06/2026;Entregue No Prazo;;Entrega realizada;Entrega Finalizada;1;7;25;6;MVT;26010;;;
MOBIS BRASIL FABRICACAO DE AUTO PECAS LT;RODOVIARIO;1531881;25/06/2026;3;349333;25/06/2026;H - CAMINHO AUTOMOVEIS LTDA;2,53E+13;PIRACICABA;SP;25/06/2026;01/07/2026;29/06/2026;Entregue No Prazo;;Entrega realizada;Entrega Finalizada;1;7;25;6;MVT;26092;;;
MOBIS BRASIL FABRICACAO DE AUTO PECAS LT;RODOVIARIO;1531819;25/06/2026;2;349324;25/06/2026;SANTA FE VEICULOS LTDA.;1,16E+13;FRANCISCO BELTRAO;PR;25/06/2026;02/07/2026;29/06/2026;Entregue No Prazo;;Entrega realizada;Entrega Finalizada;2;7;25;6;TRANSTRY;18010;Independência da Bahia;Estadual;BA
MOBIS BRASIL FABRICACAO DE AUTO PECAS LT;RODOVIARIO;1531825;25/06/2026;1;349304;25/06/2026;VIA VR VEICULOS LTDA;1,73E+13;VOLTA REDONDA;RJ;25/06/2026;02/07/2026;29/06/2026;Entregue No Prazo;;Entrega realizada;Entrega Finalizada;2;7;25;6;CAMILO;19016;Independência da Bahia;Estadual;BA
MOBIS BRASIL FABRICACAO DE AUTO PECAS LT;RODOVIARIO;1531829;25/06/2026;10;349300;25/06/2026;TAI MOTORS VEICULOS S/A.;9,27E+12;CAMPOS DOS GOYTACAZES;RJ;25/06/2026;02/07/2026;29/06/2026;Entregue No Prazo;;Entrega realizada;Entrega Finalizada;2;7;25;6;CAMILO;19023;Independência da Bahia;Estadual;BA
MOBIS BRASIL FABRICACAO DE AUTO PECAS LT;RODOVIARIO;1531846;25/06/2026;3;349322;25/06/2026;LS COMERCIO DE AUTOMOVEIS LTDA.;1,03E+13;BRUSQUE;SC;25/06/2026;02/07/2026;29/06/2026;Entregue No Prazo;;Entrega realizada;Entrega Finalizada;2;7;25;6;TRANSTRY;24006;Independência da Bahia;Estadual;BA
MOBIS BRASIL FABRICACAO DE AUTO PECAS LT;RODOVIARIO;1531808;25/06/2026;4;349274;25/06/2026;GOLDEN MOTORS VEICULOS LTDA;3,62E+12;TRES LAGOAS;MS;25/06/2026;03/07/2026;29/06/2026;Entregue No Prazo;;Entrega realizada;Entrega Finalizada;3;7;25;6;CARVALIMA;12001;;;
MOBIS BRASIL FABRICACAO DE AUTO PECAS LT;RODOVIARIO;1531851;25/06/2026;2;349309;25/06/2026;BARI VEICULOS LTDA;7,46E+12;BALNEARIO CAMBORIU;SC;25/06/2026;03/07/2026;29/06/2026;Entregue No Prazo;;Entrega realizada;Entrega Finalizada;3;7;25;6;TRANSTRY;18024;;;
MOBIS BRASIL FABRICACAO DE AUTO PECAS LT;RODOVIARIO;1532438;26/06/2026;82;349510;26/06/2026;NEW VEICULOS E PECAS LTDA;1,59E+13;RIBEIRAO PRETO;SP;26/06/2026;01/07/2026;29/06/2026;Entregue No Prazo;;Entrega realizada;Entrega Finalizada;1;7;26;6;MVT;26014;;;
MOBIS BRASIL FABRICACAO DE AUTO PECAS LT;RODOVIARIO;1532450;26/06/2026;4;349481;26/06/2026;CAOA MOTOR DO BRASIL LTDA;1,68E+13;TAUBATE;SP;26/06/2026;01/07/2026;29/06/2026;Entregue No Prazo;;Entrega realizada;Entrega Finalizada;1;7;26;6;XD DIADEMA;5008;;;
MOBIS BRASIL FABRICACAO DE AUTO PECAS LT;RODOVIARIO;1532451;26/06/2026;1;349504;26/06/2026;CAOA MOTOR DO BRASIL LTDA;1,68E+13;SAO CARLOS;SP;26/06/2026;01/07/2026;29/06/2026;Entregue No Prazo;;Entrega realizada;Entrega Finalizada;1;7;26;6;MVT;5008;;;
MOBIS BRASIL FABRICACAO DE AUTO PECAS LT;RODOVIARIO;1532443;26/06/2026;1;349509;26/06/2026;NEW VEICULOS E PECAS LTDA;1,59E+13;FRANCA;SP;26/06/2026;02/07/2026;29/06/2026;Entregue No Prazo;;Entrega realizada;Entrega Finalizada;2;7;26;6;MVT;26014;Independência da Bahia;Estadual;BA
MOBIS BRASIL FABRICACAO DE AUTO PECAS LT;RODOVIARIO;1533324;27/06/2026;46;349718;27/06/2026;NEW VEICULOS E PECAS LTDA;1,59E+13;RIBEIRAO PRETO;SP;27/06/2026;02/07/2026;29/06/2026;Entregue No Prazo;;Entrega realizada;Entrega Finalizada;2;7;27;6;MVT;26014;Independência da Bahia;Estadual;BA
MOBIS BRASIL FABRICACAO DE AUTO PECAS LT;RODOVIARIO;1532436;26/06/2026;44;349756;29/06/2026;ANDRETA II DISTRIBUIDORA DE VEIC. LTDA;9,10E+12;CAMPINAS;SP;29/06/2026;02/07/2026;29/06/2026;Entregue No Prazo;;Entrega realizada;Entrega Finalizada;2;7;29;6;BV LOG;26011;Independência da Bahia;Estadual;BA
MOBIS BRASIL FABRICACAO DE AUTO PECAS LT;RODOVIARIO;1532452;26/06/2026;19;349758;29/06/2026;DESTAQUE SEUL DISTR. DE VEIC. E PC. LTDA;2,12E+13;ATIBAIA;SP;29/06/2026;02/07/2026;29/06/2026;Entregue No Prazo;;Entrega realizada;Entrega Finalizada;2;7;29;6;BV LOG;26075;Independência da Bahia;Estadual;BA
MOBIS BRASIL FABRICACAO DE AUTO PECAS LT;RODOVIARIO;1533322;27/06/2026;1;349756;29/06/2026;ANDRETA II DISTRIBUIDORA DE VEIC. LTDA;9,10E+12;CAMPINAS;SP;29/06/2026;02/07/2026;29/06/2026;Entregue No Prazo;;Entrega realizada;Entrega Finalizada;2;7;29;6;BV LOG;26011;Independência da Bahia;Estadual;BA
MOBIS BRASIL FABRICACAO DE AUTO PECAS LT;RODOVIARIO;1533323;27/06/2026;22;349756;29/06/2026;ANDRETA II DISTRIBUIDORA DE VEIC. LTDA;9,10E+12;CAMPINAS;SP;29/06/2026;02/07/2026;29/06/2026;Entregue No Prazo;;Entrega realizada;Entrega Finalizada;2;7;29;6;BV LOG;26011;Independência da Bahia;Estadual;BA
MOBIS BRASIL FABRICACAO DE AUTO PECAS LT;RODOVIARIO;1533334;27/06/2026;5;349757;29/06/2026;CAOA MOTOR DO BRASIL LTDA;1,68E+13;CAMPINAS;SP;29/06/2026;02/07/2026;29/06/2026;Entregue No Prazo;;Entrega realizada;Entrega Finalizada;2;7;29;6;BV LOG;5008;Independência da Bahia;Estadual;BA
MOBIS BRASIL FABRICACAO DE AUTO PECAS LT;RODOVIARIO;1533336;27/06/2026;9;349758;29/06/2026;DESTAQUE SEUL DISTR. DE VEIC. E PC. LTDA;2,12E+13;ATIBAIA;SP;29/06/2026;02/07/2026;29/06/2026;Entregue No Prazo;;Entrega realizada;Entrega Finalizada;2;7;29;6;BV LOG;26075;Independência da Bahia;Estadual;BA
MOBIS BRASIL FABRICACAO DE AUTO PECAS LT;RODOVIARIO;1533337;27/06/2026;2;349758;29/06/2026;DESTAQUE SEUL DISTR. DE VEIC. E PC. LTDA;2,12E+13;ATIBAIA;SP;29/06/2026;02/07/2026;29/06/2026;Entregue No Prazo;;Entrega realizada;Entrega Finalizada;2;7;29;6;BV LOG;26075;Independência da Bahia;Estadual;BA
MOBIS BRASIL FABRICACAO DE AUTO PECAS LT;RODOVIARIO;1533699;27/06/2026;2;349756;29/06/2026;ANDRETA II DISTRIBUIDORA DE VEIC. LTDA;9,10E+12;CAMPINAS;SP;29/06/2026;02/07/2026;29/06/2026;Entregue No Prazo;;Entrega realizada;Entrega Finalizada;2;7;29;6;BV LOG;26011;Independência da Bahia;Estadual;BA
MOBIS BRASIL FABRICACAO DE AUTO PECAS LT;RODOVIARIO;1533703;27/06/2026;1;349757;29/06/2026;CAOA MOTOR DO BRASIL LTDA;1,68E+13;CAMPINAS;SP;29/06/2026;02/07/2026;29/06/2026;Entregue No Prazo;;Entrega realizada;Entrega Finalizada;2;7;29;6;BV LOG;5008;Independência da Bahia;Estadual;BA
MOBIS BRASIL FABRICACAO DE AUTO PECAS LT;RODOVIARIO;1523547;11/06/2026;17;346971;11/06/2026;ITAVEMA MOTORS VEICULOS LTDA;7,73E+12;RIO DE JANEIRO;RJ;11/06/2026;17/06/2026;30/06/2026;Entregue No Prazo;;Entrega realizada;Entrega Finalizada;17;6;11;6;CAMILO;19001;;;
MOBIS BRASIL FABRICACAO DE AUTO PECAS LT;RODOVIARIO;1527282;17/06/2026;2;347914;17/06/2026;PRIVILLEGE DISTRIBUIDORA DE VEICULOS LTD;1,72E+13;PALMAS;TO;17/06/2026;26/06/2026;30/06/2026;Entregue Fora do Prazo;;Entrega realizada;Entrega Finalizada;26;6;17;6;RIO VERMELHO;27003;;;
MOBIS BRASIL FABRICACAO DE AUTO PECAS LT;RODOVIARIO;1527234;17/06/2026;3;347931;17/06/2026;JPN COMERCIO DE AUTOMOVEIS LTDA;2,61E+13;GARANHUNS;PE;17/06/2026;03/07/2026;30/06/2026;Entregue No Prazo;;Entrega realizada;Entrega Finalizada;3;7;17;6;TERMACO;16009;;;
MOBIS BRASIL FABRICACAO DE AUTO PECAS LT;RODOVIARIO;1528041;18/06/2026;1;348187;18/06/2026;PRIME VILA VELHA VEICULOS LTDA.;2,14E+13;VILA VELHA;ES;18/06/2026;25/06/2026;30/06/2026;Entregue Fora do Prazo;;Entrega realizada;Entrega Finalizada;25;6;18;6;CAMILO;8005;;;
MOBIS BRASIL FABRICACAO DE AUTO PECAS LT;RODOVIARIO;1528035;18/06/2026;2;348184;18/06/2026;PATEO COMERCIO DE VEICULOS S A;7,78E+12;FEIRA DE SANTANA;BA;18/06/2026;03/07/2026;30/06/2026;Entregue No Prazo;;Entrega realizada;Entrega Finalizada;3;7;18;6;TERMACO;5009;;;
MOBIS BRASIL FABRICACAO DE AUTO PECAS LT;RODOVIARIO;1528031;18/06/2026;4;348180;18/06/2026;JPN COMERCIO DE VEICULOS LTDA;3,20E+13;ARAPIRACA;AL;18/06/2026;06/07/2026;30/06/2026;Entregue No Prazo;;Entrega realizada;Entrega Finalizada;6;7;18;6;TERMACO;2003;;;
MOBIS BRASIL FABRICACAO DE AUTO PECAS LT; RODOVIARIO;1528969;19/06/2026;28;348323;19/06/2026;SMAFF IMPORT VEICULOS LTDA;8,18E+12;BRASILIA;DF;19/06/2026;29/06/2026;30/06/2026;Entregue Fora do Prazo;;Entrega realizada;Entrega Finalizada;29;6;19;6;RIO VERMELHO;7002;;;
MOBIS BRASIL FABRICACAO DE AUTO PECAS LT; RODOVIARIO;1529036;19/06/2026;3;348319;19/06/2026;PRIVILLEGE DISTRIBUIDORA DE VEICULOS LTD;1,72E+13;ARAGUAINA;TO;19/06/2026;03/07/2026;30/06/2026;Entregue No Prazo;;Entrega realizada;Entrega Finalizada;3;7;19;6;RIO VERMELHO;27002;;;
MOBIS BRASIL FABRICACAO DE AUTO PECAS LT; RODOVIARIO;1528966;19/06/2026;2;348363;19/06/2026;MASTER COMERCIAL DE VEICULOS LTDA;2,85E+13;BARREIRAS;BA;19/06/2026;06/07/2026;30/06/2026;Entregue No Prazo;;Entrega realizada;Entrega Finalizada;6;7;19;6;TERMACO;5012;;;
MOBIS BRASIL FABRICACAO DE AUTO PECAS LT;RODOVIARIO;1529677;22/06/2026;1;348557;22/06/2026;SMAFF IMPORT VEICULOS LTDA;8,18E+12;BRASILIA;DF;22/06/2026;30/06/2026;30/06/2026;Entregue No Prazo;;Entrega realizada;Entrega Finalizada;30;6;22;6;RIO VERMELHO;7002;;;
MOBIS BRASIL FABRICACAO DE AUTO PECAS LT;RODOVIARIO;1530049;22/06/2026;16;348556;22/06/2026;SAGA KOREA COM. DE VEIC. E PC. LTDA;1,27E+13;BRASILIA;DF;22/06/2026;30/06/2026;30/06/2026;Entregue No Prazo;;Entrega realizada;Entrega Finalizada;30;6;22;6;RIO VERMELHO;7005;;;
MOBIS BRASIL FABRICACAO DE AUTO PECAS LT;RODOVIARIO;1529694;22/06/2026;1;348612;22/06/2026;GRANDE COREIA COMERCIO DE VEICULOS LTDA;2,66E+13;BELEM;PA;22/06/2026;03/07/2026;30/06/2026;Entregue No Prazo;;Entrega realizada;Entrega Finalizada;3;7;22;6;CARVALIMA;14007;;;
MOBIS BRASIL FABRICACAO DE AUTO PECAS LT;RODOVIARIO;1529674;22/06/2026;4;348609;22/06/2026;FAZZA MOTORS COM. DE VEICULOS LTDA;1,24E+13;FORTALEZA;CE;22/06/2026;06/07/2026;30/06/2026;Entregue No Prazo;;Entrega realizada;Entrega Finalizada;6;7;22;6;TERMACO;6001;;;
MOBIS BRASIL FABRICACAO DE AUTO PECAS LT;RODOVIARIO;1529672;22/06/2026;7;348623;22/06/2026;PATEO COMERCIO DE VEICULOS S A;7,78E+12;FEIRA DE SANTANA;BA;22/06/2026;07/07/2026;30/06/2026;Entregue No Prazo;;Entrega realizada;Entrega Finalizada;7;7;22;6;TERMACO;5009;;;
MOBIS BRASIL FABRICACAO DE AUTO PECAS LT;RODOVIARIO;1529699;22/06/2026;1;348602;22/06/2026;CAOA MOTOR DO BRASIL LTDA;1,68E+13;RECIFE;PE;22/06/2026;07/07/2026;30/06/2026;Entregue No Prazo;;Entrega realizada;Entrega Finalizada;7;7;22;6;TERMACO;5008;;;
MOBIS BRASIL FABRICACAO DE AUTO PECAS LT;RODOVIARIO;1529675;22/06/2026;3;348627;22/06/2026;SAINT LAND COMERCIO DE VEICULOS LTDA;1,04E+13;JUAZEIRO DO NORTE;CE;22/06/2026;08/07/2026;30/06/2026;Entregue No Prazo;;Entrega realizada;Entrega Finalizada;8;7;22;6;TERMACO;6010;Emancipação Política de Sergipe;Estadual;SE
MOBIS BRASIL FABRICACAO DE AUTO PECAS LT;RODOVIARIO;1529701;22/06/2026;2;348600;22/06/2026;AUTORAC VEICULOS LTDA;1,06E+13;PETROLINA;PE;22/06/2026;08/07/2026;30/06/2026;Entregue No Prazo;;Entrega realizada;Entrega Finalizada;8;7;22;6;TERMACO;16001;Emancipação Política de Sergipe;Estadual;SE
MOBIS BRASIL FABRICACAO DE AUTO PECAS LT;RODOVIARIO;1530447;23/06/2026;2;348788;23/06/2026;GRAND SPORT COM. DE VEIC. E PECAS LTDA;8,58E+12;SAO PAULO;SP;23/06/2026;25/06/2026;30/06/2026;Entregue Fora do Prazo;;Entrega realizada;Entrega Finalizada;25;6;23;6;XD DIADEMA;26034;;;
MOBIS BRASIL FABRICACAO DE AUTO PECAS LT;RODOVIARIO;1530418;23/06/2026;1;348828;23/06/2026;SANTA FE VEICULOS LTDA.;1,16E+13;FRANCISCO BELTRAO;PR;23/06/2026;30/06/2026;30/06/2026;Entregue No Prazo;;Entrega realizada;Entrega Finalizada;30;6;23;6;TRANSTRY;18010;;;
MOBIS BRASIL FABRICACAO DE AUTO PECAS LT;RODOVIARIO;1530386;23/06/2026;4;348799;23/06/2026;SMAFF IMPORT VEICULOS LTDA;8,18E+12;BRASILIA;DF;23/06/2026;01/07/2026;30/06/2026;Entregue No Prazo;;Entrega realizada;Entrega Finalizada;1;7;23;6;RIO VERMELHO;7002;;;
MOBIS BRASIL FABRICACAO DE AUTO PECAS LT;RODOVIARIO;1530387;23/06/2026;1;348798;23/06/2026;SAGA KOREA COM. DE VEIC. E PC. LTDA;1,27E+13;BRASILIA;DF;23/06/2026;01/07/2026;30/06/2026;Entregue No Prazo;;Entrega realizada;Entrega Finalizada;1;7;23;6;RIO VERMELHO;7004;;;
MOBIS BRASIL FABRICACAO DE AUTO PECAS LT;RODOVIARIO;1530382;23/06/2026;4;348847;23/06/2026;CAOA MOTOR DO BRASIL LTDA.;1,68E+13;LAURO DE FREITAS;BA;23/06/2026;08/07/2026;30/06/2026;Entregue No Prazo;;Entrega realizada;Entrega Finalizada;8;7;23;6;TERMACO;5008;Emancipação Política de Sergipe;Estadual;SE
MOBIS BRASIL FABRICACAO DE AUTO PECAS LT;RODOVIARIO;1531318;24/06/2026;11;349101;24/06/2026;BARI VEICULOS LTDA;7,46E+12;PONTA GROSSA;PR;24/06/2026;30/06/2026;30/06/2026;Entregue No Prazo;;Entrega realizada;Entrega Finalizada;30;6;24;6;TRANSTRY;18024;;;
MOBIS BRASIL FABRICACAO DE AUTO PECAS LT;RODOVIARIO;1531324;24/06/2026;3;349175;24/06/2026;CAOA MOTOR DO BRASIL LTDA;1,68E+13;RIO DE JANEIRO;RJ;24/06/2026;30/06/2026;30/06/2026;Entregue No Prazo;;Entrega realizada;Entrega Finalizada;30;6;24;6;CAMILO;5008;;;
MOBIS BRASIL FABRICACAO DE AUTO PECAS LT;RODOVIARIO;1531328;24/06/2026;1;349108;24/06/2026;HOUSE PARTS-COM. DE PCS. E VEICULOS LTDA;1,15E+13;PORTO ALEGRE;RS;24/06/2026;30/06/2026;30/06/2026;Entregue No Prazo;;Entrega realizada;Entrega Finalizada;30;6;24;6;TRANSTRY;23004;;;
MOBIS BRASIL FABRICACAO DE AUTO PECAS LT;RODOVIARIO;1531329;24/06/2026;1;349104;24/06/2026;CARWAY SUL VEICULOS LTDA;1,03E+13;CANOAS;RS;24/06/2026;30/06/2026;30/06/2026;Entregue No Prazo;;Entrega realizada;Entrega Finalizada;30;6;24;6;TRANSTRY;23003;;;
MOBIS BRASIL FABRICACAO DE AUTO PECAS LT;RODOVIARIO;1531337;24/06/2026;1;349103;24/06/2026;BARI VEICULOS LTDA;7,46E+12;JARAGUA DO SUL;SC;24/06/2026;30/06/2026;30/06/2026;Entregue No Prazo;;Entrega realizada;Entrega Finalizada;30;6;24;6;TRANSTRY;18024;;;
MOBIS BRASIL FABRICACAO DE AUTO PECAS LT;RODOVIARIO;1531290;24/06/2026;11;349198;24/06/2026;VIA BRASIL AUTOMOVEIS LTDA.;4,72E+12;SERRA;ES;24/06/2026;01/07/2026;30/06/2026;Entregue No Prazo;;Entrega realizada;Entrega Finalizada;1;7;24;6;CAMILO;8001;;;
MOBIS BRASIL FABRICACAO DE AUTO PECAS LT;RODOVIARIO;1531291;24/06/2026;11;349198;24/06/2026;VIA BRASIL AUTOMOVEIS LTDA.;4,72E+12;SERRA;ES;24/06/2026;01/07/2026;30/06/2026;Entregue No Prazo;;Entrega realizada;Entrega Finalizada;1;7;24;6;CAMILO;8001;;;
MOBIS BRASIL FABRICACAO DE AUTO PECAS LT;RODOVIARIO;1531293;24/06/2026;1;349196;24/06/2026;TAI MOTORS VEICULOS S/A;9,27E+12;COLATINA;ES;24/06/2026;02/07/2026;30/06/2026;Entregue No Prazo;;Entrega realizada;Entrega Finalizada;2;7;24;6;CAMILO;8002;Independência da Bahia;Estadual;BA
MOBIS BRASIL FABRICACAO DE AUTO PECAS LT;RODOVIARIO;1531330;24/06/2026;1;349107;24/06/2026;HOUSE PARTS - COM. DE PECAS E VEIC. LTDA;1,15E+13;SANTA MARIA;RS;24/06/2026;02/07/2026;30/06/2026;Entregue No Prazo;;Entrega realizada;Entrega Finalizada;2;7;24;6;TRANSTRY;23008;Independência da Bahia;Estadual;BA
MOBIS BRASIL FABRICACAO DE AUTO PECAS LT;RODOVIARIO;1531335;24/06/2026;2;349105;24/06/2026;CHINHAN AUTOMOVEIS LTDA;2,41E+13;CONCORDIA;SC;24/06/2026;02/07/2026;30/06/2026;Entregue No Prazo;;Entrega realizada;Entrega Finalizada;2;7;24;6;TRANSTRY;23019;Independência da Bahia;Estadual;BA
MOBIS BRASIL FABRICACAO DE AUTO PECAS LT;RODOVIARIO;1531305;24/06/2026;3;349193;24/06/2026;SAGA ASIA COM. DE VEIC.PC.E SERV. LTDA;2,23E+13;VARZEA GRANDE;MT;24/06/2026;03/07/2026;30/06/2026;Entregue No Prazo;;Entrega realizada;Entrega Finalizada;3;7;24;6;CARVALIMA;13004;;;
MOBIS BRASIL FABRICACAO DE AUTO PECAS LT;RODOVIARIO;1531336;24/06/2026;3;349106;24/06/2026;CHINHAN AUTOMOVEIS LTDA.;2,41E+13;CACADOR;SC;24/06/2026;03/07/2026;30/06/2026;Entregue No Prazo;;Entrega realizada;Entrega Finalizada;3;7;24;6;TRANSTRY;24020;;;
MOBIS BRASIL FABRICACAO DE AUTO PECAS LT;RODOVIARIO;1531307;24/06/2026;7;349177;24/06/2026;COMETA MATO GROSSO COM. DE VEICULOS LTDA;1,54E+13;RONDONOPOLIS;MT;24/06/2026;06/07/2026;30/06/2026;Entregue No Prazo;;Entrega realizada;Entrega Finalizada;6;7;24;6;CARVALIMA;13006;;;
MOBIS BRASIL FABRICACAO DE AUTO PECAS LT;RODOVIARIO;1531286;24/06/2026;1;349187;24/06/2026;MASTER COMERCIAL DE VEICULOS LTDA;2,85E+13;BARREIRAS;BA;24/06/2026;09/07/2026;30/06/2026;Entregue No Prazo;;Entrega realizada;Entrega Finalizada;9;7;24;6;TERMACO;5012;Revolução Constitucionalista de 1932;Estadual;SP
MOBIS BRASIL FABRICACAO DE AUTO PECAS LT;RODOVIARIO;1531287;24/06/2026;5;349187;24/06/2026;MASTER COMERCIAL DE VEICULOS LTDA;2,85E+13;BARREIRAS;BA;24/06/2026;09/07/2026;30/06/2026;Entregue No Prazo;;Entrega realizada;Entrega Finalizada;9;7;24;6;TERMACO;5012;Revolução Constitucionalista de 1932;Estadual;SP
MOBIS BRASIL FABRICACAO DE AUTO PECAS LT;RODOVIARIO;1531859;25/06/2026;1;349240;25/06/2026;GRAND SPORT COM. DE VEIC. E PECAS LTDA;8,58E+12;GUARULHOS;SP;25/06/2026;29/06/2026;30/06/2026;Entregue Fora do Prazo;;Entrega realizada;Entrega Finalizada;29;6;25;6;XD DIADEMA;26005;;;
MOBIS BRASIL FABRICACAO DE AUTO PECAS LT;RODOVIARIO;1531873;25/06/2026;3;349237;25/06/2026;CHS MOTORS VEICULOS PECAS(VL. GUILHERME);1,69E+13;SAO PAULO;SP;25/06/2026;29/06/2026;30/06/2026;Entregue Fora do Prazo;;Entrega realizada;Entrega Finalizada;29;6;25;6;XD DIADEMA;26052;;;
MOBIS BRASIL FABRICACAO DE AUTO PECAS LT;RODOVIARIO;1531799;25/06/2026;33;349251;25/06/2026;TAI MOTORS VEICULOS S/A;9,27E+12;BELO HORIZONTE;MG;25/06/2026;30/06/2026;30/06/2026;Entregue No Prazo;;Entrega realizada;Entrega Finalizada;30;6;25;6;XD BETIM;8002;;;
MOBIS BRASIL FABRICACAO DE AUTO PECAS LT;RODOVIARIO;1531800;25/06/2026;4;349235;25/06/2026;CARBEL KOREA VEICULOS LTDA;2,07E+13;BELO HORIZONTE;MG;25/06/2026;30/06/2026;30/06/2026;Entregue No Prazo;;Entrega realizada;Entrega Finalizada;30;6;25;6;XD BETIM;11021;;;
MOBIS BRASIL FABRICACAO DE AUTO PECAS LT;RODOVIARIO;1531862;25/06/2026;19;349337;25/06/2026;MOTONET COMERCIO DE VEICULOS LTDA;9,28E+12;SOROCABA;SP;25/06/2026;30/06/2026;30/06/2026;Entregue No Prazo;;Entrega realizada;Entrega Finalizada;30;6;25;6;MVT;26113;;;
MOBIS BRASIL FABRICACAO DE AUTO PECAS LT;RODOVIARIO;1531820;25/06/2026;1;349325;25/06/2026;VETOR AUTOMOVEIS LTDA;2,12E+13;CASCAVEL;PR;25/06/2026;01/07/2026;30/06/2026;Entregue No Prazo;;Entrega realizada;Entrega Finalizada;1;7;25;6;TRANSTRY;18019;;;
MOBIS BRASIL FABRICACAO DE AUTO PECAS LT;RODOVIARIO;1531824;25/06/2026;1;349265;25/06/2026;CAOA MOTOR DO BRASIL LTDA;1,68E+13;RIO DE JANEIRO;RJ;25/06/2026;01/07/2026;30/06/2026;Entregue No Prazo;;Entrega realizada;Entrega Finalizada;1;7;25;6;CAMILO;5008;;;
MOBIS BRASIL FABRICACAO DE AUTO PECAS LT;RODOVIARIO;1531826;25/06/2026;5;349276;25/06/2026;ITAVEMA MOTORS VEICULOS LTDA;7,73E+12;RIO DE JANEIRO;RJ;25/06/2026;01/07/2026;30/06/2026;Entregue No Prazo;;Entrega realizada;Entrega Finalizada;1;7;25;6;CAMILO;19001;;;
MOBIS BRASIL FABRICACAO DE AUTO PECAS LT;RODOVIARIO;1531827;25/06/2026;1;349263;25/06/2026;CAOA MOTOR DO BRASIL LTDA;1,68E+13;RIO DE JANEIRO;RJ;25/06/2026;01/07/2026;30/06/2026;Entregue No Prazo;;Entrega realizada;Entrega Finalizada;1;7;25;6;CAMILO;5008;;;
MOBIS BRASIL FABRICACAO DE AUTO PECAS LT;RODOVIARIO;1531828;25/06/2026;1;349262;25/06/2026;CAOA MOTOR DO BRASIL LTDA;1,68E+13;NITEROI;RJ;25/06/2026;01/07/2026;30/06/2026;Entregue No Prazo;;Entrega realizada;Entrega Finalizada;1;7;25;6;CAMILO;5008;;;
MOBIS BRASIL FABRICACAO DE AUTO PECAS LT;RODOVIARIO;1531830;25/06/2026;1;349264;25/06/2026;CAOA MOTOR DO BRASIL LTDA;1,68E+13;RIO DE JANEIRO;RJ;25/06/2026;01/07/2026;30/06/2026;Entregue No Prazo;;Entrega realizada;Entrega Finalizada;1;7;25;6;CAMILO;5008;;;
MOBIS BRASIL FABRICACAO DE AUTO PECAS LT;RODOVIARIO;1531837;25/06/2026;7;349320;25/06/2026;HOUSE PARTS-COM. DE PCS. E VEICULOS LTDA;1,15E+13;PORTO ALEGRE;RS;25/06/2026;01/07/2026;30/06/2026;Entregue No Prazo;;Entrega realizada;Entrega Finalizada;1;7;25;6;TRANSTRY;23004;;;
MOBIS BRASIL FABRICACAO DE AUTO PECAS LT;RODOVIARIO;1531838;25/06/2026;3;349313;25/06/2026;CARWAY SUL VEICULOS LTDA;1,03E+13;CANOAS;RS;25/06/2026;01/07/2026;30/06/2026;Entregue No Prazo;;Entrega realizada;Entrega Finalizada;1;7;25;6;TRANSTRY;23003;;;
MOBIS BRASIL FABRICACAO DE AUTO PECAS LT;RODOVIARIO;1531839;25/06/2026;4;349313;25/06/2026;CARWAY SUL VEICULOS LTDA;1,03E+13;CANOAS;RS;25/06/2026;01/07/2026;30/06/2026;Entregue No Prazo;;Entrega realizada;Entrega Finalizada;1;7;25;6;TRANSTRY;23003;;;
MOBIS BRASIL FABRICACAO DE AUTO PECAS LT;RODOVIARIO;1532014;25/06/2026;1;349277;25/06/2026;ITAVEMA MOTORS VEICULOS LTDA;7,73E+12;DUQUE DE CAXIAS;RJ;25/06/2026;01/07/2026;30/06/2026;Entregue No Prazo;;Entrega realizada;Entrega Finalizada;1;7;25;6;CAMILO;19001;;;
MOBIS BRASIL FABRICACAO DE AUTO PECAS LT;RODOVIARIO;1531786;25/06/2026;14;349299;25/06/2026;TAI MOTORS VEICULOS S/A;9,27E+12;VITORIA;ES;25/06/2026;02/07/2026;30/06/2026;Entregue No Prazo;;Entrega realizada;Entrega Finalizada;2;7;25;6;CAMILO;8002;Independência da Bahia;Estadual;BA
MOBIS BRASIL FABRICACAO DE AUTO PECAS LT;RODOVIARIO;1531789;25/06/2026;4;349292;25/06/2026;PRIME VILA VELHA VEICULOS LTDA.;2,14E+13;VILA VELHA;ES;25/06/2026;02/07/2026;30/06/2026;Entregue No Prazo;;Entrega realizada;Entrega Finalizada;2;7;25;6;CAMILO;8005;Independência da Bahia;Estadual;BA
MOBIS BRASIL FABRICACAO DE AUTO PECAS LT;RODOVIARIO;1531832;25/06/2026;1;349282;25/06/2026;MONTREAL VEICULOS E PECAS LTDA;1,68E+13;SAO PEDRO DA ALDEIA;RJ;25/06/2026;02/07/2026;30/06/2026;Entregue No Prazo;;Entrega realizada;Entrega Finalizada;2;7;25;6;CAMILO;19030;Independência da Bahia;Estadual;BA
MOBIS BRASIL FABRICACAO DE AUTO PECAS LT;RODOVIARIO;1531844;25/06/2026;10;349307;25/06/2026;ATUAL VEICULOS LTDA;1,33E+13;CRICIUMA;SC;25/06/2026;02/07/2026;30/06/2026;Entregue No Prazo;;Entrega realizada;Entrega Finalizada;2;7;25;6;TRANSTRY;24001;Independência da Bahia;Estadual;BA
MOBIS BRASIL FABRICACAO DE AUTO PECAS LT;RODOVIARIO;1531847;25/06/2026;8;349321;25/06/2026;LR COMERCIO DE VEICULOS LTDA;1,05E+13;SAO JOSE;SC;25/06/2026;02/07/2026;30/06/2026;Entregue No Prazo;;Entrega realizada;Entrega Finalizada;2;7;25;6;TRANSTRY;24007;Independência da Bahia;Estadual;BA
MOBIS BRASIL FABRICACAO DE AUTO PECAS LT;RODOVIARIO;1531848;25/06/2026;4;349311;25/06/2026;BARI VEICULOS LTDA;7,46E+12;BLUMENAU;SC;25/06/2026;02/07/2026;30/06/2026;Entregue No Prazo;;Entrega realizada;Entrega Finalizada;2;7;25;6;TRANSTRY;18024;Independência da Bahia;Estadual;BA
MOBIS BRASIL FABRICACAO DE AUTO PECAS LT;RODOVIARIO;1531849;25/06/2026;14;349311;25/06/2026;BARI VEICULOS LTDA;7,46E+12;BLUMENAU;SC;25/06/2026;02/07/2026;30/06/2026;Entregue No Prazo;;Entrega realizada;Entrega Finalizada;2;7;25;6;TRANSTRY;18024;Independência da Bahia;Estadual;BA
MOBIS BRASIL FABRICACAO DE AUTO PECAS LT;RODOVIARIO;1531852;25/06/2026;1;349323;25/06/2026;PONTO CERTO COMERCIO DE VEICULOS LTDA;1,50E+13;LAGES;SC;25/06/2026;02/07/2026;30/06/2026;Entregue No Prazo;;Entrega realizada;Entrega Finalizada;2;7;25;6;TRANSTRY;24017;Independência da Bahia;Estadual;BA
MOBIS BRASIL FABRICACAO DE AUTO PECAS LT;RODOVIARIO;1531788;25/06/2026;1;349290;25/06/2026;PRIME CACHOEIRO VEICULOS LTDA;9,34E+12;LINHARES;ES;25/06/2026;03/07/2026;30/06/2026;Entregue No Prazo;;Entrega realizada;Entrega Finalizada;3;7;25;6;CAMILO;8004;;;
MOBIS BRASIL FABRICACAO DE AUTO PECAS LT;RODOVIARIO;1531790;25/06/2026;1;349298;25/06/2026;TAI MOTORS VEICULOS S/A;9,27E+12;COLATINA;ES;25/06/2026;03/07/2026;30/06/2026;Entregue No Prazo;;Entrega realizada;Entrega Finalizada;3;7;25;6;CAMILO;8002;;;
MOBIS BRASIL FABRICACAO DE AUTO PECAS LT;RODOVIARIO;1531853;25/06/2026;2;349315;25/06/2026;CHINHAN AUTOMOVEIS LTDA;2,41E+13;CONCORDIA;SC;25/06/2026;03/07/2026;30/06/2026;Entregue No Prazo;;Entrega realizada;Entrega Finalizada;3;7;25;6;TRANSTRY;23019;;;
MOBIS BRASIL FABRICACAO DE AUTO PECAS LT;RODOVIARIO;1531811;25/06/2026;1;349269;25/06/2026;COMETA MATO GROSSO COM. DE VEICULOS LTDA;1,54E+13;TANGARA DA SERRA;MT;25/06/2026;06/07/2026;30/06/2026;Entregue No Prazo;;Entrega realizada;Entrega Finalizada;6;7;25;6;CARVALIMA;13007;;;
MOBIS BRASIL FABRICACAO DE AUTO PECAS LT;RODOVIARIO;1531854;25/06/2026;3;349316;25/06/2026;CHINHAN AUTOMOVEIS LTDA.;2,41E+13;CACADOR;SC;25/06/2026;06/07/2026;30/06/2026;Entregue No Prazo;;Entrega realizada;Entrega Finalizada;6;7;25;6;TRANSTRY;24020;;;
MOBIS BRASIL FABRICACAO DE AUTO PECAS LT;RODOVIARIO;1531810;25/06/2026;1;349268;25/06/2026;COMETA MATO GROSSO COM. DE VEICULOS LTDA;1,54E+13;RONDONOPOLIS;MT;25/06/2026;07/07/2026;30/06/2026;Entregue No Prazo;;Entrega realizada;Entrega Finalizada;7;7;25;6;CARVALIMA;13006;;;
MOBIS BRASIL FABRICACAO DE AUTO PECAS LT;RODOVIARIO;1531836;25/06/2026;1;349270;25/06/2026;COMETA RONDONIA COMERCIO DE VEICULO;4,23E+12;VILHENA;RO;25/06/2026;08/07/2026;30/06/2026;Entregue No Prazo;;Entrega realizada;Entrega Finalizada;8;7;25;6;CARVALIMA;#N/D;Emancipação Política de Sergipe;Estadual;SE
MOBIS BRASIL FABRICACAO DE AUTO PECAS LT;RODOVIARIO;1531813;25/06/2026;3;349283;25/06/2026;NACIONAL NOVA MARABA DIST DE VEIC. LTDA;1,70E+13;MARABA;PA;25/06/2026;09/07/2026;30/06/2026;Entregue No Prazo;;Entrega realizada;Entrega Finalizada;9;7;25;6;CARVALIMA;14005;Revolução Constitucionalista de 1932;Estadual;SP
MOBIS BRASIL FABRICACAO DE AUTO PECAS LT;RODOVIARIO;1532439;26/06/2026;1;349489;26/06/2026;GRAND SPORT COM. DE VEIC. E PECAS LTDA;8,58E+12;SAO PAULO;SP;26/06/2026;30/06/2026;30/06/2026;Entregue No Prazo;;Entrega realizada;Entrega Finalizada;30;6;26;6;XD DIADEMA;26034;;;
MOBIS BRASIL FABRICACAO DE AUTO PECAS LT;RODOVIARIO;1532441;26/06/2026;3;349478;26/06/2026;BILLY DISTRIBUIDORA DE VEICULOS LTDA;1,34E+13;SAO CAETANO DO SUL;SP;26/06/2026;30/06/2026;30/06/2026;Entregue No Prazo;;Entrega realizada;Entrega Finalizada;30;6;26;6;XD DIADEMA;26003;;;
MOBIS BRASIL FABRICACAO DE AUTO PECAS LT;RODOVIARIO;1532442;26/06/2026;4;349477;26/06/2026;BILLY DISTRIBUIDORA DE VEICULOS LTDA;1,34E+13;DIADEMA;SP;26/06/2026;30/06/2026;30/06/2026;Entregue No Prazo;;Entrega realizada;Entrega Finalizada;30;6;26;6;XD DIADEMA;26003;;;
MOBIS BRASIL FABRICACAO DE AUTO PECAS LT;RODOVIARIO;1532445;26/06/2026;1;349484;26/06/2026;CAOA MOTOR DO BRASIL LTDA (VL PRUDENTE);1,68E+13;SAO PAULO;SP;26/06/2026;30/06/2026;30/06/2026;Entregue No Prazo;;Entrega realizada;Entrega Finalizada;30;6;26;6;XD DIADEMA;26051;;;
MOBIS BRASIL FABRICACAO DE AUTO PECAS LT;RODOVIARIO;1532447;26/06/2026;1;349483;26/06/2026;CAOA MOTOR DO BRASIL LTDA (IPIRANGA);1,68E+13;SAO PAULO;SP;26/06/2026;30/06/2026;30/06/2026;Entregue No Prazo;;Entrega realizada;Entrega Finalizada;30;6;26;6;XD DIADEMA;26054;;;
MOBIS BRASIL FABRICACAO DE AUTO PECAS LT;RODOVIARIO;1532449;26/06/2026;1;349479;26/06/2026;CAOA MOTOR DO BRASIL LTDA;1,68E+13;SANTO ANDRE;SP;26/06/2026;30/06/2026;30/06/2026;Entregue No Prazo;;Entrega realizada;Entrega Finalizada;30;6;26;6;XD DIADEMA;5008;;;
MOBIS BRASIL FABRICACAO DE AUTO PECAS LT;RODOVIARIO;1532457;26/06/2026;26;349490;26/06/2026;GRANDAY AUTOMOTORES LTDA (CHAC. CALIFOR);1,57E+13;SAO PAULO;SP;26/06/2026;30/06/2026;30/06/2026;Entregue No Prazo;;Entrega realizada;Entrega Finalizada;30;6;26;6;XD DIADEMA;26090;;;
MOBIS BRASIL FABRICACAO DE AUTO PECAS LT;RODOVIARIO;1532386;26/06/2026;28;349485;26/06/2026;CARBEL KOREA VEICULOS LTDA;2,07E+13;BELO HORIZONTE;MG;26/06/2026;01/07/2026;30/06/2026;Entregue No Prazo;;Entrega realizada;Entrega Finalizada;1;7;26;6;XD BETIM;11021;;;
MOBIS BRASIL FABRICACAO DE AUTO PECAS LT;RODOVIARIO;1532401;26/06/2026;1;349532;26/06/2026;SEVEC VEICULOS LTDA;5,68E+11;CURITIBA;PR;26/06/2026;01/07/2026;30/06/2026;Entregue No Prazo;;Entrega realizada;Entrega Finalizada;1;7;26;6;TRANSTRY;18012;;;
MOBIS BRASIL FABRICACAO DE AUTO PECAS LT;RODOVIARIO;1532402;26/06/2026;2;349532;26/06/2026;SEVEC VEICULOS LTDA;5,68E+11;CURITIBA;PR;26/06/2026;01/07/2026;30/06/2026;Entregue No Prazo;;Entrega realizada;Entrega Finalizada;1;7;26;6;TRANSTRY;18012;;;
MOBIS BRASIL FABRICACAO DE AUTO PECAS LT;RODOVIARIO;1532407;26/06/2026;1;349522;26/06/2026;BARI VEICULOS LTDA.;7,46E+12;CURITIBA;PR;26/06/2026;01/07/2026;30/06/2026;Entregue No Prazo;;Entrega realizada;Entrega Finalizada;1;7;26;6;TRANSTRY;18029;;;
MOBIS BRASIL FABRICACAO DE AUTO PECAS LT;RODOVIARIO;1532409;26/06/2026;6;349520;26/06/2026;BARI VEICULOS LTDA;7,46E+12;CURITIBA;PR;26/06/2026;01/07/2026;30/06/2026;Entregue No Prazo;;Entrega realizada;Entrega Finalizada;1;7;26;6;TRANSTRY;18024;;;
MOBIS BRASIL FABRICACAO DE AUTO PECAS LT;RODOVIARIO;1532437;26/06/2026;2;349508;26/06/2026;MOTONET COMERCIO DE VEICULOS LTDA;9,28E+12;SOROCABA;SP;26/06/2026;01/07/2026;30/06/2026;Entregue No Prazo;;Entrega realizada;Entrega Finalizada;1;7;26;6;MVT;26113;;;
MOBIS BRASIL FABRICACAO DE AUTO PECAS LT;RODOVIARIO;1532398;26/06/2026;29;349529;26/06/2026;LOVAT VEICULOS S/A;8,57E+12;LONDRINA;PR;26/06/2026;02/07/2026;30/06/2026;Entregue No Prazo;;Entrega realizada;Entrega Finalizada;2;7;26;6;TRANSTRY;18008;Independência da Bahia;Estadual;BA
MOBIS BRASIL FABRICACAO DE AUTO PECAS LT;RODOVIARIO;1532408;26/06/2026;1;349519;26/06/2026;BARI VEICULOS LTDA;7,46E+12;SAO JOSE DOS PINHAIS;PR;26/06/2026;02/07/2026;30/06/2026;Entregue No Prazo;;Entrega realizada;Entrega Finalizada;2;7;26;6;TRANSTRY;18024;Independência da Bahia;Estadual;BA
MOBIS BRASIL FABRICACAO DE AUTO PECAS LT;RODOVIARIO;1532410;26/06/2026;2;349536;26/06/2026;AMX COM. E SERVICOS DE AUTOMOTORES LTDA;1,20E+13;RIO DE JANEIRO;RJ;26/06/2026;02/07/2026;30/06/2026;Entregue No Prazo;;Entrega realizada;Entrega Finalizada;2;7;26;6;CAMILO;19009;Independência da Bahia;Estadual;BA
MOBIS BRASIL FABRICACAO DE AUTO PECAS LT;RODOVIARIO;1532412;26/06/2026;10;349542;26/06/2026;ITAVEMA MOTORS VEICULOS LTDA;7,73E+12;RIO DE JANEIRO;RJ;26/06/2026;02/07/2026;30/06/2026;Entregue No Prazo;;Entrega realizada;Entrega Finalizada;2;7;26;6;CAMILO;19001;Independência da Bahia;Estadual;BA
MOBIS BRASIL FABRICACAO DE AUTO PECAS LT;RODOVIARIO;1532430;26/06/2026;2;349523;26/06/2026;BARI VEICULOS LTDA.;7,46E+12;JOINVILLE;SC;26/06/2026;02/07/2026;30/06/2026;Entregue No Prazo;;Entrega realizada;Entrega Finalizada;2;7;26;6;TRANSTRY;24013;Independência da Bahia;Estadual;BA
MOBIS BRASIL FABRICACAO DE AUTO PECAS LT;RODOVIARIO;1532444;26/06/2026;3;349507;26/06/2026;H R B COMERCIO DE VEICULOS LTDA;1,82E+13;SAO JOSE DO RIO PRETO;SP;26/06/2026;02/07/2026;30/06/2026;Entregue No Prazo;;Entrega realizada;Entrega Finalizada;2;7;26;6;MVT;26050;Independência da Bahia;Estadual;BA
MOBIS BRASIL FABRICACAO DE AUTO PECAS LT;RODOVIARIO;1532446;26/06/2026;1;349511;26/06/2026;NOBRE DISTRIBUIDORA DE VEIC. E PEC. LTDA;5,76E+12;APARECIDA;SP;26/06/2026;02/07/2026;30/06/2026;Entregue No Prazo;;Entrega realizada;Entrega Finalizada;2;7;26;6;MVT;26053;Independência da Bahia;Estadual;BA
MOBIS BRASIL FABRICACAO DE AUTO PECAS LT;RODOVIARIO;1533280;27/06/2026;118;349745;27/06/2026;SEVEC VEICULOS LTDA;5,68E+11;CURITIBA;PR;27/06/2026;02/07/2026;30/06/2026;Entregue No Prazo;;Entrega realizada;Entrega Finalizada;2;7;27;6;TRANSTRY;18012;Independência da Bahia;Estadual;BA
MOBIS BRASIL FABRICACAO DE AUTO PECAS LT;RODOVIARIO;1533286;27/06/2026;5;349727;27/06/2026;BARI VEICULOS LTDA;7,46E+12;CURITIBA;PR;27/06/2026;02/07/2026;30/06/2026;Entregue No Prazo;;Entrega realizada;Entrega Finalizada;2;7;27;6;TRANSTRY;18024;Independência da Bahia;Estadual;BA
MOBIS BRASIL FABRICACAO DE AUTO PECAS LT;RODOVIARIO;1533325;27/06/2026;2;349709;27/06/2026;ANDRETA II DISTRIB.DE VEICULOS LTDA.;9,10E+12;JUNDIAI;SP;27/06/2026;02/07/2026;30/06/2026;Entregue No Prazo;;Entrega realizada;Entrega Finalizada;2;7;27;6;MVT;26040;Independência da Bahia;Estadual;BA
MOBIS BRASIL FABRICACAO DE AUTO PECAS LT;RODOVIARIO;1533335;27/06/2026;1;349710;27/06/2026;CAOA MOTOR DO BRASIL LTDA;1,68E+13;SAO CARLOS;SP;27/06/2026;02/07/2026;30/06/2026;Entregue No Prazo;;Entrega realizada;Entrega Finalizada;2;7;27;6;MVT;5008;Independência da Bahia;Estadual;BA
MOBIS BRASIL FABRICACAO DE AUTO PECAS LT;RODOVIARIO;1533686;27/06/2026;5;349745;27/06/2026;SEVEC VEICULOS LTDA;5,68E+11;CURITIBA;PR;27/06/2026;02/07/2026;30/06/2026;Entregue No Prazo;;Entrega realizada;Entrega Finalizada;2;7;27;6;TRANSTRY;18012;Independência da Bahia;Estadual;BA
MOBIS BRASIL FABRICACAO DE AUTO PECAS LT;RODOVIARIO;1533688;27/06/2026;3;349727;27/06/2026;BARI VEICULOS LTDA;7,46E+12;CURITIBA;PR;27/06/2026;02/07/2026;30/06/2026;Entregue No Prazo;;Entrega realizada;Entrega Finalizada;2;7;27;6;TRANSTRY;18024;Independência da Bahia;Estadual;BA
MOBIS BRASIL FABRICACAO DE AUTO PECAS LT;RODOVIARIO;1533704;27/06/2026;2;349710;27/06/2026;CAOA MOTOR DO BRASIL LTDA;1,68E+13;SAO CARLOS;SP;27/06/2026;02/07/2026;30/06/2026;Entregue No Prazo;;Entrega realizada;Entrega Finalizada;2;7;27;6;MVT;5008;Independência da Bahia;Estadual;BA
MOBIS BRASIL FABRICACAO DE AUTO PECAS LT;RODOVIARIO;1532411;26/06/2026;2;349559;26/06/2026;VIA VR VEICULOS LTDA;1,73E+13;VOLTA REDONDA;RJ;26/06/2026;03/07/2026;30/06/2026;Entregue No Prazo;;Entrega realizada;Entrega Finalizada;3;7;26;6;CAMILO;19016;;;
MOBIS BRASIL FABRICACAO DE AUTO PECAS LT;RODOVIARIO;1532413;26/06/2026;1;349556;26/06/2026;TAI MOTORS VEICULOS S/A.;9,27E+12;CAMPOS DOS GOYTACAZES;RJ;26/06/2026;03/07/2026;30/06/2026;Entregue No Prazo;;Entrega realizada;Entrega Finalizada;3;7;26;6;CAMILO;19023;;;
MOBIS BRASIL FABRICACAO DE AUTO PECAS LT;RODOVIARIO;1532414;26/06/2026;1;349560;26/06/2026;VIA VR VEICULOS LTDA;1,73E+13;PETROPOLIS;RJ;26/06/2026;03/07/2026;30/06/2026;Entregue No Prazo;;Entrega realizada;Entrega Finalizada;3;7;26;6;CAMILO;19016;;;
MOBIS BRASIL FABRICACAO DE AUTO PECAS LT;RODOVIARIO;1533278;27/06/2026;1;349741;27/06/2026;LOVAT VEICULOS S/A;8,57E+12;LONDRINA;PR;27/06/2026;03/07/2026;30/06/2026;Entregue No Prazo;;Entrega realizada;Entrega Finalizada;3;7;27;6;TRANSTRY;18008;;;
MOBIS BRASIL FABRICACAO DE AUTO PECAS LT;RODOVIARIO;1533315;27/06/2026;1;349729;27/06/2026;BARI VEICULOS LTDA.;7,46E+12;JOINVILLE;SC;27/06/2026;03/07/2026;30/06/2026;Entregue No Prazo;;Entrega realizada;Entrega Finalizada;3;7;27;6;TRANSTRY;24013;;;
MOBIS BRASIL FABRICACAO DE AUTO PECAS LT;RODOVIARIO;1533327;27/06/2026;5;349717;27/06/2026;H R B COMERCIO DE VEICULOS LTDA;1,82E+13;SAO JOSE DO RIO PRETO;SP;27/06/2026;03/07/2026;30/06/2026;Entregue No Prazo;;Entrega realizada;Entrega Finalizada;3;7;27;6;MVT;26050;;;
MOBIS BRASIL FABRICACAO DE AUTO PECAS LT;RODOVIARIO;1533328;27/06/2026;5;349717;27/06/2026;H R B COMERCIO DE VEICULOS LTDA;1,82E+13;SAO JOSE DO RIO PRETO;SP;27/06/2026;03/07/2026;30/06/2026;Entregue No Prazo;;Entrega realizada;Entrega Finalizada;3;7;27;6;MVT;26050;;;
MOBIS BRASIL FABRICACAO DE AUTO PECAS LT;RODOVIARIO;1533344;27/06/2026;2;349716;27/06/2026;H - CAMINHO AUTOMOVEIS LTDA;2,53E+13;PIRACICABA;SP;27/06/2026;03/07/2026;30/06/2026;Entregue No Prazo;;Entrega realizada;Entrega Finalizada;3;7;27;6;MVT;26092;;;
MOBIS BRASIL FABRICACAO DE AUTO PECAS LT;RODOVIARIO;1533345;27/06/2026;2;349712;27/06/2026;DHC COMERCIO DE VEICULOS E PECAS LTDA;9,52E+12;OURINHOS;SP;27/06/2026;03/07/2026;30/06/2026;Entregue No Prazo;;Entrega realizada;Entrega Finalizada;3;7;27;6;MVT;26010;;;
MOBIS BRASIL FABRICACAO DE AUTO PECAS LT;RODOVIARIO;1533346;27/06/2026;1;349715;27/06/2026;H - CAMINHO AUTOMOVEIS LTDA;2,53E+13;CATANDUVA;SP;27/06/2026;03/07/2026;30/06/2026;Entregue No Prazo;;Entrega realizada;Entrega Finalizada;3;7;27;6;MVT;26092;;;
MOBIS BRASIL FABRICACAO DE AUTO PECAS LT;RODOVIARIO;1533683;27/06/2026;2;349741;27/06/2026;LOVAT VEICULOS S/A;8,57E+12;LONDRINA;PR;27/06/2026;03/07/2026;30/06/2026;Entregue No Prazo;;Entrega realizada;Entrega Finalizada;3;7;27;6;TRANSTRY;18008;;;
MOBIS BRASIL FABRICACAO DE AUTO PECAS LT;RODOVIARIO;1533695;27/06/2026;2;349729;27/06/2026;BARI VEICULOS LTDA.;7,46E+12;JOINVILLE;SC;27/06/2026;03/07/2026;30/06/2026;Entregue No Prazo;;Entrega realizada;Entrega Finalizada;3;7;27;6;TRANSTRY;24013;;;
MOBIS BRASIL FABRICACAO DE AUTO PECAS LT;RODOVIARIO;1533705;27/06/2026;2;349720;27/06/2026;VIME SAO JOAO COM. DE VEIC. E PECAS LTDA;5,10E+13;SAO JOAO DA BOA VISTA;SP;27/06/2026;03/07/2026;30/06/2026;Entregue No Prazo;;Entrega realizada;Entrega Finalizada;3;7;27;6;MVT;26107;;;
MOBIS BRASIL FABRICACAO DE AUTO PECAS LT;RODOVIARIO;1533706;27/06/2026;1;349720;27/06/2026;VIME SAO JOAO COM. DE VEIC. E PECAS LTDA;5,10E+13;SAO JOAO DA BOA VISTA;SP;27/06/2026;03/07/2026;30/06/2026;Entregue No Prazo;;Entrega realizada;Entrega Finalizada;3;7;27;6;MVT;26107;;;
MOBIS BRASIL FABRICACAO DE AUTO PECAS LT;RODOVIARIO;1533696;27/06/2026;3;349736;27/06/2026;GAMBATTO H1 VEICULOS LTDA;1,94E+13;CHAPECO;SC;27/06/2026;06/07/2026;30/06/2026;Entregue No Prazo;;Entrega realizada;Entrega Finalizada;6;7;27;6;TRANSTRY;24018;;;
MOBIS BRASIL FABRICACAO DE AUTO PECAS LT;RODOVIARIO;1533108;26/06/2026;3;349526;26/06/2026;CHINHAN AUTOMOVEIS LTDA.;2,41E+13;CACADOR;SC;26/06/2026;07/07/2026;30/06/2026;Entregue No Prazo;;Entrega realizada;Entrega Finalizada;7;7;26;6;TRANSTRY;24020;;;
MOBIS BRASIL FABRICACAO DE AUTO PECAS LT;RODOVIARIO;1533317;27/06/2026;5;349733;27/06/2026;CHINHAN AUTOMOVEIS LTDA;2,41E+13;CONCORDIA;SC;27/06/2026;07/07/2026;30/06/2026;Entregue No Prazo;;Entrega realizada;Entrega Finalizada;7;7;27;6;TRANSTRY;23019;;;
MOBIS BRASIL FABRICACAO DE AUTO PECAS LT;RODOVIARIO;1532393;26/06/2026;1;349538;26/06/2026;COMETA MATO GROSSO COM. DE VEICULOS LTDA;1,54E+13;RONDONOPOLIS;MT;26/06/2026;08/07/2026;30/06/2026;Entregue No Prazo;;Entrega realizada;Entrega Finalizada;8;7;26;6;CARVALIMA;13006;Emancipação Política de Sergipe;Estadual;SE
MOBIS BRASIL FABRICACAO DE AUTO PECAS LT;RODOVIARIO;1533318;27/06/2026;6;349734;27/06/2026;CHINHAN AUTOMOVEIS LTDA.;2,41E+13;CACADOR;SC;27/06/2026;08/07/2026;30/06/2026;Entregue No Prazo;;Entrega realizada;Entrega Finalizada;8;7;27;6;TRANSTRY;24020;Emancipação Política de Sergipe;Estadual;SE
MOBIS BRASIL FABRICACAO DE AUTO PECAS LT;RODOVIARIO;1533326;27/06/2026;66;349865;30/06/2026;BILLY DISTRIBUIDORA DE VEICULOS LTDA;1,34E+13;SAO CAETANO DO SUL;SP;30/06/2026;02/07/2026;30/06/2026;Entregue No Prazo;;Entrega realizada;Entrega Finalizada;2;7;30;6;BV LOG;26003;Independência da Bahia;Estadual;BA
MOBIS BRASIL FABRICACAO DE AUTO PECAS LT;RODOVIARIO;1533342;27/06/2026;16;349866;30/06/2026;GRANDAY AUTOMOTORES LTDA (CHAC. CALIFOR);1,57E+13;SAO PAULO;SP;30/06/2026;02/07/2026;30/06/2026;Entregue No Prazo;;Entrega realizada;Entrega Finalizada;2;7;30;6;BV LOG;26090;Independência da Bahia;Estadual;BA
MOBIS BRASIL FABRICACAO DE AUTO PECAS LT;RODOVIARIO;1534298;30/06/2026;38;349873;30/06/2026;ANDRETA II DISTRIBUIDORA DE VEIC. LTDA;9,10E+12;CAMPINAS;SP;30/06/2026;03/07/2026;30/06/2026;Entregue No Prazo;;Entrega realizada;Entrega Finalizada;3;7;30;6;BV LOG;26011;;;
MOBIS BRASIL FABRICACAO DE AUTO PECAS LT;RODOVIARIO;1520399;03/06/2026;1;345856;03/06/2026;CAOA MOTOR DO BRASIL LTDA (AGUA BRANCA);1,68E+13;SAO PAULO;SP;03/06/2026;05/06/2026;01/07/2026;Entregue Fora do Prazo;;Entrega realizada;Entrega Finalizada;5;6;3;6;XD DIADEMA;26030;;;
MOBIS BRASIL FABRICACAO DE AUTO PECAS LT;RODOVIARIO;1521883;09/06/2026;3;346570;09/06/2026;CAOA MOTOR DO BRASIL LTDA;1,68E+13;RECIFE;PE;09/06/2026;24/06/2026;01/07/2026;Entregue Fora do Prazo;;Entrega realizada;Entrega Finalizada;24;6;9;6;TERMACO;5008;;;
MOBIS BRASIL FABRICACAO DE AUTO PECAS LT;RODOVIARIO;1525293;15/06/2026;4;347455;15/06/2026;PATEO COMERCIO DE VEICULOS S A;7,78E+12;MANAUS;AM;15/06/2026;09/07/2026;01/07/2026;Entregue No Prazo;;Entrega realizada;Entrega Finalizada;9;7;15;6;CARVALIMA;3002;Revolução Constitucionalista de 1932;Estadual;SP
MOBIS BRASIL FABRICACAO DE AUTO PECAS LT;RODOVIARIO;1526276;16/06/2026;5;347700;16/06/2026;CYCOSA AUTOMOVEIS LTDA;4,76E+12;MACEIO;AL;16/06/2026;30/06/2026;01/07/2026;Entregue Fora do Prazo;;Entrega realizada;Entrega Finalizada;30;6;16;6;TERMACO;2001;;;
MOBIS BRASIL FABRICACAO DE AUTO PECAS LT;RODOVIARIO;1526300;16/06/2026;3;347704;16/06/2026;JPN PATOS COMERCIO DE VEICULOS LTDA;4,20E+13;PATOS;PB;16/06/2026;02/07/2026;01/07/2026;Entregue No Prazo;;Entrega realizada;Entrega Finalizada;2;7;16;6;TERMACO;15004;Independência da Bahia;Estadual;BA
MOBIS BRASIL FABRICACAO DE AUTO PECAS LT;RODOVIARIO;1527203;17/06/2026;6;347926;17/06/2026;CYCOSA AUTOMOVEIS LTDA;4,76E+12;MACEIO;AL;17/06/2026;01/07/2026;01/07/2026;Entregue No Prazo;;Entrega realizada;Entrega Finalizada;1;7;17;6;TERMACO;2001;;;
MOBIS BRASIL FABRICACAO DE AUTO PECAS LT;RODOVIARIO;1527233;17/06/2026;1;347932;17/06/2026;JPN PATOS COMERCIO DE VEICULOS LTDA;4,20E+13;PATOS;PB;17/06/2026;03/07/2026;01/07/2026;Entregue No Prazo;;Entrega realizada;Entrega Finalizada;3;7;17;6;TERMACO;15004;;;
MOBIS BRASIL FABRICACAO DE AUTO PECAS LT;RODOVIARIO;1527235;17/06/2026;2;347921;17/06/2026;AUTORAC VEICULOS LTDA;1,06E+13;PETROLINA;PE;17/06/2026;03/07/2026;01/07/2026;Entregue No Prazo;;Entrega realizada;Entrega Finalizada;3;7;17;6;TERMACO;16001;;;
MOBIS BRASIL FABRICACAO DE AUTO PECAS LT;RODOVIARIO;1527236;17/06/2026;3;347921;17/06/2026;AUTORAC VEICULOS LTDA;1,06E+13;PETROLINA;PE;17/06/2026;03/07/2026;01/07/2026;Entregue No Prazo;;Entrega realizada;Entrega Finalizada;3;7;17;6;TERMACO;16001;;;
MOBIS BRASIL FABRICACAO DE AUTO PECAS LT;RODOVIARIO;1527202;17/06/2026;1;347944;17/06/2026;ULSAN COMERCIO DE VEICULOS LTDA;2,10E+13;RIO BRANCO;AC;17/06/2026;06/07/2026;01/07/2026;Entregue No Prazo;;Entrega realizada;Entrega Finalizada;6;7;17;6;CARVALIMA;21004;;;
MOBIS BRASIL FABRICACAO DE AUTO PECAS LT;RODOVIARIO;1527204;17/06/2026;1;347937;17/06/2026;PATEO COMERCIO DE VEICULOS S A;7,78E+12;MANAUS;AM;17/06/2026;13/07/2026;01/07/2026;Entregue No Prazo;;Entrega realizada;Entrega Finalizada;13;7;17;6;CARVALIMA;3002;;;
MOBIS BRASIL FABRICACAO DE AUTO PECAS LT; RODOVIARIO;1528988;19/06/2026;24;348367;19/06/2026;PATEO COMERCIO DE VEICULOS S A;7,78E+12;JOAO PESSOA;PB;19/06/2026;06/07/2026;01/07/2026;Entregue No Prazo;;Entrega realizada;Entrega Finalizada;6;7;19;6;TERMACO;15003;;;
MOBIS BRASIL FABRICACAO DE AUTO PECAS LT; RODOVIARIO;1528991;19/06/2026;7;348355;19/06/2026;AUTORAC VEICULOS LTDA;1,06E+13;PETROLINA;PE;19/06/2026;07/07/2026;01/07/2026;Entregue No Prazo;;Entrega realizada;Entrega Finalizada;7;7;19;6;TERMACO;16001;;;
MOBIS BRASIL FABRICACAO DE AUTO PECAS LT; RODOVIARIO;1528961;19/06/2026;2;348373;19/06/2026;ULSAN COMERCIO DE VEICULOS LTDA;2,10E+13;RIO BRANCO;AC;19/06/2026;08/07/2026;01/07/2026;Entregue No Prazo;;Entrega realizada;Entrega Finalizada;8;7;19;6;CARVALIMA;21004;Emancipação Política de Sergipe;Estadual;SE
MOBIS BRASIL FABRICACAO DE AUTO PECAS LT;RODOVIARIO;1529750;22/06/2026;4;348569;22/06/2026;H R B COMERCIO DE VEICULOS LTDA;1,82E+13;SAO JOSE DO RIO PRETO;SP;22/06/2026;26/06/2026;01/07/2026;Entregue Fora do Prazo;;Entrega realizada;Entrega Finalizada;26;6;22;6;MVT;26050;;;
MOBIS BRASIL FABRICACAO DE AUTO PECAS LT;RODOVIARIO;1529751;22/06/2026;23;348569;22/06/2026;H R B COMERCIO DE VEICULOS LTDA;1,82E+13;SAO JOSE DO RIO PRETO;SP;22/06/2026;26/06/2026;01/07/2026;Entregue Fora do Prazo;Avaria e falta de 01 volume;Entrega realizada;Entrega Finalizada;26;6;22;6;MVT;26050;;;
MOBIS BRASIL FABRICACAO DE AUTO PECAS LT;RODOVIARIO;1529768;22/06/2026;2;348554;22/06/2026;PRIVILLEGE DISTRIBUIDORA DE VEICULOS LTD;1,72E+13;PALMAS;TO;22/06/2026;01/07/2026;01/07/2026;Entregue No Prazo;;Entrega realizada;Entrega Finalizada;1;7;22;6;RIO VERMELHO;27003;;;
MOBIS BRASIL FABRICACAO DE AUTO PECAS LT;RODOVIARIO;1529769;22/06/2026;1;348554;22/06/2026;PRIVILLEGE DISTRIBUIDORA DE VEICULOS LTD;1,72E+13;PALMAS;TO;22/06/2026;01/07/2026;01/07/2026;Entregue No Prazo;;Entrega realizada;Entrega Finalizada;1;7;22;6;RIO VERMELHO;27003;;;
MOBIS BRASIL FABRICACAO DE AUTO PECAS LT;RODOVIARIO;1529673;22/06/2026;3;348622;22/06/2026;ORVEL AUTOMOTOR HYD LTDA;2,52E+13;TEIXEIRA DE FREITAS;BA;22/06/2026;07/07/2026;01/07/2026;Entregue No Prazo;;Entrega realizada;Entrega Finalizada;7;7;22;6;TERMACO;5011;;;
MOBIS BRASIL FABRICACAO DE AUTO PECAS LT;RODOVIARIO;1529695;22/06/2026;8;348599;22/06/2026;AUTORAC VEICULOS LTDA;1,06E+13;CARUARU;PE;22/06/2026;08/07/2026;01/07/2026;Entregue No Prazo;;Entrega realizada;Entrega Finalizada;8;7;22;6;TERMACO;16001;Emancipação Política de Sergipe;Estadual;SE
MOBIS BRASIL FABRICACAO DE AUTO PECAS LT;RODOVIARIO;1529696;22/06/2026;3;348599;22/06/2026;AUTORAC VEICULOS LTDA;1,06E+13;CARUARU;PE;22/06/2026;08/07/2026;01/07/2026;Entregue No Prazo;;Entrega realizada;Entrega Finalizada;8;7;22;6;TERMACO;16001;Emancipação Política de Sergipe;Estadual;SE
MOBIS BRASIL FABRICACAO DE AUTO PECAS LT;RODOVIARIO;1530085;22/06/2026;2;348613;22/06/2026;GREEN CITY VEICULOS LTDA;2,10E+13;TERESINA;PI;22/06/2026;08/07/2026;01/07/2026;Entregue No Prazo;;Entrega realizada;Entrega Finalizada;8;7;22;6;TERMACO;17002;Emancipação Política de Sergipe;Estadual;SE
MOBIS BRASIL FABRICACAO DE AUTO PECAS LT;RODOVIARIO;1529683;22/06/2026;1;348620;22/06/2026;NACIONAL NOVA MARABA DIST DE VEIC. LTDA;1,70E+13;IMPERATRIZ;MA;22/06/2026;10/07/2026;01/07/2026;Entregue No Prazo;;Entrega realizada;Entrega Finalizada;10;7;22;6;CARVALIMA;10003;;;
MOBIS BRASIL FABRICACAO DE AUTO PECAS LT;RODOVIARIO;1530381;23/06/2026;2;348850;23/06/2026;FAZZA MOTORS COMERCIO DE VEICULOS LTDA;1,24E+13;SALVADOR;BA;23/06/2026;03/07/2026;01/07/2026;Entregue No Prazo;;Entrega realizada;Entrega Finalizada;3;7;23;6;TERMACO;5007;;;
MOBIS BRASIL FABRICACAO DE AUTO PECAS LT;RODOVIARIO;1530411;23/06/2026;1;348846;23/06/2026;CAOA MOTOR DO BRASIL LTDA;1,68E+13;BELEM;PA;23/06/2026;06/07/2026;01/07/2026;Entregue No Prazo;;Entrega realizada;Entrega Finalizada;6;7;23;6;CARVALIMA;5008;;;
MOBIS BRASIL FABRICACAO DE AUTO PECAS LT;RODOVIARIO;1530412;23/06/2026;2;348856;23/06/2026;MISO VEICULOS LTDA;1,85E+13;SANTAREM;PA;23/06/2026;07/07/2026;01/07/2026;Entregue No Prazo;;Entrega realizada;Entrega Finalizada;7;7;23;6;CARVALIMA;4001;;;
MOBIS BRASIL FABRICACAO DE AUTO PECAS LT;RODOVIARIO;1530380;23/06/2026;3;348842;23/06/2026;AIKON VEICULOS LTDA;1,17E+13;VITORIA DA CONQUISTA;BA;23/06/2026;08/07/2026;01/07/2026;Entregue No Prazo;;Entrega realizada;Entrega Finalizada;8;7;23;6;TERMACO;5002;Emancipação Política de Sergipe;Estadual;SE
MOBIS BRASIL FABRICACAO DE AUTO PECAS LT;RODOVIARIO;1530413;23/06/2026;1;348844;23/06/2026;AUTORAC VEICULOS LTDA;1,06E+13;CARUARU;PE;23/06/2026;09/07/2026;01/07/2026;Entregue No Prazo;;Entrega realizada;Entrega Finalizada;9;7;23;6;TERMACO;16001;Revolução Constitucionalista de 1932;Estadual;SP
MOBIS BRASIL FABRICACAO DE AUTO PECAS LT;RODOVIARIO;1530416;23/06/2026;1;348845;23/06/2026;AUTORAC VEICULOS LTDA;1,06E+13;PETROLINA;PE;23/06/2026;09/07/2026;01/07/2026;Entregue No Prazo;;Entrega realizada;Entrega Finalizada;9;7;23;6;TERMACO;16001;Revolução Constitucionalista de 1932;Estadual;SP
MOBIS BRASIL FABRICACAO DE AUTO PECAS LT;RODOVIARIO;1531303;24/06/2026;6;349197;24/06/2026;ULSAN COMERCIO DE VEICULOS LTDA.;2,10E+13;CAMPO GRANDE;MS;24/06/2026;02/07/2026;01/07/2026;Entregue No Prazo;;Entrega realizada;Entrega Finalizada;2;7;24;6;CARVALIMA;12004;Independência da Bahia;Estadual;BA
MOBIS BRASIL FABRICACAO DE AUTO PECAS LT;RODOVIARIO;1531306;24/06/2026;1;349194;24/06/2026;SAGA SEUL COMERCIO DE VEICULOS, PECAS E;2,23E+13;CUIABA;MT;24/06/2026;03/07/2026;01/07/2026;Entregue No Prazo;;Entrega realizada;Entrega Finalizada;3;7;24;6;CARVALIMA;13005;;;
MOBIS BRASIL FABRICACAO DE AUTO PECAS LT;RODOVIARIO;1531311;24/06/2026;2;349171;24/06/2026;AUTORAC VEICULOS LTDA;1,06E+13;CARUARU;PE;24/06/2026;10/07/2026;01/07/2026;Entregue No Prazo;;Entrega realizada;Entrega Finalizada;10;7;24;6;TERMACO;16001;;;
MOBIS BRASIL FABRICACAO DE AUTO PECAS LT;RODOVIARIO;1531864;25/06/2026;5;349239;25/06/2026;GRAND SPORT COM. DE VEIC. E PECAS LTDA;8,58E+12;SAO PAULO;SP;25/06/2026;29/06/2026;01/07/2026;Entregue Fora do Prazo;;Entrega realizada;Entrega Finalizada;29;6;25;6;XD DIADEMA;26034;;;
MOBIS BRASIL FABRICACAO DE AUTO PECAS LT;RODOVIARIO;1531804;25/06/2026;1;349229;25/06/2026;BDG AUTOVILLE VEICULOS LTDA;4,77E+13;CONTAGEM;MG;25/06/2026;30/06/2026;01/07/2026;Entregue Fora do Prazo;;Entrega realizada;Entrega Finalizada;30;6;25;6;XD BETIM;11037;;;
MOBIS BRASIL FABRICACAO DE AUTO PECAS LT;RODOVIARIO;1531805;25/06/2026;60;349229;25/06/2026;BDG AUTOVILLE VEICULOS LTDA;4,77E+13;CONTAGEM;MG;25/06/2026;30/06/2026;01/07/2026;Entregue Fora do Prazo;;Entrega realizada;Entrega Finalizada;30;6;25;6;XD BETIM;11037;;;
MOBIS BRASIL FABRICACAO DE AUTO PECAS LT;RODOVIARIO;1531877;25/06/2026;1;349329;25/06/2026;CAOA MOTOR DO BRASIL LTDA;1,68E+13;SAO CARLOS;SP;25/06/2026;30/06/2026;01/07/2026;Entregue Fora do Prazo;;Entrega realizada;Entrega Finalizada;30;6;25;6;MVT;5008;;;
MOBIS BRASIL FABRICACAO DE AUTO PECAS LT;RODOVIARIO;1531841;25/06/2026;5;349317;25/06/2026;GALA COMERCIO DE VEICULOS LTDA.;1,77E+13;PELOTAS;RS;25/06/2026;02/07/2026;01/07/2026;Entregue No Prazo;;Entrega realizada;Entrega Finalizada;2;7;25;6;TRANSTRY;23009;Independência da Bahia;Estadual;BA
MOBIS BRASIL FABRICACAO DE AUTO PECAS LT;RODOVIARIO;1531845;25/06/2026;3;349306;25/06/2026;ATUAL VEICULOS LTDA;1,33E+13;TUBARAO;SC;25/06/2026;02/07/2026;01/07/2026;Entregue No Prazo;;Entrega realizada;Entrega Finalizada;2;7;25;6;TRANSTRY;24001;Independência da Bahia;Estadual;BA
MOBIS BRASIL FABRICACAO DE AUTO PECAS LT;RODOVIARIO;1531807;25/06/2026;1;349275;25/06/2026;GOLDEN MOTORS VEICULOS LTDA;3,62E+12;DOURADOS;MS;25/06/2026;03/07/2026;01/07/2026;Entregue No Prazo;;Entrega realizada;Entrega Finalizada;3;7;25;6;CARVALIMA;12001;;;
MOBIS BRASIL FABRICACAO DE AUTO PECAS LT;RODOVIARIO;1531843;25/06/2026;4;349314;25/06/2026;CHINHAN AUTOMOVEIS LTDA;2,41E+13;ERECHIM;RS;25/06/2026;03/07/2026;01/07/2026;Entregue No Prazo;;Entrega realizada;Entrega Finalizada;3;7;25;6;TRANSTRY;23019;;;
MOBIS BRASIL FABRICACAO DE AUTO PECAS LT;RODOVIARIO;1531809;25/06/2026;1;349293;25/06/2026;SAGA ASIA COM. DE VEIC.PC.E SERV. LTDA;2,23E+13;VARZEA GRANDE;MT;25/06/2026;06/07/2026;01/07/2026;Entregue No Prazo;;Entrega realizada;Entrega Finalizada;6;7;25;6;CARVALIMA;13004;;;
MOBIS BRASIL FABRICACAO DE AUTO PECAS LT;RODOVIARIO;1532015;25/06/2026;8;349297;25/06/2026;SEVEL VEICULOS LTDA;1,07E+13;ARACAJU;SE;25/06/2026;08/07/2026;01/07/2026;Entregue No Prazo;;Entrega realizada;Entrega Finalizada;8;7;25;6;TERMACO;25001;Emancipação Política de Sergipe;Estadual;SE
MOBIS BRASIL FABRICACAO DE AUTO PECAS LT;RODOVIARIO;1531779;25/06/2026;3;349266;25/06/2026;CAOA MOTOR DO BRASIL LTDA;1,68E+13;FORTALEZA;CE;25/06/2026;09/07/2026;01/07/2026;Entregue No Prazo;;Entrega realizada;Entrega Finalizada;9;7;25;6;TERMACO;5008;Revolução Constitucionalista de 1932;Estadual;SP
MOBIS BRASIL FABRICACAO DE AUTO PECAS LT;RODOVIARIO;1531780;25/06/2026;3;349272;25/06/2026;FAZZA MOTORS COM. DE VEICULOS LTDA;1,24E+13;FORTALEZA;CE;25/06/2026;09/07/2026;01/07/2026;Entregue No Prazo;;Entrega realizada;Entrega Finalizada;9;7;25;6;TERMACO;6001;Revolução Constitucionalista de 1932;Estadual;SP
MOBIS BRASIL FABRICACAO DE AUTO PECAS LT;RODOVIARIO;1531776;25/06/2026;1;349287;25/06/2026;PATEO COMERCIO DE VEICULOS S A;7,78E+12;FEIRA DE SANTANA;BA;25/06/2026;10/07/2026;01/07/2026;Entregue No Prazo;;Entrega realizada;Entrega Finalizada;10;7;25;6;TERMACO;5009;;;
MOBIS BRASIL FABRICACAO DE AUTO PECAS LT;RODOVIARIO;1531795;25/06/2026;5;349284;25/06/2026;NACIONAL NOVA MARABA DIST DE VEIC. LTDA;1,70E+13;IMPERATRIZ;MA;25/06/2026;15/07/2026;01/07/2026;Entregue No Prazo;;Entrega realizada;Entrega Finalizada;15;7;25;6;TERMACO;10003;;;
MOBIS BRASIL FABRICACAO DE AUTO PECAS LT;RODOVIARIO;1532440;26/06/2026;1;349487;26/06/2026;CHS MOTORS VEICULOS PECAS E SERV LTDA  ;1,69E+13;SAO PAULO;SP;26/06/2026;30/06/2026;01/07/2026;Entregue Fora do Prazo;;Entrega realizada;Entrega Finalizada;30;6;26;6;XD DIADEMA;26037;;;
MOBIS BRASIL FABRICACAO DE AUTO PECAS LT;RODOVIARIO;1532453;26/06/2026;1;349491;26/06/2026;NOBRE SP DISTRIB. DE VEIC. E PEC. LTDA;1,70E+13;SAO PAULO;SP;26/06/2026;30/06/2026;01/07/2026;Entregue Fora do Prazo;;Entrega realizada;Entrega Finalizada;30;6;26;6;XD DIADEMA;26081;;;
MOBIS BRASIL FABRICACAO DE AUTO PECAS LT;RODOVIARIO;1532458;26/06/2026;1;349486;26/06/2026;CHS MOTORS VEICULOS PECAS E SERV. LTDA;1,69E+13;OSASCO;SP;26/06/2026;30/06/2026;01/07/2026;Entregue Fora do Prazo;;Entrega realizada;Entrega Finalizada;30;6;26;6;XD DIADEMA;26106;;;
MOBIS BRASIL FABRICACAO DE AUTO PECAS LT;RODOVIARIO;1532385;26/06/2026;24;349495;26/06/2026;TAI MOTORS VEICULOS S/A;9,27E+12;BELO HORIZONTE;MG;26/06/2026;01/07/2026;01/07/2026;Entregue No Prazo;;Entrega realizada;Entrega Finalizada;1;7;26;6;XD BETIM;8002;;;
MOBIS BRASIL FABRICACAO DE AUTO PECAS LT;RODOVIARIO;1532390;26/06/2026;31;349476;26/06/2026;BDG AUTOVILLE VEICULOS LTDA;4,77E+13;CONTAGEM;MG;26/06/2026;01/07/2026;01/07/2026;Entregue No Prazo;;Entrega realizada;Entrega Finalizada;1;7;26;6;XD BETIM;11037;;;
MOBIS BRASIL FABRICACAO DE AUTO PECAS LT;RODOVIARIO;1532456;26/06/2026;1;349482;26/06/2026;CAOA MOTOR DO BRASIL LTDA;1,68E+13;SANTOS;SP;26/06/2026;01/07/2026;01/07/2026;Entregue No Prazo;;Entrega realizada;Entrega Finalizada;1;7;26;6;XD DIADEMA;5008;;;
MOBIS BRASIL FABRICACAO DE AUTO PECAS LT;RODOVIARIO;1532404;26/06/2026;1;349516;26/06/2026;BARI VEICULOS LTDA;7,46E+12;PONTA GROSSA;PR;26/06/2026;02/07/2026;01/07/2026;Entregue No Prazo;;Entrega realizada;Entrega Finalizada;2;7;26;6;TRANSTRY;18024;Independência da Bahia;Estadual;BA
MOBIS BRASIL FABRICACAO DE AUTO PECAS LT;RODOVIARIO;1532405;26/06/2026;10;349516;26/06/2026;BARI VEICULOS LTDA;7,46E+12;PONTA GROSSA;PR;26/06/2026;02/07/2026;01/07/2026;Entregue No Prazo;;Entrega realizada;Entrega Finalizada;2;7;26;6;TRANSTRY;18024;Independência da Bahia;Estadual;BA
MOBIS BRASIL FABRICACAO DE AUTO PECAS LT;RODOVIARIO;1532406;26/06/2026;1;349534;26/06/2026;VETOR AUTOMOVEIS LTDA;2,12E+13;UMUARAMA;PR;26/06/2026;02/07/2026;01/07/2026;Entregue No Prazo;;Entrega realizada;Entrega Finalizada;2;7;26;6;TRANSTRY;18019;Independência da Bahia;Estadual;BA
MOBIS BRASIL FABRICACAO DE AUTO PECAS LT;RODOVIARIO;1532419;26/06/2026;2;349528;26/06/2026;HOUSE PARTS-COM. DE PCS. E VEICULOS LTDA;1,15E+13;PORTO ALEGRE;RS;26/06/2026;02/07/2026;01/07/2026;Entregue No Prazo;;Entrega realizada;Entrega Finalizada;2;7;26;6;TRANSTRY;23004;Independência da Bahia;Estadual;BA
MOBIS BRASIL FABRICACAO DE AUTO PECAS LT;RODOVIARIO;1532420;26/06/2026;10;349528;26/06/2026;HOUSE PARTS-COM. DE PCS. E VEICULOS LTDA;1,15E+13;PORTO ALEGRE;RS;26/06/2026;02/07/2026;01/07/2026;Entregue No Prazo;;Entrega realizada;Entrega Finalizada;2;7;26;6;TRANSTRY;23004;Independência da Bahia;Estadual;BA
MOBIS BRASIL FABRICACAO DE AUTO PECAS LT;RODOVIARIO;1532432;26/06/2026;1;349521;26/06/2026;BARI VEICULOS LTDA;7,46E+12;JARAGUA DO SUL;SC;26/06/2026;02/07/2026;01/07/2026;Entregue No Prazo;;Entrega realizada;Entrega Finalizada;2;7;26;6;TRANSTRY;18024;Independência da Bahia;Estadual;BA
MOBIS BRASIL FABRICACAO DE AUTO PECAS LT;RODOVIARIO;1532448;26/06/2026;1;349506;26/06/2026;GOLDEN MOTORS VEICULOS LTDA;3,62E+12;ARACATUBA;SP;26/06/2026;02/07/2026;01/07/2026;Entregue No Prazo;;Entrega realizada;Entrega Finalizada;2;7;26;6;MVT;12001;Independência da Bahia;Estadual;BA
MOBIS BRASIL FABRICACAO DE AUTO PECAS LT;RODOVIARIO;1532454;26/06/2026;2;349505;26/06/2026;DESTAQUE SEUL DISTR DE VEIC PEC LTDA;2,12E+13;CARAGUATATUBA;SP;26/06/2026;02/07/2026;01/07/2026;Entregue No Prazo;;Entrega realizada;Entrega Finalizada;2;7;26;6;MVT;26082;Independência da Bahia;Estadual;BA
MOBIS BRASIL FABRICACAO DE AUTO PECAS LT;RODOVIARIO;1532399;26/06/2026;3;349531;26/06/2026;SANTA FE VEICULOS LTDA.;1,16E+13;FRANCISCO BELTRAO;PR;26/06/2026;03/07/2026;01/07/2026;Entregue No Prazo;;Entrega realizada;Entrega Finalizada;3;7;26;6;TRANSTRY;18010;;;
MOBIS BRASIL FABRICACAO DE AUTO PECAS LT;RODOVIARIO;1532400;26/06/2026;1;349531;26/06/2026;SANTA FE VEICULOS LTDA.;1,16E+13;FRANCISCO BELTRAO;PR;26/06/2026;03/07/2026;01/07/2026;Entregue No Prazo;;Entrega realizada;Entrega Finalizada;3;7;26;6;TRANSTRY;18010;;;
MOBIS BRASIL FABRICACAO DE AUTO PECAS LT;RODOVIARIO;1532415;26/06/2026;1;349545;26/06/2026;MONTREAL VEICULOS E PECAS LTDA;1,68E+13;MACAE;RJ;26/06/2026;03/07/2026;01/07/2026;Entregue No Prazo;;Entrega realizada;Entrega Finalizada;3;7;26;6;CAMILO;19030;;;
MOBIS BRASIL FABRICACAO DE AUTO PECAS LT;RODOVIARIO;1532422;26/06/2026;2;349527;26/06/2026;GALA COMERCIO DE VEICULOS LTDA.;1,77E+13;PELOTAS;RS;26/06/2026;03/07/2026;01/07/2026;Entregue No Prazo;;Entrega realizada;Entrega Finalizada;3;7;26;6;TRANSTRY;23009;;;
MOBIS BRASIL FABRICACAO DE AUTO PECAS LT;RODOVIARIO;1532424;26/06/2026;6;349515;26/06/2026;ATUAL VEICULOS LTDA;1,33E+13;ARARANGUA;SC;26/06/2026;03/07/2026;01/07/2026;Entregue No Prazo;;Entrega realizada;Entrega Finalizada;3;7;26;6;TRANSTRY;24001;;;
MOBIS BRASIL FABRICACAO DE AUTO PECAS LT;RODOVIARIO;1532425;26/06/2026;1;349513;26/06/2026;ATUAL VEICULOS LTDA;1,33E+13;CRICIUMA;SC;26/06/2026;03/07/2026;01/07/2026;Entregue No Prazo;;Entrega realizada;Entrega Finalizada;3;7;26;6;TRANSTRY;24001;;;
MOBIS BRASIL FABRICACAO DE AUTO PECAS LT;RODOVIARIO;1532426;26/06/2026;1;349514;26/06/2026;ATUAL VEICULOS LTDA;1,33E+13;TUBARAO;SC;26/06/2026;03/07/2026;01/07/2026;Entregue No Prazo;;Entrega realizada;Entrega Finalizada;3;7;26;6;TRANSTRY;24001;;;
MOBIS BRASIL FABRICACAO DE AUTO PECAS LT;RODOVIARIO;1532427;26/06/2026;1;349530;26/06/2026;LR COMERCIO DE VEICULOS LTDA;1,05E+13;SAO JOSE;SC;26/06/2026;03/07/2026;01/07/2026;Entregue No Prazo;;Entrega realizada;Entrega Finalizada;3;7;26;6;TRANSTRY;24007;;;
MOBIS BRASIL FABRICACAO DE AUTO PECAS LT;RODOVIARIO;1533283;27/06/2026;12;349728;27/06/2026;BARI VEICULOS LTDA;7,46E+12;PONTA GROSSA;PR;27/06/2026;03/07/2026;01/07/2026;Entregue No Prazo;;Entrega realizada;Entrega Finalizada;3;7;27;6;TRANSTRY;18024;;;
MOBIS BRASIL FABRICACAO DE AUTO PECAS LT;RODOVIARIO;1533285;27/06/2026;7;349746;27/06/2026;VETOR AUTOMOVEIS LTDA;2,12E+13;UMUARAMA;PR;27/06/2026;03/07/2026;01/07/2026;Entregue No Prazo;;Entrega realizada;Entrega Finalizada;3;7;27;6;TRANSTRY;18019;;;
MOBIS BRASIL FABRICACAO DE AUTO PECAS LT;RODOVIARIO;1533301;27/06/2026;2;349739;27/06/2026;HOUSE PARTS-COM. DE PCS. E VEICULOS LTDA;1,15E+13;PORTO ALEGRE;RS;27/06/2026;03/07/2026;01/07/2026;Entregue No Prazo;;Entrega realizada;Entrega Finalizada;3;7;27;6;TRANSTRY;23004;;;
MOBIS BRASIL FABRICACAO DE AUTO PECAS LT;RODOVIARIO;1533302;27/06/2026;2;349731;27/06/2026;CARWAY SUL VEICULOS LTDA;1,03E+13;CANOAS;RS;27/06/2026;03/07/2026;01/07/2026;Entregue No Prazo;;Entrega realizada;Entrega Finalizada;3;7;27;6;TRANSTRY;23003;;;
MOBIS BRASIL FABRICACAO DE AUTO PECAS LT;RODOVIARIO;1533333;27/06/2026;2;349714;27/06/2026;GOLDEN MOTORS VEICULOS LTDA;3,62E+12;PRESIDENTE PRUDENTE;SP;27/06/2026;03/07/2026;01/07/2026;Entregue No Prazo;;Entrega realizada;Entrega Finalizada;3;7;27;6;MVT;12001;;;
MOBIS BRASIL FABRICACAO DE AUTO PECAS LT;RODOVIARIO;1533340;27/06/2026;1;349711;27/06/2026;DESTAQUE SEUL DISTR DE VEIC PEC LTDA;2,12E+13;CARAGUATATUBA;SP;27/06/2026;03/07/2026;01/07/2026;Entregue No Prazo;;Entrega realizada;Entrega Finalizada;3;7;27;6;MVT;26082;;;
MOBIS BRASIL FABRICACAO DE AUTO PECAS LT;RODOVIARIO;1533690;27/06/2026;22;349731;27/06/2026;CARWAY SUL VEICULOS LTDA;1,03E+13;CANOAS;RS;27/06/2026;03/07/2026;01/07/2026;Entregue No Prazo;;Entrega realizada;Entrega Finalizada;3;7;27;6;TRANSTRY;23003;;;
MOBIS BRASIL FABRICACAO DE AUTO PECAS LT;RODOVIARIO;1532391;26/06/2026;6;349541;26/06/2026;GOLDEN MOTORS VEICULOS LTDA;3,62E+12;DOURADOS;MS;26/06/2026;06/07/2026;01/07/2026;Entregue No Prazo;Avaria;Entrega realizada;Entrega Finalizada;6;7;26;6;CARVALIMA;12001;;;
MOBIS BRASIL FABRICACAO DE AUTO PECAS LT;RODOVIARIO;1532423;26/06/2026;9;349525;26/06/2026;CHINHAN AUTOMOVEIS LTDA;2,41E+13;ERECHIM;RS;26/06/2026;06/07/2026;01/07/2026;Entregue No Prazo;;Entrega realizada;Entrega Finalizada;6;7;26;6;TRANSTRY;23019;;;
MOBIS BRASIL FABRICACAO DE AUTO PECAS LT;RODOVIARIO;1532949;26/06/2026;1;349493;26/06/2026;SAGA KOREA COM. DE VEIC. E PC. LTDA;1,27E+13;GOIANIA;GO;26/06/2026;06/07/2026;01/07/2026;Entregue No Prazo;;Entrega realizada;Entrega Finalizada;6;7;26;6;RIO VERMELHO;9011;;;
MOBIS BRASIL FABRICACAO DE AUTO PECAS LT;RODOVIARIO;1532968;26/06/2026;78;349493;26/06/2026;SAGA KOREA COM. DE VEIC. E PC. LTDA;1,27E+13;GOIANIA;GO;26/06/2026;06/07/2026;01/07/2026;Entregue No Prazo;;Entrega realizada;Entrega Finalizada;6;7;26;6;RIO VERMELHO;9011;;;
MOBIS BRASIL FABRICACAO DE AUTO PECAS LT;RODOVIARIO;1533281;27/06/2026;1;349748;27/06/2026;ZENDAI VEICULOS LTDA;1,97E+13;TOLEDO;PR;27/06/2026;06/07/2026;01/07/2026;Entregue No Prazo;;Entrega realizada;Entrega Finalizada;6;7;27;6;TRANSTRY;18016;;;
MOBIS BRASIL FABRICACAO DE AUTO PECAS LT;RODOVIARIO;1533306;27/06/2026;2;349738;27/06/2026;HOUSE PARTS COMERCIO DE PECAS E VEI;1,15E+13;CAXIAS DO SUL;RS;27/06/2026;06/07/2026;01/07/2026;Entregue No Prazo;;Entrega realizada;Entrega Finalizada;6;7;27;6;TRANSTRY;23023;;;
MOBIS BRASIL FABRICACAO DE AUTO PECAS LT;RODOVIARIO;1533307;27/06/2026;1;349721;27/06/2026;ATUAL VEICULOS LTDA;1,33E+13;ARARANGUA;SC;27/06/2026;06/07/2026;01/07/2026;Entregue No Prazo;;Entrega realizada;Entrega Finalizada;6;7;27;6;TRANSTRY;24001;;;
MOBIS BRASIL FABRICACAO DE AUTO PECAS LT;RODOVIARIO;1533308;27/06/2026;15;349722;27/06/2026;ATUAL VEICULOS LTDA;1,33E+13;CRICIUMA;SC;27/06/2026;06/07/2026;01/07/2026;Entregue No Prazo;;Entrega realizada;Entrega Finalizada;6;7;27;6;TRANSTRY;24001;;;
MOBIS BRASIL FABRICACAO DE AUTO PECAS LT;RODOVIARIO;1533309;27/06/2026;5;349722;27/06/2026;ATUAL VEICULOS LTDA;1,33E+13;CRICIUMA;SC;27/06/2026;06/07/2026;01/07/2026;Entregue No Prazo;;Entrega realizada;Entrega Finalizada;6;7;27;6;TRANSTRY;24001;;;
MOBIS BRASIL FABRICACAO DE AUTO PECAS LT;RODOVIARIO;1533310;27/06/2026;4;349723;27/06/2026;ATUAL VEICULOS LTDA;1,33E+13;TUBARAO;SC;27/06/2026;06/07/2026;01/07/2026;Entregue No Prazo;;Entrega realizada;Entrega Finalizada;6;7;27;6;TRANSTRY;24001;;;
MOBIS BRASIL FABRICACAO DE AUTO PECAS LT;RODOVIARIO;1533311;27/06/2026;1;349742;27/06/2026;LR COMERCIO DE VEICULOS LTDA;1,05E+13;SAO JOSE;SC;27/06/2026;06/07/2026;01/07/2026;Entregue No Prazo;;Entrega realizada;Entrega Finalizada;6;7;27;6;TRANSTRY;24007;;;
MOBIS BRASIL FABRICACAO DE AUTO PECAS LT;RODOVIARIO;1533312;27/06/2026;7;349742;27/06/2026;LR COMERCIO DE VEICULOS LTDA;1,05E+13;SAO JOSE;SC;27/06/2026;06/07/2026;01/07/2026;Entregue No Prazo;;Entrega realizada;Entrega Finalizada;6;7;27;6;TRANSTRY;24007;;;
MOBIS BRASIL FABRICACAO DE AUTO PECAS LT;RODOVIARIO;1533313;27/06/2026;1;349725;27/06/2026;BARI VEICULOS LTDA;7,46E+12;BLUMENAU;SC;27/06/2026;06/07/2026;01/07/2026;Entregue No Prazo;;Entrega realizada;Entrega Finalizada;6;7;27;6;TRANSTRY;18024;;;
MOBIS BRASIL FABRICACAO DE AUTO PECAS LT;RODOVIARIO;1533314;27/06/2026;16;349725;27/06/2026;BARI VEICULOS LTDA;7,46E+12;BLUMENAU;SC;27/06/2026;06/07/2026;01/07/2026;Entregue No Prazo;;Entrega realizada;Entrega Finalizada;6;7;27;6;TRANSTRY;18024;;;
MOBIS BRASIL FABRICACAO DE AUTO PECAS LT;RODOVIARIO;1533685;27/06/2026;5;349744;27/06/2026;SANTA FE VEICULOS LTDA.;1,16E+13;FRANCISCO BELTRAO;PR;27/06/2026;06/07/2026;01/07/2026;Entregue No Prazo;;Entrega realizada;Entrega Finalizada;6;7;27;6;TRANSTRY;18010;;;
MOBIS BRASIL FABRICACAO DE AUTO PECAS LT;RODOVIARIO;1533691;27/06/2026;2;349735;27/06/2026;GALA COMERCIO DE VEICULOS LTDA.;1,77E+13;PELOTAS;RS;27/06/2026;06/07/2026;01/07/2026;Entregue No Prazo;;Entrega realizada;Entrega Finalizada;6;7;27;6;TRANSTRY;23009;;;
MOBIS BRASIL FABRICACAO DE AUTO PECAS LT;RODOVIARIO;1533693;27/06/2026;1;349742;27/06/2026;LR COMERCIO DE VEICULOS LTDA;1,05E+13;SAO JOSE;SC;27/06/2026;06/07/2026;01/07/2026;Entregue No Prazo;;Entrega realizada;Entrega Finalizada;6;7;27;6;TRANSTRY;24007;;;
MOBIS BRASIL FABRICACAO DE AUTO PECAS LT;RODOVIARIO;1533694;27/06/2026;5;349725;27/06/2026;BARI VEICULOS LTDA;7,46E+12;BLUMENAU;SC;27/06/2026;06/07/2026;01/07/2026;Entregue No Prazo;;Entrega realizada;Entrega Finalizada;6;7;27;6;TRANSTRY;18024;;;
MOBIS BRASIL FABRICACAO DE AUTO PECAS LT;RODOVIARIO;1532392;26/06/2026;1;349549;26/06/2026;SAGA ASIA COM. DE VEIC.PC.E SERV. LTDA;2,23E+13;VARZEA GRANDE;MT;26/06/2026;07/07/2026;01/07/2026;Entregue No Prazo;;Entrega realizada;Entrega Finalizada;7;7;26;6;CARVALIMA;13004;;;
MOBIS BRASIL FABRICACAO DE AUTO PECAS LT;RODOVIARIO;1533304;27/06/2026;1;349732;27/06/2026;CHINHAN AUTOMOVEIS LTDA;2,41E+13;ERECHIM;RS;27/06/2026;07/07/2026;01/07/2026;Entregue No Prazo;;Entrega realizada;Entrega Finalizada;7;7;27;6;TRANSTRY;23019;;;
MOBIS BRASIL FABRICACAO DE AUTO PECAS LT;RODOVIARIO;1533305;27/06/2026;1;349743;27/06/2026;NAZARETH VEICULOS LTDA;9,30E+12;IJUI;RS;27/06/2026;07/07/2026;01/07/2026;Entregue No Prazo;;Entrega realizada;Entrega Finalizada;7;7;27;6;TRANSTRY;23021;;;
MOBIS BRASIL FABRICACAO DE AUTO PECAS LT;RODOVIARIO;1533692;27/06/2026;2;349743;27/06/2026;NAZARETH VEICULOS LTDA;9,30E+12;IJUI;RS;27/06/2026;07/07/2026;01/07/2026;Entregue No Prazo;;Entrega realizada;Entrega Finalizada;7;7;27;6;TRANSTRY;23021;;;
MOBIS BRASIL FABRICACAO DE AUTO PECAS LT;RODOVIARIO;1532372;26/06/2026;1;349548;26/06/2026;ORVEL AUTOMOTOR HYD LTDA;2,52E+13;TEIXEIRA DE FREITAS;BA;26/06/2026;13/07/2026;01/07/2026;Entregue No Prazo;;Entrega realizada;Entrega Finalizada;13;7;26;6;TERMACO;5011;;;
MOBIS BRASIL FABRICACAO DE AUTO PECAS LT;RODOVIARIO;1533320;27/06/2026;6;349760;29/06/2026;BILLY DISTRIBUIDORA DE VEICULOS LTDA;1,34E+13;BARUERI;SP;29/06/2026;01/07/2026;01/07/2026;Entregue No Prazo;;Entrega realizada;Entrega Finalizada;1;7;29;6;XD DIADEMA;26003;;;
MOBIS BRASIL FABRICACAO DE AUTO PECAS LT;RODOVIARIO;1533321;27/06/2026;6;349772;29/06/2026;NOBRE DISTRIBUIDORA DE VEICULOS E PECAS;5,76E+12;MOGI DAS CRUZES;SP;29/06/2026;01/07/2026;01/07/2026;Entregue No Prazo;;Entrega realizada;Entrega Finalizada;1;7;29;6;XD DIADEMA;26004;;;
MOBIS BRASIL FABRICACAO DE AUTO PECAS LT;RODOVIARIO;1533329;27/06/2026;3;349764;29/06/2026;CAOA MOTOR DO BRASIL LTDA (VL PRUDENTE);1,68E+13;SAO PAULO;SP;29/06/2026;01/07/2026;01/07/2026;Entregue No Prazo;;Entrega realizada;Entrega Finalizada;1;7;29;6;XD DIADEMA;26051;;;
MOBIS BRASIL FABRICACAO DE AUTO PECAS LT;RODOVIARIO;1533330;27/06/2026;10;349766;29/06/2026;CHS MOTORS VEICULOS PECAS(VL. GUILHERME);1,69E+13;SAO PAULO;SP;29/06/2026;01/07/2026;01/07/2026;Entregue No Prazo;;Entrega realizada;Entrega Finalizada;1;7;29;6;XD DIADEMA;26052;;;
MOBIS BRASIL FABRICACAO DE AUTO PECAS LT;RODOVIARIO;1533331;27/06/2026;6;349766;29/06/2026;CHS MOTORS VEICULOS PECAS(VL. GUILHERME);1,69E+13;SAO PAULO;SP;29/06/2026;01/07/2026;01/07/2026;Entregue No Prazo;;Entrega realizada;Entrega Finalizada;1;7;29;6;XD DIADEMA;26052;;;
MOBIS BRASIL FABRICACAO DE AUTO PECAS LT;RODOVIARIO;1533338;27/06/2026;1;349762;29/06/2026;CAOA MOTOR DO BRASIL LTDA (CONSOLACAO);1,68E+13;SAO PAULO;SP;29/06/2026;01/07/2026;01/07/2026;Entregue No Prazo;;Entrega realizada;Entrega Finalizada;1;7;29;6;XD DIADEMA;26076;;;
MOBIS BRASIL FABRICACAO DE AUTO PECAS LT;RODOVIARIO;1533339;27/06/2026;2;349773;29/06/2026;NOBRE SP DISTRIB. DE VEIC. E PEC. LTDA;1,70E+13;SAO PAULO;SP;29/06/2026;01/07/2026;01/07/2026;Entregue No Prazo;;Entrega realizada;Entrega Finalizada;1;7;29;6;XD DIADEMA;26081;;;
MOBIS BRASIL FABRICACAO DE AUTO PECAS LT;RODOVIARIO;1533343;27/06/2026;4;349763;29/06/2026;CAOA MOTOR DO BRASIL LTDA (INDIANOPOLIS);1,68E+13;SAO PAULO;SP;29/06/2026;01/07/2026;01/07/2026;Entregue No Prazo;;Entrega realizada;Entrega Finalizada;1;7;29;6;XD DIADEMA;26091;;;
MOBIS BRASIL FABRICACAO DE AUTO PECAS LT;RODOVIARIO;1533347;27/06/2026;3;349765;29/06/2026;CHS MOTORS VEICULOS PECAS E SERV. LTDA;1,69E+13;OSASCO;SP;29/06/2026;01/07/2026;01/07/2026;Entregue No Prazo;;Entrega realizada;Entrega Finalizada;1;7;29;6;XD DIADEMA;26106;;;
MOBIS BRASIL FABRICACAO DE AUTO PECAS LT;RODOVIARIO;1533698;27/06/2026;2;349769;29/06/2026;GRAND SPORT COM. DE VEIC. E PECAS LTDA;8,58E+12;GUARULHOS;SP;29/06/2026;01/07/2026;01/07/2026;Entregue No Prazo;;Entrega realizada;Entrega Finalizada;1;7;29;6;XD DIADEMA;26005;;;
MOBIS BRASIL FABRICACAO DE AUTO PECAS LT;RODOVIARIO;1533701;27/06/2026;5;349764;29/06/2026;CAOA MOTOR DO BRASIL LTDA (VL PRUDENTE);1,68E+13;SAO PAULO;SP;29/06/2026;01/07/2026;01/07/2026;Entregue No Prazo;;Entrega realizada;Entrega Finalizada;1;7;29;6;XD DIADEMA;26051;;;
MOBIS BRASIL FABRICACAO DE AUTO PECAS LT;RODOVIARIO;1533341;27/06/2026;4;349761;29/06/2026;CAOA MOTOR DO BRASIL LTDA;1,68E+13;SANTOS;SP;29/06/2026;02/07/2026;01/07/2026;Entregue No Prazo;;Entrega realizada;Entrega Finalizada;2;7;29;6;XD DIADEMA;5008;Independência da Bahia;Estadual;BA
MOBIS BRASIL FABRICACAO DE AUTO PECAS LT;RODOVIARIO;1533287;27/06/2026;6;349787;29/06/2026;AMX COM. E SERVICOS DE AUTOMOTORES LTDA;1,20E+13;RIO DE JANEIRO;RJ;29/06/2026;03/07/2026;01/07/2026;Entregue No Prazo;;Entrega realizada;Entrega Finalizada;3;7;29;6;CAMILO;19009;;;
MOBIS BRASIL FABRICACAO DE AUTO PECAS LT;RODOVIARIO;1533288;27/06/2026;3;349791;29/06/2026;CAOA MOTOR DO BRASIL LTDA;1,68E+13;RIO DE JANEIRO;RJ;29/06/2026;03/07/2026;01/07/2026;Entregue No Prazo;;Entrega realizada;Entrega Finalizada;3;7;29;6;CAMILO;5008;;;
MOBIS BRASIL FABRICACAO DE AUTO PECAS LT;RODOVIARIO;1533291;27/06/2026;1;349792;29/06/2026;CAOA MOTOR DO BRASIL LTDA;1,68E+13;RIO DE JANEIRO;RJ;29/06/2026;03/07/2026;01/07/2026;Entregue No Prazo;;Entrega realizada;Entrega Finalizada;3;7;29;6;CAMILO;5008;;;
MOBIS BRASIL FABRICACAO DE AUTO PECAS LT;RODOVIARIO;1533671;27/06/2026;1;349805;29/06/2026;ITAVEMA MOTORS VEICULOS LTDA;7,73E+12;DUQUE DE CAXIAS;RJ;29/06/2026;03/07/2026;01/07/2026;Entregue No Prazo;;Entrega realizada;Entrega Finalizada;3;7;29;6;CAMILO;19001;;;
MOBIS BRASIL FABRICACAO DE AUTO PECAS LT;RODOVIARIO;1533689;27/06/2026;1;349791;29/06/2026;CAOA MOTOR DO BRASIL LTDA;1,68E+13;RIO DE JANEIRO;RJ;29/06/2026;03/07/2026;01/07/2026;Entregue No Prazo;;Entrega realizada;Entrega Finalizada;3;7;29;6;CAMILO;5008;;;
MOBIS BRASIL FABRICACAO DE AUTO PECAS LT;RODOVIARIO;1533292;27/06/2026;4;349827;29/06/2026;TAI MOTORS VEICULOS S/A.;9,27E+12;CAMPOS DOS GOYTACAZES;RJ;29/06/2026;06/07/2026;01/07/2026;Entregue No Prazo;;Entrega realizada;Entrega Finalizada;6;7;29;6;CAMILO;19023;;;
MOBIS BRASIL FABRICACAO DE AUTO PECAS LT;RODOVIARIO;1533264;27/06/2026;1;349800;29/06/2026;GOLDEN MOTORS VEICULOS LTDA;3,62E+12;TRES LAGOAS;MS;29/06/2026;07/07/2026;01/07/2026;Entregue No Prazo;;Entrega realizada;Entrega Finalizada;7;7;29;6;CARVALIMA;12001;;;
MOBIS BRASIL FABRICACAO DE AUTO PECAS LT;RODOVIARIO;1534297;30/06/2026;2;349888;30/06/2026;GRAND SPORT COM. DE VEIC. E PECAS LTDA;8,58E+12;GUARULHOS;SP;30/06/2026;02/07/2026;01/07/2026;Entregue No Prazo;;Entrega realizada;Entrega Finalizada;2;7;30;6;XD DIADEMA;26005;Independência da Bahia;Estadual;BA
MOBIS BRASIL FABRICACAO DE AUTO PECAS LT;RODOVIARIO;1534304;30/06/2026;11;349877;30/06/2026;BILLY DISTRIBUIDORA DE VEICULOS LTDA;1,34E+13;SAO PAULO;SP;30/06/2026;02/07/2026;01/07/2026;Entregue No Prazo;;Entrega realizada;Entrega Finalizada;2;7;30;6;XD DIADEMA;26003;Independência da Bahia;Estadual;BA
MOBIS BRASIL FABRICACAO DE AUTO PECAS LT;RODOVIARIO;1534305;30/06/2026;2;349893;30/06/2026;NOBRE SP DISTRIB. DE VEIC. E PEC. LTDA;1,70E+13;SAO PAULO;SP;30/06/2026;02/07/2026;01/07/2026;Entregue No Prazo;;Entrega realizada;Entrega Finalizada;2;7;30;6;XD DIADEMA;26081;Independência da Bahia;Estadual;BA
MOBIS BRASIL FABRICACAO DE AUTO PECAS LT;RODOVIARIO;1534552;30/06/2026;41;349886;30/06/2026;CHS MOTORS VEICULOS PECAS(VL. GUILHERME);1,69E+13;SAO PAULO;SP;30/06/2026;02/07/2026;01/07/2026;Entregue No Prazo;;Entrega realizada;Entrega Finalizada;2;7;30;6;BV LOG;26052;Independência da Bahia;Estadual;BA
MOBIS BRASIL FABRICACAO DE AUTO PECAS LT;RODOVIARIO;1534555;30/06/2026;2;349877;30/06/2026;BILLY DISTRIBUIDORA DE VEICULOS LTDA;1,34E+13;SAO PAULO;SP;30/06/2026;02/07/2026;01/07/2026;Entregue No Prazo;;Entrega realizada;Entrega Finalizada;2;7;30;6;XD DIADEMA;26003;Independência da Bahia;Estadual;BA
MOBIS BRASIL FABRICACAO DE AUTO PECAS LT;RODOVIARIO;1534548;30/06/2026;1;349923;30/06/2026;ANDRETA II DISTRIBUIDORA DE VEIC. LTDA;9,10E+12;INDAIATUBA;SP;30/06/2026;03/07/2026;01/07/2026;Entregue No Prazo;;Entrega realizada;Entrega Finalizada;3;7;30;6;MVT;26011;;;
MOBIS BRASIL FABRICACAO DE AUTO PECAS LT;RODOVIARIO;1534549;30/06/2026;2;349924;30/06/2026;ANDRETA II DISTRIBUIDORA DE VEIC. LTDA;9,10E+12;AMERICANA;SP;30/06/2026;03/07/2026;01/07/2026;Entregue No Prazo;;Entrega realizada;Entrega Finalizada;3;7;30;6;MVT;26011;;;
MOBIS BRASIL FABRICACAO DE AUTO PECAS LT;RODOVIARIO;1534302;30/06/2026;16;349928;30/06/2026;H R B COMERCIO DE VEICULOS LTDA;1,82E+13;SAO JOSE DO RIO PRETO;SP;30/06/2026;06/07/2026;01/07/2026;Entregue No Prazo;;Entrega realizada;Entrega Finalizada;6;7;30;6;MVT;26050;;;
MOBIS BRASIL FABRICACAO DE AUTO PECAS LT;RODOVIARIO;1534307;30/06/2026;2;349878;30/06/2026;CAOA MOTOR DO BRASIL LTDA;1,68E+13;PRAIA GRANDE;SP;30/06/2026;06/07/2026;01/07/2026;Entregue No Prazo;;Entrega realizada;Entrega Finalizada;6;7;30;6;XD DIADEMA;5008;;;
MOBIS BRASIL FABRICACAO DE AUTO PECAS LT;RODOVIARIO;1534551;30/06/2026;6;349928;30/06/2026;H R B COMERCIO DE VEICULOS LTDA;1,82E+13;SAO JOSE DO RIO PRETO;SP;30/06/2026;06/07/2026;01/07/2026;Entregue No Prazo;;Entrega realizada;Entrega Finalizada;6;7;30;6;MVT;26050;;;
MOBIS BRASIL FABRICACAO DE AUTO PECAS LT;RODOVIARIO;1534559;30/06/2026;4;349926;30/06/2026;H - CAMINHO AUTOMOVEIS LTDA;2,53E+13;PIRACICABA;SP;30/06/2026;06/07/2026;01/07/2026;Entregue No Prazo;;Entrega realizada;Entrega Finalizada;6;7;30;6;MVT;26092;;;
MOBIS BRASIL FABRICACAO DE AUTO PECAS LT;RODOVIARIO;1534300;30/06/2026;13;350222;01/07/2026;GRAND SPORT COM. DE VEIC. E PECAS LTDA;8,58E+12;SAO PAULO;SP;01/07/2026;03/07/2026;01/07/2026;Entregue No Prazo;;Entrega realizada;Entrega Finalizada;3;7;1;7;BV LOG;26034;;;
MOBIS BRASIL FABRICACAO DE AUTO PECAS LT;RODOVIARIO;1534308;30/06/2026;9;350224;01/07/2026;GRANDAY AUTOMOTORES LTDA (CHAC. CALIFOR);1,57E+13;SAO PAULO;SP;01/07/2026;03/07/2026;01/07/2026;Entregue No Prazo;;Entrega realizada;Entrega Finalizada;3;7;1;7;BV LOG;26090;;;
MOBIS BRASIL FABRICACAO DE AUTO PECAS LT;RODOVIARIO;1534545;30/06/2026;2;350222;01/07/2026;GRAND SPORT COM. DE VEIC. E PECAS LTDA;8,58E+12;SAO PAULO;SP;01/07/2026;03/07/2026;01/07/2026;Entregue No Prazo;;Entrega realizada;Entrega Finalizada;3;7;1;7;BV LOG;26034;;;
MOBIS BRASIL FABRICACAO DE AUTO PECAS LT;RODOVIARIO;1534557;30/06/2026;9;350224;01/07/2026;GRANDAY AUTOMOTORES LTDA (CHAC. CALIFOR);1,57E+13;SAO PAULO;SP;01/07/2026;03/07/2026;01/07/2026;Entregue No Prazo;;Entrega realizada;Entrega Finalizada;3;7;1;7;BV LOG;26090;;;
MOBIS BRASIL FABRICACAO DE AUTO PECAS LT;RODOVIARIO;1534585;30/06/2026;4;350223;01/07/2026;CAOA MOTOR DO BRASIL LTDA (VL PRUDENTE);1,68E+13;SAO PAULO;SP;01/07/2026;03/07/2026;01/07/2026;Entregue No Prazo;;Entrega realizada;Entrega Finalizada;3;7;1;7;BV LOG;26051;;;
MOBIS BRASIL FABRICACAO DE AUTO PECAS LT;RODOVIARIO;1534586;30/06/2026;6;350221;01/07/2026;CHS MOTORS VEICULOS PECAS(VL. GUILHERME);1,69E+13;SAO PAULO;SP;01/07/2026;03/07/2026;01/07/2026;Entregue No Prazo;;Entrega realizada;Entrega Finalizada;3;7;1;7;BV LOG;26052;;;
MOBIS BRASIL FABRICACAO DE AUTO PECAS LT;RODOVIARIO;1534542;30/06/2026;1;350228;01/07/2026;ANDRETA II DISTRIBUIDORA DE VEIC. LTDA;9,10E+12;CAMPINAS;SP;01/07/2026;06/07/2026;01/07/2026;Entregue No Prazo;;Entrega realizada;Entrega Finalizada;6;7;1;7;BV LOG;26011;;;
MOBIS BRASIL FABRICACAO DE AUTO PECAS LT;RODOVIARIO;1534543;30/06/2026;43;350228;01/07/2026;ANDRETA II DISTRIBUIDORA DE VEIC. LTDA;9,10E+12;CAMPINAS;SP;01/07/2026;06/07/2026;01/07/2026;Entregue No Prazo;;Entrega realizada;Entrega Finalizada;6;7;1;7;BV LOG;26011;;;
MOBIS BRASIL FABRICACAO DE AUTO PECAS LT;RODOVIARIO;1534601;30/06/2026;25;350229;01/07/2026;DESTAQUE SEUL DISTR. DE VEIC. E PC. LTDA;2,12E+13;ATIBAIA;SP;01/07/2026;06/07/2026;01/07/2026;Entregue No Prazo;;Entrega realizada;Entrega Finalizada;6;7;1;7;BV LOG;26075;;;
MOBIS BRASIL FABRICACAO DE AUTO PECAS LT;RODOVIARIO;1521964;09/06/2026;1;346394;09/06/2026;NOBRE DISTRIBUIDORA DE VEIC. E PEC. LTDA;5,76E+12;SUZANO;SP;09/06/2026;11/06/2026;02/07/2026;Entregue Fora do Prazo;;Entrega realizada;Entrega Finalizada;11;6;9;6;XD DIADEMA;26103;;;
MOBIS BRASIL FABRICACAO DE AUTO PECAS LT;RODOVIARIO;1526321;16/06/2026;1;347717;16/06/2026;UNIQUE BOA VISTA COM. DE AUTOMOVEIS LTDA;3,48E+13;BOA VISTA;RR;16/06/2026;14/07/2026;02/07/2026;Entregue No Prazo;;Entrega realizada;Entrega Finalizada;14;7;16;6;CARVALIMA;22002;Aniversário do Município;Campinas;SP
MOBIS BRASIL FABRICACAO DE AUTO PECAS LT; RODOVIARIO;1528976;19/06/2026;22;348366;19/06/2026;PATEO COMERCIO DE VEICULOS S A;7,78E+12;SAO LUIS;MA;19/06/2026;06/07/2026;02/07/2026;Entregue No Prazo;;Entrega realizada;Entrega Finalizada;6;7;19;6;TERMACO;10002;;;
MOBIS BRASIL FABRICACAO DE AUTO PECAS LT; RODOVIARIO;1528990;19/06/2026;2;348361;19/06/2026;JPN COMERCIO DE AUTOMOVEIS LTDA;2,61E+13;GARANHUNS;PE;19/06/2026;07/07/2026;02/07/2026;Entregue No Prazo;;Entrega realizada;Entrega Finalizada;7;7;19;6;TERMACO;16009;;;
MOBIS BRASIL FABRICACAO DE AUTO PECAS LT; RODOVIARIO;1529005;19/06/2026;2;348374;19/06/2026;UNIQUE BOA VISTA COM. DE AUTOMOVEIS LTDA;3,48E+13;BOA VISTA;RR;19/06/2026;17/07/2026;02/07/2026;Entregue No Prazo;;Entrega realizada;Entrega Finalizada;17;7;19;6;CARVALIMA;22002;;;
MOBIS BRASIL FABRICACAO DE AUTO PECAS LT;RODOVIARIO;1529667;22/06/2026;3;348608;22/06/2026;CYCOSA AUTOMOVEIS LTDA;4,76E+12;MACEIO;AL;22/06/2026;06/07/2026;02/07/2026;Entregue No Prazo;;Entrega realizada;Entrega Finalizada;6;7;22;6;TERMACO;2001;;;
MOBIS BRASIL FABRICACAO DE AUTO PECAS LT;RODOVIARIO;1529767;22/06/2026;2;348555;22/06/2026;PRIVILLEGE DISTRIBUIDORA DE VEICULOS LTD;1,72E+13;ARAGUAINA;TO;22/06/2026;06/07/2026;02/07/2026;Entregue No Prazo;;Entrega realizada;Entrega Finalizada;6;7;22;6;RIO VERMELHO;27002;;;
MOBIS BRASIL FABRICACAO DE AUTO PECAS LT;RODOVIARIO;1529668;22/06/2026;2;348617;22/06/2026;JPN COMERCIO DE VEICULOS LTDA;3,20E+13;ARAPIRACA;AL;22/06/2026;08/07/2026;02/07/2026;Entregue No Prazo;;Entrega realizada;Entrega Finalizada;8;7;22;6;TERMACO;2003;Emancipação Política de Sergipe;Estadual;SE
MOBIS BRASIL FABRICACAO DE AUTO PECAS LT;RODOVIARIO;1529700;22/06/2026;1;348616;22/06/2026;JPN COMERCIO DE AUTOMOVEIS LTDA;2,61E+13;GARANHUNS;PE;22/06/2026;08/07/2026;02/07/2026;Entregue No Prazo;;Entrega realizada;Entrega Finalizada;8;7;22;6;TERMACO;16009;Emancipação Política de Sergipe;Estadual;SE
MOBIS BRASIL FABRICACAO DE AUTO PECAS LT;RODOVIARIO;1530410;23/06/2026;20;348866;23/06/2026;UNIQUE COMERCIO DE AUTOMOVEIS LTDA;1,74E+13;ANANINDEUA;PA;23/06/2026;06/07/2026;02/07/2026;Entregue No Prazo;;Entrega realizada;Entrega Finalizada;6;7;23;6;CARVALIMA;14003;;;
MOBIS BRASIL FABRICACAO DE AUTO PECAS LT;RODOVIARIO;1530384;23/06/2026;1;348849;23/06/2026;FAZZA MOTORS COM. DE VEICULOS LTDA;1,24E+13;FORTALEZA;CE;23/06/2026;07/07/2026;02/07/2026;Entregue No Prazo;;Entrega realizada;Entrega Finalizada;7;7;23;6;TERMACO;6001;;;
MOBIS BRASIL FABRICACAO DE AUTO PECAS LT;RODOVIARIO;1530385;23/06/2026;1;348851;23/06/2026;FAZZA MOTORS COMERCIO DE VEICULOS LTDA;1,24E+13;FORTALEZA;CE;23/06/2026;07/07/2026;02/07/2026;Entregue No Prazo;;Entrega realizada;Entrega Finalizada;7;7;23;6;TERMACO;5007;;;
MOBIS BRASIL FABRICACAO DE AUTO PECAS LT;RODOVIARIO;1531304;24/06/2026;2;349178;24/06/2026;COMETA MATO GROSSO COM. DE VEICULOS LTDA;1,54E+13;SINOP;MT;24/06/2026;06/07/2026;02/07/2026;Entregue No Prazo;;Entrega realizada;Entrega Finalizada;6;7;24;6;CARVALIMA;13003;;;
MOBIS BRASIL FABRICACAO DE AUTO PECAS LT;RODOVIARIO;1531313;24/06/2026;2;349183;24/06/2026;GREEN CITY VEICULOS LTDA;2,10E+13;TERESINA;PI;24/06/2026;10/07/2026;02/07/2026;Entregue No Prazo;;Entrega realizada;Entrega Finalizada;10;7;24;6;TERMACO;17002;;;
MOBIS BRASIL FABRICACAO DE AUTO PECAS LT;RODOVIARIO;1531785;25/06/2026;87;349303;25/06/2026;VIA BRASIL AUTOMOVEIS LTDA.;4,72E+12;SERRA;ES;25/06/2026;02/07/2026;02/07/2026;Entregue No Prazo;;Entrega realizada;Entrega Finalizada;2;7;25;6;CAMILO;8001;Independência da Bahia;Estadual;BA
MOBIS BRASIL FABRICACAO DE AUTO PECAS LT;RODOVIARIO;1531781;25/06/2026;2;349250;25/06/2026;SMAFF IMPORT VEICULOS LTDA;8,18E+12;BRASILIA;DF;25/06/2026;03/07/2026;02/07/2026;Entregue No Prazo;;Entrega realizada;Entrega Finalizada;3;7;25;6;RIO VERMELHO;7002;;;
MOBIS BRASIL FABRICACAO DE AUTO PECAS LT;RODOVIARIO;1531782;25/06/2026;7;349250;25/06/2026;SMAFF IMPORT VEICULOS LTDA;8,18E+12;BRASILIA;DF;25/06/2026;03/07/2026;02/07/2026;Entregue No Prazo;;Entrega realizada;Entrega Finalizada;3;7;25;6;RIO VERMELHO;7002;;;
MOBIS BRASIL FABRICACAO DE AUTO PECAS LT;RODOVIARIO;1531784;25/06/2026;37;349247;25/06/2026;SAGA KOREA COM. DE VEIC. E PC. LTDA;1,27E+13;BRASILIA;DF;25/06/2026;03/07/2026;02/07/2026;Entregue No Prazo;;Entrega realizada;Entrega Finalizada;3;7;25;6;RIO VERMELHO;7005;;;
MOBIS BRASIL FABRICACAO DE AUTO PECAS LT;RODOVIARIO;1531791;25/06/2026;9;349244;25/06/2026;NISA COMERCIAL DE VEIC. AUTOMOTORES LTDA;1,03E+13;APARECIDA DE GOIANIA;GO;25/06/2026;03/07/2026;02/07/2026;Entregue No Prazo;;Entrega realizada;Entrega Finalizada;3;7;25;6;RIO VERMELHO;9002;;;
MOBIS BRASIL FABRICACAO DE AUTO PECAS LT;RODOVIARIO;1531842;25/06/2026;1;349318;25/06/2026;HOUSE PARTS - COM. DE PECAS E VEIC. LTDA;1,15E+13;LAJEADO;RS;25/06/2026;03/07/2026;02/07/2026;Entregue No Prazo;;Entrega realizada;Entrega Finalizada;3;7;25;6;TRANSTRY;23018;;;
MOBIS BRASIL FABRICACAO DE AUTO PECAS LT;RODOVIARIO;1532012;25/06/2026;1;349249;25/06/2026;SAGA KOREA COM. DE VEIC. E PC. LTDA;1,27E+13;GOIANIA;GO;25/06/2026;03/07/2026;02/07/2026;Entregue No Prazo;;Entrega realizada;Entrega Finalizada;3;7;25;6;RIO VERMELHO;9011;;;
MOBIS BRASIL FABRICACAO DE AUTO PECAS LT;RODOVIARIO;1532013;25/06/2026;7;349249;25/06/2026;SAGA KOREA COM. DE VEIC. E PC. LTDA;1,27E+13;GOIANIA;GO;25/06/2026;03/07/2026;02/07/2026;Entregue No Prazo;;Entrega realizada;Entrega Finalizada;3;7;25;6;RIO VERMELHO;9011;;;
MOBIS BRASIL FABRICACAO DE AUTO PECAS LT;RODOVIARIO;1531792;25/06/2026;1;349253;25/06/2026;URCA MOTORS VEICULOS LTDA;8,77E+12;RIO VERDE;GO;25/06/2026;07/07/2026;02/07/2026;Entregue No Prazo;;Entrega realizada;Entrega Finalizada;7;7;25;6;RIO VERMELHO;9014;;;
MOBIS BRASIL FABRICACAO DE AUTO PECAS LT;RODOVIARIO;1531812;25/06/2026;1;349302;25/06/2026;UNIQUE COMERCIO DE AUTOMOVEIS LTDA;1,74E+13;ANANINDEUA;PA;25/06/2026;08/07/2026;02/07/2026;Entregue No Prazo;;Entrega realizada;Entrega Finalizada;8;7;25;6;CARVALIMA;14003;Emancipação Política de Sergipe;Estadual;SE
MOBIS BRASIL FABRICACAO DE AUTO PECAS LT;RODOVIARIO;1531771;25/06/2026;5;349271;25/06/2026;CYCOSA AUTOMOVEIS LTDA;4,76E+12;MACEIO;AL;25/06/2026;09/07/2026;02/07/2026;Entregue No Prazo;;Entrega realizada;Entrega Finalizada;9;7;25;6;TERMACO;2001;Revolução Constitucionalista de 1932;Estadual;SP
MOBIS BRASIL FABRICACAO DE AUTO PECAS LT;RODOVIARIO;1532403;26/06/2026;2;349533;26/06/2026;VETOR AUTOMOVEIS LTDA;2,12E+13;CASCAVEL;PR;26/06/2026;02/07/2026;02/07/2026;Entregue No Prazo;;Entrega realizada;Entrega Finalizada;2;7;26;6;TRANSTRY;18019;Independência da Bahia;Estadual;BA
MOBIS BRASIL FABRICACAO DE AUTO PECAS LT;RODOVIARIO;1532421;26/06/2026;1;349524;26/06/2026;CARWAY SUL VEICULOS LTDA;1,03E+13;CANOAS;RS;26/06/2026;02/07/2026;02/07/2026;Entregue No Prazo;;Entrega realizada;Entrega Finalizada;2;7;26;6;TRANSTRY;23003;Independência da Bahia;Estadual;BA
MOBIS BRASIL FABRICACAO DE AUTO PECAS LT;RODOVIARIO;1532455;26/06/2026;1;349480;26/06/2026;CAOA MOTOR DO BRASIL LTDA;1,68E+13;PRAIA GRANDE;SP;26/06/2026;02/07/2026;02/07/2026;Entregue No Prazo;;Entrega realizada;Entrega Finalizada;2;7;26;6;XD DIADEMA;5008;Independência da Bahia;Estadual;BA
MOBIS BRASIL FABRICACAO DE AUTO PECAS LT;RODOVIARIO;1532428;26/06/2026;5;349518;26/06/2026;BARI VEICULOS LTDA;7,46E+12;BLUMENAU;SC;26/06/2026;03/07/2026;02/07/2026;Entregue No Prazo;;Entrega realizada;Entrega Finalizada;3;7;26;6;TRANSTRY;18024;;;
MOBIS BRASIL FABRICACAO DE AUTO PECAS LT;RODOVIARIO;1532429;26/06/2026;36;349518;26/06/2026;BARI VEICULOS LTDA;7,46E+12;BLUMENAU;SC;26/06/2026;03/07/2026;02/07/2026;Entregue No Prazo;;Entrega realizada;Entrega Finalizada;3;7;26;6;TRANSTRY;18024;;;
MOBIS BRASIL FABRICACAO DE AUTO PECAS LT;RODOVIARIO;1533279;27/06/2026;1;349740;27/06/2026;LOVAT VEICULOS S/A;8,57E+12;MARINGA;PR;27/06/2026;03/07/2026;02/07/2026;Entregue No Prazo;;Entrega realizada;Entrega Finalizada;3;7;27;6;TRANSTRY;18008;;;
MOBIS BRASIL FABRICACAO DE AUTO PECAS LT;RODOVIARIO;1533282;27/06/2026;1;349726;27/06/2026;BARI VEICULOS LTDA;7,46E+12;GUARAPUAVA;PR;27/06/2026;03/07/2026;02/07/2026;Entregue No Prazo;;Entrega realizada;Entrega Finalizada;3;7;27;6;TRANSTRY;18024;;;
MOBIS BRASIL FABRICACAO DE AUTO PECAS LT;RODOVIARIO;1533316;27/06/2026;1;349730;27/06/2026;BARI VEICULOS LTDA.;7,46E+12;ITAJAI;SC;27/06/2026;03/07/2026;02/07/2026;Entregue No Prazo;;Entrega realizada;Entrega Finalizada;3;7;27;6;TRANSTRY;24014;;;
MOBIS BRASIL FABRICACAO DE AUTO PECAS LT;RODOVIARIO;1533684;27/06/2026;1;349740;27/06/2026;LOVAT VEICULOS S/A;8,57E+12;MARINGA;PR;27/06/2026;03/07/2026;02/07/2026;Entregue No Prazo;;Entrega realizada;Entrega Finalizada;3;7;27;6;TRANSTRY;18008;;;
MOBIS BRASIL FABRICACAO DE AUTO PECAS LT;RODOVIARIO;1533687;27/06/2026;8;349724;27/06/2026;BARI VEICULOS LTDA;7,46E+12;SAO JOSE DOS PINHAIS;PR;27/06/2026;03/07/2026;02/07/2026;Entregue No Prazo;;Entrega realizada;Entrega Finalizada;3;7;27;6;TRANSTRY;18024;;;
MOBIS BRASIL FABRICACAO DE AUTO PECAS LT;RODOVIARIO;1532375;26/06/2026;34;349494;26/06/2026;SMAFF IMPORT VEICULOS LTDA;8,18E+12;BRASILIA;DF;26/06/2026;06/07/2026;02/07/2026;Entregue No Prazo;;Entrega realizada;Entrega Finalizada;6;7;26;6;RIO VERMELHO;7002;;;
MOBIS BRASIL FABRICACAO DE AUTO PECAS LT;RODOVIARIO;1532376;26/06/2026;4;349492;26/06/2026;SAGA KOREA COM. DE VEIC. E PC. LTDA;1,27E+13;BRASILIA;DF;26/06/2026;06/07/2026;02/07/2026;Entregue No Prazo;;Entrega realizada;Entrega Finalizada;6;7;26;6;RIO VERMELHO;7005;;;
MOBIS BRASIL FABRICACAO DE AUTO PECAS LT;RODOVIARIO;1532431;26/06/2026;4;349517;26/06/2026;BARI VEICULOS LTDA;7,46E+12;BALNEARIO CAMBORIU;SC;26/06/2026;06/07/2026;02/07/2026;Entregue No Prazo;;Entrega realizada;Entrega Finalizada;6;7;26;6;TRANSTRY;18024;;;
MOBIS BRASIL FABRICACAO DE AUTO PECAS LT;RODOVIARIO;1532380;26/06/2026;2;349500;26/06/2026;URCA MOTORS VEICULOS LTDA;8,77E+12;RIO VERDE;GO;26/06/2026;08/07/2026;02/07/2026;Entregue No Prazo;;Entrega realizada;Entrega Finalizada;8;7;26;6;RIO VERMELHO;9014;Emancipação Política de Sergipe;Estadual;SE
MOBIS BRASIL FABRICACAO DE AUTO PECAS LT;RODOVIARIO;1532394;26/06/2026;3;349557;26/06/2026;UNIQUE COMERCIO DE AUTOMOVEIS LTDA;1,74E+13;ANANINDEUA;PA;26/06/2026;09/07/2026;02/07/2026;Entregue No Prazo;;Entrega realizada;Entrega Finalizada;9;7;26;6;CARVALIMA;14003;Revolução Constitucionalista de 1932;Estadual;SP
MOBIS BRASIL FABRICACAO DE AUTO PECAS LT;RODOVIARIO;1532395;26/06/2026;3;349557;26/06/2026;UNIQUE COMERCIO DE AUTOMOVEIS LTDA;1,74E+13;ANANINDEUA;PA;26/06/2026;09/07/2026;02/07/2026;Entregue No Prazo;;Entrega realizada;Entrega Finalizada;9;7;26;6;CARVALIMA;14003;Revolução Constitucionalista de 1932;Estadual;SP
MOBIS BRASIL FABRICACAO DE AUTO PECAS LT;RODOVIARIO;1532396;26/06/2026;2;349546;26/06/2026;NACIONAL NOVA MARABA DIST DE VEIC. LTDA;1,70E+13;MARABA;PA;26/06/2026;10/07/2026;02/07/2026;Entregue No Prazo;;Entrega realizada;Entrega Finalizada;10;7;26;6;CARVALIMA;14005;;;
MOBIS BRASIL FABRICACAO DE AUTO PECAS LT;RODOVIARIO;1532374;26/06/2026;1;349552;26/06/2026;SAINT LAND COMERCIO DE VEICULOS LTDA;1,04E+13;JUAZEIRO DO NORTE;CE;26/06/2026;14/07/2026;02/07/2026;Entregue No Prazo;;Entrega realizada;Entrega Finalizada;14;7;26;6;TERMACO;6010;Aniversário do Município;Campinas;SP
MOBIS BRASIL FABRICACAO DE AUTO PECAS LT;RODOVIARIO;1533289;27/06/2026;1;349806;29/06/2026;ITAVEMA MOTORS VEICULOS LTDA;7,73E+12;RIO DE JANEIRO;RJ;29/06/2026;03/07/2026;02/07/2026;Entregue No Prazo;;Entrega realizada;Entrega Finalizada;3;7;29;6;CAMILO;19001;;;
MOBIS BRASIL FABRICACAO DE AUTO PECAS LT;RODOVIARIO;1533290;27/06/2026;16;349806;29/06/2026;ITAVEMA MOTORS VEICULOS LTDA;7,73E+12;RIO DE JANEIRO;RJ;29/06/2026;03/07/2026;02/07/2026;Entregue No Prazo;;Entrega realizada;Entrega Finalizada;3;7;29;6;CAMILO;19001;;;
MOBIS BRASIL FABRICACAO DE AUTO PECAS LT;RODOVIARIO;1533245;27/06/2026;26;349830;29/06/2026;VIA BRASIL AUTOMOVEIS LTDA.;4,72E+12;SERRA;ES;29/06/2026;06/07/2026;02/07/2026;Entregue No Prazo;;Entrega realizada;Entrega Finalizada;6;7;29;6;CAMILO;8001;;;
MOBIS BRASIL FABRICACAO DE AUTO PECAS LT;RODOVIARIO;1533294;27/06/2026;3;349810;29/06/2026;MONTREAL VEICULOS E PECAS LTDA;1,68E+13;SAO PEDRO DA ALDEIA;RJ;29/06/2026;06/07/2026;02/07/2026;Entregue No Prazo;;Entrega realizada;Entrega Finalizada;6;7;29;6;CAMILO;19030;;;
MOBIS BRASIL FABRICACAO DE AUTO PECAS LT;RODOVIARIO;1533295;27/06/2026;3;349810;29/06/2026;MONTREAL VEICULOS E PECAS LTDA;1,68E+13;SAO PEDRO DA ALDEIA;RJ;29/06/2026;06/07/2026;02/07/2026;Entregue No Prazo;;Entrega realizada;Entrega Finalizada;6;7;29;6;CAMILO;19030;;;
MOBIS BRASIL FABRICACAO DE AUTO PECAS LT;RODOVIARIO;1534296;30/06/2026;1;349892;30/06/2026;NOBRE DISTRIBUIDORA DE VEICULOS E PECAS;5,76E+12;MOGI DAS CRUZES;SP;30/06/2026;02/07/2026;02/07/2026;Entregue No Prazo;;Entrega realizada;Entrega Finalizada;2;7;30;6;XD DIADEMA;26004;Independência da Bahia;Estadual;BA
MOBIS BRASIL FABRICACAO DE AUTO PECAS LT;RODOVIARIO;1534541;30/06/2026;1;349892;30/06/2026;NOBRE DISTRIBUIDORA DE VEICULOS E PECAS;5,76E+12;MOGI DAS CRUZES;SP;30/06/2026;02/07/2026;02/07/2026;Entregue No Prazo;;Entrega realizada;Entrega Finalizada;2;7;30;6;XD DIADEMA;26004;Independência da Bahia;Estadual;BA
MOBIS BRASIL FABRICACAO DE AUTO PECAS LT;RODOVIARIO;1534299;30/06/2026;41;349930;30/06/2026;NEW VEICULOS E PECAS LTDA;1,59E+13;RIBEIRAO PRETO;SP;30/06/2026;03/07/2026;02/07/2026;Entregue No Prazo;;Entrega realizada;Entrega Finalizada;3;7;30;6;MVT;26014;;;
MOBIS BRASIL FABRICACAO DE AUTO PECAS LT;RODOVIARIO;1534510;30/06/2026;1;350106;30/06/2026;SEVEC VEICULOS LTDA;5,68E+11;CURITIBA;PR;30/06/2026;03/07/2026;02/07/2026;Entregue No Prazo;;Entrega realizada;Entrega Finalizada;3;7;30;6;TRANSTRY;18012;;;
MOBIS BRASIL FABRICACAO DE AUTO PECAS LT;RODOVIARIO;1534513;30/06/2026;11;350088;30/06/2026;BARI VEICULOS LTDA;7,46E+12;CURITIBA;PR;30/06/2026;03/07/2026;02/07/2026;Entregue No Prazo;;Entrega realizada;Entrega Finalizada;3;7;30;6;TRANSTRY;18024;;;
MOBIS BRASIL FABRICACAO DE AUTO PECAS LT;RODOVIARIO;1534544;30/06/2026;44;349930;30/06/2026;NEW VEICULOS E PECAS LTDA;1,59E+13;RIBEIRAO PRETO;SP;30/06/2026;03/07/2026;02/07/2026;Entregue No Prazo;Avaria;Entrega realizada;Entrega Finalizada;3;7;30;6;MVT;26014;;;
MOBIS BRASIL FABRICACAO DE AUTO PECAS LT;RODOVIARIO;1534547;30/06/2026;3;349922;30/06/2026;ANDRETA II DISTRIB.DE VEICULOS LTDA.;9,10E+12;JUNDIAI;SP;30/06/2026;03/07/2026;02/07/2026;Entregue No Prazo;;Entrega realizada;Entrega Finalizada;3;7;30;6;MVT;26040;;;
MOBIS BRASIL FABRICACAO DE AUTO PECAS LT;RODOVIARIO;1534560;30/06/2026;7;349927;30/06/2026;H - CAMINHO AUTOMOVEIS LTDA;2,53E+13;LIMEIRA;SP;30/06/2026;03/07/2026;02/07/2026;Entregue No Prazo;;Entrega realizada;Entrega Finalizada;3;7;30;6;MVT;26092;;;
MOBIS BRASIL FABRICACAO DE AUTO PECAS LT;RODOVIARIO;1534277;30/06/2026;1;350103;30/06/2026;LOVAT VEICULOS S/A;8,57E+12;LONDRINA;PR;30/06/2026;06/07/2026;02/07/2026;Entregue No Prazo;;Entrega realizada;Entrega Finalizada;6;7;30;6;TRANSTRY;18008;;;
MOBIS BRASIL FABRICACAO DE AUTO PECAS LT;RODOVIARIO;1534279;30/06/2026;7;350090;30/06/2026;BARI VEICULOS LTDA;7,46E+12;PONTA GROSSA;PR;30/06/2026;06/07/2026;02/07/2026;Entregue No Prazo;;Entrega realizada;Entrega Finalizada;6;7;30;6;TRANSTRY;18024;;;
MOBIS BRASIL FABRICACAO DE AUTO PECAS LT;RODOVIARIO;1534293;30/06/2026;2;350093;30/06/2026;BARI VEICULOS LTDA.;7,46E+12;ITAJAI;SC;30/06/2026;06/07/2026;02/07/2026;Entregue No Prazo;;Entrega realizada;Entrega Finalizada;6;7;30;6;TRANSTRY;24014;;;
MOBIS BRASIL FABRICACAO DE AUTO PECAS LT;RODOVIARIO;1534303;30/06/2026;3;349931;30/06/2026;NEW VEICULOS E PECAS LTDA.;1,59E+13;ARARAQUARA;SP;30/06/2026;06/07/2026;02/07/2026;Entregue No Prazo;;Entrega realizada;Entrega Finalizada;6;7;30;6;MVT;26071;;;
MOBIS BRASIL FABRICACAO DE AUTO PECAS LT;RODOVIARIO;1534508;30/06/2026;11;350103;30/06/2026;LOVAT VEICULOS S/A;8,57E+12;LONDRINA;PR;30/06/2026;06/07/2026;02/07/2026;Entregue No Prazo;;Entrega realizada;Entrega Finalizada;6;7;30;6;TRANSTRY;18008;;;
MOBIS BRASIL FABRICACAO DE AUTO PECAS LT;RODOVIARIO;1534512;30/06/2026;7;350090;30/06/2026;BARI VEICULOS LTDA;7,46E+12;PONTA GROSSA;PR;30/06/2026;06/07/2026;02/07/2026;Entregue No Prazo;;Entrega realizada;Entrega Finalizada;6;7;30;6;TRANSTRY;18024;;;
MOBIS BRASIL FABRICACAO DE AUTO PECAS LT;RODOVIARIO;1534533;30/06/2026;6;350094;30/06/2026;BARI VEICULOS LTDA.;7,46E+12;JOINVILLE;SC;30/06/2026;06/07/2026;02/07/2026;Entregue No Prazo;;Entrega realizada;Entrega Finalizada;6;7;30;6;TRANSTRY;24013;;;
MOBIS BRASIL FABRICACAO DE AUTO PECAS LT;RODOVIARIO;1534534;30/06/2026;3;350093;30/06/2026;BARI VEICULOS LTDA.;7,46E+12;ITAJAI;SC;30/06/2026;06/07/2026;02/07/2026;Entregue No Prazo;;Entrega realizada;Entrega Finalizada;6;7;30;6;TRANSTRY;24014;;;
MOBIS BRASIL FABRICACAO DE AUTO PECAS LT;RODOVIARIO;1534537;30/06/2026;1;350091;30/06/2026;BARI VEICULOS LTDA;7,46E+12;JARAGUA DO SUL;SC;30/06/2026;06/07/2026;02/07/2026;Entregue No Prazo;;Entrega realizada;Entrega Finalizada;6;7;30;6;TRANSTRY;18024;;;
MOBIS BRASIL FABRICACAO DE AUTO PECAS LT;RODOVIARIO;1534539;30/06/2026;1;349929;30/06/2026;HYMAX DISTRIBUIDORA DE VEICULOS LTDA;1,73E+13;MOGI GUACU;SP;30/06/2026;06/07/2026;02/07/2026;Entregue No Prazo;;Entrega realizada;Entrega Finalizada;6;7;30;6;MVT;26002;;;
MOBIS BRASIL FABRICACAO DE AUTO PECAS LT;RODOVIARIO;1534530;30/06/2026;1;350105;30/06/2026;LR COMERCIO DE VEICULOS LTDA;1,05E+13;SAO JOSE;SC;30/06/2026;07/07/2026;02/07/2026;Entregue No Prazo;;Entrega realizada;Entrega Finalizada;7;7;30;6;TRANSTRY;24007;;;
MOBIS BRASIL FABRICACAO DE AUTO PECAS LT;RODOVIARIO;1534531;30/06/2026;13;350105;30/06/2026;LR COMERCIO DE VEICULOS LTDA;1,05E+13;SAO JOSE;SC;30/06/2026;07/07/2026;02/07/2026;Entregue No Prazo;;Entrega realizada;Entrega Finalizada;7;7;30;6;TRANSTRY;24007;;;
MOBIS BRASIL FABRICACAO DE AUTO PECAS LT;RODOVIARIO;1534532;30/06/2026;15;350092;30/06/2026;BARI VEICULOS LTDA;7,46E+12;BLUMENAU;SC;30/06/2026;07/07/2026;02/07/2026;Entregue No Prazo;;Entrega realizada;Entrega Finalizada;7;7;30;6;TRANSTRY;18024;;;
MOBIS BRASIL FABRICACAO DE AUTO PECAS LT;RODOVIARIO;1534301;30/06/2026;19;350231;01/07/2026;CHS MOTORS VEICULOS PECAS E SERV LTDA  ;1,69E+13;SAO PAULO;SP;01/07/2026;03/07/2026;02/07/2026;Entregue No Prazo;;Entrega realizada;Entrega Finalizada;3;7;1;7;XD DIADEMA;26037;;;
MOBIS BRASIL FABRICACAO DE AUTO PECAS LT;RODOVIARIO;1534546;30/06/2026;6;350231;01/07/2026;CHS MOTORS VEICULOS PECAS E SERV LTDA  ;1,69E+13;SAO PAULO;SP;01/07/2026;03/07/2026;02/07/2026;Entregue No Prazo;;Entrega realizada;Entrega Finalizada;3;7;1;7;XD DIADEMA;26037;;;
MOBIS BRASIL FABRICACAO DE AUTO PECAS LT;RODOVIARIO;1534583;30/06/2026;4;350234;01/07/2026;NOBRE DISTRIBUIDORA DE VEICULOS E PECAS;5,76E+12;MOGI DAS CRUZES;SP;01/07/2026;03/07/2026;02/07/2026;Entregue No Prazo;;Entrega realizada;Entrega Finalizada;3;7;1;7;XD DIADEMA;26004;;;
MOBIS BRASIL FABRICACAO DE AUTO PECAS LT;RODOVIARIO;1534596;30/06/2026;1;350251;01/07/2026;BARI VEICULOS LTDA.;7,46E+12;CURITIBA;PR;01/07/2026;06/07/2026;02/07/2026;Entregue No Prazo;;Entrega realizada;Entrega Finalizada;6;7;1;7;TRANSTRY;18029;;;
MOBIS BRASIL FABRICACAO DE AUTO PECAS LT;RODOVIARIO;1534597;30/06/2026;6;350246;01/07/2026;BARI VEICULOS LTDA;7,46E+12;CURITIBA;PR;01/07/2026;06/07/2026;02/07/2026;Entregue No Prazo;;Entrega realizada;Entrega Finalizada;6;7;1;7;TRANSTRY;18024;;;
MOBIS BRASIL FABRICACAO DE AUTO PECAS LT;RODOVIARIO;1534836;30/06/2026;1;350230;01/07/2026;CAOA MOTOR DO BRASIL LTDA;1,68E+13;TAUBATE;SP;01/07/2026;06/07/2026;02/07/2026;Entregue No Prazo;;Entrega realizada;Entrega Finalizada;6;7;1;7;XD DIADEMA;5008;;;
MOBIS BRASIL FABRICACAO DE AUTO PECAS LT;RODOVIARIO;1534579;30/06/2026;1;350249;01/07/2026;BARI VEICULOS LTDA;7,46E+12;SAO JOSE DOS PINHAIS;PR;01/07/2026;07/07/2026;02/07/2026;Entregue No Prazo;;Entrega realizada;Entrega Finalizada;7;7;1;7;TRANSTRY;18024;;;
MOBIS BRASIL FABRICACAO DE AUTO PECAS LT;RODOVIARIO;1534603;30/06/2026;3;350241;01/07/2026;DHC COMERCIO DE VEICULOS E PECAS LTDA;9,52E+12;BOTUCATU;SP;01/07/2026;07/07/2026;02/07/2026;Entregue No Prazo;Avaria;Entrega realizada;Entrega Finalizada;7;7;1;7;MVT;26010;;;
MOBIS BRASIL FABRICACAO DE AUTO PECAS LT;RODOVIARIO;1535613;02/07/2026;117;350344;02/07/2026;BILLY DISTRIBUIDORA DE VEICULOS LTDA;1,34E+13;SAO CAETANO DO SUL;SP;02/07/2026;06/07/2026;02/07/2026;Entregue No Prazo;;Entrega realizada;Entrega Finalizada;6;7;2;7;BV LOG;26003;;;
MOBIS BRASIL FABRICACAO DE AUTO PECAS LT;RODOVIARIO;1535621;02/07/2026;29;350355;02/07/2026;GRANDAY AUTOMOTORES LTDA (CHAC. CALIFOR);1,57E+13;SAO PAULO;SP;02/07/2026;06/07/2026;02/07/2026;Entregue No Prazo;;Entrega realizada;Entrega Finalizada;6;7;2;7;XD DIADEMA;26090;;;
MOBIS BRASIL FABRICACAO DE AUTO PECAS LT;RODOVIARIO;1512870;20/05/2026;1;343327;20/05/2026;PATEO COMERCIO DE VEICULOS S A;7,78E+12;RECIFE;PE;20/05/2026;04/06/2026;03/07/2026;Entregue Fora do Prazo;;Entrega realizada;Entrega Finalizada;4;6;20;5;TERMACO;16004;;;
MOBIS BRASIL FABRICACAO DE AUTO PECAS LT;RODOVIARIO;1512871;20/05/2026;7;343327;20/05/2026;PATEO COMERCIO DE VEICULOS S A;7,78E+12;RECIFE;PE;20/05/2026;04/06/2026;03/07/2026;Entregue Fora do Prazo;;Entrega realizada;Entrega Finalizada;4;6;20;5;TERMACO;16004;;;
MOBIS BRASIL FABRICACAO DE AUTO PECAS LT;RODOVIARIO;1520373;03/06/2026;2;345906;03/06/2026;PATEO COMERCIO DE VEICULOS S A;7,78E+12;RECIFE;PE;03/06/2026;18/06/2026;03/07/2026;Entregue Fora do Prazo;;Entrega realizada;Entrega Finalizada;18;6;3;6;TERMACO;16004;;;
MOBIS BRASIL FABRICACAO DE AUTO PECAS LT;RODOVIARIO;1520980;08/06/2026;32;346175;08/06/2026;PATEO COMERCIO DE VEICULOS S A;7,78E+12;RECIFE;PE;08/06/2026;23/06/2026;03/07/2026;Entregue Fora do Prazo;;Entrega realizada;Entrega Finalizada;23;6;8;6;TERMACO;16004;;;
MOBIS BRASIL FABRICACAO DE AUTO PECAS LT;RODOVIARIO;1521882;09/06/2026;5;346596;09/06/2026;PATEO COMERCIO DE VEICULOS S A;7,78E+12;RECIFE;PE;09/06/2026;24/06/2026;03/07/2026;Entregue Fora do Prazo;;Entrega realizada;Entrega Finalizada;24;6;9;6;TERMACO;16004;;;
MOBIS BRASIL FABRICACAO DE AUTO PECAS LT;RODOVIARIO;1522583;10/06/2026;4;346845;10/06/2026;PATEO COMERCIO DE VEICULOS S A;7,78E+12;RECIFE;PE;10/06/2026;25/06/2026;03/07/2026;Entregue Fora do Prazo;;Entrega realizada;Entrega Finalizada;25;6;10;6;TERMACO;16004;;;
MOBIS BRASIL FABRICACAO DE AUTO PECAS LT;RODOVIARIO;1522584;10/06/2026;47;346845;10/06/2026;PATEO COMERCIO DE VEICULOS S A;7,78E+12;RECIFE;PE;10/06/2026;25/06/2026;03/07/2026;Entregue Fora do Prazo;;Entrega realizada;Entrega Finalizada;25;6;10;6;TERMACO;16004;;;
MOBIS BRASIL FABRICACAO DE AUTO PECAS LT;RODOVIARIO;1523532;11/06/2026;1;346977;11/06/2026;PATEO COMERCIO DE VEICULOS S A;7,78E+12;RECIFE;PE;11/06/2026;26/06/2026;03/07/2026;Entregue Fora do Prazo;;Entrega realizada;Entrega Finalizada;26;6;11;6;TERMACO;16004;;;
MOBIS BRASIL FABRICACAO DE AUTO PECAS LT;RODOVIARIO;1524427;12/06/2026;1;347232;12/06/2026;PATEO COMERCIO DE VEICULOS S A;7,78E+12;RECIFE;PE;12/06/2026;29/06/2026;03/07/2026;Entregue Fora do Prazo;;Entrega realizada;Entrega Finalizada;29;6;12;6;TERMACO;16004;;;
MOBIS BRASIL FABRICACAO DE AUTO PECAS LT;RODOVIARIO;1526302;16/06/2026;15;347709;16/06/2026;PATEO COMERCIO DE VEICULOS S A;7,78E+12;RECIFE;PE;16/06/2026;01/07/2026;03/07/2026;Entregue Fora do Prazo;;Entrega realizada;Entrega Finalizada;1;7;16;6;TERMACO;16004;;;
MOBIS BRASIL FABRICACAO DE AUTO PECAS LT;RODOVIARIO;1528063;18/06/2026;1;348185;18/06/2026;PATEO COMERCIO DE VEICULOS S A;7,78E+12;RECIFE;PE;18/06/2026;03/07/2026;03/07/2026;Entregue No Prazo;;Entrega realizada;Entrega Finalizada;3;7;18;6;TERMACO;16004;;;
MOBIS BRASIL FABRICACAO DE AUTO PECAS LT;RODOVIARIO;1528064;18/06/2026;18;348185;18/06/2026;PATEO COMERCIO DE VEICULOS S A;7,78E+12;RECIFE;PE;18/06/2026;03/07/2026;03/07/2026;Entregue No Prazo;;Entrega realizada;Entrega Finalizada;3;7;18;6;TERMACO;16004;;;
MOBIS BRASIL FABRICACAO DE AUTO PECAS LT;RODOVIARIO;1528062;18/06/2026;2;348181;18/06/2026;JPN PATOS COMERCIO DE VEICULOS LTDA;4,20E+13;PATOS;PB;18/06/2026;06/07/2026;03/07/2026;Entregue No Prazo;;Entrega realizada;Entrega Finalizada;6;7;18;6;TERMACO;15004;;;
MOBIS BRASIL FABRICACAO DE AUTO PECAS LT; RODOVIARIO;1528989;19/06/2026;10;348362;19/06/2026;JPN PATOS COMERCIO DE VEICULOS LTDA;4,20E+13;PATOS;PB;19/06/2026;07/07/2026;03/07/2026;Entregue No Prazo;;Entrega realizada;Entrega Finalizada;7;7;19;6;TERMACO;15004;;;
MOBIS BRASIL FABRICACAO DE AUTO PECAS LT; RODOVIARIO;1528962;19/06/2026;2;348368;19/06/2026;PATEO COMERCIO DE VEICULOS S A;7,78E+12;MANAUS;AM;19/06/2026;15/07/2026;03/07/2026;Entregue No Prazo;;Entrega realizada;Entrega Finalizada;15;7;19;6;CARVALIMA;3002;;;
MOBIS BRASIL FABRICACAO DE AUTO PECAS LT;RODOVIARIO;1529670;22/06/2026;22;348624;22/06/2026;PATEO COMERCIO DE VEICULOS S A;7,78E+12;SALVADOR;BA;22/06/2026;02/07/2026;03/07/2026;Entregue No Prazo;;Entrega realizada;Entrega Finalizada;2;7;22;6;TERMACO;5003;Independência da Bahia;Estadual;BA
MOBIS BRASIL FABRICACAO DE AUTO PECAS LT;RODOVIARIO;1529697;22/06/2026;3;348625;22/06/2026;PATEO COMERCIO DE VEICULOS S A;7,78E+12;RECIFE;PE;22/06/2026;07/07/2026;03/07/2026;Entregue No Prazo;;Entrega realizada;Entrega Finalizada;7;7;22;6;TERMACO;16004;;;
MOBIS BRASIL FABRICACAO DE AUTO PECAS LT;RODOVIARIO;1529698;22/06/2026;4;348625;22/06/2026;PATEO COMERCIO DE VEICULOS S A;7,78E+12;RECIFE;PE;22/06/2026;07/07/2026;03/07/2026;Entregue No Prazo;;Entrega realizada;Entrega Finalizada;7;7;22;6;TERMACO;16004;;;
MOBIS BRASIL FABRICACAO DE AUTO PECAS LT;RODOVIARIO;1529716;22/06/2026;2;348629;22/06/2026;SAINT LAND COMERCIO DE VEICULOS LTDA;1,04E+13;NATAL;RN;22/06/2026;07/07/2026;03/07/2026;Entregue No Prazo;;Entrega realizada;Entrega Finalizada;7;7;22;6;TERMACO;6010;;;
MOBIS BRASIL FABRICACAO DE AUTO PECAS LT;RODOVIARIO;1530379;23/06/2026;3;348848;23/06/2026;CYCOSA AUTOMOVEIS LTDA;4,76E+12;MACEIO;AL;23/06/2026;07/07/2026;03/07/2026;Entregue No Prazo;;Entrega realizada;Entrega Finalizada;7;7;23;6;TERMACO;2001;;;
MOBIS BRASIL FABRICACAO DE AUTO PECAS LT;RODOVIARIO;1530397;23/06/2026;4;348802;23/06/2026;TRIAUTO KOREA AUTOMOVEIS LTDA;4,99E+13;CATALAO;GO;23/06/2026;07/07/2026;03/07/2026;Entregue No Prazo;;Entrega realizada;Entrega Finalizada;7;7;23;6;RIO VERMELHO;9018;;;
MOBIS BRASIL FABRICACAO DE AUTO PECAS LT;RODOVIARIO;1530398;23/06/2026;1;348858;23/06/2026;PATEO COMERCIO DE VEICULOS S A;7,78E+12;SAO LUIS;MA;23/06/2026;08/07/2026;03/07/2026;Entregue No Prazo;;Entrega realizada;Entrega Finalizada;8;7;23;6;TERMACO;10002;Emancipação Política de Sergipe;Estadual;SE
MOBIS BRASIL FABRICACAO DE AUTO PECAS LT;RODOVIARIO;1530414;23/06/2026;3;348859;23/06/2026;PATEO COMERCIO DE VEICULOS S A;7,78E+12;RECIFE;PE;23/06/2026;08/07/2026;03/07/2026;Entregue No Prazo;;Entrega realizada;Entrega Finalizada;8;7;23;6;TERMACO;16004;Emancipação Política de Sergipe;Estadual;SE
MOBIS BRASIL FABRICACAO DE AUTO PECAS LT;RODOVIARIO;1530415;23/06/2026;1;348859;23/06/2026;PATEO COMERCIO DE VEICULOS S A;7,78E+12;RECIFE;PE;23/06/2026;08/07/2026;03/07/2026;Entregue No Prazo;;Entrega realizada;Entrega Finalizada;8;7;23;6;TERMACO;16004;Emancipação Política de Sergipe;Estadual;SE
MOBIS BRASIL FABRICACAO DE AUTO PECAS LT;RODOVIARIO;1530425;23/06/2026;18;348857;23/06/2026;ORIENTE AUTOMOVEIS LTDA;1,33E+13;PARNAMIRIM;RN;23/06/2026;09/07/2026;03/07/2026;Entregue No Prazo;;Entrega realizada;Entrega Finalizada;9;7;23;6;TERMACO;20001;Revolução Constitucionalista de 1932;Estadual;SP
MOBIS BRASIL FABRICACAO DE AUTO PECAS LT;RODOVIARIO;1531308;24/06/2026;2;349182;24/06/2026;GRANDE COREIA COMERCIO DE VEICULOS LTDA;2,66E+13;CASTANHAL;PA;24/06/2026;07/07/2026;03/07/2026;Entregue No Prazo;;Entrega realizada;Entrega Finalizada;7;7;24;6;CARVALIMA;14007;;;
MOBIS BRASIL FABRICACAO DE AUTO PECAS LT;RODOVIARIO;1531281;24/06/2026;3;349179;24/06/2026;CYCOSA AUTOMOVEIS LTDA;4,76E+12;MACEIO;AL;24/06/2026;08/07/2026;03/07/2026;Entregue No Prazo;;Entrega realizada;Entrega Finalizada;8;7;24;6;TERMACO;2001;Emancipação Política de Sergipe;Estadual;SE
MOBIS BRASIL FABRICACAO DE AUTO PECAS LT;RODOVIARIO;1531288;24/06/2026;1;349176;24/06/2026;CAOA MOTOR DO BRASIL LTDA;1,68E+13;FORTALEZA;CE;24/06/2026;08/07/2026;03/07/2026;Entregue No Prazo;;Entrega realizada;Entrega Finalizada;8;7;24;6;TERMACO;5008;Emancipação Política de Sergipe;Estadual;SE
MOBIS BRASIL FABRICACAO DE AUTO PECAS LT;RODOVIARIO;1531296;24/06/2026;16;349190;24/06/2026;PATEO COMERCIO DE VEICULOS S A;7,78E+12;SAO LUIS;MA;24/06/2026;09/07/2026;03/07/2026;Entregue No Prazo;;Entrega realizada;Entrega Finalizada;9;7;24;6;TERMACO;10002;Revolução Constitucionalista de 1932;Estadual;SP
MOBIS BRASIL FABRICACAO DE AUTO PECAS LT;RODOVIARIO;1531312;24/06/2026;57;349189;24/06/2026;PATEO COMERCIO DE VEICULOS S A;7,78E+12;RECIFE;PE;24/06/2026;09/07/2026;03/07/2026;Entregue No Prazo;;Entrega realizada;Entrega Finalizada;9;7;24;6;TERMACO;16004;Revolução Constitucionalista de 1932;Estadual;SP
MOBIS BRASIL FABRICACAO DE AUTO PECAS LT;RODOVIARIO;1531310;24/06/2026;3;349186;24/06/2026;JPN PATOS COMERCIO DE VEICULOS LTDA;4,20E+13;PATOS;PB;24/06/2026;10/07/2026;03/07/2026;Entregue No Prazo;;Entrega realizada;Entrega Finalizada;10;7;24;6;TERMACO;15004;;;
MOBIS BRASIL FABRICACAO DE AUTO PECAS LT;RODOVIARIO;1531783;25/06/2026;1;349248;25/06/2026;SAGA KOREA COM. DE VEIC. E PC. LTDA;1,27E+13;BRASILIA;DF;25/06/2026;03/07/2026;03/07/2026;Entregue No Prazo;;Entrega realizada;Entrega Finalizada;3;7;25;6;RIO VERMELHO;7004;;;
MOBIS BRASIL FABRICACAO DE AUTO PECAS LT;RODOVIARIO;1531840;25/06/2026;1;349319;25/06/2026;HOUSE PARTS - COM. DE PECAS E VEIC. LTDA;1,15E+13;SANTA MARIA;RS;25/06/2026;03/07/2026;03/07/2026;Entregue No Prazo;;Entrega realizada;Entrega Finalizada;3;7;25;6;TRANSTRY;23008;;;
MOBIS BRASIL FABRICACAO DE AUTO PECAS LT;RODOVIARIO;1531774;25/06/2026;2;349273;25/06/2026;FAZZA MOTORS COMERCIO DE VEICULOS LTDA;1,24E+13;SALVADOR;BA;25/06/2026;07/07/2026;03/07/2026;Entregue No Prazo;;Entrega realizada;Entrega Finalizada;7;7;25;6;TERMACO;5007;;;
MOBIS BRASIL FABRICACAO DE AUTO PECAS LT;RODOVIARIO;1531855;25/06/2026;1;349295;25/06/2026;SAINT LAND COMERCIO DE VEICULOS LTDA;1,04E+13;ARACAJU;SE;25/06/2026;08/07/2026;03/07/2026;Entregue No Prazo;;Entrega realizada;Entrega Finalizada;8;7;25;6;TERMACO;6010;Emancipação Política de Sergipe;Estadual;SE
MOBIS BRASIL FABRICACAO DE AUTO PECAS LT;RODOVIARIO;1531793;25/06/2026;5;349243;25/06/2026;NASA MOTORS LTDA.;2,65E+13;SAO LUIS DE MONTES BELOS;GO;25/06/2026;09/07/2026;03/07/2026;Entregue No Prazo;;Entrega realizada;Entrega Finalizada;9;7;25;6;RIO VERMELHO;9016;Revolução Constitucionalista de 1932;Estadual;SP
MOBIS BRASIL FABRICACAO DE AUTO PECAS LT;RODOVIARIO;1531818;25/06/2026;4;349286;25/06/2026;PATEO COMERCIO DE VEICULOS S A;7,78E+12;RECIFE;PE;25/06/2026;10/07/2026;03/07/2026;Entregue No Prazo;;Entrega realizada;Entrega Finalizada;10;7;25;6;TERMACO;16004;;;
MOBIS BRASIL FABRICACAO DE AUTO PECAS LT;RODOVIARIO;1531817;25/06/2026;4;349260;25/06/2026;AUTORAC VEICULOS LTDA;1,06E+13;CARUARU;PE;25/06/2026;13/07/2026;03/07/2026;Entregue No Prazo;;Entrega realizada;Entrega Finalizada;13;7;25;6;TERMACO;16001;;;
MOBIS BRASIL FABRICACAO DE AUTO PECAS LT;RODOVIARIO;1532377;26/06/2026;8;349558;26/06/2026;VIA BRASIL AUTOMOVEIS LTDA.;4,72E+12;SERRA;ES;26/06/2026;03/07/2026;03/07/2026;Entregue No Prazo;;Entrega realizada;Entrega Finalizada;3;7;26;6;CAMILO;8001;;;
MOBIS BRASIL FABRICACAO DE AUTO PECAS LT;RODOVIARIO;1532378;26/06/2026;14;349558;26/06/2026;VIA BRASIL AUTOMOVEIS LTDA.;4,72E+12;SERRA;ES;26/06/2026;03/07/2026;03/07/2026;Entregue No Prazo;;Entrega realizada;Entrega Finalizada;3;7;26;6;CAMILO;8001;;;
MOBIS BRASIL FABRICACAO DE AUTO PECAS LT;RODOVIARIO;1532379;26/06/2026;2;349555;26/06/2026;TAI MOTORS VEICULOS S/A;9,27E+12;VITORIA;ES;26/06/2026;03/07/2026;03/07/2026;Entregue No Prazo;;Entrega realizada;Entrega Finalizada;3;7;26;6;CAMILO;8002;;;
MOBIS BRASIL FABRICACAO DE AUTO PECAS LT;RODOVIARIO;1533332;27/06/2026;1;349713;27/06/2026;GOLDEN MOTORS VEICULOS LTDA;3,62E+12;ARACATUBA;SP;27/06/2026;03/07/2026;03/07/2026;Entregue No Prazo;;Entrega realizada;Entrega Finalizada;3;7;27;6;MVT;12001;;;
MOBIS BRASIL FABRICACAO DE AUTO PECAS LT;RODOVIARIO;1533702;27/06/2026;3;349713;27/06/2026;GOLDEN MOTORS VEICULOS LTDA;3,62E+12;ARACATUBA;SP;27/06/2026;03/07/2026;03/07/2026;Entregue No Prazo;;Entrega realizada;Entrega Finalizada;3;7;27;6;MVT;12001;;;
MOBIS BRASIL FABRICACAO DE AUTO PECAS LT;RODOVIARIO;1533284;27/06/2026;1;349747;27/06/2026;VETOR AUTOMOVEIS LTDA;2,12E+13;FOZ DO IGUACU;PR;27/06/2026;06/07/2026;03/07/2026;Entregue No Prazo;;Entrega realizada;Entrega Finalizada;6;7;27;6;TRANSTRY;18019;;;
MOBIS BRASIL FABRICACAO DE AUTO PECAS LT;RODOVIARIO;1533303;27/06/2026;18;349737;27/06/2026;HOUSE PARTS - COM. DE PECAS E VEIC. LTDA;1,15E+13;SANTA MARIA;RS;27/06/2026;07/07/2026;03/07/2026;Entregue No Prazo;;Entrega realizada;Entrega Finalizada;7;7;27;6;TRANSTRY;23008;;;
MOBIS BRASIL FABRICACAO DE AUTO PECAS LT;RODOVIARIO;1532381;26/06/2026;2;349501;26/06/2026;URCA MOTORS VEICULOS LTDA;8,77E+12;ITUMBIARA;GO;26/06/2026;08/07/2026;03/07/2026;Entregue No Prazo;;Entrega realizada;Entrega Finalizada;8;7;26;6;RIO VERMELHO;9014;Emancipação Política de Sergipe;Estadual;SE
MOBIS BRASIL FABRICACAO DE AUTO PECAS LT;RODOVIARIO;1532985;26/06/2026;1;349537;26/06/2026;COMETA MATO GROSSO COM. DE VEICULOS LTDA;1,54E+13;SINOP;MT;26/06/2026;08/07/2026;03/07/2026;Entregue No Prazo;;Entrega realizada;Entrega Finalizada;8;7;26;6;CARVALIMA;13003;Emancipação Política de Sergipe;Estadual;SE
MOBIS BRASIL FABRICACAO DE AUTO PECAS LT;RODOVIARIO;1532373;26/06/2026;2;349540;26/06/2026;FAZZA MOTORS COM. DE VEICULOS LTDA;1,24E+13;FORTALEZA;CE;26/06/2026;10/07/2026;03/07/2026;Entregue No Prazo;;Entrega realizada;Entrega Finalizada;10;7;26;6;TERMACO;6001;;;
MOBIS BRASIL FABRICACAO DE AUTO PECAS LT;RODOVIARIO;1532418;26/06/2026;1;349551;26/06/2026;SAINT LAND COMERCIO DE VEICULOS LTDA;1,04E+13;NATAL;RN;26/06/2026;13/07/2026;03/07/2026;Entregue No Prazo;;Entrega realizada;Entrega Finalizada;13;7;26;6;TERMACO;6010;;;
MOBIS BRASIL FABRICACAO DE AUTO PECAS LT;RODOVIARIO;1532416;26/06/2026;6;349547;26/06/2026;ORIENTE AUTOMOVEIS LTDA;1,33E+13;PARNAMIRIM;RN;26/06/2026;14/07/2026;03/07/2026;Entregue No Prazo;;Entrega realizada;Entrega Finalizada;14;7;26;6;TERMACO;20001;Aniversário do Município;Campinas;SP
MOBIS BRASIL FABRICACAO DE AUTO PECAS LT;RODOVIARIO;1533261;27/06/2026;1;349759;29/06/2026;BDG AUTOVILLE VEICULOS LTDA;4,77E+13;CONTAGEM;MG;29/06/2026;02/07/2026;03/07/2026;Entregue Fora do Prazo;;Entrega realizada;Entrega Finalizada;2;7;29;6;XD BETIM;11037;Independência da Bahia;Estadual;BA
MOBIS BRASIL FABRICACAO DE AUTO PECAS LT;RODOVIARIO;1533262;27/06/2026;43;349759;29/06/2026;BDG AUTOVILLE VEICULOS LTDA;4,77E+13;CONTAGEM;MG;29/06/2026;02/07/2026;03/07/2026;Entregue Fora do Prazo;;Entrega realizada;Entrega Finalizada;2;7;29;6;XD BETIM;11037;Independência da Bahia;Estadual;BA
MOBIS BRASIL FABRICACAO DE AUTO PECAS LT;RODOVIARIO;1533672;27/06/2026;13;349778;29/06/2026;TAI MOTORS VEICULOS S/A;9,27E+12;BELO HORIZONTE;MG;29/06/2026;02/07/2026;03/07/2026;Entregue Fora do Prazo;;Entrega realizada;Entrega Finalizada;2;7;29;6;XD BETIM;8002;Independência da Bahia;Estadual;BA
MOBIS BRASIL FABRICACAO DE AUTO PECAS LT;RODOVIARIO;1533681;27/06/2026;2;349759;29/06/2026;BDG AUTOVILLE VEICULOS LTDA;4,77E+13;CONTAGEM;MG;29/06/2026;02/07/2026;03/07/2026;Entregue Fora do Prazo;;Entrega realizada;Entrega Finalizada;2;7;29;6;XD BETIM;11037;Independência da Bahia;Estadual;BA
MOBIS BRASIL FABRICACAO DE AUTO PECAS LT;RODOVIARIO;1533246;27/06/2026;17;349825;29/06/2026;TAI MOTORS VEICULOS S/A;9,27E+12;VITORIA;ES;29/06/2026;06/07/2026;03/07/2026;Entregue No Prazo;;Entrega realizada;Entrega Finalizada;6;7;29;6;CAMILO;8002;;;
MOBIS BRASIL FABRICACAO DE AUTO PECAS LT;RODOVIARIO;1533293;27/06/2026;1;349831;29/06/2026;VIA VR VEICULOS LTDA;1,73E+13;PETROPOLIS;RJ;29/06/2026;06/07/2026;03/07/2026;Entregue No Prazo;;Entrega realizada;Entrega Finalizada;6;7;29;6;CAMILO;19016;;;
MOBIS BRASIL FABRICACAO DE AUTO PECAS LT;RODOVIARIO;1533248;27/06/2026;1;349826;29/06/2026;TAI MOTORS VEICULOS S/A;9,27E+12;COLATINA;ES;29/06/2026;07/07/2026;03/07/2026;Entregue No Prazo;;Entrega realizada;Entrega Finalizada;7;7;29;6;CAMILO;8002;;;
MOBIS BRASIL FABRICACAO DE AUTO PECAS LT;RODOVIARIO;1533265;27/06/2026;3;349829;29/06/2026;ULSAN COMERCIO DE VEICULOS LTDA.;2,10E+13;CAMPO GRANDE;MS;29/06/2026;07/07/2026;03/07/2026;Entregue No Prazo;;Entrega realizada;Entrega Finalizada;7;7;29;6;CARVALIMA;12004;;;
MOBIS BRASIL FABRICACAO DE AUTO PECAS LT;RODOVIARIO;1534540;30/06/2026;1;349875;30/06/2026;BILLY DISTRIBUIDORA DE VEICULOS LTDA;1,34E+13;BARUERI;SP;30/06/2026;02/07/2026;03/07/2026;Entregue Fora do Prazo;;Entrega realizada;Entrega Finalizada;2;7;30;6;XD DIADEMA;26003;Independência da Bahia;Estadual;BA
MOBIS BRASIL FABRICACAO DE AUTO PECAS LT;RODOVIARIO;1534550;30/06/2026;1;349876;30/06/2026;BILLY DISTRIBUIDORA DE VEICULOS LTDA;1,34E+13;DIADEMA;SP;30/06/2026;02/07/2026;03/07/2026;Entregue Fora do Prazo;;Entrega realizada;Entrega Finalizada;2;7;30;6;XD DIADEMA;26003;Independência da Bahia;Estadual;BA
MOBIS BRASIL FABRICACAO DE AUTO PECAS LT;RODOVIARIO;1534553;30/06/2026;1;349880;30/06/2026;CAOA MOTOR DO BRASIL LTDA;1,68E+13;SANTO ANDRE;SP;30/06/2026;02/07/2026;03/07/2026;Entregue Fora do Prazo;;Entrega realizada;Entrega Finalizada;2;7;30;6;XD DIADEMA;5008;Independência da Bahia;Estadual;BA
MOBIS BRASIL FABRICACAO DE AUTO PECAS LT;RODOVIARIO;1534554;30/06/2026;1;349882;30/06/2026;CAOA MOTOR DO BRASIL LTDA (CONSOLACAO);1,68E+13;SAO PAULO;SP;30/06/2026;02/07/2026;03/07/2026;Entregue Fora do Prazo;;Entrega realizada;Entrega Finalizada;2;7;30;6;XD DIADEMA;26076;Independência da Bahia;Estadual;BA
MOBIS BRASIL FABRICACAO DE AUTO PECAS LT;RODOVIARIO;1534558;30/06/2026;3;349883;30/06/2026;CAOA MOTOR DO BRASIL LTDA (INDIANOPOLIS);1,68E+13;SAO PAULO;SP;30/06/2026;02/07/2026;03/07/2026;Entregue Fora do Prazo;;Entrega realizada;Entrega Finalizada;2;7;30;6;XD DIADEMA;26091;Independência da Bahia;Estadual;BA
MOBIS BRASIL FABRICACAO DE AUTO PECAS LT;RODOVIARIO;1534562;30/06/2026;30;349885;30/06/2026;CHS MOTORS VEICULOS PECAS E SERV. LTDA;1,69E+13;OSASCO;SP;30/06/2026;02/07/2026;03/07/2026;Entregue Fora do Prazo;;Entrega realizada;Entrega Finalizada;2;7;30;6;XD DIADEMA;26106;Independência da Bahia;Estadual;BA
MOBIS BRASIL FABRICACAO DE AUTO PECAS LT;RODOVIARIO;1534261;30/06/2026;15;349884;30/06/2026;CARBEL KOREA VEICULOS LTDA;2,07E+13;BELO HORIZONTE;MG;30/06/2026;03/07/2026;03/07/2026;Entregue No Prazo;;Entrega realizada;Entrega Finalizada;3;7;30;6;XD BETIM;11021;;;
MOBIS BRASIL FABRICACAO DE AUTO PECAS LT;RODOVIARIO;1534265;30/06/2026;23;349874;30/06/2026;BDG AUTOVILLE VEICULOS LTDA;4,77E+13;CONTAGEM;MG;30/06/2026;03/07/2026;03/07/2026;Entregue No Prazo;;Entrega realizada;Entrega Finalizada;3;7;30;6;XD BETIM;11037;;;
MOBIS BRASIL FABRICACAO DE AUTO PECAS LT;RODOVIARIO;1534467;30/06/2026;8;349897;30/06/2026;TAI MOTORS VEICULOS S/A;9,27E+12;BELO HORIZONTE;MG;30/06/2026;03/07/2026;03/07/2026;Entregue No Prazo;;Entrega realizada;Entrega Finalizada;3;7;30;6;XD BETIM;8002;;;
MOBIS BRASIL FABRICACAO DE AUTO PECAS LT;RODOVIARIO;1534493;30/06/2026;12;349881;30/06/2026;CAOA MOTOR DO BRASIL LTDA;1,68E+13;BELO HORIZONTE;MG;30/06/2026;03/07/2026;03/07/2026;Entregue No Prazo;;Entrega realizada;Entrega Finalizada;3;7;30;6;XD BETIM;5008;;;
MOBIS BRASIL FABRICACAO DE AUTO PECAS LT;RODOVIARIO;1534497;30/06/2026;24;349874;30/06/2026;BDG AUTOVILLE VEICULOS LTDA;4,77E+13;CONTAGEM;MG;30/06/2026;03/07/2026;03/07/2026;Entregue No Prazo;;Entrega realizada;Entrega Finalizada;3;7;30;6;XD BETIM;11037;;;
MOBIS BRASIL FABRICACAO DE AUTO PECAS LT;RODOVIARIO;1534556;30/06/2026;1;349879;30/06/2026;CAOA MOTOR DO BRASIL LTDA;1,68E+13;SANTOS;SP;30/06/2026;03/07/2026;03/07/2026;Entregue No Prazo;;Entrega realizada;Entrega Finalizada;3;7;30;6;XD DIADEMA;5008;;;
MOBIS BRASIL FABRICACAO DE AUTO PECAS LT;RODOVIARIO;1534289;30/06/2026;1;350102;30/06/2026;HOUSE PARTS-COM. DE PCS. E VEICULOS LTDA;1,15E+13;PORTO ALEGRE;RS;30/06/2026;06/07/2026;03/07/2026;Entregue No Prazo;;Entrega realizada;Entrega Finalizada;6;7;30;6;TRANSTRY;23004;;;
MOBIS BRASIL FABRICACAO DE AUTO PECAS LT;RODOVIARIO;1534290;30/06/2026;2;350096;30/06/2026;CARWAY SUL VEICULOS LTDA;1,03E+13;CANOAS;RS;30/06/2026;06/07/2026;03/07/2026;Entregue No Prazo;;Entrega realizada;Entrega Finalizada;6;7;30;6;TRANSTRY;23003;;;
MOBIS BRASIL FABRICACAO DE AUTO PECAS LT;RODOVIARIO;1534306;30/06/2026;1;349925;30/06/2026;DESTAQUE SEUL DISTR DE VEIC PEC LTDA;2,12E+13;CARAGUATATUBA;SP;30/06/2026;06/07/2026;03/07/2026;Entregue No Prazo;;Entrega realizada;Entrega Finalizada;6;7;30;6;MVT;26082;;;
MOBIS BRASIL FABRICACAO DE AUTO PECAS LT;RODOVIARIO;1534511;30/06/2026;3;350089;30/06/2026;BARI VEICULOS LTDA;7,46E+12;GUARAPUAVA;PR;30/06/2026;06/07/2026;03/07/2026;Entregue No Prazo;;Entrega realizada;Entrega Finalizada;6;7;30;6;TRANSTRY;18024;;;
MOBIS BRASIL FABRICACAO DE AUTO PECAS LT;RODOVIARIO;1534521;30/06/2026;1;350095;30/06/2026;CARWAY SUL VEICULOS LTDA;1,03E+13;PORTO ALEGRE;RS;30/06/2026;06/07/2026;03/07/2026;Entregue No Prazo;;Entrega realizada;Entrega Finalizada;6;7;30;6;TRANSTRY;23003;;;
MOBIS BRASIL FABRICACAO DE AUTO PECAS LT;RODOVIARIO;1534522;30/06/2026;1;350102;30/06/2026;HOUSE PARTS-COM. DE PCS. E VEICULOS LTDA;1,15E+13;PORTO ALEGRE;RS;30/06/2026;06/07/2026;03/07/2026;Entregue No Prazo;;Entrega realizada;Entrega Finalizada;6;7;30;6;TRANSTRY;23004;;;
MOBIS BRASIL FABRICACAO DE AUTO PECAS LT;RODOVIARIO;1534291;30/06/2026;1;350101;30/06/2026;HOUSE PARTS COMERCIO DE PECAS E VEI;1,15E+13;CAXIAS DO SUL;RS;30/06/2026;07/07/2026;03/07/2026;Entregue No Prazo;;Entrega realizada;Entrega Finalizada;7;7;30;6;TRANSTRY;23023;;;
MOBIS BRASIL FABRICACAO DE AUTO PECAS LT;RODOVIARIO;1534292;30/06/2026;1;350086;30/06/2026;ATUAL VEICULOS LTDA;1,33E+13;CRICIUMA;SC;30/06/2026;07/07/2026;03/07/2026;Entregue No Prazo;;Entrega realizada;Entrega Finalizada;7;7;30;6;TRANSTRY;24001;;;
MOBIS BRASIL FABRICACAO DE AUTO PECAS LT;RODOVIARIO;1534524;30/06/2026;1;350099;30/06/2026;GALA COMERCIO DE VEICULOS LTDA.;1,77E+13;PELOTAS;RS;30/06/2026;07/07/2026;03/07/2026;Entregue No Prazo;;Entrega realizada;Entrega Finalizada;7;7;30;6;TRANSTRY;23009;;;
MOBIS BRASIL FABRICACAO DE AUTO PECAS LT;RODOVIARIO;1534525;30/06/2026;1;350101;30/06/2026;HOUSE PARTS COMERCIO DE PECAS E VEI;1,15E+13;CAXIAS DO SUL;RS;30/06/2026;07/07/2026;03/07/2026;Entregue No Prazo;;Entrega realizada;Entrega Finalizada;7;7;30;6;TRANSTRY;23023;;;
MOBIS BRASIL FABRICACAO DE AUTO PECAS LT;RODOVIARIO;1534526;30/06/2026;6;350087;30/06/2026;ATUAL VEICULOS LTDA;1,33E+13;ARARANGUA;SC;30/06/2026;07/07/2026;03/07/2026;Entregue No Prazo;;Entrega realizada;Entrega Finalizada;7;7;30;6;TRANSTRY;24001;;;
MOBIS BRASIL FABRICACAO DE AUTO PECAS LT;RODOVIARIO;1534527;30/06/2026;1;350086;30/06/2026;ATUAL VEICULOS LTDA;1,33E+13;CRICIUMA;SC;30/06/2026;07/07/2026;03/07/2026;Entregue No Prazo;;Entrega realizada;Entrega Finalizada;7;7;30;6;TRANSTRY;24001;;;
MOBIS BRASIL FABRICACAO DE AUTO PECAS LT;RODOVIARIO;1534528;30/06/2026;2;350086;30/06/2026;ATUAL VEICULOS LTDA;1,33E+13;CRICIUMA;SC;30/06/2026;07/07/2026;03/07/2026;Entregue No Prazo;;Entrega realizada;Entrega Finalizada;7;7;30;6;TRANSTRY;24001;;;
MOBIS BRASIL FABRICACAO DE AUTO PECAS LT;RODOVIARIO;1534294;30/06/2026;2;350097;30/06/2026;CHINHAN AUTOMOVEIS LTDA;2,41E+13;CONCORDIA;SC;30/06/2026;08/07/2026;03/07/2026;Entregue No Prazo;;Entrega realizada;Entrega Finalizada;8;7;30;6;TRANSTRY;23019;Emancipação Política de Sergipe;Estadual;SE
MOBIS BRASIL FABRICACAO DE AUTO PECAS LT;RODOVIARIO;1534483;30/06/2026;1;350203;30/06/2026;TAI MOTORS VEICULOS S/A;9,27E+12;COLATINA;ES;30/06/2026;08/07/2026;03/07/2026;Entregue No Prazo;;Entrega realizada;Entrega Finalizada;8;7;30;6;CAMILO;8002;Emancipação Política de Sergipe;Estadual;SE
MOBIS BRASIL FABRICACAO DE AUTO PECAS LT;RODOVIARIO;1534498;30/06/2026;5;350178;30/06/2026;GOLDEN MOTORS VEICULOS LTDA;3,62E+12;DOURADOS;MS;30/06/2026;08/07/2026;03/07/2026;Entregue No Prazo;;Entrega realizada;Entrega Finalizada;8;7;30;6;CARVALIMA;12001;Emancipação Política de Sergipe;Estadual;SE
MOBIS BRASIL FABRICACAO DE AUTO PECAS LT;RODOVIARIO;1534499;30/06/2026;1;350206;30/06/2026;ULSAN COMERCIO DE VEICULOS LTDA.;2,10E+13;CAMPO GRANDE;MS;30/06/2026;08/07/2026;03/07/2026;Entregue No Prazo;;Entrega realizada;Entrega Finalizada;8;7;30;6;CARVALIMA;12004;Emancipação Política de Sergipe;Estadual;SE
MOBIS BRASIL FABRICACAO DE AUTO PECAS LT;RODOVIARIO;1534523;30/06/2026;1;350100;30/06/2026;HOUSE PARTS - COM. DE PECAS E VEIC. LTDA;1,15E+13;SANTA MARIA;RS;30/06/2026;08/07/2026;03/07/2026;Entregue No Prazo;;Entrega realizada;Entrega Finalizada;8;7;30;6;TRANSTRY;23008;Emancipação Política de Sergipe;Estadual;SE
MOBIS BRASIL FABRICACAO DE AUTO PECAS LT;RODOVIARIO;1534535;30/06/2026;5;350097;30/06/2026;CHINHAN AUTOMOVEIS LTDA;2,41E+13;CONCORDIA;SC;30/06/2026;08/07/2026;03/07/2026;Entregue No Prazo;;Entrega realizada;Entrega Finalizada;8;7;30;6;TRANSTRY;23019;Emancipação Política de Sergipe;Estadual;SE
MOBIS BRASIL FABRICACAO DE AUTO PECAS LT;RODOVIARIO;1534295;30/06/2026;3;350098;30/06/2026;CHINHAN AUTOMOVEIS LTDA.;2,41E+13;CACADOR;SC;30/06/2026;09/07/2026;03/07/2026;Entregue No Prazo;;Entrega realizada;Entrega Finalizada;9;7;30;6;TRANSTRY;24020;Revolução Constitucionalista de 1932;Estadual;SP
MOBIS BRASIL FABRICACAO DE AUTO PECAS LT;RODOVIARIO;1534536;30/06/2026;7;350098;30/06/2026;CHINHAN AUTOMOVEIS LTDA.;2,41E+13;CACADOR;SC;30/06/2026;09/07/2026;03/07/2026;Entregue No Prazo;;Entrega realizada;Entrega Finalizada;9;7;30;6;TRANSTRY;24020;Revolução Constitucionalista de 1932;Estadual;SP
MOBIS BRASIL FABRICACAO DE AUTO PECAS LT;RODOVIARIO;1534584;30/06/2026;1;350232;01/07/2026;GRAND SPORT COM. DE VEIC. E PECAS LTDA;8,58E+12;SAO PAULO;SP;01/07/2026;03/07/2026;03/07/2026;Entregue No Prazo;;Entrega realizada;Entrega Finalizada;3;7;1;7;XD DIADEMA;26034;;;
MOBIS BRASIL FABRICACAO DE AUTO PECAS LT;RODOVIARIO;1534595;30/06/2026;8;350247;01/07/2026;BARI VEICULOS LTDA;7,46E+12;PONTA GROSSA;PR;01/07/2026;07/07/2026;03/07/2026;Entregue No Prazo;;Entrega realizada;Entrega Finalizada;7;7;1;7;TRANSTRY;18024;;;
MOBIS BRASIL FABRICACAO DE AUTO PECAS LT;RODOVIARIO;1534600;30/06/2026;1;350250;01/07/2026;BARI VEICULOS LTDA.;7,46E+12;JOINVILLE;SC;01/07/2026;07/07/2026;03/07/2026;Entregue No Prazo;;Entrega realizada;Entrega Finalizada;7;7;1;7;TRANSTRY;24013;;;
MOBIS BRASIL FABRICACAO DE AUTO PECAS LT;RODOVIARIO;1535609;02/07/2026;1;350348;02/07/2026;BILLY DISTRIBUIDORA DE VEICULOS LTDA;1,34E+13;BARUERI;SP;02/07/2026;06/07/2026;03/07/2026;Entregue No Prazo;;Entrega realizada;Entrega Finalizada;6;7;2;7;XD DIADEMA;26003;;;
MOBIS BRASIL FABRICACAO DE AUTO PECAS LT;RODOVIARIO;1535617;02/07/2026;1;350351;02/07/2026;CAOA MOTOR DO BRASIL LTDA (IPIRANGA);1,68E+13;SAO PAULO;SP;02/07/2026;06/07/2026;03/07/2026;Entregue No Prazo;;Entrega realizada;Entrega Finalizada;6;7;2;7;XD DIADEMA;26054;;;
MOBIS BRASIL FABRICACAO DE AUTO PECAS LT;RODOVIARIO;1535622;02/07/2026;4;350350;02/07/2026;CAOA MOTOR DO BRASIL LTDA (INDIANOPOLIS);1,68E+13;SAO PAULO;SP;02/07/2026;06/07/2026;03/07/2026;Entregue No Prazo;;Entrega realizada;Entrega Finalizada;6;7;2;7;XD DIADEMA;26091;;;
MOBIS BRASIL FABRICACAO DE AUTO PECAS LT;RODOVIARIO;1535626;02/07/2026;2;350352;02/07/2026;CHS MOTORS VEICULOS PECAS E SERV. LTDA;1,69E+13;OSASCO;SP;02/07/2026;06/07/2026;03/07/2026;Entregue No Prazo;;Entrega realizada;Entrega Finalizada;6;7;2;7;XD DIADEMA;26106;;;
MOBIS BRASIL FABRICACAO DE AUTO PECAS LT;RODOVIARIO;1535587;02/07/2026;79;350384;02/07/2026;SEVEC VEICULOS LTDA;5,68E+11;CURITIBA;PR;02/07/2026;07/07/2026;03/07/2026;Entregue No Prazo;;Entrega realizada;Entrega Finalizada;7;7;2;7;TRANSTRY;18012;;;
MOBIS BRASIL FABRICACAO DE AUTO PECAS LT;RODOVIARIO;1535590;02/07/2026;1;350375;02/07/2026;BARI VEICULOS LTDA;7,46E+12;CURITIBA;PR;02/07/2026;07/07/2026;03/07/2026;Entregue No Prazo;;Entrega realizada;Entrega Finalizada;7;7;2;7;TRANSTRY;18024;;;
MOBIS BRASIL FABRICACAO DE AUTO PECAS LT;RODOVIARIO;1535619;02/07/2026;1;350366;02/07/2026;CAOA MOTOR DO BRASIL LTDA;1,68E+13;SAO JOSE DOS CAMPOS;SP;02/07/2026;07/07/2026;03/07/2026;Entregue No Prazo;;Entrega realizada;Entrega Finalizada;7;7;2;7;MVT;5008;;;
MOBIS BRASIL FABRICACAO DE AUTO PECAS LT;RODOVIARIO;1535616;02/07/2026;25;350370;02/07/2026;H R B COMERCIO DE VEICULOS LTDA;1,82E+13;SAO JOSE DO RIO PRETO;SP;02/07/2026;08/07/2026;03/07/2026;Entregue No Prazo;;Entrega realizada;Entrega Finalizada;8;7;2;7;MVT;26050;Emancipação Política de Sergipe;Estadual;SE
MOBIS BRASIL FABRICACAO DE AUTO PECAS LT;RODOVIARIO;1535620;02/07/2026;3;350349;02/07/2026;CAOA MOTOR DO BRASIL LTDA;1,68E+13;PRAIA GRANDE;SP;02/07/2026;08/07/2026;03/07/2026;Entregue No Prazo;;Entrega realizada;Entrega Finalizada;8;7;2;7;XD DIADEMA;5008;Emancipação Política de Sergipe;Estadual;SE
MOBIS BRASIL FABRICACAO DE AUTO PECAS LT;RODOVIARIO;1535623;02/07/2026;1;350367;02/07/2026;H - CAMINHO AUTOMOVEIS LTDA;2,53E+13;PIRACICABA;SP;02/07/2026;08/07/2026;03/07/2026;Entregue No Prazo;;Entrega realizada;Entrega Finalizada;8;7;2;7;MVT;26092;Emancipação Política de Sergipe;Estadual;SE
MOBIS BRASIL FABRICACAO DE AUTO PECAS LT;RODOVIARIO;1536274;03/07/2026;4;350598;03/07/2026;BILLY DISTRIBUIDORA DE VEICULOS LTDA;1,34E+13;SAO PAULO;SP;03/07/2026;07/07/2026;03/07/2026;Entregue No Prazo;;Entrega realizada;Entrega Finalizada;7;7;3;7;BV LOG;26003;;;
MOBIS BRASIL FABRICACAO DE AUTO PECAS LT;RODOVIARIO;1536277;03/07/2026;17;350599;03/07/2026;GRANDAY AUTOMOTORES LTDA (CHAC. CALIFOR);1,57E+13;SAO PAULO;SP;03/07/2026;07/07/2026;03/07/2026;Entregue No Prazo;;Entrega realizada;Entrega Finalizada;7;7;3;7;BV LOG;26090;;;
MOBIS BRASIL FABRICACAO DE AUTO PECAS LT;RODOVIARIO;1535610;02/07/2026;23;350594;03/07/2026;ANDRETA II DISTRIBUIDORA DE VEIC. LTDA;09103835000222;CAMPINAS;SP;03/07/2026;08/07/2026;03/07/2026;Entregue No Prazo;;Entrega realizada;Entrega Finalizada;8;7;3;7;BV LOG;26011;Emancipação Política de Sergipe;Estadual;SE
MOBIS BRASIL FABRICACAO DE AUTO PECAS LT;RODOVIARIO;1535607;02/07/2026;1;350595;03/07/2026;HYMAX DISTRIBUIDORA DE VEICULOS LTDA;1,73E+13;MOGI GUACU;SP;03/07/2026;09/07/2026;03/07/2026;Entregue No Prazo;;Entrega realizada;Entrega Finalizada;9;7;3;7;BV LOG;26002;Revolução Constitucionalista de 1932;Estadual;SP
MOBIS BRASIL FABRICACAO DE AUTO PECAS LT;RODOVIARIO;1535608;02/07/2026;71;350595;03/07/2026;HYMAX DISTRIBUIDORA DE VEICULOS LTDA;1,73E+13;MOGI GUACU;SP;03/07/2026;09/07/2026;03/07/2026;Entregue No Prazo;;Entrega realizada;Entrega Finalizada;9;7;3;7;BV LOG;26002;Revolução Constitucionalista de 1932;Estadual;SP
MOBIS BRASIL FABRICACAO DE AUTO PECAS LT;RODOVIARIO;1531834;25/06/2026;5;349294;25/06/2026;SAGA ASIA COM. DE VEIC.PC.E SERV. LTDA;2,14E+13;PORTO VELHO;RO;25/06/2026;08/07/2026;04/07/2026;Entregue No Prazo;;Entrega realizada;Entrega Finalizada;8;7;25;6;CARVALIMA;21003;Emancipação Política de Sergipe;Estadual;SE
MOBIS BRASIL FABRICACAO DE AUTO PECAS LT;RODOVIARIO;1531835;25/06/2026;3;349294;25/06/2026;SAGA ASIA COM. DE VEIC.PC.E SERV. LTDA;2,14E+13;PORTO VELHO;RO;25/06/2026;08/07/2026;04/07/2026;Entregue No Prazo;;Entrega realizada;Entrega Finalizada;8;7;25;6;CARVALIMA;21003;Emancipação Política de Sergipe;Estadual;SE
MOBIS BRASIL FABRICACAO DE AUTO PECAS LT;RODOVIARIO;1534268;30/06/2026;5;350174;30/06/2026;COMETA MATO GROSSO COM. DE VEICULOS LTDA;1,54E+13;TANGARA DA SERRA;MT;30/06/2026;09/07/2026;04/07/2026;Entregue No Prazo;;Entrega realizada;Entrega Finalizada;9;7;30;6;CARVALIMA;13007;Revolução Constitucionalista de 1932;Estadual;SP
MOBIS BRASIL FABRICACAO DE AUTO PECAS LT;RODOVIARIO;1534502;30/06/2026;1;350174;30/06/2026;COMETA MATO GROSSO COM. DE VEICULOS LTDA;1,54E+13;TANGARA DA SERRA;MT;30/06/2026;09/07/2026;04/07/2026;Entregue No Prazo;;Entrega realizada;Entrega Finalizada;9;7;30;6;CARVALIMA;13007;Revolução Constitucionalista de 1932;Estadual;SP
MOBIS BRASIL FABRICACAO DE AUTO PECAS LT; RODOVIARIO;1529004;19/06/2026;4;348364;19/06/2026;ORIENTE AUTOMOVEIS LTDA;1,33E+13;PARNAMIRIM;RN;19/06/2026;07/07/2026;06/07/2026;Entregue No Prazo;;Entrega realizada;Entrega Finalizada;7;7;19;6;TERMACO;20001;;;
MOBIS BRASIL FABRICACAO DE AUTO PECAS LT;RODOVIARIO;1529671;22/06/2026;1;348606;22/06/2026;CAOA MOTOR DO BRASIL LTDA.;1,68E+13;LAURO DE FREITAS;BA;22/06/2026;07/07/2026;06/07/2026;Entregue No Prazo;;Entrega realizada;Entrega Finalizada;7;7;22;6;TERMACO;5008;;;
MOBIS BRASIL FABRICACAO DE AUTO PECAS LT;RODOVIARIO;1531283;24/06/2026;1;349188;24/06/2026;PATEO COMERCIO DE VEICULOS S A;7,78E+12;SALVADOR;BA;24/06/2026;06/07/2026;06/07/2026;Entregue No Prazo;;Entrega realizada;Entrega Finalizada;6;7;24;6;TERMACO;5003;;;
MOBIS BRASIL FABRICACAO DE AUTO PECAS LT;RODOVIARIO;1531284;24/06/2026;52;349180;24/06/2026;FAZZA MOTORS COMERCIO DE VEICULOS LTDA;1,24E+13;SALVADOR;BA;24/06/2026;06/07/2026;06/07/2026;Entregue No Prazo;;Entrega realizada;Entrega Finalizada;6;7;24;6;TERMACO;5007;;;
MOBIS BRASIL FABRICACAO DE AUTO PECAS LT;RODOVIARIO;1531285;24/06/2026;3;349170;24/06/2026;AIKON VEICULOS LTDA;1,17E+13;ITABUNA;BA;24/06/2026;09/07/2026;06/07/2026;Entregue No Prazo;;Entrega realizada;Entrega Finalizada;9;7;24;6;TERMACO;5002;Revolução Constitucionalista de 1932;Estadual;SP
MOBIS BRASIL FABRICACAO DE AUTO PECAS LT;RODOVIARIO;1531309;24/06/2026;5;349192;24/06/2026;PATEO COMERCIO DE VEICULOS S A;7,78E+12;JOAO PESSOA;PB;24/06/2026;09/07/2026;06/07/2026;Entregue No Prazo;;Entrega realizada;Entrega Finalizada;9;7;24;6;TERMACO;15003;Revolução Constitucionalista de 1932;Estadual;SP
MOBIS BRASIL FABRICACAO DE AUTO PECAS LT;RODOVIARIO;1531773;25/06/2026;27;349285;25/06/2026;PATEO COMERCIO DE VEICULOS S A;7,78E+12;SALVADOR;BA;25/06/2026;07/07/2026;06/07/2026;Entregue No Prazo;;Entrega realizada;Entrega Finalizada;7;7;25;6;TERMACO;5003;;;
MOBIS BRASIL FABRICACAO DE AUTO PECAS LT;RODOVIARIO;1531775;25/06/2026;1;349267;25/06/2026;CAOA MOTOR DO BRASIL LTDA.;1,68E+13;LAURO DE FREITAS;BA;25/06/2026;10/07/2026;06/07/2026;Entregue No Prazo;;Entrega realizada;Entrega Finalizada;10;7;25;6;TERMACO;5008;;;
MOBIS BRASIL FABRICACAO DE AUTO PECAS LT;RODOVIARIO;1531777;25/06/2026;3;349259;25/06/2026;AIKON VEICULOS LTDA;1,17E+13;ITABUNA;BA;25/06/2026;10/07/2026;06/07/2026;Entregue No Prazo;;Entrega realizada;Entrega Finalizada;10;7;25;6;TERMACO;5002;;;
MOBIS BRASIL FABRICACAO DE AUTO PECAS LT;RODOVIARIO;1531778;25/06/2026;2;349280;25/06/2026;MASTER COMERCIAL DE VEICULOS LTDA;2,85E+13;BARREIRAS;BA;25/06/2026;10/07/2026;06/07/2026;Entregue No Prazo;;Entrega realizada;Entrega Finalizada;10;7;25;6;TERMACO;5012;;;
MOBIS BRASIL FABRICACAO DE AUTO PECAS LT;RODOVIARIO;1531794;25/06/2026;2;349289;25/06/2026;PATEO COMERCIO DE VEICULOS S A;7,78E+12;SAO LUIS;MA;25/06/2026;10/07/2026;06/07/2026;Entregue No Prazo;;Entrega realizada;Entrega Finalizada;10;7;25;6;TERMACO;10002;;;
MOBIS BRASIL FABRICACAO DE AUTO PECAS LT;RODOVIARIO;1531815;25/06/2026;16;349288;25/06/2026;PATEO COMERCIO DE VEICULOS S A;7,78E+12;JOAO PESSOA;PB;25/06/2026;10/07/2026;06/07/2026;Entregue No Prazo;;Entrega realizada;Entrega Finalizada;10;7;25;6;TERMACO;15003;;;
MOBIS BRASIL FABRICACAO DE AUTO PECAS LT;RODOVIARIO;1531833;25/06/2026;4;349296;25/06/2026;SAINT LAND COMERCIO DE VEICULOS LTDA;1,04E+13;NATAL;RN;25/06/2026;10/07/2026;06/07/2026;Entregue No Prazo;;Entrega realizada;Entrega Finalizada;10;7;25;6;TERMACO;6010;;;
MOBIS BRASIL FABRICACAO DE AUTO PECAS LT;RODOVIARIO;1532433;26/06/2026;2;349553;26/06/2026;SAINT LAND COMERCIO DE VEICULOS LTDA;1,04E+13;ARACAJU;SE;26/06/2026;09/07/2026;06/07/2026;Entregue No Prazo;;Entrega realizada;Entrega Finalizada;9;7;26;6;TERMACO;6010;Revolução Constitucionalista de 1932;Estadual;SP
MOBIS BRASIL FABRICACAO DE AUTO PECAS LT;RODOVIARIO;1532988;26/06/2026;1;349554;26/06/2026;SEVEL VEICULOS LTDA;1,07E+13;ARACAJU;SE;26/06/2026;09/07/2026;06/07/2026;Entregue No Prazo;;Entrega realizada;Entrega Finalizada;9;7;26;6;TERMACO;25001;Revolução Constitucionalista de 1932;Estadual;SP
MOBIS BRASIL FABRICACAO DE AUTO PECAS LT;RODOVIARIO;1532370;26/06/2026;8;349539;26/06/2026;CYCOSA AUTOMOVEIS LTDA;4,76E+12;MACEIO;AL;26/06/2026;10/07/2026;06/07/2026;Entregue No Prazo;;Entrega realizada;Entrega Finalizada;10;7;26;6;TERMACO;2001;;;
MOBIS BRASIL FABRICACAO DE AUTO PECAS LT;RODOVIARIO;1532417;26/06/2026;4;349550;26/06/2026;SAINT LAND COM DE VEICULOS S A;1,04E+13;MOSSORO;RN;26/06/2026;14/07/2026;06/07/2026;Entregue No Prazo;;Entrega realizada;Entrega Finalizada;14;7;26;6;TERMACO;20002;Aniversário do Município;Campinas;SP
MOBIS BRASIL FABRICACAO DE AUTO PECAS LT;RODOVIARIO;1533247;27/06/2026;6;349820;29/06/2026;PRIME CACHOEIRO VEICULOS LTDA;9,34E+12;LINHARES;ES;29/06/2026;07/07/2026;06/07/2026;Entregue No Prazo;;Entrega realizada;Entrega Finalizada;7;7;29;6;CAMILO;8004;;;
MOBIS BRASIL FABRICACAO DE AUTO PECAS LT;RODOVIARIO;1533251;27/06/2026;4;349775;29/06/2026;SAGA KOREA COM. DE VEIC. E PC. LTDA;1,27E+13;GOIANIA;GO;29/06/2026;07/07/2026;06/07/2026;Entregue No Prazo;;Entrega realizada;Entrega Finalizada;7;7;29;6;RIO VERMELHO;9011;;;
MOBIS BRASIL FABRICACAO DE AUTO PECAS LT;RODOVIARIO;1533677;27/06/2026;1;349775;29/06/2026;SAGA KOREA COM. DE VEIC. E PC. LTDA;1,27E+13;GOIANIA;GO;29/06/2026;07/07/2026;06/07/2026;Entregue No Prazo;;Entrega realizada;Entrega Finalizada;7;7;29;6;RIO VERMELHO;9011;;;
MOBIS BRASIL FABRICACAO DE AUTO PECAS LT;RODOVIARIO;1533678;27/06/2026;3;349775;29/06/2026;SAGA KOREA COM. DE VEIC. E PC. LTDA;1,27E+13;GOIANIA;GO;29/06/2026;07/07/2026;06/07/2026;Entregue No Prazo;;Entrega realizada;Entrega Finalizada;7;7;29;6;RIO VERMELHO;9011;;;
MOBIS BRASIL FABRICACAO DE AUTO PECAS LT;RODOVIARIO;1533267;27/06/2026;5;349822;29/06/2026;SAGA ASIA COM. DE VEIC.PC.E SERV. LTDA;2,23E+13;VARZEA GRANDE;MT;29/06/2026;08/07/2026;06/07/2026;Entregue No Prazo;;Entrega realizada;Entrega Finalizada;8;7;29;6;CARVALIMA;13004;Emancipação Política de Sergipe;Estadual;SE
MOBIS BRASIL FABRICACAO DE AUTO PECAS LT;RODOVIARIO;1533232;27/06/2026;2;349816;29/06/2026;PATEO COMERCIO DE VEICULOS S A;7,78E+12;SALVADOR;BA;29/06/2026;09/07/2026;06/07/2026;Entregue No Prazo;;Entrega realizada;Entrega Finalizada;9;7;29;6;TERMACO;5003;Revolução Constitucionalista de 1932;Estadual;SP
MOBIS BRASIL FABRICACAO DE AUTO PECAS LT;RODOVIARIO;1533231;27/06/2026;2;349786;29/06/2026;AIKON VEICULOS LTDA;1,17E+13;VITORIA DA CONQUISTA;BA;29/06/2026;14/07/2026;06/07/2026;Entregue No Prazo;;Entrega realizada;Entrega Finalizada;14;7;29;6;TERMACO;5002;Aniversário do Município;Campinas;SP
MOBIS BRASIL FABRICACAO DE AUTO PECAS LT;RODOVIARIO;1534281;30/06/2026;1;350169;30/06/2026;CAOA MOTOR DO BRASIL LTDA;1,68E+13;RIO DE JANEIRO;RJ;30/06/2026;06/07/2026;06/07/2026;Entregue No Prazo;;Entrega realizada;Entrega Finalizada;6;7;30;6;CAMILO;5008;;;
MOBIS BRASIL FABRICACAO DE AUTO PECAS LT;RODOVIARIO;1534509;30/06/2026;2;350104;30/06/2026;LOVAT VEICULOS S/A;8,57E+12;MARINGA;PR;30/06/2026;06/07/2026;06/07/2026;Entregue No Prazo;;Entrega realizada;Entrega Finalizada;6;7;30;6;TRANSTRY;18008;;;
MOBIS BRASIL FABRICACAO DE AUTO PECAS LT;RODOVIARIO;1534514;30/06/2026;4;350183;30/06/2026;ITAVEMA MOTORS VEICULOS LTDA;7,73E+12;DUQUE DE CAXIAS;RJ;30/06/2026;06/07/2026;06/07/2026;Entregue No Prazo;;Entrega realizada;Entrega Finalizada;6;7;30;6;CAMILO;19001;;;
MOBIS BRASIL FABRICACAO DE AUTO PECAS LT;RODOVIARIO;1534255;30/06/2026;3;350197;30/06/2026;PRIME VILA VELHA VEICULOS LTDA.;2,14E+13;VILA VELHA;ES;30/06/2026;07/07/2026;06/07/2026;Entregue No Prazo;;Entrega realizada;Entrega Finalizada;7;7;30;6;CAMILO;8005;;;
MOBIS BRASIL FABRICACAO DE AUTO PECAS LT;RODOVIARIO;1534278;30/06/2026;2;350107;30/06/2026;ZENDAI VEICULOS LTDA;1,97E+13;TOLEDO;PR;30/06/2026;07/07/2026;06/07/2026;Entregue No Prazo;;Entrega realizada;Entrega Finalizada;7;7;30;6;TRANSTRY;18016;;;
MOBIS BRASIL FABRICACAO DE AUTO PECAS LT;RODOVIARIO;1534282;30/06/2026;1;350209;30/06/2026;VIA VR VEICULOS LTDA;1,73E+13;VOLTA REDONDA;RJ;30/06/2026;07/07/2026;06/07/2026;Entregue No Prazo;;Entrega realizada;Entrega Finalizada;7;7;30;6;CAMILO;19016;;;
MOBIS BRASIL FABRICACAO DE AUTO PECAS LT;RODOVIARIO;1534285;30/06/2026;1;350187;30/06/2026;MONTREAL VEICULOS E PECAS LTDA;1,68E+13;SAO PEDRO DA ALDEIA;RJ;30/06/2026;07/07/2026;06/07/2026;Entregue No Prazo;;Entrega realizada;Entrega Finalizada;7;7;30;6;CAMILO;19030;;;
MOBIS BRASIL FABRICACAO DE AUTO PECAS LT;RODOVIARIO;1534481;30/06/2026;3;350208;30/06/2026;VIA BRASIL AUTOMOVEIS LTDA.;4,72E+12;SERRA;ES;30/06/2026;07/07/2026;06/07/2026;Entregue No Prazo;;Entrega realizada;Entrega Finalizada;7;7;30;6;CAMILO;8001;;;
MOBIS BRASIL FABRICACAO DE AUTO PECAS LT;RODOVIARIO;1534529;30/06/2026;5;350085;30/06/2026;ATUAL VEICULOS LTDA;1,33E+13;TUBARAO;SC;30/06/2026;07/07/2026;06/07/2026;Entregue No Prazo;;Entrega realizada;Entrega Finalizada;7;7;30;6;TRANSTRY;24001;;;
MOBIS BRASIL FABRICACAO DE AUTO PECAS LT;RODOVIARIO;1534256;30/06/2026;2;349891;30/06/2026;NISA COMERCIAL DE VEIC. AUTOMOTORES LTDA;1,03E+13;APARECIDA DE GOIANIA;GO;30/06/2026;08/07/2026;06/07/2026;Entregue No Prazo;;Entrega realizada;Entrega Finalizada;8;7;30;6;RIO VERMELHO;9002;Emancipação Política de Sergipe;Estadual;SE
MOBIS BRASIL FABRICACAO DE AUTO PECAS LT;RODOVIARIO;1534257;30/06/2026;4;349891;30/06/2026;NISA COMERCIAL DE VEIC. AUTOMOTORES LTDA;1,03E+13;APARECIDA DE GOIANIA;GO;30/06/2026;08/07/2026;06/07/2026;Entregue No Prazo;;Entrega realizada;Entrega Finalizada;8;7;30;6;RIO VERMELHO;9002;Emancipação Política de Sergipe;Estadual;SE
MOBIS BRASIL FABRICACAO DE AUTO PECAS LT;RODOVIARIO;1534484;30/06/2026;2;349891;30/06/2026;NISA COMERCIAL DE VEIC. AUTOMOTORES LTDA;1,03E+13;APARECIDA DE GOIANIA;GO;30/06/2026;08/07/2026;06/07/2026;Entregue No Prazo;;Entrega realizada;Entrega Finalizada;8;7;30;6;RIO VERMELHO;9002;Emancipação Política de Sergipe;Estadual;SE
MOBIS BRASIL FABRICACAO DE AUTO PECAS LT;RODOVIARIO;1534485;30/06/2026;2;349896;30/06/2026;SAGA KOREA COM. DE VEIC. E PC. LTDA;1,27E+13;GOIANIA;GO;30/06/2026;08/07/2026;06/07/2026;Entregue No Prazo;;Entrega realizada;Entrega Finalizada;8;7;30;6;RIO VERMELHO;9009;Emancipação Política de Sergipe;Estadual;SE
MOBIS BRASIL FABRICACAO DE AUTO PECAS LT;RODOVIARIO;1534269;30/06/2026;28;350207;30/06/2026;UNIQUE COMERCIO DE AUTOMOVEIS LTDA;1,74E+13;ANANINDEUA;PA;30/06/2026;13/07/2026;06/07/2026;Entregue No Prazo;;Entrega realizada;Entrega Finalizada;13;7;30;6;CARVALIMA;14003;;;
MOBIS BRASIL FABRICACAO DE AUTO PECAS LT;RODOVIARIO;1534270;30/06/2026;2;350168;30/06/2026;CAOA MOTOR DO BRASIL LTDA;1,68E+13;BELEM;PA;30/06/2026;13/07/2026;06/07/2026;Entregue No Prazo;;Entrega realizada;Entrega Finalizada;13;7;30;6;CARVALIMA;5008;;;
MOBIS BRASIL FABRICACAO DE AUTO PECAS LT;RODOVIARIO;1534503;30/06/2026;5;350207;30/06/2026;UNIQUE COMERCIO DE AUTOMOVEIS LTDA;1,74E+13;ANANINDEUA;PA;30/06/2026;13/07/2026;06/07/2026;Entregue No Prazo;;Entrega realizada;Entrega Finalizada;13;7;30;6;CARVALIMA;14003;;;
MOBIS BRASIL FABRICACAO DE AUTO PECAS LT;RODOVIARIO;1534602;30/06/2026;1;350242;01/07/2026;DHC COMERCIO DE VEICULOS E PECAS LTDA;9,52E+12;JAU;SP;01/07/2026;07/07/2026;06/07/2026;Entregue No Prazo;;Entrega realizada;Entrega Finalizada;7;7;1;7;MVT;26010;;;
MOBIS BRASIL FABRICACAO DE AUTO PECAS LT;RODOVIARIO;1534837;30/06/2026;2;350240;01/07/2026;DESTAQUE SEUL DISTR DE VEIC PEC LTDA;2,12E+13;CARAGUATATUBA;SP;01/07/2026;07/07/2026;06/07/2026;Entregue No Prazo;;Entrega realizada;Entrega Finalizada;7;7;1;7;MVT;26082;;;
MOBIS BRASIL FABRICACAO DE AUTO PECAS LT;RODOVIARIO;1534575;30/06/2026;1;350281;01/07/2026;TAI MOTORS VEICULOS S/A;9,27E+12;VITORIA;ES;01/07/2026;08/07/2026;06/07/2026;Entregue No Prazo;;Entrega realizada;Entrega Finalizada;8;7;1;7;CAMILO;8002;Emancipação Política de Sergipe;Estadual;SE
MOBIS BRASIL FABRICACAO DE AUTO PECAS LT;RODOVIARIO;1534578;30/06/2026;2;350253;01/07/2026;SANTA FE VEICULOS LTDA.;1,16E+13;FRANCISCO BELTRAO;PR;01/07/2026;08/07/2026;06/07/2026;Entregue No Prazo;;Entrega realizada;Entrega Finalizada;8;7;1;7;TRANSTRY;18010;Emancipação Política de Sergipe;Estadual;SE
MOBIS BRASIL FABRICACAO DE AUTO PECAS LT;RODOVIARIO;1534581;30/06/2026;2;350248;01/07/2026;BARI VEICULOS LTDA;7,46E+12;BLUMENAU;SC;01/07/2026;08/07/2026;06/07/2026;Entregue No Prazo;;Entrega realizada;Entrega Finalizada;8;7;1;7;TRANSTRY;18024;Emancipação Política de Sergipe;Estadual;SE
MOBIS BRASIL FABRICACAO DE AUTO PECAS LT;RODOVIARIO;1534599;30/06/2026;14;350248;01/07/2026;BARI VEICULOS LTDA;7,46E+12;BLUMENAU;SC;01/07/2026;08/07/2026;06/07/2026;Entregue No Prazo;;Entrega realizada;Entrega Finalizada;8;7;1;7;TRANSTRY;18024;Emancipação Política de Sergipe;Estadual;SE
MOBIS BRASIL FABRICACAO DE AUTO PECAS LT;RODOVIARIO;1534592;30/06/2026;11;350233;01/07/2026;NISA COMERCIAL DE VEIC. AUTOMOTORES LTDA;1,03E+13;APARECIDA DE GOIANIA;GO;01/07/2026;09/07/2026;06/07/2026;Entregue No Prazo;;Entrega realizada;Entrega Finalizada;9;7;1;7;RIO VERMELHO;9002;Revolução Constitucionalista de 1932;Estadual;SP
MOBIS BRASIL FABRICACAO DE AUTO PECAS LT;RODOVIARIO;1534834;30/06/2026;1;350271;01/07/2026;GOLDEN MOTORS VEICULOS LTDA;3,62E+12;DOURADOS;MS;01/07/2026;09/07/2026;06/07/2026;Entregue No Prazo;;Entrega realizada;Entrega Finalizada;9;7;1;7;CARVALIMA;12001;Revolução Constitucionalista de 1932;Estadual;SP
MOBIS BRASIL FABRICACAO DE AUTO PECAS LT;RODOVIARIO;1535611;02/07/2026;6;350363;02/07/2026;ANDRETA II DISTRIB.DE VEICULOS LTDA.;9,10E+12;JUNDIAI;SP;02/07/2026;07/07/2026;06/07/2026;Entregue No Prazo;;Entrega realizada;Entrega Finalizada;7;7;2;7;MVT;26040;;;
MOBIS BRASIL FABRICACAO DE AUTO PECAS LT;RODOVIARIO;1535614;02/07/2026;1;350364;02/07/2026;ANDRETA II DISTRIBUIDORA DE VEIC. LTDA;9,10E+12;INDAIATUBA;SP;02/07/2026;07/07/2026;06/07/2026;Entregue No Prazo;;Entrega realizada;Entrega Finalizada;7;7;2;7;MVT;26011;;;
MOBIS BRASIL FABRICACAO DE AUTO PECAS LT;RODOVIARIO;1535615;02/07/2026;2;350365;02/07/2026;ANDRETA II DISTRIBUIDORA DE VEIC. LTDA;9,10E+12;AMERICANA;SP;02/07/2026;07/07/2026;06/07/2026;Entregue No Prazo;;Entrega realizada;Entrega Finalizada;7;7;2;7;MVT;26011;;;
MOBIS BRASIL FABRICACAO DE AUTO PECAS LT;RODOVIARIO;1535624;02/07/2026;3;350368;02/07/2026;H - CAMINHO AUTOMOVEIS LTDA;2,53E+13;LIMEIRA;SP;02/07/2026;07/07/2026;06/07/2026;Entregue No Prazo;;Entrega realizada;Entrega Finalizada;7;7;2;7;MVT;26092;;;
MOBIS BRASIL FABRICACAO DE AUTO PECAS LT;RODOVIARIO;1535586;02/07/2026;1;350383;02/07/2026;LOVAT VEICULOS S/A;8,57E+12;LONDRINA;PR;02/07/2026;08/07/2026;06/07/2026;Entregue No Prazo;;Entrega realizada;Entrega Finalizada;8;7;2;7;TRANSTRY;18008;Emancipação Política de Sergipe;Estadual;SE
MOBIS BRASIL FABRICACAO DE AUTO PECAS LT;RODOVIARIO;1535589;02/07/2026;1;350373;02/07/2026;BARI VEICULOS LTDA;7,46E+12;PONTA GROSSA;PR;02/07/2026;08/07/2026;06/07/2026;Entregue No Prazo;;Entrega realizada;Entrega Finalizada;8;7;2;7;TRANSTRY;18024;Emancipação Política de Sergipe;Estadual;SE
MOBIS BRASIL FABRICACAO DE AUTO PECAS LT;RODOVIARIO;1535625;02/07/2026;4;350369;02/07/2026;H - CAMINHO AUTOMOVEIS LTDA;2,53E+13;CATANDUVA;SP;02/07/2026;08/07/2026;06/07/2026;Entregue No Prazo;;Entrega realizada;Entrega Finalizada;8;7;2;7;MVT;26092;Emancipação Política de Sergipe;Estadual;SE
MOBIS BRASIL FABRICACAO DE AUTO PECAS LT;RODOVIARIO;1535588;02/07/2026;1;350385;02/07/2026;ZENDAI VEICULOS LTDA;1,97E+13;TOLEDO;PR;02/07/2026;09/07/2026;06/07/2026;Entregue No Prazo;;Entrega realizada;Entrega Finalizada;9;7;2;7;TRANSTRY;18016;Revolução Constitucionalista de 1932;Estadual;SP
MOBIS BRASIL FABRICACAO DE AUTO PECAS LT;RODOVIARIO;1535604;02/07/2026;12;350372;02/07/2026;ATUAL VEICULOS LTDA;1,33E+13;CRICIUMA;SC;02/07/2026;09/07/2026;06/07/2026;Entregue No Prazo;;Entrega realizada;Entrega Finalizada;9;7;2;7;TRANSTRY;24001;Revolução Constitucionalista de 1932;Estadual;SP
MOBIS BRASIL FABRICACAO DE AUTO PECAS LT;RODOVIARIO;1535606;02/07/2026;4;350378;02/07/2026;CHINHAN AUTOMOVEIS LTDA.;2,41E+13;CACADOR;SC;02/07/2026;13/07/2026;06/07/2026;Entregue No Prazo;;Entrega realizada;Entrega Finalizada;13;7;2;7;TRANSTRY;24020;;;
MOBIS BRASIL FABRICACAO DE AUTO PECAS LT;RODOVIARIO;1536263;03/07/2026;1;350601;03/07/2026;BILLY DISTRIBUIDORA DE VEICULOS LTDA;1,34E+13;BARUERI;SP;03/07/2026;07/07/2026;06/07/2026;Entregue No Prazo;;Entrega realizada;Entrega Finalizada;7;7;3;7;XD DIADEMA;26003;;;
MOBIS BRASIL FABRICACAO DE AUTO PECAS LT;RODOVIARIO;1536264;03/07/2026;6;350607;03/07/2026;GRAND SPORT COM. DE VEIC. E PECAS LTDA;08577050000229;GUARULHOS;SP;03/07/2026;07/07/2026;06/07/2026;Entregue No Prazo;;Entrega realizada;Entrega Finalizada;7;7;3;7;XD DIADEMA;#N/D;;;
MOBIS BRASIL FABRICACAO DE AUTO PECAS LT;RODOVIARIO;1536268;03/07/2026;1;350606;03/07/2026;CHS MOTORS VEICULOS PECAS E SERV LTDA  ;1,69E+13;SAO PAULO;SP;03/07/2026;07/07/2026;06/07/2026;Entregue No Prazo;;Entrega realizada;Entrega Finalizada;7;7;3;7;XD DIADEMA;26037;;;
MOBIS BRASIL FABRICACAO DE AUTO PECAS LT;RODOVIARIO;1536275;03/07/2026;2;350608;03/07/2026;NOBRE SP DISTRIB. DE VEIC. E PEC. LTDA;1,70E+13;SAO PAULO;SP;03/07/2026;07/07/2026;06/07/2026;Entregue No Prazo;;Entrega realizada;Entrega Finalizada;7;7;3;7;XD DIADEMA;26081;;;
MOBIS BRASIL FABRICACAO DE AUTO PECAS LT;RODOVIARIO;1536276;03/07/2026;2;350603;03/07/2026;CAOA MOTOR DO BRASIL LTDA(NACOES UNIDAS);1,68E+13;SAO PAULO;SP;03/07/2026;07/07/2026;06/07/2026;Entregue No Prazo;;Entrega realizada;Entrega Finalizada;7;7;3;7;XD DIADEMA;26087;;;
MOBIS BRASIL FABRICACAO DE AUTO PECAS LT;RODOVIARIO;1536779;03/07/2026;2;350605;03/07/2026;CHS MOTORS VEICULOS PECAS E SERV. LTDA;1,69E+13;OSASCO;SP;03/07/2026;07/07/2026;06/07/2026;Entregue No Prazo;;Entrega realizada;Entrega Finalizada;7;7;3;7;XD DIADEMA;26106;;;
MOBIS BRASIL FABRICACAO DE AUTO PECAS LT;RODOVIARIO;1535618;02/07/2026;3;350617;03/07/2026;CAOA MOTOR DO BRASIL LTDA;1,68E+13;CAMPINAS;SP;03/07/2026;08/07/2026;06/07/2026;Entregue No Prazo;;Entrega realizada;Entrega Finalizada;8;7;3;7;MVT;5008;Emancipação Política de Sergipe;Estadual;SE
MOBIS BRASIL FABRICACAO DE AUTO PECAS LT;RODOVIARIO;1536229;03/07/2026;1;350643;03/07/2026;SEVEC VEICULOS LTDA;00568480000191;CURITIBA;PR;03/07/2026;08/07/2026;06/07/2026;Entregue No Prazo;;Entrega realizada;Entrega Finalizada;8;7;3;7;TRANSTRY;18012;Emancipação Política de Sergipe;Estadual;SE
MOBIS BRASIL FABRICACAO DE AUTO PECAS LT;RODOVIARIO;1536233;03/07/2026;1;350628;03/07/2026;BARI VEICULOS LTDA;07461763001070;CURITIBA;PR;03/07/2026;08/07/2026;06/07/2026;Entregue No Prazo;;Entrega realizada;Entrega Finalizada;8;7;3;7;TRANSTRY;18024;Emancipação Política de Sergipe;Estadual;SE
MOBIS BRASIL FABRICACAO DE AUTO PECAS LT;RODOVIARIO;1536234;03/07/2026;7;350628;03/07/2026;BARI VEICULOS LTDA;07461763001070;CURITIBA;PR;03/07/2026;08/07/2026;06/07/2026;Entregue No Prazo;;Entrega realizada;Entrega Finalizada;8;7;3;7;TRANSTRY;18024;Emancipação Política de Sergipe;Estadual;SE
MOBIS BRASIL FABRICACAO DE AUTO PECAS LT;RODOVIARIO;1536265;03/07/2026;4;350616;03/07/2026;ANDRETA II DISTRIBUIDORA DE VEIC. LTDA;09103835000222;CAMPINAS;SP;03/07/2026;08/07/2026;06/07/2026;Entregue No Prazo;;Entrega realizada;Entrega Finalizada;8;7;3;7;MVT;26011;Emancipação Política de Sergipe;Estadual;SE
MOBIS BRASIL FABRICACAO DE AUTO PECAS LT;RODOVIARIO;1536267;03/07/2026;143;350837;03/07/2026;NEW VEICULOS E PECAS LTDA;1,59E+13;RIBEIRAO PRETO;SP;03/07/2026;08/07/2026;06/07/2026;Entregue No Prazo;;Entrega realizada;Entrega Finalizada;8;7;3;7;BV LOG;26014;Emancipação Política de Sergipe;Estadual;SE
MOBIS BRASIL FABRICACAO DE AUTO PECAS LT;RODOVIARIO;1536270;03/07/2026;2;350622;03/07/2026;NEW VEICULOS E PECAS LTDA;1,59E+13;FRANCA;SP;03/07/2026;09/07/2026;06/07/2026;Entregue No Prazo;;Entrega realizada;Entrega Finalizada;9;7;3;7;MVT;26014;Revolução Constitucionalista de 1932;Estadual;SP
MOBIS BRASIL FABRICACAO DE AUTO PECAS LT;RODOVIARIO;1536271;03/07/2026;6;350620;03/07/2026;H R B COMERCIO DE VEICULOS LTDA;1,82E+13;SAO JOSE DO RIO PRETO;SP;03/07/2026;09/07/2026;06/07/2026;Entregue No Prazo;;Entrega realizada;Entrega Finalizada;9;7;3;7;MVT;26050;Revolução Constitucionalista de 1932;Estadual;SP
MOBIS BRASIL FABRICACAO DE AUTO PECAS LT;RODOVIARIO;1536273;03/07/2026;1;350623;03/07/2026;NEW VEICULOS E PECAS LTDA.;1,59E+13;ARARAQUARA;SP;03/07/2026;09/07/2026;06/07/2026;Entregue No Prazo;;Entrega realizada;Entrega Finalizada;9;7;3;7;MVT;26071;Revolução Constitucionalista de 1932;Estadual;SP
MOBIS BRASIL FABRICACAO DE AUTO PECAS LT;RODOVIARIO;1536278;03/07/2026;3;350618;03/07/2026;DHC COMERCIO DE VEICULOS E PECAS LTDA;09524129000688;OURINHOS;SP;03/07/2026;09/07/2026;06/07/2026;Entregue No Prazo;;Entrega realizada;Entrega Finalizada;9;7;3;7;MVT;26010;Revolução Constitucionalista de 1932;Estadual;SP
MOBIS BRASIL FABRICACAO DE AUTO PECAS LT;RODOVIARIO;1527205;17/06/2026;2;347933;17/06/2026;MISO VEICULOS LTDA;1,85E+13;MACAPA;AP;17/06/2026;08/07/2026;07/07/2026;Entregue No Prazo;;Entrega realizada;Entrega Finalizada;8;7;17;6;CARVALIMA;4001;Emancipação Política de Sergipe;Estadual;SE
MOBIS BRASIL FABRICACAO DE AUTO PECAS LT;RODOVIARIO;1529669;22/06/2026;2;348618;22/06/2026;MISO VEICULOS LTDA;1,85E+13;MACAPA;AP;22/06/2026;13/07/2026;07/07/2026;Entregue No Prazo;;Entrega realizada;Entrega Finalizada;13;7;22;6;CARVALIMA;4001;;;
MOBIS BRASIL FABRICACAO DE AUTO PECAS LT;RODOVIARIO;1530383;23/06/2026;1;348855;23/06/2026;MASTER COMERCIAL DE VEICULOS LTDA;2,85E+13;JACOBINA;BA;23/06/2026;08/07/2026;07/07/2026;Entregue No Prazo;;Entrega realizada;Entrega Finalizada;8;7;23;6;TERMACO;5013;Emancipação Política de Sergipe;Estadual;SE
MOBIS BRASIL FABRICACAO DE AUTO PECAS LT;RODOVIARIO;1531772;25/06/2026;3;349278;25/06/2026;JPN COMERCIO DE VEICULOS LTDA;3,20E+13;ARAPIRACA;AL;25/06/2026;13/07/2026;07/07/2026;Entregue No Prazo;;Entrega realizada;Entrega Finalizada;13;7;25;6;TERMACO;2003;;;
MOBIS BRASIL FABRICACAO DE AUTO PECAS LT;RODOVIARIO;1531816;25/06/2026;1;349279;25/06/2026;JPN PATOS COMERCIO DE VEICULOS LTDA;4,20E+13;PATOS;PB;25/06/2026;13/07/2026;07/07/2026;Entregue No Prazo;;Entrega realizada;Entrega Finalizada;13;7;25;6;TERMACO;15004;;;
MOBIS BRASIL FABRICACAO DE AUTO PECAS LT;RODOVIARIO;1533700;27/06/2026;1;349719;27/06/2026;NEW VEICULOS E PECAS LTDA;1,59E+13;FRANCA;SP;27/06/2026;03/07/2026;07/07/2026;Entregue Fora do Prazo;;Entrega realizada;Entrega Finalizada;3;7;27;6;MVT;26014;;;
MOBIS BRASIL FABRICACAO DE AUTO PECAS LT;RODOVIARIO;1532397;26/06/2026;9;349544;26/06/2026;JPN PATOS COMERCIO DE VEICULOS LTDA;4,20E+13;PATOS;PB;26/06/2026;14/07/2026;07/07/2026;Entregue No Prazo;;Entrega realizada;Entrega Finalizada;14;7;26;6;TERMACO;15004;Aniversário do Município;Campinas;SP
MOBIS BRASIL FABRICACAO DE AUTO PECAS LT;RODOVIARIO;1533233;27/06/2026;1;349799;29/06/2026;FAZZA MOTORS COMERCIO DE VEICULOS LTDA;1,24E+13;SALVADOR;BA;29/06/2026;09/07/2026;07/07/2026;Entregue No Prazo;;Entrega realizada;Entrega Finalizada;9;7;29;6;TERMACO;5007;Revolução Constitucionalista de 1932;Estadual;SP
MOBIS BRASIL FABRICACAO DE AUTO PECAS LT;RODOVIARIO;1533234;27/06/2026;14;349799;29/06/2026;FAZZA MOTORS COMERCIO DE VEICULOS LTDA;1,24E+13;SALVADOR;BA;29/06/2026;09/07/2026;07/07/2026;Entregue No Prazo;;Entrega realizada;Entrega Finalizada;9;7;29;6;TERMACO;5007;Revolução Constitucionalista de 1932;Estadual;SP
MOBIS BRASIL FABRICACAO DE AUTO PECAS LT;RODOVIARIO;1533266;27/06/2026;2;349794;29/06/2026;COMETA MATO GROSSO COM. DE VEICULOS LTDA;1,54E+13;SINOP;MT;29/06/2026;09/07/2026;07/07/2026;Entregue No Prazo;;Entrega realizada;Entrega Finalizada;9;7;29;6;CARVALIMA;13003;Revolução Constitucionalista de 1932;Estadual;SP
MOBIS BRASIL FABRICACAO DE AUTO PECAS LT;RODOVIARIO;1533682;27/06/2026;1;349794;29/06/2026;COMETA MATO GROSSO COM. DE VEICULOS LTDA;1,54E+13;SINOP;MT;29/06/2026;09/07/2026;07/07/2026;Entregue No Prazo;;Entrega realizada;Entrega Finalizada;9;7;29;6;CARVALIMA;13003;Revolução Constitucionalista de 1932;Estadual;SP
MOBIS BRASIL FABRICACAO DE AUTO PECAS LT;RODOVIARIO;1533300;27/06/2026;1;349795;29/06/2026;COMETA RONDONIA COMERCIO DE VEICULO;4,23E+12;VILHENA;RO;29/06/2026;10/07/2026;07/07/2026;Entregue No Prazo;;Entrega realizada;Entrega Finalizada;10;7;29;6;CARVALIMA;#N/D;;;
MOBIS BRASIL FABRICACAO DE AUTO PECAS LT;RODOVIARIO;1533240;27/06/2026;1;349797;29/06/2026;FAZZA MOTORS COM. DE VEICULOS LTDA;1,24E+13;FORTALEZA;CE;29/06/2026;13/07/2026;07/07/2026;Entregue No Prazo;;Entrega realizada;Entrega Finalizada;13;7;29;6;TERMACO;6001;;;
MOBIS BRASIL FABRICACAO DE AUTO PECAS LT;RODOVIARIO;1533241;27/06/2026;7;349798;29/06/2026;FAZZA MOTORS COMERCIO DE VEICULOS LTDA;1,24E+13;FORTALEZA;CE;29/06/2026;13/07/2026;07/07/2026;Entregue No Prazo;;Entrega realizada;Entrega Finalizada;13;7;29;6;TERMACO;5007;;;
MOBIS BRASIL FABRICACAO DE AUTO PECAS LT;RODOVIARIO;1533242;27/06/2026;1;349790;29/06/2026;CAOA MOTOR DO BRASIL LTDA;1,68E+13;FORTALEZA;CE;29/06/2026;13/07/2026;07/07/2026;Entregue No Prazo;;Entrega realizada;Entrega Finalizada;13;7;29;6;TERMACO;5008;;;
MOBIS BRASIL FABRICACAO DE AUTO PECAS LT;RODOVIARIO;1533252;27/06/2026;1;349770;29/06/2026;NASA MOTORS LTDA.;2,65E+13;SAO LUIS DE MONTES BELOS;GO;29/06/2026;13/07/2026;07/07/2026;Entregue No Prazo;;Entrega realizada;Entrega Finalizada;13;7;29;6;RIO VERMELHO;9016;;;
MOBIS BRASIL FABRICACAO DE AUTO PECAS LT;RODOVIARIO;1533268;27/06/2026;1;349811;29/06/2026;NACIONAL NOVA MARABA DIST DE VEIC. LTDA;1,70E+13;MARABA;PA;29/06/2026;13/07/2026;07/07/2026;Entregue No Prazo;;Entrega realizada;Entrega Finalizada;13;7;29;6;CARVALIMA;14005;;;
MOBIS BRASIL FABRICACAO DE AUTO PECAS LT;RODOVIARIO;1533235;27/06/2026;2;349815;29/06/2026;PATEO COMERCIO DE VEICULOS S A;7,78E+12;FEIRA DE SANTANA;BA;29/06/2026;14/07/2026;07/07/2026;Entregue No Prazo;;Entrega realizada;Entrega Finalizada;14;7;29;6;TERMACO;5009;Aniversário do Município;Campinas;SP
MOBIS BRASIL FABRICACAO DE AUTO PECAS LT;RODOVIARIO;1533237;27/06/2026;1;349809;29/06/2026;MASTER COMERCIAL DE VEICULOS LTDA;2,85E+13;BARREIRAS;BA;29/06/2026;14/07/2026;07/07/2026;Entregue No Prazo;;Entrega realizada;Entrega Finalizada;14;7;29;6;TERMACO;5012;Aniversário do Município;Campinas;SP
MOBIS BRASIL FABRICACAO DE AUTO PECAS LT;RODOVIARIO;1533238;27/06/2026;1;349809;29/06/2026;MASTER COMERCIAL DE VEICULOS LTDA;2,85E+13;BARREIRAS;BA;29/06/2026;14/07/2026;07/07/2026;Entregue No Prazo;;Entrega realizada;Entrega Finalizada;14;7;29;6;TERMACO;5012;Aniversário do Município;Campinas;SP
MOBIS BRASIL FABRICACAO DE AUTO PECAS LT;RODOVIARIO;1533271;27/06/2026;4;349818;29/06/2026;PATEO COMERCIO DE VEICULOS S A;7,78E+12;JOAO PESSOA;PB;29/06/2026;14/07/2026;07/07/2026;Entregue No Prazo;;Entrega realizada;Entrega Finalizada;14;7;29;6;TERMACO;15003;Aniversário do Município;Campinas;SP
MOBIS BRASIL FABRICACAO DE AUTO PECAS LT;RODOVIARIO;1533675;27/06/2026;5;349815;29/06/2026;PATEO COMERCIO DE VEICULOS S A;7,78E+12;FEIRA DE SANTANA;BA;29/06/2026;14/07/2026;07/07/2026;Entregue No Prazo;;Entrega realizada;Entrega Finalizada;14;7;29;6;TERMACO;5009;Aniversário do Município;Campinas;SP
MOBIS BRASIL FABRICACAO DE AUTO PECAS LT;RODOVIARIO;1533274;27/06/2026;1;349789;29/06/2026;AUTORAC VEICULOS LTDA;1,06E+13;PETROLINA;PE;29/06/2026;15/07/2026;07/07/2026;Entregue No Prazo;;Entrega realizada;Entrega Finalizada;15;7;29;6;TERMACO;16001;;;
MOBIS BRASIL FABRICACAO DE AUTO PECAS LT;RODOVIARIO;1534280;30/06/2026;2;350165;30/06/2026;AMX COM. E SERVICOS DE AUTOMOTORES LTDA;1,20E+13;RIO DE JANEIRO;RJ;30/06/2026;06/07/2026;07/07/2026;Entregue Fora do Prazo;;Entrega realizada;Entrega Finalizada;6;7;30;6;CAMILO;19009;;;
MOBIS BRASIL FABRICACAO DE AUTO PECAS LT;RODOVIARIO;1534283;30/06/2026;11;350182;30/06/2026;ITAVEMA MOTORS VEICULOS LTDA;7,73E+12;RIO DE JANEIRO;RJ;30/06/2026;06/07/2026;07/07/2026;Entregue Fora do Prazo;;Entrega realizada;Entrega Finalizada;6;7;30;6;CAMILO;19001;;;
MOBIS BRASIL FABRICACAO DE AUTO PECAS LT;RODOVIARIO;1534515;30/06/2026;4;350165;30/06/2026;AMX COM. E SERVICOS DE AUTOMOTORES LTDA;1,20E+13;RIO DE JANEIRO;RJ;30/06/2026;06/07/2026;07/07/2026;Entregue Fora do Prazo;;Entrega realizada;Entrega Finalizada;6;7;30;6;CAMILO;19009;;;
MOBIS BRASIL FABRICACAO DE AUTO PECAS LT;RODOVIARIO;1534516;30/06/2026;9;350182;30/06/2026;ITAVEMA MOTORS VEICULOS LTDA;7,73E+12;RIO DE JANEIRO;RJ;30/06/2026;06/07/2026;07/07/2026;Entregue Fora do Prazo;;Entrega realizada;Entrega Finalizada;6;7;30;6;CAMILO;19001;;;
MOBIS BRASIL FABRICACAO DE AUTO PECAS LT;RODOVIARIO;1534252;30/06/2026;14;350204;30/06/2026;TAI MOTORS VEICULOS S/A;9,27E+12;VITORIA;ES;30/06/2026;07/07/2026;07/07/2026;Entregue No Prazo;;Entrega realizada;Entrega Finalizada;7;7;30;6;CAMILO;8002;;;
MOBIS BRASIL FABRICACAO DE AUTO PECAS LT;RODOVIARIO;1534482;30/06/2026;5;350204;30/06/2026;TAI MOTORS VEICULOS S/A;9,27E+12;VITORIA;ES;30/06/2026;07/07/2026;07/07/2026;Entregue No Prazo;;Entrega realizada;Entrega Finalizada;7;7;30;6;CAMILO;8002;;;
MOBIS BRASIL FABRICACAO DE AUTO PECAS LT;RODOVIARIO;1534253;30/06/2026;2;350196;30/06/2026;PRIME CACHOEIRO VEICULOS LTDA EPP;9,34E+12;CACHOEIRO DE ITAPEMIRIM;ES;30/06/2026;08/07/2026;07/07/2026;Entregue No Prazo;;Entrega realizada;Entrega Finalizada;8;7;30;6;CAMILO;8003;Emancipação Política de Sergipe;Estadual;SE
MOBIS BRASIL FABRICACAO DE AUTO PECAS LT;RODOVIARIO;1534254;30/06/2026;2;350196;30/06/2026;PRIME CACHOEIRO VEICULOS LTDA EPP;9,34E+12;CACHOEIRO DE ITAPEMIRIM;ES;30/06/2026;08/07/2026;07/07/2026;Entregue No Prazo;;Entrega realizada;Entrega Finalizada;8;7;30;6;CAMILO;8003;Emancipação Política de Sergipe;Estadual;SE
MOBIS BRASIL FABRICACAO DE AUTO PECAS LT;RODOVIARIO;1534258;30/06/2026;2;349890;30/06/2026;NISA COMERCIAL DE VEIC. AUTOMOTORES LTDA;1,03E+13;GOIANIA;GO;30/06/2026;08/07/2026;07/07/2026;Entregue No Prazo;;Entrega realizada;Entrega Finalizada;8;7;30;6;RIO VERMELHO;9013;Emancipação Política de Sergipe;Estadual;SE
MOBIS BRASIL FABRICACAO DE AUTO PECAS LT;RODOVIARIO;1534486;30/06/2026;2;349890;30/06/2026;NISA COMERCIAL DE VEIC. AUTOMOTORES LTDA;1,03E+13;GOIANIA;GO;30/06/2026;08/07/2026;07/07/2026;Entregue No Prazo;;Entrega realizada;Entrega Finalizada;8;7;30;6;RIO VERMELHO;9013;Emancipação Política de Sergipe;Estadual;SE
MOBIS BRASIL FABRICACAO DE AUTO PECAS LT;RODOVIARIO;1534245;30/06/2026;35;350190;30/06/2026;PATEO COMERCIO DE VEICULOS S A;7,78E+12;SALVADOR;BA;30/06/2026;10/07/2026;07/07/2026;Entregue No Prazo;;Entrega realizada;Entrega Finalizada;10;7;30;6;TERMACO;5003;;;
MOBIS BRASIL FABRICACAO DE AUTO PECAS LT;RODOVIARIO;1534246;30/06/2026;1;350177;30/06/2026;FAZZA MOTORS COMERCIO DE VEICULOS LTDA;1,24E+13;SALVADOR;BA;30/06/2026;10/07/2026;07/07/2026;Entregue No Prazo;;Entrega realizada;Entrega Finalizada;10;7;30;6;TERMACO;5007;;;
MOBIS BRASIL FABRICACAO DE AUTO PECAS LT;RODOVIARIO;1534267;30/06/2026;2;350173;30/06/2026;COMETA MATO GROSSO COM. DE VEICULOS LTDA;1,54E+13;RONDONOPOLIS;MT;30/06/2026;10/07/2026;07/07/2026;Entregue No Prazo;;Entrega realizada;Entrega Finalizada;10;7;30;6;CARVALIMA;13006;;;
MOBIS BRASIL FABRICACAO DE AUTO PECAS LT;RODOVIARIO;1534476;30/06/2026;3;350190;30/06/2026;PATEO COMERCIO DE VEICULOS S A;7,78E+12;SALVADOR;BA;30/06/2026;10/07/2026;07/07/2026;Entregue No Prazo;;Entrega realizada;Entrega Finalizada;10;7;30;6;TERMACO;5003;;;
MOBIS BRASIL FABRICACAO DE AUTO PECAS LT;RODOVIARIO;1534487;30/06/2026;1;349902;30/06/2026;URCA MOTORS VEICULOS LTDA;8,77E+12;RIO VERDE;GO;30/06/2026;10/07/2026;07/07/2026;Entregue No Prazo;;Entrega realizada;Entrega Finalizada;10;7;30;6;RIO VERMELHO;9014;;;
MOBIS BRASIL FABRICACAO DE AUTO PECAS LT;RODOVIARIO;1534501;30/06/2026;2;350173;30/06/2026;COMETA MATO GROSSO COM. DE VEICULOS LTDA;1,54E+13;RONDONOPOLIS;MT;30/06/2026;10/07/2026;07/07/2026;Entregue No Prazo;;Entrega realizada;Entrega Finalizada;10;7;30;6;CARVALIMA;13006;;;
MOBIS BRASIL FABRICACAO DE AUTO PECAS LT;RODOVIARIO;1534538;30/06/2026;3;350202;30/06/2026;SAINT LAND COMERCIO DE VEICULOS LTDA;1,04E+13;ARACAJU;SE;30/06/2026;13/07/2026;07/07/2026;Entregue No Prazo;;Entrega realizada;Entrega Finalizada;13;7;30;6;TERMACO;6010;;;
MOBIS BRASIL FABRICACAO DE AUTO PECAS LT;RODOVIARIO;1534488;30/06/2026;4;349889;30/06/2026;NASA MOTORS LTDA.;2,65E+13;SAO LUIS DE MONTES BELOS;GO;30/06/2026;14/07/2026;07/07/2026;Entregue No Prazo;;Entrega realizada;Entrega Finalizada;14;7;30;6;RIO VERMELHO;9016;Aniversário do Município;Campinas;SP
MOBIS BRASIL FABRICACAO DE AUTO PECAS LT;RODOVIARIO;1534288;30/06/2026;1;350172;30/06/2026;COMETA JI PARANA COM. DE VEIC. LTDA;4,23E+12;JIPARANA;RO;30/06/2026;17/07/2026;07/07/2026;Entregue No Prazo;;Entrega realizada;Entrega Finalizada;17;7;30;6;CARVALIMA;21002;;;
MOBIS BRASIL FABRICACAO DE AUTO PECAS LT;RODOVIARIO;1534598;30/06/2026;74;350252;01/07/2026;CARWAY SUL VEICULOS LTDA;1,03E+13;CANOAS;RS;01/07/2026;07/07/2026;07/07/2026;Entregue No Prazo;;Entrega realizada;Entrega Finalizada;7;7;1;7;TRANSTRY;23003;;;
MOBIS BRASIL FABRICACAO DE AUTO PECAS LT;RODOVIARIO;1535580;02/07/2026;1;350347;02/07/2026;BDG AUTOVILLE VEICULOS LTDA;4,77E+13;CONTAGEM;MG;02/07/2026;07/07/2026;07/07/2026;Entregue No Prazo;;Entrega realizada;Entrega Finalizada;7;7;2;7;XD BETIM;11037;;;
MOBIS BRASIL FABRICACAO DE AUTO PECAS LT;RODOVIARIO;1535581;02/07/2026;3;350347;02/07/2026;BDG AUTOVILLE VEICULOS LTDA;4,77E+13;CONTAGEM;MG;02/07/2026;07/07/2026;07/07/2026;Entregue No Prazo;;Entrega realizada;Entrega Finalizada;7;7;2;7;XD BETIM;11037;;;
MOBIS BRASIL FABRICACAO DE AUTO PECAS LT;RODOVIARIO;1536036;02/07/2026;6;350359;02/07/2026;TAI MOTORS VEICULOS S/A;9,27E+12;BELO HORIZONTE;MG;02/07/2026;07/07/2026;07/07/2026;Entregue No Prazo;;Entrega realizada;Entrega Finalizada;7;7;2;7;XD BETIM;8002;;;
MOBIS BRASIL FABRICACAO DE AUTO PECAS LT;RODOVIARIO;1535573;02/07/2026;5;350410;02/07/2026;VIA BRASIL AUTOMOVEIS LTDA.;4,72E+12;SERRA;ES;02/07/2026;09/07/2026;07/07/2026;Entregue No Prazo;;Entrega realizada;Entrega Finalizada;9;7;2;7;CAMILO;8001;Revolução Constitucionalista de 1932;Estadual;SP
MOBIS BRASIL FABRICACAO DE AUTO PECAS LT;RODOVIARIO;1535574;02/07/2026;2;350406;02/07/2026;TAI MOTORS VEICULOS S/A;9,27E+12;VITORIA;ES;02/07/2026;09/07/2026;07/07/2026;Entregue No Prazo;;Entrega realizada;Entrega Finalizada;9;7;2;7;CAMILO;8002;Revolução Constitucionalista de 1932;Estadual;SP
MOBIS BRASIL FABRICACAO DE AUTO PECAS LT;RODOVIARIO;1535603;02/07/2026;3;350381;02/07/2026;HOUSE PARTS COMERCIO DE PECAS E VEI;1,15E+13;CAXIAS DO SUL;RS;02/07/2026;09/07/2026;07/07/2026;Entregue No Prazo;;Entrega realizada;Entrega Finalizada;9;7;2;7;TRANSTRY;23023;Revolução Constitucionalista de 1932;Estadual;SP
MOBIS BRASIL FABRICACAO DE AUTO PECAS LT;RODOVIARIO;1535605;02/07/2026;5;350374;02/07/2026;BARI VEICULOS LTDA;7,46E+12;BLUMENAU;SC;02/07/2026;09/07/2026;07/07/2026;Entregue No Prazo;;Entrega realizada;Entrega Finalizada;9;7;2;7;TRANSTRY;18024;Revolução Constitucionalista de 1932;Estadual;SP
MOBIS BRASIL FABRICACAO DE AUTO PECAS LT;RODOVIARIO;1535572;02/07/2026;46;350356;02/07/2026;SAGA KOREA COM. DE VEIC. E PC. LTDA;1,27E+13;BRASILIA;DF;02/07/2026;10/07/2026;07/07/2026;Entregue No Prazo;;Entrega realizada;Entrega Finalizada;10;7;2;7;RIO VERMELHO;7005;;;
MOBIS BRASIL FABRICACAO DE AUTO PECAS LT;RODOVIARIO;1535576;02/07/2026;120;350357;02/07/2026;SAGA KOREA COM. DE VEIC. E PC. LTDA;1,27E+13;GOIANIA;GO;02/07/2026;10/07/2026;07/07/2026;Entregue No Prazo;;Entrega realizada;Entrega Finalizada;10;7;2;7;RIO VERMELHO;9011;;;
MOBIS BRASIL FABRICACAO DE AUTO PECAS LT;RODOVIARIO;1536209;03/07/2026;19;350604;03/07/2026;CARBEL KOREA VEICULOS LTDA;2,07E+13;BELO HORIZONTE;MG;03/07/2026;08/07/2026;07/07/2026;Entregue No Prazo;;Entrega realizada;Entrega Finalizada;8;7;3;7;XD BETIM;11021;Emancipação Política de Sergipe;Estadual;SE
MOBIS BRASIL FABRICACAO DE AUTO PECAS LT;RODOVIARIO;1536210;03/07/2026;2;350602;03/07/2026;CAOA MOTOR DO BRASIL LTDA;1,68E+13;BELO HORIZONTE;MG;03/07/2026;08/07/2026;07/07/2026;Entregue No Prazo;;Entrega realizada;Entrega Finalizada;8;7;3;7;XD BETIM;5008;Emancipação Política de Sergipe;Estadual;SE
MOBIS BRASIL FABRICACAO DE AUTO PECAS LT;RODOVIARIO;1536215;03/07/2026;41;350600;03/07/2026;BDG AUTOVILLE VEICULOS LTDA;4,77E+13;CONTAGEM;MG;03/07/2026;08/07/2026;07/07/2026;Entregue No Prazo;;Entrega realizada;Entrega Finalizada;8;7;3;7;XD BETIM;11037;Emancipação Política de Sergipe;Estadual;SE
MOBIS BRASIL FABRICACAO DE AUTO PECAS LT;RODOVIARIO;1536232;03/07/2026;2;350632;03/07/2026;BARI VEICULOS LTDA.;07461763000855;CURITIBA;PR;03/07/2026;08/07/2026;07/07/2026;Entregue No Prazo;;Entrega realizada;Entrega Finalizada;8;7;3;7;TRANSTRY;#N/D;Emancipação Política de Sergipe;Estadual;SE
MOBIS BRASIL FABRICACAO DE AUTO PECAS LT;RODOVIARIO;1536266;03/07/2026;1;350621;03/07/2026;MOTONET COMERCIO DE VEICULOS LTDA;09277968000134;SOROCABA;SP;03/07/2026;08/07/2026;07/07/2026;Entregue No Prazo;;Entrega realizada;Entrega Finalizada;8;7;3;7;MVT;26113;Emancipação Política de Sergipe;Estadual;SE
MOBIS BRASIL FABRICACAO DE AUTO PECAS LT;RODOVIARIO;1536269;03/07/2026;3;350615;03/07/2026;ANDRETA II DISTRIB.DE VEICULOS LTDA.;09103835000141;JUNDIAI;SP;03/07/2026;08/07/2026;07/07/2026;Entregue No Prazo;;Entrega realizada;Entrega Finalizada;8;7;3;7;MVT;#N/D;Emancipação Política de Sergipe;Estadual;SE
MOBIS BRASIL FABRICACAO DE AUTO PECAS LT;RODOVIARIO;1536777;03/07/2026;12;350612;03/07/2026;TAI MOTORS VEICULOS S/A;09272047000421;BELO HORIZONTE;MG;03/07/2026;08/07/2026;07/07/2026;Entregue No Prazo;;Entrega realizada;Entrega Finalizada;8;7;3;7;XD BETIM;8002;Emancipação Política de Sergipe;Estadual;SE
MOBIS BRASIL FABRICACAO DE AUTO PECAS LT;RODOVIARIO;1536212;03/07/2026;1;350699;03/07/2026;VIME POCOS COM. DE VEICULOS E PECAS LTDA;3,43E+13;POCOS DE CALDAS;MG;03/07/2026;09/07/2026;07/07/2026;Entregue No Prazo;;Entrega realizada;Entrega Finalizada;9;7;3;7;XD BETIM;11033;Revolução Constitucionalista de 1932;Estadual;SP
MOBIS BRASIL FABRICACAO DE AUTO PECAS LT;RODOVIARIO;1536272;03/07/2026;1;350619;03/07/2026;GOLDEN MOTORS VEICULOS LTDA;03621547000798;ARACATUBA;SP;03/07/2026;09/07/2026;07/07/2026;Entregue No Prazo;;Entrega realizada;Entrega Finalizada;9;7;3;7;MVT;12001;Revolução Constitucionalista de 1932;Estadual;SP
MOBIS BRASIL FABRICACAO DE AUTO PECAS LT;RODOVIARIO;1536200;03/07/2026;3;350696;03/07/2026;VIA BRASIL AUTOMOVEIS LTDA.;04717513000250;SERRA;ES;03/07/2026;10/07/2026;07/07/2026;Entregue No Prazo;;Entrega realizada;Entrega Finalizada;10;7;3;7;CAMILO;#N/D;;;
MOBIS BRASIL FABRICACAO DE AUTO PECAS LT;RODOVIARIO;1536213;03/07/2026;1;350690;03/07/2026;TAI MOTORS VEICULOS S/A;09272047000936;MURIAE;MG;03/07/2026;10/07/2026;07/07/2026;Entregue No Prazo;;Entrega realizada;Entrega Finalizada;10;7;3;7;XD BETIM;8002;;;
MOBIS BRASIL FABRICACAO DE AUTO PECAS LT;RODOVIARIO;1536239;03/07/2026;2;350697;03/07/2026;VIA VR VEICULOS LTDA;1,73E+13;VOLTA REDONDA;RJ;03/07/2026;10/07/2026;07/07/2026;Entregue No Prazo;;Entrega realizada;Entrega Finalizada;10;7;3;7;CAMILO;19016;;;
MOBIS BRASIL FABRICACAO DE AUTO PECAS LT;RODOVIARIO;1536198;03/07/2026;3;350610;03/07/2026;SAGA KOREA COM. DE VEIC. E PC. LTDA;1,27E+13;BRASILIA;DF;03/07/2026;13/07/2026;07/07/2026;Entregue No Prazo;;Entrega realizada;Entrega Finalizada;13;7;3;7;RIO VERMELHO;7004;;;
MOBIS BRASIL FABRICACAO DE AUTO PECAS LT;RODOVIARIO;1536199;03/07/2026;1;350611;03/07/2026;SAGA KOREA COM. DE VEIC. E PC. LTDA;1,27E+13;BRASILIA;DF;03/07/2026;13/07/2026;07/07/2026;Entregue No Prazo;;Entrega realizada;Entrega Finalizada;13;7;3;7;RIO VERMELHO;7005;;;
MOBIS BRASIL FABRICACAO DE AUTO PECAS LT;RODOVIARIO;1536217;03/07/2026;2;350670;03/07/2026;COMETA MATO GROSSO COM. DE VEICULOS LTDA;1,54E+13;SINOP;MT;03/07/2026;15/07/2026;07/07/2026;Entregue No Prazo;;Entrega realizada;Entrega Finalizada;15;7;3;7;CARVALIMA;13003;;;
MOBIS BRASIL FABRICACAO DE AUTO PECAS LT;RODOVIARIO;1536955;06/07/2026;22;350951;06/07/2026;BILLY DISTRIBUIDORA DE VEICULOS LTDA;1,34E+13;BARUERI;SP;06/07/2026;08/07/2026;07/07/2026;Entregue No Prazo;;Entrega realizada;Entrega Finalizada;8;7;6;7;XD DIADEMA;26003;Emancipação Política de Sergipe;Estadual;SE
MOBIS BRASIL FABRICACAO DE AUTO PECAS LT;RODOVIARIO;1536956;06/07/2026;1;350959;06/07/2026;NOBRE DISTRIBUIDORA DE VEIC. E PEC. LTDA;5,76E+12;MOGI DAS CRUZES;SP;06/07/2026;08/07/2026;07/07/2026;Entregue No Prazo;;Entrega realizada;Entrega Finalizada;8;7;6;7;XD DIADEMA;26004;Emancipação Política de Sergipe;Estadual;SE
MOBIS BRASIL FABRICACAO DE AUTO PECAS LT;RODOVIARIO;1536957;06/07/2026;2;350954;06/07/2026;GRAND SPORT COM. DE VEIC. E PECAS LTDA;8,58E+12;GUARULHOS;SP;06/07/2026;08/07/2026;07/07/2026;Entregue No Prazo;;Entrega realizada;Entrega Finalizada;8;7;6;7;XD DIADEMA;26005;Emancipação Política de Sergipe;Estadual;SE
MOBIS BRASIL FABRICACAO DE AUTO PECAS LT;RODOVIARIO;1536961;06/07/2026;3;350955;06/07/2026;GRAND SPORT COM. DE VEIC. E PECAS LTDA;8,58E+12;SAO PAULO;SP;06/07/2026;08/07/2026;07/07/2026;Entregue No Prazo;;Entrega realizada;Entrega Finalizada;8;7;6;7;XD DIADEMA;26034;Emancipação Política de Sergipe;Estadual;SE
MOBIS BRASIL FABRICACAO DE AUTO PECAS LT;RODOVIARIO;1536931;06/07/2026;1;351043;06/07/2026;SEVEC VEICULOS LTDA;5,68E+11;CURITIBA;PR;06/07/2026;09/07/2026;07/07/2026;Entregue No Prazo;;Entrega realizada;Entrega Finalizada;9;7;6;7;TRANSTRY;18012;Revolução Constitucionalista de 1932;Estadual;SP
MOBIS BRASIL FABRICACAO DE AUTO PECAS LT;RODOVIARIO;1536935;06/07/2026;18;351031;06/07/2026;BARI VEICULOS LTDA;7,46E+12;CURITIBA;PR;06/07/2026;09/07/2026;07/07/2026;Entregue No Prazo;;Entrega realizada;Entrega Finalizada;9;7;6;7;TRANSTRY;18024;Revolução Constitucionalista de 1932;Estadual;SP
MOBIS BRASIL FABRICACAO DE AUTO PECAS LT;RODOVIARIO;1536958;06/07/2026;1;351077;06/07/2026;ANDRETA II DISTRIBUIDORA DE VEIC. LTDA;9,10E+12;CAMPINAS;SP;06/07/2026;09/07/2026;07/07/2026;Entregue No Prazo;;Entrega realizada;Entrega Finalizada;9;7;6;7;BV LOG;26011;Revolução Constitucionalista de 1932;Estadual;SP
MOBIS BRASIL FABRICACAO DE AUTO PECAS LT;RODOVIARIO;1536959;06/07/2026;26;351077;06/07/2026;ANDRETA II DISTRIBUIDORA DE VEIC. LTDA;9,10E+12;CAMPINAS;SP;06/07/2026;09/07/2026;07/07/2026;Entregue No Prazo;;Entrega realizada;Entrega Finalizada;9;7;6;7;BV LOG;26011;Revolução Constitucionalista de 1932;Estadual;SP
MOBIS BRASIL FABRICACAO DE AUTO PECAS LT;RODOVIARIO;1536960;06/07/2026;128;351076;06/07/2026;NEW VEICULOS E PECAS LTDA;1,59E+13;RIBEIRAO PRETO;SP;06/07/2026;09/07/2026;07/07/2026;Entregue No Prazo;;Entrega realizada;Entrega Finalizada;9;7;6;7;BV LOG;26014;Revolução Constitucionalista de 1932;Estadual;SP
MOBIS BRASIL FABRICACAO DE AUTO PECAS LT;RODOVIARIO;1536964;06/07/2026;1;350989;06/07/2026;ANDRETA II DISTRIBUIDORA DE VEIC. LTDA;9,10E+12;INDAIATUBA;SP;06/07/2026;09/07/2026;07/07/2026;Entregue No Prazo;;Entrega realizada;Entrega Finalizada;9;7;6;7;MVT;26011;Revolução Constitucionalista de 1932;Estadual;SP
MOBIS BRASIL FABRICACAO DE AUTO PECAS LT;RODOVIARIO;1536965;06/07/2026;4;350988;06/07/2026;ANDRETA II DISTRIBUIDORA DE VEIC. LTDA;9,10E+12;AMERICANA;SP;06/07/2026;09/07/2026;07/07/2026;Entregue No Prazo;;Entrega realizada;Entrega Finalizada;9;7;6;7;MVT;26011;Revolução Constitucionalista de 1932;Estadual;SP
MOBIS BRASIL FABRICACAO DE AUTO PECAS LT;RODOVIARIO;1536971;06/07/2026;27;351078;06/07/2026;DESTAQUE SEUL DISTR. DE VEIC. E PC. LTDA;2,12E+13;ATIBAIA;SP;06/07/2026;09/07/2026;07/07/2026;Entregue No Prazo;;Entrega realizada;Entrega Finalizada;9;7;6;7;BV LOG;26075;Revolução Constitucionalista de 1932;Estadual;SP
MOBIS BRASIL FABRICACAO DE AUTO PECAS LT;RODOVIARIO;1536966;06/07/2026;6;350996;06/07/2026;NEW VEICULOS E PECAS LTDA;1,59E+13;FRANCA;SP;06/07/2026;10/07/2026;07/07/2026;Entregue No Prazo;;Entrega realizada;Entrega Finalizada;10;7;6;7;MVT;26014;;;
MOBIS BRASIL FABRICACAO DE AUTO PECAS LT;RODOVIARIO;1536974;06/07/2026;1;350994;06/07/2026;H - CAMINHO AUTOMOVEIS LTDA;2,53E+13;PIRACICABA;SP;06/07/2026;10/07/2026;07/07/2026;Entregue No Prazo;;Entrega realizada;Entrega Finalizada;10;7;6;7;MVT;26092;;;
MOBIS BRASIL FABRICACAO DE AUTO PECAS LT;RODOVIARIO;1536967;06/07/2026;3;351086;07/07/2026;H R B COMERCIO DE VEICULOS LTDA;1,82E+13;SAO JOSE DO RIO PRETO;SP;07/07/2026;13/07/2026;07/07/2026;Entregue No Prazo;;Entrega realizada;Entrega Finalizada;13;7;7;7;BV LOG;26050;;;
MOBIS BRASIL FABRICACAO DE AUTO PECAS LT;RODOVIARIO;1536968;06/07/2026;97;351086;07/07/2026;H R B COMERCIO DE VEICULOS LTDA;1,82E+13;SAO JOSE DO RIO PRETO;SP;07/07/2026;13/07/2026;07/07/2026;Entregue No Prazo;;Entrega realizada;Entrega Finalizada;13;7;7;7;BV LOG;26050;;;
MOBIS BRASIL FABRICACAO DE AUTO PECAS LT;RODOVIARIO;1531294;24/06/2026;4;349020;24/06/2026;NISA COMERCIAL DE VEIC. AUTOMOTORES LTDA;1,03E+13;APARECIDA DE GOIANIA;GO;24/06/2026;02/07/2026;08/07/2026;Entregue Fora do Prazo;;Entrega realizada;Entrega Finalizada;2;7;24;6;RIO VERMELHO;9002;Independência da Bahia;Estadual;BA
MOBIS BRASIL FABRICACAO DE AUTO PECAS LT;RODOVIARIO;1531282;24/06/2026;4;349191;24/06/2026;PATEO COMERCIO DE VEICULOS S A;7,78E+12;MANAUS;AM;24/06/2026;20/07/2026;08/07/2026;Entregue No Prazo;;Entrega realizada;Entrega Finalizada;20;7;24;6;CARVALIMA;3002;;;
MOBIS BRASIL FABRICACAO DE AUTO PECAS LT;RODOVIARIO;1531814;25/06/2026;1;349281;25/06/2026;MISO VEICULOS LTDA;1,85E+13;SANTAREM;PA;25/06/2026;09/07/2026;08/07/2026;Entregue No Prazo;;Entrega realizada;Entrega Finalizada;9;7;25;6;CARVALIMA;4001;Revolução Constitucionalista de 1932;Estadual;SP
MOBIS BRASIL FABRICACAO DE AUTO PECAS LT;RODOVIARIO;1531770;25/06/2026;5;349301;25/06/2026;ULSAN COMERCIO DE VEICULOS LTDA;2,10E+13;RIO BRANCO;AC;25/06/2026;14/07/2026;08/07/2026;Entregue No Prazo;;Entrega realizada;Entrega Finalizada;14;7;25;6;CARVALIMA;21004;Aniversário do Município;Campinas;SP
MOBIS BRASIL FABRICACAO DE AUTO PECAS LT;RODOVIARIO;1533298;27/06/2026;1;349821;29/06/2026;SAGA ASIA COM. DE VEIC.PC.E SERV. LTDA;2,14E+13;PORTO VELHO;RO;29/06/2026;10/07/2026;08/07/2026;Entregue No Prazo;;Entrega realizada;Entrega Finalizada;10;7;29;6;CARVALIMA;21003;;;
MOBIS BRASIL FABRICACAO DE AUTO PECAS LT;RODOVIARIO;1533299;27/06/2026;11;349821;29/06/2026;SAGA ASIA COM. DE VEIC.PC.E SERV. LTDA;2,14E+13;PORTO VELHO;RO;29/06/2026;10/07/2026;08/07/2026;Entregue No Prazo;Avaria;Entrega realizada;Entrega Finalizada;10;7;29;6;CARVALIMA;21003;;;
MOBIS BRASIL FABRICACAO DE AUTO PECAS LT;RODOVIARIO;1533229;27/06/2026;7;349796;29/06/2026;CYCOSA AUTOMOVEIS LTDA;4,76E+12;MACEIO;AL;29/06/2026;13/07/2026;08/07/2026;Entregue No Prazo;;Entrega realizada;Entrega Finalizada;13;7;29;6;TERMACO;2001;;;
MOBIS BRASIL FABRICACAO DE AUTO PECAS LT;RODOVIARIO;1533275;27/06/2026;2;349802;29/06/2026;GREEN CITY VEICULOS LTDA;2,10E+13;TERESINA;PI;29/06/2026;15/07/2026;08/07/2026;Entregue No Prazo;;Entrega realizada;Entrega Finalizada;15;7;29;6;TERMACO;17002;;;
MOBIS BRASIL FABRICACAO DE AUTO PECAS LT;RODOVIARIO;1533277;27/06/2026;1;349804;29/06/2026;GREEN CITY VEICULOS LTDA;2,10E+13;TERESINA;PI;29/06/2026;15/07/2026;08/07/2026;Entregue No Prazo;;Entrega realizada;Entrega Finalizada;15;7;29;6;TERMACO;17002;;;
MOBIS BRASIL FABRICACAO DE AUTO PECAS LT;RODOVIARIO;1533296;27/06/2026;1;349812;29/06/2026;ORIENTE AUTOMOVEIS LTDA;1,33E+13;PARNAMIRIM;RN;29/06/2026;15/07/2026;08/07/2026;Entregue No Prazo;;Entrega realizada;Entrega Finalizada;15;7;29;6;TERMACO;20001;;;
MOBIS BRASIL FABRICACAO DE AUTO PECAS LT;RODOVIARIO;1534284;30/06/2026;2;350205;30/06/2026;TAI MOTORS VEICULOS S/A.;9,27E+12;CAMPOS DOS GOYTACAZES;RJ;30/06/2026;07/07/2026;08/07/2026;Entregue Fora do Prazo;;Entrega realizada;Entrega Finalizada;7;7;30;6;CAMILO;19023;;;
MOBIS BRASIL FABRICACAO DE AUTO PECAS LT;RODOVIARIO;1534517;30/06/2026;1;350205;30/06/2026;TAI MOTORS VEICULOS S/A.;9,27E+12;CAMPOS DOS GOYTACAZES;RJ;30/06/2026;07/07/2026;08/07/2026;Entregue Fora do Prazo;;Entrega realizada;Entrega Finalizada;7;7;30;6;CAMILO;19023;;;
MOBIS BRASIL FABRICACAO DE AUTO PECAS LT;RODOVIARIO;1534500;30/06/2026;27;350198;30/06/2026;SAGA ASIA COM. DE VEIC.PC.E SERV. LTDA;2,23E+13;VARZEA GRANDE;MT;30/06/2026;09/07/2026;08/07/2026;Entregue No Prazo;Avaria;Entrega realizada;Entrega Finalizada;9;7;30;6;CARVALIMA;13004;Revolução Constitucionalista de 1932;Estadual;SP
MOBIS BRASIL FABRICACAO DE AUTO PECAS LT;RODOVIARIO;1534243;30/06/2026;8;350175;30/06/2026;CYCOSA AUTOMOVEIS LTDA;4,76E+12;MACEIO;AL;30/06/2026;14/07/2026;08/07/2026;Entregue No Prazo;;Entrega realizada;Entrega Finalizada;14;7;30;6;TERMACO;2001;Aniversário do Município;Campinas;SP
MOBIS BRASIL FABRICACAO DE AUTO PECAS LT;RODOVIARIO;1534473;30/06/2026;7;350175;30/06/2026;CYCOSA AUTOMOVEIS LTDA;4,76E+12;MACEIO;AL;30/06/2026;14/07/2026;08/07/2026;Entregue No Prazo;;Entrega realizada;Entrega Finalizada;14;7;30;6;TERMACO;2001;Aniversário do Município;Campinas;SP
MOBIS BRASIL FABRICACAO DE AUTO PECAS LT;RODOVIARIO;1534573;30/06/2026;1;350270;01/07/2026;AIKON VEICULOS LTDA;1,17E+13;VITORIA DA CONQUISTA;BA;01/07/2026;16/07/2026;08/07/2026;Entregue No Prazo;;Entrega realizada;Entrega Finalizada;16;7;1;7;TERMACO;5002;;;
MOBIS BRASIL FABRICACAO DE AUTO PECAS LT;RODOVIARIO;1535591;02/07/2026;1;350398;02/07/2026;ITAVEMA MOTORS VEICULOS LTDA;7,73E+12;DUQUE DE CAXIAS;RJ;02/07/2026;08/07/2026;08/07/2026;Entregue No Prazo;;Entrega realizada;Entrega Finalizada;8;7;2;7;CAMILO;19001;Emancipação Política de Sergipe;Estadual;SE
MOBIS BRASIL FABRICACAO DE AUTO PECAS LT;RODOVIARIO;1535592;02/07/2026;2;350398;02/07/2026;ITAVEMA MOTORS VEICULOS LTDA;7,73E+12;DUQUE DE CAXIAS;RJ;02/07/2026;08/07/2026;08/07/2026;Entregue No Prazo;;Entrega realizada;Entrega Finalizada;8;7;2;7;CAMILO;19001;Emancipação Política de Sergipe;Estadual;SE
MOBIS BRASIL FABRICACAO DE AUTO PECAS LT;RODOVIARIO;1535593;02/07/2026;4;350394;02/07/2026;CAOA MOTOR DO BRASIL LTDA;1,68E+13;RIO DE JANEIRO;RJ;02/07/2026;08/07/2026;08/07/2026;Entregue No Prazo;;Entrega realizada;Entrega Finalizada;8;7;2;7;CAMILO;5008;Emancipação Política de Sergipe;Estadual;SE
MOBIS BRASIL FABRICACAO DE AUTO PECAS LT;RODOVIARIO;1535594;02/07/2026;4;350397;02/07/2026;ITAVEMA MOTORS VEICULOS LTDA;7,73E+12;RIO DE JANEIRO;RJ;02/07/2026;08/07/2026;08/07/2026;Entregue No Prazo;;Entrega realizada;Entrega Finalizada;8;7;2;7;CAMILO;19001;Emancipação Política de Sergipe;Estadual;SE
MOBIS BRASIL FABRICACAO DE AUTO PECAS LT;RODOVIARIO;1535598;02/07/2026;8;350382;02/07/2026;HOUSE PARTS-COM. DE PCS. E VEICULOS LTDA;1,15E+13;PORTO ALEGRE;RS;02/07/2026;08/07/2026;08/07/2026;Entregue No Prazo;;Entrega realizada;Entrega Finalizada;8;7;2;7;TRANSTRY;23004;Emancipação Política de Sergipe;Estadual;SE
MOBIS BRASIL FABRICACAO DE AUTO PECAS LT;RODOVIARIO;1535599;02/07/2026;5;350376;02/07/2026;CARWAY SUL VEICULOS LTDA;1,03E+13;CANOAS;RS;02/07/2026;08/07/2026;08/07/2026;Entregue No Prazo;;Entrega realizada;Entrega Finalizada;8;7;2;7;TRANSTRY;23003;Emancipação Política de Sergipe;Estadual;SE
MOBIS BRASIL FABRICACAO DE AUTO PECAS LT;RODOVIARIO;1535595;02/07/2026;5;350407;02/07/2026;TAI MOTORS VEICULOS S/A.;9,27E+12;CAMPOS DOS GOYTACAZES;RJ;02/07/2026;09/07/2026;08/07/2026;Entregue No Prazo;;Entrega realizada;Entrega Finalizada;9;7;2;7;CAMILO;19023;Revolução Constitucionalista de 1932;Estadual;SP
MOBIS BRASIL FABRICACAO DE AUTO PECAS LT;RODOVIARIO;1535600;02/07/2026;1;350380;02/07/2026;HOUSE PARTS - COM DE PECAS E VEIC LTDA;1,15E+13;OSORIO;RS;02/07/2026;09/07/2026;08/07/2026;Entregue No Prazo;;Entrega realizada;Entrega Finalizada;9;7;2;7;TRANSTRY;23016;Revolução Constitucionalista de 1932;Estadual;SP
MOBIS BRASIL FABRICACAO DE AUTO PECAS LT;RODOVIARIO;1535571;02/07/2026;4;350358;02/07/2026;SMAFF IMPORT VEICULOS LTDA;8,18E+12;BRASILIA;DF;02/07/2026;10/07/2026;08/07/2026;Entregue No Prazo;;Entrega realizada;Entrega Finalizada;10;7;2;7;RIO VERMELHO;7002;;;
MOBIS BRASIL FABRICACAO DE AUTO PECAS LT;RODOVIARIO;1535575;02/07/2026;8;350403;02/07/2026;PRIME CACHOEIRO VEICULOS LTDA EPP;9,34E+12;CACHOEIRO DE ITAPEMIRIM;ES;02/07/2026;10/07/2026;08/07/2026;Entregue No Prazo;;Entrega realizada;Entrega Finalizada;10;7;2;7;CAMILO;8003;;;
MOBIS BRASIL FABRICACAO DE AUTO PECAS LT;RODOVIARIO;1535602;02/07/2026;3;350377;02/07/2026;CHINHAN AUTOMOVEIS LTDA;2,41E+13;ERECHIM;RS;02/07/2026;10/07/2026;08/07/2026;Entregue No Prazo;;Entrega realizada;Entrega Finalizada;10;7;2;7;TRANSTRY;23019;;;
MOBIS BRASIL FABRICACAO DE AUTO PECAS LT;RODOVIARIO;1535597;02/07/2026;2;350404;02/07/2026;SAGA ASIA COM. DE VEIC.PC.E SERV. LTDA;2,14E+13;PORTO VELHO;RO;02/07/2026;15/07/2026;08/07/2026;Entregue No Prazo;;Entrega realizada;Entrega Finalizada;15;7;2;7;CARVALIMA;21003;;;
MOBIS BRASIL FABRICACAO DE AUTO PECAS LT;RODOVIARIO;1536208;03/07/2026;2;350695;03/07/2026;URCA MOTORS VEICULOS LTDA;08770868000263;UBERABA;MG;03/07/2026;09/07/2026;08/07/2026;Entregue No Prazo;;Entrega realizada;Entrega Finalizada;9;7;3;7;XD BETIM;9014;Revolução Constitucionalista de 1932;Estadual;SP
MOBIS BRASIL FABRICACAO DE AUTO PECAS LT;RODOVIARIO;1536235;03/07/2026;5;350677;03/07/2026;ITAVEMA MOTORS VEICULOS LTDA;07731056000246;DUQUE DE CAXIAS;RJ;03/07/2026;09/07/2026;08/07/2026;Entregue No Prazo;;Entrega realizada;Entrega Finalizada;9;7;3;7;CAMILO;19001;Revolução Constitucionalista de 1932;Estadual;SP
MOBIS BRASIL FABRICACAO DE AUTO PECAS LT;RODOVIARIO;1536236;03/07/2026;4;350662;03/07/2026;AMX COM. E SERVICOS DE AUTOMOTORES LTDA;1,20E+13;RIO DE JANEIRO;RJ;03/07/2026;09/07/2026;08/07/2026;Entregue No Prazo;;Entrega realizada;Entrega Finalizada;9;7;3;7;CAMILO;19009;Revolução Constitucionalista de 1932;Estadual;SP
MOBIS BRASIL FABRICACAO DE AUTO PECAS LT;RODOVIARIO;1536237;03/07/2026;4;350665;03/07/2026;CAOA MOTOR DO BRASIL LTDA;1,68E+13;RIO DE JANEIRO;RJ;03/07/2026;09/07/2026;08/07/2026;Entregue No Prazo;;Entrega realizada;Entrega Finalizada;9;7;3;7;CAMILO;5008;Revolução Constitucionalista de 1932;Estadual;SP
MOBIS BRASIL FABRICACAO DE AUTO PECAS LT;RODOVIARIO;1536240;03/07/2026;14;350676;03/07/2026;ITAVEMA MOTORS VEICULOS LTDA;07731056000408;RIO DE JANEIRO;RJ;03/07/2026;09/07/2026;08/07/2026;Entregue No Prazo;;Entrega realizada;Entrega Finalizada;9;7;3;7;CAMILO;19001;Revolução Constitucionalista de 1932;Estadual;SP
MOBIS BRASIL FABRICACAO DE AUTO PECAS LT;RODOVIARIO;1536241;03/07/2026;4;350666;03/07/2026;CAOA MOTOR DO BRASIL LTDA;1,68E+13;RIO DE JANEIRO;RJ;03/07/2026;09/07/2026;08/07/2026;Entregue No Prazo;;Entrega realizada;Entrega Finalizada;9;7;3;7;CAMILO;5008;Revolução Constitucionalista de 1932;Estadual;SP
MOBIS BRASIL FABRICACAO DE AUTO PECAS LT;RODOVIARIO;1536244;03/07/2026;2;350664;03/07/2026;CAOA MOTOR DO BRASIL LTDA;1,68E+13;RIO DE JANEIRO;RJ;03/07/2026;09/07/2026;08/07/2026;Entregue No Prazo;;Entrega realizada;Entrega Finalizada;9;7;3;7;CAMILO;5008;Revolução Constitucionalista de 1932;Estadual;SP
MOBIS BRASIL FABRICACAO DE AUTO PECAS LT;RODOVIARIO;1536245;03/07/2026;3;350669;03/07/2026;CAOA MOTOR DO BRASIL LTDA;1,68E+13;RIO DE JANEIRO;RJ;03/07/2026;09/07/2026;08/07/2026;Entregue No Prazo;;Entrega realizada;Entrega Finalizada;9;7;3;7;CAMILO;5008;Revolução Constitucionalista de 1932;Estadual;SP
MOBIS BRASIL FABRICACAO DE AUTO PECAS LT;RODOVIARIO;1536216;03/07/2026;1;350692;03/07/2026;TECAR TRILHAS AUTOMOVEIS E SERVICOS LTDA;2,32E+13;DIVINOPOLIS;MG;03/07/2026;10/07/2026;08/07/2026;Entregue No Prazo;;Entrega realizada;Entrega Finalizada;10;7;3;7;XD BETIM;11039;;;
MOBIS BRASIL FABRICACAO DE AUTO PECAS LT;RODOVIARIO;1536238;03/07/2026;2;350675;03/07/2026;GRAFFITI VEICULOS LTDA.;1,71E+13;ITAPERUNA;RJ;03/07/2026;10/07/2026;08/07/2026;Entregue No Prazo;;Entrega realizada;Entrega Finalizada;10;7;3;7;CAMILO;19015;;;
MOBIS BRASIL FABRICACAO DE AUTO PECAS LT;RODOVIARIO;1536242;03/07/2026;3;350691;03/07/2026;TAI MOTORS VEICULOS S/A.;09272047000502;CAMPOS DOS GOYTACAZES;RJ;03/07/2026;10/07/2026;08/07/2026;Entregue No Prazo;;Entrega realizada;Entrega Finalizada;10;7;3;7;CAMILO;#N/D;;;
MOBIS BRASIL FABRICACAO DE AUTO PECAS LT;RODOVIARIO;1536252;03/07/2026;10;350627;03/07/2026;ATUAL VEICULOS LTDA;1,33E+13;ARARANGUA;SC;03/07/2026;10/07/2026;08/07/2026;Entregue No Prazo;;Entrega realizada;Entrega Finalizada;10;7;3;7;TRANSTRY;24001;;;
MOBIS BRASIL FABRICACAO DE AUTO PECAS LT;RODOVIARIO;1536253;03/07/2026;2;350625;03/07/2026;ATUAL VEICULOS LTDA;1,33E+13;CRICIUMA;SC;03/07/2026;10/07/2026;08/07/2026;Entregue No Prazo;;Entrega realizada;Entrega Finalizada;10;7;3;7;TRANSTRY;24001;;;
MOBIS BRASIL FABRICACAO DE AUTO PECAS LT;RODOVIARIO;1536254;03/07/2026;4;350625;03/07/2026;ATUAL VEICULOS LTDA;1,33E+13;CRICIUMA;SC;03/07/2026;10/07/2026;08/07/2026;Entregue No Prazo;;Entrega realizada;Entrega Finalizada;10;7;3;7;TRANSTRY;24001;;;
MOBIS BRASIL FABRICACAO DE AUTO PECAS LT;RODOVIARIO;1536255;03/07/2026;2;350626;03/07/2026;ATUAL VEICULOS LTDA;1,33E+13;TUBARAO;SC;03/07/2026;10/07/2026;08/07/2026;Entregue No Prazo;;Entrega realizada;Entrega Finalizada;10;7;3;7;TRANSTRY;24001;;;
MOBIS BRASIL FABRICACAO DE AUTO PECAS LT;RODOVIARIO;1536256;03/07/2026;1;350640;03/07/2026;LS COMERCIO DE AUTOMOVEIS LTDA.;1,03E+13;BRUSQUE;SC;03/07/2026;10/07/2026;08/07/2026;Entregue No Prazo;;Entrega realizada;Entrega Finalizada;10;7;3;7;TRANSTRY;24006;;;
MOBIS BRASIL FABRICACAO DE AUTO PECAS LT;RODOVIARIO;1536257;03/07/2026;1;350640;03/07/2026;LS COMERCIO DE AUTOMOVEIS LTDA.;1,03E+13;BRUSQUE;SC;03/07/2026;10/07/2026;08/07/2026;Entregue No Prazo;;Entrega realizada;Entrega Finalizada;10;7;3;7;TRANSTRY;24006;;;
MOBIS BRASIL FABRICACAO DE AUTO PECAS LT;RODOVIARIO;1536258;03/07/2026;2;350639;03/07/2026;LR COMERCIO DE VEICULOS LTDA;1,05E+13;SAO JOSE;SC;03/07/2026;10/07/2026;08/07/2026;Entregue No Prazo;;Entrega realizada;Entrega Finalizada;10;7;3;7;TRANSTRY;24007;;;
MOBIS BRASIL FABRICACAO DE AUTO PECAS LT;RODOVIARIO;1536259;03/07/2026;18;350629;03/07/2026;BARI VEICULOS LTDA;07461763000189;BLUMENAU;SC;03/07/2026;10/07/2026;08/07/2026;Entregue No Prazo;;Entrega realizada;Entrega Finalizada;10;7;3;7;TRANSTRY;18024;;;
MOBIS BRASIL FABRICACAO DE AUTO PECAS LT;RODOVIARIO;1536260;03/07/2026;1;350630;03/07/2026;BARI VEICULOS LTDA;07461763000421;BALNEARIO CAMBORIU;SC;03/07/2026;13/07/2026;08/07/2026;Entregue No Prazo;;Entrega realizada;Entrega Finalizada;13;7;3;7;TRANSTRY;18024;;;
MOBIS BRASIL FABRICACAO DE AUTO PECAS LT;RODOVIARIO;1536261;03/07/2026;4;350633;03/07/2026;CHINHAN AUTOMOVEIS LTDA.;2,41E+13;CACADOR;SC;03/07/2026;14/07/2026;08/07/2026;Entregue No Prazo;;Entrega realizada;Entrega Finalizada;14;7;3;7;TRANSTRY;24020;Aniversário do Município;Campinas;SP
MOBIS BRASIL FABRICACAO DE AUTO PECAS LT;RODOVIARIO;1536197;03/07/2026;4;350679;03/07/2026;MASTER COMERCIAL DE VEICULOS LTDA;2,85E+13;BARREIRAS;BA;03/07/2026;20/07/2026;08/07/2026;Entregue No Prazo;;Entrega realizada;Entrega Finalizada;20;7;3;7;TERMACO;5012;;;
MOBIS BRASIL FABRICACAO DE AUTO PECAS LT;RODOVIARIO;1536969;06/07/2026;1;350953;06/07/2026;CHS MOTORS VEICULOS PECAS(VL. GUILHERME);1,69E+13;SAO PAULO;SP;06/07/2026;08/07/2026;08/07/2026;Entregue No Prazo;;Entrega realizada;Entrega Finalizada;8;7;6;7;XD DIADEMA;26052;Emancipação Política de Sergipe;Estadual;SE
MOBIS BRASIL FABRICACAO DE AUTO PECAS LT;RODOVIARIO;1536973;06/07/2026;9;350956;06/07/2026;GRANDAY AUTOMOTORES LTDA (CHAC. CALIFOR);1,57E+13;SAO PAULO;SP;06/07/2026;08/07/2026;08/07/2026;Entregue No Prazo;;Entrega realizada;Entrega Finalizada;8;7;6;7;XD DIADEMA;26090;Emancipação Política de Sergipe;Estadual;SE
MOBIS BRASIL FABRICACAO DE AUTO PECAS LT;RODOVIARIO;1534570;30/06/2026;30;350963;06/07/2026;TAI MOTORS VEICULOS S/A;9,27E+12;BELO HORIZONTE;MG;06/07/2026;09/07/2026;08/07/2026;Entregue No Prazo;;Entrega realizada;Entrega Finalizada;9;7;6;7;XD BETIM;8002;Revolução Constitucionalista de 1932;Estadual;SP
MOBIS BRASIL FABRICACAO DE AUTO PECAS LT;RODOVIARIO;1536962;06/07/2026;3;350987;06/07/2026;ANDRETA II DISTRIBUIDORA DE VEIC. LTDA;9,10E+12;JUNDIAI;SP;06/07/2026;09/07/2026;08/07/2026;Entregue No Prazo;;Entrega realizada;Entrega Finalizada;9;7;6;7;MVT;26011;Revolução Constitucionalista de 1932;Estadual;SP
MOBIS BRASIL FABRICACAO DE AUTO PECAS LT;RODOVIARIO;1536970;06/07/2026;1;350990;06/07/2026;DESTAQUE SEUL DISTR. DE VEIC. E PC. LTDA;2,12E+13;BRAGANCA PAULISTA;SP;06/07/2026;09/07/2026;08/07/2026;Entregue No Prazo;;Entrega realizada;Entrega Finalizada;9;7;6;7;MVT;26074;Revolução Constitucionalista de 1932;Estadual;SP
MOBIS BRASIL FABRICACAO DE AUTO PECAS LT;RODOVIARIO;1536929;06/07/2026;1;351039;06/07/2026;LOVAT VEICULOS S/A;8,57E+12;LONDRINA;PR;06/07/2026;10/07/2026;08/07/2026;Entregue No Prazo;;Entrega realizada;Entrega Finalizada;10;7;6;7;TRANSTRY;18008;;;
MOBIS BRASIL FABRICACAO DE AUTO PECAS LT;RODOVIARIO;1536932;06/07/2026;8;351044;06/07/2026;VETOR AUTOMOVEIS LTDA;2,12E+13;CASCAVEL;PR;06/07/2026;10/07/2026;08/07/2026;Entregue No Prazo;;Entrega realizada;Entrega Finalizada;10;7;6;7;TRANSTRY;18019;;;
MOBIS BRASIL FABRICACAO DE AUTO PECAS LT;RODOVIARIO;1536933;06/07/2026;2;351033;06/07/2026;BARI VEICULOS LTDA;7,46E+12;PONTA GROSSA;PR;06/07/2026;10/07/2026;08/07/2026;Entregue No Prazo;;Entrega realizada;Entrega Finalizada;10;7;6;7;TRANSTRY;18024;;;
MOBIS BRASIL FABRICACAO DE AUTO PECAS LT;RODOVIARIO;1536950;06/07/2026;1;351034;06/07/2026;BARI VEICULOS LTDA.;7,46E+12;JOINVILLE;SC;06/07/2026;10/07/2026;08/07/2026;Entregue No Prazo;;Entrega realizada;Entrega Finalizada;10;7;6;7;TRANSTRY;24013;;;
MOBIS BRASIL FABRICACAO DE AUTO PECAS LT;RODOVIARIO;1536953;06/07/2026;1;350995;06/07/2026;HYMAX DISTRIBUIDORA DE VEICULOS LTDA;1,73E+13;MOGI GUACU;SP;06/07/2026;10/07/2026;08/07/2026;Entregue No Prazo;;Entrega realizada;Entrega Finalizada;10;7;6;7;MVT;26002;;;
MOBIS BRASIL FABRICACAO DE AUTO PECAS LT;RODOVIARIO;1536954;06/07/2026;6;350995;06/07/2026;HYMAX DISTRIBUIDORA DE VEICULOS LTDA;1,73E+13;MOGI GUACU;SP;06/07/2026;10/07/2026;08/07/2026;Entregue No Prazo;;Entrega realizada;Entrega Finalizada;10;7;6;7;MVT;26002;;;
MOBIS BRASIL FABRICACAO DE AUTO PECAS LT;RODOVIARIO;1536975;06/07/2026;1;350993;06/07/2026;H - CAMINHO AUTOMOVEIS LTDA;2,53E+13;CATANDUVA;SP;06/07/2026;10/07/2026;08/07/2026;Entregue No Prazo;;Entrega realizada;Entrega Finalizada;10;7;6;7;MVT;26092;;;
MOBIS BRASIL FABRICACAO DE AUTO PECAS LT;RODOVIARIO;1536976;06/07/2026;2;350992;06/07/2026;GOLDEN MOTORS VEICULOS LTDA;3,62E+12;VOTUPORANGA;SP;06/07/2026;10/07/2026;08/07/2026;Entregue No Prazo;;Entrega realizada;Entrega Finalizada;10;7;6;7;MVT;12001;;;
MOBIS BRASIL FABRICACAO DE AUTO PECAS LT;RODOVIARIO;1536938;06/07/2026;2;351074;06/07/2026;VIA VR VEICULOS LTDA;1,73E+13;VOLTA REDONDA;RJ;06/07/2026;13/07/2026;08/07/2026;Entregue No Prazo;;Entrega realizada;Entrega Finalizada;13;7;6;7;CAMILO;19016;;;
MOBIS BRASIL FABRICACAO DE AUTO PECAS LT;RODOVIARIO;1536945;06/07/2026;8;351028;06/07/2026;ATUAL VEICULOS LTDA;1,33E+13;ARARANGUA;SC;06/07/2026;13/07/2026;08/07/2026;Entregue No Prazo;;Entrega realizada;Entrega Finalizada;13;7;6;7;TRANSTRY;24001;;;
MOBIS BRASIL FABRICACAO DE AUTO PECAS LT;RODOVIARIO;1536946;06/07/2026;1;351029;06/07/2026;ATUAL VEICULOS LTDA;1,33E+13;CRICIUMA;SC;06/07/2026;13/07/2026;08/07/2026;Entregue No Prazo;;Entrega realizada;Entrega Finalizada;13;7;6;7;TRANSTRY;24001;;;
MOBIS BRASIL FABRICACAO DE AUTO PECAS LT;RODOVIARIO;1536947;06/07/2026;4;351030;06/07/2026;ATUAL VEICULOS LTDA;1,33E+13;TUBARAO;SC;06/07/2026;13/07/2026;08/07/2026;Entregue No Prazo;;Entrega realizada;Entrega Finalizada;13;7;6;7;TRANSTRY;24001;;;
MOBIS BRASIL FABRICACAO DE AUTO PECAS LT;RODOVIARIO;1536948;06/07/2026;10;351041;06/07/2026;LR COMERCIO DE VEICULOS LTDA;1,05E+13;SAO JOSE;SC;06/07/2026;13/07/2026;08/07/2026;Entregue No Prazo;;Entrega realizada;Entrega Finalizada;13;7;6;7;TRANSTRY;24007;;;
MOBIS BRASIL FABRICACAO DE AUTO PECAS LT;RODOVIARIO;1536920;06/07/2026;4;351072;06/07/2026;ULSAN COMERCIO DE VEICULOS LTDA.;2,10E+13;CAMPO GRANDE;MS;06/07/2026;14/07/2026;08/07/2026;Entregue No Prazo;;Entrega realizada;Entrega Finalizada;14;7;6;7;CARVALIMA;12004;Aniversário do Município;Campinas;SP
MOBIS BRASIL FABRICACAO DE AUTO PECAS LT;RODOVIARIO;1536951;06/07/2026;1;351037;06/07/2026;CHINHAN AUTOMOVEIS LTDA.;2,41E+13;CACADOR;SC;06/07/2026;15/07/2026;08/07/2026;Entregue No Prazo;;Entrega realizada;Entrega Finalizada;15;7;6;7;TRANSTRY;24020;;;
MOBIS BRASIL FABRICACAO DE AUTO PECAS LT;RODOVIARIO;1537621;07/07/2026;10;351099;07/07/2026;NOBRE DISTRIBUIDORA DE VEIC. E PEC. LTDA;5,76E+12;MOGI DAS CRUZES;SP;07/07/2026;09/07/2026;08/07/2026;Entregue No Prazo;;Entrega realizada;Entrega Finalizada;9;7;7;7;XD DIADEMA;26004;Revolução Constitucionalista de 1932;Estadual;SP
MOBIS BRASIL FABRICACAO DE AUTO PECAS LT;RODOVIARIO;1537626;07/07/2026;4;351096;07/07/2026;GRAND SPORT COM. DE VEIC. E PECAS LTDA;8,58E+12;SAO PAULO;SP;07/07/2026;09/07/2026;08/07/2026;Entregue No Prazo;;Entrega realizada;Entrega Finalizada;9;7;7;7;XD DIADEMA;26034;Revolução Constitucionalista de 1932;Estadual;SP
MOBIS BRASIL FABRICACAO DE AUTO PECAS LT;RODOVIARIO;1537636;07/07/2026;2;351097;07/07/2026;GRANDAY AUTOMOTORES LTDA (CHAC. CALIFOR);1,57E+13;SAO PAULO;SP;07/07/2026;09/07/2026;08/07/2026;Entregue No Prazo;;Entrega realizada;Entrega Finalizada;9;7;7;7;XD DIADEMA;26090;Revolução Constitucionalista de 1932;Estadual;SP
MOBIS BRASIL FABRICACAO DE AUTO PECAS LT;RODOVIARIO;1537622;07/07/2026;3;351134;07/07/2026;DHC COMERCIO DE VEICULOS E PECAS LTDA;9,52E+12;BAURU;SP;07/07/2026;10/07/2026;08/07/2026;Entregue No Prazo;;Entrega realizada;Entrega Finalizada;10;7;7;7;MVT;26010;;;
MOBIS BRASIL FABRICACAO DE AUTO PECAS LT;RODOVIARIO;1537625;07/07/2026;22;351140;07/07/2026;NEW VEICULOS E PECAS LTDA;1,59E+13;RIBEIRAO PRETO;SP;07/07/2026;10/07/2026;08/07/2026;Entregue No Prazo;;Entrega realizada;Entrega Finalizada;10;7;7;7;MVT;26014;;;
MOBIS BRASIL FABRICACAO DE AUTO PECAS LT;RODOVIARIO;1537629;07/07/2026;1;351133;07/07/2026;ANDRETA II DISTRIBUIDORA DE VEIC. LTDA;9,10E+12;AMERICANA;SP;07/07/2026;10/07/2026;08/07/2026;Entregue No Prazo;;Entrega realizada;Entrega Finalizada;10;7;7;7;MVT;26011;;;
MOBIS BRASIL FABRICACAO DE AUTO PECAS LT;RODOVIARIO;1537630;07/07/2026;2;351137;07/07/2026;H R B COMERCIO DE VEICULOS LTDA;1,82E+13;SAO JOSE DO RIO PRETO;SP;07/07/2026;13/07/2026;08/07/2026;Entregue No Prazo;;Entrega realizada;Entrega Finalizada;13;7;7;7;MVT;26050;;;
MOBIS BRASIL FABRICACAO DE AUTO PECAS LT;RODOVIARIO;1537631;07/07/2026;2;351137;07/07/2026;H R B COMERCIO DE VEICULOS LTDA;1,82E+13;SAO JOSE DO RIO PRETO;SP;07/07/2026;13/07/2026;08/07/2026;Entregue No Prazo;;Entrega realizada;Entrega Finalizada;13;7;7;7;MVT;26050;;;
MOBIS BRASIL FABRICACAO DE AUTO PECAS LT;RODOVIARIO;1537637;07/07/2026;2;351136;07/07/2026;H - CAMINHO AUTOMOVEIS LTDA;2,53E+13;PIRACICABA;SP;07/07/2026;13/07/2026;08/07/2026;Entregue No Prazo;;Entrega realizada;Entrega Finalizada;13;7;7;7;MVT;26092;;;
MOBIS BRASIL FABRICACAO DE AUTO PECAS LT;RODOVIARIO;1537638;07/07/2026;4;351136;07/07/2026;H - CAMINHO AUTOMOVEIS LTDA;2,53E+13;PIRACICABA;SP;07/07/2026;13/07/2026;08/07/2026;Entregue No Prazo;;Entrega realizada;Entrega Finalizada;13;7;7;7;MVT;26092;;;
MOBIS BRASIL FABRICACAO DE AUTO PECAS LT;RODOVIARIO;1537628;07/07/2026;63;351300;08/07/2026;BILLY DISTRIBUIDORA DE VEICULOS LTDA;1,34E+13;SAO CAETANO DO SUL;SP;08/07/2026;10/07/2026;08/07/2026;Entregue No Prazo;;Entrega realizada;Entrega Finalizada;10;7;8;7;BV LOG;26003;;;
MOBIS BRASIL FABRICACAO DE AUTO PECAS LT;RODOVIARIO;1538503;08/07/2026;2;351314;08/07/2026;GRANDAY AUTOMOTORES LTDA;1,57E+13;SAO PAULO;SP;08/07/2026;10/07/2026;08/07/2026;Entregue No Prazo;;Entrega realizada;Entrega Finalizada;10;7;8;7;XD DIADEMA;26041;;;
MOBIS BRASIL FABRICACAO DE AUTO PECAS LT;RODOVIARIO;1538504;08/07/2026;79;351302;08/07/2026;BILLY DISTRIBUIDORA DE VEICULOS LTDA;1,34E+13;SAO CAETANO DO SUL;SP;08/07/2026;10/07/2026;08/07/2026;Entregue No Prazo;;Entrega realizada;Entrega Finalizada;10;7;8;7;BV LOG;26003;;;
MOBIS BRASIL FABRICACAO DE AUTO PECAS LT;RODOVIARIO;1538521;08/07/2026;32;351303;08/07/2026;GRANDAY AUTOMOTORES LTDA (CHAC. CALIFOR);1,57E+13;SAO PAULO;SP;08/07/2026;10/07/2026;08/07/2026;Entregue No Prazo;;Entrega realizada;Entrega Finalizada;10;7;8;7;BV LOG;26090;;;
MOBIS BRASIL FABRICACAO DE AUTO PECAS LT;RODOVIARIO;1537623;07/07/2026;59;351298;08/07/2026;ANDRETA II DISTRIBUIDORA DE VEIC. LTDA;9,10E+12;CAMPINAS;SP;08/07/2026;13/07/2026;08/07/2026;Entregue No Prazo;;Entrega realizada;Entrega Finalizada;13;7;8;7;BV LOG;26011;;;
MOBIS BRASIL FABRICACAO DE AUTO PECAS LT;RODOVIARIO;1537634;07/07/2026;17;351299;08/07/2026;DESTAQUE SEUL DISTR. DE VEIC. E PC. LTDA;2,12E+13;ATIBAIA;SP;08/07/2026;13/07/2026;08/07/2026;Entregue No Prazo;;Entrega realizada;Entrega Finalizada;13;7;8;7;BV LOG;26075;;;
MOBIS BRASIL FABRICACAO DE AUTO PECAS LT;RODOVIARIO;1537639;07/07/2026;17;351301;08/07/2026;H RACING GARAGE LTDA ;3,24E+13;COTIA;SP;08/07/2026;13/07/2026;08/07/2026;Entregue No Prazo;;Entrega realizada;Entrega Finalizada;13;7;8;7;BV LOG;29944;;;
MOBIS BRASIL FABRICACAO DE AUTO PECAS LT;RODOVIARIO;1538497;08/07/2026;27;351298;08/07/2026;ANDRETA II DISTRIBUIDORA DE VEIC. LTDA;9,10E+12;CAMPINAS;SP;08/07/2026;13/07/2026;08/07/2026;Entregue No Prazo;;Entrega realizada;Entrega Finalizada;13;7;8;7;BV LOG;26011;;;
MOBIS BRASIL FABRICACAO DE AUTO PECAS LT;RODOVIARIO;1538516;08/07/2026;1;351299;08/07/2026;DESTAQUE SEUL DISTR. DE VEIC. E PC. LTDA;2,12E+13;ATIBAIA;SP;08/07/2026;13/07/2026;08/07/2026;Entregue No Prazo;;Entrega realizada;Entrega Finalizada;13;7;8;7;BV LOG;26075;;;
MOBIS BRASIL FABRICACAO DE AUTO PECAS LT;RODOVIARIO;1538517;08/07/2026;21;351299;08/07/2026;DESTAQUE SEUL DISTR. DE VEIC. E PC. LTDA;2,12E+13;ATIBAIA;SP;08/07/2026;13/07/2026;08/07/2026;Entregue No Prazo;;Entrega realizada;Entrega Finalizada;13;7;8;7;BV LOG;26075;;;
MOBIS BRASIL FABRICACAO DE AUTO PECAS LT;RODOVIARIO;1530461;23/06/2026;3;348796;23/06/2026;PRIVILLEGE DISTRIBUIDORA DE VEICULOS LTD;1,72E+13;PALMAS;TO;23/06/2026;02/07/2026;09/07/2026;Entregue Fora do Prazo;;Entrega realizada;Entrega Finalizada;2;7;23;6;RIO VERMELHO;27003;Independência da Bahia;Estadual;BA
MOBIS BRASIL FABRICACAO DE AUTO PECAS LT;RODOVIARIO;1532371;26/06/2026;1;349543;26/06/2026;JPN COMERCIO DE VEICULOS LTDA;3,20E+13;ARAPIRACA;AL;26/06/2026;14/07/2026;09/07/2026;Entregue No Prazo;;Entrega realizada;Entrega Finalizada;14;7;26;6;TERMACO;2003;Aniversário do Município;Campinas;SP
MOBIS BRASIL FABRICACAO DE AUTO PECAS LT;RODOVIARIO;1533697;27/06/2026;1;349824;29/06/2026;SAINT LAND COMERCIO DE VEICULOS LTDA;1,04E+13;ARACAJU;SE;29/06/2026;10/07/2026;09/07/2026;Entregue No Prazo;;Entrega realizada;Entrega Finalizada;10;7;29;6;TERMACO;6010;;;
MOBIS BRASIL FABRICACAO DE AUTO PECAS LT;RODOVIARIO;1533236;27/06/2026;1;349813;29/06/2026;ORVEL AUTOMOTOR HYD LTDA;2,52E+13;TEIXEIRA DE FREITAS;BA;29/06/2026;14/07/2026;09/07/2026;Entregue No Prazo;;Entrega realizada;Entrega Finalizada;14;7;29;6;TERMACO;5011;Aniversário do Município;Campinas;SP
MOBIS BRASIL FABRICACAO DE AUTO PECAS LT;RODOVIARIO;1533239;27/06/2026;1;349808;29/06/2026;MASTER COMERCIAL DE VEICULOS LTDA;2,85E+13;JACOBINA;BA;29/06/2026;14/07/2026;09/07/2026;Entregue No Prazo;;Entrega realizada;Entrega Finalizada;14;7;29;6;TERMACO;5013;Aniversário do Município;Campinas;SP
MOBIS BRASIL FABRICACAO DE AUTO PECAS LT;RODOVIARIO;1533676;27/06/2026;2;349785;29/06/2026;AIKON VEICULOS LTDA;1,17E+13;SANTO ANTONIO DE JESUS;BA;29/06/2026;14/07/2026;09/07/2026;Entregue No Prazo;;Entrega realizada;Entrega Finalizada;14;7;29;6;TERMACO;5002;Aniversário do Município;Campinas;SP
MOBIS BRASIL FABRICACAO DE AUTO PECAS LT;RODOVIARIO;1533679;27/06/2026;1;349819;29/06/2026;PATEO COMERCIO DE VEICULOS S A;7,78E+12;SAO LUIS;MA;29/06/2026;14/07/2026;09/07/2026;Entregue No Prazo;;Entrega realizada;Entrega Finalizada;14;7;29;6;TERMACO;10002;Aniversário do Município;Campinas;SP
MOBIS BRASIL FABRICACAO DE AUTO PECAS LT;RODOVIARIO;1533270;27/06/2026;3;349793;29/06/2026;CAOA MOTOR DO BRASIL LTDA;1,68E+13;CAMPINA GRANDE;PB;29/06/2026;15/07/2026;09/07/2026;Entregue No Prazo;;Entrega realizada;Entrega Finalizada;15;7;29;6;TERMACO;5008;;;
MOBIS BRASIL FABRICACAO DE AUTO PECAS LT;RODOVIARIO;1533297;27/06/2026;1;349823;29/06/2026;SAINT LAND COM DE VEICULOS S A;1,04E+13;MOSSORO;RN;29/06/2026;15/07/2026;09/07/2026;Entregue No Prazo;;Entrega realizada;Entrega Finalizada;15;7;29;6;TERMACO;20002;;;
MOBIS BRASIL FABRICACAO DE AUTO PECAS LT;RODOVIARIO;1533673;27/06/2026;1;349807;29/06/2026;JPN COMERCIO DE VEICULOS LTDA;3,20E+13;ARAPIRACA;AL;29/06/2026;15/07/2026;09/07/2026;Entregue No Prazo;;Entrega realizada;Entrega Finalizada;15;7;29;6;TERMACO;2003;;;
MOBIS BRASIL FABRICACAO DE AUTO PECAS LT;RODOVIARIO;1533276;27/06/2026;2;349803;29/06/2026;GREEN CITY VEICULOS LTDA;2,10E+13;PARNAIBA;PI;29/06/2026;17/07/2026;09/07/2026;Entregue No Prazo;;Entrega realizada;Entrega Finalizada;17;7;29;6;TERMACO;17002;;;
MOBIS BRASIL FABRICACAO DE AUTO PECAS LT;RODOVIARIO;1534563;30/06/2026;6;349894;30/06/2026;PRIVILLEGE DISTRIBUIDORA DE VEICULOS LTD;1,72E+13;PALMAS;TO;30/06/2026;09/07/2026;09/07/2026;Entregue No Prazo;;Entrega realizada;Entrega Finalizada;9;7;30;6;RIO VERMELHO;27003;Revolução Constitucionalista de 1932;Estadual;SP
MOBIS BRASIL FABRICACAO DE AUTO PECAS LT;RODOVIARIO;1534564;30/06/2026;7;349894;30/06/2026;PRIVILLEGE DISTRIBUIDORA DE VEICULOS LTD;1,72E+13;PALMAS;TO;30/06/2026;09/07/2026;09/07/2026;Entregue No Prazo;;Entrega realizada;Entrega Finalizada;9;7;30;6;RIO VERMELHO;27003;Revolução Constitucionalista de 1932;Estadual;SP
MOBIS BRASIL FABRICACAO DE AUTO PECAS LT;RODOVIARIO;1534250;30/06/2026;1;350176;30/06/2026;FAZZA MOTORS COM. DE VEICULOS LTDA;1,24E+13;FORTALEZA;CE;30/06/2026;14/07/2026;09/07/2026;Entregue No Prazo;;Entrega realizada;Entrega Finalizada;14;7;30;6;TERMACO;6001;Aniversário do Município;Campinas;SP
MOBIS BRASIL FABRICACAO DE AUTO PECAS LT;RODOVIARIO;1534251;30/06/2026;2;350176;30/06/2026;FAZZA MOTORS COM. DE VEICULOS LTDA;1,24E+13;FORTALEZA;CE;30/06/2026;14/07/2026;09/07/2026;Entregue No Prazo;;Entrega realizada;Entrega Finalizada;14;7;30;6;TERMACO;6001;Aniversário do Município;Campinas;SP
MOBIS BRASIL FABRICACAO DE AUTO PECAS LT;RODOVIARIO;1534478;30/06/2026;1;350176;30/06/2026;FAZZA MOTORS COM. DE VEICULOS LTDA;1,24E+13;FORTALEZA;CE;30/06/2026;14/07/2026;09/07/2026;Entregue No Prazo;;Entrega realizada;Entrega Finalizada;14;7;30;6;TERMACO;6001;Aniversário do Município;Campinas;SP
MOBIS BRASIL FABRICACAO DE AUTO PECAS LT;RODOVIARIO;1534479;30/06/2026;1;350170;30/06/2026;CAOA MOTOR DO BRASIL LTDA;1,68E+13;FORTALEZA;CE;30/06/2026;14/07/2026;09/07/2026;Entregue No Prazo;;Entrega realizada;Entrega Finalizada;14;7;30;6;TERMACO;5008;Aniversário do Município;Campinas;SP
MOBIS BRASIL FABRICACAO DE AUTO PECAS LT;RODOVIARIO;1534504;30/06/2026;2;350186;30/06/2026;MISO VEICULOS LTDA;1,85E+13;SANTAREM;PA;30/06/2026;14/07/2026;09/07/2026;Entregue No Prazo;;Entrega realizada;Entrega Finalizada;14;7;30;6;CARVALIMA;4001;Aniversário do Município;Campinas;SP
MOBIS BRASIL FABRICACAO DE AUTO PECAS LT;RODOVIARIO;1534247;30/06/2026;1;350194;30/06/2026;PATEO COMERCIO DE VEICULOS S A;7,78E+12;FEIRA DE SANTANA;BA;30/06/2026;15/07/2026;09/07/2026;Entregue No Prazo;;Entrega realizada;Entrega Finalizada;15;7;30;6;TERMACO;5009;;;
MOBIS BRASIL FABRICACAO DE AUTO PECAS LT;RODOVIARIO;1534248;30/06/2026;1;350189;30/06/2026;ORVEL AUTOMOTOR HYD LTDA;2,52E+13;TEIXEIRA DE FREITAS;BA;30/06/2026;15/07/2026;09/07/2026;Entregue No Prazo;;Entrega realizada;Entrega Finalizada;15;7;30;6;TERMACO;5011;;;
MOBIS BRASIL FABRICACAO DE AUTO PECAS LT;RODOVIARIO;1534249;30/06/2026;1;350184;30/06/2026;MASTER COMERCIAL DE VEICULOS LTDA;2,85E+13;JACOBINA;BA;30/06/2026;15/07/2026;09/07/2026;Entregue No Prazo;;Entrega realizada;Entrega Finalizada;15;7;30;6;TERMACO;5013;;;
MOBIS BRASIL FABRICACAO DE AUTO PECAS LT;RODOVIARIO;1534477;30/06/2026;2;350184;30/06/2026;MASTER COMERCIAL DE VEICULOS LTDA;2,85E+13;JACOBINA;BA;30/06/2026;15/07/2026;09/07/2026;Entregue No Prazo;;Entrega realizada;Entrega Finalizada;15;7;30;6;TERMACO;5013;;;
MOBIS BRASIL FABRICACAO DE AUTO PECAS LT;RODOVIARIO;1534505;30/06/2026;5;350193;30/06/2026;PATEO COMERCIO DE VEICULOS S A;7,78E+12;JOAO PESSOA;PB;30/06/2026;15/07/2026;09/07/2026;Entregue No Prazo;;Entrega realizada;Entrega Finalizada;15;7;30;6;TERMACO;15003;;;
MOBIS BRASIL FABRICACAO DE AUTO PECAS LT;RODOVIARIO;1534272;30/06/2026;2;350171;30/06/2026;CAOA MOTOR DO BRASIL LTDA;1,68E+13;CAMPINA GRANDE;PB;30/06/2026;16/07/2026;09/07/2026;Entregue No Prazo;;Entrega realizada;Entrega Finalizada;16;7;30;6;TERMACO;5008;;;
MOBIS BRASIL FABRICACAO DE AUTO PECAS LT;RODOVIARIO;1534275;30/06/2026;1;350180;30/06/2026;GREEN CITY VEICULOS LTDA;2,10E+13;TERESINA;PI;30/06/2026;16/07/2026;09/07/2026;Entregue No Prazo;;Entrega realizada;Entrega Finalizada;16;7;30;6;TERMACO;17002;;;
MOBIS BRASIL FABRICACAO DE AUTO PECAS LT;RODOVIARIO;1534276;30/06/2026;3;350181;30/06/2026;GREEN CITY VEICULOS LTDA;2,10E+13;TERESINA;PI;30/06/2026;16/07/2026;09/07/2026;Entregue No Prazo;;Entrega realizada;Entrega Finalizada;16;7;30;6;TERMACO;17002;;;
MOBIS BRASIL FABRICACAO DE AUTO PECAS LT;RODOVIARIO;1534480;30/06/2026;3;350200;30/06/2026;SAINT LAND COMERCIO DE VEICULOS LTDA;1,04E+13;JUAZEIRO DO NORTE;CE;30/06/2026;16/07/2026;09/07/2026;Entregue No Prazo;;Entrega realizada;Entrega Finalizada;16;7;30;6;TERMACO;6010;;;
MOBIS BRASIL FABRICACAO DE AUTO PECAS LT;RODOVIARIO;1534507;30/06/2026;8;350167;30/06/2026;AUTORAC VEICULOS LTDA;1,06E+13;PETROLINA;PE;30/06/2026;16/07/2026;09/07/2026;Entregue No Prazo;;Entrega realizada;Entrega Finalizada;16;7;30;6;TERMACO;16001;;;
MOBIS BRASIL FABRICACAO DE AUTO PECAS LT;RODOVIARIO;1534587;30/06/2026;3;350235;01/07/2026;PRIVILLEGE DISTRIBUIDORA DE VEICULOS LTD;1,72E+13;PALMAS;TO;01/07/2026;10/07/2026;09/07/2026;Entregue No Prazo;;Entrega realizada;Entrega Finalizada;10;7;1;7;RIO VERMELHO;27003;;;
MOBIS BRASIL FABRICACAO DE AUTO PECAS LT;RODOVIARIO;1534582;30/06/2026;1;350279;01/07/2026;SAINT LAND COMERCIO DE VEICULOS LTDA;1,04E+13;ARACAJU;SE;01/07/2026;14/07/2026;09/07/2026;Entregue No Prazo;;Entrega realizada;Entrega Finalizada;14;7;1;7;TERMACO;6010;Aniversário do Município;Campinas;SP
MOBIS BRASIL FABRICACAO DE AUTO PECAS LT;RODOVIARIO;1534574;30/06/2026;3;350274;01/07/2026;MASTER COMERCIAL DE VEICULOS LTDA;2,85E+13;JACOBINA;BA;01/07/2026;16/07/2026;09/07/2026;Entregue No Prazo;;Entrega realizada;Entrega Finalizada;16;7;1;7;TERMACO;5013;;;
MOBIS BRASIL FABRICACAO DE AUTO PECAS LT;RODOVIARIO;1534591;30/06/2026;1;350277;01/07/2026;ORVEL AUTOMOTOR HYD LTDA;2,52E+13;TEIXEIRA DE FREITAS;BA;01/07/2026;16/07/2026;09/07/2026;Entregue No Prazo;;Entrega realizada;Entrega Finalizada;16;7;1;7;TERMACO;5011;;;
MOBIS BRASIL FABRICACAO DE AUTO PECAS LT;RODOVIARIO;1534576;30/06/2026;1;350273;01/07/2026;JPN COMERCIO DE AUTOMOVEIS LTDA;2,61E+13;GARANHUNS;PE;01/07/2026;17/07/2026;09/07/2026;Entregue No Prazo;;Entrega realizada;Entrega Finalizada;17;7;1;7;TERMACO;16009;;;
MOBIS BRASIL FABRICACAO DE AUTO PECAS LT;RODOVIARIO;1534835;30/06/2026;1;350275;01/07/2026;NACIONAL NOVA MARABA DIST DE VEIC. LTDA;1,70E+13;PARAUAPEBAS;PA;01/07/2026;17/07/2026;09/07/2026;Entregue No Prazo;;Entrega realizada;Entrega Finalizada;17;7;1;7;CARVALIMA;14010;;;
MOBIS BRASIL FABRICACAO DE AUTO PECAS LT;RODOVIARIO;1535601;02/07/2026;4;350379;02/07/2026;HOUSE PARTS - COM. DE PECAS E VEIC. LTDA;1,15E+13;LAJEADO;RS;02/07/2026;10/07/2026;09/07/2026;Entregue No Prazo;;Entrega realizada;Entrega Finalizada;10;7;2;7;TRANSTRY;23018;;;
MOBIS BRASIL FABRICACAO DE AUTO PECAS LT;RODOVIARIO;1535569;02/07/2026;3;350400;02/07/2026;PATEO COMERCIO DE VEICULOS S A;7,78E+12;SALVADOR;BA;02/07/2026;14/07/2026;09/07/2026;Entregue No Prazo;;Entrega realizada;Entrega Finalizada;14;7;2;7;TERMACO;5003;Aniversário do Município;Campinas;SP
MOBIS BRASIL FABRICACAO DE AUTO PECAS LT;RODOVIARIO;1535583;02/07/2026;1;350409;02/07/2026;UNIQUE COMERCIO DE AUTOMOVEIS LTDA;1,74E+13;ANANINDEUA;PA;02/07/2026;15/07/2026;09/07/2026;Entregue No Prazo;;Entrega realizada;Entrega Finalizada;15;7;2;7;CARVALIMA;14003;;;
MOBIS BRASIL FABRICACAO DE AUTO PECAS LT;RODOVIARIO;1536207;03/07/2026;8;350693;03/07/2026;URCA MOTORS VEICULOS LTDA;08770868000182;UBERLANDIA;MG;03/07/2026;09/07/2026;09/07/2026;Entregue No Prazo;;Entrega realizada;Entrega Finalizada;9;7;3;7;XD BETIM;9014;Revolução Constitucionalista de 1932;Estadual;SP
MOBIS BRASIL FABRICACAO DE AUTO PECAS LT;RODOVIARIO;1536214;03/07/2026;2;350694;03/07/2026;URCA MOTORS VEICULOS LTDA;08770868000859;PATOS DE MINAS;MG;03/07/2026;09/07/2026;09/07/2026;Entregue No Prazo;;Entrega realizada;Entrega Finalizada;9;7;3;7;XD BETIM;9014;Revolução Constitucionalista de 1932;Estadual;SP
MOBIS BRASIL FABRICACAO DE AUTO PECAS LT;RODOVIARIO;1536247;03/07/2026;1;350637;03/07/2026;HOUSE PARTS-COM. DE PCS. E VEICULOS LTDA;1,15E+13;PORTO ALEGRE;RS;03/07/2026;09/07/2026;09/07/2026;Entregue No Prazo;;Entrega realizada;Entrega Finalizada;9;7;3;7;TRANSTRY;23004;Revolução Constitucionalista de 1932;Estadual;SP
MOBIS BRASIL FABRICACAO DE AUTO PECAS LT;RODOVIARIO;1536248;03/07/2026;8;350637;03/07/2026;HOUSE PARTS-COM. DE PCS. E VEICULOS LTDA;1,15E+13;PORTO ALEGRE;RS;03/07/2026;09/07/2026;09/07/2026;Entregue No Prazo;;Entrega realizada;Entrega Finalizada;9;7;3;7;TRANSTRY;23004;Revolução Constitucionalista de 1932;Estadual;SP
MOBIS BRASIL FABRICACAO DE AUTO PECAS LT;RODOVIARIO;1536778;03/07/2026;2;350674;03/07/2026;GNC GRANDE COREIA MINAS GERAIS COMERCIO;4,27E+13;MONTES CLAROS;MG;03/07/2026;10/07/2026;09/07/2026;Entregue No Prazo;;Entrega realizada;Entrega Finalizada;10;7;3;7;XD BETIM;11035;;;
MOBIS BRASIL FABRICACAO DE AUTO PECAS LT;RODOVIARIO;1536203;03/07/2026;6;350685;03/07/2026;PRIME CACHOEIRO VEICULOS LTDA;09344988000261;LINHARES;ES;03/07/2026;13/07/2026;09/07/2026;Entregue No Prazo;;Entrega realizada;Entrega Finalizada;13;7;3;7;CAMILO;8004;;;
MOBIS BRASIL FABRICACAO DE AUTO PECAS LT;RODOVIARIO;1536218;03/07/2026;1;350687;03/07/2026;SAGA ASIA COM. DE VEIC.PC.E SERV. LTDA;2,23E+13;VARZEA GRANDE;MT;03/07/2026;14/07/2026;09/07/2026;Entregue No Prazo;;Entrega realizada;Entrega Finalizada;14;7;3;7;CARVALIMA;13004;Aniversário do Município;Campinas;SP
MOBIS BRASIL FABRICACAO DE AUTO PECAS LT;RODOVIARIO;1536220;03/07/2026;1;350681;03/07/2026;NACIONAL NOVA MARABA DIST DE VEIC. LTDA;1,70E+13;PARAUAPEBAS;PA;03/07/2026;21/07/2026;09/07/2026;Entregue No Prazo;;Entrega realizada;Entrega Finalizada;21;7;3;7;CARVALIMA;14010;;;
MOBIS BRASIL FABRICACAO DE AUTO PECAS LT;RODOVIARIO;1536206;03/07/2026;1;350680;03/07/2026;NACIONAL NOVA MARABA DIST DE VEIC. LTDA;1,70E+13;IMPERATRIZ;MA;03/07/2026;23/07/2026;09/07/2026;Entregue No Prazo;;Entrega realizada;Entrega Finalizada;23;7;3;7;TERMACO;10003;;;
MOBIS BRASIL FABRICACAO DE AUTO PECAS LT;RODOVIARIO;1536917;06/07/2026;1;350950;06/07/2026;BDG AUTOVILLE VEICULOS LTDA;4,77E+13;CONTAGEM;MG;06/07/2026;09/07/2026;09/07/2026;Entregue No Prazo;;Entrega realizada;Entrega Finalizada;9;7;6;7;XD BETIM;11037;Revolução Constitucionalista de 1932;Estadual;SP
MOBIS BRASIL FABRICACAO DE AUTO PECAS LT;RODOVIARIO;1536918;06/07/2026;16;350950;06/07/2026;BDG AUTOVILLE VEICULOS LTDA;4,77E+13;CONTAGEM;MG;06/07/2026;09/07/2026;09/07/2026;Entregue No Prazo;;Entrega realizada;Entrega Finalizada;9;7;6;7;XD BETIM;11037;Revolução Constitucionalista de 1932;Estadual;SP
MOBIS BRASIL FABRICACAO DE AUTO PECAS LT;RODOVIARIO;1536915;06/07/2026;3;351070;06/07/2026;TOKSU COMERCIO DE VEICULOS LTDA;1,12E+13;JUIZ DE FORA;MG;06/07/2026;10/07/2026;09/07/2026;Entregue No Prazo;;Entrega realizada;Entrega Finalizada;10;7;6;7;XD BETIM;11008;;;
MOBIS BRASIL FABRICACAO DE AUTO PECAS LT;RODOVIARIO;1536930;06/07/2026;10;351040;06/07/2026;LOVAT VEICULOS S/A;8,57E+12;MARINGA;PR;06/07/2026;10/07/2026;09/07/2026;Entregue No Prazo;;Entrega realizada;Entrega Finalizada;10;7;6;7;TRANSTRY;18008;;;
MOBIS BRASIL FABRICACAO DE AUTO PECAS LT;RODOVIARIO;1536936;06/07/2026;3;351054;06/07/2026;ITAVEMA MOTORS VEICULOS LTDA;7,73E+12;DUQUE DE CAXIAS;RJ;06/07/2026;10/07/2026;09/07/2026;Entregue No Prazo;;Entrega realizada;Entrega Finalizada;10;7;6;7;CAMILO;19001;;;
MOBIS BRASIL FABRICACAO DE AUTO PECAS LT;RODOVIARIO;1536937;06/07/2026;4;351047;06/07/2026;AMX COM. E SERVICOS DE AUTOMOTORES LTDA;1,20E+13;RIO DE JANEIRO;RJ;06/07/2026;10/07/2026;09/07/2026;Entregue No Prazo;;Entrega realizada;Entrega Finalizada;10;7;6;7;CAMILO;19009;;;
MOBIS BRASIL FABRICACAO DE AUTO PECAS LT;RODOVIARIO;1536942;06/07/2026;1;351036;06/07/2026;CARWAY SUL VEICULOS LTDA;1,03E+13;PORTO ALEGRE;RS;06/07/2026;10/07/2026;09/07/2026;Entregue No Prazo;;Entrega realizada;Entrega Finalizada;10;7;6;7;TRANSTRY;23003;;;
MOBIS BRASIL FABRICACAO DE AUTO PECAS LT;RODOVIARIO;1536943;06/07/2026;3;351035;06/07/2026;CARWAY SUL VEICULOS LTDA;1,03E+13;CANOAS;RS;06/07/2026;10/07/2026;09/07/2026;Entregue No Prazo;;Entrega realizada;Entrega Finalizada;10;7;6;7;TRANSTRY;23003;;;
MOBIS BRASIL FABRICACAO DE AUTO PECAS LT;RODOVIARIO;1536914;06/07/2026;1;351071;06/07/2026;TOKSU COMERCIO DE VEICULOS LTDA;1,12E+13;BARBACENA;MG;06/07/2026;13/07/2026;09/07/2026;Entregue No Prazo;;Entrega realizada;Entrega Finalizada;13;7;6;7;XD BETIM;11008;;;
MOBIS BRASIL FABRICACAO DE AUTO PECAS LT;RODOVIARIO;1536940;06/07/2026;1;351069;06/07/2026;TAI MOTORS VEICULOS S/A.;9,27E+12;CAMPOS DOS GOYTACAZES;RJ;06/07/2026;13/07/2026;09/07/2026;Entregue No Prazo;;Entrega realizada;Entrega Finalizada;13;7;6;7;CAMILO;19023;;;
MOBIS BRASIL FABRICACAO DE AUTO PECAS LT;RODOVIARIO;1536949;06/07/2026;6;351032;06/07/2026;BARI VEICULOS LTDA;7,46E+12;BLUMENAU;SC;06/07/2026;13/07/2026;09/07/2026;Entregue No Prazo;;Entrega realizada;Entrega Finalizada;13;7;6;7;TRANSTRY;18024;;;
MOBIS BRASIL FABRICACAO DE AUTO PECAS LT;RODOVIARIO;1536952;06/07/2026;2;351042;06/07/2026;LR COMERCIO DE VEICULOS LTDA;1,05E+13;RIO DO SUL;SC;06/07/2026;13/07/2026;09/07/2026;Entregue No Prazo;;Entrega realizada;Entrega Finalizada;13;7;6;7;TRANSTRY;24007;;;
MOBIS BRASIL FABRICACAO DE AUTO PECAS LT;RODOVIARIO;1536910;06/07/2026;1;350962;06/07/2026;SAGA KOREA COM. DE VEIC. E PC. LTDA;1,27E+13;GOIANIA;GO;06/07/2026;14/07/2026;09/07/2026;Entregue No Prazo;;Entrega realizada;Entrega Finalizada;14;7;6;7;RIO VERMELHO;9011;Aniversário do Município;Campinas;SP
MOBIS BRASIL FABRICACAO DE AUTO PECAS LT;RODOVIARIO;1536911;06/07/2026;81;350962;06/07/2026;SAGA KOREA COM. DE VEIC. E PC. LTDA;1,27E+13;GOIANIA;GO;06/07/2026;14/07/2026;09/07/2026;Entregue No Prazo;;Entrega realizada;Entrega Finalizada;14;7;6;7;RIO VERMELHO;9011;Aniversário do Município;Campinas;SP
MOBIS BRASIL FABRICACAO DE AUTO PECAS LT;RODOVIARIO;1536912;06/07/2026;7;350958;06/07/2026;NISA COMERCIAL DE VEIC. AUTOMOTORES LTDA;1,03E+13;GOIANIA;GO;06/07/2026;14/07/2026;09/07/2026;Entregue No Prazo;;Entrega realizada;Entrega Finalizada;14;7;6;7;RIO VERMELHO;9013;Aniversário do Município;Campinas;SP
MOBIS BRASIL FABRICACAO DE AUTO PECAS LT;RODOVIARIO;1536919;06/07/2026;5;351050;06/07/2026;GOLDEN MOTORS VEICULOS LTDA;3,62E+12;DOURADOS;MS;06/07/2026;14/07/2026;09/07/2026;Entregue No Prazo;;Entrega realizada;Entrega Finalizada;14;7;6;7;CARVALIMA;12001;Aniversário do Município;Campinas;SP
MOBIS BRASIL FABRICACAO DE AUTO PECAS LT;RODOVIARIO;1536922;06/07/2026;1;351064;06/07/2026;SAGA ASIA COM. DE VEIC.PC.E SERV. LTDA;2,23E+13;VARZEA GRANDE;MT;06/07/2026;15/07/2026;09/07/2026;Entregue No Prazo;;Entrega realizada;Entrega Finalizada;15;7;6;7;CARVALIMA;13004;;;
MOBIS BRASIL FABRICACAO DE AUTO PECAS LT;RODOVIARIO;1536923;06/07/2026;23;351064;06/07/2026;SAGA ASIA COM. DE VEIC.PC.E SERV. LTDA;2,23E+13;VARZEA GRANDE;MT;06/07/2026;15/07/2026;09/07/2026;Entregue No Prazo;;Entrega realizada;Entrega Finalizada;15;7;6;7;CARVALIMA;13004;;;
MOBIS BRASIL FABRICACAO DE AUTO PECAS LT;RODOVIARIO;1537574;07/07/2026;24;351095;07/07/2026;CARBEL KOREA VEICULOS LTDA;2,07E+13;BELO HORIZONTE;MG;07/07/2026;10/07/2026;09/07/2026;Entregue No Prazo;;Entrega realizada;Entrega Finalizada;10;7;7;7;XD BETIM;11021;;;
MOBIS BRASIL FABRICACAO DE AUTO PECAS LT;RODOVIARIO;1537575;07/07/2026;26;351094;07/07/2026;BDG AUTOVILLE VEICULOS LTDA;4,77E+13;CONTAGEM;MG;07/07/2026;10/07/2026;09/07/2026;Entregue No Prazo;;Entrega realizada;Entrega Finalizada;10;7;7;7;XD BETIM;11037;;;
MOBIS BRASIL FABRICACAO DE AUTO PECAS LT;RODOVIARIO;1537590;07/07/2026;2;351127;07/07/2026;SEVEC VEICULOS LTDA;5,68E+11;CURITIBA;PR;07/07/2026;10/07/2026;09/07/2026;Entregue No Prazo;;Entrega realizada;Entrega Finalizada;10;7;7;7;TRANSTRY;18012;;;
MOBIS BRASIL FABRICACAO DE AUTO PECAS LT;RODOVIARIO;1537999;07/07/2026;4;351110;07/07/2026;BARI VEICULOS LTDA;7,46E+12;CURITIBA;PR;07/07/2026;10/07/2026;09/07/2026;Entregue No Prazo;;Entrega realizada;Entrega Finalizada;10;7;7;7;TRANSTRY;18024;;;
MOBIS BRASIL FABRICACAO DE AUTO PECAS LT;RODOVIARIO;1538115;07/07/2026;55;351104;07/07/2026;TAI MOTORS VEICULOS S/A;9,27E+12;BELO HORIZONTE;MG;07/07/2026;10/07/2026;09/07/2026;Entregue No Prazo;;Entrega realizada;Entrega Finalizada;10;7;7;7;XD BETIM;8002;;;
MOBIS BRASIL FABRICACAO DE AUTO PECAS LT;RODOVIARIO;1537591;07/07/2026;5;351109;07/07/2026;BARI VEICULOS LTDA;7,46E+12;PONTA GROSSA;PR;07/07/2026;13/07/2026;09/07/2026;Entregue No Prazo;;Entrega realizada;Entrega Finalizada;13;7;7;7;TRANSTRY;18024;;;
MOBIS BRASIL FABRICACAO DE AUTO PECAS LT;RODOVIARIO;1537615;07/07/2026;3;351112;07/07/2026;BARI VEICULOS LTDA.;7,46E+12;JOINVILLE;SC;07/07/2026;13/07/2026;09/07/2026;Entregue No Prazo;;Entrega realizada;Entrega Finalizada;13;7;7;7;TRANSTRY;24013;;;
MOBIS BRASIL FABRICACAO DE AUTO PECAS LT;RODOVIARIO;1537576;07/07/2026;1;351185;07/07/2026;RITMO MOTORS LTDA;1,94E+13;PASSOS;MG;07/07/2026;14/07/2026;09/07/2026;Entregue No Prazo;;Entrega realizada;Entrega Finalizada;14;7;7;7;XD BETIM;11040;Aniversário do Município;Campinas;SP
MOBIS BRASIL FABRICACAO DE AUTO PECAS LT;RODOVIARIO;1538462;08/07/2026;8;351337;08/07/2026;SEVEC VEICULOS LTDA;5,68E+11;CURITIBA;PR;08/07/2026;13/07/2026;09/07/2026;Entregue No Prazo;;Entrega realizada;Entrega Finalizada;13;7;8;7;TRANSTRY;18012;;;
MOBIS BRASIL FABRICACAO DE AUTO PECAS LT;RODOVIARIO;1538469;08/07/2026;1;351327;08/07/2026;BARI VEICULOS LTDA;7,46E+12;CURITIBA;PR;08/07/2026;13/07/2026;09/07/2026;Entregue No Prazo;;Entrega realizada;Entrega Finalizada;13;7;8;7;TRANSTRY;18024;;;
MOBIS BRASIL FABRICACAO DE AUTO PECAS LT;RODOVIARIO;1518961;30/05/2026;1;345561;01/06/2026;ORVEL AUTOMOTOR HYD LTDA;2,52E+13;TEIXEIRA DE FREITAS;BA;01/06/2026;16/06/2026;10/07/2026;Entregue Fora do Prazo;Extravio;10/07 NF extraviada, solicitado um novo pedido;Entrega Finalizada;16;6;1;6;TERMACO;5011;;;
MOBIS BRASIL FABRICACAO DE AUTO PECAS LT;RODOVIARIO;1533273;27/06/2026;1;349814;29/06/2026;PATEO COMERCIO DE VEICULOS S A;7,78E+12;RECIFE;PE;29/06/2026;14/07/2026;10/07/2026;Entregue No Prazo;;Entrega realizada;Entrega Finalizada;14;7;29;6;TERMACO;16004;Aniversário do Município;Campinas;SP
MOBIS BRASIL FABRICACAO DE AUTO PECAS LT;RODOVIARIO;1533272;27/06/2026;2;349788;29/06/2026;AUTORAC VEICULOS LTDA;1,06E+13;CARUARU;PE;29/06/2026;15/07/2026;10/07/2026;Entregue No Prazo;;Entrega realizada;Entrega Finalizada;15;7;29;6;TERMACO;16001;;;
MOBIS BRASIL FABRICACAO DE AUTO PECAS LT;RODOVIARIO;1534274;30/06/2026;57;350195;30/06/2026;PATEO COMERCIO DE VEICULOS S A;7,78E+12;RECIFE;PE;30/06/2026;15/07/2026;10/07/2026;Entregue No Prazo;;Entrega realizada;Entrega Finalizada;15;7;30;6;TERMACO;16004;;;
MOBIS BRASIL FABRICACAO DE AUTO PECAS LT;RODOVIARIO;1534506;30/06/2026;13;350195;30/06/2026;PATEO COMERCIO DE VEICULOS S A;7,78E+12;RECIFE;PE;30/06/2026;15/07/2026;10/07/2026;Entregue No Prazo;;Entrega realizada;Entrega Finalizada;15;7;30;6;TERMACO;16004;;;
MOBIS BRASIL FABRICACAO DE AUTO PECAS LT;RODOVIARIO;1534273;30/06/2026;1;350166;30/06/2026;AUTORAC VEICULOS LTDA;1,06E+13;CARUARU;PE;30/06/2026;16/07/2026;10/07/2026;Entregue No Prazo;;Entrega realizada;Entrega Finalizada;16;7;30;6;TERMACO;16001;;;
MOBIS BRASIL FABRICACAO DE AUTO PECAS LT;RODOVIARIO;1534286;30/06/2026;2;350199;30/06/2026;SAINT LAND COM DE VEICULOS S A;1,04E+13;MOSSORO;RN;30/06/2026;16/07/2026;10/07/2026;Entregue No Prazo;;Entrega realizada;Entrega Finalizada;16;7;30;6;TERMACO;20002;;;
MOBIS BRASIL FABRICACAO DE AUTO PECAS LT;RODOVIARIO;1534612;30/06/2026;8;350280;01/07/2026;SEVEL VEICULOS LTDA;1,07E+13;ARACAJU;SE;01/07/2026;14/07/2026;10/07/2026;Entregue No Prazo;;Entrega realizada;Entrega Finalizada;14;7;1;7;TERMACO;25001;Aniversário do Município;Campinas;SP
MOBIS BRASIL FABRICACAO DE AUTO PECAS LT;RODOVIARIO;1534594;30/06/2026;2;350278;01/07/2026;PATEO COMERCIO DE VEICULOS S A;7,78E+12;JOAO PESSOA;PB;01/07/2026;16/07/2026;10/07/2026;Entregue No Prazo;;Entrega realizada;Entrega Finalizada;16;7;1;7;TERMACO;15003;;;
MOBIS BRASIL FABRICACAO DE AUTO PECAS LT;RODOVIARIO;1535570;02/07/2026;41;350396;02/07/2026;FAZZA MOTORS COMERCIO DE VEICULOS LTDA;1,24E+13;SALVADOR;BA;02/07/2026;14/07/2026;10/07/2026;Entregue No Prazo;;Entrega realizada;Entrega Finalizada;14;7;2;7;TERMACO;5007;Aniversário do Município;Campinas;SP
MOBIS BRASIL FABRICACAO DE AUTO PECAS LT;RODOVIARIO;1534569;30/06/2026;5;350405;02/07/2026;SEVEL VEICULOS LTDA;1,07E+13;ARACAJU;SE;02/07/2026;15/07/2026;10/07/2026;Entregue No Prazo;;Entrega realizada;Entrega Finalizada;15;7;2;7;TERMACO;25001;;;
MOBIS BRASIL FABRICACAO DE AUTO PECAS LT;RODOVIARIO;1536039;02/07/2026;1;350405;02/07/2026;SEVEL VEICULOS LTDA;1,07E+13;ARACAJU;SE;02/07/2026;15/07/2026;10/07/2026;Entregue No Prazo;;Entrega realizada;Entrega Finalizada;15;7;2;7;TERMACO;25001;;;
MOBIS BRASIL FABRICACAO DE AUTO PECAS LT;RODOVIARIO;1535567;02/07/2026;1;350395;02/07/2026;CYCOSA AUTOMOVEIS LTDA;4,76E+12;MACEIO;AL;02/07/2026;16/07/2026;10/07/2026;Entregue No Prazo;;Entrega realizada;Entrega Finalizada;16;7;2;7;TERMACO;2001;;;
MOBIS BRASIL FABRICACAO DE AUTO PECAS LT;RODOVIARIO;1535585;02/07/2026;3;350401;02/07/2026;PATEO COMERCIO DE VEICULOS S A;7,78E+12;RECIFE;PE;02/07/2026;17/07/2026;10/07/2026;Entregue No Prazo;;Entrega realizada;Entrega Finalizada;17;7;2;7;TERMACO;16004;;;
MOBIS BRASIL FABRICACAO DE AUTO PECAS LT;RODOVIARIO;1536243;03/07/2026;2;350667;03/07/2026;CAOA MOTOR DO BRASIL LTDA;1,68E+13;RIO DE JANEIRO;RJ;03/07/2026;09/07/2026;10/07/2026;Entregue Fora do Prazo;;Entrega realizada;Entrega Finalizada;9;7;3;7;CAMILO;5008;Revolução Constitucionalista de 1932;Estadual;SP
MOBIS BRASIL FABRICACAO DE AUTO PECAS LT;RODOVIARIO;1536211;03/07/2026;4;350698;03/07/2026;VIME AUTOMOVEIS E PECAS LTDA;2,85E+13;GUAXUPE;MG;03/07/2026;10/07/2026;10/07/2026;Entregue No Prazo;;Entrega realizada;Entrega Finalizada;10;7;3;7;CAMILO;11031;;;
MOBIS BRASIL FABRICACAO DE AUTO PECAS LT;RODOVIARIO;1536250;03/07/2026;4;350634;03/07/2026;GALA COMERCIO DE VEICULOS LTDA.;1,77E+13;PELOTAS;RS;03/07/2026;10/07/2026;10/07/2026;Entregue No Prazo;;Entrega realizada;Entrega Finalizada;10;7;3;7;TRANSTRY;23009;;;
MOBIS BRASIL FABRICACAO DE AUTO PECAS LT;RODOVIARIO;1536251;03/07/2026;1;350636;03/07/2026;HOUSE PARTS - COM. DE PECAS E VEIC. LTDA;1,15E+13;LAJEADO;RS;03/07/2026;13/07/2026;10/07/2026;Entregue No Prazo;;Entrega realizada;Entrega Finalizada;13;7;3;7;TRANSTRY;23018;;;
MOBIS BRASIL FABRICACAO DE AUTO PECAS LT;RODOVIARIO;1536776;03/07/2026;1;350672;03/07/2026;FAZZA MOTORS COM. DE VEICULOS LTDA;1,24E+13;FORTALEZA;CE;03/07/2026;17/07/2026;10/07/2026;Entregue No Prazo;;Entrega realizada;Entrega Finalizada;17;7;3;7;TERMACO;6001;;;
MOBIS BRASIL FABRICACAO DE AUTO PECAS LT;RODOVIARIO;1536963;06/07/2026;1;350952;06/07/2026;BILLY DISTRIBUIDORA DE VEICULOS LTDA;1,34E+13;SAO CAETANO DO SUL;SP;06/07/2026;08/07/2026;10/07/2026;Entregue Fora do Prazo;;Entrega realizada;Entrega Finalizada;8;7;6;7;XD DIADEMA;26003;Emancipação Política de Sergipe;Estadual;SE
MOBIS BRASIL FABRICACAO DE AUTO PECAS LT;RODOVIARIO;1536934;06/07/2026;1;351045;06/07/2026;VETOR AUTOMOVEIS LTDA;2,12E+13;UMUARAMA;PR;06/07/2026;10/07/2026;10/07/2026;Entregue No Prazo;;Entrega realizada;Entrega Finalizada;10;7;6;7;TRANSTRY;18019;;;
MOBIS BRASIL FABRICACAO DE AUTO PECAS LT;RODOVIARIO;1536939;06/07/2026;8;351053;06/07/2026;ITAVEMA MOTORS VEICULOS LTDA;7,73E+12;RIO DE JANEIRO;RJ;06/07/2026;10/07/2026;10/07/2026;Entregue No Prazo;;Entrega realizada;Entrega Finalizada;10;7;6;7;CAMILO;19001;;;
MOBIS BRASIL FABRICACAO DE AUTO PECAS LT;RODOVIARIO;1536972;06/07/2026;1;350991;06/07/2026;DESTAQUE SEUL DISTR DE VEIC PEC LTDA;2,12E+13;CARAGUATATUBA;SP;06/07/2026;10/07/2026;10/07/2026;Entregue No Prazo;;Entrega realizada;Entrega Finalizada;10;7;6;7;MVT;26082;;;
MOBIS BRASIL FABRICACAO DE AUTO PECAS LT;RODOVIARIO;1536902;06/07/2026;1;351073;06/07/2026;VIA BRASIL AUTOMOVEIS LTDA.;4,72E+12;SERRA;ES;06/07/2026;13/07/2026;10/07/2026;Entregue No Prazo;;Entrega realizada;Entrega Finalizada;13;7;6;7;CAMILO;8001;;;
MOBIS BRASIL FABRICACAO DE AUTO PECAS LT;RODOVIARIO;1536903;06/07/2026;23;351067;06/07/2026;TAI MOTORS VEICULOS S/A;9,27E+12;VITORIA;ES;06/07/2026;13/07/2026;10/07/2026;Entregue No Prazo;;Entrega realizada;Entrega Finalizada;13;7;6;7;CAMILO;8002;;;
MOBIS BRASIL FABRICACAO DE AUTO PECAS LT;RODOVIARIO;1536916;06/07/2026;2;351075;06/07/2026;VIME AUTOMOVEIS E PECAS LTDA;2,85E+13;GUAXUPE;MG;06/07/2026;13/07/2026;10/07/2026;Entregue No Prazo;;Entrega realizada;Entrega Finalizada;13;7;6;7;CAMILO;11031;;;
MOBIS BRASIL FABRICACAO DE AUTO PECAS LT;RODOVIARIO;1536901;06/07/2026;2;350961;06/07/2026;SAGA KOREA COM. DE VEIC. E PC. LTDA;1,27E+13;BRASILIA;DF;06/07/2026;14/07/2026;10/07/2026;Entregue No Prazo;;Entrega realizada;Entrega Finalizada;14;7;6;7;RIO VERMELHO;7004;Aniversário do Município;Campinas;SP
MOBIS BRASIL FABRICACAO DE AUTO PECAS LT;RODOVIARIO;1536904;06/07/2026;7;351062;06/07/2026;PRIME CACHOEIRO VEICULOS LTDA;9,34E+12;CACHOEIRO DE ITAPEMIRIM;ES;06/07/2026;14/07/2026;10/07/2026;Entregue No Prazo;;Entrega realizada;Entrega Finalizada;14;7;6;7;CAMILO;8004;Aniversário do Município;Campinas;SP
MOBIS BRASIL FABRICACAO DE AUTO PECAS LT;RODOVIARIO;1536905;06/07/2026;3;351062;06/07/2026;PRIME CACHOEIRO VEICULOS LTDA;9,34E+12;CACHOEIRO DE ITAPEMIRIM;ES;06/07/2026;14/07/2026;10/07/2026;Entregue No Prazo;;Entrega realizada;Entrega Finalizada;14;7;6;7;CAMILO;8004;Aniversário do Município;Campinas;SP
MOBIS BRASIL FABRICACAO DE AUTO PECAS LT;RODOVIARIO;1536906;06/07/2026;1;351063;06/07/2026;PRIME CACHOEIRO VEICULOS LTDA;9,34E+12;LINHARES;ES;06/07/2026;14/07/2026;10/07/2026;Entregue No Prazo;;Entrega realizada;Entrega Finalizada;14;7;6;7;CAMILO;8004;Aniversário do Município;Campinas;SP
MOBIS BRASIL FABRICACAO DE AUTO PECAS LT;RODOVIARIO;1536907;06/07/2026;7;351068;06/07/2026;TAI MOTORS VEICULOS S/A;9,27E+12;COLATINA;ES;06/07/2026;14/07/2026;10/07/2026;Entregue No Prazo;;Entrega realizada;Entrega Finalizada;14;7;6;7;CAMILO;8002;Aniversário do Município;Campinas;SP
MOBIS BRASIL FABRICACAO DE AUTO PECAS LT;RODOVIARIO;1537627;07/07/2026;1;351132;07/07/2026;ANDRETA II DISTRIBUIDORA DE VEIC. LTDA;9,10E+12;JUNDIAI;SP;07/07/2026;10/07/2026;10/07/2026;Entregue No Prazo;;Entrega realizada;Entrega Finalizada;10;7;7;7;MVT;26011;;;
MOBIS BRASIL FABRICACAO DE AUTO PECAS LT;RODOVIARIO;1537570;07/07/2026;2;351197;07/07/2026;URCA MOTORS VEICULOS LTDA;8,77E+12;UBERLANDIA;MG;07/07/2026;13/07/2026;10/07/2026;Entregue No Prazo;;Entrega realizada;Entrega Finalizada;13;7;7;7;CAMILO;9014;;;
MOBIS BRASIL FABRICACAO DE AUTO PECAS LT;RODOVIARIO;1537571;07/07/2026;4;351197;07/07/2026;URCA MOTORS VEICULOS LTDA;8,77E+12;UBERLANDIA;MG;07/07/2026;13/07/2026;10/07/2026;Entregue No Prazo;;Entrega realizada;Entrega Finalizada;13;7;7;7;CAMILO;9014;;;
MOBIS BRASIL FABRICACAO DE AUTO PECAS LT;RODOVIARIO;1537586;07/07/2026;4;351123;07/07/2026;LOVAT VEICULOS S/A;8,57E+12;LONDRINA;PR;07/07/2026;13/07/2026;10/07/2026;Entregue No Prazo;;Entrega realizada;Entrega Finalizada;13;7;7;7;TRANSTRY;18008;;;
MOBIS BRASIL FABRICACAO DE AUTO PECAS LT;RODOVIARIO;1537592;07/07/2026;6;351163;07/07/2026;AMX COM. E SERVICOS DE AUTOMOTORES LTDA;1,20E+13;RIO DE JANEIRO;RJ;07/07/2026;13/07/2026;10/07/2026;Entregue No Prazo;;Entrega realizada;Entrega Finalizada;13;7;7;7;CAMILO;19009;;;
MOBIS BRASIL FABRICACAO DE AUTO PECAS LT;RODOVIARIO;1537593;07/07/2026;6;351166;07/07/2026;CAOA MOTOR DO BRASIL LTDA;1,68E+13;RIO DE JANEIRO;RJ;07/07/2026;13/07/2026;10/07/2026;Entregue No Prazo;;Entrega realizada;Entrega Finalizada;13;7;7;7;CAMILO;5008;;;
MOBIS BRASIL FABRICACAO DE AUTO PECAS LT;RODOVIARIO;1537594;07/07/2026;1;351175;07/07/2026;ITAVEMA MOTORS VEICULOS LTDA;7,73E+12;RIO DE JANEIRO;RJ;07/07/2026;13/07/2026;10/07/2026;Entregue No Prazo;;Entrega realizada;Entrega Finalizada;13;7;7;7;CAMILO;19001;;;
MOBIS BRASIL FABRICACAO DE AUTO PECAS LT;RODOVIARIO;1537597;07/07/2026;3;351167;07/07/2026;CAOA MOTOR DO BRASIL LTDA;1,68E+13;RIO DE JANEIRO;RJ;07/07/2026;13/07/2026;10/07/2026;Entregue No Prazo;;Entrega realizada;Entrega Finalizada;13;7;7;7;CAMILO;5008;;;
MOBIS BRASIL FABRICACAO DE AUTO PECAS LT;RODOVIARIO;1537602;07/07/2026;1;351122;07/07/2026;HOUSE PARTS-COM. DE PCS. E VEICULOS LTDA;1,15E+13;PORTO ALEGRE;RS;07/07/2026;13/07/2026;10/07/2026;Entregue No Prazo;;Entrega realizada;Entrega Finalizada;13;7;7;7;TRANSTRY;23004;;;
MOBIS BRASIL FABRICACAO DE AUTO PECAS LT;RODOVIARIO;1537603;07/07/2026;3;351122;07/07/2026;HOUSE PARTS-COM. DE PCS. E VEICULOS LTDA;1,15E+13;PORTO ALEGRE;RS;07/07/2026;13/07/2026;10/07/2026;Entregue No Prazo;;Entrega realizada;Entrega Finalizada;13;7;7;7;TRANSTRY;23004;;;
MOBIS BRASIL FABRICACAO DE AUTO PECAS LT;RODOVIARIO;1537604;07/07/2026;1;351114;07/07/2026;CARWAY SUL VEICULOS LTDA;1,03E+13;CANOAS;RS;07/07/2026;13/07/2026;10/07/2026;Entregue No Prazo;;Entrega realizada;Entrega Finalizada;13;7;7;7;TRANSTRY;23003;;;
MOBIS BRASIL FABRICACAO DE AUTO PECAS LT;RODOVIARIO;1537616;07/07/2026;1;351113;07/07/2026;BARI VEICULOS LTDA.;7,46E+12;ITAJAI;SC;07/07/2026;13/07/2026;10/07/2026;Entregue No Prazo;;Entrega realizada;Entrega Finalizada;13;7;7;7;TRANSTRY;24014;;;
MOBIS BRASIL FABRICACAO DE AUTO PECAS LT;RODOVIARIO;1537632;07/07/2026;2;351135;07/07/2026;GOLDEN MOTORS VEICULOS LTDA;3,62E+12;ARACATUBA;SP;07/07/2026;13/07/2026;10/07/2026;Entregue No Prazo;;Entrega realizada;Entrega Finalizada;13;7;7;7;MVT;12001;;;
MOBIS BRASIL FABRICACAO DE AUTO PECAS LT;RODOVIARIO;1537595;07/07/2026;2;351192;07/07/2026;TAI MOTORS VEICULOS S/A.;9,27E+12;CAMPOS DOS GOYTACAZES;RJ;07/07/2026;14/07/2026;10/07/2026;Entregue No Prazo;;Entrega realizada;Entrega Finalizada;14;7;7;7;CAMILO;19023;Aniversário do Município;Campinas;SP
MOBIS BRASIL FABRICACAO DE AUTO PECAS LT;RODOVIARIO;1537596;07/07/2026;1;351199;07/07/2026;VIA VR VEICULOS LTDA;1,73E+13;PETROPOLIS;RJ;07/07/2026;14/07/2026;10/07/2026;Entregue No Prazo;;Entrega realizada;Entrega Finalizada;14;7;7;7;CAMILO;19016;Aniversário do Município;Campinas;SP
MOBIS BRASIL FABRICACAO DE AUTO PECAS LT;RODOVIARIO;1537606;07/07/2026;2;351118;07/07/2026;GALA COMERCIO DE VEICULOS LTDA.;1,77E+13;PELOTAS;RS;07/07/2026;14/07/2026;10/07/2026;Entregue No Prazo;;Entrega realizada;Entrega Finalizada;14;7;7;7;TRANSTRY;23009;Aniversário do Município;Campinas;SP
MOBIS BRASIL FABRICACAO DE AUTO PECAS LT;RODOVIARIO;1537607;07/07/2026;2;351119;07/07/2026;GAMBATTO H1 VEICULOS LTDA;1,94E+13;PASSO FUNDO;RS;07/07/2026;14/07/2026;10/07/2026;Entregue No Prazo;;Entrega realizada;Entrega Finalizada;14;7;7;7;TRANSTRY;23015;Aniversário do Município;Campinas;SP
MOBIS BRASIL FABRICACAO DE AUTO PECAS LT;RODOVIARIO;1537609;07/07/2026;1;351121;07/07/2026;HOUSE PARTS COMERCIO DE PECAS E VEI;1,15E+13;CAXIAS DO SUL;RS;07/07/2026;14/07/2026;10/07/2026;Entregue No Prazo;;Entrega realizada;Entrega Finalizada;14;7;7;7;TRANSTRY;23023;Aniversário do Município;Campinas;SP
MOBIS BRASIL FABRICACAO DE AUTO PECAS LT;RODOVIARIO;1537613;07/07/2026;8;351125;07/07/2026;LR COMERCIO DE VEICULOS LTDA;1,05E+13;SAO JOSE;SC;07/07/2026;14/07/2026;10/07/2026;Entregue No Prazo;;Entrega realizada;Entrega Finalizada;14;7;7;7;TRANSTRY;24007;Aniversário do Município;Campinas;SP
MOBIS BRASIL FABRICACAO DE AUTO PECAS LT;RODOVIARIO;1537614;07/07/2026;9;351111;07/07/2026;BARI VEICULOS LTDA;7,46E+12;BLUMENAU;SC;07/07/2026;14/07/2026;10/07/2026;Entregue No Prazo;;Entrega realizada;Entrega Finalizada;14;7;7;7;TRANSTRY;18024;Aniversário do Município;Campinas;SP
MOBIS BRASIL FABRICACAO DE AUTO PECAS LT;RODOVIARIO;1537561;07/07/2026;3;351101;07/07/2026;SAGA KOREA COM. DE VEIC. E PC. LTDA;1,27E+13;BRASILIA;DF;07/07/2026;15/07/2026;10/07/2026;Entregue No Prazo;;Entrega realizada;Entrega Finalizada;15;7;7;7;RIO VERMELHO;7005;;;
MOBIS BRASIL FABRICACAO DE AUTO PECAS LT;RODOVIARIO;1537577;07/07/2026;5;351174;07/07/2026;GOLDEN MOTORS VEICULOS LTDA;3,62E+12;DOURADOS;MS;07/07/2026;15/07/2026;10/07/2026;Entregue No Prazo;;Entrega realizada;Entrega Finalizada;15;7;7;7;CARVALIMA;12001;;;
MOBIS BRASIL FABRICACAO DE AUTO PECAS LT;RODOVIARIO;1537578;07/07/2026;16;351194;07/07/2026;ULSAN COMERCIO DE VEICULOS LTDA.;2,10E+13;CAMPO GRANDE;MS;07/07/2026;15/07/2026;10/07/2026;Entregue No Prazo;;Entrega realizada;Entrega Finalizada;15;7;7;7;CARVALIMA;12004;;;
MOBIS BRASIL FABRICACAO DE AUTO PECAS LT;RODOVIARIO;1537579;07/07/2026;1;351176;07/07/2026;JPG MOTORS COMERCIO DE VEICULOS LTDA;2,91E+13;CAMPO GRANDE;MS;07/07/2026;15/07/2026;10/07/2026;Entregue No Prazo;;Entrega realizada;Entrega Finalizada;15;7;7;7;CARVALIMA;12005;;;
MOBIS BRASIL FABRICACAO DE AUTO PECAS LT;RODOVIARIO;1537617;07/07/2026;7;351115;07/07/2026;CHINHAN AUTOMOVEIS LTDA;2,41E+13;CONCORDIA;SC;07/07/2026;15/07/2026;10/07/2026;Entregue No Prazo;;Entrega realizada;Entrega Finalizada;15;7;7;7;TRANSTRY;23019;;;
MOBIS BRASIL FABRICACAO DE AUTO PECAS LT;RODOVIARIO;1538495;08/07/2026;1;351306;08/07/2026;BILLY DISTRIBUIDORA DE VEICULOS LTDA;1,34E+13;BARUERI;SP;08/07/2026;10/07/2026;10/07/2026;Entregue No Prazo;;Entrega realizada;Entrega Finalizada;10;7;8;7;XD DIADEMA;26003;;;
MOBIS BRASIL FABRICACAO DE AUTO PECAS LT;RODOVIARIO;1538499;08/07/2026;3;351313;08/07/2026;GRAND SPORT COM. DE VEIC. E PECAS LTDA;8,58E+12;SAO PAULO;SP;08/07/2026;10/07/2026;10/07/2026;Entregue No Prazo;;Entrega realizada;Entrega Finalizada;10;7;8;7;XD DIADEMA;26034;;;
MOBIS BRASIL FABRICACAO DE AUTO PECAS LT;RODOVIARIO;1538500;08/07/2026;1;351311;08/07/2026;CHS MOTORS VEICULOS PECAS E SERV LTDA  ;1,69E+13;SAO PAULO;SP;08/07/2026;10/07/2026;10/07/2026;Entregue No Prazo;;Entrega realizada;Entrega Finalizada;10;7;8;7;XD DIADEMA;26037;;;
MOBIS BRASIL FABRICACAO DE AUTO PECAS LT;RODOVIARIO;1538507;08/07/2026;3;351305;08/07/2026;BILLY DISTRIBUIDORA DE VEICULOS LTDA;1,34E+13;DIADEMA;SP;08/07/2026;10/07/2026;10/07/2026;Entregue No Prazo;;Entrega realizada;Entrega Finalizada;10;7;8;7;XD DIADEMA;26003;;;
MOBIS BRASIL FABRICACAO DE AUTO PECAS LT;RODOVIARIO;1538510;08/07/2026;3;351312;08/07/2026;CHS MOTORS VEICULOS PECAS(VL. GUILHERME);1,69E+13;SAO PAULO;SP;08/07/2026;10/07/2026;10/07/2026;Entregue No Prazo;;Entrega realizada;Entrega Finalizada;10;7;8;7;XD DIADEMA;26052;;;
MOBIS BRASIL FABRICACAO DE AUTO PECAS LT;RODOVIARIO;1538511;08/07/2026;1;351309;08/07/2026;CAOA MOTOR DO BRASIL LTDA (IPIRANGA);1,68E+13;SAO PAULO;SP;08/07/2026;10/07/2026;10/07/2026;Entregue No Prazo;;Entrega realizada;Entrega Finalizada;10;7;8;7;XD DIADEMA;26054;;;
MOBIS BRASIL FABRICACAO DE AUTO PECAS LT;RODOVIARIO;1538520;08/07/2026;1;351310;08/07/2026;CAOA MOTOR DO BRASIL LTDA(NACOES UNIDAS);1,68E+13;SAO PAULO;SP;08/07/2026;10/07/2026;10/07/2026;Entregue No Prazo;;Entrega realizada;Entrega Finalizada;10;7;8;7;XD DIADEMA;26087;;;
MOBIS BRASIL FABRICACAO DE AUTO PECAS LT;RODOVIARIO;1538524;08/07/2026;1;351317;08/07/2026;NOBRE DISTRIBUIDORA DE VEIC. E PEC. LTDA;5,76E+12;SUZANO;SP;08/07/2026;10/07/2026;10/07/2026;Entregue No Prazo;;Entrega realizada;Entrega Finalizada;10;7;8;7;XD DIADEMA;26103;;;
MOBIS BRASIL FABRICACAO DE AUTO PECAS LT;RODOVIARIO;1537633;07/07/2026;6;351344;08/07/2026;CAOA MOTOR DO BRASIL LTDA;1,68E+13;CAMPINAS;SP;08/07/2026;13/07/2026;10/07/2026;Entregue No Prazo;;Entrega realizada;Entrega Finalizada;13;7;8;7;MVT;5008;;;
MOBIS BRASIL FABRICACAO DE AUTO PECAS LT;RODOVIARIO;1538496;08/07/2026;1;351347;08/07/2026;DHC COMERCIO DE VEICULOS E PECAS LTDA;9,52E+12;BAURU;SP;08/07/2026;13/07/2026;10/07/2026;Entregue No Prazo;;Entrega realizada;Entrega Finalizada;13;7;8;7;MVT;26010;;;
MOBIS BRASIL FABRICACAO DE AUTO PECAS LT;RODOVIARIO;1538506;08/07/2026;1;351343;08/07/2026;ANDRETA II DISTRIBUIDORA DE VEIC. LTDA;9,10E+12;AMERICANA;SP;08/07/2026;13/07/2026;10/07/2026;Entregue No Prazo;;Entrega realizada;Entrega Finalizada;13;7;8;7;MVT;26011;;;
MOBIS BRASIL FABRICACAO DE AUTO PECAS LT;RODOVIARIO;1538512;08/07/2026;1;351344;08/07/2026;CAOA MOTOR DO BRASIL LTDA;1,68E+13;CAMPINAS;SP;08/07/2026;13/07/2026;10/07/2026;Entregue No Prazo;;Entrega realizada;Entrega Finalizada;13;7;8;7;MVT;5008;;;
MOBIS BRASIL FABRICACAO DE AUTO PECAS LT;RODOVIARIO;1538441;08/07/2026;2;351445;08/07/2026;TOKSU COMERCIO DE VEICULOS LTDA;1,12E+13;POUSO ALEGRE;MG;08/07/2026;14/07/2026;10/07/2026;Entregue No Prazo;;Entrega realizada;Entrega Finalizada;14;7;8;7;XD BETIM;11008;Aniversário do Município;Campinas;SP
MOBIS BRASIL FABRICACAO DE AUTO PECAS LT;RODOVIARIO;1538459;08/07/2026;1;351332;08/07/2026;LOVAT VEICULOS S/A;8,57E+12;LONDRINA;PR;08/07/2026;14/07/2026;10/07/2026;Entregue No Prazo;;Entrega realizada;Entrega Finalizada;14;7;8;7;TRANSTRY;18008;Aniversário do Município;Campinas;SP
MOBIS BRASIL FABRICACAO DE AUTO PECAS LT;RODOVIARIO;1538460;08/07/2026;4;351332;08/07/2026;LOVAT VEICULOS S/A;8,57E+12;LONDRINA;PR;08/07/2026;14/07/2026;10/07/2026;Entregue No Prazo;;Entrega realizada;Entrega Finalizada;14;7;8;7;TRANSTRY;18008;Aniversário do Município;Campinas;SP
MOBIS BRASIL FABRICACAO DE AUTO PECAS LT;RODOVIARIO;1538464;08/07/2026;6;351339;08/07/2026;VETOR AUTOMOVEIS LTDA;2,12E+13;CASCAVEL;PR;08/07/2026;14/07/2026;10/07/2026;Entregue No Prazo;;Entrega realizada;Entrega Finalizada;14;7;8;7;TRANSTRY;18019;Aniversário do Município;Campinas;SP
MOBIS BRASIL FABRICACAO DE AUTO PECAS LT;RODOVIARIO;1538466;08/07/2026;5;351328;08/07/2026;BARI VEICULOS LTDA;7,46E+12;PONTA GROSSA;PR;08/07/2026;14/07/2026;10/07/2026;Entregue No Prazo;;Entrega realizada;Entrega Finalizada;14;7;8;7;TRANSTRY;18024;Aniversário do Município;Campinas;SP
MOBIS BRASIL FABRICACAO DE AUTO PECAS LT;RODOVIARIO;1538467;08/07/2026;3;351328;08/07/2026;BARI VEICULOS LTDA;7,46E+12;PONTA GROSSA;PR;08/07/2026;14/07/2026;10/07/2026;Entregue No Prazo;;Entrega realizada;Entrega Finalizada;14;7;8;7;TRANSTRY;18024;Aniversário do Município;Campinas;SP
MOBIS BRASIL FABRICACAO DE AUTO PECAS LT;RODOVIARIO;1538470;08/07/2026;1;351427;08/07/2026;ITAVEMA MOTORS VEICULOS LTDA;7,73E+12;DUQUE DE CAXIAS;RJ;08/07/2026;14/07/2026;10/07/2026;Entregue No Prazo;;Entrega realizada;Entrega Finalizada;14;7;8;7;CAMILO;19001;Aniversário do Município;Campinas;SP
MOBIS BRASIL FABRICACAO DE AUTO PECAS LT;RODOVIARIO;1538471;08/07/2026;1;351412;08/07/2026;AMX COM. E SERVICOS DE AUTOMOTORES LTDA;1,20E+13;RIO DE JANEIRO;RJ;08/07/2026;14/07/2026;10/07/2026;Entregue No Prazo;;Entrega realizada;Entrega Finalizada;14;7;8;7;CAMILO;19009;Aniversário do Município;Campinas;SP
MOBIS BRASIL FABRICACAO DE AUTO PECAS LT;RODOVIARIO;1538474;08/07/2026;1;351428;08/07/2026;ITAVEMA MOTORS VEICULOS LTDA;7,73E+12;RIO DE JANEIRO;RJ;08/07/2026;14/07/2026;10/07/2026;Entregue No Prazo;;Entrega realizada;Entrega Finalizada;14;7;8;7;CAMILO;19001;Aniversário do Município;Campinas;SP
MOBIS BRASIL FABRICACAO DE AUTO PECAS LT;RODOVIARIO;1538475;08/07/2026;8;351428;08/07/2026;ITAVEMA MOTORS VEICULOS LTDA;7,73E+12;RIO DE JANEIRO;RJ;08/07/2026;14/07/2026;10/07/2026;Entregue No Prazo;;Entrega realizada;Entrega Finalizada;14;7;8;7;CAMILO;19001;Aniversário do Município;Campinas;SP
MOBIS BRASIL FABRICACAO DE AUTO PECAS LT;RODOVIARIO;1538476;08/07/2026;1;351415;08/07/2026;CAOA MOTOR DO BRASIL LTDA;1,68E+13;RIO DE JANEIRO;RJ;08/07/2026;14/07/2026;10/07/2026;Entregue No Prazo;;Entrega realizada;Entrega Finalizada;14;7;8;7;CAMILO;5008;Aniversário do Município;Campinas;SP
MOBIS BRASIL FABRICACAO DE AUTO PECAS LT;RODOVIARIO;1538477;08/07/2026;1;351417;08/07/2026;CAOA MOTOR DO BRASIL LTDA;1,68E+13;NITEROI;RJ;08/07/2026;14/07/2026;10/07/2026;Entregue No Prazo;;Entrega realizada;Entrega Finalizada;14;7;8;7;CAMILO;5008;Aniversário do Município;Campinas;SP
MOBIS BRASIL FABRICACAO DE AUTO PECAS LT;RODOVIARIO;1538490;08/07/2026;3;351329;08/07/2026;BARI VEICULOS LTDA.;7,46E+12;JOINVILLE;SC;08/07/2026;14/07/2026;10/07/2026;Entregue No Prazo;;Entrega realizada;Entrega Finalizada;14;7;8;7;TRANSTRY;24013;Aniversário do Município;Campinas;SP
MOBIS BRASIL FABRICACAO DE AUTO PECAS LT;RODOVIARIO;1538498;08/07/2026;47;351646;09/07/2026;NEW VEICULOS E PECAS LTDA;1,59E+13;RIBEIRAO PRETO;SP;09/07/2026;14/07/2026;10/07/2026;Entregue No Prazo;;Entrega realizada;Entrega Finalizada;14;7;9;7;BV LOG;26014;Aniversário do Município;Campinas;SP
MOBIS BRASIL FABRICACAO DE AUTO PECAS LT;RODOVIARIO;1538515;08/07/2026;1;351353;08/07/2026;NEW VEICULOS E PECAS LTDA.;1,59E+13;ARARAQUARA;SP;08/07/2026;14/07/2026;10/07/2026;Entregue No Prazo;;Entrega realizada;Entrega Finalizada;14;7;8;7;MVT;26071;Aniversário do Município;Campinas;SP
MOBIS BRASIL FABRICACAO DE AUTO PECAS LT;RODOVIARIO;1539382;09/07/2026;5;351543;09/07/2026;BARI VEICULOS LTDA;7,46E+12;CURITIBA;PR;09/07/2026;14/07/2026;10/07/2026;Entregue No Prazo;;Entrega realizada;Entrega Finalizada;14;7;9;7;TRANSTRY;18024;Aniversário do Município;Campinas;SP
MOBIS BRASIL FABRICACAO DE AUTO PECAS LT;RODOVIARIO;1539413;09/07/2026;59;351646;09/07/2026;NEW VEICULOS E PECAS LTDA;1,59E+13;RIBEIRAO PRETO;SP;09/07/2026;14/07/2026;10/07/2026;Entregue No Prazo;;Entrega realizada;Entrega Finalizada;14;7;9;7;BV LOG;26014;Aniversário do Município;Campinas;SP
MOBIS BRASIL FABRICACAO DE AUTO PECAS LT;RODOVIARIO;1539424;09/07/2026;1;351530;09/07/2026;CAOA MOTOR DO BRASIL LTDA;1,68E+13;SAO CARLOS;SP;09/07/2026;14/07/2026;10/07/2026;Entregue No Prazo;;Entrega realizada;Entrega Finalizada;14;7;9;7;MVT;5008;Aniversário do Município;Campinas;SP
MOBIS BRASIL FABRICACAO DE AUTO PECAS LT;RODOVIARIO;1538439;08/07/2026;2;351444;08/07/2026;TOKSU COMERCIO DE VEICULOS LTDA;1,12E+13;BARBACENA;MG;08/07/2026;15/07/2026;10/07/2026;Entregue No Prazo;;Entrega realizada;Entrega Finalizada;15;7;8;7;CAMILO;11008;;;
MOBIS BRASIL FABRICACAO DE AUTO PECAS LT;RODOVIARIO;1538463;08/07/2026;1;351340;08/07/2026;ZENDAI VEICULOS LTDA;1,97E+13;TOLEDO;PR;08/07/2026;15/07/2026;10/07/2026;Entregue No Prazo;;Entrega realizada;Entrega Finalizada;15;7;8;7;TRANSTRY;18016;;;
MOBIS BRASIL FABRICACAO DE AUTO PECAS LT;RODOVIARIO;1538468;08/07/2026;1;351338;08/07/2026;VETOR AUTOMOVEIS LTDA;2,12E+13;FOZ DO IGUACU;PR;08/07/2026;15/07/2026;10/07/2026;Entregue No Prazo;;Entrega realizada;Entrega Finalizada;15;7;8;7;TRANSTRY;18019;;;
MOBIS BRASIL FABRICACAO DE AUTO PECAS LT;RODOVIARIO;1538486;08/07/2026;1;351334;08/07/2026;LR COMERCIO DE VEICULOS LTDA;1,05E+13;SAO JOSE;SC;08/07/2026;15/07/2026;10/07/2026;Entregue No Prazo;;Entrega realizada;Entrega Finalizada;15;7;8;7;TRANSTRY;24007;;;
MOBIS BRASIL FABRICACAO DE AUTO PECAS LT;RODOVIARIO;1538487;08/07/2026;2;351334;08/07/2026;LR COMERCIO DE VEICULOS LTDA;1,05E+13;SAO JOSE;SC;08/07/2026;15/07/2026;10/07/2026;Entregue No Prazo;;Entrega realizada;Entrega Finalizada;15;7;8;7;TRANSTRY;24007;;;
MOBIS BRASIL FABRICACAO DE AUTO PECAS LT;RODOVIARIO;1538488;08/07/2026;2;351326;08/07/2026;BARI VEICULOS LTDA;7,46E+12;BLUMENAU;SC;08/07/2026;15/07/2026;10/07/2026;Entregue No Prazo;;Entrega realizada;Entrega Finalizada;15;7;8;7;TRANSTRY;18024;;;
MOBIS BRASIL FABRICACAO DE AUTO PECAS LT;RODOVIARIO;1538489;08/07/2026;19;351326;08/07/2026;BARI VEICULOS LTDA;7,46E+12;BLUMENAU;SC;08/07/2026;15/07/2026;10/07/2026;Entregue No Prazo;;Entrega realizada;Entrega Finalizada;15;7;8;7;TRANSTRY;18024;;;
MOBIS BRASIL FABRICACAO DE AUTO PECAS LT;RODOVIARIO;1539381;09/07/2026;1;351545;09/07/2026;BARI VEICULOS LTDA;7,46E+12;SAO JOSE DOS PINHAIS;PR;09/07/2026;15/07/2026;10/07/2026;Entregue No Prazo;;Entrega realizada;Entrega Finalizada;15;7;9;7;TRANSTRY;18024;;;
MOBIS BRASIL FABRICACAO DE AUTO PECAS LT;RODOVIARIO;1539420;09/07/2026;1;351538;09/07/2026;NEW VEICULOS E PECAS LTDA;1,59E+13;FRANCA;SP;09/07/2026;15/07/2026;10/07/2026;Entregue No Prazo;;Entrega realizada;Entrega Finalizada;15;7;9;7;MVT;26014;;;
MOBIS BRASIL FABRICACAO DE AUTO PECAS LT;RODOVIARIO;1539425;09/07/2026;2;351539;09/07/2026;NEW VEICULOS E PECAS LTDA.;1,59E+13;ARARAQUARA;SP;09/07/2026;15/07/2026;10/07/2026;Entregue No Prazo;;Entrega realizada;Entrega Finalizada;15;7;9;7;MVT;26071;;;
MOBIS BRASIL FABRICACAO DE AUTO PECAS LT;RODOVIARIO;1539416;09/07/2026;3;351647;10/07/2026;BILLY DISTRIBUIDORA DE VEICULOS LTDA;1,34E+13;SAO CAETANO DO SUL;SP;10/07/2026;14/07/2026;10/07/2026;Entregue No Prazo;;Entrega realizada;Entrega Finalizada;14;7;10;7;BV LOG;26003;Aniversário do Município;Campinas;SP
MOBIS BRASIL FABRICACAO DE AUTO PECAS LT;RODOVIARIO;1539417;09/07/2026;72;351647;10/07/2026;BILLY DISTRIBUIDORA DE VEICULOS LTDA;1,34E+13;SAO CAETANO DO SUL;SP;10/07/2026;14/07/2026;10/07/2026;Entregue No Prazo;;Entrega realizada;Entrega Finalizada;14;7;10;7;BV LOG;26003;Aniversário do Município;Campinas;SP
MOBIS BRASIL FABRICACAO DE AUTO PECAS LT;RODOVIARIO;1539434;09/07/2026;21;351648;10/07/2026;GRANDAY AUTOMOTORES LTDA (CHAC. CALIFOR);1,57E+13;SAO PAULO;SP;10/07/2026;14/07/2026;10/07/2026;Entregue No Prazo;;Entrega realizada;Entrega Finalizada;14;7;10;7;BV LOG;26090;Aniversário do Município;Campinas;SP
MOBIS BRASIL FABRICACAO DE AUTO PECAS LT;RODOVIARIO;1539410;09/07/2026;38;351649;10/07/2026;ANDRETA II DISTRIBUIDORA DE VEIC. LTDA;9,10E+12;CAMPINAS;SP;10/07/2026;15/07/2026;10/07/2026;Entregue No Prazo;;Entrega realizada;Entrega Finalizada;15;7;10;7;BV LOG;26011;;;
MOBIS BRASIL FABRICACAO DE AUTO PECAS LT;RODOVIARIO;1539411;09/07/2026;3;351650;10/07/2026;MOTONET COMERCIO DE VEICULOS LTDA;9,28E+12;SOROCABA;SP;10/07/2026;15/07/2026;10/07/2026;Entregue No Prazo;;Entrega realizada;Entrega Finalizada;15;7;10;7;BV LOG;26113;;;
MOBIS BRASIL FABRICACAO DE AUTO PECAS LT;RODOVIARIO;1539412;09/07/2026;39;351650;10/07/2026;MOTONET COMERCIO DE VEICULOS LTDA;9,28E+12;SOROCABA;SP;10/07/2026;15/07/2026;10/07/2026;Entregue No Prazo;;Entrega realizada;Entrega Finalizada;15;7;10;7;BV LOG;26113;;;
MOBIS BRASIL FABRICACAO DE AUTO PECAS LT;RODOVIARIO;1538444;08/07/2026;2;351422;08/07/2026;GOLDEN MOTORS VEICULOS LTDA;3,62E+12;DOURADOS;MS;08/07/2026;16/07/2026;11/07/2026;Entregue No Prazo;;Entrega realizada;Entrega Finalizada;16;7;8;7;CARVALIMA;12001;;;
MOBIS BRASIL FABRICACAO DE AUTO PECAS LT;RODOVIARIO;1530400;23/06/2026;1;348790;23/06/2026;IMOTORS VEICULOS LTDA;7,17E+12;JUIZ DE FORA;MG;23/06/2026;29/06/2026;13/07/2026;Entregue Fora do Prazo;;Entrega realizada;Entrega Finalizada;29;6;23;6;CAMILO;11010;;;
MOBIS BRASIL FABRICACAO DE AUTO PECAS LT;RODOVIARIO;1530403;23/06/2026;1;348807;23/06/2026;VIME POCOS COM. DE VEICULOS E PECAS LTDA;3,43E+13;POCOS DE CALDAS;MG;23/06/2026;29/06/2026;13/07/2026;Entregue Fora do Prazo;;Entrega realizada;Entrega Finalizada;29;6;23;6;CAMILO;11033;;;
MOBIS BRASIL FABRICACAO DE AUTO PECAS LT;RODOVIARIO;1531797;25/06/2026;1;349242;25/06/2026;IMOTORS VEICULOS LTDA;7,17E+12;JUIZ DE FORA;MG;25/06/2026;01/07/2026;13/07/2026;Entregue Fora do Prazo;;Entrega realizada;Entrega Finalizada;1;7;25;6;CAMILO;11010;;;
MOBIS BRASIL FABRICACAO DE AUTO PECAS LT;RODOVIARIO;1531801;25/06/2026;1;349252;25/06/2026;TOKSU COMERCIO DE VEICULOS LTDA;1,12E+13;VARGINHA;MG;25/06/2026;01/07/2026;13/07/2026;Entregue Fora do Prazo;;Entrega realizada;Entrega Finalizada;1;7;25;6;CAMILO;11008;;;
MOBIS BRASIL FABRICACAO DE AUTO PECAS LT;RODOVIARIO;1531802;25/06/2026;1;349255;25/06/2026;VIME POCOS COM. DE VEICULOS E PECAS LTDA;3,43E+13;POCOS DE CALDAS;MG;25/06/2026;01/07/2026;13/07/2026;Entregue Fora do Prazo;;Entrega realizada;Entrega Finalizada;1;7;25;6;CAMILO;11033;;;
MOBIS BRASIL FABRICACAO DE AUTO PECAS LT;RODOVIARIO;1532383;26/06/2026;10;349496;26/06/2026;TOKSU COMERCIO DE VEICULOS LTDA;1,12E+13;JUIZ DE FORA;MG;26/06/2026;02/07/2026;13/07/2026;Entregue Fora do Prazo;;Entrega realizada;Entrega Finalizada;2;7;26;6;CAMILO;11008;Independência da Bahia;Estadual;BA
MOBIS BRASIL FABRICACAO DE AUTO PECAS LT;RODOVIARIO;1532387;26/06/2026;1;349497;26/06/2026;TOKSU COMERCIO DE VEICULOS LTDA;1,12E+13;VARGINHA;MG;26/06/2026;02/07/2026;13/07/2026;Entregue Fora do Prazo;;Entrega realizada;Entrega Finalizada;2;7;26;6;CAMILO;11008;Independência da Bahia;Estadual;BA
MOBIS BRASIL FABRICACAO DE AUTO PECAS LT;RODOVIARIO;1533258;27/06/2026;1;349783;29/06/2026;VIME POCOS COM. DE VEICULOS E PECAS LTDA;3,43E+13;POCOS DE CALDAS;MG;29/06/2026;03/07/2026;13/07/2026;Entregue Fora do Prazo;;Entrega realizada;Entrega Finalizada;3;7;29;6;CAMILO;11033;;;
MOBIS BRASIL FABRICACAO DE AUTO PECAS LT;RODOVIARIO;1533259;27/06/2026;4;349783;29/06/2026;VIME POCOS COM. DE VEICULOS E PECAS LTDA;3,43E+13;POCOS DE CALDAS;MG;29/06/2026;03/07/2026;13/07/2026;Entregue Fora do Prazo;;Entrega realizada;Entrega Finalizada;3;7;29;6;CAMILO;11033;;;
MOBIS BRASIL FABRICACAO DE AUTO PECAS LT;RODOVIARIO;1533254;27/06/2026;1;349779;29/06/2026;TOKSU COMERCIO DE VEICULOS LTDA;1,12E+13;BARBACENA;MG;29/06/2026;06/07/2026;13/07/2026;Entregue Fora do Prazo;;Entrega realizada;Entrega Finalizada;6;7;29;6;CAMILO;11008;;;
MOBIS BRASIL FABRICACAO DE AUTO PECAS LT;RODOVIARIO;1533269;27/06/2026;2;349801;29/06/2026;GRANDE COREIA COMERCIO DE VEICULOS LTDA;2,66E+13;BELEM;PA;29/06/2026;10/07/2026;13/07/2026;Entregue Fora do Prazo;;Entrega realizada;Entrega Finalizada;10;7;29;6;CARVALIMA;14007;;;
MOBIS BRASIL FABRICACAO DE AUTO PECAS LT;RODOVIARIO;1534260;30/06/2026;2;349898;30/06/2026;TOKSU COMERCIO DE VEICULOS LTDA;1,12E+13;JUIZ DE FORA;MG;30/06/2026;06/07/2026;13/07/2026;Entregue Fora do Prazo;;Entrega realizada;Entrega Finalizada;6;7;30;6;CAMILO;11008;;;
MOBIS BRASIL FABRICACAO DE AUTO PECAS LT;RODOVIARIO;1534262;30/06/2026;1;349903;30/06/2026;VIME POCOS COM. DE VEICULOS E PECAS LTDA;3,43E+13;POCOS DE CALDAS;MG;30/06/2026;06/07/2026;13/07/2026;Entregue Fora do Prazo;;Entrega realizada;Entrega Finalizada;6;7;30;6;CAMILO;11033;;;
MOBIS BRASIL FABRICACAO DE AUTO PECAS LT;RODOVIARIO;1534494;30/06/2026;1;349903;30/06/2026;VIME POCOS COM. DE VEICULOS E PECAS LTDA;3,43E+13;POCOS DE CALDAS;MG;30/06/2026;06/07/2026;13/07/2026;Entregue Fora do Prazo;;Entrega realizada;Entrega Finalizada;6;7;30;6;CAMILO;11033;;;
MOBIS BRASIL FABRICACAO DE AUTO PECAS LT;RODOVIARIO;1534271;30/06/2026;2;350179;30/06/2026;GRANDE COREIA COMERCIO DE VEICULOS LTDA;2,66E+13;BELEM;PA;30/06/2026;13/07/2026;13/07/2026;Entregue No Prazo;;Entrega realizada;Entrega Finalizada;13;7;30;6;CARVALIMA;14007;;;
MOBIS BRASIL FABRICACAO DE AUTO PECAS LT;RODOVIARIO;1534287;30/06/2026;7;350201;30/06/2026;SAINT LAND COMERCIO DE VEICULOS LTDA;1,04E+13;NATAL;RN;30/06/2026;15/07/2026;13/07/2026;Entregue No Prazo;;Entrega realizada;Entrega Finalizada;15;7;30;6;TERMACO;6010;;;
MOBIS BRASIL FABRICACAO DE AUTO PECAS LT;RODOVIARIO;1534489;30/06/2026;3;350191;30/06/2026;PATEO COMERCIO DE VEICULOS S A;7,78E+12;SAO LUIS;MA;30/06/2026;15/07/2026;13/07/2026;Entregue No Prazo;;Entrega realizada;Entrega Finalizada;15;7;30;6;TERMACO;10002;;;
MOBIS BRASIL FABRICACAO DE AUTO PECAS LT;RODOVIARIO;1534519;30/06/2026;3;350201;30/06/2026;SAINT LAND COMERCIO DE VEICULOS LTDA;1,04E+13;NATAL;RN;30/06/2026;15/07/2026;13/07/2026;Entregue No Prazo;;Entrega realizada;Entrega Finalizada;15;7;30;6;TERMACO;6010;;;
MOBIS BRASIL FABRICACAO DE AUTO PECAS LT;RODOVIARIO;1534520;30/06/2026;1;350201;30/06/2026;SAINT LAND COMERCIO DE VEICULOS LTDA;1,04E+13;NATAL;RN;30/06/2026;15/07/2026;13/07/2026;Entregue No Prazo;;Entrega realizada;Entrega Finalizada;15;7;30;6;TERMACO;6010;;;
MOBIS BRASIL FABRICACAO DE AUTO PECAS LT;RODOVIARIO;1534518;30/06/2026;6;350188;30/06/2026;ORIENTE AUTOMOVEIS LTDA;1,33E+13;PARNAMIRIM;RN;30/06/2026;16/07/2026;13/07/2026;Entregue No Prazo;;Entrega realizada;Entrega Finalizada;16;7;30;6;TERMACO;20001;;;
MOBIS BRASIL FABRICACAO DE AUTO PECAS LT;RODOVIARIO;1534833;30/06/2026;1;350236;01/07/2026;TOKSU COMERCIO DE VEICULOS LTDA;1,12E+13;BARBACENA;MG;01/07/2026;08/07/2026;13/07/2026;Entregue Fora do Prazo;;Entrega realizada;Entrega Finalizada;8;7;1;7;CAMILO;11008;Emancipação Política de Sergipe;Estadual;SE
MOBIS BRASIL FABRICACAO DE AUTO PECAS LT;RODOVIARIO;1534577;30/06/2026;1;350272;01/07/2026;GREEN CITY VEICULOS LTDA;2,10E+13;TERESINA;PI;01/07/2026;17/07/2026;13/07/2026;Entregue No Prazo;;Entrega realizada;Entrega Finalizada;17;7;1;7;TERMACO;17002;;;
MOBIS BRASIL FABRICACAO DE AUTO PECAS LT;RODOVIARIO;1534580;30/06/2026;1;350276;01/07/2026;ORIENTE AUTOMOVEIS LTDA;1,33E+13;PARNAMIRIM;RN;01/07/2026;17/07/2026;13/07/2026;Entregue No Prazo;;Entrega realizada;Entrega Finalizada;17;7;1;7;TERMACO;20001;;;
MOBIS BRASIL FABRICACAO DE AUTO PECAS LT;RODOVIARIO;1535578;02/07/2026;4;350362;02/07/2026;TOKSU COMERCIO DE VEICULOS LTDA;1,12E+13;JUIZ DE FORA;MG;02/07/2026;08/07/2026;13/07/2026;Entregue Fora do Prazo;;Entrega realizada;Entrega Finalizada;8;7;2;7;CAMILO;11008;Emancipação Política de Sergipe;Estadual;SE
MOBIS BRASIL FABRICACAO DE AUTO PECAS LT;RODOVIARIO;1535577;02/07/2026;1;350361;02/07/2026;TOKSU COMERCIO DE VEICULOS LTDA;1,12E+13;BARBACENA;MG;02/07/2026;09/07/2026;13/07/2026;Entregue Fora do Prazo;;Entrega realizada;Entrega Finalizada;9;7;2;7;CAMILO;11008;Revolução Constitucionalista de 1932;Estadual;SP
MOBIS BRASIL FABRICACAO DE AUTO PECAS LT;RODOVIARIO;1535596;02/07/2026;1;350399;02/07/2026;ORIENTE AUTOMOVEIS LTDA;1,33E+13;PARNAMIRIM;RN;02/07/2026;20/07/2026;13/07/2026;Entregue No Prazo;;Entrega realizada;Entrega Finalizada;20;7;2;7;TERMACO;20001;;;
MOBIS BRASIL FABRICACAO DE AUTO PECAS LT;RODOVIARIO;1535565;02/07/2026;2;350408;02/07/2026;ULSAN COMERCIO DE VEICULOS LTDA;2,10E+13;RIO BRANCO;AC;02/07/2026;21/07/2026;13/07/2026;Entregue No Prazo;;Entrega realizada;Entrega Finalizada;21;7;2;7;CARVALIMA;21004;;;
MOBIS BRASIL FABRICACAO DE AUTO PECAS LT;RODOVIARIO;1535566;02/07/2026;2;350408;02/07/2026;ULSAN COMERCIO DE VEICULOS LTDA;2,10E+13;RIO BRANCO;AC;02/07/2026;21/07/2026;13/07/2026;Entregue No Prazo;;Entrega realizada;Entrega Finalizada;21;7;2;7;CARVALIMA;21004;;;
MOBIS BRASIL FABRICACAO DE AUTO PECAS LT;RODOVIARIO;1536201;03/07/2026;2;350686;03/07/2026;PRIME CACHOEIRO VEICULOS LTDA EPP;09344988000180;CACHOEIRO DE ITAPEMIRIM;ES;03/07/2026;13/07/2026;13/07/2026;Entregue No Prazo;;Entrega realizada;Entrega Finalizada;13;7;3;7;CAMILO;#N/D;;;
MOBIS BRASIL FABRICACAO DE AUTO PECAS LT;RODOVIARIO;1536202;03/07/2026;7;350686;03/07/2026;PRIME CACHOEIRO VEICULOS LTDA EPP;09344988000180;CACHOEIRO DE ITAPEMIRIM;ES;03/07/2026;13/07/2026;13/07/2026;Entregue No Prazo;;Entrega realizada;Entrega Finalizada;13;7;3;7;CAMILO;#N/D;;;
MOBIS BRASIL FABRICACAO DE AUTO PECAS LT;RODOVIARIO;1536249;03/07/2026;9;350635;03/07/2026;HOUSE PARTS - COM. DE PECAS E VEIC. LTDA;1,15E+13;SANTA MARIA;RS;03/07/2026;13/07/2026;13/07/2026;Entregue No Prazo;;Entrega realizada;Entrega Finalizada;13;7;3;7;TRANSTRY;23008;;;
MOBIS BRASIL FABRICACAO DE AUTO PECAS LT;RODOVIARIO;1536195;03/07/2026;1;350673;03/07/2026;FAZZA MOTORS COMERCIO DE VEICULOS LTDA;1,24E+13;SALVADOR;BA;03/07/2026;15/07/2026;13/07/2026;Entregue No Prazo;;Entrega realizada;Entrega Finalizada;15;7;3;7;TERMACO;5007;;;
MOBIS BRASIL FABRICACAO DE AUTO PECAS LT;RODOVIARIO;1536196;03/07/2026;27;350673;03/07/2026;FAZZA MOTORS COMERCIO DE VEICULOS LTDA;1,24E+13;SALVADOR;BA;03/07/2026;15/07/2026;13/07/2026;Entregue No Prazo;;Entrega realizada;Entrega Finalizada;15;7;3;7;TERMACO;5007;;;
MOBIS BRASIL FABRICACAO DE AUTO PECAS LT;RODOVIARIO;1536219;03/07/2026;3;350668;03/07/2026;CAOA MOTOR DO BRASIL LTDA;1,68E+13;BELEM;PA;03/07/2026;16/07/2026;13/07/2026;Entregue No Prazo;;Entrega realizada;Entrega Finalizada;16;7;3;7;CARVALIMA;5008;;;
MOBIS BRASIL FABRICACAO DE AUTO PECAS LT;RODOVIARIO;1536194;03/07/2026;2;350671;03/07/2026;CYCOSA AUTOMOVEIS LTDA;04757705000109;MACEIO;AL;03/07/2026;17/07/2026;13/07/2026;Entregue No Prazo;;Entrega realizada;Entrega Finalizada;17;7;3;7;TERMACO;2001;;;
MOBIS BRASIL FABRICACAO DE AUTO PECAS LT;RODOVIARIO;1536924;06/07/2026;3;351057;06/07/2026;NACIONAL NOVA MARABA DIST DE VEIC. LTDA;1,70E+13;MARABA;PA;06/07/2026;20/07/2026;13/07/2026;Entregue No Prazo;;Entrega realizada;Entrega Finalizada;20;7;6;7;CARVALIMA;14005;;;
MOBIS BRASIL FABRICACAO DE AUTO PECAS LT;RODOVIARIO;1537635;07/07/2026;3;351100;07/07/2026;NOBRE SP DISTRIB. DE VEIC. E PEC. LTDA;1,70E+13;SAO PAULO;SP;07/07/2026;09/07/2026;13/07/2026;Entregue Fora do Prazo;;Entrega realizada;Entrega Finalizada;9;7;7;7;XD DIADEMA;26081;Revolução Constitucionalista de 1932;Estadual;SP
MOBIS BRASIL FABRICACAO DE AUTO PECAS LT;RODOVIARIO;1537573;07/07/2026;2;351196;07/07/2026;URCA MOTORS VEICULOS LTDA;8,77E+12;UBERABA;MG;07/07/2026;13/07/2026;13/07/2026;Entregue No Prazo;;Entrega realizada;Entrega Finalizada;13;7;7;7;CAMILO;9014;;;
MOBIS BRASIL FABRICACAO DE AUTO PECAS LT;RODOVIARIO;1537562;07/07/2026;3;351198;07/07/2026;VIA BRASIL AUTOMOVEIS LTDA.;4,72E+12;SERRA;ES;07/07/2026;14/07/2026;13/07/2026;Entregue No Prazo;;Entrega realizada;Entrega Finalizada;14;7;7;7;CAMILO;8001;Aniversário do Município;Campinas;SP
MOBIS BRASIL FABRICACAO DE AUTO PECAS LT;RODOVIARIO;1537563;07/07/2026;8;351198;07/07/2026;VIA BRASIL AUTOMOVEIS LTDA.;4,72E+12;SERRA;ES;07/07/2026;14/07/2026;13/07/2026;Entregue No Prazo;;Entrega realizada;Entrega Finalizada;14;7;7;7;CAMILO;8001;Aniversário do Município;Campinas;SP
MOBIS BRASIL FABRICACAO DE AUTO PECAS LT;RODOVIARIO;1537564;07/07/2026;7;351190;07/07/2026;TAI MOTORS VEICULOS S/A;9,27E+12;VITORIA;ES;07/07/2026;14/07/2026;13/07/2026;Entregue No Prazo;;Entrega realizada;Entrega Finalizada;14;7;7;7;CAMILO;8002;Aniversário do Município;Campinas;SP
MOBIS BRASIL FABRICACAO DE AUTO PECAS LT;RODOVIARIO;1537572;07/07/2026;2;351200;07/07/2026;VITAL COMERCIO DE VEICULOS LTDA;1,05E+13;GOVERNADOR VALADARES;MG;07/07/2026;14/07/2026;13/07/2026;Entregue No Prazo;;Entrega realizada;Entrega Finalizada;14;7;7;7;CAMILO;11016;Aniversário do Município;Campinas;SP
MOBIS BRASIL FABRICACAO DE AUTO PECAS LT;RODOVIARIO;1537610;07/07/2026;3;351108;07/07/2026;ATUAL VEICULOS LTDA;1,33E+13;ARARANGUA;SC;07/07/2026;14/07/2026;13/07/2026;Entregue No Prazo;;Entrega realizada;Entrega Finalizada;14;7;7;7;TRANSTRY;24001;Aniversário do Município;Campinas;SP
MOBIS BRASIL FABRICACAO DE AUTO PECAS LT;RODOVIARIO;1537611;07/07/2026;5;351106;07/07/2026;ATUAL VEICULOS LTDA;1,33E+13;CRICIUMA;SC;07/07/2026;14/07/2026;13/07/2026;Entregue No Prazo;;Entrega realizada;Entrega Finalizada;14;7;7;7;TRANSTRY;24001;Aniversário do Município;Campinas;SP
MOBIS BRASIL FABRICACAO DE AUTO PECAS LT;RODOVIARIO;1537612;07/07/2026;3;351107;07/07/2026;ATUAL VEICULOS LTDA;1,33E+13;TUBARAO;SC;07/07/2026;14/07/2026;13/07/2026;Entregue No Prazo;;Entrega realizada;Entrega Finalizada;14;7;7;7;TRANSTRY;24001;Aniversário do Município;Campinas;SP
MOBIS BRASIL FABRICACAO DE AUTO PECAS LT;RODOVIARIO;1537565;07/07/2026;1;351184;07/07/2026;PRIME CACHOEIRO VEICULOS LTDA;9,34E+12;CACHOEIRO DE ITAPEMIRIM;ES;07/07/2026;15/07/2026;13/07/2026;Entregue No Prazo;;Entrega realizada;Entrega Finalizada;15;7;7;7;CAMILO;8004;;;
MOBIS BRASIL FABRICACAO DE AUTO PECAS LT;RODOVIARIO;1537566;07/07/2026;6;351191;07/07/2026;TAI MOTORS VEICULOS S/A;9,27E+12;COLATINA;ES;07/07/2026;15/07/2026;13/07/2026;Entregue No Prazo;;Entrega realizada;Entrega Finalizada;15;7;7;7;CAMILO;8002;;;
MOBIS BRASIL FABRICACAO DE AUTO PECAS LT;RODOVIARIO;1537605;07/07/2026;3;351120;07/07/2026;HOUSE PARTS - COM. DE PECAS E VEIC. LTDA;1,15E+13;SANTA MARIA;RS;07/07/2026;15/07/2026;13/07/2026;Entregue No Prazo;;Entrega realizada;Entrega Finalizada;15;7;7;7;TRANSTRY;23008;;;
MOBIS BRASIL FABRICACAO DE AUTO PECAS LT;RODOVIARIO;1537618;07/07/2026;3;351117;07/07/2026;CHINHAN AUTOMOVEIS LTDA.;2,41E+13;CACADOR;SC;07/07/2026;16/07/2026;13/07/2026;Entregue No Prazo;;Entrega realizada;Entrega Finalizada;16;7;7;7;TRANSTRY;24020;;;
MOBIS BRASIL FABRICACAO DE AUTO PECAS LT;RODOVIARIO;1537600;07/07/2026;2;351186;07/07/2026;SAGA ASIA COM. DE VEIC.PC.E SERV. LTDA;2,14E+13;PORTO VELHO;RO;07/07/2026;24/07/2026;13/07/2026;Entregue No Prazo;;Entrega realizada;Entrega Finalizada;24;7;7;7;CARVALIMA;21003;;;
MOBIS BRASIL FABRICACAO DE AUTO PECAS LT;RODOVIARIO;1537601;07/07/2026;5;351186;07/07/2026;SAGA ASIA COM. DE VEIC.PC.E SERV. LTDA;2,14E+13;PORTO VELHO;RO;07/07/2026;24/07/2026;13/07/2026;Entregue No Prazo;;Entrega realizada;Entrega Finalizada;24;7;7;7;CARVALIMA;21003;;;
MOBIS BRASIL FABRICACAO DE AUTO PECAS LT;RODOVIARIO;1538501;08/07/2026;1;351307;08/07/2026;CAOA MOTOR DO BRASIL LTDA (ARICANDUVA);1,68E+13;SAO PAULO;SP;08/07/2026;10/07/2026;13/07/2026;Entregue Fora do Prazo;;Entrega realizada;Entrega Finalizada;10;7;8;7;XD DIADEMA;26039;;;
MOBIS BRASIL FABRICACAO DE AUTO PECAS LT;RODOVIARIO;1538522;08/07/2026;5;351308;08/07/2026;CAOA MOTOR DO BRASIL LTDA (INDIANOPOLIS);1,68E+13;SAO PAULO;SP;08/07/2026;10/07/2026;13/07/2026;Entregue Fora do Prazo;;Entrega realizada;Entrega Finalizada;10;7;8;7;XD DIADEMA;26091;;;
MOBIS BRASIL FABRICACAO DE AUTO PECAS LT;RODOVIARIO;1538443;08/07/2026;30;351304;08/07/2026;BDG AUTOVILLE VEICULOS LTDA;4,77E+13;CONTAGEM;MG;08/07/2026;13/07/2026;13/07/2026;Entregue No Prazo;;Entrega realizada;Entrega Finalizada;13;7;8;7;XD BETIM;11037;;;
MOBIS BRASIL FABRICACAO DE AUTO PECAS LT;RODOVIARIO;1538502;08/07/2026;3;351341;08/07/2026;ANDRETA II DISTRIB.DE VEICULOS LTDA.;9,10E+12;JUNDIAI;SP;08/07/2026;13/07/2026;13/07/2026;Entregue No Prazo;;Entrega realizada;Entrega Finalizada;13;7;8;7;MVT;26040;;;
MOBIS BRASIL FABRICACAO DE AUTO PECAS LT;RODOVIARIO;1538505;08/07/2026;1;351342;08/07/2026;ANDRETA II DISTRIBUIDORA DE VEIC. LTDA;9,10E+12;INDAIATUBA;SP;08/07/2026;13/07/2026;13/07/2026;Entregue No Prazo;;Entrega realizada;Entrega Finalizada;13;7;8;7;MVT;26011;;;
MOBIS BRASIL FABRICACAO DE AUTO PECAS LT;RODOVIARIO;1538514;08/07/2026;1;351345;08/07/2026;CAOA MOTOR DO BRASIL LTDA;1,68E+13;SAO JOSE DOS CAMPOS;SP;08/07/2026;13/07/2026;13/07/2026;Entregue No Prazo;;Entrega realizada;Entrega Finalizada;13;7;8;7;MVT;5008;;;
MOBIS BRASIL FABRICACAO DE AUTO PECAS LT;RODOVIARIO;1538993;08/07/2026;9;351321;08/07/2026;TAI MOTORS VEICULOS S/A;9,27E+12;BELO HORIZONTE;MG;08/07/2026;13/07/2026;13/07/2026;Entregue No Prazo;;Entrega realizada;Entrega Finalizada;13;7;8;7;XD BETIM;8002;;;
MOBIS BRASIL FABRICACAO DE AUTO PECAS LT;RODOVIARIO;1539408;09/07/2026;1;351508;09/07/2026;BILLY DISTRIBUIDORA DE VEICULOS LTDA;1,34E+13;BARUERI;SP;09/07/2026;13/07/2026;13/07/2026;Entregue No Prazo;;Entrega realizada;Entrega Finalizada;13;7;9;7;XD DIADEMA;26003;;;
MOBIS BRASIL FABRICACAO DE AUTO PECAS LT;RODOVIARIO;1539409;09/07/2026;3;351520;09/07/2026;NOBRE DISTRIBUIDORA DE VEIC. E PEC. LTDA;5,76E+12;MOGI DAS CRUZES;SP;09/07/2026;13/07/2026;13/07/2026;Entregue No Prazo;;Entrega realizada;Entrega Finalizada;13;7;9;7;XD DIADEMA;26004;;;
MOBIS BRASIL FABRICACAO DE AUTO PECAS LT;RODOVIARIO;1539414;09/07/2026;1;351517;09/07/2026;GRAND SPORT COM. DE VEIC. E PECAS LTDA;8,58E+12;SAO PAULO;SP;09/07/2026;13/07/2026;13/07/2026;Entregue No Prazo;;Entrega realizada;Entrega Finalizada;13;7;9;7;XD DIADEMA;26034;;;
MOBIS BRASIL FABRICACAO DE AUTO PECAS LT;RODOVIARIO;1539419;09/07/2026;2;351506;09/07/2026;BILLY DISTRIBUIDORA DE VEICULOS LTDA;1,34E+13;DIADEMA;SP;09/07/2026;13/07/2026;13/07/2026;Entregue No Prazo;;Entrega realizada;Entrega Finalizada;13;7;9;7;XD DIADEMA;26003;;;
MOBIS BRASIL FABRICACAO DE AUTO PECAS LT;RODOVIARIO;1539422;09/07/2026;3;351512;09/07/2026;CAOA MOTOR DO BRASIL LTDA (VL PRUDENTE);1,68E+13;SAO PAULO;SP;09/07/2026;13/07/2026;13/07/2026;Entregue No Prazo;;Entrega realizada;Entrega Finalizada;13;7;9;7;XD DIADEMA;26051;;;
MOBIS BRASIL FABRICACAO DE AUTO PECAS LT;RODOVIARIO;1539428;09/07/2026;2;351507;09/07/2026;BILLY DISTRIBUIDORA DE VEICULOS LTDA;1,34E+13;SAO PAULO;SP;09/07/2026;13/07/2026;13/07/2026;Entregue No Prazo;;Entrega realizada;Entrega Finalizada;13;7;9;7;XD DIADEMA;26003;;;
MOBIS BRASIL FABRICACAO DE AUTO PECAS LT;RODOVIARIO;1539433;09/07/2026;1;351513;09/07/2026;CAOA MOTOR DO BRASIL LTDA(NACOES UNIDAS);1,68E+13;SAO PAULO;SP;09/07/2026;13/07/2026;13/07/2026;Entregue No Prazo;;Entrega realizada;Entrega Finalizada;13;7;9;7;XD DIADEMA;26087;;;
MOBIS BRASIL FABRICACAO DE AUTO PECAS LT;RODOVIARIO;1539435;09/07/2026;7;351511;09/07/2026;CAOA MOTOR DO BRASIL LTDA (INDIANOPOLIS);1,68E+13;SAO PAULO;SP;09/07/2026;13/07/2026;13/07/2026;Entregue No Prazo;;Entrega realizada;Entrega Finalizada;13;7;9;7;XD DIADEMA;26091;;;
MOBIS BRASIL FABRICACAO DE AUTO PECAS LT;RODOVIARIO;1538440;08/07/2026;5;351446;08/07/2026;TOKSU COMERCIO DE VEICULOS LTDA;1,12E+13;JUIZ DE FORA;MG;08/07/2026;14/07/2026;13/07/2026;Entregue No Prazo;;Entrega realizada;Entrega Finalizada;14;7;8;7;CAMILO;11008;Aniversário do Município;Campinas;SP
MOBIS BRASIL FABRICACAO DE AUTO PECAS LT;RODOVIARIO;1538461;08/07/2026;1;351333;08/07/2026;LOVAT VEICULOS S/A;8,57E+12;MARINGA;PR;08/07/2026;14/07/2026;13/07/2026;Entregue No Prazo;;Entrega realizada;Entrega Finalizada;14;7;8;7;TRANSTRY;18008;Aniversário do Município;Campinas;SP
MOBIS BRASIL FABRICACAO DE AUTO PECAS LT;RODOVIARIO;1538465;08/07/2026;1;351325;08/07/2026;BARI VEICULOS LTDA;7,46E+12;GUARAPUAVA;PR;08/07/2026;14/07/2026;13/07/2026;Entregue No Prazo;;Entrega realizada;Entrega Finalizada;14;7;8;7;TRANSTRY;18024;Aniversário do Município;Campinas;SP
MOBIS BRASIL FABRICACAO DE AUTO PECAS LT;RODOVIARIO;1538482;08/07/2026;3;351331;08/07/2026;HOUSE PARTS-COM. DE PCS. E VEICULOS LTDA;1,15E+13;PORTO ALEGRE;RS;08/07/2026;14/07/2026;13/07/2026;Entregue No Prazo;;Entrega realizada;Entrega Finalizada;14;7;8;7;TRANSTRY;23004;Aniversário do Município;Campinas;SP
MOBIS BRASIL FABRICACAO DE AUTO PECAS LT;RODOVIARIO;1538494;08/07/2026;1;351352;08/07/2026;HYMAX DISTRIBUIDORA DE VEICULOS LTDA;1,73E+13;MOGI GUACU;SP;08/07/2026;14/07/2026;13/07/2026;Entregue No Prazo;;Entrega realizada;Entrega Finalizada;14;7;8;7;MVT;26002;Aniversário do Município;Campinas;SP
MOBIS BRASIL FABRICACAO DE AUTO PECAS LT;RODOVIARIO;1538508;08/07/2026;1;351351;08/07/2026;H R B COMERCIO DE VEICULOS LTDA;1,82E+13;SAO JOSE DO RIO PRETO;SP;08/07/2026;14/07/2026;13/07/2026;Entregue No Prazo;;Entrega realizada;Entrega Finalizada;14;7;8;7;MVT;26050;Aniversário do Município;Campinas;SP
MOBIS BRASIL FABRICACAO DE AUTO PECAS LT;RODOVIARIO;1538509;08/07/2026;10;351351;08/07/2026;H R B COMERCIO DE VEICULOS LTDA;1,82E+13;SAO JOSE DO RIO PRETO;SP;08/07/2026;14/07/2026;13/07/2026;Entregue No Prazo;Avaria;Entrega realizada;Entrega Finalizada;14;7;8;7;MVT;26050;Aniversário do Município;Campinas;SP
MOBIS BRASIL FABRICACAO DE AUTO PECAS LT;RODOVIARIO;1538513;08/07/2026;1;351349;08/07/2026;DHC COMERCIO DE VEICULOS E PECAS LTDA;9,52E+12;MARILIA;SP;08/07/2026;14/07/2026;13/07/2026;Entregue No Prazo;;Entrega realizada;Entrega Finalizada;14;7;8;7;MVT;26010;Aniversário do Município;Campinas;SP
MOBIS BRASIL FABRICACAO DE AUTO PECAS LT;RODOVIARIO;1538518;08/07/2026;2;351348;08/07/2026;DHC COMERCIO DE VEICULOS E PECAS LTDA;9,52E+12;JAU;SP;08/07/2026;14/07/2026;13/07/2026;Entregue No Prazo;;Entrega realizada;Entrega Finalizada;14;7;8;7;MVT;26010;Aniversário do Município;Campinas;SP
MOBIS BRASIL FABRICACAO DE AUTO PECAS LT;RODOVIARIO;1538523;08/07/2026;1;351350;08/07/2026;H - CAMINHO AUTOMOVEIS LTDA;2,53E+13;CATANDUVA;SP;08/07/2026;14/07/2026;13/07/2026;Entregue No Prazo;;Entrega realizada;Entrega Finalizada;14;7;8;7;MVT;26092;Aniversário do Município;Campinas;SP
MOBIS BRASIL FABRICACAO DE AUTO PECAS LT;RODOVIARIO;1539415;09/07/2026;8;351527;09/07/2026;ANDRETA II DISTRIB.DE VEICULOS LTDA.;9,10E+12;JUNDIAI;SP;09/07/2026;14/07/2026;13/07/2026;Entregue No Prazo;;Entrega realizada;Entrega Finalizada;14;7;9;7;MVT;26040;Aniversário do Município;Campinas;SP
MOBIS BRASIL FABRICACAO DE AUTO PECAS LT;RODOVIARIO;1539418;09/07/2026;1;351528;09/07/2026;ANDRETA II DISTRIBUIDORA DE VEIC. LTDA;9,10E+12;INDAIATUBA;SP;09/07/2026;14/07/2026;13/07/2026;Entregue No Prazo;;Entrega realizada;Entrega Finalizada;14;7;9;7;MVT;26011;Aniversário do Município;Campinas;SP
MOBIS BRASIL FABRICACAO DE AUTO PECAS LT;RODOVIARIO;1539423;09/07/2026;3;351529;09/07/2026;CAOA MOTOR DO BRASIL LTDA;1,68E+13;CAMPINAS;SP;09/07/2026;14/07/2026;13/07/2026;Entregue No Prazo;;Entrega realizada;Entrega Finalizada;14;7;9;7;MVT;5008;Aniversário do Município;Campinas;SP
MOBIS BRASIL FABRICACAO DE AUTO PECAS LT;RODOVIARIO;1539426;09/07/2026;1;351531;09/07/2026;DESTAQUE SEUL DISTR. DE VEIC. E PC. LTDA;2,12E+13;BRAGANCA PAULISTA;SP;09/07/2026;14/07/2026;13/07/2026;Entregue No Prazo;;Entrega realizada;Entrega Finalizada;14;7;9;7;MVT;26074;Aniversário do Município;Campinas;SP
MOBIS BRASIL FABRICACAO DE AUTO PECAS LT;RODOVIARIO;1538426;08/07/2026;2;351448;08/07/2026;VIA BRASIL AUTOMOVEIS LTDA.;4,72E+12;SERRA;ES;08/07/2026;15/07/2026;13/07/2026;Entregue No Prazo;;Entrega realizada;Entrega Finalizada;15;7;8;7;CAMILO;8001;;;
MOBIS BRASIL FABRICACAO DE AUTO PECAS LT;RODOVIARIO;1538427;08/07/2026;1;351448;08/07/2026;VIA BRASIL AUTOMOVEIS LTDA.;4,72E+12;SERRA;ES;08/07/2026;15/07/2026;13/07/2026;Entregue No Prazo;;Entrega realizada;Entrega Finalizada;15;7;8;7;CAMILO;8001;;;
MOBIS BRASIL FABRICACAO DE AUTO PECAS LT;RODOVIARIO;1538428;08/07/2026;7;351442;08/07/2026;TAI MOTORS VEICULOS S/A;9,27E+12;VITORIA;ES;08/07/2026;15/07/2026;13/07/2026;Entregue No Prazo;;Entrega realizada;Entrega Finalizada;15;7;8;7;CAMILO;8002;;;
MOBIS BRASIL FABRICACAO DE AUTO PECAS LT;RODOVIARIO;1538431;08/07/2026;1;351436;08/07/2026;PRIME VILA VELHA VEICULOS LTDA.;2,14E+13;VILA VELHA;ES;08/07/2026;15/07/2026;13/07/2026;Entregue No Prazo;;Entrega realizada;Entrega Finalizada;15;7;8;7;CAMILO;8005;;;
MOBIS BRASIL FABRICACAO DE AUTO PECAS LT;RODOVIARIO;1538473;08/07/2026;1;351449;08/07/2026;VIA VR VEICULOS LTDA;1,73E+13;VOLTA REDONDA;RJ;08/07/2026;15/07/2026;13/07/2026;Entregue No Prazo;;Entrega realizada;Entrega Finalizada;15;7;8;7;CAMILO;19016;;;
MOBIS BRASIL FABRICACAO DE AUTO PECAS LT;RODOVIARIO;1538478;08/07/2026;1;351430;08/07/2026;MONTREAL VEICULOS E PECAS LTDA;1,68E+13;SAO PEDRO DA ALDEIA;RJ;08/07/2026;15/07/2026;13/07/2026;Entregue No Prazo;;Entrega realizada;Entrega Finalizada;15;7;8;7;CAMILO;19030;;;
MOBIS BRASIL FABRICACAO DE AUTO PECAS LT;RODOVIARIO;1538483;08/07/2026;2;351323;08/07/2026;ATUAL VEICULOS LTDA;1,33E+13;ARARANGUA;SC;08/07/2026;15/07/2026;13/07/2026;Entregue No Prazo;;Entrega realizada;Entrega Finalizada;15;7;8;7;TRANSTRY;24001;;;
MOBIS BRASIL FABRICACAO DE AUTO PECAS LT;RODOVIARIO;1538484;08/07/2026;1;351324;08/07/2026;ATUAL VEICULOS LTDA;1,33E+13;CRICIUMA;SC;08/07/2026;15/07/2026;13/07/2026;Entregue No Prazo;;Entrega realizada;Entrega Finalizada;15;7;8;7;TRANSTRY;24001;;;
MOBIS BRASIL FABRICACAO DE AUTO PECAS LT;RODOVIARIO;1538485;08/07/2026;1;351336;08/07/2026;LS COMERCIO DE AUTOMOVEIS LTDA.;1,03E+13;BRUSQUE;SC;08/07/2026;15/07/2026;13/07/2026;Entregue No Prazo;;Entrega realizada;Entrega Finalizada;15;7;8;7;TRANSTRY;24006;;;
MOBIS BRASIL FABRICACAO DE AUTO PECAS LT;RODOVIARIO;1538492;08/07/2026;1;351335;08/07/2026;LR COMERCIO DE VEICULOS LTDA;1,05E+13;RIO DO SUL;SC;08/07/2026;15/07/2026;13/07/2026;Entregue No Prazo;;Entrega realizada;Entrega Finalizada;15;7;8;7;TRANSTRY;24007;;;
MOBIS BRASIL FABRICACAO DE AUTO PECAS LT;RODOVIARIO;1539355;09/07/2026;1;351637;09/07/2026;TOKSU COMERCIO DE VEICULOS LTDA;1,12E+13;JUIZ DE FORA;MG;09/07/2026;15/07/2026;13/07/2026;Entregue No Prazo;;Entrega realizada;Entrega Finalizada;15;7;9;7;CAMILO;11008;;;
MOBIS BRASIL FABRICACAO DE AUTO PECAS LT;RODOVIARIO;1539359;09/07/2026;1;351638;09/07/2026;TOKSU COMERCIO DE VEICULOS LTDA;1,12E+13;POUSO ALEGRE;MG;09/07/2026;15/07/2026;13/07/2026;Entregue No Prazo;;Entrega realizada;Entrega Finalizada;15;7;9;7;XD BETIM;11008;;;
MOBIS BRASIL FABRICACAO DE AUTO PECAS LT;RODOVIARIO;1539360;09/07/2026;1;351643;09/07/2026;VIME POCOS COM. DE VEICULOS E PECAS LTDA;3,43E+13;POCOS DE CALDAS;MG;09/07/2026;15/07/2026;13/07/2026;Entregue No Prazo;;Entrega realizada;Entrega Finalizada;15;7;9;7;XD BETIM;11033;;;
MOBIS BRASIL FABRICACAO DE AUTO PECAS LT;RODOVIARIO;1539380;09/07/2026;7;351542;09/07/2026;BARI VEICULOS LTDA;7,46E+12;PONTA GROSSA;PR;09/07/2026;15/07/2026;13/07/2026;Entregue No Prazo;;Entrega realizada;Entrega Finalizada;15;7;9;7;TRANSTRY;18024;;;
MOBIS BRASIL FABRICACAO DE AUTO PECAS LT;RODOVIARIO;1539402;09/07/2026;3;351546;09/07/2026;BARI VEICULOS LTDA.;7,46E+12;JOINVILLE;SC;09/07/2026;15/07/2026;13/07/2026;Entregue No Prazo;;Entrega realizada;Entrega Finalizada;15;7;9;7;TRANSTRY;24013;;;
MOBIS BRASIL FABRICACAO DE AUTO PECAS LT;RODOVIARIO;1539407;09/07/2026;3;351537;09/07/2026;HYMAX DISTRIBUIDORA DE VEICULOS LTDA;1,73E+13;MOGI GUACU;SP;09/07/2026;15/07/2026;13/07/2026;Entregue No Prazo;;Entrega realizada;Entrega Finalizada;15;7;9;7;MVT;26002;;;
MOBIS BRASIL FABRICACAO DE AUTO PECAS LT;RODOVIARIO;1539421;09/07/2026;16;351536;09/07/2026;H R B COMERCIO DE VEICULOS LTDA;1,82E+13;SAO JOSE DO RIO PRETO;SP;09/07/2026;15/07/2026;13/07/2026;Entregue No Prazo;;Entrega realizada;Entrega Finalizada;15;7;9;7;MVT;26050;;;
MOBIS BRASIL FABRICACAO DE AUTO PECAS LT;RODOVIARIO;1539430;09/07/2026;1;351534;09/07/2026;DHC COMERCIO DE VEICULOS E PECAS LTDA;9,52E+12;BOTUCATU;SP;09/07/2026;15/07/2026;13/07/2026;Entregue No Prazo;;Entrega realizada;Entrega Finalizada;15;7;9;7;MVT;26010;;;
MOBIS BRASIL FABRICACAO DE AUTO PECAS LT;RODOVIARIO;1539432;09/07/2026;2;351509;09/07/2026;CAOA MOTOR DO BRASIL LTDA;1,68E+13;PRAIA GRANDE;SP;09/07/2026;15/07/2026;13/07/2026;Entregue No Prazo;;Entrega realizada;Entrega Finalizada;15;7;9;7;XD DIADEMA;5008;;;
MOBIS BRASIL FABRICACAO DE AUTO PECAS LT;RODOVIARIO;1538429;08/07/2026;5;351435;08/07/2026;PRIME CACHOEIRO VEICULOS LTDA EPP;9,34E+12;CACHOEIRO DE ITAPEMIRIM;ES;08/07/2026;16/07/2026;13/07/2026;Entregue No Prazo;;Entrega realizada;Entrega Finalizada;16;7;8;7;CAMILO;8003;;;
MOBIS BRASIL FABRICACAO DE AUTO PECAS LT;RODOVIARIO;1538430;08/07/2026;3;351435;08/07/2026;PRIME CACHOEIRO VEICULOS LTDA EPP;9,34E+12;CACHOEIRO DE ITAPEMIRIM;ES;08/07/2026;16/07/2026;13/07/2026;Entregue No Prazo;;Entrega realizada;Entrega Finalizada;16;7;8;7;CAMILO;8003;;;
MOBIS BRASIL FABRICACAO DE AUTO PECAS LT;RODOVIARIO;1538432;08/07/2026;2;351443;08/07/2026;TAI MOTORS VEICULOS S/A;9,27E+12;COLATINA;ES;08/07/2026;16/07/2026;13/07/2026;Entregue No Prazo;;Entrega realizada;Entrega Finalizada;16;7;8;7;CAMILO;8002;;;
MOBIS BRASIL FABRICACAO DE AUTO PECAS LT;RODOVIARIO;1538433;08/07/2026;3;351316;08/07/2026;NISA COMERCIAL DE VEIC. AUTOMOTORES LTDA;1,03E+13;APARECIDA DE GOIANIA;GO;08/07/2026;16/07/2026;13/07/2026;Entregue No Prazo;;Entrega realizada;Entrega Finalizada;16;7;8;7;RIO VERMELHO;9002;;;
MOBIS BRASIL FABRICACAO DE AUTO PECAS LT;RODOVIARIO;1538434;08/07/2026;11;351316;08/07/2026;NISA COMERCIAL DE VEIC. AUTOMOTORES LTDA;1,03E+13;APARECIDA DE GOIANIA;GO;08/07/2026;16/07/2026;13/07/2026;Entregue No Prazo;;Entrega realizada;Entrega Finalizada;16;7;8;7;RIO VERMELHO;9002;;;
MOBIS BRASIL FABRICACAO DE AUTO PECAS LT;RODOVIARIO;1539379;09/07/2026;3;351556;09/07/2026;SANTA FE VEICULOS LTDA.;1,16E+13;FRANCISCO BELTRAO;PR;09/07/2026;16/07/2026;13/07/2026;Entregue No Prazo;;Entrega realizada;Entrega Finalizada;16;7;9;7;TRANSTRY;18010;;;
MOBIS BRASIL FABRICACAO DE AUTO PECAS LT;RODOVIARIO;1539399;09/07/2026;2;351540;09/07/2026;ATUAL VEICULOS LTDA;1,33E+13;ARARANGUA;SC;09/07/2026;16/07/2026;13/07/2026;Entregue No Prazo;;Entrega realizada;Entrega Finalizada;16;7;9;7;TRANSTRY;24001;;;
MOBIS BRASIL FABRICACAO DE AUTO PECAS LT;RODOVIARIO;1539400;09/07/2026;14;351555;09/07/2026;LR COMERCIO DE VEICULOS LTDA;1,05E+13;SAO JOSE;SC;09/07/2026;16/07/2026;13/07/2026;Entregue No Prazo;;Entrega realizada;Entrega Finalizada;16;7;9;7;TRANSTRY;24007;;;
MOBIS BRASIL FABRICACAO DE AUTO PECAS LT;RODOVIARIO;1538446;08/07/2026;1;351437;08/07/2026;SAGA ASIA COM. DE VEIC.PC.E SERV. LTDA;2,23E+13;VARZEA GRANDE;MT;08/07/2026;17/07/2026;13/07/2026;Entregue No Prazo;;Entrega realizada;Entrega Finalizada;17;7;8;7;CARVALIMA;13004;;;
MOBIS BRASIL FABRICACAO DE AUTO PECAS LT;RODOVIARIO;1538447;08/07/2026;1;351437;08/07/2026;SAGA ASIA COM. DE VEIC.PC.E SERV. LTDA;2,23E+13;VARZEA GRANDE;MT;08/07/2026;17/07/2026;13/07/2026;Entregue No Prazo;;Entrega realizada;Entrega Finalizada;17;7;8;7;CARVALIMA;13004;;;
MOBIS BRASIL FABRICACAO DE AUTO PECAS LT;RODOVIARIO;1538491;08/07/2026;4;351330;08/07/2026;CHINHAN AUTOMOVEIS LTDA.;2,41E+13;CACADOR;SC;08/07/2026;17/07/2026;13/07/2026;Entregue No Prazo;;Entrega realizada;Entrega Finalizada;17;7;8;7;TRANSTRY;24020;;;
MOBIS BRASIL FABRICACAO DE AUTO PECAS LT;RODOVIARIO;1539403;09/07/2026;2;351544;09/07/2026;BARI VEICULOS LTDA;7,46E+12;BALNEARIO CAMBORIU;SC;09/07/2026;17/07/2026;13/07/2026;Entregue No Prazo;;Entrega realizada;Entrega Finalizada;17;7;9;7;TRANSTRY;18024;;;
MOBIS BRASIL FABRICACAO DE AUTO PECAS LT;RODOVIARIO;1539404;09/07/2026;1;351544;09/07/2026;BARI VEICULOS LTDA;7,46E+12;BALNEARIO CAMBORIU;SC;09/07/2026;17/07/2026;13/07/2026;Entregue No Prazo;;Entrega realizada;Entrega Finalizada;17;7;9;7;TRANSTRY;18024;;;
MOBIS BRASIL FABRICACAO DE AUTO PECAS LT;RODOVIARIO;1538436;08/07/2026;1;351322;08/07/2026;URCA MOTORS VEICULOS LTDA;8,77E+12;ITUMBIARA;GO;08/07/2026;20/07/2026;13/07/2026;Entregue No Prazo;;Entrega realizada;Entrega Finalizada;20;7;8;7;RIO VERMELHO;9014;;;
MOBIS BRASIL FABRICACAO DE AUTO PECAS LT;RODOVIARIO;1538448;08/07/2026;5;351418;08/07/2026;COMETA MATO GROSSO COM. DE VEICULOS LTDA;1,54E+13;RONDONOPOLIS;MT;08/07/2026;20/07/2026;13/07/2026;Entregue No Prazo;;Entrega realizada;Entrega Finalizada;20;7;8;7;CARVALIMA;13006;;;
MOBIS BRASIL FABRICACAO DE AUTO PECAS LT;RODOVIARIO;1539406;09/07/2026;5;351550;09/07/2026;CHINHAN AUTOMOVEIS LTDA.;2,41E+13;CACADOR;SC;09/07/2026;20/07/2026;13/07/2026;Entregue No Prazo;;Entrega realizada;Entrega Finalizada;20;7;9;7;TRANSTRY;24020;;;
MOBIS BRASIL FABRICACAO DE AUTO PECAS LT;RODOVIARIO;1540119;10/07/2026;7;351655;10/07/2026;BILLY DISTRIBUIDORA DE VEICULOS LTDA;1,34E+13;BARUERI;SP;10/07/2026;14/07/2026;13/07/2026;Entregue No Prazo;;Entrega realizada;Entrega Finalizada;14;7;10;7;XD DIADEMA;26003;Aniversário do Município;Campinas;SP
MOBIS BRASIL FABRICACAO DE AUTO PECAS LT;RODOVIARIO;1540120;10/07/2026;2;351661;10/07/2026;GRAND SPORT COM. DE VEIC. E PECAS LTDA;8,58E+12;GUARULHOS;SP;10/07/2026;14/07/2026;13/07/2026;Entregue No Prazo;;Entrega realizada;Entrega Finalizada;14;7;10;7;XD DIADEMA;26005;Aniversário do Município;Campinas;SP
MOBIS BRASIL FABRICACAO DE AUTO PECAS LT;RODOVIARIO;1540121;10/07/2026;2;351661;10/07/2026;GRAND SPORT COM. DE VEIC. E PECAS LTDA;8,58E+12;GUARULHOS;SP;10/07/2026;14/07/2026;13/07/2026;Entregue No Prazo;;Entrega realizada;Entrega Finalizada;14;7;10;7;XD DIADEMA;26005;Aniversário do Município;Campinas;SP
MOBIS BRASIL FABRICACAO DE AUTO PECAS LT;RODOVIARIO;1540127;10/07/2026;4;351662;10/07/2026;GRAND SPORT COM. DE VEIC. E PECAS LTDA;8,58E+12;SAO PAULO;SP;10/07/2026;14/07/2026;13/07/2026;Entregue No Prazo;;Entrega realizada;Entrega Finalizada;14;7;10;7;XD DIADEMA;26034;Aniversário do Município;Campinas;SP
MOBIS BRASIL FABRICACAO DE AUTO PECAS LT;RODOVIARIO;1540133;10/07/2026;4;351659;10/07/2026;CAOA MOTOR DO BRASIL LTDA (VL PRUDENTE);1,68E+13;SAO PAULO;SP;10/07/2026;14/07/2026;13/07/2026;Entregue No Prazo;;Entrega realizada;Entrega Finalizada;14;7;10;7;XD DIADEMA;26051;Aniversário do Município;Campinas;SP
MOBIS BRASIL FABRICACAO DE AUTO PECAS LT;RODOVIARIO;1540134;10/07/2026;1;351656;10/07/2026;CAOA MOTOR DO BRASIL LTDA;1,68E+13;SANTO ANDRE;SP;10/07/2026;14/07/2026;13/07/2026;Entregue No Prazo;;Entrega realizada;Entrega Finalizada;14;7;10;7;XD DIADEMA;5008;Aniversário do Município;Campinas;SP
MOBIS BRASIL FABRICACAO DE AUTO PECAS LT;RODOVIARIO;1540140;10/07/2026;1;351654;10/07/2026;BILLY DISTRIBUIDORA DE VEICULOS LTDA;1,34E+13;SAO PAULO;SP;10/07/2026;14/07/2026;13/07/2026;Entregue No Prazo;;Entrega realizada;Entrega Finalizada;14;7;10;7;XD DIADEMA;26003;Aniversário do Município;Campinas;SP
MOBIS BRASIL FABRICACAO DE AUTO PECAS LT;RODOVIARIO;1540141;10/07/2026;1;351665;10/07/2026;NOBRE SP DISTRIB. DE VEIC. E PEC. LTDA;1,70E+13;SAO PAULO;SP;10/07/2026;14/07/2026;13/07/2026;Entregue No Prazo;;Entrega realizada;Entrega Finalizada;14;7;10;7;XD DIADEMA;26081;Aniversário do Município;Campinas;SP
MOBIS BRASIL FABRICACAO DE AUTO PECAS LT;RODOVIARIO;1540091;10/07/2026;3;351679;10/07/2026;BARI VEICULOS LTDA;7,46E+12;CURITIBA;PR;10/07/2026;15/07/2026;13/07/2026;Entregue No Prazo;;Entrega realizada;Entrega Finalizada;15;7;10;7;TRANSTRY;18024;;;
MOBIS BRASIL FABRICACAO DE AUTO PECAS LT;RODOVIARIO;1540122;10/07/2026;3;351703;10/07/2026;DHC COMERCIO DE VEICULOS E PECAS LTDA;9,52E+12;BAURU;SP;10/07/2026;15/07/2026;13/07/2026;Entregue No Prazo;;Entrega realizada;Entrega Finalizada;15;7;10;7;MVT;26010;;;
MOBIS BRASIL FABRICACAO DE AUTO PECAS LT;RODOVIARIO;1540123;10/07/2026;3;351699;10/07/2026;ANDRETA II DISTRIBUIDORA DE VEIC. LTDA;9,10E+12;CAMPINAS;SP;10/07/2026;15/07/2026;13/07/2026;Entregue No Prazo;;Entrega realizada;Entrega Finalizada;15;7;10;7;MVT;26011;;;
MOBIS BRASIL FABRICACAO DE AUTO PECAS LT;RODOVIARIO;1540124;10/07/2026;15;351699;10/07/2026;ANDRETA II DISTRIBUIDORA DE VEIC. LTDA;9,10E+12;CAMPINAS;SP;10/07/2026;15/07/2026;13/07/2026;Entregue No Prazo;;Entrega realizada;Entrega Finalizada;15;7;10;7;MVT;26011;;;
MOBIS BRASIL FABRICACAO DE AUTO PECAS LT;RODOVIARIO;1540128;10/07/2026;1;351697;10/07/2026;ANDRETA II DISTRIB.DE VEICULOS LTDA.;9,10E+12;JUNDIAI;SP;10/07/2026;15/07/2026;13/07/2026;Entregue No Prazo;;Entrega realizada;Entrega Finalizada;15;7;10;7;MVT;26040;;;
MOBIS BRASIL FABRICACAO DE AUTO PECAS LT;RODOVIARIO;1540129;10/07/2026;6;351697;10/07/2026;ANDRETA II DISTRIB.DE VEICULOS LTDA.;9,10E+12;JUNDIAI;SP;10/07/2026;15/07/2026;13/07/2026;Entregue No Prazo;;Entrega realizada;Entrega Finalizada;15;7;10;7;MVT;26040;;;
MOBIS BRASIL FABRICACAO DE AUTO PECAS LT;RODOVIARIO;1540135;10/07/2026;2;351700;10/07/2026;CAOA MOTOR DO BRASIL LTDA;1,68E+13;CAMPINAS;SP;10/07/2026;15/07/2026;13/07/2026;Entregue No Prazo;;Entrega realizada;Entrega Finalizada;15;7;10;7;MVT;5008;;;
MOBIS BRASIL FABRICACAO DE AUTO PECAS LT;RODOVIARIO;1540143;10/07/2026;9;351657;10/07/2026;CAOA MOTOR DO BRASIL LTDA;1,68E+13;SANTOS;SP;10/07/2026;15/07/2026;13/07/2026;Entregue No Prazo;;Entrega realizada;Entrega Finalizada;15;7;10;7;XD DIADEMA;5008;;;
MOBIS BRASIL FABRICACAO DE AUTO PECAS LT;RODOVIARIO;1540053;10/07/2026;1;351750;10/07/2026;TOKSU COMERCIO DE VEICULOS LTDA;1,12E+13;JUIZ DE FORA;MG;10/07/2026;16/07/2026;13/07/2026;Entregue No Prazo;;Entrega realizada;Entrega Finalizada;16;7;10;7;CAMILO;11008;;;
MOBIS BRASIL FABRICACAO DE AUTO PECAS LT;RODOVIARIO;1540090;10/07/2026;1;351677;10/07/2026;BARI VEICULOS LTDA;7,46E+12;SAO JOSE DOS PINHAIS;PR;10/07/2026;16/07/2026;13/07/2026;Entregue No Prazo;;Entrega realizada;Entrega Finalizada;16;7;10;7;TRANSTRY;18024;;;
MOBIS BRASIL FABRICACAO DE AUTO PECAS LT;RODOVIARIO;1540118;10/07/2026;2;351706;10/07/2026;HYMAX DISTRIBUIDORA DE VEICULOS LTDA;1,73E+13;MOGI GUACU;SP;10/07/2026;16/07/2026;13/07/2026;Entregue No Prazo;;Entrega realizada;Entrega Finalizada;16;7;10;7;MVT;26002;;;
MOBIS BRASIL FABRICACAO DE AUTO PECAS LT;RODOVIARIO;1540132;10/07/2026;11;351705;10/07/2026;H R B COMERCIO DE VEICULOS LTDA;1,82E+13;SAO JOSE DO RIO PRETO;SP;10/07/2026;16/07/2026;13/07/2026;Entregue No Prazo;;Entrega realizada;Entrega Finalizada;16;7;10;7;MVT;26050;;;
MOBIS BRASIL FABRICACAO DE AUTO PECAS LT;RODOVIARIO;1540145;10/07/2026;3;351704;10/07/2026;H - CAMINHO AUTOMOVEIS LTDA;2,53E+13;PIRACICABA;SP;10/07/2026;16/07/2026;13/07/2026;Entregue No Prazo;;Entrega realizada;Entrega Finalizada;16;7;10;7;MVT;26092;;;
MOBIS BRASIL FABRICACAO DE AUTO PECAS LT;RODOVIARIO;1540052;10/07/2026;3;351752;10/07/2026;TOKSU COMERCIO DE VEICULOS LTDA;1,12E+13;BARBACENA;MG;10/07/2026;17/07/2026;13/07/2026;Entregue No Prazo;;Entrega realizada;Entrega Finalizada;17;7;10;7;CAMILO;11008;;;
MOBIS BRASIL FABRICACAO DE AUTO PECAS LT;RODOVIARIO;1540043;10/07/2026;3;351747;10/07/2026;TAI MOTORS VEICULOS S/A;9,27E+12;COLATINA;ES;10/07/2026;20/07/2026;13/07/2026;Entregue No Prazo;;Entrega realizada;Entrega Finalizada;20;7;10;7;CAMILO;8002;;;
MOBIS BRASIL FABRICACAO DE AUTO PECAS LT;RODOVIARIO;1540064;10/07/2026;1;351726;10/07/2026;GOLDEN MOTORS VEICULOS LTDA;3,62E+12;TRES LAGOAS;MS;10/07/2026;20/07/2026;13/07/2026;Entregue No Prazo;;Entrega realizada;Entrega Finalizada;20;7;10;7;CARVALIMA;12001;;;
MOBIS BRASIL FABRICACAO DE AUTO PECAS LT;RODOVIARIO;1540065;10/07/2026;5;351726;10/07/2026;GOLDEN MOTORS VEICULOS LTDA;3,62E+12;TRES LAGOAS;MS;10/07/2026;20/07/2026;13/07/2026;Entregue No Prazo;;Entrega realizada;Entrega Finalizada;20;7;10;7;CARVALIMA;12001;;;
MOBIS BRASIL FABRICACAO DE AUTO PECAS LT;RODOVIARIO;1540066;10/07/2026;1;351753;10/07/2026;ULSAN COMERCIO DE VEICULOS LTDA.;2,10E+13;CAMPO GRANDE;MS;10/07/2026;20/07/2026;13/07/2026;Entregue No Prazo;;Entrega realizada;Entrega Finalizada;20;7;10;7;CARVALIMA;12004;;;
MOBIS BRASIL FABRICACAO DE AUTO PECAS LT;RODOVIARIO;1540130;10/07/2026;125;351811;13/07/2026;BILLY DISTRIBUIDORA DE VEICULOS LTDA;1,34E+13;SAO CAETANO DO SUL;SP;13/07/2026;15/07/2026;13/07/2026;Entregue No Prazo;;Entrega realizada;Entrega Finalizada;15;7;13;7;BV LOG;26003;;;
MOBIS BRASIL FABRICACAO DE AUTO PECAS LT;RODOVIARIO;1540144;10/07/2026;26;351810;13/07/2026;GRANDAY AUTOMOTORES LTDA (CHAC. CALIFOR);1,57E+13;SAO PAULO;SP;13/07/2026;15/07/2026;13/07/2026;Entregue No Prazo;;Entrega realizada;Entrega Finalizada;15;7;13;7;BV LOG;26090;;;
MOBIS BRASIL FABRICACAO DE AUTO PECAS LT;RODOVIARIO;1531298;24/06/2026;4;349034;24/06/2026;VITAL COMERCIO DE VEICULOS LTDA;1,05E+13;IPATINGA;MG;24/06/2026;01/07/2026;14/07/2026;Entregue Fora do Prazo;;Entrega realizada;Entrega Finalizada;1;7;24;6;CAMILO;11016;;;
MOBIS BRASIL FABRICACAO DE AUTO PECAS LT;RODOVIARIO;1531798;25/06/2026;2;349256;25/06/2026;VITAL COMERCIO DE VEICULOS LTDA;1,05E+13;IPATINGA;MG;25/06/2026;02/07/2026;14/07/2026;Entregue Fora do Prazo;;Entrega realizada;Entrega Finalizada;2;7;25;6;CAMILO;11016;Independência da Bahia;Estadual;BA
MOBIS BRASIL FABRICACAO DE AUTO PECAS LT;RODOVIARIO;1531806;25/06/2026;1;349246;25/06/2026;RITMO MOTORS LTDA;1,94E+13;PASSOS;MG;25/06/2026;02/07/2026;14/07/2026;Entregue Fora do Prazo;;Entrega realizada;Entrega Finalizada;2;7;25;6;CAMILO;11040;Independência da Bahia;Estadual;BA
MOBIS BRASIL FABRICACAO DE AUTO PECAS LT;RODOVIARIO;1533230;27/06/2026;1;349817;29/06/2026;PATEO COMERCIO DE VEICULOS S A;7,78E+12;MANAUS;AM;29/06/2026;23/07/2026;14/07/2026;Entregue No Prazo;;Entrega realizada;Entrega Finalizada;23;7;29;6;CARVALIMA;3002;;;
MOBIS BRASIL FABRICACAO DE AUTO PECAS LT;RODOVIARIO;1533674;27/06/2026;22;349817;29/06/2026;PATEO COMERCIO DE VEICULOS S A;7,78E+12;MANAUS;AM;29/06/2026;23/07/2026;14/07/2026;Entregue No Prazo;;Entrega realizada;Entrega Finalizada;23;7;29;6;CARVALIMA;3002;;;
MOBIS BRASIL FABRICACAO DE AUTO PECAS LT;RODOVIARIO;1534266;30/06/2026;1;349895;30/06/2026;RITMO MOTORS LTDA;1,94E+13;PASSOS;MG;30/06/2026;07/07/2026;14/07/2026;Entregue Fora do Prazo;;Entrega realizada;Entrega Finalizada;7;7;30;6;CAMILO;11040;;;
MOBIS BRASIL FABRICACAO DE AUTO PECAS LT;RODOVIARIO;1534491;30/06/2026;3;349904;30/06/2026;VITAL COMERCIO DE VEICULOS LTDA;1,05E+13;IPATINGA;MG;30/06/2026;07/07/2026;14/07/2026;Entregue Fora do Prazo;;Entrega realizada;Entrega Finalizada;7;7;30;6;CAMILO;11016;;;
MOBIS BRASIL FABRICACAO DE AUTO PECAS LT;RODOVIARIO;1534259;30/06/2026;1;349899;30/06/2026;TRIAUTO KOREA AUTOMOVEIS LTDA;4,99E+13;CATALAO;GO;30/06/2026;14/07/2026;14/07/2026;Entregue No Prazo;;Entrega realizada;Entrega Finalizada;14;7;30;6;RIO VERMELHO;9018;Aniversário do Município;Campinas;SP
MOBIS BRASIL FABRICACAO DE AUTO PECAS LT;RODOVIARIO;1534244;30/06/2026;2;350192;30/06/2026;PATEO COMERCIO DE VEICULOS S A;7,78E+12;MANAUS;AM;30/06/2026;24/07/2026;14/07/2026;Entregue No Prazo;;Entrega realizada;Entrega Finalizada;24;7;30;6;CARVALIMA;3002;;;
MOBIS BRASIL FABRICACAO DE AUTO PECAS LT;RODOVIARIO;1534474;30/06/2026;3;350192;30/06/2026;PATEO COMERCIO DE VEICULOS S A;7,78E+12;MANAUS;AM;30/06/2026;24/07/2026;14/07/2026;Entregue No Prazo;;Entrega realizada;Entrega Finalizada;24;7;30;6;CARVALIMA;3002;;;
MOBIS BRASIL FABRICACAO DE AUTO PECAS LT;RODOVIARIO;1536204;03/07/2026;1;350684;03/07/2026;PATEO COMERCIO DE VEICULOS S A;07784006001460;SAO LUIS;MA;03/07/2026;20/07/2026;14/07/2026;Entregue No Prazo;;Entrega realizada;Entrega Finalizada;20;7;3;7;TERMACO;#N/D;;;
MOBIS BRASIL FABRICACAO DE AUTO PECAS LT;RODOVIARIO;1536205;03/07/2026;1;350684;03/07/2026;PATEO COMERCIO DE VEICULOS S A;07784006001460;SAO LUIS;MA;03/07/2026;20/07/2026;14/07/2026;Entregue No Prazo;;Entrega realizada;Entrega Finalizada;20;7;3;7;TERMACO;#N/D;;;
MOBIS BRASIL FABRICACAO DE AUTO PECAS LT;RODOVIARIO;1536225;03/07/2026;1;350663;03/07/2026;AUTORAC VEICULOS LTDA;1,06E+13;PETROLINA;PE;03/07/2026;21/07/2026;14/07/2026;Entregue No Prazo;;Entrega realizada;Entrega Finalizada;21;7;3;7;TERMACO;16001;;;
MOBIS BRASIL FABRICACAO DE AUTO PECAS LT;RODOVIARIO;1536944;06/07/2026;1;351038;06/07/2026;GALA COMERCIO DE VEICULOS LTDA;1,77E+13;BAGE;RS;06/07/2026;15/07/2026;14/07/2026;Entregue No Prazo;;Entrega realizada;Entrega Finalizada;15;7;6;7;TRANSTRY;23009;;;
MOBIS BRASIL FABRICACAO DE AUTO PECAS LT;RODOVIARIO;1536900;06/07/2026;48;351059;06/07/2026;PATEO COMERCIO DE VEICULOS S A;7,78E+12;SALVADOR;BA;06/07/2026;16/07/2026;14/07/2026;Entregue No Prazo;;Entrega realizada;Entrega Finalizada;16;7;6;7;TERMACO;5003;;;
MOBIS BRASIL FABRICACAO DE AUTO PECAS LT;RODOVIARIO;1536921;06/07/2026;2;351048;06/07/2026;COMETA MATO GROSSO COM. DE VEICULOS LTDA;1,54E+13;SINOP;MT;06/07/2026;16/07/2026;14/07/2026;Entregue No Prazo;;Entrega realizada;Entrega Finalizada;16;7;6;7;CARVALIMA;13003;;;
MOBIS BRASIL FABRICACAO DE AUTO PECAS LT;RODOVIARIO;1536913;06/07/2026;49;351060;06/07/2026;PATEO COMERCIO DE VEICULOS S A;7,78E+12;SAO LUIS;MA;06/07/2026;21/07/2026;14/07/2026;Entregue No Prazo;;Entrega realizada;Entrega Finalizada;21;7;6;7;TERMACO;10002;;;
MOBIS BRASIL FABRICACAO DE AUTO PECAS LT;RODOVIARIO;1537587;07/07/2026;7;351124;07/07/2026;LOVAT VEICULOS S/A;8,57E+12;MARINGA;PR;07/07/2026;13/07/2026;14/07/2026;Entregue Fora do Prazo;;Entrega realizada;Entrega Finalizada;13;7;7;7;TRANSTRY;18008;;;
MOBIS BRASIL FABRICACAO DE AUTO PECAS LT;RODOVIARIO;1537620;07/07/2026;2;351138;07/07/2026;HYMAX DISTRIBUIDORA DE VEICULOS LTDA;1,73E+13;MOGI GUACU;SP;07/07/2026;13/07/2026;14/07/2026;Entregue Fora do Prazo;;Entrega realizada;Entrega Finalizada;13;7;7;7;MVT;26002;;;
MOBIS BRASIL FABRICACAO DE AUTO PECAS LT;RODOVIARIO;1537588;07/07/2026;3;351126;07/07/2026;SANTA FE VEICULOS LTDA.;1,16E+13;FRANCISCO BELTRAO;PR;07/07/2026;14/07/2026;14/07/2026;Entregue No Prazo;;Entrega realizada;Entrega Finalizada;14;7;7;7;TRANSTRY;18010;Aniversário do Município;Campinas;SP
MOBIS BRASIL FABRICACAO DE AUTO PECAS LT;RODOVIARIO;1537589;07/07/2026;9;351126;07/07/2026;SANTA FE VEICULOS LTDA.;1,16E+13;FRANCISCO BELTRAO;PR;07/07/2026;14/07/2026;14/07/2026;Entregue No Prazo;;Entrega realizada;Entrega Finalizada;14;7;7;7;TRANSTRY;18010;Aniversário do Município;Campinas;SP
MOBIS BRASIL FABRICACAO DE AUTO PECAS LT;RODOVIARIO;1537560;07/07/2026;61;351103;07/07/2026;SMAFF IMPORT VEICULOS LTDA;8,18E+12;BRASILIA;DF;07/07/2026;15/07/2026;14/07/2026;Entregue No Prazo;;Entrega realizada;Entrega Finalizada;15;7;7;7;RIO VERMELHO;7002;;;
MOBIS BRASIL FABRICACAO DE AUTO PECAS LT;RODOVIARIO;1537608;07/07/2026;6;351116;07/07/2026;CHINHAN AUTOMOVEIS LTDA;2,41E+13;ERECHIM;RS;07/07/2026;15/07/2026;14/07/2026;Entregue No Prazo;;Entrega realizada;Entrega Finalizada;15;7;7;7;TRANSTRY;23019;;;
MOBIS BRASIL FABRICACAO DE AUTO PECAS LT;RODOVIARIO;1537551;07/07/2026;1;351162;07/07/2026;AIKON VEICULOS LTDA;1,17E+13;VITORIA DA CONQUISTA;BA;07/07/2026;22/07/2026;14/07/2026;Entregue No Prazo;;Entrega realizada;Entrega Finalizada;22;7;7;7;TERMACO;5002;;;
MOBIS BRASIL FABRICACAO DE AUTO PECAS LT;RODOVIARIO;1537556;07/07/2026;4;351180;07/07/2026;PATEO COMERCIO DE VEICULOS S A;7,78E+12;FEIRA DE SANTANA;BA;07/07/2026;22/07/2026;14/07/2026;Entregue No Prazo;;Entrega realizada;Entrega Finalizada;22;7;7;7;TERMACO;5009;;;
MOBIS BRASIL FABRICACAO DE AUTO PECAS LT;RODOVIARIO;1537559;07/07/2026;3;351187;07/07/2026;SAINT LAND COMERCIO DE VEICULOS LTDA;1,04E+13;JUAZEIRO DO NORTE;CE;07/07/2026;23/07/2026;14/07/2026;Entregue No Prazo;;Entrega realizada;Entrega Finalizada;23;7;7;7;TERMACO;6010;;;
MOBIS BRASIL FABRICACAO DE AUTO PECAS LT;RODOVIARIO;1537547;07/07/2026;1;351193;07/07/2026;ULSAN COMERCIO DE VEICULOS LTDA;2,10E+13;RIO BRANCO;AC;07/07/2026;24/07/2026;14/07/2026;Entregue No Prazo;;Entrega realizada;Entrega Finalizada;24;7;7;7;CARVALIMA;21004;;;
MOBIS BRASIL FABRICACAO DE AUTO PECAS LT;RODOVIARIO;1538519;08/07/2026;1;351346;08/07/2026;DESTAQUE SEUL DISTR DE VEIC PEC LTDA;2,12E+13;CARAGUATATUBA;SP;08/07/2026;14/07/2026;14/07/2026;Entregue No Prazo;;Entrega realizada;Entrega Finalizada;14;7;8;7;MVT;26082;Aniversário do Município;Campinas;SP
MOBIS BRASIL FABRICACAO DE AUTO PECAS LT;RODOVIARIO;1539357;09/07/2026;42;351515;09/07/2026;CARBEL KOREA VEICULOS LTDA;2,07E+13;BELO HORIZONTE;MG;09/07/2026;14/07/2026;14/07/2026;Entregue No Prazo;;Entrega realizada;Entrega Finalizada;14;7;9;7;XD BETIM;11021;Aniversário do Município;Campinas;SP
MOBIS BRASIL FABRICACAO DE AUTO PECAS LT;RODOVIARIO;1539358;09/07/2026;1;351510;09/07/2026;CAOA MOTOR DO BRASIL LTDA;1,68E+13;BELO HORIZONTE;MG;09/07/2026;14/07/2026;14/07/2026;Entregue No Prazo;;Entrega realizada;Entrega Finalizada;14;7;9;7;XD BETIM;5008;Aniversário do Município;Campinas;SP
MOBIS BRASIL FABRICACAO DE AUTO PECAS LT;RODOVIARIO;1539361;09/07/2026;36;351505;09/07/2026;BDG AUTOVILLE VEICULOS LTDA;4,77E+13;CONTAGEM;MG;09/07/2026;14/07/2026;14/07/2026;Entregue No Prazo;;Entrega realizada;Entrega Finalizada;14;7;9;7;XD BETIM;11037;Aniversário do Município;Campinas;SP
MOBIS BRASIL FABRICACAO DE AUTO PECAS LT;RODOVIARIO;1539427;09/07/2026;3;351516;09/07/2026;DESTAQUE SEUL DISTR. DE VEIC. E PC. LTDA;2,12E+13;ATIBAIA;SP;09/07/2026;14/07/2026;14/07/2026;Entregue No Prazo;;Entrega realizada;Entrega Finalizada;14;7;9;7;XD DIADEMA;26075;Aniversário do Município;Campinas;SP
MOBIS BRASIL FABRICACAO DE AUTO PECAS LT;RODOVIARIO;1539735;09/07/2026;6;351526;09/07/2026;TAI MOTORS VEICULOS S/A;9,27E+12;BELO HORIZONTE;MG;09/07/2026;14/07/2026;14/07/2026;Entregue No Prazo;;Entrega realizada;Entrega Finalizada;14;7;9;7;XD BETIM;8002;Aniversário do Município;Campinas;SP
MOBIS BRASIL FABRICACAO DE AUTO PECAS LT;RODOVIARIO;1538442;08/07/2026;1;351421;08/07/2026;GNC GRANDE COREIA MINAS GERAIS COMERCIO;4,27E+13;MONTES CLAROS;MG;08/07/2026;15/07/2026;14/07/2026;Entregue No Prazo;;Entrega realizada;Entrega Finalizada;15;7;8;7;CAMILO;11035;;;
MOBIS BRASIL FABRICACAO DE AUTO PECAS LT;RODOVIARIO;1538472;08/07/2026;1;351423;08/07/2026;GRAFFITI VEICULOS LTDA.;1,71E+13;ITAPERUNA;RJ;08/07/2026;15/07/2026;14/07/2026;Entregue No Prazo;;Entrega realizada;Entrega Finalizada;15;7;8;7;CAMILO;19015;;;
MOBIS BRASIL FABRICACAO DE AUTO PECAS LT;RODOVIARIO;1539377;09/07/2026;3;351554;09/07/2026;LOVAT VEICULOS S/A;8,57E+12;LONDRINA;PR;09/07/2026;15/07/2026;14/07/2026;Entregue No Prazo;;Entrega realizada;Entrega Finalizada;15;7;9;7;TRANSTRY;18008;;;
MOBIS BRASIL FABRICACAO DE AUTO PECAS LT;RODOVIARIO;1539378;09/07/2026;1;351553;09/07/2026;LOVAT VEICULOS S/A;8,57E+12;MARINGA;PR;09/07/2026;15/07/2026;14/07/2026;Entregue No Prazo;;Entrega realizada;Entrega Finalizada;15;7;9;7;TRANSTRY;18008;;;
MOBIS BRASIL FABRICACAO DE AUTO PECAS LT;RODOVIARIO;1539383;09/07/2026;1;351602;09/07/2026;AMX COM. E SERVICOS DE AUTOMOTORES LTDA;1,20E+13;RIO DE JANEIRO;RJ;09/07/2026;15/07/2026;14/07/2026;Entregue No Prazo;;Entrega realizada;Entrega Finalizada;15;7;9;7;CAMILO;19009;;;
MOBIS BRASIL FABRICACAO DE AUTO PECAS LT;RODOVIARIO;1539384;09/07/2026;1;351604;09/07/2026;CAOA MOTOR DO BRASIL LTDA;1,68E+13;RIO DE JANEIRO;RJ;09/07/2026;15/07/2026;14/07/2026;Entregue No Prazo;;Entrega realizada;Entrega Finalizada;15;7;9;7;CAMILO;5008;;;
MOBIS BRASIL FABRICACAO DE AUTO PECAS LT;RODOVIARIO;1539388;09/07/2026;1;351605;09/07/2026;CAOA MOTOR DO BRASIL LTDA;1,68E+13;NITEROI;RJ;09/07/2026;15/07/2026;14/07/2026;Entregue No Prazo;;Entrega realizada;Entrega Finalizada;15;7;9;7;CAMILO;5008;;;
MOBIS BRASIL FABRICACAO DE AUTO PECAS LT;RODOVIARIO;1539390;09/07/2026;1;351607;09/07/2026;CAOA MOTOR DO BRASIL LTDA;1,68E+13;RIO DE JANEIRO;RJ;09/07/2026;15/07/2026;14/07/2026;Entregue No Prazo;;Entrega realizada;Entrega Finalizada;15;7;9;7;CAMILO;5008;;;
MOBIS BRASIL FABRICACAO DE AUTO PECAS LT;RODOVIARIO;1539395;09/07/2026;6;351552;09/07/2026;HOUSE PARTS-COM. DE PCS. E VEICULOS LTDA;1,15E+13;PORTO ALEGRE;RS;09/07/2026;15/07/2026;14/07/2026;Entregue No Prazo;;Entrega realizada;Entrega Finalizada;15;7;9;7;TRANSTRY;23004;;;
MOBIS BRASIL FABRICACAO DE AUTO PECAS LT;RODOVIARIO;1539396;09/07/2026;15;351547;09/07/2026;CARWAY SUL VEICULOS LTDA;1,03E+13;CANOAS;RS;09/07/2026;15/07/2026;14/07/2026;Entregue No Prazo;;Entrega realizada;Entrega Finalizada;15;7;9;7;TRANSTRY;23003;;;
MOBIS BRASIL FABRICACAO DE AUTO PECAS LT;RODOVIARIO;1539429;09/07/2026;2;351533;09/07/2026;DHC COMERCIO DE VEICULOS E PECAS LTDA;9,52E+12;JAU;SP;09/07/2026;15/07/2026;14/07/2026;Entregue No Prazo;;Entrega realizada;Entrega Finalizada;15;7;9;7;MVT;26010;;;
MOBIS BRASIL FABRICACAO DE AUTO PECAS LT;RODOVIARIO;1539436;09/07/2026;1;351535;09/07/2026;H - CAMINHO AUTOMOVEIS LTDA;2,53E+13;CATANDUVA;SP;09/07/2026;15/07/2026;14/07/2026;Entregue No Prazo;;Entrega realizada;Entrega Finalizada;15;7;9;7;MVT;26092;;;
MOBIS BRASIL FABRICACAO DE AUTO PECAS LT;RODOVIARIO;1538425;08/07/2026;4;351318;08/07/2026;SAGA KOREA COM. DE VEIC. E PC. LTDA;1,27E+13;BRASILIA;DF;08/07/2026;16/07/2026;14/07/2026;Entregue No Prazo;;Entrega realizada;Entrega Finalizada;16;7;8;7;RIO VERMELHO;7005;;;
MOBIS BRASIL FABRICACAO DE AUTO PECAS LT;RODOVIARIO;1538435;08/07/2026;81;351319;08/07/2026;SAGA KOREA COM. DE VEIC. E PC. LTDA;1,27E+13;GOIANIA;GO;08/07/2026;16/07/2026;14/07/2026;Entregue No Prazo;;Entrega realizada;Entrega Finalizada;16;7;8;7;RIO VERMELHO;9011;;;
MOBIS BRASIL FABRICACAO DE AUTO PECAS LT;RODOVIARIO;1539346;09/07/2026;14;351641;09/07/2026;VIA BRASIL AUTOMOVEIS LTDA.;4,72E+12;SERRA;ES;09/07/2026;16/07/2026;14/07/2026;Entregue No Prazo;;Entrega realizada;Entrega Finalizada;16;7;9;7;CAMILO;8001;;;
MOBIS BRASIL FABRICACAO DE AUTO PECAS LT;RODOVIARIO;1539347;09/07/2026;10;351641;09/07/2026;VIA BRASIL AUTOMOVEIS LTDA.;4,72E+12;SERRA;ES;09/07/2026;16/07/2026;14/07/2026;Entregue No Prazo;;Entrega realizada;Entrega Finalizada;16;7;9;7;CAMILO;8001;;;
MOBIS BRASIL FABRICACAO DE AUTO PECAS LT;RODOVIARIO;1539354;09/07/2026;3;351612;09/07/2026;CONCESSIONARIA NAGOYA MOTOS E VEIC. LTDA;8,74E+12;UBA;MG;09/07/2026;16/07/2026;14/07/2026;Entregue No Prazo;;Entrega realizada;Entrega Finalizada;16;7;9;7;CAMILO;11004;;;
MOBIS BRASIL FABRICACAO DE AUTO PECAS LT;RODOVIARIO;1539363;09/07/2026;2;351630;09/07/2026;RITMO MOTORS LTDA;1,94E+13;PASSOS;MG;09/07/2026;16/07/2026;14/07/2026;Entregue No Prazo;;Entrega realizada;Entrega Finalizada;16;7;9;7;CAMILO;11040;;;
MOBIS BRASIL FABRICACAO DE AUTO PECAS LT;RODOVIARIO;1539385;09/07/2026;2;351642;09/07/2026;VIA VR VEICULOS LTDA;1,73E+13;VOLTA REDONDA;RJ;09/07/2026;16/07/2026;14/07/2026;Entregue No Prazo;;Entrega realizada;Entrega Finalizada;16;7;9;7;CAMILO;19016;;;
MOBIS BRASIL FABRICACAO DE AUTO PECAS LT;RODOVIARIO;1539401;09/07/2026;18;351541;09/07/2026;BARI VEICULOS LTDA;7,46E+12;BLUMENAU;SC;09/07/2026;16/07/2026;14/07/2026;Entregue No Prazo;;Entrega realizada;Entrega Finalizada;16;7;9;7;TRANSTRY;18024;;;
MOBIS BRASIL FABRICACAO DE AUTO PECAS LT;RODOVIARIO;1539344;09/07/2026;1;351522;09/07/2026;SAGA KOREA COM. DE VEIC. E PC. LTDA;1,27E+13;BRASILIA;DF;09/07/2026;17/07/2026;14/07/2026;Entregue No Prazo;;Entrega realizada;Entrega Finalizada;17;7;9;7;RIO VERMELHO;7004;;;
MOBIS BRASIL FABRICACAO DE AUTO PECAS LT;RODOVIARIO;1539345;09/07/2026;3;351523;09/07/2026;SAGA KOREA COM. DE VEIC. E PC. LTDA;1,27E+13;BRASILIA;DF;09/07/2026;17/07/2026;14/07/2026;Entregue No Prazo;;Entrega realizada;Entrega Finalizada;17;7;9;7;RIO VERMELHO;7005;;;
MOBIS BRASIL FABRICACAO DE AUTO PECAS LT;RODOVIARIO;1539364;09/07/2026;2;351616;09/07/2026;GOLDEN MOTORS VEICULOS LTDA;3,62E+12;DOURADOS;MS;09/07/2026;17/07/2026;14/07/2026;Entregue No Prazo;;Entrega realizada;Entrega Finalizada;17;7;9;7;CARVALIMA;12001;;;
MOBIS BRASIL FABRICACAO DE AUTO PECAS LT;RODOVIARIO;1539365;09/07/2026;5;351639;09/07/2026;ULSAN COMERCIO DE VEICULOS LTDA.;2,10E+13;CAMPO GRANDE;MS;09/07/2026;17/07/2026;14/07/2026;Entregue No Prazo;;Entrega realizada;Entrega Finalizada;17;7;9;7;CARVALIMA;12004;;;
MOBIS BRASIL FABRICACAO DE AUTO PECAS LT;RODOVIARIO;1539398;09/07/2026;8;351548;09/07/2026;CHINHAN AUTOMOVEIS LTDA;2,41E+13;ERECHIM;RS;09/07/2026;17/07/2026;14/07/2026;Entregue No Prazo;;Entrega realizada;Entrega Finalizada;17;7;9;7;TRANSTRY;23019;;;
MOBIS BRASIL FABRICACAO DE AUTO PECAS LT;RODOVIARIO;1539405;09/07/2026;2;351549;09/07/2026;CHINHAN AUTOMOVEIS LTDA;2,41E+13;CONCORDIA;SC;09/07/2026;17/07/2026;14/07/2026;Entregue No Prazo;;Entrega realizada;Entrega Finalizada;17;7;9;7;TRANSTRY;23019;;;
MOBIS BRASIL FABRICACAO DE AUTO PECAS LT;RODOVIARIO;1538445;08/07/2026;6;351419;08/07/2026;COMETA MATO GROSSO COM. DE VEICULOS LTDA;1,54E+13;SINOP;MT;08/07/2026;20/07/2026;14/07/2026;Entregue No Prazo;;Entrega realizada;Entrega Finalizada;20;7;8;7;CARVALIMA;13003;;;
MOBIS BRASIL FABRICACAO DE AUTO PECAS LT;RODOVIARIO;1539368;09/07/2026;1;351611;09/07/2026;COMETA MATO GROSSO COM. DE VEICULOS LTDA;1,54E+13;RONDONOPOLIS;MT;09/07/2026;21/07/2026;14/07/2026;Entregue No Prazo;;Entrega realizada;Entrega Finalizada;21;7;9;7;CARVALIMA;13006;;;
MOBIS BRASIL FABRICACAO DE AUTO PECAS LT;RODOVIARIO;1540085;10/07/2026;61;351695;10/07/2026;SEVEC VEICULOS LTDA;5,68E+11;CURITIBA;PR;10/07/2026;15/07/2026;14/07/2026;Entregue No Prazo;;Entrega realizada;Entrega Finalizada;15;7;10;7;TRANSTRY;18012;;;
MOBIS BRASIL FABRICACAO DE AUTO PECAS LT;RODOVIARIO;1540089;10/07/2026;2;351682;10/07/2026;BARI VEICULOS LTDA.;7,46E+12;CURITIBA;PR;10/07/2026;15/07/2026;14/07/2026;Entregue No Prazo;;Entrega realizada;Entrega Finalizada;15;7;10;7;TRANSTRY;18029;;;
MOBIS BRASIL FABRICACAO DE AUTO PECAS LT;RODOVIARIO;1540126;10/07/2026;44;351709;10/07/2026;NEW VEICULOS E PECAS LTDA;1,59E+13;RIBEIRAO PRETO;SP;10/07/2026;15/07/2026;14/07/2026;Entregue No Prazo;;Entrega realizada;Entrega Finalizada;15;7;10;7;MVT;26014;;;
MOBIS BRASIL FABRICACAO DE AUTO PECAS LT;RODOVIARIO;1540138;10/07/2026;2;351660;10/07/2026;DESTAQUE SEUL DISTR. DE VEIC. E PC. LTDA;2,12E+13;ATIBAIA;SP;10/07/2026;15/07/2026;14/07/2026;Entregue No Prazo;;Entrega realizada;Entrega Finalizada;15;7;10;7;XD DIADEMA;26075;;;
MOBIS BRASIL FABRICACAO DE AUTO PECAS LT;RODOVIARIO;1540139;10/07/2026;6;351660;10/07/2026;DESTAQUE SEUL DISTR. DE VEIC. E PC. LTDA;2,12E+13;ATIBAIA;SP;10/07/2026;15/07/2026;14/07/2026;Entregue No Prazo;;Entrega realizada;Entrega Finalizada;15;7;10;7;XD DIADEMA;26075;;;
MOBIS BRASIL FABRICACAO DE AUTO PECAS LT;RODOVIARIO;1540054;10/07/2026;2;351754;10/07/2026;URCA MOTORS VEICULOS LTDA;8,77E+12;UBERABA;MG;10/07/2026;16/07/2026;14/07/2026;Entregue No Prazo;;Entrega realizada;Entrega Finalizada;16;7;10;7;CAMILO;9014;;;
MOBIS BRASIL FABRICACAO DE AUTO PECAS LT;RODOVIARIO;1540056;10/07/2026;2;351751;10/07/2026;TOKSU COMERCIO DE VEICULOS LTDA;1,12E+13;VARGINHA;MG;10/07/2026;16/07/2026;14/07/2026;Entregue No Prazo;;Entrega realizada;Entrega Finalizada;16;7;10;7;CAMILO;11008;;;
MOBIS BRASIL FABRICACAO DE AUTO PECAS LT;RODOVIARIO;1540086;10/07/2026;1;351696;10/07/2026;VETOR AUTOMOVEIS LTDA;2,12E+13;CASCAVEL;PR;10/07/2026;16/07/2026;14/07/2026;Entregue No Prazo;;Entrega realizada;Entrega Finalizada;16;7;10;7;TRANSTRY;18019;;;
MOBIS BRASIL FABRICACAO DE AUTO PECAS LT;RODOVIARIO;1540088;10/07/2026;6;351676;10/07/2026;BARI VEICULOS LTDA;7,46E+12;PONTA GROSSA;PR;10/07/2026;16/07/2026;14/07/2026;Entregue No Prazo;;Entrega realizada;Entrega Finalizada;16;7;10;7;TRANSTRY;18024;;;
MOBIS BRASIL FABRICACAO DE AUTO PECAS LT;RODOVIARIO;1540092;10/07/2026;2;351728;10/07/2026;ITAVEMA MOTORS VEICULOS LTDA;7,73E+12;DUQUE DE CAXIAS;RJ;10/07/2026;16/07/2026;14/07/2026;Entregue No Prazo;;Entrega realizada;Entrega Finalizada;16;7;10;7;CAMILO;19001;;;
MOBIS BRASIL FABRICACAO DE AUTO PECAS LT;RODOVIARIO;1540093;10/07/2026;1;351716;10/07/2026;CAOA MOTOR DO BRASIL LTDA;1,68E+13;RIO DE JANEIRO;RJ;10/07/2026;16/07/2026;14/07/2026;Entregue No Prazo;;Entrega realizada;Entrega Finalizada;16;7;10;7;CAMILO;5008;;;
MOBIS BRASIL FABRICACAO DE AUTO PECAS LT;RODOVIARIO;1540115;10/07/2026;5;351681;10/07/2026;BARI VEICULOS LTDA.;7,46E+12;JOINVILLE;SC;10/07/2026;16/07/2026;14/07/2026;Entregue No Prazo;;Entrega realizada;Entrega Finalizada;16;7;10;7;TRANSTRY;24013;;;
MOBIS BRASIL FABRICACAO DE AUTO PECAS LT;RODOVIARIO;1540131;10/07/2026;2;351708;10/07/2026;NEW VEICULOS E PECAS LTDA;1,59E+13;FRANCA;SP;10/07/2026;16/07/2026;14/07/2026;Entregue No Prazo;;Entrega realizada;Entrega Finalizada;16;7;10;7;MVT;26014;;;
MOBIS BRASIL FABRICACAO DE AUTO PECAS LT;RODOVIARIO;1540137;10/07/2026;2;351710;10/07/2026;NEW VEICULOS E PECAS LTDA.;1,59E+13;ARARAQUARA;SP;10/07/2026;16/07/2026;14/07/2026;Entregue No Prazo;;Entrega realizada;Entrega Finalizada;16;7;10;7;MVT;26071;;;
MOBIS BRASIL FABRICACAO DE AUTO PECAS LT;RODOVIARIO;1540146;10/07/2026;1;351698;10/07/2026;ANDRETA II DISTRIBUIDORA DE VEIC. LTDA;9,10E+12;RIO CLARO;SP;10/07/2026;16/07/2026;14/07/2026;Entregue No Prazo;;Entrega realizada;Entrega Finalizada;16;7;10;7;MVT;26011;;;
MOBIS BRASIL FABRICACAO DE AUTO PECAS LT;RODOVIARIO;1540039;10/07/2026;2;351755;10/07/2026;VIA BRASIL AUTOMOVEIS LTDA.;4,72E+12;SERRA;ES;10/07/2026;17/07/2026;14/07/2026;Entregue No Prazo;;Entrega realizada;Entrega Finalizada;17;7;10;7;CAMILO;8001;;;
MOBIS BRASIL FABRICACAO DE AUTO PECAS LT;RODOVIARIO;1540040;10/07/2026;4;351755;10/07/2026;VIA BRASIL AUTOMOVEIS LTDA.;4,72E+12;SERRA;ES;10/07/2026;17/07/2026;14/07/2026;Entregue No Prazo;;Entrega realizada;Entrega Finalizada;17;7;10;7;CAMILO;8001;;;
MOBIS BRASIL FABRICACAO DE AUTO PECAS LT;RODOVIARIO;1540094;10/07/2026;2;351756;10/07/2026;VIA VR VEICULOS LTDA;1,73E+13;VOLTA REDONDA;RJ;10/07/2026;17/07/2026;14/07/2026;Entregue No Prazo;;Entrega realizada;Entrega Finalizada;17;7;10;7;CAMILO;19016;;;
MOBIS BRASIL FABRICACAO DE AUTO PECAS LT;RODOVIARIO;1540095;10/07/2026;3;351756;10/07/2026;VIA VR VEICULOS LTDA;1,73E+13;VOLTA REDONDA;RJ;10/07/2026;17/07/2026;14/07/2026;Entregue No Prazo;;Entrega realizada;Entrega Finalizada;17;7;10;7;CAMILO;19016;;;
MOBIS BRASIL FABRICACAO DE AUTO PECAS LT;RODOVIARIO;1540036;10/07/2026;14;351669;10/07/2026;SMAFF IMPORT VEICULOS LTDA;8,18E+12;BRASILIA;DF;10/07/2026;20/07/2026;14/07/2026;Entregue No Prazo;;Entrega realizada;Entrega Finalizada;20;7;10;7;RIO VERMELHO;7002;;;
MOBIS BRASIL FABRICACAO DE AUTO PECAS LT;RODOVIARIO;1540038;10/07/2026;4;351668;10/07/2026;SAGA KOREA COM. DE VEIC. E PC. LTDA;1,27E+13;BRASILIA;DF;10/07/2026;20/07/2026;14/07/2026;Entregue No Prazo;;Entrega realizada;Entrega Finalizada;20;7;10;7;RIO VERMELHO;7005;;;
MOBIS BRASIL FABRICACAO DE AUTO PECAS LT;RODOVIARIO;1540063;10/07/2026;3;351725;10/07/2026;GOLDEN MOTORS VEICULOS LTDA;3,62E+12;DOURADOS;MS;10/07/2026;20/07/2026;14/07/2026;Entregue No Prazo;;Entrega realizada;Entrega Finalizada;20;7;10;7;CARVALIMA;12001;;;
MOBIS BRASIL FABRICACAO DE AUTO PECAS LT;RODOVIARIO;1540067;10/07/2026;1;351729;10/07/2026;JPG MOTORS COMERCIO DE VEICULOS LTDA;2,91E+13;CAMPO GRANDE;MS;10/07/2026;20/07/2026;14/07/2026;Entregue No Prazo;;Entrega realizada;Entrega Finalizada;20;7;10;7;CARVALIMA;12005;;;
MOBIS BRASIL FABRICACAO DE AUTO PECAS LT;RODOVIARIO;1540072;10/07/2026;2;351719;10/07/2026;COMETA MATO GROSSO COM. DE VEICULOS LTDA;1,54E+13;TANGARA DA SERRA;MT;10/07/2026;21/07/2026;14/07/2026;Entregue No Prazo;;Entrega realizada;Entrega Finalizada;21;7;10;7;CARVALIMA;13007;;;
MOBIS BRASIL FABRICACAO DE AUTO PECAS LT;RODOVIARIO;1540071;10/07/2026;1;351718;10/07/2026;COMETA MATO GROSSO COM. DE VEICULOS LTDA;1,54E+13;RONDONOPOLIS;MT;10/07/2026;22/07/2026;14/07/2026;Entregue No Prazo;;Entrega realizada;Entrega Finalizada;22;7;10;7;CARVALIMA;13006;;;
MOBIS BRASIL FABRICACAO DE AUTO PECAS LT;RODOVIARIO;1540814;13/07/2026;1;351834;13/07/2026;BARI VEICULOS LTDA.;7,46E+12;CURITIBA;PR;13/07/2026;16/07/2026;14/07/2026;Entregue No Prazo;;Entrega realizada;Entrega Finalizada;16;7;13;7;TRANSTRY;18029;;;
MOBIS BRASIL FABRICACAO DE AUTO PECAS LT;RODOVIARIO;1540815;13/07/2026;4;351830;13/07/2026;BARI VEICULOS LTDA;7,46E+12;CURITIBA;PR;13/07/2026;16/07/2026;14/07/2026;Entregue No Prazo;;Entrega realizada;Entrega Finalizada;16;7;13;7;TRANSTRY;18024;;;
MOBIS BRASIL FABRICACAO DE AUTO PECAS LT;RODOVIARIO;1553005;04/08/2026;22;355839;04/08/2026;CHINHAN AUTOMOVEIS LTDA;2,41E+13;CONCORDIA;SC;04/08/2026;12/08/2026;14/07/2026;Entregue No Prazo;;Entrega realizada;Entrega Finalizada;12;8;4;8;TRANSTRY;23019;;;
MOBIS BRASIL FABRICACAO DE AUTO PECAS LT;RODOVIARIO;1530404;23/06/2026;1;348800;23/06/2026;TAI MOTORS VEICULOS S/A;9,27E+12;MURIAE;MG;23/06/2026;30/06/2026;15/07/2026;Entregue Fora do Prazo;;Entrega realizada;Entrega Finalizada;30;6;23;6;CAMILO;8002;;;
MOBIS BRASIL FABRICACAO DE AUTO PECAS LT;RODOVIARIO;1530406;23/06/2026;1;348801;23/06/2026;TECAR TRILHAS AUTOMOVEIS E SERVICOS LTDA;2,32E+13;DIVINOPOLIS;MG;23/06/2026;30/06/2026;15/07/2026;Entregue Fora do Prazo;;Entrega realizada;Entrega Finalizada;30;6;23;6;CAMILO;11039;;;
MOBIS BRASIL FABRICACAO DE AUTO PECAS LT;RODOVIARIO;1531885;25/06/2026;2;349245;25/06/2026;PRIVILLEGE DISTRIBUIDORA DE VEICULOS LTD;1,72E+13;ARAGUAINA;TO;25/06/2026;09/07/2026;15/07/2026;Entregue Fora do Prazo;Recusa;15/07 Cliente recusou devido a divergência de itens na NF;Entrega Finalizada;9;7;25;6;RIO VERMELHO;27002;Revolução Constitucionalista de 1932;Estadual;SP
MOBIS BRASIL FABRICACAO DE AUTO PECAS LT;RODOVIARIO;1532388;26/06/2026;2;349502;26/06/2026;VIME AUTOMOVEIS E PECAS LTDA;2,85E+13;GUAXUPE;MG;26/06/2026;03/07/2026;15/07/2026;Entregue Fora do Prazo;;Entrega realizada;Entrega Finalizada;3;7;26;6;CAMILO;11031;;;
MOBIS BRASIL FABRICACAO DE AUTO PECAS LT;RODOVIARIO;1533253;27/06/2026;2;349767;29/06/2026;CONCESSIONARIA NAGOYA MOTOS E VEIC. LTDA;8,74E+12;UBA;MG;29/06/2026;06/07/2026;15/07/2026;Entregue Fora do Prazo;;Entrega realizada;Entrega Finalizada;6;7;29;6;CAMILO;11004;;;
MOBIS BRASIL FABRICACAO DE AUTO PECAS LT;RODOVIARIO;1533257;27/06/2026;2;349782;29/06/2026;VIME AUTOMOVEIS E PECAS LTDA;2,85E+13;GUAXUPE;MG;29/06/2026;06/07/2026;15/07/2026;Entregue Fora do Prazo;;Entrega realizada;Entrega Finalizada;6;7;29;6;CAMILO;11031;;;
MOBIS BRASIL FABRICACAO DE AUTO PECAS LT;RODOVIARIO;1533228;27/06/2026;2;349828;29/06/2026;ULSAN COMERCIO DE VEICULOS LTDA;2,10E+13;RIO BRANCO;AC;29/06/2026;16/07/2026;15/07/2026;Entregue No Prazo;;Entrega realizada;Entrega Finalizada;16;7;29;6;CARVALIMA;21004;;;
MOBIS BRASIL FABRICACAO DE AUTO PECAS LT;RODOVIARIO;1534593;30/06/2026;3;350237;01/07/2026;VITAL COMERCIO DE VEICULOS LTDA;1,05E+13;IPATINGA;MG;01/07/2026;08/07/2026;15/07/2026;Entregue Fora do Prazo;;Entrega realizada;Entrega Finalizada;8;7;1;7;CAMILO;11016;Emancipação Política de Sergipe;Estadual;SE
MOBIS BRASIL FABRICACAO DE AUTO PECAS LT;RODOVIARIO;1535582;02/07/2026;2;350360;02/07/2026;TECAR TRILHAS AUTOMOVEIS E SERVICOS LTDA;2,32E+13;DIVINOPOLIS;MG;02/07/2026;09/07/2026;15/07/2026;Entregue Fora do Prazo;;Entrega realizada;Entrega Finalizada;9;7;2;7;CAMILO;11039;Revolução Constitucionalista de 1932;Estadual;SP
MOBIS BRASIL FABRICACAO DE AUTO PECAS LT;RODOVIARIO;1535584;02/07/2026;4;350393;02/07/2026;AUTORAC VEICULOS LTDA;1,06E+13;CARUARU;PE;02/07/2026;20/07/2026;15/07/2026;Entregue No Prazo;;Entrega realizada;Entrega Finalizada;20;7;2;7;TERMACO;16001;;;
MOBIS BRASIL FABRICACAO DE AUTO PECAS LT;RODOVIARIO;1535568;02/07/2026;2;350402;02/07/2026;PATEO COMERCIO DE VEICULOS S A;7,78E+12;MANAUS;AM;02/07/2026;28/07/2026;15/07/2026;Entregue No Prazo;;Entrega realizada;Entrega Finalizada;28;7;2;7;CARVALIMA;3002;Adesão do Maranhão à Independência do Brasil;Estadual;MA
MOBIS BRASIL FABRICACAO DE AUTO PECAS LT;RODOVIARIO;1536262;03/07/2026;3;350689;03/07/2026;SAINT LAND COMERCIO DE VEICULOS LTDA;1,04E+13;ARACAJU;SE;03/07/2026;16/07/2026;15/07/2026;Entregue No Prazo;;Entrega realizada;Entrega Finalizada;16;7;3;7;TERMACO;6010;;;
MOBIS BRASIL FABRICACAO DE AUTO PECAS LT;RODOVIARIO;1536221;03/07/2026;19;350683;03/07/2026;PATEO COMERCIO DE VEICULOS S A;07784006001894;JOAO PESSOA;PB;03/07/2026;20/07/2026;15/07/2026;Entregue No Prazo;;Entrega realizada;Entrega Finalizada;20;7;3;7;TERMACO;#N/D;;;
MOBIS BRASIL FABRICACAO DE AUTO PECAS LT;RODOVIARIO;1536941;06/07/2026;10;351065;06/07/2026;SAINT LAND COMERCIO DE VEICULOS LTDA;1,04E+13;NATAL;RN;06/07/2026;21/07/2026;15/07/2026;Entregue No Prazo;;Entrega realizada;Entrega Finalizada;21;7;6;7;TERMACO;6010;;;
MOBIS BRASIL FABRICACAO DE AUTO PECAS LT;RODOVIARIO;1537567;07/07/2026;3;351098;07/07/2026;NISA COMERCIAL DE VEIC. AUTOMOTORES LTDA;1,03E+13;APARECIDA DE GOIANIA;GO;07/07/2026;15/07/2026;15/07/2026;Entregue No Prazo;;Entrega realizada;Entrega Finalizada;15;7;7;7;RIO VERMELHO;9002;;;
MOBIS BRASIL FABRICACAO DE AUTO PECAS LT;RODOVIARIO;1537568;07/07/2026;1;351102;07/07/2026;SAGA KOREA COM. DE VEIC. E PC. LTDA;1,27E+13;GOIANIA;GO;07/07/2026;15/07/2026;15/07/2026;Entregue No Prazo;;Entrega realizada;Entrega Finalizada;15;7;7;7;RIO VERMELHO;9011;;;
MOBIS BRASIL FABRICACAO DE AUTO PECAS LT;RODOVIARIO;1537552;07/07/2026;2;351182;07/07/2026;PATEO COMERCIO DE VEICULOS S A;7,78E+12;SALVADOR;BA;07/07/2026;17/07/2026;15/07/2026;Entregue No Prazo;;Entrega realizada;Entrega Finalizada;17;7;7;7;TERMACO;5003;;;
MOBIS BRASIL FABRICACAO DE AUTO PECAS LT;RODOVIARIO;1537553;07/07/2026;1;351182;07/07/2026;PATEO COMERCIO DE VEICULOS S A;7,78E+12;SALVADOR;BA;07/07/2026;17/07/2026;15/07/2026;Entregue No Prazo;;Entrega realizada;Entrega Finalizada;17;7;7;7;TERMACO;5003;;;
MOBIS BRASIL FABRICACAO DE AUTO PECAS LT;RODOVIARIO;1537581;07/07/2026;1;351169;07/07/2026;CAOA MOTOR DO BRASIL LTDA;1,68E+13;BELEM;PA;07/07/2026;20/07/2026;15/07/2026;Entregue No Prazo;;Entrega realizada;Entrega Finalizada;20;7;7;7;CARVALIMA;5008;;;
MOBIS BRASIL FABRICACAO DE AUTO PECAS LT;RODOVIARIO;1537558;07/07/2026;1;351168;07/07/2026;CAOA MOTOR DO BRASIL LTDA;1,68E+13;FORTALEZA;CE;07/07/2026;21/07/2026;15/07/2026;Entregue No Prazo;;Entrega realizada;Entrega Finalizada;21;7;7;7;TERMACO;5008;;;
MOBIS BRASIL FABRICACAO DE AUTO PECAS LT;RODOVIARIO;1537988;07/07/2026;6;351172;07/07/2026;FAZZA MOTORS COM. DE VEICULOS LTDA;1,24E+13;FORTALEZA;CE;07/07/2026;21/07/2026;15/07/2026;Entregue No Prazo;;Entrega realizada;Entrega Finalizada;21;7;7;7;TERMACO;6001;;;
MOBIS BRASIL FABRICACAO DE AUTO PECAS LT;RODOVIARIO;1537557;07/07/2026;3;351178;07/07/2026;ORVEL AUTOMOTOR HYD LTDA;2,52E+13;TEIXEIRA DE FREITAS;BA;07/07/2026;22/07/2026;15/07/2026;Entregue No Prazo;;Entrega realizada;Entrega Finalizada;22;7;7;7;TERMACO;5011;;;
MOBIS BRASIL FABRICACAO DE AUTO PECAS LT;RODOVIARIO;1539386;09/07/2026;6;351620;09/07/2026;ITAVEMA MOTORS VEICULOS LTDA;7,73E+12;RIO DE JANEIRO;RJ;09/07/2026;15/07/2026;15/07/2026;Entregue No Prazo;;Entrega realizada;Entrega Finalizada;15;7;9;7;CAMILO;19001;;;
MOBIS BRASIL FABRICACAO DE AUTO PECAS LT;RODOVIARIO;1539387;09/07/2026;5;351606;09/07/2026;CAOA MOTOR DO BRASIL LTDA;1,68E+13;RIO DE JANEIRO;RJ;09/07/2026;15/07/2026;15/07/2026;Entregue No Prazo;;Entrega realizada;Entrega Finalizada;15;7;9;7;CAMILO;5008;;;
MOBIS BRASIL FABRICACAO DE AUTO PECAS LT;RODOVIARIO;1539431;09/07/2026;1;351532;09/07/2026;DESTAQUE SEUL DISTR DE VEIC PEC LTDA;2,12E+13;CARAGUATATUBA;SP;09/07/2026;15/07/2026;15/07/2026;Entregue No Prazo;;Entrega realizada;Entrega Finalizada;15;7;9;7;MVT;26082;;;
MOBIS BRASIL FABRICACAO DE AUTO PECAS LT;RODOVIARIO;1539362;09/07/2026;1;351636;09/07/2026;TECAR TRILHAS AUTOMOVEIS E SERVICOS LTDA;2,32E+13;DIVINOPOLIS;MG;09/07/2026;16/07/2026;15/07/2026;Entregue No Prazo;;Entrega realizada;Entrega Finalizada;16;7;9;7;CAMILO;11039;;;
MOBIS BRASIL FABRICACAO DE AUTO PECAS LT;RODOVIARIO;1539348;09/07/2026;9;351629;09/07/2026;PRIME CACHOEIRO VEICULOS LTDA EPP;9,34E+12;CACHOEIRO DE ITAPEMIRIM;ES;09/07/2026;17/07/2026;15/07/2026;Entregue No Prazo;;Entrega realizada;Entrega Finalizada;17;7;9;7;CAMILO;8003;;;
MOBIS BRASIL FABRICACAO DE AUTO PECAS LT;RODOVIARIO;1539349;09/07/2026;1;351519;09/07/2026;NISA COMERCIAL DE VEIC. AUTOMOTORES LTDA;1,03E+13;APARECIDA DE GOIANIA;GO;09/07/2026;17/07/2026;15/07/2026;Entregue No Prazo;;Entrega realizada;Entrega Finalizada;17;7;9;7;RIO VERMELHO;9002;;;
MOBIS BRASIL FABRICACAO DE AUTO PECAS LT;RODOVIARIO;1539350;09/07/2026;1;351519;09/07/2026;NISA COMERCIAL DE VEIC. AUTOMOTORES LTDA;1,03E+13;APARECIDA DE GOIANIA;GO;09/07/2026;17/07/2026;15/07/2026;Entregue No Prazo;;Entrega realizada;Entrega Finalizada;17;7;9;7;RIO VERMELHO;9002;;;
MOBIS BRASIL FABRICACAO DE AUTO PECAS LT;RODOVIARIO;1539351;09/07/2026;3;351524;09/07/2026;SAGA KOREA COM. DE VEIC. E PC. LTDA;1,27E+13;GOIANIA;GO;09/07/2026;17/07/2026;15/07/2026;Entregue No Prazo;;Entrega realizada;Entrega Finalizada;17;7;9;7;RIO VERMELHO;9011;;;
MOBIS BRASIL FABRICACAO DE AUTO PECAS LT;RODOVIARIO;1539352;09/07/2026;8;351524;09/07/2026;SAGA KOREA COM. DE VEIC. E PC. LTDA;1,27E+13;GOIANIA;GO;09/07/2026;17/07/2026;15/07/2026;Entregue No Prazo;;Entrega realizada;Entrega Finalizada;17;7;9;7;RIO VERMELHO;9011;;;
MOBIS BRASIL FABRICACAO DE AUTO PECAS LT;RODOVIARIO;1539397;09/07/2026;1;351551;09/07/2026;HOUSE PARTS - COM. DE PECAS E VEIC. LTDA;1,15E+13;LAJEADO;RS;09/07/2026;17/07/2026;15/07/2026;Entregue No Prazo;;Entrega realizada;Entrega Finalizada;17;7;9;7;TRANSTRY;23018;;;
MOBIS BRASIL FABRICACAO DE AUTO PECAS LT;RODOVIARIO;1538422;08/07/2026;1;351434;08/07/2026;PATEO COMERCIO DE VEICULOS S A;7,78E+12;SALVADOR;BA;08/07/2026;20/07/2026;15/07/2026;Entregue No Prazo;;Entrega realizada;Entrega Finalizada;20;7;8;7;TERMACO;5003;;;
MOBIS BRASIL FABRICACAO DE AUTO PECAS LT;RODOVIARIO;1538450;08/07/2026;1;351414;08/07/2026;CAOA MOTOR DO BRASIL LTDA;1,68E+13;BELEM;PA;08/07/2026;21/07/2026;15/07/2026;Entregue No Prazo;;Entrega realizada;Entrega Finalizada;21;7;8;7;CARVALIMA;5008;;;
MOBIS BRASIL FABRICACAO DE AUTO PECAS LT;RODOVIARIO;1538437;08/07/2026;2;351315;08/07/2026;NASA MOTORS LTDA.;2,65E+13;SAO LUIS DE MONTES BELOS;GO;08/07/2026;22/07/2026;15/07/2026;Entregue No Prazo;;Entrega realizada;Entrega Finalizada;22;7;8;7;RIO VERMELHO;9016;;;
MOBIS BRASIL FABRICACAO DE AUTO PECAS LT;RODOVIARIO;1538421;08/07/2026;2;351411;08/07/2026;AIKON VEICULOS LTDA;1,17E+13;VITORIA DA CONQUISTA;BA;08/07/2026;23/07/2026;15/07/2026;Entregue No Prazo;;Entrega realizada;Entrega Finalizada;23;7;8;7;TERMACO;5002;;;
MOBIS BRASIL FABRICACAO DE AUTO PECAS LT;RODOVIARIO;1539353;09/07/2026;1;351518;09/07/2026;NASA MOTORS LTDA.;2,65E+13;SAO LUIS DE MONTES BELOS;GO;09/07/2026;23/07/2026;15/07/2026;Entregue No Prazo;;Entrega realizada;Entrega Finalizada;23;7;9;7;RIO VERMELHO;9016;;;
MOBIS BRASIL FABRICACAO DE AUTO PECAS LT;RODOVIARIO;1540055;10/07/2026;1;351658;10/07/2026;CAOA MOTOR DO BRASIL LTDA;1,68E+13;BELO HORIZONTE;MG;10/07/2026;15/07/2026;15/07/2026;Entregue No Prazo;;Entrega realizada;Entrega Finalizada;15;7;10;7;XD BETIM;5008;;;
MOBIS BRASIL FABRICACAO DE AUTO PECAS LT;RODOVIARIO;1540060;10/07/2026;1;351653;10/07/2026;BDG AUTOVILLE VEICULOS LTDA;4,77E+13;CONTAGEM;MG;10/07/2026;15/07/2026;15/07/2026;Entregue No Prazo;;Entrega realizada;Entrega Finalizada;15;7;10;7;XD BETIM;11037;;;
MOBIS BRASIL FABRICACAO DE AUTO PECAS LT;RODOVIARIO;1540061;10/07/2026;43;351653;10/07/2026;BDG AUTOVILLE VEICULOS LTDA;4,77E+13;CONTAGEM;MG;10/07/2026;15/07/2026;15/07/2026;Entregue No Prazo;;Entrega realizada;Entrega Finalizada;15;7;10;7;XD BETIM;11037;;;
MOBIS BRASIL FABRICACAO DE AUTO PECAS LT;RODOVIARIO;1540136;10/07/2026;1;351701;10/07/2026;CAOA MOTOR DO BRASIL LTDA;1,68E+13;SAO CARLOS;SP;10/07/2026;15/07/2026;15/07/2026;Entregue No Prazo;;Entrega realizada;Entrega Finalizada;15;7;10;7;MVT;5008;;;
MOBIS BRASIL FABRICACAO DE AUTO PECAS LT;RODOVIARIO;1540081;10/07/2026;18;351691;10/07/2026;LOVAT VEICULOS S/A;8,57E+12;LONDRINA;PR;10/07/2026;16/07/2026;15/07/2026;Entregue No Prazo;;Entrega realizada;Entrega Finalizada;16;7;10;7;TRANSTRY;18008;;;
MOBIS BRASIL FABRICACAO DE AUTO PECAS LT;RODOVIARIO;1540096;10/07/2026;1;351727;10/07/2026;ITAVEMA MOTORS VEICULOS LTDA;7,73E+12;RIO DE JANEIRO;RJ;10/07/2026;16/07/2026;15/07/2026;Entregue No Prazo;;Entrega realizada;Entrega Finalizada;16;7;10;7;CAMILO;19001;;;
MOBIS BRASIL FABRICACAO DE AUTO PECAS LT;RODOVIARIO;1540097;10/07/2026;22;351727;10/07/2026;ITAVEMA MOTORS VEICULOS LTDA;7,73E+12;RIO DE JANEIRO;RJ;10/07/2026;16/07/2026;15/07/2026;Entregue No Prazo;;Entrega realizada;Entrega Finalizada;16;7;10;7;CAMILO;19001;;;
MOBIS BRASIL FABRICACAO DE AUTO PECAS LT;RODOVIARIO;1540099;10/07/2026;7;351714;10/07/2026;CAOA MOTOR DO BRASIL LTDA;1,68E+13;RIO DE JANEIRO;RJ;10/07/2026;16/07/2026;15/07/2026;Entregue No Prazo;;Entrega realizada;Entrega Finalizada;16;7;10;7;CAMILO;5008;;;
MOBIS BRASIL FABRICACAO DE AUTO PECAS LT;RODOVIARIO;1540142;10/07/2026;1;351702;10/07/2026;DESTAQUE SEUL DISTR DE VEIC PEC LTDA;2,12E+13;CARAGUATATUBA;SP;10/07/2026;16/07/2026;15/07/2026;Entregue No Prazo;;Entrega realizada;Entrega Finalizada;16;7;10;7;MVT;26082;;;
MOBIS BRASIL FABRICACAO DE AUTO PECAS LT;RODOVIARIO;1540057;10/07/2026;1;351757;10/07/2026;VIME AUTOMOVEIS E PECAS LTDA;2,85E+13;GUAXUPE;MG;10/07/2026;17/07/2026;15/07/2026;Entregue No Prazo;;Entrega realizada;Entrega Finalizada;17;7;10;7;CAMILO;11031;;;
MOBIS BRASIL FABRICACAO DE AUTO PECAS LT;RODOVIARIO;1540098;10/07/2026;6;351748;10/07/2026;TAI MOTORS VEICULOS S/A.;9,27E+12;CAMPOS DOS GOYTACAZES;RJ;10/07/2026;17/07/2026;15/07/2026;Entregue No Prazo;;Entrega realizada;Entrega Finalizada;17;7;10;7;CAMILO;19023;;;
MOBIS BRASIL FABRICACAO DE AUTO PECAS LT;RODOVIARIO;1540113;10/07/2026;4;351693;10/07/2026;LR COMERCIO DE VEICULOS LTDA;1,05E+13;SAO JOSE;SC;10/07/2026;17/07/2026;15/07/2026;Entregue No Prazo;;Entrega realizada;Entrega Finalizada;17;7;10;7;TRANSTRY;24007;;;
MOBIS BRASIL FABRICACAO DE AUTO PECAS LT;RODOVIARIO;1540041;10/07/2026;1;351742;10/07/2026;PRIME CACHOEIRO VEICULOS LTDA EPP;9,34E+12;CACHOEIRO DE ITAPEMIRIM;ES;10/07/2026;20/07/2026;15/07/2026;Entregue No Prazo;;Entrega realizada;Entrega Finalizada;20;7;10;7;CAMILO;8003;;;
MOBIS BRASIL FABRICACAO DE AUTO PECAS LT;RODOVIARIO;1540042;10/07/2026;3;351742;10/07/2026;PRIME CACHOEIRO VEICULOS LTDA EPP;9,34E+12;CACHOEIRO DE ITAPEMIRIM;ES;10/07/2026;20/07/2026;15/07/2026;Entregue No Prazo;;Entrega realizada;Entrega Finalizada;20;7;10;7;CAMILO;8003;;;
MOBIS BRASIL FABRICACAO DE AUTO PECAS LT;RODOVIARIO;1540044;10/07/2026;4;351664;10/07/2026;NISA COMERCIAL DE VEIC. AUTOMOTORES LTDA;1,03E+13;APARECIDA DE GOIANIA;GO;10/07/2026;20/07/2026;15/07/2026;Entregue No Prazo;;Entrega realizada;Entrega Finalizada;20;7;10;7;RIO VERMELHO;9002;;;
MOBIS BRASIL FABRICACAO DE AUTO PECAS LT;RODOVIARIO;1540045;10/07/2026;5;351664;10/07/2026;NISA COMERCIAL DE VEIC. AUTOMOTORES LTDA;1,03E+13;APARECIDA DE GOIANIA;GO;10/07/2026;20/07/2026;15/07/2026;Entregue No Prazo;;Entrega realizada;Entrega Finalizada;20;7;10;7;RIO VERMELHO;9002;;;
MOBIS BRASIL FABRICACAO DE AUTO PECAS LT;RODOVIARIO;1540046;10/07/2026;66;351666;10/07/2026;SAGA KOREA COM. DE VEIC. E PC. LTDA;1,27E+13;GOIANIA;GO;10/07/2026;20/07/2026;15/07/2026;Entregue No Prazo;;Entrega realizada;Entrega Finalizada;20;7;10;7;RIO VERMELHO;9011;;;
MOBIS BRASIL FABRICACAO DE AUTO PECAS LT;RODOVIARIO;1540048;10/07/2026;3;351663;10/07/2026;NISA COMERCIAL DE VEIC. AUTOMOTORES LTDA;1,03E+13;GOIANIA;GO;10/07/2026;20/07/2026;15/07/2026;Entregue No Prazo;;Entrega realizada;Entrega Finalizada;20;7;10;7;RIO VERMELHO;9013;;;
MOBIS BRASIL FABRICACAO DE AUTO PECAS LT;RODOVIARIO;1540070;10/07/2026;2;351743;10/07/2026;SAGA ASIA COM. DE VEIC.PC.E SERV. LTDA;2,23E+13;VARZEA GRANDE;MT;10/07/2026;21/07/2026;15/07/2026;Entregue No Prazo;;Entrega realizada;Entrega Finalizada;21;7;10;7;CARVALIMA;13004;;;
MOBIS BRASIL FABRICACAO DE AUTO PECAS LT;RODOVIARIO;1540073;10/07/2026;4;351733;10/07/2026;NACIONAL NOVA MARABA DIST DE VEIC. LTDA;1,70E+13;MARABA;PA;10/07/2026;24/07/2026;15/07/2026;Entregue No Prazo;;Entrega realizada;Entrega Finalizada;24;7;10;7;CARVALIMA;14005;;;
MOBIS BRASIL FABRICACAO DE AUTO PECAS LT;RODOVIARIO;1540793;13/07/2026;7;351814;13/07/2026;CARBEL KOREA VEICULOS LTDA;2,07E+13;BELO HORIZONTE;MG;13/07/2026;16/07/2026;15/07/2026;Entregue No Prazo;;Entrega realizada;Entrega Finalizada;16;7;13;7;XD BETIM;11021;;;
MOBIS BRASIL FABRICACAO DE AUTO PECAS LT;RODOVIARIO;1540795;13/07/2026;1;351813;13/07/2026;BDG AUTOVILLE VEICULOS LTDA;4,77E+13;CONTAGEM;MG;13/07/2026;16/07/2026;15/07/2026;Entregue No Prazo;;Entrega realizada;Entrega Finalizada;16;7;13;7;XD BETIM;11037;;;
MOBIS BRASIL FABRICACAO DE AUTO PECAS LT;RODOVIARIO;1540796;13/07/2026;29;351813;13/07/2026;BDG AUTOVILLE VEICULOS LTDA;4,77E+13;CONTAGEM;MG;13/07/2026;16/07/2026;15/07/2026;Entregue No Prazo;;Entrega realizada;Entrega Finalizada;16;7;13;7;XD BETIM;11037;;;
MOBIS BRASIL FABRICACAO DE AUTO PECAS LT;RODOVIARIO;1540791;13/07/2026;1;351875;13/07/2026;TOKSU COMERCIO DE VEICULOS LTDA;1,12E+13;JUIZ DE FORA;MG;13/07/2026;17/07/2026;15/07/2026;Entregue No Prazo;;Entrega realizada;Entrega Finalizada;17;7;13;7;CAMILO;11008;;;
MOBIS BRASIL FABRICACAO DE AUTO PECAS LT;RODOVIARIO;1540811;13/07/2026;2;351831;13/07/2026;BARI VEICULOS LTDA;7,46E+12;PONTA GROSSA;PR;13/07/2026;17/07/2026;15/07/2026;Entregue No Prazo;;Entrega realizada;Entrega Finalizada;17;7;13;7;TRANSTRY;18024;;;
MOBIS BRASIL FABRICACAO DE AUTO PECAS LT;RODOVIARIO;1540812;13/07/2026;4;351831;13/07/2026;BARI VEICULOS LTDA;7,46E+12;PONTA GROSSA;PR;13/07/2026;17/07/2026;15/07/2026;Entregue No Prazo;;Entrega realizada;Entrega Finalizada;17;7;13;7;TRANSTRY;18024;;;
MOBIS BRASIL FABRICACAO DE AUTO PECAS LT;RODOVIARIO;1540836;13/07/2026;2;351836;13/07/2026;BARI VEICULOS LTDA.;7,46E+12;ITAJAI;SC;13/07/2026;17/07/2026;15/07/2026;Entregue No Prazo;;Entrega realizada;Entrega Finalizada;17;7;13;7;TRANSTRY;24014;;;
MOBIS BRASIL FABRICACAO DE AUTO PECAS LT;RODOVIARIO;1540816;13/07/2026;2;351882;13/07/2026;VIA VR VEICULOS LTDA;1,73E+13;VOLTA REDONDA;RJ;13/07/2026;20/07/2026;15/07/2026;Entregue No Prazo;;Entrega realizada;Entrega Finalizada;20;7;13;7;CAMILO;19016;;;
MOBIS BRASIL FABRICACAO DE AUTO PECAS LT;RODOVIARIO;1540817;13/07/2026;4;351882;13/07/2026;VIA VR VEICULOS LTDA;1,73E+13;VOLTA REDONDA;RJ;13/07/2026;20/07/2026;15/07/2026;Entregue No Prazo;;Entrega realizada;Entrega Finalizada;20;7;13;7;CAMILO;19016;;;
MOBIS BRASIL FABRICACAO DE AUTO PECAS LT;RODOVIARIO;1540818;13/07/2026;4;351874;13/07/2026;TAI MOTORS VEICULOS S/A.;9,27E+12;CAMPOS DOS GOYTACAZES;RJ;13/07/2026;20/07/2026;15/07/2026;Entregue No Prazo;;Entrega realizada;Entrega Finalizada;20;7;13;7;CAMILO;19023;;;
MOBIS BRASIL FABRICACAO DE AUTO PECAS LT;RODOVIARIO;1540830;13/07/2026;2;351847;13/07/2026;LS COMERCIO DE AUTOMOVEIS LTDA.;1,03E+13;BRUSQUE;SC;13/07/2026;20/07/2026;15/07/2026;Entregue No Prazo;;Entrega realizada;Entrega Finalizada;20;7;13;7;TRANSTRY;24006;;;
MOBIS BRASIL FABRICACAO DE AUTO PECAS LT;RODOVIARIO;1540831;13/07/2026;1;351845;13/07/2026;LR COMERCIO DE VEICULOS LTDA;1,05E+13;SAO JOSE;SC;13/07/2026;20/07/2026;15/07/2026;Entregue No Prazo;;Entrega realizada;Entrega Finalizada;20;7;13;7;TRANSTRY;24007;;;
MOBIS BRASIL FABRICACAO DE AUTO PECAS LT;RODOVIARIO;1540832;13/07/2026;10;351845;13/07/2026;LR COMERCIO DE VEICULOS LTDA;1,05E+13;SAO JOSE;SC;13/07/2026;20/07/2026;15/07/2026;Entregue No Prazo;;Entrega realizada;Entrega Finalizada;20;7;13;7;TRANSTRY;24007;;;
MOBIS BRASIL FABRICACAO DE AUTO PECAS LT;RODOVIARIO;1540837;13/07/2026;3;351832;13/07/2026;BARI VEICULOS LTDA;7,46E+12;BALNEARIO CAMBORIU;SC;13/07/2026;21/07/2026;15/07/2026;Entregue No Prazo;;Entrega realizada;Entrega Finalizada;21;7;13;7;TRANSTRY;18024;;;
MOBIS BRASIL FABRICACAO DE AUTO PECAS LT;RODOVIARIO;1540838;13/07/2026;1;351832;13/07/2026;BARI VEICULOS LTDA;7,46E+12;BALNEARIO CAMBORIU;SC;13/07/2026;21/07/2026;15/07/2026;Entregue No Prazo;;Entrega realizada;Entrega Finalizada;21;7;13;7;TRANSTRY;18024;;;
MOBIS BRASIL FABRICACAO DE AUTO PECAS LT;RODOVIARIO;1541556;14/07/2026;2;352020;14/07/2026;BILLY DISTRIBUIDORA DE VEICULOS LTDA;1,34E+13;BARUERI;SP;14/07/2026;16/07/2026;15/07/2026;Entregue No Prazo;;Entrega realizada;Entrega Finalizada;16;7;14;7;XD DIADEMA;26003;;;
MOBIS BRASIL FABRICACAO DE AUTO PECAS LT;RODOVIARIO;1541558;14/07/2026;2;352029;14/07/2026;GRAND SPORT COM. DE VEIC. E PECAS LTDA;8,58E+12;GUARULHOS;SP;14/07/2026;16/07/2026;15/07/2026;Entregue No Prazo;;Entrega realizada;Entrega Finalizada;16;7;14;7;XD DIADEMA;26005;;;
MOBIS BRASIL FABRICACAO DE AUTO PECAS LT;RODOVIARIO;1541519;14/07/2026;1;352077;14/07/2026;SEVEC VEICULOS LTDA;5,68E+11;CURITIBA;PR;14/07/2026;17/07/2026;15/07/2026;Entregue No Prazo;;Entrega realizada;Entrega Finalizada;17;7;14;7;TRANSTRY;18012;;;
MOBIS BRASIL FABRICACAO DE AUTO PECAS LT;RODOVIARIO;1541525;14/07/2026;8;352060;14/07/2026;BARI VEICULOS LTDA;7,46E+12;CURITIBA;PR;14/07/2026;17/07/2026;15/07/2026;Entregue No Prazo;;Entrega realizada;Entrega Finalizada;17;7;14;7;TRANSTRY;18024;;;
MOBIS BRASIL FABRICACAO DE AUTO PECAS LT;RODOVIARIO;1541560;14/07/2026;2;352053;14/07/2026;MOTONET COMERCIO DE VEICULOS LTDA;9,28E+12;SOROCABA;SP;14/07/2026;17/07/2026;15/07/2026;Entregue No Prazo;;Entrega realizada;Entrega Finalizada;17;7;14;7;MVT;26113;;;
MOBIS BRASIL FABRICACAO DE AUTO PECAS LT;RODOVIARIO;1541574;14/07/2026;2;352046;14/07/2026;CAOA MOTOR DO BRASIL LTDA;1,68E+13;SAO JOSE DOS CAMPOS;SP;14/07/2026;17/07/2026;15/07/2026;Entregue No Prazo;;Entrega realizada;Entrega Finalizada;17;7;14;7;MVT;5008;;;
MOBIS BRASIL FABRICACAO DE AUTO PECAS LT;RODOVIARIO;1541575;14/07/2026;1;352021;14/07/2026;CAOA MOTOR DO BRASIL LTDA;1,68E+13;TAUBATE;SP;14/07/2026;17/07/2026;15/07/2026;Entregue No Prazo;;Entrega realizada;Entrega Finalizada;17;7;14;7;XD DIADEMA;5008;;;
MOBIS BRASIL FABRICACAO DE AUTO PECAS LT;RODOVIARIO;1541524;14/07/2026;1;352062;14/07/2026;BARI VEICULOS LTDA;7,46E+12;SAO JOSE DOS PINHAIS;PR;14/07/2026;20/07/2026;15/07/2026;Entregue No Prazo;;Entrega realizada;Entrega Finalizada;20;7;14;7;TRANSTRY;18024;;;
MOBIS BRASIL FABRICACAO DE AUTO PECAS LT;RODOVIARIO;1541569;14/07/2026;2;352051;14/07/2026;H R B COMERCIO DE VEICULOS LTDA;1,82E+13;SAO JOSE DO RIO PRETO;SP;14/07/2026;20/07/2026;15/07/2026;Entregue No Prazo;;Entrega realizada;Entrega Finalizada;20;7;14;7;MVT;26050;;;
MOBIS BRASIL FABRICACAO DE AUTO PECAS LT;RODOVIARIO;1541528;14/07/2026;1;352129;14/07/2026;VIA VR VEICULOS LTDA;1,73E+13;VOLTA REDONDA;RJ;14/07/2026;21/07/2026;15/07/2026;Entregue No Prazo;;Entrega realizada;Entrega Finalizada;21;7;14;7;CAMILO;19016;;;
MOBIS BRASIL FABRICACAO DE AUTO PECAS LT;RODOVIARIO;1541529;14/07/2026;1;352129;14/07/2026;VIA VR VEICULOS LTDA;1,73E+13;VOLTA REDONDA;RJ;14/07/2026;21/07/2026;15/07/2026;Entregue No Prazo;;Entrega realizada;Entrega Finalizada;21;7;14;7;CAMILO;19016;;;
MOBIS BRASIL FABRICACAO DE AUTO PECAS LT;RODOVIARIO;1540846;13/07/2026;1;352519;15/07/2026;BILLY DISTRIBUIDORA DE VEICULOS LTDA;1,34E+13;SAO CAETANO DO SUL;SP;15/07/2026;17/07/2026;15/07/2026;Entregue No Prazo;;Entrega realizada;Entrega Finalizada;17;7;15;7;BV LOG;26003;;;
MOBIS BRASIL FABRICACAO DE AUTO PECAS LT;RODOVIARIO;1541566;14/07/2026;43;352519;15/07/2026;BILLY DISTRIBUIDORA DE VEICULOS LTDA;1,34E+13;SAO CAETANO DO SUL;SP;15/07/2026;17/07/2026;15/07/2026;Entregue No Prazo;;Entrega realizada;Entrega Finalizada;17;7;15;7;BV LOG;26003;;;
MOBIS BRASIL FABRICACAO DE AUTO PECAS LT;RODOVIARIO;1541567;14/07/2026;120;352519;15/07/2026;BILLY DISTRIBUIDORA DE VEICULOS LTDA;1,34E+13;SAO CAETANO DO SUL;SP;15/07/2026;17/07/2026;15/07/2026;Entregue No Prazo;;Entrega realizada;Entrega Finalizada;17;7;15;7;BV LOG;26003;;;
MOBIS BRASIL FABRICACAO DE AUTO PECAS LT;RODOVIARIO;1540844;13/07/2026;1;352520;15/07/2026;ANDRETA II DISTRIBUIDORA DE VEIC. LTDA;9,10E+12;CAMPINAS;SP;15/07/2026;20/07/2026;15/07/2026;Entregue No Prazo;;Entrega realizada;Entrega Finalizada;20;7;15;7;BV LOG;26011;;;
MOBIS BRASIL FABRICACAO DE AUTO PECAS LT;RODOVIARIO;1541559;14/07/2026;95;352520;15/07/2026;ANDRETA II DISTRIBUIDORA DE VEIC. LTDA;9,10E+12;CAMPINAS;SP;15/07/2026;20/07/2026;15/07/2026;Entregue No Prazo;;Entrega realizada;Entrega Finalizada;20;7;15;7;BV LOG;26011;;;
MOBIS BRASIL FABRICACAO DE AUTO PECAS LT;RODOVIARIO;1542400;15/07/2026;11;352520;15/07/2026;ANDRETA II DISTRIBUIDORA DE VEIC. LTDA;9,10E+12;CAMPINAS;SP;15/07/2026;20/07/2026;15/07/2026;Entregue No Prazo;;Entrega realizada;Entrega Finalizada;20;7;15;7;BV LOG;26011;;;
MOBIS BRASIL FABRICACAO DE AUTO PECAS LT;RODOVIARIO;1530401;23/06/2026;1;348806;23/06/2026;URCA MOTORS VEICULOS LTDA;8,77E+12;UBERABA;MG;23/06/2026;29/06/2026;16/07/2026;Entregue Fora do Prazo;;Entrega realizada;Entrega Finalizada;29;6;23;6;CAMILO;9014;;;
MOBIS BRASIL FABRICACAO DE AUTO PECAS LT;RODOVIARIO;1531299;24/06/2026;3;349033;24/06/2026;URCA MOTORS VEICULOS LTDA;8,77E+12;UBERABA;MG;24/06/2026;30/06/2026;16/07/2026;Entregue Fora do Prazo;;Entrega realizada;Entrega Finalizada;30;6;24;6;CAMILO;9014;;;
MOBIS BRASIL FABRICACAO DE AUTO PECAS LT;RODOVIARIO;1531301;24/06/2026;6;349028;24/06/2026;GNC GRANDE COREIA MINAS GERAIS COMERCIO;4,27E+13;MONTES CLAROS;MG;24/06/2026;01/07/2026;16/07/2026;Entregue Fora do Prazo;;Entrega realizada;Entrega Finalizada;1;7;24;6;CAMILO;11035;;;
MOBIS BRASIL FABRICACAO DE AUTO PECAS LT;RODOVIARIO;1531796;25/06/2026;2;349254;25/06/2026;URCA MOTORS VEICULOS LTDA;8,77E+12;UBERLANDIA;MG;25/06/2026;01/07/2026;16/07/2026;Entregue Fora do Prazo;;Entrega realizada;Entrega Finalizada;1;7;25;6;CAMILO;9014;;;
MOBIS BRASIL FABRICACAO DE AUTO PECAS LT;RODOVIARIO;1531803;25/06/2026;5;349238;25/06/2026;GNC GRANDE COREIA MINAS GERAIS COMERCIO;4,27E+13;MONTES CLAROS;MG;25/06/2026;02/07/2026;16/07/2026;Entregue Fora do Prazo;;Entrega realizada;Entrega Finalizada;2;7;25;6;CAMILO;11035;Independência da Bahia;Estadual;BA
MOBIS BRASIL FABRICACAO DE AUTO PECAS LT;RODOVIARIO;1532382;26/06/2026;9;349498;26/06/2026;URCA MOTORS VEICULOS LTDA;8,77E+12;UBERLANDIA;MG;26/06/2026;02/07/2026;16/07/2026;Entregue Fora do Prazo;;Entrega realizada;Entrega Finalizada;2;7;26;6;CAMILO;9014;Independência da Bahia;Estadual;BA
MOBIS BRASIL FABRICACAO DE AUTO PECAS LT;RODOVIARIO;1532384;26/06/2026;1;349499;26/06/2026;URCA MOTORS VEICULOS LTDA;8,77E+12;UBERABA;MG;26/06/2026;02/07/2026;16/07/2026;Entregue Fora do Prazo;;Entrega realizada;Entrega Finalizada;2;7;26;6;CAMILO;9014;Independência da Bahia;Estadual;BA
MOBIS BRASIL FABRICACAO DE AUTO PECAS LT;RODOVIARIO;1532389;26/06/2026;1;349488;26/06/2026;GNC GRANDE COREIA MINAS GERAIS COMERCIO;4,27E+13;MONTES CLAROS;MG;26/06/2026;03/07/2026;16/07/2026;Entregue Fora do Prazo;;Entrega realizada;Entrega Finalizada;3;7;26;6;CAMILO;11035;;;
MOBIS BRASIL FABRICACAO DE AUTO PECAS LT;RODOVIARIO;1533680;27/06/2026;3;349781;29/06/2026;URCA MOTORS VEICULOS LTDA;8,77E+12;UBERLANDIA;MG;29/06/2026;03/07/2026;16/07/2026;Entregue Fora do Prazo;;Entrega realizada;Entrega Finalizada;3;7;29;6;CAMILO;9014;;;
MOBIS BRASIL FABRICACAO DE AUTO PECAS LT;RODOVIARIO;1534492;30/06/2026;2;349901;30/06/2026;URCA MOTORS VEICULOS LTDA;8,77E+12;UBERABA;MG;30/06/2026;06/07/2026;16/07/2026;Entregue Fora do Prazo;;Entrega realizada;Entrega Finalizada;6;7;30;6;CAMILO;9014;;;
MOBIS BRASIL FABRICACAO DE AUTO PECAS LT;RODOVIARIO;1534263;30/06/2026;7;349887;30/06/2026;GNC GRANDE COREIA MINAS GERAIS COMERCIO;4,27E+13;MONTES CLAROS;MG;30/06/2026;07/07/2026;16/07/2026;Entregue Fora do Prazo;;Entrega realizada;Entrega Finalizada;7;7;30;6;CAMILO;11035;;;
MOBIS BRASIL FABRICACAO DE AUTO PECAS LT;RODOVIARIO;1534264;30/06/2026;10;349887;30/06/2026;GNC GRANDE COREIA MINAS GERAIS COMERCIO;4,27E+13;MONTES CLAROS;MG;30/06/2026;07/07/2026;16/07/2026;Entregue Fora do Prazo;;Entrega realizada;Entrega Finalizada;7;7;30;6;CAMILO;11035;;;
MOBIS BRASIL FABRICACAO DE AUTO PECAS LT;RODOVIARIO;1534495;30/06/2026;1;349887;30/06/2026;GNC GRANDE COREIA MINAS GERAIS COMERCIO;4,27E+13;MONTES CLAROS;MG;30/06/2026;07/07/2026;16/07/2026;Entregue Fora do Prazo;;Entrega realizada;Entrega Finalizada;7;7;30;6;CAMILO;11035;;;
MOBIS BRASIL FABRICACAO DE AUTO PECAS LT;RODOVIARIO;1534496;30/06/2026;3;349887;30/06/2026;GNC GRANDE COREIA MINAS GERAIS COMERCIO;4,27E+13;MONTES CLAROS;MG;30/06/2026;07/07/2026;16/07/2026;Entregue Fora do Prazo;;Entrega realizada;Entrega Finalizada;7;7;30;6;CAMILO;11035;;;
MOBIS BRASIL FABRICACAO DE AUTO PECAS LT;RODOVIARIO;1535579;02/07/2026;2;350353;02/07/2026;GNC GRANDE COREIA MINAS GERAIS COMERCIO;4,27E+13;MONTES CLAROS;MG;02/07/2026;09/07/2026;16/07/2026;Entregue Fora do Prazo;;Entrega realizada;Entrega Finalizada;9;7;2;7;CAMILO;11035;Revolução Constitucionalista de 1932;Estadual;SP
MOBIS BRASIL FABRICACAO DE AUTO PECAS LT;RODOVIARIO;1536908;06/07/2026;1;350957;06/07/2026;NISA COMERCIAL DE VEIC. AUTOMOTORES LTDA;1,03E+13;APARECIDA DE GOIANIA;GO;06/07/2026;14/07/2026;16/07/2026;Entregue Fora do Prazo;Falta de 01 volume;Entrega realizada;Entrega Finalizada;14;7;6;7;RIO VERMELHO;9002;Aniversário do Município;Campinas;SP
MOBIS BRASIL FABRICACAO DE AUTO PECAS LT;RODOVIARIO;1536909;06/07/2026;11;350957;06/07/2026;NISA COMERCIAL DE VEIC. AUTOMOTORES LTDA;1,03E+13;APARECIDA DE GOIANIA;GO;06/07/2026;14/07/2026;16/07/2026;Entregue Fora do Prazo;Falta de 01 volume;Entrega realizada;Entrega Finalizada;14;7;6;7;RIO VERMELHO;9002;Aniversário do Município;Campinas;SP
MOBIS BRASIL FABRICACAO DE AUTO PECAS LT;RODOVIARIO;1537442;06/07/2026;4;351066;06/07/2026;SEVEL VEICULOS LTDA;1,07E+13;ARACAJU;SE;06/07/2026;17/07/2026;16/07/2026;Entregue No Prazo;;Entrega realizada;Entrega Finalizada;17;7;6;7;TERMACO;25001;;;
MOBIS BRASIL FABRICACAO DE AUTO PECAS LT;RODOVIARIO;1536897;06/07/2026;1;351049;06/07/2026;CYCOSA AUTOMOVEIS LTDA;4,76E+12;MACEIO;AL;06/07/2026;20/07/2026;16/07/2026;Entregue No Prazo;;Entrega realizada;Entrega Finalizada;20;7;6;7;CARVALIMA;2001;;;
MOBIS BRASIL FABRICACAO DE AUTO PECAS LT;RODOVIARIO;1536926;06/07/2026;1;351055;06/07/2026;JPN COMERCIO DE AUTOMOVEIS LTDA;2,61E+13;GARANHUNS;PE;06/07/2026;22/07/2026;16/07/2026;Entregue No Prazo;;Entrega realizada;Entrega Finalizada;22;7;6;7;TERMACO;16009;;;
MOBIS BRASIL FABRICACAO DE AUTO PECAS LT;RODOVIARIO;1537624;07/07/2026;1;351139;07/07/2026;MOTONET COMERCIO DE VEICULOS LTDA;9,28E+12;SOROCABA;SP;07/07/2026;10/07/2026;16/07/2026;Entregue Fora do Prazo;;Entrega realizada;Entrega Finalizada;10;7;7;7;MVT;26113;;;
MOBIS BRASIL FABRICACAO DE AUTO PECAS LT;RODOVIARIO;1537554;07/07/2026;2;351173;07/07/2026;FAZZA MOTORS COMERCIO DE VEICULOS LTDA;1,24E+13;SALVADOR;BA;07/07/2026;17/07/2026;16/07/2026;Entregue No Prazo;;Entrega realizada;Entrega Finalizada;17;7;7;7;TERMACO;5007;;;
MOBIS BRASIL FABRICACAO DE AUTO PECAS LT;RODOVIARIO;1537555;07/07/2026;3;351173;07/07/2026;FAZZA MOTORS COMERCIO DE VEICULOS LTDA;1,24E+13;SALVADOR;BA;07/07/2026;17/07/2026;16/07/2026;Entregue No Prazo;;Entrega realizada;Entrega Finalizada;17;7;7;7;TERMACO;5007;;;
MOBIS BRASIL FABRICACAO DE AUTO PECAS LT;RODOVIARIO;1537619;07/07/2026;6;351188;07/07/2026;SAINT LAND COMERCIO DE VEICULOS LTDA;1,04E+13;ARACAJU;SE;07/07/2026;20/07/2026;16/07/2026;Entregue No Prazo;;Entrega realizada;Entrega Finalizada;20;7;7;7;TERMACO;6010;;;
MOBIS BRASIL FABRICACAO DE AUTO PECAS LT;RODOVIARIO;1537548;07/07/2026;2;351171;07/07/2026;CYCOSA AUTOMOVEIS LTDA;4,76E+12;MACEIO;AL;07/07/2026;21/07/2026;16/07/2026;Entregue No Prazo;;Entrega realizada;Entrega Finalizada;21;7;7;7;TERMACO;2001;;;
MOBIS BRASIL FABRICACAO DE AUTO PECAS LT;RODOVIARIO;1537598;07/07/2026;4;351189;07/07/2026;SAINT LAND COMERCIO DE VEICULOS LTDA;1,04E+13;NATAL;RN;07/07/2026;22/07/2026;16/07/2026;Entregue No Prazo;;Entrega realizada;Entrega Finalizada;22;7;7;7;TERMACO;6010;;;
MOBIS BRASIL FABRICACAO DE AUTO PECAS LT;RODOVIARIO;1537583;07/07/2026;4;351164;07/07/2026;AUTORAC VEICULOS LTDA;1,06E+13;CARUARU;PE;07/07/2026;23/07/2026;16/07/2026;Entregue No Prazo;;Entrega realizada;Entrega Finalizada;23;7;7;7;TERMACO;16001;;;
MOBIS BRASIL FABRICACAO DE AUTO PECAS LT;RODOVIARIO;1537599;07/07/2026;1;351170;07/07/2026;COMETA JI PARANA COM. DE VEIC. LTDA;4,23E+12;JIPARANA;RO;07/07/2026;24/07/2026;16/07/2026;Entregue No Prazo;;Entrega realizada;Entrega Finalizada;24;7;7;7;CARVALIMA;21002;;;
MOBIS BRASIL FABRICACAO DE AUTO PECAS LT;RODOVIARIO;1539437;09/07/2026;3;351514;09/07/2026;CAOA MOTOR DO BRASIL LTDA(RAP. TAVARES);1,68E+13;SAO PAULO;SP;09/07/2026;13/07/2026;16/07/2026;Entregue Fora do Prazo;;Entrega realizada;Entrega Finalizada;13;7;9;7;XD DIADEMA;26109;;;
MOBIS BRASIL FABRICACAO DE AUTO PECAS LT;RODOVIARIO;1539356;09/07/2026;2;351619;09/07/2026;IMOTORS VEICULOS LTDA;7,17E+12;JUIZ DE FORA;MG;09/07/2026;15/07/2026;16/07/2026;Entregue Fora do Prazo;;Entrega realizada;Entrega Finalizada;15;7;9;7;CAMILO;11010;;;
MOBIS BRASIL FABRICACAO DE AUTO PECAS LT;RODOVIARIO;1538424;08/07/2026;2;351320;08/07/2026;SMAFF IMPORT VEICULOS LTDA;8,18E+12;BRASILIA;DF;08/07/2026;16/07/2026;16/07/2026;Entregue No Prazo;;Entrega realizada;Entrega Finalizada;16;7;8;7;RIO VERMELHO;7002;;;
MOBIS BRASIL FABRICACAO DE AUTO PECAS LT;RODOVIARIO;1539389;09/07/2026;1;351623;09/07/2026;MONTREAL VEICULOS E PECAS LTDA;1,68E+13;MACAE;RJ;09/07/2026;16/07/2026;16/07/2026;Entregue No Prazo;;Entrega realizada;Entrega Finalizada;16;7;9;7;CAMILO;19030;;;
MOBIS BRASIL FABRICACAO DE AUTO PECAS LT;RODOVIARIO;1539343;09/07/2026;5;351525;09/07/2026;SMAFF IMPORT VEICULOS LTDA;8,18E+12;BRASILIA;DF;09/07/2026;17/07/2026;16/07/2026;Entregue No Prazo;;Entrega realizada;Entrega Finalizada;17;7;9;7;RIO VERMELHO;7002;;;
MOBIS BRASIL FABRICACAO DE AUTO PECAS LT;RODOVIARIO;1538493;08/07/2026;6;351439;08/07/2026;SAINT LAND COMERCIO DE VEICULOS LTDA;1,04E+13;ARACAJU;SE;08/07/2026;21/07/2026;16/07/2026;Entregue No Prazo;;Entrega realizada;Entrega Finalizada;21;7;8;7;TERMACO;6010;;;
MOBIS BRASIL FABRICACAO DE AUTO PECAS LT;RODOVIARIO;1539366;09/07/2026;2;351610;09/07/2026;COMETA MATO GROSSO COM. DE VEICULOS LTDA;1,54E+13;SINOP;MT;09/07/2026;21/07/2026;16/07/2026;Entregue No Prazo;;Entrega realizada;Entrega Finalizada;21;7;9;7;CARVALIMA;13003;;;
MOBIS BRASIL FABRICACAO DE AUTO PECAS LT;RODOVIARIO;1539394;09/07/2026;2;351632;09/07/2026;SAGA ASIA COM. DE VEIC.PC.E SERV. LTDA;2,14E+13;PORTO VELHO;RO;09/07/2026;21/07/2026;16/07/2026;Entregue No Prazo;;Entrega realizada;Entrega Finalizada;21;7;9;7;CARVALIMA;21003;;;
MOBIS BRASIL FABRICACAO DE AUTO PECAS LT;RODOVIARIO;1538420;08/07/2026;6;351420;08/07/2026;CYCOSA AUTOMOVEIS LTDA;4,76E+12;MACEIO;AL;08/07/2026;22/07/2026;16/07/2026;Entregue No Prazo;;Entrega realizada;Entrega Finalizada;22;7;8;7;TERMACO;2001;;;
MOBIS BRASIL FABRICACAO DE AUTO PECAS LT;RODOVIARIO;1539337;09/07/2026;2;351613;09/07/2026;CYCOSA AUTOMOVEIS LTDA;4,76E+12;MACEIO;AL;09/07/2026;23/07/2026;16/07/2026;Entregue No Prazo;;Entrega realizada;Entrega Finalizada;23;7;9;7;TERMACO;2001;;;
MOBIS BRASIL FABRICACAO DE AUTO PECAS LT;RODOVIARIO;1539393;09/07/2026;2;351609;09/07/2026;COMETA JI PARANA COM. DE VEIC. LTDA;4,23E+12;JIPARANA;RO;09/07/2026;28/07/2026;16/07/2026;Entregue No Prazo;;Entrega realizada;Entrega Finalizada;28;7;9;7;CARVALIMA;21002;Adesão do Maranhão à Independência do Brasil;Estadual;MA
MOBIS BRASIL FABRICACAO DE AUTO PECAS LT;RODOVIARIO;1540125;10/07/2026;2;351707;10/07/2026;MOTONET COMERCIO DE VEICULOS LTDA;9,28E+12;SOROCABA;SP;10/07/2026;15/07/2026;16/07/2026;Entregue Fora do Prazo;;Entrega realizada;Entrega Finalizada;15;7;10;7;MVT;26113;;;
MOBIS BRASIL FABRICACAO DE AUTO PECAS LT;RODOVIARIO;1540478;10/07/2026;28;351671;10/07/2026;TAI MOTORS VEICULOS S/A;9,27E+12;BELO HORIZONTE;MG;10/07/2026;15/07/2026;16/07/2026;Entregue Fora do Prazo;;Entrega realizada;Entrega Finalizada;15;7;10;7;XD BETIM;8002;;;
MOBIS BRASIL FABRICACAO DE AUTO PECAS LT;RODOVIARIO;1540062;10/07/2026;1;351749;10/07/2026;TECAR TRILHASAUTOMOVEIS E SERVICOS ;2,32E+13;SETE LAGOAS;MG;10/07/2026;16/07/2026;16/07/2026;Entregue No Prazo;;Entrega realizada;Entrega Finalizada;16;7;10;7;CAMILO;#N/D;;;
MOBIS BRASIL FABRICACAO DE AUTO PECAS LT;RODOVIARIO;1540082;10/07/2026;1;351692;10/07/2026;LOVAT VEICULOS S/A;8,57E+12;MARINGA;PR;10/07/2026;16/07/2026;16/07/2026;Entregue No Prazo;;Entrega realizada;Entrega Finalizada;16;7;10;7;TRANSTRY;18008;;;
MOBIS BRASIL FABRICACAO DE AUTO PECAS LT;RODOVIARIO;1540083;10/07/2026;3;351692;10/07/2026;LOVAT VEICULOS S/A;8,57E+12;MARINGA;PR;10/07/2026;16/07/2026;16/07/2026;Entregue No Prazo;;Entrega realizada;Entrega Finalizada;16;7;10;7;TRANSTRY;18008;;;
MOBIS BRASIL FABRICACAO DE AUTO PECAS LT;RODOVIARIO;1540087;10/07/2026;2;351678;10/07/2026;BARI VEICULOS LTDA;7,46E+12;GUARAPUAVA;PR;10/07/2026;16/07/2026;16/07/2026;Entregue No Prazo;;Entrega realizada;Entrega Finalizada;16;7;10;7;TRANSTRY;18024;;;
MOBIS BRASIL FABRICACAO DE AUTO PECAS LT;RODOVIARIO;1540103;10/07/2026;1;351684;10/07/2026;CARWAY SUL VEICULOS LTDA;1,03E+13;PORTO ALEGRE;RS;10/07/2026;16/07/2026;16/07/2026;Entregue No Prazo;;Entrega realizada;Entrega Finalizada;16;7;10;7;TRANSTRY;23003;;;
MOBIS BRASIL FABRICACAO DE AUTO PECAS LT;RODOVIARIO;1540104;10/07/2026;4;351690;10/07/2026;HOUSE PARTS-COM. DE PCS. E VEICULOS LTDA;1,15E+13;PORTO ALEGRE;RS;10/07/2026;16/07/2026;16/07/2026;Entregue No Prazo;;Entrega realizada;Entrega Finalizada;16;7;10;7;TRANSTRY;23004;;;
MOBIS BRASIL FABRICACAO DE AUTO PECAS LT;RODOVIARIO;1540105;10/07/2026;2;351683;10/07/2026;CARWAY SUL VEICULOS LTDA;1,03E+13;CANOAS;RS;10/07/2026;16/07/2026;16/07/2026;Entregue No Prazo;;Entrega realizada;Entrega Finalizada;16;7;10;7;TRANSTRY;23003;;;
MOBIS BRASIL FABRICACAO DE AUTO PECAS LT;RODOVIARIO;1540058;10/07/2026;5;351724;10/07/2026;GNC GRANDE COREIA MINAS GERAIS COMERCIO;4,27E+13;MONTES CLAROS;MG;10/07/2026;17/07/2026;16/07/2026;Entregue No Prazo;;Entrega realizada;Entrega Finalizada;17;7;10;7;CAMILO;11035;;;
MOBIS BRASIL FABRICACAO DE AUTO PECAS LT;RODOVIARIO;1540059;10/07/2026;1;351724;10/07/2026;GNC GRANDE COREIA MINAS GERAIS COMERCIO;4,27E+13;MONTES CLAROS;MG;10/07/2026;17/07/2026;16/07/2026;Entregue No Prazo;;Entrega realizada;Entrega Finalizada;17;7;10;7;CAMILO;11035;;;
MOBIS BRASIL FABRICACAO DE AUTO PECAS LT;RODOVIARIO;1540108;10/07/2026;1;351688;10/07/2026;GAMBATTO H1 VEICULOS LTDA;1,94E+13;PASSO FUNDO;RS;10/07/2026;17/07/2026;16/07/2026;Entregue No Prazo;;Entrega realizada;Entrega Finalizada;17;7;10;7;TRANSTRY;23015;;;
MOBIS BRASIL FABRICACAO DE AUTO PECAS LT;RODOVIARIO;1540110;10/07/2026;10;351675;10/07/2026;ATUAL VEICULOS LTDA;1,33E+13;ARARANGUA;SC;10/07/2026;17/07/2026;16/07/2026;Entregue No Prazo;;Entrega realizada;Entrega Finalizada;17;7;10;7;TRANSTRY;24001;;;
MOBIS BRASIL FABRICACAO DE AUTO PECAS LT;RODOVIARIO;1540111;10/07/2026;1;351674;10/07/2026;ATUAL VEICULOS LTDA;1,33E+13;CRICIUMA;SC;10/07/2026;17/07/2026;16/07/2026;Entregue No Prazo;;Entrega realizada;Entrega Finalizada;17;7;10;7;TRANSTRY;24001;;;
MOBIS BRASIL FABRICACAO DE AUTO PECAS LT;RODOVIARIO;1540112;10/07/2026;2;351673;10/07/2026;ATUAL VEICULOS LTDA;1,33E+13;TUBARAO;SC;10/07/2026;17/07/2026;16/07/2026;Entregue No Prazo;;Entrega realizada;Entrega Finalizada;17;7;10;7;TRANSTRY;24001;;;
MOBIS BRASIL FABRICACAO DE AUTO PECAS LT;RODOVIARIO;1540114;10/07/2026;19;351680;10/07/2026;BARI VEICULOS LTDA;7,46E+12;BLUMENAU;SC;10/07/2026;17/07/2026;16/07/2026;Entregue No Prazo;;Entrega realizada;Entrega Finalizada;17;7;10;7;TRANSTRY;18024;;;
MOBIS BRASIL FABRICACAO DE AUTO PECAS LT;RODOVIARIO;1540037;10/07/2026;4;351670;10/07/2026;SMAFF IMPORT VEICULOS LTDA;8,18E+12;BRASILIA;DF;10/07/2026;20/07/2026;16/07/2026;Entregue No Prazo;;Entrega realizada;Entrega Finalizada;20;7;10;7;RIO VERMELHO;7002;;;
MOBIS BRASIL FABRICACAO DE AUTO PECAS LT;RODOVIARIO;1540109;10/07/2026;4;351685;10/07/2026;CHINHAN AUTOMOVEIS LTDA;2,41E+13;ERECHIM;RS;10/07/2026;20/07/2026;16/07/2026;Entregue No Prazo;;Entrega realizada;Entrega Finalizada;20;7;10;7;TRANSTRY;23019;;;
MOBIS BRASIL FABRICACAO DE AUTO PECAS LT;RODOVIARIO;1540116;10/07/2026;9;351686;10/07/2026;CHINHAN AUTOMOVEIS LTDA.;2,41E+13;CACADOR;SC;10/07/2026;21/07/2026;16/07/2026;Entregue No Prazo;;Entrega realizada;Entrega Finalizada;21;7;10;7;TRANSTRY;24020;;;
MOBIS BRASIL FABRICACAO DE AUTO PECAS LT;RODOVIARIO;1540049;10/07/2026;3;351672;10/07/2026;URCA MOTORS VEICULOS LTDA;8,77E+12;RIO VERDE;GO;10/07/2026;22/07/2026;16/07/2026;Entregue No Prazo;;Entrega realizada;Entrega Finalizada;22;7;10;7;RIO VERMELHO;9014;;;
MOBIS BRASIL FABRICACAO DE AUTO PECAS LT;RODOVIARIO;1540068;10/07/2026;1;351720;10/07/2026;COMETA MATO GROSSO COM. DE VEICULOS LTDA;1,54E+13;SINOP;MT;10/07/2026;22/07/2026;16/07/2026;Entregue No Prazo;;Entrega realizada;Entrega Finalizada;22;7;10;7;CARVALIMA;13003;;;
MOBIS BRASIL FABRICACAO DE AUTO PECAS LT;RODOVIARIO;1540069;10/07/2026;2;351720;10/07/2026;COMETA MATO GROSSO COM. DE VEICULOS LTDA;1,54E+13;SINOP;MT;10/07/2026;22/07/2026;16/07/2026;Entregue No Prazo;;Entrega realizada;Entrega Finalizada;22;7;10;7;CARVALIMA;13003;;;
MOBIS BRASIL FABRICACAO DE AUTO PECAS LT;RODOVIARIO;1540047;10/07/2026;2;351667;10/07/2026;SAGA KOREA COM. DE VEIC. E PC. LTDA;1,27E+13;ANAPOLIS;GO;10/07/2026;23/07/2026;16/07/2026;Entregue No Prazo;;Entrega realizada;Entrega Finalizada;23;7;10;7;RIO VERMELHO;9012;;;
MOBIS BRASIL FABRICACAO DE AUTO PECAS LT;RODOVIARIO;1540117;10/07/2026;1;351745;10/07/2026;SAINT LAND COMERCIO DE VEICULOS LTDA;1,04E+13;ARACAJU;SE;10/07/2026;23/07/2026;16/07/2026;Entregue No Prazo;;Entrega realizada;Entrega Finalizada;23;7;10;7;TERMACO;6010;;;
MOBIS BRASIL FABRICACAO DE AUTO PECAS LT;RODOVIARIO;1540024;10/07/2026;4;351721;10/07/2026;CYCOSA AUTOMOVEIS LTDA;4,76E+12;MACEIO;AL;10/07/2026;24/07/2026;16/07/2026;Entregue No Prazo;;Entrega realizada;Entrega Finalizada;24;7;10;7;TERMACO;2001;;;
MOBIS BRASIL FABRICACAO DE AUTO PECAS LT;RODOVIARIO;1540031;10/07/2026;3;351736;10/07/2026;PATEO COMERCIO DE VEICULOS S A;7,78E+12;FEIRA DE SANTANA;BA;10/07/2026;27/07/2026;16/07/2026;Entregue No Prazo;;Entrega realizada;Entrega Finalizada;27;7;10;7;TERMACO;5009;;;
MOBIS BRASIL FABRICACAO DE AUTO PECAS LT;RODOVIARIO;1540074;10/07/2026;1;351735;10/07/2026;NACIONAL NOVA MARABA DIST DE VEIC. LTDA;1,70E+13;PARAUAPEBAS;PA;10/07/2026;28/07/2026;16/07/2026;Entregue No Prazo;;Entrega realizada;Entrega Finalizada;28;7;10;7;CARVALIMA;14010;Adesão do Maranhão à Independência do Brasil;Estadual;MA
MOBIS BRASIL FABRICACAO DE AUTO PECAS LT;RODOVIARIO;1540102;10/07/2026;1;351717;10/07/2026;COMETA JI PARANA COM. DE VEIC. LTDA;4,23E+12;JIPARANA;RO;10/07/2026;29/07/2026;16/07/2026;Entregue No Prazo;;Entrega realizada;Entrega Finalizada;29;7;10;7;CARVALIMA;21002;;;
MOBIS BRASIL FABRICACAO DE AUTO PECAS LT;RODOVIARIO;1541329;13/07/2026;29;351823;13/07/2026;TAI MOTORS VEICULOS S/A;9,27E+12;BELO HORIZONTE;MG;13/07/2026;16/07/2026;16/07/2026;Entregue No Prazo;;Entrega realizada;Entrega Finalizada;16;7;13;7;XD BETIM;8002;;;
MOBIS BRASIL FABRICACAO DE AUTO PECAS LT;RODOVIARIO;1540808;13/07/2026;9;351844;13/07/2026;LOVAT VEICULOS S/A;8,57E+12;MARINGA;PR;13/07/2026;17/07/2026;16/07/2026;Entregue No Prazo;;Entrega realizada;Entrega Finalizada;17;7;13;7;TRANSTRY;18008;;;
MOBIS BRASIL FABRICACAO DE AUTO PECAS LT;RODOVIARIO;1540810;13/07/2026;2;351851;13/07/2026;VETOR AUTOMOVEIS LTDA;2,12E+13;CASCAVEL;PR;13/07/2026;17/07/2026;16/07/2026;Entregue No Prazo;;Entrega realizada;Entrega Finalizada;17;7;13;7;TRANSTRY;18019;;;
MOBIS BRASIL FABRICACAO DE AUTO PECAS LT;RODOVIARIO;1540835;13/07/2026;4;351835;13/07/2026;BARI VEICULOS LTDA.;7,46E+12;JOINVILLE;SC;13/07/2026;17/07/2026;16/07/2026;Entregue No Prazo;;Entrega realizada;Entrega Finalizada;17;7;13;7;TRANSTRY;24013;;;
MOBIS BRASIL FABRICACAO DE AUTO PECAS LT;RODOVIARIO;1540813;13/07/2026;2;351850;13/07/2026;VETOR AUTOMOVEIS LTDA;2,12E+13;FOZ DO IGUACU;PR;13/07/2026;20/07/2026;16/07/2026;Entregue No Prazo;;Entrega realizada;Entrega Finalizada;20;7;13;7;TRANSTRY;18019;;;
MOBIS BRASIL FABRICACAO DE AUTO PECAS LT;RODOVIARIO;1540819;13/07/2026;1;351863;13/07/2026;MONTREAL VEICULOS E PECAS LTDA;1,68E+13;SAO PEDRO DA ALDEIA;RJ;13/07/2026;20/07/2026;16/07/2026;Entregue No Prazo;;Entrega realizada;Entrega Finalizada;20;7;13;7;CAMILO;19030;;;
MOBIS BRASIL FABRICACAO DE AUTO PECAS LT;RODOVIARIO;1540827;13/07/2026;2;351829;13/07/2026;ATUAL VEICULOS LTDA;1,33E+13;ARARANGUA;SC;13/07/2026;20/07/2026;16/07/2026;Entregue No Prazo;;Entrega realizada;Entrega Finalizada;20;7;13;7;TRANSTRY;24001;;;
MOBIS BRASIL FABRICACAO DE AUTO PECAS LT;RODOVIARIO;1540828;13/07/2026;2;351828;13/07/2026;ATUAL VEICULOS LTDA;1,33E+13;CRICIUMA;SC;13/07/2026;20/07/2026;16/07/2026;Entregue No Prazo;;Entrega realizada;Entrega Finalizada;20;7;13;7;TRANSTRY;24001;;;
MOBIS BRASIL FABRICACAO DE AUTO PECAS LT;RODOVIARIO;1540829;13/07/2026;9;351827;13/07/2026;ATUAL VEICULOS LTDA;1,33E+13;TUBARAO;SC;13/07/2026;20/07/2026;16/07/2026;Entregue No Prazo;;Entrega realizada;Entrega Finalizada;20;7;13;7;TRANSTRY;24001;;;
MOBIS BRASIL FABRICACAO DE AUTO PECAS LT;RODOVIARIO;1540833;13/07/2026;1;351833;13/07/2026;BARI VEICULOS LTDA;7,46E+12;BLUMENAU;SC;13/07/2026;20/07/2026;16/07/2026;Entregue No Prazo;;Entrega realizada;Entrega Finalizada;20;7;13;7;TRANSTRY;18024;;;
MOBIS BRASIL FABRICACAO DE AUTO PECAS LT;RODOVIARIO;1540834;13/07/2026;7;351833;13/07/2026;BARI VEICULOS LTDA;7,46E+12;BLUMENAU;SC;13/07/2026;20/07/2026;16/07/2026;Entregue No Prazo;;Entrega realizada;Entrega Finalizada;20;7;13;7;TRANSTRY;18024;;;
MOBIS BRASIL FABRICACAO DE AUTO PECAS LT;RODOVIARIO;1540839;13/07/2026;2;351848;13/07/2026;PONTO CERTO COMERCIO DE VEICULOS LTDA;1,50E+13;LAGES;SC;13/07/2026;20/07/2026;16/07/2026;Entregue No Prazo;;Entrega realizada;Entrega Finalizada;20;7;13;7;TRANSTRY;24017;;;
MOBIS BRASIL FABRICACAO DE AUTO PECAS LT;RODOVIARIO;1540782;13/07/2026;1;351822;13/07/2026;SMAFF IMPORT VEICULOS LTDA;8,18E+12;BRASILIA;DF;13/07/2026;21/07/2026;16/07/2026;Entregue No Prazo;;Entrega realizada;Entrega Finalizada;21;7;13;7;RIO VERMELHO;7002;;;
MOBIS BRASIL FABRICACAO DE AUTO PECAS LT;RODOVIARIO;1540786;13/07/2026;3;351817;13/07/2026;NISA COMERCIAL DE VEIC. AUTOMOTORES LTDA;1,03E+13;APARECIDA DE GOIANIA;GO;13/07/2026;21/07/2026;16/07/2026;Entregue No Prazo;;Entrega realizada;Entrega Finalizada;21;7;13;7;RIO VERMELHO;9002;;;
MOBIS BRASIL FABRICACAO DE AUTO PECAS LT;RODOVIARIO;1540787;13/07/2026;2;351816;13/07/2026;NISA COMERCIAL DE VEIC. AUTOMOTORES LTDA;1,03E+13;GOIANIA;GO;13/07/2026;21/07/2026;16/07/2026;Entregue No Prazo;;Entrega realizada;Entrega Finalizada;21;7;13;7;RIO VERMELHO;9013;;;
MOBIS BRASIL FABRICACAO DE AUTO PECAS LT;RODOVIARIO;1540797;13/07/2026;1;351860;13/07/2026;GOLDEN MOTORS VEICULOS LTDA;3,62E+12;DOURADOS;MS;13/07/2026;21/07/2026;16/07/2026;Entregue No Prazo;;Entrega realizada;Entrega Finalizada;21;7;13;7;CARVALIMA;12001;;;
MOBIS BRASIL FABRICACAO DE AUTO PECAS LT;RODOVIARIO;1541327;13/07/2026;1;351821;13/07/2026;SAGA KOREA COM. DE VEIC. E PC. LTDA;1,27E+13;GOIANIA;GO;13/07/2026;21/07/2026;16/07/2026;Entregue No Prazo;;Entrega realizada;Entrega Finalizada;21;7;13;7;RIO VERMELHO;9011;;;
MOBIS BRASIL FABRICACAO DE AUTO PECAS LT;RODOVIARIO;1541328;13/07/2026;1;351821;13/07/2026;SAGA KOREA COM. DE VEIC. E PC. LTDA;1,27E+13;GOIANIA;GO;13/07/2026;21/07/2026;16/07/2026;Entregue No Prazo;;Entrega realizada;Entrega Finalizada;21;7;13;7;RIO VERMELHO;9011;;;
MOBIS BRASIL FABRICACAO DE AUTO PECAS LT;RODOVIARIO;1541356;13/07/2026;99;351820;13/07/2026;SAGA KOREA COM. DE VEIC. E PC. LTDA;1,27E+13;BRASILIA;DF;13/07/2026;21/07/2026;16/07/2026;Entregue No Prazo;;Entrega realizada;Entrega Finalizada;21;7;13;7;RIO VERMELHO;7005;;;
MOBIS BRASIL FABRICACAO DE AUTO PECAS LT;RODOVIARIO;1541358;13/07/2026;70;351820;13/07/2026;SAGA KOREA COM. DE VEIC. E PC. LTDA;1,27E+13;BRASILIA;DF;13/07/2026;21/07/2026;16/07/2026;Entregue No Prazo;;Entrega realizada;Entrega Finalizada;21;7;13;7;RIO VERMELHO;7005;;;
MOBIS BRASIL FABRICACAO DE AUTO PECAS LT;RODOVIARIO;1540840;13/07/2026;3;351839;13/07/2026;CHINHAN AUTOMOVEIS LTDA.;2,41E+13;CACADOR;SC;13/07/2026;22/07/2026;16/07/2026;Entregue No Prazo;;Entrega realizada;Entrega Finalizada;22;7;13;7;TRANSTRY;24020;;;
MOBIS BRASIL FABRICACAO DE AUTO PECAS LT;RODOVIARIO;1541557;14/07/2026;6;352034;14/07/2026;NOBRE DISTRIBUIDORA DE VEIC. E PEC. LTDA;5,76E+12;MOGI DAS CRUZES;SP;14/07/2026;16/07/2026;16/07/2026;Entregue No Prazo;;Entrega realizada;Entrega Finalizada;16;7;14;7;XD DIADEMA;26004;;;
MOBIS BRASIL FABRICACAO DE AUTO PECAS LT;RODOVIARIO;1541562;14/07/2026;3;352030;14/07/2026;GRAND SPORT COM. DE VEIC. E PECAS LTDA;8,58E+12;SAO PAULO;SP;14/07/2026;16/07/2026;16/07/2026;Entregue No Prazo;;Entrega realizada;Entrega Finalizada;16;7;14;7;XD DIADEMA;26034;;;
MOBIS BRASIL FABRICACAO DE AUTO PECAS LT;RODOVIARIO;1541563;14/07/2026;13;352028;14/07/2026;CHS MOTORS VEICULOS PECAS E SERV. LTDA.;1,69E+13;SAO PAULO;SP;14/07/2026;16/07/2026;16/07/2026;Entregue No Prazo;;Entrega realizada;Entrega Finalizada;16;7;14;7;XD DIADEMA;26036;;;
MOBIS BRASIL FABRICACAO DE AUTO PECAS LT;RODOVIARIO;1541570;14/07/2026;2;352024;14/07/2026;CAOA MOTOR DO BRASIL LTDA (IPIRANGA);1,68E+13;SAO PAULO;SP;14/07/2026;16/07/2026;16/07/2026;Entregue No Prazo;;Entrega realizada;Entrega Finalizada;16;7;14;7;XD DIADEMA;26054;;;
MOBIS BRASIL FABRICACAO DE AUTO PECAS LT;RODOVIARIO;1541580;14/07/2026;3;352023;14/07/2026;CAOA MOTOR DO BRASIL LTDA (INDIANOPOLIS);1,68E+13;SAO PAULO;SP;14/07/2026;16/07/2026;16/07/2026;Entregue No Prazo;;Entrega realizada;Entrega Finalizada;16;7;14;7;XD DIADEMA;26091;;;
MOBIS BRASIL FABRICACAO DE AUTO PECAS LT;RODOVIARIO;1541582;14/07/2026;8;352025;14/07/2026;CAOA MOTOR DO BRASIL LTDA(RAP. TAVARES);1,68E+13;SAO PAULO;SP;14/07/2026;16/07/2026;16/07/2026;Entregue No Prazo;;Entrega realizada;Entrega Finalizada;16;7;14;7;XD DIADEMA;26109;;;
MOBIS BRASIL FABRICACAO DE AUTO PECAS LT;RODOVIARIO;1542081;14/07/2026;2;352027;14/07/2026;CHS MOTORS VEICULOS PECAS E SERV. LTDA;1,69E+13;OSASCO;SP;14/07/2026;16/07/2026;16/07/2026;Entregue No Prazo;;Entrega realizada;Entrega Finalizada;16;7;14;7;XD DIADEMA;26106;;;
MOBIS BRASIL FABRICACAO DE AUTO PECAS LT;RODOVIARIO;1542083;14/07/2026;1;352027;14/07/2026;CHS MOTORS VEICULOS PECAS E SERV. LTDA;1,69E+13;OSASCO;SP;14/07/2026;16/07/2026;16/07/2026;Entregue No Prazo;;Entrega realizada;Entrega Finalizada;16;7;14;7;XD DIADEMA;26106;;;
MOBIS BRASIL FABRICACAO DE AUTO PECAS LT;RODOVIARIO;1540845;13/07/2026;2;352054;14/07/2026;NEW VEICULOS E PECAS LTDA;1,59E+13;RIBEIRAO PRETO;SP;14/07/2026;17/07/2026;16/07/2026;Entregue No Prazo;;Entrega realizada;Entrega Finalizada;17;7;14;7;MVT;26014;;;
MOBIS BRASIL FABRICACAO DE AUTO PECAS LT;RODOVIARIO;1541523;14/07/2026;4;352065;14/07/2026;BARI VEICULOS LTDA.;7,46E+12;CURITIBA;PR;14/07/2026;17/07/2026;16/07/2026;Entregue No Prazo;;Entrega realizada;Entrega Finalizada;17;7;14;7;TRANSTRY;18029;;;
MOBIS BRASIL FABRICACAO DE AUTO PECAS LT;RODOVIARIO;1541561;14/07/2026;2;352054;14/07/2026;NEW VEICULOS E PECAS LTDA;1,59E+13;RIBEIRAO PRETO;SP;14/07/2026;17/07/2026;16/07/2026;Entregue No Prazo;;Entrega realizada;Entrega Finalizada;17;7;14;7;MVT;26014;;;
MOBIS BRASIL FABRICACAO DE AUTO PECAS LT;RODOVIARIO;1541564;14/07/2026;2;352044;14/07/2026;ANDRETA II DISTRIB.DE VEICULOS LTDA.;9,10E+12;JUNDIAI;SP;14/07/2026;17/07/2026;16/07/2026;Entregue No Prazo;;Entrega realizada;Entrega Finalizada;17;7;14;7;MVT;26040;;;
MOBIS BRASIL FABRICACAO DE AUTO PECAS LT;RODOVIARIO;1541568;14/07/2026;1;352045;14/07/2026;ANDRETA II DISTRIBUIDORA DE VEIC. LTDA;9,10E+12;AMERICANA;SP;14/07/2026;17/07/2026;16/07/2026;Entregue No Prazo;;Entrega realizada;Entrega Finalizada;17;7;14;7;MVT;26011;;;
MOBIS BRASIL FABRICACAO DE AUTO PECAS LT;RODOVIARIO;1541581;14/07/2026;2;352050;14/07/2026;H - CAMINHO AUTOMOVEIS LTDA;2,53E+13;LIMEIRA;SP;14/07/2026;17/07/2026;16/07/2026;Entregue No Prazo;;Entrega realizada;Entrega Finalizada;17;7;14;7;MVT;26092;;;
MOBIS BRASIL FABRICACAO DE AUTO PECAS LT;RODOVIARIO;1540843;13/07/2026;1;352052;14/07/2026;HYMAX DISTRIBUIDORA DE VEICULOS LTDA;1,73E+13;MOGI GUACU;SP;14/07/2026;20/07/2026;16/07/2026;Entregue No Prazo;;Entrega realizada;Entrega Finalizada;20;7;14;7;MVT;26002;;;
MOBIS BRASIL FABRICACAO DE AUTO PECAS LT;RODOVIARIO;1541487;14/07/2026;3;352102;14/07/2026;IMOTORS VEICULOS LTDA;7,17E+12;JUIZ DE FORA;MG;14/07/2026;20/07/2026;16/07/2026;Entregue No Prazo;;Entrega realizada;Entrega Finalizada;20;7;14;7;CAMILO;11010;;;
MOBIS BRASIL FABRICACAO DE AUTO PECAS LT;RODOVIARIO;1541491;14/07/2026;1;352123;14/07/2026;TOKSU COMERCIO DE VEICULOS LTDA;1,12E+13;VARGINHA;MG;14/07/2026;20/07/2026;16/07/2026;Entregue No Prazo;;Entrega realizada;Entrega Finalizada;20;7;14;7;CAMILO;11008;;;
MOBIS BRASIL FABRICACAO DE AUTO PECAS LT;RODOVIARIO;1541520;14/07/2026;2;352057;14/07/2026;BARI VEICULOS LTDA;7,46E+12;GUARAPUAVA;PR;14/07/2026;20/07/2026;16/07/2026;Entregue No Prazo;;Entrega realizada;Entrega Finalizada;20;7;14;7;TRANSTRY;18024;;;
MOBIS BRASIL FABRICACAO DE AUTO PECAS LT;RODOVIARIO;1541521;14/07/2026;3;352059;14/07/2026;BARI VEICULOS LTDA;7,46E+12;PONTA GROSSA;PR;14/07/2026;20/07/2026;16/07/2026;Entregue No Prazo;;Entrega realizada;Entrega Finalizada;20;7;14;7;TRANSTRY;18024;;;
MOBIS BRASIL FABRICACAO DE AUTO PECAS LT;RODOVIARIO;1541522;14/07/2026;11;352059;14/07/2026;BARI VEICULOS LTDA;7,46E+12;PONTA GROSSA;PR;14/07/2026;20/07/2026;16/07/2026;Entregue No Prazo;;Entrega realizada;Entrega Finalizada;20;7;14;7;TRANSTRY;18024;;;
MOBIS BRASIL FABRICACAO DE AUTO PECAS LT;RODOVIARIO;1541526;14/07/2026;4;352103;14/07/2026;ITAVEMA MOTORS VEICULOS LTDA;7,73E+12;DUQUE DE CAXIAS;RJ;14/07/2026;20/07/2026;16/07/2026;Entregue No Prazo;;Entrega realizada;Entrega Finalizada;20;7;14;7;CAMILO;19001;;;
MOBIS BRASIL FABRICACAO DE AUTO PECAS LT;RODOVIARIO;1541527;14/07/2026;3;352082;14/07/2026;AMX COM. E SERVICOS DE AUTOMOTORES LTDA;1,20E+13;RIO DE JANEIRO;RJ;14/07/2026;20/07/2026;16/07/2026;Entregue No Prazo;;Entrega realizada;Entrega Finalizada;20;7;14;7;CAMILO;19009;;;
MOBIS BRASIL FABRICACAO DE AUTO PECAS LT;RODOVIARIO;1541530;14/07/2026;12;352104;14/07/2026;ITAVEMA MOTORS VEICULOS LTDA;7,73E+12;RIO DE JANEIRO;RJ;14/07/2026;20/07/2026;16/07/2026;Entregue No Prazo;;Entrega realizada;Entrega Finalizada;20;7;14;7;CAMILO;19001;;;
MOBIS BRASIL FABRICACAO DE AUTO PECAS LT;RODOVIARIO;1541531;14/07/2026;2;352085;14/07/2026;CAOA MOTOR DO BRASIL LTDA;1,68E+13;RIO DE JANEIRO;RJ;14/07/2026;20/07/2026;16/07/2026;Entregue No Prazo;;Entrega realizada;Entrega Finalizada;20;7;14;7;CAMILO;5008;;;
MOBIS BRASIL FABRICACAO DE AUTO PECAS LT;RODOVIARIO;1541532;14/07/2026;2;352086;14/07/2026;CAOA MOTOR DO BRASIL LTDA;1,68E+13;NITEROI;RJ;14/07/2026;20/07/2026;16/07/2026;Entregue No Prazo;;Entrega realizada;Entrega Finalizada;20;7;14;7;CAMILO;5008;;;
MOBIS BRASIL FABRICACAO DE AUTO PECAS LT;RODOVIARIO;1541535;14/07/2026;1;352087;14/07/2026;CAOA MOTOR DO BRASIL LTDA;1,68E+13;RIO DE JANEIRO;RJ;14/07/2026;20/07/2026;16/07/2026;Entregue No Prazo;;Entrega realizada;Entrega Finalizada;20;7;14;7;CAMILO;5008;;;
MOBIS BRASIL FABRICACAO DE AUTO PECAS LT;RODOVIARIO;1541536;14/07/2026;2;352090;14/07/2026;CAOA MOTOR DO BRASIL LTDA;1,68E+13;RIO DE JANEIRO;RJ;14/07/2026;20/07/2026;16/07/2026;Entregue No Prazo;;Entrega realizada;Entrega Finalizada;20;7;14;7;CAMILO;5008;;;
MOBIS BRASIL FABRICACAO DE AUTO PECAS LT;RODOVIARIO;1541548;14/07/2026;5;352063;14/07/2026;BARI VEICULOS LTDA.;7,46E+12;JOINVILLE;SC;14/07/2026;20/07/2026;16/07/2026;Entregue No Prazo;;Entrega realizada;Entrega Finalizada;20;7;14;7;TRANSTRY;24013;;;
MOBIS BRASIL FABRICACAO DE AUTO PECAS LT;RODOVIARIO;1541549;14/07/2026;2;352064;14/07/2026;BARI VEICULOS LTDA.;7,46E+12;ITAJAI;SC;14/07/2026;20/07/2026;16/07/2026;Entregue No Prazo;;Entrega realizada;Entrega Finalizada;20;7;14;7;TRANSTRY;24014;;;
MOBIS BRASIL FABRICACAO DE AUTO PECAS LT;RODOVIARIO;1541554;14/07/2026;2;352052;14/07/2026;HYMAX DISTRIBUIDORA DE VEICULOS LTDA;1,73E+13;MOGI GUACU;SP;14/07/2026;20/07/2026;16/07/2026;Entregue No Prazo;;Entrega realizada;Entrega Finalizada;20;7;14;7;MVT;26002;;;
MOBIS BRASIL FABRICACAO DE AUTO PECAS LT;RODOVIARIO;1541555;14/07/2026;3;352052;14/07/2026;HYMAX DISTRIBUIDORA DE VEICULOS LTDA;1,73E+13;MOGI GUACU;SP;14/07/2026;20/07/2026;16/07/2026;Entregue No Prazo;;Entrega realizada;Entrega Finalizada;20;7;14;7;MVT;26002;;;
MOBIS BRASIL FABRICACAO DE AUTO PECAS LT;RODOVIARIO;1541571;14/07/2026;1;352048;14/07/2026;GOLDEN MOTORS VEICULOS LTDA;3,62E+12;ARACATUBA;SP;14/07/2026;20/07/2026;16/07/2026;Entregue No Prazo;;Entrega realizada;Entrega Finalizada;20;7;14;7;MVT;12001;;;
MOBIS BRASIL FABRICACAO DE AUTO PECAS LT;RODOVIARIO;1541572;14/07/2026;2;352049;14/07/2026;GOLDEN MOTORS VEICULOS LTDA;3,62E+12;PRESIDENTE PRUDENTE;SP;14/07/2026;20/07/2026;16/07/2026;Entregue No Prazo;;Entrega realizada;Entrega Finalizada;20;7;14;7;MVT;12001;;;
MOBIS BRASIL FABRICACAO DE AUTO PECAS LT;RODOVIARIO;1541578;14/07/2026;1;352047;14/07/2026;DHC COMERCIO DE VEICULOS E PECAS LTDA;9,52E+12;JAU;SP;14/07/2026;20/07/2026;16/07/2026;Entregue No Prazo;;Entrega realizada;Entrega Finalizada;20;7;14;7;MVT;26010;;;
MOBIS BRASIL FABRICACAO DE AUTO PECAS LT;RODOVIARIO;1541494;14/07/2026;2;352116;14/07/2026;RITMO MOTORS LTDA;1,94E+13;PASSOS;MG;14/07/2026;21/07/2026;16/07/2026;Entregue No Prazo;;Entrega realizada;Entrega Finalizada;21;7;14;7;CAMILO;11040;;;
MOBIS BRASIL FABRICACAO DE AUTO PECAS LT;RODOVIARIO;1541533;14/07/2026;2;352121;14/07/2026;TAI MOTORS VEICULOS S/A.;9,27E+12;CAMPOS DOS GOYTACAZES;RJ;14/07/2026;21/07/2026;16/07/2026;Entregue No Prazo;;Entrega realizada;Entrega Finalizada;21;7;14;7;CAMILO;19023;;;
MOBIS BRASIL FABRICACAO DE AUTO PECAS LT;RODOVIARIO;1541534;14/07/2026;1;352130;14/07/2026;VIA VR VEICULOS LTDA;1,73E+13;PETROPOLIS;RJ;14/07/2026;21/07/2026;16/07/2026;Entregue No Prazo;;Entrega realizada;Entrega Finalizada;21;7;14;7;CAMILO;19016;;;
MOBIS BRASIL FABRICACAO DE AUTO PECAS LT;RODOVIARIO;1541545;14/07/2026;3;352056;14/07/2026;ATUAL VEICULOS LTDA;1,33E+13;ARARANGUA;SC;14/07/2026;21/07/2026;16/07/2026;Entregue No Prazo;;Entrega realizada;Entrega Finalizada;21;7;14;7;TRANSTRY;24001;;;
MOBIS BRASIL FABRICACAO DE AUTO PECAS LT;RODOVIARIO;1541546;14/07/2026;5;352074;14/07/2026;LR COMERCIO DE VEICULOS LTDA;1,05E+13;SAO JOSE;SC;14/07/2026;21/07/2026;16/07/2026;Entregue No Prazo;;Entrega realizada;Entrega Finalizada;21;7;14;7;TRANSTRY;24007;;;
MOBIS BRASIL FABRICACAO DE AUTO PECAS LT;RODOVIARIO;1541547;14/07/2026;15;352058;14/07/2026;BARI VEICULOS LTDA;7,46E+12;BLUMENAU;SC;14/07/2026;21/07/2026;16/07/2026;Entregue No Prazo;;Entrega realizada;Entrega Finalizada;21;7;14;7;TRANSTRY;18024;;;
MOBIS BRASIL FABRICACAO DE AUTO PECAS LT;RODOVIARIO;1541496;14/07/2026;5;352125;14/07/2026;ULSAN COMERCIO DE VEICULOS LTDA.;2,10E+13;CAMPO GRANDE;MS;14/07/2026;22/07/2026;16/07/2026;Entregue No Prazo;;Entrega realizada;Entrega Finalizada;22;7;14;7;CARVALIMA;12004;;;
MOBIS BRASIL FABRICACAO DE AUTO PECAS LT;RODOVIARIO;1541550;14/07/2026;4;352061;14/07/2026;BARI VEICULOS LTDA;7,46E+12;BALNEARIO CAMBORIU;SC;14/07/2026;22/07/2026;16/07/2026;Entregue No Prazo;;Entrega realizada;Entrega Finalizada;22;7;14;7;TRANSTRY;18024;;;
MOBIS BRASIL FABRICACAO DE AUTO PECAS LT;RODOVIARIO;1541552;14/07/2026;1;352069;14/07/2026;CHINHAN AUTOMOVEIS LTDA.;2,41E+13;CACADOR;SC;14/07/2026;23/07/2026;16/07/2026;Entregue No Prazo;;Entrega realizada;Entrega Finalizada;23;7;14;7;TRANSTRY;24020;;;
MOBIS BRASIL FABRICACAO DE AUTO PECAS LT;RODOVIARIO;1542399;15/07/2026;2;352507;15/07/2026;GRAND SPORT COM. DE VEIC. E PECAS LTDA;8,58E+12;GUARULHOS;SP;15/07/2026;17/07/2026;16/07/2026;Entregue No Prazo;;Entrega realizada;Entrega Finalizada;17;7;15;7;XD DIADEMA;26005;;;
MOBIS BRASIL FABRICACAO DE AUTO PECAS LT;RODOVIARIO;1542403;15/07/2026;4;352508;15/07/2026;GRAND SPORT COM. DE VEIC. E PECAS LTDA;8,58E+12;SAO PAULO;SP;15/07/2026;17/07/2026;16/07/2026;Entregue No Prazo;;Entrega realizada;Entrega Finalizada;17;7;15;7;XD DIADEMA;26034;;;
MOBIS BRASIL FABRICACAO DE AUTO PECAS LT;RODOVIARIO;1542404;15/07/2026;3;352505;15/07/2026;CHS MOTORS VEICULOS PECAS E SERV. LTDA.;1,69E+13;SAO PAULO;SP;15/07/2026;17/07/2026;16/07/2026;Entregue No Prazo;;Entrega realizada;Entrega Finalizada;17;7;15;7;XD DIADEMA;26036;;;
MOBIS BRASIL FABRICACAO DE AUTO PECAS LT;RODOVIARIO;1542405;15/07/2026;2;352506;15/07/2026;CHS MOTORS VEICULOS PECAS E SERV LTDA  ;1,69E+13;SAO PAULO;SP;15/07/2026;17/07/2026;16/07/2026;Entregue No Prazo;;Entrega realizada;Entrega Finalizada;17;7;15;7;XD DIADEMA;26037;;;
MOBIS BRASIL FABRICACAO DE AUTO PECAS LT;RODOVIARIO;1542416;15/07/2026;2;352498;15/07/2026;CAOA MOTOR DO BRASIL LTDA;1,68E+13;SANTO ANDRE;SP;15/07/2026;17/07/2026;16/07/2026;Entregue No Prazo;;Entrega realizada;Entrega Finalizada;17;7;15;7;XD DIADEMA;5008;;;
MOBIS BRASIL FABRICACAO DE AUTO PECAS LT;RODOVIARIO;1542423;15/07/2026;2;352499;15/07/2026;CAOA MOTOR DO BRASIL LTDA(NACOES UNIDAS);1,68E+13;SAO PAULO;SP;15/07/2026;17/07/2026;16/07/2026;Entregue No Prazo;;Entrega realizada;Entrega Finalizada;17;7;15;7;XD DIADEMA;26087;;;
MOBIS BRASIL FABRICACAO DE AUTO PECAS LT;RODOVIARIO;1542428;15/07/2026;5;352502;15/07/2026;CHS MOTORS VEICULOS PECAS E SERV.  LTDA;1,69E+13;SAO PAULO;SP;15/07/2026;17/07/2026;16/07/2026;Entregue No Prazo;;Entrega realizada;Entrega Finalizada;17;7;15;7;XD DIADEMA;26108;;;
MOBIS BRASIL FABRICACAO DE AUTO PECAS LT;RODOVIARIO;1542429;15/07/2026;1;352500;15/07/2026;CAOA MOTOR DO BRASIL LTDA(RAP. TAVARES);1,68E+13;SAO PAULO;SP;15/07/2026;17/07/2026;16/07/2026;Entregue No Prazo;;Entrega realizada;Entrega Finalizada;17;7;15;7;XD DIADEMA;26109;;;
MOBIS BRASIL FABRICACAO DE AUTO PECAS LT;RODOVIARIO;1542953;15/07/2026;1;352504;15/07/2026;CHS MOTORS VEICULOS PECAS E SERV. LTDA;1,69E+13;OSASCO;SP;15/07/2026;17/07/2026;16/07/2026;Entregue No Prazo;;Entrega realizada;Entrega Finalizada;17;7;15;7;XD DIADEMA;26106;;;
MOBIS BRASIL FABRICACAO DE AUTO PECAS LT;RODOVIARIO;1541573;14/07/2026;3;352357;15/07/2026;CAOA MOTOR DO BRASIL LTDA;1,68E+13;CAMPINAS;SP;15/07/2026;20/07/2026;16/07/2026;Entregue No Prazo;;Entrega realizada;Entrega Finalizada;20;7;15;7;MVT;5008;;;
MOBIS BRASIL FABRICACAO DE AUTO PECAS LT;RODOVIARIO;1541576;14/07/2026;3;352521;15/07/2026;DESTAQUE SEUL DISTR. DE VEIC. E PC. LTDA;2,12E+13;ATIBAIA;SP;15/07/2026;20/07/2026;16/07/2026;Entregue No Prazo;;Entrega realizada;Entrega Finalizada;20;7;15;7;BV LOG;26075;;;
MOBIS BRASIL FABRICACAO DE AUTO PECAS LT;RODOVIARIO;1541577;14/07/2026;11;352521;15/07/2026;DESTAQUE SEUL DISTR. DE VEIC. E PC. LTDA;2,12E+13;ATIBAIA;SP;15/07/2026;20/07/2026;16/07/2026;Entregue No Prazo;;Entrega realizada;Entrega Finalizada;20;7;15;7;BV LOG;26075;;;
MOBIS BRASIL FABRICACAO DE AUTO PECAS LT;RODOVIARIO;1542401;15/07/2026;2;352365;15/07/2026;MOTONET COMERCIO DE VEICULOS LTDA;9,28E+12;SOROCABA;SP;15/07/2026;20/07/2026;16/07/2026;Entregue No Prazo;;Entrega realizada;Entrega Finalizada;20;7;15;7;MVT;26113;;;
MOBIS BRASIL FABRICACAO DE AUTO PECAS LT;RODOVIARIO;1542410;15/07/2026;1;352356;15/07/2026;ANDRETA II DISTRIBUIDORA DE VEIC. LTDA;9,10E+12;INDAIATUBA;SP;15/07/2026;20/07/2026;16/07/2026;Entregue No Prazo;;Entrega realizada;Entrega Finalizada;20;7;15;7;MVT;26011;;;
MOBIS BRASIL FABRICACAO DE AUTO PECAS LT;RODOVIARIO;1542417;15/07/2026;2;352497;15/07/2026;CAOA MOTOR DO BRASIL LTDA;1,68E+13;TAUBATE;SP;15/07/2026;20/07/2026;16/07/2026;Entregue No Prazo;;Entrega realizada;Entrega Finalizada;20;7;15;7;XD DIADEMA;5008;;;
MOBIS BRASIL FABRICACAO DE AUTO PECAS LT;RODOVIARIO;1542419;15/07/2026;4;352521;15/07/2026;DESTAQUE SEUL DISTR. DE VEIC. E PC. LTDA;2,12E+13;ATIBAIA;SP;15/07/2026;20/07/2026;16/07/2026;Entregue No Prazo;;Entrega realizada;Entrega Finalizada;20;7;15;7;BV LOG;26075;;;
MOBIS BRASIL FABRICACAO DE AUTO PECAS LT;RODOVIARIO;1542420;15/07/2026;15;352521;15/07/2026;DESTAQUE SEUL DISTR. DE VEIC. E PC. LTDA;2,12E+13;ATIBAIA;SP;15/07/2026;20/07/2026;16/07/2026;Entregue No Prazo;;Entrega realizada;Entrega Finalizada;20;7;15;7;BV LOG;26075;;;
MOBIS BRASIL FABRICACAO DE AUTO PECAS LT;RODOVIARIO;1542368;15/07/2026;1;352435;15/07/2026;BARI VEICULOS LTDA;7,46E+12;SAO JOSE DOS PINHAIS;PR;15/07/2026;21/07/2026;16/07/2026;Entregue No Prazo;;Entrega realizada;Entrega Finalizada;21;7;15;7;TRANSTRY;18024;;;
MOBIS BRASIL FABRICACAO DE AUTO PECAS LT;RODOVIARIO;1542411;15/07/2026;3;352367;15/07/2026;NEW VEICULOS E PECAS LTDA;1,59E+13;FRANCA;SP;15/07/2026;21/07/2026;16/07/2026;Entregue No Prazo;;Entrega realizada;Entrega Finalizada;21;7;15;7;MVT;26014;;;
MOBIS BRASIL FABRICACAO DE AUTO PECAS LT;RODOVIARIO;1542422;15/07/2026;1;352359;15/07/2026;DHC COMERCIO DE VEICULOS E PECAS LTDA;9,52E+12;JAU;SP;15/07/2026;21/07/2026;16/07/2026;Entregue No Prazo;;Entrega realizada;Entrega Finalizada;21;7;15;7;MVT;26010;;;
MOBIS BRASIL FABRICACAO DE AUTO PECAS LT;RODOVIARIO;1542397;15/07/2026;26;352526;16/07/2026;BILLY DISTRIBUIDORA DE VEICULOS LTDA;1,34E+13;BARUERI;SP;16/07/2026;20/07/2026;16/07/2026;Entregue No Prazo;;Entrega realizada;Entrega Finalizada;20;7;16;7;XD DIADEMA;26003;;;
MOBIS BRASIL FABRICACAO DE AUTO PECAS LT;RODOVIARIO;1542408;15/07/2026;2;352528;16/07/2026;BILLY DISTRIBUIDORA DE VEICULOS LTDA;1,34E+13;SAO CAETANO DO SUL;SP;16/07/2026;20/07/2026;16/07/2026;Entregue No Prazo;;Entrega realizada;Entrega Finalizada;20;7;16;7;XD DIADEMA;26003;;;
MOBIS BRASIL FABRICACAO DE AUTO PECAS LT;RODOVIARIO;1542409;15/07/2026;58;352528;16/07/2026;BILLY DISTRIBUIDORA DE VEICULOS LTDA;1,34E+13;SAO CAETANO DO SUL;SP;16/07/2026;20/07/2026;16/07/2026;Entregue No Prazo;;Entrega realizada;Entrega Finalizada;20;7;16;7;XD DIADEMA;26003;;;
MOBIS BRASIL FABRICACAO DE AUTO PECAS LT;RODOVIARIO;1542414;15/07/2026;89;352527;16/07/2026;CHS MOTORS VEICULOS PECAS(VL. GUILHERME);1,69E+13;SAO PAULO;SP;16/07/2026;20/07/2026;16/07/2026;Entregue No Prazo;;Entrega realizada;Entrega Finalizada;20;7;16;7;XD DIADEMA;26052;;;
MOBIS BRASIL FABRICACAO DE AUTO PECAS LT;RODOVIARIO;1543156;16/07/2026;126;352703;16/07/2026;NEW VEICULOS E PECAS LTDA;1,59E+13;RIBEIRAO PRETO;SP;16/07/2026;21/07/2026;16/07/2026;Entregue No Prazo;;Entrega realizada;Entrega Finalizada;21;7;16;7;BV LOG;26014;;;
MOBIS BRASIL FABRICACAO DE AUTO PECAS LT;RODOVIARIO;1530399;23/06/2026;30;348804;23/06/2026;URCA MOTORS VEICULOS LTDA;8,77E+12;UBERLANDIA;MG;23/06/2026;29/06/2026;17/07/2026;Entregue Fora do Prazo;;Entrega realizada;Entrega Finalizada;29;6;23;6;CAMILO;9014;;;
MOBIS BRASIL FABRICACAO DE AUTO PECAS LT;RODOVIARIO;1531297;24/06/2026;4;349032;24/06/2026;URCA MOTORS VEICULOS LTDA;8,77E+12;UBERLANDIA;MG;24/06/2026;30/06/2026;17/07/2026;Entregue Fora do Prazo;;Entrega realizada;Entrega Finalizada;30;6;24;6;CAMILO;9014;;;
MOBIS BRASIL FABRICACAO DE AUTO PECAS LT;RODOVIARIO;1534490;30/06/2026;12;349900;30/06/2026;URCA MOTORS VEICULOS LTDA;8,77E+12;UBERLANDIA;MG;30/06/2026;06/07/2026;17/07/2026;Entregue Fora do Prazo;;Entrega realizada;Entrega Finalizada;6;7;30;6;CAMILO;9014;;;
MOBIS BRASIL FABRICACAO DE AUTO PECAS LT;RODOVIARIO;1536222;03/07/2026;1;350678;03/07/2026;JPN PATOS COMERCIO DE VEICULOS LTDA;4,20E+13;PATOS;PB;03/07/2026;21/07/2026;17/07/2026;Entregue No Prazo;;Entrega realizada;Entrega Finalizada;21;7;3;7;TERMACO;15004;;;
MOBIS BRASIL FABRICACAO DE AUTO PECAS LT;RODOVIARIO;1536246;03/07/2026;1;350688;03/07/2026;SAINT LAND COM DE VEICULOS S A;1,04E+13;MOSSORO;RN;03/07/2026;21/07/2026;17/07/2026;Entregue No Prazo;;Entrega realizada;Entrega Finalizada;21;7;3;7;TERMACO;20002;;;
MOBIS BRASIL FABRICACAO DE AUTO PECAS LT;RODOVIARIO;1536977;06/07/2026;1;350960;06/07/2026;PRIVILLEGE DISTRIBUIDORA DE VEICULOS LTD;1,72E+13;PALMAS;TO;06/07/2026;15/07/2026;17/07/2026;Entregue Fora do Prazo;;Entrega realizada;Entrega Finalizada;15;7;6;7;RIO VERMELHO;27003;;;
MOBIS BRASIL FABRICACAO DE AUTO PECAS LT;RODOVIARIO;1536978;06/07/2026;3;350960;06/07/2026;PRIVILLEGE DISTRIBUIDORA DE VEICULOS LTD;1,72E+13;PALMAS;TO;06/07/2026;15/07/2026;17/07/2026;Entregue Fora do Prazo;;Entrega realizada;Entrega Finalizada;15;7;6;7;RIO VERMELHO;27003;;;
MOBIS BRASIL FABRICACAO DE AUTO PECAS LT;RODOVIARIO;1536927;06/07/2026;2;351051;06/07/2026;GREEN CITY VEICULOS LTDA;2,10E+13;TERESINA;PI;06/07/2026;22/07/2026;17/07/2026;Entregue No Prazo;;Entrega realizada;Entrega Finalizada;22;7;6;7;TERMACO;17002;;;
MOBIS BRASIL FABRICACAO DE AUTO PECAS LT;RODOVIARIO;1536928;06/07/2026;2;351052;06/07/2026;GREEN CITY VEICULOS LTDA;2,10E+13;TERESINA;PI;06/07/2026;22/07/2026;17/07/2026;Entregue No Prazo;;Entrega realizada;Entrega Finalizada;22;7;6;7;TERMACO;17002;;;
MOBIS BRASIL FABRICACAO DE AUTO PECAS LT;RODOVIARIO;1537580;07/07/2026;3;351195;07/07/2026;UNIQUE COMERCIO DE AUTOMOVEIS LTDA;1,74E+13;ANANINDEUA;PA;07/07/2026;20/07/2026;17/07/2026;Entregue No Prazo;;Entrega realizada;Entrega Finalizada;20;7;7;7;CARVALIMA;14003;;;
MOBIS BRASIL FABRICACAO DE AUTO PECAS LT;RODOVIARIO;1537585;07/07/2026;1;351165;07/07/2026;AUTORAC VEICULOS LTDA;1,06E+13;PETROLINA;PE;07/07/2026;23/07/2026;17/07/2026;Entregue No Prazo;;Entrega realizada;Entrega Finalizada;23;7;7;7;TERMACO;16001;;;
MOBIS BRASIL FABRICACAO DE AUTO PECAS LT;RODOVIARIO;1539367;09/07/2026;90;351631;09/07/2026;SAGA ASIA COM. DE VEIC.PC.E SERV. LTDA;2,23E+13;VARZEA GRANDE;MT;09/07/2026;20/07/2026;17/07/2026;Entregue No Prazo;Avaria;Entrega realizada;Entrega Finalizada;20;7;9;7;CARVALIMA;13004;;;
MOBIS BRASIL FABRICACAO DE AUTO PECAS LT;RODOVIARIO;1538970;08/07/2026;7;351441;08/07/2026;SEVEL VEICULOS LTDA;1,07E+13;ARACAJU;SE;08/07/2026;21/07/2026;17/07/2026;Entregue No Prazo;;Entrega realizada;Entrega Finalizada;21;7;8;7;TERMACO;25001;;;
MOBIS BRASIL FABRICACAO DE AUTO PECAS LT;RODOVIARIO;1539339;09/07/2026;1;351627;09/07/2026;PATEO COMERCIO DE VEICULOS S A;7,78E+12;SALVADOR;BA;09/07/2026;21/07/2026;17/07/2026;Entregue No Prazo;;Entrega realizada;Entrega Finalizada;21;7;9;7;TERMACO;5003;;;
MOBIS BRASIL FABRICACAO DE AUTO PECAS LT;RODOVIARIO;1539340;09/07/2026;5;351615;09/07/2026;FAZZA MOTORS COMERCIO DE VEICULOS LTDA;1,24E+13;SALVADOR;BA;09/07/2026;21/07/2026;17/07/2026;Entregue No Prazo;;Entrega realizada;Entrega Finalizada;21;7;9;7;TERMACO;5007;;;
MOBIS BRASIL FABRICACAO DE AUTO PECAS LT;RODOVIARIO;1539369;09/07/2026;1;351640;09/07/2026;UNIQUE COMERCIO DE AUTOMOVEIS LTDA;1,74E+13;ANANINDEUA;PA;09/07/2026;22/07/2026;17/07/2026;Entregue No Prazo;;Entrega realizada;Entrega Finalizada;22;7;9;7;CARVALIMA;14003;;;
MOBIS BRASIL FABRICACAO DE AUTO PECAS LT;RODOVIARIO;1539737;09/07/2026;4;351635;09/07/2026;SEVEL VEICULOS LTDA;1,07E+13;ARACAJU;SE;09/07/2026;22/07/2026;17/07/2026;Entregue No Prazo;;Entrega realizada;Entrega Finalizada;22;7;9;7;TERMACO;25001;;;
MOBIS BRASIL FABRICACAO DE AUTO PECAS LT;RODOVIARIO;1538455;08/07/2026;2;351416;08/07/2026;CAOA MOTOR DO BRASIL LTDA;1,68E+13;RECIFE;PE;08/07/2026;23/07/2026;17/07/2026;Entregue No Prazo;;Entrega realizada;Entrega Finalizada;23;7;8;7;TERMACO;5008;;;
MOBIS BRASIL FABRICACAO DE AUTO PECAS LT;RODOVIARIO;1538480;08/07/2026;2;351438;08/07/2026;SAINT LAND COMERCIO DE VEICULOS LTDA;1,04E+13;NATAL;RN;08/07/2026;23/07/2026;17/07/2026;Entregue No Prazo;;Entrega realizada;Entrega Finalizada;23;7;8;7;TERMACO;6010;;;
MOBIS BRASIL FABRICACAO DE AUTO PECAS LT;RODOVIARIO;1538481;08/07/2026;4;351438;08/07/2026;SAINT LAND COMERCIO DE VEICULOS LTDA;1,04E+13;NATAL;RN;08/07/2026;23/07/2026;17/07/2026;Entregue No Prazo;;Entrega realizada;Entrega Finalizada;23;7;8;7;TERMACO;6010;;;
MOBIS BRASIL FABRICACAO DE AUTO PECAS LT;RODOVIARIO;1538423;08/07/2026;1;351440;08/07/2026;SAINT LAND COMERCIO DE VEICULOS LTDA;1,04E+13;JUAZEIRO DO NORTE;CE;08/07/2026;24/07/2026;17/07/2026;Entregue No Prazo;;Entrega realizada;Entrega Finalizada;24;7;8;7;TERMACO;6010;;;
MOBIS BRASIL FABRICACAO DE AUTO PECAS LT;RODOVIARIO;1538457;08/07/2026;3;351425;08/07/2026;GREEN CITY VEICULOS LTDA;2,10E+13;TERESINA;PI;08/07/2026;24/07/2026;17/07/2026;Entregue No Prazo;;Entrega realizada;Entrega Finalizada;24;7;8;7;TERMACO;17002;;;
MOBIS BRASIL FABRICACAO DE AUTO PECAS LT;RODOVIARIO;1538458;08/07/2026;1;351426;08/07/2026;GREEN CITY VEICULOS LTDA;2,10E+13;TERESINA;PI;08/07/2026;24/07/2026;17/07/2026;Entregue No Prazo;;Entrega realizada;Entrega Finalizada;24;7;8;7;TERMACO;17002;;;
MOBIS BRASIL FABRICACAO DE AUTO PECAS LT;RODOVIARIO;1538479;08/07/2026;14;351432;08/07/2026;ORIENTE AUTOMOVEIS LTDA;1,33E+13;PARNAMIRIM;RN;08/07/2026;24/07/2026;17/07/2026;Entregue No Prazo;;Entrega realizada;Entrega Finalizada;24;7;8;7;TERMACO;20001;;;
MOBIS BRASIL FABRICACAO DE AUTO PECAS LT;RODOVIARIO;1539341;09/07/2026;1;351608;09/07/2026;CAOA MOTOR DO BRASIL LTDA.;1,68E+13;LAURO DE FREITAS;BA;09/07/2026;24/07/2026;17/07/2026;Entregue No Prazo;;Entrega realizada;Entrega Finalizada;24;7;9;7;TERMACO;5008;;;
MOBIS BRASIL FABRICACAO DE AUTO PECAS LT;RODOVIARIO;1539342;09/07/2026;1;351633;09/07/2026;SAINT LAND COMERCIO DE VEICULOS LTDA;1,04E+13;JUAZEIRO DO NORTE;CE;09/07/2026;27/07/2026;17/07/2026;Entregue No Prazo;;Entrega realizada;Entrega Finalizada;27;7;9;7;TERMACO;6010;;;
MOBIS BRASIL FABRICACAO DE AUTO PECAS LT;RODOVIARIO;1539372;09/07/2026;1;351621;09/07/2026;JPN PATOS COMERCIO DE VEICULOS LTDA;4,20E+13;PATOS;PB;09/07/2026;27/07/2026;17/07/2026;Entregue No Prazo;;Entrega realizada;Entrega Finalizada;27;7;9;7;TERMACO;15004;;;
MOBIS BRASIL FABRICACAO DE AUTO PECAS LT;RODOVIARIO;1539375;09/07/2026;2;351617;09/07/2026;GREEN CITY VEICULOS LTDA;2,10E+13;TERESINA;PI;09/07/2026;27/07/2026;17/07/2026;Entregue No Prazo;;Entrega realizada;Entrega Finalizada;27;7;9;7;TERMACO;17002;;;
MOBIS BRASIL FABRICACAO DE AUTO PECAS LT;RODOVIARIO;1539376;09/07/2026;1;351618;09/07/2026;GREEN CITY VEICULOS LTDA;2,10E+13;TERESINA;PI;09/07/2026;27/07/2026;17/07/2026;Entregue No Prazo;;Entrega realizada;Entrega Finalizada;27;7;9;7;TERMACO;17002;;;
MOBIS BRASIL FABRICACAO DE AUTO PECAS LT;RODOVIARIO;1538438;08/07/2026;3;351431;08/07/2026;NACIONAL NOVA MARABA DIST DE VEIC. LTDA;1,70E+13;IMPERATRIZ;MA;08/07/2026;28/07/2026;17/07/2026;Entregue No Prazo;;Entrega realizada;Entrega Finalizada;28;7;8;7;TERMACO;10003;Adesão do Maranhão à Independência do Brasil;Estadual;MA
MOBIS BRASIL FABRICACAO DE AUTO PECAS LT;RODOVIARIO;1540084;10/07/2026;3;351694;10/07/2026;SANTA FE VEICULOS LTDA.;1,16E+13;FRANCISCO BELTRAO;PR;10/07/2026;17/07/2026;17/07/2026;Entregue No Prazo;;Entrega realizada;Entrega Finalizada;17;7;10;7;TRANSTRY;18010;;;
MOBIS BRASIL FABRICACAO DE AUTO PECAS LT;RODOVIARIO;1540028;10/07/2026;2;351740;10/07/2026;PATEO COMERCIO DE VEICULOS S A;7,78E+12;SALVADOR;BA;10/07/2026;22/07/2026;17/07/2026;Entregue No Prazo;;Entrega realizada;Entrega Finalizada;22;7;10;7;TERMACO;5003;;;
MOBIS BRASIL FABRICACAO DE AUTO PECAS LT;RODOVIARIO;1540029;10/07/2026;2;351740;10/07/2026;PATEO COMERCIO DE VEICULOS S A;7,78E+12;SALVADOR;BA;10/07/2026;22/07/2026;17/07/2026;Entregue No Prazo;;Entrega realizada;Entrega Finalizada;22;7;10;7;TERMACO;5003;;;
MOBIS BRASIL FABRICACAO DE AUTO PECAS LT;RODOVIARIO;1540030;10/07/2026;5;351723;10/07/2026;FAZZA MOTORS COMERCIO DE VEICULOS LTDA;1,24E+13;SALVADOR;BA;10/07/2026;22/07/2026;17/07/2026;Entregue No Prazo;;Entrega realizada;Entrega Finalizada;22;7;10;7;TERMACO;5007;;;
MOBIS BRASIL FABRICACAO DE AUTO PECAS LT;RODOVIARIO;1540033;10/07/2026;1;351731;10/07/2026;MASTER COMERCIAL DE VEICULOS LTDA;2,85E+13;JACOBINA;BA;10/07/2026;27/07/2026;17/07/2026;Entregue No Prazo;;Entrega realizada;Entrega Finalizada;27;7;10;7;TERMACO;5013;;;
MOBIS BRASIL FABRICACAO DE AUTO PECAS LT;RODOVIARIO;1540035;10/07/2026;4;351746;10/07/2026;SAINT LAND COMERCIO DE VEICULOS LTDA;1,04E+13;JUAZEIRO DO NORTE;CE;10/07/2026;28/07/2026;17/07/2026;Entregue No Prazo;;Entrega realizada;Entrega Finalizada;28;7;10;7;TERMACO;6010;Adesão do Maranhão à Independência do Brasil;Estadual;MA
MOBIS BRASIL FABRICACAO DE AUTO PECAS LT;RODOVIARIO;1540051;10/07/2026;1;351734;10/07/2026;NACIONAL NOVA MARABA DIST DE VEIC. LTDA;1,70E+13;IMPERATRIZ;MA;10/07/2026;30/07/2026;17/07/2026;Entregue No Prazo;;Entrega realizada;Entrega Finalizada;30;7;10;7;TERMACO;10003;;;
MOBIS BRASIL FABRICACAO DE AUTO PECAS LT;RODOVIARIO;1540790;13/07/2026;8;351880;13/07/2026;URCA MOTORS VEICULOS LTDA;8,77E+12;UBERLANDIA;MG;13/07/2026;17/07/2026;17/07/2026;Entregue No Prazo;;Entrega realizada;Entrega Finalizada;17;7;13;7;CAMILO;9014;;;
MOBIS BRASIL FABRICACAO DE AUTO PECAS LT;RODOVIARIO;1540792;13/07/2026;2;351878;13/07/2026;URCA MOTORS VEICULOS LTDA;8,77E+12;UBERABA;MG;13/07/2026;17/07/2026;17/07/2026;Entregue No Prazo;;Entrega realizada;Entrega Finalizada;17;7;13;7;CAMILO;9014;;;
MOBIS BRASIL FABRICACAO DE AUTO PECAS LT;RODOVIARIO;1540794;13/07/2026;3;351879;13/07/2026;URCA MOTORS VEICULOS LTDA;8,77E+12;PATOS DE MINAS;MG;13/07/2026;17/07/2026;17/07/2026;Entregue No Prazo;;Entrega realizada;Entrega Finalizada;17;7;13;7;CAMILO;9014;;;
MOBIS BRASIL FABRICACAO DE AUTO PECAS LT;RODOVIARIO;1540821;13/07/2026;4;351843;13/07/2026;HOUSE PARTS-COM. DE PCS. E VEICULOS LTDA;1,15E+13;PORTO ALEGRE;RS;13/07/2026;17/07/2026;17/07/2026;Entregue No Prazo;;Entrega realizada;Entrega Finalizada;17;7;13;7;TRANSTRY;23004;;;
MOBIS BRASIL FABRICACAO DE AUTO PECAS LT;RODOVIARIO;1540822;13/07/2026;138;351837;13/07/2026;CARWAY SUL VEICULOS LTDA;1,03E+13;CANOAS;RS;13/07/2026;17/07/2026;17/07/2026;Entregue No Prazo;;Entrega realizada;Entrega Finalizada;17;7;13;7;TRANSTRY;23003;;;
MOBIS BRASIL FABRICACAO DE AUTO PECAS LT;RODOVIARIO;1540783;13/07/2026;1;351881;13/07/2026;VIA BRASIL AUTOMOVEIS LTDA.;4,72E+12;SERRA;ES;13/07/2026;20/07/2026;17/07/2026;Entregue No Prazo;;Entrega realizada;Entrega Finalizada;20;7;13;7;CAMILO;8001;;;
MOBIS BRASIL FABRICACAO DE AUTO PECAS LT;RODOVIARIO;1540784;13/07/2026;6;351873;13/07/2026;TAI MOTORS VEICULOS S/A;9,27E+12;VITORIA;ES;13/07/2026;20/07/2026;17/07/2026;Entregue No Prazo;;Entrega realizada;Entrega Finalizada;20;7;13;7;CAMILO;8002;;;
MOBIS BRASIL FABRICACAO DE AUTO PECAS LT;RODOVIARIO;1540809;13/07/2026;2;351849;13/07/2026;SANTA FE VEICULOS LTDA.;1,16E+13;FRANCISCO BELTRAO;PR;13/07/2026;20/07/2026;17/07/2026;Entregue No Prazo;;Entrega realizada;Entrega Finalizada;20;7;13;7;TRANSTRY;18010;;;
MOBIS BRASIL FABRICACAO DE AUTO PECAS LT;RODOVIARIO;1540825;13/07/2026;1;351842;13/07/2026;HOUSE PARTS - COM DE PECAS E VEIC LTDA;1,15E+13;OSORIO;RS;13/07/2026;20/07/2026;17/07/2026;Entregue No Prazo;;Entrega realizada;Entrega Finalizada;20;7;13;7;TRANSTRY;23016;;;
MOBIS BRASIL FABRICACAO DE AUTO PECAS LT;RODOVIARIO;1540841;13/07/2026;1;351846;13/07/2026;LR COMERCIO DE VEICULOS LTDA;1,05E+13;RIO DO SUL;SC;13/07/2026;20/07/2026;17/07/2026;Entregue No Prazo;;Entrega realizada;Entrega Finalizada;20;7;13;7;TRANSTRY;24007;;;
MOBIS BRASIL FABRICACAO DE AUTO PECAS LT;RODOVIARIO;1540785;13/07/2026;8;351869;13/07/2026;PRIME CACHOEIRO VEICULOS LTDA EPP;9,34E+12;CACHOEIRO DE ITAPEMIRIM;ES;13/07/2026;21/07/2026;17/07/2026;Entregue No Prazo;;Entrega realizada;Entrega Finalizada;21;7;13;7;CAMILO;8003;;;
MOBIS BRASIL FABRICACAO DE AUTO PECAS LT;RODOVIARIO;1540798;13/07/2026;5;351876;13/07/2026;ULSAN COMERCIO DE VEICULOS LTDA.;2,10E+13;CAMPO GRANDE;MS;13/07/2026;21/07/2026;17/07/2026;Entregue No Prazo;;Entrega realizada;Entrega Finalizada;21;7;13;7;CARVALIMA;12004;;;
MOBIS BRASIL FABRICACAO DE AUTO PECAS LT;RODOVIARIO;1540788;13/07/2026;2;351815;13/07/2026;NASA MOTORS LTDA.;2,65E+13;SAO LUIS DE MONTES BELOS;GO;13/07/2026;27/07/2026;17/07/2026;Entregue No Prazo;;Entrega realizada;Entrega Finalizada;27;7;13;7;RIO VERMELHO;9016;;;
MOBIS BRASIL FABRICACAO DE AUTO PECAS LT;RODOVIARIO;1540801;13/07/2026;7;351865;13/07/2026;NACIONAL NOVA MARABA DIST DE VEIC. LTDA;1,70E+13;MARABA;PA;13/07/2026;27/07/2026;17/07/2026;Entregue No Prazo;;Entrega realizada;Entrega Finalizada;27;7;13;7;CARVALIMA;14005;;;
MOBIS BRASIL FABRICACAO DE AUTO PECAS LT;RODOVIARIO;1541579;14/07/2026;12;352032;14/07/2026;GRANDAY AUTOMOTORES LTDA (CHAC. CALIFOR);1,57E+13;SAO PAULO;SP;14/07/2026;16/07/2026;17/07/2026;Entregue Fora do Prazo;;Entrega realizada;Entrega Finalizada;16;7;14;7;XD DIADEMA;26090;;;
MOBIS BRASIL FABRICACAO DE AUTO PECAS LT;RODOVIARIO;1541488;14/07/2026;3;352026;14/07/2026;CARBEL KOREA VEICULOS LTDA;2,07E+13;BELO HORIZONTE;MG;14/07/2026;17/07/2026;17/07/2026;Entregue No Prazo;;Entrega realizada;Entrega Finalizada;17;7;14;7;XD BETIM;11021;;;
MOBIS BRASIL FABRICACAO DE AUTO PECAS LT;RODOVIARIO;1541489;14/07/2026;3;352022;14/07/2026;CAOA MOTOR DO BRASIL LTDA;1,68E+13;BELO HORIZONTE;MG;14/07/2026;17/07/2026;17/07/2026;Entregue No Prazo;;Entrega realizada;Entrega Finalizada;17;7;14;7;XD BETIM;5008;;;
MOBIS BRASIL FABRICACAO DE AUTO PECAS LT;RODOVIARIO;1541490;14/07/2026;1;352022;14/07/2026;CAOA MOTOR DO BRASIL LTDA;1,68E+13;BELO HORIZONTE;MG;14/07/2026;17/07/2026;17/07/2026;Entregue No Prazo;;Entrega realizada;Entrega Finalizada;17;7;14;7;XD BETIM;5008;;;
MOBIS BRASIL FABRICACAO DE AUTO PECAS LT;RODOVIARIO;1541492;14/07/2026;32;352019;14/07/2026;BDG AUTOVILLE VEICULOS LTDA;4,77E+13;CONTAGEM;MG;14/07/2026;17/07/2026;17/07/2026;Entregue No Prazo;;Entrega realizada;Entrega Finalizada;17;7;14;7;XD BETIM;11037;;;
MOBIS BRASIL FABRICACAO DE AUTO PECAS LT;RODOVIARIO;1542077;14/07/2026;1;352040;14/07/2026;TAI MOTORS VEICULOS S/A;9,27E+12;BELO HORIZONTE;MG;14/07/2026;17/07/2026;17/07/2026;Entregue No Prazo;;Entrega realizada;Entrega Finalizada;17;7;14;7;XD BETIM;8002;;;
MOBIS BRASIL FABRICACAO DE AUTO PECAS LT;RODOVIARIO;1541516;14/07/2026;2;352073;14/07/2026;LOVAT VEICULOS S/A;8,57E+12;LONDRINA;PR;14/07/2026;20/07/2026;17/07/2026;Entregue No Prazo;;Entrega realizada;Entrega Finalizada;20;7;14;7;TRANSTRY;18008;;;
MOBIS BRASIL FABRICACAO DE AUTO PECAS LT;RODOVIARIO;1541517;14/07/2026;2;352072;14/07/2026;LOVAT VEICULOS S/A;8,57E+12;MARINGA;PR;14/07/2026;20/07/2026;17/07/2026;Entregue No Prazo;;Entrega realizada;Entrega Finalizada;20;7;14;7;TRANSTRY;18008;;;
MOBIS BRASIL FABRICACAO DE AUTO PECAS LT;RODOVIARIO;1541541;14/07/2026;7;352066;14/07/2026;CARWAY SUL VEICULOS LTDA;1,03E+13;CANOAS;RS;14/07/2026;20/07/2026;17/07/2026;Entregue No Prazo;;Entrega realizada;Entrega Finalizada;20;7;14;7;TRANSTRY;23003;;;
MOBIS BRASIL FABRICACAO DE AUTO PECAS LT;RODOVIARIO;1541542;14/07/2026;5;352066;14/07/2026;CARWAY SUL VEICULOS LTDA;1,03E+13;CANOAS;RS;14/07/2026;20/07/2026;17/07/2026;Entregue No Prazo;;Entrega realizada;Entrega Finalizada;20;7;14;7;TRANSTRY;23003;;;
MOBIS BRASIL FABRICACAO DE AUTO PECAS LT;RODOVIARIO;1541480;14/07/2026;2;352128;14/07/2026;VIA BRASIL AUTOMOVEIS LTDA.;4,72E+12;SERRA;ES;14/07/2026;21/07/2026;17/07/2026;Entregue No Prazo;;Entrega realizada;Entrega Finalizada;21;7;14;7;CAMILO;8001;;;
MOBIS BRASIL FABRICACAO DE AUTO PECAS LT;RODOVIARIO;1541481;14/07/2026;13;352120;14/07/2026;TAI MOTORS VEICULOS S/A;9,27E+12;VITORIA;ES;14/07/2026;21/07/2026;17/07/2026;Entregue No Prazo;;Entrega realizada;Entrega Finalizada;21;7;14;7;CAMILO;8002;;;
MOBIS BRASIL FABRICACAO DE AUTO PECAS LT;RODOVIARIO;1541493;14/07/2026;1;352122;14/07/2026;TECAR TRILHAS AUTOMOVEIS E SERVICOS LTDA;2,32E+13;DIVINOPOLIS;MG;14/07/2026;21/07/2026;17/07/2026;Entregue No Prazo;;Entrega realizada;Entrega Finalizada;21;7;14;7;CAMILO;11039;;;
MOBIS BRASIL FABRICACAO DE AUTO PECAS LT;RODOVIARIO;1541518;14/07/2026;1;352076;14/07/2026;SANTA FE VEICULOS LTDA.;1,16E+13;FRANCISCO BELTRAO;PR;14/07/2026;21/07/2026;17/07/2026;Entregue No Prazo;;Entrega realizada;Entrega Finalizada;21;7;14;7;TRANSTRY;18010;;;
MOBIS BRASIL FABRICACAO DE AUTO PECAS LT;RODOVIARIO;1541553;14/07/2026;2;352075;14/07/2026;LR COMERCIO DE VEICULOS LTDA;1,05E+13;RIO DO SUL;SC;14/07/2026;21/07/2026;17/07/2026;Entregue No Prazo;;Entrega realizada;Entrega Finalizada;21;7;14;7;TRANSTRY;24007;;;
MOBIS BRASIL FABRICACAO DE AUTO PECAS LT;RODOVIARIO;1541483;14/07/2026;9;352033;14/07/2026;NISA COMERCIAL DE VEIC. AUTOMOTORES LTDA;1,03E+13;APARECIDA DE GOIANIA;GO;14/07/2026;22/07/2026;17/07/2026;Entregue No Prazo;;Entrega realizada;Entrega Finalizada;22;7;14;7;RIO VERMELHO;9002;;;
MOBIS BRASIL FABRICACAO DE AUTO PECAS LT;RODOVIARIO;1541495;14/07/2026;1;352098;14/07/2026;GOLDEN MOTORS VEICULOS LTDA;3,62E+12;TRES LAGOAS;MS;14/07/2026;22/07/2026;17/07/2026;Entregue No Prazo;;Entrega realizada;Entrega Finalizada;22;7;14;7;CARVALIMA;12001;;;
MOBIS BRASIL FABRICACAO DE AUTO PECAS LT;RODOVIARIO;1541551;14/07/2026;2;352068;14/07/2026;CHINHAN AUTOMOVEIS LTDA;2,41E+13;CONCORDIA;SC;14/07/2026;22/07/2026;17/07/2026;Entregue No Prazo;;Entrega realizada;Entrega Finalizada;22;7;14;7;TRANSTRY;23019;;;
MOBIS BRASIL FABRICACAO DE AUTO PECAS LT;RODOVIARIO;1542060;14/07/2026;54;352037;14/07/2026;SAGA KOREA COM. DE VEIC. E PC. LTDA;1,27E+13;GOIANIA;GO;14/07/2026;22/07/2026;17/07/2026;Entregue No Prazo;;Entrega realizada;Entrega Finalizada;22;7;14;7;RIO VERMELHO;9011;;;
MOBIS BRASIL FABRICACAO DE AUTO PECAS LT;RODOVIARIO;1541498;14/07/2026;1;352117;14/07/2026;SAGA ASIA COM. DE VEIC.PC.E SERV. LTDA;2,23E+13;VARZEA GRANDE;MT;14/07/2026;23/07/2026;17/07/2026;Entregue No Prazo;;Entrega realizada;Entrega Finalizada;23;7;14;7;CARVALIMA;13004;;;
MOBIS BRASIL FABRICACAO DE AUTO PECAS LT;RODOVIARIO;1541499;14/07/2026;4;352117;14/07/2026;SAGA ASIA COM. DE VEIC.PC.E SERV. LTDA;2,23E+13;VARZEA GRANDE;MT;14/07/2026;23/07/2026;17/07/2026;Entregue No Prazo;;Entrega realizada;Entrega Finalizada;23;7;14;7;CARVALIMA;13004;;;
MOBIS BRASIL FABRICACAO DE AUTO PECAS LT;RODOVIARIO;1542398;15/07/2026;5;352512;15/07/2026;NOBRE DISTRIBUIDORA DE VEIC. E PEC. LTDA;5,76E+12;MOGI DAS CRUZES;SP;15/07/2026;17/07/2026;17/07/2026;Entregue No Prazo;;Entrega realizada;Entrega Finalizada;17;7;15;7;XD DIADEMA;26004;;;
MOBIS BRASIL FABRICACAO DE AUTO PECAS LT;RODOVIARIO;1542424;15/07/2026;18;352510;15/07/2026;GRANDAY AUTOMOTORES LTDA (CHAC. CALIFOR);1,57E+13;SAO PAULO;SP;15/07/2026;17/07/2026;17/07/2026;Entregue No Prazo;;Entrega realizada;Entrega Finalizada;17;7;15;7;XD DIADEMA;26090;;;
MOBIS BRASIL FABRICACAO DE AUTO PECAS LT;RODOVIARIO;1542425;15/07/2026;7;352510;15/07/2026;GRANDAY AUTOMOTORES LTDA (CHAC. CALIFOR);1,57E+13;SAO PAULO;SP;15/07/2026;17/07/2026;17/07/2026;Entregue No Prazo;;Entrega realizada;Entrega Finalizada;17;7;15;7;XD DIADEMA;26090;;;
MOBIS BRASIL FABRICACAO DE AUTO PECAS LT;RODOVIARIO;1542364;15/07/2026;72;352451;15/07/2026;SEVEC VEICULOS LTDA;5,68E+11;CURITIBA;PR;15/07/2026;20/07/2026;17/07/2026;Entregue No Prazo;;Entrega realizada;Entrega Finalizada;20;7;15;7;TRANSTRY;18012;;;
MOBIS BRASIL FABRICACAO DE AUTO PECAS LT;RODOVIARIO;1542369;15/07/2026;8;352437;15/07/2026;BARI VEICULOS LTDA;7,46E+12;CURITIBA;PR;15/07/2026;20/07/2026;17/07/2026;Entregue No Prazo;;Entrega realizada;Entrega Finalizada;20;7;15;7;TRANSTRY;18024;;;
MOBIS BRASIL FABRICACAO DE AUTO PECAS LT;RODOVIARIO;1542402;15/07/2026;26;352366;15/07/2026;NEW VEICULOS E PECAS LTDA;1,59E+13;RIBEIRAO PRETO;SP;15/07/2026;20/07/2026;17/07/2026;Entregue No Prazo;;Entrega realizada;Entrega Finalizada;20;7;15;7;MVT;26014;;;
MOBIS BRASIL FABRICACAO DE AUTO PECAS LT;RODOVIARIO;1542406;15/07/2026;2;352355;15/07/2026;ANDRETA II DISTRIB.DE VEICULOS LTDA.;9,10E+12;JUNDIAI;SP;15/07/2026;20/07/2026;17/07/2026;Entregue No Prazo;;Entrega realizada;Entrega Finalizada;20;7;15;7;MVT;26040;;;
MOBIS BRASIL FABRICACAO DE AUTO PECAS LT;RODOVIARIO;1542418;15/07/2026;1;352358;15/07/2026;CAOA MOTOR DO BRASIL LTDA;1,68E+13;SAO CARLOS;SP;15/07/2026;20/07/2026;17/07/2026;Entregue No Prazo;Falta;Entrega realizada;Entrega Finalizada;20;7;15;7;MVT;5008;;;
MOBIS BRASIL FABRICACAO DE AUTO PECAS LT;RODOVIARIO;1542427;15/07/2026;1;352362;15/07/2026;H - CAMINHO AUTOMOVEIS LTDA;2,53E+13;LIMEIRA;SP;15/07/2026;20/07/2026;17/07/2026;Entregue No Prazo;;Entrega realizada;Entrega Finalizada;20;7;15;7;MVT;26092;;;
MOBIS BRASIL FABRICACAO DE AUTO PECAS LT;RODOVIARIO;1542332;15/07/2026;5;352490;15/07/2026;URCA MOTORS VEICULOS LTDA;8,77E+12;UBERLANDIA;MG;15/07/2026;21/07/2026;17/07/2026;Entregue No Prazo;;Entrega realizada;Entrega Finalizada;21;7;15;7;CAMILO;9014;;;
MOBIS BRASIL FABRICACAO DE AUTO PECAS LT;RODOVIARIO;1542333;15/07/2026;1;352486;15/07/2026;TOKSU COMERCIO DE VEICULOS LTDA;1,12E+13;JUIZ DE FORA;MG;15/07/2026;21/07/2026;17/07/2026;Entregue No Prazo;;Entrega realizada;Entrega Finalizada;21;7;15;7;CAMILO;11008;;;
MOBIS BRASIL FABRICACAO DE AUTO PECAS LT;RODOVIARIO;1542338;15/07/2026;1;352485;15/07/2026;TOKSU COMERCIO DE VEICULOS LTDA;1,12E+13;VARGINHA;MG;15/07/2026;21/07/2026;17/07/2026;Entregue No Prazo;;Entrega realizada;Entrega Finalizada;21;7;15;7;CAMILO;11008;;;
MOBIS BRASIL FABRICACAO DE AUTO PECAS LT;RODOVIARIO;1542341;15/07/2026;1;352493;15/07/2026;VIME POCOS COM. DE VEICULOS E PECAS LTDA;3,43E+13;POCOS DE CALDAS;MG;15/07/2026;21/07/2026;17/07/2026;Entregue No Prazo;;Entrega realizada;Entrega Finalizada;21;7;15;7;CAMILO;11033;;;
MOBIS BRASIL FABRICACAO DE AUTO PECAS LT;RODOVIARIO;1542362;15/07/2026;14;352448;15/07/2026;LOVAT VEICULOS S/A;8,57E+12;LONDRINA;PR;15/07/2026;21/07/2026;17/07/2026;Entregue No Prazo;;Entrega realizada;Entrega Finalizada;21;7;15;7;TRANSTRY;18008;;;
MOBIS BRASIL FABRICACAO DE AUTO PECAS LT;RODOVIARIO;1542365;15/07/2026;2;352436;15/07/2026;BARI VEICULOS LTDA;7,46E+12;PONTA GROSSA;PR;15/07/2026;21/07/2026;17/07/2026;Entregue No Prazo;;Entrega realizada;Entrega Finalizada;21;7;15;7;TRANSTRY;18024;;;
MOBIS BRASIL FABRICACAO DE AUTO PECAS LT;RODOVIARIO;1542387;15/07/2026;1;352439;15/07/2026;BARI VEICULOS LTDA.;7,46E+12;JOINVILLE;SC;15/07/2026;21/07/2026;17/07/2026;Entregue No Prazo;;Entrega realizada;Entrega Finalizada;21;7;15;7;TRANSTRY;24013;;;
MOBIS BRASIL FABRICACAO DE AUTO PECAS LT;RODOVIARIO;1542388;15/07/2026;1;352440;15/07/2026;BARI VEICULOS LTDA.;7,46E+12;ITAJAI;SC;15/07/2026;21/07/2026;17/07/2026;Entregue No Prazo;;Entrega realizada;Entrega Finalizada;21;7;15;7;TRANSTRY;24014;;;
MOBIS BRASIL FABRICACAO DE AUTO PECAS LT;RODOVIARIO;1542389;15/07/2026;1;352440;15/07/2026;BARI VEICULOS LTDA.;7,46E+12;ITAJAI;SC;15/07/2026;21/07/2026;17/07/2026;Entregue No Prazo;;Entrega realizada;Entrega Finalizada;21;7;15;7;TRANSTRY;24014;;;
MOBIS BRASIL FABRICACAO DE AUTO PECAS LT;RODOVIARIO;1542412;15/07/2026;1;352363;15/07/2026;H R B COMERCIO DE VEICULOS LTDA;1,82E+13;SAO JOSE DO RIO PRETO;SP;15/07/2026;21/07/2026;17/07/2026;Entregue No Prazo;;Entrega realizada;Entrega Finalizada;21;7;15;7;MVT;26050;;;
MOBIS BRASIL FABRICACAO DE AUTO PECAS LT;RODOVIARIO;1542413;15/07/2026;1;352363;15/07/2026;H R B COMERCIO DE VEICULOS LTDA;1,82E+13;SAO JOSE DO RIO PRETO;SP;15/07/2026;21/07/2026;17/07/2026;Entregue No Prazo;;Entrega realizada;Entrega Finalizada;21;7;15;7;MVT;26050;;;
MOBIS BRASIL FABRICACAO DE AUTO PECAS LT;RODOVIARIO;1542415;15/07/2026;1;352360;15/07/2026;GOLDEN MOTORS VEICULOS LTDA;3,62E+12;ARACATUBA;SP;15/07/2026;21/07/2026;17/07/2026;Entregue No Prazo;;Entrega realizada;Entrega Finalizada;21;7;15;7;MVT;12001;;;
MOBIS BRASIL FABRICACAO DE AUTO PECAS LT;RODOVIARIO;1542426;15/07/2026;1;352361;15/07/2026;H - CAMINHO AUTOMOVEIS LTDA;2,53E+13;PIRACICABA;SP;15/07/2026;21/07/2026;17/07/2026;Entregue No Prazo;;Entrega realizada;Entrega Finalizada;21;7;15;7;MVT;26092;;;
MOBIS BRASIL FABRICACAO DE AUTO PECAS LT;RODOVIARIO;1542335;15/07/2026;5;352495;15/07/2026;VITAL COMERCIO DE VEICULOS LTDA;1,05E+13;IPATINGA;MG;15/07/2026;22/07/2026;17/07/2026;Entregue No Prazo;;Entrega realizada;Entrega Finalizada;22;7;15;7;CAMILO;11016;;;
MOBIS BRASIL FABRICACAO DE AUTO PECAS LT;RODOVIARIO;1542339;15/07/2026;1;352492;15/07/2026;VIME AUTOMOVEIS E PECAS LTDA;2,85E+13;GUAXUPE;MG;15/07/2026;22/07/2026;17/07/2026;Entregue No Prazo;;Entrega realizada;Entrega Finalizada;22;7;15;7;CAMILO;11031;;;
MOBIS BRASIL FABRICACAO DE AUTO PECAS LT;RODOVIARIO;1542340;15/07/2026;1;352492;15/07/2026;VIME AUTOMOVEIS E PECAS LTDA;2,85E+13;GUAXUPE;MG;15/07/2026;22/07/2026;17/07/2026;Entregue No Prazo;;Entrega realizada;Entrega Finalizada;22;7;15;7;CAMILO;11031;;;
MOBIS BRASIL FABRICACAO DE AUTO PECAS LT;RODOVIARIO;1542363;15/07/2026;2;352450;15/07/2026;SANTA FE VEICULOS LTDA.;1,16E+13;FRANCISCO BELTRAO;PR;15/07/2026;22/07/2026;17/07/2026;Entregue No Prazo;;Entrega realizada;Entrega Finalizada;22;7;15;7;TRANSTRY;18010;;;
MOBIS BRASIL FABRICACAO DE AUTO PECAS LT;RODOVIARIO;1542384;15/07/2026;1;352449;15/07/2026;LR COMERCIO DE VEICULOS LTDA;1,05E+13;SAO JOSE;SC;15/07/2026;22/07/2026;17/07/2026;Entregue No Prazo;;Entrega realizada;Entrega Finalizada;22;7;15;7;TRANSTRY;24007;;;
MOBIS BRASIL FABRICACAO DE AUTO PECAS LT;RODOVIARIO;1542385;15/07/2026;5;352438;15/07/2026;BARI VEICULOS LTDA;7,46E+12;BLUMENAU;SC;15/07/2026;22/07/2026;17/07/2026;Entregue No Prazo;;Entrega realizada;Entrega Finalizada;22;7;15;7;TRANSTRY;18024;;;
MOBIS BRASIL FABRICACAO DE AUTO PECAS LT;RODOVIARIO;1542386;15/07/2026;19;352438;15/07/2026;BARI VEICULOS LTDA;7,46E+12;BLUMENAU;SC;15/07/2026;22/07/2026;17/07/2026;Entregue No Prazo;;Entrega realizada;Entrega Finalizada;22;7;15;7;TRANSTRY;18024;;;
MOBIS BRASIL FABRICACAO DE AUTO PECAS LT;RODOVIARIO;1542391;15/07/2026;4;352445;15/07/2026;GAMBATTO H1 VEICULOS LTDA;1,94E+13;CHAPECO;SC;15/07/2026;22/07/2026;17/07/2026;Entregue No Prazo;;Entrega realizada;Entrega Finalizada;22;7;15;7;TRANSTRY;24018;;;
MOBIS BRASIL FABRICACAO DE AUTO PECAS LT;RODOVIARIO;1542347;15/07/2026;4;352487;15/07/2026;ULSAN COMERCIO DE VEICULOS LTDA.;2,10E+13;CAMPO GRANDE;MS;15/07/2026;23/07/2026;17/07/2026;Entregue No Prazo;Avaria;Entrega realizada;Entrega Finalizada;23;7;15;7;CARVALIMA;12004;;;
MOBIS BRASIL FABRICACAO DE AUTO PECAS LT;RODOVIARIO;1542390;15/07/2026;2;352434;15/07/2026;BARI VEICULOS LTDA;7,46E+12;BALNEARIO CAMBORIU;SC;15/07/2026;23/07/2026;17/07/2026;Entregue No Prazo;;Entrega realizada;Entrega Finalizada;23;7;15;7;TRANSTRY;18024;;;
MOBIS BRASIL FABRICACAO DE AUTO PECAS LT;RODOVIARIO;1542392;15/07/2026;1;352442;15/07/2026;CHINHAN AUTOMOVEIS LTDA;2,41E+13;CONCORDIA;SC;15/07/2026;23/07/2026;17/07/2026;Entregue No Prazo;;Entrega realizada;Entrega Finalizada;23;7;15;7;TRANSTRY;23019;;;
MOBIS BRASIL FABRICACAO DE AUTO PECAS LT;RODOVIARIO;1543152;16/07/2026;2;352578;16/07/2026;DHC COMERCIO DE VEICULOS E PECAS LTDA;9,52E+12;BAURU;SP;16/07/2026;21/07/2026;17/07/2026;Entregue No Prazo;;Entrega realizada;Entrega Finalizada;21;7;16;7;MVT;26010;;;
MOBIS BRASIL FABRICACAO DE AUTO PECAS LT;RODOVIARIO;1543153;16/07/2026;2;352575;16/07/2026;ANDRETA II DISTRIBUIDORA DE VEIC. LTDA;9,10E+12;CAMPINAS;SP;16/07/2026;21/07/2026;17/07/2026;Entregue No Prazo;;Entrega realizada;Entrega Finalizada;21;7;16;7;MVT;26011;;;
MOBIS BRASIL FABRICACAO DE AUTO PECAS LT;RODOVIARIO;1543154;16/07/2026;26;352575;16/07/2026;ANDRETA II DISTRIBUIDORA DE VEIC. LTDA;9,10E+12;CAMPINAS;SP;16/07/2026;21/07/2026;17/07/2026;Entregue No Prazo;;Entrega realizada;Entrega Finalizada;21;7;16;7;MVT;26011;;;
MOBIS BRASIL FABRICACAO DE AUTO PECAS LT;RODOVIARIO;1543161;16/07/2026;11;352573;16/07/2026;ANDRETA II DISTRIBUIDORA DE VEIC. LTDA;9,10E+12;AMERICANA;SP;16/07/2026;21/07/2026;17/07/2026;Entregue No Prazo;;Entrega realizada;Entrega Finalizada;21;7;16;7;MVT;26011;;;
MOBIS BRASIL FABRICACAO DE AUTO PECAS LT;RODOVIARIO;1543150;16/07/2026;1;352582;16/07/2026;HYMAX DISTRIBUIDORA DE VEICULOS LTDA;1,73E+13;MOGI GUACU;SP;16/07/2026;22/07/2026;17/07/2026;Entregue No Prazo;;Entrega realizada;Entrega Finalizada;22;7;16;7;MVT;26002;;;
MOBIS BRASIL FABRICACAO DE AUTO PECAS LT;RODOVIARIO;1543162;16/07/2026;7;352584;16/07/2026;NEW VEICULOS E PECAS LTDA;1,59E+13;FRANCA;SP;16/07/2026;22/07/2026;17/07/2026;Entregue No Prazo;;Entrega realizada;Entrega Finalizada;22;7;16;7;MVT;26014;;;
MOBIS BRASIL FABRICACAO DE AUTO PECAS LT;RODOVIARIO;1543163;16/07/2026;1;352581;16/07/2026;H R B COMERCIO DE VEICULOS LTDA;1,82E+13;SAO JOSE DO RIO PRETO;SP;16/07/2026;22/07/2026;17/07/2026;Entregue No Prazo;;Entrega realizada;Entrega Finalizada;22;7;16;7;MVT;26050;;;
MOBIS BRASIL FABRICACAO DE AUTO PECAS LT;RODOVIARIO;1543159;16/07/2026;55;352707;17/07/2026;BILLY DISTRIBUIDORA DE VEICULOS LTDA;1,34E+13;SAO CAETANO DO SUL;SP;17/07/2026;21/07/2026;17/07/2026;Entregue No Prazo;;Entrega realizada;Entrega Finalizada;21;7;17;7;BV LOG;26003;;;
MOBIS BRASIL FABRICACAO DE AUTO PECAS LT;RODOVIARIO;1543173;16/07/2026;10;352708;17/07/2026;GRANDAY AUTOMOTORES LTDA (CHAC. CALIFOR);1,57E+13;SAO PAULO;SP;17/07/2026;21/07/2026;17/07/2026;Entregue No Prazo;;Entrega realizada;Entrega Finalizada;21;7;17;7;BV LOG;26090;;;
MOBIS BRASIL FABRICACAO DE AUTO PECAS LT;RODOVIARIO;1541500;14/07/2026;1;352091;14/07/2026;COMETA MATO GROSSO COM. DE VEICULOS LTDA;1,54E+13;RONDONOPOLIS;MT;14/07/2026;24/07/2026;18/07/2026;Entregue No Prazo;;Entrega realizada;Entrega Finalizada;24;7;14;7;CARVALIMA;13006;;;
MOBIS BRASIL FABRICACAO DE AUTO PECAS LT;RODOVIARIO;1542349;15/07/2026;1;352460;15/07/2026;COMETA MATO GROSSO COM. DE VEICULOS LTDA;1,54E+13;RONDONOPOLIS;MT;15/07/2026;27/07/2026;18/07/2026;Entregue No Prazo;;Entrega realizada;Entrega Finalizada;27;7;15;7;CARVALIMA;13006;;;
MOBIS BRASIL FABRICACAO DE AUTO PECAS LT;RODOVIARIO;1533256;27/06/2026;1;349780;29/06/2026;URCA MOTORS VEICULOS LTDA;8,77E+12;UBERABA;MG;29/06/2026;03/07/2026;20/07/2026;Entregue Fora do Prazo;;Entrega realizada;Entrega Finalizada;3;7;29;6;CAMILO;9014;;;
MOBIS BRASIL FABRICACAO DE AUTO PECAS LT;RODOVIARIO;1533260;27/06/2026;2;349768;29/06/2026;GNC GRANDE COREIA MINAS GERAIS COMERCIO;4,27E+13;MONTES CLAROS;MG;29/06/2026;06/07/2026;20/07/2026;Entregue Fora do Prazo;;Entrega realizada;Entrega Finalizada;6;7;29;6;CAMILO;11035;;;
MOBIS BRASIL FABRICACAO DE AUTO PECAS LT;RODOVIARIO;1536898;06/07/2026;1;351061;06/07/2026;PATEO COMERCIO DE VEICULOS S A;7,78E+12;MANAUS;AM;06/07/2026;30/07/2026;20/07/2026;Entregue No Prazo;;Entrega realizada;Entrega Finalizada;30;7;6;7;CARVALIMA;3002;;;
MOBIS BRASIL FABRICACAO DE AUTO PECAS LT;RODOVIARIO;1537582;07/07/2026;1;351183;07/07/2026;PATEO COMERCIO DE VEICULOS S A;7,78E+12;JOAO PESSOA;PB;07/07/2026;22/07/2026;20/07/2026;Entregue No Prazo;;Entrega realizada;Entrega Finalizada;22;7;7;7;TERMACO;15003;;;
MOBIS BRASIL FABRICACAO DE AUTO PECAS LT;RODOVIARIO;1538451;08/07/2026;1;351424;08/07/2026;GRANDE COREIA COMERCIO DE VEICULOS LTDA;2,66E+13;CASTANHAL;PA;08/07/2026;21/07/2026;20/07/2026;Entregue No Prazo;;Entrega realizada;Entrega Finalizada;21;7;8;7;CARVALIMA;14007;;;
MOBIS BRASIL FABRICACAO DE AUTO PECAS LT;RODOVIARIO;1539370;09/07/2026;2;351622;09/07/2026;MISO VEICULOS LTDA;1,85E+13;SANTAREM;PA;09/07/2026;23/07/2026;20/07/2026;Entregue No Prazo;;Entrega realizada;Entrega Finalizada;23;7;9;7;CARVALIMA;4001;;;
MOBIS BRASIL FABRICACAO DE AUTO PECAS LT;RODOVIARIO;1539732;09/07/2026;1;351614;09/07/2026;FAZZA MOTORS COM. DE VEICULOS LTDA;1,24E+13;FORTALEZA;CE;09/07/2026;23/07/2026;20/07/2026;Entregue No Prazo;;Entrega realizada;Entrega Finalizada;23;7;9;7;TERMACO;6001;;;
MOBIS BRASIL FABRICACAO DE AUTO PECAS LT;RODOVIARIO;1538456;08/07/2026;3;351413;08/07/2026;AUTORAC VEICULOS LTDA;1,06E+13;PETROLINA;PE;08/07/2026;24/07/2026;20/07/2026;Entregue No Prazo;;Entrega realizada;Entrega Finalizada;24;7;8;7;TERMACO;16001;;;
MOBIS BRASIL FABRICACAO DE AUTO PECAS LT;RODOVIARIO;1539374;09/07/2026;2;351603;09/07/2026;AUTORAC VEICULOS LTDA;1,06E+13;PETROLINA;PE;09/07/2026;27/07/2026;20/07/2026;Entregue No Prazo;;Entrega realizada;Entrega Finalizada;27;7;9;7;TERMACO;16001;;;
MOBIS BRASIL FABRICACAO DE AUTO PECAS LT;RODOVIARIO;1540107;10/07/2026;3;351687;10/07/2026;GALA COMERCIO DE VEICULOS LTDA.;1,77E+13;PELOTAS;RS;10/07/2026;17/07/2026;20/07/2026;Entregue Fora do Prazo;;Entrega realizada;Entrega Finalizada;17;7;10;7;TRANSTRY;23009;;;
MOBIS BRASIL FABRICACAO DE AUTO PECAS LT;RODOVIARIO;1540034;10/07/2026;1;351715;10/07/2026;CAOA MOTOR DO BRASIL LTDA;1,68E+13;FORTALEZA;CE;10/07/2026;24/07/2026;20/07/2026;Entregue No Prazo;;Entrega realizada;Entrega Finalizada;24;7;10;7;TERMACO;5008;;;
MOBIS BRASIL FABRICACAO DE AUTO PECAS LT;RODOVIARIO;1540474;10/07/2026;1;351722;10/07/2026;FAZZA MOTORS COM. DE VEICULOS LTDA;1,24E+13;FORTALEZA;CE;10/07/2026;24/07/2026;20/07/2026;Entregue No Prazo;;Entrega realizada;Entrega Finalizada;24;7;10;7;TERMACO;6001;;;
MOBIS BRASIL FABRICACAO DE AUTO PECAS LT;RODOVIARIO;1540027;10/07/2026;1;351711;10/07/2026;AIKON VEICULOS LTDA;1,17E+13;VITORIA DA CONQUISTA;BA;10/07/2026;27/07/2026;20/07/2026;Entregue No Prazo;;Entrega realizada;Entrega Finalizada;27;7;10;7;TERMACO;5002;;;
MOBIS BRASIL FABRICACAO DE AUTO PECAS LT;RODOVIARIO;1540076;10/07/2026;1;351730;10/07/2026;JPN PATOS COMERCIO DE VEICULOS LTDA;4,20E+13;PATOS;PB;10/07/2026;28/07/2026;20/07/2026;Entregue No Prazo;;Entrega realizada;Entrega Finalizada;28;7;10;7;TERMACO;15004;Adesão do Maranhão à Independência do Brasil;Estadual;MA
MOBIS BRASIL FABRICACAO DE AUTO PECAS LT;RODOVIARIO;1540080;10/07/2026;1;351712;10/07/2026;AUTORAC VEICULOS LTDA;1,06E+13;PETROLINA;PE;10/07/2026;28/07/2026;20/07/2026;Entregue No Prazo;;Entrega realizada;Entrega Finalizada;28;7;10;7;TERMACO;16001;Adesão do Maranhão à Independência do Brasil;Estadual;MA
MOBIS BRASIL FABRICACAO DE AUTO PECAS LT;RODOVIARIO;1540824;13/07/2026;1;351840;13/07/2026;GALA COMERCIO DE VEICULOS LTDA.;1,77E+13;PELOTAS;RS;13/07/2026;20/07/2026;20/07/2026;Entregue No Prazo;;Entrega realizada;Entrega Finalizada;20;7;13;7;TRANSTRY;23009;;;
MOBIS BRASIL FABRICACAO DE AUTO PECAS LT;RODOVIARIO;1540826;13/07/2026;10;351838;13/07/2026;CHINHAN AUTOMOVEIS LTDA;2,41E+13;ERECHIM;RS;13/07/2026;21/07/2026;20/07/2026;Entregue No Prazo;;Entrega realizada;Entrega Finalizada;21;7;13;7;TRANSTRY;23019;;;
MOBIS BRASIL FABRICACAO DE AUTO PECAS LT;RODOVIARIO;1540780;13/07/2026;1;351859;13/07/2026;FAZZA MOTORS COMERCIO DE VEICULOS LTDA;1,24E+13;SALVADOR;BA;13/07/2026;23/07/2026;20/07/2026;Entregue No Prazo;;Entrega realizada;Entrega Finalizada;23;7;13;7;TERMACO;5007;;;
MOBIS BRASIL FABRICACAO DE AUTO PECAS LT;RODOVIARIO;1541565;14/07/2026;1;352031;14/07/2026;GRANDAY AUTOMOTORES LTDA;1,57E+13;SAO PAULO;SP;14/07/2026;16/07/2026;20/07/2026;Entregue Fora do Prazo;;Entrega realizada;Entrega Finalizada;16;7;14;7;XD DIADEMA;26041;;;
MOBIS BRASIL FABRICACAO DE AUTO PECAS LT;RODOVIARIO;1541540;14/07/2026;9;352071;14/07/2026;HOUSE PARTS-COM. DE PCS. E VEICULOS LTDA;1,15E+13;PORTO ALEGRE;RS;14/07/2026;20/07/2026;20/07/2026;Entregue No Prazo;;Entrega realizada;Entrega Finalizada;20;7;14;7;TRANSTRY;23004;;;
MOBIS BRASIL FABRICACAO DE AUTO PECAS LT;RODOVIARIO;1541486;14/07/2026;3;352094;14/07/2026;CONCESSIONARIA NAGOYA MOTOS E VEIC. LTDA;8,74E+12;UBA;MG;14/07/2026;21/07/2026;20/07/2026;Entregue No Prazo;;Entrega realizada;Entrega Finalizada;21;7;14;7;CAMILO;11004;;;
MOBIS BRASIL FABRICACAO DE AUTO PECAS LT;RODOVIARIO;1541543;14/07/2026;3;352070;14/07/2026;GAMBATTO H1 VEICULOS LTDA;1,94E+13;PASSO FUNDO;RS;14/07/2026;21/07/2026;20/07/2026;Entregue No Prazo;;Entrega realizada;Entrega Finalizada;21;7;14;7;TRANSTRY;23015;;;
MOBIS BRASIL FABRICACAO DE AUTO PECAS LT;RODOVIARIO;1541476;14/07/2026;1;352038;14/07/2026;SMAFF IMPORT VEICULOS LTDA;8,18E+12;BRASILIA;DF;14/07/2026;22/07/2026;20/07/2026;Entregue No Prazo;;Entrega realizada;Entrega Finalizada;22;7;14;7;RIO VERMELHO;7002;;;
MOBIS BRASIL FABRICACAO DE AUTO PECAS LT;RODOVIARIO;1541479;14/07/2026;9;352036;14/07/2026;SAGA KOREA COM. DE VEIC. E PC. LTDA;1,27E+13;BRASILIA;DF;14/07/2026;22/07/2026;20/07/2026;Entregue No Prazo;;Entrega realizada;Entrega Finalizada;22;7;14;7;RIO VERMELHO;7005;;;
MOBIS BRASIL FABRICACAO DE AUTO PECAS LT;RODOVIARIO;1541482;14/07/2026;4;352115;14/07/2026;PRIME CACHOEIRO VEICULOS LTDA EPP;9,34E+12;CACHOEIRO DE ITAPEMIRIM;ES;14/07/2026;22/07/2026;20/07/2026;Entregue No Prazo;;Entrega realizada;Entrega Finalizada;22;7;14;7;CAMILO;8003;;;
MOBIS BRASIL FABRICACAO DE AUTO PECAS LT;RODOVIARIO;1541544;14/07/2026;1;352067;14/07/2026;CHINHAN AUTOMOVEIS LTDA;2,41E+13;ERECHIM;RS;14/07/2026;22/07/2026;20/07/2026;Entregue No Prazo;;Entrega realizada;Entrega Finalizada;22;7;14;7;TRANSTRY;23019;;;
MOBIS BRASIL FABRICACAO DE AUTO PECAS LT;RODOVIARIO;1541497;14/07/2026;1;352092;14/07/2026;COMETA MATO GROSSO COM. DE VEICULOS LTDA;1,54E+13;SINOP;MT;14/07/2026;24/07/2026;20/07/2026;Entregue No Prazo;;Entrega realizada;Entrega Finalizada;24;7;14;7;CARVALIMA;13003;;;
MOBIS BRASIL FABRICACAO DE AUTO PECAS LT;RODOVIARIO;1541504;14/07/2026;2;352108;14/07/2026;NACIONAL NOVA MARABA DIST DE VEIC. LTDA;1,70E+13;MARABA;PA;14/07/2026;28/07/2026;20/07/2026;Entregue No Prazo;;Entrega realizada;Entrega Finalizada;28;7;14;7;CARVALIMA;14005;Adesão do Maranhão à Independência do Brasil;Estadual;MA
MOBIS BRASIL FABRICACAO DE AUTO PECAS LT;RODOVIARIO;1542407;15/07/2026;2;352509;15/07/2026;GRANDAY AUTOMOTORES LTDA;1,57E+13;SAO PAULO;SP;15/07/2026;17/07/2026;20/07/2026;Entregue Fora do Prazo;;Entrega realizada;Entrega Finalizada;17;7;15;7;XD DIADEMA;26041;;;
MOBIS BRASIL FABRICACAO DE AUTO PECAS LT;RODOVIARIO;1542337;15/07/2026;24;352501;15/07/2026;CARBEL KOREA VEICULOS LTDA;2,07E+13;BELO HORIZONTE;MG;15/07/2026;20/07/2026;20/07/2026;Entregue No Prazo;;Entrega realizada;Entrega Finalizada;20;7;15;7;XD BETIM;11021;;;
MOBIS BRASIL FABRICACAO DE AUTO PECAS LT;RODOVIARIO;1542343;15/07/2026;1;352496;15/07/2026;BDG AUTOVILLE VEICULOS LTDA;4,77E+13;CONTAGEM;MG;15/07/2026;20/07/2026;20/07/2026;Entregue No Prazo;;Entrega realizada;Entrega Finalizada;20;7;15;7;XD BETIM;11037;;;
MOBIS BRASIL FABRICACAO DE AUTO PECAS LT;RODOVIARIO;1542344;15/07/2026;29;352496;15/07/2026;BDG AUTOVILLE VEICULOS LTDA;4,77E+13;CONTAGEM;MG;15/07/2026;20/07/2026;20/07/2026;Entregue No Prazo;;Entrega realizada;Entrega Finalizada;20;7;15;7;XD BETIM;11037;;;
MOBIS BRASIL FABRICACAO DE AUTO PECAS LT;RODOVIARIO;1542944;15/07/2026;11;352518;15/07/2026;TAI MOTORS VEICULOS S/A;9,27E+12;BELO HORIZONTE;MG;15/07/2026;20/07/2026;20/07/2026;Entregue No Prazo;;Entrega realizada;Entrega Finalizada;20;7;15;7;XD BETIM;8002;;;
MOBIS BRASIL FABRICACAO DE AUTO PECAS LT;RODOVIARIO;1542336;15/07/2026;1;352489;15/07/2026;URCA MOTORS VEICULOS LTDA;8,77E+12;UBERABA;MG;15/07/2026;21/07/2026;20/07/2026;Entregue No Prazo;;Entrega realizada;Entrega Finalizada;21;7;15;7;CAMILO;9014;;;
MOBIS BRASIL FABRICACAO DE AUTO PECAS LT;RODOVIARIO;1542377;15/07/2026;10;352447;15/07/2026;HOUSE PARTS-COM. DE PCS. E VEICULOS LTDA;1,15E+13;PORTO ALEGRE;RS;15/07/2026;21/07/2026;20/07/2026;Entregue No Prazo;;Entrega realizada;Entrega Finalizada;21;7;15;7;TRANSTRY;23004;;;
MOBIS BRASIL FABRICACAO DE AUTO PECAS LT;RODOVIARIO;1542395;15/07/2026;3;352364;15/07/2026;HYMAX DISTRIBUIDORA DE VEICULOS LTDA;1,73E+13;MOGI GUACU;SP;15/07/2026;21/07/2026;20/07/2026;Entregue No Prazo;;Entrega realizada;Entrega Finalizada;21;7;15;7;MVT;26002;;;
MOBIS BRASIL FABRICACAO DE AUTO PECAS LT;RODOVIARIO;1542396;15/07/2026;2;352364;15/07/2026;HYMAX DISTRIBUIDORA DE VEICULOS LTDA;1,73E+13;MOGI GUACU;SP;15/07/2026;21/07/2026;20/07/2026;Entregue No Prazo;;Entrega realizada;Entrega Finalizada;21;7;15;7;MVT;26002;;;
MOBIS BRASIL FABRICACAO DE AUTO PECAS LT;RODOVIARIO;1542328;15/07/2026;16;352483;15/07/2026;TAI MOTORS VEICULOS S/A;9,27E+12;VITORIA;ES;15/07/2026;22/07/2026;20/07/2026;Entregue No Prazo;;Entrega realizada;Entrega Finalizada;22;7;15;7;CAMILO;8002;;;
MOBIS BRASIL FABRICACAO DE AUTO PECAS LT;RODOVIARIO;1542342;15/07/2026;1;352484;15/07/2026;TAI MOTORS VEICULOS S/A;9,27E+12;MURIAE;MG;15/07/2026;22/07/2026;20/07/2026;Entregue No Prazo;;Entrega realizada;Entrega Finalizada;22;7;15;7;CAMILO;8002;;;
MOBIS BRASIL FABRICACAO DE AUTO PECAS LT;RODOVIARIO;1542345;15/07/2026;1;352476;15/07/2026;RITMO MOTORS LTDA;1,94E+13;PASSOS;MG;15/07/2026;22/07/2026;20/07/2026;Entregue No Prazo;;Entrega realizada;Entrega Finalizada;22;7;15;7;CAMILO;11040;;;
MOBIS BRASIL FABRICACAO DE AUTO PECAS LT;RODOVIARIO;1542371;15/07/2026;1;352491;15/07/2026;VIA VR VEICULOS LTDA;1,73E+13;VOLTA REDONDA;RJ;15/07/2026;22/07/2026;20/07/2026;Entregue No Prazo;;Entrega realizada;Entrega Finalizada;22;7;15;7;CAMILO;19016;;;
MOBIS BRASIL FABRICACAO DE AUTO PECAS LT;RODOVIARIO;1542379;15/07/2026;6;352444;15/07/2026;GALA COMERCIO DE VEICULOS LTDA.;1,77E+13;PELOTAS;RS;15/07/2026;22/07/2026;20/07/2026;Entregue No Prazo;;Entrega realizada;Entrega Finalizada;22;7;15;7;TRANSTRY;23009;;;
MOBIS BRASIL FABRICACAO DE AUTO PECAS LT;RODOVIARIO;1542945;15/07/2026;1;352463;15/07/2026;GNC GRANDE COREIA MINAS GERAIS COMERCIO;4,27E+13;MONTES CLAROS;MG;15/07/2026;22/07/2026;20/07/2026;Entregue No Prazo;;Entrega realizada;Entrega Finalizada;22;7;15;7;CAMILO;11035;;;
MOBIS BRASIL FABRICACAO DE AUTO PECAS LT;RODOVIARIO;1542325;15/07/2026;1;352517;15/07/2026;SMAFF IMPORT VEICULOS LTDA;8,18E+12;BRASILIA;DF;15/07/2026;23/07/2026;20/07/2026;Entregue No Prazo;;Entrega realizada;Entrega Finalizada;23;7;15;7;RIO VERMELHO;7002;;;
MOBIS BRASIL FABRICACAO DE AUTO PECAS LT;RODOVIARIO;1542327;15/07/2026;3;352514;15/07/2026;SAGA KOREA COM. DE VEIC. E PC. LTDA;1,27E+13;BRASILIA;DF;15/07/2026;23/07/2026;20/07/2026;Entregue No Prazo;;Entrega realizada;Entrega Finalizada;23;7;15;7;RIO VERMELHO;7005;;;
MOBIS BRASIL FABRICACAO DE AUTO PECAS LT;RODOVIARIO;1542329;15/07/2026;9;352475;15/07/2026;PRIME CACHOEIRO VEICULOS LTDA EPP;9,34E+12;CACHOEIRO DE ITAPEMIRIM;ES;15/07/2026;23/07/2026;20/07/2026;Entregue No Prazo;;Entrega realizada;Entrega Finalizada;23;7;15;7;CAMILO;8003;;;
MOBIS BRASIL FABRICACAO DE AUTO PECAS LT;RODOVIARIO;1542330;15/07/2026;3;352511;15/07/2026;NISA COMERCIAL DE VEIC. AUTOMOTORES LTDA;1,03E+13;APARECIDA DE GOIANIA;GO;15/07/2026;23/07/2026;20/07/2026;Entregue No Prazo;;Entrega realizada;Entrega Finalizada;23;7;15;7;RIO VERMELHO;9002;;;
MOBIS BRASIL FABRICACAO DE AUTO PECAS LT;RODOVIARIO;1542346;15/07/2026;1;352464;15/07/2026;GOLDEN MOTORS VEICULOS LTDA;3,62E+12;DOURADOS;MS;15/07/2026;23/07/2026;20/07/2026;Entregue No Prazo;;Entrega realizada;Entrega Finalizada;23;7;15;7;CARVALIMA;12001;;;
MOBIS BRASIL FABRICACAO DE AUTO PECAS LT;RODOVIARIO;1542380;15/07/2026;1;352446;15/07/2026;HOUSE PARTS - COM. DE PECAS E VEIC. LTDA;1,15E+13;LAJEADO;RS;15/07/2026;23/07/2026;20/07/2026;Entregue No Prazo;;Entrega realizada;Entrega Finalizada;23;7;15;7;TRANSTRY;23018;;;
MOBIS BRASIL FABRICACAO DE AUTO PECAS LT;RODOVIARIO;1542393;15/07/2026;2;352443;15/07/2026;CHINHAN AUTOMOVEIS LTDA.;2,41E+13;CACADOR;SC;15/07/2026;24/07/2026;20/07/2026;Entregue No Prazo;;Entrega realizada;Entrega Finalizada;24;7;15;7;TRANSTRY;24020;;;
MOBIS BRASIL FABRICACAO DE AUTO PECAS LT;RODOVIARIO;1543158;16/07/2026;1;352541;16/07/2026;GRANDAY AUTOMOTORES LTDA;1,57E+13;SAO PAULO;SP;16/07/2026;20/07/2026;20/07/2026;Entregue No Prazo;;Entrega realizada;Entrega Finalizada;20;7;16;7;XD DIADEMA;26041;;;
MOBIS BRASIL FABRICACAO DE AUTO PECAS LT;RODOVIARIO;1543164;16/07/2026;2;352535;16/07/2026;CAOA MOTOR DO BRASIL LTDA (VL PRUDENTE);1,68E+13;SAO PAULO;SP;16/07/2026;20/07/2026;20/07/2026;Entregue No Prazo;;Entrega realizada;Entrega Finalizada;20;7;16;7;XD DIADEMA;26051;;;
MOBIS BRASIL FABRICACAO DE AUTO PECAS LT;RODOVIARIO;1543174;16/07/2026;3;352534;16/07/2026;CAOA MOTOR DO BRASIL LTDA (INDIANOPOLIS);1,68E+13;SAO PAULO;SP;16/07/2026;20/07/2026;20/07/2026;Entregue No Prazo;;Entrega realizada;Entrega Finalizada;20;7;16;7;XD DIADEMA;26091;;;
MOBIS BRASIL FABRICACAO DE AUTO PECAS LT;RODOVIARIO;1543117;16/07/2026;3;352570;16/07/2026;SEVEC VEICULOS LTDA;5,68E+11;CURITIBA;PR;16/07/2026;21/07/2026;20/07/2026;Entregue No Prazo;;Entrega realizada;Entrega Finalizada;21;7;16;7;TRANSTRY;18012;;;
MOBIS BRASIL FABRICACAO DE AUTO PECAS LT;RODOVIARIO;1543120;16/07/2026;11;352554;16/07/2026;BARI VEICULOS LTDA;7,46E+12;CURITIBA;PR;16/07/2026;21/07/2026;20/07/2026;Entregue No Prazo;;Entrega realizada;Entrega Finalizada;21;7;16;7;TRANSTRY;18024;;;
MOBIS BRASIL FABRICACAO DE AUTO PECAS LT;RODOVIARIO;1543155;16/07/2026;1;352583;16/07/2026;MOTONET COMERCIO DE VEICULOS LTDA;9,28E+12;SOROCABA;SP;16/07/2026;21/07/2026;20/07/2026;Entregue No Prazo;;Entrega realizada;Entrega Finalizada;21;7;16;7;MVT;26113;;;
MOBIS BRASIL FABRICACAO DE AUTO PECAS LT;RODOVIARIO;1543160;16/07/2026;5;352574;16/07/2026;ANDRETA II DISTRIBUIDORA DE VEIC. LTDA;9,10E+12;INDAIATUBA;SP;16/07/2026;21/07/2026;20/07/2026;Entregue No Prazo;;Entrega realizada;Entrega Finalizada;21;7;16;7;MVT;26011;;;
MOBIS BRASIL FABRICACAO DE AUTO PECAS LT;RODOVIARIO;1543168;16/07/2026;1;352533;16/07/2026;CAOA MOTOR DO BRASIL LTDA;1,68E+13;TAUBATE;SP;16/07/2026;21/07/2026;20/07/2026;Entregue No Prazo;;Entrega realizada;Entrega Finalizada;21;7;16;7;XD DIADEMA;5008;;;
MOBIS BRASIL FABRICACAO DE AUTO PECAS LT;RODOVIARIO;1543171;16/07/2026;4;352532;16/07/2026;CAOA MOTOR DO BRASIL LTDA;1,68E+13;SANTOS;SP;16/07/2026;21/07/2026;20/07/2026;Entregue No Prazo;;Entrega realizada;Entrega Finalizada;21;7;16;7;XD DIADEMA;5008;;;
MOBIS BRASIL FABRICACAO DE AUTO PECAS LT;RODOVIARIO;1543717;16/07/2026;12;352572;16/07/2026;ANDRETA II DISTRIB.DE VEICULOS LTDA.;9,10E+12;JUNDIAI;SP;16/07/2026;21/07/2026;20/07/2026;Entregue No Prazo;;Entrega realizada;Entrega Finalizada;21;7;16;7;MVT;26040;;;
MOBIS BRASIL FABRICACAO DE AUTO PECAS LT;RODOVIARIO;1543118;16/07/2026;12;352555;16/07/2026;BARI VEICULOS LTDA;7,46E+12;PONTA GROSSA;PR;16/07/2026;22/07/2026;20/07/2026;Entregue No Prazo;;Entrega realizada;Entrega Finalizada;22;7;16;7;TRANSTRY;18024;;;
MOBIS BRASIL FABRICACAO DE AUTO PECAS LT;RODOVIARIO;1543125;16/07/2026;2;352591;16/07/2026;CAOA MOTOR DO BRASIL LTDA;1,68E+13;NITEROI;RJ;16/07/2026;22/07/2026;20/07/2026;Entregue No Prazo;;Entrega realizada;Entrega Finalizada;22;7;16;7;CAMILO;5008;;;
MOBIS BRASIL FABRICACAO DE AUTO PECAS LT;RODOVIARIO;1543127;16/07/2026;1;352592;16/07/2026;CAOA MOTOR DO BRASIL LTDA;1,68E+13;RIO DE JANEIRO;RJ;16/07/2026;22/07/2026;20/07/2026;Entregue No Prazo;;Entrega realizada;Entrega Finalizada;22;7;16;7;CAMILO;5008;;;
MOBIS BRASIL FABRICACAO DE AUTO PECAS LT;RODOVIARIO;1543128;16/07/2026;3;352590;16/07/2026;CAOA MOTOR DO BRASIL LTDA;1,68E+13;RIO DE JANEIRO;RJ;16/07/2026;22/07/2026;20/07/2026;Entregue No Prazo;;Entrega realizada;Entrega Finalizada;22;7;16;7;CAMILO;5008;;;
MOBIS BRASIL FABRICACAO DE AUTO PECAS LT;RODOVIARIO;1543145;16/07/2026;1;352558;16/07/2026;BARI VEICULOS LTDA.;7,46E+12;JOINVILLE;SC;16/07/2026;22/07/2026;20/07/2026;Entregue No Prazo;;Entrega realizada;Entrega Finalizada;22;7;16;7;TRANSTRY;24013;;;
MOBIS BRASIL FABRICACAO DE AUTO PECAS LT;RODOVIARIO;1543165;16/07/2026;1;352585;16/07/2026;NOBRE DISTRIBUIDORA DE VEIC. E PEC. LTDA;5,76E+12;APARECIDA;SP;16/07/2026;22/07/2026;20/07/2026;Entregue No Prazo;;Entrega realizada;Entrega Finalizada;22;7;16;7;MVT;26053;;;
MOBIS BRASIL FABRICACAO DE AUTO PECAS LT;RODOVIARIO;1543166;16/07/2026;3;352579;16/07/2026;GOLDEN MOTORS VEICULOS LTDA;3,62E+12;ARACATUBA;SP;16/07/2026;22/07/2026;20/07/2026;Entregue No Prazo;Avaria;Entrega realizada;Entrega Finalizada;22;7;16;7;MVT;12001;;;
MOBIS BRASIL FABRICACAO DE AUTO PECAS LT;RODOVIARIO;1543175;16/07/2026;8;352580;16/07/2026;H - CAMINHO AUTOMOVEIS LTDA;2,53E+13;PIRACICABA;SP;16/07/2026;22/07/2026;20/07/2026;Entregue No Prazo;;Entrega realizada;Entrega Finalizada;22;7;16;7;MVT;26092;;;
MOBIS BRASIL FABRICACAO DE AUTO PECAS LT;RODOVIARIO;1543176;16/07/2026;2;352580;16/07/2026;H - CAMINHO AUTOMOVEIS LTDA;2,53E+13;PIRACICABA;SP;16/07/2026;22/07/2026;20/07/2026;Entregue No Prazo;;Entrega realizada;Entrega Finalizada;22;7;16;7;MVT;26092;;;
MOBIS BRASIL FABRICACAO DE AUTO PECAS LT;RODOVIARIO;1543100;16/07/2026;2;352622;16/07/2026;VITAL COMERCIO DE VEICULOS LTDA;1,05E+13;IPATINGA;MG;16/07/2026;23/07/2026;20/07/2026;Entregue No Prazo;;Entrega realizada;Entrega Finalizada;23;7;16;7;CAMILO;11016;;;
MOBIS BRASIL FABRICACAO DE AUTO PECAS LT;RODOVIARIO;1543121;16/07/2026;1;352621;16/07/2026;VIA VR VEICULOS LTDA;1,73E+13;VOLTA REDONDA;RJ;16/07/2026;23/07/2026;20/07/2026;Entregue No Prazo;;Entrega realizada;Entrega Finalizada;23;7;16;7;CAMILO;19016;;;
MOBIS BRASIL FABRICACAO DE AUTO PECAS LT;RODOVIARIO;1543122;16/07/2026;1;352621;16/07/2026;VIA VR VEICULOS LTDA;1,73E+13;VOLTA REDONDA;RJ;16/07/2026;23/07/2026;20/07/2026;Entregue No Prazo;;Entrega realizada;Entrega Finalizada;23;7;16;7;CAMILO;19016;;;
MOBIS BRASIL FABRICACAO DE AUTO PECAS LT;RODOVIARIO;1543143;16/07/2026;6;352568;16/07/2026;LR COMERCIO DE VEICULOS LTDA;1,05E+13;SAO JOSE;SC;16/07/2026;23/07/2026;20/07/2026;Entregue No Prazo;;Entrega realizada;Entrega Finalizada;23;7;16;7;TRANSTRY;24007;;;
MOBIS BRASIL FABRICACAO DE AUTO PECAS LT;RODOVIARIO;1543148;16/07/2026;3;352561;16/07/2026;CHINHAN AUTOMOVEIS LTDA.;2,41E+13;CACADOR;SC;16/07/2026;27/07/2026;20/07/2026;Entregue No Prazo;;Entrega realizada;Entrega Finalizada;27;7;16;7;TRANSTRY;24020;;;
MOBIS BRASIL FABRICACAO DE AUTO PECAS LT;RODOVIARIO;1543932;17/07/2026;2;352713;17/07/2026;BILLY DISTRIBUIDORA DE VEICULOS LTDA;1,34E+13;BARUERI;SP;17/07/2026;21/07/2026;20/07/2026;Entregue No Prazo;;Entrega realizada;Entrega Finalizada;21;7;17;7;XD DIADEMA;26003;;;
MOBIS BRASIL FABRICACAO DE AUTO PECAS LT;RODOVIARIO;1543946;17/07/2026;2;352715;17/07/2026;CAOA MOTOR DO BRASIL LTDA (VL PRUDENTE);1,68E+13;SAO PAULO;SP;17/07/2026;21/07/2026;20/07/2026;Entregue No Prazo;;Entrega realizada;Entrega Finalizada;21;7;17;7;XD DIADEMA;26051;;;
MOBIS BRASIL FABRICACAO DE AUTO PECAS LT;RODOVIARIO;1543955;17/07/2026;1;352712;17/07/2026;BILLY DISTRIBUIDORA DE VEICULOS LTDA;1,34E+13;SAO PAULO;SP;17/07/2026;21/07/2026;20/07/2026;Entregue No Prazo;;Entrega realizada;Entrega Finalizada;21;7;17;7;XD DIADEMA;26003;;;
MOBIS BRASIL FABRICACAO DE AUTO PECAS LT;RODOVIARIO;1543897;17/07/2026;3;352764;17/07/2026;SEVEC VEICULOS LTDA;5,68E+11;CURITIBA;PR;17/07/2026;22/07/2026;20/07/2026;Entregue No Prazo;;Entrega realizada;Entrega Finalizada;22;7;17;7;TRANSTRY;18012;;;
MOBIS BRASIL FABRICACAO DE AUTO PECAS LT;RODOVIARIO;1543905;17/07/2026;8;352751;17/07/2026;BARI VEICULOS LTDA;7,46E+12;CURITIBA;PR;17/07/2026;22/07/2026;20/07/2026;Entregue No Prazo;;Entrega realizada;Entrega Finalizada;22;7;17;7;TRANSTRY;18024;;;
MOBIS BRASIL FABRICACAO DE AUTO PECAS LT;RODOVIARIO;1543935;17/07/2026;1;352734;17/07/2026;DHC COMERCIO DE VEICULOS E PECAS LTDA;9,52E+12;BAURU;SP;17/07/2026;22/07/2026;20/07/2026;Entregue No Prazo;;Entrega realizada;Entrega Finalizada;22;7;17;7;MVT;26010;;;
MOBIS BRASIL FABRICACAO DE AUTO PECAS LT;RODOVIARIO;1543951;17/07/2026;1;352714;17/07/2026;CAOA MOTOR DO BRASIL LTDA;1,68E+13;TAUBATE;SP;17/07/2026;22/07/2026;20/07/2026;Entregue No Prazo;;Entrega realizada;Entrega Finalizada;22;7;17;7;XD DIADEMA;5008;;;
MOBIS BRASIL FABRICACAO DE AUTO PECAS LT;RODOVIARIO;1543959;17/07/2026;3;352738;17/07/2026;H - CAMINHO AUTOMOVEIS LTDA;2,53E+13;LIMEIRA;SP;17/07/2026;22/07/2026;20/07/2026;Entregue No Prazo;;Entrega realizada;Entrega Finalizada;22;7;17;7;MVT;26092;;;
MOBIS BRASIL FABRICACAO DE AUTO PECAS LT;RODOVIARIO;1543902;17/07/2026;14;352747;17/07/2026;BARI VEICULOS LTDA;7,46E+12;PONTA GROSSA;PR;17/07/2026;23/07/2026;20/07/2026;Entregue No Prazo;;Entrega realizada;Entrega Finalizada;23;7;17;7;TRANSTRY;18024;;;
MOBIS BRASIL FABRICACAO DE AUTO PECAS LT;RODOVIARIO;1543925;17/07/2026;3;352752;17/07/2026;BARI VEICULOS LTDA.;7,46E+12;JOINVILLE;SC;17/07/2026;23/07/2026;20/07/2026;Entregue No Prazo;;Entrega realizada;Entrega Finalizada;23;7;17;7;TRANSTRY;24013;;;
MOBIS BRASIL FABRICACAO DE AUTO PECAS LT;RODOVIARIO;1543948;17/07/2026;2;352742;17/07/2026;NOBRE DISTRIBUIDORA DE VEIC. E PEC. LTDA;5,76E+12;APARECIDA;SP;17/07/2026;23/07/2026;20/07/2026;Entregue No Prazo;;Entrega realizada;Entrega Finalizada;23;7;17;7;MVT;26053;;;
MOBIS BRASIL FABRICACAO DE AUTO PECAS LT;RODOVIARIO;1543958;17/07/2026;1;352737;17/07/2026;H - CAMINHO AUTOMOVEIS LTDA;2,53E+13;PIRACICABA;SP;17/07/2026;23/07/2026;20/07/2026;Entregue No Prazo;;Entrega realizada;Entrega Finalizada;23;7;17;7;MVT;26092;;;
MOBIS BRASIL FABRICACAO DE AUTO PECAS LT;RODOVIARIO;1543961;17/07/2026;1;352743;17/07/2026;VIME SAO JOAO COM. DE VEIC. E PECAS LTDA;5,10E+13;SAO JOAO DA BOA VISTA;SP;17/07/2026;23/07/2026;20/07/2026;Entregue No Prazo;;Entrega realizada;Entrega Finalizada;23;7;17;7;MVT;26107;;;
MOBIS BRASIL FABRICACAO DE AUTO PECAS LT;RODOVIARIO;1543898;17/07/2026;1;352763;17/07/2026;SANTA FE COMERCIO DE VEICULOS S A.;1,16E+13;PATO BRANCO;PR;17/07/2026;24/07/2026;20/07/2026;Entregue No Prazo;;Entrega realizada;Entrega Finalizada;24;7;17;7;TRANSTRY;18014;;;
MOBIS BRASIL FABRICACAO DE AUTO PECAS LT;RODOVIARIO;1543886;17/07/2026;1;352793;17/07/2026;ULSAN COMERCIO DE VEICULOS LTDA.;2,10E+13;CAMPO GRANDE;MS;17/07/2026;27/07/2026;20/07/2026;Entregue No Prazo;;Entrega realizada;Entrega Finalizada;27;7;17;7;CARVALIMA;12004;;;
MOBIS BRASIL FABRICACAO DE AUTO PECAS LT;RODOVIARIO;1543887;17/07/2026;2;352793;17/07/2026;ULSAN COMERCIO DE VEICULOS LTDA.;2,10E+13;CAMPO GRANDE;MS;17/07/2026;27/07/2026;20/07/2026;Entregue No Prazo;;Entrega realizada;Entrega Finalizada;27;7;17;7;CARVALIMA;12004;;;
MOBIS BRASIL FABRICACAO DE AUTO PECAS LT;RODOVIARIO;1543929;17/07/2026;1;352756;17/07/2026;CHINHAN AUTOMOVEIS LTDA.;2,41E+13;CACADOR;SC;17/07/2026;28/07/2026;20/07/2026;Entregue No Prazo;;Entrega realizada;Entrega Finalizada;28;7;17;7;TRANSTRY;24020;Adesão do Maranhão à Independência do Brasil;Estadual;MA
MOBIS BRASIL FABRICACAO DE AUTO PECAS LT;RODOVIARIO;1543941;17/07/2026;1;353039;20/07/2026;BILLY DISTRIBUIDORA DE VEICULOS LTDA;1,34E+13;SAO CAETANO DO SUL;SP;20/07/2026;22/07/2026;20/07/2026;Entregue No Prazo;;Entrega realizada;Entrega Finalizada;22;7;20;7;BV LOG;26003;;;
MOBIS BRASIL FABRICACAO DE AUTO PECAS LT;RODOVIARIO;1543942;17/07/2026;63;353039;20/07/2026;BILLY DISTRIBUIDORA DE VEICULOS LTDA;1,34E+13;SAO CAETANO DO SUL;SP;20/07/2026;22/07/2026;20/07/2026;Entregue No Prazo;;Entrega realizada;Entrega Finalizada;22;7;20;7;BV LOG;26003;;;
MOBIS BRASIL FABRICACAO DE AUTO PECAS LT;RODOVIARIO;1543957;17/07/2026;13;353040;20/07/2026;GRANDAY AUTOMOTORES LTDA (CHAC. CALIFOR);1,57E+13;SAO PAULO;SP;20/07/2026;22/07/2026;20/07/2026;Entregue No Prazo;;Entrega realizada;Entrega Finalizada;22;7;20;7;BV LOG;26090;;;
MOBIS BRASIL FABRICACAO DE AUTO PECAS LT;RODOVIARIO;1543953;17/07/2026;1;353036;20/07/2026;DESTAQUE SEUL DISTR. DE VEIC. E PC. LTDA;2,12E+13;ATIBAIA;SP;20/07/2026;23/07/2026;20/07/2026;Entregue No Prazo;;Entrega realizada;Entrega Finalizada;23;7;20;7;BV LOG;26075;;;
MOBIS BRASIL FABRICACAO DE AUTO PECAS LT;RODOVIARIO;1543954;17/07/2026;26;353036;20/07/2026;DESTAQUE SEUL DISTR. DE VEIC. E PC. LTDA;2,12E+13;ATIBAIA;SP;20/07/2026;23/07/2026;20/07/2026;Entregue No Prazo;;Entrega realizada;Entrega Finalizada;23;7;20;7;BV LOG;26075;;;
MOBIS BRASIL FABRICACAO DE AUTO PECAS LT;RODOVIARIO;1543931;17/07/2026;49;353037;20/07/2026;HYMAX DISTRIBUIDORA DE VEICULOS LTDA;1,73E+13;MOGI GUACU;SP;20/07/2026;24/07/2026;20/07/2026;Entregue No Prazo;;Entrega realizada;Entrega Finalizada;24;7;20;7;BV LOG;26002;;;
MOBIS BRASIL FABRICACAO DE AUTO PECAS LT;RODOVIARIO;1512123;19/05/2026;1;343105;19/05/2026;SMAFF IMPORT VEICULOS LTDA;8,18E+12;BRASILIA;DF;19/05/2026;27/05/2026;21/07/2026;Entregue Fora do Prazo;Extravio;21/07 Extravio;Entrega Finalizada;27;5;19;5;RIO VERMELHO;7002;;;
MOBIS BRASIL FABRICACAO DE AUTO PECAS LT;RODOVIARIO;1534475;30/06/2026;1;350185;30/06/2026;MISO VEICULOS LTDA;1,85E+13;MACAPA;AP;30/06/2026;21/07/2026;21/07/2026;Entregue No Prazo;;Entrega realizada;Entrega Finalizada;21;7;30;6;CARVALIMA;4001;;;
MOBIS BRASIL FABRICACAO DE AUTO PECAS LT;RODOVIARIO;1536899;06/07/2026;2;351056;06/07/2026;MISO VEICULOS LTDA;1,85E+13;MACAPA;AP;06/07/2026;27/07/2026;21/07/2026;Entregue No Prazo;;Entrega realizada;Entrega Finalizada;27;7;6;7;CARVALIMA;4001;;;
MOBIS BRASIL FABRICACAO DE AUTO PECAS LT;RODOVIARIO;1537549;07/07/2026;18;351181;07/07/2026;PATEO COMERCIO DE VEICULOS S A;7,78E+12;MANAUS;AM;07/07/2026;31/07/2026;21/07/2026;Entregue No Prazo;;Entrega realizada;Entrega Finalizada;31;7;7;7;CARVALIMA;3002;;;
MOBIS BRASIL FABRICACAO DE AUTO PECAS LT;RODOVIARIO;1538452;08/07/2026;3;351429;08/07/2026;JPN PATOS COMERCIO DE VEICULOS LTDA;4,20E+13;PATOS;PB;08/07/2026;24/07/2026;21/07/2026;Entregue No Prazo;;Entrega realizada;Entrega Finalizada;24;7;8;7;TERMACO;15004;;;
MOBIS BRASIL FABRICACAO DE AUTO PECAS LT;RODOVIARIO;1539392;09/07/2026;4;351634;09/07/2026;SAINT LAND COMERCIO DE VEICULOS LTDA;1,04E+13;NATAL;RN;09/07/2026;24/07/2026;21/07/2026;Entregue No Prazo;;Entrega realizada;Entrega Finalizada;24;7;9;7;TERMACO;6010;;;
MOBIS BRASIL FABRICACAO DE AUTO PECAS LT;RODOVIARIO;1539391;09/07/2026;2;351624;09/07/2026;ORIENTE AUTOMOVEIS LTDA;1,33E+13;PARNAMIRIM;RN;09/07/2026;27/07/2026;21/07/2026;Entregue No Prazo;;Entrega realizada;Entrega Finalizada;27;7;9;7;TERMACO;20001;;;
MOBIS BRASIL FABRICACAO DE AUTO PECAS LT;RODOVIARIO;1540106;10/07/2026;3;351689;10/07/2026;HOUSE PARTS - COM. DE PECAS E VEIC. LTDA;1,15E+13;SANTA MARIA;RS;10/07/2026;20/07/2026;21/07/2026;Entregue Fora do Prazo;;Entrega realizada;Entrega Finalizada;20;7;10;7;TRANSTRY;23008;;;
MOBIS BRASIL FABRICACAO DE AUTO PECAS LT;RODOVIARIO;1540032;10/07/2026;4;351732;10/07/2026;MASTER COMERCIAL DE VEICULOS LTDA;2,85E+13;BARREIRAS;BA;10/07/2026;27/07/2026;21/07/2026;Entregue No Prazo;;Entrega realizada;Entrega Finalizada;27;7;10;7;TERMACO;5012;;;
MOBIS BRASIL FABRICACAO DE AUTO PECAS LT;RODOVIARIO;1540050;10/07/2026;6;351737;10/07/2026;PATEO COMERCIO DE VEICULOS S A;7,78E+12;SAO LUIS;MA;10/07/2026;27/07/2026;21/07/2026;Entregue No Prazo;;Entrega realizada;Entrega Finalizada;27;7;10;7;TERMACO;10002;;;
MOBIS BRASIL FABRICACAO DE AUTO PECAS LT;RODOVIARIO;1540079;10/07/2026;1;351713;10/07/2026;CAOA MOTOR DO BRASIL LTDA;1,68E+13;RECIFE;PE;10/07/2026;27/07/2026;21/07/2026;Entregue No Prazo;;Entrega realizada;Entrega Finalizada;27;7;10;7;TERMACO;5008;;;
MOBIS BRASIL FABRICACAO DE AUTO PECAS LT;RODOVIARIO;1540100;10/07/2026;6;351744;10/07/2026;SAINT LAND COMERCIO DE VEICULOS LTDA;1,04E+13;NATAL;RN;10/07/2026;27/07/2026;21/07/2026;Entregue No Prazo;;Entrega realizada;Entrega Finalizada;27;7;10;7;TERMACO;6010;;;
MOBIS BRASIL FABRICACAO DE AUTO PECAS LT;RODOVIARIO;1540101;10/07/2026;9;351744;10/07/2026;SAINT LAND COMERCIO DE VEICULOS LTDA;1,04E+13;NATAL;RN;10/07/2026;27/07/2026;21/07/2026;Entregue No Prazo;;Entrega realizada;Entrega Finalizada;27;7;10;7;TERMACO;6010;;;
MOBIS BRASIL FABRICACAO DE AUTO PECAS LT;RODOVIARIO;1540025;10/07/2026;1;351741;10/07/2026;PATEO COMERCIO DE VEICULOS S A;7,78E+12;MANAUS;AM;10/07/2026;05/08/2026;21/07/2026;Entregue No Prazo;;Entrega realizada;Entrega Finalizada;5;8;10;7;CARVALIMA;3002;Fundação do Estado da Paraíba;Estadual;PB
MOBIS BRASIL FABRICACAO DE AUTO PECAS LT;RODOVIARIO;1540026;10/07/2026;2;351741;10/07/2026;PATEO COMERCIO DE VEICULOS S A;7,78E+12;MANAUS;AM;10/07/2026;05/08/2026;21/07/2026;Entregue No Prazo;;Entrega realizada;Entrega Finalizada;5;8;10;7;CARVALIMA;3002;Fundação do Estado da Paraíba;Estadual;PB
MOBIS BRASIL FABRICACAO DE AUTO PECAS LT;RODOVIARIO;1540823;13/07/2026;4;351841;13/07/2026;HOUSE PARTS - COM. DE PECAS E VEIC. LTDA;1,15E+13;SANTA MARIA;RS;13/07/2026;21/07/2026;21/07/2026;Entregue No Prazo;;Entrega realizada;Entrega Finalizada;21;7;13;7;TRANSTRY;23008;;;
MOBIS BRASIL FABRICACAO DE AUTO PECAS LT;RODOVIARIO;1540800;13/07/2026;5;351877;13/07/2026;UNIQUE COMERCIO DE AUTOMOVEIS LTDA;1,74E+13;ANANINDEUA;PA;13/07/2026;24/07/2026;21/07/2026;Entregue No Prazo;;Entrega realizada;Entrega Finalizada;24;7;13;7;CARVALIMA;14003;;;
MOBIS BRASIL FABRICACAO DE AUTO PECAS LT;RODOVIARIO;1540842;13/07/2026;1;351870;13/07/2026;SAINT LAND COMERCIO DE VEICULOS LTDA;1,04E+13;ARACAJU;SE;13/07/2026;24/07/2026;21/07/2026;Entregue No Prazo;;Entrega realizada;Entrega Finalizada;24;7;13;7;TERMACO;6010;;;
MOBIS BRASIL FABRICACAO DE AUTO PECAS LT;RODOVIARIO;1541333;13/07/2026;16;351872;13/07/2026;SEVEL VEICULOS LTDA;1,07E+13;ARACAJU;SE;13/07/2026;24/07/2026;21/07/2026;Entregue No Prazo;;Entrega realizada;Entrega Finalizada;24;7;13;7;TERMACO;25001;;;
MOBIS BRASIL FABRICACAO DE AUTO PECAS LT;RODOVIARIO;1540777;13/07/2026;1;351858;13/07/2026;CYCOSA AUTOMOVEIS LTDA;4,76E+12;MACEIO;AL;13/07/2026;27/07/2026;21/07/2026;Entregue No Prazo;;Entrega realizada;Entrega Finalizada;27;7;13;7;TERMACO;2001;;;
MOBIS BRASIL FABRICACAO DE AUTO PECAS LT;RODOVIARIO;1540779;13/07/2026;11;351853;13/07/2026;AIKON VEICULOS LTDA;1,17E+13;VITORIA DA CONQUISTA;BA;13/07/2026;28/07/2026;21/07/2026;Entregue No Prazo;;Entrega realizada;Entrega Finalizada;28;7;13;7;TERMACO;5002;Adesão do Maranhão à Independência do Brasil;Estadual;MA
MOBIS BRASIL FABRICACAO DE AUTO PECAS LT;RODOVIARIO;1540803;13/07/2026;1;351856;13/07/2026;CAOA MOTOR DO BRASIL LTDA;1,68E+13;CAMPINA GRANDE;PB;13/07/2026;29/07/2026;21/07/2026;Entregue No Prazo;;Entrega realizada;Entrega Finalizada;29;7;13;7;TERMACO;5008;;;
MOBIS BRASIL FABRICACAO DE AUTO PECAS LT;RODOVIARIO;1540804;13/07/2026;2;351854;13/07/2026;AUTORAC VEICULOS LTDA;1,06E+13;CARUARU;PE;13/07/2026;29/07/2026;21/07/2026;Entregue No Prazo;;Entrega realizada;Entrega Finalizada;29;7;13;7;TERMACO;16001;;;
MOBIS BRASIL FABRICACAO DE AUTO PECAS LT;RODOVIARIO;1541477;14/07/2026;2;352039;14/07/2026;SMAFF IMPORT VEICULOS LTDA;8,18E+12;BRASILIA;DF;14/07/2026;22/07/2026;21/07/2026;Entregue No Prazo;;Entrega realizada;Entrega Finalizada;22;7;14;7;RIO VERMELHO;7002;;;
MOBIS BRASIL FABRICACAO DE AUTO PECAS LT;RODOVIARIO;1541478;14/07/2026;10;352039;14/07/2026;SMAFF IMPORT VEICULOS LTDA;8,18E+12;BRASILIA;DF;14/07/2026;22/07/2026;21/07/2026;Entregue No Prazo;;Entrega realizada;Entrega Finalizada;22;7;14;7;RIO VERMELHO;7002;;;
MOBIS BRASIL FABRICACAO DE AUTO PECAS LT;RODOVIARIO;1541469;14/07/2026;30;352114;14/07/2026;PATEO COMERCIO DE VEICULOS S A;7,78E+12;SALVADOR;BA;14/07/2026;24/07/2026;21/07/2026;Entregue No Prazo;;Entrega realizada;Entrega Finalizada;24;7;14;7;TERMACO;5003;;;
MOBIS BRASIL FABRICACAO DE AUTO PECAS LT;RODOVIARIO;1541501;14/07/2026;1;352127;14/07/2026;UNIQUE COMERCIO DE AUTOMOVEIS LTDA;1,74E+13;ANANINDEUA;PA;14/07/2026;27/07/2026;21/07/2026;Entregue No Prazo;;Entrega realizada;Entrega Finalizada;27;7;14;7;CARVALIMA;14003;;;
MOBIS BRASIL FABRICACAO DE AUTO PECAS LT;RODOVIARIO;1541502;14/07/2026;4;352088;14/07/2026;CAOA MOTOR DO BRASIL LTDA;1,68E+13;BELEM;PA;14/07/2026;27/07/2026;21/07/2026;Entregue No Prazo;;Entrega realizada;Entrega Finalizada;27;7;14;7;CARVALIMA;5008;;;
MOBIS BRASIL FABRICACAO DE AUTO PECAS LT;RODOVIARIO;1541503;14/07/2026;1;352088;14/07/2026;CAOA MOTOR DO BRASIL LTDA;1,68E+13;BELEM;PA;14/07/2026;27/07/2026;21/07/2026;Entregue No Prazo;;Entrega realizada;Entrega Finalizada;27;7;14;7;CARVALIMA;5008;;;
MOBIS BRASIL FABRICACAO DE AUTO PECAS LT;RODOVIARIO;1541514;14/07/2026;2;352101;14/07/2026;GREEN CITY VEICULOS LTDA;2,10E+13;TERESINA;PI;14/07/2026;30/07/2026;21/07/2026;Entregue No Prazo;;Entrega realizada;Entrega Finalizada;30;7;14;7;TERMACO;17002;;;
MOBIS BRASIL FABRICACAO DE AUTO PECAS LT;RODOVIARIO;1541515;14/07/2026;3;352100;14/07/2026;GREEN CITY VEICULOS LTDA;2,10E+13;TERESINA;PI;14/07/2026;30/07/2026;21/07/2026;Entregue No Prazo;;Entrega realizada;Entrega Finalizada;30;7;14;7;TERMACO;17002;;;
MOBIS BRASIL FABRICACAO DE AUTO PECAS LT;RODOVIARIO;1542370;15/07/2026;4;352457;15/07/2026;CAOA MOTOR DO BRASIL LTDA;1,68E+13;RIO DE JANEIRO;RJ;15/07/2026;21/07/2026;21/07/2026;Entregue No Prazo;;Entrega realizada;Entrega Finalizada;21;7;15;7;CAMILO;5008;;;
MOBIS BRASIL FABRICACAO DE AUTO PECAS LT;RODOVIARIO;1542372;15/07/2026;11;352466;15/07/2026;ITAVEMA MOTORS VEICULOS LTDA;7,73E+12;RIO DE JANEIRO;RJ;15/07/2026;21/07/2026;21/07/2026;Entregue No Prazo;;Entrega realizada;Entrega Finalizada;21;7;15;7;CAMILO;19001;;;
MOBIS BRASIL FABRICACAO DE AUTO PECAS LT;RODOVIARIO;1542334;15/07/2026;8;352494;15/07/2026;VITAL COMERCIO DE VEICULOS LTDA;1,05E+13;GOVERNADOR VALADARES;MG;15/07/2026;22/07/2026;21/07/2026;Entregue No Prazo;;Entrega realizada;Entrega Finalizada;22;7;15;7;CAMILO;11016;;;
MOBIS BRASIL FABRICACAO DE AUTO PECAS LT;RODOVIARIO;1542381;15/07/2026;2;352433;15/07/2026;ATUAL VEICULOS LTDA;1,33E+13;ARARANGUA;SC;15/07/2026;22/07/2026;21/07/2026;Entregue No Prazo;;Entrega realizada;Entrega Finalizada;22;7;15;7;TRANSTRY;24001;;;
MOBIS BRASIL FABRICACAO DE AUTO PECAS LT;RODOVIARIO;1542382;15/07/2026;4;352431;15/07/2026;ATUAL VEICULOS LTDA;1,33E+13;CRICIUMA;SC;15/07/2026;22/07/2026;21/07/2026;Entregue No Prazo;;Entrega realizada;Entrega Finalizada;22;7;15;7;TRANSTRY;24001;;;
MOBIS BRASIL FABRICACAO DE AUTO PECAS LT;RODOVIARIO;1542383;15/07/2026;12;352432;15/07/2026;ATUAL VEICULOS LTDA;1,33E+13;TUBARAO;SC;15/07/2026;22/07/2026;21/07/2026;Entregue No Prazo;;Entrega realizada;Entrega Finalizada;22;7;15;7;TRANSTRY;24001;;;
MOBIS BRASIL FABRICACAO DE AUTO PECAS LT;RODOVIARIO;1542326;15/07/2026;2;352516;15/07/2026;SMAFF IMPORT VEICULOS LTDA;8,18E+12;BRASILIA;DF;15/07/2026;23/07/2026;21/07/2026;Entregue No Prazo;;Entrega realizada;Entrega Finalizada;23;7;15;7;RIO VERMELHO;7002;;;
MOBIS BRASIL FABRICACAO DE AUTO PECAS LT;RODOVIARIO;1542331;15/07/2026;3;352515;15/07/2026;SAGA KOREA COM. DE VEIC. E PC. LTDA;1,27E+13;GOIANIA;GO;15/07/2026;23/07/2026;21/07/2026;Entregue No Prazo;;Entrega realizada;Entrega Finalizada;23;7;15;7;RIO VERMELHO;9011;;;
MOBIS BRASIL FABRICACAO DE AUTO PECAS LT;RODOVIARIO;1542348;15/07/2026;50;352477;15/07/2026;SAGA ASIA COM. DE VEIC.PC.E SERV. LTDA;2,23E+13;VARZEA GRANDE;MT;15/07/2026;24/07/2026;21/07/2026;Entregue No Prazo;;Entrega realizada;Entrega Finalizada;24;7;15;7;CARVALIMA;13004;;;
MOBIS BRASIL FABRICACAO DE AUTO PECAS LT;RODOVIARIO;1542350;15/07/2026;1;352488;15/07/2026;UNIQUE COMERCIO DE AUTOMOVEIS LTDA;1,74E+13;ANANINDEUA;PA;15/07/2026;28/07/2026;21/07/2026;Entregue No Prazo;;Entrega realizada;Entrega Finalizada;28;7;15;7;CARVALIMA;14003;Adesão do Maranhão à Independência do Brasil;Estadual;MA
MOBIS BRASIL FABRICACAO DE AUTO PECAS LT;RODOVIARIO;1542351;15/07/2026;50;352488;15/07/2026;UNIQUE COMERCIO DE AUTOMOVEIS LTDA;1,74E+13;ANANINDEUA;PA;15/07/2026;28/07/2026;21/07/2026;Entregue No Prazo;;Entrega realizada;Entrega Finalizada;28;7;15;7;CARVALIMA;14003;Adesão do Maranhão à Independência do Brasil;Estadual;MA
MOBIS BRASIL FABRICACAO DE AUTO PECAS LT;RODOVIARIO;1542354;15/07/2026;1;352471;15/07/2026;NACIONAL NOVA MARABA DIST DE VEIC. LTDA;1,70E+13;PARAUAPEBAS;PA;15/07/2026;31/07/2026;21/07/2026;Entregue No Prazo;;Entrega realizada;Entrega Finalizada;31;7;15;7;CARVALIMA;14010;;;
MOBIS BRASIL FABRICACAO DE AUTO PECAS LT;RODOVIARIO;1543103;16/07/2026;31;352531;16/07/2026;BDG AUTOVILLE VEICULOS LTDA;4,77E+13;CONTAGEM;MG;16/07/2026;21/07/2026;21/07/2026;Entregue No Prazo;;Entrega realizada;Entrega Finalizada;21;7;16;7;XD BETIM;11037;;;
MOBIS BRASIL FABRICACAO DE AUTO PECAS LT;RODOVIARIO;1543167;16/07/2026;1;352576;16/07/2026;CAOA MOTOR DO BRASIL LTDA;1,68E+13;CAMPINAS;SP;16/07/2026;21/07/2026;21/07/2026;Entregue No Prazo;;Entrega realizada;Entrega Finalizada;21;7;16;7;MVT;5008;;;
MOBIS BRASIL FABRICACAO DE AUTO PECAS LT;RODOVIARIO;1543716;16/07/2026;12;352549;16/07/2026;TAI MOTORS VEICULOS S/A;9,27E+12;BELO HORIZONTE;MG;16/07/2026;21/07/2026;21/07/2026;Entregue No Prazo;;Entrega realizada;Entrega Finalizada;21;7;16;7;XD BETIM;8002;;;
MOBIS BRASIL FABRICACAO DE AUTO PECAS LT;RODOVIARIO;1543102;16/07/2026;1;352619;16/07/2026;URCA MOTORS VEICULOS LTDA;8,77E+12;PATOS DE MINAS;MG;16/07/2026;22/07/2026;21/07/2026;Entregue No Prazo;;Entrega realizada;Entrega Finalizada;22;7;16;7;CAMILO;9014;;;
MOBIS BRASIL FABRICACAO DE AUTO PECAS LT;RODOVIARIO;1543114;16/07/2026;3;352566;16/07/2026;LOVAT VEICULOS S/A;8,57E+12;LONDRINA;PR;16/07/2026;22/07/2026;21/07/2026;Entregue No Prazo;;Entrega realizada;Entrega Finalizada;22;7;16;7;TRANSTRY;18008;;;
MOBIS BRASIL FABRICACAO DE AUTO PECAS LT;RODOVIARIO;1543115;16/07/2026;4;352567;16/07/2026;LOVAT VEICULOS S/A;8,57E+12;MARINGA;PR;16/07/2026;22/07/2026;21/07/2026;Entregue No Prazo;;Entrega realizada;Entrega Finalizada;22;7;16;7;TRANSTRY;18008;;;
MOBIS BRASIL FABRICACAO DE AUTO PECAS LT;RODOVIARIO;1543123;16/07/2026;1;352596;16/07/2026;ITAVEMA MOTORS VEICULOS LTDA;7,73E+12;RIO DE JANEIRO;RJ;16/07/2026;22/07/2026;21/07/2026;Entregue No Prazo;;Entrega realizada;Entrega Finalizada;22;7;16;7;CAMILO;19001;;;
MOBIS BRASIL FABRICACAO DE AUTO PECAS LT;RODOVIARIO;1543124;16/07/2026;11;352596;16/07/2026;ITAVEMA MOTORS VEICULOS LTDA;7,73E+12;RIO DE JANEIRO;RJ;16/07/2026;22/07/2026;21/07/2026;Entregue No Prazo;;Entrega realizada;Entrega Finalizada;22;7;16;7;CAMILO;19001;;;
MOBIS BRASIL FABRICACAO DE AUTO PECAS LT;RODOVIARIO;1543133;16/07/2026;2;352565;16/07/2026;HOUSE PARTS-COM. DE PCS. E VEICULOS LTDA;1,15E+13;PORTO ALEGRE;RS;16/07/2026;22/07/2026;21/07/2026;Entregue No Prazo;;Entrega realizada;Entrega Finalizada;22;7;16;7;TRANSTRY;23004;;;
MOBIS BRASIL FABRICACAO DE AUTO PECAS LT;RODOVIARIO;1543134;16/07/2026;3;352565;16/07/2026;HOUSE PARTS-COM. DE PCS. E VEICULOS LTDA;1,15E+13;PORTO ALEGRE;RS;16/07/2026;22/07/2026;21/07/2026;Entregue No Prazo;;Entrega realizada;Entrega Finalizada;22;7;16;7;TRANSTRY;23004;;;
MOBIS BRASIL FABRICACAO DE AUTO PECAS LT;RODOVIARIO;1543170;16/07/2026;2;352577;16/07/2026;DESTAQUE SEUL DISTR DE VEIC PEC LTDA;2,12E+13;CARAGUATATUBA;SP;16/07/2026;22/07/2026;21/07/2026;Entregue No Prazo;;Entrega realizada;Entrega Finalizada;22;7;16;7;MVT;26082;;;
MOBIS BRASIL FABRICACAO DE AUTO PECAS LT;RODOVIARIO;1543126;16/07/2026;2;352616;16/07/2026;TAI MOTORS VEICULOS S/A.;9,27E+12;CAMPOS DOS GOYTACAZES;RJ;16/07/2026;23/07/2026;21/07/2026;Entregue No Prazo;;Entrega realizada;Entrega Finalizada;23;7;16;7;CAMILO;19023;;;
MOBIS BRASIL FABRICACAO DE AUTO PECAS LT;RODOVIARIO;1543129;16/07/2026;2;352600;16/07/2026;MONTREAL VEICULOS E PECAS LTDA;1,68E+13;MACAE;RJ;16/07/2026;23/07/2026;21/07/2026;Entregue No Prazo;;Entrega realizada;Entrega Finalizada;23;7;16;7;CAMILO;19030;;;
MOBIS BRASIL FABRICACAO DE AUTO PECAS LT;RODOVIARIO;1543130;16/07/2026;3;352601;16/07/2026;MONTREAL VEICULOS E PECAS LTDA;1,68E+13;SAO PEDRO DA ALDEIA;RJ;16/07/2026;23/07/2026;21/07/2026;Entregue No Prazo;;Entrega realizada;Entrega Finalizada;23;7;16;7;CAMILO;19030;;;
MOBIS BRASIL FABRICACAO DE AUTO PECAS LT;RODOVIARIO;1543137;16/07/2026;1;352562;16/07/2026;GALA COMERCIO DE VEICULOS LTDA.;1,77E+13;PELOTAS;RS;16/07/2026;23/07/2026;21/07/2026;Entregue No Prazo;;Entrega realizada;Entrega Finalizada;23;7;16;7;TRANSTRY;23009;;;
MOBIS BRASIL FABRICACAO DE AUTO PECAS LT;RODOVIARIO;1543140;16/07/2026;4;352553;16/07/2026;ATUAL VEICULOS LTDA;1,33E+13;ARARANGUA;SC;16/07/2026;23/07/2026;21/07/2026;Entregue No Prazo;;Entrega realizada;Entrega Finalizada;23;7;16;7;TRANSTRY;24001;;;
MOBIS BRASIL FABRICACAO DE AUTO PECAS LT;RODOVIARIO;1543141;16/07/2026;3;352552;16/07/2026;ATUAL VEICULOS LTDA;1,33E+13;CRICIUMA;SC;16/07/2026;23/07/2026;21/07/2026;Entregue No Prazo;;Entrega realizada;Entrega Finalizada;23;7;16;7;TRANSTRY;24001;;;
MOBIS BRASIL FABRICACAO DE AUTO PECAS LT;RODOVIARIO;1543142;16/07/2026;3;352551;16/07/2026;ATUAL VEICULOS LTDA;1,33E+13;TUBARAO;SC;16/07/2026;23/07/2026;21/07/2026;Entregue No Prazo;;Entrega realizada;Entrega Finalizada;23;7;16;7;TRANSTRY;24001;;;
MOBIS BRASIL FABRICACAO DE AUTO PECAS LT;RODOVIARIO;1543144;16/07/2026;12;352557;16/07/2026;BARI VEICULOS LTDA;7,46E+12;BLUMENAU;SC;16/07/2026;23/07/2026;21/07/2026;Entregue No Prazo;;Entrega realizada;Entrega Finalizada;23;7;16;7;TRANSTRY;18024;;;
MOBIS BRASIL FABRICACAO DE AUTO PECAS LT;RODOVIARIO;1543087;16/07/2026;2;352547;16/07/2026;SMAFF IMPORT VEICULOS LTDA;8,18E+12;BRASILIA;DF;16/07/2026;24/07/2026;21/07/2026;Entregue No Prazo;;Entrega realizada;Entrega Finalizada;24;7;16;7;RIO VERMELHO;7002;;;
MOBIS BRASIL FABRICACAO DE AUTO PECAS LT;RODOVIARIO;1543088;16/07/2026;7;352548;16/07/2026;SMAFF IMPORT VEICULOS LTDA;8,18E+12;BRASILIA;DF;16/07/2026;24/07/2026;21/07/2026;Entregue No Prazo;;Entrega realizada;Entrega Finalizada;24;7;16;7;RIO VERMELHO;7002;;;
MOBIS BRASIL FABRICACAO DE AUTO PECAS LT;RODOVIARIO;1543089;16/07/2026;68;352544;16/07/2026;SAGA KOREA COM. DE VEIC. E PC. LTDA;1,27E+13;BRASILIA;DF;16/07/2026;24/07/2026;21/07/2026;Entregue No Prazo;;Entrega realizada;Entrega Finalizada;24;7;16;7;RIO VERMELHO;7005;;;
MOBIS BRASIL FABRICACAO DE AUTO PECAS LT;RODOVIARIO;1543104;16/07/2026;2;352595;16/07/2026;GOLDEN MOTORS VEICULOS LTDA;3,62E+12;DOURADOS;MS;16/07/2026;24/07/2026;21/07/2026;Entregue No Prazo;;Entrega realizada;Entrega Finalizada;24;7;16;7;CARVALIMA;12001;;;
MOBIS BRASIL FABRICACAO DE AUTO PECAS LT;RODOVIARIO;1543136;16/07/2026;1;352564;16/07/2026;HOUSE PARTS - COM. DE PECAS E VEIC. LTDA;1,15E+13;SANTA MARIA;RS;16/07/2026;24/07/2026;21/07/2026;Entregue No Prazo;;Entrega realizada;Entrega Finalizada;24;7;16;7;TRANSTRY;23008;;;
MOBIS BRASIL FABRICACAO DE AUTO PECAS LT;RODOVIARIO;1543138;16/07/2026;1;352563;16/07/2026;HOUSE PARTS - COM. DE PECAS E VEIC. LTDA;1,15E+13;SANTA CRUZ DO SUL;RS;16/07/2026;24/07/2026;21/07/2026;Entregue No Prazo;;Entrega realizada;Entrega Finalizada;24;7;16;7;TRANSTRY;23017;;;
MOBIS BRASIL FABRICACAO DE AUTO PECAS LT;RODOVIARIO;1543146;16/07/2026;2;352556;16/07/2026;BARI VEICULOS LTDA;7,46E+12;BALNEARIO CAMBORIU;SC;16/07/2026;24/07/2026;21/07/2026;Entregue No Prazo;;Entrega realizada;Entrega Finalizada;24;7;16;7;TRANSTRY;18024;;;
MOBIS BRASIL FABRICACAO DE AUTO PECAS LT;RODOVIARIO;1543147;16/07/2026;1;352556;16/07/2026;BARI VEICULOS LTDA;7,46E+12;BALNEARIO CAMBORIU;SC;16/07/2026;24/07/2026;21/07/2026;Entregue No Prazo;;Entrega realizada;Entrega Finalizada;24;7;16;7;TRANSTRY;18024;;;
MOBIS BRASIL FABRICACAO DE AUTO PECAS LT;RODOVIARIO;1543105;16/07/2026;4;352611;16/07/2026;SAGA ASIA COM. DE VEIC.PC.E SERV. LTDA;2,23E+13;VARZEA GRANDE;MT;16/07/2026;27/07/2026;21/07/2026;Entregue No Prazo;;Entrega realizada;Entrega Finalizada;27;7;16;7;CARVALIMA;13004;;;
MOBIS BRASIL FABRICACAO DE AUTO PECAS LT;RODOVIARIO;1543881;17/07/2026;24;352717;17/07/2026;CARBEL KOREA VEICULOS LTDA;2,07E+13;BELO HORIZONTE;MG;17/07/2026;22/07/2026;21/07/2026;Entregue No Prazo;;Entrega realizada;Entrega Finalizada;22;7;17;7;XD BETIM;11021;;;
MOBIS BRASIL FABRICACAO DE AUTO PECAS LT;RODOVIARIO;1543882;17/07/2026;1;352711;17/07/2026;BDG AUTOVILLE VEICULOS LTDA;4,77E+13;CONTAGEM;MG;17/07/2026;22/07/2026;21/07/2026;Entregue No Prazo;;Entrega realizada;Entrega Finalizada;22;7;17;7;XD BETIM;11037;;;
MOBIS BRASIL FABRICACAO DE AUTO PECAS LT;RODOVIARIO;1543883;17/07/2026;33;352711;17/07/2026;BDG AUTOVILLE VEICULOS LTDA;4,77E+13;CONTAGEM;MG;17/07/2026;22/07/2026;21/07/2026;Entregue No Prazo;;Entrega realizada;Entrega Finalizada;22;7;17;7;XD BETIM;11037;;;
MOBIS BRASIL FABRICACAO DE AUTO PECAS LT;RODOVIARIO;1543938;17/07/2026;49;352741;17/07/2026;NEW VEICULOS E PECAS LTDA;1,59E+13;RIBEIRAO PRETO;SP;17/07/2026;22/07/2026;21/07/2026;Entregue No Prazo;;Entrega realizada;Entrega Finalizada;22;7;17;7;MVT;26014;;;
MOBIS BRASIL FABRICACAO DE AUTO PECAS LT;RODOVIARIO;1543943;17/07/2026;1;352731;17/07/2026;ANDRETA II DISTRIBUIDORA DE VEIC. LTDA;9,10E+12;INDAIATUBA;SP;17/07/2026;22/07/2026;21/07/2026;Entregue No Prazo;;Entrega realizada;Entrega Finalizada;22;7;17;7;MVT;26011;;;
MOBIS BRASIL FABRICACAO DE AUTO PECAS LT;RODOVIARIO;1544393;17/07/2026;3;352727;17/07/2026;TAI MOTORS VEICULOS S/A;9,27E+12;BELO HORIZONTE;MG;17/07/2026;22/07/2026;21/07/2026;Entregue No Prazo;;Entrega realizada;Entrega Finalizada;22;7;17;7;XD BETIM;8002;;;
MOBIS BRASIL FABRICACAO DE AUTO PECAS LT;RODOVIARIO;1544396;17/07/2026;6;352730;17/07/2026;ANDRETA II DISTRIB.DE VEICULOS LTDA.;9,10E+12;JUNDIAI;SP;17/07/2026;22/07/2026;21/07/2026;Entregue No Prazo;;Entrega realizada;Entrega Finalizada;22;7;17;7;MVT;26040;;;
MOBIS BRASIL FABRICACAO DE AUTO PECAS LT;RODOVIARIO;1543877;17/07/2026;21;352796;17/07/2026;URCA MOTORS VEICULOS LTDA;8,77E+12;UBERLANDIA;MG;17/07/2026;23/07/2026;21/07/2026;Entregue No Prazo;;Entrega realizada;Entrega Finalizada;23;7;17;7;CAMILO;9014;;;
MOBIS BRASIL FABRICACAO DE AUTO PECAS LT;RODOVIARIO;1543880;17/07/2026;3;352795;17/07/2026;URCA MOTORS VEICULOS LTDA;8,77E+12;UBERABA;MG;17/07/2026;23/07/2026;21/07/2026;Entregue No Prazo;;Entrega realizada;Entrega Finalizada;23;7;17;7;CAMILO;9014;;;
MOBIS BRASIL FABRICACAO DE AUTO PECAS LT;RODOVIARIO;1543895;17/07/2026;17;352761;17/07/2026;LOVAT VEICULOS S/A;8,57E+12;LONDRINA;PR;17/07/2026;23/07/2026;21/07/2026;Entregue No Prazo;;Entrega realizada;Entrega Finalizada;23;7;17;7;TRANSTRY;18008;;;
MOBIS BRASIL FABRICACAO DE AUTO PECAS LT;RODOVIARIO;1543896;17/07/2026;4;352762;17/07/2026;LOVAT VEICULOS S/A;8,57E+12;MARINGA;PR;17/07/2026;23/07/2026;21/07/2026;Entregue No Prazo;;Entrega realizada;Entrega Finalizada;23;7;17;7;TRANSTRY;18008;;;
MOBIS BRASIL FABRICACAO DE AUTO PECAS LT;RODOVIARIO;1543901;17/07/2026;1;352748;17/07/2026;BARI VEICULOS LTDA;7,46E+12;GUARAPUAVA;PR;17/07/2026;23/07/2026;21/07/2026;Entregue No Prazo;;Entrega realizada;Entrega Finalizada;23;7;17;7;TRANSTRY;18024;;;
MOBIS BRASIL FABRICACAO DE AUTO PECAS LT;RODOVIARIO;1543904;17/07/2026;1;352766;17/07/2026;VETOR AUTOMOVEIS LTDA;2,12E+13;UMUARAMA;PR;17/07/2026;23/07/2026;21/07/2026;Entregue No Prazo;;Entrega realizada;Entrega Finalizada;23;7;17;7;TRANSTRY;18019;;;
MOBIS BRASIL FABRICACAO DE AUTO PECAS LT;RODOVIARIO;1543906;17/07/2026;1;352781;17/07/2026;ITAVEMA MOTORS VEICULOS LTDA;7,73E+12;DUQUE DE CAXIAS;RJ;17/07/2026;23/07/2026;21/07/2026;Entregue No Prazo;;Entrega realizada;Entrega Finalizada;23;7;17;7;CAMILO;19001;;;
MOBIS BRASIL FABRICACAO DE AUTO PECAS LT;RODOVIARIO;1543907;17/07/2026;4;352769;17/07/2026;AMX COM. E SERVICOS DE AUTOMOTORES LTDA;1,20E+13;RIO DE JANEIRO;RJ;17/07/2026;23/07/2026;21/07/2026;Entregue No Prazo;;Entrega realizada;Entrega Finalizada;23;7;17;7;CAMILO;19009;;;
MOBIS BRASIL FABRICACAO DE AUTO PECAS LT;RODOVIARIO;1543908;17/07/2026;1;352770;17/07/2026;CAOA MOTOR DO BRASIL LTDA;1,68E+13;RIO DE JANEIRO;RJ;17/07/2026;23/07/2026;21/07/2026;Entregue No Prazo;;Entrega realizada;Entrega Finalizada;23;7;17;7;CAMILO;5008;;;
MOBIS BRASIL FABRICACAO DE AUTO PECAS LT;RODOVIARIO;1543909;17/07/2026;24;352782;17/07/2026;ITAVEMA MOTORS VEICULOS LTDA;7,73E+12;RIO DE JANEIRO;RJ;17/07/2026;23/07/2026;21/07/2026;Entregue No Prazo;;Entrega realizada;Entrega Finalizada;23;7;17;7;CAMILO;19001;;;
MOBIS BRASIL FABRICACAO DE AUTO PECAS LT;RODOVIARIO;1543910;17/07/2026;1;352774;17/07/2026;CAOA MOTOR DO BRASIL LTDA;1,68E+13;RIO DE JANEIRO;RJ;17/07/2026;23/07/2026;21/07/2026;Entregue No Prazo;;Entrega realizada;Entrega Finalizada;23;7;17;7;CAMILO;5008;;;
MOBIS BRASIL FABRICACAO DE AUTO PECAS LT;RODOVIARIO;1543912;17/07/2026;1;352775;17/07/2026;CAOA MOTOR DO BRASIL LTDA;1,68E+13;RIO DE JANEIRO;RJ;17/07/2026;23/07/2026;21/07/2026;Entregue No Prazo;;Entrega realizada;Entrega Finalizada;23;7;17;7;CAMILO;5008;;;
MOBIS BRASIL FABRICACAO DE AUTO PECAS LT;RODOVIARIO;1543913;17/07/2026;1;352771;17/07/2026;CAOA MOTOR DO BRASIL LTDA;1,68E+13;RIO DE JANEIRO;RJ;17/07/2026;23/07/2026;21/07/2026;Entregue No Prazo;;Entrega realizada;Entrega Finalizada;23;7;17;7;CAMILO;5008;;;
MOBIS BRASIL FABRICACAO DE AUTO PECAS LT;RODOVIARIO;1543915;17/07/2026;7;352760;17/07/2026;HOUSE PARTS-COM. DE PCS. E VEICULOS LTDA;1,15E+13;PORTO ALEGRE;RS;17/07/2026;23/07/2026;21/07/2026;Entregue No Prazo;;Entrega realizada;Entrega Finalizada;23;7;17;7;TRANSTRY;23004;;;
MOBIS BRASIL FABRICACAO DE AUTO PECAS LT;RODOVIARIO;1543944;17/07/2026;4;352739;17/07/2026;H R B COMERCIO DE VEICULOS LTDA;1,82E+13;SAO JOSE DO RIO PRETO;SP;17/07/2026;23/07/2026;21/07/2026;Entregue No Prazo;;Entrega realizada;Entrega Finalizada;23;7;17;7;MVT;26050;;;
MOBIS BRASIL FABRICACAO DE AUTO PECAS LT;RODOVIARIO;1543945;17/07/2026;9;352739;17/07/2026;H R B COMERCIO DE VEICULOS LTDA;1,82E+13;SAO JOSE DO RIO PRETO;SP;17/07/2026;23/07/2026;21/07/2026;Entregue No Prazo;;Entrega realizada;Entrega Finalizada;23;7;17;7;MVT;26050;;;
MOBIS BRASIL FABRICACAO DE AUTO PECAS LT;RODOVIARIO;1543949;17/07/2026;1;352736;17/07/2026;GOLDEN MOTORS VEICULOS LTDA;3,62E+12;ARACATUBA;SP;17/07/2026;23/07/2026;21/07/2026;Entregue No Prazo;;Entrega realizada;Entrega Finalizada;23;7;17;7;MVT;12001;;;
MOBIS BRASIL FABRICACAO DE AUTO PECAS LT;RODOVIARIO;1543960;17/07/2026;1;352740;17/07/2026;NEW VEICULOS E PECAS LTDA;1,59E+13;BARRETOS;SP;17/07/2026;23/07/2026;21/07/2026;Entregue No Prazo;;Entrega realizada;Entrega Finalizada;23;7;17;7;MVT;26014;;;
MOBIS BRASIL FABRICACAO DE AUTO PECAS LT;RODOVIARIO;1543884;17/07/2026;2;352787;17/07/2026;RITMO MOTORS LTDA;1,94E+13;PASSOS;MG;17/07/2026;24/07/2026;21/07/2026;Entregue No Prazo;;Entrega realizada;Entrega Finalizada;24;7;17;7;CAMILO;11040;;;
MOBIS BRASIL FABRICACAO DE AUTO PECAS LT;RODOVIARIO;1543911;17/07/2026;6;352792;17/07/2026;TAI MOTORS VEICULOS S/A.;9,27E+12;CAMPOS DOS GOYTACAZES;RJ;17/07/2026;24/07/2026;21/07/2026;Entregue No Prazo;;Entrega realizada;Entrega Finalizada;24;7;17;7;CAMILO;19023;;;
MOBIS BRASIL FABRICACAO DE AUTO PECAS LT;RODOVIARIO;1543918;17/07/2026;2;352758;17/07/2026;GALA COMERCIO DE VEICULOS LTDA.;1,77E+13;PELOTAS;RS;17/07/2026;24/07/2026;21/07/2026;Entregue No Prazo;;Entrega realizada;Entrega Finalizada;24;7;17;7;TRANSTRY;23009;;;
MOBIS BRASIL FABRICACAO DE AUTO PECAS LT;RODOVIARIO;1543921;17/07/2026;4;352746;17/07/2026;ATUAL VEICULOS LTDA;1,33E+13;ARARANGUA;SC;17/07/2026;24/07/2026;21/07/2026;Entregue No Prazo;;Entrega realizada;Entrega Finalizada;24;7;17;7;TRANSTRY;24001;;;
MOBIS BRASIL FABRICACAO DE AUTO PECAS LT;RODOVIARIO;1543922;17/07/2026;5;352745;17/07/2026;ATUAL VEICULOS LTDA;1,33E+13;TUBARAO;SC;17/07/2026;24/07/2026;21/07/2026;Entregue No Prazo;;Entrega realizada;Entrega Finalizada;24;7;17;7;TRANSTRY;24001;;;
MOBIS BRASIL FABRICACAO DE AUTO PECAS LT;RODOVIARIO;1543923;17/07/2026;3;352750;17/07/2026;BARI VEICULOS LTDA;7,46E+12;BLUMENAU;SC;17/07/2026;24/07/2026;21/07/2026;Entregue No Prazo;;Entrega realizada;Entrega Finalizada;24;7;17;7;TRANSTRY;18024;;;
MOBIS BRASIL FABRICACAO DE AUTO PECAS LT;RODOVIARIO;1543924;17/07/2026;10;352750;17/07/2026;BARI VEICULOS LTDA;7,46E+12;BLUMENAU;SC;17/07/2026;24/07/2026;21/07/2026;Entregue No Prazo;;Entrega realizada;Entrega Finalizada;24;7;17;7;TRANSTRY;18024;;;
MOBIS BRASIL FABRICACAO DE AUTO PECAS LT;RODOVIARIO;1543864;17/07/2026;1;352726;17/07/2026;SMAFF IMPORT VEICULOS LTDA;8,18E+12;BRASILIA;DF;17/07/2026;27/07/2026;21/07/2026;Entregue No Prazo;;Entrega realizada;Entrega Finalizada;27;7;17;7;RIO VERMELHO;7002;;;
MOBIS BRASIL FABRICACAO DE AUTO PECAS LT;RODOVIARIO;1543865;17/07/2026;1;352724;17/07/2026;SAGA KOREA COM. DE VEIC. E PC. LTDA;1,27E+13;BRASILIA;DF;17/07/2026;27/07/2026;21/07/2026;Entregue No Prazo;;Entrega realizada;Entrega Finalizada;27;7;17;7;RIO VERMELHO;7005;;;
MOBIS BRASIL FABRICACAO DE AUTO PECAS LT;RODOVIARIO;1543917;17/07/2026;2;352759;17/07/2026;HOUSE PARTS - COM. DE PECAS E VEIC. LTDA;1,15E+13;SANTA MARIA;RS;17/07/2026;27/07/2026;21/07/2026;Entregue No Prazo;;Entrega realizada;Entrega Finalizada;27;7;17;7;TRANSTRY;23008;;;
MOBIS BRASIL FABRICACAO DE AUTO PECAS LT;RODOVIARIO;1543926;17/07/2026;2;352749;17/07/2026;BARI VEICULOS LTDA;7,46E+12;BALNEARIO CAMBORIU;SC;17/07/2026;27/07/2026;21/07/2026;Entregue No Prazo;;Entrega realizada;Entrega Finalizada;27;7;17;7;TRANSTRY;18024;;;
MOBIS BRASIL FABRICACAO DE AUTO PECAS LT;RODOVIARIO;1543927;17/07/2026;1;352749;17/07/2026;BARI VEICULOS LTDA;7,46E+12;BALNEARIO CAMBORIU;SC;17/07/2026;27/07/2026;21/07/2026;Entregue No Prazo;;Entrega realizada;Entrega Finalizada;27;7;17;7;TRANSTRY;18024;;;
MOBIS BRASIL FABRICACAO DE AUTO PECAS LT;RODOVIARIO;1544692;20/07/2026;2;353107;20/07/2026;SEVEC VEICULOS LTDA;5,68E+11;CURITIBA;PR;20/07/2026;23/07/2026;21/07/2026;Entregue No Prazo;;Entrega realizada;Entrega Finalizada;23;7;20;7;TRANSTRY;18012;;;
MOBIS BRASIL FABRICACAO DE AUTO PECAS LT;RODOVIARIO;1544720;20/07/2026;44;353183;20/07/2026;NEW VEICULOS E PECAS LTDA;1,59E+13;RIBEIRAO PRETO;SP;20/07/2026;23/07/2026;21/07/2026;Entregue No Prazo;;Entrega realizada;Entrega Finalizada;23;7;20;7;BV LOG;26014;;;
MOBIS BRASIL FABRICACAO DE AUTO PECAS LT;RODOVIARIO;1544725;20/07/2026;1;353056;20/07/2026;CAOA MOTOR DO BRASIL LTDA;1,68E+13;CAMPINAS;SP;20/07/2026;23/07/2026;21/07/2026;Entregue No Prazo;;Entrega realizada;Entrega Finalizada;23;7;20;7;MVT;5008;;;
MOBIS BRASIL FABRICACAO DE AUTO PECAS LT;RODOVIARIO;1544695;20/07/2026;3;353095;20/07/2026;BARI VEICULOS LTDA;7,46E+12;SAO JOSE DOS PINHAIS;PR;20/07/2026;24/07/2026;21/07/2026;Entregue No Prazo;;Entrega realizada;Entrega Finalizada;24;7;20;7;TRANSTRY;18024;;;
MOBIS BRASIL FABRICACAO DE AUTO PECAS LT;RODOVIARIO;1544715;20/07/2026;2;353060;20/07/2026;HYMAX DISTRIBUIDORA DE VEICULOS LTDA;1,73E+13;MOGI GUACU;SP;20/07/2026;24/07/2026;21/07/2026;Entregue No Prazo;;Entrega realizada;Entrega Finalizada;24;7;20;7;MVT;26002;;;
MOBIS BRASIL FABRICACAO DE AUTO PECAS LT;RODOVIARIO;1544716;20/07/2026;1;353060;20/07/2026;HYMAX DISTRIBUIDORA DE VEICULOS LTDA;1,73E+13;MOGI GUACU;SP;20/07/2026;24/07/2026;21/07/2026;Entregue No Prazo;;Entrega realizada;Entrega Finalizada;24;7;20;7;MVT;26002;;;
MOBIS BRASIL FABRICACAO DE AUTO PECAS LT;RODOVIARIO;1544723;20/07/2026;6;353061;20/07/2026;NEW VEICULOS E PECAS LTDA;1,59E+13;FRANCA;SP;20/07/2026;24/07/2026;21/07/2026;Entregue No Prazo;;Entrega realizada;Entrega Finalizada;24;7;20;7;MVT;26014;;;
MOBIS BRASIL FABRICACAO DE AUTO PECAS LT;RODOVIARIO;1544724;20/07/2026;8;353059;20/07/2026;H R B COMERCIO DE VEICULOS LTDA;1,82E+13;SAO JOSE DO RIO PRETO;SP;20/07/2026;24/07/2026;21/07/2026;Entregue No Prazo;;Entrega realizada;Entrega Finalizada;24;7;20;7;MVT;26050;;;
MOBIS BRASIL FABRICACAO DE AUTO PECAS LT;RODOVIARIO;1544730;20/07/2026;1;353058;20/07/2026;H - CAMINHO AUTOMOVEIS LTDA;2,53E+13;PIRACICABA;SP;20/07/2026;24/07/2026;21/07/2026;Entregue No Prazo;;Entrega realizada;Entrega Finalizada;24;7;20;7;MVT;26092;;;
MOBIS BRASIL FABRICACAO DE AUTO PECAS LT;RODOVIARIO;1544721;20/07/2026;5;353190;21/07/2026;GRAND SPORT COM. DE VEIC. E PECAS LTDA;8,58E+12;SAO PAULO;SP;21/07/2026;23/07/2026;21/07/2026;Entregue No Prazo;;Entrega realizada;Entrega Finalizada;23;7;21;7;BV LOG;26034;;;
MOBIS BRASIL FABRICACAO DE AUTO PECAS LT;RODOVIARIO;1544728;20/07/2026;16;353191;21/07/2026;GRANDAY AUTOMOTORES LTDA (CHAC. CALIFOR);1,57E+13;SAO PAULO;SP;21/07/2026;23/07/2026;21/07/2026;Entregue No Prazo;;Entrega realizada;Entrega Finalizada;23;7;21;7;BV LOG;26090;;;
MOBIS BRASIL FABRICACAO DE AUTO PECAS LT;RODOVIARIO;1544729;20/07/2026;4;353189;21/07/2026;CAOA MOTOR DO BRASIL LTDA (INDIANOPOLIS);1,68E+13;SAO PAULO;SP;21/07/2026;23/07/2026;21/07/2026;Entregue No Prazo;;Entrega realizada;Entrega Finalizada;23;7;21;7;BV LOG;26091;;;
MOBIS BRASIL FABRICACAO DE AUTO PECAS LT;RODOVIARIO;1543936;17/07/2026;1;353193;21/07/2026;ANDRETA II DISTRIBUIDORA DE VEIC. LTDA;9,10E+12;CAMPINAS;SP;21/07/2026;24/07/2026;21/07/2026;Entregue No Prazo;;Entrega realizada;Entrega Finalizada;24;7;21;7;BV LOG;26011;;;
MOBIS BRASIL FABRICACAO DE AUTO PECAS LT;RODOVIARIO;1543937;17/07/2026;7;353193;21/07/2026;ANDRETA II DISTRIBUIDORA DE VEIC. LTDA;9,10E+12;CAMPINAS;SP;21/07/2026;24/07/2026;21/07/2026;Entregue No Prazo;;Entrega realizada;Entrega Finalizada;24;7;21;7;BV LOG;26011;;;
MOBIS BRASIL FABRICACAO DE AUTO PECAS LT;RODOVIARIO;1544718;20/07/2026;7;353194;21/07/2026;ANDRETA II DISTRIBUIDORA DE VEIC. LTDA;9,10E+12;CAMPINAS;SP;21/07/2026;24/07/2026;21/07/2026;Entregue No Prazo;;Entrega realizada;Entrega Finalizada;24;7;21;7;BV LOG;26011;;;
MOBIS BRASIL FABRICACAO DE AUTO PECAS LT;RODOVIARIO;1544719;20/07/2026;44;353195;21/07/2026;MOTONET COMERCIO DE VEICULOS LTDA;9,28E+12;SOROCABA;SP;21/07/2026;24/07/2026;21/07/2026;Entregue No Prazo;;Entrega realizada;Entrega Finalizada;24;7;21;7;BV LOG;26113;;;
MOBIS BRASIL FABRICACAO DE AUTO PECAS LT;RODOVIARIO;1537569;07/07/2026;3;351105;07/07/2026;TRIAUTO KOREA AUTOMOVEIS LTDA;4,99E+13;CATALAO;GO;07/07/2026;21/07/2026;22/07/2026;Entregue Fora do Prazo;;Entrega realizada;Entrega Finalizada;21;7;7;7;RIO VERMELHO;9018;;;
MOBIS BRASIL FABRICACAO DE AUTO PECAS LT;RODOVIARIO;1539371;09/07/2026;1;351628;09/07/2026;PATEO COMERCIO DE VEICULOS S A;7,78E+12;JOAO PESSOA;PB;09/07/2026;24/07/2026;22/07/2026;Entregue No Prazo;;Entrega realizada;Entrega Finalizada;24;7;9;7;TERMACO;15003;;;
MOBIS BRASIL FABRICACAO DE AUTO PECAS LT;RODOVIARIO;1540075;10/07/2026;1;351739;10/07/2026;PATEO COMERCIO DE VEICULOS S A;7,78E+12;JOAO PESSOA;PB;10/07/2026;27/07/2026;22/07/2026;Entregue No Prazo;;Entrega realizada;Entrega Finalizada;27;7;10;7;TERMACO;15003;;;
MOBIS BRASIL FABRICACAO DE AUTO PECAS LT;RODOVIARIO;1540799;13/07/2026;2;351857;13/07/2026;COMETA MATO GROSSO COM. DE VEICULOS LTDA;1,54E+13;SINOP;MT;13/07/2026;23/07/2026;22/07/2026;Entregue No Prazo;;Entrega realizada;Entrega Finalizada;23;7;13;7;CARVALIMA;13003;;;
MOBIS BRASIL FABRICACAO DE AUTO PECAS LT;RODOVIARIO;1540802;13/07/2026;1;351862;13/07/2026;MISO VEICULOS LTDA;1,85E+13;SANTAREM;PA;13/07/2026;27/07/2026;22/07/2026;Entregue No Prazo;;Entrega realizada;Entrega Finalizada;27;7;13;7;CARVALIMA;4001;;;
MOBIS BRASIL FABRICACAO DE AUTO PECAS LT;RODOVIARIO;1540781;13/07/2026;3;351866;13/07/2026;ORVEL AUTOMOTOR HYD LTDA;2,52E+13;TEIXEIRA DE FREITAS;BA;13/07/2026;28/07/2026;22/07/2026;Entregue No Prazo;;Entrega realizada;Entrega Finalizada;28;7;13;7;TERMACO;5011;Adesão do Maranhão à Independência do Brasil;Estadual;MA
MOBIS BRASIL FABRICACAO DE AUTO PECAS LT;RODOVIARIO;1540806;13/07/2026;5;351861;13/07/2026;JPN COMERCIO DE AUTOMOVEIS LTDA;2,61E+13;GARANHUNS;PE;13/07/2026;29/07/2026;22/07/2026;Entregue No Prazo;;Entrega realizada;Entrega Finalizada;29;7;13;7;TERMACO;16009;;;
MOBIS BRASIL FABRICACAO DE AUTO PECAS LT;RODOVIARIO;1540807;13/07/2026;2;351855;13/07/2026;AUTORAC VEICULOS LTDA;1,06E+13;PETROLINA;PE;13/07/2026;29/07/2026;22/07/2026;Entregue No Prazo;;Entrega realizada;Entrega Finalizada;29;7;13;7;TERMACO;16001;;;
MOBIS BRASIL FABRICACAO DE AUTO PECAS LT;RODOVIARIO;1540789;13/07/2026;2;351864;13/07/2026;NACIONAL NOVA MARABA DIST DE VEIC. LTDA;1,70E+13;IMPERATRIZ;MA;13/07/2026;31/07/2026;22/07/2026;Entregue No Prazo;;Entrega realizada;Entrega Finalizada;31;7;13;7;TERMACO;10003;;;
MOBIS BRASIL FABRICACAO DE AUTO PECAS LT;RODOVIARIO;1541470;14/07/2026;21;352097;14/07/2026;FAZZA MOTORS COMERCIO DE VEICULOS LTDA;1,24E+13;SALVADOR;BA;14/07/2026;24/07/2026;22/07/2026;Entregue No Prazo;;Entrega realizada;Entrega Finalizada;24;7;14;7;TERMACO;5007;;;
MOBIS BRASIL FABRICACAO DE AUTO PECAS LT;RODOVIARIO;1541467;14/07/2026;1;352095;14/07/2026;CYCOSA AUTOMOVEIS LTDA;4,76E+12;MACEIO;AL;14/07/2026;28/07/2026;22/07/2026;Entregue No Prazo;;Entrega realizada;Entrega Finalizada;28;7;14;7;CARVALIMA;2001;Adesão do Maranhão à Independência do Brasil;Estadual;MA
MOBIS BRASIL FABRICACAO DE AUTO PECAS LT;RODOVIARIO;1541474;14/07/2026;2;352084;14/07/2026;CAOA MOTOR DO BRASIL LTDA;1,68E+13;FORTALEZA;CE;14/07/2026;28/07/2026;22/07/2026;Entregue No Prazo;;Entrega realizada;Entrega Finalizada;28;7;14;7;TERMACO;5008;Adesão do Maranhão à Independência do Brasil;Estadual;MA
MOBIS BRASIL FABRICACAO DE AUTO PECAS LT;RODOVIARIO;1541484;14/07/2026;2;352041;14/07/2026;TRIAUTO KOREA AUTOMOVEIS LTDA;4,99E+13;CATALAO;GO;14/07/2026;28/07/2026;22/07/2026;Entregue No Prazo;;Entrega realizada;Entrega Finalizada;28;7;14;7;RIO VERMELHO;9018;Adesão do Maranhão à Independência do Brasil;Estadual;MA
MOBIS BRASIL FABRICACAO DE AUTO PECAS LT;RODOVIARIO;1542074;14/07/2026;3;352096;14/07/2026;FAZZA MOTORS COM. DE VEICULOS LTDA;1,24E+13;FORTALEZA;CE;14/07/2026;28/07/2026;22/07/2026;Entregue No Prazo;;Entrega realizada;Entrega Finalizada;28;7;14;7;TERMACO;6001;Adesão do Maranhão à Independência do Brasil;Estadual;MA
MOBIS BRASIL FABRICACAO DE AUTO PECAS LT;RODOVIARIO;1541468;14/07/2026;3;352081;14/07/2026;AIKON VEICULOS LTDA;1,17E+13;VITORIA DA CONQUISTA;BA;14/07/2026;29/07/2026;22/07/2026;Entregue No Prazo;;Entrega realizada;Entrega Finalizada;29;7;14;7;TERMACO;5002;;;
MOBIS BRASIL FABRICACAO DE AUTO PECAS LT;RODOVIARIO;1541471;14/07/2026;3;352113;14/07/2026;PATEO COMERCIO DE VEICULOS S A;7,78E+12;FEIRA DE SANTANA;BA;14/07/2026;29/07/2026;22/07/2026;Entregue No Prazo;;Entrega realizada;Entrega Finalizada;29;7;14;7;TERMACO;5009;;;
MOBIS BRASIL FABRICACAO DE AUTO PECAS LT;RODOVIARIO;1541472;14/07/2026;14;352109;14/07/2026;ORVEL AUTOMOTOR HYD LTDA;2,52E+13;TEIXEIRA DE FREITAS;BA;14/07/2026;29/07/2026;22/07/2026;Entregue No Prazo;;Entrega realizada;Entrega Finalizada;29;7;14;7;TERMACO;5011;;;
MOBIS BRASIL FABRICACAO DE AUTO PECAS LT;RODOVIARIO;1541510;14/07/2026;4;352089;14/07/2026;CAOA MOTOR DO BRASIL LTDA;1,68E+13;RECIFE;PE;14/07/2026;29/07/2026;22/07/2026;Entregue No Prazo;;Entrega realizada;Entrega Finalizada;29;7;14;7;TERMACO;5008;;;
MOBIS BRASIL FABRICACAO DE AUTO PECAS LT;RODOVIARIO;1541511;14/07/2026;7;352105;14/07/2026;JPN COMERCIO DE AUTOMOVEIS LTDA;2,61E+13;GARANHUNS;PE;14/07/2026;30/07/2026;22/07/2026;Entregue No Prazo;;Entrega realizada;Entrega Finalizada;30;7;14;7;TERMACO;16009;;;
MOBIS BRASIL FABRICACAO DE AUTO PECAS LT;RODOVIARIO;1541512;14/07/2026;4;352105;14/07/2026;JPN COMERCIO DE AUTOMOVEIS LTDA;2,61E+13;GARANHUNS;PE;14/07/2026;30/07/2026;22/07/2026;Entregue No Prazo;;Entrega realizada;Entrega Finalizada;30;7;14;7;TERMACO;16009;;;
MOBIS BRASIL FABRICACAO DE AUTO PECAS LT;RODOVIARIO;1541466;14/07/2026;1;352124;14/07/2026;ULSAN COMERCIO DE VEICULOS LTDA;2,10E+13;RIO BRANCO;AC;14/07/2026;31/07/2026;22/07/2026;Entregue No Prazo;;Entrega realizada;Entrega Finalizada;31;7;14;7;CARVALIMA;21004;;;
MOBIS BRASIL FABRICACAO DE AUTO PECAS LT;RODOVIARIO;1542373;15/07/2026;2;352455;15/07/2026;CAOA MOTOR DO BRASIL LTDA;1,68E+13;RIO DE JANEIRO;RJ;15/07/2026;21/07/2026;22/07/2026;Entregue Fora do Prazo;;Entrega realizada;Entrega Finalizada;21;7;15;7;CAMILO;5008;;;
MOBIS BRASIL FABRICACAO DE AUTO PECAS LT;RODOVIARIO;1542378;15/07/2026;11;352441;15/07/2026;CARWAY SUL VEICULOS LTDA;1,03E+13;CANOAS;RS;15/07/2026;21/07/2026;22/07/2026;Entregue Fora do Prazo;;Entrega realizada;Entrega Finalizada;21;7;15;7;TRANSTRY;23003;;;
MOBIS BRASIL FABRICACAO DE AUTO PECAS LT;RODOVIARIO;1542366;15/07/2026;1;352452;15/07/2026;VETOR AUTOMOVEIS LTDA;2,12E+13;FOZ DO IGUACU;PR;15/07/2026;22/07/2026;22/07/2026;Entregue No Prazo;;Entrega realizada;Entrega Finalizada;22;7;15;7;TRANSTRY;18019;;;
MOBIS BRASIL FABRICACAO DE AUTO PECAS LT;RODOVIARIO;1542367;15/07/2026;2;352452;15/07/2026;VETOR AUTOMOVEIS LTDA;2,12E+13;FOZ DO IGUACU;PR;15/07/2026;22/07/2026;22/07/2026;Entregue No Prazo;;Entrega realizada;Entrega Finalizada;22;7;15;7;TRANSTRY;18019;;;
MOBIS BRASIL FABRICACAO DE AUTO PECAS LT;RODOVIARIO;1542320;15/07/2026;4;352462;15/07/2026;FAZZA MOTORS COMERCIO DE VEICULOS LTDA;1,24E+13;SALVADOR;BA;15/07/2026;27/07/2026;22/07/2026;Entregue No Prazo;;Entrega realizada;Entrega Finalizada;27;7;15;7;TERMACO;5007;;;
MOBIS BRASIL FABRICACAO DE AUTO PECAS LT;RODOVIARIO;1542352;15/07/2026;1;352456;15/07/2026;CAOA MOTOR DO BRASIL LTDA;1,68E+13;BELEM;PA;15/07/2026;28/07/2026;22/07/2026;Entregue No Prazo;;Entrega realizada;Entrega Finalizada;28;7;15;7;CARVALIMA;5008;Adesão do Maranhão à Independência do Brasil;Estadual;MA
MOBIS BRASIL FABRICACAO DE AUTO PECAS LT;RODOVIARIO;1542321;15/07/2026;2;352474;15/07/2026;PATEO COMERCIO DE VEICULOS S A;7,78E+12;FEIRA DE SANTANA;BA;15/07/2026;30/07/2026;22/07/2026;Entregue No Prazo;;Entrega realizada;Entrega Finalizada;30;7;15;7;TERMACO;5009;;;
MOBIS BRASIL FABRICACAO DE AUTO PECAS LT;RODOVIARIO;1542357;15/07/2026;1;352454;15/07/2026;AUTORAC VEICULOS LTDA;1,06E+13;CARUARU;PE;15/07/2026;31/07/2026;22/07/2026;Entregue No Prazo;;Entrega realizada;Entrega Finalizada;31;7;15;7;TERMACO;16001;;;
MOBIS BRASIL FABRICACAO DE AUTO PECAS LT;RODOVIARIO;1542359;15/07/2026;2;352467;15/07/2026;JPN COMERCIO DE AUTOMOVEIS LTDA;2,61E+13;GARANHUNS;PE;15/07/2026;31/07/2026;22/07/2026;Entregue No Prazo;;Entrega realizada;Entrega Finalizada;31;7;15;7;TERMACO;16009;;;
MOBIS BRASIL FABRICACAO DE AUTO PECAS LT;RODOVIARIO;1543151;16/07/2026;6;352540;16/07/2026;GRAND SPORT COM. DE VEIC. E PECAS LTDA;8,58E+12;GUARULHOS;SP;16/07/2026;20/07/2026;22/07/2026;Entregue Fora do Prazo;;Entrega realizada;Entrega Finalizada;20;7;16;7;XD DIADEMA;26005;;;
MOBIS BRASIL FABRICACAO DE AUTO PECAS LT;RODOVIARIO;1543177;16/07/2026;1;352537;16/07/2026;CAOA MOTOR DO BRASIL LTDA(RAP. TAVARES);1,68E+13;SAO PAULO;SP;16/07/2026;20/07/2026;22/07/2026;Entregue Fora do Prazo;;Entrega realizada;Entrega Finalizada;20;7;16;7;XD DIADEMA;26109;;;
MOBIS BRASIL FABRICACAO DE AUTO PECAS LT;RODOVIARIO;1543169;16/07/2026;1;352538;16/07/2026;DESTAQUE SEUL DISTR. DE VEIC. E PC. LTDA;2,12E+13;ATIBAIA;SP;16/07/2026;21/07/2026;22/07/2026;Entregue Fora do Prazo;;Entrega realizada;Entrega Finalizada;21;7;16;7;XD DIADEMA;26075;;;
MOBIS BRASIL FABRICACAO DE AUTO PECAS LT;RODOVIARIO;1543135;16/07/2026;2;352559;16/07/2026;CARWAY SUL VEICULOS LTDA;1,03E+13;CANOAS;RS;16/07/2026;22/07/2026;22/07/2026;Entregue No Prazo;;Entrega realizada;Entrega Finalizada;22;7;16;7;TRANSTRY;23003;;;
MOBIS BRASIL FABRICACAO DE AUTO PECAS LT;RODOVIARIO;1543116;16/07/2026;3;352569;16/07/2026;SANTA FE VEICULOS LTDA.;1,16E+13;FRANCISCO BELTRAO;PR;16/07/2026;23/07/2026;22/07/2026;Entregue No Prazo;;Entrega realizada;Entrega Finalizada;23;7;16;7;TRANSTRY;18010;;;
MOBIS BRASIL FABRICACAO DE AUTO PECAS LT;RODOVIARIO;1543119;16/07/2026;1;352571;16/07/2026;VETOR AUTOMOVEIS LTDA;2,12E+13;FOZ DO IGUACU;PR;16/07/2026;23/07/2026;22/07/2026;Entregue No Prazo;;Entrega realizada;Entrega Finalizada;23;7;16;7;TRANSTRY;18019;;;
MOBIS BRASIL FABRICACAO DE AUTO PECAS LT;RODOVIARIO;1543091;16/07/2026;3;352609;16/07/2026;PRIME CACHOEIRO VEICULOS LTDA EPP;9,34E+12;CACHOEIRO DE ITAPEMIRIM;ES;16/07/2026;24/07/2026;22/07/2026;Entregue No Prazo;;Entrega realizada;Entrega Finalizada;24;7;16;7;RIO VERMELHO;8003;;;
MOBIS BRASIL FABRICACAO DE AUTO PECAS LT;RODOVIARIO;1543092;16/07/2026;9;352609;16/07/2026;PRIME CACHOEIRO VEICULOS LTDA EPP;9,34E+12;CACHOEIRO DE ITAPEMIRIM;ES;16/07/2026;24/07/2026;22/07/2026;Entregue No Prazo;;Entrega realizada;Entrega Finalizada;24;7;16;7;CAMILO;8003;;;
MOBIS BRASIL FABRICACAO DE AUTO PECAS LT;RODOVIARIO;1543093;16/07/2026;6;352545;16/07/2026;SAGA KOREA COM. DE VEIC. E PC. LTDA;1,27E+13;GOIANIA;GO;16/07/2026;24/07/2026;22/07/2026;Entregue No Prazo;;22/07 Em rota de entrega;Entrega Finalizada;24;7;16;7;RIO VERMELHO;9009;;;
MOBIS BRASIL FABRICACAO DE AUTO PECAS LT;RODOVIARIO;1543094;16/07/2026;1;352546;16/07/2026;SAGA KOREA COM. DE VEIC. E PC. LTDA;1,27E+13;GOIANIA;GO;16/07/2026;24/07/2026;22/07/2026;Entregue No Prazo;;22/07 Em rota de entrega;Entrega Finalizada;24;7;16;7;RIO VERMELHO;9011;;;
MOBIS BRASIL FABRICACAO DE AUTO PECAS LT;RODOVIARIO;1543095;16/07/2026;4;352543;16/07/2026;NISA COMERCIAL DE VEIC. AUTOMOTORES LTDA;1,03E+13;GOIANIA;GO;16/07/2026;24/07/2026;22/07/2026;Entregue No Prazo;;22/07 Em rota de entrega;Entrega Finalizada;24;7;16;7;RIO VERMELHO;9013;;;
MOBIS BRASIL FABRICACAO DE AUTO PECAS LT;RODOVIARIO;1543106;16/07/2026;1;352612;16/07/2026;SAGA SEUL COMERCIO DE VEICULOS, PECAS E;2,23E+13;CUIABA;MT;16/07/2026;27/07/2026;22/07/2026;Entregue No Prazo;;Entrega realizada;Entrega Finalizada;27;7;16;7;CARVALIMA;13005;;;
MOBIS BRASIL FABRICACAO DE AUTO PECAS LT;RODOVIARIO;1543097;16/07/2026;3;352542;16/07/2026;NASA MOTORS LTDA.;2,65E+13;SAO LUIS DE MONTES BELOS;GO;16/07/2026;30/07/2026;22/07/2026;Entregue No Prazo;;Entrega realizada;Entrega Finalizada;30;7;16;7;RIO VERMELHO;9016;;;
MOBIS BRASIL FABRICACAO DE AUTO PECAS LT;RODOVIARIO;1543086;16/07/2026;1;352603;16/07/2026;ORVEL AUTOMOTOR HYD LTDA;2,52E+13;TEIXEIRA DE FREITAS;BA;16/07/2026;31/07/2026;22/07/2026;Entregue No Prazo;;Entrega realizada;Entrega Finalizada;31;7;16;7;TERMACO;5011;;;
MOBIS BRASIL FABRICACAO DE AUTO PECAS LT;RODOVIARIO;1543933;17/07/2026;15;352723;17/07/2026;NOBRE DISTRIBUIDORA DE VEIC. E PEC. LTDA;5,76E+12;MOGI DAS CRUZES;SP;17/07/2026;21/07/2026;22/07/2026;Entregue Fora do Prazo;;Entrega realizada;Entrega Finalizada;21;7;17;7;XD DIADEMA;26004;;;
MOBIS BRASIL FABRICACAO DE AUTO PECAS LT;RODOVIARIO;1543934;17/07/2026;1;352720;17/07/2026;GRAND SPORT COM. DE VEIC. E PECAS LTDA;8,58E+12;GUARULHOS;SP;17/07/2026;21/07/2026;22/07/2026;Entregue Fora do Prazo;;Entrega realizada;Entrega Finalizada;21;7;17;7;XD DIADEMA;26005;;;
MOBIS BRASIL FABRICACAO DE AUTO PECAS LT;RODOVIARIO;1543940;17/07/2026;4;352718;17/07/2026;CHS MOTORS VEICULOS PECAS E SERV. LTDA.;1,69E+13;SAO PAULO;SP;17/07/2026;21/07/2026;22/07/2026;Entregue Fora do Prazo;;Entrega realizada;Entrega Finalizada;21;7;17;7;XD DIADEMA;26036;;;
MOBIS BRASIL FABRICACAO DE AUTO PECAS LT;RODOVIARIO;1543916;17/07/2026;1;352753;17/07/2026;CARWAY SUL VEICULOS LTDA;1,03E+13;CANOAS;RS;17/07/2026;23/07/2026;22/07/2026;Entregue No Prazo;;Entrega realizada;Entrega Finalizada;23;7;17;7;TRANSTRY;23003;;;
MOBIS BRASIL FABRICACAO DE AUTO PECAS LT;RODOVIARIO;1543956;17/07/2026;6;352733;17/07/2026;DESTAQUE SEUL DISTR DE VEIC PEC LTDA;2,12E+13;CARAGUATATUBA;SP;17/07/2026;23/07/2026;22/07/2026;Entregue No Prazo;;Entrega realizada;Entrega Finalizada;23;7;17;7;MVT;26082;;;
MOBIS BRASIL FABRICACAO DE AUTO PECAS LT;RODOVIARIO;1543879;17/07/2026;1;352799;17/07/2026;VITAL COMERCIO DE VEICULOS LTDA;1,05E+13;IPATINGA;MG;17/07/2026;24/07/2026;22/07/2026;Entregue No Prazo;;Entrega realizada;Entrega Finalizada;24;7;17;7;CAMILO;11016;;;
MOBIS BRASIL FABRICACAO DE AUTO PECAS LT;RODOVIARIO;1543899;17/07/2026;1;352767;17/07/2026;ZENDAI VEICULOS LTDA;1,97E+13;TOLEDO;PR;17/07/2026;24/07/2026;22/07/2026;Entregue No Prazo;;Entrega realizada;Entrega Finalizada;24;7;17;7;TRANSTRY;18016;;;
MOBIS BRASIL FABRICACAO DE AUTO PECAS LT;RODOVIARIO;1543900;17/07/2026;1;352767;17/07/2026;ZENDAI VEICULOS LTDA;1,97E+13;TOLEDO;PR;17/07/2026;24/07/2026;22/07/2026;Entregue No Prazo;;Entrega realizada;Entrega Finalizada;24;7;17;7;TRANSTRY;18016;;;
MOBIS BRASIL FABRICACAO DE AUTO PECAS LT;RODOVIARIO;1543903;17/07/2026;1;352765;17/07/2026;VETOR AUTOMOVEIS LTDA;2,12E+13;FOZ DO IGUACU;PR;17/07/2026;24/07/2026;22/07/2026;Entregue No Prazo;;Entrega realizada;Entrega Finalizada;24;7;17;7;TRANSTRY;18019;;;
MOBIS BRASIL FABRICACAO DE AUTO PECAS LT;RODOVIARIO;1543870;17/07/2026;1;352722;17/07/2026;NISA COMERCIAL DE VEIC. AUTOMOTORES LTDA;1,03E+13;APARECIDA DE GOIANIA;GO;17/07/2026;27/07/2026;22/07/2026;Entregue No Prazo;;Entrega realizada;Entrega Finalizada;27;7;17;7;RIO VERMELHO;9002;;;
MOBIS BRASIL FABRICACAO DE AUTO PECAS LT;RODOVIARIO;1543871;17/07/2026;7;352722;17/07/2026;NISA COMERCIAL DE VEIC. AUTOMOTORES LTDA;1,03E+13;APARECIDA DE GOIANIA;GO;17/07/2026;27/07/2026;22/07/2026;Entregue No Prazo;;Entrega realizada;Entrega Finalizada;27;7;17;7;RIO VERMELHO;9002;;;
MOBIS BRASIL FABRICACAO DE AUTO PECAS LT;RODOVIARIO;1543872;17/07/2026;1;352725;17/07/2026;SAGA KOREA COM. DE VEIC. E PC. LTDA;1,27E+13;GOIANIA;GO;17/07/2026;27/07/2026;22/07/2026;Entregue No Prazo;;22/07 Em rota de entrega;Entrega Finalizada;27;7;17;7;RIO VERMELHO;9011;;;
MOBIS BRASIL FABRICACAO DE AUTO PECAS LT;RODOVIARIO;1543873;17/07/2026;35;352725;17/07/2026;SAGA KOREA COM. DE VEIC. E PC. LTDA;1,27E+13;GOIANIA;GO;17/07/2026;27/07/2026;22/07/2026;Entregue No Prazo;;22/07 Em rota de entrega;Entrega Finalizada;27;7;17;7;RIO VERMELHO;9011;;;
MOBIS BRASIL FABRICACAO DE AUTO PECAS LT;RODOVIARIO;1543885;17/07/2026;2;352779;17/07/2026;GOLDEN MOTORS VEICULOS LTDA;3,62E+12;DOURADOS;MS;17/07/2026;27/07/2026;22/07/2026;Entregue No Prazo;;Entrega realizada;Entrega Finalizada;27;7;17;7;CARVALIMA;12001;;;
MOBIS BRASIL FABRICACAO DE AUTO PECAS LT;RODOVIARIO;1543888;17/07/2026;1;352776;17/07/2026;COMETA MATO GROSSO COM. DE VEICULOS LTDA;1,54E+13;SINOP;MT;17/07/2026;29/07/2026;22/07/2026;Entregue No Prazo;;Entrega realizada;Entrega Finalizada;29;7;17;7;CARVALIMA;13003;;;
MOBIS BRASIL FABRICACAO DE AUTO PECAS LT;RODOVIARIO;1543889;17/07/2026;4;352776;17/07/2026;COMETA MATO GROSSO COM. DE VEICULOS LTDA;1,54E+13;SINOP;MT;17/07/2026;29/07/2026;22/07/2026;Entregue No Prazo;;Entrega realizada;Entrega Finalizada;29;7;17;7;CARVALIMA;13003;;;
MOBIS BRASIL FABRICACAO DE AUTO PECAS LT;RODOVIARIO;1544717;20/07/2026;19;353046;20/07/2026;NOBRE DISTRIBUIDORA DE VEICULOS E PECAS;5,76E+12;MOGI DAS CRUZES;SP;20/07/2026;22/07/2026;22/07/2026;Entregue No Prazo;;Entrega realizada;Entrega Finalizada;22;7;20;7;XD DIADEMA;26004;;;
MOBIS BRASIL FABRICACAO DE AUTO PECAS LT;RODOVIARIO;1544678;20/07/2026;1;353043;20/07/2026;CAOA MOTOR DO BRASIL LTDA;1,68E+13;BELO HORIZONTE;MG;20/07/2026;23/07/2026;22/07/2026;Entregue No Prazo;;Entrega realizada;Entrega Finalizada;23;7;20;7;XD BETIM;5008;;;
MOBIS BRASIL FABRICACAO DE AUTO PECAS LT;RODOVIARIO;1544679;20/07/2026;1;353042;20/07/2026;BDG AUTOVILLE VEICULOS LTDA;4,77E+13;CONTAGEM;MG;20/07/2026;23/07/2026;22/07/2026;Entregue No Prazo;;Entrega realizada;Entrega Finalizada;23;7;20;7;XD BETIM;11037;;;
MOBIS BRASIL FABRICACAO DE AUTO PECAS LT;RODOVIARIO;1544680;20/07/2026;43;353042;20/07/2026;BDG AUTOVILLE VEICULOS LTDA;4,77E+13;CONTAGEM;MG;20/07/2026;23/07/2026;22/07/2026;Entregue No Prazo;;Entrega realizada;Entrega Finalizada;23;7;20;7;XD BETIM;11037;;;
MOBIS BRASIL FABRICACAO DE AUTO PECAS LT;RODOVIARIO;1544722;20/07/2026;2;353055;20/07/2026;ANDRETA II DISTRIBUIDORA DE VEIC. LTDA;9,10E+12;AMERICANA;SP;20/07/2026;23/07/2026;22/07/2026;Entregue No Prazo;;Entrega realizada;Entrega Finalizada;23;7;20;7;MVT;26011;;;
MOBIS BRASIL FABRICACAO DE AUTO PECAS LT;RODOVIARIO;1545133;20/07/2026;36;353052;20/07/2026;TAI MOTORS VEICULOS S/A;9,27E+12;BELO HORIZONTE;MG;20/07/2026;23/07/2026;22/07/2026;Entregue No Prazo;;Entrega realizada;Entrega Finalizada;23;7;20;7;XD BETIM;8002;;;
MOBIS BRASIL FABRICACAO DE AUTO PECAS LT;RODOVIARIO;1545134;20/07/2026;5;353054;20/07/2026;ANDRETA II DISTRIBUIDORA DE VEIC. LTDA;9,10E+12;JUNDIAI;SP;20/07/2026;23/07/2026;22/07/2026;Entregue No Prazo;;Entrega realizada;Entrega Finalizada;23;7;20;7;MVT;26011;;;
MOBIS BRASIL FABRICACAO DE AUTO PECAS LT;RODOVIARIO;1544694;20/07/2026;13;353093;20/07/2026;BARI VEICULOS LTDA;7,46E+12;PONTA GROSSA;PR;20/07/2026;24/07/2026;22/07/2026;Entregue No Prazo;;Entrega realizada;Entrega Finalizada;24;7;20;7;TRANSTRY;18024;;;
MOBIS BRASIL FABRICACAO DE AUTO PECAS LT;RODOVIARIO;1544696;20/07/2026;5;353072;20/07/2026;ITAVEMA MOTORS VEICULOS LTDA;7,73E+12;DUQUE DE CAXIAS;RJ;20/07/2026;24/07/2026;22/07/2026;Entregue No Prazo;;Entrega realizada;Entrega Finalizada;24;7;20;7;CAMILO;19001;;;
MOBIS BRASIL FABRICACAO DE AUTO PECAS LT;RODOVIARIO;1544697;20/07/2026;3;353066;20/07/2026;AMX COM. E SERVICOS DE AUTOMOTORES LTDA;1,20E+13;RIO DE JANEIRO;RJ;20/07/2026;24/07/2026;22/07/2026;Entregue No Prazo;;Entrega realizada;Entrega Finalizada;24;7;20;7;CAMILO;19009;;;
MOBIS BRASIL FABRICACAO DE AUTO PECAS LT;RODOVIARIO;1544698;20/07/2026;15;353073;20/07/2026;ITAVEMA MOTORS VEICULOS LTDA;7,73E+12;RIO DE JANEIRO;RJ;20/07/2026;24/07/2026;22/07/2026;Entregue No Prazo;;Entrega realizada;Entrega Finalizada;24;7;20;7;CAMILO;19001;;;
MOBIS BRASIL FABRICACAO DE AUTO PECAS LT;RODOVIARIO;1544711;20/07/2026;4;353098;20/07/2026;BARI VEICULOS LTDA.;7,46E+12;ITAJAI;SC;20/07/2026;24/07/2026;22/07/2026;Entregue No Prazo;;Entrega realizada;Entrega Finalizada;24;7;20;7;TRANSTRY;24014;;;
MOBIS BRASIL FABRICACAO DE AUTO PECAS LT;RODOVIARIO;1544727;20/07/2026;4;353057;20/07/2026;DHC COMERCIO DE VEICULOS E PECAS LTDA;9,52E+12;JAU;SP;20/07/2026;24/07/2026;22/07/2026;Entregue No Prazo;;Entrega realizada;Entrega Finalizada;24;7;20;7;MVT;26010;;;
MOBIS BRASIL FABRICACAO DE AUTO PECAS LT;RODOVIARIO;1544677;20/07/2026;1;353089;20/07/2026;VITAL COMERCIO DE VEICULOS LTDA;1,05E+13;IPATINGA;MG;20/07/2026;27/07/2026;22/07/2026;Entregue No Prazo;;Entrega realizada;Entrega Finalizada;27;7;20;7;CAMILO;11016;;;
MOBIS BRASIL FABRICACAO DE AUTO PECAS LT;RODOVIARIO;1544691;20/07/2026;2;353106;20/07/2026;SANTA FE VEICULOS LTDA.;1,16E+13;FRANCISCO BELTRAO;PR;20/07/2026;27/07/2026;22/07/2026;Entregue No Prazo;;Entrega realizada;Entrega Finalizada;27;7;20;7;TRANSTRY;18010;;;
MOBIS BRASIL FABRICACAO DE AUTO PECAS LT;RODOVIARIO;1544709;20/07/2026;15;353105;20/07/2026;LR COMERCIO DE VEICULOS LTDA;1,05E+13;SAO JOSE;SC;20/07/2026;27/07/2026;22/07/2026;Entregue No Prazo;;Entrega realizada;Entrega Finalizada;27;7;20;7;TRANSTRY;24007;;;
MOBIS BRASIL FABRICACAO DE AUTO PECAS LT;RODOVIARIO;1544712;20/07/2026;1;353097;20/07/2026;BARI VEICULOS LTDA;7,46E+12;BALNEARIO CAMBORIU;SC;20/07/2026;28/07/2026;22/07/2026;Entregue No Prazo;;Entrega realizada;Entrega Finalizada;28;7;20;7;TRANSTRY;18024;Adesão do Maranhão à Independência do Brasil;Estadual;MA
MOBIS BRASIL FABRICACAO DE AUTO PECAS LT;RODOVIARIO;1545521;21/07/2026;1;353199;21/07/2026;BILLY DISTRIBUIDORA DE VEICULOS LTDA;1,34E+13;BARUERI;SP;21/07/2026;23/07/2026;22/07/2026;Entregue No Prazo;;Entrega realizada;Entrega Finalizada;23;7;21;7;XD DIADEMA;26003;;;
MOBIS BRASIL FABRICACAO DE AUTO PECAS LT;RODOVIARIO;1545532;21/07/2026;4;353202;21/07/2026;CAOA MOTOR DO BRASIL LTDA (VL PRUDENTE);1,68E+13;SAO PAULO;SP;21/07/2026;23/07/2026;22/07/2026;Entregue No Prazo;;Entrega realizada;Entrega Finalizada;23;7;21;7;XD DIADEMA;26051;;;
MOBIS BRASIL FABRICACAO DE AUTO PECAS LT;RODOVIARIO;1545491;21/07/2026;3;353242;21/07/2026;SEVEC VEICULOS LTDA;5,68E+11;CURITIBA;PR;21/07/2026;24/07/2026;22/07/2026;Entregue No Prazo;;Entrega realizada;Entrega Finalizada;24;7;21;7;TRANSTRY;18012;;;
MOBIS BRASIL FABRICACAO DE AUTO PECAS LT;RODOVIARIO;1545522;21/07/2026;2;353215;21/07/2026;ANDRETA II DISTRIBUIDORA DE VEIC. LTDA;9,10E+12;CAMPINAS;SP;21/07/2026;24/07/2026;22/07/2026;Entregue No Prazo;;Entrega realizada;Entrega Finalizada;24;7;21;7;MVT;26011;;;
MOBIS BRASIL FABRICACAO DE AUTO PECAS LT;RODOVIARIO;1545536;21/07/2026;3;353217;21/07/2026;CAOA MOTOR DO BRASIL LTDA;1,68E+13;CAMPINAS;SP;21/07/2026;24/07/2026;22/07/2026;Entregue No Prazo;;Entrega realizada;Entrega Finalizada;24;7;21;7;MVT;5008;;;
MOBIS BRASIL FABRICACAO DE AUTO PECAS LT;RODOVIARIO;1545537;21/07/2026;6;353218;21/07/2026;CAOA MOTOR DO BRASIL LTDA;1,68E+13;SAO JOSE DOS CAMPOS;SP;21/07/2026;24/07/2026;22/07/2026;Entregue No Prazo;;Entrega realizada;Entrega Finalizada;24;7;21;7;MVT;5008;;;
MOBIS BRASIL FABRICACAO DE AUTO PECAS LT;RODOVIARIO;1546035;21/07/2026;6;353231;21/07/2026;BARI VEICULOS LTDA;7,46E+12;CURITIBA;PR;21/07/2026;24/07/2026;22/07/2026;Entregue No Prazo;;Entrega realizada;Entrega Finalizada;24;7;21;7;TRANSTRY;18024;;;
MOBIS BRASIL FABRICACAO DE AUTO PECAS LT;RODOVIARIO;1545530;21/07/2026;2;353223;21/07/2026;H R B COMERCIO DE VEICULOS LTDA;1,82E+13;SAO JOSE DO RIO PRETO;SP;21/07/2026;27/07/2026;22/07/2026;Entregue No Prazo;;Entrega realizada;Entrega Finalizada;27;7;21;7;MVT;26050;;;
MOBIS BRASIL FABRICACAO DE AUTO PECAS LT;RODOVIARIO;1545531;21/07/2026;8;353223;21/07/2026;H R B COMERCIO DE VEICULOS LTDA;1,82E+13;SAO JOSE DO RIO PRETO;SP;21/07/2026;27/07/2026;22/07/2026;Entregue No Prazo;;Entrega realizada;Entrega Finalizada;27;7;21;7;MVT;26050;;;
MOBIS BRASIL FABRICACAO DE AUTO PECAS LT;RODOVIARIO;1545539;21/07/2026;1;353200;21/07/2026;CAOA MOTOR DO BRASIL LTDA;1,68E+13;PRAIA GRANDE;SP;21/07/2026;27/07/2026;22/07/2026;Entregue No Prazo;;Entrega realizada;Entrega Finalizada;27;7;21;7;XD DIADEMA;5008;;;
MOBIS BRASIL FABRICACAO DE AUTO PECAS LT;RODOVIARIO;1545527;21/07/2026;1;353388;22/07/2026;BILLY DISTRIBUIDORA DE VEICULOS LTDA;1,34E+13;SAO CAETANO DO SUL;SP;22/07/2026;24/07/2026;22/07/2026;Entregue No Prazo;;Entrega realizada;Entrega Finalizada;24;7;22;7;BV LOG;26003;;;
MOBIS BRASIL FABRICACAO DE AUTO PECAS LT;RODOVIARIO;1545528;21/07/2026;75;353388;22/07/2026;BILLY DISTRIBUIDORA DE VEICULOS LTDA;1,34E+13;SAO CAETANO DO SUL;SP;22/07/2026;24/07/2026;22/07/2026;Entregue No Prazo;;Entrega realizada;Entrega Finalizada;24;7;22;7;BV LOG;26003;;;
MOBIS BRASIL FABRICACAO DE AUTO PECAS LT;RODOVIARIO;1545538;21/07/2026;46;353393;22/07/2026;DESTAQUE SEUL DISTR. DE VEIC. E PC. LTDA;2,12E+13;ATIBAIA;SP;22/07/2026;27/07/2026;22/07/2026;Entregue No Prazo;;Entrega realizada;Entrega Finalizada;27;7;22;7;BV LOG;26075;;;
MOBIS BRASIL FABRICACAO DE AUTO PECAS LT;RODOVIARIO;1546312;22/07/2026;2;353395;22/07/2026;ANDRETA II DISTRIBUIDORA DE VEIC. LTDA;9,10E+12;CAMPINAS;SP;22/07/2026;27/07/2026;22/07/2026;Entregue No Prazo;;Entrega realizada;Entrega Finalizada;27;7;22;7;BV LOG;26011;;;
MOBIS BRASIL FABRICACAO DE AUTO PECAS LT;RODOVIARIO;1546313;22/07/2026;65;353395;22/07/2026;ANDRETA II DISTRIBUIDORA DE VEIC. LTDA;9,10E+12;CAMPINAS;SP;22/07/2026;27/07/2026;22/07/2026;Entregue No Prazo;;Entrega realizada;Entrega Finalizada;27;7;22;7;BV LOG;26011;;;
MOBIS BRASIL FABRICACAO DE AUTO PECAS LT;RODOVIARIO;1546323;22/07/2026;27;353393;22/07/2026;DESTAQUE SEUL DISTR. DE VEIC. E PC. LTDA;2,12E+13;ATIBAIA;SP;22/07/2026;27/07/2026;22/07/2026;Entregue No Prazo;;Entrega realizada;Entrega Finalizada;27;7;22;7;BV LOG;26075;;;
MOBIS BRASIL FABRICACAO DE AUTO PECAS LT;RODOVIARIO;1545544;21/07/2026;12;353389;22/07/2026;H RACING GARAGE LTDA ;3,24E+13;COTIA;SP;22/07/2026;28/07/2026;22/07/2026;Entregue No Prazo;;Entrega realizada;Entrega Finalizada;28;7;22;7;BV LOG;29944;Adesão do Maranhão à Independência do Brasil;Estadual;MA
MOBIS BRASIL FABRICACAO DE AUTO PECAS LT;RODOVIARIO;1546307;22/07/2026;14;353396;22/07/2026;HYMAX DISTRIBUIDORA DE VEICULOS LTDA;1,73E+13;MOGI GUACU;SP;22/07/2026;28/07/2026;22/07/2026;Entregue No Prazo;;Entrega realizada;Entrega Finalizada;28;7;22;7;BV LOG;26002;Adesão do Maranhão à Independência do Brasil;Estadual;MA
MOBIS BRASIL FABRICACAO DE AUTO PECAS LT;RODOVIARIO;1546308;22/07/2026;15;353396;22/07/2026;HYMAX DISTRIBUIDORA DE VEICULOS LTDA;1,73E+13;MOGI GUACU;SP;22/07/2026;28/07/2026;22/07/2026;Entregue No Prazo;;Entrega realizada;Entrega Finalizada;28;7;22;7;BV LOG;26002;Adesão do Maranhão à Independência do Brasil;Estadual;MA
MOBIS BRASIL FABRICACAO DE AUTO PECAS LT;RODOVIARIO;1533263;27/06/2026;4;349774;29/06/2026;RITMO MOTORS LTDA;1,94E+13;PASSOS;MG;29/06/2026;06/07/2026;23/07/2026;Entregue Fora do Prazo;;Entrega realizada;Entrega Finalizada;6;7;29;6;CAMILO;11040;;;
MOBIS BRASIL FABRICACAO DE AUTO PECAS LT;RODOVIARIO;1537550;07/07/2026;1;351177;07/07/2026;MISO VEICULOS LTDA;1,85E+13;MACAPA;AP;07/07/2026;28/07/2026;23/07/2026;Entregue No Prazo;;Entrega realizada;Entrega Finalizada;28;7;7;7;CARVALIMA;4001;Adesão do Maranhão à Independência do Brasil;Estadual;MA
MOBIS BRASIL FABRICACAO DE AUTO PECAS LT;RODOVIARIO;1539338;09/07/2026;2;351625;09/07/2026;PATEO COMERCIO DE VEICULOS S A;7,78E+12;MANAUS;AM;09/07/2026;04/08/2026;23/07/2026;Entregue No Prazo;;Entrega realizada;Entrega Finalizada;4;8;9;7;CARVALIMA;3002;;;
MOBIS BRASIL FABRICACAO DE AUTO PECAS LT;RODOVIARIO;1541505;14/07/2026;4;352099;14/07/2026;GRANDE COREIA COMERCIO DE VEICULOS LTDA;2,66E+13;BELEM;PA;14/07/2026;27/07/2026;23/07/2026;Entregue No Prazo;;Entrega realizada;Entrega Finalizada;27;7;14;7;CARVALIMA;14007;;;
MOBIS BRASIL FABRICACAO DE AUTO PECAS LT;RODOVIARIO;1541538;14/07/2026;1;352093;14/07/2026;COMETA RONDONIA COMERCIO DE VEICULO;4,23E+12;VILHENA;RO;14/07/2026;27/07/2026;23/07/2026;Entregue No Prazo;;Entrega realizada;Entrega Finalizada;27;7;14;7;CARVALIMA;#N/D;;;
MOBIS BRASIL FABRICACAO DE AUTO PECAS LT;RODOVIARIO;1541485;14/07/2026;1;352110;14/07/2026;PATEO COMERCIO DE VEICULOS S A;7,78E+12;SAO LUIS;MA;14/07/2026;29/07/2026;23/07/2026;Entregue No Prazo;;Entrega realizada;Entrega Finalizada;29;7;14;7;TERMACO;10002;;;
MOBIS BRASIL FABRICACAO DE AUTO PECAS LT;RODOVIARIO;1541475;14/07/2026;1;352119;14/07/2026;SAINT LAND COMERCIO DE VEICULOS LTDA;1,04E+13;JUAZEIRO DO NORTE;CE;14/07/2026;30/07/2026;23/07/2026;Entregue No Prazo;;Entrega realizada;Entrega Finalizada;30;7;14;7;TERMACO;6010;;;
MOBIS BRASIL FABRICACAO DE AUTO PECAS LT;RODOVIARIO;1541507;14/07/2026;1;352106;14/07/2026;JPN PATOS COMERCIO DE VEICULOS LTDA;4,20E+13;PATOS;PB;14/07/2026;30/07/2026;23/07/2026;Entregue No Prazo;;Entrega realizada;Entrega Finalizada;30;7;14;7;TERMACO;15004;;;
MOBIS BRASIL FABRICACAO DE AUTO PECAS LT;RODOVIARIO;1541513;14/07/2026;12;352083;14/07/2026;AUTORAC VEICULOS LTDA;1,06E+13;PETROLINA;PE;14/07/2026;30/07/2026;23/07/2026;Entregue No Prazo;;Entrega realizada;Entrega Finalizada;30;7;14;7;TERMACO;16001;;;
MOBIS BRASIL FABRICACAO DE AUTO PECAS LT;RODOVIARIO;1542353;15/07/2026;2;352465;15/07/2026;GRANDE COREIA COMERCIO DE VEICULOS LTDA;2,66E+13;BELEM;PA;15/07/2026;28/07/2026;23/07/2026;Entregue No Prazo;;Entrega realizada;Entrega Finalizada;28;7;15;7;CARVALIMA;14007;Adesão do Maranhão à Independência do Brasil;Estadual;MA
MOBIS BRASIL FABRICACAO DE AUTO PECAS LT;RODOVIARIO;1542376;15/07/2026;2;352478;15/07/2026;SAGA ASIA COM. DE VEIC.PC.E SERV. LTDA;2,14E+13;PORTO VELHO;RO;15/07/2026;28/07/2026;23/07/2026;Entregue No Prazo;;Entrega realizada;Entrega Finalizada;28;7;15;7;CARVALIMA;21003;Adesão do Maranhão à Independência do Brasil;Estadual;MA
MOBIS BRASIL FABRICACAO DE AUTO PECAS LT;RODOVIARIO;1542951;15/07/2026;1;352482;15/07/2026;SEVEL VEICULOS LTDA;1,07E+13;ARACAJU;SE;15/07/2026;28/07/2026;23/07/2026;Entregue No Prazo;;Entrega realizada;Entrega Finalizada;28;7;15;7;TERMACO;25001;Adesão do Maranhão à Independência do Brasil;Estadual;MA
MOBIS BRASIL FABRICACAO DE AUTO PECAS LT;RODOVIARIO;1542318;15/07/2026;1;352461;15/07/2026;CYCOSA AUTOMOVEIS LTDA;4,76E+12;MACEIO;AL;15/07/2026;29/07/2026;23/07/2026;Entregue No Prazo;;Entrega realizada;Entrega Finalizada;29;7;15;7;TERMACO;2001;;;
MOBIS BRASIL FABRICACAO DE AUTO PECAS LT;RODOVIARIO;1542323;15/07/2026;1;352458;15/07/2026;CAOA MOTOR DO BRASIL LTDA;1,68E+13;FORTALEZA;CE;15/07/2026;29/07/2026;23/07/2026;Entregue No Prazo;;Entrega realizada;Entrega Finalizada;29;7;15;7;TERMACO;5008;;;
MOBIS BRASIL FABRICACAO DE AUTO PECAS LT;RODOVIARIO;1542324;15/07/2026;1;352481;15/07/2026;SAINT LAND COMERCIO DE VEICULOS LTDA;1,04E+13;JUAZEIRO DO NORTE;CE;15/07/2026;31/07/2026;23/07/2026;Entregue No Prazo;;Entrega realizada;Entrega Finalizada;31;7;15;7;TERMACO;6010;;;
MOBIS BRASIL FABRICACAO DE AUTO PECAS LT;RODOVIARIO;1542360;15/07/2026;1;352453;15/07/2026;AUTORAC VEICULOS LTDA;1,06E+13;PETROLINA;PE;15/07/2026;31/07/2026;23/07/2026;Entregue No Prazo;;Entrega realizada;Entrega Finalizada;31;7;15;7;TERMACO;16001;;;
MOBIS BRASIL FABRICACAO DE AUTO PECAS LT;RODOVIARIO;1542361;15/07/2026;1;352453;15/07/2026;AUTORAC VEICULOS LTDA;1,06E+13;PETROLINA;PE;15/07/2026;31/07/2026;23/07/2026;Entregue No Prazo;;Entrega realizada;Entrega Finalizada;31;7;15;7;TERMACO;16001;;;
MOBIS BRASIL FABRICACAO DE AUTO PECAS LT;RODOVIARIO;1542374;15/07/2026;8;352479;15/07/2026;SAINT LAND COM DE VEICULOS S A;1,04E+13;MOSSORO;RN;15/07/2026;31/07/2026;23/07/2026;Entregue No Prazo;;Entrega realizada;Entrega Finalizada;31;7;15;7;TERMACO;20002;;;
MOBIS BRASIL FABRICACAO DE AUTO PECAS LT;RODOVIARIO;1542375;15/07/2026;1;352459;15/07/2026;COMETA JI PARANA COM. DE VEIC. LTDA;4,23E+12;JIPARANA;RO;15/07/2026;03/08/2026;23/07/2026;Entregue No Prazo;;Entrega realizada;Entrega Finalizada;3;8;15;7;CARVALIMA;21002;;;
MOBIS BRASIL FABRICACAO DE AUTO PECAS LT;RODOVIARIO;1543139;16/07/2026;4;352560;16/07/2026;CHINHAN AUTOMOVEIS LTDA;2,41E+13;ERECHIM;RS;16/07/2026;24/07/2026;23/07/2026;Entregue No Prazo;;Entrega realizada;Entrega Finalizada;24;7;16;7;TRANSTRY;23019;;;
MOBIS BRASIL FABRICACAO DE AUTO PECAS LT;RODOVIARIO;1543083;16/07/2026;4;352605;16/07/2026;PATEO COMERCIO DE VEICULOS S A;7,78E+12;SALVADOR;BA;16/07/2026;28/07/2026;23/07/2026;Entregue No Prazo;;Entrega realizada;Entrega Finalizada;28;7;16;7;TERMACO;5003;Adesão do Maranhão à Independência do Brasil;Estadual;MA
MOBIS BRASIL FABRICACAO DE AUTO PECAS LT;RODOVIARIO;1543084;16/07/2026;1;352605;16/07/2026;PATEO COMERCIO DE VEICULOS S A;7,78E+12;SALVADOR;BA;16/07/2026;28/07/2026;23/07/2026;Entregue No Prazo;;Entrega realizada;Entrega Finalizada;28;7;16;7;TERMACO;5003;Adesão do Maranhão à Independência do Brasil;Estadual;MA
MOBIS BRASIL FABRICACAO DE AUTO PECAS LT;RODOVIARIO;1543107;16/07/2026;2;352617;16/07/2026;UNIQUE COMERCIO DE AUTOMOVEIS LTDA;1,74E+13;ANANINDEUA;PA;16/07/2026;29/07/2026;23/07/2026;Entregue No Prazo;;Entrega realizada;Entrega Finalizada;29;7;16;7;CARVALIMA;14003;;;
MOBIS BRASIL FABRICACAO DE AUTO PECAS LT;RODOVIARIO;1543725;16/07/2026;2;352615;16/07/2026;SEVEL VEICULOS LTDA;1,07E+13;ARACAJU;SE;16/07/2026;29/07/2026;23/07/2026;Entregue No Prazo;;Entrega realizada;Entrega Finalizada;29;7;16;7;TERMACO;25001;;;
MOBIS BRASIL FABRICACAO DE AUTO PECAS LT;RODOVIARIO;1543079;16/07/2026;3;352593;16/07/2026;CYCOSA AUTOMOVEIS LTDA;4,76E+12;MACEIO;AL;16/07/2026;30/07/2026;23/07/2026;Entregue No Prazo;;Entrega realizada;Entrega Finalizada;30;7;16;7;TERMACO;2001;;;
MOBIS BRASIL FABRICACAO DE AUTO PECAS LT;RODOVIARIO;1543131;16/07/2026;1;352613;16/07/2026;SAINT LAND COMERCIO DE VEICULOS LTDA;1,04E+13;NATAL;RN;16/07/2026;31/07/2026;23/07/2026;Entregue No Prazo;;Entrega realizada;Entrega Finalizada;31;7;16;7;TERMACO;6010;;;
MOBIS BRASIL FABRICACAO DE AUTO PECAS LT;RODOVIARIO;1543080;16/07/2026;1;352598;16/07/2026;JPN COMERCIO DE VEICULOS LTDA;3,20E+13;ARAPIRACA;AL;16/07/2026;03/08/2026;23/07/2026;Entregue No Prazo;;Entrega realizada;Entrega Finalizada;3;8;16;7;TERMACO;2003;;;
MOBIS BRASIL FABRICACAO DE AUTO PECAS LT;RODOVIARIO;1543113;16/07/2026;1;352588;16/07/2026;AUTORAC VEICULOS LTDA;1,06E+13;PETROLINA;PE;16/07/2026;03/08/2026;23/07/2026;Entregue No Prazo;;Entrega realizada;Entrega Finalizada;3;8;16;7;TERMACO;16001;;;
MOBIS BRASIL FABRICACAO DE AUTO PECAS LT;RODOVIARIO;1543099;16/07/2026;1;352602;16/07/2026;NACIONAL NOVA MARABA DIST DE VEIC. LTDA;1,70E+13;IMPERATRIZ;MA;16/07/2026;05/08/2026;23/07/2026;Entregue No Prazo;;Entrega realizada;Entrega Finalizada;5;8;16;7;TERMACO;10003;Fundação do Estado da Paraíba;Estadual;PB
MOBIS BRASIL FABRICACAO DE AUTO PECAS LT;RODOVIARIO;1543132;16/07/2026;5;352610;16/07/2026;SAGA ASIA COM. DE VEIC.PC.E SERV. LTDA;2,14E+13;PORTO VELHO;RO;16/07/2026;11/08/2026;23/07/2026;Entregue No Prazo;Avaria;Entrega realizada;Entrega Finalizada;11;8;16;7;CARVALIMA;21003;Criação da Capitania de SC;Estadual;SC
MOBIS BRASIL FABRICACAO DE AUTO PECAS LT;RODOVIARIO;1543947;17/07/2026;1;352719;17/07/2026;CHS MOTORS VEICULOS PECAS(VL. GUILHERME);1,69E+13;SAO PAULO;SP;17/07/2026;21/07/2026;23/07/2026;Entregue Fora do Prazo;;Entrega realizada;Entrega Finalizada;21;7;17;7;XD DIADEMA;26052;;;
MOBIS BRASIL FABRICACAO DE AUTO PECAS LT;RODOVIARIO;1543866;17/07/2026;3;352797;17/07/2026;VIA BRASIL AUTOMOVEIS LTDA.;4,72E+12;SERRA;ES;17/07/2026;24/07/2026;23/07/2026;Entregue No Prazo;;Entrega realizada;Entrega Finalizada;24;7;17;7;CAMILO;8001;;;
MOBIS BRASIL FABRICACAO DE AUTO PECAS LT;RODOVIARIO;1543867;17/07/2026;6;352791;17/07/2026;TAI MOTORS VEICULOS S/A;9,27E+12;VITORIA;ES;17/07/2026;24/07/2026;23/07/2026;Entregue No Prazo;;Entrega realizada;Entrega Finalizada;24;7;17;7;CAMILO;8002;;;
MOBIS BRASIL FABRICACAO DE AUTO PECAS LT;RODOVIARIO;1543878;17/07/2026;2;352798;17/07/2026;VITAL COMERCIO DE VEICULOS LTDA;1,05E+13;GOVERNADOR VALADARES;MG;17/07/2026;24/07/2026;23/07/2026;Entregue No Prazo;;Entrega realizada;Entrega Finalizada;24;7;17;7;CAMILO;11016;;;
MOBIS BRASIL FABRICACAO DE AUTO PECAS LT;RODOVIARIO;1543868;17/07/2026;1;352786;17/07/2026;PRIME CACHOEIRO VEICULOS LTDA EPP;9,34E+12;CACHOEIRO DE ITAPEMIRIM;ES;17/07/2026;27/07/2026;23/07/2026;Entregue No Prazo;;Entrega realizada;Entrega Finalizada;27;7;17;7;CAMILO;8003;;;
MOBIS BRASIL FABRICACAO DE AUTO PECAS LT;RODOVIARIO;1543869;17/07/2026;5;352786;17/07/2026;PRIME CACHOEIRO VEICULOS LTDA EPP;9,34E+12;CACHOEIRO DE ITAPEMIRIM;ES;17/07/2026;27/07/2026;23/07/2026;Entregue No Prazo;;Entrega realizada;Entrega Finalizada;27;7;17;7;CAMILO;8003;;;
MOBIS BRASIL FABRICACAO DE AUTO PECAS LT;RODOVIARIO;1543919;17/07/2026;3;352755;17/07/2026;CHINHAN AUTOMOVEIS LTDA;2,41E+13;ERECHIM;RS;17/07/2026;27/07/2026;23/07/2026;Entregue No Prazo;;Entrega realizada;Entrega Finalizada;27;7;17;7;TRANSTRY;23019;;;
MOBIS BRASIL FABRICACAO DE AUTO PECAS LT;RODOVIARIO;1543890;17/07/2026;7;352788;17/07/2026;SAGA ASIA COM. DE VEIC.PC.E SERV. LTDA;2,23E+13;VARZEA GRANDE;MT;17/07/2026;28/07/2026;23/07/2026;Entregue No Prazo;;Entrega realizada;Entrega Finalizada;28;7;17;7;CARVALIMA;13004;Adesão do Maranhão à Independência do Brasil;Estadual;MA
MOBIS BRASIL FABRICACAO DE AUTO PECAS LT;RODOVIARIO;1543861;17/07/2026;3;352785;17/07/2026;PATEO COMERCIO DE VEICULOS S A;7,78E+12;SALVADOR;BA;17/07/2026;29/07/2026;23/07/2026;Entregue No Prazo;;Entrega realizada;Entrega Finalizada;29;7;17;7;TERMACO;5003;;;
MOBIS BRASIL FABRICACAO DE AUTO PECAS LT;RODOVIARIO;1543891;17/07/2026;1;352794;17/07/2026;UNIQUE COMERCIO DE AUTOMOVEIS LTDA;1,74E+13;ANANINDEUA;PA;17/07/2026;30/07/2026;23/07/2026;Entregue No Prazo;;Entrega realizada;Entrega Finalizada;30;7;17;7;CARVALIMA;14003;;;
MOBIS BRASIL FABRICACAO DE AUTO PECAS LT;RODOVIARIO;1543892;17/07/2026;5;352773;17/07/2026;CAOA MOTOR DO BRASIL LTDA;1,68E+13;BELEM;PA;17/07/2026;30/07/2026;23/07/2026;Entregue No Prazo;;Entrega realizada;Entrega Finalizada;30;7;17;7;CARVALIMA;5008;;;
MOBIS BRASIL FABRICACAO DE AUTO PECAS LT;RODOVIARIO;1543914;17/07/2026;7;352790;17/07/2026;SAINT LAND COMERCIO DE VEICULOS LTDA;1,04E+13;NATAL;RN;17/07/2026;03/08/2026;23/07/2026;Entregue No Prazo;;Entrega realizada;Entrega Finalizada;3;8;17;7;TERMACO;6010;;;
MOBIS BRASIL FABRICACAO DE AUTO PECAS LT;RODOVIARIO;1544688;20/07/2026;9;353103;20/07/2026;LOVAT VEICULOS S/A;8,57E+12;LONDRINA;PR;20/07/2026;24/07/2026;23/07/2026;Entregue No Prazo;;Entrega realizada;Entrega Finalizada;24;7;20;7;TRANSTRY;18008;;;
MOBIS BRASIL FABRICACAO DE AUTO PECAS LT;RODOVIARIO;1544693;20/07/2026;1;353094;20/07/2026;BARI VEICULOS LTDA;7,46E+12;GUARAPUAVA;PR;20/07/2026;24/07/2026;23/07/2026;Entregue No Prazo;;Entrega realizada;Entrega Finalizada;24;7;20;7;TRANSTRY;18024;;;
MOBIS BRASIL FABRICACAO DE AUTO PECAS LT;RODOVIARIO;1544702;20/07/2026;1;353099;20/07/2026;CARWAY SUL VEICULOS LTDA;1,03E+13;PORTO ALEGRE;RS;20/07/2026;24/07/2026;23/07/2026;Entregue No Prazo;;Entrega realizada;Entrega Finalizada;24;7;20;7;TRANSTRY;23003;;;
MOBIS BRASIL FABRICACAO DE AUTO PECAS LT;RODOVIARIO;1544671;20/07/2026;1;353088;20/07/2026;VIA BRASIL AUTOMOVEIS LTDA.;4,72E+12;SERRA;ES;20/07/2026;27/07/2026;23/07/2026;Entregue No Prazo;;Entrega realizada;Entrega Finalizada;27;7;20;7;CAMILO;8001;;;
MOBIS BRASIL FABRICACAO DE AUTO PECAS LT;RODOVIARIO;1544672;20/07/2026;2;353084;20/07/2026;TAI MOTORS VEICULOS S/A;9,27E+12;VITORIA;ES;20/07/2026;27/07/2026;23/07/2026;Entregue No Prazo;;Entrega realizada;Entrega Finalizada;27;7;20;7;CAMILO;8002;;;
MOBIS BRASIL FABRICACAO DE AUTO PECAS LT;RODOVIARIO;1544710;20/07/2026;8;353096;20/07/2026;BARI VEICULOS LTDA;7,46E+12;BLUMENAU;SC;20/07/2026;27/07/2026;23/07/2026;Entregue No Prazo;;Entrega realizada;Entrega Finalizada;27;7;20;7;TRANSTRY;18024;;;
MOBIS BRASIL FABRICACAO DE AUTO PECAS LT;RODOVIARIO;1544668;20/07/2026;2;353051;20/07/2026;SMAFF IMPORT VEICULOS LTDA;8,18E+12;BRASILIA;DF;20/07/2026;28/07/2026;23/07/2026;Entregue No Prazo;;Entrega realizada;Entrega Finalizada;28;7;20;7;RIO VERMELHO;7002;Adesão do Maranhão à Independência do Brasil;Estadual;MA
MOBIS BRASIL FABRICACAO DE AUTO PECAS LT;RODOVIARIO;1544669;20/07/2026;1;353049;20/07/2026;SAGA KOREA COM. DE VEIC. E PC. LTDA;1,27E+13;BRASILIA;DF;20/07/2026;28/07/2026;23/07/2026;Entregue No Prazo;;Entrega realizada;Entrega Finalizada;28;7;20;7;RIO VERMELHO;7004;Adesão do Maranhão à Independência do Brasil;Estadual;MA
MOBIS BRASIL FABRICACAO DE AUTO PECAS LT;RODOVIARIO;1544670;20/07/2026;36;353048;20/07/2026;SAGA KOREA COM. DE VEIC. E PC. LTDA;1,27E+13;BRASILIA;DF;20/07/2026;28/07/2026;23/07/2026;Entregue No Prazo;;Entrega realizada;Entrega Finalizada;28;7;20;7;RIO VERMELHO;7005;Adesão do Maranhão à Independência do Brasil;Estadual;MA
MOBIS BRASIL FABRICACAO DE AUTO PECAS LT;RODOVIARIO;1544675;20/07/2026;1;353045;20/07/2026;NISA COMERCIAL DE VEIC. AUTOMOTORES LTDA;1,03E+13;GOIANIA;GO;20/07/2026;28/07/2026;23/07/2026;Entregue No Prazo;;Entrega realizada;Entrega Finalizada;28;7;20;7;RIO VERMELHO;9013;Adesão do Maranhão à Independência do Brasil;Estadual;MA
MOBIS BRASIL FABRICACAO DE AUTO PECAS LT;RODOVIARIO;1544674;20/07/2026;12;353050;20/07/2026;SAGA KOREA COM. DE VEIC. E PC. LTDA;1,27E+13;ANAPOLIS;GO;20/07/2026;31/07/2026;23/07/2026;Entregue No Prazo;;Entrega realizada;Entrega Finalizada;31;7;20;7;RIO VERMELHO;9012;;;
MOBIS BRASIL FABRICACAO DE AUTO PECAS LT;RODOVIARIO;1545526;21/07/2026;1;353201;21/07/2026;CAOA MOTOR DO BRASIL LTDA (ARICANDUVA);1,68E+13;SAO PAULO;SP;21/07/2026;23/07/2026;23/07/2026;Entregue No Prazo;;Entrega realizada;Entrega Finalizada;23;7;21;7;XD DIADEMA;26039;;;
MOBIS BRASIL FABRICACAO DE AUTO PECAS LT;RODOVIARIO;1546048;21/07/2026;1;353204;21/07/2026;CHS MOTORS VEICULOS PECAS E SERV. LTDA;1,69E+13;OSASCO;SP;21/07/2026;23/07/2026;23/07/2026;Entregue No Prazo;;Entrega realizada;Entrega Finalizada;23;7;21;7;XD DIADEMA;26106;;;
MOBIS BRASIL FABRICACAO DE AUTO PECAS LT;RODOVIARIO;1545523;21/07/2026;2;353224;21/07/2026;MOTONET COMERCIO DE VEICULOS LTDA;9,28E+12;SOROCABA;SP;21/07/2026;24/07/2026;23/07/2026;Entregue No Prazo;;Entrega realizada;Entrega Finalizada;24;7;21;7;MVT;26113;;;
MOBIS BRASIL FABRICACAO DE AUTO PECAS LT;RODOVIARIO;1545529;21/07/2026;4;353216;21/07/2026;ANDRETA II DISTRIBUIDORA DE VEIC. LTDA;9,10E+12;INDAIATUBA;SP;21/07/2026;24/07/2026;23/07/2026;Entregue No Prazo;;Entrega realizada;Entrega Finalizada;24;7;21;7;MVT;26011;;;
MOBIS BRASIL FABRICACAO DE AUTO PECAS LT;RODOVIARIO;1545542;21/07/2026;2;353221;21/07/2026;H - CAMINHO AUTOMOVEIS LTDA;2,53E+13;LIMEIRA;SP;21/07/2026;24/07/2026;23/07/2026;Entregue No Prazo;;Entrega realizada;Entrega Finalizada;24;7;21;7;MVT;26092;;;
MOBIS BRASIL FABRICACAO DE AUTO PECAS LT;RODOVIARIO;1545494;21/07/2026;7;353232;21/07/2026;BARI VEICULOS LTDA;7,46E+12;PONTA GROSSA;PR;21/07/2026;27/07/2026;23/07/2026;Entregue No Prazo;;Entrega realizada;Entrega Finalizada;27;7;21;7;TRANSTRY;18024;;;
MOBIS BRASIL FABRICACAO DE AUTO PECAS LT;RODOVIARIO;1545495;21/07/2026;16;353232;21/07/2026;BARI VEICULOS LTDA;7,46E+12;PONTA GROSSA;PR;21/07/2026;27/07/2026;23/07/2026;Entregue No Prazo;;Entrega realizada;Entrega Finalizada;27;7;21;7;TRANSTRY;18024;;;
MOBIS BRASIL FABRICACAO DE AUTO PECAS LT;RODOVIARIO;1545496;21/07/2026;7;353260;21/07/2026;ITAVEMA MOTORS VEICULOS LTDA;7,73E+12;DUQUE DE CAXIAS;RJ;21/07/2026;27/07/2026;23/07/2026;Entregue No Prazo;;Entrega realizada;Entrega Finalizada;27;7;21;7;CAMILO;19001;;;
MOBIS BRASIL FABRICACAO DE AUTO PECAS LT;RODOVIARIO;1545497;21/07/2026;2;353244;21/07/2026;AMX COM. E SERVICOS DE AUTOMOTORES LTDA;1,20E+13;RIO DE JANEIRO;RJ;21/07/2026;27/07/2026;23/07/2026;Entregue No Prazo;;Entrega realizada;Entrega Finalizada;27;7;21;7;CAMILO;19009;;;
MOBIS BRASIL FABRICACAO DE AUTO PECAS LT;RODOVIARIO;1545500;21/07/2026;11;353259;21/07/2026;ITAVEMA MOTORS VEICULOS LTDA;7,73E+12;RIO DE JANEIRO;RJ;21/07/2026;27/07/2026;23/07/2026;Entregue No Prazo;;Entrega realizada;Entrega Finalizada;27;7;21;7;CAMILO;19001;;;
MOBIS BRASIL FABRICACAO DE AUTO PECAS LT;RODOVIARIO;1545501;21/07/2026;1;353249;21/07/2026;CAOA MOTOR DO BRASIL LTDA;1,68E+13;RIO DE JANEIRO;RJ;21/07/2026;27/07/2026;23/07/2026;Entregue No Prazo;;Entrega realizada;Entrega Finalizada;27;7;21;7;CAMILO;5008;;;
MOBIS BRASIL FABRICACAO DE AUTO PECAS LT;RODOVIARIO;1545503;21/07/2026;1;353248;21/07/2026;CAOA MOTOR DO BRASIL LTDA;1,68E+13;RIO DE JANEIRO;RJ;21/07/2026;27/07/2026;23/07/2026;Entregue No Prazo;;Entrega realizada;Entrega Finalizada;27;7;21;7;CAMILO;5008;;;
MOBIS BRASIL FABRICACAO DE AUTO PECAS LT;RODOVIARIO;1545504;21/07/2026;1;353245;21/07/2026;CAOA MOTOR DO BRASIL LTDA;1,68E+13;RIO DE JANEIRO;RJ;21/07/2026;27/07/2026;23/07/2026;Entregue No Prazo;;Entrega realizada;Entrega Finalizada;27;7;21;7;CAMILO;5008;;;
MOBIS BRASIL FABRICACAO DE AUTO PECAS LT;RODOVIARIO;1545533;21/07/2026;1;353225;21/07/2026;NOBRE DISTRIBUIDORA DE VEIC. E PEC. LTDA;5,76E+12;APARECIDA;SP;21/07/2026;27/07/2026;23/07/2026;Entregue No Prazo;;Entrega realizada;Entrega Finalizada;27;7;21;7;MVT;26053;;;
MOBIS BRASIL FABRICACAO DE AUTO PECAS LT;RODOVIARIO;1545534;21/07/2026;1;353219;21/07/2026;GOLDEN MOTORS VEICULOS LTDA;3,62E+12;ARACATUBA;SP;21/07/2026;27/07/2026;23/07/2026;Entregue No Prazo;;Entrega realizada;Entrega Finalizada;27;7;21;7;MVT;12001;;;
MOBIS BRASIL FABRICACAO DE AUTO PECAS LT;RODOVIARIO;1545499;21/07/2026;1;353281;21/07/2026;VIA VR VEICULOS LTDA;1,73E+13;VOLTA REDONDA;RJ;21/07/2026;28/07/2026;23/07/2026;Entregue No Prazo;;Entrega realizada;Entrega Finalizada;28;7;21;7;CAMILO;19016;Adesão do Maranhão à Independência do Brasil;Estadual;MA
MOBIS BRASIL FABRICACAO DE AUTO PECAS LT;RODOVIARIO;1545517;21/07/2026;1;353230;21/07/2026;BARI VEICULOS LTDA;7,46E+12;BLUMENAU;SC;21/07/2026;28/07/2026;23/07/2026;Entregue No Prazo;;Entrega realizada;Entrega Finalizada;28;7;21;7;TRANSTRY;18024;Adesão do Maranhão à Independência do Brasil;Estadual;MA
MOBIS BRASIL FABRICACAO DE AUTO PECAS LT;RODOVIARIO;1545518;21/07/2026;12;353230;21/07/2026;BARI VEICULOS LTDA;7,46E+12;BLUMENAU;SC;21/07/2026;28/07/2026;23/07/2026;Entregue No Prazo;;Entrega realizada;Entrega Finalizada;28;7;21;7;TRANSTRY;18024;Adesão do Maranhão à Independência do Brasil;Estadual;MA
MOBIS BRASIL FABRICACAO DE AUTO PECAS LT;RODOVIARIO;1545480;21/07/2026;3;353256;21/07/2026;GOLDEN MOTORS VEICULOS LTDA;3,62E+12;TRES LAGOAS;MS;21/07/2026;29/07/2026;23/07/2026;Entregue No Prazo;;Entrega realizada;Entrega Finalizada;29;7;21;7;CARVALIMA;12001;;;
MOBIS BRASIL FABRICACAO DE AUTO PECAS LT;RODOVIARIO;1545481;21/07/2026;6;353275;21/07/2026;ULSAN COMERCIO DE VEICULOS LTDA.;2,10E+13;CAMPO GRANDE;MS;21/07/2026;29/07/2026;23/07/2026;Entregue No Prazo;;Entrega realizada;Entrega Finalizada;29;7;21;7;CARVALIMA;12004;;;
MOBIS BRASIL FABRICACAO DE AUTO PECAS LT;RODOVIARIO;1546309;22/07/2026;1;353408;22/07/2026;NOBRE DISTRIBUIDORA DE VEICULOS E PECAS;5,76E+12;MOGI DAS CRUZES;SP;22/07/2026;24/07/2026;23/07/2026;Entregue No Prazo;;Entrega realizada;Entrega Finalizada;24;7;22;7;XD DIADEMA;26004;;;
MOBIS BRASIL FABRICACAO DE AUTO PECAS LT;RODOVIARIO;1546310;22/07/2026;2;353403;22/07/2026;GRAND SPORT COM. DE VEIC. E PECAS LTDA;8,58E+12;GUARULHOS;SP;22/07/2026;24/07/2026;23/07/2026;Entregue No Prazo;;Entrega realizada;Entrega Finalizada;24;7;22;7;XD DIADEMA;26005;;;
MOBIS BRASIL FABRICACAO DE AUTO PECAS LT;RODOVIARIO;1546315;22/07/2026;1;353404;22/07/2026;GRAND SPORT COM. DE VEIC. E PECAS LTDA;8,58E+12;SAO PAULO;SP;22/07/2026;24/07/2026;23/07/2026;Entregue No Prazo;;Entrega realizada;Entrega Finalizada;24;7;22;7;XD DIADEMA;26034;;;
MOBIS BRASIL FABRICACAO DE AUTO PECAS LT;RODOVIARIO;1546324;22/07/2026;1;353398;22/07/2026;BILLY DISTRIBUIDORA DE VEICULOS LTDA;1,34E+13;SAO PAULO;SP;22/07/2026;24/07/2026;23/07/2026;Entregue No Prazo;;Entrega realizada;Entrega Finalizada;24;7;22;7;XD DIADEMA;26003;;;
MOBIS BRASIL FABRICACAO DE AUTO PECAS LT;RODOVIARIO;1546287;22/07/2026;1;353423;22/07/2026;BARI VEICULOS LTDA.;7,46E+12;CURITIBA;PR;22/07/2026;27/07/2026;23/07/2026;Entregue No Prazo;;Entrega realizada;Entrega Finalizada;27;7;22;7;TRANSTRY;18029;;;
MOBIS BRASIL FABRICACAO DE AUTO PECAS LT;RODOVIARIO;1546288;22/07/2026;5;353421;22/07/2026;BARI VEICULOS LTDA;7,46E+12;CURITIBA;PR;22/07/2026;27/07/2026;23/07/2026;Entregue No Prazo;;Entrega realizada;Entrega Finalizada;27;7;22;7;TRANSTRY;18024;;;
MOBIS BRASIL FABRICACAO DE AUTO PECAS LT;RODOVIARIO;1546311;22/07/2026;6;353436;22/07/2026;DHC COMERCIO DE VEICULOS E PECAS LTDA;9,52E+12;BAURU;SP;22/07/2026;27/07/2026;23/07/2026;Entregue No Prazo;;Entrega realizada;Entrega Finalizada;27;7;22;7;MVT;26010;;;
MOBIS BRASIL FABRICACAO DE AUTO PECAS LT;RODOVIARIO;1546326;22/07/2026;1;353400;22/07/2026;CAOA MOTOR DO BRASIL LTDA;1,68E+13;SANTOS;SP;22/07/2026;27/07/2026;23/07/2026;Entregue No Prazo;;Entrega realizada;Entrega Finalizada;27;7;22;7;XD DIADEMA;5008;;;
MOBIS BRASIL FABRICACAO DE AUTO PECAS LT;RODOVIARIO;1546332;22/07/2026;1;353437;22/07/2026;H - CAMINHO AUTOMOVEIS LTDA;2,53E+13;LIMEIRA;SP;22/07/2026;27/07/2026;23/07/2026;Entregue No Prazo;;Entrega realizada;Entrega Finalizada;27;7;22;7;MVT;26092;;;
MOBIS BRASIL FABRICACAO DE AUTO PECAS LT;RODOVIARIO;1546318;22/07/2026;6;353441;22/07/2026;NEW VEICULOS E PECAS LTDA;1,59E+13;FRANCA;SP;22/07/2026;28/07/2026;23/07/2026;Entregue No Prazo;;Entrega realizada;Entrega Finalizada;28;7;22;7;MVT;26014;Adesão do Maranhão à Independência do Brasil;Estadual;MA
MOBIS BRASIL FABRICACAO DE AUTO PECAS LT;RODOVIARIO;1546319;22/07/2026;3;353439;22/07/2026;H R B COMERCIO DE VEICULOS LTDA;1,82E+13;SAO JOSE DO RIO PRETO;SP;22/07/2026;28/07/2026;23/07/2026;Entregue No Prazo;;Entrega realizada;Entrega Finalizada;28;7;22;7;MVT;26050;Adesão do Maranhão à Independência do Brasil;Estadual;MA
MOBIS BRASIL FABRICACAO DE AUTO PECAS LT;RODOVIARIO;1546320;22/07/2026;14;353439;22/07/2026;H R B COMERCIO DE VEICULOS LTDA;1,82E+13;SAO JOSE DO RIO PRETO;SP;22/07/2026;28/07/2026;23/07/2026;Entregue No Prazo;;Entrega realizada;Entrega Finalizada;28;7;22;7;MVT;26050;Adesão do Maranhão à Independência do Brasil;Estadual;MA
MOBIS BRASIL FABRICACAO DE AUTO PECAS LT;RODOVIARIO;1546333;22/07/2026;2;353440;22/07/2026;NEW VEICULOS E PECAS LTDA;1,59E+13;BARRETOS;SP;22/07/2026;28/07/2026;23/07/2026;Entregue No Prazo;;Entrega realizada;Entrega Finalizada;28;7;22;7;MVT;26014;Adesão do Maranhão à Independência do Brasil;Estadual;MA
MOBIS BRASIL FABRICACAO DE AUTO PECAS LT;RODOVIARIO;1545540;21/07/2026;13;353620;23/07/2026;GRANDAY AUTOMOTORES LTDA (CHAC. CALIFOR);1,57E+13;SAO PAULO;SP;23/07/2026;27/07/2026;23/07/2026;Entregue No Prazo;;Entrega realizada;Entrega Finalizada;27;7;23;7;BV LOG;26090;;;
MOBIS BRASIL FABRICACAO DE AUTO PECAS LT;RODOVIARIO;1546316;22/07/2026;43;353619;23/07/2026;BILLY DISTRIBUIDORA DE VEICULOS LTDA;1,34E+13;SAO CAETANO DO SUL;SP;23/07/2026;27/07/2026;23/07/2026;Entregue No Prazo;;Entrega realizada;Entrega Finalizada;27;7;23;7;BV LOG;26003;;;
MOBIS BRASIL FABRICACAO DE AUTO PECAS LT;RODOVIARIO;1546321;22/07/2026;8;353616;23/07/2026;CAOA MOTOR DO BRASIL LTDA (VL PRUDENTE);1,68E+13;SAO PAULO;SP;23/07/2026;27/07/2026;23/07/2026;Entregue No Prazo;;Entrega realizada;Entrega Finalizada;27;7;23;7;BV LOG;26051;;;
MOBIS BRASIL FABRICACAO DE AUTO PECAS LT;RODOVIARIO;1546322;22/07/2026;72;353617;23/07/2026;CHS MOTORS VEICULOS PECAS(VL. GUILHERME);1,69E+13;SAO PAULO;SP;23/07/2026;27/07/2026;23/07/2026;Entregue No Prazo;;Entrega realizada;Entrega Finalizada;27;7;23;7;BV LOG;26052;;;
MOBIS BRASIL FABRICACAO DE AUTO PECAS LT;RODOVIARIO;1546328;22/07/2026;19;353620;23/07/2026;GRANDAY AUTOMOTORES LTDA (CHAC. CALIFOR);1,57E+13;SAO PAULO;SP;23/07/2026;27/07/2026;23/07/2026;Entregue No Prazo;;Entrega realizada;Entrega Finalizada;27;7;23;7;BV LOG;26090;;;
MOBIS BRASIL FABRICACAO DE AUTO PECAS LT;RODOVIARIO;1546986;23/07/2026;19;353627;23/07/2026;ANDRETA II DISTRIBUIDORA DE VEIC. LTDA;9,10E+12;CAMPINAS;SP;23/07/2026;28/07/2026;23/07/2026;Entregue No Prazo;;Entrega realizada;Entrega Finalizada;28;7;23;7;BV LOG;26011;Adesão do Maranhão à Independência do Brasil;Estadual;MA
MOBIS BRASIL FABRICACAO DE AUTO PECAS LT;RODOVIARIO;1546998;23/07/2026;4;353628;23/07/2026;DESTAQUE SEUL DISTR. DE VEIC. E PC. LTDA;2,12E+13;ATIBAIA;SP;23/07/2026;28/07/2026;23/07/2026;Entregue No Prazo;;Entrega realizada;Entrega Finalizada;28;7;23;7;BV LOG;26075;Adesão do Maranhão à Independência do Brasil;Estadual;MA
MOBIS BRASIL FABRICACAO DE AUTO PECAS LT;RODOVIARIO;1546999;23/07/2026;24;353628;23/07/2026;DESTAQUE SEUL DISTR. DE VEIC. E PC. LTDA;2,12E+13;ATIBAIA;SP;23/07/2026;28/07/2026;23/07/2026;Entregue No Prazo;;Entrega realizada;Entrega Finalizada;28;7;23;7;BV LOG;26075;Adesão do Maranhão à Independência do Brasil;Estadual;MA
MOBIS BRASIL FABRICACAO DE AUTO PECAS LT;RODOVIARIO;1531295;24/06/2026;1;349019;24/06/2026;URCA MOTORS VEICULOS LTDA;8,77E+12;ITUMBIARA;GO;24/06/2026;06/07/2026;24/07/2026;Entregue Fora do Prazo;;Entrega realizada;Entrega Finalizada;6;7;24;6;RIO VERMELHO;9014;;;
MOBIS BRASIL FABRICACAO DE AUTO PECAS LT;RODOVIARIO;1536223;03/07/2026;10;350682;03/07/2026;PATEO COMERCIO DE VEICULOS S A;07784006000227;RECIFE;PE;03/07/2026;20/07/2026;24/07/2026;Entregue Fora do Prazo;;Entrega realizada;Entrega Finalizada;20;7;3;7;TERMACO;#N/D;;;
MOBIS BRASIL FABRICACAO DE AUTO PECAS LT;RODOVIARIO;1536224;03/07/2026;49;350682;03/07/2026;PATEO COMERCIO DE VEICULOS S A;07784006000227;RECIFE;PE;03/07/2026;20/07/2026;24/07/2026;Entregue Fora do Prazo;;Entrega realizada;Entrega Finalizada;20;7;3;7;TERMACO;#N/D;;;
MOBIS BRASIL FABRICACAO DE AUTO PECAS LT;RODOVIARIO;1536925;06/07/2026;7;351058;06/07/2026;PATEO COMERCIO DE VEICULOS S A;7,78E+12;RECIFE;PE;06/07/2026;21/07/2026;24/07/2026;Entregue Fora do Prazo;;Entrega realizada;Entrega Finalizada;21;7;6;7;TERMACO;16004;;;
MOBIS BRASIL FABRICACAO DE AUTO PECAS LT;RODOVIARIO;1537584;07/07/2026;2;351179;07/07/2026;PATEO COMERCIO DE VEICULOS S A;7,78E+12;RECIFE;PE;07/07/2026;22/07/2026;24/07/2026;Entregue Fora do Prazo;;Entrega realizada;Entrega Finalizada;22;7;7;7;TERMACO;16004;;;
MOBIS BRASIL FABRICACAO DE AUTO PECAS LT;RODOVIARIO;1538449;08/07/2026;2;351447;08/07/2026;UNIQUE COMERCIO DE AUTOMOVEIS LTDA;1,74E+13;ANANINDEUA;PA;08/07/2026;21/07/2026;24/07/2026;Entregue Fora do Prazo;;Entrega realizada;Entrega Finalizada;21;7;8;7;CARVALIMA;14003;;;
MOBIS BRASIL FABRICACAO DE AUTO PECAS LT;RODOVIARIO;1538453;08/07/2026;1;351433;08/07/2026;PATEO COMERCIO DE VEICULOS S A;7,78E+12;RECIFE;PE;08/07/2026;23/07/2026;24/07/2026;Entregue Fora do Prazo;;Entrega realizada;Entrega Finalizada;23;7;8;7;TERMACO;16004;;;
MOBIS BRASIL FABRICACAO DE AUTO PECAS LT;RODOVIARIO;1538454;08/07/2026;1;351433;08/07/2026;PATEO COMERCIO DE VEICULOS S A;7,78E+12;RECIFE;PE;08/07/2026;23/07/2026;24/07/2026;Entregue Fora do Prazo;;Entrega realizada;Entrega Finalizada;23;7;8;7;TERMACO;16004;;;
MOBIS BRASIL FABRICACAO DE AUTO PECAS LT;RODOVIARIO;1541473;14/07/2026;3;352107;14/07/2026;MASTER COMERCIAL DE VEICULOS LTDA;2,85E+13;JACOBINA;BA;14/07/2026;29/07/2026;24/07/2026;Entregue No Prazo;;Entrega realizada;Entrega Finalizada;29;7;14;7;TERMACO;5013;;;
MOBIS BRASIL FABRICACAO DE AUTO PECAS LT;RODOVIARIO;1542322;15/07/2026;1;352469;15/07/2026;MASTER COMERCIAL DE VEICULOS LTDA;2,85E+13;JACOBINA;BA;15/07/2026;30/07/2026;24/07/2026;Entregue No Prazo;;Entrega realizada;Entrega Finalizada;30;7;15;7;TERMACO;5013;;;
MOBIS BRASIL FABRICACAO DE AUTO PECAS LT;RODOVIARIO;1543172;16/07/2026;1;352536;16/07/2026;CAOA MOTOR DO BRASIL LTDA(NACOES UNIDAS);1,68E+13;SAO PAULO;SP;16/07/2026;20/07/2026;24/07/2026;Entregue Fora do Prazo;;Entrega realizada;Entrega Finalizada;20;7;16;7;XD DIADEMA;26087;;;
MOBIS BRASIL FABRICACAO DE AUTO PECAS LT;RODOVIARIO;1543085;16/07/2026;2;352594;16/07/2026;FAZZA MOTORS COMERCIO DE VEICULOS LTDA;1,24E+13;SALVADOR;BA;16/07/2026;28/07/2026;24/07/2026;Entregue No Prazo;;Entrega realizada;Entrega Finalizada;28;7;16;7;TERMACO;5007;Adesão do Maranhão à Independência do Brasil;Estadual;MA
MOBIS BRASIL FABRICACAO DE AUTO PECAS LT;RODOVIARIO;1543096;16/07/2026;3;352550;16/07/2026;URCA MOTORS VEICULOS LTDA;8,77E+12;ITUMBIARA;GO;16/07/2026;28/07/2026;24/07/2026;Entregue No Prazo;;Entrega realizada;Entrega Finalizada;28;7;16;7;RIO VERMELHO;9014;Adesão do Maranhão à Independência do Brasil;Estadual;MA
MOBIS BRASIL FABRICACAO DE AUTO PECAS LT;RODOVIARIO;1543098;16/07/2026;3;352608;16/07/2026;PATEO COMERCIO DE VEICULOS S A;7,78E+12;SAO LUIS;MA;16/07/2026;31/07/2026;24/07/2026;Entregue No Prazo;;Entrega realizada;Entrega Finalizada;31;7;16;7;TERMACO;10002;;;
MOBIS BRASIL FABRICACAO DE AUTO PECAS LT;RODOVIARIO;1543110;16/07/2026;2;352589;16/07/2026;AUTORAC VEICULOS LTDA;1,06E+13;CARUARU;PE;16/07/2026;03/08/2026;24/07/2026;Entregue No Prazo;;Entrega realizada;Entrega Finalizada;3;8;16;7;TERMACO;16001;;;
MOBIS BRASIL FABRICACAO DE AUTO PECAS LT;RODOVIARIO;1543950;17/07/2026;1;352735;17/07/2026;GOLDEN MOTORS VEICULOS LTDA;3,62E+12;PRESIDENTE PRUDENTE;SP;17/07/2026;23/07/2026;24/07/2026;Entregue Fora do Prazo;;Entrega realizada;Entrega Finalizada;23;7;17;7;MVT;12001;;;
MOBIS BRASIL FABRICACAO DE AUTO PECAS LT;RODOVIARIO;1543862;17/07/2026;44;352778;17/07/2026;FAZZA MOTORS COMERCIO DE VEICULOS LTDA;1,24E+13;SALVADOR;BA;17/07/2026;29/07/2026;24/07/2026;Entregue No Prazo;;Entrega realizada;Entrega Finalizada;29;7;17;7;TERMACO;5007;;;
MOBIS BRASIL FABRICACAO DE AUTO PECAS LT;RODOVIARIO;1543874;17/07/2026;5;352729;17/07/2026;URCA MOTORS VEICULOS LTDA;8,77E+12;RIO VERDE;GO;17/07/2026;29/07/2026;24/07/2026;Entregue No Prazo;;Entrega realizada;Entrega Finalizada;29;7;17;7;RIO VERMELHO;9014;;;
MOBIS BRASIL FABRICACAO DE AUTO PECAS LT;RODOVIARIO;1543875;17/07/2026;3;352728;17/07/2026;URCA MOTORS VEICULOS LTDA;8,77E+12;ITUMBIARA;GO;17/07/2026;29/07/2026;24/07/2026;Entregue No Prazo;;Entrega realizada;Entrega Finalizada;29;7;17;7;RIO VERMELHO;9014;;;
MOBIS BRASIL FABRICACAO DE AUTO PECAS LT;RODOVIARIO;1544726;20/07/2026;3;353044;20/07/2026;CAOA MOTOR DO BRASIL LTDA;1,68E+13;TAUBATE;SP;20/07/2026;23/07/2026;24/07/2026;Entregue Fora do Prazo;;Entrega realizada;Entrega Finalizada;23;7;20;7;XD DIADEMA;5008;;;
MOBIS BRASIL FABRICACAO DE AUTO PECAS LT;RODOVIARIO;1544689;20/07/2026;2;353104;20/07/2026;LOVAT VEICULOS S/A;8,57E+12;MARINGA;PR;20/07/2026;24/07/2026;24/07/2026;Entregue No Prazo;;Entrega realizada;Entrega Finalizada;24;7;20;7;TRANSTRY;18008;;;
MOBIS BRASIL FABRICACAO DE AUTO PECAS LT;RODOVIARIO;1544690;20/07/2026;2;353104;20/07/2026;LOVAT VEICULOS S/A;8,57E+12;MARINGA;PR;20/07/2026;24/07/2026;24/07/2026;Entregue No Prazo;;Entrega realizada;Entrega Finalizada;24;7;20;7;TRANSTRY;18008;;;
MOBIS BRASIL FABRICACAO DE AUTO PECAS LT;RODOVIARIO;1544703;20/07/2026;26;353100;20/07/2026;CARWAY SUL VEICULOS LTDA;1,03E+13;CANOAS;RS;20/07/2026;24/07/2026;24/07/2026;Entregue No Prazo;;Entrega realizada;Entrega Finalizada;24;7;20;7;TRANSTRY;23003;;;
MOBIS BRASIL FABRICACAO DE AUTO PECAS LT;RODOVIARIO;1544704;20/07/2026;3;353100;20/07/2026;CARWAY SUL VEICULOS LTDA;1,03E+13;CANOAS;RS;20/07/2026;24/07/2026;24/07/2026;Entregue No Prazo;;Entrega realizada;Entrega Finalizada;24;7;20;7;TRANSTRY;23003;;;
MOBIS BRASIL FABRICACAO DE AUTO PECAS LT;RODOVIARIO;1544705;20/07/2026;5;353092;20/07/2026;ATUAL VEICULOS LTDA;1,33E+13;ARARANGUA;SC;20/07/2026;27/07/2026;24/07/2026;Entregue No Prazo;;Entrega realizada;Entrega Finalizada;27;7;20;7;TRANSTRY;24001;;;
MOBIS BRASIL FABRICACAO DE AUTO PECAS LT;RODOVIARIO;1544706;20/07/2026;5;353090;20/07/2026;ATUAL VEICULOS LTDA;1,33E+13;CRICIUMA;SC;20/07/2026;27/07/2026;24/07/2026;Entregue No Prazo;;Entrega realizada;Entrega Finalizada;27;7;20;7;TRANSTRY;24001;;;
MOBIS BRASIL FABRICACAO DE AUTO PECAS LT;RODOVIARIO;1544707;20/07/2026;4;353091;20/07/2026;ATUAL VEICULOS LTDA;1,33E+13;TUBARAO;SC;20/07/2026;27/07/2026;24/07/2026;Entregue No Prazo;;Entrega realizada;Entrega Finalizada;27;7;20;7;TRANSTRY;24001;;;
MOBIS BRASIL FABRICACAO DE AUTO PECAS LT;RODOVIARIO;1544708;20/07/2026;1;353091;20/07/2026;ATUAL VEICULOS LTDA;1,33E+13;TUBARAO;SC;20/07/2026;27/07/2026;24/07/2026;Entregue No Prazo;;Entrega realizada;Entrega Finalizada;27;7;20;7;TRANSTRY;24001;;;
MOBIS BRASIL FABRICACAO DE AUTO PECAS LT;RODOVIARIO;1544673;20/07/2026;2;353082;20/07/2026;PRIME CACHOEIRO VEICULOS LTDA;9,34E+12;CACHOEIRO DE ITAPEMIRIM;ES;20/07/2026;28/07/2026;24/07/2026;Entregue No Prazo;;Entrega realizada;Entrega Finalizada;28;7;20;7;CAMILO;8004;Adesão do Maranhão à Independência do Brasil;Estadual;MA
MOBIS BRASIL FABRICACAO DE AUTO PECAS LT;RODOVIARIO;1544714;20/07/2026;2;353102;20/07/2026;CHINHAN AUTOMOVEIS LTDA.;2,41E+13;CACADOR;SC;20/07/2026;29/07/2026;24/07/2026;Entregue No Prazo;;Entrega realizada;Entrega Finalizada;29;7;20;7;TRANSTRY;24020;;;
MOBIS BRASIL FABRICACAO DE AUTO PECAS LT;RODOVIARIO;1545474;21/07/2026;22;353203;21/07/2026;CARBEL KOREA VEICULOS LTDA;2,07E+13;BELO HORIZONTE;MG;21/07/2026;24/07/2026;24/07/2026;Entregue No Prazo;;Entrega realizada;Entrega Finalizada;24;7;21;7;XD BETIM;11021;;;
MOBIS BRASIL FABRICACAO DE AUTO PECAS LT;RODOVIARIO;1545477;21/07/2026;1;353198;21/07/2026;BDG AUTOVILLE VEICULOS LTDA;4,77E+13;CONTAGEM;MG;21/07/2026;24/07/2026;24/07/2026;Entregue No Prazo;;Entrega realizada;Entrega Finalizada;24;7;21;7;XD BETIM;11037;;;
MOBIS BRASIL FABRICACAO DE AUTO PECAS LT;RODOVIARIO;1545478;21/07/2026;40;353198;21/07/2026;BDG AUTOVILLE VEICULOS LTDA;4,77E+13;CONTAGEM;MG;21/07/2026;24/07/2026;24/07/2026;Entregue No Prazo;;Entrega realizada;Entrega Finalizada;24;7;21;7;XD BETIM;11037;;;
MOBIS BRASIL FABRICACAO DE AUTO PECAS LT;RODOVIARIO;1545469;21/07/2026;4;353277;21/07/2026;URCA MOTORS VEICULOS LTDA;8,77E+12;UBERLANDIA;MG;21/07/2026;27/07/2026;24/07/2026;Entregue No Prazo;;Entrega realizada;Entrega Finalizada;27;7;21;7;CAMILO;9014;;;
MOBIS BRASIL FABRICACAO DE AUTO PECAS LT;RODOVIARIO;1545473;21/07/2026;2;353279;21/07/2026;URCA MOTORS VEICULOS LTDA;8,77E+12;UBERABA;MG;21/07/2026;27/07/2026;24/07/2026;Entregue No Prazo;;Entrega realizada;Entrega Finalizada;27;7;21;7;CAMILO;9014;;;
MOBIS BRASIL FABRICACAO DE AUTO PECAS LT;RODOVIARIO;1545498;21/07/2026;1;353247;21/07/2026;CAOA MOTOR DO BRASIL LTDA;1,68E+13;RIO DE JANEIRO;RJ;21/07/2026;27/07/2026;24/07/2026;Entregue No Prazo;;Entrega realizada;Entrega Finalizada;27;7;21;7;CAMILO;5008;;;
MOBIS BRASIL FABRICACAO DE AUTO PECAS LT;RODOVIARIO;1545508;21/07/2026;2;353233;21/07/2026;CARWAY SUL VEICULOS LTDA;1,03E+13;PORTO ALEGRE;RS;21/07/2026;27/07/2026;24/07/2026;Entregue No Prazo;;Entrega realizada;Entrega Finalizada;27;7;21;7;TRANSTRY;23003;;;
MOBIS BRASIL FABRICACAO DE AUTO PECAS LT;RODOVIARIO;1545535;21/07/2026;2;353220;21/07/2026;GOLDEN MOTORS VEICULOS LTDA;3,62E+12;PRESIDENTE PRUDENTE;SP;21/07/2026;27/07/2026;24/07/2026;Entregue No Prazo;;Entrega realizada;Entrega Finalizada;27;7;21;7;MVT;12001;;;
MOBIS BRASIL FABRICACAO DE AUTO PECAS LT;RODOVIARIO;1545470;21/07/2026;2;353251;21/07/2026;CONCESSIONARIA NAGOYA MOTOS E VEIC. LTDA;8,74E+12;UBA;MG;21/07/2026;28/07/2026;24/07/2026;Entregue No Prazo;;Entrega realizada;Entrega Finalizada;28;7;21;7;CAMILO;11004;Adesão do Maranhão à Independência do Brasil;Estadual;MA
MOBIS BRASIL FABRICACAO DE AUTO PECAS LT;RODOVIARIO;1545490;21/07/2026;1;353241;21/07/2026;SANTA FE VEICULOS LTDA.;1,16E+13;FRANCISCO BELTRAO;PR;21/07/2026;28/07/2026;24/07/2026;Entregue No Prazo;;Entrega realizada;Entrega Finalizada;28;7;21;7;TRANSTRY;18010;Adesão do Maranhão à Independência do Brasil;Estadual;MA
MOBIS BRASIL FABRICACAO DE AUTO PECAS LT;RODOVIARIO;1545502;21/07/2026;2;353273;21/07/2026;TAI MOTORS VEICULOS S/A;9,27E+12;CAMPOS DOS GOYTACAZES;RJ;21/07/2026;28/07/2026;24/07/2026;Entregue No Prazo;;Entrega realizada;Entrega Finalizada;28;7;21;7;CAMILO;8002;Adesão do Maranhão à Independência do Brasil;Estadual;MA
MOBIS BRASIL FABRICACAO DE AUTO PECAS LT;RODOVIARIO;1545512;21/07/2026;2;353236;21/07/2026;GALA COMERCIO DE VEICULOS LTDA.;1,77E+13;PELOTAS;RS;21/07/2026;28/07/2026;24/07/2026;Entregue No Prazo;;Entrega realizada;Entrega Finalizada;28;7;21;7;TRANSTRY;23009;Adesão do Maranhão à Independência do Brasil;Estadual;MA
MOBIS BRASIL FABRICACAO DE AUTO PECAS LT;RODOVIARIO;1545514;21/07/2026;1;353239;21/07/2026;HOUSE PARTS COMERCIO DE PECAS E VEI;1,15E+13;CAXIAS DO SUL;RS;21/07/2026;28/07/2026;24/07/2026;Entregue No Prazo;;Entrega realizada;Entrega Finalizada;28;7;21;7;TRANSTRY;23023;Adesão do Maranhão à Independência do Brasil;Estadual;MA
MOBIS BRASIL FABRICACAO DE AUTO PECAS LT;RODOVIARIO;1545515;21/07/2026;4;353228;21/07/2026;ATUAL VEICULOS LTDA;1,33E+13;ARARANGUA;SC;21/07/2026;28/07/2026;24/07/2026;Entregue No Prazo;;Entrega realizada;Entrega Finalizada;28;7;21;7;TRANSTRY;24001;Adesão do Maranhão à Independência do Brasil;Estadual;MA
MOBIS BRASIL FABRICACAO DE AUTO PECAS LT;RODOVIARIO;1545516;21/07/2026;1;353229;21/07/2026;ATUAL VEICULOS LTDA;1,33E+13;CRICIUMA;SC;21/07/2026;28/07/2026;24/07/2026;Entregue No Prazo;;Entrega realizada;Entrega Finalizada;28;7;21;7;TRANSTRY;24001;Adesão do Maranhão à Independência do Brasil;Estadual;MA
MOBIS BRASIL FABRICACAO DE AUTO PECAS LT;RODOVIARIO;1545479;21/07/2026;1;353257;21/07/2026;GOLDEN MOTORS VEICULOS LTDA;3,62E+12;DOURADOS;MS;21/07/2026;29/07/2026;24/07/2026;Entregue No Prazo;;Entrega realizada;Entrega Finalizada;29;7;21;7;CARVALIMA;12001;;;
MOBIS BRASIL FABRICACAO DE AUTO PECAS LT;RODOVIARIO;1545513;21/07/2026;4;353234;21/07/2026;CHINHAN AUTOMOVEIS LTDA;2,41E+13;ERECHIM;RS;21/07/2026;29/07/2026;24/07/2026;Entregue No Prazo;;Entrega realizada;Entrega Finalizada;29;7;21;7;TRANSTRY;23019;;;
MOBIS BRASIL FABRICACAO DE AUTO PECAS LT;RODOVIARIO;1545519;21/07/2026;3;353235;21/07/2026;CHINHAN AUTOMOVEIS LTDA.;2,41E+13;CACADOR;SC;21/07/2026;30/07/2026;24/07/2026;Entregue No Prazo;;Entrega realizada;Entrega Finalizada;30;7;21;7;TRANSTRY;24020;;;
MOBIS BRASIL FABRICACAO DE AUTO PECAS LT;RODOVIARIO;1546327;22/07/2026;1;353402;22/07/2026;CAOA MOTOR DO BRASIL LTDA(NACOES UNIDAS);1,68E+13;SAO PAULO;SP;22/07/2026;24/07/2026;24/07/2026;Entregue No Prazo;;Entrega realizada;Entrega Finalizada;24;7;22;7;XD DIADEMA;26087;;;
MOBIS BRASIL FABRICACAO DE AUTO PECAS LT;RODOVIARIO;1545524;21/07/2026;25;353442;22/07/2026;NEW VEICULOS E PECAS LTDA;1,59E+13;RIBEIRAO PRETO;SP;22/07/2026;27/07/2026;24/07/2026;Entregue No Prazo;;Entrega realizada;Entrega Finalizada;27;7;22;7;MVT;26014;;;
MOBIS BRASIL FABRICACAO DE AUTO PECAS LT;RODOVIARIO;1546314;22/07/2026;32;353442;22/07/2026;NEW VEICULOS E PECAS LTDA;1,59E+13;RIBEIRAO PRETO;SP;22/07/2026;27/07/2026;24/07/2026;Entregue No Prazo;;Entrega realizada;Entrega Finalizada;27;7;22;7;MVT;26014;;;
MOBIS BRASIL FABRICACAO DE AUTO PECAS LT;RODOVIARIO;1546317;22/07/2026;1;353434;22/07/2026;ANDRETA II DISTRIBUIDORA DE VEIC. LTDA;9,10E+12;INDAIATUBA;SP;22/07/2026;27/07/2026;24/07/2026;Entregue No Prazo;;Entrega realizada;Entrega Finalizada;27;7;22;7;MVT;26011;;;
MOBIS BRASIL FABRICACAO DE AUTO PECAS LT;RODOVIARIO;1546264;22/07/2026;4;353471;22/07/2026;URCA MOTORS VEICULOS LTDA;8,77E+12;UBERLANDIA;MG;22/07/2026;28/07/2026;24/07/2026;Entregue No Prazo;;Entrega realizada;Entrega Finalizada;28;7;22;7;CAMILO;9014;Adesão do Maranhão à Independência do Brasil;Estadual;MA
MOBIS BRASIL FABRICACAO DE AUTO PECAS LT;RODOVIARIO;1546269;22/07/2026;6;353475;22/07/2026;VIME POCOS COM. DE VEICULOS E PECAS LTDA;3,43E+13;POCOS DE CALDAS;MG;22/07/2026;28/07/2026;24/07/2026;Entregue No Prazo;;Entrega realizada;Entrega Finalizada;28;7;22;7;CAMILO;11033;Adesão do Maranhão à Independência do Brasil;Estadual;MA
MOBIS BRASIL FABRICACAO DE AUTO PECAS LT;RODOVIARIO;1546282;22/07/2026;41;353429;22/07/2026;LOVAT VEICULOS S/A;8,57E+12;LONDRINA;PR;22/07/2026;28/07/2026;24/07/2026;Entregue No Prazo;;Entrega realizada;Entrega Finalizada;28;7;22;7;TRANSTRY;18008;Adesão do Maranhão à Independência do Brasil;Estadual;MA
MOBIS BRASIL FABRICACAO DE AUTO PECAS LT;RODOVIARIO;1546283;22/07/2026;3;353433;22/07/2026;VETOR AUTOMOVEIS LTDA;2,12E+13;CASCAVEL;PR;22/07/2026;28/07/2026;24/07/2026;Entregue No Prazo;;Entrega realizada;Entrega Finalizada;28;7;22;7;TRANSTRY;18019;Adesão do Maranhão à Independência do Brasil;Estadual;MA
MOBIS BRASIL FABRICACAO DE AUTO PECAS LT;RODOVIARIO;1546285;22/07/2026;5;353420;22/07/2026;BARI VEICULOS LTDA;7,46E+12;PONTA GROSSA;PR;22/07/2026;28/07/2026;24/07/2026;Entregue No Prazo;;Entrega realizada;Entrega Finalizada;28;7;22;7;TRANSTRY;18024;Adesão do Maranhão à Independência do Brasil;Estadual;MA
MOBIS BRASIL FABRICACAO DE AUTO PECAS LT;RODOVIARIO;1546286;22/07/2026;2;353420;22/07/2026;BARI VEICULOS LTDA;7,46E+12;PONTA GROSSA;PR;22/07/2026;28/07/2026;24/07/2026;Entregue No Prazo;;Entrega realizada;Entrega Finalizada;28;7;22;7;TRANSTRY;18024;Adesão do Maranhão à Independência do Brasil;Estadual;MA
MOBIS BRASIL FABRICACAO DE AUTO PECAS LT;RODOVIARIO;1546289;22/07/2026;15;353457;22/07/2026;ITAVEMA MOTORS VEICULOS LTDA;7,73E+12;RIO DE JANEIRO;RJ;22/07/2026;28/07/2026;24/07/2026;Entregue No Prazo;;Entrega realizada;Entrega Finalizada;28;7;22;7;CAMILO;19001;Adesão do Maranhão à Independência do Brasil;Estadual;MA
MOBIS BRASIL FABRICACAO DE AUTO PECAS LT;RODOVIARIO;1546302;22/07/2026;1;353424;22/07/2026;BARI VEICULOS LTDA.;7,46E+12;JOINVILLE;SC;22/07/2026;28/07/2026;24/07/2026;Entregue No Prazo;;Entrega realizada;Entrega Finalizada;28;7;22;7;TRANSTRY;24013;Adesão do Maranhão à Independência do Brasil;Estadual;MA
MOBIS BRASIL FABRICACAO DE AUTO PECAS LT;RODOVIARIO;1546330;22/07/2026;2;353438;22/07/2026;H - CAMINHO AUTOMOVEIS LTDA;2,53E+13;PIRACICABA;SP;22/07/2026;28/07/2026;24/07/2026;Entregue No Prazo;;Entrega realizada;Entrega Finalizada;28;7;22;7;MVT;26092;Adesão do Maranhão à Independência do Brasil;Estadual;MA
MOBIS BRASIL FABRICACAO DE AUTO PECAS LT;RODOVIARIO;1546331;22/07/2026;2;353438;22/07/2026;H - CAMINHO AUTOMOVEIS LTDA;2,53E+13;PIRACICABA;SP;22/07/2026;28/07/2026;24/07/2026;Entregue No Prazo;;Entrega realizada;Entrega Finalizada;28;7;22;7;MVT;26092;Adesão do Maranhão à Independência do Brasil;Estadual;MA
MOBIS BRASIL FABRICACAO DE AUTO PECAS LT;RODOVIARIO;1546265;22/07/2026;1;353448;22/07/2026;CONCESSIONARIA NAGOYA MOTOS E VEIC. LTDA;8,74E+12;UBA;MG;22/07/2026;29/07/2026;24/07/2026;Entregue No Prazo;;Entrega realizada;Entrega Finalizada;29;7;22;7;CAMILO;11004;;;
MOBIS BRASIL FABRICACAO DE AUTO PECAS LT;RODOVIARIO;1546268;22/07/2026;2;353474;22/07/2026;VIME AUTOMOVEIS E PECAS LTDA;2,85E+13;GUAXUPE;MG;22/07/2026;29/07/2026;24/07/2026;Entregue No Prazo;;Entrega realizada;Entrega Finalizada;29;7;22;7;CAMILO;11031;;;
MOBIS BRASIL FABRICACAO DE AUTO PECAS LT;RODOVIARIO;1546296;22/07/2026;4;353417;22/07/2026;ATUAL VEICULOS LTDA;1,33E+13;ARARANGUA;SC;22/07/2026;29/07/2026;24/07/2026;Entregue No Prazo;;Entrega realizada;Entrega Finalizada;29;7;22;7;TRANSTRY;24001;;;
MOBIS BRASIL FABRICACAO DE AUTO PECAS LT;RODOVIARIO;1546297;22/07/2026;4;353415;22/07/2026;ATUAL VEICULOS LTDA;1,33E+13;CRICIUMA;SC;22/07/2026;29/07/2026;24/07/2026;Entregue No Prazo;;Entrega realizada;Entrega Finalizada;29;7;22;7;TRANSTRY;24001;;;
MOBIS BRASIL FABRICACAO DE AUTO PECAS LT;RODOVIARIO;1546298;22/07/2026;13;353416;22/07/2026;ATUAL VEICULOS LTDA;1,33E+13;TUBARAO;SC;22/07/2026;29/07/2026;24/07/2026;Entregue No Prazo;;Entrega realizada;Entrega Finalizada;29;7;22;7;TRANSTRY;24001;;;
MOBIS BRASIL FABRICACAO DE AUTO PECAS LT;RODOVIARIO;1546300;22/07/2026;1;353430;22/07/2026;LR COMERCIO DE VEICULOS LTDA;1,05E+13;SAO JOSE;SC;22/07/2026;29/07/2026;24/07/2026;Entregue No Prazo;;Entrega realizada;Entrega Finalizada;29;7;22;7;TRANSTRY;24007;;;
MOBIS BRASIL FABRICACAO DE AUTO PECAS LT;RODOVIARIO;1546301;22/07/2026;6;353419;22/07/2026;BARI VEICULOS LTDA;7,46E+12;BLUMENAU;SC;22/07/2026;29/07/2026;24/07/2026;Entregue No Prazo;;Entrega realizada;Entrega Finalizada;29;7;22;7;TRANSTRY;18024;;;
MOBIS BRASIL FABRICACAO DE AUTO PECAS LT;RODOVIARIO;1546304;22/07/2026;2;353432;22/07/2026;PONTO CERTO COMERCIO DE VEICULOS LTDA;1,50E+13;LAGES;SC;22/07/2026;29/07/2026;24/07/2026;Entregue No Prazo;;Entrega realizada;Entrega Finalizada;29;7;22;7;TRANSTRY;24017;;;
MOBIS BRASIL FABRICACAO DE AUTO PECAS LT;RODOVIARIO;1546271;22/07/2026;1;353453;22/07/2026;GOLDEN MOTORS VEICULOS LTDA;3,62E+12;DOURADOS;MS;22/07/2026;30/07/2026;24/07/2026;Entregue No Prazo;;Entrega realizada;Entrega Finalizada;30;7;22;7;CARVALIMA;12001;;;
MOBIS BRASIL FABRICACAO DE AUTO PECAS LT;RODOVIARIO;1546272;22/07/2026;2;353452;22/07/2026;GOLDEN MOTORS VEICULOS LTDA;3,62E+12;TRES LAGOAS;MS;22/07/2026;30/07/2026;24/07/2026;Entregue No Prazo;;Entrega realizada;Entrega Finalizada;30;7;22;7;CARVALIMA;12001;;;
MOBIS BRASIL FABRICACAO DE AUTO PECAS LT;RODOVIARIO;1546273;22/07/2026;1;353468;22/07/2026;ULSAN COMERCIO DE VEICULOS LTDA.;2,10E+13;CAMPO GRANDE;MS;22/07/2026;30/07/2026;24/07/2026;Entregue No Prazo;Avaria;Entrega realizada;Entrega Finalizada;30;7;22;7;CARVALIMA;12004;;;
MOBIS BRASIL FABRICACAO DE AUTO PECAS LT;RODOVIARIO;1546303;22/07/2026;1;353418;22/07/2026;BARI VEICULOS LTDA;7,46E+12;BALNEARIO CAMBORIU;SC;22/07/2026;30/07/2026;24/07/2026;Entregue No Prazo;;Entrega realizada;Entrega Finalizada;30;7;22;7;TRANSTRY;18024;;;
MOBIS BRASIL FABRICACAO DE AUTO PECAS LT;RODOVIARIO;1546305;22/07/2026;1;353425;22/07/2026;CHINHAN AUTOMOVEIS LTDA.;2,41E+13;CACADOR;SC;22/07/2026;31/07/2026;24/07/2026;Entregue No Prazo;;Entrega realizada;Entrega Finalizada;31;7;22;7;TRANSTRY;24020;;;
MOBIS BRASIL FABRICACAO DE AUTO PECAS LT;RODOVIARIO;1546982;23/07/2026;1;353638;23/07/2026;NOBRE DISTRIBUIDORA DE VEICULOS E PECAS;5,76E+12;MOGI DAS CRUZES;SP;23/07/2026;27/07/2026;24/07/2026;Entregue No Prazo;;Entrega realizada;Entrega Finalizada;27;7;23;7;XD DIADEMA;26004;;;
MOBIS BRASIL FABRICACAO DE AUTO PECAS LT;RODOVIARIO;1546983;23/07/2026;2;353635;23/07/2026;GRAND SPORT COM. DE VEIC. E PECAS LTDA;8,58E+12;GUARULHOS;SP;23/07/2026;27/07/2026;24/07/2026;Entregue No Prazo;;Entrega realizada;Entrega Finalizada;27;7;23;7;XD DIADEMA;26005;;;
MOBIS BRASIL FABRICACAO DE AUTO PECAS LT;RODOVIARIO;1546984;23/07/2026;11;353635;23/07/2026;GRAND SPORT COM. DE VEIC. E PECAS LTDA;8,58E+12;GUARULHOS;SP;23/07/2026;27/07/2026;24/07/2026;Entregue No Prazo;;Entrega realizada;Entrega Finalizada;27;7;23;7;XD DIADEMA;26005;;;
MOBIS BRASIL FABRICACAO DE AUTO PECAS LT;RODOVIARIO;1546989;23/07/2026;2;353636;23/07/2026;GRANDAY AUTOMOTORES LTDA;1,57E+13;SAO PAULO;SP;23/07/2026;27/07/2026;24/07/2026;Entregue No Prazo;;Entrega realizada;Entrega Finalizada;27;7;23;7;XD DIADEMA;26041;;;
MOBIS BRASIL FABRICACAO DE AUTO PECAS LT;RODOVIARIO;1546938;23/07/2026;7;353670;23/07/2026;SEVEC VEICULOS LTDA;5,68E+11;CURITIBA;PR;23/07/2026;28/07/2026;24/07/2026;Entregue No Prazo;;Entrega realizada;Entrega Finalizada;28;7;23;7;TRANSTRY;18012;Adesão do Maranhão à Independência do Brasil;Estadual;MA
MOBIS BRASIL FABRICACAO DE AUTO PECAS LT;RODOVIARIO;1546945;23/07/2026;1;353655;23/07/2026;BARI VEICULOS LTDA.;7,46E+12;CURITIBA;PR;23/07/2026;28/07/2026;24/07/2026;Entregue No Prazo;;Entrega realizada;Entrega Finalizada;28;7;23;7;TRANSTRY;18029;Adesão do Maranhão à Independência do Brasil;Estadual;MA
MOBIS BRASIL FABRICACAO DE AUTO PECAS LT;RODOVIARIO;1546946;23/07/2026;4;353652;23/07/2026;BARI VEICULOS LTDA;7,46E+12;CURITIBA;PR;23/07/2026;28/07/2026;24/07/2026;Entregue No Prazo;;Entrega realizada;Entrega Finalizada;28;7;23;7;TRANSTRY;18024;Adesão do Maranhão à Independência do Brasil;Estadual;MA
MOBIS BRASIL FABRICACAO DE AUTO PECAS LT;RODOVIARIO;1546997;23/07/2026;1;353676;23/07/2026;CAOA MOTOR DO BRASIL LTDA;1,68E+13;CAMPINAS;SP;23/07/2026;28/07/2026;24/07/2026;Entregue No Prazo;;Entrega realizada;Entrega Finalizada;28;7;23;7;MVT;5008;Adesão do Maranhão à Independência do Brasil;Estadual;MA
MOBIS BRASIL FABRICACAO DE AUTO PECAS LT;RODOVIARIO;1547006;23/07/2026;1;353681;23/07/2026;H - CAMINHO AUTOMOVEIS LTDA;2,53E+13;LIMEIRA;SP;23/07/2026;28/07/2026;24/07/2026;Entregue No Prazo;;Entrega realizada;Entrega Finalizada;28;7;23;7;MVT;26092;Adesão do Maranhão à Independência do Brasil;Estadual;MA
MOBIS BRASIL FABRICACAO DE AUTO PECAS LT;RODOVIARIO;1547007;23/07/2026;3;353681;23/07/2026;H - CAMINHO AUTOMOVEIS LTDA;2,53E+13;LIMEIRA;SP;23/07/2026;28/07/2026;24/07/2026;Entregue No Prazo;;Entrega realizada;Entrega Finalizada;28;7;23;7;MVT;26092;Adesão do Maranhão à Independência do Brasil;Estadual;MA
MOBIS BRASIL FABRICACAO DE AUTO PECAS LT;RODOVIARIO;1546993;23/07/2026;8;353686;23/07/2026;NEW VEICULOS E PECAS LTDA;1,59E+13;FRANCA;SP;23/07/2026;29/07/2026;24/07/2026;Entregue No Prazo;;Entrega realizada;Entrega Finalizada;29;7;23;7;MVT;26014;;;
MOBIS BRASIL FABRICACAO DE AUTO PECAS LT;RODOVIARIO;1546994;23/07/2026;1;353683;23/07/2026;H R B COMERCIO DE VEICULOS LTDA;1,82E+13;SAO JOSE DO RIO PRETO;SP;23/07/2026;29/07/2026;24/07/2026;Entregue No Prazo;;Entrega realizada;Entrega Finalizada;29;7;23;7;MVT;26050;;;
MOBIS BRASIL FABRICACAO DE AUTO PECAS LT;RODOVIARIO;1546995;23/07/2026;8;353683;23/07/2026;H R B COMERCIO DE VEICULOS LTDA;1,82E+13;SAO JOSE DO RIO PRETO;SP;23/07/2026;29/07/2026;24/07/2026;Entregue No Prazo;;Entrega realizada;Entrega Finalizada;29;7;23;7;MVT;26050;;;
MOBIS BRASIL FABRICACAO DE AUTO PECAS LT;RODOVIARIO;1546990;23/07/2026;2;353848;24/07/2026;BILLY DISTRIBUIDORA DE VEICULOS LTDA;1,34E+13;SAO CAETANO DO SUL;SP;24/07/2026;28/07/2026;24/07/2026;Entregue No Prazo;;Entrega realizada;Entrega Finalizada;28;7;24;7;BV LOG;26003;Adesão do Maranhão à Independência do Brasil;Estadual;MA
MOBIS BRASIL FABRICACAO DE AUTO PECAS LT;RODOVIARIO;1546991;23/07/2026;47;353848;24/07/2026;BILLY DISTRIBUIDORA DE VEICULOS LTDA;1,34E+13;SAO CAETANO DO SUL;SP;24/07/2026;28/07/2026;24/07/2026;Entregue No Prazo;;Entrega realizada;Entrega Finalizada;28;7;24;7;BV LOG;26003;Adesão do Maranhão à Independência do Brasil;Estadual;MA
MOBIS BRASIL FABRICACAO DE AUTO PECAS LT;RODOVIARIO;1546996;23/07/2026;14;353849;24/07/2026;CHS MOTORS VEICULOS PECAS(VL. GUILHERME);1,69E+13;SAO PAULO;SP;24/07/2026;28/07/2026;24/07/2026;Entregue No Prazo;;Entrega realizada;Entrega Finalizada;28;7;24;7;BV LOG;26052;Adesão do Maranhão à Independência do Brasil;Estadual;MA
MOBIS BRASIL FABRICACAO DE AUTO PECAS LT;RODOVIARIO;1547003;23/07/2026;24;353850;24/07/2026;GRANDAY AUTOMOTORES LTDA (CHAC. CALIFOR);1,57E+13;SAO PAULO;SP;24/07/2026;28/07/2026;24/07/2026;Entregue No Prazo;;Entrega realizada;Entrega Finalizada;28;7;24;7;BV LOG;26090;Adesão do Maranhão à Independência do Brasil;Estadual;MA
MOBIS BRASIL FABRICACAO DE AUTO PECAS LT;RODOVIARIO;1546988;23/07/2026;70;354074;24/07/2026;NEW VEICULOS E PECAS LTDA;1,59E+13;RIBEIRAO PRETO;SP;24/07/2026;29/07/2026;24/07/2026;Entregue No Prazo;;Entrega realizada;Entrega Finalizada;29;7;24;7;BV LOG;26014;;;
MOBIS BRASIL FABRICACAO DE AUTO PECAS LT;RODOVIARIO;1547597;24/07/2026;8;353855;24/07/2026;ANDRETA II DISTRIBUIDORA DE VEIC. LTDA;9,10E+12;CAMPINAS;SP;24/07/2026;29/07/2026;24/07/2026;Entregue No Prazo;;Entrega realizada;Entrega Finalizada;29;7;24;7;BV LOG;26011;;;
MOBIS BRASIL FABRICACAO DE AUTO PECAS LT;RODOVIARIO;1547598;24/07/2026;66;353856;24/07/2026;MOTONET COMERCIO DE VEICULOS LTDA;9,28E+12;SOROCABA;SP;24/07/2026;29/07/2026;24/07/2026;Entregue No Prazo;;Entrega realizada;Entrega Finalizada;29;7;24;7;BV LOG;26113;;;
MOBIS BRASIL FABRICACAO DE AUTO PECAS LT;RODOVIARIO;1543112;16/07/2026;1;352597;16/07/2026;JPN COMERCIO DE AUTOMOVEIS LTDA;2,61E+13;GARANHUNS;PE;16/07/2026;03/08/2026;25/07/2026;Entregue No Prazo;;Entrega realizada;Entrega Finalizada;3;8;16;7;TERMACO;16009;;;
MOBIS BRASIL FABRICACAO DE AUTO PECAS LT;RODOVIARIO;1546985;23/07/2026;1;353679;23/07/2026;DHC COMERCIO DE VEICULOS E PECAS LTDA;9,52E+12;BAURU;SP;23/07/2026;28/07/2026;26/07/2026;Entregue No Prazo;;Entrega realizada;Entrega Finalizada;28;7;23;7;MVT;26010;Adesão do Maranhão à Independência do Brasil;Estadual;MA
MOBIS BRASIL FABRICACAO DE AUTO PECAS LT;RODOVIARIO;1539373;09/07/2026;1;351626;09/07/2026;PATEO COMERCIO DE VEICULOS S A;7,78E+12;RECIFE;PE;09/07/2026;24/07/2026;27/07/2026;Entregue Fora do Prazo;;Entrega realizada;Entrega Finalizada;24;7;9;7;TERMACO;16004;;;
MOBIS BRASIL FABRICACAO DE AUTO PECAS LT;RODOVIARIO;1540077;10/07/2026;4;351738;10/07/2026;PATEO COMERCIO DE VEICULOS S A;7,78E+12;RECIFE;PE;10/07/2026;27/07/2026;27/07/2026;Entregue No Prazo;;Entrega realizada;Entrega Finalizada;27;7;10;7;TERMACO;16004;;;
MOBIS BRASIL FABRICACAO DE AUTO PECAS LT;RODOVIARIO;1540078;10/07/2026;3;351738;10/07/2026;PATEO COMERCIO DE VEICULOS S A;7,78E+12;RECIFE;PE;10/07/2026;27/07/2026;27/07/2026;Entregue No Prazo;;Entrega realizada;Entrega Finalizada;27;7;10;7;TERMACO;16004;;;
MOBIS BRASIL FABRICACAO DE AUTO PECAS LT;RODOVIARIO;1540848;13/07/2026;16;351818;13/07/2026;PRIVILLEGE DISTRIBUIDORA DE VEICULOS LTD;1,72E+13;PALMAS;TO;13/07/2026;22/07/2026;27/07/2026;Entregue Fora do Prazo;;Entrega realizada;Entrega Finalizada;22;7;13;7;RIO VERMELHO;27003;;;
MOBIS BRASIL FABRICACAO DE AUTO PECAS LT;RODOVIARIO;1540805;13/07/2026;56;351868;13/07/2026;PATEO COMERCIO DE VEICULOS S A;7,78E+12;RECIFE;PE;13/07/2026;28/07/2026;27/07/2026;Entregue No Prazo;;Entrega realizada;Entrega Finalizada;28;7;13;7;TERMACO;16004;Adesão do Maranhão à Independência do Brasil;Estadual;MA
MOBIS BRASIL FABRICACAO DE AUTO PECAS LT;RODOVIARIO;1540820;13/07/2026;6;351871;13/07/2026;SAINT LAND COMERCIO DE VEICULOS LTDA;1,04E+13;NATAL;RN;13/07/2026;28/07/2026;27/07/2026;Entregue No Prazo;;Entrega realizada;Entrega Finalizada;28;7;13;7;TERMACO;6010;Adesão do Maranhão à Independência do Brasil;Estadual;MA
MOBIS BRASIL FABRICACAO DE AUTO PECAS LT;RODOVIARIO;1541583;14/07/2026;4;352035;14/07/2026;PRIVILLEGE DISTRIBUIDORA DE VEICULOS LTD;1,72E+13;PALMAS;TO;14/07/2026;23/07/2026;27/07/2026;Entregue Fora do Prazo;;Entrega realizada;Entrega Finalizada;23;7;14;7;RIO VERMELHO;27003;;;
MOBIS BRASIL FABRICACAO DE AUTO PECAS LT;RODOVIARIO;1541508;14/07/2026;3;352111;14/07/2026;PATEO COMERCIO DE VEICULOS S A;7,78E+12;RECIFE;PE;14/07/2026;29/07/2026;27/07/2026;Entregue No Prazo;;Entrega realizada;Entrega Finalizada;29;7;14;7;TERMACO;16004;;;
MOBIS BRASIL FABRICACAO DE AUTO PECAS LT;RODOVIARIO;1541509;14/07/2026;3;352111;14/07/2026;PATEO COMERCIO DE VEICULOS S A;7,78E+12;RECIFE;PE;14/07/2026;29/07/2026;27/07/2026;Entregue No Prazo;;Entrega realizada;Entrega Finalizada;29;7;14;7;TERMACO;16004;;;
MOBIS BRASIL FABRICACAO DE AUTO PECAS LT;RODOVIARIO;1542430;15/07/2026;4;352513;15/07/2026;PRIVILLEGE DISTRIBUIDORA DE VEICULOS LTD;1,72E+13;PALMAS;TO;15/07/2026;24/07/2026;27/07/2026;Entregue Fora do Prazo;;Entrega realizada;Entrega Finalizada;24;7;15;7;RIO VERMELHO;27003;;;
MOBIS BRASIL FABRICACAO DE AUTO PECAS LT;RODOVIARIO;1542431;15/07/2026;2;352513;15/07/2026;PRIVILLEGE DISTRIBUIDORA DE VEICULOS LTD;1,72E+13;PALMAS;TO;15/07/2026;24/07/2026;27/07/2026;Entregue Fora do Prazo;;Entrega realizada;Entrega Finalizada;24;7;15;7;RIO VERMELHO;27003;;;
MOBIS BRASIL FABRICACAO DE AUTO PECAS LT;RODOVIARIO;1542394;15/07/2026;3;352480;15/07/2026;SAINT LAND COMERCIO DE VEICULOS LTDA;1,04E+13;ARACAJU;SE;15/07/2026;28/07/2026;27/07/2026;Entregue No Prazo;;Entrega realizada;Entrega Finalizada;28;7;15;7;TERMACO;6010;Adesão do Maranhão à Independência do Brasil;Estadual;MA
MOBIS BRASIL FABRICACAO DE AUTO PECAS LT;RODOVIARIO;1542356;15/07/2026;2;352468;15/07/2026;JPN PATOS COMERCIO DE VEICULOS LTDA;4,20E+13;PATOS;PB;15/07/2026;31/07/2026;27/07/2026;Entregue No Prazo;;Entrega realizada;Entrega Finalizada;31;7;15;7;TERMACO;15004;;;
MOBIS BRASIL FABRICACAO DE AUTO PECAS LT;RODOVIARIO;1543149;16/07/2026;2;352614;16/07/2026;SAINT LAND COMERCIO DE VEICULOS LTDA;1,04E+13;ARACAJU;SE;16/07/2026;29/07/2026;27/07/2026;Entregue No Prazo;;Entrega realizada;Entrega Finalizada;29;7;16;7;TERMACO;6010;;;
MOBIS BRASIL FABRICACAO DE AUTO PECAS LT;RODOVIARIO;1543082;16/07/2026;5;352587;16/07/2026;AIKON VEICULOS LTDA;1,17E+13;VITORIA DA CONQUISTA;BA;16/07/2026;31/07/2026;27/07/2026;Entregue No Prazo;;Entrega realizada;Entrega Finalizada;31;7;16;7;TERMACO;5002;;;
MOBIS BRASIL FABRICACAO DE AUTO PECAS LT;RODOVIARIO;1543111;16/07/2026;1;352607;16/07/2026;PATEO COMERCIO DE VEICULOS S A;7,78E+12;RECIFE;PE;16/07/2026;31/07/2026;27/07/2026;Entregue No Prazo;;Entrega realizada;Entrega Finalizada;31;7;16;7;TERMACO;16004;;;
MOBIS BRASIL FABRICACAO DE AUTO PECAS LT;RODOVIARIO;1543109;16/07/2026;1;352599;16/07/2026;JPN PATOS COMERCIO DE VEICULOS LTDA;4,20E+13;PATOS;PB;16/07/2026;03/08/2026;27/07/2026;Entregue No Prazo;;Entrega realizada;Entrega Finalizada;3;8;16;7;TERMACO;15004;;;
MOBIS BRASIL FABRICACAO DE AUTO PECAS LT;RODOVIARIO;1543928;17/07/2026;2;352754;17/07/2026;CHINHAN AUTOMOVEIS LTDA;2,41E+13;CONCORDIA;SC;17/07/2026;27/07/2026;27/07/2026;Entregue No Prazo;;Entrega realizada;Entrega Finalizada;27;7;17;7;TRANSTRY;23019;;;
MOBIS BRASIL FABRICACAO DE AUTO PECAS LT;RODOVIARIO;1543920;17/07/2026;3;352757;17/07/2026;GALA COMERCIO DE VEICULOS LTDA;1,77E+13;BAGE;RS;17/07/2026;28/07/2026;27/07/2026;Entregue No Prazo;;Entrega realizada;Entrega Finalizada;28;7;17;7;TRANSTRY;23009;Adesão do Maranhão à Independência do Brasil;Estadual;MA
MOBIS BRASIL FABRICACAO DE AUTO PECAS LT;RODOVIARIO;1543857;17/07/2026;3;352777;17/07/2026;CYCOSA AUTOMOVEIS LTDA;4,76E+12;MACEIO;AL;17/07/2026;31/07/2026;27/07/2026;Entregue No Prazo;;Entrega realizada;Entrega Finalizada;31;7;17;7;TERMACO;2001;;;
MOBIS BRASIL FABRICACAO DE AUTO PECAS LT;RODOVIARIO;1543860;17/07/2026;6;352768;17/07/2026;AIKON VEICULOS LTDA;1,17E+13;VITORIA DA CONQUISTA;BA;17/07/2026;03/08/2026;27/07/2026;Entregue No Prazo;;Entrega realizada;Entrega Finalizada;3;8;17;7;TERMACO;5002;;;
MOBIS BRASIL FABRICACAO DE AUTO PECAS LT;RODOVIARIO;1544713;20/07/2026;2;353101;20/07/2026;CHINHAN AUTOMOVEIS LTDA;2,41E+13;CONCORDIA;SC;20/07/2026;28/07/2026;27/07/2026;Entregue No Prazo;;Entrega realizada;Entrega Finalizada;28;7;20;7;TRANSTRY;23019;Adesão do Maranhão à Independência do Brasil;Estadual;MA
MOBIS BRASIL FABRICACAO DE AUTO PECAS LT;RODOVIARIO;1544663;20/07/2026;6;353065;20/07/2026;AIKON VEICULOS LTDA;1,17E+13;VITORIA DA CONQUISTA;BA;20/07/2026;04/08/2026;27/07/2026;Entregue No Prazo;;Entrega realizada;Entrega Finalizada;4;8;20;7;TERMACO;5002;;;
MOBIS BRASIL FABRICACAO DE AUTO PECAS LT;RODOVIARIO;1544667;20/07/2026;1;353075;20/07/2026;MASTER COMERCIAL DE VEICULOS LTDA;2,85E+13;JACOBINA;BA;20/07/2026;04/08/2026;27/07/2026;Entregue No Prazo;;Entrega realizada;Entrega Finalizada;4;8;20;7;TERMACO;5013;;;
MOBIS BRASIL FABRICACAO DE AUTO PECAS LT;RODOVIARIO;1545476;21/07/2026;3;353278;21/07/2026;URCA MOTORS VEICULOS LTDA;8,77E+12;PATOS DE MINAS;MG;21/07/2026;27/07/2026;27/07/2026;Entregue No Prazo;;Entrega realizada;Entrega Finalizada;27;7;21;7;CAMILO;9014;;;
MOBIS BRASIL FABRICACAO DE AUTO PECAS LT;RODOVIARIO;1545509;21/07/2026;1;353240;21/07/2026;HOUSE PARTS-COM. DE PCS. E VEICULOS LTDA;1,15E+13;PORTO ALEGRE;RS;21/07/2026;27/07/2026;27/07/2026;Entregue No Prazo;;Entrega realizada;Entrega Finalizada;27;7;21;7;TRANSTRY;23004;;;
MOBIS BRASIL FABRICACAO DE AUTO PECAS LT;RODOVIARIO;1545510;21/07/2026;12;353240;21/07/2026;HOUSE PARTS-COM. DE PCS. E VEICULOS LTDA;1,15E+13;PORTO ALEGRE;RS;21/07/2026;27/07/2026;27/07/2026;Entregue No Prazo;;Entrega realizada;Entrega Finalizada;27;7;21;7;TRANSTRY;23004;;;
MOBIS BRASIL FABRICACAO DE AUTO PECAS LT;RODOVIARIO;1545541;21/07/2026;1;353222;21/07/2026;H - CAMINHO AUTOMOVEIS LTDA;2,53E+13;PIRACICABA;SP;21/07/2026;27/07/2026;27/07/2026;Entregue No Prazo;;Entrega realizada;Entrega Finalizada;27;7;21;7;MVT;26092;;;
MOBIS BRASIL FABRICACAO DE AUTO PECAS LT;RODOVIARIO;1545462;21/07/2026;15;353280;21/07/2026;VIA BRASIL AUTOMOVEIS LTDA.;4,72E+12;SERRA;ES;21/07/2026;28/07/2026;27/07/2026;Entregue No Prazo;;Entrega realizada;Entrega Finalizada;28;7;21;7;CAMILO;8001;Adesão do Maranhão à Independência do Brasil;Estadual;MA
MOBIS BRASIL FABRICACAO DE AUTO PECAS LT;RODOVIARIO;1545463;21/07/2026;8;353274;21/07/2026;TAI MOTORS VEICULOS S/A;9,27E+12;VITORIA;ES;21/07/2026;28/07/2026;27/07/2026;Entregue No Prazo;;Entrega realizada;Entrega Finalizada;28;7;21;7;CAMILO;8002;Adesão do Maranhão à Independência do Brasil;Estadual;MA
MOBIS BRASIL FABRICACAO DE AUTO PECAS LT;RODOVIARIO;1545472;21/07/2026;5;353283;21/07/2026;VITAL COMERCIO DE VEICULOS LTDA;1,05E+13;IPATINGA;MG;21/07/2026;28/07/2026;27/07/2026;Entregue No Prazo;;Entrega realizada;Entrega Finalizada;28;7;21;7;CAMILO;11016;Adesão do Maranhão à Independência do Brasil;Estadual;MA
MOBIS BRASIL FABRICACAO DE AUTO PECAS LT;RODOVIARIO;1545475;21/07/2026;2;353255;21/07/2026;GNC GRANDE COREIA MINAS GERAIS COMERCIO;4,27E+13;MONTES CLAROS;MG;21/07/2026;28/07/2026;27/07/2026;Entregue No Prazo;;Entrega realizada;Entrega Finalizada;28;7;21;7;CAMILO;11035;Adesão do Maranhão à Independência do Brasil;Estadual;MA
MOBIS BRASIL FABRICACAO DE AUTO PECAS LT;RODOVIARIO;1545492;21/07/2026;2;353243;21/07/2026;ZENDAI VEICULOS LTDA;1,97E+13;TOLEDO;PR;21/07/2026;28/07/2026;27/07/2026;Entregue No Prazo;;Entrega realizada;Entrega Finalizada;28;7;21;7;TRANSTRY;18016;Adesão do Maranhão à Independência do Brasil;Estadual;MA
MOBIS BRASIL FABRICACAO DE AUTO PECAS LT;RODOVIARIO;1545493;21/07/2026;3;353243;21/07/2026;ZENDAI VEICULOS LTDA;1,97E+13;TOLEDO;PR;21/07/2026;28/07/2026;27/07/2026;Entregue No Prazo;;Entrega realizada;Entrega Finalizada;28;7;21;7;TRANSTRY;18016;Adesão do Maranhão à Independência do Brasil;Estadual;MA
MOBIS BRASIL FABRICACAO DE AUTO PECAS LT;RODOVIARIO;1545459;21/07/2026;5;353210;21/07/2026;SMAFF IMPORT VEICULOS LTDA;8,18E+12;BRASILIA;DF;21/07/2026;29/07/2026;27/07/2026;Entregue No Prazo;;Entrega realizada;Entrega Finalizada;29;7;21;7;RIO VERMELHO;7002;;;
MOBIS BRASIL FABRICACAO DE AUTO PECAS LT;RODOVIARIO;1545460;21/07/2026;1;353209;21/07/2026;SMAFF IMPORT VEICULOS LTDA;8,18E+12;BRASILIA;DF;21/07/2026;29/07/2026;27/07/2026;Entregue No Prazo;;Entrega realizada;Entrega Finalizada;29;7;21;7;RIO VERMELHO;7002;;;
MOBIS BRASIL FABRICACAO DE AUTO PECAS LT;RODOVIARIO;1545461;21/07/2026;64;353209;21/07/2026;SMAFF IMPORT VEICULOS LTDA;8,18E+12;BRASILIA;DF;21/07/2026;29/07/2026;27/07/2026;Entregue No Prazo;;Entrega realizada;Entrega Finalizada;29;7;21;7;RIO VERMELHO;7002;;;
MOBIS BRASIL FABRICACAO DE AUTO PECAS LT;RODOVIARIO;1545511;21/07/2026;6;353237;21/07/2026;HOUSE PARTS - COM. DE PECAS E VEIC. LTDA;1,15E+13;SANTA MARIA;RS;21/07/2026;29/07/2026;27/07/2026;Entregue No Prazo;;Entrega realizada;Entrega Finalizada;29;7;21;7;TRANSTRY;23008;;;
MOBIS BRASIL FABRICACAO DE AUTO PECAS LT;RODOVIARIO;1545482;21/07/2026;24;353269;21/07/2026;SAGA ASIA COM. DE VEIC.PC.E SERV. LTDA;2,23E+13;VARZEA GRANDE;MT;21/07/2026;30/07/2026;27/07/2026;Entregue No Prazo;;Entrega realizada;Entrega Finalizada;30;7;21;7;CARVALIMA;13004;;;
MOBIS BRASIL FABRICACAO DE AUTO PECAS LT;RODOVIARIO;1545483;21/07/2026;2;353250;21/07/2026;COMETA MATO GROSSO COM. DE VEICULOS LTDA;1,54E+13;RONDONOPOLIS;MT;21/07/2026;31/07/2026;27/07/2026;Entregue No Prazo;;Entrega realizada;Entrega Finalizada;31;7;21;7;CARVALIMA;13006;;;
MOBIS BRASIL FABRICACAO DE AUTO PECAS LT;RODOVIARIO;1546267;22/07/2026;1;353399;22/07/2026;CAOA MOTOR DO BRASIL LTDA;1,68E+13;BELO HORIZONTE;MG;22/07/2026;27/07/2026;27/07/2026;Entregue No Prazo;;Entrega realizada;Entrega Finalizada;27;7;22;7;XD BETIM;5008;;;
MOBIS BRASIL FABRICACAO DE AUTO PECAS LT;RODOVIARIO;1546270;22/07/2026;3;353397;22/07/2026;BDG AUTOVILLE VEICULOS LTDA;4,77E+13;CONTAGEM;MG;22/07/2026;27/07/2026;27/07/2026;Entregue No Prazo;;Entrega realizada;Entrega Finalizada;27;7;22;7;XD BETIM;11037;;;
MOBIS BRASIL FABRICACAO DE AUTO PECAS LT;RODOVIARIO;1546284;22/07/2026;1;353422;22/07/2026;BARI VEICULOS LTDA;7,46E+12;GUARAPUAVA;PR;22/07/2026;28/07/2026;27/07/2026;Entregue No Prazo;;Entrega realizada;Entrega Finalizada;28;7;22;7;TRANSTRY;18024;Adesão do Maranhão à Independência do Brasil;Estadual;MA
MOBIS BRASIL FABRICACAO DE AUTO PECAS LT;RODOVIARIO;1546293;22/07/2026;4;353428;22/07/2026;HOUSE PARTS-COM. DE PCS. E VEICULOS LTDA;1,15E+13;PORTO ALEGRE;RS;22/07/2026;28/07/2026;27/07/2026;Entregue No Prazo;;Entrega realizada;Entrega Finalizada;28;7;22;7;TRANSTRY;23004;Adesão do Maranhão à Independência do Brasil;Estadual;MA
MOBIS BRASIL FABRICACAO DE AUTO PECAS LT;RODOVIARIO;1546325;22/07/2026;1;353435;22/07/2026;DESTAQUE SEUL DISTR DE VEIC PEC LTDA;2,12E+13;CARAGUATATUBA;SP;22/07/2026;28/07/2026;27/07/2026;Entregue No Prazo;;Entrega realizada;Entrega Finalizada;28;7;22;7;MVT;26082;Adesão do Maranhão à Independência do Brasil;Estadual;MA
MOBIS BRASIL FABRICACAO DE AUTO PECAS LT;RODOVIARIO;1546266;22/07/2026;1;353476;22/07/2026;VITAL COMERCIO DE VEICULOS LTDA;1,05E+13;IPATINGA;MG;22/07/2026;29/07/2026;27/07/2026;Entregue No Prazo;;Entrega realizada;Entrega Finalizada;29;7;22;7;CAMILO;11016;;;
MOBIS BRASIL FABRICACAO DE AUTO PECAS LT;RODOVIARIO;1546295;22/07/2026;3;353426;22/07/2026;GALA COMERCIO DE VEICULOS LTDA.;1,77E+13;PELOTAS;RS;22/07/2026;29/07/2026;27/07/2026;Entregue No Prazo;;Entrega realizada;Entrega Finalizada;29;7;22;7;TRANSTRY;23009;;;
MOBIS BRASIL FABRICACAO DE AUTO PECAS LT;RODOVIARIO;1546299;22/07/2026;1;353431;22/07/2026;LS COMERCIO DE AUTOMOVEIS LTDA.;1,03E+13;BRUSQUE;SC;22/07/2026;29/07/2026;27/07/2026;Entregue No Prazo;;Entrega realizada;Entrega Finalizada;29;7;22;7;TRANSTRY;24006;;;
MOBIS BRASIL FABRICACAO DE AUTO PECAS LT;RODOVIARIO;1546250;22/07/2026;24;353414;22/07/2026;SMAFF IMPORT VEICULOS LTDA;8,18E+12;BRASILIA;DF;22/07/2026;30/07/2026;27/07/2026;Entregue No Prazo;;Entrega realizada;Entrega Finalizada;30;7;22;7;RIO VERMELHO;7002;;;
MOBIS BRASIL FABRICACAO DE AUTO PECAS LT;RODOVIARIO;1546251;22/07/2026;2;353413;22/07/2026;SMAFF IMPORT VEICULOS LTDA;8,18E+12;BRASILIA;DF;22/07/2026;30/07/2026;27/07/2026;Entregue No Prazo;;Entrega realizada;Entrega Finalizada;30;7;22;7;RIO VERMELHO;7002;;;
MOBIS BRASIL FABRICACAO DE AUTO PECAS LT;RODOVIARIO;1546252;22/07/2026;26;353410;22/07/2026;SAGA KOREA COM. DE VEIC. E PC. LTDA;1,27E+13;BRASILIA;DF;22/07/2026;30/07/2026;27/07/2026;Entregue No Prazo;;Entrega realizada;Entrega Finalizada;30;7;22;7;RIO VERMELHO;7005;;;
MOBIS BRASIL FABRICACAO DE AUTO PECAS LT;RODOVIARIO;1546257;22/07/2026;1;353465;22/07/2026;TAI MOTORS VEICULOS S/A;9,27E+12;COLATINA;ES;22/07/2026;30/07/2026;27/07/2026;Entregue No Prazo;;Entrega realizada;Entrega Finalizada;30;7;22;7;CAMILO;8002;;;
MOBIS BRASIL FABRICACAO DE AUTO PECAS LT;RODOVIARIO;1546294;22/07/2026;2;353427;22/07/2026;HOUSE PARTS - COM. DE PECAS E VEIC. LTDA;1,15E+13;SANTA MARIA;RS;22/07/2026;30/07/2026;27/07/2026;Entregue No Prazo;;Entrega realizada;Entrega Finalizada;30;7;22;7;TRANSTRY;23008;;;
MOBIS BRASIL FABRICACAO DE AUTO PECAS LT;RODOVIARIO;1547009;23/07/2026;3;353631;23/07/2026;CAOA MOTOR DO BRASIL LTDA(RAP. TAVARES);1,68E+13;SAO PAULO;SP;23/07/2026;27/07/2026;27/07/2026;Entregue No Prazo;;Entrega realizada;Entrega Finalizada;27;7;23;7;XD DIADEMA;26109;;;
MOBIS BRASIL FABRICACAO DE AUTO PECAS LT;RODOVIARIO;1547356;23/07/2026;2;353634;23/07/2026;CHS MOTORS VEICULOS PECAS E SERV. LTDA;1,69E+13;OSASCO;SP;23/07/2026;27/07/2026;27/07/2026;Entregue No Prazo;;Entrega realizada;Entrega Finalizada;27;7;23;7;XD DIADEMA;26106;;;
MOBIS BRASIL FABRICACAO DE AUTO PECAS LT;RODOVIARIO;1546987;23/07/2026;8;353685;23/07/2026;MOTONET COMERCIO DE VEICULOS LTDA;9,28E+12;SOROCABA;SP;23/07/2026;28/07/2026;27/07/2026;Entregue No Prazo;;Entrega realizada;Entrega Finalizada;28;7;23;7;MVT;26113;Adesão do Maranhão à Independência do Brasil;Estadual;MA
MOBIS BRASIL FABRICACAO DE AUTO PECAS LT;RODOVIARIO;1546992;23/07/2026;3;353675;23/07/2026;ANDRETA II DISTRIBUIDORA DE VEIC. LTDA;9,10E+12;INDAIATUBA;SP;23/07/2026;28/07/2026;27/07/2026;Entregue No Prazo;;Entrega realizada;Entrega Finalizada;28;7;23;7;MVT;26011;Adesão do Maranhão à Independência do Brasil;Estadual;MA
MOBIS BRASIL FABRICACAO DE AUTO PECAS LT;RODOVIARIO;1547353;23/07/2026;3;353674;23/07/2026;ANDRETA II DISTRIBUIDORA DE VEIC. LTDA;9,10E+12;JUNDIAI;SP;23/07/2026;28/07/2026;27/07/2026;Entregue No Prazo;;Entrega realizada;Entrega Finalizada;28;7;23;7;MVT;26011;Adesão do Maranhão à Independência do Brasil;Estadual;MA
MOBIS BRASIL FABRICACAO DE AUTO PECAS LT;RODOVIARIO;1546915;23/07/2026;1;353722;23/07/2026;URCA MOTORS VEICULOS LTDA;8,77E+12;UBERLANDIA;MG;23/07/2026;29/07/2026;27/07/2026;Entregue No Prazo;;Entrega realizada;Entrega Finalizada;29;7;23;7;CAMILO;9014;;;
MOBIS BRASIL FABRICACAO DE AUTO PECAS LT;RODOVIARIO;1546936;23/07/2026;19;353666;23/07/2026;LOVAT VEICULOS S/A;8,57E+12;LONDRINA;PR;23/07/2026;29/07/2026;27/07/2026;Entregue No Prazo;;Entrega realizada;Entrega Finalizada;29;7;23;7;TRANSTRY;18008;;;
MOBIS BRASIL FABRICACAO DE AUTO PECAS LT;RODOVIARIO;1546941;23/07/2026;1;353671;23/07/2026;VETOR AUTOMOVEIS LTDA;2,12E+13;CASCAVEL;PR;23/07/2026;29/07/2026;27/07/2026;Entregue No Prazo;;Entrega realizada;Entrega Finalizada;29;7;23;7;TRANSTRY;18019;;;
MOBIS BRASIL FABRICACAO DE AUTO PECAS LT;RODOVIARIO;1546942;23/07/2026;7;353654;23/07/2026;BARI VEICULOS LTDA;7,46E+12;PONTA GROSSA;PR;23/07/2026;29/07/2026;27/07/2026;Entregue No Prazo;;Entrega realizada;Entrega Finalizada;29;7;23;7;TRANSTRY;18024;;;
MOBIS BRASIL FABRICACAO DE AUTO PECAS LT;RODOVIARIO;1546943;23/07/2026;11;353654;23/07/2026;BARI VEICULOS LTDA;7,46E+12;PONTA GROSSA;PR;23/07/2026;29/07/2026;27/07/2026;Entregue No Prazo;;Entrega realizada;Entrega Finalizada;29;7;23;7;TRANSTRY;18024;;;
MOBIS BRASIL FABRICACAO DE AUTO PECAS LT;RODOVIARIO;1546948;23/07/2026;6;353688;23/07/2026;AMX COM. E SERVICOS DE AUTOMOTORES LTDA;1,20E+13;RIO DE JANEIRO;RJ;23/07/2026;29/07/2026;27/07/2026;Entregue No Prazo;;Entrega realizada;Entrega Finalizada;29;7;23;7;CAMILO;19009;;;
MOBIS BRASIL FABRICACAO DE AUTO PECAS LT;RODOVIARIO;1546951;23/07/2026;1;353704;23/07/2026;ITAVEMA MOTORS VEICULOS LTDA;7,73E+12;RIO DE JANEIRO;RJ;23/07/2026;29/07/2026;27/07/2026;Entregue No Prazo;;Entrega realizada;Entrega Finalizada;29;7;23;7;CAMILO;19001;;;
MOBIS BRASIL FABRICACAO DE AUTO PECAS LT;RODOVIARIO;1546952;23/07/2026;23;353704;23/07/2026;ITAVEMA MOTORS VEICULOS LTDA;7,73E+12;RIO DE JANEIRO;RJ;23/07/2026;29/07/2026;27/07/2026;Entregue No Prazo;;Entrega realizada;Entrega Finalizada;29;7;23;7;CAMILO;19001;;;
MOBIS BRASIL FABRICACAO DE AUTO PECAS LT;RODOVIARIO;1546953;23/07/2026;2;353692;23/07/2026;CAOA MOTOR DO BRASIL LTDA;1,68E+13;NITEROI;RJ;23/07/2026;29/07/2026;27/07/2026;Entregue No Prazo;;Entrega realizada;Entrega Finalizada;29;7;23;7;CAMILO;5008;;;
MOBIS BRASIL FABRICACAO DE AUTO PECAS LT;RODOVIARIO;1546954;23/07/2026;1;353691;23/07/2026;CAOA MOTOR DO BRASIL LTDA;1,68E+13;RIO DE JANEIRO;RJ;23/07/2026;29/07/2026;27/07/2026;Entregue No Prazo;;Entrega realizada;Entrega Finalizada;29;7;23;7;CAMILO;5008;;;
MOBIS BRASIL FABRICACAO DE AUTO PECAS LT;RODOVIARIO;1546977;23/07/2026;2;353656;23/07/2026;BARI VEICULOS LTDA.;7,46E+12;JOINVILLE;SC;23/07/2026;29/07/2026;27/07/2026;Entregue No Prazo;;Entrega realizada;Entrega Finalizada;29;7;23;7;TRANSTRY;24013;;;
MOBIS BRASIL FABRICACAO DE AUTO PECAS LT;RODOVIARIO;1546980;23/07/2026;5;353684;23/07/2026;HYMAX DISTRIBUIDORA DE VEICULOS LTDA;1,73E+13;MOGI GUACU;SP;23/07/2026;29/07/2026;27/07/2026;Entregue No Prazo;;Entrega realizada;Entrega Finalizada;29;7;23;7;MVT;26002;;;
MOBIS BRASIL FABRICACAO DE AUTO PECAS LT;RODOVIARIO;1546981;23/07/2026;1;353684;23/07/2026;HYMAX DISTRIBUIDORA DE VEICULOS LTDA;1,73E+13;MOGI GUACU;SP;23/07/2026;29/07/2026;27/07/2026;Entregue No Prazo;;Entrega realizada;Entrega Finalizada;29;7;23;7;MVT;26002;;;
MOBIS BRASIL FABRICACAO DE AUTO PECAS LT;RODOVIARIO;1547001;23/07/2026;1;353680;23/07/2026;DHC COMERCIO DE VEICULOS E PECAS LTDA;9,52E+12;BOTUCATU;SP;23/07/2026;29/07/2026;27/07/2026;Entregue No Prazo;;Entrega realizada;Entrega Finalizada;29;7;23;7;MVT;26010;;;
MOBIS BRASIL FABRICACAO DE AUTO PECAS LT;RODOVIARIO;1547002;23/07/2026;2;353677;23/07/2026;DESTAQUE SEUL DISTR DE VEIC PEC LTDA;2,12E+13;CARAGUATATUBA;SP;23/07/2026;29/07/2026;27/07/2026;Entregue No Prazo;;Entrega realizada;Entrega Finalizada;29;7;23;7;MVT;26082;;;
MOBIS BRASIL FABRICACAO DE AUTO PECAS LT;RODOVIARIO;1547004;23/07/2026;3;353682;23/07/2026;H - CAMINHO AUTOMOVEIS LTDA;2,53E+13;PIRACICABA;SP;23/07/2026;29/07/2026;27/07/2026;Entregue No Prazo;;Entrega realizada;Entrega Finalizada;29;7;23;7;MVT;26092;;;
MOBIS BRASIL FABRICACAO DE AUTO PECAS LT;RODOVIARIO;1547005;23/07/2026;4;353682;23/07/2026;H - CAMINHO AUTOMOVEIS LTDA;2,53E+13;PIRACICABA;SP;23/07/2026;29/07/2026;27/07/2026;Entregue No Prazo;;Entrega realizada;Entrega Finalizada;29;7;23;7;MVT;26092;;;
MOBIS BRASIL FABRICACAO DE AUTO PECAS LT;RODOVIARIO;1546949;23/07/2026;1;353725;23/07/2026;VIA VR VEICULOS LTDA;1,73E+13;VOLTA REDONDA;RJ;23/07/2026;30/07/2026;27/07/2026;Entregue No Prazo;;Entrega realizada;Entrega Finalizada;30;7;23;7;CAMILO;19016;;;
MOBIS BRASIL FABRICACAO DE AUTO PECAS LT;RODOVIARIO;1546950;23/07/2026;5;353725;23/07/2026;VIA VR VEICULOS LTDA;1,73E+13;VOLTA REDONDA;RJ;23/07/2026;30/07/2026;27/07/2026;Entregue No Prazo;;Entrega realizada;Entrega Finalizada;30;7;23;7;CAMILO;19016;;;
MOBIS BRASIL FABRICACAO DE AUTO PECAS LT;RODOVIARIO;1546975;23/07/2026;15;353667;23/07/2026;LR COMERCIO DE VEICULOS LTDA;1,05E+13;SAO JOSE;SC;23/07/2026;30/07/2026;27/07/2026;Entregue No Prazo;;Entrega realizada;Entrega Finalizada;30;7;23;7;TRANSTRY;24007;;;
MOBIS BRASIL FABRICACAO DE AUTO PECAS LT;RODOVIARIO;1546904;23/07/2026;5;353643;23/07/2026;SMAFF IMPORT VEICULOS LTDA;8,18E+12;BRASILIA;DF;23/07/2026;31/07/2026;27/07/2026;Entregue No Prazo;;Entrega realizada;Entrega Finalizada;31;7;23;7;RIO VERMELHO;7002;;;
MOBIS BRASIL FABRICACAO DE AUTO PECAS LT;RODOVIARIO;1546905;23/07/2026;2;353642;23/07/2026;SMAFF IMPORT VEICULOS LTDA;8,18E+12;BRASILIA;DF;23/07/2026;31/07/2026;27/07/2026;Entregue No Prazo;;Entrega realizada;Entrega Finalizada;31;7;23;7;RIO VERMELHO;7002;;;
MOBIS BRASIL FABRICACAO DE AUTO PECAS LT;RODOVIARIO;1546907;23/07/2026;1;353639;23/07/2026;SAGA KOREA COM. DE VEIC. E PC. LTDA;1,27E+13;BRASILIA;DF;23/07/2026;31/07/2026;27/07/2026;Entregue No Prazo;;Entrega realizada;Entrega Finalizada;31;7;23;7;RIO VERMELHO;7005;;;
MOBIS BRASIL FABRICACAO DE AUTO PECAS LT;RODOVIARIO;1546908;23/07/2026;7;353639;23/07/2026;SAGA KOREA COM. DE VEIC. E PC. LTDA;1,27E+13;BRASILIA;DF;23/07/2026;31/07/2026;27/07/2026;Entregue No Prazo;;Entrega realizada;Entrega Finalizada;31;7;23;7;RIO VERMELHO;7005;;;
MOBIS BRASIL FABRICACAO DE AUTO PECAS LT;RODOVIARIO;1546978;23/07/2026;3;353660;23/07/2026;CHINHAN AUTOMOVEIS LTDA;2,41E+13;CONCORDIA;SC;23/07/2026;31/07/2026;27/07/2026;Entregue No Prazo;;Entrega realizada;Entrega Finalizada;31;7;23;7;TRANSTRY;23019;;;
MOBIS BRASIL FABRICACAO DE AUTO PECAS LT;RODOVIARIO;1546925;23/07/2026;2;353695;23/07/2026;COMETA MATO GROSSO COM. DE VEICULOS LTDA;1,54E+13;RONDONOPOLIS;MT;23/07/2026;04/08/2026;27/07/2026;Entregue No Prazo;;Entrega realizada;Entrega Finalizada;4;8;23;7;CARVALIMA;13006;;;
MOBIS BRASIL FABRICACAO DE AUTO PECAS LT;RODOVIARIO;1547595;24/07/2026;2;353869;24/07/2026;NOBRE DISTRIBUIDORA DE VEICULOS E PECAS;5,76E+12;MOGI DAS CRUZES;SP;24/07/2026;28/07/2026;27/07/2026;Entregue No Prazo;;Entrega realizada;Entrega Finalizada;28;7;24;7;XD DIADEMA;26004;Adesão do Maranhão à Independência do Brasil;Estadual;MA
MOBIS BRASIL FABRICACAO DE AUTO PECAS LT;RODOVIARIO;1547607;24/07/2026;7;353861;24/07/2026;CAOA MOTOR DO BRASIL LTDA (VL PRUDENTE);1,68E+13;SAO PAULO;SP;24/07/2026;28/07/2026;27/07/2026;Entregue No Prazo;;Entrega realizada;Entrega Finalizada;28;7;24;7;XD DIADEMA;26051;Adesão do Maranhão à Independência do Brasil;Estadual;MA
MOBIS BRASIL FABRICACAO DE AUTO PECAS LT;RODOVIARIO;1547567;24/07/2026;3;353883;24/07/2026;BARI VEICULOS LTDA;7,46E+12;CURITIBA;PR;24/07/2026;29/07/2026;27/07/2026;Entregue No Prazo;;Entrega realizada;Entrega Finalizada;29;7;24;7;TRANSTRY;18024;;;
MOBIS BRASIL FABRICACAO DE AUTO PECAS LT;RODOVIARIO;1547599;24/07/2026;99;354073;24/07/2026;NEW VEICULOS E PECAS LTDA;1,59E+13;RIBEIRAO PRETO;SP;24/07/2026;29/07/2026;27/07/2026;Entregue No Prazo;;Entrega realizada;Entrega Finalizada;29;7;24;7;BV LOG;26014;;;
MOBIS BRASIL FABRICACAO DE AUTO PECAS LT;RODOVIARIO;1547602;24/07/2026;3;353897;24/07/2026;ANDRETA II DISTRIBUIDORA DE VEIC. LTDA;9,10E+12;INDAIATUBA;SP;24/07/2026;29/07/2026;27/07/2026;Entregue No Prazo;;Entrega realizada;Entrega Finalizada;29;7;24;7;MVT;26011;;;
MOBIS BRASIL FABRICACAO DE AUTO PECAS LT;RODOVIARIO;1547603;24/07/2026;1;353898;24/07/2026;ANDRETA II DISTRIBUIDORA DE VEIC. LTDA;9,10E+12;AMERICANA;SP;24/07/2026;29/07/2026;27/07/2026;Entregue No Prazo;;Entrega realizada;Entrega Finalizada;29;7;24;7;MVT;26011;;;
MOBIS BRASIL FABRICACAO DE AUTO PECAS LT;RODOVIARIO;1547610;24/07/2026;1;353859;24/07/2026;CAOA MOTOR DO BRASIL LTDA;1,68E+13;TAUBATE;SP;24/07/2026;29/07/2026;27/07/2026;Entregue No Prazo;;Entrega realizada;Entrega Finalizada;29;7;24;7;XD DIADEMA;5008;;;
MOBIS BRASIL FABRICACAO DE AUTO PECAS LT;RODOVIARIO;1547611;24/07/2026;3;353864;24/07/2026;DESTAQUE SEUL DISTR. DE VEIC. E PC. LTDA;2,12E+13;ATIBAIA;SP;24/07/2026;29/07/2026;27/07/2026;Entregue No Prazo;;Entrega realizada;Entrega Finalizada;29;7;24;7;XD DIADEMA;26075;;;
MOBIS BRASIL FABRICACAO DE AUTO PECAS LT;RODOVIARIO;1547616;24/07/2026;3;353860;24/07/2026;CAOA MOTOR DO BRASIL LTDA;1,68E+13;SANTOS;SP;24/07/2026;29/07/2026;27/07/2026;Entregue No Prazo;;Entrega realizada;Entrega Finalizada;29;7;24;7;XD DIADEMA;5008;;;
MOBIS BRASIL FABRICACAO DE AUTO PECAS LT;RODOVIARIO;1547619;24/07/2026;1;353901;24/07/2026;H - CAMINHO AUTOMOVEIS LTDA;2,53E+13;LIMEIRA;SP;24/07/2026;29/07/2026;27/07/2026;Entregue No Prazo;;Entrega realizada;Entrega Finalizada;29;7;24;7;MVT;26092;;;
MOBIS BRASIL FABRICACAO DE AUTO PECAS LT;RODOVIARIO;1547548;24/07/2026;1;353934;24/07/2026;TOKSU COMERCIO DE VEICULOS LTDA;1,12E+13;POUSO ALEGRE;MG;24/07/2026;30/07/2026;27/07/2026;Entregue No Prazo;;Entrega realizada;Entrega Finalizada;30;7;24;7;CAMILO;11008;;;
MOBIS BRASIL FABRICACAO DE AUTO PECAS LT;RODOVIARIO;1547566;24/07/2026;3;353884;24/07/2026;BARI VEICULOS LTDA;7,46E+12;SAO JOSE DOS PINHAIS;PR;24/07/2026;30/07/2026;27/07/2026;Entregue No Prazo;;Entrega realizada;Entrega Finalizada;30;7;24;7;TRANSTRY;18024;;;
MOBIS BRASIL FABRICACAO DE AUTO PECAS LT;RODOVIARIO;1547604;24/07/2026;3;353905;24/07/2026;NEW VEICULOS E PECAS LTDA;1,59E+13;FRANCA;SP;24/07/2026;30/07/2026;27/07/2026;Entregue No Prazo;;Entrega realizada;Entrega Finalizada;30;7;24;7;MVT;26014;;;
MOBIS BRASIL FABRICACAO DE AUTO PECAS LT;RODOVIARIO;1547618;24/07/2026;1;353902;24/07/2026;H - CAMINHO AUTOMOVEIS LTDA;2,53E+13;PIRACICABA;SP;24/07/2026;30/07/2026;27/07/2026;Entregue No Prazo;;Entrega realizada;Entrega Finalizada;30;7;24;7;MVT;26092;;;
MOBIS BRASIL FABRICACAO DE AUTO PECAS LT;RODOVIARIO;1547571;24/07/2026;1;353939;24/07/2026;VIA VR VEICULOS LTDA;1,73E+13;VOLTA REDONDA;RJ;24/07/2026;31/07/2026;27/07/2026;Entregue No Prazo;;Entrega realizada;Entrega Finalizada;31;7;24;7;CAMILO;19016;;;
MOBIS BRASIL FABRICACAO DE AUTO PECAS LT;RODOVIARIO;1547594;24/07/2026;32;354079;27/07/2026;BILLY DISTRIBUIDORA DE VEICULOS LTDA;1,34E+13;BARUERI;SP;27/07/2026;29/07/2026;27/07/2026;Entregue No Prazo;;Entrega realizada;Entrega Finalizada;29;7;27;7;BV LOG;26003;;;
MOBIS BRASIL FABRICACAO DE AUTO PECAS LT;RODOVIARIO;1547608;24/07/2026;10;354080;27/07/2026;CHS MOTORS VEICULOS PECAS(VL. GUILHERME);1,69E+13;SAO PAULO;SP;27/07/2026;29/07/2026;27/07/2026;Entregue No Prazo;;Entrega realizada;Entrega Finalizada;29;7;27;7;BV LOG;26052;;;
MOBIS BRASIL FABRICACAO DE AUTO PECAS LT;RODOVIARIO;1547617;24/07/2026;22;354081;27/07/2026;GRANDAY AUTOMOTORES LTDA (CHAC. CALIFOR);1,57E+13;SAO PAULO;SP;27/07/2026;29/07/2026;27/07/2026;Entregue No Prazo;;Entrega realizada;Entrega Finalizada;29;7;27;7;BV LOG;26090;;;
MOBIS BRASIL FABRICACAO DE AUTO PECAS LT;RODOVIARIO;1536279;03/07/2026;1;350609;03/07/2026;PRIVILLEGE DISTRIBUIDORA DE VEICULOS LTD;1,72E+13;PALMAS;TO;03/07/2026;14/07/2026;28/07/2026;Entregue Fora do Prazo;;Entrega realizada;Entrega Finalizada;14;7;3;7;RIO VERMELHO;27003;Aniversário do Município;Campinas;SP
MOBIS BRASIL FABRICACAO DE AUTO PECAS LT;RODOVIARIO;1539438;09/07/2026;1;351521;09/07/2026;PRIVILLEGE DISTRIBUIDORA DE VEICULOS LTD;1,72E+13;PALMAS;TO;09/07/2026;20/07/2026;28/07/2026;Entregue Fora do Prazo;;Entrega realizada;Entrega Finalizada;20;7;9;7;RIO VERMELHO;27003;;;
MOBIS BRASIL FABRICACAO DE AUTO PECAS LT;RODOVIARIO;1541506;14/07/2026;5;352112;14/07/2026;PATEO COMERCIO DE VEICULOS S A;7,78E+12;JOAO PESSOA;PB;14/07/2026;29/07/2026;28/07/2026;Entregue No Prazo;;Entrega realizada;Entrega Finalizada;29;7;14;7;TERMACO;15003;;;
MOBIS BRASIL FABRICACAO DE AUTO PECAS LT;RODOVIARIO;1542355;15/07/2026;1;352472;15/07/2026;PATEO COMERCIO DE VEICULOS S A;7,78E+12;JOAO PESSOA;PB;15/07/2026;30/07/2026;28/07/2026;Entregue No Prazo;;Entrega realizada;Entrega Finalizada;30;7;15;7;TERMACO;15003;;;
MOBIS BRASIL FABRICACAO DE AUTO PECAS LT;RODOVIARIO;1542358;15/07/2026;3;352473;15/07/2026;PATEO COMERCIO DE VEICULOS S A;7,78E+12;RECIFE;PE;15/07/2026;30/07/2026;28/07/2026;Entregue No Prazo;;Entrega realizada;Entrega Finalizada;30;7;15;7;TERMACO;16004;;;
MOBIS BRASIL FABRICACAO DE AUTO PECAS LT;RODOVIARIO;1543157;16/07/2026;1;352539;16/07/2026;GRAND SPORT COM. DE VEIC. E PECAS LTDA;8,58E+12;SAO PAULO;SP;16/07/2026;20/07/2026;28/07/2026;Entregue Fora do Prazo;;Entrega realizada;Entrega Finalizada;20;7;16;7;XD DIADEMA;26034;;;
MOBIS BRASIL FABRICACAO DE AUTO PECAS LT;RODOVIARIO;1543108;16/07/2026;3;352606;16/07/2026;PATEO COMERCIO DE VEICULOS S A;7,78E+12;JOAO PESSOA;PB;16/07/2026;31/07/2026;28/07/2026;Entregue No Prazo;;Entrega realizada;Entrega Finalizada;31;7;16;7;TERMACO;15003;;;
MOBIS BRASIL FABRICACAO DE AUTO PECAS LT;RODOVIARIO;1543952;17/07/2026;1;352732;17/07/2026;DESTAQUE SEUL DISTR. DE VEIC. E PC. LTDA;2,12E+13;BRAGANCA PAULISTA;SP;17/07/2026;22/07/2026;28/07/2026;Entregue Fora do Prazo;Avaria;Entrega realizada;Entrega Finalizada;22;7;17;7;MVT;26074;;;
MOBIS BRASIL FABRICACAO DE AUTO PECAS LT;RODOVIARIO;1543930;17/07/2026;2;352789;17/07/2026;SAINT LAND COMERCIO DE VEICULOS LTDA;1,04E+13;ARACAJU;SE;17/07/2026;30/07/2026;28/07/2026;Entregue No Prazo;;Entrega realizada;Entrega Finalizada;30;7;17;7;TERMACO;6010;;;
MOBIS BRASIL FABRICACAO DE AUTO PECAS LT;RODOVIARIO;1543863;17/07/2026;2;352772;17/07/2026;CAOA MOTOR DO BRASIL LTDA;1,68E+13;FORTALEZA;CE;17/07/2026;31/07/2026;28/07/2026;Entregue No Prazo;;Entrega realizada;Entrega Finalizada;31;7;17;7;TERMACO;5008;;;
MOBIS BRASIL FABRICACAO DE AUTO PECAS LT;RODOVIARIO;1544664;20/07/2026;4;353071;20/07/2026;FAZZA MOTORS COMERCIO DE VEICULOS LTDA;1,24E+13;SALVADOR;BA;20/07/2026;30/07/2026;28/07/2026;Entregue No Prazo;;Entrega realizada;Entrega Finalizada;30;7;20;7;TERMACO;5007;;;
MOBIS BRASIL FABRICACAO DE AUTO PECAS LT;RODOVIARIO;1544681;20/07/2026;4;353087;20/07/2026;UNIQUE COMERCIO DE AUTOMOVEIS LTDA;1,74E+13;ANANINDEUA;PA;20/07/2026;31/07/2026;28/07/2026;Entregue No Prazo;;Entrega realizada;Entrega Finalizada;31;7;20;7;CARVALIMA;14003;;;
MOBIS BRASIL FABRICACAO DE AUTO PECAS LT;RODOVIARIO;1544661;20/07/2026;2;353070;20/07/2026;CYCOSA AUTOMOVEIS LTDA;4,76E+12;MACEIO;AL;20/07/2026;03/08/2026;28/07/2026;Entregue No Prazo;;Entrega realizada;Entrega Finalizada;3;8;20;7;TERMACO;2001;;;
MOBIS BRASIL FABRICACAO DE AUTO PECAS LT;RODOVIARIO;1544665;20/07/2026;1;353068;20/07/2026;CAOA MOTOR DO BRASIL LTDA;1,68E+13;LAURO DE FREITAS;BA;20/07/2026;04/08/2026;28/07/2026;Entregue No Prazo;;Entrega realizada;Entrega Finalizada;4;8;20;7;TERMACO;5008;;;
MOBIS BRASIL FABRICACAO DE AUTO PECAS LT;RODOVIARIO;1545525;21/07/2026;18;353205;21/07/2026;CHS MOTORS VEICULOS PECAS E SERV LTDA  ;1,69E+13;SAO PAULO;SP;21/07/2026;23/07/2026;28/07/2026;Entregue Fora do Prazo;;Entrega realizada;Entrega Finalizada;23;7;21;7;XD DIADEMA;26037;;;
MOBIS BRASIL FABRICACAO DE AUTO PECAS LT;RODOVIARIO;1545471;21/07/2026;1;353282;21/07/2026;VITAL COMERCIO DE VEICULOS LTDA;1,05E+13;GOVERNADOR VALADARES;MG;21/07/2026;28/07/2026;28/07/2026;Entregue No Prazo;;Entrega realizada;Entrega Finalizada;28;7;21;7;CAMILO;11016;Adesão do Maranhão à Independência do Brasil;Estadual;MA
MOBIS BRASIL FABRICACAO DE AUTO PECAS LT;RODOVIARIO;1546052;21/07/2026;3;353238;21/07/2026;HOUSE PARTS - COM DE PECAS E VEIC LTDA;1,15E+13;OSORIO;RS;21/07/2026;28/07/2026;28/07/2026;Entregue No Prazo;;Entrega realizada;Entrega Finalizada;28;7;21;7;TRANSTRY;23016;Adesão do Maranhão à Independência do Brasil;Estadual;MA
MOBIS BRASIL FABRICACAO DE AUTO PECAS LT;RODOVIARIO;1545454;21/07/2026;1;353268;21/07/2026;PATEO COMERCIO DE VEICULOS S A;7,78E+12;SALVADOR;BA;21/07/2026;31/07/2026;28/07/2026;Entregue No Prazo;;Entrega realizada;Entrega Finalizada;31;7;21;7;TERMACO;5003;;;
MOBIS BRASIL FABRICACAO DE AUTO PECAS LT;RODOVIARIO;1545455;21/07/2026;1;353254;21/07/2026;FAZZA MOTORS COMERCIO DE VEICULOS LTDA;1,24E+13;SALVADOR;BA;21/07/2026;31/07/2026;28/07/2026;Entregue No Prazo;;Entrega realizada;Entrega Finalizada;31;7;21;7;TERMACO;5007;;;
MOBIS BRASIL FABRICACAO DE AUTO PECAS LT;RODOVIARIO;1545456;21/07/2026;3;353254;21/07/2026;FAZZA MOTORS COMERCIO DE VEICULOS LTDA;1,24E+13;SALVADOR;BA;21/07/2026;31/07/2026;28/07/2026;Entregue No Prazo;;Entrega realizada;Entrega Finalizada;31;7;21;7;TERMACO;5007;;;
MOBIS BRASIL FABRICACAO DE AUTO PECAS LT;RODOVIARIO;1545520;21/07/2026;4;353270;21/07/2026;SAINT LAND COMERCIO DE VEICULOS LTDA;1,04E+13;ARACAJU;SE;21/07/2026;03/08/2026;28/07/2026;Entregue No Prazo;;Entrega realizada;Entrega Finalizada;3;8;21;7;TERMACO;6010;;;
MOBIS BRASIL FABRICACAO DE AUTO PECAS LT;RODOVIARIO;1546036;21/07/2026;3;353272;21/07/2026;SEVEL VEICULOS LTDA;1,07E+13;ARACAJU;SE;21/07/2026;03/08/2026;28/07/2026;Entregue No Prazo;;Entrega realizada;Entrega Finalizada;3;8;21;7;TERMACO;25001;;;
MOBIS BRASIL FABRICACAO DE AUTO PECAS LT;RODOVIARIO;1545457;21/07/2026;1;353246;21/07/2026;CAOA MOTOR DO BRASIL LTDA;1,68E+13;LAURO DE FREITAS;BA;21/07/2026;05/08/2026;28/07/2026;Entregue No Prazo;;Entrega realizada;Entrega Finalizada;5;8;21;7;TERMACO;5008;Fundação do Estado da Paraíba;Estadual;PB
MOBIS BRASIL FABRICACAO DE AUTO PECAS LT;RODOVIARIO;1546329;22/07/2026;1;353401;22/07/2026;CAOA MOTOR DO BRASIL LTDA (INDIANOPOLIS);1,68E+13;SAO PAULO;SP;22/07/2026;24/07/2026;28/07/2026;Entregue Fora do Prazo;;Entrega realizada;Entrega Finalizada;24;7;22;7;XD DIADEMA;26091;;;
MOBIS BRASIL FABRICACAO DE AUTO PECAS LT;RODOVIARIO;1546253;22/07/2026;15;353472;22/07/2026;VIA BRASIL AUTOMOVEIS LTDA.;4,72E+12;SERRA;ES;22/07/2026;29/07/2026;28/07/2026;Entregue No Prazo;;Entrega realizada;Entrega Finalizada;29;7;22;7;CAMILO;8001;;;
MOBIS BRASIL FABRICACAO DE AUTO PECAS LT;RODOVIARIO;1546254;22/07/2026;15;353466;22/07/2026;TAI MOTORS VEICULOS S/A;9,27E+12;VITORIA;ES;22/07/2026;29/07/2026;28/07/2026;Entregue No Prazo;;Entrega realizada;Entrega Finalizada;29;7;22;7;CAMILO;8002;;;
MOBIS BRASIL FABRICACAO DE AUTO PECAS LT;RODOVIARIO;1546255;22/07/2026;2;353463;22/07/2026;PRIME CACHOEIRO VEICULOS LTDA;9,34E+12;CACHOEIRO DE ITAPEMIRIM;ES;22/07/2026;30/07/2026;28/07/2026;Entregue No Prazo;;Entrega realizada;Entrega Finalizada;30;7;22;7;CAMILO;8004;;;
MOBIS BRASIL FABRICACAO DE AUTO PECAS LT;RODOVIARIO;1546256;22/07/2026;1;353463;22/07/2026;PRIME CACHOEIRO VEICULOS LTDA;9,34E+12;CACHOEIRO DE ITAPEMIRIM;ES;22/07/2026;30/07/2026;28/07/2026;Entregue No Prazo;;Entrega realizada;Entrega Finalizada;30;7;22;7;CAMILO;8004;;;
MOBIS BRASIL FABRICACAO DE AUTO PECAS LT;RODOVIARIO;1546306;22/07/2026;2;353464;22/07/2026;SAINT LAND COMERCIO DE VEICULOS LTDA;1,04E+13;ARACAJU;SE;22/07/2026;04/08/2026;28/07/2026;Entregue No Prazo;;Entrega realizada;Entrega Finalizada;4;8;22;7;TERMACO;6010;;;
MOBIS BRASIL FABRICACAO DE AUTO PECAS LT;RODOVIARIO;1546245;22/07/2026;1;353443;22/07/2026;AIKON VEICULOS LTDA;1,17E+13;VITORIA DA CONQUISTA;BA;22/07/2026;06/08/2026;28/07/2026;Entregue No Prazo;;Entrega realizada;Entrega Finalizada;6;8;22;7;TERMACO;5002;;;
MOBIS BRASIL FABRICACAO DE AUTO PECAS LT;RODOVIARIO;1546335;22/07/2026;2;353405;22/07/2026;H RACING GARAGE LTDA ;3,24E+13;COTIA;SP;22/07/2026;24/07/2026;28/07/2026;Entregue Fora do Prazo;;Entrega realizada;Entrega Finalizada;24;7;22;7;XD DIADEMA;29944;;;
MOBIS BRASIL FABRICACAO DE AUTO PECAS LT;RODOVIARIO;1546919;23/07/2026;4;353632;23/07/2026;CARBEL KOREA VEICULOS LTDA;2,07E+13;BELO HORIZONTE;MG;23/07/2026;28/07/2026;28/07/2026;Entregue No Prazo;;Entrega realizada;Entrega Finalizada;28;7;23;7;XD BETIM;11021;Adesão do Maranhão à Independência do Brasil;Estadual;MA
MOBIS BRASIL FABRICACAO DE AUTO PECAS LT;RODOVIARIO;1546921;23/07/2026;2;353630;23/07/2026;BDG AUTOVILLE VEICULOS LTDA;4,77E+13;CONTAGEM;MG;23/07/2026;28/07/2026;28/07/2026;Entregue No Prazo;;Entrega realizada;Entrega Finalizada;28;7;23;7;XD BETIM;11037;Adesão do Maranhão à Independência do Brasil;Estadual;MA
MOBIS BRASIL FABRICACAO DE AUTO PECAS LT;RODOVIARIO;1546922;23/07/2026;71;353630;23/07/2026;BDG AUTOVILLE VEICULOS LTDA;4,77E+13;CONTAGEM;MG;23/07/2026;28/07/2026;28/07/2026;Entregue No Prazo;;Entrega realizada;Entrega Finalizada;28;7;23;7;XD BETIM;11037;Adesão do Maranhão à Independência do Brasil;Estadual;MA
MOBIS BRASIL FABRICACAO DE AUTO PECAS LT;RODOVIARIO;1547331;23/07/2026;21;353644;23/07/2026;TAI MOTORS VEICULOS S/A;9,27E+12;BELO HORIZONTE;MG;23/07/2026;28/07/2026;28/07/2026;Entregue No Prazo;;Entrega realizada;Entrega Finalizada;28;7;23;7;XD BETIM;8002;Adesão do Maranhão à Independência do Brasil;Estadual;MA
MOBIS BRASIL FABRICACAO DE AUTO PECAS LT;RODOVIARIO;1546920;23/07/2026;1;353723;23/07/2026;URCA MOTORS VEICULOS LTDA;8,77E+12;PATOS DE MINAS;MG;23/07/2026;29/07/2026;28/07/2026;Entregue No Prazo;;Entrega realizada;Entrega Finalizada;29;7;23;7;CAMILO;9014;;;
MOBIS BRASIL FABRICACAO DE AUTO PECAS LT;RODOVIARIO;1546947;23/07/2026;7;353703;23/07/2026;ITAVEMA MOTORS VEICULOS LTDA;7,73E+12;DUQUE DE CAXIAS;RJ;23/07/2026;29/07/2026;28/07/2026;Entregue No Prazo;;Entrega realizada;Entrega Finalizada;29;7;23;7;CAMILO;19001;;;
MOBIS BRASIL FABRICACAO DE AUTO PECAS LT;RODOVIARIO;1547008;23/07/2026;2;353678;23/07/2026;DHC COMERCIO DE VEICULOS E PECAS LTDA;9,52E+12;OURINHOS;SP;23/07/2026;29/07/2026;28/07/2026;Entregue No Prazo;;Entrega realizada;Entrega Finalizada;29;7;23;7;MVT;26010;;;
MOBIS BRASIL FABRICACAO DE AUTO PECAS LT;RODOVIARIO;1546909;23/07/2026;10;353718;23/07/2026;TAI MOTORS VEICULOS S/A;9,27E+12;VITORIA;ES;23/07/2026;30/07/2026;28/07/2026;Entregue No Prazo;;Entrega realizada;Entrega Finalizada;30;7;23;7;CAMILO;8002;;;
MOBIS BRASIL FABRICACAO DE AUTO PECAS LT;RODOVIARIO;1546916;23/07/2026;5;353696;23/07/2026;CONCESSIONARIA NAGOYA MOTOS E VEIC. LTDA;8,74E+12;UBA;MG;23/07/2026;30/07/2026;28/07/2026;Entregue No Prazo;;Entrega realizada;Entrega Finalizada;30;7;23;7;CAMILO;11004;;;
MOBIS BRASIL FABRICACAO DE AUTO PECAS LT;RODOVIARIO;1546917;23/07/2026;3;353727;23/07/2026;VITAL COMERCIO DE VEICULOS LTDA;1,05E+13;GOVERNADOR VALADARES;MG;23/07/2026;30/07/2026;28/07/2026;Entregue No Prazo;;Entrega realizada;Entrega Finalizada;30;7;23;7;CAMILO;11016;;;
MOBIS BRASIL FABRICACAO DE AUTO PECAS LT;RODOVIARIO;1546972;23/07/2026;7;353651;23/07/2026;ATUAL VEICULOS LTDA;1,33E+13;ARARANGUA;SC;23/07/2026;30/07/2026;28/07/2026;Entregue No Prazo;;Entrega realizada;Entrega Finalizada;30;7;23;7;TRANSTRY;24001;;;
MOBIS BRASIL FABRICACAO DE AUTO PECAS LT;RODOVIARIO;1546973;23/07/2026;1;353649;23/07/2026;ATUAL VEICULOS LTDA;1,33E+13;CRICIUMA;SC;23/07/2026;30/07/2026;28/07/2026;Entregue No Prazo;;Entrega realizada;Entrega Finalizada;30;7;23;7;TRANSTRY;24001;;;
MOBIS BRASIL FABRICACAO DE AUTO PECAS LT;RODOVIARIO;1546974;23/07/2026;3;353650;23/07/2026;ATUAL VEICULOS LTDA;1,33E+13;TUBARAO;SC;23/07/2026;30/07/2026;28/07/2026;Entregue No Prazo;;Entrega realizada;Entrega Finalizada;30;7;23;7;TRANSTRY;24001;;;
MOBIS BRASIL FABRICACAO DE AUTO PECAS LT;RODOVIARIO;1546976;23/07/2026;32;353653;23/07/2026;BARI VEICULOS LTDA;7,46E+12;BLUMENAU;SC;23/07/2026;30/07/2026;28/07/2026;Entregue No Prazo;;Entrega realizada;Entrega Finalizada;30;7;23;7;TRANSTRY;18024;;;
MOBIS BRASIL FABRICACAO DE AUTO PECAS LT;RODOVIARIO;1547341;23/07/2026;1;353724;23/07/2026;VIA BRASIL AUTOMOVEIS LTDA.;4,72E+12;SERRA;ES;23/07/2026;30/07/2026;28/07/2026;Entregue No Prazo;;Entrega realizada;Entrega Finalizada;30;7;23;7;CAMILO;8001;;;
MOBIS BRASIL FABRICACAO DE AUTO PECAS LT;RODOVIARIO;1546910;23/07/2026;3;353712;23/07/2026;PRIME CACHOEIRO VEICULOS LTDA;9,34E+12;CACHOEIRO DE ITAPEMIRIM;ES;23/07/2026;31/07/2026;28/07/2026;Entregue No Prazo;;Entrega realizada;Entrega Finalizada;31;7;23;7;CAMILO;8004;;;
MOBIS BRASIL FABRICACAO DE AUTO PECAS LT;RODOVIARIO;1546911;23/07/2026;2;353712;23/07/2026;PRIME CACHOEIRO VEICULOS LTDA;9,34E+12;CACHOEIRO DE ITAPEMIRIM;ES;23/07/2026;31/07/2026;28/07/2026;Entregue No Prazo;;Entrega realizada;Entrega Finalizada;31;7;23;7;CAMILO;8004;;;
MOBIS BRASIL FABRICACAO DE AUTO PECAS LT;RODOVIARIO;1546924;23/07/2026;4;353713;23/07/2026;SAGA ASIA COM. DE VEIC.PC.E SERV. LTDA;2,23E+13;VARZEA GRANDE;MT;23/07/2026;03/08/2026;28/07/2026;Entregue No Prazo;;Entrega realizada;Entrega Finalizada;3;8;23;7;CARVALIMA;13004;;;
MOBIS BRASIL FABRICACAO DE AUTO PECAS LT;RODOVIARIO;1546979;23/07/2026;8;353661;23/07/2026;CHINHAN AUTOMOVEIS LTDA.;2,41E+13;CACADOR;SC;23/07/2026;03/08/2026;28/07/2026;Entregue No Prazo;;Entrega realizada;Entrega Finalizada;3;8;23;7;TRANSTRY;24020;;;
MOBIS BRASIL FABRICACAO DE AUTO PECAS LT;RODOVIARIO;1547596;24/07/2026;1;353865;24/07/2026;GRAND SPORT COM. DE VEIC. E PECAS LTDA;8,58E+12;GUARULHOS;SP;24/07/2026;28/07/2026;28/07/2026;Entregue No Prazo;;Entrega realizada;Entrega Finalizada;28;7;24;7;XD DIADEMA;26005;Adesão do Maranhão à Independência do Brasil;Estadual;MA
MOBIS BRASIL FABRICACAO DE AUTO PECAS LT;RODOVIARIO;1547600;24/07/2026;7;353866;24/07/2026;GRAND SPORT COM. DE VEIC. E PECAS LTDA;8,58E+12;SAO PAULO;SP;24/07/2026;28/07/2026;28/07/2026;Entregue No Prazo;;Entrega realizada;Entrega Finalizada;28;7;24;7;XD DIADEMA;26034;Adesão do Maranhão à Independência do Brasil;Estadual;MA
MOBIS BRASIL FABRICACAO DE AUTO PECAS LT;RODOVIARIO;1547601;24/07/2026;5;353863;24/07/2026;CHS MOTORS VEICULOS PECAS E SERV LTDA  ;1,69E+13;SAO PAULO;SP;24/07/2026;28/07/2026;28/07/2026;Entregue No Prazo;;Entrega realizada;Entrega Finalizada;28;7;24;7;XD DIADEMA;26037;Adesão do Maranhão à Independência do Brasil;Estadual;MA
MOBIS BRASIL FABRICACAO DE AUTO PECAS LT;RODOVIARIO;1547613;24/07/2026;3;353870;24/07/2026;NOBRE SP DISTRIB. DE VEIC. E PEC. LTDA;1,70E+13;SAO PAULO;SP;24/07/2026;28/07/2026;28/07/2026;Entregue No Prazo;;Entrega realizada;Entrega Finalizada;28;7;24;7;XD DIADEMA;26081;Adesão do Maranhão à Independência do Brasil;Estadual;MA
MOBIS BRASIL FABRICACAO DE AUTO PECAS LT;RODOVIARIO;1547560;24/07/2026;6;353891;24/07/2026;LOVAT VEICULOS S/A;8,57E+12;LONDRINA;PR;24/07/2026;30/07/2026;28/07/2026;Entregue No Prazo;;Entrega realizada;Entrega Finalizada;30;7;24;7;TRANSTRY;18008;;;
MOBIS BRASIL FABRICACAO DE AUTO PECAS LT;RODOVIARIO;1547563;24/07/2026;3;353896;24/07/2026;VETOR AUTOMOVEIS LTDA;2,12E+13;CASCAVEL;PR;24/07/2026;30/07/2026;28/07/2026;Entregue No Prazo;;Entrega realizada;Entrega Finalizada;30;7;24;7;TRANSTRY;18019;;;
MOBIS BRASIL FABRICACAO DE AUTO PECAS LT;RODOVIARIO;1547564;24/07/2026;9;353885;24/07/2026;BARI VEICULOS LTDA;7,46E+12;PONTA GROSSA;PR;24/07/2026;30/07/2026;28/07/2026;Entregue No Prazo;;Entrega realizada;Entrega Finalizada;30;7;24;7;TRANSTRY;18024;;;
MOBIS BRASIL FABRICACAO DE AUTO PECAS LT;RODOVIARIO;1547568;24/07/2026;9;353916;24/07/2026;ITAVEMA MOTORS VEICULOS LTDA;7,73E+12;DUQUE DE CAXIAS;RJ;24/07/2026;30/07/2026;28/07/2026;Entregue No Prazo;;Entrega realizada;Entrega Finalizada;30;7;24;7;CAMILO;19001;;;
MOBIS BRASIL FABRICACAO DE AUTO PECAS LT;RODOVIARIO;1547569;24/07/2026;2;353909;24/07/2026;AMX COM. E SERVICOS DE AUTOMOTORES LTDA;1,20E+13;RIO DE JANEIRO;RJ;24/07/2026;30/07/2026;28/07/2026;Entregue No Prazo;;Entrega realizada;Entrega Finalizada;30;7;24;7;CAMILO;19009;;;
MOBIS BRASIL FABRICACAO DE AUTO PECAS LT;RODOVIARIO;1547570;24/07/2026;1;353911;24/07/2026;CAOA MOTOR DO BRASIL LTDA;1,68E+13;RIO DE JANEIRO;RJ;24/07/2026;30/07/2026;28/07/2026;Entregue No Prazo;;Entrega realizada;Entrega Finalizada;30;7;24;7;CAMILO;5008;;;
MOBIS BRASIL FABRICACAO DE AUTO PECAS LT;RODOVIARIO;1547573;24/07/2026;3;353910;24/07/2026;CAOA MOTOR DO BRASIL LTDA;1,68E+13;NITEROI;RJ;24/07/2026;30/07/2026;28/07/2026;Entregue No Prazo;;Entrega realizada;Entrega Finalizada;30;7;24;7;CAMILO;5008;;;
MOBIS BRASIL FABRICACAO DE AUTO PECAS LT;RODOVIARIO;1547588;24/07/2026;1;353886;24/07/2026;BARI VEICULOS LTDA.;7,46E+12;JOINVILLE;SC;24/07/2026;30/07/2026;28/07/2026;Entregue No Prazo;;Entrega realizada;Entrega Finalizada;30;7;24;7;TRANSTRY;24013;;;
MOBIS BRASIL FABRICACAO DE AUTO PECAS LT;RODOVIARIO;1547592;24/07/2026;2;353904;24/07/2026;HYMAX DISTRIBUIDORA DE VEICULOS LTDA;1,73E+13;MOGI GUACU;SP;24/07/2026;30/07/2026;28/07/2026;Entregue No Prazo;;Entrega realizada;Entrega Finalizada;30;7;24;7;MVT;26002;;;
MOBIS BRASIL FABRICACAO DE AUTO PECAS LT;RODOVIARIO;1547593;24/07/2026;1;353904;24/07/2026;HYMAX DISTRIBUIDORA DE VEICULOS LTDA;1,73E+13;MOGI GUACU;SP;24/07/2026;30/07/2026;28/07/2026;Entregue No Prazo;;Entrega realizada;Entrega Finalizada;30;7;24;7;MVT;26002;;;
MOBIS BRASIL FABRICACAO DE AUTO PECAS LT;RODOVIARIO;1547605;24/07/2026;2;353903;24/07/2026;H R B COMERCIO DE VEICULOS LTDA;1,82E+13;SAO JOSE DO RIO PRETO;SP;24/07/2026;30/07/2026;28/07/2026;Entregue No Prazo;Avaria;Entrega realizada;Entrega Finalizada;30;7;24;7;MVT;26050;;;
MOBIS BRASIL FABRICACAO DE AUTO PECAS LT;RODOVIARIO;1547606;24/07/2026;6;353903;24/07/2026;H R B COMERCIO DE VEICULOS LTDA;1,82E+13;SAO JOSE DO RIO PRETO;SP;24/07/2026;30/07/2026;28/07/2026;Entregue No Prazo;;Entrega realizada;Entrega Finalizada;30;7;24;7;MVT;26050;;;
MOBIS BRASIL FABRICACAO DE AUTO PECAS LT;RODOVIARIO;1547609;24/07/2026;2;353900;24/07/2026;GOLDEN MOTORS VEICULOS LTDA;3,62E+12;ARACATUBA;SP;24/07/2026;30/07/2026;28/07/2026;Entregue No Prazo;;Entrega realizada;Entrega Finalizada;30;7;24;7;MVT;12001;;;
MOBIS BRASIL FABRICACAO DE AUTO PECAS LT;RODOVIARIO;1547533;24/07/2026;15;353873;24/07/2026;SAGA KOREA COM. DE VEIC. E PC. LTDA;1,27E+13;BRASILIA;DF;24/07/2026;03/08/2026;28/07/2026;Entregue No Prazo;;Entrega realizada;Entrega Finalizada;3;8;24;7;RIO VERMELHO;7005;;;
MOBIS BRASIL FABRICACAO DE AUTO PECAS LT;RODOVIARIO;1547553;24/07/2026;2;353935;24/07/2026;ULSAN COMERCIO DE VEICULOS LTDA.;2,10E+13;CAMPO GRANDE;MS;24/07/2026;03/08/2026;28/07/2026;Entregue No Prazo;Avaria;Entrega realizada;Entrega Finalizada;3;8;24;7;CARVALIMA;12004;;;
MOBIS BRASIL FABRICACAO DE AUTO PECAS LT;RODOVIARIO;1547590;24/07/2026;7;353887;24/07/2026;CHINHAN AUTOMOVEIS LTDA.;2,41E+13;CACADOR;SC;24/07/2026;04/08/2026;28/07/2026;Entregue No Prazo;;Entrega realizada;Entrega Finalizada;4;8;24;7;TRANSTRY;24020;;;
MOBIS BRASIL FABRICACAO DE AUTO PECAS LT;RODOVIARIO;1547525;24/07/2026;4;353908;24/07/2026;AIKON VEICULOS LTDA;1,17E+13;VITORIA DA CONQUISTA;BA;24/07/2026;10/08/2026;28/07/2026;Entregue No Prazo;;Entrega realizada;Entrega Finalizada;10;8;24;7;TERMACO;5002;;;
MOBIS BRASIL FABRICACAO DE AUTO PECAS LT;RODOVIARIO;1548291;27/07/2026;6;354221;27/07/2026;NOBRE DISTRIBUIDORA DE VEICULOS E PECAS;5,76E+12;MOGI DAS CRUZES;SP;27/07/2026;29/07/2026;28/07/2026;Entregue No Prazo;;Entrega realizada;Entrega Finalizada;29;7;27;7;XD DIADEMA;26004;;;
MOBIS BRASIL FABRICACAO DE AUTO PECAS LT;RODOVIARIO;1548296;27/07/2026;8;354217;27/07/2026;GRAND SPORT COM. DE VEIC. E PECAS LTDA;8,58E+12;SAO PAULO;SP;27/07/2026;29/07/2026;28/07/2026;Entregue No Prazo;;Entrega realizada;Entrega Finalizada;29;7;27;7;XD DIADEMA;26034;;;
MOBIS BRASIL FABRICACAO DE AUTO PECAS LT;RODOVIARIO;1548298;27/07/2026;2;354207;27/07/2026;BILLY DISTRIBUIDORA DE VEICULOS LTDA;1,34E+13;DIADEMA;SP;27/07/2026;29/07/2026;28/07/2026;Entregue No Prazo;;Entrega realizada;Entrega Finalizada;29;7;27;7;XD DIADEMA;26003;;;
MOBIS BRASIL FABRICACAO DE AUTO PECAS LT;RODOVIARIO;1548299;27/07/2026;1;354207;27/07/2026;BILLY DISTRIBUIDORA DE VEICULOS LTDA;1,34E+13;DIADEMA;SP;27/07/2026;29/07/2026;28/07/2026;Entregue No Prazo;;Entrega realizada;Entrega Finalizada;29;7;27;7;XD DIADEMA;26003;;;
MOBIS BRASIL FABRICACAO DE AUTO PECAS LT;RODOVIARIO;1548304;27/07/2026;2;354213;27/07/2026;CAOA MOTOR DO BRASIL LTDA (IPIRANGA);1,68E+13;SAO PAULO;SP;27/07/2026;29/07/2026;28/07/2026;Entregue No Prazo;;Entrega realizada;Entrega Finalizada;29;7;27;7;XD DIADEMA;26054;;;
MOBIS BRASIL FABRICACAO DE AUTO PECAS LT;RODOVIARIO;1548306;27/07/2026;1;354210;27/07/2026;CAOA MOTOR DO BRASIL LTDA;1,68E+13;SAO BERNARDO DO CAMPO;SP;27/07/2026;29/07/2026;28/07/2026;Entregue No Prazo;;Entrega realizada;Entrega Finalizada;29;7;27;7;XD DIADEMA;5008;;;
MOBIS BRASIL FABRICACAO DE AUTO PECAS LT;RODOVIARIO;1548314;27/07/2026;4;354222;27/07/2026;NOBRE SP DISTRIB. DE VEIC. E PEC. LTDA;1,70E+13;SAO PAULO;SP;27/07/2026;29/07/2026;28/07/2026;Entregue No Prazo;;Entrega realizada;Entrega Finalizada;29;7;27;7;XD DIADEMA;26081;;;
MOBIS BRASIL FABRICACAO DE AUTO PECAS LT;RODOVIARIO;1548317;27/07/2026;3;354212;27/07/2026;CAOA MOTOR DO BRASIL LTDA (INDIANOPOLIS);1,68E+13;SAO PAULO;SP;27/07/2026;29/07/2026;28/07/2026;Entregue No Prazo;;Entrega realizada;Entrega Finalizada;29;7;27;7;XD DIADEMA;26091;;;
MOBIS BRASIL FABRICACAO DE AUTO PECAS LT;RODOVIARIO;1548321;27/07/2026;3;354220;27/07/2026;NOBRE DISTRIBUIDORA DE VEIC. E PEC. LTDA;5,76E+12;SUZANO;SP;27/07/2026;29/07/2026;28/07/2026;Entregue No Prazo;;Entrega realizada;Entrega Finalizada;29;7;27;7;XD DIADEMA;26103;;;
MOBIS BRASIL FABRICACAO DE AUTO PECAS LT;RODOVIARIO;1548322;27/07/2026;2;354215;27/07/2026;CAOA MOTOR DO BRASIL LTDA(RAP. TAVARES);1,68E+13;SAO PAULO;SP;27/07/2026;29/07/2026;28/07/2026;Entregue No Prazo;;Entrega realizada;Entrega Finalizada;29;7;27;7;XD DIADEMA;26109;;;
MOBIS BRASIL FABRICACAO DE AUTO PECAS LT;RODOVIARIO;1548496;27/07/2026;5;354216;27/07/2026;CHS MOTORS VEICULOS PECAS E SERV. LTDA;1,69E+13;OSASCO;SP;27/07/2026;29/07/2026;28/07/2026;Entregue No Prazo;;Entrega realizada;Entrega Finalizada;29;7;27;7;XD DIADEMA;26106;;;
MOBIS BRASIL FABRICACAO DE AUTO PECAS LT;RODOVIARIO;1549143;27/07/2026;1;354216;27/07/2026;CHS MOTORS VEICULOS PECAS E SERV. LTDA;1,69E+13;OSASCO;SP;27/07/2026;29/07/2026;28/07/2026;Entregue No Prazo;;Entrega realizada;Entrega Finalizada;29;7;27;7;XD DIADEMA;26106;;;
MOBIS BRASIL FABRICACAO DE AUTO PECAS LT;RODOVIARIO;1548292;27/07/2026;14;354257;27/07/2026;DHC COMERCIO DE VEICULOS E PECAS LTDA;9,52E+12;BAURU;SP;27/07/2026;30/07/2026;28/07/2026;Entregue No Prazo;;Entrega realizada;Entrega Finalizada;30;7;27;7;MVT;26010;;;
MOBIS BRASIL FABRICACAO DE AUTO PECAS LT;RODOVIARIO;1548295;27/07/2026;88;354312;27/07/2026;NEW VEICULOS E PECAS LTDA;1,59E+13;RIBEIRAO PRETO;SP;27/07/2026;30/07/2026;28/07/2026;Entregue No Prazo;;Entrega realizada;Entrega Finalizada;30;7;27;7;BV LOG;26014;;;
MOBIS BRASIL FABRICACAO DE AUTO PECAS LT;RODOVIARIO;1548309;27/07/2026;1;354209;27/07/2026;CAOA MOTOR DO BRASIL LTDA;1,68E+13;TAUBATE;SP;27/07/2026;30/07/2026;28/07/2026;Entregue No Prazo;;Entrega realizada;Entrega Finalizada;30;7;27;7;XD DIADEMA;5008;;;
MOBIS BRASIL FABRICACAO DE AUTO PECAS LT;RODOVIARIO;1548286;27/07/2026;23;354233;27/07/2026;BARI VEICULOS LTDA.;7,46E+12;JOINVILLE;SC;27/07/2026;31/07/2026;28/07/2026;Entregue No Prazo;;Entrega realizada;Entrega Finalizada;31;7;27;7;TRANSTRY;24013;;;
MOBIS BRASIL FABRICACAO DE AUTO PECAS LT;RODOVIARIO;1548313;27/07/2026;4;354259;27/07/2026;DHC COMERCIO DE VEICULOS E PECAS LTDA;9,52E+12;BOTUCATU;SP;27/07/2026;31/07/2026;28/07/2026;Entregue No Prazo;;Entrega realizada;Entrega Finalizada;31;7;27;7;MVT;26010;;;
MOBIS BRASIL FABRICACAO DE AUTO PECAS LT;RODOVIARIO;1548297;27/07/2026;64;354322;28/07/2026;BILLY DISTRIBUIDORA DE VEICULOS LTDA;1,34E+13;SAO CAETANO DO SUL;SP;28/07/2026;30/07/2026;28/07/2026;Entregue No Prazo;;Entrega realizada;Entrega Finalizada;30;7;28;7;BV LOG;26003;;;
MOBIS BRASIL FABRICACAO DE AUTO PECAS LT;RODOVIARIO;1548316;27/07/2026;35;354324;28/07/2026;GRANDAY AUTOMOTORES LTDA (CHAC. CALIFOR);1,57E+13;SAO PAULO;SP;28/07/2026;30/07/2026;28/07/2026;Entregue No Prazo;;Entrega realizada;Entrega Finalizada;30;7;28;7;BV LOG;26090;;;
MOBIS BRASIL FABRICACAO DE AUTO PECAS LT;RODOVIARIO;1548293;27/07/2026;26;354325;28/07/2026;ANDRETA II DISTRIBUIDORA DE VEIC. LTDA;9,10E+12;CAMPINAS;SP;28/07/2026;31/07/2026;28/07/2026;Entregue No Prazo;;Entrega realizada;Entrega Finalizada;31;7;28;7;BV LOG;26011;;;
MOBIS BRASIL FABRICACAO DE AUTO PECAS LT;RODOVIARIO;1548311;27/07/2026;21;354326;28/07/2026;DESTAQUE SEUL DISTR. DE VEIC. E PC. LTDA;2,12E+13;ATIBAIA;SP;28/07/2026;31/07/2026;28/07/2026;Entregue No Prazo;;Entrega realizada;Entrega Finalizada;31;7;28;7;BV LOG;26075;;;
MOBIS BRASIL FABRICACAO DE AUTO PECAS LT;RODOVIARIO;1540847;13/07/2026;1;351819;13/07/2026;PRIVILLEGE DISTRIBUIDORA DE VEICULOS LTD;1,72E+13;ARAGUAINA;TO;13/07/2026;27/07/2026;29/07/2026;Entregue Fora do Prazo;;Entrega realizada;Entrega Finalizada;27;7;13;7;RIO VERMELHO;27002;;;
MOBIS BRASIL FABRICACAO DE AUTO PECAS LT;RODOVIARIO;1542421;15/07/2026;3;352503;15/07/2026;CHS MOTORS VEICULOS PECAS E SERV.. LTDA;1,69E+13;SAO PAULO;SP;15/07/2026;17/07/2026;29/07/2026;Entregue Fora do Prazo;;Entrega realizada;Entrega Finalizada;17;7;15;7;XD DIADEMA;26077;;;
MOBIS BRASIL FABRICACAO DE AUTO PECAS LT;RODOVIARIO;1543101;16/07/2026;1;352618;16/07/2026;URCA MOTORS VEICULOS LTDA;8,77E+12;UBERABA;MG;16/07/2026;22/07/2026;29/07/2026;Entregue Fora do Prazo;Extravio;29/07 Extravio, solicitado um novo pedido.;Entrega Finalizada;22;7;16;7;CAMILO;9014;;;
MOBIS BRASIL FABRICACAO DE AUTO PECAS LT;RODOVIARIO;1544731;20/07/2026;1;353047;20/07/2026;PRIVILLEGE DISTRIBUIDORA DE VEICULOS LTD;1,72E+13;ARAGUAINA;TO;20/07/2026;03/08/2026;29/07/2026;Entregue No Prazo;;Entrega realizada;Entrega Finalizada;3;8;20;7;RIO VERMELHO;27002;;;
MOBIS BRASIL FABRICACAO DE AUTO PECAS LT;RODOVIARIO;1544699;20/07/2026;1;353077;20/07/2026;ORIENTE AUTOMOVEIS LTDA;1,33E+13;PARNAMIRIM;RN;20/07/2026;05/08/2026;29/07/2026;Entregue No Prazo;;Entrega realizada;Entrega Finalizada;5;8;20;7;TERMACO;20001;Fundação do Estado da Paraíba;Estadual;PB
MOBIS BRASIL FABRICACAO DE AUTO PECAS LT;RODOVIARIO;1544700;20/07/2026;2;353083;20/07/2026;SAINT LAND COM DE VEICULOS S A;1,04E+13;MOSSORO;RN;20/07/2026;05/08/2026;29/07/2026;Entregue No Prazo;;Entrega realizada;Entrega Finalizada;5;8;20;7;TERMACO;20002;Fundação do Estado da Paraíba;Estadual;PB
MOBIS BRASIL FABRICACAO DE AUTO PECAS LT;RODOVIARIO;1544660;20/07/2026;3;353085;20/07/2026;ULSAN COMERCIO DE VEICULOS LTDA;2,10E+13;RIO BRANCO;AC;20/07/2026;06/08/2026;29/07/2026;Entregue No Prazo;;Entrega realizada;Entrega Finalizada;6;8;20;7;CARVALIMA;21004;;;
MOBIS BRASIL FABRICACAO DE AUTO PECAS LT;RODOVIARIO;1545464;21/07/2026;1;353207;21/07/2026;SAGA KOREA COM. DE VEIC. E PC. LTDA;1,27E+13;GOIANIA;GO;21/07/2026;29/07/2026;29/07/2026;Entregue No Prazo;;Entrega realizada;Entrega Finalizada;29;7;21;7;RIO VERMELHO;9009;;;
MOBIS BRASIL FABRICACAO DE AUTO PECAS LT;RODOVIARIO;1545465;21/07/2026;11;353208;21/07/2026;SAGA KOREA COM. DE VEIC. E PC. LTDA;1,27E+13;GOIANIA;GO;21/07/2026;29/07/2026;29/07/2026;Entregue No Prazo;;Entrega realizada;Entrega Finalizada;29;7;21;7;RIO VERMELHO;9011;;;
MOBIS BRASIL FABRICACAO DE AUTO PECAS LT;RODOVIARIO;1545486;21/07/2026;2;353258;21/07/2026;GRANDE COREIA COMERCIO DE VEICULOS LTDA;2,66E+13;CASTANHAL;PA;21/07/2026;03/08/2026;29/07/2026;Entregue No Prazo;;Entrega realizada;Entrega Finalizada;3;8;21;7;CARVALIMA;14007;;;
MOBIS BRASIL FABRICACAO DE AUTO PECAS LT;RODOVIARIO;1546034;21/07/2026;7;353253;21/07/2026;FAZZA MOTORS COM. DE VEICULOS LTDA;1,24E+13;FORTALEZA;CE;21/07/2026;04/08/2026;29/07/2026;Entregue No Prazo;;Entrega realizada;Entrega Finalizada;4;8;21;7;TERMACO;6001;;;
MOBIS BRASIL FABRICACAO DE AUTO PECAS LT;RODOVIARIO;1545506;21/07/2026;2;353271;21/07/2026;SAINT LAND COMERCIO DE VEICULOS LTDA;1,04E+13;NATAL;RN;21/07/2026;05/08/2026;29/07/2026;Entregue No Prazo;;Entrega realizada;Entrega Finalizada;5;8;21;7;TERMACO;6010;Fundação do Estado da Paraíba;Estadual;PB
MOBIS BRASIL FABRICACAO DE AUTO PECAS LT;RODOVIARIO;1545507;21/07/2026;1;353271;21/07/2026;SAINT LAND COMERCIO DE VEICULOS LTDA;1,04E+13;NATAL;RN;21/07/2026;05/08/2026;29/07/2026;Entregue No Prazo;;Entrega realizada;Entrega Finalizada;5;8;21;7;TERMACO;6010;Fundação do Estado da Paraíba;Estadual;PB
MOBIS BRASIL FABRICACAO DE AUTO PECAS LT;RODOVIARIO;1545487;21/07/2026;1;353263;21/07/2026;JPN PATOS COMERCIO DE VEICULOS LTDA;4,20E+13;PATOS;PB;21/07/2026;06/08/2026;29/07/2026;Entregue No Prazo;;Entrega realizada;Entrega Finalizada;6;8;21;7;TERMACO;15004;;;
MOBIS BRASIL FABRICACAO DE AUTO PECAS LT;RODOVIARIO;1545488;21/07/2026;11;353261;21/07/2026;JPN COMERCIO DE AUTOMOVEIS LTDA;2,61E+13;GARANHUNS;PE;21/07/2026;06/08/2026;29/07/2026;Entregue No Prazo;;Entrega realizada;Entrega Finalizada;6;8;21;7;TERMACO;16009;;;
MOBIS BRASIL FABRICACAO DE AUTO PECAS LT;RODOVIARIO;1545489;21/07/2026;1;353261;21/07/2026;JPN COMERCIO DE AUTOMOVEIS LTDA;2,61E+13;GARANHUNS;PE;21/07/2026;06/08/2026;29/07/2026;Entregue No Prazo;;Entrega realizada;Entrega Finalizada;6;8;21;7;TERMACO;16009;;;
MOBIS BRASIL FABRICACAO DE AUTO PECAS LT;RODOVIARIO;1545505;21/07/2026;4;353267;21/07/2026;ORIENTE AUTOMOVEIS LTDA;1,33E+13;PARNAMIRIM;RN;21/07/2026;06/08/2026;29/07/2026;Entregue No Prazo;;Entrega realizada;Entrega Finalizada;6;8;21;7;TERMACO;20001;;;
MOBIS BRASIL FABRICACAO DE AUTO PECAS LT;RODOVIARIO;1546290;22/07/2026;1;353446;22/07/2026;CAOA MOTOR DO BRASIL LTDA;1,68E+13;RIO DE JANEIRO;RJ;22/07/2026;28/07/2026;29/07/2026;Entregue Fora do Prazo;;Entrega realizada;Entrega Finalizada;28;7;22;7;CAMILO;5008;Adesão do Maranhão à Independência do Brasil;Estadual;MA
MOBIS BRASIL FABRICACAO DE AUTO PECAS LT;RODOVIARIO;1546258;22/07/2026;12;353407;22/07/2026;NISA COMERCIAL DE VEIC. AUTOMOTORES LTDA;1,03E+13;APARECIDA DE GOIANIA;GO;22/07/2026;30/07/2026;29/07/2026;Entregue No Prazo;;Entrega realizada;Entrega Finalizada;30;7;22;7;RIO VERMELHO;9002;;;
MOBIS BRASIL FABRICACAO DE AUTO PECAS LT;RODOVIARIO;1546259;22/07/2026;4;353411;22/07/2026;SAGA KOREA COM. DE VEIC. E PC. LTDA;1,27E+13;GOIANIA;GO;22/07/2026;30/07/2026;29/07/2026;Entregue No Prazo;;Entrega realizada;Entrega Finalizada;30;7;22;7;RIO VERMELHO;9011;;;
MOBIS BRASIL FABRICACAO DE AUTO PECAS LT;RODOVIARIO;1546261;22/07/2026;2;353406;22/07/2026;NISA COMERCIAL DE VEIC. AUTOMOTORES LTDA;1,03E+13;GOIANIA;GO;22/07/2026;30/07/2026;29/07/2026;Entregue No Prazo;;Entrega realizada;Entrega Finalizada;30;7;22;7;RIO VERMELHO;9013;;;
MOBIS BRASIL FABRICACAO DE AUTO PECAS LT;RODOVIARIO;1546247;22/07/2026;2;353450;22/07/2026;FAZZA MOTORS COM. DE VEICULOS LTDA;1,24E+13;FORTALEZA;CE;22/07/2026;05/08/2026;29/07/2026;Entregue No Prazo;;Entrega realizada;Entrega Finalizada;5;8;22;7;TERMACO;6001;Fundação do Estado da Paraíba;Estadual;PB
MOBIS BRASIL FABRICACAO DE AUTO PECAS LT;RODOVIARIO;1546249;22/07/2026;1;353444;22/07/2026;CAOA MOTOR DO BRASIL LTDA;1,68E+13;FORTALEZA;CE;22/07/2026;05/08/2026;29/07/2026;Entregue No Prazo;;Entrega realizada;Entrega Finalizada;5;8;22;7;TERMACO;5008;Fundação do Estado da Paraíba;Estadual;PB
MOBIS BRASIL FABRICACAO DE AUTO PECAS LT;RODOVIARIO;1547000;23/07/2026;1;353633;23/07/2026;CHS MOTORS VEICULOS PECAS E SERV.. LTDA;1,69E+13;SAO PAULO;SP;23/07/2026;27/07/2026;29/07/2026;Entregue Fora do Prazo;;Entrega realizada;Entrega Finalizada;27;7;23;7;XD DIADEMA;26077;;;
MOBIS BRASIL FABRICACAO DE AUTO PECAS LT;RODOVIARIO;1546944;23/07/2026;2;353672;23/07/2026;VETOR AUTOMOVEIS LTDA;2,12E+13;UMUARAMA;PR;23/07/2026;29/07/2026;29/07/2026;Entregue No Prazo;;Entrega realizada;Entrega Finalizada;29;7;23;7;TRANSTRY;18019;;;
MOBIS BRASIL FABRICACAO DE AUTO PECAS LT;RODOVIARIO;1546962;23/07/2026;1;353665;23/07/2026;HOUSE PARTS-COM. DE PCS. E VEICULOS LTDA;1,15E+13;PORTO ALEGRE;RS;23/07/2026;29/07/2026;29/07/2026;Entregue No Prazo;;Entrega realizada;Entrega Finalizada;29;7;23;7;TRANSTRY;23004;;;
MOBIS BRASIL FABRICACAO DE AUTO PECAS LT;RODOVIARIO;1546963;23/07/2026;3;353665;23/07/2026;HOUSE PARTS-COM. DE PCS. E VEICULOS LTDA;1,15E+13;PORTO ALEGRE;RS;23/07/2026;29/07/2026;29/07/2026;Entregue No Prazo;;Entrega realizada;Entrega Finalizada;29;7;23;7;TRANSTRY;23004;;;
MOBIS BRASIL FABRICACAO DE AUTO PECAS LT;RODOVIARIO;1546964;23/07/2026;1;353658;23/07/2026;CARWAY SUL VEICULOS LTDA;1,03E+13;NOVO HAMBURGO;RS;23/07/2026;29/07/2026;29/07/2026;Entregue No Prazo;;Entrega realizada;Entrega Finalizada;29;7;23;7;TRANSTRY;23003;;;
MOBIS BRASIL FABRICACAO DE AUTO PECAS LT;RODOVIARIO;1546965;23/07/2026;11;353657;23/07/2026;CARWAY SUL VEICULOS LTDA;1,03E+13;CANOAS;RS;23/07/2026;29/07/2026;29/07/2026;Entregue No Prazo;;Entrega realizada;Entrega Finalizada;29;7;23;7;TRANSTRY;23003;;;
MOBIS BRASIL FABRICACAO DE AUTO PECAS LT;RODOVIARIO;1546966;23/07/2026;9;353657;23/07/2026;CARWAY SUL VEICULOS LTDA;1,03E+13;CANOAS;RS;23/07/2026;29/07/2026;29/07/2026;Entregue No Prazo;;Entrega realizada;Entrega Finalizada;29;7;23;7;TRANSTRY;23003;;;
MOBIS BRASIL FABRICACAO DE AUTO PECAS LT;RODOVIARIO;1546918;23/07/2026;4;353726;23/07/2026;VITAL COMERCIO DE VEICULOS LTDA;1,05E+13;IPATINGA;MG;23/07/2026;30/07/2026;29/07/2026;Entregue No Prazo;;Entrega realizada;Entrega Finalizada;30;7;23;7;CAMILO;11016;;;
MOBIS BRASIL FABRICACAO DE AUTO PECAS LT;RODOVIARIO;1546937;23/07/2026;42;353669;23/07/2026;SANTA FE VEICULOS LTDA.;1,16E+13;FRANCISCO BELTRAO;PR;23/07/2026;30/07/2026;29/07/2026;Entregue No Prazo;;Entrega realizada;Entrega Finalizada;30;7;23;7;TRANSTRY;18010;;;
MOBIS BRASIL FABRICACAO DE AUTO PECAS LT;RODOVIARIO;1546939;23/07/2026;3;353668;23/07/2026;SANTA FE COMERCIO DE VEICULOS S A.;1,16E+13;PATO BRANCO;PR;23/07/2026;30/07/2026;29/07/2026;Entregue No Prazo;;Entrega realizada;Entrega Finalizada;30;7;23;7;TRANSTRY;18014;;;
MOBIS BRASIL FABRICACAO DE AUTO PECAS LT;RODOVIARIO;1546906;23/07/2026;4;353640;23/07/2026;SAGA KOREA COM. DE VEIC. E PC. LTDA;1,27E+13;BRASILIA;DF;23/07/2026;31/07/2026;29/07/2026;Entregue No Prazo;;Entrega realizada;Entrega Finalizada;31;7;23;7;RIO VERMELHO;7004;;;
MOBIS BRASIL FABRICACAO DE AUTO PECAS LT;RODOVIARIO;1546912;23/07/2026;1;353637;23/07/2026;NISA COMERCIAL DE VEIC. AUTOMOTORES LTDA;1,03E+13;APARECIDA DE GOIANIA;GO;23/07/2026;31/07/2026;29/07/2026;Entregue No Prazo;;Entrega realizada;Entrega Finalizada;31;7;23;7;RIO VERMELHO;9002;;;
MOBIS BRASIL FABRICACAO DE AUTO PECAS LT;RODOVIARIO;1546913;23/07/2026;2;353637;23/07/2026;NISA COMERCIAL DE VEIC. AUTOMOTORES LTDA;1,03E+13;APARECIDA DE GOIANIA;GO;23/07/2026;31/07/2026;29/07/2026;Entregue No Prazo;;Entrega realizada;Entrega Finalizada;31;7;23;7;RIO VERMELHO;9002;;;
MOBIS BRASIL FABRICACAO DE AUTO PECAS LT;RODOVIARIO;1546914;23/07/2026;7;353641;23/07/2026;SAGA KOREA COM. DE VEIC. E PC. LTDA;1,27E+13;GOIANIA;GO;23/07/2026;31/07/2026;29/07/2026;Entregue No Prazo;;Entrega realizada;Entrega Finalizada;31;7;23;7;RIO VERMELHO;9011;;;
MOBIS BRASIL FABRICACAO DE AUTO PECAS LT;RODOVIARIO;1547547;24/07/2026;35;353862;24/07/2026;CARBEL KOREA VEICULOS LTDA;2,07E+13;BELO HORIZONTE;MG;24/07/2026;29/07/2026;29/07/2026;Entregue No Prazo;;Entrega realizada;Entrega Finalizada;29;7;24;7;XD BETIM;11021;;;
MOBIS BRASIL FABRICACAO DE AUTO PECAS LT;RODOVIARIO;1547550;24/07/2026;32;353857;24/07/2026;BDG AUTOVILLE VEICULOS LTDA;4,77E+13;CONTAGEM;MG;24/07/2026;29/07/2026;29/07/2026;Entregue No Prazo;;Entrega realizada;Entrega Finalizada;29;7;24;7;XD BETIM;11037;;;
MOBIS BRASIL FABRICACAO DE AUTO PECAS LT;RODOVIARIO;1548116;24/07/2026;15;353875;24/07/2026;TAI MOTORS VEICULOS S/A;9,27E+12;BELO HORIZONTE;MG;24/07/2026;29/07/2026;29/07/2026;Entregue No Prazo;;Entrega realizada;Entrega Finalizada;29;7;24;7;XD BETIM;8002;;;
MOBIS BRASIL FABRICACAO DE AUTO PECAS LT;RODOVIARIO;1547546;24/07/2026;7;353938;24/07/2026;URCA MOTORS VEICULOS LTDA;8,77E+12;UBERABA;MG;24/07/2026;30/07/2026;29/07/2026;Entregue No Prazo;;Entrega realizada;Entrega Finalizada;30;7;24;7;CAMILO;9014;;;
MOBIS BRASIL FABRICACAO DE AUTO PECAS LT;RODOVIARIO;1547549;24/07/2026;2;353941;24/07/2026;VIME POCOS COM. DE VEICULOS E PECAS LTDA;3,43E+13;POCOS DE CALDAS;MG;24/07/2026;30/07/2026;29/07/2026;Entregue No Prazo;Comprovante retido;Entrega realizada;Entrega Finalizada;30;7;24;7;CAMILO;11033;;;
MOBIS BRASIL FABRICACAO DE AUTO PECAS LT;RODOVIARIO;1547565;24/07/2026;3;353895;24/07/2026;VETOR AUTOMOVEIS LTDA;2,12E+13;UMUARAMA;PR;24/07/2026;30/07/2026;29/07/2026;Entregue No Prazo;;Entrega realizada;Entrega Finalizada;30;7;24;7;TRANSTRY;18019;;;
MOBIS BRASIL FABRICACAO DE AUTO PECAS LT;RODOVIARIO;1547572;24/07/2026;3;353917;24/07/2026;ITAVEMA MOTORS VEICULOS LTDA;7,73E+12;RIO DE JANEIRO;RJ;24/07/2026;30/07/2026;29/07/2026;Entregue No Prazo;;Entrega realizada;Entrega Finalizada;30;7;24;7;CAMILO;19001;;;
MOBIS BRASIL FABRICACAO DE AUTO PECAS LT;RODOVIARIO;1547614;24/07/2026;2;353899;24/07/2026;DESTAQUE SEUL DISTR DE VEIC PEC LTDA;2,12E+13;CARAGUATATUBA;SP;24/07/2026;30/07/2026;29/07/2026;Entregue No Prazo;;Entrega realizada;Entrega Finalizada;30;7;24;7;MVT;26082;;;
MOBIS BRASIL FABRICACAO DE AUTO PECAS LT;RODOVIARIO;1547615;24/07/2026;1;353899;24/07/2026;DESTAQUE SEUL DISTR DE VEIC PEC LTDA;2,12E+13;CARAGUATATUBA;SP;24/07/2026;30/07/2026;29/07/2026;Entregue No Prazo;;Entrega realizada;Entrega Finalizada;30;7;24;7;MVT;26082;;;
MOBIS BRASIL FABRICACAO DE AUTO PECAS LT;RODOVIARIO;1547534;24/07/2026;6;353933;24/07/2026;TAI MOTORS VEICULOS S/A;9,27E+12;VITORIA;ES;24/07/2026;31/07/2026;29/07/2026;Entregue No Prazo;;Entrega realizada;Entrega Finalizada;31;7;24;7;CAMILO;8002;;;
MOBIS BRASIL FABRICACAO DE AUTO PECAS LT;RODOVIARIO;1547574;24/07/2026;1;353940;24/07/2026;VIA VR VEICULOS LTDA;1,73E+13;PETROPOLIS;RJ;24/07/2026;31/07/2026;29/07/2026;Entregue No Prazo;;Entrega realizada;Entrega Finalizada;31;7;24;7;CAMILO;19016;;;
MOBIS BRASIL FABRICACAO DE AUTO PECAS LT;RODOVIARIO;1547576;24/07/2026;2;353919;24/07/2026;MONTREAL VEICULOS E PECAS LTDA;1,68E+13;SAO PEDRO DA ALDEIA;RJ;24/07/2026;31/07/2026;29/07/2026;Entregue No Prazo;;Entrega realizada;Entrega Finalizada;31;7;24;7;CAMILO;19030;;;
MOBIS BRASIL FABRICACAO DE AUTO PECAS LT;RODOVIARIO;1547585;24/07/2026;4;353892;24/07/2026;LR COMERCIO DE VEICULOS LTDA;1,05E+13;SAO JOSE;SC;24/07/2026;31/07/2026;29/07/2026;Entregue No Prazo;;Entrega realizada;Entrega Finalizada;31;7;24;7;TRANSTRY;24007;;;
MOBIS BRASIL FABRICACAO DE AUTO PECAS LT;RODOVIARIO;1547586;24/07/2026;13;353882;24/07/2026;BARI VEICULOS LTDA;7,46E+12;BLUMENAU;SC;24/07/2026;31/07/2026;29/07/2026;Entregue No Prazo;;Entrega realizada;Entrega Finalizada;31;7;24;7;TRANSTRY;18024;;;
MOBIS BRASIL FABRICACAO DE AUTO PECAS LT;RODOVIARIO;1547587;24/07/2026;8;353882;24/07/2026;BARI VEICULOS LTDA;7,46E+12;BLUMENAU;SC;24/07/2026;31/07/2026;29/07/2026;Entregue No Prazo;;Entrega realizada;Entrega Finalizada;31;7;24;7;TRANSTRY;18024;;;
MOBIS BRASIL FABRICACAO DE AUTO PECAS LT;RODOVIARIO;1547589;24/07/2026;1;353893;24/07/2026;PONTO CERTO COMERCIO DE VEICULOS LTDA;1,50E+13;LAGES;SC;24/07/2026;31/07/2026;29/07/2026;Entregue No Prazo;;Entrega realizada;Entrega Finalizada;31;7;24;7;TRANSTRY;24017;;;
MOBIS BRASIL FABRICACAO DE AUTO PECAS LT;RODOVIARIO;1547532;24/07/2026;61;353874;24/07/2026;SMAFF IMPORT VEICULOS LTDA;8,18E+12;BRASILIA;DF;24/07/2026;03/08/2026;29/07/2026;Entregue No Prazo;;Entrega realizada;Entrega Finalizada;3;8;24;7;RIO VERMELHO;7002;;;
MOBIS BRASIL FABRICACAO DE AUTO PECAS LT;RODOVIARIO;1547552;24/07/2026;4;353915;24/07/2026;GOLDEN MOTORS VEICULOS LTDA;3,62E+12;DOURADOS;MS;24/07/2026;03/08/2026;29/07/2026;Entregue No Prazo;Avaria;Entrega realizada;Entrega Finalizada;3;8;24;7;CARVALIMA;12001;;;
MOBIS BRASIL FABRICACAO DE AUTO PECAS LT;RODOVIARIO;1548290;27/07/2026;1;354208;27/07/2026;BILLY DISTRIBUIDORA DE VEICULOS LTDA;1,34E+13;BARUERI;SP;27/07/2026;29/07/2026;29/07/2026;Entregue No Prazo;;Entrega realizada;Entrega Finalizada;29;7;27;7;XD DIADEMA;26003;;;
MOBIS BRASIL FABRICACAO DE AUTO PECAS LT;RODOVIARIO;1548315;27/07/2026;1;354214;27/07/2026;CAOA MOTOR DO BRASIL LTDA(NACOES UNIDAS);1,68E+13;SAO PAULO;SP;27/07/2026;29/07/2026;29/07/2026;Entregue No Prazo;;Entrega realizada;Entrega Finalizada;29;7;27;7;XD DIADEMA;26087;;;
MOBIS BRASIL FABRICACAO DE AUTO PECAS LT;RODOVIARIO;1548228;27/07/2026;1;354211;27/07/2026;CAOA MOTOR DO BRASIL LTDA;1,68E+13;BELO HORIZONTE;MG;27/07/2026;30/07/2026;29/07/2026;Entregue No Prazo;;Entrega realizada;Entrega Finalizada;30;7;27;7;XD BETIM;5008;;;
MOBIS BRASIL FABRICACAO DE AUTO PECAS LT;RODOVIARIO;1548232;27/07/2026;14;354206;27/07/2026;BDG AUTOVILLE VEICULOS LTDA;4,77E+13;CONTAGEM;MG;27/07/2026;30/07/2026;29/07/2026;Entregue No Prazo;;Entrega realizada;Entrega Finalizada;30;7;27;7;XD BETIM;11037;;;
MOBIS BRASIL FABRICACAO DE AUTO PECAS LT;RODOVIARIO;1548251;27/07/2026;2;354252;27/07/2026;SEVEC VEICULOS LTDA;5,68E+11;CURITIBA;PR;27/07/2026;30/07/2026;29/07/2026;Entregue No Prazo;;Entrega realizada;Entrega Finalizada;30;7;27;7;TRANSTRY;18012;;;
MOBIS BRASIL FABRICACAO DE AUTO PECAS LT;RODOVIARIO;1548252;27/07/2026;4;354252;27/07/2026;SEVEC VEICULOS LTDA;5,68E+11;CURITIBA;PR;27/07/2026;30/07/2026;29/07/2026;Entregue No Prazo;;Entrega realizada;Entrega Finalizada;30;7;27;7;TRANSTRY;18012;;;
MOBIS BRASIL FABRICACAO DE AUTO PECAS LT;RODOVIARIO;1548259;27/07/2026;8;354243;27/07/2026;BARI VEICULOS LTDA;7,46E+12;CURITIBA;PR;27/07/2026;30/07/2026;29/07/2026;Entregue No Prazo;;Entrega realizada;Entrega Finalizada;30;7;27;7;TRANSTRY;18024;;;
MOBIS BRASIL FABRICACAO DE AUTO PECAS LT;RODOVIARIO;1548294;27/07/2026;11;354267;27/07/2026;MOTONET COMERCIO DE VEICULOS LTDA;9,28E+12;SOROCABA;SP;27/07/2026;30/07/2026;29/07/2026;Entregue No Prazo;;Entrega realizada;Entrega Finalizada;30;7;27;7;MVT;26113;;;
MOBIS BRASIL FABRICACAO DE AUTO PECAS LT;RODOVIARIO;1548490;27/07/2026;11;354228;27/07/2026;TAI MOTORS VEICULOS S/A;9,27E+12;BELO HORIZONTE;MG;27/07/2026;30/07/2026;29/07/2026;Entregue No Prazo;;Entrega realizada;Entrega Finalizada;30;7;27;7;XD BETIM;8002;;;
MOBIS BRASIL FABRICACAO DE AUTO PECAS LT;RODOVIARIO;1548230;27/07/2026;1;354311;27/07/2026;VIME POCOS COM. DE VEICULOS E PECAS LTDA;3,43E+13;POCOS DE CALDAS;MG;27/07/2026;31/07/2026;29/07/2026;Entregue No Prazo;;Entrega realizada;Entrega Finalizada;31;7;27;7;CAMILO;11033;;;
MOBIS BRASIL FABRICACAO DE AUTO PECAS LT;RODOVIARIO;1548255;27/07/2026;3;354245;27/07/2026;BARI VEICULOS LTDA;7,46E+12;PONTA GROSSA;PR;27/07/2026;31/07/2026;29/07/2026;Entregue No Prazo;;Entrega realizada;Entrega Finalizada;31;7;27;7;TRANSTRY;18024;;;
MOBIS BRASIL FABRICACAO DE AUTO PECAS LT;RODOVIARIO;1548256;27/07/2026;8;354245;27/07/2026;BARI VEICULOS LTDA;7,46E+12;PONTA GROSSA;PR;27/07/2026;31/07/2026;29/07/2026;Entregue No Prazo;;Entrega realizada;Entrega Finalizada;31;7;27;7;TRANSTRY;18024;;;
MOBIS BRASIL FABRICACAO DE AUTO PECAS LT;RODOVIARIO;1548258;27/07/2026;1;354244;27/07/2026;BARI VEICULOS LTDA;7,46E+12;SAO JOSE DOS PINHAIS;PR;27/07/2026;31/07/2026;29/07/2026;Entregue No Prazo;;Entrega realizada;Entrega Finalizada;31;7;27;7;TRANSTRY;18024;;;
MOBIS BRASIL FABRICACAO DE AUTO PECAS LT;RODOVIARIO;1548301;27/07/2026;7;354266;27/07/2026;H R B COMERCIO DE VEICULOS LTDA;1,82E+13;SAO JOSE DO RIO PRETO;SP;27/07/2026;31/07/2026;29/07/2026;Entregue No Prazo;;Entrega realizada;Entrega Finalizada;31;7;27;7;MVT;26050;;;
MOBIS BRASIL FABRICACAO DE AUTO PECAS LT;RODOVIARIO;1548305;27/07/2026;2;354262;27/07/2026;GOLDEN MOTORS VEICULOS LTDA;3,62E+12;ARACATUBA;SP;27/07/2026;31/07/2026;29/07/2026;Entregue No Prazo;;Entrega realizada;Entrega Finalizada;31;7;27;7;MVT;12001;;;
MOBIS BRASIL FABRICACAO DE AUTO PECAS LT;RODOVIARIO;1548310;27/07/2026;3;354268;27/07/2026;NEW VEICULOS E PECAS LTDA.;1,59E+13;ARARAQUARA;SP;27/07/2026;31/07/2026;29/07/2026;Entregue No Prazo;;Entrega realizada;Entrega Finalizada;31;7;27;7;MVT;26071;;;
MOBIS BRASIL FABRICACAO DE AUTO PECAS LT;RODOVIARIO;1548312;27/07/2026;2;354260;27/07/2026;DHC COMERCIO DE VEICULOS E PECAS LTDA;9,52E+12;JAU;SP;27/07/2026;31/07/2026;29/07/2026;Entregue No Prazo;;Entrega realizada;Entrega Finalizada;31;7;27;7;MVT;26010;;;
MOBIS BRASIL FABRICACAO DE AUTO PECAS LT;RODOVIARIO;1548318;27/07/2026;3;354265;27/07/2026;H - CAMINHO AUTOMOVEIS LTDA;2,53E+13;PIRACICABA;SP;27/07/2026;31/07/2026;29/07/2026;Entregue No Prazo;;Entrega realizada;Entrega Finalizada;31;7;27;7;MVT;26092;;;
MOBIS BRASIL FABRICACAO DE AUTO PECAS LT;RODOVIARIO;1548320;27/07/2026;1;354258;27/07/2026;DHC COMERCIO DE VEICULOS E PECAS LTDA;9,52E+12;OURINHOS;SP;27/07/2026;31/07/2026;29/07/2026;Entregue No Prazo;;Entrega realizada;Entrega Finalizada;31;7;27;7;MVT;26010;;;
MOBIS BRASIL FABRICACAO DE AUTO PECAS LT;RODOVIARIO;1548323;27/07/2026;1;354263;27/07/2026;GOLDEN MOTORS VEICULOS LTDA;3,62E+12;VOTUPORANGA;SP;27/07/2026;31/07/2026;29/07/2026;Entregue No Prazo;;Entrega realizada;Entrega Finalizada;31;7;27;7;MVT;12001;;;
MOBIS BRASIL FABRICACAO DE AUTO PECAS LT;RODOVIARIO;1548302;27/07/2026;1;354323;28/07/2026;CHS MOTORS VEICULOS PECAS(VL. GUILHERME);1,69E+13;SAO PAULO;SP;28/07/2026;30/07/2026;29/07/2026;Entregue No Prazo;;Entrega realizada;Entrega Finalizada;30;7;28;7;BV LOG;26052;;;
MOBIS BRASIL FABRICACAO DE AUTO PECAS LT;RODOVIARIO;1548303;27/07/2026;13;354323;28/07/2026;CHS MOTORS VEICULOS PECAS(VL. GUILHERME);1,69E+13;SAO PAULO;SP;28/07/2026;30/07/2026;29/07/2026;Entregue No Prazo;;Entrega realizada;Entrega Finalizada;30;7;28;7;BV LOG;26052;;;
MOBIS BRASIL FABRICACAO DE AUTO PECAS LT;RODOVIARIO;1549304;28/07/2026;2;354337;28/07/2026;NOBRE DISTRIBUIDORA DE VEICULOS E PECAS;5,76E+12;MOGI DAS CRUZES;SP;28/07/2026;30/07/2026;29/07/2026;Entregue No Prazo;;Entrega realizada;Entrega Finalizada;30;7;28;7;XD DIADEMA;26004;;;
MOBIS BRASIL FABRICACAO DE AUTO PECAS LT;RODOVIARIO;1548300;27/07/2026;3;354348;28/07/2026;NEW VEICULOS E PECAS LTDA;1,59E+13;FRANCA;SP;28/07/2026;03/08/2026;29/07/2026;Entregue No Prazo;;Entrega realizada;Entrega Finalizada;3;8;28;7;MVT;26014;;;
MOBIS BRASIL FABRICACAO DE AUTO PECAS LT;RODOVIARIO;1549280;28/07/2026;1;354374;28/07/2026;VIME POCOS COM. DE VEICULOS E PECAS LTDA;3,43E+13;POCOS DE CALDAS;MG;28/07/2026;03/08/2026;29/07/2026;Entregue No Prazo;;Entrega realizada;Entrega Finalizada;3;8;28;7;CAMILO;11033;;;
MOBIS BRASIL FABRICACAO DE AUTO PECAS LT;RODOVIARIO;1549306;28/07/2026;16;354344;28/07/2026;H R B COMERCIO DE VEICULOS LTDA;1,82E+13;SAO JOSE DO RIO PRETO;SP;28/07/2026;03/08/2026;29/07/2026;Entregue No Prazo;Avaria;Entrega realizada;Entrega Finalizada;3;8;28;7;MVT;26050;;;
MOBIS BRASIL FABRICACAO DE AUTO PECAS LT;RODOVIARIO;1549309;28/07/2026;1;354347;28/07/2026;NEW VEICULOS E PECAS LTDA;1,59E+13;BARRETOS;SP;28/07/2026;03/08/2026;29/07/2026;Entregue No Prazo;;Entrega realizada;Entrega Finalizada;3;8;28;7;MVT;26014;;;
MOBIS BRASIL FABRICACAO DE AUTO PECAS LT;RODOVIARIO;1549303;28/07/2026;1;354560;29/07/2026;BILLY DISTRIBUIDORA DE VEICULOS LTDA;1,34E+13;BARUERI;SP;29/07/2026;31/07/2026;29/07/2026;Entregue No Prazo;;Entrega realizada;Entrega Finalizada;31;7;29;7;BV LOG;26003;;;
MOBIS BRASIL FABRICACAO DE AUTO PECAS LT;RODOVIARIO;1549307;28/07/2026;7;354561;29/07/2026;CAOA MOTOR DO BRASIL LTDA (VL PRUDENTE);1,68E+13;SAO PAULO;SP;29/07/2026;31/07/2026;29/07/2026;Entregue No Prazo;;Entrega realizada;Entrega Finalizada;31;7;29;7;BV LOG;26051;;;
MOBIS BRASIL FABRICACAO DE AUTO PECAS LT;RODOVIARIO;1550204;29/07/2026;22;354587;29/07/2026;ANDRETA II DISTRIBUIDORA DE VEIC. LTDA;9,10E+12;CAMPINAS;SP;29/07/2026;03/08/2026;29/07/2026;Entregue No Prazo;;Entrega realizada;Entrega Finalizada;3;8;29;7;BV LOG;26011;;;
MOBIS BRASIL FABRICACAO DE AUTO PECAS LT;RODOVIARIO;1550201;29/07/2026;38;354588;29/07/2026;HYMAX DISTRIBUIDORA DE VEICULOS LTDA;1,73E+13;MOGI GUACU;SP;29/07/2026;04/08/2026;29/07/2026;Entregue No Prazo;;Entrega realizada;Entrega Finalizada;4;8;29;7;BV LOG;26002;;;
MOBIS BRASIL FABRICACAO DE AUTO PECAS LT;RODOVIARIO;1540778;13/07/2026;2;351867;13/07/2026;PATEO COMERCIO DE VEICULOS S A;7,78E+12;MANAUS;AM;13/07/2026;06/08/2026;30/07/2026;Entregue No Prazo;;Entrega realizada;Entrega Finalizada;6;8;13;7;CARVALIMA;3002;;;
MOBIS BRASIL FABRICACAO DE AUTO PECAS LT;RODOVIARIO;1541539;14/07/2026;3;352126;14/07/2026;UNIQUE BOA VISTA COM. DE AUTOMOVEIS LTDA;3,48E+13;BOA VISTA;RR;14/07/2026;11/08/2026;30/07/2026;Entregue No Prazo;;Entrega realizada;Entrega Finalizada;11;8;14;7;CARVALIMA;22002;Criação da Capitania de SC;Estadual;SC
MOBIS BRASIL FABRICACAO DE AUTO PECAS LT;RODOVIARIO;1544682;20/07/2026;1;353076;20/07/2026;MISO VEICULOS LTDA;1,85E+13;SANTAREM;PA;20/07/2026;03/08/2026;30/07/2026;Entregue No Prazo;;Entrega realizada;Entrega Finalizada;3;8;20;7;CARVALIMA;4001;;;
MOBIS BRASIL FABRICACAO DE AUTO PECAS LT;RODOVIARIO;1544666;20/07/2026;2;353078;20/07/2026;ORVEL AUTOMOTOR HYD LTDA;2,52E+13;TEIXEIRA DE FREITAS;BA;20/07/2026;04/08/2026;30/07/2026;Entregue No Prazo;;Entrega realizada;Entrega Finalizada;4;8;20;7;TERMACO;5011;;;
MOBIS BRASIL FABRICACAO DE AUTO PECAS LT;RODOVIARIO;1544684;20/07/2026;3;353080;20/07/2026;PATEO COMERCIO DE VEICULOS S A;7,78E+12;JOAO PESSOA;PB;20/07/2026;04/08/2026;30/07/2026;Entregue No Prazo;;Entrega realizada;Entrega Finalizada;4;8;20;7;TERMACO;15003;;;
MOBIS BRASIL FABRICACAO DE AUTO PECAS LT;RODOVIARIO;1544687;20/07/2026;1;353081;20/07/2026;PATEO COMERCIO DE VEICULOS S A;7,78E+12;RECIFE;PE;20/07/2026;04/08/2026;30/07/2026;Entregue No Prazo;;Entrega realizada;Entrega Finalizada;4;8;20;7;TERMACO;16004;;;
MOBIS BRASIL FABRICACAO DE AUTO PECAS LT;RODOVIARIO;1545451;21/07/2026;2;353252;21/07/2026;CYCOSA AUTOMOVEIS LTDA;4,76E+12;MACEIO;AL;21/07/2026;04/08/2026;30/07/2026;Entregue No Prazo;;Entrega realizada;Entrega Finalizada;4;8;21;7;TERMACO;2001;;;
MOBIS BRASIL FABRICACAO DE AUTO PECAS LT;RODOVIARIO;1545485;21/07/2026;1;353265;21/07/2026;MISO VEICULOS LTDA;1,85E+13;SANTAREM;PA;21/07/2026;04/08/2026;30/07/2026;Entregue No Prazo;;Entrega realizada;Entrega Finalizada;4;8;21;7;CARVALIMA;4001;;;
MOBIS BRASIL FABRICACAO DE AUTO PECAS LT;RODOVIARIO;1545452;21/07/2026;2;353262;21/07/2026;JPN COMERCIO DE VEICULOS LTDA;3,20E+13;ARAPIRACA;AL;21/07/2026;06/08/2026;30/07/2026;Entregue No Prazo;;Entrega realizada;Entrega Finalizada;6;8;21;7;TERMACO;2003;;;
MOBIS BRASIL FABRICACAO DE AUTO PECAS LT;RODOVIARIO;1546246;22/07/2026;1;353451;22/07/2026;FAZZA MOTORS COMERCIO DE VEICULOS LTDA;1,24E+13;SALVADOR;BA;22/07/2026;03/08/2026;30/07/2026;Entregue No Prazo;;Entrega realizada;Entrega Finalizada;3;8;22;7;TERMACO;5007;;;
MOBIS BRASIL FABRICACAO DE AUTO PECAS LT;RODOVIARIO;1546260;22/07/2026;1;353412;22/07/2026;SAGA KOREA COM. DE VEIC. E PC. LTDA;1,27E+13;ANAPOLIS;GO;22/07/2026;04/08/2026;30/07/2026;Entregue No Prazo;;Entrega realizada;Entrega Finalizada;4;8;22;7;RIO VERMELHO;9012;;;
MOBIS BRASIL FABRICACAO DE AUTO PECAS LT;RODOVIARIO;1546243;22/07/2026;1;353449;22/07/2026;CYCOSA AUTOMOVEIS LTDA;4,76E+12;MACEIO;AL;22/07/2026;05/08/2026;30/07/2026;Entregue No Prazo;;Entrega realizada;Entrega Finalizada;5;8;22;7;TERMACO;2001;Fundação do Estado da Paraíba;Estadual;PB
MOBIS BRASIL FABRICACAO DE AUTO PECAS LT;RODOVIARIO;1546278;22/07/2026;2;353461;22/07/2026;PATEO COMERCIO DE VEICULOS S A;7,78E+12;JOAO PESSOA;PB;22/07/2026;06/08/2026;30/07/2026;Entregue No Prazo;;Entrega realizada;Entrega Finalizada;6;8;22;7;TERMACO;15003;;;
MOBIS BRASIL FABRICACAO DE AUTO PECAS LT;RODOVIARIO;1546279;22/07/2026;4;353461;22/07/2026;PATEO COMERCIO DE VEICULOS S A;7,78E+12;JOAO PESSOA;PB;22/07/2026;06/08/2026;30/07/2026;Entregue No Prazo;;Entrega realizada;Entrega Finalizada;6;8;22;7;TERMACO;15003;;;
MOBIS BRASIL FABRICACAO DE AUTO PECAS LT;RODOVIARIO;1546276;22/07/2026;4;353459;22/07/2026;NACIONAL NOVA MARABA DIST DE VEIC. LTDA;1,70E+13;PARAUAPEBAS;PA;22/07/2026;07/08/2026;30/07/2026;Entregue No Prazo;;Entrega realizada;Entrega Finalizada;7;8;22;7;CARVALIMA;14010;Emancipação Política do Rio Grande do Norte;Estadual;RN
MOBIS BRASIL FABRICACAO DE AUTO PECAS LT;RODOVIARIO;1546277;22/07/2026;1;353445;22/07/2026;CAOA MOTOR DO BRASIL LTDA;1,68E+13;CAMPINA GRANDE;PB;22/07/2026;07/08/2026;30/07/2026;Entregue No Prazo;;Entrega realizada;Entrega Finalizada;7;8;22;7;TERMACO;5008;Emancipação Política do Rio Grande do Norte;Estadual;RN
MOBIS BRASIL FABRICACAO DE AUTO PECAS LT;RODOVIARIO;1546263;22/07/2026;1;353458;22/07/2026;NACIONAL NOVA MARABA DIST DE VEIC. LTDA;1,70E+13;IMPERATRIZ;MA;22/07/2026;11/08/2026;30/07/2026;Entregue No Prazo;;Entrega realizada;Entrega Finalizada;11;8;22;7;TERMACO;10003;Criação da Capitania de SC;Estadual;SC
MOBIS BRASIL FABRICACAO DE AUTO PECAS LT;RODOVIARIO;1546940;23/07/2026;1;353673;23/07/2026;ZENDAI VEICULOS LTDA;1,97E+13;TOLEDO;PR;23/07/2026;30/07/2026;30/07/2026;Entregue No Prazo;;Entrega realizada;Entrega Finalizada;30;7;23;7;TRANSTRY;18016;;;
MOBIS BRASIL FABRICACAO DE AUTO PECAS LT;RODOVIARIO;1546969;23/07/2026;1;353663;23/07/2026;GALA COMERCIO DE VEICULOS LTDA.;1,77E+13;PELOTAS;RS;23/07/2026;30/07/2026;30/07/2026;Entregue No Prazo;;Entrega realizada;Entrega Finalizada;30;7;23;7;TRANSTRY;23009;;;
MOBIS BRASIL FABRICACAO DE AUTO PECAS LT;RODOVIARIO;1546923;23/07/2026;3;353719;23/07/2026;ULSAN COMERCIO DE VEICULOS LTDA.;2,10E+13;CAMPO GRANDE;MS;23/07/2026;31/07/2026;30/07/2026;Entregue No Prazo;;Entrega realizada;Entrega Finalizada;31;7;23;7;CARVALIMA;12004;;;
MOBIS BRASIL FABRICACAO DE AUTO PECAS LT;RODOVIARIO;1546970;23/07/2026;2;353659;23/07/2026;CHINHAN AUTOMOVEIS LTDA;2,41E+13;ERECHIM;RS;23/07/2026;31/07/2026;30/07/2026;Entregue No Prazo;;Entrega realizada;Entrega Finalizada;31;7;23;7;TRANSTRY;23019;;;
MOBIS BRASIL FABRICACAO DE AUTO PECAS LT;RODOVIARIO;1546897;23/07/2026;3;353710;23/07/2026;PATEO COMERCIO DE VEICULOS S A;7,78E+12;SALVADOR;BA;23/07/2026;04/08/2026;30/07/2026;Entregue No Prazo;;Entrega realizada;Entrega Finalizada;4;8;23;7;TERMACO;5003;;;
MOBIS BRASIL FABRICACAO DE AUTO PECAS LT;RODOVIARIO;1546898;23/07/2026;4;353710;23/07/2026;PATEO COMERCIO DE VEICULOS S A;7,78E+12;SALVADOR;BA;23/07/2026;04/08/2026;30/07/2026;Entregue No Prazo;;Entrega realizada;Entrega Finalizada;4;8;23;7;TERMACO;5003;;;
MOBIS BRASIL FABRICACAO DE AUTO PECAS LT;RODOVIARIO;1546899;23/07/2026;1;353699;23/07/2026;FAZZA MOTORS COMERCIO DE VEICULOS LTDA;1,24E+13;SALVADOR;BA;23/07/2026;04/08/2026;30/07/2026;Entregue No Prazo;;Entrega realizada;Entrega Finalizada;4;8;23;7;TERMACO;5007;;;
MOBIS BRASIL FABRICACAO DE AUTO PECAS LT;RODOVIARIO;1546960;23/07/2026;2;353714;23/07/2026;SAGA ASIA COM. DE VEIC.PC.E SERV. LTDA;2,14E+13;PORTO VELHO;RO;23/07/2026;04/08/2026;30/07/2026;Entregue No Prazo;;Entrega realizada;Entrega Finalizada;4;8;23;7;CARVALIMA;21003;;;
MOBIS BRASIL FABRICACAO DE AUTO PECAS LT;RODOVIARIO;1547345;23/07/2026;13;353717;23/07/2026;SEVEL VEICULOS LTDA;1,07E+13;ARACAJU;SE;23/07/2026;05/08/2026;30/07/2026;Entregue No Prazo;;Entrega realizada;Entrega Finalizada;5;8;23;7;TERMACO;25001;Fundação do Estado da Paraíba;Estadual;PB
MOBIS BRASIL FABRICACAO DE AUTO PECAS LT;RODOVIARIO;1546900;23/07/2026;1;353693;23/07/2026;CAOA MOTOR DO BRASIL LTDA;1,68E+13;LAURO DE FREITAS;BA;23/07/2026;07/08/2026;30/07/2026;Entregue No Prazo;;Entrega realizada;Entrega Finalizada;7;8;23;7;TERMACO;5008;Emancipação Política do Rio Grande do Norte;Estadual;RN
MOBIS BRASIL FABRICACAO DE AUTO PECAS LT;RODOVIARIO;1546928;23/07/2026;11;353690;23/07/2026;AUTORAC VEICULOS LTDA;1,06E+13;CARUARU;PE;23/07/2026;10/08/2026;30/07/2026;Entregue No Prazo;;Entrega realizada;Entrega Finalizada;10;8;23;7;TERMACO;16001;;;
MOBIS BRASIL FABRICACAO DE AUTO PECAS LT;RODOVIARIO;1546934;23/07/2026;1;353702;23/07/2026;GREEN CITY VEICULOS LTDA;2,10E+13;TERESINA;PI;23/07/2026;10/08/2026;30/07/2026;Entregue No Prazo;;Entrega realizada;Entrega Finalizada;10;8;23;7;TERMACO;17002;;;
MOBIS BRASIL FABRICACAO DE AUTO PECAS LT;RODOVIARIO;1547544;24/07/2026;1;353937;24/07/2026;URCA MOTORS VEICULOS LTDA;8,77E+12;UBERLANDIA;MG;24/07/2026;30/07/2026;30/07/2026;Entregue No Prazo;;Entrega realizada;Entrega Finalizada;30;7;24;7;CAMILO;9014;;;
MOBIS BRASIL FABRICACAO DE AUTO PECAS LT;RODOVIARIO;1547545;24/07/2026;40;353937;24/07/2026;URCA MOTORS VEICULOS LTDA;8,77E+12;UBERLANDIA;MG;24/07/2026;30/07/2026;30/07/2026;Entregue No Prazo;;Entrega realizada;Entrega Finalizada;30;7;24;7;CAMILO;9014;;;
MOBIS BRASIL FABRICACAO DE AUTO PECAS LT;RODOVIARIO;1547579;24/07/2026;10;353890;24/07/2026;HOUSE PARTS-COM. DE PCS. E VEICULOS LTDA;1,15E+13;PORTO ALEGRE;RS;24/07/2026;30/07/2026;30/07/2026;Entregue No Prazo;;Entrega realizada;Entrega Finalizada;30;7;24;7;TRANSTRY;23004;;;
MOBIS BRASIL FABRICACAO DE AUTO PECAS LT;RODOVIARIO;1547551;24/07/2026;3;353930;24/07/2026;RITMO MOTORS LTDA;1,94E+13;PASSOS;MG;24/07/2026;31/07/2026;30/07/2026;Entregue No Prazo;;Entrega realizada;Entrega Finalizada;31;7;24;7;CAMILO;11040;;;
MOBIS BRASIL FABRICACAO DE AUTO PECAS LT;RODOVIARIO;1547561;24/07/2026;3;353894;24/07/2026;SANTA FE VEICULOS LTDA.;1,16E+13;FRANCISCO BELTRAO;PR;24/07/2026;31/07/2026;30/07/2026;Entregue No Prazo;;Entrega realizada;Entrega Finalizada;31;7;24;7;TRANSTRY;18010;;;
MOBIS BRASIL FABRICACAO DE AUTO PECAS LT;RODOVIARIO;1547562;24/07/2026;4;353894;24/07/2026;SANTA FE VEICULOS LTDA.;1,16E+13;FRANCISCO BELTRAO;PR;24/07/2026;31/07/2026;30/07/2026;Entregue No Prazo;;Entrega realizada;Entrega Finalizada;31;7;24;7;TRANSTRY;18010;;;
MOBIS BRASIL FABRICACAO DE AUTO PECAS LT;RODOVIARIO;1547575;24/07/2026;1;353920;24/07/2026;MONTREAL VEICULOS E PECAS LTDA;1,68E+13;MACAE;RJ;24/07/2026;31/07/2026;30/07/2026;Entregue No Prazo;;Entrega realizada;Entrega Finalizada;31;7;24;7;CAMILO;19030;;;
MOBIS BRASIL FABRICACAO DE AUTO PECAS LT;RODOVIARIO;1547580;24/07/2026;4;353888;24/07/2026;GALA COMERCIO DE VEICULOS LTDA.;1,77E+13;PELOTAS;RS;24/07/2026;31/07/2026;30/07/2026;Entregue No Prazo;;Entrega realizada;Entrega Finalizada;31;7;24;7;TRANSTRY;23009;;;
MOBIS BRASIL FABRICACAO DE AUTO PECAS LT;RODOVIARIO;1547582;24/07/2026;3;353881;24/07/2026;ATUAL VEICULOS LTDA;1,33E+13;ARARANGUA;SC;24/07/2026;31/07/2026;30/07/2026;Entregue No Prazo;;Entrega realizada;Entrega Finalizada;31;7;24;7;TRANSTRY;24001;;;
MOBIS BRASIL FABRICACAO DE AUTO PECAS LT;RODOVIARIO;1547583;24/07/2026;3;353879;24/07/2026;ATUAL VEICULOS LTDA;1,33E+13;CRICIUMA;SC;24/07/2026;31/07/2026;30/07/2026;Entregue No Prazo;;Entrega realizada;Entrega Finalizada;31;7;24;7;TRANSTRY;24001;;;
MOBIS BRASIL FABRICACAO DE AUTO PECAS LT;RODOVIARIO;1547535;24/07/2026;2;353929;24/07/2026;PRIME CACHOEIRO VEICULOS LTDA;9,34E+12;LINHARES;ES;24/07/2026;03/08/2026;30/07/2026;Entregue No Prazo;;Entrega realizada;Entrega Finalizada;3;8;24;7;CAMILO;8004;;;
MOBIS BRASIL FABRICACAO DE AUTO PECAS LT;RODOVIARIO;1547536;24/07/2026;1;353867;24/07/2026;NISA COMERCIAL DE VEIC. AUTOMOTORES LTDA;1,03E+13;APARECIDA DE GOIANIA;GO;24/07/2026;03/08/2026;30/07/2026;Entregue No Prazo;;Entrega realizada;Entrega Finalizada;3;8;24;7;RIO VERMELHO;9002;;;
MOBIS BRASIL FABRICACAO DE AUTO PECAS LT;RODOVIARIO;1547537;24/07/2026;71;353872;24/07/2026;SAGA KOREA COM. DE VEIC. E PC. LTDA;1,27E+13;GOIANIA;GO;24/07/2026;03/08/2026;30/07/2026;Entregue No Prazo;;Entrega realizada;Entrega Finalizada;3;8;24;7;RIO VERMELHO;9011;;;
MOBIS BRASIL FABRICACAO DE AUTO PECAS LT;RODOVIARIO;1547539;24/07/2026;9;353868;24/07/2026;NISA COMERCIAL DE VEIC. AUTOMOTORES LTDA;1,03E+13;GOIANIA;GO;24/07/2026;03/08/2026;30/07/2026;Entregue No Prazo;;Entrega realizada;Entrega Finalizada;3;8;24;7;RIO VERMELHO;9013;;;
MOBIS BRASIL FABRICACAO DE AUTO PECAS LT;RODOVIARIO;1547526;24/07/2026;3;353925;24/07/2026;PATEO COMERCIO DE VEICULOS S A;7,78E+12;SALVADOR;BA;24/07/2026;05/08/2026;30/07/2026;Entregue No Prazo;;Entrega realizada;Entrega Finalizada;5;8;24;7;TERMACO;5003;Fundação do Estado da Paraíba;Estadual;PB
MOBIS BRASIL FABRICACAO DE AUTO PECAS LT;RODOVIARIO;1547527;24/07/2026;3;353914;24/07/2026;FAZZA MOTORS COMERCIO DE VEICULOS LTDA;1,24E+13;SALVADOR;BA;24/07/2026;05/08/2026;30/07/2026;Entregue No Prazo;;Entrega realizada;Entrega Finalizada;5;8;24;7;TERMACO;5007;Fundação do Estado da Paraíba;Estadual;PB
MOBIS BRASIL FABRICACAO DE AUTO PECAS LT;RODOVIARIO;1547538;24/07/2026;1;353871;24/07/2026;SAGA KOREA COM. DE VEIC. E PC. LTDA;1,27E+13;ANAPOLIS;GO;24/07/2026;06/08/2026;30/07/2026;Entregue No Prazo;;Entrega realizada;Entrega Finalizada;6;8;24;7;RIO VERMELHO;9012;;;
MOBIS BRASIL FABRICACAO DE AUTO PECAS LT;RODOVIARIO;1548308;27/07/2026;1;354256;27/07/2026;CAOA MOTOR DO BRASIL LTDA;1,68E+13;CAMPINAS;SP;27/07/2026;30/07/2026;30/07/2026;Entregue No Prazo;;Entrega realizada;Entrega Finalizada;30;7;27;7;MVT;5008;;;
MOBIS BRASIL FABRICACAO DE AUTO PECAS LT;RODOVIARIO;1548319;27/07/2026;5;354264;27/07/2026;H - CAMINHO AUTOMOVEIS LTDA;2,53E+13;LIMEIRA;SP;27/07/2026;30/07/2026;30/07/2026;Entregue No Prazo;;Entrega realizada;Entrega Finalizada;30;7;27;7;MVT;26092;;;
MOBIS BRASIL FABRICACAO DE AUTO PECAS LT;RODOVIARIO;1548225;27/07/2026;1;354303;27/07/2026;TOKSU COMERCIO DE VEICULOS LTDA;1,12E+13;JUIZ DE FORA;MG;27/07/2026;31/07/2026;30/07/2026;Entregue No Prazo;;Entrega realizada;Entrega Finalizada;31;7;27;7;CAMILO;11008;;;
MOBIS BRASIL FABRICACAO DE AUTO PECAS LT;RODOVIARIO;1548229;27/07/2026;3;354302;27/07/2026;TOKSU COMERCIO DE VEICULOS LTDA;1,12E+13;VARGINHA;MG;27/07/2026;31/07/2026;30/07/2026;Entregue No Prazo;;Entrega realizada;Entrega Finalizada;31;7;27;7;CAMILO;11008;;;
MOBIS BRASIL FABRICACAO DE AUTO PECAS LT;RODOVIARIO;1548247;27/07/2026;2;354249;27/07/2026;LOVAT VEICULOS S/A;8,57E+12;LONDRINA;PR;27/07/2026;31/07/2026;30/07/2026;Entregue No Prazo;;Entrega realizada;Entrega Finalizada;31;7;27;7;TRANSTRY;18008;;;
MOBIS BRASIL FABRICACAO DE AUTO PECAS LT;RODOVIARIO;1548254;27/07/2026;19;354254;27/07/2026;VETOR AUTOMOVEIS LTDA;2,12E+13;CASCAVEL;PR;27/07/2026;31/07/2026;30/07/2026;Entregue No Prazo;;Entrega realizada;Entrega Finalizada;31;7;27;7;TRANSTRY;18019;;;
MOBIS BRASIL FABRICACAO DE AUTO PECAS LT;RODOVIARIO;1548257;27/07/2026;1;354253;27/07/2026;VETOR AUTOMOVEIS LTDA;2,12E+13;UMUARAMA;PR;27/07/2026;31/07/2026;30/07/2026;Entregue No Prazo;;Entrega realizada;Entrega Finalizada;31;7;27;7;TRANSTRY;18019;;;
MOBIS BRASIL FABRICACAO DE AUTO PECAS LT;RODOVIARIO;1548260;27/07/2026;5;354283;27/07/2026;ITAVEMA MOTORS VEICULOS LTDA;7,73E+12;DUQUE DE CAXIAS;RJ;27/07/2026;31/07/2026;30/07/2026;Entregue No Prazo;;Entrega realizada;Entrega Finalizada;31;7;27;7;CAMILO;19001;;;
MOBIS BRASIL FABRICACAO DE AUTO PECAS LT;RODOVIARIO;1548261;27/07/2026;4;354269;27/07/2026;AMX COM. E SERVICOS DE AUTOMOTORES LTDA;1,20E+13;RIO DE JANEIRO;RJ;27/07/2026;31/07/2026;30/07/2026;Entregue No Prazo;;Entrega realizada;Entrega Finalizada;31;7;27;7;CAMILO;19009;;;
MOBIS BRASIL FABRICACAO DE AUTO PECAS LT;RODOVIARIO;1548262;27/07/2026;1;354282;27/07/2026;ITAVEMA MOTORS VEICULOS LTDA;7,73E+12;RIO DE JANEIRO;RJ;27/07/2026;31/07/2026;30/07/2026;Entregue No Prazo;;Entrega realizada;Entrega Finalizada;31;7;27;7;CAMILO;19001;;;
MOBIS BRASIL FABRICACAO DE AUTO PECAS LT;RODOVIARIO;1548263;27/07/2026;37;354282;27/07/2026;ITAVEMA MOTORS VEICULOS LTDA;7,73E+12;RIO DE JANEIRO;RJ;27/07/2026;31/07/2026;30/07/2026;Entregue No Prazo;;Entrega realizada;Entrega Finalizada;31;7;27;7;CAMILO;19001;;;
MOBIS BRASIL FABRICACAO DE AUTO PECAS LT;RODOVIARIO;1548264;27/07/2026;1;354272;27/07/2026;CAOA MOTOR DO BRASIL LTDA;1,68E+13;RIO DE JANEIRO;RJ;27/07/2026;31/07/2026;30/07/2026;Entregue No Prazo;;Entrega realizada;Entrega Finalizada;31;7;27;7;CAMILO;5008;;;
MOBIS BRASIL FABRICACAO DE AUTO PECAS LT;RODOVIARIO;1548266;27/07/2026;2;354270;27/07/2026;CAOA MOTOR DO BRASIL LTDA;1,68E+13;RIO DE JANEIRO;RJ;27/07/2026;31/07/2026;30/07/2026;Entregue No Prazo;;Entrega realizada;Entrega Finalizada;31;7;27;7;CAMILO;5008;;;
MOBIS BRASIL FABRICACAO DE AUTO PECAS LT;RODOVIARIO;1548274;27/07/2026;9;354247;27/07/2026;HOUSE PARTS - COM. DE PECAS E VEIC. LTDA;1,15E+13;PORTO ALEGRE;RS;27/07/2026;31/07/2026;30/07/2026;Entregue No Prazo;;Entrega realizada;Entrega Finalizada;31;7;27;7;TRANSTRY;23004;;;
MOBIS BRASIL FABRICACAO DE AUTO PECAS LT;RODOVIARIO;1548250;27/07/2026;7;354251;27/07/2026;SANTA FE VEICULOS LTDA.;1,16E+13;FRANCISCO BELTRAO;PR;27/07/2026;03/08/2026;30/07/2026;Entregue No Prazo;;Entrega realizada;Entrega Finalizada;3;8;27;7;TRANSTRY;18010;;;
MOBIS BRASIL FABRICACAO DE AUTO PECAS LT;RODOVIARIO;1548253;27/07/2026;2;354255;27/07/2026;ZENDAI VEICULOS LTDA;1,97E+13;TOLEDO;PR;27/07/2026;03/08/2026;30/07/2026;Entregue No Prazo;;Entrega realizada;Entrega Finalizada;3;8;27;7;TRANSTRY;18016;;;
MOBIS BRASIL FABRICACAO DE AUTO PECAS LT;RODOVIARIO;1548276;27/07/2026;2;354237;27/07/2026;GALA COMERCIO DE VEICULOS LTDA.;1,77E+13;PELOTAS;RS;27/07/2026;03/08/2026;30/07/2026;Entregue No Prazo;;Entrega realizada;Entrega Finalizada;3;8;27;7;TRANSTRY;23009;;;
MOBIS BRASIL FABRICACAO DE AUTO PECAS LT;RODOVIARIO;1548278;27/07/2026;3;354240;27/07/2026;HOUSE PARTS - COM DE PECAS E VEIC LTDA;1,15E+13;OSORIO;RS;27/07/2026;03/08/2026;30/07/2026;Entregue No Prazo;;Entrega realizada;Entrega Finalizada;3;8;27;7;TRANSTRY;23016;;;
MOBIS BRASIL FABRICACAO DE AUTO PECAS LT;RODOVIARIO;1548279;27/07/2026;4;354230;27/07/2026;ATUAL VEICULOS LTDA;1,33E+13;ARARANGUA;SC;27/07/2026;03/08/2026;30/07/2026;Entregue No Prazo;;Entrega realizada;Entrega Finalizada;3;8;27;7;TRANSTRY;24001;;;
MOBIS BRASIL FABRICACAO DE AUTO PECAS LT;RODOVIARIO;1548280;27/07/2026;9;354229;27/07/2026;ATUAL VEICULOS LTDA;1,33E+13;CRICIUMA;SC;27/07/2026;03/08/2026;30/07/2026;Entregue No Prazo;;Entrega realizada;Entrega Finalizada;3;8;27;7;TRANSTRY;24001;;;
MOBIS BRASIL FABRICACAO DE AUTO PECAS LT;RODOVIARIO;1548282;27/07/2026;2;354242;27/07/2026;LS COMERCIO DE AUTOMOVEIS LTDA.;1,03E+13;BRUSQUE;SC;27/07/2026;03/08/2026;30/07/2026;Entregue No Prazo;;Entrega realizada;Entrega Finalizada;3;8;27;7;TRANSTRY;24006;;;
MOBIS BRASIL FABRICACAO DE AUTO PECAS LT;RODOVIARIO;1548283;27/07/2026;5;354241;27/07/2026;LR COMERCIO DE VEICULOS LTDA;1,05E+13;SAO JOSE;SC;27/07/2026;03/08/2026;30/07/2026;Entregue No Prazo;;Entrega realizada;Entrega Finalizada;3;8;27;7;TRANSTRY;24007;;;
MOBIS BRASIL FABRICACAO DE AUTO PECAS LT;RODOVIARIO;1548284;27/07/2026;31;354232;27/07/2026;BARI VEICULOS LTDA;7,46E+12;BLUMENAU;SC;27/07/2026;03/08/2026;30/07/2026;Entregue No Prazo;;Entrega realizada;Entrega Finalizada;3;8;27;7;TRANSTRY;18024;;;
MOBIS BRASIL FABRICACAO DE AUTO PECAS LT;RODOVIARIO;1548285;27/07/2026;31;354232;27/07/2026;BARI VEICULOS LTDA;7,46E+12;BLUMENAU;SC;27/07/2026;03/08/2026;30/07/2026;Entregue No Prazo;;Entrega realizada;Entrega Finalizada;3;8;27;7;TRANSTRY;18024;;;
MOBIS BRASIL FABRICACAO DE AUTO PECAS LT;RODOVIARIO;1548287;27/07/2026;4;354239;27/07/2026;GAMBATTO H1 VEICULOS LTDA;1,94E+13;CHAPECO;SC;27/07/2026;03/08/2026;30/07/2026;Entregue No Prazo;;Entrega realizada;Entrega Finalizada;3;8;27;7;TRANSTRY;24018;;;
MOBIS BRASIL FABRICACAO DE AUTO PECAS LT;RODOVIARIO;1548218;27/07/2026;2;354219;27/07/2026;NISA COMERCIAL DE VEIC. AUTOMOTORES LTDA;1,03E+13;APARECIDA DE GOIANIA;GO;27/07/2026;04/08/2026;30/07/2026;Entregue No Prazo;;Entrega realizada;Entrega Finalizada;4;8;27;7;RIO VERMELHO;9002;;;
MOBIS BRASIL FABRICACAO DE AUTO PECAS LT;RODOVIARIO;1548219;27/07/2026;3;354225;27/07/2026;SAGA KOREA COM. DE VEIC. E PC. LTDA;1,27E+13;GOIANIA;GO;27/07/2026;04/08/2026;30/07/2026;Entregue No Prazo;;Entrega realizada;Entrega Finalizada;4;8;27;7;RIO VERMELHO;9011;;;
MOBIS BRASIL FABRICACAO DE AUTO PECAS LT;RODOVIARIO;1548234;27/07/2026;1;354278;27/07/2026;GOLDEN MOTORS VEICULOS LTDA;3,62E+12;DOURADOS;MS;27/07/2026;04/08/2026;30/07/2026;Entregue No Prazo;;Entrega realizada;Entrega Finalizada;4;8;27;7;CARVALIMA;12001;;;
MOBIS BRASIL FABRICACAO DE AUTO PECAS LT;RODOVIARIO;1548288;27/07/2026;1;354235;27/07/2026;CHINHAN AUTOMOVEIS LTDA;2,41E+13;CONCORDIA;SC;27/07/2026;04/08/2026;30/07/2026;Entregue No Prazo;;Entrega realizada;Entrega Finalizada;4;8;27;7;TRANSTRY;23019;;;
MOBIS BRASIL FABRICACAO DE AUTO PECAS LT;RODOVIARIO;1548220;27/07/2026;6;354224;27/07/2026;SAGA KOREA COM. DE VEIC. E PC. LTDA;1,27E+13;ANAPOLIS;GO;27/07/2026;07/08/2026;30/07/2026;Entregue No Prazo;;Entrega realizada;Entrega Finalizada;7;8;27;7;RIO VERMELHO;9012;Emancipação Política do Rio Grande do Norte;Estadual;RN
MOBIS BRASIL FABRICACAO DE AUTO PECAS LT;RODOVIARIO;1548493;27/07/2026;7;354342;28/07/2026;ANDRETA II DISTRIB.DE VEICULOS LTDA.;9,10E+12;JUNDIAI;SP;28/07/2026;31/07/2026;30/07/2026;Entregue No Prazo;;Entrega realizada;Entrega Finalizada;31;7;28;7;MVT;26040;;;
MOBIS BRASIL FABRICACAO DE AUTO PECAS LT;RODOVIARIO;1549305;28/07/2026;33;354346;28/07/2026;NEW VEICULOS E PECAS LTDA;1,59E+13;RIBEIRAO PRETO;SP;28/07/2026;31/07/2026;30/07/2026;Entregue No Prazo;;Entrega realizada;Entrega Finalizada;31;7;28;7;MVT;26014;;;
MOBIS BRASIL FABRICACAO DE AUTO PECAS LT;RODOVIARIO;1549291;28/07/2026;1;354379;28/07/2026;LOVAT VEICULOS S/A;8,57E+12;LONDRINA;PR;28/07/2026;03/08/2026;30/07/2026;Entregue No Prazo;;Entrega realizada;Entrega Finalizada;3;8;28;7;TRANSTRY;18008;;;
MOBIS BRASIL FABRICACAO DE AUTO PECAS LT;RODOVIARIO;1549293;28/07/2026;1;354354;28/07/2026;AMX COM. E SERVICOS DE AUTOMOTORES LTDA;1,20E+13;RIO DE JANEIRO;RJ;28/07/2026;03/08/2026;30/07/2026;Entregue No Prazo;;Entrega realizada;Entrega Finalizada;3;8;28;7;CAMILO;19009;;;
MOBIS BRASIL FABRICACAO DE AUTO PECAS LT;RODOVIARIO;1549294;28/07/2026;1;354373;28/07/2026;VIA VR VEICULOS LTDA;1,73E+13;VOLTA REDONDA;RJ;28/07/2026;04/08/2026;30/07/2026;Entregue No Prazo;;Entrega realizada;Entrega Finalizada;4;8;28;7;CAMILO;19016;;;
MOBIS BRASIL FABRICACAO DE AUTO PECAS LT;RODOVIARIO;1549299;28/07/2026;12;354380;28/07/2026;LR COMERCIO DE VEICULOS LTDA;1,05E+13;SAO JOSE;SC;28/07/2026;04/08/2026;30/07/2026;Entregue No Prazo;;Entrega realizada;Entrega Finalizada;4;8;28;7;TRANSTRY;24007;;;
MOBIS BRASIL FABRICACAO DE AUTO PECAS LT;RODOVIARIO;1549300;28/07/2026;2;354375;28/07/2026;CHINHAN AUTOMOVEIS LTDA;2,41E+13;CONCORDIA;SC;28/07/2026;05/08/2026;30/07/2026;Entregue No Prazo;;Entrega realizada;Entrega Finalizada;5;8;28;7;TRANSTRY;23019;Fundação do Estado da Paraíba;Estadual;PB
MOBIS BRASIL FABRICACAO DE AUTO PECAS LT;RODOVIARIO;1550203;29/07/2026;1;354596;29/07/2026;GRAND SPORT COM. DE VEIC. E PECAS LTDA;8,58E+12;GUARULHOS;SP;29/07/2026;31/07/2026;30/07/2026;Entregue No Prazo;;Entrega realizada;Entrega Finalizada;31;7;29;7;XD DIADEMA;26005;;;
MOBIS BRASIL FABRICACAO DE AUTO PECAS LT;RODOVIARIO;1550207;29/07/2026;4;354597;29/07/2026;GRAND SPORT COM. DE VEIC. E PECAS LTDA;8,58E+12;SAO PAULO;SP;29/07/2026;31/07/2026;30/07/2026;Entregue No Prazo;;Entrega realizada;Entrega Finalizada;31;7;29;7;XD DIADEMA;26034;;;
MOBIS BRASIL FABRICACAO DE AUTO PECAS LT;RODOVIARIO;1550213;29/07/2026;1;354593;29/07/2026;CAOA MOTOR DO BRASIL LTDA (VL PRUDENTE);1,68E+13;SAO PAULO;SP;29/07/2026;31/07/2026;30/07/2026;Entregue No Prazo;;Entrega realizada;Entrega Finalizada;31;7;29;7;XD DIADEMA;26051;;;
MOBIS BRASIL FABRICACAO DE AUTO PECAS LT;RODOVIARIO;1550214;29/07/2026;2;354593;29/07/2026;CAOA MOTOR DO BRASIL LTDA (VL PRUDENTE);1,68E+13;SAO PAULO;SP;29/07/2026;31/07/2026;30/07/2026;Entregue No Prazo;;Entrega realizada;Entrega Finalizada;31;7;29;7;XD DIADEMA;26051;;;
MOBIS BRASIL FABRICACAO DE AUTO PECAS LT;RODOVIARIO;1550221;29/07/2026;1;354602;29/07/2026;NOBRE SP DISTRIB. DE VEIC. E PEC. LTDA;1,70E+13;SAO PAULO;SP;29/07/2026;31/07/2026;30/07/2026;Entregue No Prazo;;Entrega realizada;Entrega Finalizada;31;7;29;7;XD DIADEMA;26081;;;
MOBIS BRASIL FABRICACAO DE AUTO PECAS LT;RODOVIARIO;1550224;29/07/2026;5;354598;29/07/2026;GRANDAY AUTOMOTORES LTDA (CHAC. CALIFOR);1,57E+13;SAO PAULO;SP;29/07/2026;31/07/2026;30/07/2026;Entregue No Prazo;;Entrega realizada;Entrega Finalizada;31;7;29;7;XD DIADEMA;26090;;;
MOBIS BRASIL FABRICACAO DE AUTO PECAS LT;RODOVIARIO;1550174;29/07/2026;7;354584;29/07/2026;SEVEC VEICULOS LTDA;5,68E+11;CURITIBA;PR;29/07/2026;03/08/2026;30/07/2026;Entregue No Prazo;;Entrega realizada;Entrega Finalizada;3;8;29;7;TRANSTRY;18012;;;
MOBIS BRASIL FABRICACAO DE AUTO PECAS LT;RODOVIARIO;1550175;29/07/2026;1;354584;29/07/2026;SEVEC VEICULOS LTDA;5,68E+11;CURITIBA;PR;29/07/2026;03/08/2026;30/07/2026;Entregue No Prazo;;Entrega realizada;Entrega Finalizada;3;8;29;7;TRANSTRY;18012;;;
MOBIS BRASIL FABRICACAO DE AUTO PECAS LT;RODOVIARIO;1550179;29/07/2026;3;354573;29/07/2026;BARI VEICULOS LTDA.;7,46E+12;CURITIBA;PR;29/07/2026;03/08/2026;30/07/2026;Entregue No Prazo;;Entrega realizada;Entrega Finalizada;3;8;29;7;TRANSTRY;18029;;;
MOBIS BRASIL FABRICACAO DE AUTO PECAS LT;RODOVIARIO;1550206;29/07/2026;55;354799;29/07/2026;NEW VEICULOS E PECAS LTDA;1,59E+13;RIBEIRAO PRETO;SP;29/07/2026;03/08/2026;30/07/2026;Entregue No Prazo;;Entrega realizada;Entrega Finalizada;3;8;29;7;BV LOG;26014;;;
MOBIS BRASIL FABRICACAO DE AUTO PECAS LT;RODOVIARIO;1550217;29/07/2026;1;354592;29/07/2026;CAOA MOTOR DO BRASIL LTDA;1,68E+13;TAUBATE;SP;29/07/2026;03/08/2026;30/07/2026;Entregue No Prazo;;Entrega realizada;Entrega Finalizada;3;8;29;7;XD DIADEMA;5008;;;
MOBIS BRASIL FABRICACAO DE AUTO PECAS LT;RODOVIARIO;1550218;29/07/2026;1;354595;29/07/2026;DESTAQUE SEUL DISTR. DE VEIC. E PC. LTDA;2,12E+13;ATIBAIA;SP;29/07/2026;03/08/2026;30/07/2026;Entregue No Prazo;;Entrega realizada;Entrega Finalizada;3;8;29;7;XD DIADEMA;26075;;;
MOBIS BRASIL FABRICACAO DE AUTO PECAS LT;RODOVIARIO;1550219;29/07/2026;7;354595;29/07/2026;DESTAQUE SEUL DISTR. DE VEIC. E PC. LTDA;2,12E+13;ATIBAIA;SP;29/07/2026;03/08/2026;30/07/2026;Entregue No Prazo;;Entrega realizada;Entrega Finalizada;3;8;29;7;XD DIADEMA;26075;;;
MOBIS BRASIL FABRICACAO DE AUTO PECAS LT;RODOVIARIO;1550223;29/07/2026;15;354591;29/07/2026;CAOA MOTOR DO BRASIL LTDA;1,68E+13;SANTOS;SP;29/07/2026;03/08/2026;30/07/2026;Entregue No Prazo;;Entrega realizada;Entrega Finalizada;3;8;29;7;XD DIADEMA;5008;;;
MOBIS BRASIL FABRICACAO DE AUTO PECAS LT;RODOVIARIO;1550154;29/07/2026;6;354644;29/07/2026;TOKSU COMERCIO DE VEICULOS LTDA;1,12E+13;POUSO ALEGRE;MG;29/07/2026;04/08/2026;30/07/2026;Entregue No Prazo;;Entrega realizada;Entrega Finalizada;4;8;29;7;CAMILO;11008;;;
MOBIS BRASIL FABRICACAO DE AUTO PECAS LT;RODOVIARIO;1550210;29/07/2026;21;354615;29/07/2026;NEW VEICULOS E PECAS LTDA.;1,59E+13;FRANCA;SP;29/07/2026;04/08/2026;30/07/2026;Entregue No Prazo;;Entrega realizada;Entrega Finalizada;4;8;29;7;MVT;26048;;;
MOBIS BRASIL FABRICACAO DE AUTO PECAS LT;RODOVIARIO;1550225;29/07/2026;2;354612;29/07/2026;H - CAMINHO AUTOMOVEIS LTDA;2,53E+13;PIRACICABA;SP;29/07/2026;04/08/2026;30/07/2026;Entregue No Prazo;;Entrega realizada;Entrega Finalizada;4;8;29;7;MVT;26092;;;
MOBIS BRASIL FABRICACAO DE AUTO PECAS LT;RODOVIARIO;1550202;29/07/2026;11;354854;30/07/2026;BILLY DISTRIBUIDORA DE VEICULOS LTDA;1,34E+13;BARUERI;SP;30/07/2026;03/08/2026;30/07/2026;Entregue No Prazo;;Entrega realizada;Entrega Finalizada;3;8;30;7;BV LOG;26003;;;
MOBIS BRASIL FABRICACAO DE AUTO PECAS LT;RODOVIARIO;1550208;29/07/2026;1;354852;30/07/2026;BILLY DISTRIBUIDORA DE VEICULOS LTDA;1,34E+13;SAO CAETANO DO SUL;SP;30/07/2026;03/08/2026;30/07/2026;Entregue No Prazo;;Entrega realizada;Entrega Finalizada;3;8;30;7;BV LOG;26003;;;
MOBIS BRASIL FABRICACAO DE AUTO PECAS LT;RODOVIARIO;1550209;29/07/2026;103;354853;30/07/2026;BILLY DISTRIBUIDORA DE VEICULOS LTDA;1,34E+13;SAO CAETANO DO SUL;SP;30/07/2026;03/08/2026;30/07/2026;Entregue No Prazo;;Entrega realizada;Entrega Finalizada;3;8;30;7;BV LOG;26003;;;
MOBIS BRASIL FABRICACAO DE AUTO PECAS LT;RODOVIARIO;1550554;29/07/2026;99;354852;30/07/2026;BILLY DISTRIBUIDORA DE VEICULOS LTDA;1,34E+13;SAO CAETANO DO SUL;SP;30/07/2026;03/08/2026;30/07/2026;Entregue No Prazo;;Entrega realizada;Entrega Finalizada;3;8;30;7;BV LOG;26003;;;
MOBIS BRASIL FABRICACAO DE AUTO PECAS LT;RODOVIARIO;1542319;15/07/2026;1;352470;15/07/2026;MISO VEICULOS LTDA;1,85E+13;MACAPA;AP;15/07/2026;05/08/2026;31/07/2026;Entregue No Prazo;;Entrega realizada;Entrega Finalizada;5;8;15;7;CARVALIMA;4001;Fundação do Estado da Paraíba;Estadual;PB
MOBIS BRASIL FABRICACAO DE AUTO PECAS LT;RODOVIARIO;1543893;17/07/2026;4;352783;17/07/2026;JPN PATOS COMERCIO DE VEICULOS LTDA;4,20E+13;PATOS;PB;17/07/2026;04/08/2026;31/07/2026;Entregue No Prazo;;Entrega realizada;Entrega Finalizada;4;8;17;7;TERMACO;15004;;;
MOBIS BRASIL FABRICACAO DE AUTO PECAS LT;RODOVIARIO;1543858;17/07/2026;1;352784;17/07/2026;MISO VEICULOS LTDA;1,85E+13;MACAPA;AP;17/07/2026;07/08/2026;31/07/2026;Entregue No Prazo;;Entrega realizada;Entrega Finalizada;7;8;17;7;CARVALIMA;4001;Emancipação Política do Rio Grande do Norte;Estadual;RN
MOBIS BRASIL FABRICACAO DE AUTO PECAS LT;RODOVIARIO;1543859;17/07/2026;4;352784;17/07/2026;MISO VEICULOS LTDA;1,85E+13;MACAPA;AP;17/07/2026;07/08/2026;31/07/2026;Entregue No Prazo;;Entrega realizada;Entrega Finalizada;7;8;17;7;CARVALIMA;4001;Emancipação Política do Rio Grande do Norte;Estadual;RN
MOBIS BRASIL FABRICACAO DE AUTO PECAS LT;RODOVIARIO;1544683;20/07/2026;7;353069;20/07/2026;CAOA MOTOR DO BRASIL LTDA;1,68E+13;CAMPINA GRANDE;PB;20/07/2026;05/08/2026;31/07/2026;Entregue No Prazo;;Entrega realizada;Entrega Finalizada;5;8;20;7;TERMACO;5008;Fundação do Estado da Paraíba;Estadual;PB
MOBIS BRASIL FABRICACAO DE AUTO PECAS LT;RODOVIARIO;1545466;21/07/2026;1;353212;21/07/2026;URCA MOTORS VEICULOS LTDA;8,77E+12;RIO VERDE;GO;21/07/2026;31/07/2026;31/07/2026;Entregue No Prazo;;Entrega realizada;Entrega Finalizada;31;7;21;7;RIO VERMELHO;9014;;;
MOBIS BRASIL FABRICACAO DE AUTO PECAS LT;RODOVIARIO;1545467;21/07/2026;4;353213;21/07/2026;URCA MOTORS VEICULOS LTDA;8,77E+12;ITUMBIARA;GO;21/07/2026;31/07/2026;31/07/2026;Entregue No Prazo;;Entrega realizada;Entrega Finalizada;31;7;21;7;RIO VERMELHO;9014;;;
MOBIS BRASIL FABRICACAO DE AUTO PECAS LT;RODOVIARIO;1545484;21/07/2026;35;353276;21/07/2026;UNIQUE COMERCIO DE AUTOMOVEIS LTDA;1,74E+13;ANANINDEUA;PA;21/07/2026;03/08/2026;31/07/2026;Entregue No Prazo;;Entrega realizada;Entrega Finalizada;3;8;21;7;CARVALIMA;14003;;;
MOBIS BRASIL FABRICACAO DE AUTO PECAS LT;RODOVIARIO;1545458;21/07/2026;1;353264;21/07/2026;MASTER COMERCIAL DE VEICULOS LTDA;2,85E+13;BARREIRAS;BA;21/07/2026;05/08/2026;31/07/2026;Entregue No Prazo;;Entrega realizada;Entrega Finalizada;5;8;21;7;TERMACO;5012;Fundação do Estado da Paraíba;Estadual;PB
MOBIS BRASIL FABRICACAO DE AUTO PECAS LT;RODOVIARIO;1546274;22/07/2026;4;353470;22/07/2026;UNIQUE COMERCIO DE AUTOMOVEIS LTDA;1,74E+13;ANANINDEUA;PA;22/07/2026;04/08/2026;31/07/2026;Entregue No Prazo;;Entrega realizada;Entrega Finalizada;4;8;22;7;CARVALIMA;14003;;;
MOBIS BRASIL FABRICACAO DE AUTO PECAS LT;RODOVIARIO;1546275;22/07/2026;2;353454;22/07/2026;GRANDE COREIA COMERCIO DE VEICULOS LTDA;2,66E+13;BELEM;PA;22/07/2026;04/08/2026;31/07/2026;Entregue No Prazo;;Entrega realizada;Entrega Finalizada;4;8;22;7;CARVALIMA;14007;;;
MOBIS BRASIL FABRICACAO DE AUTO PECAS LT;RODOVIARIO;1546248;22/07/2026;4;353473;22/07/2026;VIA NORTE COM. E IMPORT. DE VEIC. LTDA;1,25E+13;SOBRAL;CE;22/07/2026;07/08/2026;31/07/2026;Entregue No Prazo;;Entrega realizada;Entrega Finalizada;7;8;22;7;TERMACO;6002;Emancipação Política do Rio Grande do Norte;Estadual;RN
MOBIS BRASIL FABRICACAO DE AUTO PECAS LT;RODOVIARIO;1546967;23/07/2026;3;353664;23/07/2026;HOUSE PARTS - COM. DE PECAS E VEIC. LTDA;1,15E+13;SANTA MARIA;RS;23/07/2026;31/07/2026;31/07/2026;Entregue No Prazo;;Entrega realizada;Entrega Finalizada;31;7;23;7;TRANSTRY;23008;;;
MOBIS BRASIL FABRICACAO DE AUTO PECAS LT;RODOVIARIO;1546971;23/07/2026;3;353662;23/07/2026;GALA COMERCIO DE VEICULOS LTDA;1,77E+13;BAGE;RS;23/07/2026;03/08/2026;31/07/2026;Entregue No Prazo;;Entrega realizada;Entrega Finalizada;3;8;23;7;TRANSTRY;23009;;;
MOBIS BRASIL FABRICACAO DE AUTO PECAS LT;RODOVIARIO;1546927;23/07/2026;1;353700;23/07/2026;GRANDE COREIA COMERCIO DE VEICULOS LTDA;2,66E+13;BELEM;PA;23/07/2026;05/08/2026;31/07/2026;Entregue No Prazo;;Entrega realizada;Entrega Finalizada;5;8;23;7;CARVALIMA;14007;Fundação do Estado da Paraíba;Estadual;PB
MOBIS BRASIL FABRICACAO DE AUTO PECAS LT;RODOVIARIO;1546931;23/07/2026;2;353705;23/07/2026;JPN COMERCIO DE AUTOMOVEIS LTDA;2,61E+13;GARANHUNS;PE;23/07/2026;10/08/2026;31/07/2026;Entregue No Prazo;;Entrega realizada;Entrega Finalizada;10;8;23;7;TERMACO;16009;;;
MOBIS BRASIL FABRICACAO DE AUTO PECAS LT;RODOVIARIO;1546932;23/07/2026;2;353705;23/07/2026;JPN COMERCIO DE AUTOMOVEIS LTDA;2,61E+13;GARANHUNS;PE;23/07/2026;10/08/2026;31/07/2026;Entregue No Prazo;;Entrega realizada;Entrega Finalizada;10;8;23;7;TERMACO;16009;;;
MOBIS BRASIL FABRICACAO DE AUTO PECAS LT;RODOVIARIO;1546935;23/07/2026;1;353701;23/07/2026;GREEN CITY VEICULOS LTDA;2,10E+13;TERESINA;PI;23/07/2026;10/08/2026;31/07/2026;Entregue No Prazo;;Entrega realizada;Entrega Finalizada;10;8;23;7;TERMACO;17002;;;
MOBIS BRASIL FABRICACAO DE AUTO PECAS LT;RODOVIARIO;1546958;23/07/2026;3;353694;23/07/2026;COMETA JI PARANA COM. DE VEIC. LTDA;4,23E+12;JIPARANA;RO;23/07/2026;11/08/2026;31/07/2026;Entregue No Prazo;;Entrega realizada;Entrega Finalizada;11;8;23;7;CARVALIMA;21002;Criação da Capitania de SC;Estadual;SC
MOBIS BRASIL FABRICACAO DE AUTO PECAS LT;RODOVIARIO;1546959;23/07/2026;4;353694;23/07/2026;COMETA JI PARANA COM. DE VEIC. LTDA;4,23E+12;JIPARANA;RO;23/07/2026;11/08/2026;31/07/2026;Entregue No Prazo;;Entrega realizada;Entrega Finalizada;11;8;23;7;CARVALIMA;21002;Criação da Capitania de SC;Estadual;SC
MOBIS BRASIL FABRICACAO DE AUTO PECAS LT;RODOVIARIO;1547612;24/07/2026;1;353858;24/07/2026;BILLY DISTRIBUIDORA DE VEICULOS LTDA;1,34E+13;SAO PAULO;SP;24/07/2026;28/07/2026;31/07/2026;Entregue Fora do Prazo;;Entrega realizada;Entrega Finalizada;28;7;24;7;XD DIADEMA;26003;Adesão do Maranhão à Independência do Brasil;Estadual;MA
MOBIS BRASIL FABRICACAO DE AUTO PECAS LT;RODOVIARIO;1547581;24/07/2026;2;353889;24/07/2026;HOUSE PARTS COMERCIO DE PECAS E VEI;1,15E+13;CAXIAS DO SUL;RS;24/07/2026;31/07/2026;31/07/2026;Entregue No Prazo;;Entrega realizada;Entrega Finalizada;31;7;24;7;TRANSTRY;23023;;;
MOBIS BRASIL FABRICACAO DE AUTO PECAS LT;RODOVIARIO;1547584;24/07/2026;6;353880;24/07/2026;ATUAL VEICULOS LTDA;1,33E+13;TUBARAO;SC;24/07/2026;31/07/2026;31/07/2026;Entregue No Prazo;;Entrega realizada;Entrega Finalizada;31;7;24;7;TRANSTRY;24001;;;
MOBIS BRASIL FABRICACAO DE AUTO PECAS LT;RODOVIARIO;1547541;24/07/2026;2;353877;24/07/2026;URCA MOTORS VEICULOS LTDA;8,77E+12;ITUMBIARA;GO;24/07/2026;05/08/2026;31/07/2026;Entregue No Prazo;;Entrega realizada;Entrega Finalizada;5;8;24;7;RIO VERMELHO;9014;Fundação do Estado da Paraíba;Estadual;PB
MOBIS BRASIL FABRICACAO DE AUTO PECAS LT;RODOVIARIO;1547591;24/07/2026;3;353932;24/07/2026;SAINT LAND COMERCIO DE VEICULOS LTDA;1,04E+13;ARACAJU;SE;24/07/2026;06/08/2026;31/07/2026;Entregue No Prazo;;Entrega realizada;Entrega Finalizada;6;8;24;7;TERMACO;6010;;;
MOBIS BRASIL FABRICACAO DE AUTO PECAS LT;RODOVIARIO;1547530;24/07/2026;2;353913;24/07/2026;FAZZA MOTORS COM. DE VEICULOS LTDA;1,24E+13;FORTALEZA;CE;24/07/2026;07/08/2026;31/07/2026;Entregue No Prazo;;Entrega realizada;Entrega Finalizada;7;8;24;7;TERMACO;6001;Emancipação Política do Rio Grande do Norte;Estadual;RN
MOBIS BRASIL FABRICACAO DE AUTO PECAS LT;RODOVIARIO;1547531;24/07/2026;1;353912;24/07/2026;CAOA MOTOR DO BRASIL LTDA;1,68E+13;FORTALEZA;CE;24/07/2026;07/08/2026;31/07/2026;Entregue No Prazo;;Entrega realizada;Entrega Finalizada;7;8;24;7;TERMACO;5008;Emancipação Política do Rio Grande do Norte;Estadual;RN
MOBIS BRASIL FABRICACAO DE AUTO PECAS LT;RODOVIARIO;1547558;24/07/2026;2;353924;24/07/2026;PATEO COMERCIO DE VEICULOS S A;7,78E+12;RECIFE;PE;24/07/2026;10/08/2026;31/07/2026;Entregue No Prazo;;Entrega realizada;Entrega Finalizada;10;8;24;7;TERMACO;16004;;;
MOBIS BRASIL FABRICACAO DE AUTO PECAS LT;RODOVIARIO;1547559;24/07/2026;50;353924;24/07/2026;PATEO COMERCIO DE VEICULOS S A;7,78E+12;RECIFE;PE;24/07/2026;10/08/2026;31/07/2026;Entregue No Prazo;;Entrega realizada;Entrega Finalizada;10;8;24;7;TERMACO;16004;;;
MOBIS BRASIL FABRICACAO DE AUTO PECAS LT;RODOVIARIO;1548226;27/07/2026;5;354281;27/07/2026;IMOTORS VEICULOS LTDA;7,17E+12;JUIZ DE FORA;MG;27/07/2026;31/07/2026;31/07/2026;Entregue No Prazo;;Entrega realizada;Entrega Finalizada;31;7;27;7;CAMILO;11010;;;
MOBIS BRASIL FABRICACAO DE AUTO PECAS LT;RODOVIARIO;1548273;27/07/2026;1;354246;27/07/2026;CARWAY SUL VEICULOS LTDA;1,03E+13;PORTO ALEGRE;RS;27/07/2026;31/07/2026;31/07/2026;Entregue No Prazo;;Entrega realizada;Entrega Finalizada;31;7;27;7;TRANSTRY;23003;;;
MOBIS BRASIL FABRICACAO DE AUTO PECAS LT;RODOVIARIO;1548307;27/07/2026;1;354261;27/07/2026;GOLDEN MOTORS VEICULOS LTDA;3,62E+12;PRESIDENTE PRUDENTE;SP;27/07/2026;31/07/2026;31/07/2026;Entregue No Prazo;;Entrega realizada;Entrega Finalizada;31;7;27;7;MVT;12001;;;
MOBIS BRASIL FABRICACAO DE AUTO PECAS LT;RODOVIARIO;1549117;27/07/2026;99;354234;27/07/2026;CARWAY SUL VEICULOS LTDA;1,03E+13;CANOAS;RS;27/07/2026;31/07/2026;31/07/2026;Entregue No Prazo;;Entrega realizada;Entrega Finalizada;31;7;27;7;TRANSTRY;23003;;;
MOBIS BRASIL FABRICACAO DE AUTO PECAS LT;RODOVIARIO;1549118;27/07/2026;14;354234;27/07/2026;CARWAY SUL VEICULOS LTDA;1,03E+13;CANOAS;RS;27/07/2026;31/07/2026;31/07/2026;Entregue No Prazo;;Entrega realizada;Entrega Finalizada;31;7;27;7;TRANSTRY;23003;;;
MOBIS BRASIL FABRICACAO DE AUTO PECAS LT;RODOVIARIO;1549147;27/07/2026;51;354234;27/07/2026;CARWAY SUL VEICULOS LTDA;1,03E+13;CANOAS;RS;27/07/2026;31/07/2026;31/07/2026;Entregue No Prazo;;Entrega realizada;Entrega Finalizada;31;7;27;7;TRANSTRY;23003;;;
MOBIS BRASIL FABRICACAO DE AUTO PECAS LT;RODOVIARIO;1548233;27/07/2026;1;354296;27/07/2026;RITMO MOTORS LTDA;1,94E+13;PASSOS;MG;27/07/2026;03/08/2026;31/07/2026;Entregue No Prazo;;Entrega realizada;Entrega Finalizada;3;8;27;7;CAMILO;11040;;;
MOBIS BRASIL FABRICACAO DE AUTO PECAS LT;RODOVIARIO;1548267;27/07/2026;1;354286;27/07/2026;MONTREAL VEICULOS E PECAS LTDA;1,68E+13;MACAE;RJ;27/07/2026;03/08/2026;31/07/2026;Entregue No Prazo;;Entrega realizada;Entrega Finalizada;3;8;27;7;CAMILO;19030;;;
MOBIS BRASIL FABRICACAO DE AUTO PECAS LT;RODOVIARIO;1548277;27/07/2026;1;354238;27/07/2026;GAMBATTO H1 VEICULOS LTDA;1,94E+13;PASSO FUNDO;RS;27/07/2026;03/08/2026;31/07/2026;Entregue No Prazo;;Entrega realizada;Entrega Finalizada;3;8;27;7;TRANSTRY;23015;;;
MOBIS BRASIL FABRICACAO DE AUTO PECAS LT;RODOVIARIO;1548281;27/07/2026;7;354231;27/07/2026;ATUAL VEICULOS LTDA;1,33E+13;TUBARAO;SC;27/07/2026;03/08/2026;31/07/2026;Entregue No Prazo;;Entrega realizada;Entrega Finalizada;3;8;27;7;TRANSTRY;24001;;;
MOBIS BRASIL FABRICACAO DE AUTO PECAS LT;RODOVIARIO;1548275;27/07/2026;15;354248;27/07/2026;HOUSE PARTS - COM. DE PECAS E VEIC. LTDA;1,15E+13;SANTA MARIA;RS;27/07/2026;04/08/2026;31/07/2026;Entregue No Prazo;;Entrega realizada;Entrega Finalizada;4;8;27;7;TRANSTRY;23008;;;
MOBIS BRASIL FABRICACAO DE AUTO PECAS LT;RODOVIARIO;1549278;28/07/2026;29;354339;28/07/2026;TAI MOTORS VEICULOS S/A;9,27E+12;BELO HORIZONTE;MG;28/07/2026;31/07/2026;31/07/2026;Entregue No Prazo;;Entrega realizada;Entrega Finalizada;31;7;28;7;XD BETIM;8002;;;
MOBIS BRASIL FABRICACAO DE AUTO PECAS LT;RODOVIARIO;1549279;28/07/2026;16;354334;28/07/2026;CARBEL KOREA VEICULOS LTDA;2,07E+13;BELO HORIZONTE;MG;28/07/2026;31/07/2026;31/07/2026;Entregue No Prazo;;Entrega realizada;Entrega Finalizada;31;7;28;7;XD BETIM;11021;;;
MOBIS BRASIL FABRICACAO DE AUTO PECAS LT;RODOVIARIO;1549296;28/07/2026;1;354378;28/07/2026;HOUSE PARTS - COM. DE PECAS E VEIC. LTDA;1,15E+13;PORTO ALEGRE;RS;28/07/2026;03/08/2026;31/07/2026;Entregue No Prazo;;Entrega realizada;Entrega Finalizada;3;8;28;7;TRANSTRY;23004;;;
MOBIS BRASIL FABRICACAO DE AUTO PECAS LT;RODOVIARIO;1549297;28/07/2026;3;354378;28/07/2026;HOUSE PARTS - COM. DE PECAS E VEIC. LTDA;1,15E+13;PORTO ALEGRE;RS;28/07/2026;03/08/2026;31/07/2026;Entregue No Prazo;;Entrega realizada;Entrega Finalizada;3;8;28;7;TRANSTRY;23004;;;
MOBIS BRASIL FABRICACAO DE AUTO PECAS LT;RODOVIARIO;1549308;28/07/2026;1;354343;28/07/2026;DESTAQUE SEUL DISTR DE VEIC PEC LTDA;2,12E+13;CARAGUATATUBA;SP;28/07/2026;03/08/2026;31/07/2026;Entregue No Prazo;;Entrega realizada;Entrega Finalizada;3;8;28;7;MVT;26082;;;
MOBIS BRASIL FABRICACAO DE AUTO PECAS LT;RODOVIARIO;1548265;27/07/2026;1;354370;28/07/2026;TAI MOTORS VEICULOS S/A.;9,27E+12;CAMPOS DOS GOYTACAZES;RJ;28/07/2026;04/08/2026;31/07/2026;Entregue No Prazo;;Entrega realizada;Entrega Finalizada;4;8;28;7;CAMILO;19023;;;
MOBIS BRASIL FABRICACAO DE AUTO PECAS LT;RODOVIARIO;1549292;28/07/2026;7;354381;28/07/2026;SANTA FE VEICULOS LTDA.;1,16E+13;FRANCISCO BELTRAO;PR;28/07/2026;04/08/2026;31/07/2026;Entregue No Prazo;;Entrega realizada;Entrega Finalizada;4;8;28;7;TRANSTRY;18010;;;
MOBIS BRASIL FABRICACAO DE AUTO PECAS LT;RODOVIARIO;1549275;28/07/2026;17;354338;28/07/2026;SAGA KOREA COM. DE VEIC. E PC. LTDA;1,27E+13;GOIANIA;GO;28/07/2026;05/08/2026;31/07/2026;Entregue No Prazo;;Entrega realizada;Entrega Finalizada;5;8;28;7;RIO VERMELHO;9011;Fundação do Estado da Paraíba;Estadual;PB
MOBIS BRASIL FABRICACAO DE AUTO PECAS LT;RODOVIARIO;1549283;28/07/2026;4;354359;28/07/2026;GOLDEN MOTORS VEICULOS LTDA;3,62E+12;DOURADOS;MS;28/07/2026;05/08/2026;31/07/2026;Entregue No Prazo;;Entrega realizada;Entrega Finalizada;5;8;28;7;CARVALIMA;12001;Fundação do Estado da Paraíba;Estadual;PB
MOBIS BRASIL FABRICACAO DE AUTO PECAS LT;RODOVIARIO;1549284;28/07/2026;3;354371;28/07/2026;ULSAN COMERCIO DE VEICULOS LTDA.;2,10E+13;CAMPO GRANDE;MS;28/07/2026;05/08/2026;31/07/2026;Entregue No Prazo;Avaria;Entrega realizada;Entrega Finalizada;5;8;28;7;CARVALIMA;12004;Fundação do Estado da Paraíba;Estadual;PB
MOBIS BRASIL FABRICACAO DE AUTO PECAS LT;RODOVIARIO;1549301;28/07/2026;9;354376;28/07/2026;CHINHAN AUTOMOVEIS LTDA.;2,41E+13;CACADOR;SC;28/07/2026;06/08/2026;31/07/2026;Entregue No Prazo;;Entrega realizada;Entrega Finalizada;6;8;28;7;TRANSTRY;24020;;;
MOBIS BRASIL FABRICACAO DE AUTO PECAS LT;RODOVIARIO;1550205;29/07/2026;1;354614;29/07/2026;MOTONET COMERCIO DE VEICULOS LTDA;9,28E+12;SOROCABA;SP;29/07/2026;03/08/2026;31/07/2026;Entregue No Prazo;Avaria;Entrega realizada;Entrega Finalizada;3;8;29;7;MVT;26113;;;
MOBIS BRASIL FABRICACAO DE AUTO PECAS LT;RODOVIARIO;1550543;29/07/2026;6;354608;29/07/2026;ANDRETA II DISTRIBUIDORA DE VEIC. LTDA;9,10E+12;JUNDIAI;SP;29/07/2026;03/08/2026;31/07/2026;Entregue No Prazo;;Entrega realizada;Entrega Finalizada;3;8;29;7;MVT;26011;;;
MOBIS BRASIL FABRICACAO DE AUTO PECAS LT;RODOVIARIO;1550171;29/07/2026;1;354580;29/07/2026;LOVAT VEICULOS S/A;8,57E+12;LONDRINA;PR;29/07/2026;04/08/2026;31/07/2026;Entregue No Prazo;;Entrega realizada;Entrega Finalizada;4;8;29;7;TRANSTRY;18008;;;
MOBIS BRASIL FABRICACAO DE AUTO PECAS LT;RODOVIARIO;1550211;29/07/2026;1;354613;29/07/2026;H R B COMERCIO DE VEICULOS LTDA;1,82E+13;SAO JOSE DO RIO PRETO;SP;29/07/2026;04/08/2026;31/07/2026;Entregue No Prazo;;Entrega realizada;Entrega Finalizada;4;8;29;7;MVT;26050;;;
MOBIS BRASIL FABRICACAO DE AUTO PECAS LT;RODOVIARIO;1550212;29/07/2026;4;354613;29/07/2026;H R B COMERCIO DE VEICULOS LTDA;1,82E+13;SAO JOSE DO RIO PRETO;SP;29/07/2026;04/08/2026;31/07/2026;Entregue No Prazo;;Entrega realizada;Entrega Finalizada;4;8;29;7;MVT;26050;;;
MOBIS BRASIL FABRICACAO DE AUTO PECAS LT;RODOVIARIO;1550216;29/07/2026;2;354611;29/07/2026;GOLDEN MOTORS VEICULOS LTDA;3,62E+12;PRESIDENTE PRUDENTE;SP;29/07/2026;04/08/2026;31/07/2026;Entregue No Prazo;;Entrega realizada;Entrega Finalizada;4;8;29;7;MVT;12001;;;
MOBIS BRASIL FABRICACAO DE AUTO PECAS LT;RODOVIARIO;1550226;29/07/2026;2;354610;29/07/2026;DHC COMERCIO DE VEICULOS E PECAS LTDA;9,52E+12;OURINHOS;SP;29/07/2026;04/08/2026;31/07/2026;Entregue No Prazo;;Entrega realizada;Entrega Finalizada;4;8;29;7;MVT;26010;;;
MOBIS BRASIL FABRICACAO DE AUTO PECAS LT;RODOVIARIO;1550152;29/07/2026;2;354651;29/07/2026;VITAL COMERCIO DE VEICULOS LTDA;1,05E+13;IPATINGA;MG;29/07/2026;05/08/2026;31/07/2026;Entregue No Prazo;;Entrega realizada;Entrega Finalizada;5;8;29;7;CAMILO;11016;Fundação do Estado da Paraíba;Estadual;PB
MOBIS BRASIL FABRICACAO DE AUTO PECAS LT;RODOVIARIO;1550153;29/07/2026;4;354651;29/07/2026;VITAL COMERCIO DE VEICULOS LTDA;1,05E+13;IPATINGA;MG;29/07/2026;05/08/2026;31/07/2026;Entregue No Prazo;;Entrega realizada;Entrega Finalizada;5;8;29;7;CAMILO;11016;Fundação do Estado da Paraíba;Estadual;PB
MOBIS BRASIL FABRICACAO DE AUTO PECAS LT;RODOVIARIO;1550157;29/07/2026;3;354638;29/07/2026;RITMO MOTORS LTDA;1,94E+13;PASSOS;MG;29/07/2026;05/08/2026;31/07/2026;Entregue No Prazo;;Entrega realizada;Entrega Finalizada;5;8;29;7;CAMILO;11040;Fundação do Estado da Paraíba;Estadual;PB
MOBIS BRASIL FABRICACAO DE AUTO PECAS LT;RODOVIARIO;1550172;29/07/2026;9;354583;29/07/2026;SANTA FE VEICULOS LTDA.;1,16E+13;FRANCISCO BELTRAO;PR;29/07/2026;05/08/2026;31/07/2026;Entregue No Prazo;;Entrega realizada;Entrega Finalizada;5;8;29;7;TRANSTRY;18010;Fundação do Estado da Paraíba;Estadual;PB
MOBIS BRASIL FABRICACAO DE AUTO PECAS LT;RODOVIARIO;1550173;29/07/2026;26;354583;29/07/2026;SANTA FE VEICULOS LTDA.;1,16E+13;FRANCISCO BELTRAO;PR;29/07/2026;05/08/2026;31/07/2026;Entregue No Prazo;;Entrega realizada;Entrega Finalizada;5;8;29;7;TRANSTRY;18010;Fundação do Estado da Paraíba;Estadual;PB
MOBIS BRASIL FABRICACAO DE AUTO PECAS LT;RODOVIARIO;1550195;29/07/2026;1;354582;29/07/2026;LS COMERCIO DE AUTOMOVEIS LTDA.;1,03E+13;BRUSQUE;SC;29/07/2026;05/08/2026;31/07/2026;Entregue No Prazo;;Entrega realizada;Entrega Finalizada;5;8;29;7;TRANSTRY;24006;Fundação do Estado da Paraíba;Estadual;PB
MOBIS BRASIL FABRICACAO DE AUTO PECAS LT;RODOVIARIO;1550196;29/07/2026;14;354570;29/07/2026;BARI VEICULOS LTDA;7,46E+12;BLUMENAU;SC;29/07/2026;05/08/2026;31/07/2026;Entregue No Prazo;;Entrega realizada;Entrega Finalizada;5;8;29;7;TRANSTRY;18024;Fundação do Estado da Paraíba;Estadual;PB
MOBIS BRASIL FABRICACAO DE AUTO PECAS LT;RODOVIARIO;1550200;29/07/2026;2;354581;29/07/2026;LR COMERCIO DE VEICULOS LTDA;1,05E+13;RIO DO SUL;SC;29/07/2026;05/08/2026;31/07/2026;Entregue No Prazo;;Entrega realizada;Entrega Finalizada;5;8;29;7;TRANSTRY;24007;Fundação do Estado da Paraíba;Estadual;PB
MOBIS BRASIL FABRICACAO DE AUTO PECAS LT;RODOVIARIO;1550541;29/07/2026;2;354643;29/07/2026;TECAR TRILHAS AUTOMOVEIS E SERVICOS LTDA;2,32E+13;DIVINOPOLIS;MG;29/07/2026;05/08/2026;31/07/2026;Entregue No Prazo;;Entrega realizada;Entrega Finalizada;5;8;29;7;CAMILO;11039;Fundação do Estado da Paraíba;Estadual;PB
MOBIS BRASIL FABRICACAO DE AUTO PECAS LT;RODOVIARIO;1550158;29/07/2026;4;354646;29/07/2026;ULSAN COMERCIO DE VEICULOS LTDA.;2,10E+13;CAMPO GRANDE;MS;29/07/2026;06/08/2026;31/07/2026;Entregue No Prazo;;Entrega realizada;Entrega Finalizada;6;8;29;7;CARVALIMA;12004;;;
MOBIS BRASIL FABRICACAO DE AUTO PECAS LT;RODOVIARIO;1550197;29/07/2026;1;354572;29/07/2026;BARI VEICULOS LTDA;7,46E+12;BALNEARIO CAMBORIU;SC;29/07/2026;06/08/2026;31/07/2026;Entregue No Prazo;;Entrega realizada;Entrega Finalizada;6;8;29;7;TRANSTRY;18024;;;
MOBIS BRASIL FABRICACAO DE AUTO PECAS LT;RODOVIARIO;1550198;29/07/2026;2;354576;29/07/2026;CHINHAN AUTOMOVEIS LTDA;2,41E+13;CONCORDIA;SC;29/07/2026;06/08/2026;31/07/2026;Entregue No Prazo;;Entrega realizada;Entrega Finalizada;6;8;29;7;TRANSTRY;23019;;;
MOBIS BRASIL FABRICACAO DE AUTO PECAS LT;RODOVIARIO;1550199;29/07/2026;6;354577;29/07/2026;CHINHAN AUTOMOVEIS LTDA.;2,41E+13;CACADOR;SC;29/07/2026;07/08/2026;31/07/2026;Entregue No Prazo;;Entrega realizada;Entrega Finalizada;7;8;29;7;TRANSTRY;24020;Emancipação Política do Rio Grande do Norte;Estadual;RN
MOBIS BRASIL FABRICACAO DE AUTO PECAS LT;RODOVIARIO;1550639;29/07/2026;4;354859;30/07/2026;BILLY DISTRIBUIDORA DE VEICULOS LTDA;1,34E+13;BARUERI;SP;30/07/2026;03/08/2026;31/07/2026;Entregue No Prazo;;Entrega realizada;Entrega Finalizada;3;8;30;7;XD DIADEMA;26003;;;
MOBIS BRASIL FABRICACAO DE AUTO PECAS LT;RODOVIARIO;1550652;29/07/2026;1;354864;30/07/2026;CAOA MOTOR DO BRASIL LTDA (IPIRANGA);1,68E+13;SAO PAULO;SP;30/07/2026;03/08/2026;31/07/2026;Entregue No Prazo;;Entrega realizada;Entrega Finalizada;3;8;30;7;XD DIADEMA;26054;;;
MOBIS BRASIL FABRICACAO DE AUTO PECAS LT;RODOVIARIO;1550661;29/07/2026;3;354863;30/07/2026;CAOA MOTOR DO BRASIL LTDA (INDIANOPOLIS);1,68E+13;SAO PAULO;SP;30/07/2026;03/08/2026;31/07/2026;Entregue No Prazo;;Entrega realizada;Entrega Finalizada;3;8;30;7;XD DIADEMA;26091;;;
MOBIS BRASIL FABRICACAO DE AUTO PECAS LT;RODOVIARIO;1550605;29/07/2026;2;354909;30/07/2026;SEVEC VEICULOS LTDA;5,68E+11;CURITIBA;PR;30/07/2026;04/08/2026;31/07/2026;Entregue No Prazo;;Entrega realizada;Entrega Finalizada;4;8;30;7;TRANSTRY;18012;;;
MOBIS BRASIL FABRICACAO DE AUTO PECAS LT;RODOVIARIO;1550606;29/07/2026;1;354909;30/07/2026;SEVEC VEICULOS LTDA;5,68E+11;CURITIBA;PR;30/07/2026;04/08/2026;31/07/2026;Entregue No Prazo;;Entrega realizada;Entrega Finalizada;4;8;30;7;TRANSTRY;18012;;;
MOBIS BRASIL FABRICACAO DE AUTO PECAS LT;RODOVIARIO;1550611;29/07/2026;1;354890;30/07/2026;BARI VEICULOS LTDA;7,46E+12;CURITIBA;PR;30/07/2026;04/08/2026;31/07/2026;Entregue No Prazo;;Entrega realizada;Entrega Finalizada;4;8;30;7;TRANSTRY;18024;;;
MOBIS BRASIL FABRICACAO DE AUTO PECAS LT;RODOVIARIO;1550641;29/07/2026;2;354879;30/07/2026;DHC COMERCIO DE VEICULOS E PECAS LTDA;9,52E+12;BAURU;SP;30/07/2026;04/08/2026;31/07/2026;Entregue No Prazo;;Entrega realizada;Entrega Finalizada;4;8;30;7;MVT;26010;;;
MOBIS BRASIL FABRICACAO DE AUTO PECAS LT;RODOVIARIO;1550655;29/07/2026;1;354860;30/07/2026;CAOA MOTOR DO BRASIL LTDA;1,68E+13;TAUBATE;SP;30/07/2026;04/08/2026;31/07/2026;Entregue No Prazo;;Entrega realizada;Entrega Finalizada;4;8;30;7;XD DIADEMA;5008;;;
MOBIS BRASIL FABRICACAO DE AUTO PECAS LT;RODOVIARIO;1550659;29/07/2026;1;354862;30/07/2026;CAOA MOTOR DO BRASIL LTDA;1,68E+13;SANTOS;SP;30/07/2026;04/08/2026;31/07/2026;Entregue No Prazo;;Entrega realizada;Entrega Finalizada;4;8;30;7;XD DIADEMA;5008;;;
MOBIS BRASIL FABRICACAO DE AUTO PECAS LT;RODOVIARIO;1550610;29/07/2026;3;354893;30/07/2026;BARI VEICULOS LTDA;7,46E+12;SAO JOSE DOS PINHAIS;PR;30/07/2026;05/08/2026;31/07/2026;Entregue No Prazo;;Entrega realizada;Entrega Finalizada;5;8;30;7;TRANSTRY;18024;Fundação do Estado da Paraíba;Estadual;PB
MOBIS BRASIL FABRICACAO DE AUTO PECAS LT;RODOVIARIO;1550648;29/07/2026;1;354885;30/07/2026;NEW VEICULOS E PECAS LTDA.;1,59E+13;FRANCA;SP;30/07/2026;05/08/2026;31/07/2026;Entregue No Prazo;;Entrega realizada;Entrega Finalizada;5;8;30;7;MVT;26048;Fundação do Estado da Paraíba;Estadual;PB
MOBIS BRASIL FABRICACAO DE AUTO PECAS LT;RODOVIARIO;1550649;29/07/2026;9;354883;30/07/2026;H R B COMERCIO DE VEICULOS LTDA;1,82E+13;SAO JOSE DO RIO PRETO;SP;30/07/2026;05/08/2026;31/07/2026;Entregue No Prazo;;Entrega realizada;Entrega Finalizada;5;8;30;7;MVT;26050;Fundação do Estado da Paraíba;Estadual;PB
MOBIS BRASIL FABRICACAO DE AUTO PECAS LT;RODOVIARIO;1550647;29/07/2026;6;355223;31/07/2026;BILLY DISTRIBUIDORA DE VEICULOS LTDA;1,34E+13;SAO CAETANO DO SUL;SP;31/07/2026;04/08/2026;31/07/2026;Entregue No Prazo;;Entrega realizada;Entrega Finalizada;4;8;31;7;BV LOG;26003;;;
MOBIS BRASIL FABRICACAO DE AUTO PECAS LT;RODOVIARIO;1551388;30/07/2026;2;355222;31/07/2026;BILLY DISTRIBUIDORA DE VEICULOS LTDA;1,34E+13;SAO CAETANO DO SUL;SP;31/07/2026;04/08/2026;31/07/2026;Entregue No Prazo;;Entrega realizada;Entrega Finalizada;4;8;31;7;BV LOG;26003;;;
MOBIS BRASIL FABRICACAO DE AUTO PECAS LT;RODOVIARIO;1551389;30/07/2026;140;355223;31/07/2026;BILLY DISTRIBUIDORA DE VEICULOS LTDA;1,34E+13;SAO CAETANO DO SUL;SP;31/07/2026;04/08/2026;31/07/2026;Entregue No Prazo;;Entrega realizada;Entrega Finalizada;4;8;31;7;BV LOG;26003;;;
MOBIS BRASIL FABRICACAO DE AUTO PECAS LT;RODOVIARIO;1551412;30/07/2026;99;355222;31/07/2026;BILLY DISTRIBUIDORA DE VEICULOS LTDA;1,34E+13;SAO CAETANO DO SUL;SP;31/07/2026;04/08/2026;31/07/2026;Entregue No Prazo;;Entrega realizada;Entrega Finalizada;4;8;31;7;BV LOG;26003;;;
MOBIS BRASIL FABRICACAO DE AUTO PECAS LT;RODOVIARIO;1550642;29/07/2026;1;355219;31/07/2026;ANDRETA II DISTRIBUIDORA DE VEIC. LTDA;9,10E+12;CAMPINAS;SP;31/07/2026;05/08/2026;31/07/2026;Entregue No Prazo;;Entrega realizada;Entrega Finalizada;5;8;31;7;BV LOG;26011;Fundação do Estado da Paraíba;Estadual;PB
MOBIS BRASIL FABRICACAO DE AUTO PECAS LT;RODOVIARIO;1550643;29/07/2026;23;355219;31/07/2026;ANDRETA II DISTRIBUIDORA DE VEIC. LTDA;9,10E+12;CAMPINAS;SP;31/07/2026;05/08/2026;31/07/2026;Entregue No Prazo;;Entrega realizada;Entrega Finalizada;5;8;31;7;BV LOG;26011;Fundação do Estado da Paraíba;Estadual;PB
MOBIS BRASIL FABRICACAO DE AUTO PECAS LT;RODOVIARIO;1551383;30/07/2026;29;355219;31/07/2026;ANDRETA II DISTRIBUIDORA DE VEIC. LTDA;9,10E+12;CAMPINAS;SP;31/07/2026;05/08/2026;31/07/2026;Entregue No Prazo;;Entrega realizada;Entrega Finalizada;5;8;31;7;BV LOG;26011;Fundação do Estado da Paraíba;Estadual;PB
MOBIS BRASIL FABRICACAO DE AUTO PECAS LT;RODOVIARIO;1551384;30/07/2026;25;355220;31/07/2026;MOTONET COMERCIO DE VEICULOS LTDA;9,28E+12;SOROCABA;SP;31/07/2026;05/08/2026;31/07/2026;Entregue No Prazo;;Entrega realizada;Entrega Finalizada;5;8;31;7;BV LOG;26113;Fundação do Estado da Paraíba;Estadual;PB
MOBIS BRASIL FABRICACAO DE AUTO PECAS LT;RODOVIARIO;1543894;17/07/2026;4;352780;17/07/2026;GREEN CITY VEICULOS LTDA;2,10E+13;PARNAIBA;PI;17/07/2026;06/08/2026;01/08/2026;Entregue No Prazo;;Entrega realizada;Entrega Finalizada;6;8;17;7;TERMACO;17002;;;
MOBIS BRASIL FABRICACAO DE AUTO PECAS LT;RODOVIARIO;1547542;24/07/2026;1;353927;24/07/2026;PATEO COMERCIO DE VEICULOS S A;7,78E+12;SAO LUIS;MA;24/07/2026;10/08/2026;01/08/2026;Entregue No Prazo;;Entrega realizada;Entrega Finalizada;10;8;24;7;TERMACO;10002;;;
MOBIS BRASIL FABRICACAO DE AUTO PECAS LT;RODOVIARIO;1550646;29/07/2026;1;354866;30/07/2026;CHS MOTORS VEICULOS PECAS E SERV LTDA;1,69E+13;SAO PAULO;SP;30/07/2026;03/08/2026;01/08/2026;Entregue No Prazo;;Entrega realizada;Entrega Finalizada;3;8;30;7;XD DIADEMA;26037;;;
MOBIS BRASIL FABRICACAO DE AUTO PECAS LT;RODOVIARIO;1550662;29/07/2026;2;354882;30/07/2026;H - CAMINHO AUTOMOVEIS LTDA;2,53E+13;PIRACICABA;SP;30/07/2026;05/08/2026;01/08/2026;Entregue No Prazo;;Entrega realizada;Entrega Finalizada;5;8;30;7;MVT;26092;Fundação do Estado da Paraíba;Estadual;PB
MOBIS BRASIL FABRICACAO DE AUTO PECAS LT;RODOVIARIO;1541537;14/07/2026;1;352118;14/07/2026;SAGA ASIA COM. DE VEIC.PC.E SERV. LTDA;2,14E+13;PORTO VELHO;RO;14/07/2026;27/07/2026;03/08/2026;Entregue Fora do Prazo;;Entrega realizada;Entrega Finalizada;27;7;14;7;CARVALIMA;21003;;;
MOBIS BRASIL FABRICACAO DE AUTO PECAS LT;RODOVIARIO;1543090;16/07/2026;37;352620;16/07/2026;VIA BRASIL AUTOMOVEIS LTDA.;4,72E+12;SERRA;ES;16/07/2026;23/07/2026;03/08/2026;Entregue Fora do Prazo;;Entrega realizada;Entrega Finalizada;23;7;16;7;RIO VERMELHO;8001;;;
MOBIS BRASIL FABRICACAO DE AUTO PECAS LT;RODOVIARIO;1544701;20/07/2026;1;353086;20/07/2026;UNIQUE BOA VISTA COM. DE AUTOMOVEIS LTDA;3,48E+13;BOA VISTA;RR;20/07/2026;17/08/2026;03/08/2026;Entregue No Prazo;;Entrega realizada;Entrega Finalizada;17;8;20;7;CARVALIMA;22002;Adesão do Ceará à Independência do Brasil;Estadual;CE
MOBIS BRASIL FABRICACAO DE AUTO PECAS LT;RODOVIARIO;1546280;22/07/2026;1;353455;22/07/2026;GREEN CITY VEICULOS LTDA;2,10E+13;TERESINA;PI;22/07/2026;07/08/2026;03/08/2026;Entregue No Prazo;;Entrega realizada;Entrega Finalizada;7;8;22;7;TERMACO;17002;Emancipação Política do Rio Grande do Norte;Estadual;RN
MOBIS BRASIL FABRICACAO DE AUTO PECAS LT;RODOVIARIO;1546281;22/07/2026;2;353456;22/07/2026;GREEN CITY VEICULOS LTDA;2,10E+13;TERESINA;PI;22/07/2026;07/08/2026;03/08/2026;Entregue No Prazo;;Entrega realizada;Entrega Finalizada;7;8;22;7;TERMACO;17002;Emancipação Política do Rio Grande do Norte;Estadual;RN
MOBIS BRASIL FABRICACAO DE AUTO PECAS LT;RODOVIARIO;1546244;22/07/2026;1;353462;22/07/2026;PATEO COMERCIO DE VEICULOS S A;7,78E+12;MANAUS;AM;22/07/2026;17/08/2026;03/08/2026;Entregue No Prazo;;Entrega realizada;Entrega Finalizada;17;8;22;7;CARVALIMA;3002;Adesão do Ceará à Independência do Brasil;Estadual;CE
MOBIS BRASIL FABRICACAO DE AUTO PECAS LT;RODOVIARIO;1546926;23/07/2026;4;353721;23/07/2026;UNIQUE COMERCIO DE AUTOMOVEIS LTDA;1,74E+13;ANANINDEUA;PA;23/07/2026;05/08/2026;03/08/2026;Entregue No Prazo;;Entrega realizada;Entrega Finalizada;5;8;23;7;CARVALIMA;14003;Fundação do Estado da Paraíba;Estadual;PB
MOBIS BRASIL FABRICACAO DE AUTO PECAS LT;RODOVIARIO;1547540;24/07/2026;9;353876;24/07/2026;URCA MOTORS VEICULOS LTDA;8,77E+12;RIO VERDE;GO;24/07/2026;05/08/2026;03/08/2026;Entregue No Prazo;;Entrega realizada;Entrega Finalizada;5;8;24;7;RIO VERMELHO;9014;Fundação do Estado da Paraíba;Estadual;PB
MOBIS BRASIL FABRICACAO DE AUTO PECAS LT;RODOVIARIO;1547554;24/07/2026;3;353936;24/07/2026;UNIQUE COMERCIO DE AUTOMOVEIS LTDA;1,74E+13;ANANINDEUA;PA;24/07/2026;06/08/2026;03/08/2026;Entregue No Prazo;;Entrega realizada;Entrega Finalizada;6;8;24;7;CARVALIMA;14003;;;
MOBIS BRASIL FABRICACAO DE AUTO PECAS LT;RODOVIARIO;1547578;24/07/2026;6;353931;24/07/2026;SAGA ASIA COM. DE VEIC.PC.E SERV. LTDA;2,14E+13;PORTO VELHO;RO;24/07/2026;07/08/2026;03/08/2026;Entregue No Prazo;;Entrega realizada;Entrega Finalizada;7;8;24;7;CARVALIMA;21003;Emancipação Política do Rio Grande do Norte;Estadual;RN
MOBIS BRASIL FABRICACAO DE AUTO PECAS LT;RODOVIARIO;1547543;24/07/2026;5;353921;24/07/2026;NACIONAL NOVA MARABA DIST DE VEIC. LTDA;1,70E+13;IMPERATRIZ;MA;24/07/2026;13/08/2026;03/08/2026;Entregue No Prazo;;Entrega realizada;Entrega Finalizada;13;8;24;7;TERMACO;10003;;;
MOBIS BRASIL FABRICACAO DE AUTO PECAS LT;RODOVIARIO;1548224;27/07/2026;9;354307;27/07/2026;URCA MOTORS VEICULOS LTDA;8,77E+12;UBERLANDIA;MG;27/07/2026;31/07/2026;03/08/2026;Entregue Fora do Prazo;;Entrega realizada;Entrega Finalizada;31;7;27;7;CAMILO;9014;;;
MOBIS BRASIL FABRICACAO DE AUTO PECAS LT;RODOVIARIO;1548227;27/07/2026;2;354309;27/07/2026;URCA MOTORS VEICULOS LTDA;8,77E+12;UBERABA;MG;27/07/2026;31/07/2026;03/08/2026;Entregue Fora do Prazo;;Entrega realizada;Entrega Finalizada;31;7;27;7;CAMILO;9014;;;
MOBIS BRASIL FABRICACAO DE AUTO PECAS LT;RODOVIARIO;1548231;27/07/2026;2;354308;27/07/2026;URCA MOTORS VEICULOS LTDA;8,77E+12;PATOS DE MINAS;MG;27/07/2026;31/07/2026;03/08/2026;Entregue Fora do Prazo;;Entrega realizada;Entrega Finalizada;31;7;27;7;CAMILO;9014;;;
MOBIS BRASIL FABRICACAO DE AUTO PECAS LT;RODOVIARIO;1548214;27/07/2026;4;354310;27/07/2026;VIA BRASIL AUTOMOVEIS LTDA.;4,72E+12;SERRA;ES;27/07/2026;03/08/2026;03/08/2026;Entregue No Prazo;;Entrega realizada;Entrega Finalizada;3;8;27;7;CAMILO;8001;;;
MOBIS BRASIL FABRICACAO DE AUTO PECAS LT;RODOVIARIO;1548215;27/07/2026;3;354301;27/07/2026;TAI MOTORS VEICULOS S/A;9,27E+12;VITORIA;ES;27/07/2026;03/08/2026;03/08/2026;Entregue No Prazo;;Entrega realizada;Entrega Finalizada;3;8;27;7;CAMILO;8002;;;
MOBIS BRASIL FABRICACAO DE AUTO PECAS LT;RODOVIARIO;1548212;27/07/2026;3;354227;27/07/2026;SMAFF IMPORT VEICULOS LTDA;8,18E+12;BRASILIA;DF;27/07/2026;04/08/2026;03/08/2026;Entregue No Prazo;;Entrega realizada;Entrega Finalizada;4;8;27;7;RIO VERMELHO;7002;;;
MOBIS BRASIL FABRICACAO DE AUTO PECAS LT;RODOVIARIO;1548213;27/07/2026;18;354226;27/07/2026;SAGA KOREA COM. DE VEIC. E PC. LTDA;1,27E+13;BRASILIA;DF;27/07/2026;04/08/2026;03/08/2026;Entregue No Prazo;;Entrega realizada;Entrega Finalizada;4;8;27;7;RIO VERMELHO;7005;;;
MOBIS BRASIL FABRICACAO DE AUTO PECAS LT;RODOVIARIO;1548216;27/07/2026;5;354295;27/07/2026;PRIME CACHOEIRO VEICULOS LTDA;9,34E+12;CACHOEIRO DE ITAPEMIRIM;ES;27/07/2026;04/08/2026;03/08/2026;Entregue No Prazo;;Entrega realizada;Entrega Finalizada;4;8;27;7;CAMILO;8004;;;
MOBIS BRASIL FABRICACAO DE AUTO PECAS LT;RODOVIARIO;1548217;27/07/2026;5;354295;27/07/2026;PRIME CACHOEIRO VEICULOS LTDA;9,34E+12;CACHOEIRO DE ITAPEMIRIM;ES;27/07/2026;04/08/2026;03/08/2026;Entregue No Prazo;;Entrega realizada;Entrega Finalizada;4;8;27;7;CAMILO;8004;;;
MOBIS BRASIL FABRICACAO DE AUTO PECAS LT;RODOVIARIO;1548236;27/07/2026;3;354298;27/07/2026;SAGA ASIA COM. DE VEIC.PC.E SERV. LTDA;2,23E+13;VARZEA GRANDE;MT;27/07/2026;05/08/2026;03/08/2026;Entregue No Prazo;;Entrega realizada;Entrega Finalizada;5;8;27;7;CARVALIMA;13004;Fundação do Estado da Paraíba;Estadual;PB
MOBIS BRASIL FABRICACAO DE AUTO PECAS LT;RODOVIARIO;1548235;27/07/2026;5;354275;27/07/2026;COMETA MATO GROSSO COM. DE VEICULOS LTDA;1,54E+13;SINOP;MT;27/07/2026;06/08/2026;03/08/2026;Entregue No Prazo;;Entrega realizada;Entrega Finalizada;6;8;27;7;CARVALIMA;13003;;;
MOBIS BRASIL FABRICACAO DE AUTO PECAS LT;RODOVIARIO;1548210;27/07/2026;3;354273;27/07/2026;CAOA MOTOR DO BRASIL LTDA;1,68E+13;FORTALEZA;CE;27/07/2026;10/08/2026;03/08/2026;Entregue No Prazo;;Entrega realizada;Entrega Finalizada;10;8;27;7;TERMACO;5008;;;
MOBIS BRASIL FABRICACAO DE AUTO PECAS LT;RODOVIARIO;1548486;27/07/2026;4;354276;27/07/2026;FAZZA MOTORS COM. DE VEICULOS LTDA;1,24E+13;FORTALEZA;CE;27/07/2026;10/08/2026;03/08/2026;Entregue No Prazo;;Entrega realizada;Entrega Finalizada;10;8;27;7;TERMACO;6001;;;
MOBIS BRASIL FABRICACAO DE AUTO PECAS LT;RODOVIARIO;1548271;27/07/2026;1;354297;27/07/2026;SAGA ASIA COM. DE VEIC.PC.E SERV. LTDA;2,14E+13;PORTO VELHO;RO;27/07/2026;13/08/2026;03/08/2026;Entregue No Prazo;;Entrega realizada;Entrega Finalizada;13;8;27;7;CARVALIMA;21003;;;
MOBIS BRASIL FABRICACAO DE AUTO PECAS LT;RODOVIARIO;1549282;28/07/2026;29;354333;28/07/2026;BDG AUTOVILLE VEICULOS LTDA;4,77E+13;CONTAGEM;MG;28/07/2026;31/07/2026;03/08/2026;Entregue Fora do Prazo;;Entrega realizada;Entrega Finalizada;31;7;28;7;XD BETIM;11037;;;
MOBIS BRASIL FABRICACAO DE AUTO PECAS LT;RODOVIARIO;1549302;28/07/2026;1;354345;28/07/2026;HYMAX DISTRIBUIDORA DE VEICULOS LTDA;1,73E+13;MOGI GUACU;SP;28/07/2026;03/08/2026;03/08/2026;Entregue No Prazo;;Entrega realizada;Entrega Finalizada;3;8;28;7;MVT;26002;;;
MOBIS BRASIL FABRICACAO DE AUTO PECAS LT;RODOVIARIO;1549272;28/07/2026;4;354372;28/07/2026;VIA BRASIL AUTOMOVEIS LTDA.;4,72E+12;SERRA;ES;28/07/2026;04/08/2026;03/08/2026;Entregue No Prazo;;Entrega realizada;Entrega Finalizada;4;8;28;7;CAMILO;8001;;;
MOBIS BRASIL FABRICACAO DE AUTO PECAS LT;RODOVIARIO;1549281;28/07/2026;2;354358;28/07/2026;GNC GRANDE COREIA MINAS GERAIS COMERCIO;4,27E+13;MONTES CLAROS;MG;28/07/2026;04/08/2026;03/08/2026;Entregue No Prazo;;Entrega realizada;Entrega Finalizada;4;8;28;7;CAMILO;11035;;;
MOBIS BRASIL FABRICACAO DE AUTO PECAS LT;RODOVIARIO;1549273;28/07/2026;1;354369;28/07/2026;TAI MOTORS VEICULOS S/A;9,27E+12;COLATINA;ES;28/07/2026;05/08/2026;03/08/2026;Entregue No Prazo;;Entrega realizada;Entrega Finalizada;5;8;28;7;CAMILO;8002;Fundação do Estado da Paraíba;Estadual;PB
MOBIS BRASIL FABRICACAO DE AUTO PECAS LT;RODOVIARIO;1549274;28/07/2026;2;354336;28/07/2026;NISA COMERCIAL DE VEIC. AUTOMOTORES LTDA;1,03E+13;APARECIDA DE GOIANIA;GO;28/07/2026;05/08/2026;03/08/2026;Entregue No Prazo;;Entrega realizada;Entrega Finalizada;5;8;28;7;RIO VERMELHO;9002;Fundação do Estado da Paraíba;Estadual;PB
MOBIS BRASIL FABRICACAO DE AUTO PECAS LT;RODOVIARIO;1549285;28/07/2026;1;354368;28/07/2026;SAGA ASIA COM. DE VEIC.PC.E SERV. LTDA;2,23E+13;VARZEA GRANDE;MT;28/07/2026;06/08/2026;03/08/2026;Entregue No Prazo;;Entrega realizada;Entrega Finalizada;6;8;28;7;CARVALIMA;13004;;;
MOBIS BRASIL FABRICACAO DE AUTO PECAS LT;RODOVIARIO;1549286;28/07/2026;74;354368;28/07/2026;SAGA ASIA COM. DE VEIC.PC.E SERV. LTDA;2,23E+13;VARZEA GRANDE;MT;28/07/2026;06/08/2026;03/08/2026;Entregue No Prazo;;Entrega realizada;Entrega Finalizada;6;8;28;7;CARVALIMA;13004;;;
MOBIS BRASIL FABRICACAO DE AUTO PECAS LT;RODOVIARIO;1550215;29/07/2026;2;354594;29/07/2026;CHS MOTORS VEICULOS PECAS(VL. GUILHERME);1,69E+13;SAO PAULO;SP;29/07/2026;31/07/2026;03/08/2026;Entregue Fora do Prazo;;Entrega realizada;Entrega Finalizada;31;7;29;7;XD DIADEMA;26052;;;
MOBIS BRASIL FABRICACAO DE AUTO PECAS LT;RODOVIARIO;1550156;29/07/2026;23;354589;29/07/2026;BDG AUTOVILLE VEICULOS LTDA;4,77E+13;CONTAGEM;MG;29/07/2026;03/08/2026;03/08/2026;Entregue No Prazo;;Entrega realizada;Entrega Finalizada;3;8;29;7;XD BETIM;11037;;;
MOBIS BRASIL FABRICACAO DE AUTO PECAS LT;RODOVIARIO;1550540;29/07/2026;2;354607;29/07/2026;TAI MOTORS VEICULOS S/A;9,27E+12;BELO HORIZONTE;MG;29/07/2026;03/08/2026;03/08/2026;Entregue No Prazo;;Entrega realizada;Entrega Finalizada;3;8;29;7;XD BETIM;8002;;;
MOBIS BRASIL FABRICACAO DE AUTO PECAS LT;RODOVIARIO;1550150;29/07/2026;1;354648;29/07/2026;URCA MOTORS VEICULOS LTDA;8,77E+12;UBERLANDIA;MG;29/07/2026;04/08/2026;03/08/2026;Entregue No Prazo;;Entrega realizada;Entrega Finalizada;4;8;29;7;CAMILO;9014;;;
MOBIS BRASIL FABRICACAO DE AUTO PECAS LT;RODOVIARIO;1550180;29/07/2026;2;354625;29/07/2026;ITAVEMA MOTORS VEICULOS LTDA;7,73E+12;DUQUE DE CAXIAS;RJ;29/07/2026;04/08/2026;03/08/2026;Entregue No Prazo;;Entrega realizada;Entrega Finalizada;4;8;29;7;CAMILO;19001;;;
MOBIS BRASIL FABRICACAO DE AUTO PECAS LT;RODOVIARIO;1550181;29/07/2026;7;354624;29/07/2026;ITAVEMA MOTORS VEICULOS LTDA;7,73E+12;RIO DE JANEIRO;RJ;29/07/2026;04/08/2026;03/08/2026;Entregue No Prazo;;Entrega realizada;Entrega Finalizada;4;8;29;7;CAMILO;19001;;;
MOBIS BRASIL FABRICACAO DE AUTO PECAS LT;RODOVIARIO;1550185;29/07/2026;2;354617;29/07/2026;CAOA MOTOR DO BRASIL LTDA;1,68E+13;RIO DE JANEIRO;RJ;29/07/2026;04/08/2026;03/08/2026;Entregue No Prazo;;Entrega realizada;Entrega Finalizada;4;8;29;7;CAMILO;5008;;;
MOBIS BRASIL FABRICACAO DE AUTO PECAS LT;RODOVIARIO;1550187;29/07/2026;1;354575;29/07/2026;CARWAY SUL VEICULOS LTDA;1,03E+13;PORTO ALEGRE;RS;29/07/2026;04/08/2026;03/08/2026;Entregue No Prazo;;Entrega realizada;Entrega Finalizada;4;8;29;7;TRANSTRY;23003;;;
MOBIS BRASIL FABRICACAO DE AUTO PECAS LT;RODOVIARIO;1550190;29/07/2026;3;354574;29/07/2026;CARWAY SUL VEICULOS LTDA;1,03E+13;CANOAS;RS;29/07/2026;04/08/2026;03/08/2026;Entregue No Prazo;;Entrega realizada;Entrega Finalizada;4;8;29;7;TRANSTRY;23003;;;
MOBIS BRASIL FABRICACAO DE AUTO PECAS LT;RODOVIARIO;1550222;29/07/2026;1;354609;29/07/2026;DESTAQUE SEUL DISTR DE VEIC PEC LTDA;2,12E+13;CARAGUATATUBA;SP;29/07/2026;04/08/2026;03/08/2026;Entregue No Prazo;;Entrega realizada;Entrega Finalizada;4;8;29;7;MVT;26082;;;
MOBIS BRASIL FABRICACAO DE AUTO PECAS LT;RODOVIARIO;1550142;29/07/2026;14;354649;29/07/2026;VIA BRASIL AUTOMOVEIS LTDA.;4,72E+12;SERRA;ES;29/07/2026;05/08/2026;03/08/2026;Entregue No Prazo;;Entrega realizada;Entrega Finalizada;5;8;29;7;CAMILO;8001;Fundação do Estado da Paraíba;Estadual;PB
MOBIS BRASIL FABRICACAO DE AUTO PECAS LT;RODOVIARIO;1550143;29/07/2026;2;354642;29/07/2026;TAI MOTORS VEICULOS S/A;9,27E+12;VITORIA;ES;29/07/2026;05/08/2026;03/08/2026;Entregue No Prazo;;Entrega realizada;Entrega Finalizada;5;8;29;7;CAMILO;8002;Fundação do Estado da Paraíba;Estadual;PB
MOBIS BRASIL FABRICACAO DE AUTO PECAS LT;RODOVIARIO;1550151;29/07/2026;1;354650;29/07/2026;VITAL COMERCIO DE VEICULOS LTDA;1,05E+13;GOVERNADOR VALADARES;MG;29/07/2026;05/08/2026;03/08/2026;Entregue No Prazo;;Entrega realizada;Entrega Finalizada;5;8;29;7;CAMILO;11016;Fundação do Estado da Paraíba;Estadual;PB
MOBIS BRASIL FABRICACAO DE AUTO PECAS LT;RODOVIARIO;1550155;29/07/2026;1;354622;29/07/2026;GNC GRANDE COREIA MINAS GERAIS COMERCIO;4,27E+13;MONTES CLAROS;MG;29/07/2026;05/08/2026;03/08/2026;Entregue No Prazo;;Entrega realizada;Entrega Finalizada;5;8;29;7;CAMILO;11035;Fundação do Estado da Paraíba;Estadual;PB
MOBIS BRASIL FABRICACAO DE AUTO PECAS LT;RODOVIARIO;1550182;29/07/2026;1;354631;29/07/2026;MONTREAL VEICULOS E PECAS LTDA;1,68E+13;MACAE;RJ;29/07/2026;05/08/2026;03/08/2026;Entregue No Prazo;;Entrega realizada;Entrega Finalizada;5;8;29;7;CAMILO;19030;Fundação do Estado da Paraíba;Estadual;PB
MOBIS BRASIL FABRICACAO DE AUTO PECAS LT;RODOVIARIO;1550183;29/07/2026;1;354631;29/07/2026;MONTREAL VEICULOS E PECAS LTDA;1,68E+13;MACAE;RJ;29/07/2026;05/08/2026;03/08/2026;Entregue No Prazo;;Entrega realizada;Entrega Finalizada;5;8;29;7;CAMILO;19030;Fundação do Estado da Paraíba;Estadual;PB
MOBIS BRASIL FABRICACAO DE AUTO PECAS LT;RODOVIARIO;1550184;29/07/2026;3;354630;29/07/2026;MONTREAL VEICULOS E PECAS LTDA;1,68E+13;SAO PEDRO DA ALDEIA;RJ;29/07/2026;05/08/2026;03/08/2026;Entregue No Prazo;;Entrega realizada;Entrega Finalizada;5;8;29;7;CAMILO;19030;Fundação do Estado da Paraíba;Estadual;PB
MOBIS BRASIL FABRICACAO DE AUTO PECAS LT;RODOVIARIO;1550140;29/07/2026;2;354606;29/07/2026;SMAFF IMPORT VEICULOS LTDA;8,18E+12;BRASILIA;DF;29/07/2026;06/08/2026;03/08/2026;Entregue No Prazo;;Entrega realizada;Entrega Finalizada;6;8;29;7;RIO VERMELHO;7002;;;
MOBIS BRASIL FABRICACAO DE AUTO PECAS LT;RODOVIARIO;1550141;29/07/2026;1;354605;29/07/2026;SAGA KOREA COM. DE VEIC. E PC. LTDA;1,27E+13;BRASILIA;DF;29/07/2026;06/08/2026;03/08/2026;Entregue No Prazo;;Entrega realizada;Entrega Finalizada;6;8;29;7;RIO VERMELHO;7005;;;
MOBIS BRASIL FABRICACAO DE AUTO PECAS LT;RODOVIARIO;1550145;29/07/2026;3;354636;29/07/2026;PRIME CACHOEIRO VEICULOS LTDA;9,34E+12;LINHARES;ES;29/07/2026;06/08/2026;03/08/2026;Entregue No Prazo;;Entrega realizada;Entrega Finalizada;6;8;29;7;CAMILO;8004;;;
MOBIS BRASIL FABRICACAO DE AUTO PECAS LT;RODOVIARIO;1550159;29/07/2026;3;354639;29/07/2026;SAGA ASIA COM. DE VEIC.PC.E SERV. LTDA;2,23E+13;VARZEA GRANDE;MT;29/07/2026;07/08/2026;03/08/2026;Entregue No Prazo;;Entrega realizada;Entrega Finalizada;7;8;29;7;CARVALIMA;13004;Emancipação Política do Rio Grande do Norte;Estadual;RN
MOBIS BRASIL FABRICACAO DE AUTO PECAS LT;RODOVIARIO;1550640;29/07/2026;1;354868;30/07/2026;GRAND SPORT COM. DE VEIC. E PECAS LTDA;8,58E+12;GUARULHOS;SP;30/07/2026;03/08/2026;03/08/2026;Entregue No Prazo;;Entrega realizada;Entrega Finalizada;3;8;30;7;XD DIADEMA;26005;;;
MOBIS BRASIL FABRICACAO DE AUTO PECAS LT;RODOVIARIO;1550651;29/07/2026;3;354867;30/07/2026;CHS MOTORS VEICULOS PECAS(VL. GUILHERME);1,69E+13;SAO PAULO;SP;30/07/2026;03/08/2026;03/08/2026;Entregue No Prazo;;Entrega realizada;Entrega Finalizada;3;8;30;7;XD DIADEMA;26052;;;
MOBIS BRASIL FABRICACAO DE AUTO PECAS LT;RODOVIARIO;1550644;29/07/2026;8;354884;30/07/2026;MOTONET COMERCIO DE VEICULOS LTDA;9,28E+12;SOROCABA;SP;30/07/2026;04/08/2026;03/08/2026;Entregue No Prazo;;Entrega realizada;Entrega Finalizada;4;8;30;7;MVT;26113;;;
MOBIS BRASIL FABRICACAO DE AUTO PECAS LT;RODOVIARIO;1550654;29/07/2026;1;354877;30/07/2026;CAOA MOTOR DO BRASIL LTDA;1,68E+13;SAO JOSE DOS CAMPOS;SP;30/07/2026;04/08/2026;03/08/2026;Entregue No Prazo;;Entrega realizada;Entrega Finalizada;4;8;30;7;MVT;5008;;;
MOBIS BRASIL FABRICACAO DE AUTO PECAS LT;RODOVIARIO;1550577;29/07/2026;1;354944;30/07/2026;TOKSU COMERCIO DE VEICULOS LTDA;1,12E+13;JUIZ DE FORA;MG;30/07/2026;05/08/2026;03/08/2026;Entregue No Prazo;;Entrega realizada;Entrega Finalizada;5;8;30;7;CAMILO;11008;Fundação do Estado da Paraíba;Estadual;PB
MOBIS BRASIL FABRICACAO DE AUTO PECAS LT;RODOVIARIO;1550578;29/07/2026;5;354926;30/07/2026;IMOTORS VEICULOS LTDA;7,17E+12;JUIZ DE FORA;MG;30/07/2026;05/08/2026;03/08/2026;Entregue No Prazo;;Entrega realizada;Entrega Finalizada;5;8;30;7;CAMILO;11010;Fundação do Estado da Paraíba;Estadual;PB
MOBIS BRASIL FABRICACAO DE AUTO PECAS LT;RODOVIARIO;1550583;29/07/2026;1;354943;30/07/2026;TOKSU COMERCIO DE VEICULOS LTDA;1,12E+13;VARGINHA;MG;30/07/2026;05/08/2026;03/08/2026;Entregue No Prazo;;Entrega realizada;Entrega Finalizada;5;8;30;7;CAMILO;11008;Fundação do Estado da Paraíba;Estadual;PB
MOBIS BRASIL FABRICACAO DE AUTO PECAS LT;RODOVIARIO;1550603;29/07/2026;57;354904;30/07/2026;LOVAT VEICULOS S/A;8,57E+12;LONDRINA;PR;30/07/2026;05/08/2026;03/08/2026;Entregue No Prazo;;Entrega realizada;Entrega Finalizada;5;8;30;7;TRANSTRY;18008;Fundação do Estado da Paraíba;Estadual;PB
MOBIS BRASIL FABRICACAO DE AUTO PECAS LT;RODOVIARIO;1550607;29/07/2026;1;354910;30/07/2026;VETOR AUTOMOVEIS LTDA;2,12E+13;CASCAVEL;PR;30/07/2026;05/08/2026;03/08/2026;Entregue No Prazo;;Entrega realizada;Entrega Finalizada;5;8;30;7;TRANSTRY;18019;Fundação do Estado da Paraíba;Estadual;PB
MOBIS BRASIL FABRICACAO DE AUTO PECAS LT;RODOVIARIO;1550609;29/07/2026;27;354889;30/07/2026;BARI VEICULOS LTDA;7,46E+12;PONTA GROSSA;PR;30/07/2026;05/08/2026;03/08/2026;Entregue No Prazo;;Entrega realizada;Entrega Finalizada;5;8;30;7;TRANSTRY;18024;Fundação do Estado da Paraíba;Estadual;PB
MOBIS BRASIL FABRICACAO DE AUTO PECAS LT;RODOVIARIO;1550612;29/07/2026;4;354912;30/07/2026;AMX COM. E SERVICOS DE AUTOMOTORES LTDA;1,20E+13;RIO DE JANEIRO;RJ;30/07/2026;05/08/2026;03/08/2026;Entregue No Prazo;;Entrega realizada;Entrega Finalizada;5;8;30;7;CAMILO;19009;Fundação do Estado da Paraíba;Estadual;PB
MOBIS BRASIL FABRICACAO DE AUTO PECAS LT;RODOVIARIO;1550613;29/07/2026;1;354916;30/07/2026;CAOA MOTOR DO BRASIL LTDA;1,68E+13;RIO DE JANEIRO;RJ;30/07/2026;05/08/2026;03/08/2026;Entregue No Prazo;;Entrega realizada;Entrega Finalizada;5;8;30;7;CAMILO;5008;Fundação do Estado da Paraíba;Estadual;PB
MOBIS BRASIL FABRICACAO DE AUTO PECAS LT;RODOVIARIO;1550617;29/07/2026;2;354917;30/07/2026;CAOA MOTOR DO BRASIL LTDA;1,68E+13;RIO DE JANEIRO;RJ;30/07/2026;05/08/2026;03/08/2026;Entregue No Prazo;;Entrega realizada;Entrega Finalizada;5;8;30;7;CAMILO;5008;Fundação do Estado da Paraíba;Estadual;PB
MOBIS BRASIL FABRICACAO DE AUTO PECAS LT;RODOVIARIO;1550633;29/07/2026;1;354895;30/07/2026;BARI VEICULOS LTDA.;7,46E+12;JOINVILLE;SC;30/07/2026;05/08/2026;03/08/2026;Entregue No Prazo;;Entrega realizada;Entrega Finalizada;5;8;30;7;TRANSTRY;24013;Fundação do Estado da Paraíba;Estadual;PB
MOBIS BRASIL FABRICACAO DE AUTO PECAS LT;RODOVIARIO;1550634;29/07/2026;2;354894;30/07/2026;BARI VEICULOS LTDA.;7,46E+12;ITAJAI;SC;30/07/2026;05/08/2026;03/08/2026;Entregue No Prazo;;Entrega realizada;Entrega Finalizada;5;8;30;7;TRANSTRY;24014;Fundação do Estado da Paraíba;Estadual;PB
MOBIS BRASIL FABRICACAO DE AUTO PECAS LT;RODOVIARIO;1550653;29/07/2026;1;354880;30/07/2026;DHC COMERCIO DE VEICULOS E PECAS LTDA;9,52E+12;MARILIA;SP;30/07/2026;05/08/2026;03/08/2026;Entregue No Prazo;;Entrega realizada;Entrega Finalizada;5;8;30;7;MVT;26010;Fundação do Estado da Paraíba;Estadual;PB
MOBIS BRASIL FABRICACAO DE AUTO PECAS LT;RODOVIARIO;1550657;29/07/2026;1;354881;30/07/2026;DHC COMERCIO DE VEICULOS E PECAS LTDA;9,52E+12;BOTUCATU;SP;30/07/2026;05/08/2026;03/08/2026;Entregue No Prazo;;Entrega realizada;Entrega Finalizada;5;8;30;7;MVT;26010;Fundação do Estado da Paraíba;Estadual;PB
MOBIS BRASIL FABRICACAO DE AUTO PECAS LT;RODOVIARIO;1550663;29/07/2026;2;354876;30/07/2026;ANDRETA II DISTRIBUIDORA DE VEIC. LTDA;9,10E+12;RIO CLARO;SP;30/07/2026;05/08/2026;03/08/2026;Entregue No Prazo;;Entrega realizada;Entrega Finalizada;5;8;30;7;MVT;26011;Fundação do Estado da Paraíba;Estadual;PB
MOBIS BRASIL FABRICACAO DE AUTO PECAS LT;RODOVIARIO;1550631;29/07/2026;17;354905;30/07/2026;LR COMERCIO DE VEICULOS LTDA;1,05E+13;SAO JOSE;SC;30/07/2026;06/08/2026;03/08/2026;Entregue No Prazo;;Entrega realizada;Entrega Finalizada;6;8;30;7;TRANSTRY;24007;;;
MOBIS BRASIL FABRICACAO DE AUTO PECAS LT;RODOVIARIO;1550587;29/07/2026;7;354923;30/07/2026;GOLDEN MOTORS VEICULOS LTDA;3,62E+12;TRES LAGOAS;MS;30/07/2026;07/08/2026;03/08/2026;Entregue No Prazo;;Entrega realizada;Entrega Finalizada;7;8;30;7;CARVALIMA;12001;Emancipação Política do Rio Grande do Norte;Estadual;RN
MOBIS BRASIL FABRICACAO DE AUTO PECAS LT;RODOVIARIO;1551387;30/07/2026;1;355203;31/07/2026;CAOA MOTOR DO BRASIL LTDA (ARICANDUVA);1,68E+13;SAO PAULO;SP;31/07/2026;04/08/2026;03/08/2026;Entregue No Prazo;;Entrega realizada;Entrega Finalizada;4;8;31;7;XD DIADEMA;26039;;;
MOBIS BRASIL FABRICACAO DE AUTO PECAS LT;RODOVIARIO;1551402;30/07/2026;2;355212;31/07/2026;NOBRE SP DISTRIB. DE VEIC. E PEC. LTDA;1,70E+13;SAO PAULO;SP;31/07/2026;04/08/2026;03/08/2026;Entregue No Prazo;;Entrega realizada;Entrega Finalizada;4;8;31;7;XD DIADEMA;26081;;;
MOBIS BRASIL FABRICACAO DE AUTO PECAS LT;RODOVIARIO;1550656;29/07/2026;9;355208;31/07/2026;DESTAQUE SEUL DISTR. DE VEIC. E PC. LTDA;2,12E+13;ATIBAIA;SP;31/07/2026;05/08/2026;03/08/2026;Entregue No Prazo;;Entrega realizada;Entrega Finalizada;5;8;31;7;XD DIADEMA;26075;Fundação do Estado da Paraíba;Estadual;PB
MOBIS BRASIL FABRICACAO DE AUTO PECAS LT;RODOVIARIO;1551352;30/07/2026;2;355231;31/07/2026;BARI VEICULOS LTDA;7,46E+12;CURITIBA;PR;31/07/2026;05/08/2026;03/08/2026;Entregue No Prazo;;Entrega realizada;Entrega Finalizada;5;8;31;7;TRANSTRY;18024;Fundação do Estado da Paraíba;Estadual;PB
MOBIS BRASIL FABRICACAO DE AUTO PECAS LT;RODOVIARIO;1551382;30/07/2026;1;355251;31/07/2026;DHC COMERCIO DE VEICULOS E PECAS LTDA;9,52E+12;BAURU;SP;31/07/2026;05/08/2026;03/08/2026;Entregue No Prazo;;Entrega realizada;Entrega Finalizada;5;8;31;7;MVT;26010;Fundação do Estado da Paraíba;Estadual;PB
MOBIS BRASIL FABRICACAO DE AUTO PECAS LT;RODOVIARIO;1551390;30/07/2026;3;355247;31/07/2026;ANDRETA II DISTRIBUIDORA DE VEIC. LTDA;9,10E+12;AMERICANA;SP;31/07/2026;05/08/2026;03/08/2026;Entregue No Prazo;;Entrega realizada;Entrega Finalizada;5;8;31;7;MVT;26011;Fundação do Estado da Paraíba;Estadual;PB
MOBIS BRASIL FABRICACAO DE AUTO PECAS LT;RODOVIARIO;1551406;30/07/2026;2;355250;31/07/2026;DHC COMERCIO DE VEICULOS E PECAS LTDA;9,52E+12;OURINHOS;SP;31/07/2026;06/08/2026;03/08/2026;Entregue No Prazo;;Entrega realizada;Entrega Finalizada;6;8;31;7;MVT;26010;;;
MOBIS BRASIL FABRICACAO DE AUTO PECAS LT;RODOVIARIO;1551393;30/07/2026;25;355512;03/08/2026;CHS MOTORS VEICULOS PECAS(VL. GUILHERME);1,69E+13;SAO PAULO;SP;03/08/2026;05/08/2026;03/08/2026;Entregue No Prazo;;Entrega realizada;Entrega Finalizada;5;8;3;8;BV LOG;26052;Fundação do Estado da Paraíba;Estadual;PB
MOBIS BRASIL FABRICACAO DE AUTO PECAS LT;RODOVIARIO;1551394;30/07/2026;98;355512;03/08/2026;CHS MOTORS VEICULOS PECAS(VL. GUILHERME);1,69E+13;SAO PAULO;SP;03/08/2026;05/08/2026;03/08/2026;Entregue No Prazo;;Entrega realizada;Entrega Finalizada;5;8;3;8;BV LOG;26052;Fundação do Estado da Paraíba;Estadual;PB
MOBIS BRASIL FABRICACAO DE AUTO PECAS LT;RODOVIARIO;1552070;31/07/2026;25;355514;03/08/2026;BILLY DISTRIBUIDORA DE VEICULOS LTDA;1,34E+13;SAO CAETANO DO SUL;SP;03/08/2026;05/08/2026;03/08/2026;Entregue No Prazo;Avaria;Entrega realizada;Entrega Finalizada;5;8;3;8;BV LOG;26003;Fundação do Estado da Paraíba;Estadual;PB
MOBIS BRASIL FABRICACAO DE AUTO PECAS LT;RODOVIARIO;1552079;31/07/2026;54;355512;03/08/2026;CHS MOTORS VEICULOS PECAS(VL. GUILHERME);1,69E+13;SAO PAULO;SP;03/08/2026;05/08/2026;03/08/2026;Entregue No Prazo;;Entrega realizada;Entrega Finalizada;5;8;3;8;BV LOG;26052;Fundação do Estado da Paraíba;Estadual;PB
MOBIS BRASIL FABRICACAO DE AUTO PECAS LT;RODOVIARIO;1552086;31/07/2026;18;355515;03/08/2026;GRANDAY AUTOMOTORES LTDA (CHAC. CALIFOR);1,57E+13;SAO PAULO;SP;03/08/2026;05/08/2026;03/08/2026;Entregue No Prazo;;Entrega realizada;Entrega Finalizada;5;8;3;8;BV LOG;26090;Fundação do Estado da Paraíba;Estadual;PB
MOBIS BRASIL FABRICACAO DE AUTO PECAS LT;RODOVIARIO;1552058;31/07/2026;4;355519;03/08/2026;HYMAX DISTRIBUIDORA DE VEICULOS LTDA;1,73E+13;MOGI GUACU;SP;03/08/2026;07/08/2026;03/08/2026;Entregue No Prazo;;Entrega realizada;Entrega Finalizada;7;8;3;8;BV LOG;26002;Emancipação Política do Rio Grande do Norte;Estadual;RN
MOBIS BRASIL FABRICACAO DE AUTO PECAS LT;RODOVIARIO;1552059;31/07/2026;90;355519;03/08/2026;HYMAX DISTRIBUIDORA DE VEICULOS LTDA;1,73E+13;MOGI GUACU;SP;03/08/2026;07/08/2026;03/08/2026;Entregue No Prazo;;Entrega realizada;Entrega Finalizada;7;8;3;8;BV LOG;26002;Emancipação Política do Rio Grande do Norte;Estadual;RN
MOBIS BRASIL FABRICACAO DE AUTO PECAS LT;RODOVIARIO;1544685;20/07/2026;1;353074;20/07/2026;JPN PATOS COMERCIO DE VEICULOS LTDA;4,20E+13;PATOS;PB;20/07/2026;05/08/2026;04/08/2026;Entregue No Prazo;;Entrega realizada;Entrega Finalizada;5;8;20;7;TERMACO;15004;Fundação do Estado da Paraíba;Estadual;PB
MOBIS BRASIL FABRICACAO DE AUTO PECAS LT;RODOVIARIO;1546262;22/07/2026;5;353460;22/07/2026;PATEO COMERCIO DE VEICULOS S A;7,78E+12;SAO LUIS;MA;22/07/2026;06/08/2026;04/08/2026;Entregue No Prazo;;Entrega realizada;Entrega Finalizada;6;8;22;7;TERMACO;10002;;;
MOBIS BRASIL FABRICACAO DE AUTO PECAS LT;RODOVIARIO;1546292;22/07/2026;2;353469;22/07/2026;UNIQUE BOA VISTA COM. DE AUTOMOVEIS LTDA;3,48E+13;BOA VISTA;RR;22/07/2026;19/08/2026;04/08/2026;Entregue No Prazo;;Entrega realizada;Entrega Finalizada;19;8;22;7;CARVALIMA;22002;;;
MOBIS BRASIL FABRICACAO DE AUTO PECAS LT;RODOVIARIO;1546893;23/07/2026;2;353697;23/07/2026;CYCOSA AUTOMOVEIS LTDA;4,76E+12;MACEIO;AL;23/07/2026;06/08/2026;04/08/2026;Entregue No Prazo;;Entrega realizada;Entrega Finalizada;6;8;23;7;TERMACO;2001;;;
MOBIS BRASIL FABRICACAO DE AUTO PECAS LT;RODOVIARIO;1546929;23/07/2026;2;353709;23/07/2026;PATEO COMERCIO DE VEICULOS S A;7,78E+12;RECIFE;PE;23/07/2026;07/08/2026;04/08/2026;Entregue No Prazo;;Entrega realizada;Entrega Finalizada;7;8;23;7;TERMACO;16004;Emancipação Política do Rio Grande do Norte;Estadual;RN
MOBIS BRASIL FABRICACAO DE AUTO PECAS LT;RODOVIARIO;1546930;23/07/2026;6;353709;23/07/2026;PATEO COMERCIO DE VEICULOS S A;7,78E+12;RECIFE;PE;23/07/2026;07/08/2026;04/08/2026;Entregue No Prazo;;Entrega realizada;Entrega Finalizada;7;8;23;7;TERMACO;16004;Emancipação Política do Rio Grande do Norte;Estadual;RN
MOBIS BRASIL FABRICACAO DE AUTO PECAS LT;RODOVIARIO;1546956;23/07/2026;7;353716;23/07/2026;SAINT LAND COMERCIO DE VEICULOS LTDA;1,04E+13;NATAL;RN;23/07/2026;07/08/2026;04/08/2026;Entregue No Prazo;;Entrega realizada;Entrega Finalizada;7;8;23;7;TERMACO;6010;Emancipação Política do Rio Grande do Norte;Estadual;RN
MOBIS BRASIL FABRICACAO DE AUTO PECAS LT;RODOVIARIO;1546957;23/07/2026;2;353716;23/07/2026;SAINT LAND COMERCIO DE VEICULOS LTDA;1,04E+13;NATAL;RN;23/07/2026;07/08/2026;04/08/2026;Entregue No Prazo;;Entrega realizada;Entrega Finalizada;7;8;23;7;TERMACO;6010;Emancipação Política do Rio Grande do Norte;Estadual;RN
MOBIS BRASIL FABRICACAO DE AUTO PECAS LT;RODOVIARIO;1546903;23/07/2026;7;353715;23/07/2026;SAINT LAND COMERCIO DE VEICULOS LTDA;1,04E+13;JUAZEIRO DO NORTE;CE;23/07/2026;10/08/2026;04/08/2026;Entregue No Prazo;;Entrega realizada;Entrega Finalizada;10;8;23;7;TERMACO;6010;;;
MOBIS BRASIL FABRICACAO DE AUTO PECAS LT;RODOVIARIO;1546933;23/07/2026;2;353689;23/07/2026;AUTORAC VEICULOS LTDA;1,06E+13;PETROLINA;PE;23/07/2026;10/08/2026;04/08/2026;Entregue No Prazo;;Entrega realizada;Entrega Finalizada;10;8;23;7;TERMACO;16001;;;
MOBIS BRASIL FABRICACAO DE AUTO PECAS LT;RODOVIARIO;1546955;23/07/2026;8;353707;23/07/2026;ORIENTE AUTOMOVEIS LTDA;1,33E+13;PARNAMIRIM;RN;23/07/2026;10/08/2026;04/08/2026;Entregue No Prazo;;Entrega realizada;Entrega Finalizada;10;8;23;7;TERMACO;20001;;;
MOBIS BRASIL FABRICACAO DE AUTO PECAS LT;RODOVIARIO;1547528;24/07/2026;1;353926;24/07/2026;PATEO COMERCIO DE VEICULOS S A;7,78E+12;FEIRA DE SANTANA;BA;24/07/2026;10/08/2026;04/08/2026;Entregue No Prazo;;Entrega realizada;Entrega Finalizada;10;8;24;7;TERMACO;5009;;;
MOBIS BRASIL FABRICACAO DE AUTO PECAS LT;RODOVIARIO;1547556;24/07/2026;1;353928;24/07/2026;PATEO COMERCIO DE VEICULOS S A;7,78E+12;JOAO PESSOA;PB;24/07/2026;10/08/2026;04/08/2026;Entregue No Prazo;;Entrega realizada;Entrega Finalizada;10;8;24;7;TERMACO;15003;;;
MOBIS BRASIL FABRICACAO DE AUTO PECAS LT;RODOVIARIO;1547557;24/07/2026;1;353928;24/07/2026;PATEO COMERCIO DE VEICULOS S A;7,78E+12;JOAO PESSOA;PB;24/07/2026;10/08/2026;04/08/2026;Entregue No Prazo;;Entrega realizada;Entrega Finalizada;10;8;24;7;TERMACO;15003;;;
MOBIS BRASIL FABRICACAO DE AUTO PECAS LT;RODOVIARIO;1547577;24/07/2026;31;353922;24/07/2026;ORIENTE AUTOMOVEIS LTDA;1,33E+13;PARNAMIRIM;RN;24/07/2026;11/08/2026;04/08/2026;Entregue No Prazo;;Entrega realizada;Entrega Finalizada;11;8;24;7;TERMACO;20001;Criação da Capitania de SC;Estadual;SC
MOBIS BRASIL FABRICACAO DE AUTO PECAS LT;RODOVIARIO;1548248;27/07/2026;1;354250;27/07/2026;LOVAT VEICULOS S/A;8,57E+12;MARINGA;PR;27/07/2026;31/07/2026;04/08/2026;Entregue Fora do Prazo;;Entrega realizada;Entrega Finalizada;31;7;27;7;TRANSTRY;18008;;;
MOBIS BRASIL FABRICACAO DE AUTO PECAS LT;RODOVIARIO;1548249;27/07/2026;4;354250;27/07/2026;LOVAT VEICULOS S/A;8,57E+12;MARINGA;PR;27/07/2026;31/07/2026;04/08/2026;Entregue Fora do Prazo;;Entrega realizada;Entrega Finalizada;31;7;27;7;TRANSTRY;18008;;;
MOBIS BRASIL FABRICACAO DE AUTO PECAS LT;RODOVIARIO;1548206;27/07/2026;5;354277;27/07/2026;FAZZA MOTORS COMERCIO DE VEICULOS LTDA;1,24E+13;SALVADOR;BA;27/07/2026;06/08/2026;04/08/2026;Entregue No Prazo;;Entrega realizada;Entrega Finalizada;6;8;27;7;TERMACO;5007;;;
MOBIS BRASIL FABRICACAO DE AUTO PECAS LT;RODOVIARIO;1548207;27/07/2026;7;354277;27/07/2026;FAZZA MOTORS COMERCIO DE VEICULOS LTDA;1,24E+13;SALVADOR;BA;27/07/2026;06/08/2026;04/08/2026;Entregue No Prazo;;Entrega realizada;Entrega Finalizada;6;8;27;7;TERMACO;5007;;;
MOBIS BRASIL FABRICACAO DE AUTO PECAS LT;RODOVIARIO;1548208;27/07/2026;2;354271;27/07/2026;CAOA MOTOR DO BRASIL LTDA;1,68E+13;LAURO DE FREITAS;BA;27/07/2026;11/08/2026;04/08/2026;Entregue No Prazo;;Entrega realizada;Entrega Finalizada;11;8;27;7;TERMACO;5008;Criação da Capitania de SC;Estadual;SC
MOBIS BRASIL FABRICACAO DE AUTO PECAS LT;RODOVIARIO;1548209;27/07/2026;1;354288;27/07/2026;ORVEL AUTOMOTOR HYD LTDA;2,52E+13;TEIXEIRA DE FREITAS;BA;27/07/2026;11/08/2026;04/08/2026;Entregue No Prazo;;Entrega realizada;Entrega Finalizada;11;8;27;7;TERMACO;5011;Criação da Capitania de SC;Estadual;SC
MOBIS BRASIL FABRICACAO DE AUTO PECAS LT;RODOVIARIO;1548268;27/07/2026;18;354299;27/07/2026;SAINT LAND COMERCIO DE VEICULOS LTDA;1,04E+13;NATAL;RN;27/07/2026;11/08/2026;04/08/2026;Entregue No Prazo;;Entrega realizada;Entrega Finalizada;11;8;27;7;TERMACO;6010;Criação da Capitania de SC;Estadual;SC
MOBIS BRASIL FABRICACAO DE AUTO PECAS LT;RODOVIARIO;1548211;27/07/2026;6;354300;27/07/2026;SAINT LAND COMERCIO DE VEICULOS LTDA;1,04E+13;JUAZEIRO DO NORTE;CE;27/07/2026;12/08/2026;04/08/2026;Entregue No Prazo;;Entrega realizada;Entrega Finalizada;12;8;27;7;TERMACO;6010;;;
MOBIS BRASIL FABRICACAO DE AUTO PECAS LT;RODOVIARIO;1548269;27/07/2026;3;354274;27/07/2026;COMETA JI PARANA COM. DE VEIC. LTDA;4,23E+12;JIPARANA;RO;27/07/2026;13/08/2026;04/08/2026;Entregue No Prazo;;Entrega realizada;Entrega Finalizada;13;8;27;7;CARVALIMA;21002;;;
MOBIS BRASIL FABRICACAO DE AUTO PECAS LT;RODOVIARIO;1548270;27/07/2026;3;354274;27/07/2026;COMETA JI PARANA COM. DE VEIC. LTDA;4,23E+12;JIPARANA;RO;27/07/2026;13/08/2026;04/08/2026;Entregue No Prazo;;Entrega realizada;Entrega Finalizada;13;8;27;7;CARVALIMA;21002;;;
MOBIS BRASIL FABRICACAO DE AUTO PECAS LT;RODOVIARIO;1549298;28/07/2026;2;354377;28/07/2026;HOUSE PARTS - COM. DE PECAS E VEIC. LTDA;1,15E+13;LAJEADO;RS;28/07/2026;05/08/2026;04/08/2026;Entregue No Prazo;;Entrega realizada;Entrega Finalizada;5;8;28;7;TRANSTRY;23018;Fundação do Estado da Paraíba;Estadual;PB
MOBIS BRASIL FABRICACAO DE AUTO PECAS LT;RODOVIARIO;1549271;28/07/2026;7;354357;28/07/2026;FAZZA MOTORS COM. DE VEICULOS LTDA;1,24E+13;FORTALEZA;CE;28/07/2026;11/08/2026;04/08/2026;Entregue No Prazo;;Entrega realizada;Entrega Finalizada;11;8;28;7;TERMACO;6001;Criação da Capitania de SC;Estadual;SC
MOBIS BRASIL FABRICACAO DE AUTO PECAS LT;RODOVIARIO;1549288;28/07/2026;1;354363;28/07/2026;NACIONAL NOVA MARABA DIST DE VEIC. LTDA;1,70E+13;PARAUAPEBAS;PA;28/07/2026;13/08/2026;04/08/2026;Entregue No Prazo;;Entrega realizada;Entrega Finalizada;13;8;28;7;CARVALIMA;14010;;;
MOBIS BRASIL FABRICACAO DE AUTO PECAS LT;RODOVIARIO;1550178;29/07/2026;5;354571;29/07/2026;BARI VEICULOS LTDA;7,46E+12;PONTA GROSSA;PR;29/07/2026;04/08/2026;04/08/2026;Entregue No Prazo;;Entrega realizada;Entrega Finalizada;4;8;29;7;TRANSTRY;18024;;;
MOBIS BRASIL FABRICACAO DE AUTO PECAS LT;RODOVIARIO;1550188;29/07/2026;1;354579;29/07/2026;HOUSE PARTS - COM. DE PECAS E VEIC. LTDA;1,15E+13;PORTO ALEGRE;RS;29/07/2026;04/08/2026;04/08/2026;Entregue No Prazo;;Entrega realizada;Entrega Finalizada;4;8;29;7;TRANSTRY;23004;;;
MOBIS BRASIL FABRICACAO DE AUTO PECAS LT;RODOVIARIO;1550189;29/07/2026;7;354579;29/07/2026;HOUSE PARTS - COM. DE PECAS E VEIC. LTDA;1,15E+13;PORTO ALEGRE;RS;29/07/2026;04/08/2026;04/08/2026;Entregue No Prazo;;Entrega realizada;Entrega Finalizada;4;8;29;7;TRANSTRY;23004;;;
MOBIS BRASIL FABRICACAO DE AUTO PECAS LT;RODOVIARIO;1550176;29/07/2026;2;354585;29/07/2026;ZENDAI VEICULOS LTDA;1,97E+13;TOLEDO;PR;29/07/2026;05/08/2026;04/08/2026;Entregue No Prazo;;Entrega realizada;Entrega Finalizada;5;8;29;7;TRANSTRY;18016;Fundação do Estado da Paraíba;Estadual;PB
MOBIS BRASIL FABRICACAO DE AUTO PECAS LT;RODOVIARIO;1550177;29/07/2026;1;354585;29/07/2026;ZENDAI VEICULOS LTDA;1,97E+13;TOLEDO;PR;29/07/2026;05/08/2026;04/08/2026;Entregue No Prazo;;Entrega realizada;Entrega Finalizada;5;8;29;7;TRANSTRY;18016;Fundação do Estado da Paraíba;Estadual;PB
MOBIS BRASIL FABRICACAO DE AUTO PECAS LT;RODOVIARIO;1550191;29/07/2026;1;354578;29/07/2026;GAMBATTO H1 VEICULOS LTDA;1,94E+13;PASSO FUNDO;RS;29/07/2026;05/08/2026;04/08/2026;Entregue No Prazo;;Entrega realizada;Entrega Finalizada;5;8;29;7;TRANSTRY;23015;Fundação do Estado da Paraíba;Estadual;PB
MOBIS BRASIL FABRICACAO DE AUTO PECAS LT;RODOVIARIO;1550192;29/07/2026;5;354567;29/07/2026;ATUAL VEICULOS LTDA;1,33E+13;ARARANGUA;SC;29/07/2026;05/08/2026;04/08/2026;Entregue No Prazo;;Entrega realizada;Entrega Finalizada;5;8;29;7;TRANSTRY;24001;Fundação do Estado da Paraíba;Estadual;PB
MOBIS BRASIL FABRICACAO DE AUTO PECAS LT;RODOVIARIO;1550193;29/07/2026;1;354569;29/07/2026;ATUAL VEICULOS LTDA;1,33E+13;CRICIUMA;SC;29/07/2026;05/08/2026;04/08/2026;Entregue No Prazo;;Entrega realizada;Entrega Finalizada;5;8;29;7;TRANSTRY;24001;Fundação do Estado da Paraíba;Estadual;PB
MOBIS BRASIL FABRICACAO DE AUTO PECAS LT;RODOVIARIO;1550194;29/07/2026;2;354568;29/07/2026;ATUAL VEICULOS LTDA;1,33E+13;TUBARAO;SC;29/07/2026;05/08/2026;04/08/2026;Entregue No Prazo;;Entrega realizada;Entrega Finalizada;5;8;29;7;TRANSTRY;24001;Fundação do Estado da Paraíba;Estadual;PB
MOBIS BRASIL FABRICACAO DE AUTO PECAS LT;RODOVIARIO;1550144;29/07/2026;6;354637;29/07/2026;PRIME CACHOEIRO VEICULOS LTDA;9,34E+12;CACHOEIRO DE ITAPEMIRIM;ES;29/07/2026;06/08/2026;04/08/2026;Entregue No Prazo;;Entrega realizada;Entrega Finalizada;6;8;29;7;CAMILO;8004;;;
MOBIS BRASIL FABRICACAO DE AUTO PECAS LT;RODOVIARIO;1550147;29/07/2026;68;354604;29/07/2026;SAGA KOREA COM. DE VEIC. E PC. LTDA;1,27E+13;GOIANIA;GO;29/07/2026;06/08/2026;04/08/2026;Entregue No Prazo;;Entrega realizada;Entrega Finalizada;6;8;29;7;RIO VERMELHO;9011;;;
MOBIS BRASIL FABRICACAO DE AUTO PECAS LT;RODOVIARIO;1550137;29/07/2026;1;354621;29/07/2026;FAZZA MOTORS COMERCIO DE VEICULOS LTDA;1,24E+13;SALVADOR;BA;29/07/2026;10/08/2026;04/08/2026;Entregue No Prazo;;Entrega realizada;Entrega Finalizada;10;8;29;7;TERMACO;5007;;;
MOBIS BRASIL FABRICACAO DE AUTO PECAS LT;RODOVIARIO;1550579;29/07/2026;1;354865;30/07/2026;CARBEL KOREA VEICULOS LTDA;2,07E+13;BELO HORIZONTE;MG;30/07/2026;04/08/2026;04/08/2026;Entregue No Prazo;;Entrega realizada;Entrega Finalizada;4;8;30;7;XD BETIM;11021;;;
MOBIS BRASIL FABRICACAO DE AUTO PECAS LT;RODOVIARIO;1550580;29/07/2026;3;354865;30/07/2026;CARBEL KOREA VEICULOS LTDA;2,07E+13;BELO HORIZONTE;MG;30/07/2026;04/08/2026;04/08/2026;Entregue No Prazo;;Entrega realizada;Entrega Finalizada;4;8;30;7;XD BETIM;11021;;;
MOBIS BRASIL FABRICACAO DE AUTO PECAS LT;RODOVIARIO;1550581;29/07/2026;1;354861;30/07/2026;CAOA MOTOR DO BRASIL LTDA;1,68E+13;BELO HORIZONTE;MG;30/07/2026;04/08/2026;04/08/2026;Entregue No Prazo;;Entrega realizada;Entrega Finalizada;4;8;30;7;XD BETIM;5008;;;
MOBIS BRASIL FABRICACAO DE AUTO PECAS LT;RODOVIARIO;1550582;29/07/2026;1;354861;30/07/2026;CAOA MOTOR DO BRASIL LTDA;1,68E+13;BELO HORIZONTE;MG;30/07/2026;04/08/2026;04/08/2026;Entregue No Prazo;;Entrega realizada;Entrega Finalizada;4;8;30;7;XD BETIM;5008;;;
MOBIS BRASIL FABRICACAO DE AUTO PECAS LT;RODOVIARIO;1550665;29/07/2026;1;354875;30/07/2026;ANDRETA II DISTRIBUIDORA DE VEIC. LTDA;9,10E+12;JUNDIAI;SP;30/07/2026;04/08/2026;04/08/2026;Entregue No Prazo;;Entrega realizada;Entrega Finalizada;4;8;30;7;MVT;26011;;;
MOBIS BRASIL FABRICACAO DE AUTO PECAS LT;RODOVIARIO;1550667;29/07/2026;1;354875;30/07/2026;ANDRETA II DISTRIBUIDORA DE VEIC. LTDA;9,10E+12;JUNDIAI;SP;30/07/2026;04/08/2026;04/08/2026;Entregue No Prazo;;Entrega realizada;Entrega Finalizada;4;8;30;7;MVT;26011;;;
MOBIS BRASIL FABRICACAO DE AUTO PECAS LT;RODOVIARIO;1550576;29/07/2026;5;354948;30/07/2026;URCA MOTORS VEICULOS LTDA;8,77E+12;UBERLANDIA;MG;30/07/2026;05/08/2026;04/08/2026;Entregue No Prazo;;Entrega realizada;Entrega Finalizada;5;8;30;7;CAMILO;9014;Fundação do Estado da Paraíba;Estadual;PB
MOBIS BRASIL FABRICACAO DE AUTO PECAS LT;RODOVIARIO;1550622;29/07/2026;1;354902;30/07/2026;HOUSE PARTS - COM. DE PECAS E VEIC. LTDA;1,15E+13;PORTO ALEGRE;RS;30/07/2026;05/08/2026;04/08/2026;Entregue No Prazo;;Entrega realizada;Entrega Finalizada;5;8;30;7;TRANSTRY;23004;Fundação do Estado da Paraíba;Estadual;PB
MOBIS BRASIL FABRICACAO DE AUTO PECAS LT;RODOVIARIO;1550658;29/07/2026;1;354878;30/07/2026;DESTAQUE SEUL DISTR DE VEIC PEC LTDA;2,12E+13;CARAGUATATUBA;SP;30/07/2026;05/08/2026;04/08/2026;Entregue No Prazo;;Entrega realizada;Entrega Finalizada;5;8;30;7;MVT;26082;Fundação do Estado da Paraíba;Estadual;PB
MOBIS BRASIL FABRICACAO DE AUTO PECAS LT;RODOVIARIO;1550571;29/07/2026;3;354941;30/07/2026;TAI MOTORS VEICULOS S/A;9,27E+12;VITORIA;ES;30/07/2026;06/08/2026;04/08/2026;Entregue No Prazo;;Entrega realizada;Entrega Finalizada;6;8;30;7;CAMILO;8002;;;
MOBIS BRASIL FABRICACAO DE AUTO PECAS LT;RODOVIARIO;1550616;29/07/2026;1;354942;30/07/2026;TAI MOTORS VEICULOS S/A;9,27E+12;CAMPOS DOS GOYTACAZES;RJ;30/07/2026;06/08/2026;04/08/2026;Entregue No Prazo;;Entrega realizada;Entrega Finalizada;6;8;30;7;CAMILO;8002;;;
MOBIS BRASIL FABRICACAO DE AUTO PECAS LT;RODOVIARIO;1550625;29/07/2026;3;354901;30/07/2026;GALA COMERCIO DE VEICULOS LTDA.;1,77E+13;PELOTAS;RS;30/07/2026;06/08/2026;04/08/2026;Entregue No Prazo;;Entrega realizada;Entrega Finalizada;6;8;30;7;TRANSTRY;23009;;;
MOBIS BRASIL FABRICACAO DE AUTO PECAS LT;RODOVIARIO;1550627;29/07/2026;3;354888;30/07/2026;ATUAL VEICULOS LTDA;1,33E+13;ARARANGUA;SC;30/07/2026;06/08/2026;04/08/2026;Entregue No Prazo;;Entrega realizada;Entrega Finalizada;6;8;30;7;TRANSTRY;24001;;;
MOBIS BRASIL FABRICACAO DE AUTO PECAS LT;RODOVIARIO;1550628;29/07/2026;2;354886;30/07/2026;ATUAL VEICULOS LTDA;1,33E+13;CRICIUMA;SC;30/07/2026;06/08/2026;04/08/2026;Entregue No Prazo;;Entrega realizada;Entrega Finalizada;6;8;30;7;TRANSTRY;24001;;;
MOBIS BRASIL FABRICACAO DE AUTO PECAS LT;RODOVIARIO;1550629;29/07/2026;10;354887;30/07/2026;ATUAL VEICULOS LTDA;1,33E+13;TUBARAO;SC;30/07/2026;06/08/2026;04/08/2026;Entregue No Prazo;;Entrega realizada;Entrega Finalizada;6;8;30;7;TRANSTRY;24001;;;
MOBIS BRASIL FABRICACAO DE AUTO PECAS LT;RODOVIARIO;1550632;29/07/2026;40;354892;30/07/2026;BARI VEICULOS LTDA;7,46E+12;BLUMENAU;SC;30/07/2026;06/08/2026;04/08/2026;Entregue No Prazo;;Entrega realizada;Entrega Finalizada;6;8;30;7;TRANSTRY;18024;;;
MOBIS BRASIL FABRICACAO DE AUTO PECAS LT;RODOVIARIO;1550635;29/07/2026;2;354907;30/07/2026;PONTO CERTO COMERCIO DE VEICULOS LTDA;1,50E+13;LAGES;SC;30/07/2026;06/08/2026;04/08/2026;Entregue No Prazo;;Entrega realizada;Entrega Finalizada;6;8;30;7;TRANSTRY;24017;;;
MOBIS BRASIL FABRICACAO DE AUTO PECAS LT;RODOVIARIO;1550569;29/07/2026;1;354871;30/07/2026;SAGA KOREA COM. DE VEIC. E PC. LTDA;1,27E+13;BRASILIA;DF;30/07/2026;07/08/2026;04/08/2026;Entregue No Prazo;;Entrega realizada;Entrega Finalizada;7;8;30;7;RIO VERMELHO;7005;Emancipação Política do Rio Grande do Norte;Estadual;RN
MOBIS BRASIL FABRICACAO DE AUTO PECAS LT;RODOVIARIO;1550588;29/07/2026;2;354945;30/07/2026;ULSAN COMERCIO DE VEICULOS LTDA.;2,10E+13;CAMPO GRANDE;MS;30/07/2026;07/08/2026;04/08/2026;Entregue No Prazo;;Entrega realizada;Entrega Finalizada;7;8;30;7;CARVALIMA;12004;Emancipação Política do Rio Grande do Norte;Estadual;RN
MOBIS BRASIL FABRICACAO DE AUTO PECAS LT;RODOVIARIO;1550636;29/07/2026;5;354899;30/07/2026;CHINHAN AUTOMOVEIS LTDA;2,41E+13;CONCORDIA;SC;30/07/2026;07/08/2026;04/08/2026;Entregue No Prazo;;Entrega realizada;Entrega Finalizada;7;8;30;7;TRANSTRY;23019;Emancipação Política do Rio Grande do Norte;Estadual;RN
MOBIS BRASIL FABRICACAO DE AUTO PECAS LT;RODOVIARIO;1550590;29/07/2026;3;354937;30/07/2026;SAGA ASIA COM. DE VEIC.PC.E SERV. LTDA;2,23E+13;VARZEA GRANDE;MT;30/07/2026;10/08/2026;04/08/2026;Entregue No Prazo;;Entrega realizada;Entrega Finalizada;10;8;30;7;CARVALIMA;13004;;;
MOBIS BRASIL FABRICACAO DE AUTO PECAS LT;RODOVIARIO;1550591;29/07/2026;4;354918;30/07/2026;COMETA MATO GROSSO COM. DE VEICULOS LTDA;1,54E+13;RONDONOPOLIS;MT;30/07/2026;11/08/2026;04/08/2026;Entregue No Prazo;;Entrega realizada;Entrega Finalizada;11;8;30;7;CARVALIMA;13006;Criação da Capitania de SC;Estadual;SC
MOBIS BRASIL FABRICACAO DE AUTO PECAS LT;RODOVIARIO;1550650;29/07/2026;7;355204;31/07/2026;CAOA MOTOR DO BRASIL LTDA (VL PRUDENTE);1,68E+13;SAO PAULO;SP;31/07/2026;04/08/2026;04/08/2026;Entregue No Prazo;;Entrega realizada;Entrega Finalizada;4;8;31;7;XD DIADEMA;26051;;;
MOBIS BRASIL FABRICACAO DE AUTO PECAS LT;RODOVIARIO;1551386;30/07/2026;1;355209;31/07/2026;GRAND SPORT COM. DE VEIC. E PECAS LTDA;8,58E+12;SAO PAULO;SP;31/07/2026;04/08/2026;04/08/2026;Entregue No Prazo;;Entrega realizada;Entrega Finalizada;4;8;31;7;XD DIADEMA;26034;;;
MOBIS BRASIL FABRICACAO DE AUTO PECAS LT;RODOVIARIO;1551392;30/07/2026;1;355204;31/07/2026;CAOA MOTOR DO BRASIL LTDA (VL PRUDENTE);1,68E+13;SAO PAULO;SP;31/07/2026;04/08/2026;04/08/2026;Entregue No Prazo;;Entrega realizada;Entrega Finalizada;4;8;31;7;XD DIADEMA;26051;;;
MOBIS BRASIL FABRICACAO DE AUTO PECAS LT;RODOVIARIO;1551334;30/07/2026;9;355207;31/07/2026;CARBEL KOREA VEICULOS LTDA;2,07E+13;BELO HORIZONTE;MG;31/07/2026;05/08/2026;04/08/2026;Entregue No Prazo;;Entrega realizada;Entrega Finalizada;5;8;31;7;XD BETIM;11021;Fundação do Estado da Paraíba;Estadual;PB
MOBIS BRASIL FABRICACAO DE AUTO PECAS LT;RODOVIARIO;1551335;30/07/2026;2;355202;31/07/2026;CAOA MOTOR DO BRASIL LTDA;1,68E+13;BELO HORIZONTE;MG;31/07/2026;05/08/2026;04/08/2026;Entregue No Prazo;;Entrega realizada;Entrega Finalizada;5;8;31;7;XD BETIM;5008;Fundação do Estado da Paraíba;Estadual;PB
MOBIS BRASIL FABRICACAO DE AUTO PECAS LT;RODOVIARIO;1551372;30/07/2026;11;355216;31/07/2026;TAI MOTORS VEICULOS S/A;9,27E+12;BELO HORIZONTE;MG;31/07/2026;05/08/2026;04/08/2026;Entregue No Prazo;;Entrega realizada;Entrega Finalizada;5;8;31;7;XD BETIM;8002;Fundação do Estado da Paraíba;Estadual;PB
MOBIS BRASIL FABRICACAO DE AUTO PECAS LT;RODOVIARIO;1551399;30/07/2026;1;355249;31/07/2026;CAOA MOTOR DO BRASIL LTDA;1,68E+13;SAO JOSE DOS CAMPOS;SP;31/07/2026;05/08/2026;04/08/2026;Entregue No Prazo;;Entrega realizada;Entrega Finalizada;5;8;31;7;MVT;5008;Fundação do Estado da Paraíba;Estadual;PB
MOBIS BRASIL FABRICACAO DE AUTO PECAS LT;RODOVIARIO;1551405;30/07/2026;1;355255;31/07/2026;H - CAMINHO AUTOMOVEIS LTDA;2,53E+13;LIMEIRA;SP;31/07/2026;05/08/2026;04/08/2026;Entregue No Prazo;;Entrega realizada;Entrega Finalizada;5;8;31;7;MVT;26092;Fundação do Estado da Paraíba;Estadual;PB
MOBIS BRASIL FABRICACAO DE AUTO PECAS LT;RODOVIARIO;1551409;30/07/2026;10;355248;31/07/2026;ANDRETA II DISTRIBUIDORA DE VEIC. LTDA;9,10E+12;JUNDIAI;SP;31/07/2026;05/08/2026;04/08/2026;Entregue No Prazo;;Entrega realizada;Entrega Finalizada;5;8;31;7;MVT;26011;Fundação do Estado da Paraíba;Estadual;PB
MOBIS BRASIL FABRICACAO DE AUTO PECAS LT;RODOVIARIO;1551330;30/07/2026;27;355288;31/07/2026;URCA MOTORS VEICULOS LTDA;8,77E+12;UBERLANDIA;MG;31/07/2026;06/08/2026;04/08/2026;Entregue No Prazo;;Entrega realizada;Entrega Finalizada;6;8;31;7;CAMILO;9014;;;
MOBIS BRASIL FABRICACAO DE AUTO PECAS LT;RODOVIARIO;1551349;30/07/2026;3;355242;31/07/2026;LOVAT VEICULOS S/A;8,57E+12;LONDRINA;PR;31/07/2026;06/08/2026;04/08/2026;Entregue No Prazo;;Entrega realizada;Entrega Finalizada;6;8;31;7;TRANSTRY;18008;;;
MOBIS BRASIL FABRICACAO DE AUTO PECAS LT;RODOVIARIO;1551351;30/07/2026;5;355230;31/07/2026;BARI VEICULOS LTDA;7,46E+12;PONTA GROSSA;PR;31/07/2026;06/08/2026;04/08/2026;Entregue No Prazo;;Entrega realizada;Entrega Finalizada;6;8;31;7;TRANSTRY;18024;;;
MOBIS BRASIL FABRICACAO DE AUTO PECAS LT;RODOVIARIO;1551353;30/07/2026;3;355259;31/07/2026;AMX COM. E SERVICOS DE AUTOMOTORES LTDA;1,20E+13;RIO DE JANEIRO;RJ;31/07/2026;06/08/2026;04/08/2026;Entregue No Prazo;;Entrega realizada;Entrega Finalizada;6;8;31;7;CAMILO;19009;;;
MOBIS BRASIL FABRICACAO DE AUTO PECAS LT;RODOVIARIO;1551375;30/07/2026;2;355234;31/07/2026;BARI VEICULOS LTDA.;7,46E+12;JOINVILLE;SC;31/07/2026;06/08/2026;04/08/2026;Entregue No Prazo;;Entrega realizada;Entrega Finalizada;6;8;31;7;TRANSTRY;24013;;;
MOBIS BRASIL FABRICACAO DE AUTO PECAS LT;RODOVIARIO;1551380;30/07/2026;3;355257;31/07/2026;HYMAX DISTRIBUIDORA DE VEICULOS LTDA;1,73E+13;MOGI GUACU;SP;31/07/2026;06/08/2026;04/08/2026;Entregue No Prazo;Avaria;Entrega realizada;Entrega Finalizada;6;8;31;7;MVT;26002;;;
MOBIS BRASIL FABRICACAO DE AUTO PECAS LT;RODOVIARIO;1551381;30/07/2026;15;355257;31/07/2026;HYMAX DISTRIBUIDORA DE VEICULOS LTDA;1,73E+13;MOGI GUACU;SP;31/07/2026;06/08/2026;04/08/2026;Entregue No Prazo;Avaria;Entrega realizada;Entrega Finalizada;6;8;31;7;MVT;26002;;;
MOBIS BRASIL FABRICACAO DE AUTO PECAS LT;RODOVIARIO;1551391;30/07/2026;11;355256;31/07/2026;H R B COMERCIO DE VEICULOS LTDA;1,82E+13;SAO JOSE DO RIO PRETO;SP;31/07/2026;06/08/2026;04/08/2026;Entregue No Prazo;;Entrega realizada;Entrega Finalizada;6;8;31;7;MVT;26050;;;
MOBIS BRASIL FABRICACAO DE AUTO PECAS LT;RODOVIARIO;1551395;30/07/2026;2;355254;31/07/2026;GOLDEN MOTORS VEICULOS LTDA;3,62E+12;ARACATUBA;SP;31/07/2026;06/08/2026;04/08/2026;Entregue No Prazo;;Entrega realizada;Entrega Finalizada;6;8;31;7;MVT;12001;;;
MOBIS BRASIL FABRICACAO DE AUTO PECAS LT;RODOVIARIO;1551396;30/07/2026;1;355254;31/07/2026;GOLDEN MOTORS VEICULOS LTDA;3,62E+12;ARACATUBA;SP;31/07/2026;06/08/2026;04/08/2026;Entregue No Prazo;;Entrega realizada;Entrega Finalizada;6;8;31;7;MVT;12001;;;
MOBIS BRASIL FABRICACAO DE AUTO PECAS LT;RODOVIARIO;1551398;30/07/2026;1;355252;31/07/2026;DHC COMERCIO DE VEICULOS E PECAS LTDA;9,52E+12;MARILIA;SP;31/07/2026;06/08/2026;04/08/2026;Entregue No Prazo;;Entrega realizada;Entrega Finalizada;6;8;31;7;MVT;26010;;;
MOBIS BRASIL FABRICACAO DE AUTO PECAS LT;RODOVIARIO;1551358;30/07/2026;5;355281;31/07/2026;TAI MOTORS VEICULOS S/A;9,27E+12;CAMPOS DOS GOYTACAZES;RJ;31/07/2026;07/08/2026;04/08/2026;Entregue No Prazo;;Entrega realizada;Entrega Finalizada;7;8;31;7;CAMILO;8002;Emancipação Política do Rio Grande do Norte;Estadual;RN
MOBIS BRASIL FABRICACAO DE AUTO PECAS LT;RODOVIARIO;1551320;30/07/2026;57;355214;31/07/2026;SAGA KOREA COM. DE VEIC. E PC. LTDA;1,27E+13;BRASILIA;DF;31/07/2026;10/08/2026;04/08/2026;Entregue No Prazo;;Entrega realizada;Entrega Finalizada;10;8;31;7;RIO VERMELHO;7005;;;
MOBIS BRASIL FABRICACAO DE AUTO PECAS LT;RODOVIARIO;1551340;30/07/2026;5;355267;31/07/2026;GOLDEN MOTORS VEICULOS LTDA;3,62E+12;DOURADOS;MS;31/07/2026;10/08/2026;04/08/2026;Entregue No Prazo;;Entrega realizada;Entrega Finalizada;10;8;31;7;CARVALIMA;12001;;;
MOBIS BRASIL FABRICACAO DE AUTO PECAS LT;RODOVIARIO;1551341;30/07/2026;4;355285;31/07/2026;ULSAN COMERCIO DE VEICULOS LTDA.;2,10E+13;CAMPO GRANDE;MS;31/07/2026;10/08/2026;04/08/2026;Entregue No Prazo;;Entrega realizada;Entrega Finalizada;10;8;31;7;CARVALIMA;12004;;;
MOBIS BRASIL FABRICACAO DE AUTO PECAS LT;RODOVIARIO;1551367;30/07/2026;1;355238;31/07/2026;HOUSE PARTS - COM. DE PECAS E VEIC. LTDA;1,15E+13;LAJEADO;RS;31/07/2026;10/08/2026;04/08/2026;Entregue No Prazo;;Entrega realizada;Entrega Finalizada;10;8;31;7;TRANSTRY;23018;;;
MOBIS BRASIL FABRICACAO DE AUTO PECAS LT;RODOVIARIO;1551342;30/07/2026;57;355278;31/07/2026;SAGA ASIA COM. DE VEIC.PC.E SERV. LTDA;2,23E+13;VARZEA GRANDE;MT;31/07/2026;11/08/2026;04/08/2026;Entregue No Prazo;;Entrega realizada;Entrega Finalizada;11;8;31;7;CARVALIMA;13004;Criação da Capitania de SC;Estadual;SC
MOBIS BRASIL FABRICACAO DE AUTO PECAS LT;RODOVIARIO;1552061;31/07/2026;1;355536;03/08/2026;NOBRE DISTRIBUIDORA DE VEICULOS E PECAS;5,76E+12;MOGI DAS CRUZES;SP;03/08/2026;05/08/2026;04/08/2026;Entregue No Prazo;;Entrega realizada;Entrega Finalizada;5;8;3;8;XD DIADEMA;26004;Fundação do Estado da Paraíba;Estadual;PB
MOBIS BRASIL FABRICACAO DE AUTO PECAS LT;RODOVIARIO;1552062;31/07/2026;2;355532;03/08/2026;GRAND SPORT COM. DE VEIC. E PECAS LTDA;8,58E+12;GUARULHOS;SP;03/08/2026;05/08/2026;04/08/2026;Entregue No Prazo;;Entrega realizada;Entrega Finalizada;5;8;3;8;XD DIADEMA;26005;Fundação do Estado da Paraíba;Estadual;PB
MOBIS BRASIL FABRICACAO DE AUTO PECAS LT;RODOVIARIO;1552071;31/07/2026;2;355524;03/08/2026;BILLY DISTRIBUIDORA DE VEICULOS LTDA;1,34E+13;DIADEMA;SP;03/08/2026;05/08/2026;04/08/2026;Entregue No Prazo;;Entrega realizada;Entrega Finalizada;5;8;3;8;XD DIADEMA;26003;Fundação do Estado da Paraíba;Estadual;PB
MOBIS BRASIL FABRICACAO DE AUTO PECAS LT;RODOVIARIO;1552076;31/07/2026;2;355529;03/08/2026;CAOA MOTOR DO BRASIL LTDA (VL PRUDENTE);1,68E+13;SAO PAULO;SP;03/08/2026;05/08/2026;04/08/2026;Entregue No Prazo;;Entrega realizada;Entrega Finalizada;5;8;3;8;XD DIADEMA;26051;Fundação do Estado da Paraíba;Estadual;PB
MOBIS BRASIL FABRICACAO DE AUTO PECAS LT;RODOVIARIO;1552077;31/07/2026;1;355529;03/08/2026;CAOA MOTOR DO BRASIL LTDA (VL PRUDENTE);1,68E+13;SAO PAULO;SP;03/08/2026;05/08/2026;04/08/2026;Entregue No Prazo;;Entrega realizada;Entrega Finalizada;5;8;3;8;XD DIADEMA;26051;Fundação do Estado da Paraíba;Estadual;PB
MOBIS BRASIL FABRICACAO DE AUTO PECAS LT;RODOVIARIO;1552081;31/07/2026;1;355525;03/08/2026;CAOA MOTOR DO BRASIL LTDA;1,68E+13;SAO BERNARDO DO CAMPO;SP;03/08/2026;05/08/2026;04/08/2026;Entregue No Prazo;;Entrega realizada;Entrega Finalizada;5;8;3;8;XD DIADEMA;5008;Fundação do Estado da Paraíba;Estadual;PB
MOBIS BRASIL FABRICACAO DE AUTO PECAS LT;RODOVIARIO;1552087;31/07/2026;5;355528;03/08/2026;CAOA MOTOR DO BRASIL LTDA (INDIANOPOLIS);1,68E+13;SAO PAULO;SP;03/08/2026;05/08/2026;04/08/2026;Entregue No Prazo;;Entrega realizada;Entrega Finalizada;5;8;3;8;XD DIADEMA;26091;Fundação do Estado da Paraíba;Estadual;PB
MOBIS BRASIL FABRICACAO DE AUTO PECAS LT;RODOVIARIO;1552063;31/07/2026;103;355597;03/08/2026;BARI VEICULOS LTDA;7,46E+12;CURITIBA;PR;03/08/2026;06/08/2026;04/08/2026;Entregue No Prazo;;Entrega realizada;Entrega Finalizada;6;8;3;8;TRANSTRY;18024;;;
MOBIS BRASIL FABRICACAO DE AUTO PECAS LT;RODOVIARIO;1552083;31/07/2026;26;355518;03/08/2026;DESTAQUE SEUL DISTR. DE VEIC. E PC. LTDA;2,12E+13;ATIBAIA;SP;03/08/2026;06/08/2026;04/08/2026;Entregue No Prazo;;Entrega realizada;Entrega Finalizada;6;8;3;8;BV LOG;26075;;;
MOBIS BRASIL FABRICACAO DE AUTO PECAS LT;RODOVIARIO;1552029;31/07/2026;2;355594;03/08/2026;BARI VEICULOS LTDA;7,46E+12;SAO JOSE DOS PINHAIS;PR;03/08/2026;07/08/2026;04/08/2026;Entregue No Prazo;;Entrega realizada;Entrega Finalizada;7;8;3;8;TRANSTRY;18024;Emancipação Política do Rio Grande do Norte;Estadual;RN
MOBIS BRASIL FABRICACAO DE AUTO PECAS LT;RODOVIARIO;1552088;31/07/2026;1;355617;03/08/2026;H - CAMINHO AUTOMOVEIS LTDA;2,53E+13;PIRACICABA;SP;03/08/2026;07/08/2026;04/08/2026;Entregue No Prazo;;Entrega realizada;Entrega Finalizada;7;8;3;8;MVT;26092;Emancipação Política do Rio Grande do Norte;Estadual;RN
MOBIS BRASIL FABRICACAO DE AUTO PECAS LT;RODOVIARIO;1553030;04/08/2026;2;355774;04/08/2026;CAOA MOTOR DO BRASIL LTDA(RAP. TAVARES);1,68E+13;SAO PAULO;SP;04/08/2026;06/08/2026;04/08/2026;Entregue No Prazo;;Entrega realizada;Entrega Finalizada;6;8;4;8;XD DIADEMA;26109;;;
MOBIS BRASIL FABRICACAO DE AUTO PECAS LT;RODOVIARIO;1553012;04/08/2026;10;355766;04/08/2026;ANDRETA II DISTRIBUIDORA DE VEIC. LTDA;9,10E+12;CAMPINAS;SP;04/08/2026;07/08/2026;04/08/2026;Entregue No Prazo;;Entrega realizada;Entrega Finalizada;7;8;4;8;BV LOG;26011;Emancipação Política do Rio Grande do Norte;Estadual;RN
MOBIS BRASIL FABRICACAO DE AUTO PECAS LT;RODOVIARIO;1553024;04/08/2026;5;355767;04/08/2026;DESTAQUE SEUL DISTR. DE VEIC. E PC. LTDA;2,12E+13;ATIBAIA;SP;04/08/2026;07/08/2026;04/08/2026;Entregue No Prazo;;Entrega realizada;Entrega Finalizada;7;8;4;8;BV LOG;26075;Emancipação Política do Rio Grande do Norte;Estadual;RN
MOBIS BRASIL FABRICACAO DE AUTO PECAS LT;RODOVIARIO;1533255;27/06/2026;2;349784;29/06/2026;VITAL COMERCIO DE VEICULOS LTDA;1,05E+13;GOVERNADOR VALADARES;MG;29/06/2026;06/07/2026;05/08/2026;Entregue Fora do Prazo;Falta 01 volume;Entrega realizada;Entrega Finalizada;6;7;29;6;CAMILO;11016;;;
MOBIS BRASIL FABRICACAO DE AUTO PECAS LT;RODOVIARIO;1543081;16/07/2026;1;352604;16/07/2026;PATEO COMERCIO DE VEICULOS S A;7,78E+12;MANAUS;AM;16/07/2026;11/08/2026;05/08/2026;Entregue No Prazo;;Entrega realizada;Entrega Finalizada;11;8;16;7;CARVALIMA;3002;Criação da Capitania de SC;Estadual;SC
MOBIS BRASIL FABRICACAO DE AUTO PECAS LT;RODOVIARIO;1544676;20/07/2026;4;353053;20/07/2026;TRIAUTO KOREA AUTOMOVEIS LTDA;4,99E+13;CATALAO;GO;20/07/2026;03/08/2026;05/08/2026;Entregue Fora do Prazo;;Entrega realizada;Entrega Finalizada;3;8;20;7;RIO VERMELHO;9018;;;
MOBIS BRASIL FABRICACAO DE AUTO PECAS LT;RODOVIARIO;1545468;21/07/2026;6;353211;21/07/2026;TRIAUTO KOREA AUTOMOVEIS LTDA;4,99E+13;CATALAO;GO;21/07/2026;04/08/2026;05/08/2026;Entregue Fora do Prazo;;Entrega realizada;Entrega Finalizada;4;8;21;7;RIO VERMELHO;9018;;;
MOBIS BRASIL FABRICACAO DE AUTO PECAS LT;RODOVIARIO;1546242;22/07/2026;1;353467;22/07/2026;ULSAN COMERCIO DE VEICULOS LTDA;2,10E+13;RIO BRANCO;AC;22/07/2026;10/08/2026;05/08/2026;Entregue No Prazo;;Entrega realizada;Entrega Finalizada;10;8;22;7;CARVALIMA;21004;;;
MOBIS BRASIL FABRICACAO DE AUTO PECAS LT;RODOVIARIO;1546902;23/07/2026;1;353698;23/07/2026;FAZZA MOTORS COM. DE VEICULOS LTDA;1,24E+13;FORTALEZA;CE;23/07/2026;06/08/2026;05/08/2026;Entregue No Prazo;;Entrega realizada;Entrega Finalizada;6;8;23;7;TERMACO;6001;;;
MOBIS BRASIL FABRICACAO DE AUTO PECAS LT;RODOVIARIO;1546901;23/07/2026;9;353708;23/07/2026;ORVEL AUTOMOTOR HYD LTDA;2,52E+13;TEIXEIRA DE FREITAS;BA;23/07/2026;07/08/2026;05/08/2026;Entregue No Prazo;;Entrega realizada;Entrega Finalizada;7;8;23;7;TERMACO;5011;Emancipação Política do Rio Grande do Norte;Estadual;RN
MOBIS BRASIL FABRICACAO DE AUTO PECAS LT;RODOVIARIO;1547555;24/07/2026;1;353918;24/07/2026;MISO VEICULOS LTDA;1,85E+13;SANTAREM;PA;24/07/2026;07/08/2026;05/08/2026;Entregue No Prazo;;Entrega realizada;Entrega Finalizada;7;8;24;7;CARVALIMA;4001;Emancipação Política do Rio Grande do Norte;Estadual;RN
MOBIS BRASIL FABRICACAO DE AUTO PECAS LT;RODOVIARIO;1547529;24/07/2026;4;353923;24/07/2026;ORVEL AUTOMOTOR HYD LTDA;2,52E+13;TEIXEIRA DE FREITAS;BA;24/07/2026;10/08/2026;05/08/2026;Entregue No Prazo;;Entrega realizada;Entrega Finalizada;10;8;24;7;TERMACO;5011;;;
MOBIS BRASIL FABRICACAO DE AUTO PECAS LT;RODOVIARIO;1548205;27/07/2026;3;354289;27/07/2026;PATEO COMERCIO DE VEICULOS S A;7,78E+12;SALVADOR;BA;27/07/2026;06/08/2026;05/08/2026;Entregue No Prazo;;Entrega realizada;Entrega Finalizada;6;8;27;7;TERMACO;5003;;;
MOBIS BRASIL FABRICACAO DE AUTO PECAS LT;RODOVIARIO;1548222;27/07/2026;57;354294;27/07/2026;PATEO COMERCIO DE VEICULOS S A;7,78E+12;SAO LUIS;MA;27/07/2026;11/08/2026;05/08/2026;Entregue No Prazo;;Entrega realizada;Entrega Finalizada;11;8;27;7;TERMACO;10002;Criação da Capitania de SC;Estadual;SC
MOBIS BRASIL FABRICACAO DE AUTO PECAS LT;RODOVIARIO;1548241;27/07/2026;1;354290;27/07/2026;PATEO COMERCIO DE VEICULOS S A;7,78E+12;OLINDA;PE;27/07/2026;12/08/2026;05/08/2026;Entregue No Prazo;;Entrega realizada;Entrega Finalizada;12;8;27;7;TERMACO;16003;;;
MOBIS BRASIL FABRICACAO DE AUTO PECAS LT;RODOVIARIO;1548244;27/07/2026;3;354284;27/07/2026;JPN COMERCIO DE AUTOMOVEIS LTDA;2,61E+13;GARANHUNS;PE;27/07/2026;12/08/2026;05/08/2026;Entregue No Prazo;;Entrega realizada;Entrega Finalizada;12;8;27;7;TERMACO;16009;;;
MOBIS BRASIL FABRICACAO DE AUTO PECAS LT;RODOVIARIO;1549266;28/07/2026;8;354356;28/07/2026;CYCOSA AUTOMOVEIS LTDA;4,76E+12;MACEIO;AL;28/07/2026;11/08/2026;05/08/2026;Entregue No Prazo;;Entrega realizada;Entrega Finalizada;11;8;28;7;TERMACO;2001;Criação da Capitania de SC;Estadual;SC
MOBIS BRASIL FABRICACAO DE AUTO PECAS LT;RODOVIARIO;1549270;28/07/2026;1;354366;28/07/2026;ORVEL AUTOMOTOR HYD LTDA;2,52E+13;TEIXEIRA DE FREITAS;BA;28/07/2026;12/08/2026;05/08/2026;Entregue No Prazo;;Entrega realizada;Entrega Finalizada;12;8;28;7;TERMACO;5011;;;
MOBIS BRASIL FABRICACAO DE AUTO PECAS LT;RODOVIARIO;1549295;28/07/2026;1;354365;28/07/2026;ORIENTE AUTOMOVEIS LTDA;1,33E+13;PARNAMIRIM;RN;28/07/2026;13/08/2026;05/08/2026;Entregue No Prazo;;Entrega realizada;Entrega Finalizada;13;8;28;7;TERMACO;20001;;;
MOBIS BRASIL FABRICACAO DE AUTO PECAS LT;RODOVIARIO;1550146;29/07/2026;2;354600;29/07/2026;NISA COMERCIAL DE VEIC. AUTOMOTORES LTDA;1,03E+13;APARECIDA DE GOIANIA;GO;29/07/2026;06/08/2026;05/08/2026;Entregue No Prazo;;Entrega realizada;Entrega Finalizada;6;8;29;7;RIO VERMELHO;9002;;;
MOBIS BRASIL FABRICACAO DE AUTO PECAS LT;RODOVIARIO;1550148;29/07/2026;4;354601;29/07/2026;NISA COMERCIAL DE VEIC. AUTOMOTORES LTDA;1,03E+13;GOIANIA;GO;29/07/2026;06/08/2026;05/08/2026;Entregue No Prazo;;Entrega realizada;Entrega Finalizada;6;8;29;7;RIO VERMELHO;9013;;;
MOBIS BRASIL FABRICACAO DE AUTO PECAS LT;RODOVIARIO;1550136;29/07/2026;30;354634;29/07/2026;PATEO COMERCIO DE VEICULOS S A;7,78E+12;SALVADOR;BA;29/07/2026;10/08/2026;05/08/2026;Entregue No Prazo;;Entrega realizada;Entrega Finalizada;10;8;29;7;TERMACO;5003;;;
MOBIS BRASIL FABRICACAO DE AUTO PECAS LT;RODOVIARIO;1550161;29/07/2026;3;354629;29/07/2026;MISO VEICULOS LTDA;1,85E+13;SANTAREM;PA;29/07/2026;12/08/2026;05/08/2026;Entregue No Prazo;;Entrega realizada;Entrega Finalizada;12;8;29;7;CARVALIMA;4001;;;
MOBIS BRASIL FABRICACAO DE AUTO PECAS LT;RODOVIARIO;1550586;29/07/2026;26;354858;30/07/2026;BDG AUTOVILLE VEICULOS LTDA;4,77E+13;CONTAGEM;MG;30/07/2026;04/08/2026;05/08/2026;Entregue Fora do Prazo;;Entrega realizada;Entrega Finalizada;4;8;30;7;XD BETIM;11037;;;
MOBIS BRASIL FABRICACAO DE AUTO PECAS LT;RODOVIARIO;1550666;29/07/2026;13;354873;30/07/2026;TAI MOTORS VEICULOS S/A;9,27E+12;BELO HORIZONTE;MG;30/07/2026;04/08/2026;05/08/2026;Entregue Fora do Prazo;;Entrega realizada;Entrega Finalizada;4;8;30;7;XD BETIM;8002;;;
MOBIS BRASIL FABRICACAO DE AUTO PECAS LT;RODOVIARIO;1550608;29/07/2026;1;354891;30/07/2026;BARI VEICULOS LTDA;7,46E+12;GUARAPUAVA;PR;30/07/2026;05/08/2026;05/08/2026;Entregue No Prazo;;Entrega realizada;Entrega Finalizada;5;8;30;7;TRANSTRY;18024;Fundação do Estado da Paraíba;Estadual;PB
MOBIS BRASIL FABRICACAO DE AUTO PECAS LT;RODOVIARIO;1550621;29/07/2026;1;354898;30/07/2026;CARWAY SUL VEICULOS LTDA;1,03E+13;PORTO ALEGRE;RS;30/07/2026;05/08/2026;05/08/2026;Entregue No Prazo;;Entrega realizada;Entrega Finalizada;5;8;30;7;TRANSTRY;23003;Fundação do Estado da Paraíba;Estadual;PB
MOBIS BRASIL FABRICACAO DE AUTO PECAS LT;RODOVIARIO;1550623;29/07/2026;4;354897;30/07/2026;CARWAY SUL VEICULOS LTDA;1,03E+13;CANOAS;RS;30/07/2026;05/08/2026;05/08/2026;Entregue No Prazo;;Entrega realizada;Entrega Finalizada;5;8;30;7;TRANSTRY;23003;Fundação do Estado da Paraíba;Estadual;PB
MOBIS BRASIL FABRICACAO DE AUTO PECAS LT;RODOVIARIO;1550584;29/07/2026;2;354950;30/07/2026;VIME AUTOMOVEIS E PECAS LTDA;2,85E+13;GUAXUPE;MG;30/07/2026;06/08/2026;05/08/2026;Entregue No Prazo;;Entrega realizada;Entrega Finalizada;6;8;30;7;CAMILO;11031;;;
MOBIS BRASIL FABRICACAO DE AUTO PECAS LT;RODOVIARIO;1550604;29/07/2026;3;354908;30/07/2026;SANTA FE VEICULOS LTDA.;1,16E+13;FRANCISCO BELTRAO;PR;30/07/2026;06/08/2026;05/08/2026;Entregue No Prazo;;Entrega realizada;Entrega Finalizada;6;8;30;7;TRANSTRY;18010;;;
MOBIS BRASIL FABRICACAO DE AUTO PECAS LT;RODOVIARIO;1550630;29/07/2026;1;354906;30/07/2026;LS COMERCIO DE AUTOMOVEIS LTDA.;1,03E+13;BRUSQUE;SC;30/07/2026;06/08/2026;05/08/2026;Entregue No Prazo;;Entrega realizada;Entrega Finalizada;6;8;30;7;TRANSTRY;24006;;;
MOBIS BRASIL FABRICACAO DE AUTO PECAS LT;RODOVIARIO;1550572;29/07/2026;1;354936;30/07/2026;PRIME CACHOEIRO VEICULOS LTDA;9,34E+12;LINHARES;ES;30/07/2026;07/08/2026;05/08/2026;Entregue No Prazo;;Entrega realizada;Entrega Finalizada;7;8;30;7;CAMILO;8004;Emancipação Política do Rio Grande do Norte;Estadual;RN
MOBIS BRASIL FABRICACAO DE AUTO PECAS LT;RODOVIARIO;1550624;29/07/2026;9;354903;30/07/2026;HOUSE PARTS - COM. DE PECAS E VEIC. LTDA;1,15E+13;SANTA MARIA;RS;30/07/2026;07/08/2026;05/08/2026;Entregue No Prazo;;Entrega realizada;Entrega Finalizada;7;8;30;7;TRANSTRY;23008;Emancipação Política do Rio Grande do Norte;Estadual;RN
MOBIS BRASIL FABRICACAO DE AUTO PECAS LT;RODOVIARIO;1550626;29/07/2026;1;354896;30/07/2026;CARWAY SUL VEICULOS LTDA;1,03E+13;BENTO GONCALVES;RS;30/07/2026;07/08/2026;05/08/2026;Entregue No Prazo;;Entrega realizada;Entrega Finalizada;7;8;30;7;TRANSTRY;23003;Emancipação Política do Rio Grande do Norte;Estadual;RN
MOBIS BRASIL FABRICACAO DE AUTO PECAS LT;RODOVIARIO;1550564;29/07/2026;1;354932;30/07/2026;PATEO COMERCIO DE VEICULOS S A;7,78E+12;SALVADOR;BA;30/07/2026;11/08/2026;05/08/2026;Entregue No Prazo;;Entrega realizada;Entrega Finalizada;11;8;30;7;TERMACO;5003;Criação da Capitania de SC;Estadual;SC
MOBIS BRASIL FABRICACAO DE AUTO PECAS LT;RODOVIARIO;1550593;29/07/2026;1;354930;30/07/2026;NACIONAL NOVA MARABA DIST DE VEIC. LTDA;1,70E+13;MARABA;PA;30/07/2026;13/08/2026;05/08/2026;Entregue No Prazo;;Entrega realizada;Entrega Finalizada;13;8;30;7;CARVALIMA;14005;;;
MOBIS BRASIL FABRICACAO DE AUTO PECAS LT;RODOVIARIO;1550619;29/07/2026;12;354938;30/07/2026;SAGA ASIA COM. DE VEIC.PC.E SERV. LTDA;2,14E+13;PORTO VELHO;RO;30/07/2026;13/08/2026;05/08/2026;Entregue No Prazo;;Entrega realizada;Entrega Finalizada;13;8;30;7;CARVALIMA;21003;;;
MOBIS BRASIL FABRICACAO DE AUTO PECAS LT;RODOVIARIO;1550563;29/07/2026;1;354911;30/07/2026;AIKON VEICULOS LTDA;1,17E+13;VITORIA DA CONQUISTA;BA;30/07/2026;14/08/2026;05/08/2026;Entregue No Prazo;;Entrega realizada;Entrega Finalizada;14;8;30;7;TERMACO;5002;;;
MOBIS BRASIL FABRICACAO DE AUTO PECAS LT;RODOVIARIO;1550660;29/07/2026;4;355210;31/07/2026;GRANDAY AUTOMOTORES LTDA (CHAC. CALIFOR);1,57E+13;SAO PAULO;SP;31/07/2026;04/08/2026;05/08/2026;Entregue Fora do Prazo;;Entrega realizada;Entrega Finalizada;4;8;31;7;XD DIADEMA;26090;;;
MOBIS BRASIL FABRICACAO DE AUTO PECAS LT;RODOVIARIO;1551401;30/07/2026;1;355201;31/07/2026;BILLY DISTRIBUIDORA DE VEICULOS LTDA;1,34E+13;SAO PAULO;SP;31/07/2026;04/08/2026;05/08/2026;Entregue Fora do Prazo;;Entrega realizada;Entrega Finalizada;4;8;31;7;XD DIADEMA;26003;;;
MOBIS BRASIL FABRICACAO DE AUTO PECAS LT;RODOVIARIO;1551404;30/07/2026;6;355210;31/07/2026;GRANDAY AUTOMOTORES LTDA (CHAC. CALIFOR);1,57E+13;SAO PAULO;SP;31/07/2026;04/08/2026;05/08/2026;Entregue Fora do Prazo;;Entrega realizada;Entrega Finalizada;4;8;31;7;XD DIADEMA;26090;;;
MOBIS BRASIL FABRICACAO DE AUTO PECAS LT;RODOVIARIO;1551407;30/07/2026;3;355206;31/07/2026;CAOA MOTOR DO BRASIL LTDA(RAP. TAVARES);1,68E+13;SAO PAULO;SP;31/07/2026;04/08/2026;05/08/2026;Entregue Fora do Prazo;;Entrega realizada;Entrega Finalizada;4;8;31;7;XD DIADEMA;26109;;;
MOBIS BRASIL FABRICACAO DE AUTO PECAS LT;RODOVIARIO;1551338;30/07/2026;1;355200;31/07/2026;BDG AUTOVILLE VEICULOS LTDA;4,77E+13;CONTAGEM;MG;31/07/2026;05/08/2026;05/08/2026;Entregue No Prazo;;Entrega realizada;Entrega Finalizada;5;8;31;7;XD BETIM;11037;Fundação do Estado da Paraíba;Estadual;PB
MOBIS BRASIL FABRICACAO DE AUTO PECAS LT;RODOVIARIO;1551339;30/07/2026;29;355200;31/07/2026;BDG AUTOVILLE VEICULOS LTDA;4,77E+13;CONTAGEM;MG;31/07/2026;05/08/2026;05/08/2026;Entregue No Prazo;;Entrega realizada;Entrega Finalizada;5;8;31;7;XD BETIM;11037;Fundação do Estado da Paraíba;Estadual;PB
MOBIS BRASIL FABRICACAO DE AUTO PECAS LT;RODOVIARIO;1551350;30/07/2026;119;355244;31/07/2026;SEVEC VEICULOS LTDA;5,68E+11;CURITIBA;PR;31/07/2026;05/08/2026;05/08/2026;Entregue No Prazo;;Entrega realizada;Entrega Finalizada;5;8;31;7;TRANSTRY;18012;Fundação do Estado da Paraíba;Estadual;PB
MOBIS BRASIL FABRICACAO DE AUTO PECAS LT;RODOVIARIO;1551331;30/07/2026;3;355284;31/07/2026;TOKSU COMERCIO DE VEICULOS LTDA;1,12E+13;JUIZ DE FORA;MG;31/07/2026;06/08/2026;05/08/2026;Entregue No Prazo;;Entrega realizada;Entrega Finalizada;6;8;31;7;CAMILO;11008;;;
MOBIS BRASIL FABRICACAO DE AUTO PECAS LT;RODOVIARIO;1551333;30/07/2026;1;355287;31/07/2026;URCA MOTORS VEICULOS LTDA;8,77E+12;UBERABA;MG;31/07/2026;06/08/2026;05/08/2026;Entregue No Prazo;;Entrega realizada;Entrega Finalizada;6;8;31;7;CAMILO;9014;;;
MOBIS BRASIL FABRICACAO DE AUTO PECAS LT;RODOVIARIO;1551361;30/07/2026;1;355239;31/07/2026;HOUSE PARTS - COM. DE PECAS E VEIC. LTDA;1,15E+13;PORTO ALEGRE;RS;31/07/2026;06/08/2026;05/08/2026;Entregue No Prazo;;Entrega realizada;Entrega Finalizada;6;8;31;7;TRANSTRY;23004;;;
MOBIS BRASIL FABRICACAO DE AUTO PECAS LT;RODOVIARIO;1551362;30/07/2026;15;355239;31/07/2026;HOUSE PARTS - COM. DE PECAS E VEIC. LTDA;1,15E+13;PORTO ALEGRE;RS;31/07/2026;06/08/2026;05/08/2026;Entregue No Prazo;;Entrega realizada;Entrega Finalizada;6;8;31;7;TRANSTRY;23004;;;
MOBIS BRASIL FABRICACAO DE AUTO PECAS LT;RODOVIARIO;1551363;30/07/2026;5;355235;31/07/2026;CARWAY SUL VEICULOS LTDA;1,03E+13;CANOAS;RS;31/07/2026;06/08/2026;05/08/2026;Entregue No Prazo;;Entrega realizada;Entrega Finalizada;6;8;31;7;TRANSTRY;23003;;;
MOBIS BRASIL FABRICACAO DE AUTO PECAS LT;RODOVIARIO;1551397;30/07/2026;2;355253;31/07/2026;GOLDEN MOTORS VEICULOS LTDA;3,62E+12;PRESIDENTE PRUDENTE;SP;31/07/2026;06/08/2026;05/08/2026;Entregue No Prazo;;Entrega realizada;Entrega Finalizada;6;8;31;7;MVT;12001;;;
MOBIS BRASIL FABRICACAO DE AUTO PECAS LT;RODOVIARIO;1551332;30/07/2026;1;355290;31/07/2026;VITAL COMERCIO DE VEICULOS LTDA;1,05E+13;GOVERNADOR VALADARES;MG;31/07/2026;07/08/2026;05/08/2026;Entregue No Prazo;;Entrega realizada;Entrega Finalizada;7;8;31;7;CAMILO;11016;Emancipação Política do Rio Grande do Norte;Estadual;RN
MOBIS BRASIL FABRICACAO DE AUTO PECAS LT;RODOVIARIO;1551355;30/07/2026;1;355283;31/07/2026;TECAR TRILHAS AUTOMOVEIS E SERVICOS LTDA;2,32E+13;DIVINOPOLIS;MG;31/07/2026;07/08/2026;05/08/2026;Entregue No Prazo;;Entrega realizada;Entrega Finalizada;7;8;31;7;CAMILO;11039;Emancipação Política do Rio Grande do Norte;Estadual;RN
MOBIS BRASIL FABRICACAO DE AUTO PECAS LT;RODOVIARIO;1551359;30/07/2026;2;355271;31/07/2026;MONTREAL VEICULOS E PECAS LTDA;1,68E+13;SAO PEDRO DA ALDEIA;RJ;31/07/2026;07/08/2026;05/08/2026;Entregue No Prazo;;Entrega realizada;Entrega Finalizada;7;8;31;7;CAMILO;19030;Emancipação Política do Rio Grande do Norte;Estadual;RN
MOBIS BRASIL FABRICACAO DE AUTO PECAS LT;RODOVIARIO;1551371;30/07/2026;1;355243;31/07/2026;LR COMERCIO DE VEICULOS LTDA;1,05E+13;SAO JOSE;SC;31/07/2026;07/08/2026;05/08/2026;Entregue No Prazo;;Entrega realizada;Entrega Finalizada;7;8;31;7;TRANSTRY;24007;Emancipação Política do Rio Grande do Norte;Estadual;RN
MOBIS BRASIL FABRICACAO DE AUTO PECAS LT;RODOVIARIO;1551373;30/07/2026;6;355229;31/07/2026;BARI VEICULOS LTDA;7,46E+12;BLUMENAU;SC;31/07/2026;07/08/2026;05/08/2026;Entregue No Prazo;;Entrega realizada;Entrega Finalizada;7;8;31;7;TRANSTRY;18024;Emancipação Política do Rio Grande do Norte;Estadual;RN
MOBIS BRASIL FABRICACAO DE AUTO PECAS LT;RODOVIARIO;1551374;30/07/2026;15;355229;31/07/2026;BARI VEICULOS LTDA;7,46E+12;BLUMENAU;SC;31/07/2026;07/08/2026;05/08/2026;Entregue No Prazo;;Entrega realizada;Entrega Finalizada;7;8;31;7;TRANSTRY;18024;Emancipação Política do Rio Grande do Norte;Estadual;RN
MOBIS BRASIL FABRICACAO DE AUTO PECAS LT;RODOVIARIO;1551319;30/07/2026;28;355215;31/07/2026;SMAFF IMPORT VEICULOS LTDA;8,18E+12;BRASILIA;DF;31/07/2026;10/08/2026;05/08/2026;Entregue No Prazo;;Entrega realizada;Entrega Finalizada;10;8;31;7;RIO VERMELHO;7002;;;
MOBIS BRASIL FABRICACAO DE AUTO PECAS LT;RODOVIARIO;1551325;30/07/2026;1;355276;31/07/2026;PRIME CACHOEIRO VEICULOS LTDA;9,34E+12;LINHARES;ES;31/07/2026;10/08/2026;05/08/2026;Entregue No Prazo;;Entrega realizada;Entrega Finalizada;10;8;31;7;CAMILO;8004;;;
MOBIS BRASIL FABRICACAO DE AUTO PECAS LT;RODOVIARIO;1551326;30/07/2026;1;355211;31/07/2026;NISA COMERCIAL DE VEIC. AUTOMOTORES LTDA;1,03E+13;APARECIDA DE GOIANIA;GO;31/07/2026;10/08/2026;05/08/2026;Entregue No Prazo;;Entrega realizada;Entrega Finalizada;10;8;31;7;RIO VERMELHO;9002;;;
MOBIS BRASIL FABRICACAO DE AUTO PECAS LT;RODOVIARIO;1551327;30/07/2026;116;355213;31/07/2026;SAGA KOREA COM. DE VEIC. E PC. LTDA;1,27E+13;GOIANIA;GO;31/07/2026;10/08/2026;05/08/2026;Entregue No Prazo;;Entrega realizada;Entrega Finalizada;10;8;31;7;RIO VERMELHO;9011;;;
MOBIS BRASIL FABRICACAO DE AUTO PECAS LT;RODOVIARIO;1551377;30/07/2026;1;355232;31/07/2026;BARI VEICULOS LTDA;7,46E+12;BALNEARIO CAMBORIU;SC;31/07/2026;10/08/2026;05/08/2026;Entregue No Prazo;;Entrega realizada;Entrega Finalizada;10;8;31;7;TRANSTRY;18024;;;
MOBIS BRASIL FABRICACAO DE AUTO PECAS LT;RODOVIARIO;1551314;30/07/2026;3;355274;31/07/2026;PATEO COMERCIO DE VEICULOS S A;7,78E+12;SALVADOR;BA;31/07/2026;12/08/2026;05/08/2026;Entregue No Prazo;;Entrega realizada;Entrega Finalizada;12;8;31;7;TERMACO;5003;;;
MOBIS BRASIL FABRICACAO DE AUTO PECAS LT;RODOVIARIO;1552084;31/07/2026;4;355523;03/08/2026;BILLY DISTRIBUIDORA DE VEICULOS LTDA;1,34E+13;SAO PAULO;SP;03/08/2026;05/08/2026;05/08/2026;Entregue No Prazo;;Entrega realizada;Entrega Finalizada;5;8;3;8;XD DIADEMA;26003;Fundação do Estado da Paraíba;Estadual;PB
MOBIS BRASIL FABRICACAO DE AUTO PECAS LT;RODOVIARIO;1552064;31/07/2026;2;355615;03/08/2026;ANDRETA II DISTRIBUIDORA DE VEIC. LTDA;9,10E+12;CAMPINAS;SP;03/08/2026;06/08/2026;05/08/2026;Entregue No Prazo;;Entrega realizada;Entrega Finalizada;6;8;3;8;MVT;26011;;;
MOBIS BRASIL FABRICACAO DE AUTO PECAS LT;RODOVIARIO;1552065;31/07/2026;7;355615;03/08/2026;ANDRETA II DISTRIBUIDORA DE VEIC. LTDA;9,10E+12;CAMPINAS;SP;03/08/2026;06/08/2026;05/08/2026;Entregue No Prazo;;Entrega realizada;Entrega Finalizada;6;8;3;8;MVT;26011;;;
MOBIS BRASIL FABRICACAO DE AUTO PECAS LT;RODOVIARIO;1552067;31/07/2026;6;355621;03/08/2026;NEW VEICULOS E PECAS LTDA;1,59E+13;RIBEIRAO PRETO;SP;03/08/2026;06/08/2026;05/08/2026;Entregue No Prazo;;Entrega realizada;Entrega Finalizada;6;8;3;8;MVT;26014;;;
MOBIS BRASIL FABRICACAO DE AUTO PECAS LT;RODOVIARIO;1552078;31/07/2026;2;355614;03/08/2026;ANDRETA II DISTRIBUIDORA DE VEIC. LTDA;9,10E+12;JUNDIAI;SP;03/08/2026;06/08/2026;05/08/2026;Entregue No Prazo;;Entrega realizada;Entrega Finalizada;6;8;3;8;MVT;26011;;;
MOBIS BRASIL FABRICACAO DE AUTO PECAS LT;RODOVIARIO;1552082;31/07/2026;1;355616;03/08/2026;CAOA MOTOR DO BRASIL LTDA;1,68E+13;SAO CARLOS;SP;03/08/2026;06/08/2026;05/08/2026;Entregue No Prazo;;Entrega realizada;Entrega Finalizada;6;8;3;8;MVT;5008;;;
MOBIS BRASIL FABRICACAO DE AUTO PECAS LT;RODOVIARIO;1552089;31/07/2026;1;355618;03/08/2026;H - CAMINHO AUTOMOVEIS LTDA;2,53E+13;LIMEIRA;SP;03/08/2026;06/08/2026;05/08/2026;Entregue No Prazo;;Entrega realizada;Entrega Finalizada;6;8;3;8;MVT;26092;;;
MOBIS BRASIL FABRICACAO DE AUTO PECAS LT;RODOVIARIO;1552027;31/07/2026;5;355593;03/08/2026;BARI VEICULOS LTDA;7,46E+12;PONTA GROSSA;PR;03/08/2026;07/08/2026;05/08/2026;Entregue No Prazo;;Entrega realizada;Entrega Finalizada;7;8;3;8;TRANSTRY;18024;Emancipação Política do Rio Grande do Norte;Estadual;RN
MOBIS BRASIL FABRICACAO DE AUTO PECAS LT;RODOVIARIO;1552030;31/07/2026;4;355554;03/08/2026;ITAVEMA MOTORS VEICULOS LTDA;7,73E+12;DUQUE DE CAXIAS;RJ;03/08/2026;07/08/2026;05/08/2026;Entregue No Prazo;;Entrega realizada;Entrega Finalizada;7;8;3;8;CAMILO;19001;Emancipação Política do Rio Grande do Norte;Estadual;RN
MOBIS BRASIL FABRICACAO DE AUTO PECAS LT;RODOVIARIO;1552031;31/07/2026;2;355545;03/08/2026;AMX COM. E SERVICOS DE AUTOMOTORES LTDA;1,20E+13;RIO DE JANEIRO;RJ;03/08/2026;07/08/2026;05/08/2026;Entregue No Prazo;;Entrega realizada;Entrega Finalizada;7;8;3;8;CAMILO;19009;Emancipação Política do Rio Grande do Norte;Estadual;RN
MOBIS BRASIL FABRICACAO DE AUTO PECAS LT;RODOVIARIO;1552032;31/07/2026;2;355547;03/08/2026;CAOA MOTOR DO BRASIL LTDA;1,68E+13;RIO DE JANEIRO;RJ;03/08/2026;07/08/2026;05/08/2026;Entregue No Prazo;;Entrega realizada;Entrega Finalizada;7;8;3;8;CAMILO;5008;Emancipação Política do Rio Grande do Norte;Estadual;RN
MOBIS BRASIL FABRICACAO DE AUTO PECAS LT;RODOVIARIO;1552033;31/07/2026;19;355553;03/08/2026;ITAVEMA MOTORS VEICULOS LTDA;7,73E+12;RIO DE JANEIRO;RJ;03/08/2026;07/08/2026;05/08/2026;Entregue No Prazo;;Entrega realizada;Entrega Finalizada;7;8;3;8;CAMILO;19001;Emancipação Política do Rio Grande do Norte;Estadual;RN
MOBIS BRASIL FABRICACAO DE AUTO PECAS LT;RODOVIARIO;1552035;31/07/2026;1;355546;03/08/2026;CAOA MOTOR DO BRASIL LTDA;1,68E+13;RIO DE JANEIRO;RJ;03/08/2026;07/08/2026;05/08/2026;Entregue No Prazo;;Entrega realizada;Entrega Finalizada;7;8;3;8;CAMILO;5008;Emancipação Política do Rio Grande do Norte;Estadual;RN
MOBIS BRASIL FABRICACAO DE AUTO PECAS LT;RODOVIARIO;1552057;31/07/2026;2;355595;03/08/2026;BARI VEICULOS LTDA;7,46E+12;JARAGUA DO SUL;SC;03/08/2026;07/08/2026;05/08/2026;Entregue No Prazo;;Entrega realizada;Entrega Finalizada;7;8;3;8;TRANSTRY;18024;Emancipação Política do Rio Grande do Norte;Estadual;RN
MOBIS BRASIL FABRICACAO DE AUTO PECAS LT;RODOVIARIO;1552073;31/07/2026;5;355619;03/08/2026;H R B COMERCIO DE VEICULOS LTDA;1,82E+13;SAO JOSE DO RIO PRETO;SP;03/08/2026;07/08/2026;05/08/2026;Entregue No Prazo;;Entrega realizada;Entrega Finalizada;7;8;3;8;MVT;26050;Emancipação Política do Rio Grande do Norte;Estadual;RN
MOBIS BRASIL FABRICACAO DE AUTO PECAS LT;RODOVIARIO;1552075;31/07/2026;12;355619;03/08/2026;H R B COMERCIO DE VEICULOS LTDA;1,82E+13;SAO JOSE DO RIO PRETO;SP;03/08/2026;07/08/2026;05/08/2026;Entregue No Prazo;;Entrega realizada;Entrega Finalizada;7;8;3;8;MVT;26050;Emancipação Política do Rio Grande do Norte;Estadual;RN
MOBIS BRASIL FABRICACAO DE AUTO PECAS LT;RODOVIARIO;1552080;31/07/2026;1;355622;03/08/2026;NOBRE DISTRIBUIDORA DE VEIC. E PEC. LTDA;5,76E+12;APARECIDA;SP;03/08/2026;07/08/2026;05/08/2026;Entregue No Prazo;;Entrega realizada;Entrega Finalizada;7;8;3;8;MVT;26053;Emancipação Política do Rio Grande do Norte;Estadual;RN
MOBIS BRASIL FABRICACAO DE AUTO PECAS LT;RODOVIARIO;1552023;31/07/2026;1;355610;03/08/2026;SANTA FE VEICULOS LTDA.;1,16E+13;FRANCISCO BELTRAO;PR;03/08/2026;10/08/2026;05/08/2026;Entregue No Prazo;;Entrega realizada;Entrega Finalizada;10;8;3;8;TRANSTRY;18010;;;
MOBIS BRASIL FABRICACAO DE AUTO PECAS LT;RODOVIARIO;1552024;31/07/2026;4;355610;03/08/2026;SANTA FE VEICULOS LTDA.;1,16E+13;FRANCISCO BELTRAO;PR;03/08/2026;10/08/2026;05/08/2026;Entregue No Prazo;;Entrega realizada;Entrega Finalizada;10;8;3;8;TRANSTRY;18010;;;
MOBIS BRASIL FABRICACAO DE AUTO PECAS LT;RODOVIARIO;1552034;31/07/2026;9;355560;03/08/2026;TAI MOTORS VEICULOS S/A;9,27E+12;CAMPOS DOS GOYTACAZES;RJ;03/08/2026;10/08/2026;05/08/2026;Entregue No Prazo;;Entrega realizada;Entrega Finalizada;10;8;3;8;CAMILO;8002;;;
MOBIS BRASIL FABRICACAO DE AUTO PECAS LT;RODOVIARIO;1552050;31/07/2026;8;355609;03/08/2026;LR COMERCIO DE VEICULOS LTDA;1,05E+13;SAO JOSE;SC;03/08/2026;10/08/2026;05/08/2026;Entregue No Prazo;;Entrega realizada;Entrega Finalizada;10;8;3;8;TRANSTRY;24007;;;
MOBIS BRASIL FABRICACAO DE AUTO PECAS LT;RODOVIARIO;1552051;31/07/2026;1;355596;03/08/2026;BARI VEICULOS LTDA;7,46E+12;BLUMENAU;SC;03/08/2026;10/08/2026;05/08/2026;Entregue No Prazo;;Entrega realizada;Entrega Finalizada;10;8;3;8;TRANSTRY;18024;;;
MOBIS BRASIL FABRICACAO DE AUTO PECAS LT;RODOVIARIO;1552052;31/07/2026;4;355596;03/08/2026;BARI VEICULOS LTDA;7,46E+12;BLUMENAU;SC;03/08/2026;10/08/2026;05/08/2026;Entregue No Prazo;;Entrega realizada;Entrega Finalizada;10;8;3;8;TRANSTRY;18024;;;
MOBIS BRASIL FABRICACAO DE AUTO PECAS LT;RODOVIARIO;1552074;31/07/2026;1;355563;03/08/2026;TECAR TRILHAS AUTOMOVEIS E SERVICOS LTDA;2,32E+13;DIVINOPOLIS;MG;03/08/2026;10/08/2026;05/08/2026;Entregue No Prazo;;Entrega realizada;Entrega Finalizada;10;8;3;8;CAMILO;11039;;;
MOBIS BRASIL FABRICACAO DE AUTO PECAS LT;RODOVIARIO;1551991;31/07/2026;1;355562;03/08/2026;TAI MOTORS VEICULOS S/A;9,27E+12;COLATINA;ES;03/08/2026;11/08/2026;05/08/2026;Entregue No Prazo;;Entrega realizada;Entrega Finalizada;11;8;3;8;CAMILO;8002;Criação da Capitania de SC;Estadual;SC
MOBIS BRASIL FABRICACAO DE AUTO PECAS LT;RODOVIARIO;1552004;31/07/2026;1;355567;03/08/2026;ULSAN COMERCIO DE VEICULOS LTDA.;2,10E+13;CAMPO GRANDE;MS;03/08/2026;11/08/2026;05/08/2026;Entregue No Prazo;;Entrega realizada;Entrega Finalizada;11;8;3;8;CARVALIMA;12004;Criação da Capitania de SC;Estadual;SC
MOBIS BRASIL FABRICACAO DE AUTO PECAS LT;RODOVIARIO;1552005;31/07/2026;10;355567;03/08/2026;ULSAN COMERCIO DE VEICULOS LTDA.;2,10E+13;CAMPO GRANDE;MS;03/08/2026;11/08/2026;05/08/2026;Entregue No Prazo;;Entrega realizada;Entrega Finalizada;11;8;3;8;CARVALIMA;12004;Criação da Capitania de SC;Estadual;SC
MOBIS BRASIL FABRICACAO DE AUTO PECAS LT;RODOVIARIO;1552054;31/07/2026;10;355598;03/08/2026;BARI VEICULOS LTDA;7,46E+12;BALNEARIO CAMBORIU;SC;03/08/2026;11/08/2026;05/08/2026;Entregue No Prazo;;Entrega realizada;Entrega Finalizada;11;8;3;8;TRANSTRY;18024;Criação da Capitania de SC;Estadual;SC
MOBIS BRASIL FABRICACAO DE AUTO PECAS LT;RODOVIARIO;1553010;04/08/2026;4;355770;04/08/2026;BILLY DISTRIBUIDORA DE VEICULOS LTDA;1,34E+13;BARUERI;SP;04/08/2026;06/08/2026;05/08/2026;Entregue No Prazo;;Entrega realizada;Entrega Finalizada;6;8;4;8;XD DIADEMA;26003;;;
MOBIS BRASIL FABRICACAO DE AUTO PECAS LT;RODOVIARIO;1553014;04/08/2026;3;355777;04/08/2026;GRAND SPORT COM. DE VEIC. E PECAS LTDA;8,58E+12;SAO PAULO;SP;04/08/2026;06/08/2026;05/08/2026;Entregue No Prazo;;Entrega realizada;Entrega Finalizada;6;8;4;8;XD DIADEMA;26034;;;
MOBIS BRASIL FABRICACAO DE AUTO PECAS LT;RODOVIARIO;1553016;04/08/2026;1;355771;04/08/2026;BILLY DISTRIBUIDORA DE VEICULOS LTDA;1,34E+13;SAO CAETANO DO SUL;SP;04/08/2026;06/08/2026;05/08/2026;Entregue No Prazo;;Entrega realizada;Entrega Finalizada;6;8;4;8;XD DIADEMA;26003;;;
MOBIS BRASIL FABRICACAO DE AUTO PECAS LT;RODOVIARIO;1553025;04/08/2026;1;355779;04/08/2026;NOBRE SP DISTRIB. DE VEIC. E PEC. LTDA;1,70E+13;SAO PAULO;SP;04/08/2026;06/08/2026;05/08/2026;Entregue No Prazo;;Entrega realizada;Entrega Finalizada;6;8;4;8;XD DIADEMA;26081;;;
MOBIS BRASIL FABRICACAO DE AUTO PECAS LT;RODOVIARIO;1553011;04/08/2026;1;355852;04/08/2026;DHC COMERCIO DE VEICULOS E PECAS LTDA;9,52E+12;BAURU;SP;04/08/2026;07/08/2026;05/08/2026;Entregue No Prazo;;Entrega realizada;Entrega Finalizada;7;8;4;8;MVT;26010;Emancipação Política do Rio Grande do Norte;Estadual;RN
MOBIS BRASIL FABRICACAO DE AUTO PECAS LT;RODOVIARIO;1553013;04/08/2026;11;355857;04/08/2026;NEW VEICULOS E PECAS LTDA;1,59E+13;RIBEIRAO PRETO;SP;04/08/2026;07/08/2026;05/08/2026;Entregue No Prazo;;Entrega realizada;Entrega Finalizada;7;8;4;8;MVT;26014;Emancipação Política do Rio Grande do Norte;Estadual;RN
MOBIS BRASIL FABRICACAO DE AUTO PECAS LT;RODOVIARIO;1553466;04/08/2026;12;355834;04/08/2026;BARI VEICULOS LTDA;7,46E+12;CURITIBA;PR;04/08/2026;07/08/2026;05/08/2026;Entregue No Prazo;;Entrega realizada;Entrega Finalizada;7;8;4;8;TRANSTRY;18024;Emancipação Política do Rio Grande do Norte;Estadual;RN
MOBIS BRASIL FABRICACAO DE AUTO PECAS LT;RODOVIARIO;1552981;04/08/2026;10;355836;04/08/2026;BARI VEICULOS LTDA;7,46E+12;SAO JOSE DOS PINHAIS;PR;04/08/2026;10/08/2026;05/08/2026;Entregue No Prazo;;Entrega realizada;Entrega Finalizada;10;8;4;8;TRANSTRY;18024;;;
MOBIS BRASIL FABRICACAO DE AUTO PECAS LT;RODOVIARIO;1553018;04/08/2026;1;355855;04/08/2026;H R B COMERCIO DE VEICULOS LTDA;1,82E+13;SAO JOSE DO RIO PRETO;SP;04/08/2026;10/08/2026;05/08/2026;Entregue No Prazo;;Entrega realizada;Entrega Finalizada;10;8;4;8;MVT;26050;;;
MOBIS BRASIL FABRICACAO DE AUTO PECAS LT;RODOVIARIO;1553019;04/08/2026;8;355855;04/08/2026;H R B COMERCIO DE VEICULOS LTDA;1,82E+13;SAO JOSE DO RIO PRETO;SP;04/08/2026;10/08/2026;05/08/2026;Entregue No Prazo;Avaria;Entrega realizada;Entrega Finalizada;10;8;4;8;MVT;26050;;;
MOBIS BRASIL FABRICACAO DE AUTO PECAS LT;RODOVIARIO;1553821;05/08/2026;2;355983;05/08/2026;CAOA MOTOR DO BRASIL LTDA;1,68E+13;SANTOS;SP;05/08/2026;10/08/2026;05/08/2026;Entregue No Prazo;;Entrega realizada;Entrega Finalizada;10;8;5;8;XD DIADEMA;5008;;;
MOBIS BRASIL FABRICACAO DE AUTO PECAS LT;RODOVIARIO;1543876;17/07/2026;1;352721;17/07/2026;NASA MOTORS LTDA.;2,65E+13;SAO LUIS DE MONTES BELOS;GO;17/07/2026;31/07/2026;06/08/2026;Entregue Fora do Prazo;;Entrega realizada;Entrega Finalizada;31;7;17;7;RIO VERMELHO;9016;;;
MOBIS BRASIL FABRICACAO DE AUTO PECAS LT;RODOVIARIO;1546291;22/07/2026;3;353447;22/07/2026;COMETA RONDONIA COMERCIO DE VEICULO;4,23E+12;VILHENA;RO;22/07/2026;04/08/2026;06/08/2026;Entregue Fora do Prazo;;Entrega realizada;Entrega Finalizada;4;8;22;7;CARVALIMA;#N/D;;;
MOBIS BRASIL FABRICACAO DE AUTO PECAS LT;RODOVIARIO;1546894;23/07/2026;2;353711;23/07/2026;PATEO COMERCIO DE VEICULOS S A;7,78E+12;MANAUS;AM;23/07/2026;18/08/2026;06/08/2026;Entregue No Prazo;;Entrega realizada;Entrega Finalizada;18;8;23;7;CARVALIMA;3002;;;
MOBIS BRASIL FABRICACAO DE AUTO PECAS LT;RODOVIARIO;1546895;23/07/2026;2;353711;23/07/2026;PATEO COMERCIO DE VEICULOS S A;7,78E+12;MANAUS;AM;23/07/2026;18/08/2026;06/08/2026;Entregue No Prazo;;Entrega realizada;Entrega Finalizada;18;8;23;7;CARVALIMA;3002;;;
MOBIS BRASIL FABRICACAO DE AUTO PECAS LT;RODOVIARIO;1548289;27/07/2026;2;354236;27/07/2026;CHINHAN AUTOMOVEIS LTDA.;2,41E+13;CACADOR;SC;27/07/2026;05/08/2026;06/08/2026;Entregue Fora do Prazo;;Entrega realizada;Entrega Finalizada;5;8;27;7;TRANSTRY;24020;Fundação do Estado da Paraíba;Estadual;PB
MOBIS BRASIL FABRICACAO DE AUTO PECAS LT;RODOVIARIO;1548324;27/07/2026;1;354223;27/07/2026;PRIVILLEGE DISTRIBUIDORA DE VEICULOS LTD;1,72E+13;PALMAS;TO;27/07/2026;05/08/2026;06/08/2026;Entregue Fora do Prazo;;Entrega realizada;Entrega Finalizada;5;8;27;7;RIO VERMELHO;27003;Fundação do Estado da Paraíba;Estadual;PB
MOBIS BRASIL FABRICACAO DE AUTO PECAS LT;RODOVIARIO;1548221;27/07/2026;1;354218;27/07/2026;NASA MOTORS LTDA.;2,65E+13;SAO LUIS DE MONTES BELOS;GO;27/07/2026;10/08/2026;06/08/2026;Entregue No Prazo;;Entrega realizada;Entrega Finalizada;10;8;27;7;RIO VERMELHO;9016;;;
MOBIS BRASIL FABRICACAO DE AUTO PECAS LT;RODOVIARIO;1548242;27/07/2026;1;354293;27/07/2026;PATEO COMERCIO DE VEICULOS S A;7,78E+12;RECIFE;PE;27/07/2026;11/08/2026;06/08/2026;Entregue No Prazo;;Entrega realizada;Entrega Finalizada;11;8;27;7;TERMACO;16004;Criação da Capitania de SC;Estadual;SC
MOBIS BRASIL FABRICACAO DE AUTO PECAS LT;RODOVIARIO;1548243;27/07/2026;1;354293;27/07/2026;PATEO COMERCIO DE VEICULOS S A;7,78E+12;RECIFE;PE;27/07/2026;11/08/2026;06/08/2026;Entregue No Prazo;;Entrega realizada;Entrega Finalizada;11;8;27;7;TERMACO;16004;Criação da Capitania de SC;Estadual;SC
MOBIS BRASIL FABRICACAO DE AUTO PECAS LT;RODOVIARIO;1548240;27/07/2026;11;354285;27/07/2026;JPN PATOS COMERCIO DE VEICULOS LTDA;4,20E+13;PATOS;PB;27/07/2026;12/08/2026;06/08/2026;Entregue No Prazo;;Entrega realizada;Entrega Finalizada;12;8;27;7;TERMACO;15004;;;
MOBIS BRASIL FABRICACAO DE AUTO PECAS LT;RODOVIARIO;1548245;27/07/2026;1;354279;27/07/2026;GREEN CITY VEICULOS LTDA;2,10E+13;TERESINA;PI;27/07/2026;12/08/2026;06/08/2026;Entregue No Prazo;;Entrega realizada;Entrega Finalizada;12;8;27;7;TERMACO;17002;;;
MOBIS BRASIL FABRICACAO DE AUTO PECAS LT;RODOVIARIO;1548246;27/07/2026;2;354280;27/07/2026;GREEN CITY VEICULOS LTDA;2,10E+13;TERESINA;PI;27/07/2026;12/08/2026;06/08/2026;Entregue No Prazo;;Entrega realizada;Entrega Finalizada;12;8;27;7;TERMACO;17002;;;
MOBIS BRASIL FABRICACAO DE AUTO PECAS LT;RODOVIARIO;1549276;28/07/2026;1;354335;28/07/2026;NASA MOTORS LTDA.;2,65E+13;SAO LUIS DE MONTES BELOS;GO;28/07/2026;11/08/2026;06/08/2026;Entregue No Prazo;;Entrega realizada;Entrega Finalizada;11;8;28;7;RIO VERMELHO;9016;Criação da Capitania de SC;Estadual;SC
MOBIS BRASIL FABRICACAO DE AUTO PECAS LT;RODOVIARIO;1549269;28/07/2026;1;354353;28/07/2026;AIKON VEICULOS LTDA;1,17E+13;VITORIA DA CONQUISTA;BA;28/07/2026;12/08/2026;06/08/2026;Entregue No Prazo;;Entrega realizada;Entrega Finalizada;12;8;28;7;TERMACO;5002;;;
MOBIS BRASIL FABRICACAO DE AUTO PECAS LT;RODOVIARIO;1550542;29/07/2026;5;354641;29/07/2026;SEVEL VEICULOS LTDA;1,07E+13;ARACAJU;SE;29/07/2026;11/08/2026;06/08/2026;Entregue No Prazo;;Entrega realizada;Entrega Finalizada;11;8;29;7;TERMACO;25001;Criação da Capitania de SC;Estadual;SC
MOBIS BRASIL FABRICACAO DE AUTO PECAS LT;RODOVIARIO;1550139;29/07/2026;1;354620;29/07/2026;FAZZA MOTORS COM. DE VEICULOS LTDA;1,24E+13;FORTALEZA;CE;29/07/2026;12/08/2026;06/08/2026;Entregue No Prazo;;Entrega realizada;Entrega Finalizada;12;8;29;7;TERMACO;6001;;;
MOBIS BRASIL FABRICACAO DE AUTO PECAS LT;RODOVIARIO;1550149;29/07/2026;1;354599;29/07/2026;NASA MOTORS LTDA.;2,65E+13;SAO LUIS DE MONTES BELOS;GO;29/07/2026;12/08/2026;06/08/2026;Entregue No Prazo;;Entrega realizada;Entrega Finalizada;12;8;29;7;RIO VERMELHO;9016;;;
MOBIS BRASIL FABRICACAO DE AUTO PECAS LT;RODOVIARIO;1550165;29/07/2026;4;354635;29/07/2026;PATEO COMERCIO DE VEICULOS S A;7,78E+12;RECIFE;PE;29/07/2026;13/08/2026;06/08/2026;Entregue No Prazo;;Entrega realizada;Entrega Finalizada;13;8;29;7;TERMACO;16004;;;
MOBIS BRASIL FABRICACAO DE AUTO PECAS LT;RODOVIARIO;1550166;29/07/2026;1;354635;29/07/2026;PATEO COMERCIO DE VEICULOS S A;7,78E+12;RECIFE;PE;29/07/2026;13/08/2026;06/08/2026;Entregue No Prazo;;Entrega realizada;Entrega Finalizada;13;8;29;7;TERMACO;16004;;;
MOBIS BRASIL FABRICACAO DE AUTO PECAS LT;RODOVIARIO;1550167;29/07/2026;1;354619;29/07/2026;CAOA MOTOR DO BRASIL LTDA;1,68E+13;RECIFE;PE;29/07/2026;13/08/2026;06/08/2026;Entregue No Prazo;;Entrega realizada;Entrega Finalizada;13;8;29;7;TERMACO;5008;;;
MOBIS BRASIL FABRICACAO DE AUTO PECAS LT;RODOVIARIO;1550162;29/07/2026;5;354618;29/07/2026;CAOA MOTOR DO BRASIL LTDA;1,68E+13;CAMPINA GRANDE;PB;29/07/2026;14/08/2026;06/08/2026;Entregue No Prazo;;Entrega realizada;Entrega Finalizada;14;8;29;7;TERMACO;5008;;;
MOBIS BRASIL FABRICACAO DE AUTO PECAS LT;RODOVIARIO;1550164;29/07/2026;6;354627;29/07/2026;JPN PATOS COMERCIO DE VEICULOS LTDA;4,20E+13;PATOS;PB;29/07/2026;14/08/2026;06/08/2026;Entregue No Prazo;;Entrega realizada;Entrega Finalizada;14;8;29;7;TERMACO;15004;;;
MOBIS BRASIL FABRICACAO DE AUTO PECAS LT;RODOVIARIO;1550170;29/07/2026;1;354623;29/07/2026;GREEN CITY VEICULOS LTDA;2,10E+13;TERESINA;PI;29/07/2026;14/08/2026;06/08/2026;Entregue No Prazo;;Entrega realizada;Entrega Finalizada;14;8;29;7;TERMACO;17002;;;
MOBIS BRASIL FABRICACAO DE AUTO PECAS LT;RODOVIARIO;1550614;29/07/2026;1;354927;30/07/2026;ITAVEMA MOTORS VEICULOS LTDA;7,73E+12;RIO DE JANEIRO;RJ;30/07/2026;05/08/2026;06/08/2026;Entregue Fora do Prazo;;Entrega realizada;Entrega Finalizada;5;8;30;7;CAMILO;19001;Fundação do Estado da Paraíba;Estadual;PB
MOBIS BRASIL FABRICACAO DE AUTO PECAS LT;RODOVIARIO;1550615;29/07/2026;10;354927;30/07/2026;ITAVEMA MOTORS VEICULOS LTDA;7,73E+12;RIO DE JANEIRO;RJ;30/07/2026;05/08/2026;06/08/2026;Entregue Fora do Prazo;;Entrega realizada;Entrega Finalizada;5;8;30;7;CAMILO;19001;Fundação do Estado da Paraíba;Estadual;PB
MOBIS BRASIL FABRICACAO DE AUTO PECAS LT;RODOVIARIO;1550637;29/07/2026;1;354900;30/07/2026;CHINHAN AUTOMOVEIS LTDA.;2,41E+13;CACADOR;SC;30/07/2026;10/08/2026;06/08/2026;Entregue No Prazo;;Entrega realizada;Entrega Finalizada;10;8;30;7;TRANSTRY;24020;;;
MOBIS BRASIL FABRICACAO DE AUTO PECAS LT;RODOVIARIO;1550565;29/07/2026;2;354921;30/07/2026;FAZZA MOTORS COMERCIO DE VEICULOS LTDA;1,24E+13;SALVADOR;BA;30/07/2026;11/08/2026;06/08/2026;Entregue No Prazo;;Entrega realizada;Entrega Finalizada;11;8;30;7;TERMACO;5007;Criação da Capitania de SC;Estadual;SC
MOBIS BRASIL FABRICACAO DE AUTO PECAS LT;RODOVIARIO;1550589;29/07/2026;1;354919;30/07/2026;COMETA MATO GROSSO COM. DE VEICULOS LTDA;1,54E+13;SINOP;MT;30/07/2026;11/08/2026;06/08/2026;Entregue No Prazo;;Entrega realizada;Entrega Finalizada;11;8;30;7;CARVALIMA;13003;Criação da Capitania de SC;Estadual;SC
MOBIS BRASIL FABRICACAO DE AUTO PECAS LT;RODOVIARIO;1550594;29/07/2026;1;354924;30/07/2026;GRANDE COREIA COMERCIO DE VEICULOS LTDA;2,66E+13;CASTANHAL;PA;30/07/2026;12/08/2026;06/08/2026;Entregue No Prazo;;Entrega realizada;Entrega Finalizada;12;8;30;7;CARVALIMA;14007;;;
MOBIS BRASIL FABRICACAO DE AUTO PECAS LT;RODOVIARIO;1550638;29/07/2026;1;354939;30/07/2026;SAINT LAND COMERCIO DE VEICULOS LTDA;1,04E+13;ARACAJU;SE;30/07/2026;12/08/2026;06/08/2026;Entregue No Prazo;;Entrega realizada;Entrega Finalizada;12;8;30;7;TERMACO;6010;;;
MOBIS BRASIL FABRICACAO DE AUTO PECAS LT;RODOVIARIO;1550562;29/07/2026;22;354920;30/07/2026;CYCOSA AUTOMOVEIS LTDA;4,76E+12;MACEIO;AL;30/07/2026;13/08/2026;06/08/2026;Entregue No Prazo;;Entrega realizada;Entrega Finalizada;13;8;30;7;TERMACO;2001;;;
MOBIS BRASIL FABRICACAO DE AUTO PECAS LT;RODOVIARIO;1550566;29/07/2026;1;354935;30/07/2026;PATEO COMERCIO DE VEICULOS S A;7,78E+12;FEIRA DE SANTANA;BA;30/07/2026;14/08/2026;06/08/2026;Entregue No Prazo;;Entrega realizada;Entrega Finalizada;14;8;30;7;TERMACO;5009;;;
MOBIS BRASIL FABRICACAO DE AUTO PECAS LT;RODOVIARIO;1551337;30/07/2026;1;355286;31/07/2026;URCA MOTORS VEICULOS LTDA;8,77E+12;PATOS DE MINAS;MG;31/07/2026;06/08/2026;06/08/2026;Entregue No Prazo;;Entrega realizada;Entrega Finalizada;6;8;31;7;CAMILO;9014;;;
MOBIS BRASIL FABRICACAO DE AUTO PECAS LT;RODOVIARIO;1551354;30/07/2026;1;355268;31/07/2026;ITAVEMA MOTORS VEICULOS LTDA;7,73E+12;RIO DE JANEIRO;RJ;31/07/2026;06/08/2026;06/08/2026;Entregue No Prazo;;Entrega realizada;Entrega Finalizada;6;8;31;7;CAMILO;19001;;;
MOBIS BRASIL FABRICACAO DE AUTO PECAS LT;RODOVIARIO;1551356;30/07/2026;14;355268;31/07/2026;ITAVEMA MOTORS VEICULOS LTDA;7,73E+12;RIO DE JANEIRO;RJ;31/07/2026;06/08/2026;06/08/2026;Entregue No Prazo;;Entrega realizada;Entrega Finalizada;6;8;31;7;CAMILO;19001;;;
MOBIS BRASIL FABRICACAO DE AUTO PECAS LT;RODOVIARIO;1551357;30/07/2026;4;355260;31/07/2026;CAOA MOTOR DO BRASIL LTDA;1,68E+13;RIO DE JANEIRO;RJ;31/07/2026;06/08/2026;06/08/2026;Entregue No Prazo;;Entrega realizada;Entrega Finalizada;6;8;31;7;CAMILO;5008;;;
MOBIS BRASIL FABRICACAO DE AUTO PECAS LT;RODOVIARIO;1551376;30/07/2026;1;355233;31/07/2026;BARI VEICULOS LTDA.;7,46E+12;ITAJAI;SC;31/07/2026;06/08/2026;06/08/2026;Entregue No Prazo;;Entrega realizada;Entrega Finalizada;6;8;31;7;TRANSTRY;24014;;;
MOBIS BRASIL FABRICACAO DE AUTO PECAS LT;RODOVIARIO;1551321;30/07/2026;37;355289;31/07/2026;VIA BRASIL AUTOMOVEIS LTDA.;4,72E+12;SERRA;ES;31/07/2026;07/08/2026;06/08/2026;Entregue No Prazo;;Entrega realizada;Entrega Finalizada;7;8;31;7;CAMILO;8001;Emancipação Política do Rio Grande do Norte;Estadual;RN
MOBIS BRASIL FABRICACAO DE AUTO PECAS LT;RODOVIARIO;1551322;30/07/2026;2;355282;31/07/2026;TAI MOTORS VEICULOS S/A;9,27E+12;VITORIA;ES;31/07/2026;07/08/2026;06/08/2026;Entregue No Prazo;;Entrega realizada;Entrega Finalizada;7;8;31;7;CAMILO;8002;Emancipação Política do Rio Grande do Norte;Estadual;RN
MOBIS BRASIL FABRICACAO DE AUTO PECAS LT;RODOVIARIO;1551366;30/07/2026;4;355241;31/07/2026;HOUSE PARTS - COM DE PECAS E VEIC LTDA;1,15E+13;OSORIO;RS;31/07/2026;07/08/2026;06/08/2026;Entregue No Prazo;;Entrega realizada;Entrega Finalizada;7;8;31;7;TRANSTRY;23016;Emancipação Política do Rio Grande do Norte;Estadual;RN
MOBIS BRASIL FABRICACAO DE AUTO PECAS LT;RODOVIARIO;1551323;30/07/2026;1;355277;31/07/2026;PRIME CACHOEIRO VEICULOS LTDA;9,34E+12;CACHOEIRO DE ITAPEMIRIM;ES;31/07/2026;10/08/2026;06/08/2026;Entregue No Prazo;;Entrega realizada;Entrega Finalizada;10;8;31;7;CAMILO;8004;;;
MOBIS BRASIL FABRICACAO DE AUTO PECAS LT;RODOVIARIO;1551324;30/07/2026;1;355277;31/07/2026;PRIME CACHOEIRO VEICULOS LTDA;9,34E+12;CACHOEIRO DE ITAPEMIRIM;ES;31/07/2026;10/08/2026;06/08/2026;Entregue No Prazo;;Entrega realizada;Entrega Finalizada;10;8;31;7;CAMILO;8004;;;
MOBIS BRASIL FABRICACAO DE AUTO PECAS LT;RODOVIARIO;1551378;30/07/2026;7;355236;31/07/2026;CHINHAN AUTOMOVEIS LTDA.;2,41E+13;CACADOR;SC;31/07/2026;11/08/2026;06/08/2026;Entregue No Prazo;;Entrega realizada;Entrega Finalizada;11;8;31;7;TRANSTRY;24020;Criação da Capitania de SC;Estadual;SC
MOBIS BRASIL FABRICACAO DE AUTO PECAS LT;RODOVIARIO;1551315;30/07/2026;5;355265;31/07/2026;FAZZA MOTORS COMERCIO DE VEICULOS LTDA;1,24E+13;SALVADOR;BA;31/07/2026;12/08/2026;06/08/2026;Entregue No Prazo;;Entrega realizada;Entrega Finalizada;12;8;31;7;TERMACO;5007;;;
MOBIS BRASIL FABRICACAO DE AUTO PECAS LT;RODOVIARIO;1551343;30/07/2026;1;355263;31/07/2026;COMETA MATO GROSSO COM. DE VEICULOS LTDA;1,54E+13;RONDONOPOLIS;MT;31/07/2026;12/08/2026;06/08/2026;Entregue No Prazo;;Entrega realizada;Entrega Finalizada;12;8;31;7;CARVALIMA;13006;;;
MOBIS BRASIL FABRICACAO DE AUTO PECAS LT;RODOVIARIO;1552000;31/07/2026;1;355526;03/08/2026;CAOA MOTOR DO BRASIL LTDA;1,68E+13;BELO HORIZONTE;MG;03/08/2026;06/08/2026;06/08/2026;Entregue No Prazo;;Entrega realizada;Entrega Finalizada;6;8;3;8;XD BETIM;5008;;;
MOBIS BRASIL FABRICACAO DE AUTO PECAS LT;RODOVIARIO;1552002;31/07/2026;68;355521;03/08/2026;BDG AUTOVILLE VEICULOS LTDA;4,77E+13;CONTAGEM;MG;03/08/2026;06/08/2026;06/08/2026;Entregue No Prazo;;Entrega realizada;Entrega Finalizada;6;8;3;8;XD BETIM;11037;;;
MOBIS BRASIL FABRICACAO DE AUTO PECAS LT;RODOVIARIO;1552066;31/07/2026;1;355620;03/08/2026;MOTONET COMERCIO DE VEICULOS LTDA;9,28E+12;SOROCABA;SP;03/08/2026;06/08/2026;06/08/2026;Entregue No Prazo;Avaria;Entrega realizada;Entrega Finalizada;6;8;3;8;MVT;26113;;;
MOBIS BRASIL FABRICACAO DE AUTO PECAS LT;RODOVIARIO;1552072;31/07/2026;13;355542;03/08/2026;TAI MOTORS VEICULOS S/A;9,27E+12;BELO HORIZONTE;MG;03/08/2026;06/08/2026;06/08/2026;Entregue No Prazo;;Entrega realizada;Entrega Finalizada;6;8;3;8;XD BETIM;8002;;;
MOBIS BRASIL FABRICACAO DE AUTO PECAS LT;RODOVIARIO;1552001;31/07/2026;1;355564;03/08/2026;TOKSU COMERCIO DE VEICULOS LTDA;1,12E+13;VARGINHA;MG;03/08/2026;07/08/2026;06/08/2026;Entregue No Prazo;;Entrega realizada;Entrega Finalizada;7;8;3;8;CAMILO;11008;Emancipação Política do Rio Grande do Norte;Estadual;RN
MOBIS BRASIL FABRICACAO DE AUTO PECAS LT;RODOVIARIO;1552021;31/07/2026;11;355608;03/08/2026;LOVAT VEICULOS S/A;8,57E+12;LONDRINA;PR;03/08/2026;07/08/2026;06/08/2026;Entregue No Prazo;;Entrega realizada;Entrega Finalizada;7;8;3;8;TRANSTRY;18008;Emancipação Política do Rio Grande do Norte;Estadual;RN
MOBIS BRASIL FABRICACAO DE AUTO PECAS LT;RODOVIARIO;1552026;31/07/2026;1;355612;03/08/2026;VETOR AUTOMOVEIS LTDA;2,12E+13;CASCAVEL;PR;03/08/2026;07/08/2026;06/08/2026;Entregue No Prazo;;Entrega realizada;Entrega Finalizada;7;8;3;8;TRANSTRY;18019;Emancipação Política do Rio Grande do Norte;Estadual;RN
MOBIS BRASIL FABRICACAO DE AUTO PECAS LT;RODOVIARIO;1552053;31/07/2026;3;355599;03/08/2026;BARI VEICULOS LTDA.;7,46E+12;ITAJAI;SC;03/08/2026;07/08/2026;06/08/2026;Entregue No Prazo;;Entrega realizada;Entrega Finalizada;7;8;3;8;TRANSTRY;24014;Emancipação Política do Rio Grande do Norte;Estadual;RN
MOBIS BRASIL FABRICACAO DE AUTO PECAS LT;RODOVIARIO;1551987;31/07/2026;2;355570;03/08/2026;VIA BRASIL AUTOMOVEIS LTDA.;4,72E+12;SERRA;ES;03/08/2026;10/08/2026;06/08/2026;Entregue No Prazo;;Entrega realizada;Entrega Finalizada;10;8;3;8;CAMILO;8001;;;
MOBIS BRASIL FABRICACAO DE AUTO PECAS LT;RODOVIARIO;1551988;31/07/2026;2;355561;03/08/2026;TAI MOTORS VEICULOS S/A;9,27E+12;VITORIA;ES;03/08/2026;10/08/2026;06/08/2026;Entregue No Prazo;;Entrega realizada;Entrega Finalizada;10;8;3;8;CAMILO;8002;;;
MOBIS BRASIL FABRICACAO DE AUTO PECAS LT;RODOVIARIO;1551990;31/07/2026;1;355557;03/08/2026;PRIME VILA VELHA VEICULOS LTDA.;2,14E+13;VILA VELHA;ES;03/08/2026;10/08/2026;06/08/2026;Entregue No Prazo;;Entrega realizada;Entrega Finalizada;10;8;3;8;CAMILO;8005;;;
MOBIS BRASIL FABRICACAO DE AUTO PECAS LT;RODOVIARIO;1552056;31/07/2026;5;355602;03/08/2026;CHINHAN AUTOMOVEIS LTDA.;2,41E+13;CACADOR;SC;03/08/2026;12/08/2026;06/08/2026;Entregue No Prazo;;Entrega realizada;Entrega Finalizada;12;8;3;8;TRANSTRY;24020;;;
MOBIS BRASIL FABRICACAO DE AUTO PECAS LT;RODOVIARIO;1553015;04/08/2026;1;355776;04/08/2026;CHS MOTORS VEICULOS PECAS E SERV LTDA;1,69E+13;SAO PAULO;SP;04/08/2026;06/08/2026;06/08/2026;Entregue No Prazo;;Entrega realizada;Entrega Finalizada;6;8;4;8;XD DIADEMA;26037;;;
MOBIS BRASIL FABRICACAO DE AUTO PECAS LT;RODOVIARIO;1553017;04/08/2026;4;355849;04/08/2026;ANDRETA II DISTRIBUIDORA DE VEIC. LTDA;9,10E+12;INDAIATUBA;SP;04/08/2026;07/08/2026;06/08/2026;Entregue No Prazo;;Entrega realizada;Entrega Finalizada;7;8;4;8;MVT;26011;Emancipação Política do Rio Grande do Norte;Estadual;RN
MOBIS BRASIL FABRICACAO DE AUTO PECAS LT;RODOVIARIO;1553022;04/08/2026;2;355850;04/08/2026;CAOA MOTOR DO BRASIL LTDA;1,68E+13;CAMPINAS;SP;04/08/2026;07/08/2026;06/08/2026;Entregue No Prazo;;Entrega realizada;Entrega Finalizada;7;8;4;8;MVT;5008;Emancipação Política do Rio Grande do Norte;Estadual;RN
MOBIS BRASIL FABRICACAO DE AUTO PECAS LT;RODOVIARIO;1553027;04/08/2026;2;355773;04/08/2026;CAOA MOTOR DO BRASIL LTDA;1,68E+13;SANTOS;SP;04/08/2026;07/08/2026;06/08/2026;Entregue No Prazo;;Entrega realizada;Entrega Finalizada;7;8;4;8;XD DIADEMA;5008;Emancipação Política do Rio Grande do Norte;Estadual;RN
MOBIS BRASIL FABRICACAO DE AUTO PECAS LT;RODOVIARIO;1552958;04/08/2026;1;355821;04/08/2026;TOKSU COMERCIO DE VEICULOS LTDA;1,12E+13;JUIZ DE FORA;MG;04/08/2026;10/08/2026;06/08/2026;Entregue No Prazo;;Entrega realizada;Entrega Finalizada;10;8;4;8;CAMILO;11008;;;
MOBIS BRASIL FABRICACAO DE AUTO PECAS LT;RODOVIARIO;1552962;04/08/2026;2;355823;04/08/2026;TOKSU COMERCIO DE VEICULOS LTDA;1,12E+13;VARGINHA;MG;04/08/2026;10/08/2026;06/08/2026;Entregue No Prazo;;Entrega realizada;Entrega Finalizada;10;8;4;8;CAMILO;11008;;;
MOBIS BRASIL FABRICACAO DE AUTO PECAS LT;RODOVIARIO;1552982;04/08/2026;2;355804;04/08/2026;ITAVEMA MOTORS VEICULOS LTDA;7,73E+12;DUQUE DE CAXIAS;RJ;04/08/2026;10/08/2026;06/08/2026;Entregue No Prazo;;Entrega realizada;Entrega Finalizada;10;8;4;8;CAMILO;19001;;;
MOBIS BRASIL FABRICACAO DE AUTO PECAS LT;RODOVIARIO;1552983;04/08/2026;2;355789;04/08/2026;AMX COM. E SERVICOS DE AUTOMOTORES LTDA;1,20E+13;RIO DE JANEIRO;RJ;04/08/2026;10/08/2026;06/08/2026;Entregue No Prazo;;Entrega realizada;Entrega Finalizada;10;8;4;8;CAMILO;19009;;;
MOBIS BRASIL FABRICACAO DE AUTO PECAS LT;RODOVIARIO;1552985;04/08/2026;1;355791;04/08/2026;CAOA MOTOR DO BRASIL LTDA;1,68E+13;NITEROI;RJ;04/08/2026;10/08/2026;06/08/2026;Entregue No Prazo;;Entrega realizada;Entrega Finalizada;10;8;4;8;CAMILO;5008;;;
MOBIS BRASIL FABRICACAO DE AUTO PECAS LT;RODOVIARIO;1552986;04/08/2026;5;355792;04/08/2026;CAOA MOTOR DO BRASIL LTDA;1,68E+13;RIO DE JANEIRO;RJ;04/08/2026;10/08/2026;06/08/2026;Entregue No Prazo;;Entrega realizada;Entrega Finalizada;10;8;4;8;CAMILO;5008;;;
MOBIS BRASIL FABRICACAO DE AUTO PECAS LT;RODOVIARIO;1553020;04/08/2026;1;355858;04/08/2026;NOBRE DISTRIBUIDORA DE VEIC. E PEC. LTDA;5,76E+12;APARECIDA;SP;04/08/2026;10/08/2026;06/08/2026;Entregue No Prazo;;Entrega realizada;Entrega Finalizada;10;8;4;8;MVT;26053;;;
MOBIS BRASIL FABRICACAO DE AUTO PECAS LT;RODOVIARIO;1553026;04/08/2026;1;355772;04/08/2026;CAOA MOTOR DO BRASIL LTDA;1,68E+13;PRAIA GRANDE;SP;04/08/2026;10/08/2026;06/08/2026;Entregue No Prazo;;Entrega realizada;Entrega Finalizada;10;8;4;8;XD DIADEMA;5008;;;
MOBIS BRASIL FABRICACAO DE AUTO PECAS LT;RODOVIARIO;1553001;04/08/2026;1;355835;04/08/2026;BARI VEICULOS LTDA;7,46E+12;BLUMENAU;SC;04/08/2026;11/08/2026;06/08/2026;Entregue No Prazo;;Entrega realizada;Entrega Finalizada;11;8;4;8;TRANSTRY;18024;Criação da Capitania de SC;Estadual;SC
MOBIS BRASIL FABRICACAO DE AUTO PECAS LT;RODOVIARIO;1553002;04/08/2026;14;355835;04/08/2026;BARI VEICULOS LTDA;7,46E+12;BLUMENAU;SC;04/08/2026;11/08/2026;06/08/2026;Entregue No Prazo;;Entrega realizada;Entrega Finalizada;11;8;4;8;TRANSTRY;18024;Criação da Capitania de SC;Estadual;SC
MOBIS BRASIL FABRICACAO DE AUTO PECAS LT;RODOVIARIO;1552967;04/08/2026;6;355824;04/08/2026;ULSAN COMERCIO DE VEICULOS LTDA.;2,10E+13;CAMPO GRANDE;MS;04/08/2026;12/08/2026;06/08/2026;Entregue No Prazo;Avaria;Entrega realizada;Entrega Finalizada;12;8;4;8;CARVALIMA;12004;;;
MOBIS BRASIL FABRICACAO DE AUTO PECAS LT;RODOVIARIO;1553807;05/08/2026;1;355988;05/08/2026;CHS MOTORS VEICULOS PECAS E SERV LTDA;1,69E+13;SAO PAULO;SP;05/08/2026;07/08/2026;06/08/2026;Entregue No Prazo;;Entrega realizada;Entrega Finalizada;7;8;5;8;XD DIADEMA;26037;Emancipação Política do Rio Grande do Norte;Estadual;RN
MOBIS BRASIL FABRICACAO DE AUTO PECAS LT;RODOVIARIO;1553808;05/08/2026;1;355982;05/08/2026;BILLY DISTRIBUIDORA DE VEICULOS LTDA;1,34E+13;SAO CAETANO DO SUL;SP;05/08/2026;07/08/2026;06/08/2026;Entregue No Prazo;;Entrega realizada;Entrega Finalizada;7;8;5;8;XD DIADEMA;26003;Emancipação Política do Rio Grande do Norte;Estadual;RN
MOBIS BRASIL FABRICACAO DE AUTO PECAS LT;RODOVIARIO;1553814;05/08/2026;1;355986;05/08/2026;CAOA MOTOR DO BRASIL LTDA (VL PRUDENTE);1,68E+13;SAO PAULO;SP;05/08/2026;07/08/2026;06/08/2026;Entregue No Prazo;;Entrega realizada;Entrega Finalizada;7;8;5;8;XD DIADEMA;26051;Emancipação Política do Rio Grande do Norte;Estadual;RN
MOBIS BRASIL FABRICACAO DE AUTO PECAS LT;RODOVIARIO;1553815;05/08/2026;3;355985;05/08/2026;CAOA MOTOR DO BRASIL LTDA (IPIRANGA);1,68E+13;SAO PAULO;SP;05/08/2026;07/08/2026;06/08/2026;Entregue No Prazo;;Entrega realizada;Entrega Finalizada;7;8;5;8;XD DIADEMA;26054;Emancipação Política do Rio Grande do Norte;Estadual;RN
MOBIS BRASIL FABRICACAO DE AUTO PECAS LT;RODOVIARIO;1553823;05/08/2026;1;355984;05/08/2026;CAOA MOTOR DO BRASIL LTDA (INDIANOPOLIS);1,68E+13;SAO PAULO;SP;05/08/2026;07/08/2026;06/08/2026;Entregue No Prazo;;Entrega realizada;Entrega Finalizada;7;8;5;8;XD DIADEMA;26091;Emancipação Política do Rio Grande do Norte;Estadual;RN
MOBIS BRASIL FABRICACAO DE AUTO PECAS LT;RODOVIARIO;1553803;05/08/2026;3;356061;05/08/2026;DHC COMERCIO DE VEICULOS E PECAS LTDA;9,52E+12;BAURU;SP;05/08/2026;10/08/2026;06/08/2026;Entregue No Prazo;Avaria;Entrega realizada;Entrega Finalizada;10;8;5;8;MVT;26010;;;
MOBIS BRASIL FABRICACAO DE AUTO PECAS LT;RODOVIARIO;1553806;05/08/2026;45;356162;05/08/2026;NEW VEICULOS E PECAS LTDA;1,59E+13;RIBEIRAO PRETO;SP;05/08/2026;10/08/2026;06/08/2026;Entregue No Prazo;;Entrega realizada;Entrega Finalizada;10;8;5;8;BV LOG;26014;;;
MOBIS BRASIL FABRICACAO DE AUTO PECAS LT;RODOVIARIO;1553810;05/08/2026;2;356055;05/08/2026;ANDRETA II DISTRIBUIDORA DE VEIC. LTDA;9,10E+12;AMERICANA;SP;05/08/2026;10/08/2026;06/08/2026;Entregue No Prazo;;Entrega realizada;Entrega Finalizada;10;8;5;8;MVT;26011;;;
MOBIS BRASIL FABRICACAO DE AUTO PECAS LT;RODOVIARIO;1553817;05/08/2026;1;356057;05/08/2026;CAOA MOTOR DO BRASIL LTDA;1,68E+13;SAO JOSE DOS CAMPOS;SP;05/08/2026;10/08/2026;06/08/2026;Entregue No Prazo;;Entrega realizada;Entrega Finalizada;10;8;5;8;MVT;5008;;;
MOBIS BRASIL FABRICACAO DE AUTO PECAS LT;RODOVIARIO;1553779;05/08/2026;2;356035;05/08/2026;BARI VEICULOS LTDA;7,46E+12;SAO JOSE DOS PINHAIS;PR;05/08/2026;11/08/2026;06/08/2026;Entregue No Prazo;;Entrega realizada;Entrega Finalizada;11;8;5;8;TRANSTRY;18024;Criação da Capitania de SC;Estadual;SC
MOBIS BRASIL FABRICACAO DE AUTO PECAS LT;RODOVIARIO;1553028;04/08/2026;31;356170;06/08/2026;GRANDAY AUTOMOTORES LTDA (CHAC. CALIFOR);1,57E+13;SAO PAULO;SP;06/08/2026;10/08/2026;06/08/2026;Entregue No Prazo;;Entrega realizada;Entrega Finalizada;10;8;6;8;BV LOG;26090;;;
MOBIS BRASIL FABRICACAO DE AUTO PECAS LT;RODOVIARIO;1553822;05/08/2026;8;356170;06/08/2026;GRANDAY AUTOMOTORES LTDA (CHAC. CALIFOR);1,57E+13;SAO PAULO;SP;06/08/2026;10/08/2026;06/08/2026;Entregue No Prazo;;Entrega realizada;Entrega Finalizada;10;8;6;8;BV LOG;26090;;;
MOBIS BRASIL FABRICACAO DE AUTO PECAS LT;RODOVIARIO;1554570;06/08/2026;8;356170;06/08/2026;GRANDAY AUTOMOTORES LTDA (CHAC. CALIFOR);1,57E+13;SAO PAULO;SP;06/08/2026;10/08/2026;06/08/2026;Entregue No Prazo;;Entrega realizada;Entrega Finalizada;10;8;6;8;BV LOG;26090;;;
MOBIS BRASIL FABRICACAO DE AUTO PECAS LT;RODOVIARIO;1553804;05/08/2026;1;356171;06/08/2026;ANDRETA II DISTRIBUIDORA DE VEIC. LTDA;9,10E+12;CAMPINAS;SP;06/08/2026;11/08/2026;06/08/2026;Entregue No Prazo;;Entrega realizada;Entrega Finalizada;11;8;6;8;BV LOG;26011;Criação da Capitania de SC;Estadual;SC
MOBIS BRASIL FABRICACAO DE AUTO PECAS LT;RODOVIARIO;1553805;05/08/2026;13;356171;06/08/2026;ANDRETA II DISTRIBUIDORA DE VEIC. LTDA;9,10E+12;CAMPINAS;SP;06/08/2026;11/08/2026;06/08/2026;Entregue No Prazo;;Entrega realizada;Entrega Finalizada;11;8;6;8;BV LOG;26011;Criação da Capitania de SC;Estadual;SC
MOBIS BRASIL FABRICACAO DE AUTO PECAS LT;RODOVIARIO;1553819;05/08/2026;26;356173;06/08/2026;DESTAQUE SEUL DISTR. DE VEIC. E PC. LTDA;2,12E+13;ATIBAIA;SP;06/08/2026;11/08/2026;06/08/2026;Entregue No Prazo;;Entrega realizada;Entrega Finalizada;11;8;6;8;BV LOG;26075;Criação da Capitania de SC;Estadual;SC
MOBIS BRASIL FABRICACAO DE AUTO PECAS LT;RODOVIARIO;1554563;06/08/2026;12;356172;06/08/2026;ANDRETA II DISTRIBUIDORA DE VEIC. LTDA;9,10E+12;AMERICANA;SP;06/08/2026;11/08/2026;06/08/2026;Entregue No Prazo;;Entrega realizada;Entrega Finalizada;11;8;6;8;BV LOG;26011;Criação da Capitania de SC;Estadual;SC
MOBIS BRASIL FABRICACAO DE AUTO PECAS LT;RODOVIARIO;1528032;18/06/2026;1;348182;18/06/2026;MISO VEICULOS LTDA;1,85E+13;MACAPA;AP;18/06/2026;09/07/2026;07/08/2026;Entregue Fora do Prazo;;Entrega realizada;Entrega Finalizada;9;7;18;6;CARVALIMA;4001;Revolução Constitucionalista de 1932;Estadual;SP
MOBIS BRASIL FABRICACAO DE AUTO PECAS LT;RODOVIARIO;1545543;21/07/2026;2;353206;21/07/2026;PRIVILLEGE DISTRIBUIDORA DE VEICULOS LTD;1,72E+13;PALMAS;TO;21/07/2026;30/07/2026;07/08/2026;Entregue Fora do Prazo;;Entrega realizada;Entrega Finalizada;30;7;21;7;RIO VERMELHO;27003;;;
MOBIS BRASIL FABRICACAO DE AUTO PECAS LT;RODOVIARIO;1548237;27/07/2026;1;354306;27/07/2026;UNIQUE COMERCIO DE AUTOMOVEIS LTDA;1,74E+13;ANANINDEUA;PA;27/07/2026;07/08/2026;07/08/2026;Entregue No Prazo;;Entrega realizada;Entrega Finalizada;7;8;27;7;CARVALIMA;14003;Emancipação Política do Rio Grande do Norte;Estadual;RN
MOBIS BRASIL FABRICACAO DE AUTO PECAS LT;RODOVIARIO;1548238;27/07/2026;6;354306;27/07/2026;UNIQUE COMERCIO DE AUTOMOVEIS LTDA;1,74E+13;ANANINDEUA;PA;27/07/2026;07/08/2026;07/08/2026;Entregue No Prazo;;Entrega realizada;Entrega Finalizada;7;8;27;7;CARVALIMA;14003;Emancipação Política do Rio Grande do Norte;Estadual;RN
MOBIS BRASIL FABRICACAO DE AUTO PECAS LT;RODOVIARIO;1548239;27/07/2026;63;354291;27/07/2026;PATEO COMERCIO DE VEICULOS S A;7,78E+12;JOAO PESSOA;PB;27/07/2026;11/08/2026;07/08/2026;Entregue No Prazo;;Entrega realizada;Entrega Finalizada;11;8;27;7;TERMACO;15003;Criação da Capitania de SC;Estadual;SC
MOBIS BRASIL FABRICACAO DE AUTO PECAS LT;RODOVIARIO;1548223;27/07/2026;1;354287;27/07/2026;NACIONAL NOVA MARABA DIST DE VEIC. LTDA;1,70E+13;IMPERATRIZ;MA;27/07/2026;14/08/2026;07/08/2026;Entregue No Prazo;;Entrega realizada;Entrega Finalizada;14;8;27;7;TERMACO;10003;;;
MOBIS BRASIL FABRICACAO DE AUTO PECAS LT;RODOVIARIO;1549287;28/07/2026;2;354360;28/07/2026;GRANDE COREIA COMERCIO DE VEICULOS LTDA;2,66E+13;BELEM;PA;28/07/2026;10/08/2026;07/08/2026;Entregue No Prazo;;Entrega realizada;Entrega Finalizada;10;8;28;7;CARVALIMA;14007;;;
MOBIS BRASIL FABRICACAO DE AUTO PECAS LT;RODOVIARIO;1549277;28/07/2026;2;354364;28/07/2026;NACIONAL NOVA MARABA DIST DE VEIC. LTDA;1,70E+13;IMPERATRIZ;MA;28/07/2026;17/08/2026;07/08/2026;Entregue No Prazo;;Entrega realizada;Entrega Finalizada;17;8;28;7;TERMACO;10003;Adesão do Ceará à Independência do Brasil;Estadual;CE
MOBIS BRASIL FABRICACAO DE AUTO PECAS LT;RODOVIARIO;1550160;29/07/2026;2;354647;29/07/2026;UNIQUE COMERCIO DE AUTOMOVEIS LTDA;1,74E+13;ANANINDEUA;PA;29/07/2026;11/08/2026;07/08/2026;Entregue No Prazo;;Entrega realizada;Entrega Finalizada;11;8;29;7;CARVALIMA;14003;Criação da Capitania de SC;Estadual;SC
MOBIS BRASIL FABRICACAO DE AUTO PECAS LT;RODOVIARIO;1550163;29/07/2026;4;354633;29/07/2026;PATEO COMERCIO DE VEICULOS S A;7,78E+12;JOAO PESSOA;PB;29/07/2026;13/08/2026;07/08/2026;Entregue No Prazo;;Entrega realizada;Entrega Finalizada;13;8;29;7;TERMACO;15003;;;
MOBIS BRASIL FABRICACAO DE AUTO PECAS LT;RODOVIARIO;1550169;29/07/2026;3;354616;29/07/2026;AUTORAC VEICULOS LTDA;1,06E+13;PETROLINA;PE;29/07/2026;14/08/2026;07/08/2026;Entregue No Prazo;;Entrega realizada;Entrega Finalizada;14;8;29;7;TERMACO;16001;;;
MOBIS BRASIL FABRICACAO DE AUTO PECAS LT;RODOVIARIO;1550570;29/07/2026;15;354949;30/07/2026;VIA BRASIL AUTOMOVEIS LTDA.;4,72E+12;SERRA;ES;30/07/2026;06/08/2026;07/08/2026;Entregue Fora do Prazo;;Entrega realizada;Entrega Finalizada;6;8;30;7;CAMILO;8001;;;
MOBIS BRASIL FABRICACAO DE AUTO PECAS LT;RODOVIARIO;1550585;29/07/2026;2;354922;30/07/2026;GNC GRANDE COREIA MINAS GERAIS COMERCIO;4,27E+13;MONTES CLAROS;MG;30/07/2026;06/08/2026;07/08/2026;Entregue Fora do Prazo;;Entrega realizada;Entrega Finalizada;6;8;30;7;CAMILO;11035;;;
MOBIS BRASIL FABRICACAO DE AUTO PECAS LT;RODOVIARIO;1550573;29/07/2026;4;354872;30/07/2026;SAGA KOREA COM. DE VEIC. E PC. LTDA;1,27E+13;GOIANIA;GO;30/07/2026;07/08/2026;07/08/2026;Entregue No Prazo;;Entrega realizada;Entrega Finalizada;7;8;30;7;RIO VERMELHO;9011;Emancipação Política do Rio Grande do Norte;Estadual;RN
MOBIS BRASIL FABRICACAO DE AUTO PECAS LT;RODOVIARIO;1550592;29/07/2026;1;354947;30/07/2026;UNIQUE COMERCIO DE AUTOMOVEIS LTDA;1,74E+13;ANANINDEUA;PA;30/07/2026;12/08/2026;07/08/2026;Entregue No Prazo;;Entrega realizada;Entrega Finalizada;12;8;30;7;CARVALIMA;14003;;;
MOBIS BRASIL FABRICACAO DE AUTO PECAS LT;RODOVIARIO;1550598;29/07/2026;3;354913;30/07/2026;AUTORAC VEICULOS LTDA;1,06E+13;CARUARU;PE;30/07/2026;17/08/2026;07/08/2026;Entregue No Prazo;;Entrega realizada;Entrega Finalizada;17;8;30;7;TERMACO;16001;Adesão do Ceará à Independência do Brasil;Estadual;CE
MOBIS BRASIL FABRICACAO DE AUTO PECAS LT;RODOVIARIO;1551336;30/07/2026;3;355266;31/07/2026;GNC GRANDE COREIA MINAS GERAIS COMERCIO;4,27E+13;MONTES CLAROS;MG;31/07/2026;07/08/2026;07/08/2026;Entregue No Prazo;;Entrega realizada;Entrega Finalizada;7;8;31;7;CAMILO;11035;Emancipação Política do Rio Grande do Norte;Estadual;RN
MOBIS BRASIL FABRICACAO DE AUTO PECAS LT;RODOVIARIO;1551365;30/07/2026;4;355237;31/07/2026;GALA COMERCIO DE VEICULOS LTDA.;1,77E+13;PELOTAS;RS;31/07/2026;07/08/2026;07/08/2026;Entregue No Prazo;;Entrega realizada;Entrega Finalizada;7;8;31;7;TRANSTRY;23009;Emancipação Política do Rio Grande do Norte;Estadual;RN
MOBIS BRASIL FABRICACAO DE AUTO PECAS LT;RODOVIARIO;1551368;30/07/2026;6;355227;31/07/2026;ATUAL VEICULOS LTDA;1,33E+13;ARARANGUA;SC;31/07/2026;07/08/2026;07/08/2026;Entregue No Prazo;;Entrega realizada;Entrega Finalizada;7;8;31;7;TRANSTRY;24001;Emancipação Política do Rio Grande do Norte;Estadual;RN
MOBIS BRASIL FABRICACAO DE AUTO PECAS LT;RODOVIARIO;1551369;30/07/2026;1;355228;31/07/2026;ATUAL VEICULOS LTDA;1,33E+13;CRICIUMA;SC;31/07/2026;07/08/2026;07/08/2026;Entregue No Prazo;;Entrega realizada;Entrega Finalizada;7;8;31;7;TRANSTRY;24001;Emancipação Política do Rio Grande do Norte;Estadual;RN
MOBIS BRASIL FABRICACAO DE AUTO PECAS LT;RODOVIARIO;1551370;30/07/2026;5;355226;31/07/2026;ATUAL VEICULOS LTDA;1,33E+13;TUBARAO;SC;31/07/2026;07/08/2026;07/08/2026;Entregue No Prazo;;Entrega realizada;Entrega Finalizada;7;8;31;7;TRANSTRY;24001;Emancipação Política do Rio Grande do Norte;Estadual;RN
MOBIS BRASIL FABRICACAO DE AUTO PECAS LT;RODOVIARIO;1551364;30/07/2026;15;355240;31/07/2026;HOUSE PARTS - COM. DE PECAS E VEIC. LTDA;1,15E+13;SANTA MARIA;RS;31/07/2026;10/08/2026;07/08/2026;Entregue No Prazo;;Entrega realizada;Entrega Finalizada;10;8;31;7;TRANSTRY;23008;;;
MOBIS BRASIL FABRICACAO DE AUTO PECAS LT;RODOVIARIO;1551379;30/07/2026;2;355279;31/07/2026;SAINT LAND COMERCIO DE VEICULOS LTDA;1,04E+13;ARACAJU;SE;31/07/2026;13/08/2026;07/08/2026;Entregue No Prazo;;Entrega realizada;Entrega Finalizada;13;8;31;7;TERMACO;6010;;;
MOBIS BRASIL FABRICACAO DE AUTO PECAS LT;RODOVIARIO;1552060;31/07/2026;1;355522;03/08/2026;BILLY DISTRIBUIDORA DE VEICULOS LTDA;1,34E+13;BARUERI;SP;03/08/2026;05/08/2026;07/08/2026;Entregue Fora do Prazo;;Entrega realizada;Entrega Finalizada;5;8;3;8;XD DIADEMA;26003;Fundação do Estado da Paraíba;Estadual;PB
MOBIS BRASIL FABRICACAO DE AUTO PECAS LT;RODOVIARIO;1552068;31/07/2026;4;355531;03/08/2026;GRAND SPORT COM. DE VEIC. E PECAS LTDA;8,58E+12;SAO PAULO;SP;03/08/2026;05/08/2026;07/08/2026;Entregue Fora do Prazo;;Entrega realizada;Entrega Finalizada;5;8;3;8;XD DIADEMA;26034;Fundação do Estado da Paraíba;Estadual;PB
MOBIS BRASIL FABRICACAO DE AUTO PECAS LT;RODOVIARIO;1551400;30/07/2026;2;355530;03/08/2026;DESTAQUE SEUL DISTR. DE VEIC. E PC. LTDA;2,12E+13;ATIBAIA;SP;03/08/2026;06/08/2026;07/08/2026;Entregue Fora do Prazo;;Entrega realizada;Entrega Finalizada;6;8;3;8;XD DIADEMA;26075;;;
MOBIS BRASIL FABRICACAO DE AUTO PECAS LT;RODOVIARIO;1551998;31/07/2026;1;355569;03/08/2026;URCA MOTORS VEICULOS LTDA;8,77E+12;UBERLANDIA;MG;03/08/2026;07/08/2026;07/08/2026;Entregue No Prazo;;Entrega realizada;Entrega Finalizada;7;8;3;8;CAMILO;9014;Emancipação Política do Rio Grande do Norte;Estadual;RN
MOBIS BRASIL FABRICACAO DE AUTO PECAS LT;RODOVIARIO;1552022;31/07/2026;1;355607;03/08/2026;LOVAT VEICULOS S/A;8,57E+12;MARINGA;PR;03/08/2026;07/08/2026;07/08/2026;Entregue No Prazo;;Entrega realizada;Entrega Finalizada;7;8;3;8;TRANSTRY;18008;Emancipação Política do Rio Grande do Norte;Estadual;RN
MOBIS BRASIL FABRICACAO DE AUTO PECAS LT;RODOVIARIO;1552041;31/07/2026;10;355604;03/08/2026;HOUSE PARTS - COM. DE PECAS E VEIC. LTDA;1,15E+13;PORTO ALEGRE;RS;03/08/2026;07/08/2026;07/08/2026;Entregue No Prazo;;Entrega realizada;Entrega Finalizada;7;8;3;8;TRANSTRY;23004;Emancipação Política do Rio Grande do Norte;Estadual;RN
MOBIS BRASIL FABRICACAO DE AUTO PECAS LT;RODOVIARIO;1552025;31/07/2026;3;355613;03/08/2026;ZENDAI VEICULOS LTDA;1,97E+13;TOLEDO;PR;03/08/2026;10/08/2026;07/08/2026;Entregue No Prazo;;Entrega realizada;Entrega Finalizada;10;8;3;8;TRANSTRY;18016;;;
MOBIS BRASIL FABRICACAO DE AUTO PECAS LT;RODOVIARIO;1552028;31/07/2026;1;355611;03/08/2026;VETOR AUTOMOVEIS LTDA;2,12E+13;FOZ DO IGUACU;PR;03/08/2026;10/08/2026;07/08/2026;Entregue No Prazo;;Entrega realizada;Entrega Finalizada;10;8;3;8;TRANSTRY;18019;;;
MOBIS BRASIL FABRICACAO DE AUTO PECAS LT;RODOVIARIO;1552043;31/07/2026;10;355603;03/08/2026;GALA COMERCIO DE VEICULOS LTDA.;1,77E+13;PELOTAS;RS;03/08/2026;10/08/2026;07/08/2026;Entregue No Prazo;;Entrega realizada;Entrega Finalizada;10;8;3;8;TRANSTRY;23009;;;
MOBIS BRASIL FABRICACAO DE AUTO PECAS LT;RODOVIARIO;1552046;31/07/2026;2;355592;03/08/2026;ATUAL VEICULOS LTDA;1,33E+13;ARARANGUA;SC;03/08/2026;10/08/2026;07/08/2026;Entregue No Prazo;;Entrega realizada;Entrega Finalizada;10;8;3;8;TRANSTRY;24001;;;
MOBIS BRASIL FABRICACAO DE AUTO PECAS LT;RODOVIARIO;1552047;31/07/2026;1;355591;03/08/2026;ATUAL VEICULOS LTDA;1,33E+13;CRICIUMA;SC;03/08/2026;10/08/2026;07/08/2026;Entregue No Prazo;;Entrega realizada;Entrega Finalizada;10;8;3;8;TRANSTRY;24001;;;
MOBIS BRASIL FABRICACAO DE AUTO PECAS LT;RODOVIARIO;1552048;31/07/2026;1;355591;03/08/2026;ATUAL VEICULOS LTDA;1,33E+13;CRICIUMA;SC;03/08/2026;10/08/2026;07/08/2026;Entregue No Prazo;;Entrega realizada;Entrega Finalizada;10;8;3;8;TRANSTRY;24001;;;
MOBIS BRASIL FABRICACAO DE AUTO PECAS LT;RODOVIARIO;1552049;31/07/2026;5;355590;03/08/2026;ATUAL VEICULOS LTDA;1,33E+13;TUBARAO;SC;03/08/2026;10/08/2026;07/08/2026;Entregue No Prazo;;Entrega realizada;Entrega Finalizada;10;8;3;8;TRANSTRY;24001;;;
MOBIS BRASIL FABRICACAO DE AUTO PECAS LT;RODOVIARIO;1551989;31/07/2026;3;355556;03/08/2026;PRIME CACHOEIRO VEICULOS LTDA;9,34E+12;CACHOEIRO DE ITAPEMIRIM;ES;03/08/2026;11/08/2026;07/08/2026;Entregue No Prazo;;Entrega realizada;Entrega Finalizada;11;8;3;8;CAMILO;8004;Criação da Capitania de SC;Estadual;SC
MOBIS BRASIL FABRICACAO DE AUTO PECAS LT;RODOVIARIO;1552045;31/07/2026;1;355605;03/08/2026;HOUSE PARTS - COM. DE PECAS E VEIC. LTDA;1,15E+13;SANTA CRUZ DO SUL;RS;03/08/2026;11/08/2026;07/08/2026;Entregue No Prazo;;Entrega realizada;Entrega Finalizada;11;8;3;8;TRANSTRY;23017;Criação da Capitania de SC;Estadual;SC
MOBIS BRASIL FABRICACAO DE AUTO PECAS LT;RODOVIARIO;1552055;31/07/2026;4;355601;03/08/2026;CHINHAN AUTOMOVEIS LTDA;2,41E+13;CONCORDIA;SC;03/08/2026;11/08/2026;07/08/2026;Entregue No Prazo;;Entrega realizada;Entrega Finalizada;11;8;3;8;TRANSTRY;23019;Criação da Capitania de SC;Estadual;SC
MOBIS BRASIL FABRICACAO DE AUTO PECAS LT;RODOVIARIO;1552006;31/07/2026;2;355558;03/08/2026;SAGA ASIA COM. DE VEIC.PC.E SERV. LTDA;2,23E+13;VARZEA GRANDE;MT;03/08/2026;12/08/2026;07/08/2026;Entregue No Prazo;;Entrega realizada;Entrega Finalizada;12;8;3;8;CARVALIMA;13004;;;
MOBIS BRASIL FABRICACAO DE AUTO PECAS LT;RODOVIARIO;1552007;31/07/2026;1;355558;03/08/2026;SAGA ASIA COM. DE VEIC.PC.E SERV. LTDA;2,23E+13;VARZEA GRANDE;MT;03/08/2026;12/08/2026;07/08/2026;Entregue No Prazo;;Entrega realizada;Entrega Finalizada;12;8;3;8;CARVALIMA;13004;;;
MOBIS BRASIL FABRICACAO DE AUTO PECAS LT;RODOVIARIO;1552008;31/07/2026;6;355550;03/08/2026;COMETA MATO GROSSO COM. DE VEICULOS LTDA;1,54E+13;TANGARA DA SERRA;MT;03/08/2026;12/08/2026;07/08/2026;Entregue No Prazo;;Entrega realizada;Entrega Finalizada;12;8;3;8;CARVALIMA;13007;;;
MOBIS BRASIL FABRICACAO DE AUTO PECAS LT;RODOVIARIO;1552959;04/08/2026;16;355784;04/08/2026;TAI MOTORS VEICULOS S/A;9,27E+12;BELO HORIZONTE;MG;04/08/2026;07/08/2026;07/08/2026;Entregue No Prazo;;Entrega realizada;Entrega Finalizada;7;8;4;8;XD BETIM;8002;Emancipação Política do Rio Grande do Norte;Estadual;RN
MOBIS BRASIL FABRICACAO DE AUTO PECAS LT;RODOVIARIO;1552960;04/08/2026;6;355775;04/08/2026;CARBEL KOREA VEICULOS LTDA;2,07E+13;BELO HORIZONTE;MG;04/08/2026;07/08/2026;07/08/2026;Entregue No Prazo;;Entrega realizada;Entrega Finalizada;7;8;4;8;XD BETIM;11021;Emancipação Política do Rio Grande do Norte;Estadual;RN
MOBIS BRASIL FABRICACAO DE AUTO PECAS LT;RODOVIARIO;1552964;04/08/2026;43;355769;04/08/2026;BDG AUTOVILLE VEICULOS LTDA;4,77E+13;CONTAGEM;MG;04/08/2026;07/08/2026;07/08/2026;Entregue No Prazo;;Entrega realizada;Entrega Finalizada;7;8;4;8;XD BETIM;11037;Emancipação Política do Rio Grande do Norte;Estadual;RN
MOBIS BRASIL FABRICACAO DE AUTO PECAS LT;RODOVIARIO;1553029;04/08/2026;5;355854;04/08/2026;H - CAMINHO AUTOMOVEIS LTDA;2,53E+13;LIMEIRA;SP;04/08/2026;07/08/2026;07/08/2026;Entregue No Prazo;;Entrega realizada;Entrega Finalizada;7;8;4;8;MVT;26092;Emancipação Política do Rio Grande do Norte;Estadual;RN
MOBIS BRASIL FABRICACAO DE AUTO PECAS LT;RODOVIARIO;1552957;04/08/2026;1;355826;04/08/2026;URCA MOTORS VEICULOS LTDA;8,77E+12;UBERLANDIA;MG;04/08/2026;10/08/2026;07/08/2026;Entregue No Prazo;;Entrega realizada;Entrega Finalizada;10;8;4;8;CAMILO;9014;;;
MOBIS BRASIL FABRICACAO DE AUTO PECAS LT;RODOVIARIO;1552961;04/08/2026;6;355822;04/08/2026;TOKSU COMERCIO DE VEICULOS LTDA;1,12E+13;POUSO ALEGRE;MG;04/08/2026;10/08/2026;07/08/2026;Entregue No Prazo;;Entrega realizada;Entrega Finalizada;10;8;4;8;CAMILO;11008;;;
MOBIS BRASIL FABRICACAO DE AUTO PECAS LT;RODOVIARIO;1552984;04/08/2026;16;355803;04/08/2026;ITAVEMA MOTORS VEICULOS LTDA;7,73E+12;RIO DE JANEIRO;RJ;04/08/2026;10/08/2026;07/08/2026;Entregue No Prazo;;Entrega realizada;Entrega Finalizada;10;8;4;8;CAMILO;19001;;;
MOBIS BRASIL FABRICACAO DE AUTO PECAS LT;RODOVIARIO;1553023;04/08/2026;3;355851;04/08/2026;DHC COMERCIO DE VEICULOS E PECAS LTDA;9,52E+12;MARILIA;SP;04/08/2026;10/08/2026;07/08/2026;Entregue No Prazo;;Entrega realizada;Entrega Finalizada;10;8;4;8;MVT;26010;;;
MOBIS BRASIL FABRICACAO DE AUTO PECAS LT;RODOVIARIO;1552950;04/08/2026;3;355827;04/08/2026;VIA BRASIL AUTOMOVEIS LTDA.;4,72E+12;SERRA;ES;04/08/2026;11/08/2026;07/08/2026;Entregue No Prazo;;Entrega realizada;Entrega Finalizada;11;8;4;8;CAMILO;8001;Criação da Capitania de SC;Estadual;SC
MOBIS BRASIL FABRICACAO DE AUTO PECAS LT;RODOVIARIO;1552963;04/08/2026;1;355819;04/08/2026;TAI MOTORS VEICULOS S/A;9,27E+12;MURIAE;MG;04/08/2026;11/08/2026;07/08/2026;Entregue No Prazo;;Entrega realizada;Entrega Finalizada;11;8;4;8;CAMILO;8002;Criação da Capitania de SC;Estadual;SC
MOBIS BRASIL FABRICACAO DE AUTO PECAS LT;RODOVIARIO;1552965;04/08/2026;1;355814;04/08/2026;RITMO MOTORS LTDA;1,94E+13;PASSOS;MG;04/08/2026;11/08/2026;07/08/2026;Entregue No Prazo;;Entrega realizada;Entrega Finalizada;11;8;4;8;CAMILO;11040;Criação da Capitania de SC;Estadual;SC
MOBIS BRASIL FABRICACAO DE AUTO PECAS LT;RODOVIARIO;1552996;04/08/2026;11;355841;04/08/2026;GALA COMERCIO DE VEICULOS LTDA.;1,77E+13;PELOTAS;RS;04/08/2026;11/08/2026;07/08/2026;Entregue No Prazo;;Entrega realizada;Entrega Finalizada;11;8;4;8;TRANSTRY;23009;Criação da Capitania de SC;Estadual;SC
MOBIS BRASIL FABRICACAO DE AUTO PECAS LT;RODOVIARIO;1552997;04/08/2026;7;355830;04/08/2026;ATUAL VEICULOS LTDA;1,33E+13;ARARANGUA;SC;04/08/2026;11/08/2026;07/08/2026;Entregue No Prazo;;Entrega realizada;Entrega Finalizada;11;8;4;8;TRANSTRY;24001;Criação da Capitania de SC;Estadual;SC
MOBIS BRASIL FABRICACAO DE AUTO PECAS LT;RODOVIARIO;1553000;04/08/2026;4;355845;04/08/2026;LR COMERCIO DE VEICULOS LTDA;1,05E+13;SAO JOSE;SC;04/08/2026;11/08/2026;07/08/2026;Entregue No Prazo;;Entrega realizada;Entrega Finalizada;11;8;4;8;TRANSTRY;24007;Criação da Capitania de SC;Estadual;SC
MOBIS BRASIL FABRICACAO DE AUTO PECAS LT;RODOVIARIO;1553500;04/08/2026;1;355820;04/08/2026;TECAR TRILHAS AUTOMOVEIS E SERVICOS LTDA;2,32E+13;DIVINOPOLIS;MG;04/08/2026;11/08/2026;07/08/2026;Entregue No Prazo;;Entrega realizada;Entrega Finalizada;11;8;4;8;CAMILO;11039;Criação da Capitania de SC;Estadual;SC
MOBIS BRASIL FABRICACAO DE AUTO PECAS LT;RODOVIARIO;1552948;04/08/2026;4;355783;04/08/2026;SMAFF IMPORT VEICULOS LTDA;8,18E+12;BRASILIA;DF;04/08/2026;12/08/2026;07/08/2026;Entregue No Prazo;;Entrega realizada;Entrega Finalizada;12;8;4;8;RIO VERMELHO;7002;;;
MOBIS BRASIL FABRICACAO DE AUTO PECAS LT;RODOVIARIO;1552949;04/08/2026;2;355781;04/08/2026;SAGA KOREA COM. DE VEIC. E PC. LTDA;1,27E+13;BRASILIA;DF;04/08/2026;12/08/2026;07/08/2026;Entregue No Prazo;;Entrega realizada;Entrega Finalizada;12;8;4;8;RIO VERMELHO;7005;;;
MOBIS BRASIL FABRICACAO DE AUTO PECAS LT;RODOVIARIO;1552952;04/08/2026;2;355813;04/08/2026;PRIME CACHOEIRO VEICULOS LTDA;9,34E+12;LINHARES;ES;04/08/2026;12/08/2026;07/08/2026;Entregue No Prazo;;Entrega realizada;Entrega Finalizada;12;8;4;8;CAMILO;8004;;;
MOBIS BRASIL FABRICACAO DE AUTO PECAS LT;RODOVIARIO;1552995;04/08/2026;4;355843;04/08/2026;HOUSE PARTS - COM. DE PECAS E VEIC. LTDA;1,15E+13;SANTA MARIA;RS;04/08/2026;12/08/2026;07/08/2026;Entregue No Prazo;;Entrega realizada;Entrega Finalizada;12;8;4;8;TRANSTRY;23008;;;
MOBIS BRASIL FABRICACAO DE AUTO PECAS LT;RODOVIARIO;1553004;04/08/2026;3;355833;04/08/2026;BARI VEICULOS LTDA;7,46E+12;BALNEARIO CAMBORIU;SC;04/08/2026;12/08/2026;07/08/2026;Entregue No Prazo;;Entrega realizada;Entrega Finalizada;12;8;4;8;TRANSTRY;18024;;;
MOBIS BRASIL FABRICACAO DE AUTO PECAS LT;RODOVIARIO;1552969;04/08/2026;5;355795;04/08/2026;COMETA MATO GROSSO COM. DE VEICULOS LTDA;1,54E+13;RONDONOPOLIS;MT;04/08/2026;14/08/2026;07/08/2026;Entregue No Prazo;;Entrega realizada;Entrega Finalizada;14;8;4;8;CARVALIMA;13006;;;
MOBIS BRASIL FABRICACAO DE AUTO PECAS LT;RODOVIARIO;1553800;05/08/2026;16;355981;05/08/2026;BILLY DISTRIBUIDORA DE VEICULOS LTDA;1,34E+13;BARUERI;SP;05/08/2026;07/08/2026;07/08/2026;Entregue No Prazo;;Entrega realizada;Entrega Finalizada;7;8;5;8;XD DIADEMA;26003;Emancipação Política do Rio Grande do Norte;Estadual;RN
MOBIS BRASIL FABRICACAO DE AUTO PECAS LT;RODOVIARIO;1553801;05/08/2026;1;355991;05/08/2026;NOBRE DISTRIBUIDORA DE VEICULOS E PECAS;5,76E+12;MOGI DAS CRUZES;SP;05/08/2026;07/08/2026;07/08/2026;Entregue No Prazo;;Entrega realizada;Entrega Finalizada;7;8;5;8;XD DIADEMA;26004;Emancipação Política do Rio Grande do Norte;Estadual;RN
MOBIS BRASIL FABRICACAO DE AUTO PECAS LT;RODOVIARIO;1553809;05/08/2026;1;356056;05/08/2026;ANDRETA II DISTRIBUIDORA DE VEIC. LTDA;9,10E+12;INDAIATUBA;SP;05/08/2026;10/08/2026;07/08/2026;Entregue No Prazo;;Entrega realizada;Entrega Finalizada;10;8;5;8;MVT;26011;;;
MOBIS BRASIL FABRICACAO DE AUTO PECAS LT;RODOVIARIO;1553816;05/08/2026;1;356058;05/08/2026;CAOA MOTOR DO BRASIL LTDA;1,68E+13;CAMPINAS;SP;05/08/2026;10/08/2026;07/08/2026;Entregue No Prazo;;Entrega realizada;Entrega Finalizada;10;8;5;8;MVT;5008;;;
MOBIS BRASIL FABRICACAO DE AUTO PECAS LT;RODOVIARIO;1553818;05/08/2026;1;356059;05/08/2026;DESTAQUE SEUL DISTR. DE VEIC. E PC. LTDA;2,12E+13;BRAGANCA PAULISTA;SP;05/08/2026;10/08/2026;07/08/2026;Entregue No Prazo;;Entrega realizada;Entrega Finalizada;10;8;5;8;MVT;26074;;;
MOBIS BRASIL FABRICACAO DE AUTO PECAS LT;RODOVIARIO;1553825;05/08/2026;1;356063;05/08/2026;H - CAMINHO AUTOMOVEIS LTDA;2,53E+13;LIMEIRA;SP;05/08/2026;10/08/2026;07/08/2026;Entregue No Prazo;;Entrega realizada;Entrega Finalizada;10;8;5;8;MVT;26092;;;
MOBIS BRASIL FABRICACAO DE AUTO PECAS LT;RODOVIARIO;1553770;05/08/2026;6;356045;05/08/2026;LOVAT VEICULOS S/A;8,57E+12;LONDRINA;PR;05/08/2026;11/08/2026;07/08/2026;Entregue No Prazo;;Entrega realizada;Entrega Finalizada;11;8;5;8;TRANSTRY;18008;Criação da Capitania de SC;Estadual;SC
MOBIS BRASIL FABRICACAO DE AUTO PECAS LT;RODOVIARIO;1553774;05/08/2026;9;356053;05/08/2026;VETOR AUTOMOVEIS LTDA;2,12E+13;CASCAVEL;PR;05/08/2026;11/08/2026;07/08/2026;Entregue No Prazo;;Entrega realizada;Entrega Finalizada;11;8;5;8;TRANSTRY;18019;Criação da Capitania de SC;Estadual;SC
MOBIS BRASIL FABRICACAO DE AUTO PECAS LT;RODOVIARIO;1553776;05/08/2026;2;356034;05/08/2026;BARI VEICULOS LTDA;7,46E+12;PONTA GROSSA;PR;05/08/2026;11/08/2026;07/08/2026;Entregue No Prazo;;Entrega realizada;Entrega Finalizada;11;8;5;8;TRANSTRY;18024;Criação da Capitania de SC;Estadual;SC
MOBIS BRASIL FABRICACAO DE AUTO PECAS LT;RODOVIARIO;1553777;05/08/2026;14;356034;05/08/2026;BARI VEICULOS LTDA;7,46E+12;PONTA GROSSA;PR;05/08/2026;11/08/2026;07/08/2026;Entregue No Prazo;;Entrega realizada;Entrega Finalizada;11;8;5;8;TRANSTRY;18024;Criação da Capitania de SC;Estadual;SC
MOBIS BRASIL FABRICACAO DE AUTO PECAS LT;RODOVIARIO;1553780;05/08/2026;13;356015;05/08/2026;ITAVEMA MOTORS VEICULOS LTDA;7,73E+12;DUQUE DE CAXIAS;RJ;05/08/2026;11/08/2026;07/08/2026;Entregue No Prazo;;Entrega realizada;Entrega Finalizada;11;8;5;8;CAMILO;19001;Criação da Capitania de SC;Estadual;SC
MOBIS BRASIL FABRICACAO DE AUTO PECAS LT;RODOVIARIO;1553782;05/08/2026;26;356014;05/08/2026;ITAVEMA MOTORS VEICULOS LTDA;7,73E+12;RIO DE JANEIRO;RJ;05/08/2026;11/08/2026;07/08/2026;Entregue No Prazo;;Entrega realizada;Entrega Finalizada;11;8;5;8;CAMILO;19001;Criação da Capitania de SC;Estadual;SC
MOBIS BRASIL FABRICACAO DE AUTO PECAS LT;RODOVIARIO;1553784;05/08/2026;1;356005;05/08/2026;CAOA MOTOR DO BRASIL LTDA;1,68E+13;RIO DE JANEIRO;RJ;05/08/2026;11/08/2026;07/08/2026;Entregue No Prazo;;Entrega realizada;Entrega Finalizada;11;8;5;8;CAMILO;5008;Criação da Capitania de SC;Estadual;SC
MOBIS BRASIL FABRICACAO DE AUTO PECAS LT;RODOVIARIO;1553799;05/08/2026;1;356047;05/08/2026;LR COMERCIO DE VEICULOS LTDA;1,05E+13;FLORIANOPOLIS;SC;05/08/2026;11/08/2026;07/08/2026;Entregue No Prazo;;Entrega realizada;Entrega Finalizada;11;8;5;8;TRANSTRY;24007;Criação da Capitania de SC;Estadual;SC
MOBIS BRASIL FABRICACAO DE AUTO PECAS LT;RODOVIARIO;1553811;05/08/2026;1;356066;05/08/2026;NEW VEICULOS E PECAS LTDA.;1,59E+13;FRANCA;SP;05/08/2026;11/08/2026;07/08/2026;Entregue No Prazo;;Entrega realizada;Entrega Finalizada;11;8;5;8;MVT;26048;Criação da Capitania de SC;Estadual;SC
MOBIS BRASIL FABRICACAO DE AUTO PECAS LT;RODOVIARIO;1553812;05/08/2026;1;356064;05/08/2026;H R B COMERCIO DE VEICULOS LTDA;1,82E+13;SAO JOSE DO RIO PRETO;SP;05/08/2026;11/08/2026;07/08/2026;Entregue No Prazo;;Entrega realizada;Entrega Finalizada;11;8;5;8;MVT;26050;Criação da Capitania de SC;Estadual;SC
MOBIS BRASIL FABRICACAO DE AUTO PECAS LT;RODOVIARIO;1553813;05/08/2026;3;356064;05/08/2026;H R B COMERCIO DE VEICULOS LTDA;1,82E+13;SAO JOSE DO RIO PRETO;SP;05/08/2026;11/08/2026;07/08/2026;Entregue No Prazo;;Entrega realizada;Entrega Finalizada;11;8;5;8;MVT;26050;Criação da Capitania de SC;Estadual;SC
MOBIS BRASIL FABRICACAO DE AUTO PECAS LT;RODOVIARIO;1553824;05/08/2026;8;356062;05/08/2026;H - CAMINHO AUTOMOVEIS LTDA;2,53E+13;PIRACICABA;SP;05/08/2026;11/08/2026;07/08/2026;Entregue No Prazo;;Entrega realizada;Entrega Finalizada;11;8;5;8;MVT;26092;Criação da Capitania de SC;Estadual;SC
MOBIS BRASIL FABRICACAO DE AUTO PECAS LT;RODOVIARIO;1553826;05/08/2026;2;356065;05/08/2026;NEW VEICULOS E PECAS LTDA;1,59E+13;BARRETOS;SP;05/08/2026;11/08/2026;07/08/2026;Entregue No Prazo;;Entrega realizada;Entrega Finalizada;11;8;5;8;MVT;26014;Criação da Capitania de SC;Estadual;SC
MOBIS BRASIL FABRICACAO DE AUTO PECAS LT;RODOVIARIO;1553792;05/08/2026;6;356031;05/08/2026;ATUAL VEICULOS LTDA;1,33E+13;CRICIUMA;SC;05/08/2026;12/08/2026;07/08/2026;Entregue No Prazo;;Entrega realizada;Entrega Finalizada;12;8;5;8;TRANSTRY;24001;;;
MOBIS BRASIL FABRICACAO DE AUTO PECAS LT;RODOVIARIO;1553794;05/08/2026;19;356048;05/08/2026;LR COMERCIO DE VEICULOS LTDA;1,05E+13;SAO JOSE;SC;05/08/2026;12/08/2026;07/08/2026;Entregue No Prazo;;Entrega realizada;Entrega Finalizada;12;8;5;8;TRANSTRY;24007;;;
MOBIS BRASIL FABRICACAO DE AUTO PECAS LT;RODOVIARIO;1553795;05/08/2026;3;356037;05/08/2026;BARI VEICULOS LTDA;7,46E+12;BLUMENAU;SC;05/08/2026;12/08/2026;07/08/2026;Entregue No Prazo;;Entrega realizada;Entrega Finalizada;12;8;5;8;TRANSTRY;18024;;;
MOBIS BRASIL FABRICACAO DE AUTO PECAS LT;RODOVIARIO;1554553;06/08/2026;1;356175;06/08/2026;BILLY DISTRIBUIDORA DE VEICULOS LTDA;1,34E+13;BARUERI;SP;06/08/2026;10/08/2026;07/08/2026;Entregue No Prazo;;Entrega realizada;Entrega Finalizada;10;8;6;8;XD DIADEMA;26003;;;
MOBIS BRASIL FABRICACAO DE AUTO PECAS LT;RODOVIARIO;1554573;06/08/2026;3;356184;06/08/2026;NOBRE DISTRIBUIDORA DE VEIC. E PEC. LTDA;5,76E+12;SUZANO;SP;06/08/2026;10/08/2026;07/08/2026;Entregue No Prazo;;Entrega realizada;Entrega Finalizada;10;8;6;8;XD DIADEMA;26103;;;
MOBIS BRASIL FABRICACAO DE AUTO PECAS LT;RODOVIARIO;1554555;06/08/2026;2;356243;06/08/2026;DHC COMERCIO DE VEICULOS E PECAS LTDA;9,52E+12;BAURU;SP;06/08/2026;11/08/2026;07/08/2026;Entregue No Prazo;Avaria;Entrega realizada;Entrega Finalizada;11;8;6;8;MVT;26010;Criação da Capitania de SC;Estadual;SC
MOBIS BRASIL FABRICACAO DE AUTO PECAS LT;RODOVIARIO;1554558;06/08/2026;101;356300;06/08/2026;NEW VEICULOS E PECAS LTDA;1,59E+13;RIBEIRAO PRETO;SP;06/08/2026;11/08/2026;07/08/2026;Entregue No Prazo;;Entrega realizada;Entrega Finalizada;11;8;6;8;BV LOG;26014;Criação da Capitania de SC;Estadual;SC
MOBIS BRASIL FABRICACAO DE AUTO PECAS LT;RODOVIARIO;1555044;06/08/2026;4;356225;06/08/2026;BARI VEICULOS LTDA;7,46E+12;CURITIBA;PR;06/08/2026;11/08/2026;07/08/2026;Entregue No Prazo;;Entrega realizada;Entrega Finalizada;11;8;6;8;TRANSTRY;18024;Criação da Capitania de SC;Estadual;SC
MOBIS BRASIL FABRICACAO DE AUTO PECAS LT;RODOVIARIO;1554571;06/08/2026;10;356247;06/08/2026;H - CAMINHO AUTOMOVEIS LTDA;2,53E+13;PIRACICABA;SP;06/08/2026;12/08/2026;07/08/2026;Entregue No Prazo;;Entrega realizada;Entrega Finalizada;12;8;6;8;MVT;26092;;;
MOBIS BRASIL FABRICACAO DE AUTO PECAS LT;RODOVIARIO;1554561;06/08/2026;16;356308;07/08/2026;BILLY DISTRIBUIDORA DE VEICULOS LTDA;1,34E+13;SAO CAETANO DO SUL;SP;07/08/2026;11/08/2026;07/08/2026;Entregue No Prazo;;Entrega realizada;Entrega Finalizada;11;8;7;8;BV LOG;26003;Criação da Capitania de SC;Estadual;SC
MOBIS BRASIL FABRICACAO DE AUTO PECAS LT;RODOVIARIO;1554556;06/08/2026;1;356310;07/08/2026;ANDRETA II DISTRIBUIDORA DE VEIC. LTDA;9,10E+12;CAMPINAS;SP;07/08/2026;12/08/2026;07/08/2026;Entregue No Prazo;;Entrega realizada;Entrega Finalizada;12;8;7;8;BV LOG;26011;;;
MOBIS BRASIL FABRICACAO DE AUTO PECAS LT;RODOVIARIO;1554557;06/08/2026;20;356309;07/08/2026;MOTONET COMERCIO DE VEICULOS LTDA;9,28E+12;SOROCABA;SP;07/08/2026;12/08/2026;07/08/2026;Entregue No Prazo;;Entrega realizada;Entrega Finalizada;12;8;7;8;BV LOG;26113;;;
MOBIS BRASIL FABRICACAO DE AUTO PECAS LT;RODOVIARIO;1555055;06/08/2026;99;356310;07/08/2026;ANDRETA II DISTRIBUIDORA DE VEIC. LTDA;9,10E+12;CAMPINAS;SP;07/08/2026;12/08/2026;07/08/2026;Entregue No Prazo;;Entrega realizada;Entrega Finalizada;12;8;7;8;BV LOG;26011;;;
MOBIS BRASIL FABRICACAO DE AUTO PECAS LT;RODOVIARIO;1555056;06/08/2026;34;356310;07/08/2026;ANDRETA II DISTRIBUIDORA DE VEIC. LTDA;9,10E+12;CAMPINAS;SP;07/08/2026;12/08/2026;07/08/2026;Entregue No Prazo;;Entrega realizada;Entrega Finalizada;12;8;7;8;BV LOG;26011;;;
MOBIS BRASIL FABRICACAO DE AUTO PECAS LT;RODOVIARIO;1555058;06/08/2026;51;356310;07/08/2026;ANDRETA II DISTRIBUIDORA DE VEIC. LTDA;9,10E+12;CAMPINAS;SP;07/08/2026;12/08/2026;07/08/2026;Entregue No Prazo;;Entrega realizada;Entrega Finalizada;12;8;7;8;BV LOG;26011;;;
MOBIS BRASIL FABRICACAO DE AUTO PECAS LT;RODOVIARIO;1546334;22/07/2026;2;353409;22/07/2026;PRIVILLEGE DISTRIBUIDORA DE VEICULOS LTD;1,72E+13;ARAGUAINA;TO;22/07/2026;05/08/2026;08/08/2026;Entregue Fora do Prazo;;Entrega realizada;Entrega Finalizada;5;8;22;7;RIO VERMELHO;27002;Fundação do Estado da Paraíba;Estadual;PB
MOBIS BRASIL FABRICACAO DE AUTO PECAS LT;RODOVIARIO;1552003;31/07/2026;3;355551;03/08/2026;GOLDEN MOTORS VEICULOS LTDA;3,62E+12;DOURADOS;MS;03/08/2026;11/08/2026;08/08/2026;Entregue No Prazo;;Entrega realizada;Entrega Finalizada;11;8;3;8;CARVALIMA;12001;Criação da Capitania de SC;Estadual;SC
MOBIS BRASIL FABRICACAO DE AUTO PECAS LT;RODOVIARIO;1552966;04/08/2026;3;355801;04/08/2026;GOLDEN MOTORS VEICULOS LTDA;3,62E+12;DOURADOS;MS;04/08/2026;12/08/2026;08/08/2026;Entregue No Prazo;;Entrega realizada;Entrega Finalizada;12;8;4;8;CARVALIMA;12001;;;
MOBIS BRASIL FABRICACAO DE AUTO PECAS LT;RODOVIARIO;1546961;23/07/2026;1;353720;23/07/2026;UNIQUE BOA VISTA COM. DE AUTOMOVEIS LTDA;3,48E+13;BOA VISTA;RR;23/07/2026;20/08/2026;10/08/2026;Entregue No Prazo;;Entrega realizada;Entrega Finalizada;20;8;23;7;CARVALIMA;22002;;;
MOBIS BRASIL FABRICACAO DE AUTO PECAS LT;RODOVIARIO;1548202;27/07/2026;1;354304;27/07/2026;ULSAN COMERCIO DE VEICULOS LTDA;2,10E+13;RIO BRANCO;AC;27/07/2026;13/08/2026;10/08/2026;Entregue No Prazo;;Entrega realizada;Entrega Finalizada;13;8;27;7;CARVALIMA;21004;;;
MOBIS BRASIL FABRICACAO DE AUTO PECAS LT;RODOVIARIO;1550220;29/07/2026;8;354590;29/07/2026;BILLY DISTRIBUIDORA DE VEICULOS LTDA;1,34E+13;SAO PAULO;SP;29/07/2026;31/07/2026;10/08/2026;Entregue Fora do Prazo;;Entrega realizada;Entrega Finalizada;31;7;29;7;XD DIADEMA;26003;;;
MOBIS BRASIL FABRICACAO DE AUTO PECAS LT;RODOVIARIO;1550138;29/07/2026;18;354632;29/07/2026;PATEO COMERCIO DE VEICULOS S A;7,78E+12;FEIRA DE SANTANA;BA;29/07/2026;13/08/2026;10/08/2026;Entregue No Prazo;;Entrega realizada;Entrega Finalizada;13;8;29;7;TERMACO;5009;;;
MOBIS BRASIL FABRICACAO DE AUTO PECAS LT;RODOVIARIO;1550618;29/07/2026;1;354940;30/07/2026;SAINT LAND COMERCIO DE VEICULOS LTDA;1,04E+13;NATAL;RN;30/07/2026;14/08/2026;10/08/2026;Entregue No Prazo;;Entrega realizada;Entrega Finalizada;14;8;30;7;TERMACO;6010;;;
MOBIS BRASIL FABRICACAO DE AUTO PECAS LT;RODOVIARIO;1551403;30/07/2026;1;355205;31/07/2026;CAOA MOTOR DO BRASIL LTDA(NACOES UNIDAS);1,68E+13;SAO PAULO;SP;31/07/2026;04/08/2026;10/08/2026;Entregue Fora do Prazo;;Entrega realizada;Entrega Finalizada;4;8;31;7;XD DIADEMA;26087;;;
MOBIS BRASIL FABRICACAO DE AUTO PECAS LT;RODOVIARIO;1551344;30/07/2026;2;355261;31/07/2026;CAOA MOTOR DO BRASIL LTDA;1,68E+13;BELEM;PA;31/07/2026;13/08/2026;10/08/2026;Entregue No Prazo;;Entrega realizada;Entrega Finalizada;13;8;31;7;CARVALIMA;5008;;;
MOBIS BRASIL FABRICACAO DE AUTO PECAS LT;RODOVIARIO;1551345;30/07/2026;3;355261;31/07/2026;CAOA MOTOR DO BRASIL LTDA;1,68E+13;BELEM;PA;31/07/2026;13/08/2026;10/08/2026;Entregue No Prazo;;Entrega realizada;Entrega Finalizada;13;8;31;7;CARVALIMA;5008;;;
MOBIS BRASIL FABRICACAO DE AUTO PECAS LT;RODOVIARIO;1551318;30/07/2026;3;355280;31/07/2026;SAINT LAND COMERCIO DE VEICULOS LTDA;1,04E+13;JUAZEIRO DO NORTE;CE;31/07/2026;18/08/2026;10/08/2026;Entregue No Prazo;;Entrega realizada;Entrega Finalizada;18;8;31;7;TERMACO;6010;;;
MOBIS BRASIL FABRICACAO DE AUTO PECAS LT;RODOVIARIO;1552069;31/07/2026;2;355527;03/08/2026;CAOA MOTOR DO BRASIL LTDA (ARICANDUVA);1,68E+13;SAO PAULO;SP;03/08/2026;05/08/2026;10/08/2026;Entregue Fora do Prazo;;Entrega realizada;Entrega Finalizada;5;8;3;8;XD DIADEMA;26039;Fundação do Estado da Paraíba;Estadual;PB
MOBIS BRASIL FABRICACAO DE AUTO PECAS LT;RODOVIARIO;1552042;31/07/2026;135;355600;03/08/2026;CARWAY SUL VEICULOS LTDA;1,03E+13;CANOAS;RS;03/08/2026;07/08/2026;10/08/2026;Entregue Fora do Prazo;;Entrega realizada;Entrega Finalizada;7;8;3;8;TRANSTRY;23003;Emancipação Política do Rio Grande do Norte;Estadual;RN
MOBIS BRASIL FABRICACAO DE AUTO PECAS LT;RODOVIARIO;1552044;31/07/2026;1;355606;03/08/2026;HOUSE PARTS - COM DE PECAS E VEIC LTDA;1,15E+13;OSORIO;RS;03/08/2026;10/08/2026;10/08/2026;Entregue No Prazo;;Entrega realizada;Entrega Finalizada;10;8;3;8;TRANSTRY;23016;;;
MOBIS BRASIL FABRICACAO DE AUTO PECAS LT;RODOVIARIO;1551992;31/07/2026;1;355534;03/08/2026;NISA COMERCIAL DE VEIC. AUTOMOTORES LTDA;1,03E+13;APARECIDA DE GOIANIA;GO;03/08/2026;11/08/2026;10/08/2026;Entregue No Prazo;;Entrega realizada;Entrega Finalizada;11;8;3;8;RIO VERMELHO;9002;Criação da Capitania de SC;Estadual;SC
MOBIS BRASIL FABRICACAO DE AUTO PECAS LT;RODOVIARIO;1551994;31/07/2026;1;355541;03/08/2026;SAGA KOREA COM. DE VEIC. E PC. LTDA;1,27E+13;GOIANIA;GO;03/08/2026;11/08/2026;10/08/2026;Entregue No Prazo;;Entrega realizada;Entrega Finalizada;11;8;3;8;RIO VERMELHO;9011;Criação da Capitania de SC;Estadual;SC
MOBIS BRASIL FABRICACAO DE AUTO PECAS LT;RODOVIARIO;1551995;31/07/2026;5;355535;03/08/2026;NISA COMERCIAL DE VEIC. AUTOMOTORES LTDA;1,03E+13;GOIANIA;GO;03/08/2026;11/08/2026;10/08/2026;Entregue No Prazo;;Entrega realizada;Entrega Finalizada;11;8;3;8;RIO VERMELHO;9013;Criação da Capitania de SC;Estadual;SC
MOBIS BRASIL FABRICACAO DE AUTO PECAS LT;RODOVIARIO;1552039;31/07/2026;1;355549;03/08/2026;COMETA JI PARANA COM. DE VEIC. LTDA;4,23E+12;JIPARANA;RO;03/08/2026;20/08/2026;10/08/2026;Entregue No Prazo;;Entrega realizada;Entrega Finalizada;20;8;3;8;CARVALIMA;21002;;;
MOBIS BRASIL FABRICACAO DE AUTO PECAS LT;RODOVIARIO;1552976;04/08/2026;1;355844;04/08/2026;LOVAT VEICULOS S/A;8,57E+12;LONDRINA;PR;04/08/2026;10/08/2026;10/08/2026;Entregue No Prazo;;Entrega realizada;Entrega Finalizada;10;8;4;8;TRANSTRY;18008;;;
MOBIS BRASIL FABRICACAO DE AUTO PECAS LT;RODOVIARIO;1552980;04/08/2026;9;355832;04/08/2026;BARI VEICULOS LTDA;7,46E+12;PONTA GROSSA;PR;04/08/2026;10/08/2026;10/08/2026;Entregue No Prazo;;Entrega realizada;Entrega Finalizada;10;8;4;8;TRANSTRY;18024;;;
MOBIS BRASIL FABRICACAO DE AUTO PECAS LT;RODOVIARIO;1552992;04/08/2026;1;355842;04/08/2026;HOUSE PARTS - COM. DE PECAS E VEIC. LTDA;1,15E+13;PORTO ALEGRE;RS;04/08/2026;10/08/2026;10/08/2026;Entregue No Prazo;;Entrega realizada;Entrega Finalizada;10;8;4;8;TRANSTRY;23004;;;
MOBIS BRASIL FABRICACAO DE AUTO PECAS LT;RODOVIARIO;1552993;04/08/2026;3;355838;04/08/2026;CARWAY SUL VEICULOS LTDA;1,03E+13;CANOAS;RS;04/08/2026;10/08/2026;10/08/2026;Entregue No Prazo;;Entrega realizada;Entrega Finalizada;10;8;4;8;TRANSTRY;23003;;;
MOBIS BRASIL FABRICACAO DE AUTO PECAS LT;RODOVIARIO;1552994;04/08/2026;6;355838;04/08/2026;CARWAY SUL VEICULOS LTDA;1,03E+13;CANOAS;RS;04/08/2026;10/08/2026;10/08/2026;Entregue No Prazo;;Entrega realizada;Entrega Finalizada;10;8;4;8;TRANSTRY;23003;;;
MOBIS BRASIL FABRICACAO DE AUTO PECAS LT;RODOVIARIO;1553003;04/08/2026;1;355837;04/08/2026;BARI VEICULOS LTDA.;7,46E+12;ITAJAI;SC;04/08/2026;10/08/2026;10/08/2026;Entregue No Prazo;;Entrega realizada;Entrega Finalizada;10;8;4;8;TRANSTRY;24014;;;
MOBIS BRASIL FABRICACAO DE AUTO PECAS LT;RODOVIARIO;1553008;04/08/2026;2;355856;04/08/2026;HYMAX DISTRIBUIDORA DE VEICULOS LTDA;1,73E+13;MOGI GUACU;SP;04/08/2026;10/08/2026;10/08/2026;Entregue No Prazo;;Entrega realizada;Entrega Finalizada;10;8;4;8;MVT;26002;;;
MOBIS BRASIL FABRICACAO DE AUTO PECAS LT;RODOVIARIO;1553009;04/08/2026;3;355856;04/08/2026;HYMAX DISTRIBUIDORA DE VEICULOS LTDA;1,73E+13;MOGI GUACU;SP;04/08/2026;10/08/2026;10/08/2026;Entregue No Prazo;;Entrega realizada;Entrega Finalizada;10;8;4;8;MVT;26002;;;
MOBIS BRASIL FABRICACAO DE AUTO PECAS LT;RODOVIARIO;1552970;04/08/2026;2;355794;04/08/2026;COMETA MATO GROSSO COM. DE VEICULOS LTDA;1,54E+13;TANGARA DA SERRA;MT;04/08/2026;13/08/2026;10/08/2026;Entregue No Prazo;;Entrega realizada;Entrega Finalizada;13;8;4;8;CARVALIMA;13007;;;
MOBIS BRASIL FABRICACAO DE AUTO PECAS LT;RODOVIARIO;1553802;05/08/2026;5;355990;05/08/2026;GRAND SPORT COM. DE VEIC. E PECAS LTDA;8,58E+12;GUARULHOS;SP;05/08/2026;07/08/2026;10/08/2026;Entregue Fora do Prazo;;Entrega realizada;Entrega Finalizada;7;8;5;8;XD DIADEMA;26005;Emancipação Política do Rio Grande do Norte;Estadual;RN
MOBIS BRASIL FABRICACAO DE AUTO PECAS LT;RODOVIARIO;1553827;05/08/2026;3;355987;05/08/2026;CAOA MOTOR DO BRASIL LTDA(RAP. TAVARES);1,68E+13;SAO PAULO;SP;05/08/2026;07/08/2026;10/08/2026;Entregue Fora do Prazo;;Entrega realizada;Entrega Finalizada;7;8;5;8;XD DIADEMA;26109;Emancipação Política do Rio Grande do Norte;Estadual;RN
MOBIS BRASIL FABRICACAO DE AUTO PECAS LT;RODOVIARIO;1553755;05/08/2026;12;355996;05/08/2026;TAI MOTORS VEICULOS S/A;9,27E+12;BELO HORIZONTE;MG;05/08/2026;10/08/2026;10/08/2026;Entregue No Prazo;;Entrega realizada;Entrega Finalizada;10;8;5;8;XD BETIM;8002;;;
MOBIS BRASIL FABRICACAO DE AUTO PECAS LT;RODOVIARIO;1553757;05/08/2026;1;355980;05/08/2026;BDG AUTOVILLE VEICULOS LTDA;4,77E+13;CONTAGEM;MG;05/08/2026;10/08/2026;10/08/2026;Entregue No Prazo;;Entrega realizada;Entrega Finalizada;10;8;5;8;XD BETIM;11037;;;
MOBIS BRASIL FABRICACAO DE AUTO PECAS LT;RODOVIARIO;1553758;05/08/2026;41;355980;05/08/2026;BDG AUTOVILLE VEICULOS LTDA;4,77E+13;CONTAGEM;MG;05/08/2026;10/08/2026;10/08/2026;Entregue No Prazo;;Entrega realizada;Entrega Finalizada;10;8;5;8;XD BETIM;11037;;;
MOBIS BRASIL FABRICACAO DE AUTO PECAS LT;RODOVIARIO;1554165;05/08/2026;1;356054;05/08/2026;ANDRETA II DISTRIBUIDORA DE VEIC. LTDA;9,10E+12;JUNDIAI;SP;05/08/2026;10/08/2026;10/08/2026;Entregue No Prazo;;Entrega realizada;Entrega Finalizada;10;8;5;8;MVT;26011;;;
MOBIS BRASIL FABRICACAO DE AUTO PECAS LT;RODOVIARIO;1553752;05/08/2026;5;355998;05/08/2026;URCA MOTORS VEICULOS LTDA;8,77E+12;UBERLANDIA;MG;05/08/2026;11/08/2026;10/08/2026;Entregue No Prazo;;Entrega realizada;Entrega Finalizada;11;8;5;8;CAMILO;9014;Criação da Capitania de SC;Estadual;SC
MOBIS BRASIL FABRICACAO DE AUTO PECAS LT;RODOVIARIO;1553771;05/08/2026;4;356046;05/08/2026;LOVAT VEICULOS S/A;8,57E+12;MARINGA;PR;05/08/2026;11/08/2026;10/08/2026;Entregue No Prazo;;Entrega realizada;Entrega Finalizada;11;8;5;8;TRANSTRY;18008;Criação da Capitania de SC;Estadual;SC
MOBIS BRASIL FABRICACAO DE AUTO PECAS LT;RODOVIARIO;1553775;05/08/2026;2;356036;05/08/2026;BARI VEICULOS LTDA;7,46E+12;GUARAPUAVA;PR;05/08/2026;11/08/2026;10/08/2026;Entregue No Prazo;;Entrega realizada;Entrega Finalizada;11;8;5;8;TRANSTRY;18024;Criação da Capitania de SC;Estadual;SC
MOBIS BRASIL FABRICACAO DE AUTO PECAS LT;RODOVIARIO;1553778;05/08/2026;1;356052;05/08/2026;VETOR AUTOMOVEIS LTDA;2,12E+13;UMUARAMA;PR;05/08/2026;11/08/2026;10/08/2026;Entregue No Prazo;;Entrega realizada;Entrega Finalizada;11;8;5;8;TRANSTRY;18019;Criação da Capitania de SC;Estadual;SC
MOBIS BRASIL FABRICACAO DE AUTO PECAS LT;RODOVIARIO;1553786;05/08/2026;9;356043;05/08/2026;HOUSE PARTS - COM. DE PECAS E VEIC. LTDA;1,15E+13;PORTO ALEGRE;RS;05/08/2026;11/08/2026;10/08/2026;Entregue No Prazo;;Entrega realizada;Entrega Finalizada;11;8;5;8;TRANSTRY;23004;Criação da Capitania de SC;Estadual;SC
MOBIS BRASIL FABRICACAO DE AUTO PECAS LT;RODOVIARIO;1553820;05/08/2026;3;356060;05/08/2026;DESTAQUE SEUL DISTR DE VEIC PEC LTDA;2,12E+13;CARAGUATATUBA;SP;05/08/2026;11/08/2026;10/08/2026;Entregue No Prazo;;Entrega realizada;Entrega Finalizada;11;8;5;8;MVT;26082;Criação da Capitania de SC;Estadual;SC
MOBIS BRASIL FABRICACAO DE AUTO PECAS LT;RODOVIARIO;1553745;05/08/2026;13;356030;05/08/2026;VIA BRASIL AUTOMOVEIS LTDA.;4,72E+12;SERRA;ES;05/08/2026;12/08/2026;10/08/2026;Entregue No Prazo;;Entrega realizada;Entrega Finalizada;12;8;5;8;CAMILO;8001;;;
MOBIS BRASIL FABRICACAO DE AUTO PECAS LT;RODOVIARIO;1553746;05/08/2026;5;356027;05/08/2026;TAI MOTORS VEICULOS S/A;9,27E+12;VITORIA;ES;05/08/2026;12/08/2026;10/08/2026;Entregue No Prazo;;Entrega realizada;Entrega Finalizada;12;8;5;8;CAMILO;8002;;;
MOBIS BRASIL FABRICACAO DE AUTO PECAS LT;RODOVIARIO;1553756;05/08/2026;2;355989;05/08/2026;GNC GRANDE COREIA MINAS GERAIS COMERCIO;4,27E+13;MONTES CLAROS;MG;05/08/2026;12/08/2026;10/08/2026;Entregue No Prazo;;Entrega realizada;Entrega Finalizada;12;8;5;8;CAMILO;11035;;;
MOBIS BRASIL FABRICACAO DE AUTO PECAS LT;RODOVIARIO;1553759;05/08/2026;1;355993;05/08/2026;RITMO MOTORS LTDA;1,94E+13;PASSOS;MG;05/08/2026;12/08/2026;10/08/2026;Entregue No Prazo;;Entrega realizada;Entrega Finalizada;12;8;5;8;CAMILO;11040;;;
MOBIS BRASIL FABRICACAO DE AUTO PECAS LT;RODOVIARIO;1553781;05/08/2026;1;356011;05/08/2026;GRAFFITI VEICULOS LTDA.;1,71E+13;ITAPERUNA;RJ;05/08/2026;12/08/2026;10/08/2026;Entregue No Prazo;;Entrega realizada;Entrega Finalizada;12;8;5;8;CAMILO;19015;;;
MOBIS BRASIL FABRICACAO DE AUTO PECAS LT;RODOVIARIO;1553790;05/08/2026;1;356044;05/08/2026;HOUSE PARTS COMERCIO DE PECAS E VEI;1,15E+13;CAXIAS DO SUL;RS;05/08/2026;12/08/2026;10/08/2026;Entregue No Prazo;;Entrega realizada;Entrega Finalizada;12;8;5;8;TRANSTRY;23023;;;
MOBIS BRASIL FABRICACAO DE AUTO PECAS LT;RODOVIARIO;1553796;05/08/2026;1;356049;05/08/2026;PONTO CERTO COMERCIO DE VEICULOS LTDA;1,50E+13;LAGES;SC;05/08/2026;12/08/2026;10/08/2026;Entregue No Prazo;;Entrega realizada;Entrega Finalizada;12;8;5;8;TRANSTRY;24017;;;
MOBIS BRASIL FABRICACAO DE AUTO PECAS LT;RODOVIARIO;1553744;05/08/2026;3;355995;05/08/2026;SMAFF IMPORT VEICULOS LTDA;8,18E+12;BRASILIA;DF;05/08/2026;13/08/2026;10/08/2026;Entregue No Prazo;;Entrega realizada;Entrega Finalizada;13;8;5;8;RIO VERMELHO;7002;;;
MOBIS BRASIL FABRICACAO DE AUTO PECAS LT;RODOVIARIO;1553748;05/08/2026;1;356026;05/08/2026;TAI MOTORS VEICULOS S/A;9,27E+12;COLATINA;ES;05/08/2026;13/08/2026;10/08/2026;Entregue No Prazo;;Entrega realizada;Entrega Finalizada;13;8;5;8;CAMILO;8002;;;
MOBIS BRASIL FABRICACAO DE AUTO PECAS LT;RODOVIARIO;1553760;05/08/2026;2;356028;05/08/2026;ULSAN COMERCIO DE VEICULOS LTDA.;2,10E+13;CAMPO GRANDE;MS;05/08/2026;13/08/2026;10/08/2026;Entregue No Prazo;;Entrega realizada;Entrega Finalizada;13;8;5;8;CARVALIMA;12004;;;
MOBIS BRASIL FABRICACAO DE AUTO PECAS LT;RODOVIARIO;1553762;05/08/2026;43;356024;05/08/2026;SAGA ASIA COM. DE VEIC.PC.E SERV. LTDA;2,23E+13;VARZEA GRANDE;MT;05/08/2026;14/08/2026;10/08/2026;Entregue No Prazo;;Entrega realizada;Entrega Finalizada;14;8;5;8;CARVALIMA;13004;;;
MOBIS BRASIL FABRICACAO DE AUTO PECAS LT;RODOVIARIO;1553761;05/08/2026;1;356006;05/08/2026;COMETA MATO GROSSO COM. DE VEICULOS LTDA;1,54E+13;SINOP;MT;05/08/2026;17/08/2026;10/08/2026;Entregue No Prazo;;Entrega realizada;Entrega Finalizada;17;8;5;8;CARVALIMA;13003;Adesão do Ceará à Independência do Brasil;Estadual;CE
MOBIS BRASIL FABRICACAO DE AUTO PECAS LT;RODOVIARIO;1553785;05/08/2026;2;356007;05/08/2026;COMETA RONDONIA COMERCIO DE VEICULO;4,23E+12;VILHENA;RO;05/08/2026;19/08/2026;10/08/2026;Entregue No Prazo;;Entrega realizada;Entrega Finalizada;19;8;5;8;CARVALIMA;#N/D;;;
MOBIS BRASIL FABRICACAO DE AUTO PECAS LT;RODOVIARIO;1554554;06/08/2026;1;356181;06/08/2026;GRAND SPORT COM. DE VEIC. E PECAS LTDA;8,58E+12;GUARULHOS;SP;06/08/2026;10/08/2026;10/08/2026;Entregue No Prazo;;Entrega realizada;Entrega Finalizada;10;8;6;8;XD DIADEMA;26005;;;
MOBIS BRASIL FABRICACAO DE AUTO PECAS LT;RODOVIARIO;1554559;06/08/2026;12;356178;06/08/2026;CHS MOTORS VEICULOS PECAS E SERV LTDA;1,69E+13;SAO PAULO;SP;06/08/2026;10/08/2026;10/08/2026;Entregue No Prazo;;Entrega realizada;Entrega Finalizada;10;8;6;8;XD DIADEMA;26037;;;
MOBIS BRASIL FABRICACAO DE AUTO PECAS LT;RODOVIARIO;1554560;06/08/2026;2;356176;06/08/2026;CAOA MOTOR DO BRASIL LTDA (ARICANDUVA);1,68E+13;SAO PAULO;SP;06/08/2026;10/08/2026;10/08/2026;Entregue No Prazo;;Entrega realizada;Entrega Finalizada;10;8;6;8;XD DIADEMA;26039;;;
MOBIS BRASIL FABRICACAO DE AUTO PECAS LT;RODOVIARIO;1554562;06/08/2026;2;356241;06/08/2026;ANDRETA II DISTRIBUIDORA DE VEIC. LTDA;9,10E+12;INDAIATUBA;SP;06/08/2026;11/08/2026;10/08/2026;Entregue No Prazo;;Entrega realizada;Entrega Finalizada;11;8;6;8;MVT;26011;Criação da Capitania de SC;Estadual;SC
MOBIS BRASIL FABRICACAO DE AUTO PECAS LT;RODOVIARIO;1554568;06/08/2026;2;356179;06/08/2026;DESTAQUE SEUL DISTR. DE VEIC. E PC. LTDA;2,12E+13;ATIBAIA;SP;06/08/2026;11/08/2026;10/08/2026;Entregue No Prazo;;Entrega realizada;Entrega Finalizada;11;8;6;8;XD DIADEMA;26075;Criação da Capitania de SC;Estadual;SC
MOBIS BRASIL FABRICACAO DE AUTO PECAS LT;RODOVIARIO;1555045;06/08/2026;12;356242;06/08/2026;ANDRETA II DISTRIBUIDORA DE VEIC. LTDA;9,10E+12;JUNDIAI;SP;06/08/2026;11/08/2026;10/08/2026;Entregue No Prazo;;Entrega realizada;Entrega Finalizada;11;8;6;8;MVT;26011;Criação da Capitania de SC;Estadual;SC
MOBIS BRASIL FABRICACAO DE AUTO PECAS LT;RODOVIARIO;1554528;06/08/2026;6;356234;06/08/2026;LOVAT VEICULOS S/A;8,57E+12;LONDRINA;PR;06/08/2026;12/08/2026;10/08/2026;Entregue No Prazo;;Entrega realizada;Entrega Finalizada;12;8;6;8;TRANSTRY;18008;;;
MOBIS BRASIL FABRICACAO DE AUTO PECAS LT;RODOVIARIO;1554530;06/08/2026;3;356237;06/08/2026;VETOR AUTOMOVEIS LTDA;2,12E+13;CASCAVEL;PR;06/08/2026;12/08/2026;10/08/2026;Entregue No Prazo;;Entrega realizada;Entrega Finalizada;12;8;6;8;TRANSTRY;18019;;;
MOBIS BRASIL FABRICACAO DE AUTO PECAS LT;RODOVIARIO;1554531;06/08/2026;1;356226;06/08/2026;BARI VEICULOS LTDA;7,46E+12;GUARAPUAVA;PR;06/08/2026;12/08/2026;10/08/2026;Entregue No Prazo;;Entrega realizada;Entrega Finalizada;12;8;6;8;TRANSTRY;18024;;;
MOBIS BRASIL FABRICACAO DE AUTO PECAS LT;RODOVIARIO;1554532;06/08/2026;6;356227;06/08/2026;BARI VEICULOS LTDA;7,46E+12;PONTA GROSSA;PR;06/08/2026;12/08/2026;10/08/2026;Entregue No Prazo;;Entrega realizada;Entrega Finalizada;12;8;6;8;TRANSTRY;18024;;;
MOBIS BRASIL FABRICACAO DE AUTO PECAS LT;RODOVIARIO;1554564;06/08/2026;4;356248;06/08/2026;H R B COMERCIO DE VEICULOS LTDA;1,82E+13;SAO JOSE DO RIO PRETO;SP;06/08/2026;12/08/2026;10/08/2026;Entregue No Prazo;;Entrega realizada;Entrega Finalizada;12;8;6;8;MVT;26050;;;
MOBIS BRASIL FABRICACAO DE AUTO PECAS LT;RODOVIARIO;1554565;06/08/2026;24;356248;06/08/2026;H R B COMERCIO DE VEICULOS LTDA;1,82E+13;SAO JOSE DO RIO PRETO;SP;06/08/2026;12/08/2026;10/08/2026;Entregue No Prazo;;Entrega realizada;Entrega Finalizada;12;8;6;8;MVT;26050;;;
MOBIS BRASIL FABRICACAO DE AUTO PECAS LT;RODOVIARIO;1554566;06/08/2026;2;356246;06/08/2026;GOLDEN MOTORS VEICULOS LTDA;3,62E+12;ARACATUBA;SP;06/08/2026;12/08/2026;10/08/2026;Entregue No Prazo;;Entrega realizada;Entrega Finalizada;12;8;6;8;MVT;12001;;;
MOBIS BRASIL FABRICACAO DE AUTO PECAS LT;RODOVIARIO;1554567;06/08/2026;1;356245;06/08/2026;GOLDEN MOTORS VEICULOS LTDA;3,62E+12;PRESIDENTE PRUDENTE;SP;06/08/2026;12/08/2026;10/08/2026;Entregue No Prazo;;Entrega realizada;Entrega Finalizada;12;8;6;8;MVT;12001;;;
MOBIS BRASIL FABRICACAO DE AUTO PECAS LT;RODOVIARIO;1554572;06/08/2026;3;356240;06/08/2026;ANDRETA II DISTRIBUIDORA DE VEIC. LTDA;9,10E+12;RIO CLARO;SP;06/08/2026;12/08/2026;10/08/2026;Entregue No Prazo;;Entrega realizada;Entrega Finalizada;12;8;6;8;MVT;26011;;;
MOBIS BRASIL FABRICACAO DE AUTO PECAS LT;RODOVIARIO;1554496;06/08/2026;4;356219;06/08/2026;TAI MOTORS VEICULOS S/A;9,27E+12;VITORIA;ES;06/08/2026;13/08/2026;10/08/2026;Entregue No Prazo;;Entrega realizada;Entrega Finalizada;13;8;6;8;CAMILO;8002;;;
MOBIS BRASIL FABRICACAO DE AUTO PECAS LT;RODOVIARIO;1554548;06/08/2026;1;356235;06/08/2026;LR COMERCIO DE VEICULOS LTDA;1,05E+13;SAO JOSE;SC;06/08/2026;13/08/2026;10/08/2026;Entregue No Prazo;;Entrega realizada;Entrega Finalizada;13;8;6;8;TRANSTRY;24007;;;
MOBIS BRASIL FABRICACAO DE AUTO PECAS LT;RODOVIARIO;1554549;06/08/2026;2;356228;06/08/2026;BARI VEICULOS LTDA;7,46E+12;BLUMENAU;SC;06/08/2026;13/08/2026;10/08/2026;Entregue No Prazo;;Entrega realizada;Entrega Finalizada;13;8;6;8;TRANSTRY;18024;;;
MOBIS BRASIL FABRICACAO DE AUTO PECAS LT;RODOVIARIO;1554550;06/08/2026;21;356228;06/08/2026;BARI VEICULOS LTDA;7,46E+12;BLUMENAU;SC;06/08/2026;13/08/2026;10/08/2026;Entregue No Prazo;;Entrega realizada;Entrega Finalizada;13;8;6;8;TRANSTRY;18024;;;
MOBIS BRASIL FABRICACAO DE AUTO PECAS LT;RODOVIARIO;1554512;06/08/2026;2;356198;06/08/2026;GOLDEN MOTORS VEICULOS LTDA;3,62E+12;TRES LAGOAS;MS;06/08/2026;14/08/2026;10/08/2026;Entregue No Prazo;;Entrega realizada;Entrega Finalizada;14;8;6;8;CARVALIMA;12001;;;
MOBIS BRASIL FABRICACAO DE AUTO PECAS LT;RODOVIARIO;1554513;06/08/2026;1;356220;06/08/2026;ULSAN COMERCIO DE VEICULOS LTDA.;2,10E+13;CAMPO GRANDE;MS;06/08/2026;14/08/2026;10/08/2026;Entregue No Prazo;;Entrega realizada;Entrega Finalizada;14;8;6;8;CARVALIMA;12004;;;
MOBIS BRASIL FABRICACAO DE AUTO PECAS LT;RODOVIARIO;1555258;07/08/2026;4;356325;07/08/2026;NOBRE DISTRIBUIDORA DE VEICULOS E PECAS;5,76E+12;MOGI DAS CRUZES;SP;07/08/2026;11/08/2026;10/08/2026;Entregue No Prazo;;Entrega realizada;Entrega Finalizada;11;8;7;8;XD DIADEMA;26004;Criação da Capitania de SC;Estadual;SC
MOBIS BRASIL FABRICACAO DE AUTO PECAS LT;RODOVIARIO;1555261;07/08/2026;3;356321;07/08/2026;GRAND SPORT COM. DE VEIC. E PECAS LTDA;8,58E+12;SAO PAULO;SP;07/08/2026;11/08/2026;10/08/2026;Entregue No Prazo;;Entrega realizada;Entrega Finalizada;11;8;7;8;XD DIADEMA;26034;Criação da Capitania de SC;Estadual;SC
MOBIS BRASIL FABRICACAO DE AUTO PECAS LT;RODOVIARIO;1555263;07/08/2026;3;356312;07/08/2026;BILLY DISTRIBUIDORA DE VEICULOS LTDA;1,34E+13;SAO CAETANO DO SUL;SP;07/08/2026;11/08/2026;10/08/2026;Entregue No Prazo;;Entrega realizada;Entrega Finalizada;11;8;7;8;XD DIADEMA;26003;Criação da Capitania de SC;Estadual;SC
MOBIS BRASIL FABRICACAO DE AUTO PECAS LT;RODOVIARIO;1555268;07/08/2026;1;356317;07/08/2026;CAOA MOTOR DO BRASIL LTDA (VL PRUDENTE);1,68E+13;SAO PAULO;SP;07/08/2026;11/08/2026;10/08/2026;Entregue No Prazo;;Entrega realizada;Entrega Finalizada;11;8;7;8;XD DIADEMA;26051;Criação da Capitania de SC;Estadual;SC
MOBIS BRASIL FABRICACAO DE AUTO PECAS LT;RODOVIARIO;1555277;07/08/2026;1;356322;07/08/2026;GRANDAY AUTOMOTORES LTDA (CHAC. CALIFOR);1,57E+13;SAO PAULO;SP;07/08/2026;11/08/2026;10/08/2026;Entregue No Prazo;;Entrega realizada;Entrega Finalizada;11;8;7;8;XD DIADEMA;26090;Criação da Capitania de SC;Estadual;SC
MOBIS BRASIL FABRICACAO DE AUTO PECAS LT;RODOVIARIO;1555281;07/08/2026;1;356319;07/08/2026;CHS MOTORS VEICULOS PECAS E SERV. LTDA;1,69E+13;OSASCO;SP;07/08/2026;11/08/2026;10/08/2026;Entregue No Prazo;;Entrega realizada;Entrega Finalizada;11;8;7;8;XD DIADEMA;26106;Criação da Capitania de SC;Estadual;SC
MOBIS BRASIL FABRICACAO DE AUTO PECAS LT;RODOVIARIO;1555282;07/08/2026;9;356318;07/08/2026;CAOA MOTOR DO BRASIL LTDA(RAP. TAVARES);1,68E+13;SAO PAULO;SP;07/08/2026;11/08/2026;10/08/2026;Entregue No Prazo;;Entrega realizada;Entrega Finalizada;11;8;7;8;XD DIADEMA;26109;Criação da Capitania de SC;Estadual;SC
MOBIS BRASIL FABRICACAO DE AUTO PECAS LT;RODOVIARIO;1555226;07/08/2026;3;356464;07/08/2026;SEVEC VEICULOS LTDA;5,68E+11;CURITIBA;PR;07/08/2026;12/08/2026;10/08/2026;Entregue No Prazo;;Entrega realizada;Entrega Finalizada;12;8;7;8;TRANSTRY;18012;;;
MOBIS BRASIL FABRICACAO DE AUTO PECAS LT;RODOVIARIO;1555265;07/08/2026;2;356373;07/08/2026;ANDRETA II DISTRIBUIDORA DE VEIC. LTDA;9,10E+12;AMERICANA;SP;07/08/2026;12/08/2026;10/08/2026;Entregue No Prazo;;Entrega realizada;Entrega Finalizada;12;8;7;8;MVT;26011;;;
MOBIS BRASIL FABRICACAO DE AUTO PECAS LT;RODOVIARIO;1555270;07/08/2026;3;356313;07/08/2026;CAOA MOTOR DO BRASIL LTDA;1,68E+13;TAUBATE;SP;07/08/2026;12/08/2026;10/08/2026;Entregue No Prazo;;Entrega realizada;Entrega Finalizada;12;8;7;8;XD DIADEMA;5008;;;
MOBIS BRASIL FABRICACAO DE AUTO PECAS LT;RODOVIARIO;1555275;07/08/2026;3;356314;07/08/2026;CAOA MOTOR DO BRASIL LTDA;1,68E+13;SANTOS;SP;07/08/2026;12/08/2026;10/08/2026;Entregue No Prazo;;Entrega realizada;Entrega Finalizada;12;8;7;8;XD DIADEMA;5008;;;
MOBIS BRASIL FABRICACAO DE AUTO PECAS LT;RODOVIARIO;1555276;07/08/2026;1;356314;07/08/2026;CAOA MOTOR DO BRASIL LTDA;1,68E+13;SANTOS;SP;07/08/2026;12/08/2026;10/08/2026;Entregue No Prazo;;Entrega realizada;Entrega Finalizada;12;8;7;8;XD DIADEMA;5008;;;
MOBIS BRASIL FABRICACAO DE AUTO PECAS LT;RODOVIARIO;1555710;07/08/2026;9;356449;07/08/2026;BARI VEICULOS LTDA;7,46E+12;CURITIBA;PR;07/08/2026;12/08/2026;10/08/2026;Entregue No Prazo;;Entrega realizada;Entrega Finalizada;12;8;7;8;TRANSTRY;18024;;;
MOBIS BRASIL FABRICACAO DE AUTO PECAS LT;RODOVIARIO;1555840;07/08/2026;70;356515;07/08/2026;NEW VEICULOS E PECAS LTDA;1,59E+13;RIBEIRAO PRETO;SP;07/08/2026;12/08/2026;10/08/2026;Entregue No Prazo;;Entrega realizada;Entrega Finalizada;12;8;7;8;BV LOG;26014;;;
MOBIS BRASIL FABRICACAO DE AUTO PECAS LT;RODOVIARIO;1555224;07/08/2026;3;356461;07/08/2026;LOVAT VEICULOS S/A;8,57E+12;LONDRINA;PR;07/08/2026;13/08/2026;10/08/2026;Entregue No Prazo;;Entrega realizada;Entrega Finalizada;13;8;7;8;TRANSTRY;18008;;;
MOBIS BRASIL FABRICACAO DE AUTO PECAS LT;RODOVIARIO;1555228;07/08/2026;2;356452;07/08/2026;BARI VEICULOS LTDA;7,46E+12;PONTA GROSSA;PR;07/08/2026;13/08/2026;10/08/2026;Entregue No Prazo;;Entrega realizada;Entrega Finalizada;13;8;7;8;TRANSTRY;18024;;;
MOBIS BRASIL FABRICACAO DE AUTO PECAS LT;RODOVIARIO;1555229;07/08/2026;4;356451;07/08/2026;BARI VEICULOS LTDA;7,46E+12;SAO JOSE DOS PINHAIS;PR;07/08/2026;13/08/2026;10/08/2026;Entregue No Prazo;;Entrega realizada;Entrega Finalizada;13;8;7;8;TRANSTRY;18024;;;
MOBIS BRASIL FABRICACAO DE AUTO PECAS LT;RODOVIARIO;1555256;07/08/2026;1;356380;07/08/2026;HYMAX DISTRIBUIDORA DE VEICULOS LTDA;1,73E+13;MOGI GUACU;SP;07/08/2026;13/08/2026;10/08/2026;Entregue No Prazo;;Entrega realizada;Entrega Finalizada;13;8;7;8;MVT;26002;;;
MOBIS BRASIL FABRICACAO DE AUTO PECAS LT;RODOVIARIO;1555257;07/08/2026;1;356380;07/08/2026;HYMAX DISTRIBUIDORA DE VEICULOS LTDA;1,73E+13;MOGI GUACU;SP;07/08/2026;13/08/2026;10/08/2026;Entregue No Prazo;;Entrega realizada;Entrega Finalizada;13;8;7;8;MVT;26002;;;
MOBIS BRASIL FABRICACAO DE AUTO PECAS LT;RODOVIARIO;1555266;07/08/2026;1;356379;07/08/2026;H R B COMERCIO DE VEICULOS LTDA;1,82E+13;SAO JOSE DO RIO PRETO;SP;07/08/2026;13/08/2026;10/08/2026;Entregue No Prazo;;Entrega realizada;Entrega Finalizada;13;8;7;8;MVT;26050;;;
MOBIS BRASIL FABRICACAO DE AUTO PECAS LT;RODOVIARIO;1555267;07/08/2026;9;356379;07/08/2026;H R B COMERCIO DE VEICULOS LTDA;1,82E+13;SAO JOSE DO RIO PRETO;SP;07/08/2026;13/08/2026;10/08/2026;Entregue No Prazo;;Entrega realizada;Entrega Finalizada;13;8;7;8;MVT;26050;;;
MOBIS BRASIL FABRICACAO DE AUTO PECAS LT;RODOVIARIO;1555274;07/08/2026;1;356315;07/08/2026;CAOA MOTOR DO BRASIL LTDA;1,68E+13;PRAIA GRANDE;SP;07/08/2026;13/08/2026;10/08/2026;Entregue No Prazo;;Entrega realizada;Entrega Finalizada;13;8;7;8;XD DIADEMA;5008;;;
MOBIS BRASIL FABRICACAO DE AUTO PECAS LT;RODOVIARIO;1555278;07/08/2026;3;356378;07/08/2026;H - CAMINHO AUTOMOVEIS LTDA;2,53E+13;PIRACICABA;SP;07/08/2026;13/08/2026;10/08/2026;Entregue No Prazo;;Entrega realizada;Entrega Finalizada;13;8;7;8;MVT;26092;;;
MOBIS BRASIL FABRICACAO DE AUTO PECAS LT;RODOVIARIO;1555280;07/08/2026;3;356381;07/08/2026;NEW VEICULOS E PECAS LTDA;1,59E+13;BARRETOS;SP;07/08/2026;13/08/2026;10/08/2026;Entregue No Prazo;;Entrega realizada;Entrega Finalizada;13;8;7;8;MVT;26014;;;
MOBIS BRASIL FABRICACAO DE AUTO PECAS LT;RODOVIARIO;1555225;07/08/2026;4;356463;07/08/2026;SANTA FE VEICULOS LTDA.;1,16E+13;FRANCISCO BELTRAO;PR;07/08/2026;14/08/2026;10/08/2026;Entregue No Prazo;;Entrega realizada;Entrega Finalizada;14;8;7;8;TRANSTRY;18010;;;
MOBIS BRASIL FABRICACAO DE AUTO PECAS LT;RODOVIARIO;1555250;07/08/2026;2;356462;07/08/2026;LR COMERCIO DE VEICULOS LTDA;1,05E+13;SAO JOSE;SC;07/08/2026;14/08/2026;10/08/2026;Entregue No Prazo;;Entrega realizada;Entrega Finalizada;14;8;7;8;TRANSTRY;24007;;;
MOBIS BRASIL FABRICACAO DE AUTO PECAS LT;RODOVIARIO;1555251;07/08/2026;5;356450;07/08/2026;BARI VEICULOS LTDA;7,46E+12;BLUMENAU;SC;07/08/2026;14/08/2026;10/08/2026;Entregue No Prazo;;Entrega realizada;Entrega Finalizada;14;8;7;8;TRANSTRY;18024;;;
MOBIS BRASIL FABRICACAO DE AUTO PECAS LT;RODOVIARIO;1555252;07/08/2026;4;356450;07/08/2026;BARI VEICULOS LTDA;7,46E+12;BLUMENAU;SC;07/08/2026;14/08/2026;10/08/2026;Entregue No Prazo;;Entrega realizada;Entrega Finalizada;14;8;7;8;TRANSTRY;18024;;;
MOBIS BRASIL FABRICACAO DE AUTO PECAS LT;RODOVIARIO;1555253;07/08/2026;1;356453;07/08/2026;BARI VEICULOS LTDA;7,46E+12;BALNEARIO CAMBORIU;SC;07/08/2026;17/08/2026;10/08/2026;Entregue No Prazo;;Entrega realizada;Entrega Finalizada;17;8;7;8;TRANSTRY;18024;Adesão do Ceará à Independência do Brasil;Estadual;CE
MOBIS BRASIL FABRICACAO DE AUTO PECAS LT;RODOVIARIO;1555259;07/08/2026;1;356550;10/08/2026;ANDRETA II DISTRIBUIDORA DE VEIC. LTDA;9,10E+12;CAMPINAS;SP;10/08/2026;13/08/2026;10/08/2026;Entregue No Prazo;;Entrega realizada;Entrega Finalizada;13;8;10;8;BV LOG;26011;;;
MOBIS BRASIL FABRICACAO DE AUTO PECAS LT;RODOVIARIO;1555260;07/08/2026;37;356550;10/08/2026;ANDRETA II DISTRIBUIDORA DE VEIC. LTDA;9,10E+12;CAMPINAS;SP;10/08/2026;13/08/2026;10/08/2026;Entregue No Prazo;;Entrega realizada;Entrega Finalizada;13;8;10;8;BV LOG;26011;;;
MOBIS BRASIL FABRICACAO DE AUTO PECAS LT;RODOVIARIO;1543939;17/07/2026;1;352716;17/07/2026;CAOA MOTOR DO BRASIL LTDA(VL LEOPOLDINA);1,68E+13;SAO PAULO;SP;17/07/2026;21/07/2026;11/08/2026;Entregue Fora do Prazo;;Entrega realizada;Entrega Finalizada;21;7;17;7;XD DIADEMA;26028;;;
MOBIS BRASIL FABRICACAO DE AUTO PECAS LT;RODOVIARIO;1544686;20/07/2026;2;353067;20/07/2026;AUTORAC VEICULOS LTDA;1,06E+13;CARUARU;PE;20/07/2026;05/08/2026;11/08/2026;Entregue Fora do Prazo;;Entrega realizada;Entrega Finalizada;5;8;20;7;TERMACO;16001;Fundação do Estado da Paraíba;Estadual;PB
MOBIS BRASIL FABRICACAO DE AUTO PECAS LT;RODOVIARIO;1545453;21/07/2026;3;353266;21/07/2026;MISO VEICULOS LTDA;1,85E+13;MACAPA;AP;21/07/2026;11/08/2026;11/08/2026;Entregue No Prazo;;Entrega realizada;Entrega Finalizada;11;8;21;7;CARVALIMA;4001;Criação da Capitania de SC;Estadual;SC
MOBIS BRASIL FABRICACAO DE AUTO PECAS LT;RODOVIARIO;1546896;23/07/2026;6;353706;23/07/2026;MISO VEICULOS LTDA;1,85E+13;MACAPA;AP;23/07/2026;13/08/2026;11/08/2026;Entregue No Prazo;;Entrega realizada;Entrega Finalizada;13;8;23;7;CARVALIMA;4001;;;
MOBIS BRASIL FABRICACAO DE AUTO PECAS LT;RODOVIARIO;1549289;28/07/2026;4;354355;28/07/2026;AUTORAC VEICULOS LTDA;1,06E+13;CARUARU;PE;28/07/2026;13/08/2026;11/08/2026;Entregue No Prazo;;Entrega realizada;Entrega Finalizada;13;8;28;7;TERMACO;16001;;;
MOBIS BRASIL FABRICACAO DE AUTO PECAS LT;RODOVIARIO;1549290;28/07/2026;2;354361;28/07/2026;JPN COMERCIO DE AUTOMOVEIS LTDA;2,61E+13;GARANHUNS;PE;28/07/2026;13/08/2026;11/08/2026;Entregue No Prazo;;Entrega realizada;Entrega Finalizada;13;8;28;7;TERMACO;16009;;;
MOBIS BRASIL FABRICACAO DE AUTO PECAS LT;RODOVIARIO;1550186;29/07/2026;11;354640;29/07/2026;SAINT LAND COMERCIO DE VEICULOS LTDA;1,04E+13;NATAL;RN;29/07/2026;13/08/2026;11/08/2026;Entregue No Prazo;;Entrega realizada;Entrega Finalizada;13;8;29;7;TERMACO;6010;;;
MOBIS BRASIL FABRICACAO DE AUTO PECAS LT;RODOVIARIO;1550168;29/07/2026;2;354626;29/07/2026;JPN COMERCIO DE AUTOMOVEIS LTDA;2,61E+13;GARANHUNS;PE;29/07/2026;14/08/2026;11/08/2026;Entregue No Prazo;;Entrega realizada;Entrega Finalizada;14;8;29;7;TERMACO;16009;;;
MOBIS BRASIL FABRICACAO DE AUTO PECAS LT;RODOVIARIO;1550567;29/07/2026;1;354931;30/07/2026;ORVEL AUTOMOTOR HYD LTDA;2,52E+13;TEIXEIRA DE FREITAS;BA;30/07/2026;14/08/2026;11/08/2026;Entregue No Prazo;;Entrega realizada;Entrega Finalizada;14;8;30;7;TERMACO;5011;;;
MOBIS BRASIL FABRICACAO DE AUTO PECAS LT;RODOVIARIO;1550568;29/07/2026;1;354929;30/07/2026;MASTER COMERCIAL DE VEICULOS LTDA;2,85E+13;BARREIRAS;BA;30/07/2026;14/08/2026;11/08/2026;Entregue No Prazo;;Entrega realizada;Entrega Finalizada;14;8;30;7;TERMACO;5012;;;
MOBIS BRASIL FABRICACAO DE AUTO PECAS LT;RODOVIARIO;1550599;29/07/2026;6;354934;30/07/2026;PATEO COMERCIO DE VEICULOS S A;7,78E+12;RECIFE;PE;30/07/2026;14/08/2026;11/08/2026;Entregue No Prazo;;Entrega realizada;Entrega Finalizada;14;8;30;7;TERMACO;16004;;;
MOBIS BRASIL FABRICACAO DE AUTO PECAS LT;RODOVIARIO;1550595;29/07/2026;4;354915;30/07/2026;CAOA MOTOR DO BRASIL LTDA;1,68E+13;CAMPINA GRANDE;PB;30/07/2026;17/08/2026;11/08/2026;Entregue No Prazo;;Entrega realizada;Entrega Finalizada;17;8;30;7;TERMACO;5008;Adesão do Ceará à Independência do Brasil;Estadual;CE
MOBIS BRASIL FABRICACAO DE AUTO PECAS LT;RODOVIARIO;1550597;29/07/2026;7;354928;30/07/2026;JPN PATOS COMERCIO DE VEICULOS LTDA;4,20E+13;PATOS;PB;30/07/2026;17/08/2026;11/08/2026;Entregue No Prazo;;Entrega realizada;Entrega Finalizada;17;8;30;7;TERMACO;15004;Adesão do Ceará à Independência do Brasil;Estadual;CE
MOBIS BRASIL FABRICACAO DE AUTO PECAS LT;RODOVIARIO;1550600;29/07/2026;1;354914;30/07/2026;AUTORAC VEICULOS LTDA;1,06E+13;PETROLINA;PE;30/07/2026;17/08/2026;11/08/2026;Entregue No Prazo;;Entrega realizada;Entrega Finalizada;17;8;30;7;TERMACO;16001;Adesão do Ceará à Independência do Brasil;Estadual;CE
MOBIS BRASIL FABRICACAO DE AUTO PECAS LT;RODOVIARIO;1550601;29/07/2026;9;354914;30/07/2026;AUTORAC VEICULOS LTDA;1,06E+13;PETROLINA;PE;30/07/2026;17/08/2026;11/08/2026;Entregue No Prazo;;Entrega realizada;Entrega Finalizada;17;8;30;7;TERMACO;16001;Adesão do Ceará à Independência do Brasil;Estadual;CE
MOBIS BRASIL FABRICACAO DE AUTO PECAS LT;RODOVIARIO;1550602;29/07/2026;1;354925;30/07/2026;GREEN CITY VEICULOS LTDA;2,10E+13;TERESINA;PI;30/07/2026;17/08/2026;11/08/2026;Entregue No Prazo;;Entrega realizada;Entrega Finalizada;17;8;30;7;TERMACO;17002;Adesão do Ceará à Independência do Brasil;Estadual;CE
MOBIS BRASIL FABRICACAO DE AUTO PECAS LT;RODOVIARIO;1551328;30/07/2026;1;355218;31/07/2026;URCA MOTORS VEICULOS LTDA;8,77E+12;RIO VERDE;GO;31/07/2026;12/08/2026;11/08/2026;Entregue No Prazo;;Entrega realizada;Entrega Finalizada;12;8;31;7;RIO VERMELHO;9014;;;
MOBIS BRASIL FABRICACAO DE AUTO PECAS LT;RODOVIARIO;1551329;30/07/2026;6;355217;31/07/2026;URCA MOTORS VEICULOS LTDA;8,77E+12;ITUMBIARA;GO;31/07/2026;12/08/2026;11/08/2026;Entregue No Prazo;;Entrega realizada;Entrega Finalizada;12;8;31;7;RIO VERMELHO;9014;;;
MOBIS BRASIL FABRICACAO DE AUTO PECAS LT;RODOVIARIO;1551316;30/07/2026;1;355272;31/07/2026;ORVEL AUTOMOTOR HYD LTDA;2,52E+13;TEIXEIRA DE FREITAS;BA;31/07/2026;17/08/2026;11/08/2026;Entregue No Prazo;;Entrega realizada;Entrega Finalizada;17;8;31;7;TERMACO;5011;Adesão do Ceará à Independência do Brasil;Estadual;CE
MOBIS BRASIL FABRICACAO DE AUTO PECAS LT;RODOVIARIO;1551348;30/07/2026;24;355273;31/07/2026;PATEO COMERCIO DE VEICULOS S A;7,78E+12;RECIFE;PE;31/07/2026;17/08/2026;11/08/2026;Entregue No Prazo;;Entrega realizada;Entrega Finalizada;17;8;31;7;TERMACO;16004;Adesão do Ceará à Independência do Brasil;Estadual;CE
MOBIS BRASIL FABRICACAO DE AUTO PECAS LT;RODOVIARIO;1551993;31/07/2026;7;355540;03/08/2026;SAGA KOREA COM. DE VEIC. E PC. LTDA;1,27E+13;GOIANIA;GO;03/08/2026;11/08/2026;11/08/2026;Entregue No Prazo;;Entrega realizada;Entrega Finalizada;11;8;3;8;RIO VERMELHO;9009;Criação da Capitania de SC;Estadual;SC
MOBIS BRASIL FABRICACAO DE AUTO PECAS LT;RODOVIARIO;1551980;31/07/2026;7;355584;03/08/2026;PATEO COMERCIO DE VEICULOS S A;7,78E+12;SALVADOR;BA;03/08/2026;13/08/2026;11/08/2026;Entregue No Prazo;;Entrega realizada;Entrega Finalizada;13;8;3;8;TERMACO;5003;;;
MOBIS BRASIL FABRICACAO DE AUTO PECAS LT;RODOVIARIO;1551981;31/07/2026;11;355584;03/08/2026;PATEO COMERCIO DE VEICULOS S A;7,78E+12;SALVADOR;BA;03/08/2026;13/08/2026;11/08/2026;Entregue No Prazo;;Entrega realizada;Entrega Finalizada;13;8;3;8;TERMACO;5003;;;
MOBIS BRASIL FABRICACAO DE AUTO PECAS LT;RODOVIARIO;1552009;31/07/2026;2;355568;03/08/2026;UNIQUE COMERCIO DE AUTOMOVEIS LTDA;1,74E+13;ANANINDEUA;PA;03/08/2026;14/08/2026;11/08/2026;Entregue No Prazo;;Entrega realizada;Entrega Finalizada;14;8;3;8;CARVALIMA;14003;;;
MOBIS BRASIL FABRICACAO DE AUTO PECAS LT;RODOVIARIO;1552010;31/07/2026;1;355548;03/08/2026;CAOA MOTOR DO BRASIL LTDA;1,68E+13;BELEM;PA;03/08/2026;14/08/2026;11/08/2026;Entregue No Prazo;;Entrega realizada;Entrega Finalizada;14;8;3;8;CARVALIMA;5008;;;
MOBIS BRASIL FABRICACAO DE AUTO PECAS LT;RODOVIARIO;1552011;31/07/2026;1;355548;03/08/2026;CAOA MOTOR DO BRASIL LTDA;1,68E+13;BELEM;PA;03/08/2026;14/08/2026;11/08/2026;Entregue No Prazo;;Entrega realizada;Entrega Finalizada;14;8;3;8;CARVALIMA;5008;;;
MOBIS BRASIL FABRICACAO DE AUTO PECAS LT;RODOVIARIO;1552040;31/07/2026;13;355559;03/08/2026;SAGA ASIA COM. DE VEIC.PC.E SERV. LTDA;2,14E+13;PORTO VELHO;RO;03/08/2026;14/08/2026;11/08/2026;Entregue No Prazo;Avaria;Entrega realizada;Entrega Finalizada;14;8;3;8;CARVALIMA;21003;;;
MOBIS BRASIL FABRICACAO DE AUTO PECAS LT;RODOVIARIO;1551996;31/07/2026;1;355533;03/08/2026;NASA MOTORS LTDA.;2,65E+13;SAO LUIS DE MONTES BELOS;GO;03/08/2026;17/08/2026;11/08/2026;Entregue No Prazo;;Entrega realizada;Entrega Finalizada;17;8;3;8;RIO VERMELHO;9016;Adesão do Ceará à Independência do Brasil;Estadual;CE
MOBIS BRASIL FABRICACAO DE AUTO PECAS LT;RODOVIARIO;1551979;31/07/2026;4;355572;03/08/2026;AIKON VEICULOS LTDA;1,17E+13;VITORIA DA CONQUISTA;BA;03/08/2026;18/08/2026;11/08/2026;Entregue No Prazo;;Entrega realizada;Entrega Finalizada;18;8;3;8;TERMACO;5002;;;
MOBIS BRASIL FABRICACAO DE AUTO PECAS LT;RODOVIARIO;1551983;31/07/2026;1;355582;03/08/2026;ORVEL AUTOMOTOR HYD LTDA;2,52E+13;TEIXEIRA DE FREITAS;BA;03/08/2026;18/08/2026;11/08/2026;Entregue No Prazo;;Entrega realizada;Entrega Finalizada;18;8;3;8;TERMACO;5011;;;
MOBIS BRASIL FABRICACAO DE AUTO PECAS LT;RODOVIARIO;1552016;31/07/2026;1;355583;03/08/2026;PATEO COMERCIO DE VEICULOS S A;7,78E+12;RECIFE;PE;03/08/2026;18/08/2026;11/08/2026;Entregue No Prazo;;Entrega realizada;Entrega Finalizada;18;8;3;8;TERMACO;16004;;;
MOBIS BRASIL FABRICACAO DE AUTO PECAS LT;RODOVIARIO;1552017;31/07/2026;30;355583;03/08/2026;PATEO COMERCIO DE VEICULOS S A;7,78E+12;RECIFE;PE;03/08/2026;18/08/2026;11/08/2026;Entregue No Prazo;;Entrega realizada;Entrega Finalizada;18;8;3;8;TERMACO;16004;;;
MOBIS BRASIL FABRICACAO DE AUTO PECAS LT;RODOVIARIO;1551985;31/07/2026;1;355588;03/08/2026;SAINT LAND COMERCIO DE VEICULOS LTDA;1,04E+13;JUAZEIRO DO NORTE;CE;03/08/2026;19/08/2026;11/08/2026;Entregue No Prazo;;Entrega realizada;Entrega Finalizada;19;8;3;8;TERMACO;6010;;;
MOBIS BRASIL FABRICACAO DE AUTO PECAS LT;RODOVIARIO;1552979;04/08/2026;1;355847;04/08/2026;VETOR AUTOMOVEIS LTDA;2,12E+13;CASCAVEL;PR;04/08/2026;10/08/2026;11/08/2026;Entregue Fora do Prazo;;Entrega realizada;Entrega Finalizada;10;8;4;8;TRANSTRY;18019;;;
MOBIS BRASIL FABRICACAO DE AUTO PECAS LT;RODOVIARIO;1552977;04/08/2026;1;355846;04/08/2026;SANTA FE VEICULOS LTDA.;1,16E+13;FRANCISCO BELTRAO;PR;04/08/2026;11/08/2026;11/08/2026;Entregue No Prazo;;Entrega realizada;Entrega Finalizada;11;8;4;8;TRANSTRY;18010;Criação da Capitania de SC;Estadual;SC
MOBIS BRASIL FABRICACAO DE AUTO PECAS LT;RODOVIARIO;1552978;04/08/2026;3;355848;04/08/2026;ZENDAI VEICULOS LTDA;1,97E+13;TOLEDO;PR;04/08/2026;11/08/2026;11/08/2026;Entregue No Prazo;;Entrega realizada;Entrega Finalizada;11;8;4;8;TRANSTRY;18016;Criação da Capitania de SC;Estadual;SC
MOBIS BRASIL FABRICACAO DE AUTO PECAS LT;RODOVIARIO;1552951;04/08/2026;5;355812;04/08/2026;PRIME CACHOEIRO VEICULOS LTDA;9,34E+12;CACHOEIRO DE ITAPEMIRIM;ES;04/08/2026;12/08/2026;11/08/2026;Entregue No Prazo;;Entrega realizada;Entrega Finalizada;12;8;4;8;CAMILO;8004;;;
MOBIS BRASIL FABRICACAO DE AUTO PECAS LT;RODOVIARIO;1552953;04/08/2026;2;355778;04/08/2026;NISA COMERCIAL DE VEIC. AUTOMOTORES LTDA;1,03E+13;APARECIDA DE GOIANIA;GO;04/08/2026;12/08/2026;11/08/2026;Entregue No Prazo;;Entrega realizada;Entrega Finalizada;12;8;4;8;RIO VERMELHO;9002;;;
MOBIS BRASIL FABRICACAO DE AUTO PECAS LT;RODOVIARIO;1552954;04/08/2026;1;355778;04/08/2026;NISA COMERCIAL DE VEIC. AUTOMOTORES LTDA;1,03E+13;APARECIDA DE GOIANIA;GO;04/08/2026;12/08/2026;11/08/2026;Entregue No Prazo;;Entrega realizada;Entrega Finalizada;12;8;4;8;RIO VERMELHO;9002;;;
MOBIS BRASIL FABRICACAO DE AUTO PECAS LT;RODOVIARIO;1552955;04/08/2026;98;355782;04/08/2026;SAGA KOREA COM. DE VEIC. E PC. LTDA;1,27E+13;GOIANIA;GO;04/08/2026;12/08/2026;11/08/2026;Entregue No Prazo;;Entrega realizada;Entrega Finalizada;12;8;4;8;RIO VERMELHO;9011;;;
MOBIS BRASIL FABRICACAO DE AUTO PECAS LT;RODOVIARIO;1552940;04/08/2026;1;355809;04/08/2026;PATEO COMERCIO DE VEICULOS S A;7,78E+12;SALVADOR;BA;04/08/2026;14/08/2026;11/08/2026;Entregue No Prazo;;Entrega realizada;Entrega Finalizada;14;8;4;8;TERMACO;5003;;;
MOBIS BRASIL FABRICACAO DE AUTO PECAS LT;RODOVIARIO;1552971;04/08/2026;15;355825;04/08/2026;UNIQUE COMERCIO DE AUTOMOVEIS LTDA;1,74E+13;ANANINDEUA;PA;04/08/2026;17/08/2026;11/08/2026;Entregue No Prazo;;Entrega realizada;Entrega Finalizada;17;8;4;8;CARVALIMA;14003;Adesão do Ceará à Independência do Brasil;Estadual;CE
MOBIS BRASIL FABRICACAO DE AUTO PECAS LT;RODOVIARIO;1552991;04/08/2026;4;355797;04/08/2026;COMETA RONDONIA COMERCIO DE VEICULO;4,23E+12;VILHENA;RO;04/08/2026;17/08/2026;11/08/2026;Entregue No Prazo;;Entrega realizada;Entrega Finalizada;17;8;4;8;CARVALIMA;#N/D;Adesão do Ceará à Independência do Brasil;Estadual;CE
MOBIS BRASIL FABRICACAO DE AUTO PECAS LT;RODOVIARIO;1552945;04/08/2026;9;355799;04/08/2026;FAZZA MOTORS COM. DE VEICULOS LTDA;1,24E+13;FORTALEZA;CE;04/08/2026;18/08/2026;11/08/2026;Entregue No Prazo;;Entrega realizada;Entrega Finalizada;18;8;4;8;TERMACO;6001;;;
MOBIS BRASIL FABRICACAO DE AUTO PECAS LT;RODOVIARIO;1552942;04/08/2026;1;355788;04/08/2026;AIKON VEICULOS LTDA;1,17E+13;ITABUNA;BA;04/08/2026;19/08/2026;11/08/2026;Entregue No Prazo;;Entrega realizada;Entrega Finalizada;19;8;4;8;TERMACO;5002;;;
MOBIS BRASIL FABRICACAO DE AUTO PECAS LT;RODOVIARIO;1552990;04/08/2026;2;355793;04/08/2026;COMETA JI PARANA COM. DE VEIC. LTDA;4,23E+12;JIPARANA;RO;04/08/2026;21/08/2026;11/08/2026;Entregue No Prazo;Avaria;Entrega realizada;Entrega Finalizada;21;8;4;8;CARVALIMA;21002;;;
MOBIS BRASIL FABRICACAO DE AUTO PECAS LT;RODOVIARIO;1553773;05/08/2026;62;356051;05/08/2026;SEVEC VEICULOS LTDA;5,68E+11;CURITIBA;PR;05/08/2026;10/08/2026;11/08/2026;Entregue Fora do Prazo;;Entrega realizada;Entrega Finalizada;10;8;5;8;TRANSTRY;18012;;;
MOBIS BRASIL FABRICACAO DE AUTO PECAS LT;RODOVIARIO;1553783;05/08/2026;6;356003;05/08/2026;CAOA MOTOR DO BRASIL LTDA;1,68E+13;RIO DE JANEIRO;RJ;05/08/2026;11/08/2026;11/08/2026;Entregue No Prazo;;Entrega realizada;Entrega Finalizada;11;8;5;8;CAMILO;5008;Criação da Capitania de SC;Estadual;SC
MOBIS BRASIL FABRICACAO DE AUTO PECAS LT;RODOVIARIO;1553772;05/08/2026;23;356050;05/08/2026;SANTA FE VEICULOS LTDA.;1,16E+13;FRANCISCO BELTRAO;PR;05/08/2026;12/08/2026;11/08/2026;Entregue No Prazo;;Entrega realizada;Entrega Finalizada;12;8;5;8;TRANSTRY;18010;;;
MOBIS BRASIL FABRICACAO DE AUTO PECAS LT;RODOVIARIO;1553788;05/08/2026;5;356042;05/08/2026;GALA COMERCIO DE VEICULOS LTDA.;1,77E+13;PELOTAS;RS;05/08/2026;12/08/2026;11/08/2026;Entregue No Prazo;;Entrega realizada;Entrega Finalizada;12;8;5;8;TRANSTRY;23009;;;
MOBIS BRASIL FABRICACAO DE AUTO PECAS LT;RODOVIARIO;1553791;05/08/2026;12;356033;05/08/2026;ATUAL VEICULOS LTDA;1,33E+13;ARARANGUA;SC;05/08/2026;12/08/2026;11/08/2026;Entregue No Prazo;;Entrega realizada;Entrega Finalizada;12;8;5;8;TRANSTRY;24001;;;
MOBIS BRASIL FABRICACAO DE AUTO PECAS LT;RODOVIARIO;1553798;05/08/2026;4;356041;05/08/2026;CHINHAN AUTOMOVEIS LTDA.;2,41E+13;CACADOR;SC;05/08/2026;14/08/2026;11/08/2026;Entregue No Prazo;;Entrega realizada;Entrega Finalizada;14;8;5;8;TRANSTRY;24020;;;
MOBIS BRASIL FABRICACAO DE AUTO PECAS LT;RODOVIARIO;1553742;05/08/2026;1;356009;05/08/2026;FAZZA MOTORS COM. DE VEICULOS LTDA;1,24E+13;FORTALEZA;CE;05/08/2026;19/08/2026;11/08/2026;Entregue No Prazo;;Entrega realizada;Entrega Finalizada;19;8;5;8;TERMACO;6001;;;
MOBIS BRASIL FABRICACAO DE AUTO PECAS LT;RODOVIARIO;1553764;05/08/2026;1;356018;05/08/2026;NACIONAL NOVA MARABA DIST DE VEIC. LTDA;1,70E+13;MARABA;PA;05/08/2026;19/08/2026;11/08/2026;Entregue No Prazo;;Entrega realizada;Entrega Finalizada;19;8;5;8;CARVALIMA;14005;;;
MOBIS BRASIL FABRICACAO DE AUTO PECAS LT;RODOVIARIO;1554534;06/08/2026;1;356200;06/08/2026;ITAVEMA MOTORS VEICULOS LTDA;7,73E+12;DUQUE DE CAXIAS;RJ;06/08/2026;12/08/2026;11/08/2026;Entregue No Prazo;;Entrega realizada;Entrega Finalizada;12;8;6;8;CAMILO;19001;;;
MOBIS BRASIL FABRICACAO DE AUTO PECAS LT;RODOVIARIO;1554535;06/08/2026;3;356200;06/08/2026;ITAVEMA MOTORS VEICULOS LTDA;7,73E+12;DUQUE DE CAXIAS;RJ;06/08/2026;12/08/2026;11/08/2026;Entregue No Prazo;;Entrega realizada;Entrega Finalizada;12;8;6;8;CAMILO;19001;;;
MOBIS BRASIL FABRICACAO DE AUTO PECAS LT;RODOVIARIO;1554536;06/08/2026;32;356201;06/08/2026;ITAVEMA MOTORS VEICULOS LTDA;7,73E+12;RIO DE JANEIRO;RJ;06/08/2026;12/08/2026;11/08/2026;Entregue No Prazo;;Entrega realizada;Entrega Finalizada;12;8;6;8;CAMILO;19001;;;
MOBIS BRASIL FABRICACAO DE AUTO PECAS LT;RODOVIARIO;1554541;06/08/2026;9;356231;06/08/2026;HOUSE PARTS - COM. DE PECAS E VEIC. LTDA;1,15E+13;PORTO ALEGRE;RS;06/08/2026;12/08/2026;11/08/2026;Entregue No Prazo;;Entrega realizada;Entrega Finalizada;12;8;6;8;TRANSTRY;23004;;;
MOBIS BRASIL FABRICACAO DE AUTO PECAS LT;RODOVIARIO;1554569;06/08/2026;1;356244;06/08/2026;DHC COMERCIO DE VEICULOS E PECAS LTDA;9,52E+12;BOTUCATU;SP;06/08/2026;12/08/2026;11/08/2026;Entregue No Prazo;;Entrega realizada;Entrega Finalizada;12;8;6;8;MVT;26010;;;
MOBIS BRASIL FABRICACAO DE AUTO PECAS LT;RODOVIARIO;1554529;06/08/2026;6;356236;06/08/2026;SANTA FE VEICULOS LTDA.;1,16E+13;FRANCISCO BELTRAO;PR;06/08/2026;13/08/2026;11/08/2026;Entregue No Prazo;;Entrega realizada;Entrega Finalizada;13;8;6;8;TRANSTRY;18010;;;
MOBIS BRASIL FABRICACAO DE AUTO PECAS LT;RODOVIARIO;1554533;06/08/2026;3;356238;06/08/2026;VETOR AUTOMOVEIS LTDA;2,12E+13;FOZ DO IGUACU;PR;06/08/2026;13/08/2026;11/08/2026;Entregue No Prazo;;Entrega realizada;Entrega Finalizada;13;8;6;8;TRANSTRY;18019;;;
MOBIS BRASIL FABRICACAO DE AUTO PECAS LT;RODOVIARIO;1554538;06/08/2026;1;356204;06/08/2026;MONTREAL VEICULOS E PECAS LTDA;1,68E+13;SAO PEDRO DA ALDEIA;RJ;06/08/2026;13/08/2026;11/08/2026;Entregue No Prazo;;Entrega realizada;Entrega Finalizada;13;8;6;8;CAMILO;19030;;;
MOBIS BRASIL FABRICACAO DE AUTO PECAS LT;RODOVIARIO;1554545;06/08/2026;3;356223;06/08/2026;ATUAL VEICULOS LTDA;1,33E+13;ARARANGUA;SC;06/08/2026;13/08/2026;11/08/2026;Entregue No Prazo;;Entrega realizada;Entrega Finalizada;13;8;6;8;TRANSTRY;24001;;;
MOBIS BRASIL FABRICACAO DE AUTO PECAS LT;RODOVIARIO;1554499;06/08/2026;2;356211;06/08/2026;PRIME CACHOEIRO VEICULOS LTDA;9,34E+12;LINHARES;ES;06/08/2026;14/08/2026;11/08/2026;Entregue No Prazo;;Entrega realizada;Entrega Finalizada;14;8;6;8;CAMILO;8004;;;
MOBIS BRASIL FABRICACAO DE AUTO PECAS LT;RODOVIARIO;1554511;06/08/2026;1;356197;06/08/2026;GOLDEN MOTORS VEICULOS LTDA;3,62E+12;DOURADOS;MS;06/08/2026;14/08/2026;11/08/2026;Entregue No Prazo;;Entrega realizada;Entrega Finalizada;14;8;6;8;CARVALIMA;12001;;;
MOBIS BRASIL FABRICACAO DE AUTO PECAS LT;RODOVIARIO;1554543;06/08/2026;2;356232;06/08/2026;HOUSE PARTS - COM. DE PECAS E VEIC. LTDA;1,15E+13;LAJEADO;RS;06/08/2026;14/08/2026;11/08/2026;Entregue No Prazo;;Entrega realizada;Entrega Finalizada;14;8;6;8;TRANSTRY;23018;;;
MOBIS BRASIL FABRICACAO DE AUTO PECAS LT;RODOVIARIO;1554515;06/08/2026;1;356213;06/08/2026;SAGA ASIA COM. DE VEIC.PC.E SERV. LTDA;2,23E+13;VARZEA GRANDE;MT;06/08/2026;17/08/2026;11/08/2026;Entregue No Prazo;;Entrega realizada;Entrega Finalizada;17;8;6;8;CARVALIMA;13004;Adesão do Ceará à Independência do Brasil;Estadual;CE
MOBIS BRASIL FABRICACAO DE AUTO PECAS LT;RODOVIARIO;1554516;06/08/2026;16;356213;06/08/2026;SAGA ASIA COM. DE VEIC.PC.E SERV. LTDA;2,23E+13;VARZEA GRANDE;MT;06/08/2026;17/08/2026;11/08/2026;Entregue No Prazo;;Entrega realizada;Entrega Finalizada;17;8;6;8;CARVALIMA;13004;Adesão do Ceará à Independência do Brasil;Estadual;CE
MOBIS BRASIL FABRICACAO DE AUTO PECAS LT;RODOVIARIO;1554551;06/08/2026;7;356230;06/08/2026;CHINHAN AUTOMOVEIS LTDA.;2,41E+13;CACADOR;SC;06/08/2026;17/08/2026;11/08/2026;Entregue No Prazo;;Entrega realizada;Entrega Finalizada;17;8;6;8;TRANSTRY;24020;Adesão do Ceará à Independência do Brasil;Estadual;CE
MOBIS BRASIL FABRICACAO DE AUTO PECAS LT;RODOVIARIO;1554514;06/08/2026;1;356193;06/08/2026;COMETA MATO GROSSO COM. DE VEICULOS LTDA;1,54E+13;SINOP;MT;06/08/2026;18/08/2026;11/08/2026;Entregue No Prazo;;Entrega realizada;Entrega Finalizada;18;8;6;8;CARVALIMA;13003;;;
MOBIS BRASIL FABRICACAO DE AUTO PECAS LT;RODOVIARIO;1555262;07/08/2026;4;356320;07/08/2026;CHS MOTORS VEICULOS PECAS E SERV. LTDA.;1,69E+13;SAO PAULO;SP;07/08/2026;11/08/2026;11/08/2026;Entregue No Prazo;;Entrega realizada;Entrega Finalizada;11;8;7;8;XD DIADEMA;26036;Criação da Capitania de SC;Estadual;SC
MOBIS BRASIL FABRICACAO DE AUTO PECAS LT;RODOVIARIO;1555269;07/08/2026;1;356316;07/08/2026;CAOA MOTOR DO BRASIL LTDA (IPIRANGA);1,68E+13;SAO PAULO;SP;07/08/2026;11/08/2026;11/08/2026;Entregue No Prazo;;Entrega realizada;Entrega Finalizada;11;8;7;8;XD DIADEMA;26054;Criação da Capitania de SC;Estadual;SC
MOBIS BRASIL FABRICACAO DE AUTO PECAS LT;RODOVIARIO;1555264;07/08/2026;3;356374;07/08/2026;ANDRETA II DISTRIBUIDORA DE VEIC. LTDA;9,10E+12;INDAIATUBA;SP;07/08/2026;12/08/2026;11/08/2026;Entregue No Prazo;;Entrega realizada;Entrega Finalizada;12;8;7;8;MVT;26011;;;
MOBIS BRASIL FABRICACAO DE AUTO PECAS LT;RODOVIARIO;1555725;07/08/2026;3;356372;07/08/2026;ANDRETA II DISTRIBUIDORA DE VEIC. LTDA;9,10E+12;JUNDIAI;SP;07/08/2026;12/08/2026;11/08/2026;Entregue No Prazo;;Entrega realizada;Entrega Finalizada;12;8;7;8;MVT;26011;;;
MOBIS BRASIL FABRICACAO DE AUTO PECAS LT;RODOVIARIO;1555230;07/08/2026;4;356352;07/08/2026;ITAVEMA MOTORS VEICULOS LTDA;7,73E+12;DUQUE DE CAXIAS;RJ;07/08/2026;13/08/2026;11/08/2026;Entregue No Prazo;;Entrega realizada;Entrega Finalizada;13;8;7;8;CAMILO;19001;;;
MOBIS BRASIL FABRICACAO DE AUTO PECAS LT;RODOVIARIO;1555233;07/08/2026;1;356353;07/08/2026;ITAVEMA MOTORS VEICULOS LTDA;7,73E+12;RIO DE JANEIRO;RJ;07/08/2026;13/08/2026;11/08/2026;Entregue No Prazo;;Entrega realizada;Entrega Finalizada;13;8;7;8;CAMILO;19001;;;
MOBIS BRASIL FABRICACAO DE AUTO PECAS LT;RODOVIARIO;1555234;07/08/2026;22;356353;07/08/2026;ITAVEMA MOTORS VEICULOS LTDA;7,73E+12;RIO DE JANEIRO;RJ;07/08/2026;13/08/2026;11/08/2026;Entregue No Prazo;;Entrega realizada;Entrega Finalizada;13;8;7;8;CAMILO;19001;;;
MOBIS BRASIL FABRICACAO DE AUTO PECAS LT;RODOVIARIO;1555235;07/08/2026;6;356341;07/08/2026;CAOA MOTOR DO BRASIL LTDA;1,68E+13;RIO DE JANEIRO;RJ;07/08/2026;13/08/2026;11/08/2026;Entregue No Prazo;;Entrega realizada;Entrega Finalizada;13;8;7;8;CAMILO;5008;;;
MOBIS BRASIL FABRICACAO DE AUTO PECAS LT;RODOVIARIO;1555241;07/08/2026;1;356460;07/08/2026;HOUSE PARTS - COM. DE PECAS E VEIC. LTDA;1,15E+13;PORTO ALEGRE;RS;07/08/2026;13/08/2026;11/08/2026;Entregue No Prazo;;Entrega realizada;Entrega Finalizada;13;8;7;8;TRANSTRY;23004;;;
MOBIS BRASIL FABRICACAO DE AUTO PECAS LT;RODOVIARIO;1555272;07/08/2026;1;356376;07/08/2026;DHC COMERCIO DE VEICULOS E PECAS LTDA;9,52E+12;JAU;SP;07/08/2026;13/08/2026;11/08/2026;Entregue No Prazo;;Entrega realizada;Entrega Finalizada;13;8;7;8;MVT;26010;;;
MOBIS BRASIL FABRICACAO DE AUTO PECAS LT;RODOVIARIO;1555279;07/08/2026;1;356377;07/08/2026;H - CAMINHO AUTOMOVEIS LTDA;2,53E+13;CATANDUVA;SP;07/08/2026;13/08/2026;11/08/2026;Entregue No Prazo;;Entrega realizada;Entrega Finalizada;13;8;7;8;MVT;26092;;;
MOBIS BRASIL FABRICACAO DE AUTO PECAS LT;RODOVIARIO;1555237;07/08/2026;1;356370;07/08/2026;VIA VR VEICULOS LTDA;1,73E+13;PETROPOLIS;RJ;07/08/2026;14/08/2026;11/08/2026;Entregue No Prazo;;Entrega realizada;Entrega Finalizada;14;8;7;8;CAMILO;19016;;;
MOBIS BRASIL FABRICACAO DE AUTO PECAS LT;RODOVIARIO;1555247;07/08/2026;1;356448;07/08/2026;ATUAL VEICULOS LTDA;1,33E+13;ARARANGUA;SC;07/08/2026;14/08/2026;11/08/2026;Entregue No Prazo;;Entrega realizada;Entrega Finalizada;14;8;7;8;TRANSTRY;24001;;;
MOBIS BRASIL FABRICACAO DE AUTO PECAS LT;RODOVIARIO;1555192;07/08/2026;3;356329;07/08/2026;SMAFF IMPORT VEICULOS LTDA;8,18E+12;BRASILIA;DF;07/08/2026;17/08/2026;11/08/2026;Entregue No Prazo;;Entrega realizada;Entrega Finalizada;17;8;7;8;RIO VERMELHO;7002;Adesão do Ceará à Independência do Brasil;Estadual;CE
MOBIS BRASIL FABRICACAO DE AUTO PECAS LT;RODOVIARIO;1555193;07/08/2026;2;356326;07/08/2026;SAGA KOREA COM. DE VEIC. E PC. LTDA;1,27E+13;BRASILIA;DF;07/08/2026;17/08/2026;11/08/2026;Entregue No Prazo;;Entrega realizada;Entrega Finalizada;17;8;7;8;RIO VERMELHO;7004;Adesão do Ceará à Independência do Brasil;Estadual;CE
MOBIS BRASIL FABRICACAO DE AUTO PECAS LT;RODOVIARIO;1555194;07/08/2026;1;356327;07/08/2026;SAGA KOREA COM. DE VEIC. E PC. LTDA;1,27E+13;BRASILIA;DF;07/08/2026;17/08/2026;11/08/2026;Entregue No Prazo;;Entrega realizada;Entrega Finalizada;17;8;7;8;RIO VERMELHO;7005;Adesão do Ceará à Independência do Brasil;Estadual;CE
MOBIS BRASIL FABRICACAO DE AUTO PECAS LT;RODOVIARIO;1555212;07/08/2026;3;356354;07/08/2026;JPG MOTORS COMERCIO DE VEICULOS LTDA;2,91E+13;CAMPO GRANDE;MS;07/08/2026;17/08/2026;11/08/2026;Entregue No Prazo;;Entrega realizada;Entrega Finalizada;17;8;7;8;CARVALIMA;12005;Adesão do Ceará à Independência do Brasil;Estadual;CE
MOBIS BRASIL FABRICACAO DE AUTO PECAS LT;RODOVIARIO;1555246;07/08/2026;1;356458;07/08/2026;HOUSE PARTS - COM. DE PECAS E VEIC. LTDA;1,15E+13;LAJEADO;RS;07/08/2026;17/08/2026;11/08/2026;Entregue No Prazo;;Entrega realizada;Entrega Finalizada;17;8;7;8;TRANSTRY;23018;Adesão do Ceará à Independência do Brasil;Estadual;CE
MOBIS BRASIL FABRICACAO DE AUTO PECAS LT;RODOVIARIO;1555254;07/08/2026;1;356456;07/08/2026;CHINHAN AUTOMOVEIS LTDA.;2,41E+13;CACADOR;SC;07/08/2026;18/08/2026;11/08/2026;Entregue No Prazo;;Entrega realizada;Entrega Finalizada;18;8;7;8;TRANSTRY;24020;;;
MOBIS BRASIL FABRICACAO DE AUTO PECAS LT;RODOVIARIO;1556104;10/08/2026;1;356526;10/08/2026;CAOA MOTOR DO BRASIL LTDA (VL PRUDENTE);1,68E+13;SAO PAULO;SP;10/08/2026;12/08/2026;11/08/2026;Entregue No Prazo;;Entrega realizada;Entrega Finalizada;12;8;10;8;XD DIADEMA;26051;;;
MOBIS BRASIL FABRICACAO DE AUTO PECAS LT;RODOVIARIO;1556106;10/08/2026;1;356525;10/08/2026;CAOA MOTOR DO BRASIL LTDA;1,68E+13;SAO BERNARDO DO CAMPO;SP;10/08/2026;12/08/2026;11/08/2026;Entregue No Prazo;;Entrega realizada;Entrega Finalizada;12;8;10;8;XD DIADEMA;5008;;;
MOBIS BRASIL FABRICACAO DE AUTO PECAS LT;RODOVIARIO;1555271;07/08/2026;46;356551;10/08/2026;DESTAQUE SEUL DISTR. DE VEIC. E PC. LTDA;2,12E+13;ATIBAIA;SP;10/08/2026;13/08/2026;11/08/2026;Entregue No Prazo;;Entrega realizada;Entrega Finalizada;13;8;10;8;BV LOG;26075;;;
MOBIS BRASIL FABRICACAO DE AUTO PECAS LT;RODOVIARIO;1556054;10/08/2026;1;356732;10/08/2026;SEVEC VEICULOS LTDA;5,68E+11;CURITIBA;PR;10/08/2026;13/08/2026;11/08/2026;Entregue No Prazo;;Entrega realizada;Entrega Finalizada;13;8;10;8;TRANSTRY;18012;;;
MOBIS BRASIL FABRICACAO DE AUTO PECAS LT;RODOVIARIO;1556093;10/08/2026;2;356738;10/08/2026;DHC COMERCIO DE VEICULOS E PECAS LTDA;9,52E+12;BAURU;SP;10/08/2026;13/08/2026;11/08/2026;Entregue No Prazo;;Entrega realizada;Entrega Finalizada;13;8;10;8;MVT;26010;;;
MOBIS BRASIL FABRICACAO DE AUTO PECAS LT;RODOVIARIO;1556097;10/08/2026;40;356744;10/08/2026;NEW VEICULOS E PECAS LTDA;1,59E+13;RIBEIRAO PRETO;SP;10/08/2026;13/08/2026;11/08/2026;Entregue No Prazo;;Entrega realizada;Entrega Finalizada;13;8;10;8;MVT;26014;;;
MOBIS BRASIL FABRICACAO DE AUTO PECAS LT;RODOVIARIO;1556101;10/08/2026;1;356736;10/08/2026;ANDRETA II DISTRIBUIDORA DE VEIC. LTDA;9,10E+12;AMERICANA;SP;10/08/2026;13/08/2026;11/08/2026;Entregue No Prazo;;Entrega realizada;Entrega Finalizada;13;8;10;8;MVT;26011;;;
MOBIS BRASIL FABRICACAO DE AUTO PECAS LT;RODOVIARIO;1556108;10/08/2026;3;356737;10/08/2026;CAOA MOTOR DO BRASIL LTDA;1,68E+13;SAO JOSE DOS CAMPOS;SP;10/08/2026;13/08/2026;11/08/2026;Entregue No Prazo;;Entrega realizada;Entrega Finalizada;13;8;10;8;MVT;5008;;;
MOBIS BRASIL FABRICACAO DE AUTO PECAS LT;RODOVIARIO;1556495;10/08/2026;3;356710;10/08/2026;BARI VEICULOS LTDA;7,46E+12;CURITIBA;PR;10/08/2026;13/08/2026;11/08/2026;Entregue No Prazo;;Entrega realizada;Entrega Finalizada;13;8;10;8;TRANSTRY;18024;;;
MOBIS BRASIL FABRICACAO DE AUTO PECAS LT;RODOVIARIO;1556496;10/08/2026;3;356735;10/08/2026;ANDRETA II DISTRIBUIDORA DE VEIC. LTDA;9,10E+12;JUNDIAI;SP;10/08/2026;13/08/2026;11/08/2026;Entregue No Prazo;;Entrega realizada;Entrega Finalizada;13;8;10;8;MVT;26011;;;
MOBIS BRASIL FABRICACAO DE AUTO PECAS LT;RODOVIARIO;1556058;10/08/2026;2;356714;10/08/2026;BARI VEICULOS LTDA;7,46E+12;SAO JOSE DOS PINHAIS;PR;10/08/2026;14/08/2026;11/08/2026;Entregue No Prazo;;Entrega realizada;Entrega Finalizada;14;8;10;8;TRANSTRY;18024;;;
MOBIS BRASIL FABRICACAO DE AUTO PECAS LT;RODOVIARIO;1556092;10/08/2026;1;356742;10/08/2026;HYMAX DISTRIBUIDORA DE VEICULOS LTDA;1,73E+13;MOGI GUACU;SP;10/08/2026;14/08/2026;11/08/2026;Entregue No Prazo;;Entrega realizada;Entrega Finalizada;14;8;10;8;MVT;26002;;;
MOBIS BRASIL FABRICACAO DE AUTO PECAS LT;RODOVIARIO;1556103;10/08/2026;10;356741;10/08/2026;H R B COMERCIO DE VEICULOS LTDA;1,82E+13;SAO JOSE DO RIO PRETO;SP;10/08/2026;14/08/2026;11/08/2026;Entregue No Prazo;;Entrega realizada;Entrega Finalizada;14;8;10;8;MVT;26050;;;
MOBIS BRASIL FABRICACAO DE AUTO PECAS LT;RODOVIARIO;1556110;10/08/2026;1;356739;10/08/2026;DHC COMERCIO DE VEICULOS E PECAS LTDA;9,52E+12;BOTUCATU;SP;10/08/2026;14/08/2026;11/08/2026;Entregue No Prazo;;Entrega realizada;Entrega Finalizada;14;8;10;8;MVT;26010;;;
MOBIS BRASIL FABRICACAO DE AUTO PECAS LT;RODOVIARIO;1556112;10/08/2026;2;356740;10/08/2026;H - CAMINHO AUTOMOVEIS LTDA;2,53E+13;PIRACICABA;SP;10/08/2026;14/08/2026;11/08/2026;Entregue No Prazo;;Entrega realizada;Entrega Finalizada;14;8;10;8;MVT;26092;;;
MOBIS BRASIL FABRICACAO DE AUTO PECAS LT;RODOVIARIO;1556098;10/08/2026;3;356748;11/08/2026;BILLY DISTRIBUIDORA DE VEICULOS LTDA;1,34E+13;SAO CAETANO DO SUL;SP;11/08/2026;13/08/2026;11/08/2026;Entregue No Prazo;;Entrega realizada;Entrega Finalizada;13;8;11;8;BV LOG;26003;;;
MOBIS BRASIL FABRICACAO DE AUTO PECAS LT;RODOVIARIO;1556099;10/08/2026;55;356748;11/08/2026;BILLY DISTRIBUIDORA DE VEICULOS LTDA;1,34E+13;SAO CAETANO DO SUL;SP;11/08/2026;13/08/2026;11/08/2026;Entregue No Prazo;;Entrega realizada;Entrega Finalizada;13;8;11;8;BV LOG;26003;;;
MOBIS BRASIL FABRICACAO DE AUTO PECAS LT;RODOVIARIO;1556111;10/08/2026;29;356749;11/08/2026;GRANDAY AUTOMOTORES LTDA (CHAC. CALIFOR);1,57E+13;SAO PAULO;SP;11/08/2026;13/08/2026;11/08/2026;Entregue No Prazo;;Entrega realizada;Entrega Finalizada;13;8;11;8;BV LOG;26090;;;
MOBIS BRASIL FABRICACAO DE AUTO PECAS LT;RODOVIARIO;1556094;10/08/2026;41;356752;11/08/2026;ANDRETA II DISTRIBUIDORA DE VEIC. LTDA;9,10E+12;CAMPINAS;SP;11/08/2026;14/08/2026;11/08/2026;Entregue No Prazo;;Entrega realizada;Entrega Finalizada;14;8;11;8;BV LOG;26011;;;
MOBIS BRASIL FABRICACAO DE AUTO PECAS LT;RODOVIARIO;1556107;10/08/2026;4;356753;11/08/2026;CAOA MOTOR DO BRASIL LTDA;1,68E+13;CAMPINAS;SP;11/08/2026;14/08/2026;11/08/2026;Entregue No Prazo;;Entrega realizada;Entrega Finalizada;14;8;11;8;BV LOG;5008;;;
MOBIS BRASIL FABRICACAO DE AUTO PECAS LT;RODOVIARIO;1556109;10/08/2026;6;356755;11/08/2026;DESTAQUE SEUL DISTR. DE VEIC. E PC. LTDA;2,12E+13;ATIBAIA;SP;11/08/2026;14/08/2026;11/08/2026;Entregue No Prazo;;Entrega realizada;Entrega Finalizada;14;8;11;8;BV LOG;26075;;;
MOBIS BRASIL FABRICACAO DE AUTO PECAS LT;RODOVIARIO;1556884;11/08/2026;49;356752;11/08/2026;ANDRETA II DISTRIBUIDORA DE VEIC. LTDA;9,10E+12;CAMPINAS;SP;11/08/2026;14/08/2026;11/08/2026;Entregue No Prazo;;Entrega realizada;Entrega Finalizada;14;8;11;8;BV LOG;26011;;;
MOBIS BRASIL FABRICACAO DE AUTO PECAS LT;RODOVIARIO;1556896;11/08/2026;49;356755;11/08/2026;DESTAQUE SEUL DISTR. DE VEIC. E PC. LTDA;2,12E+13;ATIBAIA;SP;11/08/2026;14/08/2026;11/08/2026;Entregue No Prazo;;Entrega realizada;Entrega Finalizada;14;8;11;8;BV LOG;26075;;;
MOBIS BRASIL FABRICACAO DE AUTO PECAS LT;RODOVIARIO;1550227;29/07/2026;7;354603;29/07/2026;PRIVILLEGE DISTRIBUIDORA DE VEICULOS LTD;1,72E+13;PALMAS;TO;29/07/2026;07/08/2026;12/08/2026;Entregue Fora do Prazo;;Entrega realizada;Entrega Finalizada;7;8;29;7;RIO VERMELHO;27003;Emancipação Política do Rio Grande do Norte;Estadual;RN
MOBIS BRASIL FABRICACAO DE AUTO PECAS LT;RODOVIARIO;1550228;29/07/2026;14;354603;29/07/2026;PRIVILLEGE DISTRIBUIDORA DE VEICULOS LTD;1,72E+13;PALMAS;TO;29/07/2026;07/08/2026;12/08/2026;Entregue Fora do Prazo;;Entrega realizada;Entrega Finalizada;7;8;29;7;RIO VERMELHO;27003;Emancipação Política do Rio Grande do Norte;Estadual;RN
MOBIS BRASIL FABRICACAO DE AUTO PECAS LT;RODOVIARIO;1550664;29/07/2026;5;354870;30/07/2026;PRIVILLEGE DISTRIBUIDORA DE VEICULOS LTD;1,72E+13;PALMAS;TO;30/07/2026;10/08/2026;12/08/2026;Entregue Fora do Prazo;;Entrega realizada;Entrega Finalizada;10;8;30;7;RIO VERMELHO;27003;;;
MOBIS BRASIL FABRICACAO DE AUTO PECAS LT;RODOVIARIO;1550596;29/07/2026;3;354933;30/07/2026;PATEO COMERCIO DE VEICULOS S A;7,78E+12;JOAO PESSOA;PB;30/07/2026;14/08/2026;12/08/2026;Entregue No Prazo;;Entrega realizada;Entrega Finalizada;14;8;30;7;TERMACO;15003;;;
MOBIS BRASIL FABRICACAO DE AUTO PECAS LT;RODOVIARIO;1551312;30/07/2026;7;355264;31/07/2026;CYCOSA AUTOMOVEIS LTDA;4,76E+12;MACEIO;AL;31/07/2026;14/08/2026;12/08/2026;Entregue No Prazo;;Entrega realizada;Entrega Finalizada;14;8;31;7;TERMACO;2001;;;
MOBIS BRASIL FABRICACAO DE AUTO PECAS LT;RODOVIARIO;1551346;30/07/2026;3;355275;31/07/2026;PATEO COMERCIO DE VEICULOS S A;7,78E+12;JOAO PESSOA;PB;31/07/2026;17/08/2026;12/08/2026;Entregue No Prazo;;Entrega realizada;Entrega Finalizada;17;8;31;7;TERMACO;15003;Adesão do Ceará à Independência do Brasil;Estadual;CE
MOBIS BRASIL FABRICACAO DE AUTO PECAS LT;RODOVIARIO;1552091;31/07/2026;1;355538;03/08/2026;PRIVILLEGE DISTRIBUIDORA DE VEICULOS LTD;1,72E+13;PALMAS;TO;03/08/2026;12/08/2026;12/08/2026;Entregue No Prazo;;Entrega realizada;Entrega Finalizada;12;8;3;8;RIO VERMELHO;27003;;;
MOBIS BRASIL FABRICACAO DE AUTO PECAS LT;RODOVIARIO;1552092;31/07/2026;3;355538;03/08/2026;PRIVILLEGE DISTRIBUIDORA DE VEICULOS LTD;1,72E+13;PALMAS;TO;03/08/2026;12/08/2026;12/08/2026;Entregue No Prazo;;Entrega realizada;Entrega Finalizada;12;8;3;8;RIO VERMELHO;27003;;;
MOBIS BRASIL FABRICACAO DE AUTO PECAS LT;RODOVIARIO;1552012;31/07/2026;1;355552;03/08/2026;GRANDE COREIA COMERCIO DE VEICULOS LTDA;2,66E+13;BELEM;PA;03/08/2026;14/08/2026;12/08/2026;Entregue No Prazo;;Entrega realizada;Entrega Finalizada;14;8;3;8;CARVALIMA;14007;;;
MOBIS BRASIL FABRICACAO DE AUTO PECAS LT;RODOVIARIO;1551977;31/07/2026;4;355574;03/08/2026;CYCOSA AUTOMOVEIS LTDA;4,76E+12;MACEIO;AL;03/08/2026;17/08/2026;12/08/2026;Entregue No Prazo;;Entrega realizada;Entrega Finalizada;17;8;3;8;TERMACO;2001;Adesão do Ceará à Independência do Brasil;Estadual;CE
MOBIS BRASIL FABRICACAO DE AUTO PECAS LT;RODOVIARIO;1551984;31/07/2026;2;355573;03/08/2026;CAOA MOTOR DO BRASIL LTDA;1,68E+13;FORTALEZA;CE;03/08/2026;17/08/2026;12/08/2026;Entregue No Prazo;;Entrega realizada;Entrega Finalizada;17;8;3;8;TERMACO;5008;Adesão do Ceará à Independência do Brasil;Estadual;CE
MOBIS BRASIL FABRICACAO DE AUTO PECAS LT;RODOVIARIO;1552093;31/07/2026;47;355575;03/08/2026;FAZZA MOTORS COMERCIO DE VEICULOS LTDA;1,24E+13;FORTALEZA;CE;03/08/2026;17/08/2026;12/08/2026;Entregue No Prazo;;Entrega realizada;Entrega Finalizada;17;8;3;8;TERMACO;5007;Adesão do Ceará à Independência do Brasil;Estadual;CE
MOBIS BRASIL FABRICACAO DE AUTO PECAS LT;RODOVIARIO;1552094;31/07/2026;51;355575;03/08/2026;FAZZA MOTORS COMERCIO DE VEICULOS LTDA;1,24E+13;FORTALEZA;CE;03/08/2026;17/08/2026;12/08/2026;Entregue No Prazo;;Entrega realizada;Entrega Finalizada;17;8;3;8;TERMACO;5007;Adesão do Ceará à Independência do Brasil;Estadual;CE
MOBIS BRASIL FABRICACAO DE AUTO PECAS LT;RODOVIARIO;1552095;31/07/2026;99;355575;03/08/2026;FAZZA MOTORS COMERCIO DE VEICULOS LTDA;1,24E+13;FORTALEZA;CE;03/08/2026;17/08/2026;12/08/2026;Entregue No Prazo;;Entrega realizada;Entrega Finalizada;17;8;3;8;TERMACO;5007;Adesão do Ceará à Independência do Brasil;Estadual;CE
MOBIS BRASIL FABRICACAO DE AUTO PECAS LT;RODOVIARIO;1552013;31/07/2026;1;355585;03/08/2026;PATEO COMERCIO DE VEICULOS S A;7,78E+12;JOAO PESSOA;PB;03/08/2026;18/08/2026;12/08/2026;Entregue No Prazo;;Entrega realizada;Entrega Finalizada;18;8;3;8;TERMACO;15003;;;
MOBIS BRASIL FABRICACAO DE AUTO PECAS LT;RODOVIARIO;1552014;31/07/2026;8;355585;03/08/2026;PATEO COMERCIO DE VEICULOS S A;7,78E+12;JOAO PESSOA;PB;03/08/2026;18/08/2026;12/08/2026;Entregue No Prazo;;Entrega realizada;Entrega Finalizada;18;8;3;8;TERMACO;15003;;;
MOBIS BRASIL FABRICACAO DE AUTO PECAS LT;RODOVIARIO;1552018;31/07/2026;1;355579;03/08/2026;JPN COMERCIO DE AUTOMOVEIS LTDA;2,61E+13;GARANHUNS;PE;03/08/2026;19/08/2026;12/08/2026;Entregue No Prazo;;Entrega realizada;Entrega Finalizada;19;8;3;8;TERMACO;16009;;;
MOBIS BRASIL FABRICACAO DE AUTO PECAS LT;RODOVIARIO;1552998;04/08/2026;3;355831;04/08/2026;ATUAL VEICULOS LTDA;1,33E+13;CRICIUMA;SC;04/08/2026;11/08/2026;12/08/2026;Entregue Fora do Prazo;;Entrega realizada;Entrega Finalizada;11;8;4;8;TRANSTRY;24001;Criação da Capitania de SC;Estadual;SC
MOBIS BRASIL FABRICACAO DE AUTO PECAS LT;RODOVIARIO;1552999;04/08/2026;9;355829;04/08/2026;ATUAL VEICULOS LTDA;1,33E+13;TUBARAO;SC;04/08/2026;11/08/2026;12/08/2026;Entregue Fora do Prazo;;Entrega realizada;Entrega Finalizada;11;8;4;8;TRANSTRY;24001;Criação da Capitania de SC;Estadual;SC
MOBIS BRASIL FABRICACAO DE AUTO PECAS LT;RODOVIARIO;1553031;04/08/2026;9;355780;04/08/2026;PRIVILLEGE DISTRIBUIDORA DE VEICULOS LTD;1,72E+13;PALMAS;TO;04/08/2026;13/08/2026;12/08/2026;Entregue No Prazo;;Entrega realizada;Entrega Finalizada;13;8;4;8;RIO VERMELHO;27003;;;
MOBIS BRASIL FABRICACAO DE AUTO PECAS LT;RODOVIARIO;1553032;04/08/2026;1;355780;04/08/2026;PRIVILLEGE DISTRIBUIDORA DE VEICULOS LTD;1,72E+13;PALMAS;TO;04/08/2026;13/08/2026;12/08/2026;Entregue No Prazo;;Entrega realizada;Entrega Finalizada;13;8;4;8;RIO VERMELHO;27003;;;
MOBIS BRASIL FABRICACAO DE AUTO PECAS LT;RODOVIARIO;1552941;04/08/2026;6;355800;04/08/2026;FAZZA MOTORS COMERCIO DE VEICULOS LTDA;1,24E+13;SALVADOR;BA;04/08/2026;14/08/2026;12/08/2026;Entregue No Prazo;;Entrega realizada;Entrega Finalizada;14;8;4;8;TERMACO;5007;;;
MOBIS BRASIL FABRICACAO DE AUTO PECAS LT;RODOVIARIO;1552968;04/08/2026;5;355796;04/08/2026;COMETA MATO GROSSO COM. DE VEICULOS LTDA;1,54E+13;SINOP;MT;04/08/2026;14/08/2026;12/08/2026;Entregue No Prazo;;Entrega realizada;Entrega Finalizada;14;8;4;8;CARVALIMA;13003;;;
MOBIS BRASIL FABRICACAO DE AUTO PECAS LT;RODOVIARIO;1552938;04/08/2026;1;355798;04/08/2026;CYCOSA AUTOMOVEIS LTDA;4,76E+12;MACEIO;AL;04/08/2026;18/08/2026;12/08/2026;Entregue No Prazo;;Entrega realizada;Entrega Finalizada;18;8;4;8;TERMACO;2001;;;
MOBIS BRASIL FABRICACAO DE AUTO PECAS LT;RODOVIARIO;1552939;04/08/2026;5;355787;04/08/2026;AIKON VEICULOS LTDA;1,17E+13;VITORIA DA CONQUISTA;BA;04/08/2026;19/08/2026;12/08/2026;Entregue No Prazo;;Entrega realizada;Entrega Finalizada;19;8;4;8;TERMACO;5002;;;
MOBIS BRASIL FABRICACAO DE AUTO PECAS LT;RODOVIARIO;1552944;04/08/2026;1;355806;04/08/2026;MASTER COMERCIAL DE VEICULOS LTDA;2,85E+13;BARREIRAS;BA;04/08/2026;19/08/2026;12/08/2026;Entregue No Prazo;;Entrega realizada;Entrega Finalizada;19;8;4;8;TERMACO;5012;;;
MOBIS BRASIL FABRICACAO DE AUTO PECAS LT;RODOVIARIO;1552972;04/08/2026;3;355811;04/08/2026;PATEO COMERCIO DE VEICULOS S A;7,78E+12;JOAO PESSOA;PB;04/08/2026;19/08/2026;12/08/2026;Entregue No Prazo;;Entrega realizada;Entrega Finalizada;19;8;4;8;TERMACO;15003;;;
MOBIS BRASIL FABRICACAO DE AUTO PECAS LT;RODOVIARIO;1553754;05/08/2026;4;355997;05/08/2026;URCA MOTORS VEICULOS LTDA;8,77E+12;UBERABA;MG;05/08/2026;11/08/2026;12/08/2026;Entregue Fora do Prazo;;Entrega realizada;Entrega Finalizada;11;8;5;8;XD BETIM;9014;Criação da Capitania de SC;Estadual;SC
MOBIS BRASIL FABRICACAO DE AUTO PECAS LT;RODOVIARIO;1553793;05/08/2026;13;356032;05/08/2026;ATUAL VEICULOS LTDA;1,33E+13;TUBARAO;SC;05/08/2026;12/08/2026;12/08/2026;Entregue No Prazo;;Entrega realizada;Entrega Finalizada;12;8;5;8;TRANSTRY;24001;;;
MOBIS BRASIL FABRICACAO DE AUTO PECAS LT;RODOVIARIO;1553747;05/08/2026;1;356023;05/08/2026;PRIME CACHOEIRO VEICULOS LTDA;9,34E+12;CACHOEIRO DE ITAPEMIRIM;ES;05/08/2026;13/08/2026;12/08/2026;Entregue No Prazo;;Entrega realizada;Entrega Finalizada;13;8;5;8;CAMILO;8004;;;
MOBIS BRASIL FABRICACAO DE AUTO PECAS LT;RODOVIARIO;1553749;05/08/2026;7;355994;05/08/2026;SAGA KOREA COM. DE VEIC. E PC. LTDA;1,27E+13;GOIANIA;GO;05/08/2026;13/08/2026;12/08/2026;Entregue No Prazo;;Entrega realizada;Entrega Finalizada;13;8;5;8;RIO VERMELHO;9011;;;
MOBIS BRASIL FABRICACAO DE AUTO PECAS LT;RODOVIARIO;1553789;05/08/2026;1;356039;05/08/2026;CHINHAN AUTOMOVEIS LTDA;2,41E+13;ERECHIM;RS;05/08/2026;13/08/2026;12/08/2026;Entregue No Prazo;;Entrega realizada;Entrega Finalizada;13;8;5;8;TRANSTRY;23019;;;
MOBIS BRASIL FABRICACAO DE AUTO PECAS LT;RODOVIARIO;1553763;05/08/2026;2;356029;05/08/2026;UNIQUE COMERCIO DE AUTOMOVEIS LTDA;1,74E+13;ANANINDEUA;PA;05/08/2026;18/08/2026;12/08/2026;Entregue No Prazo;;Entrega realizada;Entrega Finalizada;18;8;5;8;CARVALIMA;14003;;;
MOBIS BRASIL FABRICACAO DE AUTO PECAS LT;RODOVIARIO;1553765;05/08/2026;2;356013;05/08/2026;GRANDE COREIA COMERCIO DE VEICULOS LTDA;2,66E+13;BELEM;PA;05/08/2026;18/08/2026;12/08/2026;Entregue No Prazo;;Entrega realizada;Entrega Finalizada;18;8;5;8;CARVALIMA;14007;;;
MOBIS BRASIL FABRICACAO DE AUTO PECAS LT;RODOVIARIO;1553743;05/08/2026;1;356004;05/08/2026;CAOA MOTOR DO BRASIL LTDA;1,68E+13;FORTALEZA;CE;05/08/2026;19/08/2026;12/08/2026;Entregue No Prazo;;Entrega realizada;Entrega Finalizada;19;8;5;8;TERMACO;5008;;;
MOBIS BRASIL FABRICACAO DE AUTO PECAS LT;RODOVIARIO;1553769;05/08/2026;65;356020;05/08/2026;PATEO COMERCIO DE VEICULOS S A;7,78E+12;RECIFE;PE;05/08/2026;20/08/2026;12/08/2026;Entregue No Prazo;;Entrega realizada;Entrega Finalizada;20;8;5;8;TERMACO;16004;;;
MOBIS BRASIL FABRICACAO DE AUTO PECAS LT;RODOVIARIO;1554506;06/08/2026;12;356188;06/08/2026;TAI MOTORS VEICULOS S/A;9,27E+12;BELO HORIZONTE;MG;06/08/2026;11/08/2026;12/08/2026;Entregue Fora do Prazo;;Entrega realizada;Entrega Finalizada;11;8;6;8;XD BETIM;8002;Criação da Capitania de SC;Estadual;SC
MOBIS BRASIL FABRICACAO DE AUTO PECAS LT;RODOVIARIO;1554507;06/08/2026;9;356177;06/08/2026;CARBEL KOREA VEICULOS LTDA;2,07E+13;BELO HORIZONTE;MG;06/08/2026;11/08/2026;12/08/2026;Entregue Fora do Prazo;;Entrega realizada;Entrega Finalizada;11;8;6;8;XD BETIM;11021;Criação da Capitania de SC;Estadual;SC
MOBIS BRASIL FABRICACAO DE AUTO PECAS LT;RODOVIARIO;1554509;06/08/2026;22;356174;06/08/2026;BDG AUTOVILLE VEICULOS LTDA;4,77E+13;CONTAGEM;MG;06/08/2026;11/08/2026;12/08/2026;Entregue Fora do Prazo;;Entrega realizada;Entrega Finalizada;11;8;6;8;XD BETIM;11037;Criação da Capitania de SC;Estadual;SC
MOBIS BRASIL FABRICACAO DE AUTO PECAS LT;RODOVIARIO;1554537;06/08/2026;1;356218;06/08/2026;TAI MOTORS VEICULOS S/A;9,27E+12;CAMPOS DOS GOYTACAZES;RJ;06/08/2026;13/08/2026;12/08/2026;Entregue No Prazo;;Entrega realizada;Entrega Finalizada;13;8;6;8;CAMILO;8002;;;
MOBIS BRASIL FABRICACAO DE AUTO PECAS LT;RODOVIARIO;1554546;06/08/2026;2;356222;06/08/2026;ATUAL VEICULOS LTDA;1,33E+13;CRICIUMA;SC;06/08/2026;13/08/2026;12/08/2026;Entregue No Prazo;;Entrega realizada;Entrega Finalizada;13;8;6;8;TRANSTRY;24001;;;
MOBIS BRASIL FABRICACAO DE AUTO PECAS LT;RODOVIARIO;1554547;06/08/2026;3;356224;06/08/2026;ATUAL VEICULOS LTDA;1,33E+13;TUBARAO;SC;06/08/2026;13/08/2026;12/08/2026;Entregue No Prazo;;Entrega realizada;Entrega Finalizada;13;8;6;8;TRANSTRY;24001;;;
MOBIS BRASIL FABRICACAO DE AUTO PECAS LT;RODOVIARIO;1554497;06/08/2026;2;356212;06/08/2026;PRIME CACHOEIRO VEICULOS LTDA;9,34E+12;CACHOEIRO DE ITAPEMIRIM;ES;06/08/2026;14/08/2026;12/08/2026;Entregue No Prazo;;Entrega realizada;Entrega Finalizada;14;8;6;8;CAMILO;8004;;;
MOBIS BRASIL FABRICACAO DE AUTO PECAS LT;RODOVIARIO;1554498;06/08/2026;1;356212;06/08/2026;PRIME CACHOEIRO VEICULOS LTDA;9,34E+12;CACHOEIRO DE ITAPEMIRIM;ES;06/08/2026;14/08/2026;12/08/2026;Entregue No Prazo;;Entrega realizada;Entrega Finalizada;14;8;6;8;CAMILO;8004;;;
MOBIS BRASIL FABRICACAO DE AUTO PECAS LT;RODOVIARIO;1554544;06/08/2026;1;356229;06/08/2026;CHINHAN AUTOMOVEIS LTDA;2,41E+13;ERECHIM;RS;06/08/2026;14/08/2026;12/08/2026;Entregue No Prazo;;Entrega realizada;Entrega Finalizada;14;8;6;8;TRANSTRY;23019;;;
MOBIS BRASIL FABRICACAO DE AUTO PECAS LT;RODOVIARIO;1555232;07/08/2026;4;356342;07/08/2026;CAOA MOTOR DO BRASIL LTDA;1,68E+13;RIO DE JANEIRO;RJ;07/08/2026;13/08/2026;12/08/2026;Entregue No Prazo;;Entrega realizada;Entrega Finalizada;13;8;7;8;CAMILO;5008;;;
MOBIS BRASIL FABRICACAO DE AUTO PECAS LT;RODOVIARIO;1555273;07/08/2026;3;356375;07/08/2026;DESTAQUE SEUL DISTR DE VEIC PEC LTDA;2,12E+13;CARAGUATATUBA;SP;07/08/2026;13/08/2026;12/08/2026;Entregue No Prazo;;Entrega realizada;Entrega Finalizada;13;8;7;8;MVT;26082;;;
MOBIS BRASIL FABRICACAO DE AUTO PECAS LT;RODOVIARIO;1555195;07/08/2026;14;356369;07/08/2026;VIA BRASIL AUTOMOVEIS LTDA.;4,72E+12;SERRA;ES;07/08/2026;14/08/2026;12/08/2026;Entregue No Prazo;;Entrega realizada;Entrega Finalizada;14;8;7;8;CAMILO;8001;;;
MOBIS BRASIL FABRICACAO DE AUTO PECAS LT;RODOVIARIO;1555227;07/08/2026;3;356465;07/08/2026;ZENDAI VEICULOS LTDA;1,97E+13;TOLEDO;PR;07/08/2026;14/08/2026;12/08/2026;Entregue No Prazo;;Entrega realizada;Entrega Finalizada;14;8;7;8;TRANSTRY;18016;;;
MOBIS BRASIL FABRICACAO DE AUTO PECAS LT;RODOVIARIO;1555238;07/08/2026;1;356358;07/08/2026;MONTREAL VEICULOS E PECAS LTDA;1,68E+13;MACAE;RJ;07/08/2026;14/08/2026;12/08/2026;Entregue No Prazo;;Entrega realizada;Entrega Finalizada;14;8;7;8;CAMILO;19030;;;
MOBIS BRASIL FABRICACAO DE AUTO PECAS LT;RODOVIARIO;1555248;07/08/2026;1;356447;07/08/2026;ATUAL VEICULOS LTDA;1,33E+13;CRICIUMA;SC;07/08/2026;14/08/2026;12/08/2026;Entregue No Prazo;;Entrega realizada;Entrega Finalizada;14;8;7;8;TRANSTRY;24001;;;
MOBIS BRASIL FABRICACAO DE AUTO PECAS LT;RODOVIARIO;1555249;07/08/2026;2;356446;07/08/2026;ATUAL VEICULOS LTDA;1,33E+13;TUBARAO;SC;07/08/2026;14/08/2026;12/08/2026;Entregue No Prazo;;Entrega realizada;Entrega Finalizada;14;8;7;8;TRANSTRY;24001;;;
MOBIS BRASIL FABRICACAO DE AUTO PECAS LT;RODOVIARIO;1555837;07/08/2026;12;356455;07/08/2026;CHINHAN AUTOMOVEIS LTDA;2,41E+13;ERECHIM;RS;07/08/2026;17/08/2026;12/08/2026;Entregue No Prazo;;Entrega realizada;Entrega Finalizada;17;8;7;8;TRANSTRY;23019;Adesão do Ceará à Independência do Brasil;Estadual;CE
MOBIS BRASIL FABRICACAO DE AUTO PECAS LT;RODOVIARIO;1556105;10/08/2026;5;356528;10/08/2026;CHS MOTORS VEICULOS PECAS(VL. GUILHERME);1,69E+13;SAO PAULO;SP;10/08/2026;12/08/2026;12/08/2026;Entregue No Prazo;;Entrega realizada;Entrega Finalizada;12;8;10;8;XD DIADEMA;26052;;;
MOBIS BRASIL FABRICACAO DE AUTO PECAS LT;RODOVIARIO;1556095;10/08/2026;1;356743;10/08/2026;MOTONET COMERCIO DE VEICULOS LTDA;9,28E+12;SOROCABA;SP;10/08/2026;13/08/2026;12/08/2026;Entregue No Prazo;;Entrega realizada;Entrega Finalizada;13;8;10;8;MVT;26113;;;
MOBIS BRASIL FABRICACAO DE AUTO PECAS LT;RODOVIARIO;1556096;10/08/2026;1;356743;10/08/2026;MOTONET COMERCIO DE VEICULOS LTDA;9,28E+12;SOROCABA;SP;10/08/2026;13/08/2026;12/08/2026;Entregue No Prazo;;Entrega realizada;Entrega Finalizada;13;8;10;8;MVT;26113;;;
MOBIS BRASIL FABRICACAO DE AUTO PECAS LT;RODOVIARIO;1556100;10/08/2026;5;356734;10/08/2026;ANDRETA II DISTRIBUIDORA DE VEIC. LTDA;9,10E+12;INDAIATUBA;SP;10/08/2026;13/08/2026;12/08/2026;Entregue No Prazo;;Entrega realizada;Entrega Finalizada;13;8;10;8;MVT;26011;;;
MOBIS BRASIL FABRICACAO DE AUTO PECAS LT;RODOVIARIO;1556052;10/08/2026;39;356728;10/08/2026;LOVAT VEICULOS S/A;8,57E+12;LONDRINA;PR;10/08/2026;14/08/2026;12/08/2026;Entregue No Prazo;;Entrega realizada;Entrega Finalizada;14;8;10;8;TRANSTRY;18008;;;
MOBIS BRASIL FABRICACAO DE AUTO PECAS LT;RODOVIARIO;1556056;10/08/2026;20;356713;10/08/2026;BARI VEICULOS LTDA;7,46E+12;PONTA GROSSA;PR;10/08/2026;14/08/2026;12/08/2026;Entregue No Prazo;;Entrega realizada;Entrega Finalizada;14;8;10;8;TRANSTRY;18024;;;
MOBIS BRASIL FABRICACAO DE AUTO PECAS LT;RODOVIARIO;1556059;10/08/2026;3;356609;10/08/2026;ITAVEMA MOTORS VEICULOS LTDA;7,73E+12;DUQUE DE CAXIAS;RJ;10/08/2026;14/08/2026;12/08/2026;Entregue No Prazo;;Entrega realizada;Entrega Finalizada;14;8;10;8;CAMILO;19001;;;
MOBIS BRASIL FABRICACAO DE AUTO PECAS LT;RODOVIARIO;1556060;10/08/2026;4;356592;10/08/2026;AMX COM. E SERVICOS DE AUTOMOTORES LTDA;1,20E+13;RIO DE JANEIRO;RJ;10/08/2026;14/08/2026;12/08/2026;Entregue No Prazo;;Entrega realizada;Entrega Finalizada;14;8;10;8;CAMILO;19009;;;
MOBIS BRASIL FABRICACAO DE AUTO PECAS LT;RODOVIARIO;1556061;10/08/2026;13;356608;10/08/2026;ITAVEMA MOTORS VEICULOS LTDA;7,73E+12;RIO DE JANEIRO;RJ;10/08/2026;14/08/2026;12/08/2026;Entregue No Prazo;;Entrega realizada;Entrega Finalizada;14;8;10;8;CAMILO;19001;;;
MOBIS BRASIL FABRICACAO DE AUTO PECAS LT;RODOVIARIO;1556062;10/08/2026;2;356597;10/08/2026;CAOA MOTOR DO BRASIL LTDA;1,68E+13;RIO DE JANEIRO;RJ;10/08/2026;14/08/2026;12/08/2026;Entregue No Prazo;;Entrega realizada;Entrega Finalizada;14;8;10;8;CAMILO;5008;;;
MOBIS BRASIL FABRICACAO DE AUTO PECAS LT;RODOVIARIO;1556064;10/08/2026;1;356594;10/08/2026;CAOA MOTOR DO BRASIL LTDA;1,68E+13;RIO DE JANEIRO;RJ;10/08/2026;14/08/2026;12/08/2026;Entregue No Prazo;;Entrega realizada;Entrega Finalizada;14;8;10;8;CAMILO;5008;;;
MOBIS BRASIL FABRICACAO DE AUTO PECAS LT;RODOVIARIO;1556102;10/08/2026;2;356745;10/08/2026;NEW VEICULOS E PECAS LTDA.;1,59E+13;FRANCA;SP;10/08/2026;14/08/2026;12/08/2026;Entregue No Prazo;;Entrega realizada;Entrega Finalizada;14;8;10;8;MVT;26048;;;
MOBIS BRASIL FABRICACAO DE AUTO PECAS LT;RODOVIARIO;1556083;10/08/2026;14;356730;10/08/2026;LR COMERCIO DE VEICULOS LTDA;1,05E+13;SAO JOSE;SC;10/08/2026;17/08/2026;12/08/2026;Entregue No Prazo;;Entrega realizada;Entrega Finalizada;17;8;10;8;TRANSTRY;24007;Adesão do Ceará à Independência do Brasil;Estadual;CE
MOBIS BRASIL FABRICACAO DE AUTO PECAS LT;RODOVIARIO;1556039;10/08/2026;1;356605;10/08/2026;GOLDEN MOTORS VEICULOS LTDA;3,62E+12;TRES LAGOAS;MS;10/08/2026;18/08/2026;12/08/2026;Entregue No Prazo;;Entrega realizada;Entrega Finalizada;18;8;10;8;CARVALIMA;12001;;;
MOBIS BRASIL FABRICACAO DE AUTO PECAS LT;RODOVIARIO;1556040;10/08/2026;8;356625;10/08/2026;ULSAN COMERCIO DE VEICULOS LTDA.;2,10E+13;CAMPO GRANDE;MS;10/08/2026;18/08/2026;12/08/2026;Entregue No Prazo;;Entrega realizada;Entrega Finalizada;18;8;10;8;CARVALIMA;12004;;;
MOBIS BRASIL FABRICACAO DE AUTO PECAS LT;RODOVIARIO;1556086;10/08/2026;1;356712;10/08/2026;BARI VEICULOS LTDA;7,46E+12;BALNEARIO CAMBORIU;SC;10/08/2026;18/08/2026;12/08/2026;Entregue No Prazo;;Entrega realizada;Entrega Finalizada;18;8;10;8;TRANSTRY;18024;;;
MOBIS BRASIL FABRICACAO DE AUTO PECAS LT;RODOVIARIO;1556882;11/08/2026;5;356764;11/08/2026;GRAND SPORT COM. DE VEIC. E PECAS LTDA;8,58E+12;GUARULHOS;SP;11/08/2026;13/08/2026;12/08/2026;Entregue No Prazo;;Entrega realizada;Entrega Finalizada;13;8;11;8;XD DIADEMA;26005;;;
MOBIS BRASIL FABRICACAO DE AUTO PECAS LT;RODOVIARIO;1556889;11/08/2026;1;356758;11/08/2026;BILLY DISTRIBUIDORA DE VEICULOS LTDA;1,34E+13;DIADEMA;SP;11/08/2026;13/08/2026;12/08/2026;Entregue No Prazo;;Entrega realizada;Entrega Finalizada;13;8;11;8;XD DIADEMA;26003;;;
MOBIS BRASIL FABRICACAO DE AUTO PECAS LT;RODOVIARIO;1556892;11/08/2026;1;356762;11/08/2026;CHS MOTORS VEICULOS PECAS(VL. GUILHERME);1,69E+13;SAO PAULO;SP;11/08/2026;13/08/2026;12/08/2026;Entregue No Prazo;;Entrega realizada;Entrega Finalizada;13;8;11;8;XD DIADEMA;26052;;;
MOBIS BRASIL FABRICACAO DE AUTO PECAS LT;RODOVIARIO;1556893;11/08/2026;5;356762;11/08/2026;CHS MOTORS VEICULOS PECAS(VL. GUILHERME);1,69E+13;SAO PAULO;SP;11/08/2026;13/08/2026;12/08/2026;Entregue No Prazo;;Entrega realizada;Entrega Finalizada;13;8;11;8;XD DIADEMA;26052;;;
MOBIS BRASIL FABRICACAO DE AUTO PECAS LT;RODOVIARIO;1556897;11/08/2026;2;356757;11/08/2026;BILLY DISTRIBUIDORA DE VEICULOS LTDA;1,34E+13;SAO PAULO;SP;11/08/2026;13/08/2026;12/08/2026;Entregue No Prazo;;Entrega realizada;Entrega Finalizada;13;8;11;8;XD DIADEMA;26003;;;
MOBIS BRASIL FABRICACAO DE AUTO PECAS LT;RODOVIARIO;1556898;11/08/2026;3;356769;11/08/2026;NOBRE SP DISTRIB. DE VEIC. E PEC. LTDA;1,70E+13;SAO PAULO;SP;11/08/2026;13/08/2026;12/08/2026;Entregue No Prazo;;Entrega realizada;Entrega Finalizada;13;8;11;8;XD DIADEMA;26081;;;
MOBIS BRASIL FABRICACAO DE AUTO PECAS LT;RODOVIARIO;1556901;11/08/2026;1;356766;11/08/2026;GRANDAY AUTOMOTORES LTDA (CHAC. CALIFOR);1,57E+13;SAO PAULO;SP;11/08/2026;13/08/2026;12/08/2026;Entregue No Prazo;;Entrega realizada;Entrega Finalizada;13;8;11;8;XD DIADEMA;26090;;;
MOBIS BRASIL FABRICACAO DE AUTO PECAS LT;RODOVIARIO;1556843;11/08/2026;42;356908;11/08/2026;SEVEC VEICULOS LTDA;5,68E+11;CURITIBA;PR;11/08/2026;14/08/2026;12/08/2026;Entregue No Prazo;;Entrega realizada;Entrega Finalizada;14;8;11;8;TRANSTRY;18012;;;
MOBIS BRASIL FABRICACAO DE AUTO PECAS LT;RODOVIARIO;1556883;11/08/2026;1;356785;11/08/2026;DHC COMERCIO DE VEICULOS E PECAS LTDA;9,52E+12;BAURU;SP;11/08/2026;14/08/2026;12/08/2026;Entregue No Prazo;;Entrega realizada;Entrega Finalizada;14;8;11;8;MVT;26010;;;
MOBIS BRASIL FABRICACAO DE AUTO PECAS LT;RODOVIARIO;1556885;11/08/2026;115;356914;11/08/2026;NEW VEICULOS E PECAS LTDA;1,59E+13;RIBEIRAO PRETO;SP;11/08/2026;14/08/2026;12/08/2026;Entregue No Prazo;;Entrega realizada;Entrega Finalizada;14;8;11;8;BV LOG;26014;;;
MOBIS BRASIL FABRICACAO DE AUTO PECAS LT;RODOVIARIO;1557310;11/08/2026;4;356894;11/08/2026;BARI VEICULOS LTDA;7,46E+12;CURITIBA;PR;11/08/2026;14/08/2026;12/08/2026;Entregue No Prazo;;Entrega realizada;Entrega Finalizada;14;8;11;8;TRANSTRY;18024;;;
MOBIS BRASIL FABRICACAO DE AUTO PECAS LT;RODOVIARIO;1556879;11/08/2026;1;356792;11/08/2026;HYMAX DISTRIBUIDORA DE VEICULOS LTDA;1,73E+13;MOGI GUACU;SP;11/08/2026;17/08/2026;12/08/2026;Entregue No Prazo;;Entrega realizada;Entrega Finalizada;17;8;11;8;MVT;26002;Adesão do Ceará à Independência do Brasil;Estadual;CE
MOBIS BRASIL FABRICACAO DE AUTO PECAS LT;RODOVIARIO;1556880;11/08/2026;1;356792;11/08/2026;HYMAX DISTRIBUIDORA DE VEICULOS LTDA;1,73E+13;MOGI GUACU;SP;11/08/2026;17/08/2026;12/08/2026;Entregue No Prazo;;Entrega realizada;Entrega Finalizada;17;8;11;8;MVT;26002;Adesão do Ceará à Independência do Brasil;Estadual;CE
MOBIS BRASIL FABRICACAO DE AUTO PECAS LT;RODOVIARIO;1556890;11/08/2026;1;356791;11/08/2026;H R B COMERCIO DE VEICULOS LTDA;1,82E+13;SAO JOSE DO RIO PRETO;SP;11/08/2026;17/08/2026;12/08/2026;Entregue No Prazo;;Entrega realizada;Entrega Finalizada;17;8;11;8;MVT;26050;Adesão do Ceará à Independência do Brasil;Estadual;CE
MOBIS BRASIL FABRICACAO DE AUTO PECAS LT;RODOVIARIO;1556891;11/08/2026;17;356791;11/08/2026;H R B COMERCIO DE VEICULOS LTDA;1,82E+13;SAO JOSE DO RIO PRETO;SP;11/08/2026;17/08/2026;12/08/2026;Entregue No Prazo;;Entrega realizada;Entrega Finalizada;17;8;11;8;MVT;26050;Adesão do Ceará à Independência do Brasil;Estadual;CE
MOBIS BRASIL FABRICACAO DE AUTO PECAS LT;RODOVIARIO;1556900;11/08/2026;2;356759;11/08/2026;CAOA MOTOR DO BRASIL LTDA;1,68E+13;PRAIA GRANDE;SP;11/08/2026;17/08/2026;12/08/2026;Entregue No Prazo;;Entrega realizada;Entrega Finalizada;17;8;11;8;XD DIADEMA;5008;Adesão do Ceará à Independência do Brasil;Estadual;CE
MOBIS BRASIL FABRICACAO DE AUTO PECAS LT;RODOVIARIO;1556903;11/08/2026;1;356790;11/08/2026;H - CAMINHO AUTOMOVEIS LTDA;2,53E+13;PIRACICABA;SP;11/08/2026;17/08/2026;12/08/2026;Entregue No Prazo;;Entrega realizada;Entrega Finalizada;17;8;11;8;MVT;26092;Adesão do Ceará à Independência do Brasil;Estadual;CE
MOBIS BRASIL FABRICACAO DE AUTO PECAS LT;RODOVIARIO;1556905;11/08/2026;1;356789;11/08/2026;H - CAMINHO AUTOMOVEIS LTDA;2,53E+13;CATANDUVA;SP;11/08/2026;17/08/2026;12/08/2026;Entregue No Prazo;;Entrega realizada;Entrega Finalizada;17;8;11;8;MVT;26092;Adesão do Ceará à Independência do Brasil;Estadual;CE
MOBIS BRASIL FABRICACAO DE AUTO PECAS LT;RODOVIARIO;1556881;11/08/2026;16;356921;12/08/2026;BILLY DISTRIBUIDORA DE VEICULOS LTDA;1,34E+13;BARUERI;SP;12/08/2026;14/08/2026;12/08/2026;Entregue No Prazo;;Entrega realizada;Entrega Finalizada;14;8;12;8;BV LOG;26003;;;
MOBIS BRASIL FABRICACAO DE AUTO PECAS LT;RODOVIARIO;1556888;11/08/2026;40;356920;12/08/2026;BILLY DISTRIBUIDORA DE VEICULOS LTDA;1,34E+13;SAO CAETANO DO SUL;SP;12/08/2026;14/08/2026;12/08/2026;Entregue No Prazo;;Entrega realizada;Entrega Finalizada;14;8;12;8;BV LOG;26003;;;
MOBIS BRASIL FABRICACAO DE AUTO PECAS LT;RODOVIARIO;1556906;11/08/2026;4;356918;12/08/2026;CHS MOTORS VEICULOS PECAS E SERV.  LTDA;1,69E+13;SAO PAULO;SP;12/08/2026;14/08/2026;12/08/2026;Entregue No Prazo;;Entrega realizada;Entrega Finalizada;14;8;12;8;BV LOG;26108;;;
MOBIS BRASIL FABRICACAO DE AUTO PECAS LT;RODOVIARIO;1556907;11/08/2026;28;356918;12/08/2026;CHS MOTORS VEICULOS PECAS E SERV.  LTDA;1,69E+13;SAO PAULO;SP;12/08/2026;14/08/2026;12/08/2026;Entregue No Prazo;;Entrega realizada;Entrega Finalizada;14;8;12;8;BV LOG;26108;;;
MOBIS BRASIL FABRICACAO DE AUTO PECAS LT;RODOVIARIO;1556909;11/08/2026;41;356919;12/08/2026;H RACING GARAGE LTDA;3,24E+13;COTIA;SP;12/08/2026;14/08/2026;12/08/2026;Entregue No Prazo;;Entrega realizada;Entrega Finalizada;14;8;12;8;BV LOG;29944;;;
MOBIS BRASIL FABRICACAO DE AUTO PECAS LT;RODOVIARIO;1535612;02/07/2026;1;350354;02/07/2026;GRANDAY AUTOMOTORES LTDA;1,57E+13;SAO PAULO;SP;02/07/2026;06/07/2026;13/08/2026;Entregue Fora do Prazo;;Entrega realizada;Entrega Finalizada;6;7;2;7;XD DIADEMA;26041;;;
MOBIS BRASIL FABRICACAO DE AUTO PECAS LT;RODOVIARIO;1548272;27/07/2026;1;354305;27/07/2026;UNIQUE BOA VISTA COM. DE AUTOMOVEIS LTDA;3,48E+13;BOA VISTA;RR;27/07/2026;24/08/2026;13/08/2026;Entregue No Prazo;;Entrega realizada;Entrega Finalizada;24;8;27;7;CARVALIMA;22002;;;
MOBIS BRASIL FABRICACAO DE AUTO PECAS LT;RODOVIARIO;1549267;28/07/2026;4;354367;28/07/2026;PATEO COMERCIO DE VEICULOS S A;7,78E+12;MANAUS;AM;28/07/2026;21/08/2026;13/08/2026;Entregue No Prazo;;Entrega realizada;Entrega Finalizada;21;8;28;7;CARVALIMA;3002;;;
MOBIS BRASIL FABRICACAO DE AUTO PECAS LT;RODOVIARIO;1550134;29/07/2026;1;354645;29/07/2026;ULSAN COMERCIO DE VEICULOS LTDA;2,10E+13;RIO BRANCO;AC;29/07/2026;17/08/2026;13/08/2026;Entregue No Prazo;;Entrega realizada;Entrega Finalizada;17;8;29;7;CARVALIMA;21004;Adesão do Ceará à Independência do Brasil;Estadual;CE
MOBIS BRASIL FABRICACAO DE AUTO PECAS LT;RODOVIARIO;1551317;30/07/2026;1;355270;31/07/2026;MASTER COMERCIAL DE VEICULOS LTDA;2,85E+13;JACOBINA;BA;31/07/2026;17/08/2026;13/08/2026;Entregue No Prazo;;17/08 Em transferencia para a cidade de destino;Entrega Finalizada;17;8;31;7;TERMACO;5013;Adesão do Ceará à Independência do Brasil;Estadual;CE
MOBIS BRASIL FABRICACAO DE AUTO PECAS LT;RODOVIARIO;1551347;30/07/2026;2;355269;31/07/2026;JPN PATOS COMERCIO DE VEICULOS LTDA;4,20E+13;PATOS;PB;31/07/2026;18/08/2026;13/08/2026;Entregue No Prazo;;Entrega realizada;Entrega Finalizada;18;8;31;7;TERMACO;15004;;;
MOBIS BRASIL FABRICACAO DE AUTO PECAS LT;RODOVIARIO;1552085;31/07/2026;4;355589;03/08/2026;SEVEL VEICULOS LTDA;1,07E+13;ARACAJU;SE;03/08/2026;14/08/2026;13/08/2026;Entregue No Prazo;;Entrega realizada;Entrega Finalizada;14;8;3;8;TERMACO;25001;;;
MOBIS BRASIL FABRICACAO DE AUTO PECAS LT;RODOVIARIO;1551997;31/07/2026;2;355586;03/08/2026;PATEO COMERCIO DE VEICULOS S A;7,78E+12;SAO LUIS;MA;03/08/2026;18/08/2026;13/08/2026;Entregue No Prazo;;Entrega realizada;Entrega Finalizada;18;8;3;8;TERMACO;10002;;;
MOBIS BRASIL FABRICACAO DE AUTO PECAS LT;RODOVIARIO;1553007;04/08/2026;1;355818;04/08/2026;SAINT LAND COMERCIO DE VEICULOS LTDA;1,04E+13;ARACAJU;SE;04/08/2026;17/08/2026;13/08/2026;Entregue No Prazo;;Entrega realizada;Entrega Finalizada;17;8;4;8;TERMACO;6010;Adesão do Ceará à Independência do Brasil;Estadual;CE
MOBIS BRASIL FABRICACAO DE AUTO PECAS LT;RODOVIARIO;1552943;04/08/2026;2;355808;04/08/2026;ORVEL AUTOMOTOR HYD LTDA;2,52E+13;TEIXEIRA DE FREITAS;BA;04/08/2026;19/08/2026;13/08/2026;Entregue No Prazo;;Entrega realizada;Entrega Finalizada;19;8;4;8;TERMACO;5011;;;
MOBIS BRASIL FABRICACAO DE AUTO PECAS LT;RODOVIARIO;1553787;05/08/2026;112;356038;05/08/2026;CARWAY SUL VEICULOS LTDA;1,03E+13;CANOAS;RS;05/08/2026;11/08/2026;13/08/2026;Entregue Fora do Prazo;;Entrega realizada;Entrega Finalizada;11;8;5;8;TRANSTRY;23003;Criação da Capitania de SC;Estadual;SC
MOBIS BRASIL FABRICACAO DE AUTO PECAS LT;RODOVIARIO;1553753;05/08/2026;3;356000;05/08/2026;VITAL COMERCIO DE VEICULOS LTDA;1,05E+13;IPATINGA;MG;05/08/2026;12/08/2026;13/08/2026;Entregue Fora do Prazo;;Entrega realizada;Entrega Finalizada;12;8;5;8;XD BETIM;11016;;;
MOBIS BRASIL FABRICACAO DE AUTO PECAS LT;RODOVIARIO;1553797;05/08/2026;3;356040;05/08/2026;CHINHAN AUTOMOVEIS LTDA;2,41E+13;CONCORDIA;SC;05/08/2026;13/08/2026;13/08/2026;Entregue No Prazo;;Entrega realizada;Entrega Finalizada;13;8;5;8;TRANSTRY;23019;;;
MOBIS BRASIL FABRICACAO DE AUTO PECAS LT;RODOVIARIO;1553738;05/08/2026;5;356021;05/08/2026;PATEO COMERCIO DE VEICULOS S A;7,78E+12;SALVADOR;BA;05/08/2026;17/08/2026;13/08/2026;Entregue No Prazo;;Entrega realizada;Entrega Finalizada;17;8;5;8;TERMACO;5003;Adesão do Ceará à Independência do Brasil;Estadual;CE
MOBIS BRASIL FABRICACAO DE AUTO PECAS LT;RODOVIARIO;1553739;05/08/2026;2;356021;05/08/2026;PATEO COMERCIO DE VEICULOS S A;7,78E+12;SALVADOR;BA;05/08/2026;17/08/2026;13/08/2026;Entregue No Prazo;;Entrega realizada;Entrega Finalizada;17;8;5;8;TERMACO;5003;Adesão do Ceará à Independência do Brasil;Estadual;CE
MOBIS BRASIL FABRICACAO DE AUTO PECAS LT;RODOVIARIO;1553740;05/08/2026;27;356010;05/08/2026;FAZZA MOTORS COMERCIO DE VEICULOS LTDA;1,24E+13;SALVADOR;BA;05/08/2026;17/08/2026;13/08/2026;Entregue No Prazo;;Entrega realizada;Entrega Finalizada;17;8;5;8;TERMACO;5007;Adesão do Ceará à Independência do Brasil;Estadual;CE
MOBIS BRASIL FABRICACAO DE AUTO PECAS LT;RODOVIARIO;1553750;05/08/2026;1;355999;05/08/2026;URCA MOTORS VEICULOS LTDA;8,77E+12;RIO VERDE;GO;05/08/2026;17/08/2026;13/08/2026;Entregue No Prazo;;Entrega realizada;Entrega Finalizada;17;8;5;8;RIO VERMELHO;9014;Adesão do Ceará à Independência do Brasil;Estadual;CE
MOBIS BRASIL FABRICACAO DE AUTO PECAS LT;RODOVIARIO;1554158;05/08/2026;1;356025;05/08/2026;SEVEL VEICULOS LTDA;1,07E+13;ARACAJU;SE;05/08/2026;18/08/2026;13/08/2026;Entregue No Prazo;;Entrega realizada;Entrega Finalizada;18;8;5;8;TERMACO;25001;;;
MOBIS BRASIL FABRICACAO DE AUTO PECAS LT;RODOVIARIO;1553741;05/08/2026;1;356019;05/08/2026;ORVEL AUTOMOTOR HYD LTDA;2,52E+13;TEIXEIRA DE FREITAS;BA;05/08/2026;20/08/2026;13/08/2026;Entregue No Prazo;;Entrega realizada;Entrega Finalizada;20;8;5;8;TERMACO;5011;;;
MOBIS BRASIL FABRICACAO DE AUTO PECAS LT;RODOVIARIO;1553751;05/08/2026;1;356022;05/08/2026;PATEO COMERCIO DE VEICULOS S A;7,78E+12;SAO LUIS;MA;05/08/2026;20/08/2026;13/08/2026;Entregue No Prazo;;Entrega realizada;Entrega Finalizada;20;8;5;8;TERMACO;10002;;;
MOBIS BRASIL FABRICACAO DE AUTO PECAS LT;RODOVIARIO;1553767;05/08/2026;8;356017;05/08/2026;JPN PATOS COMERCIO DE VEICULOS LTDA;4,20E+13;PATOS;PB;05/08/2026;21/08/2026;13/08/2026;Entregue No Prazo;;Entrega realizada;Entrega Finalizada;21;8;5;8;TERMACO;15004;;;
MOBIS BRASIL FABRICACAO DE AUTO PECAS LT;RODOVIARIO;1553768;05/08/2026;4;356002;05/08/2026;AUTORAC VEICULOS LTDA;1,06E+13;CARUARU;PE;05/08/2026;21/08/2026;13/08/2026;Entregue No Prazo;;Entrega realizada;Entrega Finalizada;21;8;5;8;TERMACO;16001;;;
MOBIS BRASIL FABRICACAO DE AUTO PECAS LT;RODOVIARIO;1554500;06/08/2026;3;356183;06/08/2026;NISA COMERCIAL DE VEIC. AUTOMOTORES LTDA;1,03E+13;APARECIDA DE GOIANIA;GO;06/08/2026;14/08/2026;13/08/2026;Entregue No Prazo;;Entrega realizada;Entrega Finalizada;14;8;6;8;RIO VERMELHO;9002;;;
MOBIS BRASIL FABRICACAO DE AUTO PECAS LT;RODOVIARIO;1554501;06/08/2026;68;356187;06/08/2026;SAGA KOREA COM. DE VEIC. E PC. LTDA;1,27E+13;GOIANIA;GO;06/08/2026;14/08/2026;13/08/2026;Entregue No Prazo;;Entrega realizada;Entrega Finalizada;14;8;6;8;RIO VERMELHO;9011;;;
MOBIS BRASIL FABRICACAO DE AUTO PECAS LT;RODOVIARIO;1554518;06/08/2026;1;356221;06/08/2026;UNIQUE COMERCIO DE AUTOMOVEIS LTDA;1,74E+13;ANANINDEUA;PA;06/08/2026;19/08/2026;13/08/2026;Entregue No Prazo;;Entrega realizada;Entrega Finalizada;19;8;6;8;CARVALIMA;14003;;;
MOBIS BRASIL FABRICACAO DE AUTO PECAS LT;RODOVIARIO;1554495;06/08/2026;2;356215;06/08/2026;SAINT LAND COMERCIO DE VEICULOS LTDA;1,04E+13;JUAZEIRO DO NORTE;CE;06/08/2026;24/08/2026;13/08/2026;Entregue No Prazo;;Entrega realizada;Entrega Finalizada;24;8;6;8;TERMACO;6010;;;
MOBIS BRASIL FABRICACAO DE AUTO PECAS LT;RODOVIARIO;1555231;07/08/2026;2;356337;07/08/2026;AMX COM. E SERVICOS DE AUTOMOTORES LTDA;1,20E+13;RIO DE JANEIRO;RJ;07/08/2026;13/08/2026;13/08/2026;Entregue No Prazo;;Entrega realizada;Entrega Finalizada;13;8;7;8;CAMILO;19009;;;
MOBIS BRASIL FABRICACAO DE AUTO PECAS LT;RODOVIARIO;1555242;07/08/2026;6;356454;07/08/2026;CARWAY SUL VEICULOS LTDA;1,03E+13;CANOAS;RS;07/08/2026;13/08/2026;13/08/2026;Entregue No Prazo;;Entrega realizada;Entrega Finalizada;13;8;7;8;TRANSTRY;23003;;;
MOBIS BRASIL FABRICACAO DE AUTO PECAS LT;RODOVIARIO;1555196;07/08/2026;1;356364;07/08/2026;PRIME CACHOEIRO VEICULOS LTDA;9,34E+12;CACHOEIRO DE ITAPEMIRIM;ES;07/08/2026;17/08/2026;13/08/2026;Entregue No Prazo;;Entrega realizada;Entrega Finalizada;17;8;7;8;CAMILO;8004;Adesão do Ceará à Independência do Brasil;Estadual;CE
MOBIS BRASIL FABRICACAO DE AUTO PECAS LT;RODOVIARIO;1555197;07/08/2026;1;356324;07/08/2026;NISA COMERCIAL DE VEIC. AUTOMOTORES LTDA;1,03E+13;APARECIDA DE GOIANIA;GO;07/08/2026;17/08/2026;13/08/2026;Entregue No Prazo;;Entrega realizada;Entrega Finalizada;17;8;7;8;RIO VERMELHO;9002;Adesão do Ceará à Independência do Brasil;Estadual;CE
MOBIS BRASIL FABRICACAO DE AUTO PECAS LT;RODOVIARIO;1555198;07/08/2026;2;356324;07/08/2026;NISA COMERCIAL DE VEIC. AUTOMOTORES LTDA;1,03E+13;APARECIDA DE GOIANIA;GO;07/08/2026;17/08/2026;13/08/2026;Entregue No Prazo;;Entrega realizada;Entrega Finalizada;17;8;7;8;RIO VERMELHO;9002;Adesão do Ceará à Independência do Brasil;Estadual;CE
MOBIS BRASIL FABRICACAO DE AUTO PECAS LT;RODOVIARIO;1555199;07/08/2026;3;356328;07/08/2026;SAGA KOREA COM. DE VEIC. E PC. LTDA;1,27E+13;GOIANIA;GO;07/08/2026;17/08/2026;13/08/2026;Entregue No Prazo;;Entrega realizada;Entrega Finalizada;17;8;7;8;RIO VERMELHO;9011;Adesão do Ceará à Independência do Brasil;Estadual;CE
MOBIS BRASIL FABRICACAO DE AUTO PECAS LT;RODOVIARIO;1555214;07/08/2026;3;356365;07/08/2026;SAGA ASIA COM. DE VEIC.PC.E SERV. LTDA;2,23E+13;VARZEA GRANDE;MT;07/08/2026;18/08/2026;13/08/2026;Entregue No Prazo;;Entrega realizada;Entrega Finalizada;18;8;7;8;CARVALIMA;13004;;;
MOBIS BRASIL FABRICACAO DE AUTO PECAS LT;RODOVIARIO;1556031;10/08/2026;15;356538;10/08/2026;TAI MOTORS VEICULOS S/A;9,27E+12;BELO HORIZONTE;MG;10/08/2026;13/08/2026;13/08/2026;Entregue No Prazo;;Entrega realizada;Entrega Finalizada;13;8;10;8;XD BETIM;8002;;;
MOBIS BRASIL FABRICACAO DE AUTO PECAS LT;RODOVIARIO;1556032;10/08/2026;18;356527;10/08/2026;CARBEL KOREA VEICULOS LTDA;2,07E+13;BELO HORIZONTE;MG;10/08/2026;13/08/2026;13/08/2026;Entregue No Prazo;;Entrega realizada;Entrega Finalizada;13;8;10;8;XD BETIM;11021;;;
MOBIS BRASIL FABRICACAO DE AUTO PECAS LT;RODOVIARIO;1556037;10/08/2026;13;356524;10/08/2026;BDG AUTOVILLE VEICULOS LTDA;4,77E+13;CONTAGEM;MG;10/08/2026;13/08/2026;13/08/2026;Entregue No Prazo;;Entrega realizada;Entrega Finalizada;13;8;10;8;XD BETIM;11037;;;
MOBIS BRASIL FABRICACAO DE AUTO PECAS LT;RODOVIARIO;1556055;10/08/2026;1;356711;10/08/2026;BARI VEICULOS LTDA;7,46E+12;GUARAPUAVA;PR;10/08/2026;14/08/2026;13/08/2026;Entregue No Prazo;;Entrega realizada;Entrega Finalizada;14;8;10;8;TRANSTRY;18024;;;
MOBIS BRASIL FABRICACAO DE AUTO PECAS LT;RODOVIARIO;1556063;10/08/2026;1;356596;10/08/2026;CAOA MOTOR DO BRASIL LTDA;1,68E+13;NITEROI;RJ;10/08/2026;14/08/2026;13/08/2026;Entregue No Prazo;;Entrega realizada;Entrega Finalizada;14;8;10;8;CAMILO;5008;;;
MOBIS BRASIL FABRICACAO DE AUTO PECAS LT;RODOVIARIO;1556072;10/08/2026;2;356716;10/08/2026;CARWAY SUL VEICULOS LTDA;1,03E+13;CANOAS;RS;10/08/2026;14/08/2026;13/08/2026;Entregue No Prazo;;Entrega realizada;Entrega Finalizada;14;8;10;8;TRANSTRY;23003;;;
MOBIS BRASIL FABRICACAO DE AUTO PECAS LT;RODOVIARIO;1556020;10/08/2026;14;356627;10/08/2026;VIA BRASIL AUTOMOVEIS LTDA.;4,72E+12;SERRA;ES;10/08/2026;17/08/2026;13/08/2026;Entregue No Prazo;;Entrega realizada;Entrega Finalizada;17;8;10;8;CAMILO;8001;Adesão do Ceará à Independência do Brasil;Estadual;CE
MOBIS BRASIL FABRICACAO DE AUTO PECAS LT;RODOVIARIO;1556082;10/08/2026;1;356731;10/08/2026;LS COMERCIO DE AUTOMOVEIS LTDA.;1,03E+13;BRUSQUE;SC;10/08/2026;17/08/2026;13/08/2026;Entregue No Prazo;;Entrega realizada;Entrega Finalizada;17;8;10;8;TRANSTRY;24006;Adesão do Ceará à Independência do Brasil;Estadual;CE
MOBIS BRASIL FABRICACAO DE AUTO PECAS LT;RODOVIARIO;1556084;10/08/2026;2;356715;10/08/2026;BARI VEICULOS LTDA;7,46E+12;BLUMENAU;SC;10/08/2026;17/08/2026;13/08/2026;Entregue No Prazo;;Entrega realizada;Entrega Finalizada;17;8;10;8;TRANSTRY;18024;Adesão do Ceará à Independência do Brasil;Estadual;CE
MOBIS BRASIL FABRICACAO DE AUTO PECAS LT;RODOVIARIO;1556085;10/08/2026;12;356715;10/08/2026;BARI VEICULOS LTDA;7,46E+12;BLUMENAU;SC;10/08/2026;17/08/2026;13/08/2026;Entregue No Prazo;;Entrega realizada;Entrega Finalizada;17;8;10;8;TRANSTRY;18024;Adesão do Ceará à Independência do Brasil;Estadual;CE
MOBIS BRASIL FABRICACAO DE AUTO PECAS LT;RODOVIARIO;1556087;10/08/2026;1;356722;10/08/2026;GAMBATTO H1 VEICULOS LTDA;1,94E+13;CHAPECO;SC;10/08/2026;17/08/2026;13/08/2026;Entregue No Prazo;;Entrega realizada;Entrega Finalizada;17;8;10;8;TRANSTRY;24018;Adesão do Ceará à Independência do Brasil;Estadual;CE
MOBIS BRASIL FABRICACAO DE AUTO PECAS LT;RODOVIARIO;1556492;10/08/2026;2;356539;10/08/2026;TECAR TRILHAS AUTOMOVEIS E SERVICOS LTDA;2,32E+13;DIVINOPOLIS;MG;10/08/2026;17/08/2026;13/08/2026;Entregue No Prazo;;Entrega realizada;Entrega Finalizada;17;8;10;8;XD BETIM;11039;Adesão do Ceará à Independência do Brasil;Estadual;CE
MOBIS BRASIL FABRICACAO DE AUTO PECAS LT;RODOVIARIO;1556022;10/08/2026;2;356618;10/08/2026;PRIME CACHOEIRO VEICULOS LTDA;9,34E+12;LINHARES;ES;10/08/2026;18/08/2026;13/08/2026;Entregue No Prazo;;Entrega realizada;Entrega Finalizada;18;8;10;8;CAMILO;8004;;;
MOBIS BRASIL FABRICACAO DE AUTO PECAS LT;RODOVIARIO;1556038;10/08/2026;8;356604;10/08/2026;GOLDEN MOTORS VEICULOS LTDA;3,62E+12;DOURADOS;MS;10/08/2026;18/08/2026;13/08/2026;Entregue No Prazo;;Entrega realizada;Entrega Finalizada;18;8;10;8;CARVALIMA;12001;;;
MOBIS BRASIL FABRICACAO DE AUTO PECAS LT;RODOVIARIO;1556041;10/08/2026;1;356610;10/08/2026;JPG MOTORS COMERCIO DE VEICULOS LTDA;2,91E+13;CAMPO GRANDE;MS;10/08/2026;18/08/2026;13/08/2026;Entregue No Prazo;;Entrega realizada;Entrega Finalizada;18;8;10;8;CARVALIMA;12005;;;
MOBIS BRASIL FABRICACAO DE AUTO PECAS LT;RODOVIARIO;1556088;10/08/2026;1;356718;10/08/2026;CHINHAN AUTOMOVEIS LTDA;2,41E+13;CONCORDIA;SC;10/08/2026;18/08/2026;13/08/2026;Entregue No Prazo;;Entrega realizada;Entrega Finalizada;18;8;10;8;TRANSTRY;23019;;;
MOBIS BRASIL FABRICACAO DE AUTO PECAS LT;RODOVIARIO;1556044;10/08/2026;2;356600;10/08/2026;COMETA MATO GROSSO COM. DE VEICULOS LTDA;1,54E+13;RONDONOPOLIS;MT;10/08/2026;20/08/2026;13/08/2026;Entregue No Prazo;;Entrega realizada;Entrega Finalizada;20;8;10;8;CARVALIMA;13006;;;
MOBIS BRASIL FABRICACAO DE AUTO PECAS LT;RODOVIARIO;1556887;11/08/2026;14;356761;11/08/2026;CHS MOTORS VEICULOS PECAS E SERV. LTDA.;1,69E+13;SAO PAULO;SP;11/08/2026;13/08/2026;13/08/2026;Entregue No Prazo;;Entrega realizada;Entrega Finalizada;13;8;11;8;XD DIADEMA;26036;;;
MOBIS BRASIL FABRICACAO DE AUTO PECAS LT;RODOVIARIO;1556902;11/08/2026;2;356760;11/08/2026;CAOA MOTOR DO BRASIL LTDA (INDIANOPOLIS);1,68E+13;SAO PAULO;SP;11/08/2026;13/08/2026;13/08/2026;Entregue No Prazo;;Entrega realizada;Entrega Finalizada;13;8;11;8;XD DIADEMA;26091;;;
MOBIS BRASIL FABRICACAO DE AUTO PECAS LT;RODOVIARIO;1556840;11/08/2026;4;356904;11/08/2026;LOVAT VEICULOS S/A;8,57E+12;LONDRINA;PR;11/08/2026;17/08/2026;13/08/2026;Entregue No Prazo;;Entrega realizada;Entrega Finalizada;17;8;11;8;TRANSTRY;18008;Adesão do Ceará à Independência do Brasil;Estadual;CE
MOBIS BRASIL FABRICACAO DE AUTO PECAS LT;RODOVIARIO;1556846;11/08/2026;5;356910;11/08/2026;VETOR AUTOMOVEIS LTDA;2,12E+13;CASCAVEL;PR;11/08/2026;17/08/2026;13/08/2026;Entregue No Prazo;;Entrega realizada;Entrega Finalizada;17;8;11;8;TRANSTRY;18019;Adesão do Ceará à Independência do Brasil;Estadual;CE
MOBIS BRASIL FABRICACAO DE AUTO PECAS LT;RODOVIARIO;1556847;11/08/2026;3;356895;11/08/2026;BARI VEICULOS LTDA;7,46E+12;PONTA GROSSA;PR;11/08/2026;17/08/2026;13/08/2026;Entregue No Prazo;;Entrega realizada;Entrega Finalizada;17;8;11;8;TRANSTRY;18024;Adesão do Ceará à Independência do Brasil;Estadual;CE
MOBIS BRASIL FABRICACAO DE AUTO PECAS LT;RODOVIARIO;1556848;11/08/2026;4;356895;11/08/2026;BARI VEICULOS LTDA;7,46E+12;PONTA GROSSA;PR;11/08/2026;17/08/2026;13/08/2026;Entregue No Prazo;;Entrega realizada;Entrega Finalizada;17;8;11;8;TRANSTRY;18024;Adesão do Ceará à Independência do Brasil;Estadual;CE
MOBIS BRASIL FABRICACAO DE AUTO PECAS LT;RODOVIARIO;1556853;11/08/2026;46;356836;11/08/2026;ITAVEMA MOTORS VEICULOS LTDA;7,73E+12;RIO DE JANEIRO;RJ;11/08/2026;17/08/2026;13/08/2026;Entregue No Prazo;;Entrega realizada;Entrega Finalizada;17;8;11;8;CAMILO;19001;Adesão do Ceará à Independência do Brasil;Estadual;CE
MOBIS BRASIL FABRICACAO DE AUTO PECAS LT;RODOVIARIO;1556855;11/08/2026;2;356820;11/08/2026;CAOA MOTOR DO BRASIL LTDA;1,68E+13;NITEROI;RJ;11/08/2026;17/08/2026;13/08/2026;Entregue No Prazo;;Entrega realizada;Entrega Finalizada;17;8;11;8;CAMILO;5008;Adesão do Ceará à Independência do Brasil;Estadual;CE
MOBIS BRASIL FABRICACAO DE AUTO PECAS LT;RODOVIARIO;1556857;11/08/2026;1;356819;11/08/2026;CAOA MOTOR DO BRASIL LTDA;1,68E+13;RIO DE JANEIRO;RJ;11/08/2026;17/08/2026;13/08/2026;Entregue No Prazo;;Entrega realizada;Entrega Finalizada;17;8;11;8;CAMILO;5008;Adesão do Ceará à Independência do Brasil;Estadual;CE
MOBIS BRASIL FABRICACAO DE AUTO PECAS LT;RODOVIARIO;1556876;11/08/2026;1;356896;11/08/2026;BARI VEICULOS LTDA.;7,46E+12;ITAJAI;SC;11/08/2026;17/08/2026;13/08/2026;Entregue No Prazo;;Entrega realizada;Entrega Finalizada;17;8;11;8;TRANSTRY;24014;Adesão do Ceará à Independência do Brasil;Estadual;CE
MOBIS BRASIL FABRICACAO DE AUTO PECAS LT;RODOVIARIO;1556894;11/08/2026;1;356787;11/08/2026;GOLDEN MOTORS VEICULOS LTDA;3,62E+12;PRESIDENTE PRUDENTE;SP;11/08/2026;17/08/2026;13/08/2026;Entregue No Prazo;;Entrega realizada;Entrega Finalizada;17;8;11;8;MVT;12001;Adesão do Ceará à Independência do Brasil;Estadual;CE
MOBIS BRASIL FABRICACAO DE AUTO PECAS LT;RODOVIARIO;1556895;11/08/2026;1;356786;11/08/2026;DHC COMERCIO DE VEICULOS E PECAS LTDA;9,52E+12;MARILIA;SP;11/08/2026;17/08/2026;13/08/2026;Entregue No Prazo;;Entrega realizada;Entrega Finalizada;17;8;11;8;MVT;26010;Adesão do Ceará à Independência do Brasil;Estadual;CE
MOBIS BRASIL FABRICACAO DE AUTO PECAS LT;RODOVIARIO;1556842;11/08/2026;4;356907;11/08/2026;SANTA FE VEICULOS LTDA.;1,16E+13;FRANCISCO BELTRAO;PR;11/08/2026;18/08/2026;13/08/2026;Entregue No Prazo;;Entrega realizada;Entrega Finalizada;18;8;11;8;TRANSTRY;18010;;;
MOBIS BRASIL FABRICACAO DE AUTO PECAS LT;RODOVIARIO;1556844;11/08/2026;3;356911;11/08/2026;ZENDAI VEICULOS LTDA;1,97E+13;TOLEDO;PR;11/08/2026;18/08/2026;13/08/2026;Entregue No Prazo;;Entrega realizada;Entrega Finalizada;18;8;11;8;TRANSTRY;18016;;;
MOBIS BRASIL FABRICACAO DE AUTO PECAS LT;RODOVIARIO;1556845;11/08/2026;1;356911;11/08/2026;ZENDAI VEICULOS LTDA;1,97E+13;TOLEDO;PR;11/08/2026;18/08/2026;13/08/2026;Entregue No Prazo;;Entrega realizada;Entrega Finalizada;18;8;11;8;TRANSTRY;18016;;;
MOBIS BRASIL FABRICACAO DE AUTO PECAS LT;RODOVIARIO;1556872;11/08/2026;1;356906;11/08/2026;LS COMERCIO DE AUTOMOVEIS LTDA.;1,03E+13;BRUSQUE;SC;11/08/2026;18/08/2026;13/08/2026;Entregue No Prazo;;Entrega realizada;Entrega Finalizada;18;8;11;8;TRANSTRY;24006;;;
MOBIS BRASIL FABRICACAO DE AUTO PECAS LT;RODOVIARIO;1556874;11/08/2026;3;356893;11/08/2026;BARI VEICULOS LTDA;7,46E+12;BLUMENAU;SC;11/08/2026;18/08/2026;13/08/2026;Entregue No Prazo;;Entrega realizada;Entrega Finalizada;18;8;11;8;TRANSTRY;18024;;;
MOBIS BRASIL FABRICACAO DE AUTO PECAS LT;RODOVIARIO;1556875;11/08/2026;14;356893;11/08/2026;BARI VEICULOS LTDA;7,46E+12;BLUMENAU;SC;11/08/2026;18/08/2026;13/08/2026;Entregue No Prazo;;Entrega realizada;Entrega Finalizada;18;8;11;8;TRANSTRY;18024;;;
MOBIS BRASIL FABRICACAO DE AUTO PECAS LT;RODOVIARIO;1556877;11/08/2026;1;356899;11/08/2026;CHINHAN AUTOMOVEIS LTDA;2,41E+13;CONCORDIA;SC;11/08/2026;19/08/2026;13/08/2026;Entregue No Prazo;;Entrega realizada;Entrega Finalizada;19;8;11;8;TRANSTRY;23019;;;
MOBIS BRASIL FABRICACAO DE AUTO PECAS LT;RODOVIARIO;1557752;12/08/2026;1;356942;12/08/2026;BILLY DISTRIBUIDORA DE VEICULOS LTDA;1,34E+13;BARUERI;SP;12/08/2026;14/08/2026;13/08/2026;Entregue No Prazo;;Entrega realizada;Entrega Finalizada;14;8;12;8;XD DIADEMA;26003;;;
MOBIS BRASIL FABRICACAO DE AUTO PECAS LT;RODOVIARIO;1557762;12/08/2026;9;356946;12/08/2026;CAOA MOTOR DO BRASIL LTDA (VL PRUDENTE);1,68E+13;SAO PAULO;SP;12/08/2026;14/08/2026;13/08/2026;Entregue No Prazo;;Entrega realizada;Entrega Finalizada;14;8;12;8;XD DIADEMA;26051;;;
MOBIS BRASIL FABRICACAO DE AUTO PECAS LT;RODOVIARIO;1557767;12/08/2026;2;356952;12/08/2026;NOBRE SP DISTRIB. DE VEIC. E PEC. LTDA;1,70E+13;SAO PAULO;SP;12/08/2026;14/08/2026;13/08/2026;Entregue No Prazo;;Entrega realizada;Entrega Finalizada;14;8;12;8;XD DIADEMA;26081;;;
MOBIS BRASIL FABRICACAO DE AUTO PECAS LT;RODOVIARIO;1557772;12/08/2026;3;356944;12/08/2026;CAOA MOTOR DO BRASIL LTDA;1,68E+13;SAO PAULO;SP;12/08/2026;14/08/2026;13/08/2026;Entregue No Prazo;;Entrega realizada;Entrega Finalizada;14;8;12;8;XD DIADEMA;5008;;;
MOBIS BRASIL FABRICACAO DE AUTO PECAS LT;RODOVIARIO;1557716;12/08/2026;6;357193;12/08/2026;SEVEC VEICULOS LTDA;5,68E+11;CURITIBA;PR;12/08/2026;17/08/2026;13/08/2026;Entregue No Prazo;;Entrega realizada;Entrega Finalizada;17;8;12;8;TRANSTRY;18012;Adesão do Ceará à Independência do Brasil;Estadual;CE
MOBIS BRASIL FABRICACAO DE AUTO PECAS LT;RODOVIARIO;1557753;12/08/2026;2;357016;12/08/2026;DHC COM DE VEICULOS E PECAS LTDA;9,52E+12;BAURU;SP;12/08/2026;17/08/2026;13/08/2026;Entregue No Prazo;;Entrega realizada;Entrega Finalizada;17;8;12;8;MVT;26010;Adesão do Ceará à Independência do Brasil;Estadual;CE
MOBIS BRASIL FABRICACAO DE AUTO PECAS LT;RODOVIARIO;1557765;12/08/2026;2;356948;12/08/2026;DESTAQUE SEUL DISTR. DE VEIC. E PC. LTDA;2,12E+13;ATIBAIA;SP;12/08/2026;17/08/2026;13/08/2026;Entregue No Prazo;;Entrega realizada;Entrega Finalizada;17;8;12;8;XD DIADEMA;26075;Adesão do Ceará à Independência do Brasil;Estadual;CE
MOBIS BRASIL FABRICACAO DE AUTO PECAS LT;RODOVIARIO;1558085;12/08/2026;4;357172;12/08/2026;BARI VEICULOS LTDA;7,46E+12;CURITIBA;PR;12/08/2026;17/08/2026;13/08/2026;Entregue No Prazo;;Entrega realizada;Entrega Finalizada;17;8;12;8;TRANSTRY;18024;Adesão do Ceará à Independência do Brasil;Estadual;CE
MOBIS BRASIL FABRICACAO DE AUTO PECAS LT;RODOVIARIO;1558088;12/08/2026;2;357014;12/08/2026;ANDRETA II DISTRIBUIDORA DE VEIC;9,10E+12;JUNDIAI;SP;12/08/2026;17/08/2026;13/08/2026;Entregue No Prazo;;Entrega realizada;Entrega Finalizada;17;8;12;8;MVT;26040;Adesão do Ceará à Independência do Brasil;Estadual;CE
MOBIS BRASIL FABRICACAO DE AUTO PECAS LT;RODOVIARIO;1557721;12/08/2026;2;357176;12/08/2026;BARI VEICULOS LTDA;7,46E+12;SAO JOSE DOS PINHAIS;PR;12/08/2026;18/08/2026;13/08/2026;Entregue No Prazo;;Entrega realizada;Entrega Finalizada;18;8;12;8;TRANSTRY;18024;;;
MOBIS BRASIL FABRICACAO DE AUTO PECAS LT;RODOVIARIO;1557751;12/08/2026;3;357020;12/08/2026;HYMAX DISTRIBUIDORA DE VEICULOS LTDA;1,73E+13;MOGI GUACU;SP;12/08/2026;18/08/2026;13/08/2026;Entregue No Prazo;;Entrega realizada;Entrega Finalizada;18;8;12;8;MVT;26002;;;
MOBIS BRASIL FABRICACAO DE AUTO PECAS LT;RODOVIARIO;1557770;12/08/2026;3;357018;12/08/2026;H - CAMINHO AUTOMOVEIS LTDA;2,53E+13;PIRACICABA;SP;12/08/2026;18/08/2026;13/08/2026;Entregue No Prazo;;Entrega realizada;Entrega Finalizada;18;8;12;8;MVT;26092;;;
MOBIS BRASIL FABRICACAO DE AUTO PECAS LT;RODOVIARIO;1557771;12/08/2026;1;357022;12/08/2026;NEW VEICULOS E PECAS LTDA;1,59E+13;BARRETOS;SP;12/08/2026;18/08/2026;13/08/2026;Entregue No Prazo;;Entrega realizada;Entrega Finalizada;18;8;12;8;MVT;26014;;;
MOBIS BRASIL FABRICACAO DE AUTO PECAS LT;RODOVIARIO;1557757;12/08/2026;2;357201;13/08/2026;BILLY DISTRIBUIDORA DE VEICULOS LTDA;1,34E+13;SAO CAETANO DO SUL;SP;13/08/2026;17/08/2026;13/08/2026;Entregue No Prazo;;Entrega realizada;Entrega Finalizada;17;8;13;8;BV LOG;26003;Adesão do Ceará à Independência do Brasil;Estadual;CE
MOBIS BRASIL FABRICACAO DE AUTO PECAS LT;RODOVIARIO;1557758;12/08/2026;31;357201;13/08/2026;BILLY DISTRIBUIDORA DE VEICULOS LTDA;1,34E+13;SAO CAETANO DO SUL;SP;13/08/2026;17/08/2026;13/08/2026;Entregue No Prazo;;Entrega realizada;Entrega Finalizada;17;8;13;8;BV LOG;26003;Adesão do Ceará à Independência do Brasil;Estadual;CE
MOBIS BRASIL FABRICACAO DE AUTO PECAS LT;RODOVIARIO;1557768;12/08/2026;6;357203;13/08/2026;GRANDAY AUTOMOTORES LTDA (CHAC. CALIFOR);1,57E+13;SAO PAULO;SP;13/08/2026;17/08/2026;13/08/2026;Entregue No Prazo;;Entrega realizada;Entrega Finalizada;17;8;13;8;BV LOG;26090;Adesão do Ceará à Independência do Brasil;Estadual;CE
MOBIS BRASIL FABRICACAO DE AUTO PECAS LT;RODOVIARIO;1557769;12/08/2026;7;357202;13/08/2026;CAOA MOTOR DO BRASIL LTDA;1,68E+13;SAO PAULO;SP;13/08/2026;17/08/2026;13/08/2026;Entregue No Prazo;;Entrega realizada;Entrega Finalizada;17;8;13;8;BV LOG;5008;Adesão do Ceará à Independência do Brasil;Estadual;CE
MOBIS BRASIL FABRICACAO DE AUTO PECAS LT;RODOVIARIO;1550575;29/07/2026;5;354874;30/07/2026;TRIAUTO KOREA AUTOMOVEIS LTDA;4,99E+13;CATALAO;GO;30/07/2026;13/08/2026;14/08/2026;Entregue Fora do Prazo;;Entrega realizada;Entrega Finalizada;13;8;30;7;RIO VERMELHO;9018;;;
MOBIS BRASIL FABRICACAO DE AUTO PECAS LT;RODOVIARIO;1552037;31/07/2026;7;355587;03/08/2026;SAINT LAND COMERCIO DE VEICULOS LTDA;1,04E+13;NATAL;RN;03/08/2026;18/08/2026;14/08/2026;Entregue No Prazo;;Entrega realizada;Entrega Finalizada;18;8;3;8;TERMACO;6010;;;
MOBIS BRASIL FABRICACAO DE AUTO PECAS LT;RODOVIARIO;1552038;31/07/2026;5;355587;03/08/2026;SAINT LAND COMERCIO DE VEICULOS LTDA;1,04E+13;NATAL;RN;03/08/2026;18/08/2026;14/08/2026;Entregue No Prazo;;Entrega realizada;Entrega Finalizada;18;8;3;8;TERMACO;6010;;;
MOBIS BRASIL FABRICACAO DE AUTO PECAS LT;RODOVIARIO;1552015;31/07/2026;6;355580;03/08/2026;JPN PATOS COMERCIO DE VEICULOS LTDA;4,20E+13;PATOS;PB;03/08/2026;19/08/2026;14/08/2026;Entregue No Prazo;;Entrega realizada;Entrega Finalizada;19;8;3;8;TERMACO;15004;;;
MOBIS BRASIL FABRICACAO DE AUTO PECAS LT;RODOVIARIO;1552020;31/07/2026;2;355577;03/08/2026;GREEN CITY VEICULOS LTDA;2,10E+13;TERESINA;PI;03/08/2026;19/08/2026;14/08/2026;Entregue No Prazo;;Entrega realizada;Entrega Finalizada;19;8;3;8;TERMACO;17002;;;
MOBIS BRASIL FABRICACAO DE AUTO PECAS LT;RODOVIARIO;1552036;31/07/2026;7;355581;03/08/2026;ORIENTE AUTOMOVEIS LTDA;1,33E+13;PARNAMIRIM;RN;03/08/2026;19/08/2026;14/08/2026;Entregue No Prazo;;Entrega realizada;Entrega Finalizada;19;8;3;8;TERMACO;20001;;;
MOBIS BRASIL FABRICACAO DE AUTO PECAS LT;RODOVIARIO;1551978;31/07/2026;1;355555;03/08/2026;PATEO COMERCIO DE VEICULOS S A;7,78E+12;MANAUS;AM;03/08/2026;27/08/2026;14/08/2026;Entregue No Prazo;;Entrega realizada;Entrega Finalizada;27;8;3;8;CARVALIMA;3002;Aniversário do Município;Americana;SP
MOBIS BRASIL FABRICACAO DE AUTO PECAS LT;RODOVIARIO;1553006;04/08/2026;3;355840;04/08/2026;CHINHAN AUTOMOVEIS LTDA.;2,41E+13;CACADOR;SC;04/08/2026;13/08/2026;14/08/2026;Entregue Fora do Prazo;;Entrega realizada;Entrega Finalizada;13;8;4;8;TRANSTRY;24020;;;
MOBIS BRASIL FABRICACAO DE AUTO PECAS LT;RODOVIARIO;1552989;04/08/2026;5;355816;04/08/2026;SAINT LAND COMERCIO DE VEICULOS LTDA;1,04E+13;NATAL;RN;04/08/2026;19/08/2026;14/08/2026;Entregue No Prazo;;Entrega realizada;Entrega Finalizada;19;8;4;8;TERMACO;6010;;;
MOBIS BRASIL FABRICACAO DE AUTO PECAS LT;RODOVIARIO;1552946;04/08/2026;1;355828;04/08/2026;VIA NORTE COM. E IMPORT. DE VEIC. LTDA;1,25E+13;SOBRAL;CE;04/08/2026;20/08/2026;14/08/2026;Entregue No Prazo;;Entrega realizada;Entrega Finalizada;20;8;4;8;TERMACO;6002;;;
MOBIS BRASIL FABRICACAO DE AUTO PECAS LT;RODOVIARIO;1552947;04/08/2026;2;355817;04/08/2026;SAINT LAND COMERCIO DE VEICULOS LTDA;1,04E+13;JUAZEIRO DO NORTE;CE;04/08/2026;20/08/2026;14/08/2026;Entregue No Prazo;;Entrega realizada;Entrega Finalizada;20;8;4;8;TERMACO;6010;;;
MOBIS BRASIL FABRICACAO DE AUTO PECAS LT;RODOVIARIO;1552973;04/08/2026;2;355805;04/08/2026;JPN COMERCIO DE AUTOMOVEIS LTDA;2,61E+13;GARANHUNS;PE;04/08/2026;20/08/2026;14/08/2026;Entregue No Prazo;;Entrega realizada;Entrega Finalizada;20;8;4;8;TERMACO;16009;;;
MOBIS BRASIL FABRICACAO DE AUTO PECAS LT;RODOVIARIO;1552974;04/08/2026;6;355790;04/08/2026;AUTORAC VEICULOS LTDA;1,06E+13;PETROLINA;PE;04/08/2026;20/08/2026;14/08/2026;Entregue No Prazo;;Entrega realizada;Entrega Finalizada;20;8;4;8;TERMACO;16001;;;
MOBIS BRASIL FABRICACAO DE AUTO PECAS LT;RODOVIARIO;1552975;04/08/2026;2;355802;04/08/2026;GREEN CITY VEICULOS LTDA;2,10E+13;TERESINA;PI;04/08/2026;20/08/2026;14/08/2026;Entregue No Prazo;;Entrega realizada;Entrega Finalizada;20;8;4;8;TERMACO;17002;;;
MOBIS BRASIL FABRICACAO DE AUTO PECAS LT;RODOVIARIO;1552987;04/08/2026;13;355807;04/08/2026;ORIENTE AUTOMOVEIS LTDA;1,33E+13;PARNAMIRIM;RN;04/08/2026;20/08/2026;14/08/2026;Entregue No Prazo;;Entrega realizada;Entrega Finalizada;20;8;4;8;TERMACO;20001;;;
MOBIS BRASIL FABRICACAO DE AUTO PECAS LT;RODOVIARIO;1554508;06/08/2026;2;356180;06/08/2026;GNC GRANDE COREIA MINAS GERAIS COMERCIO;4,27E+13;MONTES CLAROS;MG;06/08/2026;13/08/2026;14/08/2026;Entregue Fora do Prazo;;Entrega realizada;Entrega Finalizada;13;8;6;8;XD BETIM;11035;;;
MOBIS BRASIL FABRICACAO DE AUTO PECAS LT;RODOVIARIO;1554510;06/08/2026;1;356186;06/08/2026;RITMO MOTORS LTDA;1,94E+13;PASSOS;MG;06/08/2026;13/08/2026;14/08/2026;Entregue Fora do Prazo;;Entrega realizada;Entrega Finalizada;13;8;6;8;XD BETIM;11040;;;
MOBIS BRASIL FABRICACAO DE AUTO PECAS LT;RODOVIARIO;1554542;06/08/2026;5;356233;06/08/2026;HOUSE PARTS - COM. DE PECAS E VEIC. LTDA;1,15E+13;SANTA MARIA;RS;06/08/2026;14/08/2026;14/08/2026;Entregue No Prazo;;Entrega realizada;Entrega Finalizada;14;8;6;8;TRANSTRY;23008;;;
MOBIS BRASIL FABRICACAO DE AUTO PECAS LT;RODOVIARIO;1554517;06/08/2026;3;356214;06/08/2026;SAGA SEUL COMERCIO DE VEICULOS, PECAS E;2,23E+13;CUIABA;MT;06/08/2026;17/08/2026;14/08/2026;Entregue No Prazo;Avaria;Entrega realizada;Entrega Finalizada;17;8;6;8;CARVALIMA;13005;Adesão do Ceará à Independência do Brasil;Estadual;CE
MOBIS BRASIL FABRICACAO DE AUTO PECAS LT;RODOVIARIO;1554494;06/08/2026;72;356195;06/08/2026;FAZZA MOTORS COMERCIO DE VEICULOS LTDA;1,24E+13;FORTALEZA;CE;06/08/2026;20/08/2026;14/08/2026;Entregue No Prazo;CTE RETIDO;Entrega realizada;Entrega Finalizada;20;8;6;8;TERMACO;5007;;;
MOBIS BRASIL FABRICACAO DE AUTO PECAS LT;RODOVIARIO;1554527;06/08/2026;4;356199;06/08/2026;GREEN CITY VEICULOS LTDA;2,10E+13;TERESINA;PI;06/08/2026;24/08/2026;14/08/2026;Entregue No Prazo;;Entrega realizada;Entrega Finalizada;24;8;6;8;TERMACO;17002;;;
MOBIS BRASIL FABRICACAO DE AUTO PECAS LT;RODOVIARIO;1555209;07/08/2026;12;356330;07/08/2026;TAI MOTORS VEICULOS S/A;9,27E+12;BELO HORIZONTE;MG;07/08/2026;12/08/2026;14/08/2026;Entregue Fora do Prazo;;Entrega realizada;Entrega Finalizada;12;8;7;8;XD BETIM;8002;;;
MOBIS BRASIL FABRICACAO DE AUTO PECAS LT;RODOVIARIO;1555210;07/08/2026;1;356311;07/08/2026;BDG AUTOVILLE VEICULOS LTDA;4,77E+13;CONTAGEM;MG;07/08/2026;12/08/2026;14/08/2026;Entregue Fora do Prazo;;Entrega realizada;Entrega Finalizada;12;8;7;8;XD BETIM;11037;;;
MOBIS BRASIL FABRICACAO DE AUTO PECAS LT;RODOVIARIO;1555211;07/08/2026;22;356311;07/08/2026;BDG AUTOVILLE VEICULOS LTDA;4,77E+13;CONTAGEM;MG;07/08/2026;12/08/2026;14/08/2026;Entregue Fora do Prazo;;Entrega realizada;Entrega Finalizada;12;8;7;8;XD BETIM;11037;;;
MOBIS BRASIL FABRICACAO DE AUTO PECAS LT;RODOVIARIO;1555236;07/08/2026;3;356339;07/08/2026;CAOA MOTOR DO BRASIL LTDA;1,68E+13;NITEROI;RJ;07/08/2026;13/08/2026;14/08/2026;Entregue Fora do Prazo;;Entrega realizada;Entrega Finalizada;13;8;7;8;CAMILO;5008;;;
MOBIS BRASIL FABRICACAO DE AUTO PECAS LT;RODOVIARIO;1555243;07/08/2026;5;356459;07/08/2026;HOUSE PARTS - COM. DE PECAS E VEIC. LTDA;1,15E+13;SANTA MARIA;RS;07/08/2026;17/08/2026;14/08/2026;Entregue No Prazo;;Entrega realizada;Entrega Finalizada;17;8;7;8;TRANSTRY;23008;Adesão do Ceará à Independência do Brasil;Estadual;CE
MOBIS BRASIL FABRICACAO DE AUTO PECAS LT;RODOVIARIO;1555186;07/08/2026;45;356360;07/08/2026;PATEO COMERCIO DE VEICULOS S A;7,78E+12;SALVADOR;BA;07/08/2026;19/08/2026;14/08/2026;Entregue No Prazo;;Entrega realizada;Entrega Finalizada;19;8;7;8;TERMACO;5003;;;
MOBIS BRASIL FABRICACAO DE AUTO PECAS LT;RODOVIARIO;1555187;07/08/2026;6;356348;07/08/2026;FAZZA MOTORS COMERCIO DE VEICULOS LTDA;1,24E+13;SALVADOR;BA;07/08/2026;19/08/2026;14/08/2026;Entregue No Prazo;;Entrega realizada;Entrega Finalizada;19;8;7;8;TERMACO;5007;;;
MOBIS BRASIL FABRICACAO DE AUTO PECAS LT;RODOVIARIO;1555213;07/08/2026;3;356345;07/08/2026;COMETA MATO GROSSO COM. DE VEICULOS LTDA;1,54E+13;SINOP;MT;07/08/2026;19/08/2026;14/08/2026;Entregue No Prazo;;Entrega realizada;Entrega Finalizada;19;8;7;8;CARVALIMA;13003;;;
MOBIS BRASIL FABRICACAO DE AUTO PECAS LT;RODOVIARIO;1555190;07/08/2026;14;356347;07/08/2026;FAZZA MOTORS COMERCIO DE VEICULOS LTDA;1,24E+13;FORTALEZA;CE;07/08/2026;21/08/2026;14/08/2026;Entregue No Prazo;;Entrega realizada;Entrega Finalizada;21;8;7;8;TERMACO;5007;;;
MOBIS BRASIL FABRICACAO DE AUTO PECAS LT;RODOVIARIO;1555185;07/08/2026;9;356336;07/08/2026;AIKON VEICULOS LTDA;1,17E+13;VITORIA DA CONQUISTA;BA;07/08/2026;24/08/2026;14/08/2026;Entregue No Prazo;;Entrega realizada;Entrega Finalizada;24;8;7;8;TERMACO;5002;;;
MOBIS BRASIL FABRICACAO DE AUTO PECAS LT;RODOVIARIO;1555188;07/08/2026;4;356340;07/08/2026;CAOA MOTOR DO BRASIL LTDA;1,68E+13;LAURO DE FREITAS;BA;07/08/2026;24/08/2026;14/08/2026;Entregue No Prazo;;Entrega realizada;Entrega Finalizada;24;8;7;8;TERMACO;5008;;;
MOBIS BRASIL FABRICACAO DE AUTO PECAS LT;RODOVIARIO;1556033;10/08/2026;1;356541;10/08/2026;TOKSU COMERCIO DE VEICULOS LTDA;1,12E+13;VARGINHA;MG;10/08/2026;14/08/2026;14/08/2026;Entregue No Prazo;;Entrega realizada;Entrega Finalizada;14;8;10;8;XD BETIM;11008;;;
MOBIS BRASIL FABRICACAO DE AUTO PECAS LT;RODOVIARIO;1556034;10/08/2026;1;356545;10/08/2026;VIME POCOS COM. DE VEICULOS E PECAS LTDA;3,43E+13;POCOS DE CALDAS;MG;10/08/2026;14/08/2026;14/08/2026;Entregue No Prazo;;Entrega realizada;Entrega Finalizada;14;8;10;8;XD BETIM;11033;;;
MOBIS BRASIL FABRICACAO DE AUTO PECAS LT;RODOVIARIO;1556057;10/08/2026;2;356733;10/08/2026;VETOR AUTOMOVEIS LTDA;2,12E+13;UMUARAMA;PR;10/08/2026;14/08/2026;14/08/2026;Entregue No Prazo;;Entrega realizada;Entrega Finalizada;14;8;10;8;TRANSTRY;18019;;;
MOBIS BRASIL FABRICACAO DE AUTO PECAS LT;RODOVIARIO;1556070;10/08/2026;1;356717;10/08/2026;CARWAY SUL VEICULOS LTDA;1,03E+13;PORTO ALEGRE;RS;10/08/2026;14/08/2026;14/08/2026;Entregue No Prazo;;Entrega realizada;Entrega Finalizada;14;8;10;8;TRANSTRY;23003;;;
MOBIS BRASIL FABRICACAO DE AUTO PECAS LT;RODOVIARIO;1556071;10/08/2026;7;356723;10/08/2026;HOUSE PARTS - COM. DE PECAS E VEIC. LTDA;1,15E+13;PORTO ALEGRE;RS;10/08/2026;14/08/2026;14/08/2026;Entregue No Prazo;;Entrega realizada;Entrega Finalizada;14;8;10;8;TRANSTRY;23004;;;
MOBIS BRASIL FABRICACAO DE AUTO PECAS LT;RODOVIARIO;1556035;10/08/2026;1;356537;10/08/2026;TAI MOTORS VEICULOS S/A;9,27E+12;MURIAE;MG;10/08/2026;17/08/2026;14/08/2026;Entregue No Prazo;;Entrega realizada;Entrega Finalizada;17;8;10;8;XD BETIM;8002;Adesão do Ceará à Independência do Brasil;Estadual;CE
MOBIS BRASIL FABRICACAO DE AUTO PECAS LT;RODOVIARIO;1556036;10/08/2026;1;356529;10/08/2026;GNC GRANDE COREIA MINAS GERAIS COMERCIO;4,27E+13;MONTES CLAROS;MG;10/08/2026;17/08/2026;14/08/2026;Entregue No Prazo;;Entrega realizada;Entrega Finalizada;17;8;10;8;XD BETIM;11035;Adesão do Ceará à Independência do Brasil;Estadual;CE
MOBIS BRASIL FABRICACAO DE AUTO PECAS LT;RODOVIARIO;1556078;10/08/2026;1;356708;10/08/2026;ATUAL VEICULOS LTDA;1,33E+13;ARARANGUA;SC;10/08/2026;17/08/2026;14/08/2026;Entregue No Prazo;;Entrega realizada;Entrega Finalizada;17;8;10;8;TRANSTRY;24001;Adesão do Ceará à Independência do Brasil;Estadual;CE
MOBIS BRASIL FABRICACAO DE AUTO PECAS LT;RODOVIARIO;1556079;10/08/2026;2;356709;10/08/2026;ATUAL VEICULOS LTDA;1,33E+13;CRICIUMA;SC;10/08/2026;17/08/2026;14/08/2026;Entregue No Prazo;;Entrega realizada;Entrega Finalizada;17;8;10;8;TRANSTRY;24001;Adesão do Ceará à Independência do Brasil;Estadual;CE
MOBIS BRASIL FABRICACAO DE AUTO PECAS LT;RODOVIARIO;1556080;10/08/2026;5;356707;10/08/2026;ATUAL VEICULOS LTDA;1,33E+13;TUBARAO;SC;10/08/2026;17/08/2026;14/08/2026;Entregue No Prazo;;Entrega realizada;Entrega Finalizada;17;8;10;8;TRANSTRY;24001;Adesão do Ceará à Independência do Brasil;Estadual;CE
MOBIS BRASIL FABRICACAO DE AUTO PECAS LT;RODOVIARIO;1556081;10/08/2026;6;356707;10/08/2026;ATUAL VEICULOS LTDA;1,33E+13;TUBARAO;SC;10/08/2026;17/08/2026;14/08/2026;Entregue No Prazo;;Entrega realizada;Entrega Finalizada;17;8;10;8;TRANSTRY;24001;Adesão do Ceará à Independência do Brasil;Estadual;CE
MOBIS BRASIL FABRICACAO DE AUTO PECAS LT;RODOVIARIO;1556090;10/08/2026;1;356729;10/08/2026;LR COMERCIO DE VEICULOS LTDA;1,05E+13;RIO DO SUL;SC;10/08/2026;17/08/2026;14/08/2026;Entregue No Prazo;;Entrega realizada;Entrega Finalizada;17;8;10;8;TRANSTRY;24007;Adesão do Ceará à Independência do Brasil;Estadual;CE
MOBIS BRASIL FABRICACAO DE AUTO PECAS LT;RODOVIARIO;1556019;10/08/2026;28;356535;10/08/2026;SAGA KOREA COM. DE VEIC. E PC. LTDA;1,27E+13;BRASILIA;DF;10/08/2026;18/08/2026;14/08/2026;Entregue No Prazo;;Entrega realizada;Entrega Finalizada;18;8;10;8;RIO VERMELHO;7005;;;
MOBIS BRASIL FABRICACAO DE AUTO PECAS LT;RODOVIARIO;1556073;10/08/2026;4;356724;10/08/2026;HOUSE PARTS - COM. DE PECAS E VEIC. LTDA;1,15E+13;SANTA MARIA;RS;10/08/2026;18/08/2026;14/08/2026;Entregue No Prazo;;Entrega realizada;Entrega Finalizada;18;8;10;8;TRANSTRY;23008;;;
MOBIS BRASIL FABRICACAO DE AUTO PECAS LT;RODOVIARIO;1556075;10/08/2026;1;356725;10/08/2026;HOUSE PARTS - COM. DE PECAS E VEIC. LTDA;1,15E+13;LAJEADO;RS;10/08/2026;18/08/2026;14/08/2026;Entregue No Prazo;;Entrega realizada;Entrega Finalizada;18;8;10;8;TRANSTRY;23018;;;
MOBIS BRASIL FABRICACAO DE AUTO PECAS LT;RODOVIARIO;1556076;10/08/2026;4;356719;10/08/2026;CHINHAN AUTOMOVEIS LTDA;2,41E+13;ERECHIM;RS;10/08/2026;18/08/2026;14/08/2026;Entregue No Prazo;;Entrega realizada;Entrega Finalizada;18;8;10;8;TRANSTRY;23019;;;
MOBIS BRASIL FABRICACAO DE AUTO PECAS LT;RODOVIARIO;1556043;10/08/2026;5;356621;10/08/2026;SAGA ASIA COM. DE VEIC.PC.E SERV. LTDA;2,23E+13;VARZEA GRANDE;MT;10/08/2026;19/08/2026;14/08/2026;Entregue No Prazo;;Entrega realizada;Entrega Finalizada;19;8;10;8;CARVALIMA;13004;;;
MOBIS BRASIL FABRICACAO DE AUTO PECAS LT;RODOVIARIO;1556886;11/08/2026;3;356765;11/08/2026;GRAND SPORT COM. DE VEIC. E PECAS LTDA;8,58E+12;SAO PAULO;SP;11/08/2026;13/08/2026;14/08/2026;Entregue Fora do Prazo;;Entrega realizada;Entrega Finalizada;13;8;11;8;XD DIADEMA;26034;;;
MOBIS BRASIL FABRICACAO DE AUTO PECAS LT;RODOVIARIO;1556819;11/08/2026;22;356775;11/08/2026;TAI MOTORS VEICULOS S/A;9,27E+12;BELO HORIZONTE;MG;11/08/2026;14/08/2026;14/08/2026;Entregue No Prazo;;Entrega realizada;Entrega Finalizada;14;8;11;8;XD BETIM;8002;;;
MOBIS BRASIL FABRICACAO DE AUTO PECAS LT;RODOVIARIO;1556824;11/08/2026;24;356756;11/08/2026;BDG AUTOVILLE VEICULOS LTDA;4,77E+13;CONTAGEM;MG;11/08/2026;14/08/2026;14/08/2026;Entregue No Prazo;;Entrega realizada;Entrega Finalizada;14;8;11;8;XD BETIM;11037;;;
MOBIS BRASIL FABRICACAO DE AUTO PECAS LT;RODOVIARIO;1556820;11/08/2026;4;356776;11/08/2026;TOKSU COMERCIO DE VEICULOS LTDA;1,12E+13;VARGINHA;MG;11/08/2026;17/08/2026;14/08/2026;Entregue No Prazo;;Entrega realizada;Entrega Finalizada;17;8;11;8;XD BETIM;11008;Adesão do Ceará à Independência do Brasil;Estadual;CE
MOBIS BRASIL FABRICACAO DE AUTO PECAS LT;RODOVIARIO;1556849;11/08/2026;1;356909;11/08/2026;VETOR AUTOMOVEIS LTDA;2,12E+13;UMUARAMA;PR;11/08/2026;17/08/2026;14/08/2026;Entregue No Prazo;;Entrega realizada;Entrega Finalizada;17;8;11;8;TRANSTRY;18019;Adesão do Ceará à Independência do Brasil;Estadual;CE
MOBIS BRASIL FABRICACAO DE AUTO PECAS LT;RODOVIARIO;1556850;11/08/2026;2;356835;11/08/2026;ITAVEMA MOTORS VEICULOS LTDA;7,73E+12;DUQUE DE CAXIAS;RJ;11/08/2026;17/08/2026;14/08/2026;Entregue No Prazo;;Entrega realizada;Entrega Finalizada;17;8;11;8;CAMILO;19001;Adesão do Ceará à Independência do Brasil;Estadual;CE
MOBIS BRASIL FABRICACAO DE AUTO PECAS LT;RODOVIARIO;1556851;11/08/2026;1;356822;11/08/2026;CAOA MOTOR DO BRASIL LTDA;1,68E+13;RIO DE JANEIRO;RJ;11/08/2026;17/08/2026;14/08/2026;Entregue No Prazo;;Entrega realizada;Entrega Finalizada;17;8;11;8;CAMILO;5008;Adesão do Ceará à Independência do Brasil;Estadual;CE
MOBIS BRASIL FABRICACAO DE AUTO PECAS LT;RODOVIARIO;1556863;11/08/2026;1;356897;11/08/2026;CARWAY SUL VEICULOS LTDA;1,03E+13;PORTO ALEGRE;RS;11/08/2026;17/08/2026;14/08/2026;Entregue No Prazo;;Entrega realizada;Entrega Finalizada;17;8;11;8;TRANSTRY;23003;Adesão do Ceará à Independência do Brasil;Estadual;CE
MOBIS BRASIL FABRICACAO DE AUTO PECAS LT;RODOVIARIO;1556864;11/08/2026;1;356901;11/08/2026;HOUSE PARTS - COM. DE PECAS E VEIC. LTDA;1,15E+13;PORTO ALEGRE;RS;11/08/2026;17/08/2026;14/08/2026;Entregue No Prazo;;Entrega realizada;Entrega Finalizada;17;8;11;8;TRANSTRY;23004;Adesão do Ceará à Independência do Brasil;Estadual;CE
MOBIS BRASIL FABRICACAO DE AUTO PECAS LT;RODOVIARIO;1556865;11/08/2026;4;356901;11/08/2026;HOUSE PARTS - COM. DE PECAS E VEIC. LTDA;1,15E+13;PORTO ALEGRE;RS;11/08/2026;17/08/2026;14/08/2026;Entregue No Prazo;;Entrega realizada;Entrega Finalizada;17;8;11;8;TRANSTRY;23004;Adesão do Ceará à Independência do Brasil;Estadual;CE
MOBIS BRASIL FABRICACAO DE AUTO PECAS LT;RODOVIARIO;1556899;11/08/2026;2;356784;11/08/2026;DESTAQUE SEUL DISTR DE VEIC PEC LTDA;2,12E+13;CARAGUATATUBA;SP;11/08/2026;17/08/2026;14/08/2026;Entregue No Prazo;;Entrega realizada;Entrega Finalizada;17;8;11;8;MVT;26082;Adesão do Ceará à Independência do Brasil;Estadual;CE
MOBIS BRASIL FABRICACAO DE AUTO PECAS LT;RODOVIARIO;1556821;11/08/2026;5;356763;11/08/2026;GNC GRANDE COREIA MINAS GERAIS COMERCIO;4,27E+13;MONTES CLAROS;MG;11/08/2026;18/08/2026;14/08/2026;Entregue No Prazo;;Entrega realizada;Entrega Finalizada;18;8;11;8;XD BETIM;11035;;;
MOBIS BRASIL FABRICACAO DE AUTO PECAS LT;RODOVIARIO;1556822;11/08/2026;9;356763;11/08/2026;GNC GRANDE COREIA MINAS GERAIS COMERCIO;4,27E+13;MONTES CLAROS;MG;11/08/2026;18/08/2026;14/08/2026;Entregue No Prazo;;Entrega realizada;Entrega Finalizada;18;8;11;8;XD BETIM;11035;;;
MOBIS BRASIL FABRICACAO DE AUTO PECAS LT;RODOVIARIO;1556825;11/08/2026;4;356771;11/08/2026;RITMO MOTORS LTDA;1,94E+13;PASSOS;MG;11/08/2026;18/08/2026;14/08/2026;Entregue No Prazo;;Entrega realizada;Entrega Finalizada;18;8;11;8;XD BETIM;11040;;;
MOBIS BRASIL FABRICACAO DE AUTO PECAS LT;RODOVIARIO;1556852;11/08/2026;2;356853;11/08/2026;VIA VR VEICULOS LTDA;1,73E+13;VOLTA REDONDA;RJ;11/08/2026;18/08/2026;14/08/2026;Entregue No Prazo;;Entrega realizada;Entrega Finalizada;18;8;11;8;CAMILO;19016;;;
MOBIS BRASIL FABRICACAO DE AUTO PECAS LT;RODOVIARIO;1556856;11/08/2026;2;356850;11/08/2026;TAI MOTORS VEICULOS S/A;9,27E+12;CAMPOS DOS GOYTACAZES;RJ;11/08/2026;18/08/2026;14/08/2026;Entregue No Prazo;;Entrega realizada;Entrega Finalizada;18;8;11;8;CAMILO;8002;;;
MOBIS BRASIL FABRICACAO DE AUTO PECAS LT;RODOVIARIO;1556859;11/08/2026;1;356839;11/08/2026;MONTREAL VEICULOS E PECAS LTDA;1,68E+13;SAO PEDRO DA ALDEIA;RJ;11/08/2026;18/08/2026;14/08/2026;Entregue No Prazo;;Entrega realizada;Entrega Finalizada;18;8;11;8;CAMILO;19030;;;
MOBIS BRASIL FABRICACAO DE AUTO PECAS LT;RODOVIARIO;1556869;11/08/2026;1;356891;11/08/2026;ATUAL VEICULOS LTDA;1,33E+13;ARARANGUA;SC;11/08/2026;18/08/2026;14/08/2026;Entregue No Prazo;;Entrega realizada;Entrega Finalizada;18;8;11;8;TRANSTRY;24001;;;
MOBIS BRASIL FABRICACAO DE AUTO PECAS LT;RODOVIARIO;1556870;11/08/2026;1;356890;11/08/2026;ATUAL VEICULOS LTDA;1,33E+13;CRICIUMA;SC;11/08/2026;18/08/2026;14/08/2026;Entregue No Prazo;;Entrega realizada;Entrega Finalizada;18;8;11;8;TRANSTRY;24001;;;
MOBIS BRASIL FABRICACAO DE AUTO PECAS LT;RODOVIARIO;1556871;11/08/2026;3;356892;11/08/2026;ATUAL VEICULOS LTDA;1,33E+13;TUBARAO;SC;11/08/2026;18/08/2026;14/08/2026;Entregue No Prazo;;Entrega realizada;Entrega Finalizada;18;8;11;8;TRANSTRY;24001;;;
MOBIS BRASIL FABRICACAO DE AUTO PECAS LT;RODOVIARIO;1556873;11/08/2026;2;356905;11/08/2026;LR COMERCIO DE VEICULOS LTDA;1,05E+13;SAO JOSE;SC;11/08/2026;18/08/2026;14/08/2026;Entregue No Prazo;;Entrega realizada;Entrega Finalizada;18;8;11;8;TRANSTRY;24007;;;
MOBIS BRASIL FABRICACAO DE AUTO PECAS LT;RODOVIARIO;1556808;11/08/2026;1;356774;11/08/2026;SMAFF IMPORT VEICULOS LTDA;8,18E+12;BRASILIA;DF;11/08/2026;19/08/2026;14/08/2026;Entregue No Prazo;;Entrega realizada;Entrega Finalizada;19;8;11;8;RIO VERMELHO;7002;;;
MOBIS BRASIL FABRICACAO DE AUTO PECAS LT;RODOVIARIO;1556809;11/08/2026;16;356774;11/08/2026;SMAFF IMPORT VEICULOS LTDA;8,18E+12;BRASILIA;DF;11/08/2026;19/08/2026;14/08/2026;Entregue No Prazo;;Entrega realizada;Entrega Finalizada;19;8;11;8;RIO VERMELHO;7002;;;
MOBIS BRASIL FABRICACAO DE AUTO PECAS LT;RODOVIARIO;1556810;11/08/2026;1;356773;11/08/2026;SAGA KOREA COM. DE VEIC. E PC. LTDA;1,27E+13;BRASILIA;DF;11/08/2026;19/08/2026;14/08/2026;Entregue No Prazo;;Entrega realizada;Entrega Finalizada;19;8;11;8;RIO VERMELHO;7005;;;
MOBIS BRASIL FABRICACAO DE AUTO PECAS LT;RODOVIARIO;1556826;11/08/2026;3;356831;11/08/2026;GOLDEN MOTORS VEICULOS LTDA;3,62E+12;DOURADOS;MS;11/08/2026;19/08/2026;14/08/2026;Entregue No Prazo;;Entrega realizada;Entrega Finalizada;19;8;11;8;CARVALIMA;12001;;;
MOBIS BRASIL FABRICACAO DE AUTO PECAS LT;RODOVIARIO;1557754;12/08/2026;14;357012;12/08/2026;ANDRETA DISTRIBUID DE VEICULOS LTDA;9,10E+12;CAMPINAS;SP;12/08/2026;17/08/2026;14/08/2026;Entregue No Prazo;;Entrega realizada;Entrega Finalizada;17;8;12;8;MVT;26011;Adesão do Ceará à Independência do Brasil;Estadual;CE
MOBIS BRASIL FABRICACAO DE AUTO PECAS LT;RODOVIARIO;1557755;12/08/2026;30;357021;12/08/2026;NEW VEICULOS E PECAS LTDA;1,59E+13;RIBEIRAO PRETO;SP;12/08/2026;17/08/2026;14/08/2026;Entregue No Prazo;;Entrega realizada;Entrega Finalizada;17;8;12;8;MVT;26014;Adesão do Ceará à Independência do Brasil;Estadual;CE
MOBIS BRASIL FABRICACAO DE AUTO PECAS LT;RODOVIARIO;1557759;12/08/2026;5;357013;12/08/2026;ANDRETA II DISTRIB DE VEIC LTD;9,10E+12;INDAIATUBA;SP;12/08/2026;17/08/2026;14/08/2026;Entregue No Prazo;;Entrega realizada;Entrega Finalizada;17;8;12;8;MVT;26045;Adesão do Ceará à Independência do Brasil;Estadual;CE
MOBIS BRASIL FABRICACAO DE AUTO PECAS LT;RODOVIARIO;1557714;12/08/2026;6;357190;12/08/2026;LOVAT VEICULOS SA;8,57E+12;LONDRINA;PR;12/08/2026;18/08/2026;14/08/2026;Entregue No Prazo;;Entrega realizada;Entrega Finalizada;18;8;12;8;TRANSTRY;18008;;;
MOBIS BRASIL FABRICACAO DE AUTO PECAS LT;RODOVIARIO;1557717;12/08/2026;3;357194;12/08/2026;VETOR AUTOMOVEIS LTDA;2,12E+13;CASCAVEL;PR;12/08/2026;18/08/2026;14/08/2026;Entregue No Prazo;;Entrega realizada;Entrega Finalizada;18;8;12;8;TRANSTRY;18019;;;
MOBIS BRASIL FABRICACAO DE AUTO PECAS LT;RODOVIARIO;1557722;12/08/2026;3;357063;12/08/2026;AMX COM. E SERVICOS DE AUTOMOTORES LTDA;1,20E+13;RIO DE JANEIRO;RJ;12/08/2026;18/08/2026;14/08/2026;Entregue No Prazo;;Entrega realizada;Entrega Finalizada;18;8;12;8;CAMILO;19009;;;
MOBIS BRASIL FABRICACAO DE AUTO PECAS LT;RODOVIARIO;1557723;12/08/2026;10;357069;12/08/2026;ITAVEMA MOTORS VEICULOS LTDA;7,73E+12;RIO DE JANEIRO;RJ;12/08/2026;18/08/2026;14/08/2026;Entregue No Prazo;;Entrega realizada;Entrega Finalizada;18;8;12;8;CAMILO;19001;;;
MOBIS BRASIL FABRICACAO DE AUTO PECAS LT;RODOVIARIO;1557724;12/08/2026;1;357065;12/08/2026;CAOA MOTOR DO BRASIL LTDA;1,68E+13;RIO DE JANEIRO;RJ;12/08/2026;18/08/2026;14/08/2026;Entregue No Prazo;;Entrega realizada;Entrega Finalizada;18;8;12;8;CAMILO;5008;;;
MOBIS BRASIL FABRICACAO DE AUTO PECAS LT;RODOVIARIO;1557750;12/08/2026;1;357177;12/08/2026;BARI VEICULOS LTDA;7,46E+12;JARAGUA DO SUL;SC;12/08/2026;18/08/2026;14/08/2026;Entregue No Prazo;;Entrega realizada;Entrega Finalizada;18;8;12;8;TRANSTRY;18024;;;
MOBIS BRASIL FABRICACAO DE AUTO PECAS LT;RODOVIARIO;1557760;12/08/2026;1;357019;12/08/2026;H R B COMERCIO DE VEICULOS LTDA;1,82E+13;SAO JOSE DO RIO PRETO;SP;12/08/2026;18/08/2026;14/08/2026;Entregue No Prazo;;Entrega realizada;Entrega Finalizada;18;8;12;8;MVT;26050;;;
MOBIS BRASIL FABRICACAO DE AUTO PECAS LT;RODOVIARIO;1557761;12/08/2026;6;357019;12/08/2026;H R B COMERCIO DE VEICULOS LTDA;1,82E+13;SAO JOSE DO RIO PRETO;SP;12/08/2026;18/08/2026;14/08/2026;Entregue No Prazo;;Entrega realizada;Entrega Finalizada;18;8;12;8;MVT;26050;;;
MOBIS BRASIL FABRICACAO DE AUTO PECAS LT;RODOVIARIO;1557766;12/08/2026;1;357017;12/08/2026;DHC COMERCIO DE VEIC E PEC LTDA;9,52E+12;JAU;SP;12/08/2026;18/08/2026;14/08/2026;Entregue No Prazo;;Entrega realizada;Entrega Finalizada;18;8;12;8;MVT;26079;;;
MOBIS BRASIL FABRICACAO DE AUTO PECAS LT;RODOVIARIO;1559033;13/08/2026;2;357208;13/08/2026;BILLY DISTRIBUIDORA DE VEICULOS LTDA;1,34E+13;BARUERI;SP;13/08/2026;17/08/2026;14/08/2026;Entregue No Prazo;;Entrega realizada;Entrega Finalizada;17;8;13;8;XD DIADEMA;26003;Adesão do Ceará à Independência do Brasil;Estadual;CE
MOBIS BRASIL FABRICACAO DE AUTO PECAS LT;RODOVIARIO;1559034;13/08/2026;2;357223;13/08/2026;NOBRE DISTRIBUIDORA DE VEICULOS E PECAS;5,76E+12;MOGI DAS CRUZES;SP;13/08/2026;17/08/2026;14/08/2026;Entregue No Prazo;;Entrega realizada;Entrega Finalizada;17;8;13;8;XD DIADEMA;26004;Adesão do Ceará à Independência do Brasil;Estadual;CE
MOBIS BRASIL FABRICACAO DE AUTO PECAS LT;RODOVIARIO;1559039;13/08/2026;1;357219;13/08/2026;GRAND SPORT COM. DE VEIC. E PECAS LTDA;8,58E+12;SAO PAULO;SP;13/08/2026;17/08/2026;14/08/2026;Entregue No Prazo;;Entrega realizada;Entrega Finalizada;17;8;13;8;XD DIADEMA;26034;Adesão do Ceará à Independência do Brasil;Estadual;CE
MOBIS BRASIL FABRICACAO DE AUTO PECAS LT;RODOVIARIO;1559042;13/08/2026;1;357209;13/08/2026;BILLY DISTRIBUIDORA DE VEICULOS LTDA;1,34E+13;DIADEMA;SP;13/08/2026;17/08/2026;14/08/2026;Entregue No Prazo;;Entrega realizada;Entrega Finalizada;17;8;13;8;XD DIADEMA;26003;Adesão do Ceará à Independência do Brasil;Estadual;CE
MOBIS BRASIL FABRICACAO DE AUTO PECAS LT;RODOVIARIO;1559043;13/08/2026;2;357212;13/08/2026;CAOA MOTOR DO BRASIL LTDA (VL PRUDENTE);1,68E+13;SAO PAULO;SP;13/08/2026;17/08/2026;14/08/2026;Entregue No Prazo;;Entrega realizada;Entrega Finalizada;17;8;13;8;XD DIADEMA;26051;Adesão do Ceará à Independência do Brasil;Estadual;CE
MOBIS BRASIL FABRICACAO DE AUTO PECAS LT;RODOVIARIO;1559044;13/08/2026;2;357215;13/08/2026;CHS MOTORS VEICULOS PECAS E SERV. LTDA;1,69E+13;SAO PAULO;SP;13/08/2026;17/08/2026;14/08/2026;Entregue No Prazo;;Entrega realizada;Entrega Finalizada;17;8;13;8;XD DIADEMA;26052;Adesão do Ceará à Independência do Brasil;Estadual;CE
MOBIS BRASIL FABRICACAO DE AUTO PECAS LT;RODOVIARIO;1559053;13/08/2026;1;357222;13/08/2026;NOBRE DISTRIBUIDORA DE VEIC. E PEC. LTDA;5,76E+12;SUZANO;SP;13/08/2026;17/08/2026;14/08/2026;Entregue No Prazo;;Entrega realizada;Entrega Finalizada;17;8;13;8;XD DIADEMA;26103;Adesão do Ceará à Independência do Brasil;Estadual;CE
MOBIS BRASIL FABRICACAO DE AUTO PECAS LT;RODOVIARIO;1559011;13/08/2026;1;357413;13/08/2026;SEVEC VEICULOS LTDA;5,68E+11;CURITIBA;PR;13/08/2026;18/08/2026;14/08/2026;Entregue No Prazo;;Entrega realizada;Entrega Finalizada;18;8;13;8;TRANSTRY;18012;;;
MOBIS BRASIL FABRICACAO DE AUTO PECAS LT;RODOVIARIO;1559012;13/08/2026;1;357413;13/08/2026;SEVEC VEICULOS LTDA;5,68E+11;CURITIBA;PR;13/08/2026;18/08/2026;14/08/2026;Entregue No Prazo;;Entrega realizada;Entrega Finalizada;18;8;13;8;TRANSTRY;18012;;;
MOBIS BRASIL FABRICACAO DE AUTO PECAS LT;RODOVIARIO;1559014;13/08/2026;4;357401;13/08/2026;BARI VEICULOS LTDA.;7,46E+12;CURITIBA;PR;13/08/2026;18/08/2026;14/08/2026;Entregue No Prazo;;Entrega realizada;Entrega Finalizada;18;8;13;8;TRANSTRY;18029;;;
MOBIS BRASIL FABRICACAO DE AUTO PECAS LT;RODOVIARIO;1559035;13/08/2026;5;357239;13/08/2026;DHC COMERCIO DE VEICULOS E PECAS LTDA;9,52E+12;BAURU;SP;13/08/2026;18/08/2026;14/08/2026;Entregue No Prazo;;Entrega realizada;Entrega Finalizada;18;8;13;8;MVT;26010;;;
MOBIS BRASIL FABRICACAO DE AUTO PECAS LT;RODOVIARIO;1559041;13/08/2026;3;357235;13/08/2026;ANDRETA II DISTRIBUIDORA DE VEIC. LTDA;9,10E+12;AMERICANA;SP;13/08/2026;18/08/2026;14/08/2026;Entregue No Prazo;;Entrega realizada;Entrega Finalizada;18;8;13;8;MVT;26011;;;
MOBIS BRASIL FABRICACAO DE AUTO PECAS LT;RODOVIARIO;1559048;13/08/2026;2;357218;13/08/2026;DESTAQUE SEUL DISTR. DE VEIC. E PC. LTDA;2,12E+13;ATIBAIA;SP;13/08/2026;18/08/2026;14/08/2026;Entregue No Prazo;;Entrega realizada;Entrega Finalizada;18;8;13;8;XD DIADEMA;26075;;;
MOBIS BRASIL FABRICACAO DE AUTO PECAS LT;RODOVIARIO;1559052;13/08/2026;1;357241;13/08/2026;H - CAMINHO AUTOMOVEIS LTDA;2,53E+13;LIMEIRA;SP;13/08/2026;18/08/2026;14/08/2026;Entregue No Prazo;;Entrega realizada;Entrega Finalizada;18;8;13;8;MVT;26092;;;
MOBIS BRASIL FABRICACAO DE AUTO PECAS LT;RODOVIARIO;1559057;13/08/2026;2;357398;13/08/2026;BARI VEICULOS LTDA;7,46E+12;CURITIBA;PR;13/08/2026;18/08/2026;14/08/2026;Entregue No Prazo;;Entrega realizada;Entrega Finalizada;18;8;13;8;TRANSTRY;18024;;;
MOBIS BRASIL FABRICACAO DE AUTO PECAS LT;RODOVIARIO;1558962;13/08/2026;27;357243;13/08/2026;H R B COMERCIO DE VEICULOS LTDA;1,82E+13;SAO JOSE DO RIO PRETO;SP;13/08/2026;19/08/2026;14/08/2026;Entregue No Prazo;Avaria;Entrega realizada;Entrega Finalizada;19;8;13;8;MVT;26050;;;
MOBIS BRASIL FABRICACAO DE AUTO PECAS LT;RODOVIARIO;1558963;13/08/2026;2;357243;13/08/2026;H R B COMERCIO DE VEICULOS LTDA;1,82E+13;SAO JOSE DO RIO PRETO;SP;13/08/2026;19/08/2026;14/08/2026;Entregue No Prazo;Avaria;Entrega realizada;Entrega Finalizada;19;8;13;8;MVT;26050;;;
MOBIS BRASIL FABRICACAO DE AUTO PECAS LT;RODOVIARIO;1559051;13/08/2026;3;357242;13/08/2026;H - CAMINHO AUTOMOVEIS LTDA;2,53E+13;PIRACICABA;SP;13/08/2026;19/08/2026;14/08/2026;Entregue No Prazo;;Entrega realizada;Entrega Finalizada;19;8;13;8;MVT;26092;;;
MOBIS BRASIL FABRICACAO DE AUTO PECAS LT;RODOVIARIO;1558959;13/08/2026;39;357419;14/08/2026;BILLY DISTRIBUIDORA DE VEICULOS LTDA;1,34E+13;SAO CAETANO DO SUL;SP;14/08/2026;18/08/2026;14/08/2026;Entregue No Prazo;;Entrega realizada;Entrega Finalizada;18;8;14;8;BV LOG;26003;;;
MOBIS BRASIL FABRICACAO DE AUTO PECAS LT;RODOVIARIO;1558966;13/08/2026;27;357420;14/08/2026;GRANDAY AUTOMOTORES LTDA (CHAC. CALIFOR);1,57E+13;SAO PAULO;SP;14/08/2026;18/08/2026;14/08/2026;Entregue No Prazo;;Entrega realizada;Entrega Finalizada;18;8;14;8;BV LOG;26090;;;
MOBIS BRASIL FABRICACAO DE AUTO PECAS LT;RODOVIARIO;1554504;06/08/2026;1;356182;06/08/2026;IMOTORS VEICULOS LTDA;7,17E+12;JUIZ DE FORA;MG;06/08/2026;12/08/2026;14/08/2026;Entregue Fora do Prazo;;Entrega realizada;Entrega Finalizada;12;8;6;8;XD BETIM;11010;;;
MOBIS BRASIL FABRICACAO DE AUTO PECAS LT;RODOVIARIO;1555202;07/08/2026;1;356323;07/08/2026;NASA MOTORS LTDA.;2,65E+13;SAO LUIS DE MONTES BELOS;GO;07/08/2026;21/08/2026;15/08/2026;Entregue No Prazo;;Entrega realizada;Entrega Finalizada;21;8;7;8;RIO VERMELHO;9016;;;
MOBIS BRASIL FABRICACAO DE AUTO PECAS LT;RODOVIARIO;1556027;10/08/2026;1;356530;10/08/2026;NASA MOTORS LTDA.;2,65E+13;SAO LUIS DE MONTES BELOS;GO;10/08/2026;24/08/2026;15/08/2026;Entregue No Prazo;;Entrega realizada;Entrega Finalizada;24;8;10;8;RIO VERMELHO;9016;;;
MOBIS BRASIL FABRICACAO DE AUTO PECAS LT;RODOVIARIO;1556814;11/08/2026;1;356768;11/08/2026;NASA MOTORS LTDA.;2,65E+13;SAO LUIS DE MONTES BELOS;GO;11/08/2026;25/08/2026;15/08/2026;Entregue No Prazo;;Entrega realizada;Entrega Finalizada;25;8;11;8;RIO VERMELHO;9016;;;
MOBIS BRASIL FABRICACAO DE AUTO PECAS LT;RODOVIARIO;1559045;13/08/2026;2;357210;13/08/2026;CAOA MOTOR DO BRASIL LTDA;1,68E+13;SAO PAULO;SP;13/08/2026;17/08/2026;15/08/2026;Entregue No Prazo;;Entrega realizada;Entrega Finalizada;17;8;13;8;XD DIADEMA;5008;Adesão do Ceará à Independência do Brasil;Estadual;CE
MOBIS BRASIL FABRICACAO DE AUTO PECAS LT;RODOVIARIO;1549268;28/07/2026;2;354362;28/07/2026;MISO VEICULOS LTDA;1,85E+13;MACAPA;AP;28/07/2026;18/08/2026;17/08/2026;Entregue No Prazo;;Entrega realizada;Entrega Finalizada;18;8;28;7;CARVALIMA;4001;;;
MOBIS BRASIL FABRICACAO DE AUTO PECAS LT;RODOVIARIO;1550135;29/07/2026;1;354628;29/07/2026;MISO VEICULOS LTDA;1,85E+13;MACAPA;AP;29/07/2026;19/08/2026;17/08/2026;Entregue No Prazo;;Entrega realizada;Entrega Finalizada;19;8;29;7;CARVALIMA;4001;;;
MOBIS BRASIL FABRICACAO DE AUTO PECAS LT;RODOVIARIO;1550574;29/07/2026;1;354869;30/07/2026;NISA COMERCIAL DE VEIC. AUTOMOTORES LTDA;1,03E+13;GOIANIA;GO;30/07/2026;07/08/2026;17/08/2026;Entregue Fora do Prazo;;Entrega realizada;Entrega Finalizada;7;8;30;7;RIO VERMELHO;9013;Emancipação Política do Rio Grande do Norte;Estadual;RN
MOBIS BRASIL FABRICACAO DE AUTO PECAS LT;RODOVIARIO;1551360;30/07/2026;4;355262;31/07/2026;COMETA JI PARANA COM. DE VEIC. LTDA;4,23E+12;JIPARANA;RO;31/07/2026;19/08/2026;17/08/2026;Entregue No Prazo;;Entrega realizada;Entrega Finalizada;19;8;31;7;CARVALIMA;21002;;;
MOBIS BRASIL FABRICACAO DE AUTO PECAS LT;RODOVIARIO;1552090;31/07/2026;3;355537;03/08/2026;PRIVILLEGE DISTRIBUIDORA DE VEICULOS LTD;1,72E+13;ARAGUAINA;TO;03/08/2026;17/08/2026;17/08/2026;Entregue No Prazo;;Entrega realizada;Entrega Finalizada;17;8;3;8;RIO VERMELHO;27002;Adesão do Ceará à Independência do Brasil;Estadual;CE
MOBIS BRASIL FABRICACAO DE AUTO PECAS LT;RODOVIARIO;1553021;04/08/2026;1;355853;04/08/2026;GOLDEN MOTORS VEICULOS LTDA;3,62E+12;ARACATUBA;SP;04/08/2026;10/08/2026;17/08/2026;Entregue Fora do Prazo;;Entrega realizada;Entrega Finalizada;10;8;4;8;MVT;12001;;;
MOBIS BRASIL FABRICACAO DE AUTO PECAS LT;RODOVIARIO;1552988;04/08/2026;2;355815;04/08/2026;SAINT LAND COM DE VEICULOS S A;1,04E+13;MOSSORO;RN;04/08/2026;20/08/2026;17/08/2026;Entregue No Prazo;;Entrega realizada;Entrega Finalizada;20;8;4;8;TERMACO;20002;;;
MOBIS BRASIL FABRICACAO DE AUTO PECAS LT;RODOVIARIO;1553736;05/08/2026;1;356008;05/08/2026;CYCOSA AUTOMOVEIS LTDA;4,76E+12;MACEIO;AL;05/08/2026;19/08/2026;17/08/2026;Entregue No Prazo;;Entrega realizada;Entrega Finalizada;19;8;5;8;TERMACO;2001;;;
MOBIS BRASIL FABRICACAO DE AUTO PECAS LT;RODOVIARIO;1554490;06/08/2026;1;356209;06/08/2026;PATEO COMERCIO DE VEICULOS S A;7,78E+12;SALVADOR;BA;06/08/2026;18/08/2026;17/08/2026;Entregue No Prazo;;Entrega realizada;Entrega Finalizada;18;8;6;8;TERMACO;5003;;;
MOBIS BRASIL FABRICACAO DE AUTO PECAS LT;RODOVIARIO;1554491;06/08/2026;28;356209;06/08/2026;PATEO COMERCIO DE VEICULOS S A;7,78E+12;SALVADOR;BA;06/08/2026;18/08/2026;17/08/2026;Entregue No Prazo;;Entrega realizada;Entrega Finalizada;18;8;6;8;TERMACO;5003;;;
MOBIS BRASIL FABRICACAO DE AUTO PECAS LT;RODOVIARIO;1554492;06/08/2026;1;356196;06/08/2026;FAZZA MOTORS COMERCIO DE VEICULOS LTDA;1,24E+13;SALVADOR;BA;06/08/2026;18/08/2026;17/08/2026;Entregue No Prazo;;Entrega realizada;Entrega Finalizada;18;8;6;8;TERMACO;5007;;;
MOBIS BRASIL FABRICACAO DE AUTO PECAS LT;RODOVIARIO;1554493;06/08/2026;3;356196;06/08/2026;FAZZA MOTORS COMERCIO DE VEICULOS LTDA;1,24E+13;SALVADOR;BA;06/08/2026;18/08/2026;17/08/2026;Entregue No Prazo;;Entrega realizada;Entrega Finalizada;18;8;6;8;TERMACO;5007;;;
MOBIS BRASIL FABRICACAO DE AUTO PECAS LT;RODOVIARIO;1554552;06/08/2026;2;356216;06/08/2026;SAINT LAND COMERCIO DE VEICULOS LTDA;1,04E+13;ARACAJU;SE;06/08/2026;19/08/2026;17/08/2026;Entregue No Prazo;;Entrega realizada;Entrega Finalizada;19;8;6;8;TERMACO;6010;;;
MOBIS BRASIL FABRICACAO DE AUTO PECAS LT;RODOVIARIO;1554488;06/08/2026;2;356194;06/08/2026;CYCOSA AUTOMOVEIS LTDA;4,76E+12;MACEIO;AL;06/08/2026;20/08/2026;17/08/2026;Entregue No Prazo;;Entrega realizada;Entrega Finalizada;20;8;6;8;TERMACO;2001;;;
MOBIS BRASIL FABRICACAO DE AUTO PECAS LT;RODOVIARIO;1554523;06/08/2026;3;356190;06/08/2026;AUTORAC VEICULOS LTDA;1,06E+13;CARUARU;PE;06/08/2026;24/08/2026;17/08/2026;Entregue No Prazo;;Entrega realizada;Entrega Finalizada;24;8;6;8;TERMACO;16001;;;
MOBIS BRASIL FABRICACAO DE AUTO PECAS LT;RODOVIARIO;1555207;07/08/2026;2;356331;07/08/2026;TOKSU COMERCIO DE VEICULOS LTDA;1,12E+13;BARBACENA;MG;07/08/2026;14/08/2026;17/08/2026;Entregue Fora do Prazo;;Entrega realizada;Entrega Finalizada;14;8;7;8;XD BETIM;11008;;;
MOBIS BRASIL FABRICACAO DE AUTO PECAS LT;RODOVIARIO;1555244;07/08/2026;1;356457;07/08/2026;GALA COMERCIO DE VEICULOS LTDA.;1,77E+13;PELOTAS;RS;07/08/2026;14/08/2026;17/08/2026;Entregue Fora do Prazo;;Entrega realizada;Entrega Finalizada;14;8;7;8;TRANSTRY;23009;;;
MOBIS BRASIL FABRICACAO DE AUTO PECAS LT;RODOVIARIO;1555245;07/08/2026;1;356457;07/08/2026;GALA COMERCIO DE VEICULOS LTDA.;1,77E+13;PELOTAS;RS;07/08/2026;14/08/2026;17/08/2026;Entregue Fora do Prazo;;Entrega realizada;Entrega Finalizada;14;8;7;8;TRANSTRY;23009;;;
MOBIS BRASIL FABRICACAO DE AUTO PECAS LT;RODOVIARIO;1555200;07/08/2026;1;356332;07/08/2026;URCA MOTORS VEICULOS LTDA;8,77E+12;RIO VERDE;GO;07/08/2026;19/08/2026;17/08/2026;Entregue No Prazo;;Entrega realizada;Entrega Finalizada;19;8;7;8;RIO VERMELHO;9014;;;
MOBIS BRASIL FABRICACAO DE AUTO PECAS LT;RODOVIARIO;1555191;07/08/2026;1;356343;07/08/2026;CAOA MOTOR DO BRASIL LTDA;1,68E+13;FORTALEZA;CE;07/08/2026;21/08/2026;17/08/2026;Entregue No Prazo;;Entrega realizada;Entrega Finalizada;21;8;7;8;TERMACO;5008;;;
MOBIS BRASIL FABRICACAO DE AUTO PECAS LT;RODOVIARIO;1555240;07/08/2026;2;356344;07/08/2026;COMETA JI PARANA COM. DE VEIC. LTDA;4,23E+12;JIPARANA;RO;07/08/2026;26/08/2026;17/08/2026;Entregue No Prazo;;Entrega realizada;Entrega Finalizada;26;8;7;8;CARVALIMA;21002;;;
MOBIS BRASIL FABRICACAO DE AUTO PECAS LT;RODOVIARIO;1556029;10/08/2026;2;356540;10/08/2026;TOKSU COMERCIO DE VEICULOS LTDA;1,12E+13;JUIZ DE FORA;MG;10/08/2026;14/08/2026;17/08/2026;Entregue Fora do Prazo;;Entrega realizada;Entrega Finalizada;14;8;10;8;XD BETIM;11008;;;
MOBIS BRASIL FABRICACAO DE AUTO PECAS LT;RODOVIARIO;1556053;10/08/2026;10;356727;10/08/2026;LOVAT VEICULOS S/A;8,57E+12;MARINGA;PR;10/08/2026;14/08/2026;17/08/2026;Entregue Fora do Prazo;;Entrega realizada;Entrega Finalizada;14;8;10;8;TRANSTRY;18008;;;
MOBIS BRASIL FABRICACAO DE AUTO PECAS LT;RODOVIARIO;1556074;10/08/2026;8;356721;10/08/2026;GALA COMERCIO DE VEICULOS LTDA.;1,77E+13;PELOTAS;RS;10/08/2026;17/08/2026;17/08/2026;Entregue No Prazo;;Entrega realizada;Entrega Finalizada;17;8;10;8;TRANSTRY;23009;Adesão do Ceará à Independência do Brasil;Estadual;CE
MOBIS BRASIL FABRICACAO DE AUTO PECAS LT;RODOVIARIO;1556077;10/08/2026;2;356726;10/08/2026;HOUSE PARTS COMERCIO DE PECAS E VEI;1,15E+13;CAXIAS DO SUL;RS;10/08/2026;17/08/2026;17/08/2026;Entregue No Prazo;;Entrega realizada;Entrega Finalizada;17;8;10;8;TRANSTRY;23023;Adesão do Ceará à Independência do Brasil;Estadual;CE
MOBIS BRASIL FABRICACAO DE AUTO PECAS LT;RODOVIARIO;1556018;10/08/2026;1;356534;10/08/2026;SAGA KOREA COM. DE VEIC. E PC. LTDA;1,27E+13;BRASILIA;DF;10/08/2026;18/08/2026;17/08/2026;Entregue No Prazo;;Entrega realizada;Entrega Finalizada;18;8;10;8;RIO VERMELHO;7004;;;
MOBIS BRASIL FABRICACAO DE AUTO PECAS LT;RODOVIARIO;1556023;10/08/2026;38;356533;10/08/2026;SAGA KOREA COM. DE VEIC. E PC. LTDA;1,27E+13;GOIANIA;GO;10/08/2026;18/08/2026;17/08/2026;Entregue No Prazo;;Entrega realizada;Entrega Finalizada;18;8;10;8;RIO VERMELHO;9011;;;
MOBIS BRASIL FABRICACAO DE AUTO PECAS LT;RODOVIARIO;1556025;10/08/2026;2;356531;10/08/2026;NISA COMERCIAL DE VEIC. AUTOMOTORES LTDA;1,03E+13;GOIANIA;GO;10/08/2026;18/08/2026;17/08/2026;Entregue No Prazo;;Entrega realizada;Entrega Finalizada;18;8;10;8;RIO VERMELHO;9013;;;
MOBIS BRASIL FABRICACAO DE AUTO PECAS LT;RODOVIARIO;1556024;10/08/2026;1;356536;10/08/2026;SAGA KOREA COM. DE VEIC. E PC. LTDA;1,27E+13;ANAPOLIS;GO;10/08/2026;21/08/2026;17/08/2026;Entregue No Prazo;;Entrega realizada;Entrega Finalizada;21;8;10;8;RIO VERMELHO;9012;;;
MOBIS BRASIL FABRICACAO DE AUTO PECAS LT;RODOVIARIO;1556069;10/08/2026;1;356620;10/08/2026;SAGA ASIA COM. DE VEIC.PC.E SERV. LTDA;2,14E+13;PORTO VELHO;RO;10/08/2026;21/08/2026;17/08/2026;Entregue No Prazo;;Entrega realizada;Entrega Finalizada;21;8;10;8;CARVALIMA;21003;;;
MOBIS BRASIL FABRICACAO DE AUTO PECAS LT;RODOVIARIO;1556017;10/08/2026;1;356598;10/08/2026;CAOA MOTOR DO BRASIL LTDA;1,68E+13;FORTALEZA;CE;10/08/2026;24/08/2026;17/08/2026;Entregue No Prazo;;Entrega realizada;Entrega Finalizada;24;8;10;8;TERMACO;5008;;;
MOBIS BRASIL FABRICACAO DE AUTO PECAS LT;RODOVIARIO;1556068;10/08/2026;1;356599;10/08/2026;COMETA JI PARANA COM. DE VEIC. LTDA;4,23E+12;JIPARANA;RO;10/08/2026;27/08/2026;17/08/2026;Entregue No Prazo;;Entrega realizada;Entrega Finalizada;27;8;10;8;CARVALIMA;21002;Aniversário do Município;Americana;SP
MOBIS BRASIL FABRICACAO DE AUTO PECAS LT;RODOVIARIO;1556904;11/08/2026;6;356788;11/08/2026;H - CAMINHO AUTOMOVEIS LTDA;2,53E+13;LIMEIRA;SP;11/08/2026;14/08/2026;17/08/2026;Entregue Fora do Prazo;;Entrega realizada;Entrega Finalizada;14;8;11;8;MVT;26092;;;
MOBIS BRASIL FABRICACAO DE AUTO PECAS LT;RODOVIARIO;1556817;11/08/2026;1;356767;11/08/2026;IMOTORS VEICULOS LTDA;7,17E+12;JUIZ DE FORA;MG;11/08/2026;17/08/2026;17/08/2026;Entregue No Prazo;;Entrega realizada;Entrega Finalizada;17;8;11;8;XD BETIM;11010;Adesão do Ceará à Independência do Brasil;Estadual;CE
MOBIS BRASIL FABRICACAO DE AUTO PECAS LT;RODOVIARIO;1556841;11/08/2026;3;356903;11/08/2026;LOVAT VEICULOS S/A;8,57E+12;MARINGA;PR;11/08/2026;17/08/2026;17/08/2026;Entregue No Prazo;;Entrega realizada;Entrega Finalizada;17;8;11;8;TRANSTRY;18008;Adesão do Ceará à Independência do Brasil;Estadual;CE
MOBIS BRASIL FABRICACAO DE AUTO PECAS LT;RODOVIARIO;1556854;11/08/2026;4;356818;11/08/2026;CAOA MOTOR DO BRASIL LTDA;1,68E+13;RIO DE JANEIRO;RJ;11/08/2026;17/08/2026;17/08/2026;Entregue No Prazo;;Entrega realizada;Entrega Finalizada;17;8;11;8;CAMILO;5008;Adesão do Ceará à Independência do Brasil;Estadual;CE
MOBIS BRASIL FABRICACAO DE AUTO PECAS LT;RODOVIARIO;1556858;11/08/2026;4;356821;11/08/2026;CAOA MOTOR DO BRASIL LTDA;1,68E+13;RIO DE JANEIRO;RJ;11/08/2026;17/08/2026;17/08/2026;Entregue No Prazo;;Entrega realizada;Entrega Finalizada;17;8;11;8;CAMILO;5008;Adesão do Ceará à Independência do Brasil;Estadual;CE
MOBIS BRASIL FABRICACAO DE AUTO PECAS LT;RODOVIARIO;1556866;11/08/2026;3;356898;11/08/2026;CARWAY SUL VEICULOS LTDA;1,03E+13;CANOAS;RS;11/08/2026;17/08/2026;17/08/2026;Entregue No Prazo;;Entrega realizada;Entrega Finalizada;17;8;11;8;TRANSTRY;23003;Adesão do Ceará à Independência do Brasil;Estadual;CE
MOBIS BRASIL FABRICACAO DE AUTO PECAS LT;RODOVIARIO;1556818;11/08/2026;9;356782;11/08/2026;VITAL COMERCIO DE VEICULOS LTDA;1,05E+13;IPATINGA;MG;11/08/2026;18/08/2026;17/08/2026;Entregue No Prazo;;Entrega realizada;Entrega Finalizada;18;8;11;8;XD BETIM;11016;;;
MOBIS BRASIL FABRICACAO DE AUTO PECAS LT;RODOVIARIO;1556868;11/08/2026;1;356902;11/08/2026;HOUSE PARTS COMERCIO DE PECAS E VEI;1,15E+13;CAXIAS DO SUL;RS;11/08/2026;18/08/2026;17/08/2026;Entregue No Prazo;;Entrega realizada;Entrega Finalizada;18;8;11;8;TRANSTRY;23023;;;
MOBIS BRASIL FABRICACAO DE AUTO PECAS LT;RODOVIARIO;1556811;11/08/2026;32;356772;11/08/2026;SAGA KOREA COM. DE VEIC. E PC. LTDA;1,27E+13;GOIANIA;GO;11/08/2026;19/08/2026;17/08/2026;Entregue No Prazo;;Entrega realizada;Entrega Finalizada;19;8;11;8;RIO VERMELHO;9011;;;
MOBIS BRASIL FABRICACAO DE AUTO PECAS LT;RODOVIARIO;1556828;11/08/2026;3;356846;11/08/2026;SAGA ASIA COM. DE VEIC.PC.E SERV. LTDA;2,23E+13;VARZEA GRANDE;MT;11/08/2026;20/08/2026;17/08/2026;Entregue No Prazo;;Entrega realizada;Entrega Finalizada;20;8;11;8;CARVALIMA;13004;;;
MOBIS BRASIL FABRICACAO DE AUTO PECAS LT;RODOVIARIO;1556812;11/08/2026;3;356778;11/08/2026;URCA MOTORS VEICULOS LTDA;8,77E+12;RIO VERDE;GO;11/08/2026;21/08/2026;17/08/2026;Entregue No Prazo;;Entrega realizada;Entrega Finalizada;21;8;11;8;RIO VERMELHO;9014;;;
MOBIS BRASIL FABRICACAO DE AUTO PECAS LT;RODOVIARIO;1556827;11/08/2026;9;356826;11/08/2026;COMETA MATO GROSSO COM. DE VEICULOS LTDA;1,54E+13;SINOP;MT;11/08/2026;21/08/2026;17/08/2026;Entregue No Prazo;;Entrega realizada;Entrega Finalizada;21;8;11;8;CARVALIMA;13003;;;
MOBIS BRASIL FABRICACAO DE AUTO PECAS LT;RODOVIARIO;1556829;11/08/2026;4;356825;11/08/2026;COMETA MATO GROSSO COM. DE VEICULOS LTDA;1,54E+13;RONDONOPOLIS;MT;11/08/2026;21/08/2026;17/08/2026;Entregue No Prazo;;Entrega realizada;Entrega Finalizada;21;8;11;8;CARVALIMA;13006;;;
MOBIS BRASIL FABRICACAO DE AUTO PECAS LT;RODOVIARIO;1557696;12/08/2026;14;356957;12/08/2026;TAI MOTORS VEICULOS SA;9,27E+12;BELO HORIZONTE;MG;12/08/2026;17/08/2026;17/08/2026;Entregue No Prazo;;Entrega realizada;Entrega Finalizada;17;8;12;8;XD BETIM;11020;Adesão do Ceará à Independência do Brasil;Estadual;CE
MOBIS BRASIL FABRICACAO DE AUTO PECAS LT;RODOVIARIO;1557697;12/08/2026;3;356947;12/08/2026;CARBEL KOREA VEICULOS LTDA;2,07E+13;BELO HORIZONTE;MG;12/08/2026;17/08/2026;17/08/2026;Entregue No Prazo;;Entrega realizada;Entrega Finalizada;17;8;12;8;XD BETIM;11021;Adesão do Ceará à Independência do Brasil;Estadual;CE
MOBIS BRASIL FABRICACAO DE AUTO PECAS LT;RODOVIARIO;1557699;12/08/2026;54;356941;12/08/2026;BDG AUTOVILLE VEICULOS LTDA;4,77E+13;CONTAGEM;MG;12/08/2026;17/08/2026;17/08/2026;Entregue No Prazo;;Entrega realizada;Entrega Finalizada;17;8;12;8;XD BETIM;11037;Adesão do Ceará à Independência do Brasil;Estadual;CE
MOBIS BRASIL FABRICACAO DE AUTO PECAS LT;RODOVIARIO;1557695;12/08/2026;5;356958;12/08/2026;TOKSU COMERCIO DE VEICULOS LTDA;1,12E+13;JUIZ DE FORA;MG;12/08/2026;18/08/2026;17/08/2026;Entregue No Prazo;;Entrega realizada;Entrega Finalizada;18;8;12;8;XD BETIM;11008;;;
MOBIS BRASIL FABRICACAO DE AUTO PECAS LT;RODOVIARIO;1557719;12/08/2026;2;357178;12/08/2026;BARI VEICULOS LTDA;7,46E+12;PONTA GROSSA;PR;12/08/2026;18/08/2026;17/08/2026;Entregue No Prazo;;Entrega realizada;Entrega Finalizada;18;8;12;8;TRANSTRY;18024;;;
MOBIS BRASIL FABRICACAO DE AUTO PECAS LT;RODOVIARIO;1557720;12/08/2026;6;357175;12/08/2026;BARI VEICULOS LTDA;7,46E+12;PONTA GROSSA;PR;12/08/2026;18/08/2026;17/08/2026;Entregue No Prazo;;Entrega realizada;Entrega Finalizada;18;8;12;8;TRANSTRY;18024;;;
MOBIS BRASIL FABRICACAO DE AUTO PECAS LT;RODOVIARIO;1557733;12/08/2026;7;357189;12/08/2026;HOUSE PARTS-COM. DE PCS. E VEICULOS LTDA;1,15E+13;PORTO ALEGRE;RS;12/08/2026;18/08/2026;17/08/2026;Entregue No Prazo;;Entrega realizada;Entrega Finalizada;18;8;12;8;TRANSTRY;23004;;;
MOBIS BRASIL FABRICACAO DE AUTO PECAS LT;RODOVIARIO;1557747;12/08/2026;1;357179;12/08/2026;BARI VEICULOS LTDA;7,46E+12;ITAJAI;SC;12/08/2026;18/08/2026;17/08/2026;Entregue No Prazo;;Entrega realizada;Entrega Finalizada;18;8;12;8;TRANSTRY;18024;;;
MOBIS BRASIL FABRICACAO DE AUTO PECAS LT;RODOVIARIO;1557763;12/08/2026;1;357023;12/08/2026;NOBRE DISTRIBUIDORA DE VEICULOS E P;5,76E+12;APARECIDA;SP;12/08/2026;18/08/2026;17/08/2026;Entregue No Prazo;;Entrega realizada;Entrega Finalizada;18;8;12;8;MVT;26053;;;
MOBIS BRASIL FABRICACAO DE AUTO PECAS LT;RODOVIARIO;1557684;12/08/2026;7;357096;12/08/2026;TAI MOTORS VEICULOS SA;9,27E+12;VITORIA;ES;12/08/2026;19/08/2026;17/08/2026;Entregue No Prazo;;Entrega realizada;Entrega Finalizada;19;8;12;8;CAMILO;8002;;;
MOBIS BRASIL FABRICACAO DE AUTO PECAS LT;RODOVIARIO;1557725;12/08/2026;2;357095;12/08/2026;TAI MOTORS VEICULOS S/A;9,27E+12;CAMPOS DOS GOYTACAZES;RJ;12/08/2026;19/08/2026;17/08/2026;Entregue No Prazo;;Entrega realizada;Entrega Finalizada;19;8;12;8;CAMILO;8002;;;
MOBIS BRASIL FABRICACAO DE AUTO PECAS LT;RODOVIARIO;1557726;12/08/2026;1;357075;12/08/2026;MONTREAL VEICULOS E PECAS LTDA;1,68E+13;SAO PEDRO DA ALDEIA;RJ;12/08/2026;19/08/2026;17/08/2026;Entregue No Prazo;;Entrega realizada;Entrega Finalizada;19;8;12;8;CAMILO;19030;;;
MOBIS BRASIL FABRICACAO DE AUTO PECAS LT;RODOVIARIO;1557736;12/08/2026;1;357185;12/08/2026;GALA COMERCIO DE VEICULOS LTDA.;1,77E+13;PELOTAS;RS;12/08/2026;19/08/2026;17/08/2026;Entregue No Prazo;;Entrega realizada;Entrega Finalizada;19;8;12;8;TRANSTRY;23009;;;
MOBIS BRASIL FABRICACAO DE AUTO PECAS LT;RODOVIARIO;1557745;12/08/2026;7;357191;12/08/2026;LR COMERCIO DE VEICULOS LTDA;1,05E+13;SAO JOSE;SC;12/08/2026;19/08/2026;17/08/2026;Entregue No Prazo;;Entrega realizada;Entrega Finalizada;19;8;12;8;TRANSTRY;24007;;;
MOBIS BRASIL FABRICACAO DE AUTO PECAS LT;RODOVIARIO;1557746;12/08/2026;5;357174;12/08/2026;BARI VEICULOS LTDA;7,46E+12;BLUMENAU;SC;12/08/2026;19/08/2026;17/08/2026;Entregue No Prazo;;Entrega realizada;Entrega Finalizada;19;8;12;8;TRANSTRY;18024;;;
MOBIS BRASIL FABRICACAO DE AUTO PECAS LT;RODOVIARIO;1557683;12/08/2026;59;356956;12/08/2026;SMAFF IMPORT VEICULOS LTDA;8,18E+12;BRASILIA;DF;12/08/2026;20/08/2026;17/08/2026;Entregue No Prazo;;Entrega realizada;Entrega Finalizada;20;8;12;8;RIO VERMELHO;7002;;;
MOBIS BRASIL FABRICACAO DE AUTO PECAS LT;RODOVIARIO;1557687;12/08/2026;2;357097;12/08/2026;TAI MOTORS VEICULOS SA;9,27E+12;COLATINA;ES;12/08/2026;20/08/2026;17/08/2026;Entregue No Prazo;;Entrega realizada;Entrega Finalizada;20;8;12;8;CAMILO;8006;;;
MOBIS BRASIL FABRICACAO DE AUTO PECAS LT;RODOVIARIO;1557700;12/08/2026;1;357098;12/08/2026;ULSAN COMERCIO DE VEICULOS LTDA.;2,10E+13;CAMPO GRANDE;MS;12/08/2026;20/08/2026;17/08/2026;Entregue No Prazo;;Entrega realizada;Entrega Finalizada;20;8;12;8;CARVALIMA;12004;;;
MOBIS BRASIL FABRICACAO DE AUTO PECAS LT;RODOVIARIO;1557701;12/08/2026;2;357098;12/08/2026;ULSAN COMERCIO DE VEICULOS LTDA.;2,10E+13;CAMPO GRANDE;MS;12/08/2026;20/08/2026;17/08/2026;Entregue No Prazo;;Entrega realizada;Entrega Finalizada;20;8;12;8;CARVALIMA;12004;;;
MOBIS BRASIL FABRICACAO DE AUTO PECAS LT;RODOVIARIO;1557748;12/08/2026;1;357180;12/08/2026;BARI VEICULOS LTDA;7,46E+12;BALNEARIO CAMBORIU;SC;12/08/2026;20/08/2026;17/08/2026;Entregue No Prazo;;Entrega realizada;Entrega Finalizada;20;8;12;8;TRANSTRY;18024;;;
MOBIS BRASIL FABRICACAO DE AUTO PECAS LT;RODOVIARIO;1557704;12/08/2026;1;357091;12/08/2026;SAGA SEUL COMERCIO DE VEICULOS, PECAS E;2,23E+13;CUIABA;MT;12/08/2026;21/08/2026;17/08/2026;Entregue No Prazo;;Entrega realizada;Entrega Finalizada;21;8;12;8;CARVALIMA;13005;;;
MOBIS BRASIL FABRICACAO DE AUTO PECAS LT;RODOVIARIO;1559038;13/08/2026;32;357245;13/08/2026;NEW VEICULOS E PECAS LTDA;1,59E+13;RIBEIRAO PRETO;SP;13/08/2026;18/08/2026;17/08/2026;Entregue No Prazo;;Entrega realizada;Entrega Finalizada;18;8;13;8;MVT;26014;;;
MOBIS BRASIL FABRICACAO DE AUTO PECAS LT;RODOVIARIO;1558969;13/08/2026;20;357409;13/08/2026;LOVAT VEICULOS S/A;8,57E+12;LONDRINA;PR;13/08/2026;19/08/2026;17/08/2026;Entregue No Prazo;;Entrega realizada;Entrega Finalizada;19;8;13;8;TRANSTRY;18008;;;
MOBIS BRASIL FABRICACAO DE AUTO PECAS LT;RODOVIARIO;1559009;13/08/2026;3;357410;13/08/2026;LOVAT VEICULOS S/A;8,57E+12;MARINGA;PR;13/08/2026;19/08/2026;17/08/2026;Entregue No Prazo;;Entrega realizada;Entrega Finalizada;19;8;13;8;TRANSTRY;18008;;;
MOBIS BRASIL FABRICACAO DE AUTO PECAS LT;RODOVIARIO;1559013;13/08/2026;3;357400;13/08/2026;BARI VEICULOS LTDA;7,46E+12;PONTA GROSSA;PR;13/08/2026;19/08/2026;17/08/2026;Entregue No Prazo;;Entrega realizada;Entrega Finalizada;19;8;13;8;TRANSTRY;18024;;;
MOBIS BRASIL FABRICACAO DE AUTO PECAS LT;RODOVIARIO;1559015;13/08/2026;2;357369;13/08/2026;ITAVEMA MOTORS VEICULOS LTDA;7,73E+12;DUQUE DE CAXIAS;RJ;13/08/2026;19/08/2026;17/08/2026;Entregue No Prazo;;Entrega realizada;Entrega Finalizada;19;8;13;8;CAMILO;19001;;;
MOBIS BRASIL FABRICACAO DE AUTO PECAS LT;RODOVIARIO;1559017;13/08/2026;2;357362;13/08/2026;CAOA MOTOR DO BRASIL LTDA;1,68E+13;RIO DE JANEIRO;RJ;13/08/2026;19/08/2026;17/08/2026;Entregue No Prazo;;Entrega realizada;Entrega Finalizada;19;8;13;8;CAMILO;5008;;;
MOBIS BRASIL FABRICACAO DE AUTO PECAS LT;RODOVIARIO;1559018;13/08/2026;6;357370;13/08/2026;ITAVEMA MOTORS VEICULOS LTDA;7,73E+12;RIO DE JANEIRO;RJ;13/08/2026;19/08/2026;17/08/2026;Entregue No Prazo;;Entrega realizada;Entrega Finalizada;19;8;13;8;CAMILO;19001;;;
MOBIS BRASIL FABRICACAO DE AUTO PECAS LT;RODOVIARIO;1559046;13/08/2026;3;357240;13/08/2026;GOLDEN MOTORS VEICULOS LTDA;3,62E+12;ARACATUBA;SP;13/08/2026;19/08/2026;17/08/2026;Entregue No Prazo;;Entrega realizada;Entrega Finalizada;19;8;13;8;MVT;12001;;;
MOBIS BRASIL FABRICACAO DE AUTO PECAS LT;RODOVIARIO;1559049;13/08/2026;2;357238;13/08/2026;DHC COMERCIO DE VEICULOS E PECAS LTDA;9,52E+12;JAU;SP;13/08/2026;19/08/2026;17/08/2026;Entregue No Prazo;;Entrega realizada;Entrega Finalizada;19;8;13;8;MVT;26010;;;
MOBIS BRASIL FABRICACAO DE AUTO PECAS LT;RODOVIARIO;1559055;13/08/2026;1;357246;13/08/2026;VIME SAO JOAO COM. DE VEIC. E PECAS LTDA;5,10E+13;SAO JOAO DA BOA VISTA;SP;13/08/2026;19/08/2026;17/08/2026;Entregue No Prazo;;Entrega realizada;Entrega Finalizada;19;8;13;8;MVT;26107;;;
MOBIS BRASIL FABRICACAO DE AUTO PECAS LT;RODOVIARIO;1558978;13/08/2026;8;357399;13/08/2026;BARI VEICULOS LTDA;7,46E+12;BLUMENAU;SC;13/08/2026;20/08/2026;17/08/2026;Entregue No Prazo;;Entrega realizada;Entrega Finalizada;20;8;13;8;TRANSTRY;18024;;;
MOBIS BRASIL FABRICACAO DE AUTO PECAS LT;RODOVIARIO;1559029;13/08/2026;1;357411;13/08/2026;LR COMERCIO DE VEICULOS LTDA;1,05E+13;SAO JOSE;SC;13/08/2026;20/08/2026;17/08/2026;Entregue No Prazo;;Entrega realizada;Entrega Finalizada;20;8;13;8;TRANSTRY;24007;;;
MOBIS BRASIL FABRICACAO DE AUTO PECAS LT;RODOVIARIO;1558488;13/08/2026;1;357227;13/08/2026;SMAFF IMPORT VEICULOS LTDA;8,18E+12;BRASILIA;DF;13/08/2026;21/08/2026;17/08/2026;Entregue No Prazo;;Entrega realizada;Entrega Finalizada;21;8;13;8;RIO VERMELHO;7002;;;
MOBIS BRASIL FABRICACAO DE AUTO PECAS LT;RODOVIARIO;1558974;13/08/2026;6;357226;13/08/2026;SMAFF IMPORT VEICULOS LTDA;8,18E+12;BRASILIA;DF;13/08/2026;21/08/2026;17/08/2026;Entregue No Prazo;;Entrega realizada;Entrega Finalizada;21;8;13;8;RIO VERMELHO;7002;;;
MOBIS BRASIL FABRICACAO DE AUTO PECAS LT;RODOVIARIO;1558975;13/08/2026;2;357226;13/08/2026;SMAFF IMPORT VEICULOS LTDA;8,18E+12;BRASILIA;DF;13/08/2026;21/08/2026;17/08/2026;Entregue No Prazo;;Entrega realizada;Entrega Finalizada;21;8;13;8;RIO VERMELHO;7002;;;
MOBIS BRASIL FABRICACAO DE AUTO PECAS LT;RODOVIARIO;1558997;13/08/2026;1;357366;13/08/2026;GOLDEN MOTORS VEICULOS LTDA;3,62E+12;DOURADOS;MS;13/08/2026;21/08/2026;17/08/2026;Entregue No Prazo;;Entrega realizada;Entrega Finalizada;21;8;13;8;CARVALIMA;12001;;;
MOBIS BRASIL FABRICACAO DE AUTO PECAS LT;RODOVIARIO;1558998;13/08/2026;4;357388;13/08/2026;ULSAN COMERCIO DE VEICULOS LTDA.;2,10E+13;CAMPO GRANDE;MS;13/08/2026;21/08/2026;17/08/2026;Entregue No Prazo;Avaria;Entrega realizada;Entrega Finalizada;21;8;13;8;CARVALIMA;12004;;;
MOBIS BRASIL FABRICACAO DE AUTO PECAS LT;RODOVIARIO;1558964;13/08/2026;1;357384;13/08/2026;SAGA ASIA COM. DE VEIC.PC.E SERV. LTDA;2,23E+13;VARZEA GRANDE;MT;13/08/2026;24/08/2026;17/08/2026;Entregue No Prazo;;Entrega realizada;Entrega Finalizada;24;8;13;8;CARVALIMA;13004;;;
MOBIS BRASIL FABRICACAO DE AUTO PECAS LT;RODOVIARIO;1558965;13/08/2026;26;357383;13/08/2026;SAGA ASIA COM. DE VEIC.PC.E SERV. LTDA;2,23E+13;VARZEA GRANDE;MT;13/08/2026;24/08/2026;17/08/2026;Entregue No Prazo;;Entrega realizada;Entrega Finalizada;24;8;13;8;CARVALIMA;13004;;;
MOBIS BRASIL FABRICACAO DE AUTO PECAS LT;RODOVIARIO;1559232;14/08/2026;2;357430;14/08/2026;GRANDAY AUTOMOTORES LTDA;1,57E+13;SAO PAULO;SP;14/08/2026;18/08/2026;17/08/2026;Entregue No Prazo;;Entrega realizada;Entrega Finalizada;18;8;14;8;XD DIADEMA;26041;;;
MOBIS BRASIL FABRICACAO DE AUTO PECAS LT;RODOVIARIO;1559236;14/08/2026;5;357427;14/08/2026;CAOA MOTOR DO BRASIL LTDA (VL PRUDENTE);1,68E+13;SAO PAULO;SP;14/08/2026;18/08/2026;17/08/2026;Entregue No Prazo;;Entrega realizada;Entrega Finalizada;18;8;14;8;XD DIADEMA;26051;;;
MOBIS BRASIL FABRICACAO DE AUTO PECAS LT;RODOVIARIO;1559237;14/08/2026;2;357426;14/08/2026;CAOA MOTOR DO BRASIL LTDA (IPIRANGA);1,68E+13;SAO PAULO;SP;14/08/2026;18/08/2026;17/08/2026;Entregue No Prazo;;Entrega realizada;Entrega Finalizada;18;8;14;8;XD DIADEMA;26054;;;
MOBIS BRASIL FABRICACAO DE AUTO PECAS LT;RODOVIARIO;1559244;14/08/2026;4;357434;14/08/2026;NOBRE SP DISTRIB. DE VEIC. E PEC. LTDA;1,70E+13;SAO PAULO;SP;14/08/2026;18/08/2026;17/08/2026;Entregue No Prazo;;Entrega realizada;Entrega Finalizada;18;8;14;8;XD DIADEMA;26081;;;
MOBIS BRASIL FABRICACAO DE AUTO PECAS LT;RODOVIARIO;1559247;14/08/2026;1;357428;14/08/2026;CAOA MOTOR DO BRASIL LTDA(RAP. TAVARES);1,68E+13;SAO PAULO;SP;14/08/2026;18/08/2026;17/08/2026;Entregue No Prazo;;Entrega realizada;Entrega Finalizada;18;8;14;8;XD DIADEMA;26109;;;
MOBIS BRASIL FABRICACAO DE AUTO PECAS LT;RODOVIARIO;1559226;14/08/2026;12;357449;14/08/2026;DHC COMERCIO DE VEICULOS E PECAS LTDA;9,52E+12;BAURU;SP;14/08/2026;19/08/2026;17/08/2026;Entregue No Prazo;;Entrega realizada;Entrega Finalizada;19;8;14;8;MVT;26010;;;
MOBIS BRASIL FABRICACAO DE AUTO PECAS LT;RODOVIARIO;1559231;14/08/2026;1;357448;14/08/2026;ANDRETA II DISTRIBUIDORA DE VEIC. LTDA;9,10E+12;JUNDIAI;SP;14/08/2026;19/08/2026;17/08/2026;Entregue No Prazo;;Entrega realizada;Entrega Finalizada;19;8;14;8;MVT;26011;;;
MOBIS BRASIL FABRICACAO DE AUTO PECAS LT;RODOVIARIO;1559241;14/08/2026;3;357429;14/08/2026;DESTAQUE SEUL DISTR. DE VEIC. E PC. LTDA;2,12E+13;ATIBAIA;SP;14/08/2026;19/08/2026;17/08/2026;Entregue No Prazo;;Entrega realizada;Entrega Finalizada;19;8;14;8;XD DIADEMA;26075;;;
MOBIS BRASIL FABRICACAO DE AUTO PECAS LT;RODOVIARIO;1559641;14/08/2026;2;357568;14/08/2026;BARI VEICULOS LTDA;7,46E+12;CURITIBA;PR;14/08/2026;19/08/2026;17/08/2026;Entregue No Prazo;;Entrega realizada;Entrega Finalizada;19;8;14;8;TRANSTRY;18024;;;
MOBIS BRASIL FABRICACAO DE AUTO PECAS LT;RODOVIARIO;1559651;14/08/2026;1;357568;14/08/2026;BARI VEICULOS LTDA;7,46E+12;CURITIBA;PR;14/08/2026;19/08/2026;17/08/2026;Entregue No Prazo;;Entrega realizada;Entrega Finalizada;19;8;14;8;TRANSTRY;18024;;;
MOBIS BRASIL FABRICACAO DE AUTO PECAS LT;RODOVIARIO;1559201;14/08/2026;8;357569;14/08/2026;BARI VEICULOS LTDA;7,46E+12;PONTA GROSSA;PR;14/08/2026;20/08/2026;17/08/2026;Entregue No Prazo;;Entrega realizada;Entrega Finalizada;20;8;14;8;TRANSTRY;18024;;;
MOBIS BRASIL FABRICACAO DE AUTO PECAS LT;RODOVIARIO;1559225;14/08/2026;1;357455;14/08/2026;HYMAX DISTRIBUIDORA DE VEICULOS LTDA;1,73E+13;MOGI GUACU;SP;14/08/2026;20/08/2026;17/08/2026;Entregue No Prazo;;Entrega realizada;Entrega Finalizada;20;8;14;8;MVT;26002;;;
MOBIS BRASIL FABRICACAO DE AUTO PECAS LT;RODOVIARIO;1559234;14/08/2026;12;357457;14/08/2026;NEW VEICULOS E PECAS LTDA.;1,59E+13;FRANCA;SP;14/08/2026;20/08/2026;17/08/2026;Entregue No Prazo;;Entrega realizada;Entrega Finalizada;20;8;14;8;MVT;26048;;;
MOBIS BRASIL FABRICACAO DE AUTO PECAS LT;RODOVIARIO;1559235;14/08/2026;3;357454;14/08/2026;H R B COMERCIO DE VEICULOS LTDA;1,82E+13;SAO JOSE DO RIO PRETO;SP;14/08/2026;20/08/2026;17/08/2026;Entregue No Prazo;;Entrega realizada;Entrega Finalizada;20;8;14;8;MVT;26050;;;
MOBIS BRASIL FABRICACAO DE AUTO PECAS LT;RODOVIARIO;1559240;14/08/2026;1;357458;14/08/2026;NEW VEICULOS E PECAS LTDA.;1,59E+13;ARARAQUARA;SP;14/08/2026;20/08/2026;17/08/2026;Entregue No Prazo;;Entrega realizada;Entrega Finalizada;20;8;14;8;MVT;26071;;;
MOBIS BRASIL FABRICACAO DE AUTO PECAS LT;RODOVIARIO;1559243;14/08/2026;1;357451;14/08/2026;DHC COMERCIO DE VEICULOS E PECAS LTDA;9,52E+12;BOTUCATU;SP;14/08/2026;20/08/2026;17/08/2026;Entregue No Prazo;Avaria;Entrega realizada;Entrega Finalizada;20;8;14;8;MVT;26010;;;
MOBIS BRASIL FABRICACAO DE AUTO PECAS LT;RODOVIARIO;1559221;14/08/2026;1;357576;14/08/2026;LR COMERCIO DE VEICULOS LTDA;1,05E+13;SAO JOSE;SC;14/08/2026;21/08/2026;17/08/2026;Entregue No Prazo;;Entrega realizada;Entrega Finalizada;21;8;14;8;TRANSTRY;24007;;;
MOBIS BRASIL FABRICACAO DE AUTO PECAS LT;RODOVIARIO;1559222;14/08/2026;13;357576;14/08/2026;LR COMERCIO DE VEICULOS LTDA;1,05E+13;SAO JOSE;SC;14/08/2026;21/08/2026;17/08/2026;Entregue No Prazo;;Entrega realizada;Entrega Finalizada;21;8;14;8;TRANSTRY;24007;;;
MOBIS BRASIL FABRICACAO DE AUTO PECAS LT;RODOVIARIO;1559223;14/08/2026;11;357567;14/08/2026;BARI VEICULOS LTDA;7,46E+12;BLUMENAU;SC;14/08/2026;21/08/2026;17/08/2026;Entregue No Prazo;;Entrega realizada;Entrega Finalizada;21;8;14;8;TRANSTRY;18024;;;
MOBIS BRASIL FABRICACAO DE AUTO PECAS LT;RODOVIARIO;1559168;14/08/2026;4;357441;14/08/2026;SMAFF IMPORT VEICULOS LTDA;8,18E+12;BRASILIA;DF;14/08/2026;24/08/2026;17/08/2026;Entregue No Prazo;;Entrega realizada;Entrega Finalizada;24;8;14;8;RIO VERMELHO;7002;;;
MOBIS BRASIL FABRICACAO DE AUTO PECAS LT;RODOVIARIO;1559169;14/08/2026;1;357441;14/08/2026;SMAFF IMPORT VEICULOS LTDA;8,18E+12;BRASILIA;DF;14/08/2026;24/08/2026;17/08/2026;Entregue No Prazo;;Entrega realizada;Entrega Finalizada;24;8;14;8;RIO VERMELHO;7002;;;
MOBIS BRASIL FABRICACAO DE AUTO PECAS LT;RODOVIARIO;1559233;14/08/2026;41;357639;17/08/2026;BILLY DISTRIBUIDORA DE VEICULOS LTDA;1,34E+13;SAO CAETANO DO SUL;SP;17/08/2026;19/08/2026;17/08/2026;Entregue No Prazo;;Entrega realizada;Entrega Finalizada;19;8;17;8;BV LOG;26003;;;
MOBIS BRASIL FABRICACAO DE AUTO PECAS LT;RODOVIARIO;1559245;14/08/2026;16;357640;17/08/2026;GRANDAY AUTOMOTORES LTDA (CHAC. CALIFOR);1,57E+13;SAO PAULO;SP;17/08/2026;19/08/2026;17/08/2026;Entregue No Prazo;;Entrega realizada;Entrega Finalizada;19;8;17;8;BV LOG;26090;;;
MOBIS BRASIL FABRICACAO DE AUTO PECAS LT;RODOVIARIO;1559227;14/08/2026;9;357642;17/08/2026;ANDRETA II DISTRIBUIDORA DE VEIC. LTDA;9,10E+12;CAMPINAS;SP;17/08/2026;20/08/2026;17/08/2026;Entregue No Prazo;;Entrega realizada;Entrega Finalizada;20;8;17;8;BV LOG;26011;;;
MOBIS BRASIL FABRICACAO DE AUTO PECAS LT;RODOVIARIO;1559228;14/08/2026;19;357644;17/08/2026;MOTONET COMERCIO DE VEICULOS LTDA;9,28E+12;SOROCABA;SP;17/08/2026;20/08/2026;17/08/2026;Entregue No Prazo;;Entrega realizada;Entrega Finalizada;20;8;17;8;BV LOG;26113;;;
MOBIS BRASIL FABRICACAO DE AUTO PECAS LT;RODOVIARIO;1559239;14/08/2026;4;357643;17/08/2026;CAOA MOTOR DO BRASIL LTDA;1,68E+13;CAMPINAS;SP;17/08/2026;20/08/2026;17/08/2026;Entregue No Prazo;;Entrega realizada;Entrega Finalizada;20;8;17;8;BV LOG;5008;;;
MOBIS BRASIL FABRICACAO DE AUTO PECAS LT;RODOVIARIO;1557698;12/08/2026;4;356943;12/08/2026;CAOA MOTOR DO BRASIL LTDA;1,68E+13;BELO HORIZONTE;MG;12/08/2026;17/08/2026;17/08/2026;Entregue Fora do Prazo;;Entrega realizada;Entrega Finalizada;17;8;12;8;XD BETIM;5008;Adesão do Ceará à Independência do Brasil;Estadual;CE
MOBIS BRASIL FABRICACAO DE AUTO PECAS LT;RODOVIARIO;1558081;12/08/2026;4;356960;12/08/2026;VITAL COMERCIO DE VEICULOS LTDA;1,05E+13;IPATINGA;MG;12/08/2026;19/08/2026;17/08/2026;Entregue No Prazo;;Entrega realizada;Entrega Finalizada;19;8;12;8;XD BETIM;11016;;;
MOBIS BRASIL FABRICACAO DE AUTO PECAS LT;RODOVIARIO;1550620;29/07/2026;2;354946;30/07/2026;UNIQUE BOA VISTA COM. DE AUTOMOVEIS LTDA;3,48E+13;BOA VISTA;RR;30/07/2026;27/08/2026;18/08/2026;Entregue No Prazo;;Entrega realizada;Entrega Finalizada;27;8;30;7;CARVALIMA;22002;Aniversário do Município;Americana;SP
MOBIS BRASIL FABRICACAO DE AUTO PECAS LT;RODOVIARIO;1551982;31/07/2026;50;355576;03/08/2026;FAZZA MOTORS COMERCIO DE VEICULOS LTDA;1,24E+13;SALVADOR;BA;03/08/2026;13/08/2026;18/08/2026;Entregue Fora do Prazo;;Entrega realizada;Entrega Finalizada;13;8;3;8;TERMACO;5007;;;
MOBIS BRASIL FABRICACAO DE AUTO PECAS LT;RODOVIARIO;1553520;04/08/2026;8;355810;04/08/2026;PATEO COMERCIO DE VEICULOS S A;7,78E+12;MANAUS;AM;04/08/2026;28/08/2026;18/08/2026;Entregue No Prazo;;Entrega realizada;Entrega Finalizada;28;8;4;8;CARVALIMA;3002;;;
MOBIS BRASIL FABRICACAO DE AUTO PECAS LT;RODOVIARIO;1553737;05/08/2026;1;356016;05/08/2026;JPN COMERCIO DE VEICULOS LTDA;3,20E+13;ARAPIRACA;AL;05/08/2026;21/08/2026;18/08/2026;Entregue No Prazo;;Entrega realizada;Entrega Finalizada;21;8;5;8;TERMACO;2003;;;
MOBIS BRASIL FABRICACAO DE AUTO PECAS LT;RODOVIARIO;1554505;06/08/2026;1;356189;06/08/2026;URCA MOTORS VEICULOS LTDA;8,77E+12;UBERABA;MG;06/08/2026;12/08/2026;18/08/2026;Entregue Fora do Prazo;;Entrega realizada;Entrega Finalizada;12;8;6;8;XD BETIM;9014;;;
MOBIS BRASIL FABRICACAO DE AUTO PECAS LT;RODOVIARIO;1554502;06/08/2026;37;356208;06/08/2026;PATEO COMERCIO DE VEICULOS S A;7,78E+12;SAO LUIS;MA;06/08/2026;21/08/2026;18/08/2026;Entregue No Prazo;;Entrega realizada;Entrega Finalizada;21;8;6;8;TERMACO;10002;;;
MOBIS BRASIL FABRICACAO DE AUTO PECAS LT;RODOVIARIO;1554539;06/08/2026;6;356217;06/08/2026;SAINT LAND COMERCIO DE VEICULOS LTDA;1,04E+13;NATAL;RN;06/08/2026;21/08/2026;18/08/2026;Entregue No Prazo;;Entrega realizada;Entrega Finalizada;21;8;6;8;TERMACO;6010;;;
MOBIS BRASIL FABRICACAO DE AUTO PECAS LT;RODOVIARIO;1554540;06/08/2026;6;356217;06/08/2026;SAINT LAND COMERCIO DE VEICULOS LTDA;1,04E+13;NATAL;RN;06/08/2026;21/08/2026;18/08/2026;Entregue No Prazo;;Entrega realizada;Entrega Finalizada;21;8;6;8;TERMACO;6010;;;
MOBIS BRASIL FABRICACAO DE AUTO PECAS LT;RODOVIARIO;1554519;06/08/2026;1;356205;06/08/2026;NACIONAL NOVA MARABA DIST DE VEIC. LTDA;1,70E+13;PARAUAPEBAS;PA;06/08/2026;24/08/2026;18/08/2026;Entregue No Prazo;;Entrega realizada;Entrega Finalizada;24;8;6;8;CARVALIMA;14010;;;
MOBIS BRASIL FABRICACAO DE AUTO PECAS LT;RODOVIARIO;1554503;06/08/2026;1;356206;06/08/2026;NACIONAL NOVA MARABA DIST DE VEIC. LTDA;1,70E+13;IMPERATRIZ;MA;06/08/2026;26/08/2026;18/08/2026;Entregue No Prazo;;Entrega realizada;Entrega Finalizada;26;8;6;8;TERMACO;10003;;;
MOBIS BRASIL FABRICACAO DE AUTO PECAS LT;RODOVIARIO;1555206;07/08/2026;15;356334;07/08/2026;URCA MOTORS VEICULOS LTDA;8,77E+12;UBERLANDIA;MG;07/08/2026;13/08/2026;18/08/2026;Entregue Fora do Prazo;;Entrega realizada;Entrega Finalizada;13;8;7;8;XD BETIM;9014;;;
MOBIS BRASIL FABRICACAO DE AUTO PECAS LT;RODOVIARIO;1555208;07/08/2026;6;356335;07/08/2026;URCA MOTORS VEICULOS LTDA;8,77E+12;UBERABA;MG;07/08/2026;13/08/2026;18/08/2026;Entregue Fora do Prazo;;Entrega realizada;Entrega Finalizada;13;8;7;8;XD BETIM;9014;;;
MOBIS BRASIL FABRICACAO DE AUTO PECAS LT;RODOVIARIO;1555255;07/08/2026;8;356366;07/08/2026;SAINT LAND COMERCIO DE VEICULOS LTDA;1,04E+13;ARACAJU;SE;07/08/2026;20/08/2026;18/08/2026;Entregue No Prazo;;Entrega realizada;Entrega Finalizada;20;8;7;8;TERMACO;6010;;;
MOBIS BRASIL FABRICACAO DE AUTO PECAS LT;RODOVIARIO;1555713;07/08/2026;4;356368;07/08/2026;SEVEL VEICULOS LTDA;1,07E+13;ARACAJU;SE;07/08/2026;20/08/2026;18/08/2026;Entregue No Prazo;;Entrega realizada;Entrega Finalizada;20;8;7;8;TERMACO;25001;;;
MOBIS BRASIL FABRICACAO DE AUTO PECAS LT;RODOVIARIO;1555183;07/08/2026;6;356346;07/08/2026;CYCOSA AUTOMOVEIS LTDA;4,76E+12;MACEIO;AL;07/08/2026;21/08/2026;18/08/2026;Entregue No Prazo;;Entrega realizada;Entrega Finalizada;21;8;7;8;TERMACO;2001;;;
MOBIS BRASIL FABRICACAO DE AUTO PECAS LT;RODOVIARIO;1555215;07/08/2026;2;356357;07/08/2026;MISO VEICULOS LTDA;1,85E+13;SANTAREM;PA;07/08/2026;21/08/2026;18/08/2026;Entregue No Prazo;;Entrega realizada;Entrega Finalizada;21;8;7;8;CARVALIMA;4001;;;
MOBIS BRASIL FABRICACAO DE AUTO PECAS LT;RODOVIARIO;1555189;07/08/2026;2;356356;07/08/2026;MASTER COMERCIAL DE VEICULOS LTDA;2,85E+13;BARREIRAS;BA;07/08/2026;24/08/2026;18/08/2026;Entregue No Prazo;;Entrega realizada;Entrega Finalizada;24;8;7;8;TERMACO;5012;;;
MOBIS BRASIL FABRICACAO DE AUTO PECAS LT;RODOVIARIO;1555203;07/08/2026;5;356362;07/08/2026;PATEO COMERCIO DE VEICULOS S A;7,78E+12;SAO LUIS;MA;07/08/2026;24/08/2026;18/08/2026;Entregue No Prazo;;Entrega realizada;Entrega Finalizada;24;8;7;8;TERMACO;10002;;;
MOBIS BRASIL FABRICACAO DE AUTO PECAS LT;RODOVIARIO;1555204;07/08/2026;2;356362;07/08/2026;PATEO COMERCIO DE VEICULOS S A;7,78E+12;SAO LUIS;MA;07/08/2026;24/08/2026;18/08/2026;Entregue No Prazo;;Entrega realizada;Entrega Finalizada;24;8;7;8;TERMACO;10002;;;
MOBIS BRASIL FABRICACAO DE AUTO PECAS LT;RODOVIARIO;1555239;07/08/2026;9;356367;07/08/2026;SAINT LAND COMERCIO DE VEICULOS LTDA;1,04E+13;NATAL;RN;07/08/2026;24/08/2026;18/08/2026;Entregue No Prazo;;Entrega realizada;Entrega Finalizada;24;8;7;8;TERMACO;6010;;;
MOBIS BRASIL FABRICACAO DE AUTO PECAS LT;RODOVIARIO;1555222;07/08/2026;2;356350;07/08/2026;GREEN CITY VEICULOS LTDA;2,10E+13;TERESINA;PI;07/08/2026;25/08/2026;18/08/2026;Entregue No Prazo;;Entrega realizada;Entrega Finalizada;25;8;7;8;TERMACO;17002;;;
MOBIS BRASIL FABRICACAO DE AUTO PECAS LT;RODOVIARIO;1555223;07/08/2026;3;356351;07/08/2026;GREEN CITY VEICULOS LTDA;2,10E+13;TERESINA;PI;07/08/2026;25/08/2026;18/08/2026;Entregue No Prazo;;Entrega realizada;Entrega Finalizada;25;8;7;8;TERMACO;17002;;;
MOBIS BRASIL FABRICACAO DE AUTO PECAS LT;RODOVIARIO;1555205;07/08/2026;4;356359;07/08/2026;NACIONAL NOVA MARABA DIST DE VEIC. LTDA;1,70E+13;IMPERATRIZ;MA;07/08/2026;27/08/2026;18/08/2026;Entregue No Prazo;;Entrega realizada;Entrega Finalizada;27;8;7;8;TERMACO;10003;Aniversário do Município;Americana;SP
MOBIS BRASIL FABRICACAO DE AUTO PECAS LT;RODOVIARIO;1556028;10/08/2026;2;356544;10/08/2026;URCA MOTORS VEICULOS LTDA;8,77E+12;UBERLANDIA;MG;10/08/2026;14/08/2026;18/08/2026;Entregue Fora do Prazo;;Entrega realizada;Entrega Finalizada;14;8;10;8;XD BETIM;9014;;;
MOBIS BRASIL FABRICACAO DE AUTO PECAS LT;RODOVIARIO;1556030;10/08/2026;2;356543;10/08/2026;URCA MOTORS VEICULOS LTDA;8,77E+12;UBERABA;MG;10/08/2026;14/08/2026;18/08/2026;Entregue Fora do Prazo;;Entrega realizada;Entrega Finalizada;14;8;10;8;XD BETIM;9014;;;
MOBIS BRASIL FABRICACAO DE AUTO PECAS LT;RODOVIARIO;1556021;10/08/2026;8;356619;10/08/2026;PRIME CACHOEIRO VEICULOS LTDA;9,34E+12;CACHOEIRO DE ITAPEMIRIM;ES;10/08/2026;18/08/2026;18/08/2026;Entregue No Prazo;;Entrega realizada;Entrega Finalizada;18;8;10;8;CAMILO;8004;;;
MOBIS BRASIL FABRICACAO DE AUTO PECAS LT;RODOVIARIO;1556089;10/08/2026;3;356720;10/08/2026;CHINHAN AUTOMOVEIS LTDA.;2,41E+13;CACADOR;SC;10/08/2026;19/08/2026;18/08/2026;Entregue No Prazo;;Entrega realizada;Entrega Finalizada;19;8;10;8;TRANSTRY;24020;;;
MOBIS BRASIL FABRICACAO DE AUTO PECAS LT;RODOVIARIO;1556113;10/08/2026;1;356532;10/08/2026;PRIVILLEGE DISTRIBUIDORA DE VEICULOS LTD;1,72E+13;PALMAS;TO;10/08/2026;19/08/2026;18/08/2026;Entregue No Prazo;;Entrega realizada;Entrega Finalizada;19;8;10;8;RIO VERMELHO;27003;;;
MOBIS BRASIL FABRICACAO DE AUTO PECAS LT;RODOVIARIO;1556013;10/08/2026;2;356603;10/08/2026;FAZZA MOTORS COMERCIO DE VEICULOS LTDA;1,24E+13;SALVADOR;BA;10/08/2026;20/08/2026;18/08/2026;Entregue No Prazo;;Entrega realizada;Entrega Finalizada;20;8;10;8;TERMACO;5007;;;
MOBIS BRASIL FABRICACAO DE AUTO PECAS LT;RODOVIARIO;1556045;10/08/2026;3;356626;10/08/2026;UNIQUE COMERCIO DE AUTOMOVEIS LTDA;1,74E+13;ANANINDEUA;PA;10/08/2026;21/08/2026;18/08/2026;Entregue No Prazo;;Entrega realizada;Entrega Finalizada;21;8;10;8;CARVALIMA;14003;;;
MOBIS BRASIL FABRICACAO DE AUTO PECAS LT;RODOVIARIO;1556091;10/08/2026;3;356624;10/08/2026;SAINT LAND COMERCIO DE VEICULOS LTDA;1,04E+13;ARACAJU;SE;10/08/2026;21/08/2026;18/08/2026;Entregue No Prazo;;Entrega realizada;Entrega Finalizada;21;8;10;8;TERMACO;6010;;;
MOBIS BRASIL FABRICACAO DE AUTO PECAS LT;RODOVIARIO;1556008;10/08/2026;4;356602;10/08/2026;CYCOSA AUTOMOVEIS LTDA;4,76E+12;MACEIO;AL;10/08/2026;24/08/2026;18/08/2026;Entregue No Prazo;;Entrega realizada;Entrega Finalizada;24;8;10;8;TERMACO;2001;;;
MOBIS BRASIL FABRICACAO DE AUTO PECAS LT;RODOVIARIO;1556010;10/08/2026;2;356590;10/08/2026;AIKON VEICULOS LTDA;1,17E+13;VITORIA DA CONQUISTA;BA;10/08/2026;25/08/2026;18/08/2026;Entregue No Prazo;;Entrega realizada;Entrega Finalizada;25;8;10;8;TERMACO;5002;;;
MOBIS BRASIL FABRICACAO DE AUTO PECAS LT;RODOVIARIO;1556014;10/08/2026;10;356614;10/08/2026;PATEO COMERCIO DE VEICULOS S A;7,78E+12;FEIRA DE SANTANA;BA;10/08/2026;25/08/2026;18/08/2026;Entregue No Prazo;;Entrega realizada;Entrega Finalizada;25;8;10;8;TERMACO;5009;;;
MOBIS BRASIL FABRICACAO DE AUTO PECAS LT;RODOVIARIO;1556065;10/08/2026;20;356611;10/08/2026;ORIENTE AUTOMOVEIS LTDA;1,33E+13;PARNAMIRIM;RN;10/08/2026;26/08/2026;18/08/2026;Entregue No Prazo;;Entrega realizada;Entrega Finalizada;26;8;10;8;TERMACO;20001;;;
MOBIS BRASIL FABRICACAO DE AUTO PECAS LT;RODOVIARIO;1556816;11/08/2026;25;356781;11/08/2026;URCA MOTORS VEICULOS LTDA;8,77E+12;UBERLANDIA;MG;11/08/2026;17/08/2026;18/08/2026;Entregue Fora do Prazo;;Entrega realizada;Entrega Finalizada;17;8;11;8;XD BETIM;9014;Adesão do Ceará à Independência do Brasil;Estadual;CE
MOBIS BRASIL FABRICACAO DE AUTO PECAS LT;RODOVIARIO;1556800;11/08/2026;13;356830;11/08/2026;FAZZA MOTORS COMERCIO DE VEICULOS LTDA;1,24E+13;SALVADOR;BA;11/08/2026;21/08/2026;18/08/2026;Entregue No Prazo;;Entrega realizada;Entrega Finalizada;21;8;11;8;TERMACO;5007;;;
MOBIS BRASIL FABRICACAO DE AUTO PECAS LT;RODOVIARIO;1557313;11/08/2026;22;356849;11/08/2026;SEVEL VEICULOS LTDA;1,07E+13;ARACAJU;SE;11/08/2026;24/08/2026;18/08/2026;Entregue No Prazo;;Entrega realizada;Entrega Finalizada;24;8;11;8;TERMACO;25001;;;
MOBIS BRASIL FABRICACAO DE AUTO PECAS LT;RODOVIARIO;1556801;11/08/2026;3;356823;11/08/2026;CAOA MOTOR DO BRASIL LTDA;1,68E+13;LAURO DE FREITAS;BA;11/08/2026;26/08/2026;18/08/2026;Entregue No Prazo;;Entrega realizada;Entrega Finalizada;26;8;11;8;TERMACO;5008;;;
MOBIS BRASIL FABRICACAO DE AUTO PECAS LT;RODOVIARIO;1557764;12/08/2026;4;357015;12/08/2026;CAOA MOTOR DO BRASIL LTDA;1,68E+13;CAMPINAS;SP;12/08/2026;17/08/2026;18/08/2026;Entregue Fora do Prazo;;Entrega realizada;Entrega Finalizada;17;8;12;8;MVT;5008;Adesão do Ceará à Independência do Brasil;Estadual;CE
MOBIS BRASIL FABRICACAO DE AUTO PECAS LT;RODOVIARIO;1557694;12/08/2026;3;356959;12/08/2026;URCA MOTORS VEICULOS LTDA;8,77E+12;UBERLANDIA;MG;12/08/2026;18/08/2026;18/08/2026;Entregue No Prazo;;Entrega realizada;Entrega Finalizada;18;8;12;8;XD BETIM;9014;;;
MOBIS BRASIL FABRICACAO DE AUTO PECAS LT;RODOVIARIO;1557715;12/08/2026;3;357192;12/08/2026;SANTA FE VEICULOS LTDA.;1,16E+13;FRANCISCO BELTRAO;PR;12/08/2026;19/08/2026;18/08/2026;Entregue No Prazo;;Entrega realizada;Entrega Finalizada;19;8;12;8;TRANSTRY;18010;;;
MOBIS BRASIL FABRICACAO DE AUTO PECAS LT;RODOVIARIO;1557741;12/08/2026;5;357171;12/08/2026;ATUAL VEICULOS LTDA;1,33E+13;ARARANGUA;SC;12/08/2026;19/08/2026;18/08/2026;Entregue No Prazo;;Entrega realizada;Entrega Finalizada;19;8;12;8;TRANSTRY;24001;;;
MOBIS BRASIL FABRICACAO DE AUTO PECAS LT;RODOVIARIO;1557742;12/08/2026;3;357170;12/08/2026;ATUAL VEICULOS LTDA;1,33E+13;CRICIUMA;SC;12/08/2026;19/08/2026;18/08/2026;Entregue No Prazo;;Entrega realizada;Entrega Finalizada;19;8;12;8;TRANSTRY;24001;;;
MOBIS BRASIL FABRICACAO DE AUTO PECAS LT;RODOVIARIO;1557743;12/08/2026;1;357169;12/08/2026;ATUAL VEICULOS LTDA;1,33E+13;TUBARAO;SC;12/08/2026;19/08/2026;18/08/2026;Entregue No Prazo;;Entrega realizada;Entrega Finalizada;19;8;12;8;TRANSTRY;24001;;;
MOBIS BRASIL FABRICACAO DE AUTO PECAS LT;RODOVIARIO;1557744;12/08/2026;12;357169;12/08/2026;ATUAL VEICULOS LTDA;1,33E+13;TUBARAO;SC;12/08/2026;19/08/2026;18/08/2026;Entregue No Prazo;;Entrega realizada;Entrega Finalizada;19;8;12;8;TRANSTRY;24001;;;
MOBIS BRASIL FABRICACAO DE AUTO PECAS LT;RODOVIARIO;1557685;12/08/2026;3;357088;12/08/2026;PRIME CACHOEIRO VEICULOS LTDA EPP;9,34E+12;CACHOEIRO DE ITAPEMIRIM;ES;12/08/2026;20/08/2026;18/08/2026;Entregue No Prazo;;Entrega realizada;Entrega Finalizada;20;8;12;8;CAMILO;8003;;;
MOBIS BRASIL FABRICACAO DE AUTO PECAS LT;RODOVIARIO;1557686;12/08/2026;4;357087;12/08/2026;PRIME CACHOEIRO VEICULOS LTDA;9,34E+12;LINHARES;ES;12/08/2026;20/08/2026;18/08/2026;Entregue No Prazo;;Entrega realizada;Entrega Finalizada;20;8;12;8;CAMILO;8004;;;
MOBIS BRASIL FABRICACAO DE AUTO PECAS LT;RODOVIARIO;1557688;12/08/2026;1;356951;12/08/2026;NISA COMERCIAL DE VEIC. AUTOMOTORES LTDA;1,03E+13;APARECIDA DE GOIANIA;GO;12/08/2026;20/08/2026;18/08/2026;Entregue No Prazo;;Entrega realizada;Entrega Finalizada;20;8;12;8;RIO VERMELHO;9002;;;
MOBIS BRASIL FABRICACAO DE AUTO PECAS LT;RODOVIARIO;1557689;12/08/2026;8;356955;12/08/2026;SAGA KOREA COM. DE VEIC. E PC. LTDA;1,27E+13;GOIANIA;GO;12/08/2026;20/08/2026;18/08/2026;Entregue No Prazo;;Entrega realizada;Entrega Finalizada;20;8;12;8;RIO VERMELHO;9011;;;
MOBIS BRASIL FABRICACAO DE AUTO PECAS LT;RODOVIARIO;1557690;12/08/2026;3;356950;12/08/2026;NISA COMERCIAL DE VEIC. AUTOMOTORES LTDA;1,03E+13;GOIANIA;GO;12/08/2026;20/08/2026;18/08/2026;Entregue No Prazo;;Entrega realizada;Entrega Finalizada;20;8;12;8;RIO VERMELHO;9013;;;
MOBIS BRASIL FABRICACAO DE AUTO PECAS LT;RODOVIARIO;1557737;12/08/2026;1;357182;12/08/2026;CARWAY SUL VEICULOS LTDA;1,03E+13;BENTO GONCALVES;RS;12/08/2026;20/08/2026;18/08/2026;Entregue No Prazo;;Entrega realizada;Entrega Finalizada;20;8;12;8;TRANSTRY;23003;;;
MOBIS BRASIL FABRICACAO DE AUTO PECAS LT;RODOVIARIO;1557702;12/08/2026;2;357089;12/08/2026;SAGA ASIA COM. DE VEIC.PC.E SERV. LTDA;2,23E+13;VARZEA GRANDE;MT;12/08/2026;21/08/2026;18/08/2026;Entregue No Prazo;;Entrega realizada;Entrega Finalizada;21;8;12;8;CARVALIMA;13004;;;
MOBIS BRASIL FABRICACAO DE AUTO PECAS LT;RODOVIARIO;1557703;12/08/2026;1;357089;12/08/2026;SAGA ASIA COM. DE VEIC.PC.E SERV. LTDA;2,23E+13;VARZEA GRANDE;MT;12/08/2026;21/08/2026;18/08/2026;Entregue No Prazo;;Entrega realizada;Entrega Finalizada;21;8;12;8;CARVALIMA;13004;;;
MOBIS BRASIL FABRICACAO DE AUTO PECAS LT;RODOVIARIO;1557749;12/08/2026;2;357184;12/08/2026;CHINHAN AUTOMOVEIS LTDA.;2,41E+13;CACADOR;SC;12/08/2026;21/08/2026;18/08/2026;Entregue No Prazo;;Entrega realizada;Entrega Finalizada;21;8;12;8;TRANSTRY;24020;;;
MOBIS BRASIL FABRICACAO DE AUTO PECAS LT;RODOVIARIO;1557705;12/08/2026;2;357099;12/08/2026;UNIQUE COMERCIO DE AUTOMOVEIS LTDA;1,74E+13;ANANINDEUA;PA;12/08/2026;25/08/2026;18/08/2026;Entregue No Prazo;;Entrega realizada;Entrega Finalizada;25;8;12;8;CARVALIMA;14003;;;
MOBIS BRASIL FABRICACAO DE AUTO PECAS LT;RODOVIARIO;1558967;13/08/2026;1;357207;13/08/2026;BDG AUTOVILLE VEICULOS LTDA;4,77E+13;CONTAGEM;MG;13/08/2026;18/08/2026;18/08/2026;Entregue No Prazo;;Entrega realizada;Entrega Finalizada;18;8;13;8;XD BETIM;11037;;;
MOBIS BRASIL FABRICACAO DE AUTO PECAS LT;RODOVIARIO;1558968;13/08/2026;19;357207;13/08/2026;BDG AUTOVILLE VEICULOS LTDA;4,77E+13;CONTAGEM;MG;13/08/2026;18/08/2026;18/08/2026;Entregue No Prazo;;Entrega realizada;Entrega Finalizada;18;8;13;8;XD BETIM;11037;;;
MOBIS BRASIL FABRICACAO DE AUTO PECAS LT;RODOVIARIO;1558970;13/08/2026;16;357213;13/08/2026;CARBEL KOREA VEICULOS LTDA;2,07E+13;BELO HORIZONTE;MG;13/08/2026;18/08/2026;18/08/2026;Entregue No Prazo;;Entrega realizada;Entrega Finalizada;18;8;13;8;XD BETIM;11021;;;
MOBIS BRASIL FABRICACAO DE AUTO PECAS LT;RODOVIARIO;1558971;13/08/2026;14;357229;13/08/2026;TAI MOTORS VEICULOS S/A;9,27E+12;BELO HORIZONTE;MG;13/08/2026;18/08/2026;18/08/2026;Entregue No Prazo;;Entrega realizada;Entrega Finalizada;18;8;13;8;XD BETIM;8002;;;
MOBIS BRASIL FABRICACAO DE AUTO PECAS LT;RODOVIARIO;1559036;13/08/2026;1;357236;13/08/2026;ANDRETA II DISTRIBUIDORA DE VEIC. LTDA;9,10E+12;CAMPINAS;SP;13/08/2026;18/08/2026;18/08/2026;Entregue No Prazo;;Entrega realizada;Entrega Finalizada;18;8;13;8;MVT;26011;;;
MOBIS BRASIL FABRICACAO DE AUTO PECAS LT;RODOVIARIO;1559037;13/08/2026;3;357236;13/08/2026;ANDRETA II DISTRIBUIDORA DE VEIC. LTDA;9,10E+12;CAMPINAS;SP;13/08/2026;18/08/2026;18/08/2026;Entregue No Prazo;;Entrega realizada;Entrega Finalizada;18;8;13;8;MVT;26011;;;
MOBIS BRASIL FABRICACAO DE AUTO PECAS LT;RODOVIARIO;1558991;13/08/2026;2;357234;13/08/2026;URCA MOTORS VEICULOS LTDA;8,77E+12;UBERLANDIA;MG;13/08/2026;19/08/2026;18/08/2026;Entregue No Prazo;;Entrega realizada;Entrega Finalizada;19;8;13;8;XD BETIM;9014;;;
MOBIS BRASIL FABRICACAO DE AUTO PECAS LT;RODOVIARIO;1558994;13/08/2026;1;357230;13/08/2026;TOKSU COMERCIO DE VEICULOS LTDA;1,12E+13;JUIZ DE FORA;MG;13/08/2026;19/08/2026;18/08/2026;Entregue No Prazo;;Entrega realizada;Entrega Finalizada;19;8;13;8;XD BETIM;11008;;;
MOBIS BRASIL FABRICACAO DE AUTO PECAS LT;RODOVIARIO;1558995;13/08/2026;3;357231;13/08/2026;TOKSU COMERCIO DE VEICULOS LTDA;1,12E+13;VARGINHA;MG;13/08/2026;19/08/2026;18/08/2026;Entregue No Prazo;;Entrega realizada;Entrega Finalizada;19;8;13;8;XD BETIM;11008;;;
MOBIS BRASIL FABRICACAO DE AUTO PECAS LT;RODOVIARIO;1559016;13/08/2026;1;357357;13/08/2026;AMX COM. E SERVICOS DE AUTOMOTORES LTDA;1,20E+13;RIO DE JANEIRO;RJ;13/08/2026;19/08/2026;18/08/2026;Entregue No Prazo;;Entrega realizada;Entrega Finalizada;19;8;13;8;CAMILO;19009;;;
MOBIS BRASIL FABRICACAO DE AUTO PECAS LT;RODOVIARIO;1559021;13/08/2026;1;357406;13/08/2026;HOUSE PARTS - COM. DE PECAS E VEIC. LTDA;1,15E+13;PORTO ALEGRE;RS;13/08/2026;19/08/2026;18/08/2026;Entregue No Prazo;;Entrega realizada;Entrega Finalizada;19;8;13;8;TRANSTRY;23004;;;
MOBIS BRASIL FABRICACAO DE AUTO PECAS LT;RODOVIARIO;1559032;13/08/2026;1;357244;13/08/2026;HYMAX DISTRIBUIDORA DE VEICULOS LTDA;1,73E+13;MOGI GUACU;SP;13/08/2026;19/08/2026;18/08/2026;Entregue No Prazo;;Entrega realizada;Entrega Finalizada;19;8;13;8;MVT;26002;;;
MOBIS BRASIL FABRICACAO DE AUTO PECAS LT;RODOVIARIO;1558982;13/08/2026;1;357387;13/08/2026;TAI MOTORS VEICULOS S/A;9,27E+12;VITORIA;ES;13/08/2026;20/08/2026;18/08/2026;Entregue No Prazo;;Entrega realizada;Entrega Finalizada;20;8;13;8;CAMILO;8002;;;
MOBIS BRASIL FABRICACAO DE AUTO PECAS LT;RODOVIARIO;1558993;13/08/2026;2;357232;13/08/2026;TOKSU COMERCIO DE VEICULOS LTDA;1,12E+13;BARBACENA;MG;13/08/2026;20/08/2026;18/08/2026;Entregue No Prazo;;Entrega realizada;Entrega Finalizada;20;8;13;8;XD BETIM;11008;;;
MOBIS BRASIL FABRICACAO DE AUTO PECAS LT;RODOVIARIO;1559010;13/08/2026;5;357412;13/08/2026;SANTA FE VEICULOS LTDA.;1,16E+13;FRANCISCO BELTRAO;PR;13/08/2026;20/08/2026;18/08/2026;Entregue No Prazo;;Entrega realizada;Entrega Finalizada;20;8;13;8;TRANSTRY;18010;;;
MOBIS BRASIL FABRICACAO DE AUTO PECAS LT;RODOVIARIO;1559025;13/08/2026;4;357395;13/08/2026;ATUAL VEICULOS LTDA;1,33E+13;ARARANGUA;SC;13/08/2026;20/08/2026;18/08/2026;Entregue No Prazo;;Entrega realizada;Entrega Finalizada;20;8;13;8;TRANSTRY;24001;;;
MOBIS BRASIL FABRICACAO DE AUTO PECAS LT;RODOVIARIO;1559026;13/08/2026;1;357396;13/08/2026;ATUAL VEICULOS LTDA;1,33E+13;CRICIUMA;SC;13/08/2026;20/08/2026;18/08/2026;Entregue No Prazo;;Entrega realizada;Entrega Finalizada;20;8;13;8;TRANSTRY;24001;;;
MOBIS BRASIL FABRICACAO DE AUTO PECAS LT;RODOVIARIO;1559027;13/08/2026;2;357396;13/08/2026;ATUAL VEICULOS LTDA;1,33E+13;CRICIUMA;SC;13/08/2026;20/08/2026;18/08/2026;Entregue No Prazo;;Entrega realizada;Entrega Finalizada;20;8;13;8;TRANSTRY;24001;;;
MOBIS BRASIL FABRICACAO DE AUTO PECAS LT;RODOVIARIO;1559028;13/08/2026;5;357397;13/08/2026;ATUAL VEICULOS LTDA;1,33E+13;TUBARAO;SC;13/08/2026;20/08/2026;18/08/2026;Entregue No Prazo;;Entrega realizada;Entrega Finalizada;20;8;13;8;TRANSTRY;24001;;;
MOBIS BRASIL FABRICACAO DE AUTO PECAS LT;RODOVIARIO;1558984;13/08/2026;1;357380;13/08/2026;PRIME CACHOEIRO VEICULOS LTDA;9,34E+12;LINHARES;ES;13/08/2026;21/08/2026;18/08/2026;Entregue No Prazo;;Entrega realizada;Entrega Finalizada;21;8;13;8;CAMILO;8004;;;
MOBIS BRASIL FABRICACAO DE AUTO PECAS LT;RODOVIARIO;1559030;13/08/2026;2;357403;13/08/2026;CHINHAN AUTOMOVEIS LTDA.;2,41E+13;CACADOR;SC;13/08/2026;24/08/2026;18/08/2026;Entregue No Prazo;;Entrega realizada;Entrega Finalizada;24;8;13;8;TRANSTRY;24020;;;
MOBIS BRASIL FABRICACAO DE AUTO PECAS LT;RODOVIARIO;1558999;13/08/2026;2;357363;13/08/2026;COMETA MATO GROSSO COM. DE VEICULOS LTDA;1,54E+13;SINOP;MT;13/08/2026;25/08/2026;18/08/2026;Entregue No Prazo;;Entrega realizada;Entrega Finalizada;25;8;13;8;CARVALIMA;13003;;;
MOBIS BRASIL FABRICACAO DE AUTO PECAS LT;RODOVIARIO;1559188;14/08/2026;11;357442;14/08/2026;TAI MOTORS VEICULOS S/A;9,27E+12;BELO HORIZONTE;MG;14/08/2026;19/08/2026;18/08/2026;Entregue No Prazo;;Entrega realizada;Entrega Finalizada;19;8;14;8;XD BETIM;8002;;;
MOBIS BRASIL FABRICACAO DE AUTO PECAS LT;RODOVIARIO;1559189;14/08/2026;1;357425;14/08/2026;CAOA MOTOR DO BRASIL LTDA;1,68E+13;BELO HORIZONTE;MG;14/08/2026;19/08/2026;18/08/2026;Entregue No Prazo;;Entrega realizada;Entrega Finalizada;19;8;14;8;XD BETIM;5008;;;
MOBIS BRASIL FABRICACAO DE AUTO PECAS LT;RODOVIARIO;1559190;14/08/2026;20;357424;14/08/2026;BDG AUTOVILLE VEICULOS LTDA;4,77E+13;CONTAGEM;MG;14/08/2026;19/08/2026;18/08/2026;Entregue No Prazo;;Entrega realizada;Entrega Finalizada;19;8;14;8;XD BETIM;11037;;;
MOBIS BRASIL FABRICACAO DE AUTO PECAS LT;RODOVIARIO;1559229;14/08/2026;1;357456;14/08/2026;NEW VEICULOS E PECAS LTDA;1,59E+13;RIBEIRAO PRETO;SP;14/08/2026;19/08/2026;18/08/2026;Entregue No Prazo;;Entrega realizada;Entrega Finalizada;19;8;14;8;MVT;26014;;;
MOBIS BRASIL FABRICACAO DE AUTO PECAS LT;RODOVIARIO;1559230;14/08/2026;24;357456;14/08/2026;NEW VEICULOS E PECAS LTDA;1,59E+13;RIBEIRAO PRETO;SP;14/08/2026;19/08/2026;18/08/2026;Entregue No Prazo;;Entrega realizada;Entrega Finalizada;19;8;14;8;MVT;26014;;;
MOBIS BRASIL FABRICACAO DE AUTO PECAS LT;RODOVIARIO;1559184;14/08/2026;23;357446;14/08/2026;URCA MOTORS VEICULOS LTDA;8,77E+12;UBERLANDIA;MG;14/08/2026;20/08/2026;18/08/2026;Entregue No Prazo;;Entrega realizada;Entrega Finalizada;20;8;14;8;XD BETIM;9014;;;
MOBIS BRASIL FABRICACAO DE AUTO PECAS LT;RODOVIARIO;1559185;14/08/2026;1;357444;14/08/2026;TOKSU COMERCIO DE VEICULOS LTDA;1,12E+13;JUIZ DE FORA;MG;14/08/2026;20/08/2026;18/08/2026;Entregue No Prazo;;Entrega realizada;Entrega Finalizada;20;8;14;8;XD BETIM;11008;;;
MOBIS BRASIL FABRICACAO DE AUTO PECAS LT;RODOVIARIO;1559186;14/08/2026;2;357431;14/08/2026;IMOTORS VEICULOS LTDA;7,17E+12;JUIZ DE FORA;MG;14/08/2026;20/08/2026;18/08/2026;Entregue No Prazo;;Entrega realizada;Entrega Finalizada;20;8;14;8;XD BETIM;11010;;;
MOBIS BRASIL FABRICACAO DE AUTO PECAS LT;RODOVIARIO;1559198;14/08/2026;4;357575;14/08/2026;LOVAT VEICULOS S/A;8,57E+12;LONDRINA;PR;14/08/2026;20/08/2026;18/08/2026;Entregue No Prazo;;Entrega realizada;Entrega Finalizada;20;8;14;8;TRANSTRY;18008;;;
MOBIS BRASIL FABRICACAO DE AUTO PECAS LT;RODOVIARIO;1559203;14/08/2026;2;357474;14/08/2026;ITAVEMA MOTORS VEICULOS LTDA;7,73E+12;DUQUE DE CAXIAS;RJ;14/08/2026;20/08/2026;18/08/2026;Entregue No Prazo;;Entrega realizada;Entrega Finalizada;20;8;14;8;CAMILO;19001;;;
MOBIS BRASIL FABRICACAO DE AUTO PECAS LT;RODOVIARIO;1559204;14/08/2026;2;357462;14/08/2026;AMX COM. E SERVICOS DE AUTOMOTORES LTDA;1,20E+13;RIO DE JANEIRO;RJ;14/08/2026;20/08/2026;18/08/2026;Entregue No Prazo;;Entrega realizada;Entrega Finalizada;20;8;14;8;CAMILO;19009;;;
MOBIS BRASIL FABRICACAO DE AUTO PECAS LT;RODOVIARIO;1559205;14/08/2026;3;357475;14/08/2026;ITAVEMA MOTORS VEICULOS LTDA;7,73E+12;RIO DE JANEIRO;RJ;14/08/2026;20/08/2026;18/08/2026;Entregue No Prazo;;Entrega realizada;Entrega Finalizada;20;8;14;8;CAMILO;19001;;;
MOBIS BRASIL FABRICACAO DE AUTO PECAS LT;RODOVIARIO;1559206;14/08/2026;1;357468;14/08/2026;CAOA MOTOR DO BRASIL LTDA;1,68E+13;RIO DE JANEIRO;RJ;14/08/2026;20/08/2026;18/08/2026;Entregue No Prazo;;Entrega realizada;Entrega Finalizada;20;8;14;8;CAMILO;5008;;;
MOBIS BRASIL FABRICACAO DE AUTO PECAS LT;RODOVIARIO;1559207;14/08/2026;1;357467;14/08/2026;CAOA MOTOR DO BRASIL LTDA;1,68E+13;NITEROI;RJ;14/08/2026;20/08/2026;18/08/2026;Entregue No Prazo;;Entrega realizada;Entrega Finalizada;20;8;14;8;CAMILO;5008;;;
MOBIS BRASIL FABRICACAO DE AUTO PECAS LT;RODOVIARIO;1559209;14/08/2026;1;357464;14/08/2026;CAOA MOTOR DO BRASIL LTDA;1,68E+13;RIO DE JANEIRO;RJ;14/08/2026;20/08/2026;18/08/2026;Entregue No Prazo;;Entrega realizada;Entrega Finalizada;20;8;14;8;CAMILO;5008;;;
MOBIS BRASIL FABRICACAO DE AUTO PECAS LT;RODOVIARIO;1559242;14/08/2026;1;357450;14/08/2026;DHC COMERCIO DE VEICULOS E PECAS LTDA;9,52E+12;JAU;SP;14/08/2026;20/08/2026;18/08/2026;Entregue No Prazo;;Entrega realizada;Entrega Finalizada;20;8;14;8;MVT;26010;;;
MOBIS BRASIL FABRICACAO DE AUTO PECAS LT;RODOVIARIO;1559246;14/08/2026;2;357453;14/08/2026;H - CAMINHO AUTOMOVEIS LTDA;2,53E+13;PIRACICABA;SP;14/08/2026;20/08/2026;18/08/2026;Entregue No Prazo;;Entrega realizada;Entrega Finalizada;20;8;14;8;MVT;26092;;;
MOBIS BRASIL FABRICACAO DE AUTO PECAS LT;RODOVIARIO;1559172;14/08/2026;2;357486;14/08/2026;TAI MOTORS VEICULOS S/A;9,27E+12;VITORIA;ES;14/08/2026;21/08/2026;18/08/2026;Entregue No Prazo;;Entrega realizada;Entrega Finalizada;21;8;14;8;CAMILO;8002;;;
MOBIS BRASIL FABRICACAO DE AUTO PECAS LT;RODOVIARIO;1559199;14/08/2026;11;357577;14/08/2026;SANTA FE VEICULOS LTDA.;1,16E+13;FRANCISCO BELTRAO;PR;14/08/2026;21/08/2026;18/08/2026;Entregue No Prazo;;Entrega realizada;Entrega Finalizada;21;8;14;8;TRANSTRY;18010;;;
MOBIS BRASIL FABRICACAO DE AUTO PECAS LT;RODOVIARIO;1559200;14/08/2026;1;357579;14/08/2026;ZENDAI VEICULOS LTDA;1,97E+13;TOLEDO;PR;14/08/2026;21/08/2026;18/08/2026;Entregue No Prazo;;Entrega realizada;Entrega Finalizada;21;8;14;8;TRANSTRY;18016;;;
MOBIS BRASIL FABRICACAO DE AUTO PECAS LT;RODOVIARIO;1559208;14/08/2026;1;357488;14/08/2026;VIA VR VEICULOS LTDA;1,73E+13;PETROPOLIS;RJ;14/08/2026;21/08/2026;18/08/2026;Entregue No Prazo;;Entrega realizada;Entrega Finalizada;21;8;14;8;CAMILO;19016;;;
MOBIS BRASIL FABRICACAO DE AUTO PECAS LT;RODOVIARIO;1559218;14/08/2026;3;357574;14/08/2026;HOUSE PARTS COMERCIO DE PECAS E VEI;1,15E+13;CAXIAS DO SUL;RS;14/08/2026;21/08/2026;18/08/2026;Entregue No Prazo;;Entrega realizada;Entrega Finalizada;21;8;14;8;TRANSTRY;23023;;;
MOBIS BRASIL FABRICACAO DE AUTO PECAS LT;RODOVIARIO;1559219;14/08/2026;4;357566;14/08/2026;ATUAL VEICULOS LTDA;1,33E+13;CRICIUMA;SC;14/08/2026;21/08/2026;18/08/2026;Entregue No Prazo;;Entrega realizada;Entrega Finalizada;21;8;14;8;TRANSTRY;24001;;;
MOBIS BRASIL FABRICACAO DE AUTO PECAS LT;RODOVIARIO;1559220;14/08/2026;4;357565;14/08/2026;ATUAL VEICULOS LTDA;1,33E+13;TUBARAO;SC;14/08/2026;21/08/2026;18/08/2026;Entregue No Prazo;;Entrega realizada;Entrega Finalizada;21;8;14;8;TRANSTRY;24001;;;
MOBIS BRASIL FABRICACAO DE AUTO PECAS LT;RODOVIARIO;1559224;14/08/2026;5;357571;14/08/2026;CHINHAN AUTOMOVEIS LTDA.;2,41E+13;CACADOR;SC;14/08/2026;25/08/2026;18/08/2026;Entregue No Prazo;;Entrega realizada;Entrega Finalizada;25;8;14;8;TRANSTRY;24020;;;
MOBIS BRASIL FABRICACAO DE AUTO PECAS LT;RODOVIARIO;1559191;14/08/2026;2;357470;14/08/2026;COMETA MATO GROSSO COM. DE VEICULOS LTDA;1,54E+13;SINOP;MT;14/08/2026;26/08/2026;18/08/2026;Entregue No Prazo;;Entrega realizada;Entrega Finalizada;26;8;14;8;CARVALIMA;13003;;;
MOBIS BRASIL FABRICACAO DE AUTO PECAS LT;RODOVIARIO;1559881;17/08/2026;1;357650;17/08/2026;BILLY DISTRIBUIDORA DE VEICULOS LTDA;1,34E+13;BARUERI;SP;17/08/2026;19/08/2026;18/08/2026;Entregue No Prazo;;Entrega realizada;Entrega Finalizada;19;8;17;8;XD DIADEMA;26003;;;
MOBIS BRASIL FABRICACAO DE AUTO PECAS LT;RODOVIARIO;1559882;17/08/2026;9;357764;17/08/2026;NOBRE DISTRIBUIDORA DE VEICULOS E PECAS;5,76E+12;MOGI DAS CRUZES;SP;17/08/2026;19/08/2026;18/08/2026;Entregue No Prazo;;Entrega realizada;Entrega Finalizada;19;8;17;8;BV LOG;26004;;;
MOBIS BRASIL FABRICACAO DE AUTO PECAS LT;RODOVIARIO;1559883;17/08/2026;1;357658;17/08/2026;GRAND SPORT COM. DE VEIC. E PECAS LTDA;8,58E+12;GUARULHOS;SP;17/08/2026;19/08/2026;18/08/2026;Entregue No Prazo;;Entrega realizada;Entrega Finalizada;19;8;17;8;XD DIADEMA;26005;;;
MOBIS BRASIL FABRICACAO DE AUTO PECAS LT;RODOVIARIO;1559886;17/08/2026;2;357655;17/08/2026;CAOA MOTOR DO BRASIL LTDA(VL LEOPOLDINA);1,68E+13;SAO PAULO;SP;17/08/2026;19/08/2026;18/08/2026;Entregue No Prazo;;Entrega realizada;Entrega Finalizada;19;8;17;8;XD DIADEMA;26028;;;
MOBIS BRASIL FABRICACAO DE AUTO PECAS LT;RODOVIARIO;1559887;17/08/2026;7;357762;17/08/2026;GRAND SPORT COM. DE VEIC. E PECAS LTDA;8,58E+12;SAO PAULO;SP;17/08/2026;19/08/2026;18/08/2026;Entregue No Prazo;;Entrega realizada;Entrega Finalizada;19;8;17;8;BV LOG;26034;;;
MOBIS BRASIL FABRICACAO DE AUTO PECAS LT;RODOVIARIO;1559888;17/08/2026;3;357648;17/08/2026;BILLY DISTRIBUIDORA DE VEICULOS LTDA;1,34E+13;SAO CAETANO DO SUL;SP;17/08/2026;19/08/2026;18/08/2026;Entregue No Prazo;;Entrega realizada;Entrega Finalizada;19;8;17;8;XD DIADEMA;26003;;;
MOBIS BRASIL FABRICACAO DE AUTO PECAS LT;RODOVIARIO;1559893;17/08/2026;1;357652;17/08/2026;CAOA MOTOR DO BRASIL LTDA;1,68E+13;SAO BERNARDO DO CAMPO;SP;17/08/2026;19/08/2026;18/08/2026;Entregue No Prazo;;Entrega realizada;Entrega Finalizada;19;8;17;8;XD DIADEMA;5008;;;
MOBIS BRASIL FABRICACAO DE AUTO PECAS LT;RODOVIARIO;1559901;17/08/2026;10;357763;17/08/2026;GRANDAY AUTOMOTORES LTDA (CHAC. CALIFOR);1,57E+13;SAO PAULO;SP;17/08/2026;19/08/2026;18/08/2026;Entregue No Prazo;;Entrega realizada;Entrega Finalizada;19;8;17;8;BV LOG;26090;;;
MOBIS BRASIL FABRICACAO DE AUTO PECAS LT;RODOVIARIO;1559902;17/08/2026;3;357654;17/08/2026;CAOA MOTOR DO BRASIL LTDA (INDIANOPOLIS);1,68E+13;SAO PAULO;SP;17/08/2026;19/08/2026;18/08/2026;Entregue No Prazo;;Entrega realizada;Entrega Finalizada;19;8;17;8;XD DIADEMA;26091;;;
MOBIS BRASIL FABRICACAO DE AUTO PECAS LT;RODOVIARIO;1559903;17/08/2026;3;357656;17/08/2026;CHS MOTORS VEICULOS PECAS E SERV. LTDA;1,69E+13;OSASCO;SP;17/08/2026;19/08/2026;18/08/2026;Entregue No Prazo;;Entrega realizada;Entrega Finalizada;19;8;17;8;XD DIADEMA;26106;;;
MOBIS BRASIL FABRICACAO DE AUTO PECAS LT;RODOVIARIO;1559864;17/08/2026;1;357700;17/08/2026;BARI VEICULOS LTDA;7,46E+12;CURITIBA;PR;17/08/2026;20/08/2026;18/08/2026;Entregue No Prazo;;Entrega realizada;Entrega Finalizada;20;8;17;8;TRANSTRY;18024;;;
MOBIS BRASIL FABRICACAO DE AUTO PECAS LT;RODOVIARIO;1559884;17/08/2026;29;357759;17/08/2026;ANDRETA II DISTRIBUIDORA DE VEIC. LTDA;9,10E+12;CAMPINAS;SP;17/08/2026;20/08/2026;18/08/2026;Entregue No Prazo;;Entrega realizada;Entrega Finalizada;20;8;17;8;BV LOG;26011;;;
MOBIS BRASIL FABRICACAO DE AUTO PECAS LT;RODOVIARIO;1559885;17/08/2026;74;357751;17/08/2026;NEW VEICULOS E PECAS LTDA;1,59E+13;RIBEIRAO PRETO;SP;17/08/2026;20/08/2026;18/08/2026;Entregue No Prazo;;Entrega realizada;Entrega Finalizada;20;8;17;8;BV LOG;26014;;;
MOBIS BRASIL FABRICACAO DE AUTO PECAS LT;RODOVIARIO;1559896;17/08/2026;79;357760;17/08/2026;DESTAQUE SEUL DISTR. DE VEIC. E PC. LTDA;2,12E+13;ATIBAIA;SP;17/08/2026;20/08/2026;18/08/2026;Entregue No Prazo;;Entrega realizada;Entrega Finalizada;20;8;17;8;BV LOG;26075;;;
MOBIS BRASIL FABRICACAO DE AUTO PECAS LT;RODOVIARIO;1559900;17/08/2026;6;357651;17/08/2026;CAOA MOTOR DO BRASIL LTDA;1,68E+13;SANTOS;SP;17/08/2026;20/08/2026;18/08/2026;Entregue No Prazo;;Entrega realizada;Entrega Finalizada;20;8;17;8;XD DIADEMA;5008;;;
MOBIS BRASIL FABRICACAO DE AUTO PECAS LT;RODOVIARIO;1559890;17/08/2026;11;357717;17/08/2026;NEW VEICULOS E PECAS LTDA.;1,59E+13;FRANCA;SP;17/08/2026;21/08/2026;18/08/2026;Entregue No Prazo;;Entrega realizada;Entrega Finalizada;21;8;17;8;MVT;26048;;;
MOBIS BRASIL FABRICACAO DE AUTO PECAS LT;RODOVIARIO;1559899;17/08/2026;2;357653;17/08/2026;CAOA MOTOR DO BRASIL LTDA;1,68E+13;PRAIA GRANDE;SP;17/08/2026;21/08/2026;18/08/2026;Entregue No Prazo;;Entrega realizada;Entrega Finalizada;21;8;17;8;XD DIADEMA;5008;;;
MOBIS BRASIL FABRICACAO DE AUTO PECAS LT;RODOVIARIO;1552019;31/07/2026;3;355578;03/08/2026;GREEN CITY VEICULOS LTDA;2,10E+13;PARNAIBA;PI;03/08/2026;21/08/2026;19/08/2026;Entregue No Prazo;;Entrega realizada;Entrega Finalizada;21;8;3;8;TERMACO;17002;;;
MOBIS BRASIL FABRICACAO DE AUTO PECAS LT;RODOVIARIO;1553766;05/08/2026;1;356012;05/08/2026;GRANDE COREIA COMERCIO DE VEICULOS LTDA;2,66E+13;CASTANHAL;PA;05/08/2026;18/08/2026;19/08/2026;Entregue Fora do Prazo;;Entrega realizada;Entrega Finalizada;18;8;5;8;CARVALIMA;14007;;;
MOBIS BRASIL FABRICACAO DE AUTO PECAS LT;RODOVIARIO;1554520;06/08/2026;3;356192;06/08/2026;CAOA MOTOR DO BRASIL LTDA;1,68E+13;CAMPINA GRANDE;PB;06/08/2026;24/08/2026;19/08/2026;Entregue No Prazo;;Entrega realizada;Entrega Finalizada;24;8;6;8;TERMACO;5008;;;
MOBIS BRASIL FABRICACAO DE AUTO PECAS LT;RODOVIARIO;1554524;06/08/2026;1;356202;06/08/2026;JPN COMERCIO DE AUTOMOVEIS LTDA;2,61E+13;GARANHUNS;PE;06/08/2026;24/08/2026;19/08/2026;Entregue No Prazo;;Entrega realizada;Entrega Finalizada;24;8;6;8;TERMACO;16009;;;
MOBIS BRASIL FABRICACAO DE AUTO PECAS LT;RODOVIARIO;1554525;06/08/2026;2;356191;06/08/2026;AUTORAC VEICULOS LTDA;1,06E+13;PETROLINA;PE;06/08/2026;24/08/2026;19/08/2026;Entregue No Prazo;;Entrega realizada;Entrega Finalizada;24;8;6;8;TERMACO;16001;;;
MOBIS BRASIL FABRICACAO DE AUTO PECAS LT;RODOVIARIO;1554526;06/08/2026;3;356191;06/08/2026;AUTORAC VEICULOS LTDA;1,06E+13;PETROLINA;PE;06/08/2026;24/08/2026;19/08/2026;Entregue No Prazo;;Entrega realizada;Entrega Finalizada;24;8;6;8;TERMACO;16001;;;
MOBIS BRASIL FABRICACAO DE AUTO PECAS LT;RODOVIARIO;1555201;07/08/2026;2;356333;07/08/2026;URCA MOTORS VEICULOS LTDA;8,77E+12;ITUMBIARA;GO;07/08/2026;19/08/2026;19/08/2026;Entregue No Prazo;;Entrega realizada;Entrega Finalizada;19;8;7;8;RIO VERMELHO;9014;;;
MOBIS BRASIL FABRICACAO DE AUTO PECAS LT;RODOVIARIO;1555221;07/08/2026;1;356338;07/08/2026;AUTORAC VEICULOS LTDA;1,06E+13;PETROLINA;PE;07/08/2026;25/08/2026;19/08/2026;Entregue No Prazo;;Entrega realizada;Entrega Finalizada;25;8;7;8;TERMACO;16001;;;
MOBIS BRASIL FABRICACAO DE AUTO PECAS LT;RODOVIARIO;1556011;10/08/2026;2;356615;10/08/2026;PATEO COMERCIO DE VEICULOS S A;7,78E+12;SALVADOR;BA;10/08/2026;20/08/2026;19/08/2026;Entregue No Prazo;;Entrega realizada;Entrega Finalizada;20;8;10;8;TERMACO;5003;;;
MOBIS BRASIL FABRICACAO DE AUTO PECAS LT;RODOVIARIO;1556012;10/08/2026;5;356615;10/08/2026;PATEO COMERCIO DE VEICULOS S A;7,78E+12;SALVADOR;BA;10/08/2026;20/08/2026;19/08/2026;Entregue No Prazo;;Entrega realizada;Entrega Finalizada;20;8;10;8;TERMACO;5003;;;
MOBIS BRASIL FABRICACAO DE AUTO PECAS LT;RODOVIARIO;1556026;10/08/2026;1;356542;10/08/2026;URCA MOTORS VEICULOS LTDA;8,77E+12;ITUMBIARA;GO;10/08/2026;20/08/2026;19/08/2026;Entregue No Prazo;;Entrega realizada;Entrega Finalizada;20;8;10;8;RIO VERMELHO;9014;;;
MOBIS BRASIL FABRICACAO DE AUTO PECAS LT;RODOVIARIO;1556042;10/08/2026;1;356601;10/08/2026;COMETA MATO GROSSO COM. DE VEICULOS LTDA;1,54E+13;SINOP;MT;10/08/2026;20/08/2026;19/08/2026;Entregue No Prazo;;Entrega realizada;Entrega Finalizada;20;8;10;8;CARVALIMA;13003;;;
MOBIS BRASIL FABRICACAO DE AUTO PECAS LT;RODOVIARIO;1556046;10/08/2026;2;356606;10/08/2026;GRANDE COREIA COMERCIO DE VEICULOS LTDA;2,66E+13;CASTANHAL;PA;10/08/2026;21/08/2026;19/08/2026;Entregue No Prazo;;Entrega realizada;Entrega Finalizada;21;8;10;8;CARVALIMA;14007;;;
MOBIS BRASIL FABRICACAO DE AUTO PECAS LT;RODOVIARIO;1556015;10/08/2026;2;356591;10/08/2026;AIKON VEICULOS LTDA;1,17E+13;ITABUNA;BA;10/08/2026;25/08/2026;19/08/2026;Entregue No Prazo;;Entrega realizada;Entrega Finalizada;25;8;10;8;TERMACO;5002;;;
MOBIS BRASIL FABRICACAO DE AUTO PECAS LT;RODOVIARIO;1556049;10/08/2026;2;356595;10/08/2026;CAOA MOTOR DO BRASIL LTDA;1,68E+13;RECIFE;PE;10/08/2026;25/08/2026;19/08/2026;Entregue No Prazo;;Entrega realizada;Entrega Finalizada;25;8;10;8;TERMACO;5008;;;
MOBIS BRASIL FABRICACAO DE AUTO PECAS LT;RODOVIARIO;1556050;10/08/2026;1;356593;10/08/2026;AUTORAC VEICULOS LTDA;1,06E+13;PETROLINA;PE;10/08/2026;26/08/2026;19/08/2026;Entregue No Prazo;;Entrega realizada;Entrega Finalizada;26;8;10;8;TERMACO;16001;;;
MOBIS BRASIL FABRICACAO DE AUTO PECAS LT;RODOVIARIO;1556867;11/08/2026;8;356900;11/08/2026;HOUSE PARTS - COM. DE PECAS E VEIC. LTDA;1,15E+13;SANTA MARIA;RS;11/08/2026;19/08/2026;19/08/2026;Entregue No Prazo;;Entrega realizada;Entrega Finalizada;19;8;11;8;TRANSTRY;23008;;;
MOBIS BRASIL FABRICACAO DE AUTO PECAS LT;RODOVIARIO;1556799;11/08/2026;4;356843;11/08/2026;PATEO COMERCIO DE VEICULOS S A;7,78E+12;SALVADOR;BA;11/08/2026;21/08/2026;19/08/2026;Entregue No Prazo;;Entrega realizada;Entrega Finalizada;21;8;11;8;TERMACO;5003;;;
MOBIS BRASIL FABRICACAO DE AUTO PECAS LT;RODOVIARIO;1556813;11/08/2026;1;356779;11/08/2026;URCA MOTORS VEICULOS LTDA;8,77E+12;ITUMBIARA;GO;11/08/2026;21/08/2026;19/08/2026;Entregue No Prazo;;Entrega realizada;Entrega Finalizada;21;8;11;8;RIO VERMELHO;9014;;;
MOBIS BRASIL FABRICACAO DE AUTO PECAS LT;RODOVIARIO;1556830;11/08/2026;47;356851;11/08/2026;UNIQUE COMERCIO DE AUTOMOVEIS LTDA;1,74E+13;ANANINDEUA;PA;11/08/2026;24/08/2026;19/08/2026;Entregue No Prazo;;Entrega realizada;Entrega Finalizada;24;8;11;8;CARVALIMA;14003;;;
MOBIS BRASIL FABRICACAO DE AUTO PECAS LT;RODOVIARIO;1556806;11/08/2026;15;356829;11/08/2026;FAZZA MOTORS COMERCIO DE VEICULOS LTDA;1,24E+13;FORTALEZA;CE;11/08/2026;25/08/2026;19/08/2026;Entregue No Prazo;;Entrega realizada;Entrega Finalizada;25;8;11;8;TERMACO;5007;;;
MOBIS BRASIL FABRICACAO DE AUTO PECAS LT;RODOVIARIO;1556807;11/08/2026;1;356817;11/08/2026;CAOA MOTOR DO BRASIL LTDA;1,68E+13;FORTALEZA;CE;11/08/2026;25/08/2026;19/08/2026;Entregue No Prazo;;Entrega realizada;Entrega Finalizada;25;8;11;8;TERMACO;5008;;;
MOBIS BRASIL FABRICACAO DE AUTO PECAS LT;RODOVIARIO;1556805;11/08/2026;2;356852;11/08/2026;VIA NORTE COM. E IMPORT. DE VEIC. LTDA;1,25E+13;SOBRAL;CE;11/08/2026;27/08/2026;19/08/2026;Entregue No Prazo;;Entrega realizada;Entrega Finalizada;27;8;11;8;TERMACO;6002;Aniversário do Município;Americana;SP
MOBIS BRASIL FABRICACAO DE AUTO PECAS LT;RODOVIARIO;1557718;12/08/2026;1;357173;12/08/2026;BARI VEICULOS LTDA;7,46E+12;GUARAPUAVA;PR;12/08/2026;18/08/2026;19/08/2026;Entregue Fora do Prazo;;Entrega realizada;Entrega Finalizada;18;8;12;8;TRANSTRY;18024;;;
MOBIS BRASIL FABRICACAO DE AUTO PECAS LT;RODOVIARIO;1557734;12/08/2026;144;357181;12/08/2026;CARWAY SUL VEICULOS LTDA;1,03E+13;CANOAS;RS;12/08/2026;18/08/2026;19/08/2026;Entregue Fora do Prazo;;Entrega realizada;Entrega Finalizada;18;8;12;8;TRANSTRY;23003;;;
MOBIS BRASIL FABRICACAO DE AUTO PECAS LT;RODOVIARIO;1557739;12/08/2026;1;357188;12/08/2026;HOUSE PARTS - COM DE PECAS E VEIC LTDA;1,15E+13;OSORIO;RS;12/08/2026;19/08/2026;19/08/2026;Entregue No Prazo;;Entrega realizada;Entrega Finalizada;19;8;12;8;TRANSTRY;23016;;;
MOBIS BRASIL FABRICACAO DE AUTO PECAS LT;RODOVIARIO;1557735;12/08/2026;2;357187;12/08/2026;HOUSE PARTS - COM. DE PECAS E VEIC. LTDA;1,15E+13;SANTA MARIA;RS;12/08/2026;20/08/2026;19/08/2026;Entregue No Prazo;;Entrega realizada;Entrega Finalizada;20;8;12;8;TRANSTRY;23008;;;
MOBIS BRASIL FABRICACAO DE AUTO PECAS LT;RODOVIARIO;1557674;12/08/2026;9;357081;12/08/2026;PATEO COMERCIO DE VEICULOS LTDA;7,78E+12;SALVADOR;BA;12/08/2026;24/08/2026;19/08/2026;Entregue No Prazo;;Entrega realizada;Entrega Finalizada;24;8;12;8;TERMACO;5003;;;
MOBIS BRASIL FABRICACAO DE AUTO PECAS LT;RODOVIARIO;1557732;12/08/2026;1;357090;12/08/2026;SAGA ASIA COM. DE VEIC.PC.E SERV. LTDA;2,14E+13;PORTO VELHO;RO;12/08/2026;26/08/2026;19/08/2026;Entregue No Prazo;;Entrega realizada;Entrega Finalizada;26;8;12;8;CARVALIMA;21003;;;
MOBIS BRASIL FABRICACAO DE AUTO PECAS LT;RODOVIARIO;1557675;12/08/2026;3;357085;12/08/2026;PATEO COMERCIO DE VEICULOS S.A;7,78E+12;FEIRA DE SANTANA;BA;12/08/2026;27/08/2026;19/08/2026;Entregue No Prazo;;Entrega realizada;Entrega Finalizada;27;8;12;8;TERMACO;5009;Aniversário do Município;Americana;SP
MOBIS BRASIL FABRICACAO DE AUTO PECAS LT;RODOVIARIO;1557731;12/08/2026;1;357067;12/08/2026;COMETA RONDONIA COMERCIO DE VEIC LT;4,23E+12;JIPARANA;RO;12/08/2026;31/08/2026;19/08/2026;Entregue No Prazo;;Entrega realizada;Entrega Finalizada;31;8;12;8;CARVALIMA;21002;;;
MOBIS BRASIL FABRICACAO DE AUTO PECAS LT;RODOVIARIO;1559040;13/08/2026;1;357216;13/08/2026;CHS MOTORS VEICULOS PECAS E SERV. LTDA.;1,69E+13;SAO PAULO;SP;13/08/2026;17/08/2026;19/08/2026;Entregue Fora do Prazo;;Entrega realizada;Entrega Finalizada;17;8;13;8;XD DIADEMA;26036;Adesão do Ceará à Independência do Brasil;Estadual;CE
MOBIS BRASIL FABRICACAO DE AUTO PECAS LT;RODOVIARIO;1559047;13/08/2026;2;357237;13/08/2026;CAOA MOTOR DO BRASIL LTDA;1,68E+13;SAO CARLOS;SP;13/08/2026;18/08/2026;19/08/2026;Entregue Fora do Prazo;;Entrega realizada;Entrega Finalizada;18;8;13;8;MVT;5008;;;
MOBIS BRASIL FABRICACAO DE AUTO PECAS LT;RODOVIARIO;1559020;13/08/2026;2;357408;13/08/2026;HOUSE PARTS-COM. DE PCS. E VEICULOS LTDA;1,15E+13;PORTO ALEGRE;RS;13/08/2026;19/08/2026;19/08/2026;Entregue No Prazo;;Entrega realizada;Entrega Finalizada;19;8;13;8;TRANSTRY;23004;;;
MOBIS BRASIL FABRICACAO DE AUTO PECAS LT;RODOVIARIO;1559022;13/08/2026;5;357402;13/08/2026;CARWAY SUL VEICULOS LTDA;1,03E+13;CANOAS;RS;13/08/2026;19/08/2026;19/08/2026;Entregue No Prazo;;Entrega realizada;Entrega Finalizada;19;8;13;8;TRANSTRY;23003;;;
MOBIS BRASIL FABRICACAO DE AUTO PECAS LT;RODOVIARIO;1558976;13/08/2026;29;357390;13/08/2026;VIA BRASIL AUTOMOVEIS LTDA.;4,72E+12;SERRA;ES;13/08/2026;20/08/2026;19/08/2026;Entregue No Prazo;;Entrega realizada;Entrega Finalizada;20;8;13;8;CAMILO;8001;;;
MOBIS BRASIL FABRICACAO DE AUTO PECAS LT;RODOVIARIO;1558985;13/08/2026;1;357382;13/08/2026;PRIME VILA VELHA VEICULOS LTDA.;2,14E+13;VILA VELHA;ES;13/08/2026;20/08/2026;19/08/2026;Entregue No Prazo;;Entrega realizada;Entrega Finalizada;20;8;13;8;CAMILO;8005;;;
MOBIS BRASIL FABRICACAO DE AUTO PECAS LT;RODOVIARIO;1558986;13/08/2026;2;357382;13/08/2026;PRIME VILA VELHA VEICULOS LTDA.;2,14E+13;VILA VELHA;ES;13/08/2026;20/08/2026;19/08/2026;Entregue No Prazo;;Entrega realizada;Entrega Finalizada;20;8;13;8;CAMILO;8005;;;
MOBIS BRASIL FABRICACAO DE AUTO PECAS LT;RODOVIARIO;1558992;13/08/2026;2;357217;13/08/2026;CONCESSIONARIA NAGOYA MOTOS E VEIC. LTDA;8,74E+12;UBA;MG;13/08/2026;20/08/2026;19/08/2026;Entregue No Prazo;;Entrega realizada;Entrega Finalizada;20;8;13;8;XD BETIM;11004;;;
MOBIS BRASIL FABRICACAO DE AUTO PECAS LT;RODOVIARIO;1558996;13/08/2026;1;357228;13/08/2026;TAI MOTORS VEICULOS S/A;9,27E+12;MURIAE;MG;13/08/2026;20/08/2026;19/08/2026;Entregue No Prazo;;Entrega realizada;Entrega Finalizada;20;8;13;8;XD BETIM;8002;;;
MOBIS BRASIL FABRICACAO DE AUTO PECAS LT;RODOVIARIO;1559023;13/08/2026;2;357404;13/08/2026;GALA COMERCIO DE VEICULOS LTDA.;1,77E+13;PELOTAS;RS;13/08/2026;20/08/2026;19/08/2026;Entregue No Prazo;;Entrega realizada;Entrega Finalizada;20;8;13;8;TRANSTRY;23009;;;
MOBIS BRASIL FABRICACAO DE AUTO PECAS LT;RODOVIARIO;1558960;13/08/2026;34;357225;13/08/2026;SAGA KOREA COM. DE VEIC. E PC. LTDA;1,27E+13;GOIANIA;GO;13/08/2026;21/08/2026;19/08/2026;Entregue No Prazo;;Entrega realizada;Entrega Finalizada;21;8;13;8;RIO VERMELHO;9011;;;
MOBIS BRASIL FABRICACAO DE AUTO PECAS LT;RODOVIARIO;1558972;13/08/2026;7;357405;13/08/2026;HOUSE PARTS - COM. DE PECAS E VEIC. LTDA;1,15E+13;SANTA MARIA;RS;13/08/2026;21/08/2026;19/08/2026;Entregue No Prazo;;Entrega realizada;Entrega Finalizada;21;8;13;8;TRANSTRY;23008;;;
MOBIS BRASIL FABRICACAO DE AUTO PECAS LT;RODOVIARIO;1558973;13/08/2026;4;357405;13/08/2026;HOUSE PARTS - COM. DE PECAS E VEIC. LTDA;1,15E+13;SANTA MARIA;RS;13/08/2026;21/08/2026;19/08/2026;Entregue No Prazo;;Entrega realizada;Entrega Finalizada;21;8;13;8;TRANSTRY;23008;;;
MOBIS BRASIL FABRICACAO DE AUTO PECAS LT;RODOVIARIO;1558983;13/08/2026;1;357381;13/08/2026;PRIME CACHOEIRO VEICULOS LTDA;9,34E+12;CACHOEIRO DE ITAPEMIRIM;ES;13/08/2026;21/08/2026;19/08/2026;Entregue No Prazo;;Entrega realizada;Entrega Finalizada;21;8;13;8;CAMILO;8004;;;
MOBIS BRASIL FABRICACAO DE AUTO PECAS LT;RODOVIARIO;1559024;13/08/2026;1;357407;13/08/2026;HOUSE PARTS - COM. DE PECAS E VEIC. LTDA;1,15E+13;LAJEADO;RS;13/08/2026;21/08/2026;19/08/2026;Entregue No Prazo;;Entrega realizada;Entrega Finalizada;21;8;13;8;TRANSTRY;23018;;;
MOBIS BRASIL FABRICACAO DE AUTO PECAS LT;RODOVIARIO;1559031;13/08/2026;3;357386;13/08/2026;SAINT LAND COMERCIO DE VEICULOS LTDA;1,04E+13;ARACAJU;SE;13/08/2026;26/08/2026;19/08/2026;Entregue No Prazo;;Entrega realizada;Entrega Finalizada;26;8;13;8;TERMACO;6010;;;
MOBIS BRASIL FABRICACAO DE AUTO PECAS LT;RODOVIARIO;1558483;13/08/2026;3;357379;13/08/2026;PATEO COMERCIO DE VEICULOS S A;7,78E+12;FEIRA DE SANTANA;BA;13/08/2026;28/08/2026;19/08/2026;Entregue No Prazo;;Entrega realizada;Entrega Finalizada;28;8;13;8;TERMACO;5009;;;
MOBIS BRASIL FABRICACAO DE AUTO PECAS LT;RODOVIARIO;1558484;13/08/2026;1;357379;13/08/2026;PATEO COMERCIO DE VEICULOS S A;7,78E+12;FEIRA DE SANTANA;BA;13/08/2026;28/08/2026;19/08/2026;Entregue No Prazo;;Entrega realizada;Entrega Finalizada;28;8;13;8;TERMACO;5009;;;
MOBIS BRASIL FABRICACAO DE AUTO PECAS LT;RODOVIARIO;1558485;13/08/2026;1;357356;13/08/2026;AIKON VEICULOS LTDA;1,17E+13;ITABUNA;BA;13/08/2026;28/08/2026;19/08/2026;Entregue No Prazo;;Entrega realizada;Entrega Finalizada;28;8;13;8;TERMACO;5002;;;
MOBIS BRASIL FABRICACAO DE AUTO PECAS LT;RODOVIARIO;1559005;13/08/2026;2;357371;13/08/2026;JPN COMERCIO DE AUTOMOVEIS LTDA;2,61E+13;GARANHUNS;PE;13/08/2026;31/08/2026;19/08/2026;Entregue No Prazo;;Entrega realizada;Entrega Finalizada;31;8;13;8;TERMACO;16009;;;
MOBIS BRASIL FABRICACAO DE AUTO PECAS LT;RODOVIARIO;1559202;14/08/2026;1;357578;14/08/2026;VETOR AUTOMOVEIS LTDA;2,12E+13;UMUARAMA;PR;14/08/2026;20/08/2026;19/08/2026;Entregue No Prazo;;Entrega realizada;Entrega Finalizada;20;8;14;8;TRANSTRY;18019;;;
MOBIS BRASIL FABRICACAO DE AUTO PECAS LT;RODOVIARIO;1559214;14/08/2026;3;357573;14/08/2026;HOUSE PARTS - COM. DE PECAS E VEIC. LTDA;1,15E+13;PORTO ALEGRE;RS;14/08/2026;20/08/2026;19/08/2026;Entregue No Prazo;;Entrega realizada;Entrega Finalizada;20;8;14;8;TRANSTRY;23004;;;
MOBIS BRASIL FABRICACAO DE AUTO PECAS LT;RODOVIARIO;1559215;14/08/2026;1;357570;14/08/2026;CARWAY SUL VEICULOS LTDA;1,03E+13;CANOAS;RS;14/08/2026;20/08/2026;19/08/2026;Entregue No Prazo;;Entrega realizada;Entrega Finalizada;20;8;14;8;TRANSTRY;23003;;;
MOBIS BRASIL FABRICACAO DE AUTO PECAS LT;RODOVIARIO;1559216;14/08/2026;4;357570;14/08/2026;CARWAY SUL VEICULOS LTDA;1,03E+13;CANOAS;RS;14/08/2026;20/08/2026;19/08/2026;Entregue No Prazo;;Entrega realizada;Entrega Finalizada;20;8;14;8;TRANSTRY;23003;;;
MOBIS BRASIL FABRICACAO DE AUTO PECAS LT;RODOVIARIO;1559210;14/08/2026;3;357477;14/08/2026;MONTREAL VEICULOS E PECAS LTDA;1,68E+13;MACAE;RJ;14/08/2026;21/08/2026;19/08/2026;Entregue No Prazo;;Entrega realizada;Entrega Finalizada;21;8;14;8;CAMILO;19030;;;
MOBIS BRASIL FABRICACAO DE AUTO PECAS LT;RODOVIARIO;1559176;14/08/2026;4;357436;14/08/2026;SAGA KOREA COM. DE VEIC. E PC. LTDA;1,27E+13;GOIANIA;GO;14/08/2026;24/08/2026;19/08/2026;Entregue No Prazo;;Entrega realizada;Entrega Finalizada;24;8;14;8;RIO VERMELHO;9009;;;
MOBIS BRASIL FABRICACAO DE AUTO PECAS LT;RODOVIARIO;1559177;14/08/2026;7;357438;14/08/2026;SAGA KOREA COM. DE VEIC. E PC. LTDA;1,27E+13;GOIANIA;GO;14/08/2026;24/08/2026;19/08/2026;Entregue No Prazo;;Entrega realizada;Entrega Finalizada;24;8;14;8;RIO VERMELHO;9011;;;
MOBIS BRASIL FABRICACAO DE AUTO PECAS LT;RODOVIARIO;1559217;14/08/2026;4;357572;14/08/2026;HOUSE PARTS - COM. DE PECAS E VEIC. LTDA;1,15E+13;SANTA MARIA;RS;14/08/2026;24/08/2026;19/08/2026;Entregue No Prazo;;Entrega realizada;Entrega Finalizada;24;8;14;8;TRANSTRY;23008;;;
MOBIS BRASIL FABRICACAO DE AUTO PECAS LT;RODOVIARIO;1559897;17/08/2026;1;357649;17/08/2026;BILLY DISTRIBUIDORA DE VEICULOS LTDA;1,34E+13;SAO PAULO;SP;17/08/2026;19/08/2026;19/08/2026;Entregue No Prazo;;Entrega realizada;Entrega Finalizada;19;8;17;8;XD DIADEMA;26003;;;
MOBIS BRASIL FABRICACAO DE AUTO PECAS LT;RODOVIARIO;1559861;17/08/2026;52;357709;17/08/2026;SEVEC VEICULOS LTDA;5,68E+11;CURITIBA;PR;17/08/2026;20/08/2026;19/08/2026;Entregue No Prazo;;Entrega realizada;Entrega Finalizada;20;8;17;8;TRANSTRY;18012;;;
MOBIS BRASIL FABRICACAO DE AUTO PECAS LT;RODOVIARIO;1559889;17/08/2026;1;357711;17/08/2026;ANDRETA II DISTRIBUIDORA DE VEIC. LTDA;9,10E+12;INDAIATUBA;SP;17/08/2026;20/08/2026;19/08/2026;Entregue No Prazo;;Entrega realizada;Entrega Finalizada;20;8;17;8;MVT;26011;;;
MOBIS BRASIL FABRICACAO DE AUTO PECAS LT;RODOVIARIO;1559863;17/08/2026;12;357701;17/08/2026;BARI VEICULOS LTDA;7,46E+12;PONTA GROSSA;PR;17/08/2026;21/08/2026;19/08/2026;Entregue No Prazo;;Entrega realizada;Entrega Finalizada;21;8;17;8;TRANSTRY;18024;;;
MOBIS BRASIL FABRICACAO DE AUTO PECAS LT;RODOVIARIO;1559865;17/08/2026;1;357679;17/08/2026;ITAVEMA MOTORS VEICULOS LTDA;7,73E+12;DUQUE DE CAXIAS;RJ;17/08/2026;21/08/2026;19/08/2026;Entregue No Prazo;;Entrega realizada;Entrega Finalizada;21;8;17;8;CAMILO;19001;;;
MOBIS BRASIL FABRICACAO DE AUTO PECAS LT;RODOVIARIO;1559866;17/08/2026;2;357669;17/08/2026;AMX COM. E SERVICOS DE AUTOMOTORES LTDA;1,20E+13;RIO DE JANEIRO;RJ;17/08/2026;21/08/2026;19/08/2026;Entregue No Prazo;;Entrega realizada;Entrega Finalizada;21;8;17;8;CAMILO;19009;;;
MOBIS BRASIL FABRICACAO DE AUTO PECAS LT;RODOVIARIO;1559892;17/08/2026;1;357715;17/08/2026;GOLDEN MOTORS VEICULOS LTDA;3,62E+12;ARACATUBA;SP;17/08/2026;21/08/2026;19/08/2026;Entregue No Prazo;;Entrega realizada;Entrega Finalizada;21;8;17;8;MVT;12001;;;
MOBIS BRASIL FABRICACAO DE AUTO PECAS LT;RODOVIARIO;1559894;17/08/2026;1;357714;17/08/2026;GOLDEN MOTORS VEICULOS LTDA;3,62E+12;PRESIDENTE PRUDENTE;SP;17/08/2026;21/08/2026;19/08/2026;Entregue No Prazo;;Entrega realizada;Entrega Finalizada;21;8;17;8;MVT;12001;;;
MOBIS BRASIL FABRICACAO DE AUTO PECAS LT;RODOVIARIO;1559862;17/08/2026;1;357710;17/08/2026;ZENDAI VEICULOS LTDA;1,97E+13;TOLEDO;PR;17/08/2026;24/08/2026;19/08/2026;Entregue No Prazo;;Entrega realizada;Entrega Finalizada;24;8;17;8;TRANSTRY;18016;;;
MOBIS BRASIL FABRICACAO DE AUTO PECAS LT;RODOVIARIO;1559875;17/08/2026;3;357697;17/08/2026;ATUAL VEICULOS LTDA;1,33E+13;ARARANGUA;SC;17/08/2026;24/08/2026;19/08/2026;Entregue No Prazo;;Entrega realizada;Entrega Finalizada;24;8;17;8;TRANSTRY;24001;;;
MOBIS BRASIL FABRICACAO DE AUTO PECAS LT;RODOVIARIO;1559876;17/08/2026;1;357698;17/08/2026;ATUAL VEICULOS LTDA;1,33E+13;CRICIUMA;SC;17/08/2026;24/08/2026;19/08/2026;Entregue No Prazo;;Entrega realizada;Entrega Finalizada;24;8;17;8;TRANSTRY;24001;;;
MOBIS BRASIL FABRICACAO DE AUTO PECAS LT;RODOVIARIO;1559877;17/08/2026;3;357696;17/08/2026;ATUAL VEICULOS LTDA;1,33E+13;TUBARAO;SC;17/08/2026;24/08/2026;19/08/2026;Entregue No Prazo;;Entrega realizada;Entrega Finalizada;24;8;17;8;TRANSTRY;24001;;;
MOBIS BRASIL FABRICACAO DE AUTO PECAS LT;RODOVIARIO;1559878;17/08/2026;1;357707;17/08/2026;LR COMERCIO DE VEICULOS LTDA;1,05E+13;SAO JOSE;SC;17/08/2026;24/08/2026;19/08/2026;Entregue No Prazo;;Entrega realizada;Entrega Finalizada;24;8;17;8;TRANSTRY;24007;;;
MOBIS BRASIL FABRICACAO DE AUTO PECAS LT;RODOVIARIO;1559879;17/08/2026;3;357699;17/08/2026;BARI VEICULOS LTDA;7,46E+12;BLUMENAU;SC;17/08/2026;24/08/2026;19/08/2026;Entregue No Prazo;;Entrega realizada;Entrega Finalizada;24;8;17;8;TRANSTRY;18024;;;
MOBIS BRASIL FABRICACAO DE AUTO PECAS LT;RODOVIARIO;1559880;17/08/2026;7;357699;17/08/2026;BARI VEICULOS LTDA;7,46E+12;BLUMENAU;SC;17/08/2026;24/08/2026;19/08/2026;Entregue No Prazo;;Entrega realizada;Entrega Finalizada;24;8;17;8;TRANSTRY;18024;;;
MOBIS BRASIL FABRICACAO DE AUTO PECAS LT;RODOVIARIO;1560721;18/08/2026;3;357775;18/08/2026;CAOA MOTOR DO BRASIL LTDA (VL PRUDENTE);1,68E+13;SAO PAULO;SP;18/08/2026;20/08/2026;19/08/2026;Entregue No Prazo;;Entrega realizada;Entrega Finalizada;20;8;18;8;XD DIADEMA;26051;;;
MOBIS BRASIL FABRICACAO DE AUTO PECAS LT;RODOVIARIO;1560722;18/08/2026;1;357777;18/08/2026;CHS MOTORS VEICULOS PECAS(VL. GUILHERME);1,69E+13;SAO PAULO;SP;18/08/2026;20/08/2026;19/08/2026;Entregue No Prazo;;Entrega realizada;Entrega Finalizada;20;8;18;8;XD DIADEMA;26052;;;
MOBIS BRASIL FABRICACAO DE AUTO PECAS LT;RODOVIARIO;1560727;18/08/2026;2;357773;18/08/2026;BILLY DISTRIBUIDORA DE VEICULOS LTDA;1,34E+13;SAO PAULO;SP;18/08/2026;20/08/2026;19/08/2026;Entregue No Prazo;;Entrega realizada;Entrega Finalizada;20;8;18;8;XD DIADEMA;26003;;;
MOBIS BRASIL FABRICACAO DE AUTO PECAS LT;RODOVIARIO;1560728;18/08/2026;4;357784;18/08/2026;NOBRE SP DISTRIB. DE VEIC. E PEC. LTDA;1,70E+13;SAO PAULO;SP;18/08/2026;20/08/2026;19/08/2026;Entregue No Prazo;;Entrega realizada;Entrega Finalizada;20;8;18;8;XD DIADEMA;26081;;;
MOBIS BRASIL FABRICACAO DE AUTO PECAS LT;RODOVIARIO;1560730;18/08/2026;1;357774;18/08/2026;CAOA MOTOR DO BRASIL LTDA (INDIANOPOLIS);1,68E+13;SAO PAULO;SP;18/08/2026;20/08/2026;19/08/2026;Entregue No Prazo;;Entrega realizada;Entrega Finalizada;20;8;18;8;XD DIADEMA;26091;;;
MOBIS BRASIL FABRICACAO DE AUTO PECAS LT;RODOVIARIO;1560735;18/08/2026;2;357783;18/08/2026;NOBRE DISTRIBUIDORA DE VEIC. E PEC. LTDA;5,76E+12;SUZANO;SP;18/08/2026;20/08/2026;19/08/2026;Entregue No Prazo;;Entrega realizada;Entrega Finalizada;20;8;18;8;XD DIADEMA;26103;;;
MOBIS BRASIL FABRICACAO DE AUTO PECAS LT;RODOVIARIO;1560712;18/08/2026;5;357839;18/08/2026;DHC COMERCIO DE VEICULOS E PECAS LTDA;9,52E+12;BAURU;SP;18/08/2026;21/08/2026;19/08/2026;Entregue No Prazo;;Entrega realizada;Entrega Finalizada;21;8;18;8;MVT;26010;;;
MOBIS BRASIL FABRICACAO DE AUTO PECAS LT;RODOVIARIO;1560716;18/08/2026;1;357835;18/08/2026;ANDRETA II DISTRIBUIDORA DE VEIC. LTDA;9,10E+12;JUNDIAI;SP;18/08/2026;21/08/2026;19/08/2026;Entregue No Prazo;;Entrega realizada;Entrega Finalizada;21;8;18;8;MVT;26011;;;
MOBIS BRASIL FABRICACAO DE AUTO PECAS LT;RODOVIARIO;1560718;18/08/2026;3;357836;18/08/2026;ANDRETA II DISTRIBUIDORA DE VEIC. LTDA;9,10E+12;AMERICANA;SP;18/08/2026;21/08/2026;19/08/2026;Entregue No Prazo;;Entrega realizada;Entrega Finalizada;21;8;18;8;MVT;26011;;;
MOBIS BRASIL FABRICACAO DE AUTO PECAS LT;RODOVIARIO;1560725;18/08/2026;5;357837;18/08/2026;CAOA MOTOR DO BRASIL LTDA;1,68E+13;SAO JOSE DOS CAMPOS;SP;18/08/2026;21/08/2026;19/08/2026;Entregue No Prazo;;Entrega realizada;Entrega Finalizada;21;8;18;8;MVT;5008;;;
MOBIS BRASIL FABRICACAO DE AUTO PECAS LT;RODOVIARIO;1560726;18/08/2026;1;357778;18/08/2026;DESTAQUE SEUL DISTR. DE VEIC. E PC. LTDA;2,12E+13;ATIBAIA;SP;18/08/2026;21/08/2026;19/08/2026;Entregue No Prazo;;Entrega realizada;Entrega Finalizada;21;8;18;8;XD DIADEMA;26075;;;
MOBIS BRASIL FABRICACAO DE AUTO PECAS LT;RODOVIARIO;1560731;18/08/2026;1;357841;18/08/2026;H - CAMINHO AUTOMOVEIS LTDA;2,53E+13;PIRACICABA;SP;18/08/2026;24/08/2026;19/08/2026;Entregue No Prazo;;Entrega realizada;Entrega Finalizada;24;8;18;8;MVT;26092;;;
MOBIS BRASIL FABRICACAO DE AUTO PECAS LT;RODOVIARIO;1560734;18/08/2026;1;357838;18/08/2026;DHC COMERCIO DE VEICULOS E PECAS LTDA;9,52E+12;OURINHOS;SP;18/08/2026;24/08/2026;19/08/2026;Entregue No Prazo;;Entrega realizada;Entrega Finalizada;24;8;18;8;MVT;26010;;;
MOBIS BRASIL FABRICACAO DE AUTO PECAS LT;RODOVIARIO;1560717;18/08/2026;110;358034;19/08/2026;BILLY DISTRIBUIDORA DE VEICULOS LTDA;1,34E+13;SAO CAETANO DO SUL;SP;19/08/2026;21/08/2026;19/08/2026;Entregue No Prazo;;Entrega realizada;Entrega Finalizada;21;8;19;8;BV LOG;26003;;;
MOBIS BRASIL FABRICACAO DE AUTO PECAS LT;RODOVIARIO;1560729;18/08/2026;11;358035;19/08/2026;GRANDAY AUTOMOTORES LTDA (CHAC. CALIFOR);1,57E+13;SAO PAULO;SP;19/08/2026;21/08/2026;19/08/2026;Entregue No Prazo;;Entrega realizada;Entrega Finalizada;21;8;19;8;BV LOG;26090;;;
MOBIS BRASIL FABRICACAO DE AUTO PECAS LT;RODOVIARIO;1560713;18/08/2026;2;358031;19/08/2026;ANDRETA II DISTRIBUIDORA DE VEIC. LTDA;9,10E+12;CAMPINAS;SP;19/08/2026;24/08/2026;19/08/2026;Entregue No Prazo;;Entrega realizada;Entrega Finalizada;24;8;19;8;BV LOG;26011;;;
MOBIS BRASIL FABRICACAO DE AUTO PECAS LT;RODOVIARIO;1560714;18/08/2026;11;358031;19/08/2026;ANDRETA II DISTRIBUIDORA DE VEIC. LTDA;9,10E+12;CAMPINAS;SP;19/08/2026;24/08/2026;19/08/2026;Entregue No Prazo;;Entrega realizada;Entrega Finalizada;24;8;19;8;BV LOG;26011;;;
MOBIS BRASIL FABRICACAO DE AUTO PECAS LT;RODOVIARIO;1560724;18/08/2026;2;358032;19/08/2026;CAOA MOTOR DO BRASIL LTDA;1,68E+13;CAMPINAS;SP;19/08/2026;24/08/2026;19/08/2026;Entregue No Prazo;;Entrega realizada;Entrega Finalizada;24;8;19;8;BV LOG;5008;;;
MOBIS BRASIL FABRICACAO DE AUTO PECAS LT;RODOVIARIO;1560732;18/08/2026;4;358033;19/08/2026;H - CAMINHO AUTOMOVEIS LTDA;2,53E+13;LIMEIRA;SP;19/08/2026;24/08/2026;19/08/2026;Entregue No Prazo;;Entrega realizada;Entrega Finalizada;24;8;19;8;BV LOG;26092;;;
MOBIS BRASIL FABRICACAO DE AUTO PECAS LT;RODOVIARIO;1560733;18/08/2026;3;358033;19/08/2026;H - CAMINHO AUTOMOVEIS LTDA;2,53E+13;LIMEIRA;SP;19/08/2026;24/08/2026;19/08/2026;Entregue No Prazo;;Entrega realizada;Entrega Finalizada;24;8;19;8;BV LOG;26092;;;
MOBIS BRASIL FABRICACAO DE AUTO PECAS LT;RODOVIARIO;1551976;31/07/2026;2;355566;03/08/2026;ULSAN COMERCIO DE VEICULOS LTDA;2,10E+13;RIO BRANCO;AC;03/08/2026;20/08/2026;20/08/2026;Entregue No Prazo;;Entrega realizada;Entrega Finalizada;20;8;3;8;CARVALIMA;21004;;;
MOBIS BRASIL FABRICACAO DE AUTO PECAS LT;RODOVIARIO;1554574;06/08/2026;2;356185;06/08/2026;PRIVILLEGE DISTRIBUIDORA DE VEICULOS LTD;1,72E+13;PALMAS;TO;06/08/2026;17/08/2026;20/08/2026;Entregue Fora do Prazo;;Entrega realizada;Entrega Finalizada;17;8;6;8;RIO VERMELHO;27003;Adesão do Ceará à Independência do Brasil;Estadual;CE
MOBIS BRASIL FABRICACAO DE AUTO PECAS LT;RODOVIARIO;1554521;06/08/2026;5;356207;06/08/2026;PATEO COMERCIO DE VEICULOS S A;7,78E+12;JOAO PESSOA;PB;06/08/2026;21/08/2026;20/08/2026;Entregue No Prazo;;Entrega realizada;Entrega Finalizada;21;8;6;8;TERMACO;15003;;;
MOBIS BRASIL FABRICACAO DE AUTO PECAS LT;RODOVIARIO;1554489;06/08/2026;3;356210;06/08/2026;PATEO COMERCIO DE VEICULOS S A;7,78E+12;MANAUS;AM;06/08/2026;01/09/2026;20/08/2026;Entregue No Prazo;;Entrega realizada;Entrega Finalizada;1;9;6;8;CARVALIMA;3002;;;
MOBIS BRASIL FABRICACAO DE AUTO PECAS LT;RODOVIARIO;1555218;07/08/2026;1;356363;07/08/2026;PATEO COMERCIO DE VEICULOS S A;7,78E+12;JOAO PESSOA;PB;07/08/2026;24/08/2026;20/08/2026;Entregue No Prazo;;Entrega realizada;Entrega Finalizada;24;8;7;8;TERMACO;15003;;;
MOBIS BRASIL FABRICACAO DE AUTO PECAS LT;RODOVIARIO;1555219;07/08/2026;1;356361;07/08/2026;PATEO COMERCIO DE VEICULOS S A;7,78E+12;RECIFE;PE;07/08/2026;24/08/2026;20/08/2026;Entregue No Prazo;;Entrega realizada;Entrega Finalizada;24;8;7;8;TERMACO;16004;;;
MOBIS BRASIL FABRICACAO DE AUTO PECAS LT;RODOVIARIO;1555220;07/08/2026;2;356361;07/08/2026;PATEO COMERCIO DE VEICULOS S A;7,78E+12;RECIFE;PE;07/08/2026;24/08/2026;20/08/2026;Entregue No Prazo;;Entrega realizada;Entrega Finalizada;24;8;7;8;TERMACO;16004;;;
MOBIS BRASIL FABRICACAO DE AUTO PECAS LT;RODOVIARIO;1555184;07/08/2026;2;356355;07/08/2026;JPN COMERCIO DE VEICULOS LTDA;3,20E+13;ARAPIRACA;AL;07/08/2026;25/08/2026;20/08/2026;Entregue No Prazo;;Entrega realizada;Entrega Finalizada;25;8;7;8;TERMACO;2003;;;
MOBIS BRASIL FABRICACAO DE AUTO PECAS LT;RODOVIARIO;1556016;10/08/2026;5;356612;10/08/2026;ORVEL AUTOMOTOR HYD LTDA;2,52E+13;TEIXEIRA DE FREITAS;BA;10/08/2026;25/08/2026;20/08/2026;Entregue No Prazo;;Entrega realizada;Entrega Finalizada;25;8;10;8;TERMACO;5011;;;
MOBIS BRASIL FABRICACAO DE AUTO PECAS LT;RODOVIARIO;1556047;10/08/2026;51;356616;10/08/2026;PATEO COMERCIO DE VEICULOS S A;7,78E+12;JOAO PESSOA;PB;10/08/2026;25/08/2026;20/08/2026;Entregue No Prazo;;Entrega realizada;Entrega Finalizada;25;8;10;8;TERMACO;15003;;;
MOBIS BRASIL FABRICACAO DE AUTO PECAS LT;RODOVIARIO;1556048;10/08/2026;3;356613;10/08/2026;PATEO COMERCIO DE VEICULOS S A;7,78E+12;RECIFE;PE;10/08/2026;25/08/2026;20/08/2026;Entregue No Prazo;;Entrega realizada;Entrega Finalizada;25;8;10;8;TERMACO;16004;;;
MOBIS BRASIL FABRICACAO DE AUTO PECAS LT;RODOVIARIO;1556067;10/08/2026;2;356623;10/08/2026;SAINT LAND COMERCIO DE VEICULOS LTDA;1,04E+13;NATAL;RN;10/08/2026;25/08/2026;20/08/2026;Entregue No Prazo;;Entrega realizada;Entrega Finalizada;25;8;10;8;TERMACO;6010;;;
MOBIS BRASIL FABRICACAO DE AUTO PECAS LT;RODOVIARIO;1556051;10/08/2026;1;356607;10/08/2026;GREEN CITY VEICULOS LTDA;2,10E+13;TERESINA;PI;10/08/2026;26/08/2026;20/08/2026;Entregue No Prazo;;Entrega realizada;Entrega Finalizada;26;8;10;8;TERMACO;17002;;;
MOBIS BRASIL FABRICACAO DE AUTO PECAS LT;RODOVIARIO;1556878;11/08/2026;2;356847;11/08/2026;SAINT LAND COMERCIO DE VEICULOS LTDA;1,04E+13;ARACAJU;SE;11/08/2026;24/08/2026;20/08/2026;Entregue No Prazo;;Entrega realizada;Entrega Finalizada;24;8;11;8;TERMACO;6010;;;
MOBIS BRASIL FABRICACAO DE AUTO PECAS LT;RODOVIARIO;1556802;11/08/2026;1;356841;11/08/2026;ORVEL AUTOMOTOR HYD LTDA;2,52E+13;TEIXEIRA DE FREITAS;BA;11/08/2026;26/08/2026;20/08/2026;Entregue No Prazo;;Entrega realizada;Entrega Finalizada;26;8;11;8;TERMACO;5011;;;
MOBIS BRASIL FABRICACAO DE AUTO PECAS LT;RODOVIARIO;1556833;11/08/2026;1;356842;11/08/2026;PATEO COMERCIO DE VEICULOS S A;7,78E+12;RECIFE;PE;11/08/2026;26/08/2026;20/08/2026;Entregue No Prazo;;Entrega realizada;Entrega Finalizada;26;8;11;8;TERMACO;16004;;;
MOBIS BRASIL FABRICACAO DE AUTO PECAS LT;RODOVIARIO;1556834;11/08/2026;12;356842;11/08/2026;PATEO COMERCIO DE VEICULOS S A;7,78E+12;RECIFE;PE;11/08/2026;26/08/2026;20/08/2026;Entregue No Prazo;;Entrega realizada;Entrega Finalizada;26;8;11;8;TERMACO;16004;;;
MOBIS BRASIL FABRICACAO DE AUTO PECAS LT;RODOVIARIO;1556861;11/08/2026;12;356848;11/08/2026;SAINT LAND COMERCIO DE VEICULOS LTDA;1,04E+13;NATAL;RN;11/08/2026;26/08/2026;20/08/2026;Entregue No Prazo;;Entrega realizada;Entrega Finalizada;26;8;11;8;TERMACO;6010;;;
MOBIS BRASIL FABRICACAO DE AUTO PECAS LT;RODOVIARIO;1556862;11/08/2026;5;356824;11/08/2026;COMETA JI PARANA COM. DE VEIC. LTDA;4,23E+12;JIPARANA;RO;11/08/2026;28/08/2026;20/08/2026;Entregue No Prazo;;Entrega realizada;Entrega Finalizada;28;8;11;8;CARVALIMA;21002;;;
MOBIS BRASIL FABRICACAO DE AUTO PECAS LT;RODOVIARIO;1557738;12/08/2026;1;357186;12/08/2026;GAMBATTO H1 VEICULOS LTDA;1,94E+13;PASSO FUNDO;RS;12/08/2026;19/08/2026;20/08/2026;Entregue Fora do Prazo;;Entrega realizada;Entrega Finalizada;19;8;12;8;TRANSTRY;23015;;;
MOBIS BRASIL FABRICACAO DE AUTO PECAS LT;RODOVIARIO;1557740;12/08/2026;2;357183;12/08/2026;CHINHAN AUTOMOVEIS LTDA;2,41E+13;ERECHIM;RS;12/08/2026;20/08/2026;20/08/2026;Entregue No Prazo;;Entrega realizada;Entrega Finalizada;20;8;12;8;TRANSTRY;23019;;;
MOBIS BRASIL FABRICACAO DE AUTO PECAS LT;RODOVIARIO;1557691;12/08/2026;1;356949;12/08/2026;NASA MOTORS LTDA.;2,65E+13;SAO LUIS DE MONTES BELOS;GO;12/08/2026;26/08/2026;20/08/2026;Entregue No Prazo;;Entrega realizada;Entrega Finalizada;26;8;12;8;RIO VERMELHO;9016;;;
MOBIS BRASIL FABRICACAO DE AUTO PECAS LT;RODOVIARIO;1557676;12/08/2026;3;357062;12/08/2026;AIKON VEICULOS LTDA;1,17E+13;ITABUNA;BA;12/08/2026;27/08/2026;20/08/2026;Entregue No Prazo;;Entrega realizada;Entrega Finalizada;27;8;12;8;TERMACO;5002;Aniversário do Município;Americana;SP
MOBIS BRASIL FABRICACAO DE AUTO PECAS LT;RODOVIARIO;1557729;12/08/2026;4;357092;12/08/2026;SAINT LAND COMERCIO DE VEICULOS LTDA;1,04E+13;NATAL;RN;12/08/2026;27/08/2026;20/08/2026;Entregue No Prazo;;Entrega realizada;Entrega Finalizada;27;8;12;8;TERMACO;6010;Aniversário do Município;Americana;SP
MOBIS BRASIL FABRICACAO DE AUTO PECAS LT;RODOVIARIO;1557730;12/08/2026;2;357092;12/08/2026;SAINT LAND COMERCIO DE VEICULOS LTDA;1,04E+13;NATAL;RN;12/08/2026;27/08/2026;20/08/2026;Entregue No Prazo;;Entrega realizada;Entrega Finalizada;27;8;12;8;TERMACO;6010;Aniversário do Município;Americana;SP
MOBIS BRASIL FABRICACAO DE AUTO PECAS LT;RODOVIARIO;1557682;12/08/2026;2;357093;12/08/2026;SAINT LAND COMERCIO DE VEICULOS LTDA;1,04E+13;JUAZEIRO DO NORTE;CE;12/08/2026;28/08/2026;20/08/2026;Entregue No Prazo;;Entrega realizada;Entrega Finalizada;28;8;12;8;TERMACO;6010;;;
MOBIS BRASIL FABRICACAO DE AUTO PECAS LT;RODOVIARIO;1557710;12/08/2026;5;357064;12/08/2026;AUTORAC VEICULOS LTDA;1,06E+13;CARUARU;PE;12/08/2026;28/08/2026;20/08/2026;Entregue No Prazo;;Entrega realizada;Entrega Finalizada;28;8;12;8;TERMACO;16001;;;
MOBIS BRASIL FABRICACAO DE AUTO PECAS LT;RODOVIARIO;1558987;13/08/2026;4;357221;13/08/2026;NISA COMERCIAL DE VEIC. AUTOMOTORES LTDA;1,03E+13;APARECIDA DE GOIANIA;GO;13/08/2026;21/08/2026;20/08/2026;Entregue No Prazo;;Entrega realizada;Entrega Finalizada;21;8;13;8;RIO VERMELHO;9002;;;
MOBIS BRASIL FABRICACAO DE AUTO PECAS LT;RODOVIARIO;1558956;13/08/2026;42;357378;13/08/2026;PATEO COMERCIO DE VEICULOS S A;7,78E+12;RECIFE;PE;13/08/2026;28/08/2026;20/08/2026;Entregue No Prazo;;Entrega realizada;Entrega Finalizada;28;8;13;8;TERMACO;16004;;;
MOBIS BRASIL FABRICACAO DE AUTO PECAS LT;RODOVIARIO;1558958;13/08/2026;1;357378;13/08/2026;PATEO COMERCIO DE VEICULOS S A;7,78E+12;RECIFE;PE;13/08/2026;28/08/2026;20/08/2026;Entregue No Prazo;;Entrega realizada;Entrega Finalizada;28;8;13;8;TERMACO;16004;;;
MOBIS BRASIL FABRICACAO DE AUTO PECAS LT;RODOVIARIO;1559004;13/08/2026;4;357358;13/08/2026;AUTORAC VEICULOS LTDA;1,06E+13;CARUARU;PE;13/08/2026;31/08/2026;20/08/2026;Entregue No Prazo;;Entrega realizada;Entrega Finalizada;31;8;13;8;TERMACO;16001;;;
MOBIS BRASIL FABRICACAO DE AUTO PECAS LT;RODOVIARIO;1558990;13/08/2026;3;357375;13/08/2026;NACIONAL NOVA MARABA DIST DE VEIC. LTDA;1,70E+13;IMPERATRIZ;MA;13/08/2026;02/09/2026;20/08/2026;Entregue No Prazo;;Entrega realizada;Entrega Finalizada;2;9;13;8;TERMACO;10003;;;
MOBIS BRASIL FABRICACAO DE AUTO PECAS LT;RODOVIARIO;1559187;14/08/2026;3;357447;14/08/2026;URCA MOTORS VEICULOS LTDA;8,77E+12;UBERABA;MG;14/08/2026;20/08/2026;20/08/2026;Entregue No Prazo;;Entrega realizada;Entrega Finalizada;20;8;14;8;XD BETIM;9014;;;
MOBIS BRASIL FABRICACAO DE AUTO PECAS LT;RODOVIARIO;1559238;14/08/2026;4;357452;14/08/2026;GOLDEN MOTORS VEICULOS LTDA;3,62E+12;ARACATUBA;SP;14/08/2026;20/08/2026;20/08/2026;Entregue No Prazo;;Entrega realizada;Entrega Finalizada;20;8;14;8;MVT;12001;;;
MOBIS BRASIL FABRICACAO DE AUTO PECAS LT;RODOVIARIO;1559171;14/08/2026;83;357439;14/08/2026;SAGA KOREA COM. DE VEIC. E PC. LTDA;1,27E+13;BRASILIA;DF;14/08/2026;24/08/2026;20/08/2026;Entregue No Prazo;;Entrega realizada;Entrega Finalizada;24;8;14;8;RIO VERMELHO;7005;;;
MOBIS BRASIL FABRICACAO DE AUTO PECAS LT;RODOVIARIO;1559173;14/08/2026;9;357483;14/08/2026;PRIME CACHOEIRO VEICULOS LTDA;9,34E+12;CACHOEIRO DE ITAPEMIRIM;ES;14/08/2026;24/08/2026;20/08/2026;Entregue No Prazo;;Entrega realizada;Entrega Finalizada;24;8;14;8;CAMILO;8004;;;
MOBIS BRASIL FABRICACAO DE AUTO PECAS LT;RODOVIARIO;1559174;14/08/2026;4;357483;14/08/2026;PRIME CACHOEIRO VEICULOS LTDA;9,34E+12;CACHOEIRO DE ITAPEMIRIM;ES;14/08/2026;24/08/2026;20/08/2026;Entregue No Prazo;;Entrega realizada;Entrega Finalizada;24;8;14;8;CAMILO;8004;;;
MOBIS BRASIL FABRICACAO DE AUTO PECAS LT;RODOVIARIO;1559175;14/08/2026;1;357433;14/08/2026;NISA COMERCIAL DE VEIC. AUTOMOTORES LTDA;1,03E+13;APARECIDA DE GOIANIA;GO;14/08/2026;24/08/2026;20/08/2026;Entregue No Prazo;;Entrega realizada;Entrega Finalizada;24;8;14;8;RIO VERMELHO;9002;;;
MOBIS BRASIL FABRICACAO DE AUTO PECAS LT;RODOVIARIO;1559162;14/08/2026;28;357481;14/08/2026;PATEO COMERCIO DE VEICULOS S A;7,78E+12;SALVADOR;BA;14/08/2026;26/08/2026;20/08/2026;Entregue No Prazo;;Entrega realizada;Entrega Finalizada;26;8;14;8;TERMACO;5003;;;
MOBIS BRASIL FABRICACAO DE AUTO PECAS LT;RODOVIARIO;1559179;14/08/2026;1;357445;14/08/2026;URCA MOTORS VEICULOS LTDA;8,77E+12;RIO VERDE;GO;14/08/2026;26/08/2026;20/08/2026;Entregue No Prazo;;Entrega realizada;Entrega Finalizada;26;8;14;8;RIO VERMELHO;9014;;;
MOBIS BRASIL FABRICACAO DE AUTO PECAS LT;RODOVIARIO;1559178;14/08/2026;14;357440;14/08/2026;SAGA KOREA COM. DE VEIC. E PC. LTDA;1,27E+13;ANAPOLIS;GO;14/08/2026;27/08/2026;20/08/2026;Entregue No Prazo;;Entrega realizada;Entrega Finalizada;27;8;14;8;RIO VERMELHO;9012;Aniversário do Município;Americana;SP
MOBIS BRASIL FABRICACAO DE AUTO PECAS LT;RODOVIARIO;1559193;14/08/2026;2;357469;14/08/2026;CAOA MOTOR DO BRASIL LTDA;1,68E+13;BELEM;PA;14/08/2026;27/08/2026;20/08/2026;Entregue No Prazo;;Entrega realizada;Entrega Finalizada;27;8;14;8;CARVALIMA;5008;Aniversário do Município;Americana;SP
MOBIS BRASIL FABRICACAO DE AUTO PECAS LT;RODOVIARIO;1559165;14/08/2026;1;357465;14/08/2026;CAOA MOTOR DO BRASIL LTDA;1,68E+13;LAURO DE FREITAS;BA;14/08/2026;31/08/2026;20/08/2026;Entregue No Prazo;;Entrega realizada;Entrega Finalizada;31;8;14;8;TERMACO;5008;;;
MOBIS BRASIL FABRICACAO DE AUTO PECAS LT;RODOVIARIO;1559196;14/08/2026;3;357463;14/08/2026;AUTORAC VEICULOS LTDA;1,06E+13;CARUARU;PE;14/08/2026;01/09/2026;20/08/2026;Entregue No Prazo;;01/09 Em transferencia para a cidade de destino;Entrega Finalizada;1;9;14;8;TERMACO;16001;;;
MOBIS BRASIL FABRICACAO DE AUTO PECAS LT;RODOVIARIO;1559845;17/08/2026;21;357664;17/08/2026;TAI MOTORS VEICULOS S/A;9,27E+12;BELO HORIZONTE;MG;17/08/2026;20/08/2026;20/08/2026;Entregue No Prazo;;Entrega realizada;Entrega Finalizada;20;8;17;8;XD BETIM;8002;;;
MOBIS BRASIL FABRICACAO DE AUTO PECAS LT;RODOVIARIO;1559849;17/08/2026;53;357647;17/08/2026;BDG AUTOVILLE VEICULOS LTDA;4,77E+13;CONTAGEM;MG;17/08/2026;20/08/2026;20/08/2026;Entregue No Prazo;;Entrega realizada;Entrega Finalizada;20;8;17;8;XD BETIM;11037;;;
MOBIS BRASIL FABRICACAO DE AUTO PECAS LT;RODOVIARIO;1559844;17/08/2026;2;357659;17/08/2026;IMOTORS VEICULOS LTDA;7,17E+12;JUIZ DE FORA;MG;17/08/2026;21/08/2026;20/08/2026;Entregue No Prazo;;Entrega realizada;Entrega Finalizada;21;8;17;8;XD BETIM;11010;;;
MOBIS BRASIL FABRICACAO DE AUTO PECAS LT;RODOVIARIO;1559846;17/08/2026;2;357666;17/08/2026;TOKSU COMERCIO DE VEICULOS LTDA;1,12E+13;POUSO ALEGRE;MG;17/08/2026;21/08/2026;20/08/2026;Entregue No Prazo;;Entrega realizada;Entrega Finalizada;21;8;17;8;XD BETIM;11008;;;
MOBIS BRASIL FABRICACAO DE AUTO PECAS LT;RODOVIARIO;1559858;17/08/2026;2;357705;17/08/2026;LOVAT VEICULOS S/A;8,57E+12;LONDRINA;PR;17/08/2026;21/08/2026;20/08/2026;Entregue No Prazo;;Entrega realizada;Entrega Finalizada;21;8;17;8;TRANSTRY;18008;;;
MOBIS BRASIL FABRICACAO DE AUTO PECAS LT;RODOVIARIO;1559859;17/08/2026;1;357706;17/08/2026;LOVAT VEICULOS S/A;8,57E+12;MARINGA;PR;17/08/2026;21/08/2026;20/08/2026;Entregue No Prazo;;Entrega realizada;Entrega Finalizada;21;8;17;8;TRANSTRY;18008;;;
MOBIS BRASIL FABRICACAO DE AUTO PECAS LT;RODOVIARIO;1559867;17/08/2026;5;357680;17/08/2026;ITAVEMA MOTORS VEICULOS LTDA;7,73E+12;RIO DE JANEIRO;RJ;17/08/2026;21/08/2026;20/08/2026;Entregue No Prazo;;Entrega realizada;Entrega Finalizada;21;8;17;8;CAMILO;19001;;;
MOBIS BRASIL FABRICACAO DE AUTO PECAS LT;RODOVIARIO;1559872;17/08/2026;1;357703;17/08/2026;HOUSE PARTS - COM. DE PECAS E VEIC. LTDA;1,15E+13;PORTO ALEGRE;RS;17/08/2026;21/08/2026;20/08/2026;Entregue No Prazo;;Entrega realizada;Entrega Finalizada;21;8;17;8;TRANSTRY;23004;;;
MOBIS BRASIL FABRICACAO DE AUTO PECAS LT;RODOVIARIO;1559891;17/08/2026;31;357716;17/08/2026;H R B COMERCIO DE VEICULOS LTDA;1,82E+13;SAO JOSE DO RIO PRETO;SP;17/08/2026;21/08/2026;20/08/2026;Entregue No Prazo;Avaria;Entrega realizada;Entrega Finalizada;21;8;17;8;MVT;26050;;;
MOBIS BRASIL FABRICACAO DE AUTO PECAS LT;RODOVIARIO;1559898;17/08/2026;5;357713;17/08/2026;DESTAQUE SEUL DISTR DE VEIC PEC LTDA;2,12E+13;CARAGUATATUBA;SP;17/08/2026;21/08/2026;20/08/2026;Entregue No Prazo;;Entrega realizada;Entrega Finalizada;21;8;17;8;MVT;26082;;;
MOBIS BRASIL FABRICACAO DE AUTO PECAS LT;RODOVIARIO;1559837;17/08/2026;1;357690;17/08/2026;TAI MOTORS VEICULOS S/A;9,27E+12;VITORIA;ES;17/08/2026;24/08/2026;20/08/2026;Entregue No Prazo;;Entrega realizada;Entrega Finalizada;24;8;17;8;CAMILO;8002;;;
MOBIS BRASIL FABRICACAO DE AUTO PECAS LT;RODOVIARIO;1559847;17/08/2026;2;357668;17/08/2026;VIME AUTOMOVEIS E PECAS LTDA;2,85E+13;GUAXUPE;MG;17/08/2026;24/08/2026;20/08/2026;Entregue No Prazo;;Entrega realizada;Entrega Finalizada;24;8;17;8;XD BETIM;11031;;;
MOBIS BRASIL FABRICACAO DE AUTO PECAS LT;RODOVIARIO;1559848;17/08/2026;5;357657;17/08/2026;GNC GRANDE COREIA MINAS GERAIS COMERCIO;4,27E+13;MONTES CLAROS;MG;17/08/2026;24/08/2026;20/08/2026;Entregue No Prazo;;Entrega realizada;Entrega Finalizada;24;8;17;8;XD BETIM;11035;;;
MOBIS BRASIL FABRICACAO DE AUTO PECAS LT;RODOVIARIO;1559868;17/08/2026;7;357681;17/08/2026;MONTREAL VEICULOS E PECAS LTDA;1,68E+13;SAO PEDRO DA ALDEIA;RJ;17/08/2026;24/08/2026;20/08/2026;Entregue No Prazo;;Entrega realizada;Entrega Finalizada;24;8;17;8;CAMILO;19030;;;
MOBIS BRASIL FABRICACAO DE AUTO PECAS LT;RODOVIARIO;1559836;17/08/2026;2;357663;17/08/2026;SMAFF IMPORT VEICULOS LTDA;8,18E+12;BRASILIA;DF;17/08/2026;25/08/2026;20/08/2026;Entregue No Prazo;;Entrega realizada;Entrega Finalizada;25;8;17;8;RIO VERMELHO;7002;;;
MOBIS BRASIL FABRICACAO DE AUTO PECAS LT;RODOVIARIO;1559839;17/08/2026;4;357691;17/08/2026;TAI MOTORS VEICULOS SA;9,27E+12;COLATINA;ES;17/08/2026;25/08/2026;20/08/2026;Entregue No Prazo;;Entrega realizada;Entrega Finalizada;25;8;17;8;CAMILO;8006;;;
MOBIS BRASIL FABRICACAO DE AUTO PECAS LT;RODOVIARIO;1559874;17/08/2026;10;357704;17/08/2026;HOUSE PARTS - COM. DE PECAS E VEIC. LTDA;1,15E+13;SANTA MARIA;RS;17/08/2026;25/08/2026;20/08/2026;Entregue No Prazo;;Entrega realizada;Entrega Finalizada;25;8;17;8;TRANSTRY;23008;;;
MOBIS BRASIL FABRICACAO DE AUTO PECAS LT;RODOVIARIO;1560715;18/08/2026;11;357843;18/08/2026;NEW VEICULOS E PECAS LTDA;1,59E+13;RIBEIRAO PRETO;SP;18/08/2026;21/08/2026;20/08/2026;Entregue No Prazo;;Entrega realizada;Entrega Finalizada;21;8;18;8;MVT;26014;;;
MOBIS BRASIL FABRICACAO DE AUTO PECAS LT;RODOVIARIO;1560669;18/08/2026;2;357860;18/08/2026;LOVAT VEICULOS S/A;8,57E+12;LONDRINA;PR;18/08/2026;24/08/2026;20/08/2026;Entregue No Prazo;;Entrega realizada;Entrega Finalizada;24;8;18;8;TRANSTRY;18008;;;
MOBIS BRASIL FABRICACAO DE AUTO PECAS LT;RODOVIARIO;1560670;18/08/2026;33;357860;18/08/2026;LOVAT VEICULOS S/A;8,57E+12;LONDRINA;PR;18/08/2026;24/08/2026;20/08/2026;Entregue No Prazo;;Entrega realizada;Entrega Finalizada;24;8;18;8;TRANSTRY;18008;;;
MOBIS BRASIL FABRICACAO DE AUTO PECAS LT;RODOVIARIO;1560676;18/08/2026;1;357850;18/08/2026;BARI VEICULOS LTDA;7,46E+12;PONTA GROSSA;PR;18/08/2026;24/08/2026;20/08/2026;Entregue No Prazo;;Entrega realizada;Entrega Finalizada;24;8;18;8;TRANSTRY;18024;;;
MOBIS BRASIL FABRICACAO DE AUTO PECAS LT;RODOVIARIO;1560677;18/08/2026;6;357850;18/08/2026;BARI VEICULOS LTDA;7,46E+12;PONTA GROSSA;PR;18/08/2026;24/08/2026;20/08/2026;Entregue No Prazo;;Entrega realizada;Entrega Finalizada;24;8;18;8;TRANSTRY;18024;;;
MOBIS BRASIL FABRICACAO DE AUTO PECAS LT;RODOVIARIO;1560679;18/08/2026;5;357849;18/08/2026;BARI VEICULOS LTDA;7,46E+12;SAO JOSE DOS PINHAIS;PR;18/08/2026;24/08/2026;20/08/2026;Entregue No Prazo;;Entrega realizada;Entrega Finalizada;24;8;18;8;TRANSTRY;18024;;;
MOBIS BRASIL FABRICACAO DE AUTO PECAS LT;RODOVIARIO;1560680;18/08/2026;3;357812;18/08/2026;ITAVEMA MOTORS VEICULOS LTDA;7,73E+12;DUQUE DE CAXIAS;RJ;18/08/2026;24/08/2026;20/08/2026;Entregue No Prazo;;Entrega realizada;Entrega Finalizada;24;8;18;8;CAMILO;19001;;;
MOBIS BRASIL FABRICACAO DE AUTO PECAS LT;RODOVIARIO;1560683;18/08/2026;1;357811;18/08/2026;ITAVEMA MOTORS VEICULOS LTDA;7,73E+12;RIO DE JANEIRO;RJ;18/08/2026;24/08/2026;20/08/2026;Entregue No Prazo;;Entrega realizada;Entrega Finalizada;24;8;18;8;CAMILO;19001;;;
MOBIS BRASIL FABRICACAO DE AUTO PECAS LT;RODOVIARIO;1560684;18/08/2026;10;357811;18/08/2026;ITAVEMA MOTORS VEICULOS LTDA;7,73E+12;RIO DE JANEIRO;RJ;18/08/2026;24/08/2026;20/08/2026;Entregue No Prazo;;Entrega realizada;Entrega Finalizada;24;8;18;8;CAMILO;19001;;;
MOBIS BRASIL FABRICACAO DE AUTO PECAS LT;RODOVIARIO;1560685;18/08/2026;1;357801;18/08/2026;CAOA MOTOR DO BRASIL LTDA;1,68E+13;RIO DE JANEIRO;RJ;18/08/2026;24/08/2026;20/08/2026;Entregue No Prazo;;Entrega realizada;Entrega Finalizada;24;8;18;8;CAMILO;5008;;;
MOBIS BRASIL FABRICACAO DE AUTO PECAS LT;RODOVIARIO;1560688;18/08/2026;1;357802;18/08/2026;CAOA MOTOR DO BRASIL LTDA;1,68E+13;RIO DE JANEIRO;RJ;18/08/2026;24/08/2026;20/08/2026;Entregue No Prazo;;Entrega realizada;Entrega Finalizada;24;8;18;8;CAMILO;5008;;;
MOBIS BRASIL FABRICACAO DE AUTO PECAS LT;RODOVIARIO;1560708;18/08/2026;1;357852;18/08/2026;BARI VEICULOS LTDA.;7,46E+12;JOINVILLE;SC;18/08/2026;24/08/2026;20/08/2026;Entregue No Prazo;;Entrega realizada;Entrega Finalizada;24;8;18;8;TRANSTRY;24013;;;
MOBIS BRASIL FABRICACAO DE AUTO PECAS LT;RODOVIARIO;1560719;18/08/2026;3;357844;18/08/2026;NEW VEICULOS E PECAS LTDA.;1,59E+13;FRANCA;SP;18/08/2026;24/08/2026;20/08/2026;Entregue No Prazo;;Entrega realizada;Entrega Finalizada;24;8;18;8;MVT;26048;;;
MOBIS BRASIL FABRICACAO DE AUTO PECAS LT;RODOVIARIO;1560720;18/08/2026;22;357842;18/08/2026;H R B COMERCIO DE VEICULOS LTDA;1,82E+13;SAO JOSE DO RIO PRETO;SP;18/08/2026;24/08/2026;20/08/2026;Entregue No Prazo;Avaria;Entrega realizada;Entrega Finalizada;24;8;18;8;MVT;26050;;;
MOBIS BRASIL FABRICACAO DE AUTO PECAS LT;RODOVIARIO;1560723;18/08/2026;1;357840;18/08/2026;GOLDEN MOTORS VEICULOS LTDA;3,62E+12;ARACATUBA;SP;18/08/2026;24/08/2026;20/08/2026;Entregue No Prazo;;Entrega realizada;Entrega Finalizada;24;8;18;8;MVT;12001;;;
MOBIS BRASIL FABRICACAO DE AUTO PECAS LT;RODOVIARIO;1560673;18/08/2026;1;357866;18/08/2026;ZENDAI VEICULOS LTDA;1,97E+13;TOLEDO;PR;18/08/2026;25/08/2026;20/08/2026;Entregue No Prazo;;Entrega realizada;Entrega Finalizada;25;8;18;8;TRANSTRY;18016;;;
MOBIS BRASIL FABRICACAO DE AUTO PECAS LT;RODOVIARIO;1560681;18/08/2026;4;357809;18/08/2026;GRAFFITI VEICULOS LTDA.;1,71E+13;ITAPERUNA;RJ;18/08/2026;25/08/2026;20/08/2026;Entregue No Prazo;;Entrega realizada;Entrega Finalizada;25;8;18;8;CAMILO;19015;;;
MOBIS BRASIL FABRICACAO DE AUTO PECAS LT;RODOVIARIO;1560687;18/08/2026;5;357827;18/08/2026;TAI MOTORS VEICULOS S/A;9,27E+12;CAMPOS DOS GOYTACAZES;RJ;18/08/2026;25/08/2026;20/08/2026;Entregue No Prazo;;Entrega realizada;Entrega Finalizada;25;8;18;8;CAMILO;8002;;;
MOBIS BRASIL FABRICACAO DE AUTO PECAS LT;RODOVIARIO;1560705;18/08/2026;1;357862;18/08/2026;LS COMERCIO DE AUTOMOVEIS LTDA.;1,03E+13;BRUSQUE;SC;18/08/2026;25/08/2026;20/08/2026;Entregue No Prazo;;Entrega realizada;Entrega Finalizada;25;8;18;8;TRANSTRY;24006;;;
MOBIS BRASIL FABRICACAO DE AUTO PECAS LT;RODOVIARIO;1560706;18/08/2026;1;357861;18/08/2026;LR COMERCIO DE VEICULOS LTDA;1,05E+13;SAO JOSE;SC;18/08/2026;25/08/2026;20/08/2026;Entregue No Prazo;;Entrega realizada;Entrega Finalizada;25;8;18;8;TRANSTRY;24007;;;
MOBIS BRASIL FABRICACAO DE AUTO PECAS LT;RODOVIARIO;1560707;18/08/2026;8;357851;18/08/2026;BARI VEICULOS LTDA;7,46E+12;BLUMENAU;SC;18/08/2026;25/08/2026;20/08/2026;Entregue No Prazo;;Entrega realizada;Entrega Finalizada;25;8;18;8;TRANSTRY;18024;;;
MOBIS BRASIL FABRICACAO DE AUTO PECAS LT;RODOVIARIO;1560658;18/08/2026;1;357830;18/08/2026;ULSAN COMERCIO DE VEICULOS LTDA.;2,10E+13;CAMPO GRANDE;MS;18/08/2026;26/08/2026;20/08/2026;Entregue No Prazo;Avaria;Entrega realizada;Entrega Finalizada;26;8;18;8;CARVALIMA;12004;;;
MOBIS BRASIL FABRICACAO DE AUTO PECAS LT;RODOVIARIO;1560659;18/08/2026;6;357830;18/08/2026;ULSAN COMERCIO DE VEICULOS LTDA.;2,10E+13;CAMPO GRANDE;MS;18/08/2026;26/08/2026;20/08/2026;Entregue No Prazo;;Entrega realizada;Entrega Finalizada;26;8;18;8;CARVALIMA;12004;;;
MOBIS BRASIL FABRICACAO DE AUTO PECAS LT;RODOVIARIO;1560709;18/08/2026;1;357848;18/08/2026;BARI VEICULOS LTDA;7,46E+12;BALNEARIO CAMBORIU;SC;18/08/2026;26/08/2026;20/08/2026;Entregue No Prazo;;Entrega realizada;Entrega Finalizada;26;8;18;8;TRANSTRY;18024;;;
MOBIS BRASIL FABRICACAO DE AUTO PECAS LT;RODOVIARIO;1561532;19/08/2026;3;358049;19/08/2026;GRAND SPORT COM. DE VEIC. E PECAS LTDA;8,58E+12;GUARULHOS;SP;19/08/2026;21/08/2026;20/08/2026;Entregue No Prazo;;Entrega realizada;Entrega Finalizada;21;8;19;8;XD DIADEMA;26005;;;
MOBIS BRASIL FABRICACAO DE AUTO PECAS LT;RODOVIARIO;1561536;19/08/2026;2;358050;19/08/2026;GRAND SPORT COM. DE VEIC. E PECAS LTDA;8,58E+12;SAO PAULO;SP;19/08/2026;21/08/2026;20/08/2026;Entregue No Prazo;;Entrega realizada;Entrega Finalizada;21;8;19;8;XD DIADEMA;26034;;;
MOBIS BRASIL FABRICACAO DE AUTO PECAS LT;RODOVIARIO;1561537;19/08/2026;2;358046;19/08/2026;CAOA MOTOR DO BRASIL LTDA (ARICANDUVA);1,68E+13;SAO PAULO;SP;19/08/2026;21/08/2026;20/08/2026;Entregue No Prazo;;Entrega realizada;Entrega Finalizada;21;8;19;8;XD DIADEMA;26039;;;
MOBIS BRASIL FABRICACAO DE AUTO PECAS LT;RODOVIARIO;1561551;19/08/2026;1;358047;19/08/2026;CHS MOTORS VEICULOS PECAS E SERV. LTDA;1,69E+13;OSASCO;SP;19/08/2026;21/08/2026;20/08/2026;Entregue No Prazo;;Entrega realizada;Entrega Finalizada;21;8;19;8;XD DIADEMA;26106;;;
MOBIS BRASIL FABRICACAO DE AUTO PECAS LT;RODOVIARIO;1562064;19/08/2026;2;358048;19/08/2026;CHS MOTORS VEICULOS PECAS E SERV. LTDA.;1,69E+13;SAO PAULO;SP;19/08/2026;21/08/2026;20/08/2026;Entregue No Prazo;;Entrega realizada;Entrega Finalizada;21;8;19;8;XD DIADEMA;26036;;;
MOBIS BRASIL FABRICACAO DE AUTO PECAS LT;RODOVIARIO;1561505;19/08/2026;1;358076;19/08/2026;SEVEC VEICULOS LTDA;5,68E+11;CURITIBA;PR;19/08/2026;24/08/2026;20/08/2026;Entregue No Prazo;;Entrega realizada;Entrega Finalizada;24;8;19;8;TRANSTRY;18012;;;
MOBIS BRASIL FABRICACAO DE AUTO PECAS LT;RODOVIARIO;1561509;19/08/2026;1;358060;19/08/2026;BARI VEICULOS LTDA;7,46E+12;CURITIBA;PR;19/08/2026;24/08/2026;20/08/2026;Entregue No Prazo;;Entrega realizada;Entrega Finalizada;24;8;19;8;TRANSTRY;18024;;;
MOBIS BRASIL FABRICACAO DE AUTO PECAS LT;RODOVIARIO;1561546;19/08/2026;4;358044;19/08/2026;CAOA MOTOR DO BRASIL LTDA;1,68E+13;SANTOS;SP;19/08/2026;24/08/2026;20/08/2026;Entregue No Prazo;;Entrega realizada;Entrega Finalizada;24;8;19;8;XD DIADEMA;5008;;;
MOBIS BRASIL FABRICACAO DE AUTO PECAS LT;RODOVIARIO;1561508;19/08/2026;1;358063;19/08/2026;BARI VEICULOS LTDA;7,46E+12;SAO JOSE DOS PINHAIS;PR;19/08/2026;25/08/2026;20/08/2026;Entregue No Prazo;;Entrega realizada;Entrega Finalizada;25;8;19;8;TRANSTRY;18024;;;
MOBIS BRASIL FABRICACAO DE AUTO PECAS LT;RODOVIARIO;1561545;19/08/2026;1;358045;19/08/2026;CAOA MOTOR DO BRASIL LTDA;1,68E+13;PRAIA GRANDE;SP;19/08/2026;25/08/2026;20/08/2026;Entregue No Prazo;;Entrega realizada;Entrega Finalizada;25;8;19;8;XD DIADEMA;5008;;;
MOBIS BRASIL FABRICACAO DE AUTO PECAS LT;RODOVIARIO;1561539;19/08/2026;63;358282;20/08/2026;BILLY DISTRIBUIDORA DE VEICULOS LTDA;1,34E+13;SAO CAETANO DO SUL;SP;20/08/2026;24/08/2026;20/08/2026;Entregue No Prazo;;Entrega realizada;Entrega Finalizada;24;8;20;8;BV LOG;26003;;;
MOBIS BRASIL FABRICACAO DE AUTO PECAS LT;RODOVIARIO;1561547;19/08/2026;15;358283;20/08/2026;GRANDAY AUTOMOTORES LTDA (CHAC. CALIFOR);1,57E+13;SAO PAULO;SP;20/08/2026;24/08/2026;20/08/2026;Entregue No Prazo;;Entrega realizada;Entrega Finalizada;24;8;20;8;BV LOG;26090;;;
MOBIS BRASIL FABRICACAO DE AUTO PECAS LT;RODOVIARIO;1561533;19/08/2026;48;358284;20/08/2026;ANDRETA II DISTRIBUIDORA DE VEIC. LTDA;9,10E+12;CAMPINAS;SP;20/08/2026;25/08/2026;20/08/2026;Entregue No Prazo;;Entrega realizada;Entrega Finalizada;25;8;20;8;BV LOG;26011;;;
MOBIS BRASIL FABRICACAO DE AUTO PECAS LT;RODOVIARIO;1561544;19/08/2026;3;358285;20/08/2026;CAOA MOTOR DO BRASIL LTDA;1,68E+13;CAMPINAS;SP;20/08/2026;25/08/2026;20/08/2026;Entregue No Prazo;;Entrega realizada;Entrega Finalizada;25;8;20;8;BV LOG;5008;;;
MOBIS BRASIL FABRICACAO DE AUTO PECAS LT;RODOVIARIO;1552956;04/08/2026;3;355785;04/08/2026;TRIAUTO KOREA AUTOMOVEIS LTDA;4,99E+13;CATALAO;GO;04/08/2026;18/08/2026;21/08/2026;Entregue Fora do Prazo;;Entrega realizada;Entrega Finalizada;18;8;4;8;RIO VERMELHO;9018;;;
MOBIS BRASIL FABRICACAO DE AUTO PECAS LT;RODOVIARIO;1554522;06/08/2026;6;356203;06/08/2026;JPN PATOS COMERCIO DE VEICULOS LTDA;4,20E+13;PATOS;PB;06/08/2026;24/08/2026;21/08/2026;Entregue No Prazo;;Entrega realizada;Entrega Finalizada;24;8;6;8;TERMACO;15004;;;
MOBIS BRASIL FABRICACAO DE AUTO PECAS LT;RODOVIARIO;1555216;07/08/2026;2;356349;07/08/2026;GRANDE COREIA COMERCIO DE VEICULOS LTDA;2,66E+13;BELEM;PA;07/08/2026;20/08/2026;21/08/2026;Entregue Fora do Prazo;;Entrega realizada;Entrega Finalizada;20;8;7;8;CARVALIMA;14007;;;
MOBIS BRASIL FABRICACAO DE AUTO PECAS LT;RODOVIARIO;1555217;07/08/2026;1;356349;07/08/2026;GRANDE COREIA COMERCIO DE VEICULOS LTDA;2,66E+13;BELEM;PA;07/08/2026;20/08/2026;21/08/2026;Entregue Fora do Prazo;;Entrega realizada;Entrega Finalizada;20;8;7;8;CARVALIMA;14007;;;
MOBIS BRASIL FABRICACAO DE AUTO PECAS LT;RODOVIARIO;1556066;10/08/2026;3;356622;10/08/2026;SAINT LAND COM DE VEICULOS S A;1,04E+13;MOSSORO;RN;10/08/2026;26/08/2026;21/08/2026;Entregue No Prazo;;Entrega realizada;Entrega Finalizada;26;8;10;8;TERMACO;20002;;;
MOBIS BRASIL FABRICACAO DE AUTO PECAS LT;RODOVIARIO;1556009;10/08/2026;3;356617;10/08/2026;PATEO COMERCIO DE VEICULOS S A;7,78E+12;MANAUS;AM;10/08/2026;03/09/2026;21/08/2026;Entregue No Prazo;;Entrega realizada;Entrega Finalizada;3;9;10;8;CARVALIMA;3002;;;
MOBIS BRASIL FABRICACAO DE AUTO PECAS LT;RODOVIARIO;1556797;11/08/2026;11;356827;11/08/2026;CYCOSA AUTOMOVEIS LTDA;4,76E+12;MACEIO;AL;11/08/2026;25/08/2026;21/08/2026;Entregue No Prazo;;Entrega realizada;Entrega Finalizada;25;8;11;8;TERMACO;2001;;;
MOBIS BRASIL FABRICACAO DE AUTO PECAS LT;RODOVIARIO;1556815;11/08/2026;2;356777;11/08/2026;TRIAUTO KOREA AUTOMOVEIS LTDA;4,99E+13;CATALAO;GO;11/08/2026;25/08/2026;21/08/2026;Entregue No Prazo;;Entrega realizada;Entrega Finalizada;25;8;11;8;RIO VERMELHO;9018;;;
MOBIS BRASIL FABRICACAO DE AUTO PECAS LT;RODOVIARIO;1556803;11/08/2026;2;356838;11/08/2026;MASTER COMERCIAL DE VEICULOS LTDA;2,85E+13;BARREIRAS;BA;11/08/2026;26/08/2026;21/08/2026;Entregue No Prazo;;Entrega realizada;Entrega Finalizada;26;8;11;8;TERMACO;5012;;;
MOBIS BRASIL FABRICACAO DE AUTO PECAS LT;RODOVIARIO;1556832;11/08/2026;1;356837;11/08/2026;JPN PATOS COMERCIO DE VEICULOS LTDA;4,20E+13;PATOS;PB;11/08/2026;27/08/2026;21/08/2026;Entregue No Prazo;;Entrega realizada;Entrega Finalizada;27;8;11;8;TERMACO;15004;Aniversário do Município;Americana;SP
MOBIS BRASIL FABRICACAO DE AUTO PECAS LT;RODOVIARIO;1558110;12/08/2026;2;357094;12/08/2026;SEVEL VEICULOS LTDA;1,07E+13;ARACAJU;SE;12/08/2026;25/08/2026;21/08/2026;Entregue No Prazo;;Entrega realizada;Entrega Finalizada;25;8;12;8;TERMACO;25001;;;
MOBIS BRASIL FABRICACAO DE AUTO PECAS LT;RODOVIARIO;1557671;12/08/2026;8;357068;12/08/2026;CYCOSA AUTOMOVEIS LTDA;4,76E+12;MACEIO;AL;12/08/2026;26/08/2026;21/08/2026;Entregue No Prazo;;Entrega realizada;Entrega Finalizada;26;8;12;8;TERMACO;2001;;;
MOBIS BRASIL FABRICACAO DE AUTO PECAS LT;RODOVIARIO;1557706;12/08/2026;1;357074;12/08/2026;MISO VEICULOS LTDA;1,85E+13;SANTAREM;PA;12/08/2026;26/08/2026;21/08/2026;Entregue No Prazo;;Entrega realizada;Entrega Finalizada;26;8;12;8;CARVALIMA;4001;;;
MOBIS BRASIL FABRICACAO DE AUTO PECAS LT;RODOVIARIO;1557679;12/08/2026;2;357072;12/08/2026;MASTER COMERCIAL DE VEICULOS LTDA;2,85E+13;BARREIRAS;BA;12/08/2026;27/08/2026;21/08/2026;Entregue No Prazo;;Entrega realizada;Entrega Finalizada;27;8;12;8;TERMACO;5012;Aniversário do Município;Americana;SP
MOBIS BRASIL FABRICACAO DE AUTO PECAS LT;RODOVIARIO;1557680;12/08/2026;1;357071;12/08/2026;MASTER COMERCIAL DE VEICULOS LTDA;2,85E+13;JACOBINA;BA;12/08/2026;27/08/2026;21/08/2026;Entregue No Prazo;;Entrega realizada;Entrega Finalizada;27;8;12;8;TERMACO;5013;Aniversário do Município;Americana;SP
MOBIS BRASIL FABRICACAO DE AUTO PECAS LT;RODOVIARIO;1557692;12/08/2026;3;357079;12/08/2026;PATEO COMERCIO DE VEICULOS LTDA;7,78E+12;SAO LUIS;MA;12/08/2026;27/08/2026;21/08/2026;Entregue No Prazo;;Entrega realizada;Entrega Finalizada;27;8;12;8;TERMACO;10002;Aniversário do Município;Americana;SP
MOBIS BRASIL FABRICACAO DE AUTO PECAS LT;RODOVIARIO;1557693;12/08/2026;1;357086;12/08/2026;PATEO COMERCIO DE VEICULOS S.A;7,78E+12;SAO LUIS;MA;12/08/2026;27/08/2026;21/08/2026;Entregue No Prazo;;Entrega realizada;Entrega Finalizada;27;8;12;8;TERMACO;10005;Aniversário do Município;Americana;SP
MOBIS BRASIL FABRICACAO DE AUTO PECAS LT;RODOVIARIO;1557713;12/08/2026;1;357066;12/08/2026;CAOA MOTOR DO BRASIL LTDA;1,68E+13;RECIFE;PE;12/08/2026;27/08/2026;21/08/2026;Entregue No Prazo;;Entrega realizada;Entrega Finalizada;27;8;12;8;TERMACO;5008;Aniversário do Município;Americana;SP
MOBIS BRASIL FABRICACAO DE AUTO PECAS LT;RODOVIARIO;1557681;12/08/2026;3;357100;12/08/2026;VIA NORTE COM. E IMPORT. DE VEIC. LTDA;1,25E+13;SOBRAL;CE;12/08/2026;28/08/2026;21/08/2026;Entregue No Prazo;;Entrega realizada;Entrega Finalizada;28;8;12;8;TERMACO;6002;;;
MOBIS BRASIL FABRICACAO DE AUTO PECAS LT;RODOVIARIO;1558481;13/08/2026;1;357377;13/08/2026;PATEO COMERCIO DE VEICULOS S A;7,78E+12;SALVADOR;BA;13/08/2026;25/08/2026;21/08/2026;Entregue No Prazo;;Entrega realizada;Entrega Finalizada;25;8;13;8;TERMACO;5003;;;
MOBIS BRASIL FABRICACAO DE AUTO PECAS LT;RODOVIARIO;1558482;13/08/2026;6;357365;13/08/2026;FAZZA MOTORS COMERCIO DE VEICULOS LTDA;1,24E+13;SALVADOR;BA;13/08/2026;25/08/2026;21/08/2026;Entregue No Prazo;;Entrega realizada;Entrega Finalizada;25;8;13;8;TERMACO;5007;;;
MOBIS BRASIL FABRICACAO DE AUTO PECAS LT;RODOVIARIO;1558479;13/08/2026;9;357364;13/08/2026;CYCOSA AUTOMOVEIS LTDA;4,76E+12;MACEIO;AL;13/08/2026;27/08/2026;21/08/2026;Entregue No Prazo;;Entrega realizada;Entrega Finalizada;27;8;13;8;TERMACO;2001;Aniversário do Município;Americana;SP
MOBIS BRASIL FABRICACAO DE AUTO PECAS LT;RODOVIARIO;1558989;13/08/2026;4;357220;13/08/2026;NASA MOTORS LTDA.;2,65E+13;SAO LUIS DE MONTES BELOS;GO;13/08/2026;27/08/2026;21/08/2026;Entregue No Prazo;;Entrega realizada;Entrega Finalizada;27;8;13;8;RIO VERMELHO;9016;Aniversário do Município;Americana;SP
MOBIS BRASIL FABRICACAO DE AUTO PECAS LT;RODOVIARIO;1559001;13/08/2026;5;357374;13/08/2026;NACIONAL NOVA MARABA DIST DE VEIC. LTDA;1,70E+13;MARABA;PA;13/08/2026;27/08/2026;21/08/2026;Entregue No Prazo;;Entrega realizada;Entrega Finalizada;27;8;13;8;CARVALIMA;14005;Aniversário do Município;Americana;SP
MOBIS BRASIL FABRICACAO DE AUTO PECAS LT;RODOVIARIO;1559019;13/08/2026;1;357385;13/08/2026;SAINT LAND COMERCIO DE VEICULOS LTDA;1,04E+13;NATAL;RN;13/08/2026;28/08/2026;21/08/2026;Entregue No Prazo;;Entrega realizada;Entrega Finalizada;28;8;13;8;TERMACO;6010;;;
MOBIS BRASIL FABRICACAO DE AUTO PECAS LT;RODOVIARIO;1558487;13/08/2026;2;357391;13/08/2026;VIA NORTE COM. E IMPORT. DE VEIC. LTDA;1,25E+13;SOBRAL;CE;13/08/2026;31/08/2026;21/08/2026;Entregue No Prazo;;Entrega realizada;Entrega Finalizada;31;8;13;8;TERMACO;6002;;;
MOBIS BRASIL FABRICACAO DE AUTO PECAS LT;RODOVIARIO;1559002;13/08/2026;1;357361;13/08/2026;CAOA MOTOR DO BRASIL LTDA;1,68E+13;CAMPINA GRANDE;PB;13/08/2026;31/08/2026;21/08/2026;Entregue No Prazo;;Entrega realizada;Entrega Finalizada;31;8;13;8;TERMACO;5008;;;
MOBIS BRASIL FABRICACAO DE AUTO PECAS LT;RODOVIARIO;1559170;14/08/2026;1;357437;14/08/2026;SAGA KOREA COM. DE VEIC. E PC. LTDA;1,27E+13;BRASILIA;DF;14/08/2026;24/08/2026;21/08/2026;Entregue No Prazo;;Entrega realizada;Entrega Finalizada;24;8;14;8;RIO VERMELHO;7004;;;
MOBIS BRASIL FABRICACAO DE AUTO PECAS LT;RODOVIARIO;1559163;14/08/2026;3;357472;14/08/2026;FAZZA MOTORS COMERCIO DE VEICULOS LTDA;1,24E+13;SALVADOR;BA;14/08/2026;26/08/2026;21/08/2026;Entregue No Prazo;;Entrega realizada;Entrega Finalizada;26;8;14;8;TERMACO;5007;;;
MOBIS BRASIL FABRICACAO DE AUTO PECAS LT;RODOVIARIO;1559164;14/08/2026;33;357472;14/08/2026;FAZZA MOTORS COMERCIO DE VEICULOS LTDA;1,24E+13;SALVADOR;BA;14/08/2026;26/08/2026;21/08/2026;Entregue No Prazo;;Entrega realizada;Entrega Finalizada;26;8;14;8;TERMACO;5007;;;
MOBIS BRASIL FABRICACAO DE AUTO PECAS LT;RODOVIARIO;1559194;14/08/2026;1;357473;14/08/2026;GRANDE COREIA COMERCIO DE VEICULOS LTDA;2,66E+13;BELEM;PA;14/08/2026;27/08/2026;21/08/2026;Entregue No Prazo;;Entrega realizada;Entrega Finalizada;27;8;14;8;CARVALIMA;14007;Aniversário do Município;Americana;SP
MOBIS BRASIL FABRICACAO DE AUTO PECAS LT;RODOVIARIO;1559213;14/08/2026;1;357484;14/08/2026;SAGA ASIA COM. DE VEIC.PC.E SERV. LTDA;2,14E+13;PORTO VELHO;RO;14/08/2026;27/08/2026;21/08/2026;Entregue No Prazo;;Entrega realizada;Entrega Finalizada;27;8;14;8;CARVALIMA;21003;Aniversário do Município;Americana;SP
MOBIS BRASIL FABRICACAO DE AUTO PECAS LT;RODOVIARIO;1559182;14/08/2026;3;357482;14/08/2026;PATEO COMERCIO DE VEICULOS S A;7,78E+12;SAO LUIS;MA;14/08/2026;31/08/2026;21/08/2026;Entregue No Prazo;;Entrega realizada;Entrega Finalizada;31;8;14;8;TERMACO;10002;;;
MOBIS BRASIL FABRICACAO DE AUTO PECAS LT;RODOVIARIO;1559183;14/08/2026;26;357482;14/08/2026;PATEO COMERCIO DE VEICULOS S A;7,78E+12;SAO LUIS;MA;14/08/2026;31/08/2026;21/08/2026;Entregue No Prazo;;Entrega realizada;Entrega Finalizada;31;8;14;8;TERMACO;10002;;;
MOBIS BRASIL FABRICACAO DE AUTO PECAS LT;RODOVIARIO;1559895;17/08/2026;4;357712;17/08/2026;DESTAQUE SEUL DISTR. DE VEIC. E PC. LTDA;2,12E+13;BRAGANCA PAULISTA;SP;17/08/2026;20/08/2026;21/08/2026;Entregue Fora do Prazo;;Entrega realizada;Entrega Finalizada;20;8;17;8;MVT;26074;;;
MOBIS BRASIL FABRICACAO DE AUTO PECAS LT;RODOVIARIO;1559843;17/08/2026;3;357667;17/08/2026;URCA MOTORS VEICULOS LTDA;8,77E+12;UBERLANDIA;MG;17/08/2026;21/08/2026;21/08/2026;Entregue No Prazo;;Entrega realizada;Entrega Finalizada;21;8;17;8;XD BETIM;9014;;;
MOBIS BRASIL FABRICACAO DE AUTO PECAS LT;RODOVIARIO;1559860;17/08/2026;11;357708;17/08/2026;SANTA FE VEICULOS LTDA.;1,16E+13;FRANCISCO BELTRAO;PR;17/08/2026;24/08/2026;21/08/2026;Entregue No Prazo;;Entrega realizada;Entrega Finalizada;24;8;17;8;TRANSTRY;18010;;;
MOBIS BRASIL FABRICACAO DE AUTO PECAS LT;RODOVIARIO;1559840;17/08/2026;95;357662;17/08/2026;SAGA KOREA COM. DE VEIC. E PC. LTDA;1,27E+13;GOIANIA;GO;17/08/2026;25/08/2026;21/08/2026;Entregue No Prazo;;Entrega realizada;Entrega Finalizada;25;8;17;8;RIO VERMELHO;9011;;;
MOBIS BRASIL FABRICACAO DE AUTO PECAS LT;RODOVIARIO;1559841;17/08/2026;2;357661;17/08/2026;NISA COMERCIAL DE VEIC. AUTOMOTORES LTDA;1,03E+13;GOIANIA;GO;17/08/2026;25/08/2026;21/08/2026;Entregue No Prazo;;Entrega realizada;Entrega Finalizada;25;8;17;8;RIO VERMELHO;9013;;;
MOBIS BRASIL FABRICACAO DE AUTO PECAS LT;RODOVIARIO;1559850;17/08/2026;1;357677;17/08/2026;GOLDEN MOTORS VEICULOS LTDA;3,62E+12;DOURADOS;MS;17/08/2026;25/08/2026;21/08/2026;Entregue No Prazo;;Entrega realizada;Entrega Finalizada;25;8;17;8;CARVALIMA;12001;;;
MOBIS BRASIL FABRICACAO DE AUTO PECAS LT;RODOVIARIO;1560650;18/08/2026;29;357776;18/08/2026;CARBEL KOREA VEICULOS LTDA;2,07E+13;BELO HORIZONTE;MG;18/08/2026;21/08/2026;21/08/2026;Entregue No Prazo;;Entrega realizada;Entrega Finalizada;21;8;18;8;XD BETIM;11021;;;
MOBIS BRASIL FABRICACAO DE AUTO PECAS LT;RODOVIARIO;1560654;18/08/2026;2;357772;18/08/2026;BDG AUTOVILLE VEICULOS LTDA;4,77E+13;CONTAGEM;MG;18/08/2026;21/08/2026;21/08/2026;Entregue No Prazo;;Entrega realizada;Entrega Finalizada;21;8;18;8;XD BETIM;11037;;;
MOBIS BRASIL FABRICACAO DE AUTO PECAS LT;RODOVIARIO;1560655;18/08/2026;31;357772;18/08/2026;BDG AUTOVILLE VEICULOS LTDA;4,77E+13;CONTAGEM;MG;18/08/2026;21/08/2026;21/08/2026;Entregue No Prazo;;Entrega realizada;Entrega Finalizada;21;8;18;8;XD BETIM;11037;;;
MOBIS BRASIL FABRICACAO DE AUTO PECAS LT;RODOVIARIO;1560651;18/08/2026;5;357791;18/08/2026;TOKSU COMERCIO DE VEICULOS LTDA;1,12E+13;VARGINHA;MG;18/08/2026;24/08/2026;21/08/2026;Entregue No Prazo;;Entrega realizada;Entrega Finalizada;24;8;18;8;XD BETIM;11008;;;
MOBIS BRASIL FABRICACAO DE AUTO PECAS LT;RODOVIARIO;1560674;18/08/2026;1;357865;18/08/2026;VETOR AUTOMOVEIS LTDA;2,12E+13;CASCAVEL;PR;18/08/2026;24/08/2026;21/08/2026;Entregue No Prazo;;Entrega realizada;Entrega Finalizada;24;8;18;8;TRANSTRY;18019;;;
MOBIS BRASIL FABRICACAO DE AUTO PECAS LT;RODOVIARIO;1560675;18/08/2026;2;357865;18/08/2026;VETOR AUTOMOVEIS LTDA;2,12E+13;CASCAVEL;PR;18/08/2026;24/08/2026;21/08/2026;Entregue No Prazo;;Entrega realizada;Entrega Finalizada;24;8;18;8;TRANSTRY;18019;;;
MOBIS BRASIL FABRICACAO DE AUTO PECAS LT;RODOVIARIO;1560698;18/08/2026;3;357857;18/08/2026;HOUSE PARTS - COM. DE PECAS E VEIC. LTDA;1,15E+13;PORTO ALEGRE;RS;18/08/2026;24/08/2026;21/08/2026;Entregue No Prazo;;Entrega realizada;Entrega Finalizada;24;8;18;8;TRANSTRY;23004;;;
MOBIS BRASIL FABRICACAO DE AUTO PECAS LT;RODOVIARIO;1560672;18/08/2026;17;357863;18/08/2026;SANTA FE VEICULOS LTDA.;1,16E+13;FRANCISCO BELTRAO;PR;18/08/2026;25/08/2026;21/08/2026;Entregue No Prazo;;Entrega realizada;Entrega Finalizada;25;8;18;8;TRANSTRY;18010;;;
MOBIS BRASIL FABRICACAO DE AUTO PECAS LT;RODOVIARIO;1560689;18/08/2026;2;357813;18/08/2026;MONTREAL VEICULOS E PECAS LTDA;1,68E+13;MACAE;RJ;18/08/2026;25/08/2026;21/08/2026;Entregue No Prazo;;Entrega realizada;Entrega Finalizada;25;8;18;8;CAMILO;19030;;;
MOBIS BRASIL FABRICACAO DE AUTO PECAS LT;RODOVIARIO;1560701;18/08/2026;1;357858;18/08/2026;HOUSE PARTS COMERCIO DE PECAS E VEI;1,15E+13;CAXIAS DO SUL;RS;18/08/2026;25/08/2026;21/08/2026;Entregue No Prazo;;Entrega realizada;Entrega Finalizada;25;8;18;8;TRANSTRY;23023;;;
MOBIS BRASIL FABRICACAO DE AUTO PECAS LT;RODOVIARIO;1560702;18/08/2026;10;357846;18/08/2026;ATUAL VEICULOS LTDA;1,33E+13;ARARANGUA;SC;18/08/2026;25/08/2026;21/08/2026;Entregue No Prazo;;Entrega realizada;Entrega Finalizada;25;8;18;8;TRANSTRY;24001;;;
MOBIS BRASIL FABRICACAO DE AUTO PECAS LT;RODOVIARIO;1560703;18/08/2026;6;357845;18/08/2026;ATUAL VEICULOS LTDA;1,33E+13;CRICIUMA;SC;18/08/2026;25/08/2026;21/08/2026;Entregue No Prazo;;Entrega realizada;Entrega Finalizada;25;8;18;8;TRANSTRY;24001;;;
MOBIS BRASIL FABRICACAO DE AUTO PECAS LT;RODOVIARIO;1560704;18/08/2026;6;357847;18/08/2026;ATUAL VEICULOS LTDA;1,33E+13;TUBARAO;SC;18/08/2026;25/08/2026;21/08/2026;Entregue No Prazo;;Entrega realizada;Entrega Finalizada;25;8;18;8;TRANSTRY;24001;;;
MOBIS BRASIL FABRICACAO DE AUTO PECAS LT;RODOVIARIO;1561018;18/08/2026;3;357832;18/08/2026;VIA BRASIL AUTOMOVEIS LTDA.;4,72E+12;SERRA;ES;18/08/2026;25/08/2026;21/08/2026;Entregue No Prazo;;Entrega realizada;Entrega Finalizada;25;8;18;8;CAMILO;8001;;;
MOBIS BRASIL FABRICACAO DE AUTO PECAS LT;RODOVIARIO;1561021;18/08/2026;3;357796;18/08/2026;VITAL COMERCIO DE VEICULOS LTDA;1,05E+13;IPATINGA;MG;18/08/2026;25/08/2026;21/08/2026;Entregue No Prazo;;Entrega realizada;Entrega Finalizada;25;8;18;8;XD BETIM;11016;;;
MOBIS BRASIL FABRICACAO DE AUTO PECAS LT;RODOVIARIO;1560636;18/08/2026;4;357789;18/08/2026;SMAFF IMPORT VEICULOS LTDA;8,18E+12;BRASILIA;DF;18/08/2026;26/08/2026;21/08/2026;Entregue No Prazo;;Entrega realizada;Entrega Finalizada;26;8;18;8;RIO VERMELHO;7002;;;
MOBIS BRASIL FABRICACAO DE AUTO PECAS LT;RODOVIARIO;1560637;18/08/2026;6;357789;18/08/2026;SMAFF IMPORT VEICULOS LTDA;8,18E+12;BRASILIA;DF;18/08/2026;26/08/2026;21/08/2026;Entregue No Prazo;;Entrega realizada;Entrega Finalizada;26;8;18;8;RIO VERMELHO;7002;;;
MOBIS BRASIL FABRICACAO DE AUTO PECAS LT;RODOVIARIO;1560638;18/08/2026;25;357787;18/08/2026;SAGA KOREA COM. DE VEIC. E PC. LTDA;1,27E+13;BRASILIA;DF;18/08/2026;26/08/2026;21/08/2026;Entregue No Prazo;;Entrega realizada;Entrega Finalizada;26;8;18;8;RIO VERMELHO;7005;;;
MOBIS BRASIL FABRICACAO DE AUTO PECAS LT;RODOVIARIO;1560640;18/08/2026;1;357828;18/08/2026;TAI MOTORS VEICULOS SA;9,27E+12;COLATINA;ES;18/08/2026;26/08/2026;21/08/2026;Entregue No Prazo;;Entrega realizada;Entrega Finalizada;26;8;18;8;CAMILO;8006;;;
MOBIS BRASIL FABRICACAO DE AUTO PECAS LT;RODOVIARIO;1560657;18/08/2026;4;357808;18/08/2026;GOLDEN MOTORS VEICULOS LTDA;3,62E+12;DOURADOS;MS;18/08/2026;26/08/2026;21/08/2026;Entregue No Prazo;;Entrega realizada;Entrega Finalizada;26;8;18;8;CARVALIMA;12001;;;
MOBIS BRASIL FABRICACAO DE AUTO PECAS LT;RODOVIARIO;1560710;18/08/2026;2;357856;18/08/2026;CHINHAN AUTOMOVEIS LTDA.;2,41E+13;CACADOR;SC;18/08/2026;27/08/2026;21/08/2026;Entregue No Prazo;;Entrega realizada;Entrega Finalizada;27;8;18;8;TRANSTRY;24020;Aniversário do Município;Americana;SP
MOBIS BRASIL FABRICACAO DE AUTO PECAS LT;RODOVIARIO;1560662;18/08/2026;5;357805;18/08/2026;COMETA MATO GROSSO COM. DE VEICULOS LTDA;1,54E+13;RONDONOPOLIS;MT;18/08/2026;28/08/2026;21/08/2026;Entregue No Prazo;;Entrega realizada;Entrega Finalizada;28;8;18;8;CARVALIMA;13006;;;
MOBIS BRASIL FABRICACAO DE AUTO PECAS LT;RODOVIARIO;1561489;19/08/2026;28;358043;19/08/2026;BDG AUTOVILLE VEICULOS LTDA;4,77E+13;CONTAGEM;MG;19/08/2026;24/08/2026;21/08/2026;Entregue No Prazo;;Entrega realizada;Entrega Finalizada;24;8;19;8;XD BETIM;11037;;;
MOBIS BRASIL FABRICACAO DE AUTO PECAS LT;RODOVIARIO;1561535;19/08/2026;18;358186;19/08/2026;NEW VEICULOS E PECAS LTDA;1,59E+13;RIBEIRAO PRETO;SP;19/08/2026;24/08/2026;21/08/2026;Entregue No Prazo;;Entrega realizada;Entrega Finalizada;24;8;19;8;MVT;26014;;;
MOBIS BRASIL FABRICACAO DE AUTO PECAS LT;RODOVIARIO;1561503;19/08/2026;1;358072;19/08/2026;LOVAT VEICULOS S/A;8,57E+12;LONDRINA;PR;19/08/2026;25/08/2026;21/08/2026;Entregue No Prazo;;Entrega realizada;Entrega Finalizada;25;8;19;8;TRANSTRY;18008;;;
MOBIS BRASIL FABRICACAO DE AUTO PECAS LT;RODOVIARIO;1561506;19/08/2026;4;358077;19/08/2026;VETOR AUTOMOVEIS LTDA;2,12E+13;CASCAVEL;PR;19/08/2026;25/08/2026;21/08/2026;Entregue No Prazo;;Entrega realizada;Entrega Finalizada;25;8;19;8;TRANSTRY;18019;;;
MOBIS BRASIL FABRICACAO DE AUTO PECAS LT;RODOVIARIO;1561507;19/08/2026;1;358061;19/08/2026;BARI VEICULOS LTDA;7,46E+12;PONTA GROSSA;PR;19/08/2026;25/08/2026;21/08/2026;Entregue No Prazo;;Entrega realizada;Entrega Finalizada;25;8;19;8;TRANSTRY;18024;;;
MOBIS BRASIL FABRICACAO DE AUTO PECAS LT;RODOVIARIO;1561511;19/08/2026;8;358092;19/08/2026;ITAVEMA MOTORS VEICULOS LTDA;7,73E+12;RIO DE JANEIRO;RJ;19/08/2026;25/08/2026;21/08/2026;Entregue No Prazo;;Entrega realizada;Entrega Finalizada;25;8;19;8;CAMILO;19001;;;
MOBIS BRASIL FABRICACAO DE AUTO PECAS LT;RODOVIARIO;1561512;19/08/2026;1;358084;19/08/2026;CAOA MOTOR DO BRASIL LTDA;1,68E+13;RIO DE JANEIRO;RJ;19/08/2026;25/08/2026;21/08/2026;Entregue No Prazo;;Entrega realizada;Entrega Finalizada;25;8;19;8;CAMILO;5008;;;
MOBIS BRASIL FABRICACAO DE AUTO PECAS LT;RODOVIARIO;1561513;19/08/2026;3;358082;19/08/2026;CAOA MOTOR DO BRASIL LTDA;1,68E+13;RIO DE JANEIRO;RJ;19/08/2026;25/08/2026;21/08/2026;Entregue No Prazo;;Entrega realizada;Entrega Finalizada;25;8;19;8;CAMILO;5008;;;
MOBIS BRASIL FABRICACAO DE AUTO PECAS LT;RODOVIARIO;1561525;19/08/2026;1;358064;19/08/2026;BARI VEICULOS LTDA.;7,46E+12;JOINVILLE;SC;19/08/2026;25/08/2026;21/08/2026;Entregue No Prazo;;Entrega realizada;Entrega Finalizada;25;8;19;8;TRANSTRY;24013;;;
MOBIS BRASIL FABRICACAO DE AUTO PECAS LT;RODOVIARIO;1561526;19/08/2026;1;358065;19/08/2026;BARI VEICULOS LTDA.;7,46E+12;ITAJAI;SC;19/08/2026;25/08/2026;21/08/2026;Entregue No Prazo;;Entrega realizada;Entrega Finalizada;25;8;19;8;TRANSTRY;24014;;;
MOBIS BRASIL FABRICACAO DE AUTO PECAS LT;RODOVIARIO;1561540;19/08/2026;3;358188;19/08/2026;NEW VEICULOS E PECAS LTDA.;1,59E+13;FRANCA;SP;19/08/2026;25/08/2026;21/08/2026;Entregue No Prazo;;Entrega realizada;Entrega Finalizada;25;8;19;8;MVT;26048;;;
MOBIS BRASIL FABRICACAO DE AUTO PECAS LT;RODOVIARIO;1561541;19/08/2026;10;358183;19/08/2026;H R B COMERCIO DE VEICULOS LTDA;1,82E+13;SAO JOSE DO RIO PRETO;SP;19/08/2026;25/08/2026;21/08/2026;Entregue No Prazo;;Entrega realizada;Entrega Finalizada;25;8;19;8;MVT;26050;;;
MOBIS BRASIL FABRICACAO DE AUTO PECAS LT;RODOVIARIO;1561548;19/08/2026;1;358181;19/08/2026;H - CAMINHO AUTOMOVEIS LTDA;2,53E+13;PIRACICABA;SP;19/08/2026;25/08/2026;21/08/2026;Entregue No Prazo;;Entrega realizada;Entrega Finalizada;25;8;19;8;MVT;26092;;;
MOBIS BRASIL FABRICACAO DE AUTO PECAS LT;RODOVIARIO;1561550;19/08/2026;1;358187;19/08/2026;NEW VEICULOS E PECAS LTDA;1,59E+13;BARRETOS;SP;19/08/2026;25/08/2026;21/08/2026;Entregue No Prazo;;Entrega realizada;Entrega Finalizada;25;8;19;8;MVT;26014;;;
MOBIS BRASIL FABRICACAO DE AUTO PECAS LT;RODOVIARIO;1562063;19/08/2026;2;358079;19/08/2026;AMX COM. E SERVICOS DE AUTOMOTORES LTDA;1,20E+13;RIO DE JANEIRO;RJ;19/08/2026;25/08/2026;21/08/2026;Entregue No Prazo;;Entrega realizada;Entrega Finalizada;25;8;19;8;CAMILO;19009;;;
MOBIS BRASIL FABRICACAO DE AUTO PECAS LT;RODOVIARIO;1561521;19/08/2026;6;358059;19/08/2026;ATUAL VEICULOS LTDA;1,33E+13;CRICIUMA;SC;19/08/2026;26/08/2026;21/08/2026;Entregue No Prazo;;Entrega realizada;Entrega Finalizada;26;8;19;8;TRANSTRY;24001;;;
MOBIS BRASIL FABRICACAO DE AUTO PECAS LT;RODOVIARIO;1561523;19/08/2026;2;358062;19/08/2026;BARI VEICULOS LTDA;7,46E+12;BLUMENAU;SC;19/08/2026;26/08/2026;21/08/2026;Entregue No Prazo;;Entrega realizada;Entrega Finalizada;26;8;19;8;TRANSTRY;18024;;;
MOBIS BRASIL FABRICACAO DE AUTO PECAS LT;RODOVIARIO;1561524;19/08/2026;11;358062;19/08/2026;BARI VEICULOS LTDA;7,46E+12;BLUMENAU;SC;19/08/2026;26/08/2026;21/08/2026;Entregue No Prazo;;Entrega realizada;Entrega Finalizada;26;8;19;8;TRANSTRY;18024;;;
MOBIS BRASIL FABRICACAO DE AUTO PECAS LT;RODOVIARIO;1561491;19/08/2026;1;358089;19/08/2026;GOLDEN MOTORS VEICULOS LTDA;3,62E+12;TRES LAGOAS;MS;19/08/2026;27/08/2026;21/08/2026;Entregue No Prazo;;Entrega realizada;Entrega Finalizada;27;8;19;8;CARVALIMA;12001;Aniversário do Município;Americana;SP
MOBIS BRASIL FABRICACAO DE AUTO PECAS LT;RODOVIARIO;1561492;19/08/2026;3;358106;19/08/2026;ULSAN COMERCIO DE VEICULOS LTDA.;2,10E+13;CAMPO GRANDE;MS;19/08/2026;27/08/2026;21/08/2026;Entregue No Prazo;;Entrega realizada;Entrega Finalizada;27;8;19;8;CARVALIMA;12004;Aniversário do Município;Americana;SP
MOBIS BRASIL FABRICACAO DE AUTO PECAS LT;RODOVIARIO;1561527;19/08/2026;3;358068;19/08/2026;CHINHAN AUTOMOVEIS LTDA.;2,41E+13;CACADOR;SC;19/08/2026;28/08/2026;21/08/2026;Entregue No Prazo;;Entrega realizada;Entrega Finalizada;28;8;19;8;TRANSTRY;24020;;;
MOBIS BRASIL FABRICACAO DE AUTO PECAS LT;RODOVIARIO;1562241;20/08/2026;1;358303;20/08/2026;CAOA MOTOR DO BRASIL LTDA(VL LEOPOLDINA);1,68E+13;SAO PAULO;SP;20/08/2026;24/08/2026;21/08/2026;Entregue No Prazo;;Entrega realizada;Entrega Finalizada;24;8;20;8;XD DIADEMA;26028;;;
MOBIS BRASIL FABRICACAO DE AUTO PECAS LT;RODOVIARIO;1562242;20/08/2026;1;358304;20/08/2026;CHS MOTORS VEICULOS PECAS E SERV. LTDA.;1,69E+13;SAO PAULO;SP;20/08/2026;24/08/2026;21/08/2026;Entregue No Prazo;;Entrega realizada;Entrega Finalizada;24;8;20;8;XD DIADEMA;26036;;;
MOBIS BRASIL FABRICACAO DE AUTO PECAS LT;RODOVIARIO;1562253;20/08/2026;1;358302;20/08/2026;BILLY DISTRIBUIDORA DE VEICULOS LTDA;1,34E+13;SAO PAULO;SP;20/08/2026;24/08/2026;21/08/2026;Entregue No Prazo;;Entrega realizada;Entrega Finalizada;24;8;20;8;XD DIADEMA;26003;;;
MOBIS BRASIL FABRICACAO DE AUTO PECAS LT;RODOVIARIO;1562258;20/08/2026;2;358309;20/08/2026;NOBRE DISTRIBUIDORA DE VEIC. E PEC. LTDA;5,76E+12;SUZANO;SP;20/08/2026;24/08/2026;21/08/2026;Entregue No Prazo;;Entrega realizada;Entrega Finalizada;24;8;20;8;XD DIADEMA;26103;;;
MOBIS BRASIL FABRICACAO DE AUTO PECAS LT;RODOVIARIO;1562204;20/08/2026;1;358367;20/08/2026;SEVEC VEICULOS LTDA;5,68E+11;CURITIBA;PR;20/08/2026;25/08/2026;21/08/2026;Entregue No Prazo;;Entrega realizada;Entrega Finalizada;25;8;20;8;TRANSTRY;18012;;;
MOBIS BRASIL FABRICACAO DE AUTO PECAS LT;RODOVIARIO;1562208;20/08/2026;1;358354;20/08/2026;BARI VEICULOS LTDA;7,46E+12;CURITIBA;PR;20/08/2026;25/08/2026;21/08/2026;Entregue No Prazo;;Entrega realizada;Entrega Finalizada;25;8;20;8;TRANSTRY;18024;;;
MOBIS BRASIL FABRICACAO DE AUTO PECAS LT;RODOVIARIO;1562238;20/08/2026;1;358293;20/08/2026;DHC COMERCIO DE VEICULOS E PECAS LTDA;9,52E+12;BAURU;SP;20/08/2026;25/08/2026;21/08/2026;Entregue No Prazo;;Entrega realizada;Entrega Finalizada;25;8;20;8;MVT;26010;;;
MOBIS BRASIL FABRICACAO DE AUTO PECAS LT;RODOVIARIO;1562240;20/08/2026;46;358299;20/08/2026;NEW VEICULOS E PECAS LTDA;1,59E+13;RIBEIRAO PRETO;SP;20/08/2026;25/08/2026;21/08/2026;Entregue No Prazo;Avaria;Entrega realizada;Entrega Finalizada;25;8;20;8;MVT;26014;;;
MOBIS BRASIL FABRICACAO DE AUTO PECAS LT;RODOVIARIO;1562246;20/08/2026;1;358291;20/08/2026;ANDRETA II DISTRIBUIDORA DE VEIC. LTDA;9,10E+12;INDAIATUBA;SP;20/08/2026;25/08/2026;21/08/2026;Entregue No Prazo;;Entrega realizada;Entrega Finalizada;25;8;20;8;MVT;26011;;;
MOBIS BRASIL FABRICACAO DE AUTO PECAS LT;RODOVIARIO;1562252;20/08/2026;2;358306;20/08/2026;DESTAQUE SEUL DISTR. DE VEIC. E PC. LTDA;2,12E+13;ATIBAIA;SP;20/08/2026;25/08/2026;21/08/2026;Entregue No Prazo;;Entrega realizada;Entrega Finalizada;25;8;20;8;XD DIADEMA;26075;;;
MOBIS BRASIL FABRICACAO DE AUTO PECAS LT;RODOVIARIO;1562248;20/08/2026;1;358297;20/08/2026;H R B COMERCIO DE VEICULOS LTDA;1,82E+13;SAO JOSE DO RIO PRETO;SP;20/08/2026;26/08/2026;21/08/2026;Entregue No Prazo;;Entrega realizada;Entrega Finalizada;26;8;20;8;MVT;26050;;;
MOBIS BRASIL FABRICACAO DE AUTO PECAS LT;RODOVIARIO;1562249;20/08/2026;26;358297;20/08/2026;H R B COMERCIO DE VEICULOS LTDA;1,82E+13;SAO JOSE DO RIO PRETO;SP;20/08/2026;26/08/2026;21/08/2026;Entregue No Prazo;;Entrega realizada;Entrega Finalizada;26;8;20;8;MVT;26050;;;
MOBIS BRASIL FABRICACAO DE AUTO PECAS LT;RODOVIARIO;1562254;20/08/2026;1;358294;20/08/2026;DHC COMERCIO DE VEICULOS E PECAS LTDA;9,52E+12;BOTUCATU;SP;20/08/2026;26/08/2026;21/08/2026;Entregue No Prazo;;Entrega realizada;Entrega Finalizada;26;8;20;8;MVT;26010;;;
MOBIS BRASIL FABRICACAO DE AUTO PECAS LT;RODOVIARIO;1562244;20/08/2026;1;358471;21/08/2026;BILLY DISTRIBUIDORA DE VEICULOS LTDA;1,34E+13;SAO CAETANO DO SUL;SP;21/08/2026;25/08/2026;21/08/2026;Entregue No Prazo;;Entrega realizada;Entrega Finalizada;25;8;21;8;BV LOG;26003;;;
MOBIS BRASIL FABRICACAO DE AUTO PECAS LT;RODOVIARIO;1562245;20/08/2026;58;358471;21/08/2026;BILLY DISTRIBUIDORA DE VEICULOS LTDA;1,34E+13;SAO CAETANO DO SUL;SP;21/08/2026;25/08/2026;21/08/2026;Entregue No Prazo;;Entrega realizada;Entrega Finalizada;25;8;21;8;BV LOG;26003;;;
MOBIS BRASIL FABRICACAO DE AUTO PECAS LT;RODOVIARIO;1562250;20/08/2026;11;358472;21/08/2026;CAOA MOTOR DO BRASIL LTDA (VL PRUDENTE);1,68E+13;SAO PAULO;SP;21/08/2026;25/08/2026;21/08/2026;Entregue No Prazo;;Entrega realizada;Entrega Finalizada;25;8;21;8;BV LOG;26051;;;
MOBIS BRASIL FABRICACAO DE AUTO PECAS LT;RODOVIARIO;1562255;20/08/2026;15;358473;21/08/2026;GRANDAY AUTOMOTORES LTDA (CHAC. CALIFOR);1,57E+13;SAO PAULO;SP;21/08/2026;25/08/2026;21/08/2026;Entregue No Prazo;;Entrega realizada;Entrega Finalizada;25;8;21;8;BV LOG;26090;;;
MOBIS BRASIL FABRICACAO DE AUTO PECAS LT;RODOVIARIO;1562239;20/08/2026;47;358474;21/08/2026;ANDRETA II DISTRIBUIDORA DE VEIC. LTDA;9,10E+12;CAMPINAS;SP;21/08/2026;26/08/2026;21/08/2026;Entregue No Prazo;;Entrega realizada;Entrega Finalizada;26;8;21;8;BV LOG;26011;;;
MOBIS BRASIL FABRICACAO DE AUTO PECAS LT;RODOVIARIO;1562256;20/08/2026;4;358475;21/08/2026;H - CAMINHO AUTOMOVEIS LTDA;2,53E+13;PIRACICABA;SP;21/08/2026;27/08/2026;21/08/2026;Entregue No Prazo;;Entrega realizada;Entrega Finalizada;27;8;21;8;BV LOG;26092;Aniversário do Município;Americana;SP
MOBIS BRASIL FABRICACAO DE AUTO PECAS LT;RODOVIARIO;1544662;20/07/2026;2;353079;20/07/2026;PATEO COMERCIO DE VEICULOS S A;7,78E+12;MANAUS;AM;20/07/2026;13/08/2026;22/08/2026;Entregue Fora do Prazo;;Entrega realizada;Entrega Finalizada;13;8;20;7;CARVALIMA;3002;;;
MOBIS BRASIL FABRICACAO DE AUTO PECAS LT;RODOVIARIO;1559842;17/08/2026;3;357660;17/08/2026;NASA MOTORS LTDA.;2,65E+13;SAO LUIS DE MONTES BELOS;GO;17/08/2026;31/08/2026;22/08/2026;Entregue No Prazo;;Entrega realizada;Entrega Finalizada;31;8;17;8;RIO VERMELHO;9016;;;
MOBIS BRASIL FABRICACAO DE AUTO PECAS LT;RODOVIARIO;1561490;19/08/2026;1;358088;19/08/2026;GOLDEN MOTORS VEICULOS LTDA;3,62E+12;DOURADOS;MS;19/08/2026;27/08/2026;22/08/2026;Entregue No Prazo;;Entrega realizada;Entrega Finalizada;27;8;19;8;CARVALIMA;12001;Aniversário do Município;Americana;SP
MOBIS BRASIL FABRICACAO DE AUTO PECAS LT;RODOVIARIO;1556804;11/08/2026;6;356828;11/08/2026;FAZZA MOTORS COM. DE VEICULOS LTDA;1,24E+13;FORTALEZA;CE;11/08/2026;25/08/2026;24/08/2026;Entregue No Prazo;;Entrega realizada;Entrega Finalizada;25;8;11;8;TERMACO;6001;;;
MOBIS BRASIL FABRICACAO DE AUTO PECAS LT;RODOVIARIO;1556831;11/08/2026;5;356845;11/08/2026;PATEO COMERCIO DE VEICULOS S A;7,78E+12;JOAO PESSOA;PB;11/08/2026;26/08/2026;24/08/2026;Entregue No Prazo;;Entrega realizada;Entrega Finalizada;26;8;11;8;TERMACO;15003;;;
MOBIS BRASIL FABRICACAO DE AUTO PECAS LT;RODOVIARIO;1556835;11/08/2026;1;356816;11/08/2026;AUTORAC VEICULOS LTDA;1,06E+13;PETROLINA;PE;11/08/2026;27/08/2026;24/08/2026;Entregue No Prazo;;Entrega realizada;Entrega Finalizada;27;8;11;8;TERMACO;16001;Aniversário do Município;Americana;SP
MOBIS BRASIL FABRICACAO DE AUTO PECAS LT;RODOVIARIO;1556836;11/08/2026;1;356833;11/08/2026;GREEN CITY VEICULOS LTDA;2,10E+13;TERESINA;PI;11/08/2026;27/08/2026;24/08/2026;Entregue No Prazo;;Entrega realizada;Entrega Finalizada;27;8;11;8;TERMACO;17002;Aniversário do Município;Americana;SP
MOBIS BRASIL FABRICACAO DE AUTO PECAS LT;RODOVIARIO;1556837;11/08/2026;3;356833;11/08/2026;GREEN CITY VEICULOS LTDA;2,10E+13;TERESINA;PI;11/08/2026;27/08/2026;24/08/2026;Entregue No Prazo;;Entrega realizada;Entrega Finalizada;27;8;11;8;TERMACO;17002;Aniversário do Município;Americana;SP
MOBIS BRASIL FABRICACAO DE AUTO PECAS LT;RODOVIARIO;1556839;11/08/2026;5;356832;11/08/2026;GREEN CITY VEICULOS LTDA;2,10E+13;TERESINA;PI;11/08/2026;27/08/2026;24/08/2026;Entregue No Prazo;;Entrega realizada;Entrega Finalizada;27;8;11;8;TERMACO;17002;Aniversário do Município;Americana;SP
MOBIS BRASIL FABRICACAO DE AUTO PECAS LT;RODOVIARIO;1556860;11/08/2026;21;356840;11/08/2026;ORIENTE AUTOMOVEIS LTDA;1,33E+13;PARNAMIRIM;RN;11/08/2026;27/08/2026;24/08/2026;Entregue No Prazo;;Entrega realizada;Entrega Finalizada;27;8;11;8;TERMACO;20001;Aniversário do Município;Americana;SP
MOBIS BRASIL FABRICACAO DE AUTO PECAS LT;RODOVIARIO;1557774;12/08/2026;3;356954;12/08/2026;PRIVILLEGE DISTRIBUIDORA DE VEICULOS LTD;1,72E+13;PALMAS;TO;12/08/2026;21/08/2026;24/08/2026;Entregue Fora do Prazo;;Entrega realizada;Entrega Finalizada;21;8;12;8;RIO VERMELHO;27003;;;
MOBIS BRASIL FABRICACAO DE AUTO PECAS LT;RODOVIARIO;1557707;12/08/2026;4;357078;12/08/2026;PATEO COMERCIO DE VEICULOS LTDA;7,78E+12;JOAO PESSOA;PB;12/08/2026;27/08/2026;24/08/2026;Entregue No Prazo;;Entrega realizada;Entrega Finalizada;27;8;12;8;TERMACO;15003;Aniversário do Município;Americana;SP
MOBIS BRASIL FABRICACAO DE AUTO PECAS LT;RODOVIARIO;1557708;12/08/2026;7;357082;12/08/2026;PATEO COMERCIO DE VEICULOS LTDA;7,78E+12;JOAO PESSOA;PB;12/08/2026;27/08/2026;24/08/2026;Entregue No Prazo;;Entrega realizada;Entrega Finalizada;27;8;12;8;TERMACO;15003;Aniversário do Município;Americana;SP
MOBIS BRASIL FABRICACAO DE AUTO PECAS LT;RODOVIARIO;1557709;12/08/2026;2;357070;12/08/2026;JPN PATOS COMERCIO DE VEICULOS LTDA;4,20E+13;PATOS;PB;12/08/2026;28/08/2026;24/08/2026;Entregue No Prazo;;Entrega realizada;Entrega Finalizada;28;8;12;8;TERMACO;15004;;;
MOBIS BRASIL FABRICACAO DE AUTO PECAS LT;RODOVIARIO;1557727;12/08/2026;9;357076;12/08/2026;ORIENTE AUTOMOVEIS LTDA;1,33E+13;PARNAMIRIM;RN;12/08/2026;28/08/2026;24/08/2026;Entregue No Prazo;;Entrega realizada;Entrega Finalizada;28;8;12;8;TERMACO;20001;;;
MOBIS BRASIL FABRICACAO DE AUTO PECAS LT;RODOVIARIO;1557728;12/08/2026;2;357076;12/08/2026;ORIENTE AUTOMOVEIS LTDA;1,33E+13;PARNAMIRIM;RN;12/08/2026;28/08/2026;24/08/2026;Entregue No Prazo;;Entrega realizada;Entrega Finalizada;28;8;12;8;TERMACO;20001;;;
MOBIS BRASIL FABRICACAO DE AUTO PECAS LT;RODOVIARIO;1558988;13/08/2026;1;357233;13/08/2026;URCA MOTORS VEICULOS LTDA;8,77E+12;ITUMBIARA;GO;13/08/2026;25/08/2026;24/08/2026;Entregue No Prazo;;Entrega realizada;Entrega Finalizada;25;8;13;8;RIO VERMELHO;9014;;;
MOBIS BRASIL FABRICACAO DE AUTO PECAS LT;RODOVIARIO;1559000;13/08/2026;1;357389;13/08/2026;UNIQUE COMERCIO DE AUTOMOVEIS LTDA;1,74E+13;ANANINDEUA;PA;13/08/2026;26/08/2026;24/08/2026;Entregue No Prazo;;Entrega realizada;Entrega Finalizada;26;8;13;8;CARVALIMA;14003;;;
MOBIS BRASIL FABRICACAO DE AUTO PECAS LT;RODOVIARIO;1558979;13/08/2026;3;357367;13/08/2026;GREEN CITY VEICULOS LTDA;2,10E+13;TERESINA;PI;13/08/2026;31/08/2026;24/08/2026;Entregue No Prazo;;Entrega realizada;Entrega Finalizada;31;8;13;8;TERMACO;17002;;;
MOBIS BRASIL FABRICACAO DE AUTO PECAS LT;RODOVIARIO;1558980;13/08/2026;4;357367;13/08/2026;GREEN CITY VEICULOS LTDA;2,10E+13;TERESINA;PI;13/08/2026;31/08/2026;24/08/2026;Entregue No Prazo;;Entrega realizada;Entrega Finalizada;31;8;13;8;TERMACO;17002;;;
MOBIS BRASIL FABRICACAO DE AUTO PECAS LT;RODOVIARIO;1559003;13/08/2026;5;357372;13/08/2026;JPN PATOS COMERCIO DE VEICULOS LTDA;4,20E+13;PATOS;PB;13/08/2026;31/08/2026;24/08/2026;Entregue No Prazo;;Entrega realizada;Entrega Finalizada;31;8;13;8;TERMACO;15004;;;
MOBIS BRASIL FABRICACAO DE AUTO PECAS LT;RODOVIARIO;1559006;13/08/2026;2;357359;13/08/2026;AUTORAC VEICULOS LTDA;1,06E+13;PETROLINA;PE;13/08/2026;31/08/2026;24/08/2026;Entregue No Prazo;;Entrega realizada;Entrega Finalizada;31;8;13;8;TERMACO;16001;;;
MOBIS BRASIL FABRICACAO DE AUTO PECAS LT;RODOVIARIO;1559007;13/08/2026;1;357360;13/08/2026;AUTORAC VEICULOS LTDA;1,06E+13;PETROLINA;PE;13/08/2026;31/08/2026;24/08/2026;Entregue No Prazo;;Entrega realizada;Entrega Finalizada;31;8;13;8;TERMACO;16001;;;
MOBIS BRASIL FABRICACAO DE AUTO PECAS LT;RODOVIARIO;1559008;13/08/2026;1;357368;13/08/2026;GREEN CITY VEICULOS LTDA;2,10E+13;TERESINA;PI;13/08/2026;31/08/2026;24/08/2026;Entregue No Prazo;;Entrega realizada;Entrega Finalizada;31;8;13;8;TERMACO;17002;;;
MOBIS BRASIL FABRICACAO DE AUTO PECAS LT;RODOVIARIO;1559648;14/08/2026;1;357443;14/08/2026;TECAR TRILHAS AUTOMOVEIS E SERVICOS LTDA;2,32E+13;DIVINOPOLIS;MG;14/08/2026;21/08/2026;24/08/2026;Entregue Fora do Prazo;;Entrega realizada;Entrega Finalizada;21;8;14;8;XD BETIM;11039;;;
MOBIS BRASIL FABRICACAO DE AUTO PECAS LT;RODOVIARIO;1559192;14/08/2026;1;357487;14/08/2026;UNIQUE COMERCIO DE AUTOMOVEIS LTDA;1,74E+13;ANANINDEUA;PA;14/08/2026;27/08/2026;24/08/2026;Entregue No Prazo;;Entrega realizada;Entrega Finalizada;27;8;14;8;CARVALIMA;14003;Aniversário do Município;Americana;SP
MOBIS BRASIL FABRICACAO DE AUTO PECAS LT;RODOVIARIO;1559212;14/08/2026;1;357485;14/08/2026;SAINT LAND COMERCIO DE VEICULOS LTDA;1,04E+13;NATAL;RN;14/08/2026;31/08/2026;24/08/2026;Entregue No Prazo;;Entrega realizada;Entrega Finalizada;31;8;14;8;TERMACO;6010;;;
MOBIS BRASIL FABRICACAO DE AUTO PECAS LT;RODOVIARIO;1559211;14/08/2026;14;357478;14/08/2026;ORIENTE AUTOMOVEIS LTDA;1,33E+13;PARNAMIRIM;RN;14/08/2026;01/09/2026;24/08/2026;Entregue No Prazo;;Entrega realizada;Entrega Finalizada;1;9;14;8;TERMACO;20001;;;
MOBIS BRASIL FABRICACAO DE AUTO PECAS LT;RODOVIARIO;1559873;17/08/2026;1;357702;17/08/2026;CARWAY SUL VEICULOS LTDA;1,03E+13;CANOAS;RS;17/08/2026;21/08/2026;24/08/2026;Entregue Fora do Prazo;;Entrega realizada;Entrega Finalizada;21;8;17;8;TRANSTRY;23003;;;
MOBIS BRASIL FABRICACAO DE AUTO PECAS LT;RODOVIARIO;1560352;17/08/2026;1;357665;17/08/2026;TECAR TRILHAS AUTOMOVEIS E SERVICOS LTDA;2,32E+13;DIVINOPOLIS;MG;17/08/2026;24/08/2026;24/08/2026;Entregue No Prazo;;Entrega realizada;Entrega Finalizada;24;8;17;8;XD BETIM;11039;;;
MOBIS BRASIL FABRICACAO DE AUTO PECAS LT;RODOVIARIO;1559851;17/08/2026;2;357688;17/08/2026;SAGA ASIA COM. DE VEIC.PC.E SERV. LTDA;2,23E+13;VARZEA GRANDE;MT;17/08/2026;26/08/2026;24/08/2026;Entregue No Prazo;;Entrega realizada;Entrega Finalizada;26;8;17;8;CARVALIMA;13004;;;
MOBIS BRASIL FABRICACAO DE AUTO PECAS LT;RODOVIARIO;1559852;17/08/2026;2;357671;17/08/2026;COMETA MATO GROSSO COM. DE VEICULOS LTDA;1,54E+13;TANGARA DA SERRA;MT;17/08/2026;26/08/2026;24/08/2026;Entregue No Prazo;;Entrega realizada;Entrega Finalizada;26;8;17;8;CARVALIMA;13007;;;
MOBIS BRASIL FABRICACAO DE AUTO PECAS LT;RODOVIARIO;1560649;18/08/2026;16;357790;18/08/2026;TAI MOTORS VEICULOS S/A;9,27E+12;BELO HORIZONTE;MG;18/08/2026;21/08/2026;24/08/2026;Entregue Fora do Prazo;;Entrega realizada;Entrega Finalizada;21;8;18;8;XD BETIM;8002;;;
MOBIS BRASIL FABRICACAO DE AUTO PECAS LT;RODOVIARIO;1560671;18/08/2026;1;357859;18/08/2026;LOVAT VEICULOS S/A;8,57E+12;MARINGA;PR;18/08/2026;24/08/2026;24/08/2026;Entregue No Prazo;;Entrega realizada;Entrega Finalizada;24;8;18;8;TRANSTRY;18008;;;
MOBIS BRASIL FABRICACAO DE AUTO PECAS LT;RODOVIARIO;1560678;18/08/2026;1;357864;18/08/2026;VETOR AUTOMOVEIS LTDA;2,12E+13;UMUARAMA;PR;18/08/2026;24/08/2026;24/08/2026;Entregue No Prazo;;Entrega realizada;Entrega Finalizada;24;8;18;8;TRANSTRY;18019;;;
MOBIS BRASIL FABRICACAO DE AUTO PECAS LT;RODOVIARIO;1560686;18/08/2026;4;357800;18/08/2026;CAOA MOTOR DO BRASIL LTDA;1,68E+13;NITEROI;RJ;18/08/2026;24/08/2026;24/08/2026;Entregue No Prazo;;Entrega realizada;Entrega Finalizada;24;8;18;8;CAMILO;5008;;;
MOBIS BRASIL FABRICACAO DE AUTO PECAS LT;RODOVIARIO;1560697;18/08/2026;1;357853;18/08/2026;CARWAY SUL VEICULOS LTDA;1,03E+13;PORTO ALEGRE;RS;18/08/2026;24/08/2026;24/08/2026;Entregue No Prazo;;Entrega realizada;Entrega Finalizada;24;8;18;8;TRANSTRY;23003;;;
MOBIS BRASIL FABRICACAO DE AUTO PECAS LT;RODOVIARIO;1560699;18/08/2026;56;357854;18/08/2026;CARWAY SUL VEICULOS LTDA;1,03E+13;CANOAS;RS;18/08/2026;24/08/2026;24/08/2026;Entregue No Prazo;;Entrega realizada;Entrega Finalizada;24;8;18;8;TRANSTRY;23003;;;
MOBIS BRASIL FABRICACAO DE AUTO PECAS LT;RODOVIARIO;1560656;18/08/2026;1;357786;18/08/2026;RITMO MOTORS LTDA;1,94E+13;PASSOS;MG;18/08/2026;25/08/2026;24/08/2026;Entregue No Prazo;;Entrega realizada;Entrega Finalizada;25;8;18;8;XD BETIM;11040;;;
MOBIS BRASIL FABRICACAO DE AUTO PECAS LT;RODOVIARIO;1560682;18/08/2026;1;357834;18/08/2026;VIA VR VEICULOS LTDA;1,73E+13;VOLTA REDONDA;RJ;18/08/2026;25/08/2026;24/08/2026;Entregue No Prazo;;Entrega realizada;Entrega Finalizada;25;8;18;8;CAMILO;19016;;;
MOBIS BRASIL FABRICACAO DE AUTO PECAS LT;RODOVIARIO;1560639;18/08/2026;1;357819;18/08/2026;PRIME CACHOEIRO VEICULOS LTDA;9,34E+12;CACHOEIRO DE ITAPEMIRIM;ES;18/08/2026;26/08/2026;24/08/2026;Entregue No Prazo;;Entrega realizada;Entrega Finalizada;26;8;18;8;CAMILO;8004;;;
MOBIS BRASIL FABRICACAO DE AUTO PECAS LT;RODOVIARIO;1560641;18/08/2026;3;357781;18/08/2026;NISA COMERCIAL DE VEIC. AUTOMOTORES LTDA;1,03E+13;APARECIDA DE GOIANIA;GO;18/08/2026;26/08/2026;24/08/2026;Entregue No Prazo;;Entrega realizada;Entrega Finalizada;26;8;18;8;RIO VERMELHO;9002;;;
MOBIS BRASIL FABRICACAO DE AUTO PECAS LT;RODOVIARIO;1560642;18/08/2026;3;357788;18/08/2026;SAGA KOREA COM. DE VEIC. E PC. LTDA;1,27E+13;GOIANIA;GO;18/08/2026;26/08/2026;24/08/2026;Entregue No Prazo;;Entrega realizada;Entrega Finalizada;26;8;18;8;RIO VERMELHO;9011;;;
MOBIS BRASIL FABRICACAO DE AUTO PECAS LT;RODOVIARIO;1560643;18/08/2026;1;357782;18/08/2026;NISA COMERCIAL DE VEIC. AUTOMOTORES LTDA;1,03E+13;GOIANIA;GO;18/08/2026;26/08/2026;24/08/2026;Entregue No Prazo;;Entrega realizada;Entrega Finalizada;26;8;18;8;RIO VERMELHO;9013;;;
MOBIS BRASIL FABRICACAO DE AUTO PECAS LT;RODOVIARIO;1560700;18/08/2026;9;357855;18/08/2026;CHINHAN AUTOMOVEIS LTDA;2,41E+13;ERECHIM;RS;18/08/2026;26/08/2026;24/08/2026;Entregue No Prazo;;Entrega realizada;Entrega Finalizada;26;8;18;8;TRANSTRY;23019;;;
MOBIS BRASIL FABRICACAO DE AUTO PECAS LT;RODOVIARIO;1560661;18/08/2026;2;357820;18/08/2026;SAGA ASIA COM. DE VEIC.PC.E SERV. LTDA;2,23E+13;VARZEA GRANDE;MT;18/08/2026;27/08/2026;24/08/2026;Entregue No Prazo;;Entrega realizada;Entrega Finalizada;27;8;18;8;CARVALIMA;13004;Aniversário do Município;Americana;SP
MOBIS BRASIL FABRICACAO DE AUTO PECAS LT;RODOVIARIO;1560660;18/08/2026;2;357804;18/08/2026;COMETA MATO GROSSO COM. DE VEICULOS LTDA;1,54E+13;SINOP;MT;18/08/2026;28/08/2026;24/08/2026;Entregue No Prazo;;Entrega realizada;Entrega Finalizada;28;8;18;8;CARVALIMA;13003;;;
MOBIS BRASIL FABRICACAO DE AUTO PECAS LT;RODOVIARIO;1560695;18/08/2026;4;357821;18/08/2026;SAGA ASIA COM. DE VEIC.PC.E SERV. LTDA;2,14E+13;PORTO VELHO;RO;18/08/2026;28/08/2026;24/08/2026;Entregue No Prazo;Avaria;Entrega realizada;Entrega Finalizada;28;8;18;8;CARVALIMA;21003;;;
MOBIS BRASIL FABRICACAO DE AUTO PECAS LT;RODOVIARIO;1560696;18/08/2026;1;357821;18/08/2026;SAGA ASIA COM. DE VEIC.PC.E SERV. LTDA;2,14E+13;PORTO VELHO;RO;18/08/2026;28/08/2026;24/08/2026;Entregue No Prazo;;Entrega realizada;Entrega Finalizada;28;8;18;8;CARVALIMA;21003;;;
MOBIS BRASIL FABRICACAO DE AUTO PECAS LT;RODOVIARIO;1561487;19/08/2026;12;358052;19/08/2026;TAI MOTORS VEICULOS S/A;9,27E+12;BELO HORIZONTE;MG;19/08/2026;24/08/2026;24/08/2026;Entregue No Prazo;;Entrega realizada;Entrega Finalizada;24;8;19;8;XD BETIM;8002;;;
MOBIS BRASIL FABRICACAO DE AUTO PECAS LT;RODOVIARIO;1561534;19/08/2026;1;358185;19/08/2026;MOTONET COMERCIO DE VEICULOS LTDA;9,28E+12;SOROCABA;SP;19/08/2026;24/08/2026;24/08/2026;Entregue No Prazo;;Entrega realizada;Entrega Finalizada;24;8;19;8;MVT;26113;;;
MOBIS BRASIL FABRICACAO DE AUTO PECAS LT;RODOVIARIO;1561538;19/08/2026;1;358178;19/08/2026;ANDRETA II DISTRIBUIDORA DE VEIC. LTDA;9,10E+12;JUNDIAI;SP;19/08/2026;24/08/2026;24/08/2026;Entregue No Prazo;;Entrega realizada;Entrega Finalizada;24;8;19;8;MVT;26011;;;
MOBIS BRASIL FABRICACAO DE AUTO PECAS LT;RODOVIARIO;1561504;19/08/2026;8;358071;19/08/2026;LOVAT VEICULOS S/A;8,57E+12;MARINGA;PR;19/08/2026;25/08/2026;24/08/2026;Entregue No Prazo;;Entrega realizada;Entrega Finalizada;25;8;19;8;TRANSTRY;18008;;;
MOBIS BRASIL FABRICACAO DE AUTO PECAS LT;RODOVIARIO;1561510;19/08/2026;5;358091;19/08/2026;ITAVEMA MOTORS VEICULOS LTDA;7,73E+12;DUQUE DE CAXIAS;RJ;19/08/2026;25/08/2026;24/08/2026;Entregue No Prazo;;Entrega realizada;Entrega Finalizada;25;8;19;8;CAMILO;19001;;;
MOBIS BRASIL FABRICACAO DE AUTO PECAS LT;RODOVIARIO;1561516;19/08/2026;11;358070;19/08/2026;HOUSE PARTS - COM. DE PECAS E VEIC. LTDA;1,15E+13;PORTO ALEGRE;RS;19/08/2026;25/08/2026;24/08/2026;Entregue No Prazo;;Entrega realizada;Entrega Finalizada;25;8;19;8;TRANSTRY;23004;;;
MOBIS BRASIL FABRICACAO DE AUTO PECAS LT;RODOVIARIO;1561517;19/08/2026;5;358066;19/08/2026;CARWAY SUL VEICULOS LTDA;1,03E+13;CANOAS;RS;19/08/2026;25/08/2026;24/08/2026;Entregue No Prazo;;Entrega realizada;Entrega Finalizada;25;8;19;8;TRANSTRY;23003;;;
MOBIS BRASIL FABRICACAO DE AUTO PECAS LT;RODOVIARIO;1561531;19/08/2026;1;358184;19/08/2026;HYMAX DISTRIBUIDORA DE VEICULOS LTDA;1,73E+13;MOGI GUACU;SP;19/08/2026;25/08/2026;24/08/2026;Entregue No Prazo;;Entrega realizada;Entrega Finalizada;25;8;19;8;MVT;26002;;;
MOBIS BRASIL FABRICACAO DE AUTO PECAS LT;RODOVIARIO;1561542;19/08/2026;2;358179;19/08/2026;GOLDEN MOTORS VEICULOS LTDA;3,62E+12;ARACATUBA;SP;19/08/2026;25/08/2026;24/08/2026;Entregue No Prazo;;Entrega realizada;Entrega Finalizada;25;8;19;8;MVT;12001;;;
MOBIS BRASIL FABRICACAO DE AUTO PECAS LT;RODOVIARIO;1561543;19/08/2026;2;358180;19/08/2026;GOLDEN MOTORS VEICULOS LTDA;3,62E+12;PRESIDENTE PRUDENTE;SP;19/08/2026;25/08/2026;24/08/2026;Entregue No Prazo;;Entrega realizada;Entrega Finalizada;25;8;19;8;MVT;12001;;;
MOBIS BRASIL FABRICACAO DE AUTO PECAS LT;RODOVIARIO;1561549;19/08/2026;2;358182;19/08/2026;H - CAMINHO AUTOMOVEIS LTDA;2,53E+13;CATANDUVA;SP;19/08/2026;25/08/2026;24/08/2026;Entregue No Prazo;;Entrega realizada;Entrega Finalizada;25;8;19;8;MVT;26092;;;
MOBIS BRASIL FABRICACAO DE AUTO PECAS LT;RODOVIARIO;1561518;19/08/2026;4;358069;19/08/2026;GALA COMERCIO DE VEICULOS LTDA.;1,77E+13;PELOTAS;RS;19/08/2026;26/08/2026;24/08/2026;Entregue No Prazo;;Entrega realizada;Entrega Finalizada;26;8;19;8;TRANSTRY;23009;;;
MOBIS BRASIL FABRICACAO DE AUTO PECAS LT;RODOVIARIO;1561522;19/08/2026;13;358073;19/08/2026;LR COMERCIO DE VEICULOS LTDA;1,05E+13;SAO JOSE;SC;19/08/2026;26/08/2026;24/08/2026;Entregue No Prazo;;Entrega realizada;Entrega Finalizada;26;8;19;8;TRANSTRY;24007;;;
MOBIS BRASIL FABRICACAO DE AUTO PECAS LT;RODOVIARIO;1561528;19/08/2026;2;358074;19/08/2026;LR COMERCIO DE VEICULOS LTDA;1,05E+13;RIO DO SUL;SC;19/08/2026;26/08/2026;24/08/2026;Entregue No Prazo;;Entrega realizada;Entrega Finalizada;26;8;19;8;TRANSTRY;24007;;;
MOBIS BRASIL FABRICACAO DE AUTO PECAS LT;RODOVIARIO;1562010;19/08/2026;1;358053;19/08/2026;TECAR TRILHAS AUTOMOVEIS E SERVICOS LTDA;2,32E+13;DIVINOPOLIS;MG;19/08/2026;26/08/2026;24/08/2026;Entregue No Prazo;;Entrega realizada;Entrega Finalizada;26;8;19;8;XD BETIM;11039;;;
MOBIS BRASIL FABRICACAO DE AUTO PECAS LT;RODOVIARIO;1561519;19/08/2026;4;358067;19/08/2026;CHINHAN AUTOMOVEIS LTDA;2,41E+13;ERECHIM;RS;19/08/2026;27/08/2026;24/08/2026;Entregue No Prazo;;Entrega realizada;Entrega Finalizada;27;8;19;8;TRANSTRY;23019;Aniversário do Município;Americana;SP
MOBIS BRASIL FABRICACAO DE AUTO PECAS LT;RODOVIARIO;1561520;19/08/2026;1;358075;19/08/2026;NAZARETH VEICULOS LTDA;9,30E+12;IJUI;RS;19/08/2026;27/08/2026;24/08/2026;Entregue No Prazo;;Entrega realizada;Entrega Finalizada;27;8;19;8;TRANSTRY;23021;Aniversário do Município;Americana;SP
MOBIS BRASIL FABRICACAO DE AUTO PECAS LT;RODOVIARIO;1562247;20/08/2026;1;358292;20/08/2026;ANDRETA II DISTRIBUIDORA DE VEIC. LTDA;9,10E+12;AMERICANA;SP;20/08/2026;25/08/2026;24/08/2026;Entregue No Prazo;;Entrega realizada;Entrega Finalizada;25;8;20;8;MVT;26011;;;
MOBIS BRASIL FABRICACAO DE AUTO PECAS LT;RODOVIARIO;1562257;20/08/2026;1;358296;20/08/2026;H - CAMINHO AUTOMOVEIS LTDA;2,53E+13;LIMEIRA;SP;20/08/2026;25/08/2026;24/08/2026;Entregue No Prazo;;Entrega realizada;Entrega Finalizada;25;8;20;8;MVT;26092;;;
MOBIS BRASIL FABRICACAO DE AUTO PECAS LT;RODOVIARIO;1562201;20/08/2026;18;358362;20/08/2026;LOVAT VEICULOS S/A;8,57E+12;LONDRINA;PR;20/08/2026;26/08/2026;24/08/2026;Entregue No Prazo;;Entrega realizada;Entrega Finalizada;26;8;20;8;TRANSTRY;18008;;;
MOBIS BRASIL FABRICACAO DE AUTO PECAS LT;RODOVIARIO;1562205;20/08/2026;1;358353;20/08/2026;BARI VEICULOS LTDA;7,46E+12;GUARAPUAVA;PR;20/08/2026;26/08/2026;24/08/2026;Entregue No Prazo;;Entrega realizada;Entrega Finalizada;26;8;20;8;TRANSTRY;18024;;;
MOBIS BRASIL FABRICACAO DE AUTO PECAS LT;RODOVIARIO;1562206;20/08/2026;1;358355;20/08/2026;BARI VEICULOS LTDA;7,46E+12;PONTA GROSSA;PR;20/08/2026;26/08/2026;24/08/2026;Entregue No Prazo;;Entrega realizada;Entrega Finalizada;26;8;20;8;TRANSTRY;18024;;;
MOBIS BRASIL FABRICACAO DE AUTO PECAS LT;RODOVIARIO;1562207;20/08/2026;10;358355;20/08/2026;BARI VEICULOS LTDA;7,46E+12;PONTA GROSSA;PR;20/08/2026;26/08/2026;24/08/2026;Entregue No Prazo;;Entrega realizada;Entrega Finalizada;26;8;20;8;TRANSTRY;18024;;;
MOBIS BRASIL FABRICACAO DE AUTO PECAS LT;RODOVIARIO;1562209;20/08/2026;2;358333;20/08/2026;ITAVEMA MOTORS VEICULOS LTDA;7,73E+12;DUQUE DE CAXIAS;RJ;20/08/2026;26/08/2026;24/08/2026;Entregue No Prazo;;Entrega realizada;Entrega Finalizada;26;8;20;8;CAMILO;19001;;;
MOBIS BRASIL FABRICACAO DE AUTO PECAS LT;RODOVIARIO;1562210;20/08/2026;6;358324;20/08/2026;AMX COM. E SERVICOS DE AUTOMOTORES LTDA;1,20E+13;RIO DE JANEIRO;RJ;20/08/2026;26/08/2026;24/08/2026;Entregue No Prazo;;Entrega realizada;Entrega Finalizada;26;8;20;8;CAMILO;19009;;;
MOBIS BRASIL FABRICACAO DE AUTO PECAS LT;RODOVIARIO;1562212;20/08/2026;10;358332;20/08/2026;ITAVEMA MOTORS VEICULOS LTDA;7,73E+12;RIO DE JANEIRO;RJ;20/08/2026;26/08/2026;24/08/2026;Entregue No Prazo;;Entrega realizada;Entrega Finalizada;26;8;20;8;CAMILO;19001;;;
MOBIS BRASIL FABRICACAO DE AUTO PECAS LT;RODOVIARIO;1562214;20/08/2026;1;358327;20/08/2026;CAOA MOTOR DO BRASIL LTDA;1,68E+13;RIO DE JANEIRO;RJ;20/08/2026;26/08/2026;24/08/2026;Entregue No Prazo;;Entrega realizada;Entrega Finalizada;26;8;20;8;CAMILO;5008;;;
MOBIS BRASIL FABRICACAO DE AUTO PECAS LT;RODOVIARIO;1562215;20/08/2026;1;358329;20/08/2026;CAOA MOTOR DO BRASIL LTDA;1,68E+13;RIO DE JANEIRO;RJ;20/08/2026;26/08/2026;24/08/2026;Entregue No Prazo;;Entrega realizada;Entrega Finalizada;26;8;20;8;CAMILO;5008;;;
MOBIS BRASIL FABRICACAO DE AUTO PECAS LT;RODOVIARIO;1562216;20/08/2026;2;358328;20/08/2026;CAOA MOTOR DO BRASIL LTDA;1,68E+13;RIO DE JANEIRO;RJ;20/08/2026;26/08/2026;24/08/2026;Entregue No Prazo;;Entrega realizada;Entrega Finalizada;26;8;20;8;CAMILO;5008;;;
MOBIS BRASIL FABRICACAO DE AUTO PECAS LT;RODOVIARIO;1562231;20/08/2026;1;358356;20/08/2026;BARI VEICULOS LTDA.;7,46E+12;ITAJAI;SC;20/08/2026;26/08/2026;24/08/2026;Entregue No Prazo;;Entrega realizada;Entrega Finalizada;26;8;20;8;TRANSTRY;24014;;;
MOBIS BRASIL FABRICACAO DE AUTO PECAS LT;RODOVIARIO;1562236;20/08/2026;5;358298;20/08/2026;HYMAX DISTRIBUIDORA DE VEICULOS LTDA;1,73E+13;MOGI GUACU;SP;20/08/2026;26/08/2026;24/08/2026;Entregue No Prazo;;Entrega realizada;Entrega Finalizada;26;8;20;8;MVT;26002;;;
MOBIS BRASIL FABRICACAO DE AUTO PECAS LT;RODOVIARIO;1562237;20/08/2026;1;358298;20/08/2026;HYMAX DISTRIBUIDORA DE VEICULOS LTDA;1,73E+13;MOGI GUACU;SP;20/08/2026;26/08/2026;24/08/2026;Entregue No Prazo;;Entrega realizada;Entrega Finalizada;26;8;20;8;MVT;26002;;;
MOBIS BRASIL FABRICACAO DE AUTO PECAS LT;RODOVIARIO;1562203;20/08/2026;3;358366;20/08/2026;SANTA FE VEICULOS LTDA.;1,16E+13;FRANCISCO BELTRAO;PR;20/08/2026;27/08/2026;24/08/2026;Entregue No Prazo;;Entrega realizada;Entrega Finalizada;27;8;20;8;TRANSTRY;18010;Aniversário do Município;Americana;SP
MOBIS BRASIL FABRICACAO DE AUTO PECAS LT;RODOVIARIO;1562211;20/08/2026;5;358347;20/08/2026;VIA VR VEICULOS LTDA;1,73E+13;VOLTA REDONDA;RJ;20/08/2026;27/08/2026;24/08/2026;Entregue No Prazo;;Entrega realizada;Entrega Finalizada;27;8;20;8;CAMILO;19016;Aniversário do Município;Americana;SP
MOBIS BRASIL FABRICACAO DE AUTO PECAS LT;RODOVIARIO;1562213;20/08/2026;2;358348;20/08/2026;VIA VR VEICULOS LTDA;1,73E+13;PETROPOLIS;RJ;20/08/2026;27/08/2026;24/08/2026;Entregue No Prazo;;Entrega realizada;Entrega Finalizada;27;8;20;8;CAMILO;19016;Aniversário do Município;Americana;SP
MOBIS BRASIL FABRICACAO DE AUTO PECAS LT;RODOVIARIO;1562234;20/08/2026;3;358364;20/08/2026;LR COMERCIO DE VEICULOS LTDA;1,05E+13;RIO DO SUL;SC;20/08/2026;27/08/2026;24/08/2026;Entregue No Prazo;;Entrega realizada;Entrega Finalizada;27;8;20;8;TRANSTRY;24007;Aniversário do Município;Americana;SP
MOBIS BRASIL FABRICACAO DE AUTO PECAS LT;RODOVIARIO;1562970;21/08/2026;1;358485;21/08/2026;BILLY DISTRIBUIDORA DE VEICULOS LTDA;1,34E+13;BARUERI;SP;21/08/2026;25/08/2026;24/08/2026;Entregue No Prazo;;Entrega realizada;Entrega Finalizada;25;8;21;8;XD DIADEMA;26003;;;
MOBIS BRASIL FABRICACAO DE AUTO PECAS LT;RODOVIARIO;1562971;21/08/2026;1;358492;21/08/2026;GRAND SPORT COM. DE VEIC. E PECAS LTDA;8,58E+12;GUARULHOS;SP;21/08/2026;25/08/2026;24/08/2026;Entregue No Prazo;;Entrega realizada;Entrega Finalizada;25;8;21;8;XD DIADEMA;26005;;;
MOBIS BRASIL FABRICACAO DE AUTO PECAS LT;RODOVIARIO;1562972;21/08/2026;1;358492;21/08/2026;GRAND SPORT COM. DE VEIC. E PECAS LTDA;8,58E+12;GUARULHOS;SP;21/08/2026;25/08/2026;24/08/2026;Entregue No Prazo;;Entrega realizada;Entrega Finalizada;25;8;21;8;XD DIADEMA;26005;;;
MOBIS BRASIL FABRICACAO DE AUTO PECAS LT;RODOVIARIO;1562976;21/08/2026;5;358491;21/08/2026;GRAND SPORT COM. DE VEIC. E PECAS LTDA;8,58E+12;SAO PAULO;SP;21/08/2026;25/08/2026;24/08/2026;Entregue No Prazo;;Entrega realizada;Entrega Finalizada;25;8;21;8;XD DIADEMA;26034;;;
MOBIS BRASIL FABRICACAO DE AUTO PECAS LT;RODOVIARIO;1562978;21/08/2026;6;358484;21/08/2026;BILLY DISTRIBUIDORA DE VEICULOS LTDA;1,34E+13;SAO CAETANO DO SUL;SP;21/08/2026;25/08/2026;24/08/2026;Entregue No Prazo;;Entrega realizada;Entrega Finalizada;25;8;21;8;XD DIADEMA;26003;;;
MOBIS BRASIL FABRICACAO DE AUTO PECAS LT;RODOVIARIO;1562981;21/08/2026;2;358488;21/08/2026;CAOA MOTOR DO BRASIL LTDA (IPIRANGA);1,68E+13;SAO PAULO;SP;21/08/2026;25/08/2026;24/08/2026;Entregue No Prazo;;Entrega realizada;Entrega Finalizada;25;8;21;8;XD DIADEMA;26054;;;
MOBIS BRASIL FABRICACAO DE AUTO PECAS LT;RODOVIARIO;1562987;21/08/2026;1;358489;21/08/2026;CAOA MOTOR DO BRASIL LTDA(NACOES UNIDAS);1,68E+13;SAO PAULO;SP;21/08/2026;25/08/2026;24/08/2026;Entregue No Prazo;;Entrega realizada;Entrega Finalizada;25;8;21;8;XD DIADEMA;26087;;;
MOBIS BRASIL FABRICACAO DE AUTO PECAS LT;RODOVIARIO;1562988;21/08/2026;2;358493;21/08/2026;GRANDAY AUTOMOTORES LTDA (CHAC. CALIFOR);1,57E+13;SAO PAULO;SP;21/08/2026;25/08/2026;24/08/2026;Entregue No Prazo;;Entrega realizada;Entrega Finalizada;25;8;21;8;XD DIADEMA;26090;;;
MOBIS BRASIL FABRICACAO DE AUTO PECAS LT;RODOVIARIO;1562936;21/08/2026;3;358571;21/08/2026;SEVEC VEICULOS LTDA;5,68E+11;CURITIBA;PR;21/08/2026;26/08/2026;24/08/2026;Entregue No Prazo;;Entrega realizada;Entrega Finalizada;26;8;21;8;TRANSTRY;18012;;;
MOBIS BRASIL FABRICACAO DE AUTO PECAS LT;RODOVIARIO;1562937;21/08/2026;30;358571;21/08/2026;SEVEC VEICULOS LTDA;5,68E+11;CURITIBA;PR;21/08/2026;26/08/2026;24/08/2026;Entregue No Prazo;;Entrega realizada;Entrega Finalizada;26;8;21;8;TRANSTRY;18012;;;
MOBIS BRASIL FABRICACAO DE AUTO PECAS LT;RODOVIARIO;1562942;21/08/2026;1;358562;21/08/2026;BARI VEICULOS LTDA.;7,46E+12;CURITIBA;PR;21/08/2026;26/08/2026;24/08/2026;Entregue No Prazo;;Entrega realizada;Entrega Finalizada;26;8;21;8;TRANSTRY;18029;;;
MOBIS BRASIL FABRICACAO DE AUTO PECAS LT;RODOVIARIO;1562944;21/08/2026;4;358555;21/08/2026;BARI VEICULOS LTDA;7,46E+12;CURITIBA;PR;21/08/2026;26/08/2026;24/08/2026;Entregue No Prazo;;Entrega realizada;Entrega Finalizada;26;8;21;8;TRANSTRY;18024;;;
MOBIS BRASIL FABRICACAO DE AUTO PECAS LT;RODOVIARIO;1562986;21/08/2026;5;358487;21/08/2026;CAOA MOTOR DO BRASIL LTDA;1,68E+13;SANTOS;SP;21/08/2026;26/08/2026;24/08/2026;Entregue No Prazo;;Entrega realizada;Entrega Finalizada;26;8;21;8;XD DIADEMA;5008;;;
MOBIS BRASIL FABRICACAO DE AUTO PECAS LT;RODOVIARIO;1562991;21/08/2026;1;358480;21/08/2026;H - CAMINHO AUTOMOVEIS LTDA;2,53E+13;LIMEIRA;SP;21/08/2026;26/08/2026;24/08/2026;Entregue No Prazo;;Entrega realizada;Entrega Finalizada;26;8;21;8;MVT;26092;;;
MOBIS BRASIL FABRICACAO DE AUTO PECAS LT;RODOVIARIO;1562932;21/08/2026;33;358566;21/08/2026;LOVAT VEICULOS S/A;8,57E+12;LONDRINA;PR;21/08/2026;27/08/2026;24/08/2026;Entregue No Prazo;;Entrega realizada;Entrega Finalizada;27;8;21;8;TRANSTRY;18008;Aniversário do Município;Americana;SP
MOBIS BRASIL FABRICACAO DE AUTO PECAS LT;RODOVIARIO;1562943;21/08/2026;4;358560;21/08/2026;BARI VEICULOS LTDA;7,46E+12;SAO JOSE DOS PINHAIS;PR;21/08/2026;27/08/2026;24/08/2026;Entregue No Prazo;;Entrega realizada;Entrega Finalizada;27;8;21;8;TRANSTRY;18024;Aniversário do Município;Americana;SP
MOBIS BRASIL FABRICACAO DE AUTO PECAS LT;RODOVIARIO;1562969;21/08/2026;1;358482;21/08/2026;HYMAX DISTRIBUIDORA DE VEICULOS LTDA;1,73E+13;MOGI GUACU;SP;21/08/2026;27/08/2026;24/08/2026;Entregue No Prazo;;Entrega realizada;Entrega Finalizada;27;8;21;8;MVT;26002;Aniversário do Município;Americana;SP
MOBIS BRASIL FABRICACAO DE AUTO PECAS LT;RODOVIARIO;1562982;21/08/2026;2;358479;21/08/2026;GOLDEN MOTORS VEICULOS LTDA;3,62E+12;PRESIDENTE PRUDENTE;SP;21/08/2026;27/08/2026;24/08/2026;Entregue No Prazo;;Entrega realizada;Entrega Finalizada;27;8;21;8;MVT;12001;Aniversário do Município;Americana;SP
MOBIS BRASIL FABRICACAO DE AUTO PECAS LT;RODOVIARIO;1562974;21/08/2026;24;358795;24/08/2026;ANDRETA II DISTRIBUIDORA DE VEIC. LTDA;9,10E+12;CAMPINAS;SP;24/08/2026;27/08/2026;24/08/2026;Entregue No Prazo;;Entrega realizada;Entrega Finalizada;27;8;24;8;BV LOG;26011;Aniversário do Município;Americana;SP
MOBIS BRASIL FABRICACAO DE AUTO PECAS LT;RODOVIARIO;1562977;21/08/2026;7;358796;24/08/2026;ANDRETA II DISTRIBUIDORA DE VEIC. LTDA;9,10E+12;JUNDIAI;SP;24/08/2026;27/08/2026;24/08/2026;Entregue No Prazo;;Entrega realizada;Entrega Finalizada;27;8;24;8;BV LOG;26011;Aniversário do Município;Americana;SP
MOBIS BRASIL FABRICACAO DE AUTO PECAS LT;RODOVIARIO;1563955;24/08/2026;88;358795;24/08/2026;ANDRETA II DISTRIBUIDORA DE VEIC. LTDA;9,10E+12;CAMPINAS;SP;24/08/2026;27/08/2026;24/08/2026;Entregue No Prazo;;Entrega realizada;Entrega Finalizada;27;8;24;8;BV LOG;26011;Aniversário do Município;Americana;SP
MOBIS BRASIL FABRICACAO DE AUTO PECAS LT;RODOVIARIO;1563956;24/08/2026;25;358800;24/08/2026;MOTONET COMERCIO DE VEICULOS LTDA;9,28E+12;SOROCABA;SP;24/08/2026;27/08/2026;24/08/2026;Entregue No Prazo;;Entrega realizada;Entrega Finalizada;27;8;24;8;BV LOG;26113;Aniversário do Município;Americana;SP
MOBIS BRASIL FABRICACAO DE AUTO PECAS LT;RODOVIARIO;1563959;24/08/2026;1;358796;24/08/2026;ANDRETA II DISTRIBUIDORA DE VEIC. LTDA;9,10E+12;JUNDIAI;SP;24/08/2026;27/08/2026;24/08/2026;Entregue No Prazo;;Entrega realizada;Entrega Finalizada;27;8;24;8;BV LOG;26011;Aniversário do Município;Americana;SP
MOBIS BRASIL FABRICACAO DE AUTO PECAS LT;RODOVIARIO;1563970;24/08/2026;44;358797;24/08/2026;DESTAQUE SEUL DISTR. DE VEIC. E PC. LTDA;2,12E+13;ATIBAIA;SP;24/08/2026;27/08/2026;24/08/2026;Entregue No Prazo;;Entrega realizada;Entrega Finalizada;27;8;24;8;BV LOG;26075;Aniversário do Município;Americana;SP
MOBIS BRASIL FABRICACAO DE AUTO PECAS LT;RODOVIARIO;1562989;21/08/2026;3;358799;24/08/2026;H - CAMINHO AUTOMOVEIS LTDA;2,53E+13;PIRACICABA;SP;24/08/2026;28/08/2026;24/08/2026;Entregue No Prazo;;Entrega realizada;Entrega Finalizada;28;8;24;8;BV LOG;26092;;;
MOBIS BRASIL FABRICACAO DE AUTO PECAS LT;RODOVIARIO;1562990;21/08/2026;17;358799;24/08/2026;H - CAMINHO AUTOMOVEIS LTDA;2,53E+13;PIRACICABA;SP;24/08/2026;28/08/2026;24/08/2026;Entregue No Prazo;;Entrega realizada;Entrega Finalizada;28;8;24;8;BV LOG;26092;;;
MOBIS BRASIL FABRICACAO DE AUTO PECAS LT;RODOVIARIO;1563973;24/08/2026;2;358799;24/08/2026;H - CAMINHO AUTOMOVEIS LTDA;2,53E+13;PIRACICABA;SP;24/08/2026;28/08/2026;24/08/2026;Entregue No Prazo;;Entrega realizada;Entrega Finalizada;28;8;24;8;BV LOG;26092;;;
MOBIS BRASIL FABRICACAO DE AUTO PECAS LT;RODOVIARIO;1563974;24/08/2026;1;358799;24/08/2026;H - CAMINHO AUTOMOVEIS LTDA;2,53E+13;PIRACICABA;SP;24/08/2026;28/08/2026;24/08/2026;Entregue No Prazo;;Entrega realizada;Entrega Finalizada;28;8;24;8;BV LOG;26092;;;
MOBIS BRASIL FABRICACAO DE AUTO PECAS LT;RODOVIARIO;1553828;05/08/2026;1;355992;05/08/2026;PRIVILLEGE DISTRIBUIDORA DE VEICULOS LTD;1,72E+13;ARAGUAINA;TO;05/08/2026;19/08/2026;25/08/2026;Entregue No Prazo;;Entrega realizada;Entrega Finalizada;19;8;5;8;RIO VERMELHO;27002;;;
MOBIS BRASIL FABRICACAO DE AUTO PECAS LT;RODOVIARIO;1556908;11/08/2026;1;356770;11/08/2026;PRIVILLEGE DISTRIBUIDORA DE VEICULOS LTD;1,72E+13;ARAGUAINA;TO;11/08/2026;25/08/2026;25/08/2026;Entregue No Prazo;;Entrega realizada;Entrega Finalizada;25;8;11;8;RIO VERMELHO;27002;;;
MOBIS BRASIL FABRICACAO DE AUTO PECAS LT;RODOVIARIO;1556838;11/08/2026;3;356834;11/08/2026;GREEN CITY VEICULOS LTDA;2,10E+13;PARNAIBA;PI;11/08/2026;31/08/2026;25/08/2026;Entregue No Prazo;;Entrega realizada;Entrega Finalizada;31;8;11;8;TERMACO;17002;;;
MOBIS BRASIL FABRICACAO DE AUTO PECAS LT;RODOVIARIO;1556798;11/08/2026;1;356844;11/08/2026;PATEO COMERCIO DE VEICULOS S A;7,78E+12;MANAUS;AM;11/08/2026;04/09/2026;25/08/2026;Entregue No Prazo;;Entrega realizada;Entrega Finalizada;4;9;11;8;CARVALIMA;3002;;;
MOBIS BRASIL FABRICACAO DE AUTO PECAS LT;RODOVIARIO;1557711;12/08/2026;1;357084;12/08/2026;PATEO COMERCIO DE VEICULOS LTDA;7,78E+12;RECIFE;PE;12/08/2026;27/08/2026;25/08/2026;Entregue No Prazo;;Entrega realizada;Entrega Finalizada;27;8;12;8;TERMACO;16004;Aniversário do Município;Americana;SP
MOBIS BRASIL FABRICACAO DE AUTO PECAS LT;RODOVIARIO;1557712;12/08/2026;2;357083;12/08/2026;PATEO COMERCIO DE VEICULOS LTDA;7,78E+12;RECIFE;PE;12/08/2026;27/08/2026;25/08/2026;Entregue No Prazo;;Entrega realizada;Entrega Finalizada;27;8;12;8;TERMACO;16004;Aniversário do Município;Americana;SP
MOBIS BRASIL FABRICACAO DE AUTO PECAS LT;RODOVIARIO;1559160;14/08/2026;6;357471;14/08/2026;CYCOSA AUTOMOVEIS LTDA;4,76E+12;MACEIO;AL;14/08/2026;28/08/2026;25/08/2026;Entregue No Prazo;;Entrega realizada;Entrega Finalizada;28;8;14;8;TERMACO;2001;;;
MOBIS BRASIL FABRICACAO DE AUTO PECAS LT;RODOVIARIO;1559180;14/08/2026;3;357432;14/08/2026;NASA MOTORS LTDA.;2,65E+13;SAO LUIS DE MONTES BELOS;GO;14/08/2026;28/08/2026;25/08/2026;Entregue No Prazo;;Entrega realizada;Entrega Finalizada;28;8;14;8;RIO VERMELHO;9016;;;
MOBIS BRASIL FABRICACAO DE AUTO PECAS LT;RODOVIARIO;1559181;14/08/2026;3;357432;14/08/2026;NASA MOTORS LTDA.;2,65E+13;SAO LUIS DE MONTES BELOS;GO;14/08/2026;28/08/2026;25/08/2026;Entregue No Prazo;;Entrega realizada;Entrega Finalizada;28;8;14;8;RIO VERMELHO;9016;;;
MOBIS BRASIL FABRICACAO DE AUTO PECAS LT;RODOVIARIO;1559161;14/08/2026;5;357461;14/08/2026;AIKON VEICULOS LTDA;1,17E+13;VITORIA DA CONQUISTA;BA;14/08/2026;31/08/2026;25/08/2026;Entregue No Prazo;;Entrega realizada;Entrega Finalizada;31;8;14;8;TERMACO;5002;;;
MOBIS BRASIL FABRICACAO DE AUTO PECAS LT;RODOVIARIO;1559197;14/08/2026;58;357480;14/08/2026;PATEO COMERCIO DE VEICULOS S A;7,78E+12;RECIFE;PE;14/08/2026;31/08/2026;25/08/2026;Entregue No Prazo;;Entrega realizada;Entrega Finalizada;31;8;14;8;TERMACO;16004;;;
MOBIS BRASIL FABRICACAO DE AUTO PECAS LT;RODOVIARIO;1559853;17/08/2026;1;357694;17/08/2026;UNIQUE COMERCIO DE AUTOMOVEIS LTDA;1,74E+13;ANANINDEUA;PA;17/08/2026;28/08/2026;25/08/2026;Entregue No Prazo;;Entrega realizada;Entrega Finalizada;28;8;17;8;CARVALIMA;14003;;;
MOBIS BRASIL FABRICACAO DE AUTO PECAS LT;RODOVIARIO;1559870;17/08/2026;1;357672;17/08/2026;COMETA RONDONIA COMERCIO DE VEICULO;4,23E+12;VILHENA;RO;17/08/2026;28/08/2026;25/08/2026;Entregue No Prazo;;Entrega realizada;Entrega Finalizada;28;8;17;8;CARVALIMA;#N/D;;;
MOBIS BRASIL FABRICACAO DE AUTO PECAS LT;RODOVIARIO;1559829;17/08/2026;1;357673;17/08/2026;CYCOSA AUTOMOVEIS LTDA;4,76E+12;MACEIO;AL;17/08/2026;31/08/2026;25/08/2026;Entregue No Prazo;;Entrega realizada;Entrega Finalizada;31;8;17;8;TERMACO;2001;;;
MOBIS BRASIL FABRICACAO DE AUTO PECAS LT;RODOVIARIO;1559856;17/08/2026;5;357685;17/08/2026;PATEO COMERCIO DE VEICULOS S A;7,78E+12;RECIFE;PE;17/08/2026;01/09/2026;25/08/2026;Entregue No Prazo;;Entrega realizada;Entrega Finalizada;1;9;17;8;TERMACO;16004;;;
MOBIS BRASIL FABRICACAO DE AUTO PECAS LT;RODOVIARIO;1559869;17/08/2026;2;357689;17/08/2026;SAINT LAND COMERCIO DE VEICULOS LTDA;1,04E+13;NATAL;RN;17/08/2026;01/09/2026;25/08/2026;Entregue No Prazo;;Entrega realizada;Entrega Finalizada;1;9;17;8;TERMACO;6010;;;
MOBIS BRASIL FABRICACAO DE AUTO PECAS LT;RODOVIARIO;1560648;18/08/2026;3;357794;18/08/2026;URCA MOTORS VEICULOS LTDA;8,77E+12;UBERLANDIA;MG;18/08/2026;24/08/2026;25/08/2026;Entregue Fora do Prazo;;Entrega realizada;Entrega Finalizada;24;8;18;8;XD BETIM;9014;;;
MOBIS BRASIL FABRICACAO DE AUTO PECAS LT;RODOVIARIO;1560653;18/08/2026;2;357795;18/08/2026;URCA MOTORS VEICULOS LTDA;8,77E+12;PATOS DE MINAS;MG;18/08/2026;24/08/2026;25/08/2026;Entregue Fora do Prazo;;Entrega realizada;Entrega Finalizada;24;8;18;8;XD BETIM;9014;;;
MOBIS BRASIL FABRICACAO DE AUTO PECAS LT;RODOVIARIO;1560652;18/08/2026;3;357779;18/08/2026;GNC GRANDE COREIA MINAS GERAIS COMERCIO;4,27E+13;MONTES CLAROS;MG;18/08/2026;25/08/2026;25/08/2026;Entregue No Prazo;;Entrega realizada;Entrega Finalizada;25;8;18;8;XD BETIM;11035;;;
MOBIS BRASIL FABRICACAO DE AUTO PECAS LT;RODOVIARIO;1560663;18/08/2026;19;357831;18/08/2026;UNIQUE COMERCIO DE AUTOMOVEIS LTDA;1,74E+13;ANANINDEUA;PA;18/08/2026;31/08/2026;25/08/2026;Entregue No Prazo;Avaria;Entrega realizada;Entrega Finalizada;31;8;18;8;CARVALIMA;14003;;;
MOBIS BRASIL FABRICACAO DE AUTO PECAS LT;RODOVIARIO;1560645;18/08/2026;5;357780;18/08/2026;NASA MOTORS LTDA.;2,65E+13;SAO LUIS DE MONTES BELOS;GO;18/08/2026;01/09/2026;25/08/2026;Entregue No Prazo;;Entrega realizada;Entrega Finalizada;1;9;18;8;RIO VERMELHO;9016;;;
MOBIS BRASIL FABRICACAO DE AUTO PECAS LT;RODOVIARIO;1560664;18/08/2026;4;357817;18/08/2026;PATEO COMERCIO DE VEICULOS S A;7,78E+12;JOAO PESSOA;PB;18/08/2026;02/09/2026;25/08/2026;Entregue No Prazo;;Entrega realizada;Entrega Finalizada;2;9;18;8;TERMACO;15003;;;
MOBIS BRASIL FABRICACAO DE AUTO PECAS LT;RODOVIARIO;1561485;19/08/2026;13;358058;19/08/2026;URCA MOTORS VEICULOS LTDA;8,77E+12;UBERLANDIA;MG;19/08/2026;25/08/2026;25/08/2026;Entregue No Prazo;;Entrega realizada;Entrega Finalizada;25;8;19;8;XD BETIM;9014;;;
MOBIS BRASIL FABRICACAO DE AUTO PECAS LT;RODOVIARIO;1561488;19/08/2026;1;358056;19/08/2026;URCA MOTORS VEICULOS LTDA;8,77E+12;PATOS DE MINAS;MG;19/08/2026;25/08/2026;25/08/2026;Entregue No Prazo;;Entrega realizada;Entrega Finalizada;25;8;19;8;XD BETIM;9014;;;
MOBIS BRASIL FABRICACAO DE AUTO PECAS LT;RODOVIARIO;1561479;19/08/2026;21;358051;19/08/2026;SMAFF IMPORT VEICULOS LTDA;8,18E+12;BRASILIA;DF;19/08/2026;27/08/2026;25/08/2026;Entregue No Prazo;;Entrega realizada;Entrega Finalizada;27;8;19;8;RIO VERMELHO;7002;Aniversário do Município;Americana;SP
MOBIS BRASIL FABRICACAO DE AUTO PECAS LT;RODOVIARIO;1561480;19/08/2026;1;358099;19/08/2026;PRIME CACHOEIRO VEICULOS LTDA;9,34E+12;CACHOEIRO DE ITAPEMIRIM;ES;19/08/2026;27/08/2026;25/08/2026;Entregue No Prazo;;Entrega realizada;Entrega Finalizada;27;8;19;8;CAMILO;8004;Aniversário do Município;Americana;SP
MOBIS BRASIL FABRICACAO DE AUTO PECAS LT;RODOVIARIO;1561481;19/08/2026;4;358100;19/08/2026;PRIME CACHOEIRO VEICULOS LTDA;9,34E+12;LINHARES;ES;19/08/2026;27/08/2026;25/08/2026;Entregue No Prazo;;Entrega realizada;Entrega Finalizada;27;8;19;8;CAMILO;8004;Aniversário do Município;Americana;SP
MOBIS BRASIL FABRICACAO DE AUTO PECAS LT;RODOVIARIO;1561493;19/08/2026;1;358101;19/08/2026;SAGA ASIA COM. DE VEIC.PC.E SERV. LTDA;2,23E+13;VARZEA GRANDE;MT;19/08/2026;28/08/2026;25/08/2026;Entregue No Prazo;;Entrega realizada;Entrega Finalizada;28;8;19;8;CARVALIMA;13004;;;
MOBIS BRASIL FABRICACAO DE AUTO PECAS LT;RODOVIARIO;1561494;19/08/2026;33;358101;19/08/2026;SAGA ASIA COM. DE VEIC.PC.E SERV. LTDA;2,23E+13;VARZEA GRANDE;MT;19/08/2026;28/08/2026;25/08/2026;Entregue No Prazo;;Entrega realizada;Entrega Finalizada;28;8;19;8;CARVALIMA;13004;;;
MOBIS BRASIL FABRICACAO DE AUTO PECAS LT;RODOVIARIO;1562186;20/08/2026;5;358315;20/08/2026;TAI MOTORS VEICULOS S/A;9,27E+12;BELO HORIZONTE;MG;20/08/2026;25/08/2026;25/08/2026;Entregue No Prazo;;Entrega realizada;Entrega Finalizada;25;8;20;8;XD BETIM;8002;;;
MOBIS BRASIL FABRICACAO DE AUTO PECAS LT;RODOVIARIO;1562187;20/08/2026;18;358315;20/08/2026;TAI MOTORS VEICULOS S/A;9,27E+12;BELO HORIZONTE;MG;20/08/2026;25/08/2026;25/08/2026;Entregue No Prazo;;Entrega realizada;Entrega Finalizada;25;8;20;8;XD BETIM;8002;;;
MOBIS BRASIL FABRICACAO DE AUTO PECAS LT;RODOVIARIO;1562191;20/08/2026;39;358301;20/08/2026;BDG AUTOVILLE VEICULOS LTDA;4,77E+13;CONTAGEM;MG;20/08/2026;25/08/2026;25/08/2026;Entregue No Prazo;;Entrega realizada;Entrega Finalizada;25;8;20;8;XD BETIM;11037;;;
MOBIS BRASIL FABRICACAO DE AUTO PECAS LT;RODOVIARIO;1562183;20/08/2026;2;358320;20/08/2026;URCA MOTORS VEICULOS LTDA;8,77E+12;UBERLANDIA;MG;20/08/2026;26/08/2026;25/08/2026;Entregue No Prazo;;Entrega realizada;Entrega Finalizada;26;8;20;8;XD BETIM;9014;;;
MOBIS BRASIL FABRICACAO DE AUTO PECAS LT;RODOVIARIO;1562251;20/08/2026;1;358295;20/08/2026;DHC COMERCIO DE VEICULOS E PECAS LTDA;9,52E+12;MARILIA;SP;20/08/2026;26/08/2026;25/08/2026;Entregue No Prazo;;Entrega realizada;Entrega Finalizada;26;8;20;8;MVT;26010;;;
MOBIS BRASIL FABRICACAO DE AUTO PECAS LT;RODOVIARIO;1562174;20/08/2026;9;358344;20/08/2026;TAI MOTORS VEICULOS S/A;9,27E+12;VITORIA;ES;20/08/2026;27/08/2026;25/08/2026;Entregue No Prazo;;Entrega realizada;Entrega Finalizada;27;8;20;8;CAMILO;8002;Aniversário do Município;Americana;SP
MOBIS BRASIL FABRICACAO DE AUTO PECAS LT;RODOVIARIO;1562189;20/08/2026;1;358307;20/08/2026;GNC GRANDE COREIA MINAS GERAIS COMERCIO;4,27E+13;MONTES CLAROS;MG;20/08/2026;27/08/2026;25/08/2026;Entregue No Prazo;;Entrega realizada;Entrega Finalizada;27;8;20;8;XD BETIM;11035;Aniversário do Município;Americana;SP
MOBIS BRASIL FABRICACAO DE AUTO PECAS LT;RODOVIARIO;1562190;20/08/2026;3;358307;20/08/2026;GNC GRANDE COREIA MINAS GERAIS COMERCIO;4,27E+13;MONTES CLAROS;MG;20/08/2026;27/08/2026;25/08/2026;Entregue No Prazo;;Entrega realizada;Entrega Finalizada;27;8;20;8;XD BETIM;11035;Aniversário do Município;Americana;SP
MOBIS BRASIL FABRICACAO DE AUTO PECAS LT;RODOVIARIO;1562229;20/08/2026;3;358352;20/08/2026;BARI VEICULOS LTDA;7,46E+12;BLUMENAU;SC;20/08/2026;27/08/2026;25/08/2026;Entregue No Prazo;;Entrega realizada;Entrega Finalizada;27;8;20;8;TRANSTRY;18024;Aniversário do Município;Americana;SP
MOBIS BRASIL FABRICACAO DE AUTO PECAS LT;RODOVIARIO;1562230;20/08/2026;13;358352;20/08/2026;BARI VEICULOS LTDA;7,46E+12;BLUMENAU;SC;20/08/2026;27/08/2026;25/08/2026;Entregue No Prazo;;Entrega realizada;Entrega Finalizada;27;8;20;8;TRANSTRY;18024;Aniversário do Município;Americana;SP
MOBIS BRASIL FABRICACAO DE AUTO PECAS LT;RODOVIARIO;1562768;20/08/2026;2;358322;20/08/2026;VITAL COMERCIO DE VEICULOS LTDA;1,05E+13;IPATINGA;MG;20/08/2026;27/08/2026;25/08/2026;Entregue No Prazo;;Entrega realizada;Entrega Finalizada;27;8;20;8;XD BETIM;11016;Aniversário do Município;Americana;SP
MOBIS BRASIL FABRICACAO DE AUTO PECAS LT;RODOVIARIO;1562177;20/08/2026;2;358314;20/08/2026;SAGA KOREA COM. DE VEIC. E PC. LTDA;1,27E+13;GOIANIA;GO;20/08/2026;28/08/2026;25/08/2026;Entregue No Prazo;;Entrega realizada;Entrega Finalizada;28;8;20;8;RIO VERMELHO;9009;;;
MOBIS BRASIL FABRICACAO DE AUTO PECAS LT;RODOVIARIO;1562178;20/08/2026;21;358311;20/08/2026;SAGA KOREA COM. DE VEIC. E PC. LTDA;1,27E+13;GOIANIA;GO;20/08/2026;28/08/2026;25/08/2026;Entregue No Prazo;;Entrega realizada;Entrega Finalizada;28;8;20;8;RIO VERMELHO;9011;;;
MOBIS BRASIL FABRICACAO DE AUTO PECAS LT;RODOVIARIO;1562192;20/08/2026;1;358345;20/08/2026;ULSAN COMERCIO DE VEICULOS LTDA.;2,10E+13;CAMPO GRANDE;MS;20/08/2026;28/08/2026;25/08/2026;Entregue No Prazo;Avaria;Entrega realizada;Entrega Finalizada;28;8;20;8;CARVALIMA;12004;;;
MOBIS BRASIL FABRICACAO DE AUTO PECAS LT;RODOVIARIO;1562193;20/08/2026;4;358335;20/08/2026;NACIONAL NOVA MARABA DIST DE VEIC. LTDA;1,70E+13;MARABA;PA;20/08/2026;03/09/2026;25/08/2026;Entregue No Prazo;;Entrega realizada;Entrega Finalizada;3;9;20;8;CARVALIMA;14005;;;
MOBIS BRASIL FABRICACAO DE AUTO PECAS LT;RODOVIARIO;1562218;20/08/2026;1;358330;20/08/2026;COMETA RONDONIA COMERCIO DE VEICULO;4,23E+12;VILHENA;RO;20/08/2026;03/09/2026;25/08/2026;Entregue No Prazo;;Entrega realizada;Entrega Finalizada;3;9;20;8;CARVALIMA;#N/D;;;
MOBIS BRASIL FABRICACAO DE AUTO PECAS LT;RODOVIARIO;1562983;21/08/2026;5;358486;21/08/2026;BILLY DISTRIBUIDORA DE VEICULOS LTDA;1,34E+13;SAO PAULO;SP;21/08/2026;25/08/2026;25/08/2026;Entregue No Prazo;;Entrega realizada;Entrega Finalizada;25;8;21;8;XD DIADEMA;26003;;;
MOBIS BRASIL FABRICACAO DE AUTO PECAS LT;RODOVIARIO;1562984;21/08/2026;1;358495;21/08/2026;NOBRE SP DISTRIB. DE VEIC. E PEC. LTDA;1,70E+13;SAO PAULO;SP;21/08/2026;25/08/2026;25/08/2026;Entregue No Prazo;;Entrega realizada;Entrega Finalizada;25;8;21;8;XD DIADEMA;26081;;;
MOBIS BRASIL FABRICACAO DE AUTO PECAS LT;RODOVIARIO;1562911;21/08/2026;19;358502;21/08/2026;TAI MOTORS VEICULOS S/A;9,27E+12;BELO HORIZONTE;MG;21/08/2026;26/08/2026;25/08/2026;Entregue No Prazo;;Entrega realizada;Entrega Finalizada;26;8;21;8;XD BETIM;8002;;;
MOBIS BRASIL FABRICACAO DE AUTO PECAS LT;RODOVIARIO;1562912;21/08/2026;31;358490;21/08/2026;CARBEL KOREA VEICULOS LTDA;2,07E+13;BELO HORIZONTE;MG;21/08/2026;26/08/2026;25/08/2026;Entregue No Prazo;;Entrega realizada;Entrega Finalizada;26;8;21;8;XD BETIM;11021;;;
MOBIS BRASIL FABRICACAO DE AUTO PECAS LT;RODOVIARIO;1562913;21/08/2026;43;358483;21/08/2026;BDG AUTOVILLE VEICULOS LTDA;4,77E+13;CONTAGEM;MG;21/08/2026;26/08/2026;25/08/2026;Entregue No Prazo;;Entrega realizada;Entrega Finalizada;26;8;21;8;XD BETIM;11037;;;
MOBIS BRASIL FABRICACAO DE AUTO PECAS LT;RODOVIARIO;1562939;21/08/2026;1;358557;21/08/2026;BARI VEICULOS LTDA;7,46E+12;PONTA GROSSA;PR;21/08/2026;27/08/2026;25/08/2026;Entregue No Prazo;;Entrega realizada;Entrega Finalizada;27;8;21;8;TRANSTRY;18024;Aniversário do Município;Americana;SP
MOBIS BRASIL FABRICACAO DE AUTO PECAS LT;RODOVIARIO;1562940;21/08/2026;5;358557;21/08/2026;BARI VEICULOS LTDA;7,46E+12;PONTA GROSSA;PR;21/08/2026;27/08/2026;25/08/2026;Entregue No Prazo;;Entrega realizada;Entrega Finalizada;27;8;21;8;TRANSTRY;18024;Aniversário do Município;Americana;SP
MOBIS BRASIL FABRICACAO DE AUTO PECAS LT;RODOVIARIO;1562946;21/08/2026;6;358521;21/08/2026;ITAVEMA MOTORS VEICULOS LTDA;7,73E+12;RIO DE JANEIRO;RJ;21/08/2026;27/08/2026;25/08/2026;Entregue No Prazo;;Entrega realizada;Entrega Finalizada;27;8;21;8;CAMILO;19001;Aniversário do Município;Americana;SP
MOBIS BRASIL FABRICACAO DE AUTO PECAS LT;RODOVIARIO;1562947;21/08/2026;1;358509;21/08/2026;CAOA MOTOR DO BRASIL LTDA;1,68E+13;RIO DE JANEIRO;RJ;21/08/2026;27/08/2026;25/08/2026;Entregue No Prazo;;Entrega realizada;Entrega Finalizada;27;8;21;8;CAMILO;5008;Aniversário do Município;Americana;SP
MOBIS BRASIL FABRICACAO DE AUTO PECAS LT;RODOVIARIO;1562948;21/08/2026;2;358511;21/08/2026;CAOA MOTOR DO BRASIL LTDA;1,68E+13;RIO DE JANEIRO;RJ;21/08/2026;27/08/2026;25/08/2026;Entregue No Prazo;;Entrega realizada;Entrega Finalizada;27;8;21;8;CAMILO;5008;Aniversário do Município;Americana;SP
MOBIS BRASIL FABRICACAO DE AUTO PECAS LT;RODOVIARIO;1562963;21/08/2026;2;358561;21/08/2026;BARI VEICULOS LTDA.;7,46E+12;ITAJAI;SC;21/08/2026;27/08/2026;25/08/2026;Entregue No Prazo;;Entrega realizada;Entrega Finalizada;27;8;21;8;TRANSTRY;24014;Aniversário do Município;Americana;SP
MOBIS BRASIL FABRICACAO DE AUTO PECAS LT;RODOVIARIO;1562966;21/08/2026;2;358558;21/08/2026;BARI VEICULOS LTDA;7,46E+12;JARAGUA DO SUL;SC;21/08/2026;27/08/2026;25/08/2026;Entregue No Prazo;;Entrega realizada;Entrega Finalizada;27;8;21;8;TRANSTRY;18024;Aniversário do Município;Americana;SP
MOBIS BRASIL FABRICACAO DE AUTO PECAS LT;RODOVIARIO;1562967;21/08/2026;1;358558;21/08/2026;BARI VEICULOS LTDA;7,46E+12;JARAGUA DO SUL;SC;21/08/2026;27/08/2026;25/08/2026;Entregue No Prazo;;Entrega realizada;Entrega Finalizada;27;8;21;8;TRANSTRY;18024;Aniversário do Município;Americana;SP
MOBIS BRASIL FABRICACAO DE AUTO PECAS LT;RODOVIARIO;1562979;21/08/2026;1;358481;21/08/2026;H R B COMERCIO DE VEICULOS LTDA;1,82E+13;SAO JOSE DO RIO PRETO;SP;21/08/2026;27/08/2026;25/08/2026;Entregue No Prazo;;Entrega realizada;Entrega Finalizada;27;8;21;8;MVT;26050;Aniversário do Município;Americana;SP
MOBIS BRASIL FABRICACAO DE AUTO PECAS LT;RODOVIARIO;1562980;21/08/2026;24;358481;21/08/2026;H R B COMERCIO DE VEICULOS LTDA;1,82E+13;SAO JOSE DO RIO PRETO;SP;21/08/2026;27/08/2026;25/08/2026;Entregue No Prazo;;Entrega realizada;Entrega Finalizada;27;8;21;8;MVT;26050;Aniversário do Município;Americana;SP
MOBIS BRASIL FABRICACAO DE AUTO PECAS LT;RODOVIARIO;1562960;21/08/2026;9;358568;21/08/2026;LR COMERCIO DE VEICULOS LTDA;1,05E+13;SAO JOSE;SC;21/08/2026;28/08/2026;25/08/2026;Entregue No Prazo;;Entrega realizada;Entrega Finalizada;28;8;21;8;TRANSTRY;24007;;;
MOBIS BRASIL FABRICACAO DE AUTO PECAS LT;RODOVIARIO;1562961;21/08/2026;1;358554;21/08/2026;BARI VEICULOS LTDA;7,46E+12;BLUMENAU;SC;21/08/2026;28/08/2026;25/08/2026;Entregue No Prazo;;Entrega realizada;Entrega Finalizada;28;8;21;8;TRANSTRY;18024;;;
MOBIS BRASIL FABRICACAO DE AUTO PECAS LT;RODOVIARIO;1562962;21/08/2026;8;358554;21/08/2026;BARI VEICULOS LTDA;7,46E+12;BLUMENAU;SC;21/08/2026;28/08/2026;25/08/2026;Entregue No Prazo;;Entrega realizada;Entrega Finalizada;28;8;21;8;TRANSTRY;18024;;;
MOBIS BRASIL FABRICACAO DE AUTO PECAS LT;RODOVIARIO;1563452;21/08/2026;1;358504;21/08/2026;VITAL COMERCIO DE VEICULOS LTDA;1,05E+13;IPATINGA;MG;21/08/2026;28/08/2026;25/08/2026;Entregue No Prazo;;Entrega realizada;Entrega Finalizada;28;8;21;8;XD BETIM;11016;;;
MOBIS BRASIL FABRICACAO DE AUTO PECAS LT;RODOVIARIO;1562964;21/08/2026;1;358559;21/08/2026;BARI VEICULOS LTDA;7,46E+12;BALNEARIO CAMBORIU;SC;21/08/2026;31/08/2026;25/08/2026;Entregue No Prazo;;Entrega realizada;Entrega Finalizada;31;8;21;8;TRANSTRY;18024;;;
MOBIS BRASIL FABRICACAO DE AUTO PECAS LT;RODOVIARIO;1562916;21/08/2026;1;358535;21/08/2026;SAGA ASIA COM. DE VEIC.PC.E SERV. LTDA;2,23E+13;VARZEA GRANDE;MT;21/08/2026;01/09/2026;25/08/2026;Entregue No Prazo;Avaria;Entrega realizada;Entrega Finalizada;1;9;21;8;CARVALIMA;13004;;;
MOBIS BRASIL FABRICACAO DE AUTO PECAS LT;RODOVIARIO;1562918;21/08/2026;1;358537;21/08/2026;SAGA SEUL COMERCIO DE VEICULOS, PECAS E;2,23E+13;CUIABA;MT;21/08/2026;01/09/2026;25/08/2026;Entregue No Prazo;;Entrega realizada;Entrega Finalizada;1;9;21;8;CARVALIMA;13005;;;
MOBIS BRASIL FABRICACAO DE AUTO PECAS LT;RODOVIARIO;1562919;21/08/2026;2;358514;21/08/2026;COMETA MATO GROSSO COM. DE VEICULOS LTDA;1,54E+13;TANGARA DA SERRA;MT;21/08/2026;01/09/2026;25/08/2026;Entregue No Prazo;;Entrega realizada;Entrega Finalizada;1;9;21;8;CARVALIMA;13007;;;
MOBIS BRASIL FABRICACAO DE AUTO PECAS LT;RODOVIARIO;1562915;21/08/2026;1;358513;21/08/2026;COMETA MATO GROSSO COM. DE VEICULOS LTDA;1,54E+13;SINOP;MT;21/08/2026;02/09/2026;25/08/2026;Entregue No Prazo;;Entrega realizada;Entrega Finalizada;2;9;21;8;CARVALIMA;13003;;;
MOBIS BRASIL FABRICACAO DE AUTO PECAS LT;RODOVIARIO;1563953;24/08/2026;4;358743;24/08/2026;BILLY DISTRIBUIDORA DE VEICULOS LTDA;1,34E+13;BARUERI;SP;24/08/2026;26/08/2026;25/08/2026;Entregue No Prazo;;Entrega realizada;Entrega Finalizada;26;8;24;8;XD DIADEMA;26003;;;
MOBIS BRASIL FABRICACAO DE AUTO PECAS LT;RODOVIARIO;1563958;24/08/2026;1;358746;24/08/2026;CAOA MOTOR DO BRASIL LTDA (ARICANDUVA);1,68E+13;SAO PAULO;SP;24/08/2026;26/08/2026;25/08/2026;Entregue No Prazo;;Entrega realizada;Entrega Finalizada;26;8;24;8;XD DIADEMA;26039;;;
MOBIS BRASIL FABRICACAO DE AUTO PECAS LT;RODOVIARIO;1563960;24/08/2026;1;358749;24/08/2026;GRANDAY AUTOMOTORES LTDA;1,57E+13;SAO PAULO;SP;24/08/2026;26/08/2026;25/08/2026;Entregue No Prazo;;Entrega realizada;Entrega Finalizada;26;8;24;8;XD DIADEMA;26041;;;
MOBIS BRASIL FABRICACAO DE AUTO PECAS LT;RODOVIARIO;1563963;24/08/2026;1;358748;24/08/2026;CAOA MOTOR DO BRASIL LTDA (VL PRUDENTE);1,68E+13;SAO PAULO;SP;24/08/2026;26/08/2026;25/08/2026;Entregue No Prazo;;Entrega realizada;Entrega Finalizada;26;8;24;8;XD DIADEMA;26051;;;
MOBIS BRASIL FABRICACAO DE AUTO PECAS LT;RODOVIARIO;1563964;24/08/2026;1;358745;24/08/2026;CAOA MOTOR DO BRASIL LTDA;1,68E+13;SAO BERNARDO DO CAMPO;SP;24/08/2026;26/08/2026;25/08/2026;Entregue No Prazo;;Entrega realizada;Entrega Finalizada;26;8;24;8;XD DIADEMA;5008;;;
MOBIS BRASIL FABRICACAO DE AUTO PECAS LT;RODOVIARIO;1563965;24/08/2026;1;358744;24/08/2026;CAOA MOTOR DO BRASIL LTDA;1,68E+13;SANTO ANDRE;SP;24/08/2026;26/08/2026;25/08/2026;Entregue No Prazo;;Entrega realizada;Entrega Finalizada;26;8;24;8;XD DIADEMA;5008;;;
MOBIS BRASIL FABRICACAO DE AUTO PECAS LT;RODOVIARIO;1563972;24/08/2026;1;358747;24/08/2026;CAOA MOTOR DO BRASIL LTDA (INDIANOPOLIS);1,68E+13;SAO PAULO;SP;24/08/2026;26/08/2026;25/08/2026;Entregue No Prazo;;Entrega realizada;Entrega Finalizada;26;8;24;8;XD DIADEMA;26091;;;
MOBIS BRASIL FABRICACAO DE AUTO PECAS LT;RODOVIARIO;1562975;21/08/2026;58;358937;24/08/2026;NEW VEICULOS E PECAS LTDA;1,59E+13;RIBEIRAO PRETO;SP;24/08/2026;27/08/2026;25/08/2026;Entregue No Prazo;;Entrega realizada;Entrega Finalizada;27;8;24;8;BV LOG;26014;Aniversário do Município;Americana;SP
MOBIS BRASIL FABRICACAO DE AUTO PECAS LT;RODOVIARIO;1563957;24/08/2026;15;358937;24/08/2026;NEW VEICULOS E PECAS LTDA;1,59E+13;RIBEIRAO PRETO;SP;24/08/2026;27/08/2026;25/08/2026;Entregue No Prazo;;Entrega realizada;Entrega Finalizada;27;8;24;8;BV LOG;26014;Aniversário do Município;Americana;SP
MOBIS BRASIL FABRICACAO DE AUTO PECAS LT;RODOVIARIO;1563966;24/08/2026;3;358736;24/08/2026;CAOA MOTOR DO BRASIL LTDA;1,68E+13;CAMPINAS;SP;24/08/2026;27/08/2026;25/08/2026;Entregue No Prazo;;Entrega realizada;Entrega Finalizada;27;8;24;8;MVT;5008;Aniversário do Município;Americana;SP
MOBIS BRASIL FABRICACAO DE AUTO PECAS LT;RODOVIARIO;1563969;24/08/2026;2;358738;24/08/2026;DESTAQUE SEUL DISTR. DE VEIC. E PC. LTDA;2,12E+13;BRAGANCA PAULISTA;SP;24/08/2026;27/08/2026;25/08/2026;Entregue No Prazo;;Entrega realizada;Entrega Finalizada;27;8;24;8;MVT;26074;Aniversário do Município;Americana;SP
MOBIS BRASIL FABRICACAO DE AUTO PECAS LT;RODOVIARIO;1563962;24/08/2026;7;358740;24/08/2026;H R B COMERCIO DE VEICULOS LTDA;1,82E+13;SAO JOSE DO RIO PRETO;SP;24/08/2026;28/08/2026;25/08/2026;Entregue No Prazo;;Entrega realizada;Entrega Finalizada;28;8;24;8;MVT;26050;;;
MOBIS BRASIL FABRICACAO DE AUTO PECAS LT;RODOVIARIO;1563968;24/08/2026;1;358741;24/08/2026;NEW VEICULOS E PECAS LTDA.;1,59E+13;ARARAQUARA;SP;24/08/2026;28/08/2026;25/08/2026;Entregue No Prazo;;Entrega realizada;Entrega Finalizada;28;8;24;8;MVT;26071;;;
MOBIS BRASIL FABRICACAO DE AUTO PECAS LT;RODOVIARIO;1563961;24/08/2026;74;358952;25/08/2026;BILLY DISTRIBUIDORA DE VEICULOS LTDA;1,34E+13;SAO CAETANO DO SUL;SP;25/08/2026;27/08/2026;25/08/2026;Entregue No Prazo;;Entrega realizada;Entrega Finalizada;27;8;25;8;BV LOG;26003;Aniversário do Município;Americana;SP
MOBIS BRASIL FABRICACAO DE AUTO PECAS LT;RODOVIARIO;1563971;24/08/2026;8;358953;25/08/2026;GRANDAY AUTOMOTORES LTDA (CHAC. CALIFOR);1,57E+13;SAO PAULO;SP;25/08/2026;27/08/2026;25/08/2026;Entregue No Prazo;;Entrega realizada;Entrega Finalizada;27;8;25;8;BV LOG;26090;Aniversário do Município;Americana;SP
MOBIS BRASIL FABRICACAO DE AUTO PECAS LT;RODOVIARIO;1557773;12/08/2026;1;356953;12/08/2026;PRIVILLEGE DISTRIBUIDORA DE VEICULOS LTD;1,72E+13;ARAGUAINA;TO;12/08/2026;26/08/2026;26/08/2026;Entregue No Prazo;;Entrega realizada;Entrega Finalizada;26;8;12;8;RIO VERMELHO;27002;;;
MOBIS BRASIL FABRICACAO DE AUTO PECAS LT;RODOVIARIO;1557677;12/08/2026;1;357077;12/08/2026;ORVEL AUTOMOTOR HYD LTDA;2,52E+13;TEIXEIRA DE FREITAS;BA;12/08/2026;27/08/2026;26/08/2026;Entregue No Prazo;;Entrega realizada;Entrega Finalizada;27;8;12;8;TERMACO;5011;Aniversário do Município;Americana;SP
MOBIS BRASIL FABRICACAO DE AUTO PECAS LT;RODOVIARIO;1557678;12/08/2026;20;357077;12/08/2026;ORVEL AUTOMOTOR HYD LTDA;2,52E+13;TEIXEIRA DE FREITAS;BA;12/08/2026;27/08/2026;26/08/2026;Entregue No Prazo;;Entrega realizada;Entrega Finalizada;27;8;12;8;TERMACO;5011;Aniversário do Município;Americana;SP
MOBIS BRASIL FABRICACAO DE AUTO PECAS LT;RODOVIARIO;1558486;13/08/2026;1;357376;13/08/2026;ORVEL AUTOMOTOR HYD LTDA;2,52E+13;TEIXEIRA DE FREITAS;BA;13/08/2026;28/08/2026;26/08/2026;Entregue No Prazo;;Entrega realizada;Entrega Finalizada;28;8;13;8;TERMACO;5011;;;
MOBIS BRASIL FABRICACAO DE AUTO PECAS LT;RODOVIARIO;1559166;14/08/2026;3;357479;14/08/2026;ORVEL AUTOMOTOR HYD LTDA;2,52E+13;TEIXEIRA DE FREITAS;BA;14/08/2026;31/08/2026;26/08/2026;Entregue No Prazo;;Entrega realizada;Entrega Finalizada;31;8;14;8;TERMACO;5011;;;
MOBIS BRASIL FABRICACAO DE AUTO PECAS LT;RODOVIARIO;1559167;14/08/2026;1;357476;14/08/2026;MASTER COMERCIAL DE VEICULOS LTDA;2,85E+13;JACOBINA;BA;14/08/2026;31/08/2026;26/08/2026;Entregue No Prazo;;Entrega realizada;Entrega Finalizada;31;8;14;8;TERMACO;5013;;;
MOBIS BRASIL FABRICACAO DE AUTO PECAS LT;RODOVIARIO;1559838;17/08/2026;3;357687;17/08/2026;PRIME CACHOEIRO VEICULOS LTDA;9,34E+12;CACHOEIRO DE ITAPEMIRIM;ES;17/08/2026;25/08/2026;26/08/2026;Entregue Fora do Prazo;;Entrega realizada;Entrega Finalizada;25;8;17;8;CAMILO;8004;;;
MOBIS BRASIL FABRICACAO DE AUTO PECAS LT;RODOVIARIO;1559831;17/08/2026;28;357686;17/08/2026;PATEO COMERCIO DE VEICULOS S A;7,78E+12;SALVADOR;BA;17/08/2026;27/08/2026;26/08/2026;Entregue No Prazo;;Entrega realizada;Entrega Finalizada;27;8;17;8;TERMACO;5003;Aniversário do Município;Americana;SP
MOBIS BRASIL FABRICACAO DE AUTO PECAS LT;RODOVIARIO;1559832;17/08/2026;21;357675;17/08/2026;FAZZA MOTORS COMERCIO DE VEICULOS LTDA;1,24E+13;SALVADOR;BA;17/08/2026;27/08/2026;26/08/2026;Entregue No Prazo;;Entrega realizada;Entrega Finalizada;27;8;17;8;TERMACO;5007;Aniversário do Município;Americana;SP
MOBIS BRASIL FABRICACAO DE AUTO PECAS LT;RODOVIARIO;1559833;17/08/2026;2;357674;17/08/2026;FAZZA MOTORS COM. DE VEICULOS LTDA;1,24E+13;FORTALEZA;CE;17/08/2026;31/08/2026;26/08/2026;Entregue No Prazo;;Entrega realizada;Entrega Finalizada;31;8;17;8;TERMACO;6001;;;
MOBIS BRASIL FABRICACAO DE AUTO PECAS LT;RODOVIARIO;1559834;17/08/2026;148;357676;17/08/2026;FAZZA MOTORS COMERCIO DE VEICULOS LTDA;1,24E+13;FORTALEZA;CE;17/08/2026;31/08/2026;26/08/2026;Entregue No Prazo;;Entrega realizada;Entrega Finalizada;31;8;17;8;TERMACO;5007;;;
MOBIS BRASIL FABRICACAO DE AUTO PECAS LT;RODOVIARIO;1559835;17/08/2026;1;357670;17/08/2026;CAOA MOTOR DO BRASIL LTDA;1,68E+13;FORTALEZA;CE;17/08/2026;31/08/2026;26/08/2026;Entregue No Prazo;;Entrega realizada;Entrega Finalizada;31;8;17;8;TERMACO;5008;;;
MOBIS BRASIL FABRICACAO DE AUTO PECAS LT;RODOVIARIO;1559855;17/08/2026;29;357683;17/08/2026;PATEO COMERCIO DE VEICULOS S A;7,78E+12;JOAO PESSOA;PB;17/08/2026;01/09/2026;26/08/2026;Entregue No Prazo;;Entrega realizada;Entrega Finalizada;1;9;17;8;TERMACO;15003;;;
MOBIS BRASIL FABRICACAO DE AUTO PECAS LT;RODOVIARIO;1560631;18/08/2026;19;357807;18/08/2026;FAZZA MOTORS COMERCIO DE VEICULOS LTDA;1,24E+13;SALVADOR;BA;18/08/2026;28/08/2026;26/08/2026;Entregue No Prazo;;Entrega realizada;Entrega Finalizada;28;8;18;8;TERMACO;5007;;;
MOBIS BRASIL FABRICACAO DE AUTO PECAS LT;RODOVIARIO;1560665;18/08/2026;1;357798;18/08/2026;AUTORAC VEICULOS LTDA;1,06E+13;CARUARU;PE;18/08/2026;03/09/2026;26/08/2026;Entregue No Prazo;;Entrega realizada;Entrega Finalizada;3;9;18;8;TERMACO;16001;;;
MOBIS BRASIL FABRICACAO DE AUTO PECAS LT;RODOVIARIO;1560666;18/08/2026;3;357799;18/08/2026;AUTORAC VEICULOS LTDA;1,06E+13;PETROLINA;PE;18/08/2026;03/09/2026;26/08/2026;Entregue No Prazo;;Entrega realizada;Entrega Finalizada;3;9;18;8;TERMACO;16001;;;
MOBIS BRASIL FABRICACAO DE AUTO PECAS LT;RODOVIARIO;1560690;18/08/2026;1;357815;18/08/2026;ORIENTE AUTOMOVEIS LTDA;1,33E+13;PARNAMIRIM;RN;18/08/2026;03/09/2026;26/08/2026;Entregue No Prazo;;Entrega realizada;Entrega Finalizada;3;9;18;8;TERMACO;20001;;;
MOBIS BRASIL FABRICACAO DE AUTO PECAS LT;RODOVIARIO;1560693;18/08/2026;1;357803;18/08/2026;COMETA JI PARANA COM. DE VEIC. LTDA;4,23E+12;JIPARANA;RO;18/08/2026;04/09/2026;26/08/2026;Entregue No Prazo;;Entrega realizada;Entrega Finalizada;4;9;18;8;CARVALIMA;21002;;;
MOBIS BRASIL FABRICACAO DE AUTO PECAS LT;RODOVIARIO;1560694;18/08/2026;1;357803;18/08/2026;COMETA JI PARANA COM. DE VEIC. LTDA;4,23E+12;JIPARANA;RO;18/08/2026;04/09/2026;26/08/2026;Entregue No Prazo;;Entrega realizada;Entrega Finalizada;4;9;18;8;CARVALIMA;21002;;;
MOBIS BRASIL FABRICACAO DE AUTO PECAS LT;RODOVIARIO;1560647;18/08/2026;3;357814;18/08/2026;NACIONAL NOVA MARABA DIST DE VEIC. LTDA;1,70E+13;IMPERATRIZ;MA;18/08/2026;08/09/2026;26/08/2026;Entregue No Prazo;;Entrega realizada;Entrega Finalizada;8;9;18;8;TERMACO;10003;;;
MOBIS BRASIL FABRICACAO DE AUTO PECAS LT;RODOVIARIO;1561475;19/08/2026;4;358087;19/08/2026;FAZZA MOTORS COMERCIO DE VEICULOS LTDA;1,24E+13;SALVADOR;BA;19/08/2026;31/08/2026;26/08/2026;Entregue No Prazo;;Entrega realizada;Entrega Finalizada;31;8;19;8;TERMACO;5007;;;
MOBIS BRASIL FABRICACAO DE AUTO PECAS LT;RODOVIARIO;1561476;19/08/2026;13;358087;19/08/2026;FAZZA MOTORS COMERCIO DE VEICULOS LTDA;1,24E+13;SALVADOR;BA;19/08/2026;31/08/2026;26/08/2026;Entregue No Prazo;;Entrega realizada;Entrega Finalizada;31;8;19;8;TERMACO;5007;;;
MOBIS BRASIL FABRICACAO DE AUTO PECAS LT;RODOVIARIO;1561482;19/08/2026;1;358054;19/08/2026;URCA MOTORS VEICULOS LTDA;8,77E+12;RIO VERDE;GO;19/08/2026;31/08/2026;26/08/2026;Entregue No Prazo;;Entrega realizada;Entrega Finalizada;31;8;19;8;RIO VERMELHO;9014;;;
MOBIS BRASIL FABRICACAO DE AUTO PECAS LT;RODOVIARIO;1561495;19/08/2026;1;358107;19/08/2026;UNIQUE COMERCIO DE AUTOMOVEIS LTDA;1,74E+13;ANANINDEUA;PA;19/08/2026;01/09/2026;26/08/2026;Entregue No Prazo;;Entrega realizada;Entrega Finalizada;1;9;19;8;CARVALIMA;14003;;;
MOBIS BRASIL FABRICACAO DE AUTO PECAS LT;RODOVIARIO;1561496;19/08/2026;3;358080;19/08/2026;CAOA MOTOR DO BRASIL LTDA;1,68E+13;BELEM;PA;19/08/2026;01/09/2026;26/08/2026;Entregue No Prazo;;Entrega realizada;Entrega Finalizada;1;9;19;8;CARVALIMA;5008;;;
MOBIS BRASIL FABRICACAO DE AUTO PECAS LT;RODOVIARIO;1561474;19/08/2026;7;358078;19/08/2026;AIKON VEICULOS LTDA;1,17E+13;VITORIA DA CONQUISTA;BA;19/08/2026;03/09/2026;26/08/2026;Entregue No Prazo;;Entrega realizada;Entrega Finalizada;3;9;19;8;TERMACO;5002;;;
MOBIS BRASIL FABRICACAO DE AUTO PECAS LT;RODOVIARIO;1562185;20/08/2026;1;358317;20/08/2026;TOKSU COMERCIO DE VEICULOS LTDA;1,12E+13;JUIZ DE FORA;MG;20/08/2026;26/08/2026;26/08/2026;Entregue No Prazo;;Entrega realizada;Entrega Finalizada;26;8;20;8;XD BETIM;11008;;;
MOBIS BRASIL FABRICACAO DE AUTO PECAS LT;RODOVIARIO;1562202;20/08/2026;2;358363;20/08/2026;LOVAT VEICULOS S/A;8,57E+12;MARINGA;PR;20/08/2026;26/08/2026;26/08/2026;Entregue No Prazo;;Entrega realizada;Entrega Finalizada;26;8;20;8;TRANSTRY;18008;;;
MOBIS BRASIL FABRICACAO DE AUTO PECAS LT;RODOVIARIO;1562219;20/08/2026;2;358360;20/08/2026;HOUSE PARTS - COM. DE PECAS E VEIC. LTDA;1,15E+13;PORTO ALEGRE;RS;20/08/2026;26/08/2026;26/08/2026;Entregue No Prazo;;Entrega realizada;Entrega Finalizada;26;8;20;8;TRANSTRY;23004;;;
MOBIS BRASIL FABRICACAO DE AUTO PECAS LT;RODOVIARIO;1562220;20/08/2026;3;358357;20/08/2026;CARWAY SUL VEICULOS LTDA;1,03E+13;CANOAS;RS;20/08/2026;26/08/2026;26/08/2026;Entregue No Prazo;;Entrega realizada;Entrega Finalizada;26;8;20;8;TRANSTRY;23003;;;
MOBIS BRASIL FABRICACAO DE AUTO PECAS LT;RODOVIARIO;1562221;20/08/2026;14;358357;20/08/2026;CARWAY SUL VEICULOS LTDA;1,03E+13;CANOAS;RS;20/08/2026;26/08/2026;26/08/2026;Entregue No Prazo;;Entrega realizada;Entrega Finalizada;26;8;20;8;TRANSTRY;23003;;;
MOBIS BRASIL FABRICACAO DE AUTO PECAS LT;RODOVIARIO;1562176;20/08/2026;3;358341;20/08/2026;PRIME VILA VELHA VEICULOS LTDA.;2,14E+13;VILA VELHA;ES;20/08/2026;27/08/2026;26/08/2026;Entregue No Prazo;;Entrega realizada;Entrega Finalizada;27;8;20;8;CAMILO;8005;Aniversário do Município;Americana;SP
MOBIS BRASIL FABRICACAO DE AUTO PECAS LT;RODOVIARIO;1562188;20/08/2026;1;358321;20/08/2026;VIME AUTOMOVEIS E PECAS LTDA;2,85E+13;GUAXUPE;MG;20/08/2026;27/08/2026;26/08/2026;Entregue No Prazo;;Entrega realizada;Entrega Finalizada;27;8;20;8;XD BETIM;11031;Aniversário do Município;Americana;SP
MOBIS BRASIL FABRICACAO DE AUTO PECAS LT;RODOVIARIO;1562226;20/08/2026;6;358349;20/08/2026;ATUAL VEICULOS LTDA;1,33E+13;ARARANGUA;SC;20/08/2026;27/08/2026;26/08/2026;Entregue No Prazo;;Entrega realizada;Entrega Finalizada;27;8;20;8;TRANSTRY;24001;Aniversário do Município;Americana;SP
MOBIS BRASIL FABRICACAO DE AUTO PECAS LT;RODOVIARIO;1562227;20/08/2026;2;358350;20/08/2026;ATUAL VEICULOS LTDA;1,33E+13;CRICIUMA;SC;20/08/2026;27/08/2026;26/08/2026;Entregue No Prazo;;Entrega realizada;Entrega Finalizada;27;8;20;8;TRANSTRY;24001;Aniversário do Município;Americana;SP
MOBIS BRASIL FABRICACAO DE AUTO PECAS LT;RODOVIARIO;1562228;20/08/2026;5;358351;20/08/2026;ATUAL VEICULOS LTDA;1,33E+13;TUBARAO;SC;20/08/2026;27/08/2026;26/08/2026;Entregue No Prazo;;Entrega realizada;Entrega Finalizada;27;8;20;8;TRANSTRY;24001;Aniversário do Município;Americana;SP
MOBIS BRASIL FABRICACAO DE AUTO PECAS LT;RODOVIARIO;1562232;20/08/2026;5;358359;20/08/2026;GAMBATTO H1 VEICULOS LTDA;1,94E+13;CHAPECO;SC;20/08/2026;27/08/2026;26/08/2026;Entregue No Prazo;;Entrega realizada;Entrega Finalizada;27;8;20;8;TRANSTRY;24018;Aniversário do Município;Americana;SP
MOBIS BRASIL FABRICACAO DE AUTO PECAS LT;RODOVIARIO;1562233;20/08/2026;5;358359;20/08/2026;GAMBATTO H1 VEICULOS LTDA;1,94E+13;CHAPECO;SC;20/08/2026;27/08/2026;26/08/2026;Entregue No Prazo;;Entrega realizada;Entrega Finalizada;27;8;20;8;TRANSTRY;24018;Aniversário do Município;Americana;SP
MOBIS BRASIL FABRICACAO DE AUTO PECAS LT;RODOVIARIO;1562172;20/08/2026;1;358310;20/08/2026;SAGA KOREA COM. DE VEIC. E PC. LTDA;1,27E+13;BRASILIA;DF;20/08/2026;28/08/2026;26/08/2026;Entregue No Prazo;;Entrega realizada;Entrega Finalizada;28;8;20;8;RIO VERMELHO;7004;;;
MOBIS BRASIL FABRICACAO DE AUTO PECAS LT;RODOVIARIO;1562173;20/08/2026;43;358312;20/08/2026;SAGA KOREA COM. DE VEIC. E PC. LTDA;1,27E+13;BRASILIA;DF;20/08/2026;28/08/2026;26/08/2026;Entregue No Prazo;;Entrega realizada;Entrega Finalizada;28;8;20;8;RIO VERMELHO;7005;;;
MOBIS BRASIL FABRICACAO DE AUTO PECAS LT;RODOVIARIO;1562175;20/08/2026;1;358340;20/08/2026;PRIME CACHOEIRO VEICULOS LTDA;9,34E+12;CACHOEIRO DE ITAPEMIRIM;ES;20/08/2026;28/08/2026;26/08/2026;Entregue No Prazo;;Entrega realizada;Entrega Finalizada;28;8;20;8;CAMILO;8004;;;
MOBIS BRASIL FABRICACAO DE AUTO PECAS LT;RODOVIARIO;1562222;20/08/2026;1;358358;20/08/2026;CHINHAN AUTOMOVEIS LTDA;2,41E+13;ERECHIM;RS;20/08/2026;28/08/2026;26/08/2026;Entregue No Prazo;;Entrega realizada;Entrega Finalizada;28;8;20;8;TRANSTRY;23019;;;
MOBIS BRASIL FABRICACAO DE AUTO PECAS LT;RODOVIARIO;1562223;20/08/2026;2;358358;20/08/2026;CHINHAN AUTOMOVEIS LTDA;2,41E+13;ERECHIM;RS;20/08/2026;28/08/2026;26/08/2026;Entregue No Prazo;;Entrega realizada;Entrega Finalizada;28;8;20;8;TRANSTRY;23019;;;
MOBIS BRASIL FABRICACAO DE AUTO PECAS LT;RODOVIARIO;1562224;20/08/2026;1;358365;20/08/2026;NAZARETH VEICULOS LTDA;9,30E+12;IJUI;RS;20/08/2026;28/08/2026;26/08/2026;Entregue No Prazo;;Entrega realizada;Entrega Finalizada;28;8;20;8;TRANSTRY;23021;;;
MOBIS BRASIL FABRICACAO DE AUTO PECAS LT;RODOVIARIO;1562180;20/08/2026;1;358319;20/08/2026;URCA MOTORS VEICULOS LTDA;8,77E+12;RIO VERDE;GO;20/08/2026;01/09/2026;26/08/2026;Entregue No Prazo;;Entrega realizada;Entrega Finalizada;1;9;20;8;RIO VERMELHO;9014;;;
MOBIS BRASIL FABRICACAO DE AUTO PECAS LT;RODOVIARIO;1562179;20/08/2026;1;358313;20/08/2026;SAGA KOREA COM. DE VEIC. E PC. LTDA;1,27E+13;ANAPOLIS;GO;20/08/2026;02/09/2026;26/08/2026;Entregue No Prazo;;Entrega realizada;Entrega Finalizada;2;9;20;8;RIO VERMELHO;9012;;;
MOBIS BRASIL FABRICACAO DE AUTO PECAS LT;RODOVIARIO;1562181;20/08/2026;4;358308;20/08/2026;NASA MOTORS LTDA.;2,65E+13;SAO LUIS DE MONTES BELOS;GO;20/08/2026;03/09/2026;26/08/2026;Entregue No Prazo;;Entrega realizada;Entrega Finalizada;3;9;20;8;RIO VERMELHO;9016;;;
MOBIS BRASIL FABRICACAO DE AUTO PECAS LT;RODOVIARIO;1562973;21/08/2026;3;358478;21/08/2026;DHC COMERCIO DE VEICULOS E PECAS LTDA;9,52E+12;BAURU;SP;21/08/2026;26/08/2026;26/08/2026;Entregue No Prazo;;Entrega realizada;Entrega Finalizada;26;8;21;8;MVT;26010;;;
MOBIS BRASIL FABRICACAO DE AUTO PECAS LT;RODOVIARIO;1562933;21/08/2026;2;358567;21/08/2026;LOVAT VEICULOS S/A;8,57E+12;MARINGA;PR;21/08/2026;27/08/2026;26/08/2026;Entregue No Prazo;;Entrega realizada;Entrega Finalizada;27;8;21;8;TRANSTRY;18008;Aniversário do Município;Americana;SP
MOBIS BRASIL FABRICACAO DE AUTO PECAS LT;RODOVIARIO;1562934;21/08/2026;2;358567;21/08/2026;LOVAT VEICULOS S/A;8,57E+12;MARINGA;PR;21/08/2026;27/08/2026;26/08/2026;Entregue No Prazo;;Entrega realizada;Entrega Finalizada;27;8;21;8;TRANSTRY;18008;Aniversário do Município;Americana;SP
MOBIS BRASIL FABRICACAO DE AUTO PECAS LT;RODOVIARIO;1562941;21/08/2026;3;358572;21/08/2026;VETOR AUTOMOVEIS LTDA;2,12E+13;UMUARAMA;PR;21/08/2026;27/08/2026;26/08/2026;Entregue No Prazo;;Entrega realizada;Entrega Finalizada;27;8;21;8;TRANSTRY;18019;Aniversário do Município;Americana;SP
MOBIS BRASIL FABRICACAO DE AUTO PECAS LT;RODOVIARIO;1562954;21/08/2026;4;358565;21/08/2026;HOUSE PARTS - COM. DE PECAS E VEIC. LTDA;1,15E+13;PORTO ALEGRE;RS;21/08/2026;27/08/2026;26/08/2026;Entregue No Prazo;;Entrega realizada;Entrega Finalizada;27;8;21;8;TRANSTRY;23004;Aniversário do Município;Americana;SP
MOBIS BRASIL FABRICACAO DE AUTO PECAS LT;RODOVIARIO;1562955;21/08/2026;2;358563;21/08/2026;CARWAY SUL VEICULOS LTDA;1,03E+13;CANOAS;RS;21/08/2026;27/08/2026;26/08/2026;Entregue No Prazo;;Entrega realizada;Entrega Finalizada;27;8;21;8;TRANSTRY;23003;Aniversário do Município;Americana;SP
MOBIS BRASIL FABRICACAO DE AUTO PECAS LT;RODOVIARIO;1562985;21/08/2026;3;358477;21/08/2026;DESTAQUE SEUL DISTR DE VEIC PEC LTDA;2,12E+13;CARAGUATATUBA;SP;21/08/2026;27/08/2026;26/08/2026;Entregue No Prazo;;Entrega realizada;Entrega Finalizada;27;8;21;8;MVT;26082;Aniversário do Município;Americana;SP
MOBIS BRASIL FABRICACAO DE AUTO PECAS LT;RODOVIARIO;1562935;21/08/2026;37;358570;21/08/2026;SANTA FE VEICULOS LTDA.;1,16E+13;FRANCISCO BELTRAO;PR;21/08/2026;28/08/2026;26/08/2026;Entregue No Prazo;;Entrega realizada;Entrega Finalizada;28;8;21;8;TRANSTRY;18010;;;
MOBIS BRASIL FABRICACAO DE AUTO PECAS LT;RODOVIARIO;1562957;21/08/2026;3;358552;21/08/2026;ATUAL VEICULOS LTDA;1,33E+13;ARARANGUA;SC;21/08/2026;28/08/2026;26/08/2026;Entregue No Prazo;;Entrega realizada;Entrega Finalizada;28;8;21;8;TRANSTRY;24001;;;
MOBIS BRASIL FABRICACAO DE AUTO PECAS LT;RODOVIARIO;1562958;21/08/2026;4;358553;21/08/2026;ATUAL VEICULOS LTDA;1,33E+13;CRICIUMA;SC;21/08/2026;28/08/2026;26/08/2026;Entregue No Prazo;;Entrega realizada;Entrega Finalizada;28;8;21;8;TRANSTRY;24001;;;
MOBIS BRASIL FABRICACAO DE AUTO PECAS LT;RODOVIARIO;1562959;21/08/2026;5;358551;21/08/2026;ATUAL VEICULOS LTDA;1,33E+13;TUBARAO;SC;21/08/2026;28/08/2026;26/08/2026;Entregue No Prazo;;Entrega realizada;Entrega Finalizada;28;8;21;8;TRANSTRY;24001;;;
MOBIS BRASIL FABRICACAO DE AUTO PECAS LT;RODOVIARIO;1562904;21/08/2026;9;358498;21/08/2026;SAGA KOREA COM. DE VEIC. E PC. LTDA;1,27E+13;GOIANIA;GO;21/08/2026;31/08/2026;26/08/2026;Entregue No Prazo;;Entrega realizada;Entrega Finalizada;31;8;21;8;RIO VERMELHO;9011;;;
MOBIS BRASIL FABRICACAO DE AUTO PECAS LT;RODOVIARIO;1562956;21/08/2026;8;358564;21/08/2026;CHINHAN AUTOMOVEIS LTDA;2,41E+13;ERECHIM;RS;21/08/2026;31/08/2026;26/08/2026;Entregue No Prazo;;Entrega realizada;Entrega Finalizada;31;8;21;8;TRANSTRY;23019;;;
MOBIS BRASIL FABRICACAO DE AUTO PECAS LT;RODOVIARIO;1562905;21/08/2026;2;358499;21/08/2026;SAGA KOREA COM. DE VEIC. E PC. LTDA;1,27E+13;ANAPOLIS;GO;21/08/2026;03/09/2026;26/08/2026;Entregue No Prazo;;Entrega realizada;Entrega Finalizada;3;9;21;8;RIO VERMELHO;9012;;;
MOBIS BRASIL FABRICACAO DE AUTO PECAS LT;RODOVIARIO;1562922;21/08/2026;1;358527;21/08/2026;NACIONAL NOVA MARABA DIST DE VEIC. LTDA;1,70E+13;MARABA;PA;21/08/2026;04/09/2026;26/08/2026;Entregue No Prazo;;Entrega realizada;Entrega Finalizada;4;9;21;8;CARVALIMA;14005;;;
MOBIS BRASIL FABRICACAO DE AUTO PECAS LT;RODOVIARIO;1563928;24/08/2026;5;358816;24/08/2026;SEVEC VEICULOS LTDA;5,68E+11;CURITIBA;PR;24/08/2026;27/08/2026;26/08/2026;Entregue No Prazo;;Entrega realizada;Entrega Finalizada;27;8;24;8;OURO NEGRO;18012;Aniversário do Município;Americana;SP
MOBIS BRASIL FABRICACAO DE AUTO PECAS LT;RODOVIARIO;1563935;24/08/2026;1;358808;24/08/2026;BARI VEICULOS LTDA;7,46E+12;CURITIBA;PR;24/08/2026;27/08/2026;26/08/2026;Entregue No Prazo;;Entrega realizada;Entrega Finalizada;27;8;24;8;OURO NEGRO;18024;Aniversário do Município;Americana;SP
MOBIS BRASIL FABRICACAO DE AUTO PECAS LT;RODOVIARIO;1563954;24/08/2026;20;358739;24/08/2026;DHC COMERCIO DE VEICULOS E PECAS LTDA;9,52E+12;BAURU;SP;24/08/2026;27/08/2026;26/08/2026;Entregue No Prazo;;Entrega realizada;Entrega Finalizada;27;8;24;8;MVT;26010;Aniversário do Município;Americana;SP
MOBIS BRASIL FABRICACAO DE AUTO PECAS LT;RODOVIARIO;1563967;24/08/2026;1;358737;24/08/2026;CAOA MOTOR DO BRASIL LTDA;1,68E+13;SAO CARLOS;SP;24/08/2026;27/08/2026;26/08/2026;Entregue No Prazo;;Entrega realizada;Entrega Finalizada;27;8;24;8;MVT;5008;Aniversário do Município;Americana;SP
MOBIS BRASIL FABRICACAO DE AUTO PECAS LT;RODOVIARIO;1563934;24/08/2026;2;358806;24/08/2026;BARI VEICULOS LTDA;7,46E+12;SAO JOSE DOS PINHAIS;PR;24/08/2026;28/08/2026;26/08/2026;Entregue No Prazo;;Entrega realizada;Entrega Finalizada;28;8;24;8;OURO NEGRO;18024;;;
MOBIS BRASIL FABRICACAO DE AUTO PECAS LT;RODOVIARIO;1563936;24/08/2026;1;358772;24/08/2026;ITAVEMA MOTORS VEICULOS LTDA;7,73E+12;DUQUE DE CAXIAS;RJ;24/08/2026;28/08/2026;26/08/2026;Entregue No Prazo;;Entrega realizada;Entrega Finalizada;28;8;24;8;CAMILO;19001;;;
MOBIS BRASIL FABRICACAO DE AUTO PECAS LT;RODOVIARIO;1563937;24/08/2026;8;358761;24/08/2026;AMX COM. E SERVICOS DE AUTOMOTORES LTDA;1,20E+13;RIO DE JANEIRO;RJ;24/08/2026;28/08/2026;26/08/2026;Entregue No Prazo;;Entrega realizada;Entrega Finalizada;28;8;24;8;CAMILO;19009;;;
MOBIS BRASIL FABRICACAO DE AUTO PECAS LT;RODOVIARIO;1563939;24/08/2026;6;358773;24/08/2026;ITAVEMA MOTORS VEICULOS LTDA;7,73E+12;RIO DE JANEIRO;RJ;24/08/2026;28/08/2026;26/08/2026;Entregue No Prazo;;Entrega realizada;Entrega Finalizada;28;8;24;8;CAMILO;19001;;;
MOBIS BRASIL FABRICACAO DE AUTO PECAS LT;RODOVIARIO;1563940;24/08/2026;3;358763;24/08/2026;CAOA MOTOR DO BRASIL LTDA;1,68E+13;NITEROI;RJ;24/08/2026;28/08/2026;26/08/2026;Entregue No Prazo;;Entrega realizada;Entrega Finalizada;28;8;24;8;CAMILO;5008;;;
MOBIS BRASIL FABRICACAO DE AUTO PECAS LT;RODOVIARIO;1563942;24/08/2026;4;358765;24/08/2026;CAOA MOTOR DO BRASIL LTDA;1,68E+13;RIO DE JANEIRO;RJ;24/08/2026;28/08/2026;26/08/2026;Entregue No Prazo;;Entrega realizada;Entrega Finalizada;28;8;24;8;CAMILO;5008;;;
MOBIS BRASIL FABRICACAO DE AUTO PECAS LT;RODOVIARIO;1563927;24/08/2026;4;358815;24/08/2026;SANTA FE VEICULOS LTDA.;1,16E+13;FRANCISCO BELTRAO;PR;24/08/2026;31/08/2026;26/08/2026;Entregue No Prazo;;Entrega realizada;Entrega Finalizada;31;8;24;8;OURO NEGRO;18010;;;
MOBIS BRASIL FABRICACAO DE AUTO PECAS LT;RODOVIARIO;1563941;24/08/2026;4;358788;24/08/2026;TAI MOTORS VEICULOS S/A;9,27E+12;CAMPOS DOS GOYTACAZES;RJ;24/08/2026;31/08/2026;26/08/2026;Entregue No Prazo;;Entrega realizada;Entrega Finalizada;31;8;24;8;CAMILO;8002;;;
MOBIS BRASIL FABRICACAO DE AUTO PECAS LT;RODOVIARIO;1563947;24/08/2026;7;358803;24/08/2026;ATUAL VEICULOS LTDA;1,33E+13;CRICIUMA;SC;24/08/2026;31/08/2026;26/08/2026;Entregue No Prazo;;Entrega realizada;Entrega Finalizada;31;8;24;8;OURO NEGRO;24001;;;
MOBIS BRASIL FABRICACAO DE AUTO PECAS LT;RODOVIARIO;1563948;24/08/2026;2;358804;24/08/2026;ATUAL VEICULOS LTDA;1,33E+13;TUBARAO;SC;24/08/2026;31/08/2026;26/08/2026;Entregue No Prazo;;Entrega realizada;Entrega Finalizada;31;8;24;8;OURO NEGRO;24001;;;
MOBIS BRASIL FABRICACAO DE AUTO PECAS LT;RODOVIARIO;1565076;25/08/2026;6;358979;25/08/2026;NOBRE DISTRIBUIDORA DE VEICULOS E PECAS;5,76E+12;MOGI DAS CRUZES;SP;25/08/2026;27/08/2026;26/08/2026;Entregue No Prazo;;Entrega realizada;Entrega Finalizada;27;8;25;8;XD DIADEMA;26004;Aniversário do Município;Americana;SP
MOBIS BRASIL FABRICACAO DE AUTO PECAS LT;RODOVIARIO;1565077;25/08/2026;2;358976;25/08/2026;GRAND SPORT COM. DE VEIC. E PECAS LTDA;8,58E+12;GUARULHOS;SP;25/08/2026;27/08/2026;26/08/2026;Entregue No Prazo;;Entrega realizada;Entrega Finalizada;27;8;25;8;XD DIADEMA;26005;Aniversário do Município;Americana;SP
MOBIS BRASIL FABRICACAO DE AUTO PECAS LT;RODOVIARIO;1565082;25/08/2026;2;358975;25/08/2026;GRAND SPORT COM. DE VEIC. E PECAS LTDA;8,58E+12;SAO PAULO;SP;25/08/2026;27/08/2026;26/08/2026;Entregue No Prazo;;Entrega realizada;Entrega Finalizada;27;8;25;8;XD DIADEMA;26034;Aniversário do Município;Americana;SP
MOBIS BRASIL FABRICACAO DE AUTO PECAS LT;RODOVIARIO;1565083;25/08/2026;1;358973;25/08/2026;CHS MOTORS VEICULOS PECAS E SERV LTDA;1,69E+13;SAO PAULO;SP;25/08/2026;27/08/2026;26/08/2026;Entregue No Prazo;;Entrega realizada;Entrega Finalizada;27;8;25;8;XD DIADEMA;26037;Aniversário do Município;Americana;SP
MOBIS BRASIL FABRICACAO DE AUTO PECAS LT;RODOVIARIO;1565084;25/08/2026;1;358977;25/08/2026;GRANDAY AUTOMOTORES LTDA;1,57E+13;SAO PAULO;SP;25/08/2026;27/08/2026;26/08/2026;Entregue No Prazo;;Entrega realizada;Entrega Finalizada;27;8;25;8;XD DIADEMA;26041;Aniversário do Município;Americana;SP
MOBIS BRASIL FABRICACAO DE AUTO PECAS LT;RODOVIARIO;1565090;25/08/2026;1;358971;25/08/2026;CAOA MOTOR DO BRASIL LTDA (IPIRANGA);1,68E+13;SAO PAULO;SP;25/08/2026;27/08/2026;26/08/2026;Entregue No Prazo;;Entrega realizada;Entrega Finalizada;27;8;25;8;XD DIADEMA;26054;Aniversário do Município;Americana;SP
MOBIS BRASIL FABRICACAO DE AUTO PECAS LT;RODOVIARIO;1565091;25/08/2026;5;358980;25/08/2026;NOBRE SP DISTRIB. DE VEIC. E PEC. LTDA;1,70E+13;SAO PAULO;SP;25/08/2026;27/08/2026;26/08/2026;Entregue No Prazo;;Entrega realizada;Entrega Finalizada;27;8;25;8;XD DIADEMA;26081;Aniversário do Município;Americana;SP
MOBIS BRASIL FABRICACAO DE AUTO PECAS LT;RODOVIARIO;1565094;25/08/2026;4;358970;25/08/2026;CAOA MOTOR DO BRASIL LTDA (INDIANOPOLIS);1,68E+13;SAO PAULO;SP;25/08/2026;27/08/2026;26/08/2026;Entregue No Prazo;;Entrega realizada;Entrega Finalizada;27;8;25;8;XD DIADEMA;26091;Aniversário do Município;Americana;SP
MOBIS BRASIL FABRICACAO DE AUTO PECAS LT;RODOVIARIO;1565086;25/08/2026;1;358959;25/08/2026;ANDRETA II DISTRIBUIDORA DE VEIC. LTDA;9,10E+12;INDAIATUBA;SP;25/08/2026;28/08/2026;26/08/2026;Entregue No Prazo;;Entrega realizada;Entrega Finalizada;28;8;25;8;MVT;26011;;;
MOBIS BRASIL FABRICACAO DE AUTO PECAS LT;RODOVIARIO;1565108;25/08/2026;3;358965;25/08/2026;MOTONET COMERCIO DE VEICULOS LTDA;9,28E+12;SOROCABA;SP;25/08/2026;28/08/2026;26/08/2026;Entregue No Prazo;;Entrega realizada;Entrega Finalizada;28;8;25;8;MVT;26113;;;
MOBIS BRASIL FABRICACAO DE AUTO PECAS LT;RODOVIARIO;1565074;25/08/2026;2;358964;25/08/2026;HYMAX DISTRIBUIDORA DE VEICULOS LTDA;1,73E+13;MOGI GUACU;SP;25/08/2026;31/08/2026;26/08/2026;Entregue No Prazo;;Entrega realizada;Entrega Finalizada;31;8;25;8;MVT;26002;;;
MOBIS BRASIL FABRICACAO DE AUTO PECAS LT;RODOVIARIO;1565088;25/08/2026;10;358963;25/08/2026;H R B COMERCIO DE VEICULOS LTDA;1,82E+13;SAO JOSE DO RIO PRETO;SP;25/08/2026;31/08/2026;26/08/2026;Entregue No Prazo;;Entrega realizada;Entrega Finalizada;31;8;25;8;MVT;26050;;;
MOBIS BRASIL FABRICACAO DE AUTO PECAS LT;RODOVIARIO;1565075;25/08/2026;11;359139;26/08/2026;BILLY DISTRIBUIDORA DE VEICULOS LTDA;1,34E+13;BARUERI;SP;26/08/2026;28/08/2026;26/08/2026;Entregue No Prazo;;Entrega realizada;Entrega Finalizada;28;8;26;8;BV LOG;26003;;;
MOBIS BRASIL FABRICACAO DE AUTO PECAS LT;RODOVIARIO;1565085;25/08/2026;37;359140;26/08/2026;BILLY DISTRIBUIDORA DE VEICULOS LTDA;1,34E+13;SAO CAETANO DO SUL;SP;26/08/2026;28/08/2026;26/08/2026;Entregue No Prazo;;Entrega realizada;Entrega Finalizada;28;8;26;8;BV LOG;26003;;;
MOBIS BRASIL FABRICACAO DE AUTO PECAS LT;RODOVIARIO;1565093;25/08/2026;12;359141;26/08/2026;GRANDAY AUTOMOTORES LTDA (CHAC. CALIFOR);1,57E+13;SAO PAULO;SP;26/08/2026;28/08/2026;26/08/2026;Entregue No Prazo;;Entrega realizada;Entrega Finalizada;28;8;26;8;BV LOG;26090;;;
MOBIS BRASIL FABRICACAO DE AUTO PECAS LT;RODOVIARIO;1565079;25/08/2026;2;359142;26/08/2026;ANDRETA II DISTRIBUIDORA DE VEIC. LTDA;9,10E+12;CAMPINAS;SP;26/08/2026;31/08/2026;26/08/2026;Entregue No Prazo;;Entrega realizada;Entrega Finalizada;31;8;26;8;BV LOG;26011;;;
MOBIS BRASIL FABRICACAO DE AUTO PECAS LT;RODOVIARIO;1565080;25/08/2026;39;359142;26/08/2026;ANDRETA II DISTRIBUIDORA DE VEIC. LTDA;9,10E+12;CAMPINAS;SP;26/08/2026;31/08/2026;26/08/2026;Entregue No Prazo;;Entrega realizada;Entrega Finalizada;31;8;26;8;BV LOG;26011;;;
MOBIS BRASIL FABRICACAO DE AUTO PECAS LT;RODOVIARIO;1531716;24/06/2026;1;349035;24/06/2026;SAGA KOREA COM. DE VEIC. E PC. LTDA;1,27E+13;GOIANIA;GO;24/06/2026;02/07/2026;27/08/2026;Entregue Fora do Prazo;;Entrega realizada;Entrega Finalizada;2;7;24;6;RIO VERMELHO;9011;Independência da Bahia;Estadual;BA
MOBIS BRASIL FABRICACAO DE AUTO PECAS LT;RODOVIARIO;1557673;12/08/2026;1;357073;12/08/2026;MISO VEICULOS LTDA;1,85E+13;MACAPA;AP;12/08/2026;02/09/2026;27/08/2026;Entregue No Prazo;;Entrega realizada;Entrega Finalizada;2;9;12;8;CARVALIMA;4001;;;
MOBIS BRASIL FABRICACAO DE AUTO PECAS LT;RODOVIARIO;1559857;17/08/2026;4;357678;17/08/2026;GREEN CITY VEICULOS LTDA;2,10E+13;TERESINA;PI;17/08/2026;02/09/2026;27/08/2026;Entregue No Prazo;;Entrega realizada;Entrega Finalizada;2;9;17;8;TERMACO;17002;;;
MOBIS BRASIL FABRICACAO DE AUTO PECAS LT;RODOVIARIO;1560711;18/08/2026;4;357825;18/08/2026;SAINT LAND COMERCIO DE VEICULOS LTDA;1,04E+13;ARACAJU;SE;18/08/2026;31/08/2026;27/08/2026;Entregue No Prazo;;Entrega realizada;Entrega Finalizada;31;8;18;8;TERMACO;6010;;;
MOBIS BRASIL FABRICACAO DE AUTO PECAS LT;RODOVIARIO;1561228;18/08/2026;4;357826;18/08/2026;SEVEL VEICULOS LTDA;1,07E+13;ARACAJU;SE;18/08/2026;31/08/2026;27/08/2026;Entregue No Prazo;;Entrega realizada;Entrega Finalizada;31;8;18;8;TERMACO;25001;;;
MOBIS BRASIL FABRICACAO DE AUTO PECAS LT;RODOVIARIO;1560634;18/08/2026;33;357806;18/08/2026;FAZZA MOTORS COMERCIO DE VEICULOS LTDA;1,24E+13;FORTALEZA;CE;18/08/2026;01/09/2026;27/08/2026;Entregue No Prazo;;Entrega realizada;Entrega Finalizada;1;9;18;8;TERMACO;5007;;;
MOBIS BRASIL FABRICACAO DE AUTO PECAS LT;RODOVIARIO;1560632;18/08/2026;7;357816;18/08/2026;PATEO COMERCIO DE VEICULOS S A;7,78E+12;FEIRA DE SANTANA;BA;18/08/2026;02/09/2026;27/08/2026;Entregue No Prazo;;Entrega realizada;Entrega Finalizada;2;9;18;8;TERMACO;5009;;;
MOBIS BRASIL FABRICACAO DE AUTO PECAS LT;RODOVIARIO;1560633;18/08/2026;4;357833;18/08/2026;VIA NORTE COM. E IMPORT. DE VEIC. LTDA;1,25E+13;SOBRAL;CE;18/08/2026;03/09/2026;27/08/2026;Entregue No Prazo;;Entrega realizada;Entrega Finalizada;3;9;18;8;TERMACO;6002;;;
MOBIS BRASIL FABRICACAO DE AUTO PECAS LT;RODOVIARIO;1560635;18/08/2026;4;357823;18/08/2026;SAINT LAND COMERCIO DE VEICULOS LTDA;1,04E+13;JUAZEIRO DO NORTE;CE;18/08/2026;03/09/2026;27/08/2026;Entregue No Prazo;;Entrega realizada;Entrega Finalizada;3;9;18;8;TERMACO;6010;;;
MOBIS BRASIL FABRICACAO DE AUTO PECAS LT;RODOVIARIO;1560629;18/08/2026;2;357829;18/08/2026;ULSAN COMERCIO DE VEICULOS LTDA;2,10E+13;RIO BRANCO;AC;18/08/2026;04/09/2026;27/08/2026;Entregue No Prazo;;Entrega realizada;Entrega Finalizada;4;9;18;8;CARVALIMA;21004;;;
MOBIS BRASIL FABRICACAO DE AUTO PECAS LT;RODOVIARIO;1562006;19/08/2026;3;358108;19/08/2026;VIA BRASIL AUTOMOVEIS LTDA.;4,72E+12;SERRA;ES;19/08/2026;26/08/2026;27/08/2026;Entregue Fora do Prazo;;Entrega realizada;Entrega Finalizada;26;8;19;8;CAMILO;8001;;;
MOBIS BRASIL FABRICACAO DE AUTO PECAS LT;RODOVIARIO;1561515;19/08/2026;24;358102;19/08/2026;SAGA ASIA COM. DE VEIC.PC.E SERV. LTDA;2,14E+13;PORTO VELHO;RO;19/08/2026;28/08/2026;27/08/2026;Entregue No Prazo;;Entrega realizada;Entrega Finalizada;28;8;19;8;CARVALIMA;21003;;;
MOBIS BRASIL FABRICACAO DE AUTO PECAS LT;RODOVIARIO;1561529;19/08/2026;1;358103;19/08/2026;SAINT LAND COMERCIO DE VEICULOS LTDA;1,04E+13;ARACAJU;SE;19/08/2026;01/09/2026;27/08/2026;Entregue No Prazo;;Entrega realizada;Entrega Finalizada;1;9;19;8;TERMACO;6010;;;
MOBIS BRASIL FABRICACAO DE AUTO PECAS LT;RODOVIARIO;1561530;19/08/2026;2;358103;19/08/2026;SAINT LAND COMERCIO DE VEICULOS LTDA;1,04E+13;ARACAJU;SE;19/08/2026;01/09/2026;27/08/2026;Entregue No Prazo;;Entrega realizada;Entrega Finalizada;1;9;19;8;TERMACO;6010;;;
MOBIS BRASIL FABRICACAO DE AUTO PECAS LT;RODOVIARIO;1562012;19/08/2026;4;358105;19/08/2026;SEVEL VEICULOS LTDA;1,07E+13;ARACAJU;SE;19/08/2026;01/09/2026;27/08/2026;Entregue No Prazo;;Entrega realizada;Entrega Finalizada;1;9;19;8;TERMACO;25001;;;
MOBIS BRASIL FABRICACAO DE AUTO PECAS LT;RODOVIARIO;1561514;19/08/2026;1;358104;19/08/2026;SAINT LAND COMERCIO DE VEICULOS LTDA;1,04E+13;NATAL;RN;19/08/2026;03/09/2026;27/08/2026;Entregue No Prazo;;Entrega realizada;Entrega Finalizada;3;9;19;8;TERMACO;6010;;;
MOBIS BRASIL FABRICACAO DE AUTO PECAS LT;RODOVIARIO;1562225;20/08/2026;2;358361;20/08/2026;HOUSE PARTS COMERCIO DE PECAS E VEI;1,15E+13;CAXIAS DO SUL;RS;20/08/2026;27/08/2026;27/08/2026;Entregue No Prazo;;Entrega realizada;Entrega Finalizada;27;8;20;8;TRANSTRY;23023;Aniversário do Município;Americana;SP
MOBIS BRASIL FABRICACAO DE AUTO PECAS LT;RODOVIARIO;1562761;20/08/2026;10;358346;20/08/2026;VIA BRASIL AUTOMOVEIS LTDA.;4,72E+12;SERRA;ES;20/08/2026;27/08/2026;27/08/2026;Entregue No Prazo;;Entrega realizada;Entrega Finalizada;27;8;20;8;CAMILO;8001;Aniversário do Município;Americana;SP
MOBIS BRASIL FABRICACAO DE AUTO PECAS LT;RODOVIARIO;1562235;20/08/2026;2;358342;20/08/2026;SAINT LAND COMERCIO DE VEICULOS LTDA;1,04E+13;ARACAJU;SE;20/08/2026;02/09/2026;27/08/2026;Entregue No Prazo;;Entrega realizada;Entrega Finalizada;2;9;20;8;TERMACO;6010;;;
MOBIS BRASIL FABRICACAO DE AUTO PECAS LT;RODOVIARIO;1562763;20/08/2026;6;358343;20/08/2026;SEVEL VEICULOS LTDA;1,07E+13;ARACAJU;SE;20/08/2026;02/09/2026;27/08/2026;Entregue No Prazo;;Entrega realizada;Entrega Finalizada;2;9;20;8;TERMACO;25001;;;
MOBIS BRASIL FABRICACAO DE AUTO PECAS LT;RODOVIARIO;1562217;20/08/2026;2;358336;20/08/2026;ORIENTE AUTOMOVEIS LTDA;1,33E+13;PARNAMIRIM;RN;20/08/2026;08/09/2026;27/08/2026;Entregue No Prazo;;Entrega realizada;Entrega Finalizada;8;9;20;8;TERMACO;20001;;;
MOBIS BRASIL FABRICACAO DE AUTO PECAS LT;RODOVIARIO;1562938;21/08/2026;2;358556;21/08/2026;BARI VEICULOS LTDA;7,46E+12;GUARAPUAVA;PR;21/08/2026;27/08/2026;27/08/2026;Entregue No Prazo;;Entrega realizada;Entrega Finalizada;27;8;21;8;TRANSTRY;18024;Aniversário do Município;Americana;SP
MOBIS BRASIL FABRICACAO DE AUTO PECAS LT;RODOVIARIO;1562945;21/08/2026;2;358519;21/08/2026;GRAFFITI VEICULOS LTDA.;1,71E+13;ITAPERUNA;RJ;21/08/2026;28/08/2026;27/08/2026;Entregue No Prazo;;Entrega realizada;Entrega Finalizada;28;8;21;8;CAMILO;19015;;;
MOBIS BRASIL FABRICACAO DE AUTO PECAS LT;RODOVIARIO;1562949;21/08/2026;1;358525;21/08/2026;MONTREAL VEICULOS E PECAS LTDA;1,68E+13;SAO PEDRO DA ALDEIA;RJ;21/08/2026;28/08/2026;27/08/2026;Entregue No Prazo;;Entrega realizada;Entrega Finalizada;28;8;21;8;CAMILO;19030;;;
MOBIS BRASIL FABRICACAO DE AUTO PECAS LT;RODOVIARIO;1562965;21/08/2026;1;358569;21/08/2026;PONTO CERTO COMERCIO DE VEICULOS LTDA;1,50E+13;LAGES;SC;21/08/2026;28/08/2026;27/08/2026;Entregue No Prazo;;Entrega realizada;Entrega Finalizada;28;8;21;8;TRANSTRY;24017;;;
MOBIS BRASIL FABRICACAO DE AUTO PECAS LT;RODOVIARIO;1563447;21/08/2026;1;358545;21/08/2026;VIA BRASIL AUTOMOVEIS LTDA.;4,72E+12;SERRA;ES;21/08/2026;28/08/2026;27/08/2026;Entregue No Prazo;;Entrega realizada;Entrega Finalizada;28;8;21;8;CAMILO;8001;;;
MOBIS BRASIL FABRICACAO DE AUTO PECAS LT;RODOVIARIO;1562903;21/08/2026;3;358534;21/08/2026;PRIME CACHOEIRO VEICULOS LTDA;9,34E+12;CACHOEIRO DE ITAPEMIRIM;ES;21/08/2026;31/08/2026;27/08/2026;Entregue No Prazo;;Entrega realizada;Entrega Finalizada;31;8;21;8;CAMILO;8004;;;
MOBIS BRASIL FABRICACAO DE AUTO PECAS LT;RODOVIARIO;1562914;21/08/2026;2;358543;21/08/2026;ULSAN COMERCIO DE VEICULOS LTDA.;2,10E+13;CAMPO GRANDE;MS;21/08/2026;31/08/2026;27/08/2026;Entregue No Prazo;;Entrega realizada;Entrega Finalizada;31;8;21;8;CARVALIMA;12004;;;
MOBIS BRASIL FABRICACAO DE AUTO PECAS LT;RODOVIARIO;1562894;21/08/2026;17;358532;21/08/2026;PATEO COMERCIO DE VEICULOS S A;7,78E+12;SALVADOR;BA;21/08/2026;02/09/2026;27/08/2026;Entregue No Prazo;;Entrega realizada;Entrega Finalizada;2;9;21;8;TERMACO;5003;;;
MOBIS BRASIL FABRICACAO DE AUTO PECAS LT;RODOVIARIO;1562895;21/08/2026;5;358517;21/08/2026;FAZZA MOTORS COMERCIO DE VEICULOS LTDA;1,24E+13;SALVADOR;BA;21/08/2026;02/09/2026;27/08/2026;Entregue No Prazo;;Entrega realizada;Entrega Finalizada;2;9;21;8;TERMACO;5007;;;
MOBIS BRASIL FABRICACAO DE AUTO PECAS LT;RODOVIARIO;1562920;21/08/2026;2;358544;21/08/2026;UNIQUE COMERCIO DE AUTOMOVEIS LTDA;1,74E+13;ANANINDEUA;PA;21/08/2026;03/09/2026;27/08/2026;Entregue No Prazo;;Entrega realizada;Entrega Finalizada;3;9;21;8;CARVALIMA;14003;;;
MOBIS BRASIL FABRICACAO DE AUTO PECAS LT;RODOVIARIO;1562896;21/08/2026;1;358512;21/08/2026;CAOA MOTOR DO BRASIL LTDA;1,68E+13;LAURO DE FREITAS;BA;21/08/2026;08/09/2026;27/08/2026;Entregue No Prazo;;Entrega realizada;Entrega Finalizada;8;9;21;8;TERMACO;5008;;;
MOBIS BRASIL FABRICACAO DE AUTO PECAS LT;RODOVIARIO;1563910;24/08/2026;4;358756;24/08/2026;TAI MOTORS VEICULOS S/A;9,27E+12;BELO HORIZONTE;MG;24/08/2026;27/08/2026;27/08/2026;Entregue No Prazo;;Entrega realizada;Entrega Finalizada;27;8;24;8;XD BETIM;8002;Aniversário do Município;Americana;SP
MOBIS BRASIL FABRICACAO DE AUTO PECAS LT;RODOVIARIO;1563912;24/08/2026;39;358742;24/08/2026;BDG AUTOVILLE VEICULOS LTDA;4,77E+13;CONTAGEM;MG;24/08/2026;27/08/2026;27/08/2026;Entregue No Prazo;;Entrega realizada;Entrega Finalizada;27;8;24;8;XD BETIM;11037;Aniversário do Município;Americana;SP
MOBIS BRASIL FABRICACAO DE AUTO PECAS LT;RODOVIARIO;1563909;24/08/2026;8;358757;24/08/2026;URCA MOTORS VEICULOS LTDA;8,77E+12;UBERLANDIA;MG;24/08/2026;28/08/2026;27/08/2026;Entregue No Prazo;;Entrega realizada;Entrega Finalizada;28;8;24;8;XD BETIM;9014;;;
MOBIS BRASIL FABRICACAO DE AUTO PECAS LT;RODOVIARIO;1563930;24/08/2026;1;358818;24/08/2026;VETOR AUTOMOVEIS LTDA;2,12E+13;CASCAVEL;PR;24/08/2026;28/08/2026;27/08/2026;Entregue No Prazo;;Entrega realizada;Entrega Finalizada;28;8;24;8;OURO NEGRO;18019;;;
MOBIS BRASIL FABRICACAO DE AUTO PECAS LT;RODOVIARIO;1563931;24/08/2026;5;358807;24/08/2026;BARI VEICULOS LTDA;7,46E+12;PONTA GROSSA;PR;24/08/2026;28/08/2026;27/08/2026;Entregue No Prazo;;Entrega realizada;Entrega Finalizada;28;8;24;8;OURO NEGRO;18024;;;
MOBIS BRASIL FABRICACAO DE AUTO PECAS LT;RODOVIARIO;1563932;24/08/2026;3;358807;24/08/2026;BARI VEICULOS LTDA;7,46E+12;PONTA GROSSA;PR;24/08/2026;28/08/2026;27/08/2026;Entregue No Prazo;;Entrega realizada;Entrega Finalizada;28;8;24;8;OURO NEGRO;18024;;;
MOBIS BRASIL FABRICACAO DE AUTO PECAS LT;RODOVIARIO;1563938;24/08/2026;4;358766;24/08/2026;CAOA MOTOR DO BRASIL LTDA;1,68E+13;RIO DE JANEIRO;RJ;24/08/2026;28/08/2026;27/08/2026;Entregue No Prazo;;Entrega realizada;Entrega Finalizada;28;8;24;8;CAMILO;5008;;;
MOBIS BRASIL FABRICACAO DE AUTO PECAS LT;RODOVIARIO;1563950;24/08/2026;2;358809;24/08/2026;BARI VEICULOS LTDA.;7,46E+12;ITAJAI;SC;24/08/2026;28/08/2026;27/08/2026;Entregue No Prazo;;Entrega realizada;Entrega Finalizada;28;8;24;8;OURO NEGRO;24014;;;
MOBIS BRASIL FABRICACAO DE AUTO PECAS LT;RODOVIARIO;1563975;24/08/2026;2;358735;24/08/2026;ANDRETA II DISTRIBUIDORA DE VEIC. LTDA;9,10E+12;RIO CLARO;SP;24/08/2026;28/08/2026;27/08/2026;Entregue No Prazo;;Entrega realizada;Entrega Finalizada;28;8;24;8;MVT;26011;;;
MOBIS BRASIL FABRICACAO DE AUTO PECAS LT;RODOVIARIO;1563899;24/08/2026;2;358787;24/08/2026;TAI MOTORS VEICULOS S/A;9,27E+12;VITORIA;ES;24/08/2026;31/08/2026;27/08/2026;Entregue No Prazo;;Entrega realizada;Entrega Finalizada;31;8;24;8;CAMILO;8002;;;
MOBIS BRASIL FABRICACAO DE AUTO PECAS LT;RODOVIARIO;1563943;24/08/2026;2;358777;24/08/2026;MONTREAL VEICULOS E PECAS LTDA;1,68E+13;SAO PEDRO DA ALDEIA;RJ;24/08/2026;31/08/2026;27/08/2026;Entregue No Prazo;;Entrega realizada;Entrega Finalizada;31;8;24;8;CAMILO;19030;;;
MOBIS BRASIL FABRICACAO DE AUTO PECAS LT;RODOVIARIO;1563946;24/08/2026;1;358802;24/08/2026;ATUAL VEICULOS LTDA;1,33E+13;ARARANGUA;SC;24/08/2026;31/08/2026;27/08/2026;Entregue No Prazo;;Entrega realizada;Entrega Finalizada;31;8;24;8;OURO NEGRO;24001;;;
MOBIS BRASIL FABRICACAO DE AUTO PECAS LT;RODOVIARIO;1563949;24/08/2026;33;358805;24/08/2026;BARI VEICULOS LTDA;7,46E+12;BLUMENAU;SC;24/08/2026;31/08/2026;27/08/2026;Entregue No Prazo;;Entrega realizada;Entrega Finalizada;31;8;24;8;OURO NEGRO;18024;;;
MOBIS BRASIL FABRICACAO DE AUTO PECAS LT;RODOVIARIO;1564329;24/08/2026;1;358793;24/08/2026;VIA BRASIL AUTOMOVEIS LTDA.;4,72E+12;SERRA;ES;24/08/2026;31/08/2026;27/08/2026;Entregue No Prazo;;Entrega realizada;Entrega Finalizada;31;8;24;8;CAMILO;8001;;;
MOBIS BRASIL FABRICACAO DE AUTO PECAS LT;RODOVIARIO;1563901;24/08/2026;2;358784;24/08/2026;PRIME CACHOEIRO VEICULOS LTDA;9,34E+12;LINHARES;ES;24/08/2026;01/09/2026;27/08/2026;Entregue No Prazo;;Entrega realizada;Entrega Finalizada;1;9;24;8;CAMILO;8004;;;
MOBIS BRASIL FABRICACAO DE AUTO PECAS LT;RODOVIARIO;1563902;24/08/2026;1;358789;24/08/2026;TAI MOTORS VEICULOS SA;9,27E+12;COLATINA;ES;24/08/2026;01/09/2026;27/08/2026;Entregue No Prazo;;Entrega realizada;Entrega Finalizada;1;9;24;8;CAMILO;8006;;;
MOBIS BRASIL FABRICACAO DE AUTO PECAS LT;RODOVIARIO;1563913;24/08/2026;3;358769;24/08/2026;GOLDEN MOTORS VEICULOS LTDA;3,62E+12;DOURADOS;MS;24/08/2026;01/09/2026;27/08/2026;Entregue No Prazo;;Entrega realizada;Entrega Finalizada;1;9;24;8;CARVALIMA;12001;;;
MOBIS BRASIL FABRICACAO DE AUTO PECAS LT;RODOVIARIO;1565078;25/08/2026;1;358962;25/08/2026;DHC COMERCIO DE VEICULOS E PECAS LTDA;9,52E+12;BAURU;SP;25/08/2026;28/08/2026;27/08/2026;Entregue No Prazo;;Entrega realizada;Entrega Finalizada;28;8;25;8;MVT;26010;;;
MOBIS BRASIL FABRICACAO DE AUTO PECAS LT;RODOVIARIO;1565081;25/08/2026;20;358966;25/08/2026;NEW VEICULOS E PECAS LTDA;1,59E+13;RIBEIRAO PRETO;SP;25/08/2026;28/08/2026;27/08/2026;Entregue No Prazo;;Entrega realizada;Entrega Finalizada;28;8;25;8;MVT;26014;;;
MOBIS BRASIL FABRICACAO DE AUTO PECAS LT;RODOVIARIO;1565087;25/08/2026;2;358960;25/08/2026;ANDRETA II DISTRIBUIDORA DE VEIC. LTDA;9,10E+12;AMERICANA;SP;25/08/2026;28/08/2026;27/08/2026;Entregue No Prazo;;Entrega realizada;Entrega Finalizada;28;8;25;8;MVT;26011;;;
MOBIS BRASIL FABRICACAO DE AUTO PECAS LT;RODOVIARIO;1565045;25/08/2026;2;359061;25/08/2026;LOVAT VEICULOS S/A;8,57E+12;LONDRINA;PR;25/08/2026;31/08/2026;27/08/2026;Entregue No Prazo;;Entrega realizada;Entrega Finalizada;31;8;25;8;TRANSTRY;18008;;;
MOBIS BRASIL FABRICACAO DE AUTO PECAS LT;RODOVIARIO;1565047;25/08/2026;4;359051;25/08/2026;BARI VEICULOS LTDA;7,46E+12;PONTA GROSSA;PR;25/08/2026;31/08/2026;27/08/2026;Entregue No Prazo;;Entrega realizada;Entrega Finalizada;31;8;25;8;TRANSTRY;18024;;;
MOBIS BRASIL FABRICACAO DE AUTO PECAS LT;RODOVIARIO;1565048;25/08/2026;2;359049;25/08/2026;BARI VEICULOS LTDA;7,46E+12;SAO JOSE DOS PINHAIS;PR;25/08/2026;31/08/2026;27/08/2026;Entregue No Prazo;;Entrega realizada;Entrega Finalizada;31;8;25;8;TRANSTRY;18024;;;
MOBIS BRASIL FABRICACAO DE AUTO PECAS LT;RODOVIARIO;1565068;25/08/2026;3;359052;25/08/2026;BARI VEICULOS LTDA.;7,46E+12;JOINVILLE;SC;25/08/2026;31/08/2026;27/08/2026;Entregue No Prazo;;Entrega realizada;Entrega Finalizada;31;8;25;8;TRANSTRY;24013;;;
MOBIS BRASIL FABRICACAO DE AUTO PECAS LT;RODOVIARIO;1565069;25/08/2026;3;359053;25/08/2026;BARI VEICULOS LTDA.;7,46E+12;ITAJAI;SC;25/08/2026;31/08/2026;27/08/2026;Entregue No Prazo;;Entrega realizada;Entrega Finalizada;31;8;25;8;TRANSTRY;24014;;;
MOBIS BRASIL FABRICACAO DE AUTO PECAS LT;RODOVIARIO;1565089;25/08/2026;2;358967;25/08/2026;NOBRE DISTRIBUIDORA DE VEIC. E PEC. LTDA;5,76E+12;APARECIDA;SP;25/08/2026;31/08/2026;27/08/2026;Entregue No Prazo;;Entrega realizada;Entrega Finalizada;31;8;25;8;MVT;26053;;;
MOBIS BRASIL FABRICACAO DE AUTO PECAS LT;RODOVIARIO;1565052;25/08/2026;3;359025;25/08/2026;VIA VR VEICULOS LTDA;1,73E+13;VOLTA REDONDA;RJ;25/08/2026;01/09/2026;27/08/2026;Entregue No Prazo;;Entrega realizada;Entrega Finalizada;1;9;25;8;CAMILO;19016;;;
MOBIS BRASIL FABRICACAO DE AUTO PECAS LT;RODOVIARIO;1565067;25/08/2026;3;359050;25/08/2026;BARI VEICULOS LTDA;7,46E+12;BLUMENAU;SC;25/08/2026;01/09/2026;27/08/2026;Entregue No Prazo;;Entrega realizada;Entrega Finalizada;1;9;25;8;TRANSTRY;18024;;;
MOBIS BRASIL FABRICACAO DE AUTO PECAS LT;RODOVIARIO;1565032;25/08/2026;8;359000;25/08/2026;GOLDEN MOTORS VEICULOS LTDA;3,62E+12;TRES LAGOAS;MS;25/08/2026;02/09/2026;27/08/2026;Entregue No Prazo;;Entrega realizada;Entrega Finalizada;2;9;25;8;CARVALIMA;12001;;;
MOBIS BRASIL FABRICACAO DE AUTO PECAS LT;RODOVIARIO;1565070;25/08/2026;3;359048;25/08/2026;BARI VEICULOS LTDA;7,46E+12;BALNEARIO CAMBORIU;SC;25/08/2026;02/09/2026;27/08/2026;Entregue No Prazo;;Entrega realizada;Entrega Finalizada;2;9;25;8;TRANSTRY;18024;;;
MOBIS BRASIL FABRICACAO DE AUTO PECAS LT;RODOVIARIO;1565071;25/08/2026;2;359056;25/08/2026;CHINHAN AUTOMOVEIS LTDA;2,41E+13;CONCORDIA;SC;25/08/2026;02/09/2026;27/08/2026;Entregue No Prazo;;Entrega realizada;Entrega Finalizada;2;9;25;8;TRANSTRY;23019;;;
MOBIS BRASIL FABRICACAO DE AUTO PECAS LT;RODOVIARIO;1565096;25/08/2026;99;359018;25/08/2026;SAGA ASIA COM. DE VEIC.PC.E SERV. LTDA;2,23E+13;VARZEA GRANDE;MT;25/08/2026;03/09/2026;27/08/2026;Entregue No Prazo;;Entrega realizada;Entrega Finalizada;3;9;25;8;CARVALIMA;13004;;;
MOBIS BRASIL FABRICACAO DE AUTO PECAS LT;RODOVIARIO;1565097;25/08/2026;5;359018;25/08/2026;SAGA ASIA COM. DE VEIC.PC.E SERV. LTDA;2,23E+13;VARZEA GRANDE;MT;25/08/2026;03/09/2026;27/08/2026;Entregue No Prazo;;Entrega realizada;Entrega Finalizada;3;9;25;8;CARVALIMA;13004;;;
MOBIS BRASIL FABRICACAO DE AUTO PECAS LT;RODOVIARIO;1565098;25/08/2026;51;359018;25/08/2026;SAGA ASIA COM. DE VEIC.PC.E SERV. LTDA;2,23E+13;VARZEA GRANDE;MT;25/08/2026;03/09/2026;27/08/2026;Entregue No Prazo;;Entrega realizada;Entrega Finalizada;3;9;25;8;CARVALIMA;13004;;;
MOBIS BRASIL FABRICACAO DE AUTO PECAS LT;RODOVIARIO;1565894;26/08/2026;6;359160;26/08/2026;NOBRE DISTRIBUIDORA DE VEICULOS E PECAS;5,76E+12;MOGI DAS CRUZES;SP;26/08/2026;28/08/2026;27/08/2026;Entregue No Prazo;;Entrega realizada;Entrega Finalizada;28;8;26;8;XD DIADEMA;26004;;;
MOBIS BRASIL FABRICACAO DE AUTO PECAS LT;RODOVIARIO;1565898;26/08/2026;1;359157;26/08/2026;CAOA MOTOR DO BRASIL LTDA (ARICANDUVA);1,68E+13;SAO PAULO;SP;26/08/2026;28/08/2026;27/08/2026;Entregue No Prazo;;Entrega realizada;Entrega Finalizada;28;8;26;8;XD DIADEMA;26039;;;
MOBIS BRASIL FABRICACAO DE AUTO PECAS LT;RODOVIARIO;1565903;26/08/2026;3;359156;26/08/2026;BILLY DISTRIBUIDORA DE VEICULOS LTDA;1,34E+13;DIADEMA;SP;26/08/2026;28/08/2026;27/08/2026;Entregue No Prazo;;Entrega realizada;Entrega Finalizada;28;8;26;8;XD DIADEMA;26003;;;
MOBIS BRASIL FABRICACAO DE AUTO PECAS LT;RODOVIARIO;1565909;26/08/2026;1;359161;26/08/2026;NOBRE SP DISTRIB. DE VEIC. E PEC. LTDA;1,70E+13;SAO PAULO;SP;26/08/2026;28/08/2026;27/08/2026;Entregue No Prazo;;Entrega realizada;Entrega Finalizada;28;8;26;8;XD DIADEMA;26081;;;
MOBIS BRASIL FABRICACAO DE AUTO PECAS LT;RODOVIARIO;1565914;26/08/2026;1;359158;26/08/2026;CHS MOTORS VEICULOS PECAS E SERV.  LTDA;1,69E+13;SAO PAULO;SP;26/08/2026;28/08/2026;27/08/2026;Entregue No Prazo;;Entrega realizada;Entrega Finalizada;28;8;26;8;XD DIADEMA;26108;;;
MOBIS BRASIL FABRICACAO DE AUTO PECAS LT;RODOVIARIO;1565864;26/08/2026;20;359214;26/08/2026;SEVEC VEICULOS LTDA;5,68E+11;CURITIBA;PR;26/08/2026;31/08/2026;27/08/2026;Entregue No Prazo;;Entrega realizada;Entrega Finalizada;31;8;26;8;TRANSTRY;18012;;;
MOBIS BRASIL FABRICACAO DE AUTO PECAS LT;RODOVIARIO;1565869;26/08/2026;1;359203;26/08/2026;BARI VEICULOS LTDA;7,46E+12;CURITIBA;PR;26/08/2026;31/08/2026;27/08/2026;Entregue No Prazo;;Entrega realizada;Entrega Finalizada;31;8;26;8;TRANSTRY;18024;;;
MOBIS BRASIL FABRICACAO DE AUTO PECAS LT;RODOVIARIO;1565870;26/08/2026;3;359203;26/08/2026;BARI VEICULOS LTDA;7,46E+12;CURITIBA;PR;26/08/2026;31/08/2026;27/08/2026;Entregue No Prazo;;Entrega realizada;Entrega Finalizada;31;8;26;8;TRANSTRY;18024;;;
MOBIS BRASIL FABRICACAO DE AUTO PECAS LT;RODOVIARIO;1565895;26/08/2026;6;359146;26/08/2026;DHC COMERCIO DE VEICULOS E PECAS LTDA;9,52E+12;BAURU;SP;26/08/2026;31/08/2026;27/08/2026;Entregue No Prazo;Falta de 01 volume;Entrega realizada;Entrega Finalizada;31;8;26;8;MVT;26010;;;
MOBIS BRASIL FABRICACAO DE AUTO PECAS LT;RODOVIARIO;1565902;26/08/2026;3;359143;26/08/2026;ANDRETA II DISTRIBUIDORA DE VEIC. LTDA;9,10E+12;AMERICANA;SP;26/08/2026;31/08/2026;27/08/2026;Entregue No Prazo;;Entrega realizada;Entrega Finalizada;31;8;26;8;MVT;26011;;;
MOBIS BRASIL FABRICACAO DE AUTO PECAS LT;RODOVIARIO;1565904;26/08/2026;14;359154;26/08/2026;NEW VEICULOS E PECAS LTDA.;1,59E+13;FRANCA;SP;26/08/2026;01/09/2026;27/08/2026;Entregue No Prazo;;Entrega realizada;Entrega Finalizada;1;9;26;8;MVT;26048;;;
MOBIS BRASIL FABRICACAO DE AUTO PECAS LT;RODOVIARIO;1565905;26/08/2026;3;359151;26/08/2026;H R B COMERCIO DE VEICULOS LTDA;1,82E+13;SAO JOSE DO RIO PRETO;SP;26/08/2026;01/09/2026;27/08/2026;Entregue No Prazo;Avaria;Entrega realizada;Entrega Finalizada;1;9;26;8;MVT;26050;;;
MOBIS BRASIL FABRICACAO DE AUTO PECAS LT;RODOVIARIO;1565908;26/08/2026;2;359153;26/08/2026;NEW VEICULOS E PECAS LTDA.;1,59E+13;ARARAQUARA;SP;26/08/2026;01/09/2026;27/08/2026;Entregue No Prazo;;Entrega realizada;Entrega Finalizada;1;9;26;8;MVT;26071;;;
MOBIS BRASIL FABRICACAO DE AUTO PECAS LT;RODOVIARIO;1565911;26/08/2026;3;359150;26/08/2026;H - CAMINHO AUTOMOVEIS LTDA;2,53E+13;PIRACICABA;SP;26/08/2026;01/09/2026;27/08/2026;Entregue No Prazo;;Entrega realizada;Entrega Finalizada;1;9;26;8;MVT;26092;;;
MOBIS BRASIL FABRICACAO DE AUTO PECAS LT;RODOVIARIO;1565913;26/08/2026;1;359145;26/08/2026;ANDRETA II DISTRIBUIDORA DE VEIC. LTDA;9,10E+12;RIO CLARO;SP;26/08/2026;01/09/2026;27/08/2026;Entregue No Prazo;;Entrega realizada;Entrega Finalizada;1;9;26;8;MVT;26011;;;
MOBIS BRASIL FABRICACAO DE AUTO PECAS LT;RODOVIARIO;1565900;26/08/2026;1;359375;27/08/2026;BILLY DISTRIBUIDORA DE VEICULOS LTDA;1,34E+13;SAO CAETANO DO SUL;SP;27/08/2026;31/08/2026;27/08/2026;Entregue No Prazo;;Entrega realizada;Entrega Finalizada;31;8;27;8;BV LOG;26003;;;
MOBIS BRASIL FABRICACAO DE AUTO PECAS LT;RODOVIARIO;1565901;26/08/2026;42;359375;27/08/2026;BILLY DISTRIBUIDORA DE VEICULOS LTDA;1,34E+13;SAO CAETANO DO SUL;SP;27/08/2026;31/08/2026;27/08/2026;Entregue No Prazo;;Entrega realizada;Entrega Finalizada;31;8;27;8;BV LOG;26003;;;
MOBIS BRASIL FABRICACAO DE AUTO PECAS LT;RODOVIARIO;1565910;26/08/2026;14;359376;27/08/2026;GRANDAY AUTOMOTORES LTDA (CHAC. CALIFOR);1,57E+13;SAO PAULO;SP;27/08/2026;31/08/2026;27/08/2026;Entregue No Prazo;;Entrega realizada;Entrega Finalizada;31;8;27;8;BV LOG;26090;;;
MOBIS BRASIL FABRICACAO DE AUTO PECAS LT;RODOVIARIO;1565896;26/08/2026;14;359412;27/08/2026;ANDRETA II DISTRIBUIDORA DE VEIC. LTDA;9,10E+12;CAMPINAS;SP;27/08/2026;01/09/2026;27/08/2026;Entregue No Prazo;;Entrega realizada;Entrega Finalizada;1;9;27;8;BV LOG;26011;;;
MOBIS BRASIL FABRICACAO DE AUTO PECAS LT;RODOVIARIO;1566750;27/08/2026;70;359412;27/08/2026;ANDRETA II DISTRIBUIDORA DE VEIC. LTDA;9,10E+12;CAMPINAS;SP;27/08/2026;01/09/2026;27/08/2026;Entregue No Prazo;;Entrega realizada;Entrega Finalizada;1;9;27;8;BV LOG;26011;;;
MOBIS BRASIL FABRICACAO DE AUTO PECAS LT;RODOVIARIO;1566760;27/08/2026;4;359413;27/08/2026;CAOA MOTOR DO BRASIL LTDA;1,68E+13;CAMPINAS;SP;27/08/2026;01/09/2026;27/08/2026;Entregue No Prazo;;Entrega realizada;Entrega Finalizada;1;9;27;8;BV LOG;5008;;;
MOBIS BRASIL FABRICACAO DE AUTO PECAS LT;RODOVIARIO;1566763;27/08/2026;37;359414;27/08/2026;DESTAQUE SEUL DISTR. DE VEIC. E PC. LTDA;2,12E+13;ATIBAIA;SP;27/08/2026;01/09/2026;27/08/2026;Entregue No Prazo;;Entrega realizada;Entrega Finalizada;1;9;27;8;BV LOG;26075;;;
MOBIS BRASIL FABRICACAO DE AUTO PECAS LT;RODOVIARIO;1566770;27/08/2026;5;359416;27/08/2026;H - CAMINHO AUTOMOVEIS LTDA;2,53E+13;LIMEIRA;SP;27/08/2026;01/09/2026;27/08/2026;Entregue No Prazo;;Entrega realizada;Entrega Finalizada;1;9;27;8;BV LOG;26092;;;
MOBIS BRASIL FABRICACAO DE AUTO PECAS LT;RODOVIARIO;1566768;27/08/2026;3;359415;27/08/2026;H - CAMINHO AUTOMOVEIS LTDA;2,53E+13;PIRACICABA;SP;27/08/2026;02/09/2026;27/08/2026;Entregue No Prazo;;Entrega realizada;Entrega Finalizada;2;9;27;8;BV LOG;26092;;;
MOBIS BRASIL FABRICACAO DE AUTO PECAS LT;RODOVIARIO;1566769;27/08/2026;2;359415;27/08/2026;H - CAMINHO AUTOMOVEIS LTDA;2,53E+13;PIRACICABA;SP;27/08/2026;02/09/2026;27/08/2026;Entregue No Prazo;;Entrega realizada;Entrega Finalizada;2;9;27;8;BV LOG;26092;;;
MOBIS BRASIL FABRICACAO DE AUTO PECAS LT;RODOVIARIO;1565917;26/08/2026;17;359377;27/08/2026;H RACING GARAGE LTDA;3,24E+13;COTIA;SP;27/08/2026;01/09/2026;27/08/2026;Entregue No Prazo;;Entrega realizada;Entrega Finalizada;1;9;27;8;BV LOG;29944;;;
MOBIS BRASIL FABRICACAO DE AUTO PECAS LT;RODOVIARIO;1561486;19/08/2026;1;358057;19/08/2026;URCA MOTORS VEICULOS LTDA;8,77E+12;UBERABA;MG;19/08/2026;25/08/2026;27/08/2026;Entregue Fora do Prazo;;Entrega realizada;Entrega Finalizada;25;8;19;8;XD BETIM;9014;;;
MOBIS BRASIL FABRICACAO DE AUTO PECAS LT;RODOVIARIO;1559195;14/08/2026;2;357466;14/08/2026;CAOA MOTOR DO BRASIL LTDA;1,68E+13;CAMPINA GRANDE;PB;14/08/2026;01/09/2026;28/08/2026;Entregue No Prazo;;Entrega realizada;Entrega Finalizada;1;9;14;8;TERMACO;5008;;;
MOBIS BRASIL FABRICACAO DE AUTO PECAS LT;RODOVIARIO;1559828;17/08/2026;3;357692;17/08/2026;ULSAN COMERCIO DE VEICULOS LTDA;2,10E+13;RIO BRANCO;AC;17/08/2026;03/09/2026;28/08/2026;Entregue No Prazo;;Entrega realizada;Entrega Finalizada;3;9;17;8;CARVALIMA;21004;;;
MOBIS BRASIL FABRICACAO DE AUTO PECAS LT;RODOVIARIO;1560692;18/08/2026;1;357824;18/08/2026;SAINT LAND COMERCIO DE VEICULOS LTDA;1,04E+13;NATAL;RN;18/08/2026;02/09/2026;28/08/2026;Entregue No Prazo;;Entrega realizada;Entrega Finalizada;2;9;18;8;TERMACO;6010;;;
MOBIS BRASIL FABRICACAO DE AUTO PECAS LT;RODOVIARIO;1560667;18/08/2026;5;357810;18/08/2026;GREEN CITY VEICULOS LTDA;2,10E+13;TERESINA;PI;18/08/2026;03/09/2026;28/08/2026;Entregue No Prazo;;Entrega realizada;Entrega Finalizada;3;9;18;8;TERMACO;17002;;;
MOBIS BRASIL FABRICACAO DE AUTO PECAS LT;RODOVIARIO;1560668;18/08/2026;2;357810;18/08/2026;GREEN CITY VEICULOS LTDA;2,10E+13;TERESINA;PI;18/08/2026;03/09/2026;28/08/2026;Entregue No Prazo;;Entrega realizada;Entrega Finalizada;3;9;18;8;TERMACO;17002;;;
MOBIS BRASIL FABRICACAO DE AUTO PECAS LT;RODOVIARIO;1560691;18/08/2026;3;357822;18/08/2026;SAINT LAND COM DE VEICULOS S A;1,04E+13;MOSSORO;RN;18/08/2026;03/09/2026;28/08/2026;Entregue No Prazo;;Entrega realizada;Entrega Finalizada;3;9;18;8;TERMACO;20002;;;
MOBIS BRASIL FABRICACAO DE AUTO PECAS LT;RODOVIARIO;1561478;19/08/2026;4;358085;19/08/2026;FAZZA MOTORS COM. DE VEICULOS LTDA;1,24E+13;FORTALEZA;CE;19/08/2026;02/09/2026;28/08/2026;Entregue No Prazo;;Entrega realizada;Entrega Finalizada;2;9;19;8;TERMACO;6001;;;
MOBIS BRASIL FABRICACAO DE AUTO PECAS LT;RODOVIARIO;1561484;19/08/2026;4;358098;19/08/2026;PATEO COMERCIO DE VEICULOS S A;7,78E+12;SAO LUIS;MA;19/08/2026;03/09/2026;28/08/2026;Entregue No Prazo;;Entrega realizada;Entrega Finalizada;3;9;19;8;TERMACO;10002;;;
MOBIS BRASIL FABRICACAO DE AUTO PECAS LT;RODOVIARIO;1561501;19/08/2026;1;358081;19/08/2026;CAOA MOTOR DO BRASIL LTDA;1,68E+13;RECIFE;PE;19/08/2026;03/09/2026;28/08/2026;Entregue No Prazo;;Entrega realizada;Entrega Finalizada;3;9;19;8;TERMACO;5008;;;
MOBIS BRASIL FABRICACAO DE AUTO PECAS LT;RODOVIARIO;1561502;19/08/2026;6;358090;19/08/2026;GREEN CITY VEICULOS LTDA;2,10E+13;TERESINA;PI;19/08/2026;04/09/2026;28/08/2026;Entregue No Prazo;;Entrega realizada;Entrega Finalizada;4;9;19;8;TERMACO;17002;;;
MOBIS BRASIL FABRICACAO DE AUTO PECAS LT;RODOVIARIO;1562194;20/08/2026;1;358326;20/08/2026;AUTORAC VEICULOS LTDA;1,06E+13;CARUARU;PE;20/08/2026;08/09/2026;28/08/2026;Entregue No Prazo;;Entrega realizada;Entrega Finalizada;8;9;20;8;TERMACO;16001;;;
MOBIS BRASIL FABRICACAO DE AUTO PECAS LT;RODOVIARIO;1562921;21/08/2026;2;358508;21/08/2026;CAOA MOTOR DO BRASIL LTDA;1,68E+13;BELEM;PA;21/08/2026;03/09/2026;28/08/2026;Entregue No Prazo;;Entrega realizada;Entrega Finalizada;3;9;21;8;CARVALIMA;5008;;;
MOBIS BRASIL FABRICACAO DE AUTO PECAS LT;RODOVIARIO;1562968;21/08/2026;3;358540;21/08/2026;SAINT LAND COMERCIO DE VEICULOS LTDA;1,04E+13;ARACAJU;SE;21/08/2026;03/09/2026;28/08/2026;Entregue No Prazo;;Entrega realizada;Entrega Finalizada;3;9;21;8;TERMACO;6010;;;
MOBIS BRASIL FABRICACAO DE AUTO PECAS LT;RODOVIARIO;1563456;21/08/2026;2;358541;21/08/2026;SEVEL VEICULOS LTDA;1,07E+13;ARACAJU;SE;21/08/2026;03/09/2026;28/08/2026;Entregue No Prazo;;Entrega realizada;Entrega Finalizada;3;9;21;8;TERMACO;25001;;;
MOBIS BRASIL FABRICACAO DE AUTO PECAS LT;RODOVIARIO;1563911;24/08/2026;2;358758;24/08/2026;URCA MOTORS VEICULOS LTDA;8,77E+12;PATOS DE MINAS;MG;24/08/2026;28/08/2026;28/08/2026;Entregue No Prazo;;Entrega realizada;Entrega Finalizada;28;8;24;8;XD BETIM;9014;;;
MOBIS BRASIL FABRICACAO DE AUTO PECAS LT;RODOVIARIO;1563925;24/08/2026;5;358813;24/08/2026;LOVAT VEICULOS S/A;8,57E+12;LONDRINA;PR;24/08/2026;28/08/2026;28/08/2026;Entregue No Prazo;;Entrega realizada;Entrega Finalizada;28;8;24;8;OURO NEGRO;18008;;;
MOBIS BRASIL FABRICACAO DE AUTO PECAS LT;RODOVIARIO;1563926;24/08/2026;1;358814;24/08/2026;LOVAT VEICULOS S/A;8,57E+12;MARINGA;PR;24/08/2026;28/08/2026;28/08/2026;Entregue No Prazo;;Entrega realizada;Entrega Finalizada;28;8;24;8;OURO NEGRO;18008;;;
MOBIS BRASIL FABRICACAO DE AUTO PECAS LT;RODOVIARIO;1563945;24/08/2026;1;358810;24/08/2026;CARWAY SUL VEICULOS LTDA;1,03E+13;CANOAS;RS;24/08/2026;28/08/2026;28/08/2026;Entregue No Prazo;Avaria;Entrega realizada;Entrega Finalizada;28;8;24;8;OURO NEGRO;23003;;;
MOBIS BRASIL FABRICACAO DE AUTO PECAS LT;RODOVIARIO;1563900;24/08/2026;3;358783;24/08/2026;PRIME CACHOEIRO VEICULOS LTDA;9,34E+12;CACHOEIRO DE ITAPEMIRIM;ES;24/08/2026;01/09/2026;28/08/2026;Entregue No Prazo;;Entrega realizada;Entrega Finalizada;1;9;24;8;CAMILO;8004;;;
MOBIS BRASIL FABRICACAO DE AUTO PECAS LT;RODOVIARIO;1563903;24/08/2026;1;358754;24/08/2026;SAGA KOREA COM. DE VEIC. E PC. LTDA;1,27E+13;GOIANIA;GO;24/08/2026;01/09/2026;28/08/2026;Entregue No Prazo;;Entrega realizada;Entrega Finalizada;1;9;24;8;RIO VERMELHO;9011;;;
MOBIS BRASIL FABRICACAO DE AUTO PECAS LT;RODOVIARIO;1563904;24/08/2026;6;358754;24/08/2026;SAGA KOREA COM. DE VEIC. E PC. LTDA;1,27E+13;GOIANIA;GO;24/08/2026;01/09/2026;28/08/2026;Entregue No Prazo;;Entrega realizada;Entrega Finalizada;1;9;24;8;RIO VERMELHO;9011;;;
MOBIS BRASIL FABRICACAO DE AUTO PECAS LT;RODOVIARIO;1563914;24/08/2026;6;358791;24/08/2026;ULSAN COMERCIO DE VEICULOS LTDA.;2,10E+13;CAMPO GRANDE;MS;24/08/2026;01/09/2026;28/08/2026;Entregue No Prazo;;Entrega realizada;Entrega Finalizada;1;9;24;8;CARVALIMA;12004;;;
MOBIS BRASIL FABRICACAO DE AUTO PECAS LT;RODOVIARIO;1563915;24/08/2026;1;358785;24/08/2026;SAGA ASIA COM. DE VEIC.PC.E SERV. LTDA;2,23E+13;VARZEA GRANDE;MT;24/08/2026;02/09/2026;28/08/2026;Entregue No Prazo;;Entrega realizada;Entrega Finalizada;2;9;24;8;CARVALIMA;13004;;;
MOBIS BRASIL FABRICACAO DE AUTO PECAS LT;RODOVIARIO;1563952;24/08/2026;3;358811;24/08/2026;CHINHAN AUTOMOVEIS LTDA.;2,41E+13;CACADOR;SC;24/08/2026;02/09/2026;28/08/2026;Entregue No Prazo;;Entrega realizada;Entrega Finalizada;2;9;24;8;OURO NEGRO;24020;;;
MOBIS BRASIL FABRICACAO DE AUTO PECAS LT;RODOVIARIO;1565095;25/08/2026;3;358972;25/08/2026;CAOA MOTOR DO BRASIL LTDA(RAP. TAVARES);1,68E+13;SAO PAULO;SP;25/08/2026;27/08/2026;28/08/2026;Entregue Fora do Prazo;;Entrega realizada;Entrega Finalizada;27;8;25;8;XD DIADEMA;26109;Aniversário do Município;Americana;SP
MOBIS BRASIL FABRICACAO DE AUTO PECAS LT;RODOVIARIO;1565025;25/08/2026;4;358986;25/08/2026;TAI MOTORS VEICULOS S/A;9,27E+12;BELO HORIZONTE;MG;25/08/2026;28/08/2026;28/08/2026;Entregue No Prazo;;Entrega realizada;Entrega Finalizada;28;8;25;8;XD BETIM;8002;;;
MOBIS BRASIL FABRICACAO DE AUTO PECAS LT;RODOVIARIO;1565026;25/08/2026;2;358969;25/08/2026;CAOA MOTOR DO BRASIL LTDA;1,68E+13;BELO HORIZONTE;MG;25/08/2026;28/08/2026;28/08/2026;Entregue No Prazo;;Entrega realizada;Entrega Finalizada;28;8;25;8;XD BETIM;5008;;;
MOBIS BRASIL FABRICACAO DE AUTO PECAS LT;RODOVIARIO;1565027;25/08/2026;2;358969;25/08/2026;CAOA MOTOR DO BRASIL LTDA;1,68E+13;BELO HORIZONTE;MG;25/08/2026;28/08/2026;28/08/2026;Entregue No Prazo;;Entrega realizada;Entrega Finalizada;28;8;25;8;XD BETIM;5008;;;
MOBIS BRASIL FABRICACAO DE AUTO PECAS LT;RODOVIARIO;1565050;25/08/2026;4;358991;25/08/2026;AMX COM. E SERVICOS DE AUTOMOTORES LTDA;1,20E+13;RIO DE JANEIRO;RJ;25/08/2026;31/08/2026;28/08/2026;Entregue No Prazo;;Entrega realizada;Entrega Finalizada;31;8;25;8;CAMILO;19009;;;
MOBIS BRASIL FABRICACAO DE AUTO PECAS LT;RODOVIARIO;1565051;25/08/2026;1;358992;25/08/2026;CAOA MOTOR DO BRASIL LTDA;1,68E+13;RIO DE JANEIRO;RJ;25/08/2026;31/08/2026;28/08/2026;Entregue No Prazo;;Entrega realizada;Entrega Finalizada;31;8;25;8;CAMILO;5008;;;
MOBIS BRASIL FABRICACAO DE AUTO PECAS LT;RODOVIARIO;1565053;25/08/2026;8;359004;25/08/2026;ITAVEMA MOTORS VEICULOS LTDA;7,73E+12;RIO DE JANEIRO;RJ;25/08/2026;31/08/2026;28/08/2026;Entregue No Prazo;;Entrega realizada;Entrega Finalizada;31;8;25;8;CAMILO;19001;;;
MOBIS BRASIL FABRICACAO DE AUTO PECAS LT;RODOVIARIO;1565059;25/08/2026;2;359059;25/08/2026;HOUSE PARTS - COM. DE PECAS E VEIC. LTDA;1,15E+13;PORTO ALEGRE;RS;25/08/2026;31/08/2026;28/08/2026;Entregue No Prazo;;Entrega realizada;Entrega Finalizada;31;8;25;8;TRANSTRY;23004;;;
MOBIS BRASIL FABRICACAO DE AUTO PECAS LT;RODOVIARIO;1565060;25/08/2026;4;359059;25/08/2026;HOUSE PARTS - COM. DE PECAS E VEIC. LTDA;1,15E+13;PORTO ALEGRE;RS;25/08/2026;31/08/2026;28/08/2026;Entregue No Prazo;;Entrega realizada;Entrega Finalizada;31;8;25;8;TRANSTRY;23004;;;
MOBIS BRASIL FABRICACAO DE AUTO PECAS LT;RODOVIARIO;1565061;25/08/2026;1;359054;25/08/2026;CARWAY SUL VEICULOS LTDA;1,03E+13;CANOAS;RS;25/08/2026;31/08/2026;28/08/2026;Entregue No Prazo;;Entrega realizada;Entrega Finalizada;31;8;25;8;TRANSTRY;23003;;;
MOBIS BRASIL FABRICACAO DE AUTO PECAS LT;RODOVIARIO;1565092;25/08/2026;1;358961;25/08/2026;DESTAQUE SEUL DISTR DE VEIC PEC LTDA;2,12E+13;CARAGUATATUBA;SP;25/08/2026;31/08/2026;28/08/2026;Entregue No Prazo;;Entrega realizada;Entrega Finalizada;31;8;25;8;MVT;26082;;;
MOBIS BRASIL FABRICACAO DE AUTO PECAS LT;RODOVIARIO;1565046;25/08/2026;1;359063;25/08/2026;SANTA FE VEICULOS LTDA.;1,16E+13;FRANCISCO BELTRAO;PR;25/08/2026;01/09/2026;28/08/2026;Entregue No Prazo;;Entrega realizada;Entrega Finalizada;1;9;25;8;TRANSTRY;18010;;;
MOBIS BRASIL FABRICACAO DE AUTO PECAS LT;RODOVIARIO;1565054;25/08/2026;1;359008;25/08/2026;MONTREAL VEICULOS E PECAS LTDA;1,68E+13;SAO PEDRO DA ALDEIA;RJ;25/08/2026;01/09/2026;28/08/2026;Entregue No Prazo;;Entrega realizada;Entrega Finalizada;1;9;25;8;CAMILO;19030;;;
MOBIS BRASIL FABRICACAO DE AUTO PECAS LT;RODOVIARIO;1565066;25/08/2026;7;359062;25/08/2026;LR COMERCIO DE VEICULOS LTDA;1,05E+13;SAO JOSE;SC;25/08/2026;01/09/2026;28/08/2026;Entregue No Prazo;;Entrega realizada;Entrega Finalizada;1;9;25;8;TRANSTRY;24007;;;
MOBIS BRASIL FABRICACAO DE AUTO PECAS LT;RODOVIARIO;1565099;25/08/2026;1;358990;25/08/2026;VITAL COMERCIO DE VEICULOS LTDA;1,05E+13;IPATINGA;MG;25/08/2026;01/09/2026;28/08/2026;Entregue No Prazo;;Entrega realizada;Entrega Finalizada;1;9;25;8;XD BETIM;11016;;;
MOBIS BRASIL FABRICACAO DE AUTO PECAS LT;RODOVIARIO;1565033;25/08/2026;7;359022;25/08/2026;ULSAN COMERCIO DE VEICULOS LTDA.;2,10E+13;CAMPO GRANDE;MS;25/08/2026;02/09/2026;28/08/2026;Entregue No Prazo;;Entrega realizada;Entrega Finalizada;2;9;25;8;CARVALIMA;12004;;;
MOBIS BRASIL FABRICACAO DE AUTO PECAS LT;RODOVIARIO;1565062;25/08/2026;10;359058;25/08/2026;HOUSE PARTS - COM. DE PECAS E VEIC. LTDA;1,15E+13;SANTA MARIA;RS;25/08/2026;02/09/2026;28/08/2026;Entregue No Prazo;;Entrega realizada;Entrega Finalizada;2;9;25;8;TRANSTRY;23008;;;
MOBIS BRASIL FABRICACAO DE AUTO PECAS LT;RODOVIARIO;1565072;25/08/2026;3;359057;25/08/2026;CHINHAN AUTOMOVEIS LTDA.;2,41E+13;CACADOR;SC;25/08/2026;03/09/2026;28/08/2026;Entregue No Prazo;;Entrega realizada;Entrega Finalizada;3;9;25;8;TRANSTRY;24020;;;
MOBIS BRASIL FABRICACAO DE AUTO PECAS LT;RODOVIARIO;1565035;25/08/2026;6;358997;25/08/2026;COMETA MATO GROSSO COM. DE VEICULOS LTDA;1,54E+13;RONDONOPOLIS;MT;25/08/2026;04/09/2026;28/08/2026;Entregue No Prazo;;Entrega realizada;Entrega Finalizada;4;9;25;8;CARVALIMA;13006;;;
MOBIS BRASIL FABRICACAO DE AUTO PECAS LT;RODOVIARIO;1565899;26/08/2026;3;359144;26/08/2026;ANDRETA II DISTRIBUIDORA DE VEIC. LTDA;9,10E+12;JUNDIAI;SP;26/08/2026;31/08/2026;28/08/2026;Entregue No Prazo;;Entrega realizada;Entrega Finalizada;31;8;26;8;MVT;26011;;;
MOBIS BRASIL FABRICACAO DE AUTO PECAS LT;RODOVIARIO;1565912;26/08/2026;1;359149;26/08/2026;H - CAMINHO AUTOMOVEIS LTDA;2,53E+13;LIMEIRA;SP;26/08/2026;31/08/2026;28/08/2026;Entregue No Prazo;;Entrega realizada;Entrega Finalizada;31;8;26;8;MVT;26092;;;
MOBIS BRASIL FABRICACAO DE AUTO PECAS LT;RODOVIARIO;1565861;26/08/2026;1;359211;26/08/2026;LOVAT VEICULOS S/A;8,57E+12;LONDRINA;PR;26/08/2026;01/09/2026;28/08/2026;Entregue No Prazo;;Entrega realizada;Entrega Finalizada;1;9;26;8;TRANSTRY;18008;;;
MOBIS BRASIL FABRICACAO DE AUTO PECAS LT;RODOVIARIO;1565862;26/08/2026;29;359211;26/08/2026;LOVAT VEICULOS S/A;8,57E+12;LONDRINA;PR;26/08/2026;01/09/2026;28/08/2026;Entregue No Prazo;;Entrega realizada;Entrega Finalizada;1;9;26;8;TRANSTRY;18008;;;
MOBIS BRASIL FABRICACAO DE AUTO PECAS LT;RODOVIARIO;1565866;26/08/2026;3;359202;26/08/2026;BARI VEICULOS LTDA;7,46E+12;GUARAPUAVA;PR;26/08/2026;01/09/2026;28/08/2026;Entregue No Prazo;;Entrega realizada;Entrega Finalizada;1;9;26;8;TRANSTRY;18024;;;
MOBIS BRASIL FABRICACAO DE AUTO PECAS LT;RODOVIARIO;1565867;26/08/2026;1;359200;26/08/2026;BARI VEICULOS LTDA;7,46E+12;PONTA GROSSA;PR;26/08/2026;01/09/2026;28/08/2026;Entregue No Prazo;;Entrega realizada;Entrega Finalizada;1;9;26;8;TRANSTRY;18024;;;
MOBIS BRASIL FABRICACAO DE AUTO PECAS LT;RODOVIARIO;1565868;26/08/2026;8;359200;26/08/2026;BARI VEICULOS LTDA;7,46E+12;PONTA GROSSA;PR;26/08/2026;01/09/2026;28/08/2026;Entregue No Prazo;;Entrega realizada;Entrega Finalizada;1;9;26;8;TRANSTRY;18024;;;
MOBIS BRASIL FABRICACAO DE AUTO PECAS LT;RODOVIARIO;1565890;26/08/2026;3;359204;26/08/2026;BARI VEICULOS LTDA.;7,46E+12;JOINVILLE;SC;26/08/2026;01/09/2026;28/08/2026;Entregue No Prazo;;Entrega realizada;Entrega Finalizada;1;9;26;8;TRANSTRY;24013;;;
MOBIS BRASIL FABRICACAO DE AUTO PECAS LT;RODOVIARIO;1565906;26/08/2026;1;359148;26/08/2026;GOLDEN MOTORS VEICULOS LTDA;3,62E+12;PRESIDENTE PRUDENTE;SP;26/08/2026;01/09/2026;28/08/2026;Entregue No Prazo;;Entrega realizada;Entrega Finalizada;1;9;26;8;MVT;12001;;;
MOBIS BRASIL FABRICACAO DE AUTO PECAS LT;RODOVIARIO;1565907;26/08/2026;2;359147;26/08/2026;DHC COMERCIO DE VEICULOS E PECAS LTDA;9,52E+12;MARILIA;SP;26/08/2026;01/09/2026;28/08/2026;Entregue No Prazo;;Entrega realizada;Entrega Finalizada;1;9;26;8;MVT;26010;;;
MOBIS BRASIL FABRICACAO DE AUTO PECAS LT;RODOVIARIO;1565863;26/08/2026;7;359213;26/08/2026;SANTA FE VEICULOS LTDA.;1,16E+13;FRANCISCO BELTRAO;PR;26/08/2026;02/09/2026;28/08/2026;Entregue No Prazo;;Entrega realizada;Entrega Finalizada;2;9;26;8;TRANSTRY;18010;;;
MOBIS BRASIL FABRICACAO DE AUTO PECAS LT;RODOVIARIO;1565853;26/08/2026;4;359193;26/08/2026;ULSAN COMERCIO DE VEICULOS LTDA.;2,10E+13;CAMPO GRANDE;MS;26/08/2026;03/09/2026;28/08/2026;Entregue No Prazo;;Entrega realizada;Entrega Finalizada;3;9;26;8;CARVALIMA;12004;;;
MOBIS BRASIL FABRICACAO DE AUTO PECAS LT;RODOVIARIO;1566748;27/08/2026;4;359398;27/08/2026;GRAND SPORT COM. DE VEIC. E PECAS LTDA;8,58E+12;GUARULHOS;SP;27/08/2026;31/08/2026;28/08/2026;Entregue No Prazo;;Entrega realizada;Entrega Finalizada;31;8;27;8;XD DIADEMA;26005;;;
MOBIS BRASIL FABRICACAO DE AUTO PECAS LT;RODOVIARIO;1566752;27/08/2026;2;359397;27/08/2026;GRAND SPORT COM. DE VEIC. E PECAS LTDA;8,58E+12;SAO PAULO;SP;27/08/2026;31/08/2026;28/08/2026;Entregue No Prazo;;Entrega realizada;Entrega Finalizada;31;8;27;8;XD DIADEMA;26034;;;
MOBIS BRASIL FABRICACAO DE AUTO PECAS LT;RODOVIARIO;1566758;27/08/2026;4;359393;27/08/2026;CAOA MOTOR DO BRASIL LTDA (VL PRUDENTE);1,68E+13;SAO PAULO;SP;27/08/2026;31/08/2026;28/08/2026;Entregue No Prazo;;Entrega realizada;Entrega Finalizada;31;8;27;8;XD DIADEMA;26051;;;
MOBIS BRASIL FABRICACAO DE AUTO PECAS LT;RODOVIARIO;1566759;27/08/2026;1;359391;27/08/2026;CAOA MOTOR DO BRASIL LTDA;1,68E+13;SANTO ANDRE;SP;27/08/2026;31/08/2026;28/08/2026;Entregue No Prazo;;Entrega realizada;Entrega Finalizada;31;8;27;8;XD DIADEMA;5008;;;
MOBIS BRASIL FABRICACAO DE AUTO PECAS LT;RODOVIARIO;1566766;27/08/2026;2;359399;27/08/2026;GRANDAY AUTOMOTORES LTDA (CHAC. CALIFOR);1,57E+13;SAO PAULO;SP;27/08/2026;31/08/2026;28/08/2026;Entregue No Prazo;;Entrega realizada;Entrega Finalizada;31;8;27;8;XD DIADEMA;26090;;;
MOBIS BRASIL FABRICACAO DE AUTO PECAS LT;RODOVIARIO;1566767;27/08/2026;2;359392;27/08/2026;CAOA MOTOR DO BRASIL LTDA (INDIANOPOLIS);1,68E+13;SAO PAULO;SP;27/08/2026;31/08/2026;28/08/2026;Entregue No Prazo;;Entrega realizada;Entrega Finalizada;31;8;27;8;XD DIADEMA;26091;;;
MOBIS BRASIL FABRICACAO DE AUTO PECAS LT;RODOVIARIO;1565897;26/08/2026;59;359600;27/08/2026;NEW VEICULOS E PECAS LTDA;1,59E+13;RIBEIRAO PRETO;SP;27/08/2026;01/09/2026;28/08/2026;Entregue No Prazo;;Entrega realizada;Entrega Finalizada;1;9;27;8;BV LOG;26014;;;
MOBIS BRASIL FABRICACAO DE AUTO PECAS LT;RODOVIARIO;1566749;27/08/2026;2;359385;27/08/2026;DHC COMERCIO DE VEICULOS E PECAS LTDA;9,52E+12;BAURU;SP;27/08/2026;01/09/2026;28/08/2026;Entregue No Prazo;;Entrega realizada;Entrega Finalizada;1;9;27;8;MVT;26010;;;
MOBIS BRASIL FABRICACAO DE AUTO PECAS LT;RODOVIARIO;1566751;27/08/2026;40;359600;27/08/2026;NEW VEICULOS E PECAS LTDA;1,59E+13;RIBEIRAO PRETO;SP;27/08/2026;01/09/2026;28/08/2026;Entregue No Prazo;;Entrega realizada;Entrega Finalizada;1;9;27;8;BV LOG;26014;;;
MOBIS BRASIL FABRICACAO DE AUTO PECAS LT;RODOVIARIO;1566761;27/08/2026;4;359382;27/08/2026;CAOA MOTOR DO BRASIL LTDA;1,68E+13;SAO JOSE DOS CAMPOS;SP;27/08/2026;01/09/2026;28/08/2026;Entregue No Prazo;;Entrega realizada;Entrega Finalizada;1;9;27;8;MVT;5008;;;
MOBIS BRASIL FABRICACAO DE AUTO PECAS LT;RODOVIARIO;1566762;27/08/2026;1;359390;27/08/2026;CAOA MOTOR DO BRASIL LTDA;1,68E+13;TAUBATE;SP;27/08/2026;01/09/2026;28/08/2026;Entregue No Prazo;;Entrega realizada;Entrega Finalizada;1;9;27;8;XD DIADEMA;5008;;;
MOBIS BRASIL FABRICACAO DE AUTO PECAS LT;RODOVIARIO;1566724;27/08/2026;1;359455;27/08/2026;BARI VEICULOS LTDA;7,46E+12;SAO JOSE DOS PINHAIS;PR;27/08/2026;02/09/2026;28/08/2026;Entregue No Prazo;;Entrega realizada;Entrega Finalizada;2;9;27;8;TRANSTRY;18024;;;
MOBIS BRASIL FABRICACAO DE AUTO PECAS LT;RODOVIARIO;1566725;27/08/2026;2;359455;27/08/2026;BARI VEICULOS LTDA;7,46E+12;SAO JOSE DOS PINHAIS;PR;27/08/2026;02/09/2026;28/08/2026;Entregue No Prazo;;Entrega realizada;Entrega Finalizada;2;9;27;8;TRANSTRY;18024;;;
MOBIS BRASIL FABRICACAO DE AUTO PECAS LT;RODOVIARIO;1566747;27/08/2026;2;359388;27/08/2026;HYMAX DISTRIBUIDORA DE VEICULOS LTDA;1,73E+13;MOGI GUACU;SP;27/08/2026;02/09/2026;28/08/2026;Entregue No Prazo;;Entrega realizada;Entrega Finalizada;2;9;27;8;MVT;26002;;;
MOBIS BRASIL FABRICACAO DE AUTO PECAS LT;RODOVIARIO;1566756;27/08/2026;1;359387;27/08/2026;H R B COMERCIO DE VEICULOS LTDA;1,82E+13;SAO JOSE DO RIO PRETO;SP;27/08/2026;02/09/2026;28/08/2026;Entregue No Prazo;;Entrega realizada;Entrega Finalizada;2;9;27;8;MVT;26050;;;
MOBIS BRASIL FABRICACAO DE AUTO PECAS LT;RODOVIARIO;1566757;27/08/2026;19;359387;27/08/2026;H R B COMERCIO DE VEICULOS LTDA;1,82E+13;SAO JOSE DO RIO PRETO;SP;27/08/2026;02/09/2026;28/08/2026;Entregue No Prazo;;Entrega realizada;Entrega Finalizada;2;9;27;8;MVT;26050;;;
MOBIS BRASIL FABRICACAO DE AUTO PECAS LT;RODOVIARIO;1566754;27/08/2026;1;359608;28/08/2026;BILLY DISTRIBUIDORA DE VEICULOS LTDA;1,34E+13;SAO CAETANO DO SUL;SP;28/08/2026;01/09/2026;28/08/2026;Entregue No Prazo;;Entrega realizada;Entrega Finalizada;1;9;28;8;BV LOG;26003;;;
MOBIS BRASIL FABRICACAO DE AUTO PECAS LT;RODOVIARIO;1566755;27/08/2026;42;359608;28/08/2026;BILLY DISTRIBUIDORA DE VEICULOS LTDA;1,34E+13;SAO CAETANO DO SUL;SP;28/08/2026;01/09/2026;28/08/2026;Entregue No Prazo;;Entrega realizada;Entrega Finalizada;1;9;28;8;BV LOG;26003;;;
MOBIS BRASIL FABRICACAO DE AUTO PECAS LT;RODOVIARIO;1567633;28/08/2026;1;359608;28/08/2026;BILLY DISTRIBUIDORA DE VEICULOS LTDA;1,34E+13;SAO CAETANO DO SUL;SP;28/08/2026;01/09/2026;28/08/2026;Entregue No Prazo;;Entrega realizada;Entrega Finalizada;1;9;28;8;BV LOG;26003;;;
MOBIS BRASIL FABRICACAO DE AUTO PECAS LT;RODOVIARIO;1567634;28/08/2026;55;359608;28/08/2026;BILLY DISTRIBUIDORA DE VEICULOS LTDA;1,34E+13;SAO CAETANO DO SUL;SP;28/08/2026;01/09/2026;28/08/2026;Entregue No Prazo;;Entrega realizada;Entrega Finalizada;1;9;28;8;BV LOG;26003;;;
MOBIS BRASIL FABRICACAO DE AUTO PECAS LT;RODOVIARIO;1565028;25/08/2026;1;358988;25/08/2026;TOKSU COMERCIO DE VEICULOS LTDA;1,12E+13;POUSO ALEGRE;MG;25/08/2026;31/08/2026;28/08/2026;Entregue No Prazo;;Entrega realizada;Entrega Finalizada;31;8;25;8;XD BETIM;11008;;;
MOBIS BRASIL FABRICACAO DE AUTO PECAS LT;RODOVIARIO;1565030;25/08/2026;26;358968;25/08/2026;BDG AUTOVILLE VEICULOS LTDA;4,77E+13;CONTAGEM;MG;25/08/2026;28/08/2026;28/08/2026;Entregue Fora do Prazo;;Entrega realizada;Entrega Finalizada;28;8;25;8;XD BETIM;11037;;;
MOBIS BRASIL FABRICACAO DE AUTO PECAS LT;RODOVIARIO;1559854;17/08/2026;2;357682;17/08/2026;NACIONAL NOVA MARABA DIST DE VEIC. LTDA;1,70E+13;PARAUAPEBAS;PA;17/08/2026;02/09/2026;29/08/2026;Entregue No Prazo;;Entrega realizada;Entrega Finalizada;2;9;17;8;CARVALIMA;14010;;;
MOBIS BRASIL FABRICACAO DE AUTO PECAS LT;RODOVIARIO;1562953;21/08/2026;2;358536;21/08/2026;SAGA ASIA COM. DE VEIC.PC.E SERV. LTDA;2,14E+13;PORTO VELHO;RO;21/08/2026;03/09/2026;29/08/2026;Entregue No Prazo;;Entrega realizada;Entrega Finalizada;3;9;21;8;CARVALIMA;21003;;;
MOBIS BRASIL FABRICACAO DE AUTO PECAS LT;RODOVIARIO;1563933;24/08/2026;1;358817;24/08/2026;VETOR AUTOMOVEIS LTDA;2,12E+13;FOZ DO IGUACU;PR;24/08/2026;31/08/2026;29/08/2026;Entregue No Prazo;;Entrega realizada;Entrega Finalizada;31;8;24;8;OURO NEGRO;18019;;;
MOBIS BRASIL FABRICACAO DE AUTO PECAS LT;RODOVIARIO;1565031;25/08/2026;2;359001;25/08/2026;GOLDEN MOTORS VEICULOS LTDA;3,62E+12;DOURADOS;MS;25/08/2026;02/09/2026;29/08/2026;Entregue No Prazo;;Entrega realizada;Entrega Finalizada;2;9;25;8;CARVALIMA;12001;;;
MOBIS BRASIL FABRICACAO DE AUTO PECAS LT;RODOVIARIO;1565852;26/08/2026;1;359173;26/08/2026;GOLDEN MOTORS VEICULOS LTDA;3,62E+12;DOURADOS;MS;26/08/2026;03/09/2026;29/08/2026;Entregue No Prazo;Avaria;Entrega realizada;Entrega Finalizada;3;9;26;8;CARVALIMA;12001;;;
MOBIS BRASIL FABRICACAO DE AUTO PECAS LT;RODOVIARIO;1559830;17/08/2026;2;357684;17/08/2026;PATEO COMERCIO DE VEICULOS S A;7,78E+12;MANAUS;AM;17/08/2026;10/09/2026;31/08/2026;Entregue No Prazo;;Entrega realizada;Entrega Finalizada;10;9;17;8;CARVALIMA;3002;;;
MOBIS BRASIL FABRICACAO DE AUTO PECAS LT;RODOVIARIO;1560736;18/08/2026;2;357785;18/08/2026;PRIVILLEGE DISTRIBUIDORA DE VEICULOS LTD;1,72E+13;PALMAS;TO;18/08/2026;27/08/2026;31/08/2026;Entregue Fora do Prazo;;Entrega realizada;Entrega Finalizada;27;8;18;8;RIO VERMELHO;27003;Aniversário do Município;Americana;SP
MOBIS BRASIL FABRICACAO DE AUTO PECAS LT;RODOVIARIO;1560737;18/08/2026;8;357785;18/08/2026;PRIVILLEGE DISTRIBUIDORA DE VEICULOS LTD;1,72E+13;PALMAS;TO;18/08/2026;27/08/2026;31/08/2026;Entregue Fora do Prazo;;Entrega realizada;Entrega Finalizada;27;8;18;8;RIO VERMELHO;27003;Aniversário do Município;Americana;SP
MOBIS BRASIL FABRICACAO DE AUTO PECAS LT;RODOVIARIO;1560644;18/08/2026;3;357793;18/08/2026;URCA MOTORS VEICULOS LTDA;8,77E+12;ITUMBIARA;GO;18/08/2026;28/08/2026;31/08/2026;Entregue Fora do Prazo;;Entrega realizada;Entrega Finalizada;28;8;18;8;RIO VERMELHO;9014;;;
MOBIS BRASIL FABRICACAO DE AUTO PECAS LT;RODOVIARIO;1560646;18/08/2026;4;357792;18/08/2026;TRIAUTO KOREA AUTOMOVEIS LTDA;4,99E+13;CATALAO;GO;18/08/2026;01/09/2026;31/08/2026;Entregue No Prazo;;Entrega realizada;Entrega Finalizada;1;9;18;8;RIO VERMELHO;9018;;;
MOBIS BRASIL FABRICACAO DE AUTO PECAS LT;RODOVIARIO;1561483;19/08/2026;2;358055;19/08/2026;URCA MOTORS VEICULOS LTDA;8,77E+12;ITUMBIARA;GO;19/08/2026;31/08/2026;31/08/2026;Entregue No Prazo;;Entrega realizada;Entrega Finalizada;31;8;19;8;RIO VERMELHO;9014;;;
MOBIS BRASIL FABRICACAO DE AUTO PECAS LT;RODOVIARIO;1561472;19/08/2026;6;358096;19/08/2026;PATEO COMERCIO DE VEICULOS S A;7,78E+12;MANAUS;AM;19/08/2026;14/09/2026;31/08/2026;Entregue No Prazo;;Entrega realizada;Entrega Finalizada;14;9;19;8;CARVALIMA;3002;;;
MOBIS BRASIL FABRICACAO DE AUTO PECAS LT;RODOVIARIO;1562182;20/08/2026;1;358318;20/08/2026;TRIAUTO KOREA AUTOMOVEIS LTDA;4,99E+13;CATALAO;GO;20/08/2026;03/09/2026;31/08/2026;Entregue No Prazo;;Entrega realizada;Entrega Finalizada;3;9;20;8;RIO VERMELHO;9018;;;
MOBIS BRASIL FABRICACAO DE AUTO PECAS LT;RODOVIARIO;1562199;20/08/2026;5;358325;20/08/2026;AUTORAC VEICULOS LTDA;1,06E+13;PETROLINA;PE;20/08/2026;08/09/2026;31/08/2026;Entregue No Prazo;;Entrega realizada;Entrega Finalizada;8;9;20;8;TERMACO;16001;;;
MOBIS BRASIL FABRICACAO DE AUTO PECAS LT;RODOVIARIO;1562200;20/08/2026;2;358331;20/08/2026;GREEN CITY VEICULOS LTDA;2,10E+13;TERESINA;PI;20/08/2026;08/09/2026;31/08/2026;Entregue No Prazo;;Entrega realizada;Entrega Finalizada;8;9;20;8;TERMACO;17002;;;
MOBIS BRASIL FABRICACAO DE AUTO PECAS LT;RODOVIARIO;1562900;21/08/2026;5;358501;21/08/2026;SMAFF IMPORT VEICULOS LTDA;8,18E+12;BRASILIA;DF;21/08/2026;31/08/2026;31/08/2026;Entregue No Prazo;;Entrega realizada;Entrega Finalizada;31;8;21;8;RIO VERMELHO;7002;;;
MOBIS BRASIL FABRICACAO DE AUTO PECAS LT;RODOVIARIO;1562901;21/08/2026;4;358500;21/08/2026;SMAFF IMPORT VEICULOS LTDA;8,18E+12;BRASILIA;DF;21/08/2026;31/08/2026;31/08/2026;Entregue No Prazo;;Entrega realizada;Entrega Finalizada;31;8;21;8;RIO VERMELHO;7002;;;
MOBIS BRASIL FABRICACAO DE AUTO PECAS LT;RODOVIARIO;1562902;21/08/2026;6;358497;21/08/2026;SAGA KOREA COM. DE VEIC. E PC. LTDA;1,27E+13;BRASILIA;DF;21/08/2026;31/08/2026;31/08/2026;Entregue No Prazo;;Entrega realizada;Entrega Finalizada;31;8;21;8;RIO VERMELHO;7005;;;
MOBIS BRASIL FABRICACAO DE AUTO PECAS LT;RODOVIARIO;1562917;21/08/2026;58;358535;21/08/2026;SAGA ASIA COM. DE VEIC.PC.E SERV. LTDA;2,23E+13;VARZEA GRANDE;MT;21/08/2026;01/09/2026;31/08/2026;Entregue No Prazo;;Entrega realizada;Entrega Finalizada;1;9;21;8;CARVALIMA;13004;;;
MOBIS BRASIL FABRICACAO DE AUTO PECAS LT;RODOVIARIO;1563460;21/08/2026;2;358496;21/08/2026;PRIVILLEGE DISTRIBUIDORA DE VEICULOS LTD;1,72E+13;PALMAS;TO;21/08/2026;01/09/2026;31/08/2026;Entregue No Prazo;;Entrega realizada;Entrega Finalizada;1;9;21;8;RIO VERMELHO;27003;;;
MOBIS BRASIL FABRICACAO DE AUTO PECAS LT;RODOVIARIO;1562906;21/08/2026;1;358503;21/08/2026;URCA MOTORS VEICULOS LTDA;8,77E+12;ITUMBIARA;GO;21/08/2026;02/09/2026;31/08/2026;Entregue No Prazo;;Entrega realizada;Entrega Finalizada;2;9;21;8;RIO VERMELHO;9014;;;
MOBIS BRASIL FABRICACAO DE AUTO PECAS LT;RODOVIARIO;1562923;21/08/2026;1;358520;21/08/2026;GRANDE COREIA COMERCIO DE VEICULOS LTDA;2,66E+13;BELEM;PA;21/08/2026;03/09/2026;31/08/2026;Entregue No Prazo;;Entrega realizada;Entrega Finalizada;3;9;21;8;CARVALIMA;14007;;;
MOBIS BRASIL FABRICACAO DE AUTO PECAS LT;RODOVIARIO;1562891;21/08/2026;6;358542;21/08/2026;ULSAN COMERCIO DE VEICULOS LTDA;2,10E+13;RIO BRANCO;AC;21/08/2026;09/09/2026;31/08/2026;Entregue No Prazo;;Entrega realizada;Entrega Finalizada;9;9;21;8;CARVALIMA;21004;;;
MOBIS BRASIL FABRICACAO DE AUTO PECAS LT;RODOVIARIO;1562910;21/08/2026;1;358526;21/08/2026;NACIONAL NOVA MARABA DIST DE VEIC. LTDA;1,70E+13;IMPERATRIZ;MA;21/08/2026;10/09/2026;31/08/2026;Entregue No Prazo;;Entrega realizada;Entrega Finalizada;10;9;21;8;TERMACO;10003;;;
MOBIS BRASIL FABRICACAO DE AUTO PECAS LT;RODOVIARIO;1563896;24/08/2026;1;358755;24/08/2026;SMAFF IMPORT VEICULOS LTDA;8,18E+12;BRASILIA;DF;24/08/2026;01/09/2026;31/08/2026;Entregue No Prazo;;Entrega realizada;Entrega Finalizada;1;9;24;8;RIO VERMELHO;7002;;;
MOBIS BRASIL FABRICACAO DE AUTO PECAS LT;RODOVIARIO;1563897;24/08/2026;8;358755;24/08/2026;SMAFF IMPORT VEICULOS LTDA;8,18E+12;BRASILIA;DF;24/08/2026;01/09/2026;31/08/2026;Entregue No Prazo;;Entrega realizada;Entrega Finalizada;1;9;24;8;RIO VERMELHO;7002;;;
MOBIS BRASIL FABRICACAO DE AUTO PECAS LT;RODOVIARIO;1563898;24/08/2026;29;358753;24/08/2026;SAGA KOREA COM. DE VEIC. E PC. LTDA;1,27E+13;BRASILIA;DF;24/08/2026;01/09/2026;31/08/2026;Entregue No Prazo;;Entrega realizada;Entrega Finalizada;1;9;24;8;RIO VERMELHO;7005;;;
MOBIS BRASIL FABRICACAO DE AUTO PECAS LT;RODOVIARIO;1564330;24/08/2026;1;358751;24/08/2026;PRIVILLEGE DISTRIBUIDORA DE VEICULOS LTD;1,72E+13;PALMAS;TO;24/08/2026;02/09/2026;31/08/2026;Entregue No Prazo;;Entrega realizada;Entrega Finalizada;2;9;24;8;RIO VERMELHO;27003;;;
MOBIS BRASIL FABRICACAO DE AUTO PECAS LT;RODOVIARIO;1563905;24/08/2026;2;358759;24/08/2026;URCA MOTORS VEICULOS LTDA;8,77E+12;RIO VERDE;GO;24/08/2026;03/09/2026;31/08/2026;Entregue No Prazo;;Entrega realizada;Entrega Finalizada;3;9;24;8;RIO VERMELHO;9014;;;
MOBIS BRASIL FABRICACAO DE AUTO PECAS LT;RODOVIARIO;1563976;24/08/2026;1;358752;24/08/2026;PRIVILLEGE DISTRIBUIDORA DE VEICULOS LTD;1,72E+13;ARAGUAINA;TO;24/08/2026;08/09/2026;31/08/2026;Entregue No Prazo;;Entrega realizada;Entrega Finalizada;8;9;24;8;RIO VERMELHO;27002;;;
MOBIS BRASIL FABRICACAO DE AUTO PECAS LT;RODOVIARIO;1563944;24/08/2026;1;358767;24/08/2026;COMETA JI PARANA COM. DE VEIC. LTDA;4,23E+12;JIPARANA;RO;24/08/2026;10/09/2026;31/08/2026;Entregue No Prazo;;Entrega realizada;Entrega Finalizada;10;9;24;8;CARVALIMA;21002;;;
MOBIS BRASIL FABRICACAO DE AUTO PECAS LT;RODOVIARIO;1565016;25/08/2026;5;359021;25/08/2026;TAI MOTORS VEICULOS S/A;9,27E+12;VITORIA;ES;25/08/2026;01/09/2026;31/08/2026;Entregue No Prazo;;Entrega realizada;Entrega Finalizada;1;9;25;8;CAMILO;8002;;;
MOBIS BRASIL FABRICACAO DE AUTO PECAS LT;RODOVIARIO;1565063;25/08/2026;1;359060;25/08/2026;HOUSE PARTS - COM DE PECAS E VEIC LTDA;1,15E+13;OSORIO;RS;25/08/2026;01/09/2026;31/08/2026;Entregue No Prazo;;Entrega realizada;Entrega Finalizada;1;9;25;8;TRANSTRY;23016;;;
MOBIS BRASIL FABRICACAO DE AUTO PECAS LT;RODOVIARIO;1565065;25/08/2026;27;359047;25/08/2026;ATUAL VEICULOS LTDA;1,33E+13;CRICIUMA;SC;25/08/2026;01/09/2026;31/08/2026;Entregue No Prazo;;Entrega realizada;Entrega Finalizada;1;9;25;8;TRANSTRY;24001;;;
MOBIS BRASIL FABRICACAO DE AUTO PECAS LT;RODOVIARIO;1565012;25/08/2026;4;358983;25/08/2026;SMAFF IMPORT VEICULOS LTDA;8,18E+12;BRASILIA;DF;25/08/2026;02/09/2026;31/08/2026;Entregue No Prazo;;Entrega realizada;Entrega Finalizada;2;9;25;8;RIO VERMELHO;7002;;;
MOBIS BRASIL FABRICACAO DE AUTO PECAS LT;RODOVIARIO;1565013;25/08/2026;3;358984;25/08/2026;SMAFF IMPORT VEICULOS LTDA;8,18E+12;BRASILIA;DF;25/08/2026;02/09/2026;31/08/2026;Entregue No Prazo;;Entrega realizada;Entrega Finalizada;2;9;25;8;RIO VERMELHO;7002;;;
MOBIS BRASIL FABRICACAO DE AUTO PECAS LT;RODOVIARIO;1565014;25/08/2026;13;358984;25/08/2026;SMAFF IMPORT VEICULOS LTDA;8,18E+12;BRASILIA;DF;25/08/2026;02/09/2026;31/08/2026;Entregue No Prazo;;Entrega realizada;Entrega Finalizada;2;9;25;8;RIO VERMELHO;7002;;;
MOBIS BRASIL FABRICACAO DE AUTO PECAS LT;RODOVIARIO;1565015;25/08/2026;1;358981;25/08/2026;SAGA KOREA COM. DE VEIC. E PC. LTDA;1,27E+13;BRASILIA;DF;25/08/2026;02/09/2026;31/08/2026;Entregue No Prazo;;Entrega realizada;Entrega Finalizada;2;9;25;8;RIO VERMELHO;7005;;;
MOBIS BRASIL FABRICACAO DE AUTO PECAS LT;RODOVIARIO;1565017;25/08/2026;2;359015;25/08/2026;PRIME CACHOEIRO VEICULOS LTDA;9,34E+12;CACHOEIRO DE ITAPEMIRIM;ES;25/08/2026;02/09/2026;31/08/2026;Entregue No Prazo;;Entrega realizada;Entrega Finalizada;2;9;25;8;CAMILO;8004;;;
MOBIS BRASIL FABRICACAO DE AUTO PECAS LT;RODOVIARIO;1565018;25/08/2026;1;359016;25/08/2026;PRIME CACHOEIRO VEICULOS LTDA;9,34E+12;LINHARES;ES;25/08/2026;02/09/2026;31/08/2026;Entregue No Prazo;;Entrega realizada;Entrega Finalizada;2;9;25;8;CAMILO;8004;;;
MOBIS BRASIL FABRICACAO DE AUTO PECAS LT;RODOVIARIO;1565019;25/08/2026;3;358978;25/08/2026;NISA COMERCIAL DE VEIC. AUTOMOTORES LTDA;1,03E+13;APARECIDA DE GOIANIA;GO;25/08/2026;02/09/2026;31/08/2026;Entregue No Prazo;;Entrega realizada;Entrega Finalizada;2;9;25;8;RIO VERMELHO;9002;;;
MOBIS BRASIL FABRICACAO DE AUTO PECAS LT;RODOVIARIO;1565020;25/08/2026;1;358982;25/08/2026;SAGA KOREA COM. DE VEIC. E PC. LTDA;1,27E+13;GOIANIA;GO;25/08/2026;02/09/2026;31/08/2026;Entregue No Prazo;;Entrega realizada;Entrega Finalizada;2;9;25;8;RIO VERMELHO;9011;;;
MOBIS BRASIL FABRICACAO DE AUTO PECAS LT;RODOVIARIO;1565064;25/08/2026;3;359055;25/08/2026;CHINHAN AUTOMOVEIS LTDA;2,41E+13;ERECHIM;RS;25/08/2026;02/09/2026;31/08/2026;Entregue No Prazo;;Entrega realizada;Entrega Finalizada;2;9;25;8;TRANSTRY;23019;;;
MOBIS BRASIL FABRICACAO DE AUTO PECAS LT;RODOVIARIO;1565021;25/08/2026;2;358989;25/08/2026;URCA MOTORS VEICULOS LTDA;8,77E+12;ITUMBIARA;GO;25/08/2026;04/09/2026;31/08/2026;Entregue No Prazo;;Entrega realizada;Entrega Finalizada;4;9;25;8;RIO VERMELHO;9014;;;
MOBIS BRASIL FABRICACAO DE AUTO PECAS LT;RODOVIARIO;1565038;25/08/2026;1;359010;25/08/2026;NACIONAL NOVA MARABA DIST DE VEIC. LTDA;1,70E+13;MARABA;PA;25/08/2026;08/09/2026;31/08/2026;Entregue No Prazo;Avaria;31/08 Em transferencia para a cidade de destino;Entrega Finalizada;8;9;25;8;CARVALIMA;14005;;;
MOBIS BRASIL FABRICACAO DE AUTO PECAS LT;RODOVIARIO;1565056;25/08/2026;3;358995;25/08/2026;COMETA JI PARANA COM. DE VEIC. LTDA;4,23E+12;JIPARANA;RO;25/08/2026;11/09/2026;31/08/2026;Entregue No Prazo;;Entrega realizada;Entrega Finalizada;11;9;25;8;CARVALIMA;21002;;;
MOBIS BRASIL FABRICACAO DE AUTO PECAS LT;RODOVIARIO;1565847;26/08/2026;15;359166;26/08/2026;TAI MOTORS VEICULOS S/A;9,27E+12;BELO HORIZONTE;MG;26/08/2026;31/08/2026;31/08/2026;Entregue No Prazo;;Entrega realizada;Entrega Finalizada;31;8;26;8;XD BETIM;8002;;;
MOBIS BRASIL FABRICACAO DE AUTO PECAS LT;RODOVIARIO;1565851;26/08/2026;21;359155;26/08/2026;BDG AUTOVILLE VEICULOS LTDA;4,77E+13;CONTAGEM;MG;26/08/2026;31/08/2026;31/08/2026;Entregue No Prazo;;Entrega realizada;Entrega Finalizada;31;8;26;8;XD BETIM;11037;;;
MOBIS BRASIL FABRICACAO DE AUTO PECAS LT;RODOVIARIO;1565865;26/08/2026;1;359215;26/08/2026;VETOR AUTOMOVEIS LTDA;2,12E+13;CASCAVEL;PR;26/08/2026;01/09/2026;31/08/2026;Entregue No Prazo;;Entrega realizada;Entrega Finalizada;1;9;26;8;TRANSTRY;18019;;;
MOBIS BRASIL FABRICACAO DE AUTO PECAS LT;RODOVIARIO;1565871;26/08/2026;4;359175;26/08/2026;ITAVEMA MOTORS VEICULOS LTDA;7,73E+12;DUQUE DE CAXIAS;RJ;26/08/2026;01/09/2026;31/08/2026;Entregue No Prazo;;Entrega realizada;Entrega Finalizada;1;9;26;8;CAMILO;19001;;;
MOBIS BRASIL FABRICACAO DE AUTO PECAS LT;RODOVIARIO;1565878;26/08/2026;1;359205;26/08/2026;CARWAY SUL VEICULOS LTDA;1,03E+13;PORTO ALEGRE;RS;26/08/2026;01/09/2026;31/08/2026;Entregue No Prazo;;Entrega realizada;Entrega Finalizada;1;9;26;8;TRANSTRY;23003;;;
MOBIS BRASIL FABRICACAO DE AUTO PECAS LT;RODOVIARIO;1565879;26/08/2026;4;359210;26/08/2026;HOUSE PARTS - COM. DE PECAS E VEIC. LTDA;1,15E+13;PORTO ALEGRE;RS;26/08/2026;01/09/2026;31/08/2026;Entregue No Prazo;;Entrega realizada;Entrega Finalizada;1;9;26;8;TRANSTRY;23004;;;
MOBIS BRASIL FABRICACAO DE AUTO PECAS LT;RODOVIARIO;1565880;26/08/2026;4;359210;26/08/2026;HOUSE PARTS - COM. DE PECAS E VEIC. LTDA;1,15E+13;PORTO ALEGRE;RS;26/08/2026;01/09/2026;31/08/2026;Entregue No Prazo;;Entrega realizada;Entrega Finalizada;1;9;26;8;TRANSTRY;23004;;;
MOBIS BRASIL FABRICACAO DE AUTO PECAS LT;RODOVIARIO;1565893;26/08/2026;1;359152;26/08/2026;HYMAX DISTRIBUIDORA DE VEICULOS LTDA;1,73E+13;MOGI GUACU;SP;26/08/2026;01/09/2026;31/08/2026;Entregue No Prazo;;Entrega realizada;Entrega Finalizada;1;9;26;8;MVT;26002;;;
MOBIS BRASIL FABRICACAO DE AUTO PECAS LT;RODOVIARIO;1565842;26/08/2026;16;359191;26/08/2026;TAI MOTORS VEICULOS S/A;9,27E+12;VITORIA;ES;26/08/2026;02/09/2026;31/08/2026;Entregue No Prazo;;Entrega realizada;Entrega Finalizada;2;9;26;8;CAMILO;8002;;;
MOBIS BRASIL FABRICACAO DE AUTO PECAS LT;RODOVIARIO;1565873;26/08/2026;2;359178;26/08/2026;MONTREAL VEICULOS E PECAS LTDA;1,68E+13;SAO PEDRO DA ALDEIA;RJ;26/08/2026;02/09/2026;31/08/2026;Entregue No Prazo;;Entrega realizada;Entrega Finalizada;2;9;26;8;CAMILO;19030;;;
MOBIS BRASIL FABRICACAO DE AUTO PECAS LT;RODOVIARIO;1565884;26/08/2026;8;359197;26/08/2026;ATUAL VEICULOS LTDA;1,33E+13;ARARANGUA;SC;26/08/2026;02/09/2026;31/08/2026;Entregue No Prazo;;Entrega realizada;Entrega Finalizada;2;9;26;8;TRANSTRY;24001;;;
MOBIS BRASIL FABRICACAO DE AUTO PECAS LT;RODOVIARIO;1565885;26/08/2026;3;359198;26/08/2026;ATUAL VEICULOS LTDA;1,33E+13;CRICIUMA;SC;26/08/2026;02/09/2026;31/08/2026;Entregue No Prazo;;Entrega realizada;Entrega Finalizada;2;9;26;8;TRANSTRY;24001;;;
MOBIS BRASIL FABRICACAO DE AUTO PECAS LT;RODOVIARIO;1565886;26/08/2026;2;359199;26/08/2026;ATUAL VEICULOS LTDA;1,33E+13;TUBARAO;SC;26/08/2026;02/09/2026;31/08/2026;Entregue No Prazo;;Entrega realizada;Entrega Finalizada;2;9;26;8;TRANSTRY;24001;;;
MOBIS BRASIL FABRICACAO DE AUTO PECAS LT;RODOVIARIO;1565887;26/08/2026;1;359212;26/08/2026;LS COMERCIO DE AUTOMOVEIS LTDA.;1,03E+13;BRUSQUE;SC;26/08/2026;02/09/2026;31/08/2026;Entregue No Prazo;;Entrega realizada;Entrega Finalizada;2;9;26;8;TRANSTRY;24006;;;
MOBIS BRASIL FABRICACAO DE AUTO PECAS LT;RODOVIARIO;1565888;26/08/2026;5;359201;26/08/2026;BARI VEICULOS LTDA;7,46E+12;BLUMENAU;SC;26/08/2026;02/09/2026;31/08/2026;Entregue No Prazo;;Entrega realizada;Entrega Finalizada;2;9;26;8;TRANSTRY;18024;;;
MOBIS BRASIL FABRICACAO DE AUTO PECAS LT;RODOVIARIO;1565889;26/08/2026;12;359201;26/08/2026;BARI VEICULOS LTDA;7,46E+12;BLUMENAU;SC;26/08/2026;02/09/2026;31/08/2026;Entregue No Prazo;;Entrega realizada;Entrega Finalizada;2;9;26;8;TRANSTRY;18024;;;
MOBIS BRASIL FABRICACAO DE AUTO PECAS LT;RODOVIARIO;1565843;26/08/2026;2;359164;26/08/2026;SAGA KOREA COM. DE VEIC. E PC. LTDA;1,27E+13;GOIANIA;GO;26/08/2026;03/09/2026;31/08/2026;Entregue No Prazo;;Entrega realizada;Entrega Finalizada;3;9;26;8;RIO VERMELHO;9011;;;
MOBIS BRASIL FABRICACAO DE AUTO PECAS LT;RODOVIARIO;1565882;26/08/2026;3;359209;26/08/2026;HOUSE PARTS - COM. DE PECAS E VEIC. LTDA;1,15E+13;SANTA MARIA;RS;26/08/2026;03/09/2026;31/08/2026;Entregue No Prazo;;Entrega realizada;Entrega Finalizada;3;9;26;8;TRANSTRY;23008;;;
MOBIS BRASIL FABRICACAO DE AUTO PECAS LT;RODOVIARIO;1565883;26/08/2026;1;359208;26/08/2026;HOUSE PARTS - COM. DE PECAS E VEIC. LTDA;1,15E+13;SANTA CRUZ DO SUL;RS;26/08/2026;03/09/2026;31/08/2026;Entregue No Prazo;;Entrega realizada;Entrega Finalizada;3;9;26;8;TRANSTRY;23017;;;
MOBIS BRASIL FABRICACAO DE AUTO PECAS LT;RODOVIARIO;1565891;26/08/2026;1;359207;26/08/2026;CHINHAN AUTOMOVEIS LTDA;2,41E+13;CONCORDIA;SC;26/08/2026;03/09/2026;31/08/2026;Entregue No Prazo;;Entrega realizada;Entrega Finalizada;3;9;26;8;TRANSTRY;23019;;;
MOBIS BRASIL FABRICACAO DE AUTO PECAS LT;RODOVIARIO;1566773;27/08/2026;1;359395;27/08/2026;CHS MOTORS VEICULOS PECAS E SERV.  LTDA;1,69E+13;SAO PAULO;SP;27/08/2026;31/08/2026;31/08/2026;Entregue No Prazo;;Entrega realizada;Entrega Finalizada;31;8;27;8;XD DIADEMA;26108;;;
MOBIS BRASIL FABRICACAO DE AUTO PECAS LT;RODOVIARIO;1566753;27/08/2026;1;359380;27/08/2026;ANDRETA II DISTRIBUIDORA DE VEIC. LTDA;9,10E+12;JUNDIAI;SP;27/08/2026;01/09/2026;31/08/2026;Entregue No Prazo;;Entrega realizada;Entrega Finalizada;1;9;27;8;MVT;26011;;;
MOBIS BRASIL FABRICACAO DE AUTO PECAS LT;RODOVIARIO;1566723;27/08/2026;5;359456;27/08/2026;BARI VEICULOS LTDA;7,46E+12;PONTA GROSSA;PR;27/08/2026;02/09/2026;31/08/2026;Entregue No Prazo;;Entrega realizada;Entrega Finalizada;2;9;27;8;TRANSTRY;18024;;;
MOBIS BRASIL FABRICACAO DE AUTO PECAS LT;RODOVIARIO;1566727;27/08/2026;1;359418;27/08/2026;AMX COM. E SERVICOS DE AUTOMOTORES LTDA;1,20E+13;RIO DE JANEIRO;RJ;27/08/2026;02/09/2026;31/08/2026;Entregue No Prazo;;Entrega realizada;Entrega Finalizada;2;9;27;8;CAMILO;19009;;;
MOBIS BRASIL FABRICACAO DE AUTO PECAS LT;RODOVIARIO;1566728;27/08/2026;3;359420;27/08/2026;CAOA MOTOR DO BRASIL LTDA;1,68E+13;RIO DE JANEIRO;RJ;27/08/2026;02/09/2026;31/08/2026;Entregue No Prazo;;Entrega realizada;Entrega Finalizada;2;9;27;8;CAMILO;5008;;;
MOBIS BRASIL FABRICACAO DE AUTO PECAS LT;RODOVIARIO;1566730;27/08/2026;3;359423;27/08/2026;CAOA MOTOR DO BRASIL LTDA;1,68E+13;NITEROI;RJ;27/08/2026;02/09/2026;31/08/2026;Entregue No Prazo;;Entrega realizada;Entrega Finalizada;2;9;27;8;CAMILO;5008;;;
MOBIS BRASIL FABRICACAO DE AUTO PECAS LT;RODOVIARIO;1566743;27/08/2026;10;359457;27/08/2026;BARI VEICULOS LTDA.;7,46E+12;ITAJAI;SC;27/08/2026;02/09/2026;31/08/2026;Entregue No Prazo;;Entrega realizada;Entrega Finalizada;2;9;27;8;TRANSTRY;24014;;;
MOBIS BRASIL FABRICACAO DE AUTO PECAS LT;RODOVIARIO;1566764;27/08/2026;1;359386;27/08/2026;DHC COMERCIO DE VEICULOS E PECAS LTDA;9,52E+12;BOTUCATU;SP;27/08/2026;02/09/2026;31/08/2026;Entregue No Prazo;;Entrega realizada;Entrega Finalizada;2;9;27;8;MVT;26010;;;
MOBIS BRASIL FABRICACAO DE AUTO PECAS LT;RODOVIARIO;1566771;27/08/2026;1;359384;27/08/2026;DHC COMERCIO DE VEICULOS E PECAS LTDA;9,52E+12;OURINHOS;SP;27/08/2026;02/09/2026;31/08/2026;Entregue No Prazo;;Entrega realizada;Entrega Finalizada;2;9;27;8;MVT;26010;;;
MOBIS BRASIL FABRICACAO DE AUTO PECAS LT;RODOVIARIO;1566731;27/08/2026;3;359445;27/08/2026;TAI MOTORS VEICULOS S/A;9,27E+12;CAMPOS DOS GOYTACAZES;RJ;27/08/2026;03/09/2026;31/08/2026;Entregue No Prazo;;Entrega realizada;Entrega Finalizada;3;9;27;8;CAMILO;8002;;;
MOBIS BRASIL FABRICACAO DE AUTO PECAS LT;RODOVIARIO;1566738;27/08/2026;4;359453;27/08/2026;ATUAL VEICULOS LTDA;1,33E+13;ARARANGUA;SC;27/08/2026;03/09/2026;31/08/2026;Entregue No Prazo;;Entrega realizada;Entrega Finalizada;3;9;27;8;TRANSTRY;24001;;;
MOBIS BRASIL FABRICACAO DE AUTO PECAS LT;RODOVIARIO;1566739;27/08/2026;3;359451;27/08/2026;ATUAL VEICULOS LTDA;1,33E+13;CRICIUMA;SC;27/08/2026;03/09/2026;31/08/2026;Entregue No Prazo;;Entrega realizada;Entrega Finalizada;3;9;27;8;TRANSTRY;24001;;;
MOBIS BRASIL FABRICACAO DE AUTO PECAS LT;RODOVIARIO;1566740;27/08/2026;10;359452;27/08/2026;ATUAL VEICULOS LTDA;1,33E+13;TUBARAO;SC;27/08/2026;03/09/2026;31/08/2026;Entregue No Prazo;;Entrega realizada;Entrega Finalizada;3;9;27;8;TRANSTRY;24001;;;
MOBIS BRASIL FABRICACAO DE AUTO PECAS LT;RODOVIARIO;1566741;27/08/2026;6;359454;27/08/2026;BARI VEICULOS LTDA;7,46E+12;BLUMENAU;SC;27/08/2026;03/09/2026;31/08/2026;Entregue No Prazo;;Entrega realizada;Entrega Finalizada;3;9;27;8;TRANSTRY;18024;;;
MOBIS BRASIL FABRICACAO DE AUTO PECAS LT;RODOVIARIO;1566742;27/08/2026;17;359454;27/08/2026;BARI VEICULOS LTDA;7,46E+12;BLUMENAU;SC;27/08/2026;03/09/2026;31/08/2026;Entregue No Prazo;;Entrega realizada;Entrega Finalizada;3;9;27;8;TRANSTRY;18024;;;
MOBIS BRASIL FABRICACAO DE AUTO PECAS LT;RODOVIARIO;1566691;27/08/2026;1;359405;27/08/2026;SMAFF IMPORT VEICULOS LTDA;8,18E+12;BRASILIA;DF;27/08/2026;04/09/2026;31/08/2026;Entregue No Prazo;;Entrega realizada;Entrega Finalizada;4;9;27;8;RIO VERMELHO;7002;;;
MOBIS BRASIL FABRICACAO DE AUTO PECAS LT;RODOVIARIO;1566692;27/08/2026;2;359404;27/08/2026;SMAFF IMPORT VEICULOS LTDA;8,18E+12;BRASILIA;DF;27/08/2026;04/09/2026;31/08/2026;Entregue No Prazo;;Entrega realizada;Entrega Finalizada;4;9;27;8;RIO VERMELHO;7002;;;
MOBIS BRASIL FABRICACAO DE AUTO PECAS LT;RODOVIARIO;1566693;27/08/2026;36;359404;27/08/2026;SMAFF IMPORT VEICULOS LTDA;8,18E+12;BRASILIA;DF;27/08/2026;04/09/2026;31/08/2026;Entregue No Prazo;;Entrega realizada;Entrega Finalizada;4;9;27;8;RIO VERMELHO;7002;;;
MOBIS BRASIL FABRICACAO DE AUTO PECAS LT;RODOVIARIO;1566711;27/08/2026;5;359447;27/08/2026;ULSAN COMERCIO DE VEICULOS LTDA.;2,10E+13;CAMPO GRANDE;MS;27/08/2026;04/09/2026;31/08/2026;Entregue No Prazo;;Entrega realizada;Entrega Finalizada;4;9;27;8;CARVALIMA;12004;;;
MOBIS BRASIL FABRICACAO DE AUTO PECAS LT;RODOVIARIO;1566712;27/08/2026;4;359441;27/08/2026;SAGA ASIA COM. DE VEIC.PC.E SERV. LTDA;2,23E+13;VARZEA GRANDE;MT;27/08/2026;08/09/2026;31/08/2026;Entregue No Prazo;;Entrega realizada;Entrega Finalizada;8;9;27;8;CARVALIMA;13004;;;
MOBIS BRASIL FABRICACAO DE AUTO PECAS LT;RODOVIARIO;1567622;28/08/2026;3;359631;28/08/2026;NOBRE DISTRIBUIDORA DE VEICULOS E PECAS;5,76E+12;MOGI DAS CRUZES;SP;28/08/2026;01/09/2026;31/08/2026;Entregue No Prazo;;Entrega realizada;Entrega Finalizada;1;9;28;8;XD DIADEMA;26004;;;
MOBIS BRASIL FABRICACAO DE AUTO PECAS LT;RODOVIARIO;1567627;28/08/2026;2;359629;28/08/2026;GRAND SPORT COM. DE VEIC. E PECAS LTDA;8,58E+12;SAO PAULO;SP;28/08/2026;01/09/2026;31/08/2026;Entregue No Prazo;;Entrega realizada;Entrega Finalizada;1;9;28;8;XD DIADEMA;26034;;;
MOBIS BRASIL FABRICACAO DE AUTO PECAS LT;RODOVIARIO;1567628;28/08/2026;1;359626;28/08/2026;CHS MOTORS VEICULOS PECAS E SERV. LTDA.;1,69E+13;SAO PAULO;SP;28/08/2026;01/09/2026;31/08/2026;Entregue No Prazo;;Entrega realizada;Entrega Finalizada;1;9;28;8;XD DIADEMA;26036;;;
MOBIS BRASIL FABRICACAO DE AUTO PECAS LT;RODOVIARIO;1567629;28/08/2026;3;359627;28/08/2026;CHS MOTORS VEICULOS PECAS E SERV LTDA;1,69E+13;SAO PAULO;SP;28/08/2026;01/09/2026;31/08/2026;Entregue No Prazo;;Entrega realizada;Entrega Finalizada;1;9;28;8;XD DIADEMA;26037;;;
MOBIS BRASIL FABRICACAO DE AUTO PECAS LT;RODOVIARIO;1567631;28/08/2026;7;359622;28/08/2026;CAOA MOTOR DO BRASIL LTDA (ARICANDUVA);1,68E+13;SAO PAULO;SP;28/08/2026;01/09/2026;31/08/2026;Entregue No Prazo;;Entrega realizada;Entrega Finalizada;1;9;28;8;XD DIADEMA;26039;;;
MOBIS BRASIL FABRICACAO DE AUTO PECAS LT;RODOVIARIO;1567639;28/08/2026;1;359624;28/08/2026;CAOA MOTOR DO BRASIL LTDA (VL PRUDENTE);1,68E+13;SAO PAULO;SP;28/08/2026;01/09/2026;31/08/2026;Entregue No Prazo;;Entrega realizada;Entrega Finalizada;1;9;28;8;XD DIADEMA;26051;;;
MOBIS BRASIL FABRICACAO DE AUTO PECAS LT;RODOVIARIO;1567642;28/08/2026;1;359623;28/08/2026;CAOA MOTOR DO BRASIL LTDA (IPIRANGA);1,68E+13;SAO PAULO;SP;28/08/2026;01/09/2026;31/08/2026;Entregue No Prazo;;Entrega realizada;Entrega Finalizada;1;9;28;8;XD DIADEMA;26054;;;
MOBIS BRASIL FABRICACAO DE AUTO PECAS LT;RODOVIARIO;1567648;28/08/2026;1;359632;28/08/2026;NOBRE SP DISTRIB. DE VEIC. E PEC. LTDA;1,70E+13;SAO PAULO;SP;28/08/2026;01/09/2026;31/08/2026;Entregue No Prazo;;Entrega realizada;Entrega Finalizada;1;9;28;8;XD DIADEMA;26081;;;
MOBIS BRASIL FABRICACAO DE AUTO PECAS LT;RODOVIARIO;1567654;28/08/2026;4;359630;28/08/2026;NOBRE DISTRIBUIDORA DE VEIC. E PEC. LTDA;5,76E+12;SUZANO;SP;28/08/2026;01/09/2026;31/08/2026;Entregue No Prazo;;Entrega realizada;Entrega Finalizada;1;9;28;8;XD DIADEMA;26103;;;
MOBIS BRASIL FABRICACAO DE AUTO PECAS LT;RODOVIARIO;1567656;28/08/2026;3;359625;28/08/2026;CHS MOTORS VEICULOS PECAS E SERV.  LTDA;1,69E+13;SAO PAULO;SP;28/08/2026;01/09/2026;31/08/2026;Entregue No Prazo;;Entrega realizada;Entrega Finalizada;1;9;28;8;XD DIADEMA;26108;;;
MOBIS BRASIL FABRICACAO DE AUTO PECAS LT;RODOVIARIO;1567592;28/08/2026;7;359704;28/08/2026;SEVEC VEICULOS LTDA;5,68E+11;CURITIBA;PR;28/08/2026;02/09/2026;31/08/2026;Entregue No Prazo;;Entrega realizada;Entrega Finalizada;2;9;28;8;TRANSTRY;18012;;;
MOBIS BRASIL FABRICACAO DE AUTO PECAS LT;RODOVIARIO;1567597;28/08/2026;4;359692;28/08/2026;BARI VEICULOS LTDA;7,46E+12;CURITIBA;PR;28/08/2026;02/09/2026;31/08/2026;Entregue No Prazo;;Entrega realizada;Entrega Finalizada;2;9;28;8;TRANSTRY;18024;;;
MOBIS BRASIL FABRICACAO DE AUTO PECAS LT;RODOVIARIO;1567623;28/08/2026;4;359611;28/08/2026;DHC COMERCIO DE VEICULOS E PECAS LTDA;9,52E+12;BAURU;SP;28/08/2026;02/09/2026;31/08/2026;Entregue No Prazo;;Entrega realizada;Entrega Finalizada;2;9;28;8;MVT;26010;;;
MOBIS BRASIL FABRICACAO DE AUTO PECAS LT;RODOVIARIO;1567626;28/08/2026;16;359618;28/08/2026;NEW VEICULOS E PECAS LTDA;1,59E+13;RIBEIRAO PRETO;SP;28/08/2026;02/09/2026;31/08/2026;Entregue No Prazo;;Entrega realizada;Entrega Finalizada;2;9;28;8;MVT;26014;;;
MOBIS BRASIL FABRICACAO DE AUTO PECAS LT;RODOVIARIO;1567644;28/08/2026;1;359610;28/08/2026;CAOA MOTOR DO BRASIL LTDA;1,68E+13;CAMPINAS;SP;28/08/2026;02/09/2026;31/08/2026;Entregue No Prazo;;Entrega realizada;Entrega Finalizada;2;9;28;8;MVT;5008;;;
MOBIS BRASIL FABRICACAO DE AUTO PECAS LT;RODOVIARIO;1567645;28/08/2026;1;359609;28/08/2026;CAOA MOTOR DO BRASIL LTDA;1,68E+13;SAO JOSE DOS CAMPOS;SP;28/08/2026;02/09/2026;31/08/2026;Entregue No Prazo;;Entrega realizada;Entrega Finalizada;2;9;28;8;MVT;5008;;;
MOBIS BRASIL FABRICACAO DE AUTO PECAS LT;RODOVIARIO;1567646;28/08/2026;1;359628;28/08/2026;DESTAQUE SEUL DISTR. DE VEIC. E PC. LTDA;2,12E+13;ATIBAIA;SP;28/08/2026;02/09/2026;31/08/2026;Entregue No Prazo;;Entrega realizada;Entrega Finalizada;2;9;28;8;XD DIADEMA;26075;;;
MOBIS BRASIL FABRICACAO DE AUTO PECAS LT;RODOVIARIO;1567647;28/08/2026;2;359628;28/08/2026;DESTAQUE SEUL DISTR. DE VEIC. E PC. LTDA;2,12E+13;ATIBAIA;SP;28/08/2026;02/09/2026;31/08/2026;Entregue No Prazo;;Entrega realizada;Entrega Finalizada;2;9;28;8;XD DIADEMA;26075;;;
MOBIS BRASIL FABRICACAO DE AUTO PECAS LT;RODOVIARIO;1567649;28/08/2026;1;359621;28/08/2026;CAOA MOTOR DO BRASIL LTDA;1,68E+13;SANTOS;SP;28/08/2026;02/09/2026;31/08/2026;Entregue No Prazo;;Entrega realizada;Entrega Finalizada;2;9;28;8;XD DIADEMA;5008;;;
MOBIS BRASIL FABRICACAO DE AUTO PECAS LT;RODOVIARIO;1567652;28/08/2026;4;359612;28/08/2026;H - CAMINHO AUTOMOVEIS LTDA;2,53E+13;LIMEIRA;SP;28/08/2026;02/09/2026;31/08/2026;Entregue No Prazo;;Entrega realizada;Entrega Finalizada;2;9;28;8;MVT;26092;;;
MOBIS BRASIL FABRICACAO DE AUTO PECAS LT;RODOVIARIO;1567651;28/08/2026;2;359613;28/08/2026;H - CAMINHO AUTOMOVEIS LTDA;2,53E+13;PIRACICABA;SP;28/08/2026;03/09/2026;31/08/2026;Entregue No Prazo;;Entrega realizada;Entrega Finalizada;3;9;28;8;MVT;26092;;;
MOBIS BRASIL FABRICACAO DE AUTO PECAS LT;RODOVIARIO;1567653;28/08/2026;1;359617;28/08/2026;NEW VEICULOS E PECAS LTDA;1,59E+13;BARRETOS;SP;28/08/2026;03/09/2026;31/08/2026;Entregue No Prazo;;Entrega realizada;Entrega Finalizada;3;9;28;8;MVT;26014;;;
MOBIS BRASIL FABRICACAO DE AUTO PECAS LT;RODOVIARIO;1567621;28/08/2026;8;359869;31/08/2026;BILLY DISTRIBUIDORA DE VEICULOS LTDA;1,34E+13;BARUERI;SP;31/08/2026;02/09/2026;31/08/2026;Entregue No Prazo;;Entrega realizada;Entrega Finalizada;2;9;31;8;BV LOG;26003;;;
MOBIS BRASIL FABRICACAO DE AUTO PECAS LT;RODOVIARIO;1567641;28/08/2026;26;359867;31/08/2026;CHS MOTORS VEICULOS PECAS(VL. GUILHERME);1,69E+13;SAO PAULO;SP;31/08/2026;02/09/2026;31/08/2026;Entregue No Prazo;;Entrega realizada;Entrega Finalizada;2;9;31;8;BV LOG;26052;;;
MOBIS BRASIL FABRICACAO DE AUTO PECAS LT;RODOVIARIO;1567650;28/08/2026;10;359868;31/08/2026;GRANDAY AUTOMOTORES LTDA (CHAC. CALIFOR);1,57E+13;SAO PAULO;SP;31/08/2026;02/09/2026;31/08/2026;Entregue No Prazo;;Entrega realizada;Entrega Finalizada;2;9;31;8;BV LOG;26090;;;
MOBIS BRASIL FABRICACAO DE AUTO PECAS LT;RODOVIARIO;1567655;28/08/2026;7;359870;31/08/2026;CHS MOTORS VEICULOS PECAS E SERV. LTDA;1,69E+13;OSASCO;SP;31/08/2026;02/09/2026;31/08/2026;Entregue No Prazo;;Entrega realizada;Entrega Finalizada;2;9;31;8;BV LOG;26106;;;
MOBIS BRASIL FABRICACAO DE AUTO PECAS LT;RODOVIARIO;1568392;29/08/2026;5;359871;31/08/2026;GRAND SPORT COM. DE VEIC. E PECAS LTDA;8,58E+12;SAO PAULO;SP;31/08/2026;02/09/2026;31/08/2026;Entregue No Prazo;;Entrega realizada;Entrega Finalizada;2;9;31;8;BV LOG;26034;;;
MOBIS BRASIL FABRICACAO DE AUTO PECAS LT;RODOVIARIO;1568404;29/08/2026;8;359868;31/08/2026;GRANDAY AUTOMOTORES LTDA (CHAC. CALIFOR);1,57E+13;SAO PAULO;SP;31/08/2026;02/09/2026;31/08/2026;Entregue No Prazo;;Entrega realizada;Entrega Finalizada;2;9;31;8;BV LOG;26090;;;
MOBIS BRASIL FABRICACAO DE AUTO PECAS LT;RODOVIARIO;1567624;28/08/2026;1;359864;31/08/2026;ANDRETA II DISTRIBUIDORA DE VEIC. LTDA;9,10E+12;CAMPINAS;SP;31/08/2026;03/09/2026;31/08/2026;Entregue No Prazo;;Entrega realizada;Entrega Finalizada;3;9;31;8;BV LOG;26011;;;
MOBIS BRASIL FABRICACAO DE AUTO PECAS LT;RODOVIARIO;1567630;28/08/2026;20;359864;31/08/2026;ANDRETA II DISTRIBUIDORA DE VEIC. LTDA;9,10E+12;CAMPINAS;SP;31/08/2026;03/09/2026;31/08/2026;Entregue No Prazo;;Entrega realizada;Entrega Finalizada;3;9;31;8;BV LOG;26011;;;
MOBIS BRASIL FABRICACAO DE AUTO PECAS LT;RODOVIARIO;1567632;28/08/2026;6;359865;31/08/2026;ANDRETA II DISTRIBUIDORA DE VEIC. LTDA;9,10E+12;JUNDIAI;SP;31/08/2026;03/09/2026;31/08/2026;Entregue No Prazo;;Entrega realizada;Entrega Finalizada;3;9;31;8;BV LOG;26011;;;
MOBIS BRASIL FABRICACAO DE AUTO PECAS LT;RODOVIARIO;1568401;29/08/2026;5;359866;31/08/2026;DESTAQUE SEUL DISTR. DE VEIC. E PC. LTDA;2,12E+13;ATIBAIA;SP;31/08/2026;03/09/2026;31/08/2026;Entregue No Prazo;;Entrega realizada;Entrega Finalizada;3;9;31;8;BV LOG;26075;;;
MOBIS BRASIL FABRICACAO DE AUTO PECAS LT;RODOVIARIO;1568409;29/08/2026;18;359864;31/08/2026;ANDRETA II DISTRIBUIDORA DE VEIC. LTDA;9,10E+12;CAMPINAS;SP;31/08/2026;03/09/2026;31/08/2026;Entregue No Prazo;;Entrega realizada;Entrega Finalizada;3;9;31;8;BV LOG;26011;;;
MOBIS BRASIL FABRICACAO DE AUTO PECAS LT;RODOVIARIO;1561972;19/08/2026;97;358086;19/08/2026;FAZZA MOTORS COMERCIO DE VEICULOS LTDA;1,24E+13;FORTALEZA;CE;19/08/2026;02/09/2026;01/09/2026;Entregue No Prazo;;Entrega realizada;Entrega Finalizada;2;9;19;8;TERMACO;5007;;;
MOBIS BRASIL FABRICACAO DE AUTO PECAS LT;RODOVIARIO;1561477;19/08/2026;1;358095;19/08/2026;PATEO COMERCIO DE VEICULOS S A;7,78E+12;FEIRA DE SANTANA;BA;19/08/2026;03/09/2026;01/09/2026;Entregue No Prazo;;Entrega realizada;Entrega Finalizada;3;9;19;8;TERMACO;5009;;;
MOBIS BRASIL FABRICACAO DE AUTO PECAS LT;RODOVIARIO;1562184;20/08/2026;2;358316;20/08/2026;TOKSU COMERCIO DE VEICULOS LTDA;1,12E+13;BARBACENA;MG;20/08/2026;27/08/2026;01/09/2026;Entregue Fora do Prazo;;Entrega realizada;Entrega Finalizada;27;8;20;8;XD BETIM;11008;Aniversário do Município;Americana;SP
MOBIS BRASIL FABRICACAO DE AUTO PECAS LT;RODOVIARIO;1562892;21/08/2026;6;358515;21/08/2026;CYCOSA AUTOMOVEIS LTDA;4,76E+12;MACEIO;AL;21/08/2026;04/09/2026;01/09/2026;Entregue No Prazo;;Entrega realizada;Entrega Finalizada;4;9;21;8;TERMACO;2001;;;
MOBIS BRASIL FABRICACAO DE AUTO PECAS LT;RODOVIARIO;1562898;21/08/2026;2;358516;21/08/2026;FAZZA MOTORS COM. DE VEICULOS LTDA;1,24E+13;FORTALEZA;CE;21/08/2026;04/09/2026;01/09/2026;Entregue No Prazo;;Entrega realizada;Entrega Finalizada;4;9;21;8;TERMACO;6001;;;
MOBIS BRASIL FABRICACAO DE AUTO PECAS LT;RODOVIARIO;1563445;21/08/2026;26;358518;21/08/2026;FAZZA MOTORS COMERCIO DE VEICULOS LTDA;1,24E+13;FORTALEZA;CE;21/08/2026;04/09/2026;01/09/2026;Entregue No Prazo;;Entrega realizada;Entrega Finalizada;4;9;21;8;TERMACO;5007;;;
MOBIS BRASIL FABRICACAO DE AUTO PECAS LT;RODOVIARIO;1562924;21/08/2026;2;358530;21/08/2026;PATEO COMERCIO DE VEICULOS S A;7,78E+12;JOAO PESSOA;PB;21/08/2026;08/09/2026;01/09/2026;Entregue No Prazo;;Entrega realizada;Entrega Finalizada;8;9;21;8;TERMACO;15003;;;
MOBIS BRASIL FABRICACAO DE AUTO PECAS LT;RODOVIARIO;1562951;21/08/2026;2;358539;21/08/2026;SAINT LAND COMERCIO DE VEICULOS LTDA;1,04E+13;NATAL;RN;21/08/2026;08/09/2026;01/09/2026;Entregue No Prazo;CTE Retido;Entrega realizada;Entrega Finalizada;8;9;21;8;TERMACO;6010;;;
MOBIS BRASIL FABRICACAO DE AUTO PECAS LT;RODOVIARIO;1562952;21/08/2026;14;358539;21/08/2026;SAINT LAND COMERCIO DE VEICULOS LTDA;1,04E+13;NATAL;RN;21/08/2026;08/09/2026;01/09/2026;Entregue No Prazo;CTE Retido;Entrega realizada;Entrega Finalizada;8;9;21;8;TERMACO;6010;;;
MOBIS BRASIL FABRICACAO DE AUTO PECAS LT;RODOVIARIO;1562926;21/08/2026;1;358506;21/08/2026;AUTORAC VEICULOS LTDA;1,06E+13;CARUARU;PE;21/08/2026;08/09/2026;01/09/2026;Entregue No Prazo;;Entrega realizada;Entrega Finalizada;8;9;21;8;TERMACO;16001;;;
MOBIS BRASIL FABRICACAO DE AUTO PECAS LT;RODOVIARIO;1562931;21/08/2026;1;358507;21/08/2026;AUTORAC VEICULOS LTDA;1,06E+13;PETROLINA;PE;21/08/2026;08/09/2026;01/09/2026;Entregue No Prazo;;Entrega realizada;Entrega Finalizada;8;9;21;8;TERMACO;16001;;;
MOBIS BRASIL FABRICACAO DE AUTO PECAS LT;RODOVIARIO;1562950;21/08/2026;7;358528;21/08/2026;ORIENTE AUTOMOVEIS LTDA;1,33E+13;PARNAMIRIM;RN;21/08/2026;08/09/2026;01/09/2026;Entregue No Prazo;;Entrega realizada;Entrega Finalizada;8;9;21;8;TERMACO;20001;;;
MOBIS BRASIL FABRICACAO DE AUTO PECAS LT;RODOVIARIO;1563917;24/08/2026;1;358764;24/08/2026;CAOA MOTOR DO BRASIL LTDA;1,68E+13;BELEM;PA;24/08/2026;04/09/2026;01/09/2026;Entregue No Prazo;;Entrega realizada;Entrega Finalizada;4;9;24;8;CARVALIMA;5008;;;
MOBIS BRASIL FABRICACAO DE AUTO PECAS LT;RODOVIARIO;1563918;24/08/2026;2;358770;24/08/2026;GRANDE COREIA COMERCIO DE VEICULOS LTDA;2,66E+13;BELEM;PA;24/08/2026;04/09/2026;01/09/2026;Entregue No Prazo;;Entrega realizada;Entrega Finalizada;4;9;24;8;CARVALIMA;14007;;;
MOBIS BRASIL FABRICACAO DE AUTO PECAS LT;RODOVIARIO;1564334;24/08/2026;1;358786;24/08/2026;SEVEL VEICULOS LTDA;1,07E+13;ARACAJU;SE;24/08/2026;04/09/2026;01/09/2026;Entregue No Prazo;;Entrega realizada;Entrega Finalizada;4;9;24;8;TERMACO;25001;;;
MOBIS BRASIL FABRICACAO DE AUTO PECAS LT;RODOVIARIO;1563895;24/08/2026;1;358776;24/08/2026;MASTER COMERCIAL DE VEICULOS LTDA;2,85E+13;BARREIRAS;BA;24/08/2026;08/09/2026;01/09/2026;Entregue No Prazo;;Entrega realizada;Entrega Finalizada;8;9;24;8;TERMACO;5012;;;
MOBIS BRASIL FABRICACAO DE AUTO PECAS LT;RODOVIARIO;1565024;25/08/2026;3;358987;25/08/2026;TOKSU COMERCIO DE VEICULOS LTDA;1,12E+13;JUIZ DE FORA;MG;25/08/2026;31/08/2026;01/09/2026;Entregue Fora do Prazo;;Entrega realizada;Entrega Finalizada;31;8;25;8;XD BETIM;11008;;;
MOBIS BRASIL FABRICACAO DE AUTO PECAS LT;RODOVIARIO;1565029;25/08/2026;1;358985;25/08/2026;TAI MOTORS VEICULOS S/A;9,27E+12;MURIAE;MG;25/08/2026;01/09/2026;01/09/2026;Entregue No Prazo;;Entrega realizada;Entrega Finalizada;1;9;25;8;XD BETIM;8002;;;
MOBIS BRASIL FABRICACAO DE AUTO PECAS LT;RODOVIARIO;1565100;25/08/2026;1;359024;25/08/2026;VIA BRASIL AUTOMOVEIS LTDA.;4,72E+12;SERRA;ES;25/08/2026;01/09/2026;01/09/2026;Entregue No Prazo;;Entrega realizada;Entrega Finalizada;1;9;25;8;CAMILO;8001;;;
MOBIS BRASIL FABRICACAO DE AUTO PECAS LT;RODOVIARIO;1565101;25/08/2026;10;359024;25/08/2026;VIA BRASIL AUTOMOVEIS LTDA.;4,72E+12;SERRA;ES;25/08/2026;01/09/2026;01/09/2026;Entregue No Prazo;;Entrega realizada;Entrega Finalizada;1;9;25;8;CAMILO;8001;;;
MOBIS BRASIL FABRICACAO DE AUTO PECAS LT;RODOVIARIO;1565006;25/08/2026;5;359012;25/08/2026;PATEO COMERCIO DE VEICULOS S A;7,78E+12;SALVADOR;BA;25/08/2026;04/09/2026;01/09/2026;Entregue No Prazo;;Entrega realizada;Entrega Finalizada;4;9;25;8;TERMACO;5003;;;
MOBIS BRASIL FABRICACAO DE AUTO PECAS LT;RODOVIARIO;1565007;25/08/2026;1;358999;25/08/2026;FAZZA MOTORS COMERCIO DE VEICULOS LTDA;1,24E+13;SALVADOR;BA;25/08/2026;04/09/2026;01/09/2026;Entregue No Prazo;;Entrega realizada;Entrega Finalizada;4;9;25;8;TERMACO;5007;;;
MOBIS BRASIL FABRICACAO DE AUTO PECAS LT;RODOVIARIO;1565008;25/08/2026;3;358999;25/08/2026;FAZZA MOTORS COMERCIO DE VEICULOS LTDA;1,24E+13;SALVADOR;BA;25/08/2026;04/09/2026;01/09/2026;Entregue No Prazo;;Entrega realizada;Entrega Finalizada;4;9;25;8;TERMACO;5007;;;
MOBIS BRASIL FABRICACAO DE AUTO PECAS LT;RODOVIARIO;1565034;25/08/2026;6;358996;25/08/2026;COMETA MATO GROSSO COM. DE VEICULOS LTDA;1,54E+13;SINOP;MT;25/08/2026;04/09/2026;01/09/2026;Entregue No Prazo;;Entrega realizada;Entrega Finalizada;4;9;25;8;CARVALIMA;13003;;;
MOBIS BRASIL FABRICACAO DE AUTO PECAS LT;RODOVIARIO;1565036;25/08/2026;1;359023;25/08/2026;UNIQUE COMERCIO DE AUTOMOVEIS LTDA;1,74E+13;ANANINDEUA;PA;25/08/2026;08/09/2026;01/09/2026;Entregue No Prazo;;Entrega realizada;Entrega Finalizada;8;9;25;8;CARVALIMA;14003;;;
MOBIS BRASIL FABRICACAO DE AUTO PECAS LT;RODOVIARIO;1565037;25/08/2026;25;359023;25/08/2026;UNIQUE COMERCIO DE AUTOMOVEIS LTDA;1,74E+13;ANANINDEUA;PA;25/08/2026;08/09/2026;01/09/2026;Entregue No Prazo;;Entrega realizada;Entrega Finalizada;8;9;25;8;CARVALIMA;14003;;;
MOBIS BRASIL FABRICACAO DE AUTO PECAS LT;RODOVIARIO;1565073;25/08/2026;1;359020;25/08/2026;SAINT LAND COMERCIO DE VEICULOS LTDA;1,04E+13;ARACAJU;SE;25/08/2026;08/09/2026;01/09/2026;Entregue No Prazo;;Entrega realizada;Entrega Finalizada;8;9;25;8;TERMACO;6010;;;
MOBIS BRASIL FABRICACAO DE AUTO PECAS LT;RODOVIARIO;1565004;25/08/2026;2;358998;25/08/2026;CYCOSA AUTOMOVEIS LTDA;4,76E+12;MACEIO;AL;25/08/2026;08/09/2026;01/09/2026;Entregue No Prazo;;Entrega realizada;Entrega Finalizada;8;9;25;8;TERMACO;2001;;;
MOBIS BRASIL FABRICACAO DE AUTO PECAS LT;RODOVIARIO;1565009;25/08/2026;2;358994;25/08/2026;CAOA MOTOR DO BRASIL LTDA;1,68E+13;LAURO DE FREITAS;BA;25/08/2026;09/09/2026;01/09/2026;Entregue No Prazo;;Entrega realizada;Entrega Finalizada;9;9;25;8;TERMACO;5008;;;
MOBIS BRASIL FABRICACAO DE AUTO PECAS LT;RODOVIARIO;1565010;25/08/2026;6;359011;25/08/2026;PATEO COMERCIO DE VEICULOS S A;7,78E+12;FEIRA DE SANTANA;BA;25/08/2026;09/09/2026;01/09/2026;Entregue No Prazo;;Entrega realizada;Entrega Finalizada;9;9;25;8;TERMACO;5009;;;
MOBIS BRASIL FABRICACAO DE AUTO PECAS LT;RODOVIARIO;1565022;25/08/2026;1;359009;25/08/2026;NACIONAL NOVA MARABA DIST DE VEIC. LTDA;1,70E+13;IMPERATRIZ;MA;25/08/2026;14/09/2026;01/09/2026;Entregue No Prazo;;Entrega realizada;Entrega Finalizada;14;9;25;8;TERMACO;10003;;;
MOBIS BRASIL FABRICACAO DE AUTO PECAS LT;RODOVIARIO;1565846;26/08/2026;10;359168;26/08/2026;URCA MOTORS VEICULOS LTDA;8,77E+12;UBERLANDIA;MG;26/08/2026;01/09/2026;01/09/2026;Entregue No Prazo;;Entrega realizada;Entrega Finalizada;1;9;26;8;XD BETIM;9014;;;
MOBIS BRASIL FABRICACAO DE AUTO PECAS LT;RODOVIARIO;1565848;26/08/2026;1;359167;26/08/2026;TOKSU COMERCIO DE VEICULOS LTDA;1,12E+13;VARGINHA;MG;26/08/2026;01/09/2026;01/09/2026;Entregue No Prazo;;Entrega realizada;Entrega Finalizada;1;9;26;8;XD BETIM;11008;;;
MOBIS BRASIL FABRICACAO DE AUTO PECAS LT;RODOVIARIO;1565881;26/08/2026;27;359206;26/08/2026;CARWAY SUL VEICULOS LTDA;1,03E+13;CANOAS;RS;26/08/2026;01/09/2026;01/09/2026;Entregue No Prazo;;Entrega realizada;Entrega Finalizada;1;9;26;8;TRANSTRY;23003;;;
MOBIS BRASIL FABRICACAO DE AUTO PECAS LT;RODOVIARIO;1565849;26/08/2026;1;359165;26/08/2026;TAI MOTORS VEICULOS S/A;9,27E+12;MURIAE;MG;26/08/2026;02/09/2026;01/09/2026;Entregue No Prazo;;Entrega realizada;Entrega Finalizada;2;9;26;8;XD BETIM;8002;;;
MOBIS BRASIL FABRICACAO DE AUTO PECAS LT;RODOVIARIO;1565920;26/08/2026;3;359194;26/08/2026;VIA BRASIL AUTOMOVEIS LTDA.;4,72E+12;SERRA;ES;26/08/2026;02/09/2026;01/09/2026;Entregue No Prazo;;Entrega realizada;Entrega Finalizada;2;9;26;8;CAMILO;8001;;;
MOBIS BRASIL FABRICACAO DE AUTO PECAS LT;RODOVIARIO;1565854;26/08/2026;4;359186;26/08/2026;SAGA ASIA COM. DE VEIC.PC.E SERV. LTDA;2,23E+13;VARZEA GRANDE;MT;26/08/2026;04/09/2026;01/09/2026;Entregue No Prazo;;Entrega realizada;Entrega Finalizada;4;9;26;8;CARVALIMA;13004;;;
MOBIS BRASIL FABRICACAO DE AUTO PECAS LT;RODOVIARIO;1566705;27/08/2026;14;359406;27/08/2026;TAI MOTORS VEICULOS S/A;9,27E+12;BELO HORIZONTE;MG;27/08/2026;01/09/2026;01/09/2026;Entregue No Prazo;;Entrega realizada;Entrega Finalizada;1;9;27;8;XD BETIM;8002;;;
MOBIS BRASIL FABRICACAO DE AUTO PECAS LT;RODOVIARIO;1566706;27/08/2026;21;359394;27/08/2026;CARBEL KOREA VEICULOS LTDA;2,07E+13;BELO HORIZONTE;MG;27/08/2026;01/09/2026;01/09/2026;Entregue No Prazo;;Entrega realizada;Entrega Finalizada;1;9;27;8;XD BETIM;11021;;;
MOBIS BRASIL FABRICACAO DE AUTO PECAS LT;RODOVIARIO;1566709;27/08/2026;23;359389;27/08/2026;BDG AUTOVILLE VEICULOS LTDA;4,77E+13;CONTAGEM;MG;27/08/2026;01/09/2026;01/09/2026;Entregue No Prazo;;Entrega realizada;Entrega Finalizada;1;9;27;8;XD BETIM;11037;;;
MOBIS BRASIL FABRICACAO DE AUTO PECAS LT;RODOVIARIO;1566703;27/08/2026;1;359400;27/08/2026;IMOTORS VEICULOS LTDA;7,17E+12;JUIZ DE FORA;MG;27/08/2026;02/09/2026;01/09/2026;Entregue No Prazo;;Entrega realizada;Entrega Finalizada;2;9;27;8;XD BETIM;11010;;;
MOBIS BRASIL FABRICACAO DE AUTO PECAS LT;RODOVIARIO;1566726;27/08/2026;2;359429;27/08/2026;ITAVEMA MOTORS VEICULOS LTDA;7,73E+12;DUQUE DE CAXIAS;RJ;27/08/2026;02/09/2026;01/09/2026;Entregue No Prazo;;Entrega realizada;Entrega Finalizada;2;9;27;8;CAMILO;19001;;;
MOBIS BRASIL FABRICACAO DE AUTO PECAS LT;RODOVIARIO;1566765;27/08/2026;1;359383;27/08/2026;DESTAQUE SEUL DISTR DE VEIC PEC LTDA;2,12E+13;CARAGUATATUBA;SP;27/08/2026;02/09/2026;01/09/2026;Entregue No Prazo;;Entrega realizada;Entrega Finalizada;2;9;27;8;MVT;26082;;;
MOBIS BRASIL FABRICACAO DE AUTO PECAS LT;RODOVIARIO;1566772;27/08/2026;1;359381;27/08/2026;ANDRETA II DISTRIBUIDORA DE VEIC. LTDA;9,10E+12;RIO CLARO;SP;27/08/2026;02/09/2026;01/09/2026;Entregue No Prazo;;Entrega realizada;Entrega Finalizada;2;9;27;8;MVT;26011;;;
MOBIS BRASIL FABRICACAO DE AUTO PECAS LT;RODOVIARIO;1566702;27/08/2026;2;359407;27/08/2026;TOKSU COMERCIO DE VEICULOS LTDA;1,12E+13;BARBACENA;MG;27/08/2026;03/09/2026;01/09/2026;Entregue No Prazo;;Entrega realizada;Entrega Finalizada;3;9;27;8;XD BETIM;11008;;;
MOBIS BRASIL FABRICACAO DE AUTO PECAS LT;RODOVIARIO;1566721;27/08/2026;2;359463;27/08/2026;SANTA FE VEICULOS LTDA.;1,16E+13;FRANCISCO BELTRAO;PR;27/08/2026;03/09/2026;01/09/2026;Entregue No Prazo;;Entrega realizada;Entrega Finalizada;3;9;27;8;TRANSTRY;18010;;;
MOBIS BRASIL FABRICACAO DE AUTO PECAS LT;RODOVIARIO;1566722;27/08/2026;14;359463;27/08/2026;SANTA FE VEICULOS LTDA.;1,16E+13;FRANCISCO BELTRAO;PR;27/08/2026;03/09/2026;01/09/2026;Entregue No Prazo;;Entrega realizada;Entrega Finalizada;3;9;27;8;TRANSTRY;18010;;;
MOBIS BRASIL FABRICACAO DE AUTO PECAS LT;RODOVIARIO;1566744;27/08/2026;1;359462;27/08/2026;PONTO CERTO COMERCIO DE VEICULOS LTDA;1,50E+13;LAGES;SC;27/08/2026;03/09/2026;01/09/2026;Entregue No Prazo;;Entrega realizada;Entrega Finalizada;3;9;27;8;TRANSTRY;24017;;;
MOBIS BRASIL FABRICACAO DE AUTO PECAS LT;RODOVIARIO;1566696;27/08/2026;4;359401;27/08/2026;NISA COMERCIAL DE VEIC. AUTOMOTORES LTDA;1,03E+13;APARECIDA DE GOIANIA;GO;27/08/2026;04/09/2026;01/09/2026;Entregue No Prazo;;Entrega realizada;Entrega Finalizada;4;9;27;8;RIO VERMELHO;9002;;;
MOBIS BRASIL FABRICACAO DE AUTO PECAS LT;RODOVIARIO;1566698;27/08/2026;3;359402;27/08/2026;NISA COMERCIAL DE VEIC. AUTOMOTORES LTDA;1,03E+13;GOIANIA;GO;27/08/2026;04/09/2026;01/09/2026;Entregue No Prazo;;Entrega realizada;Entrega Finalizada;4;9;27;8;RIO VERMELHO;9013;;;
MOBIS BRASIL FABRICACAO DE AUTO PECAS LT;RODOVIARIO;1567566;28/08/2026;23;359638;28/08/2026;TAI MOTORS VEICULOS S/A;9,27E+12;BELO HORIZONTE;MG;28/08/2026;02/09/2026;01/09/2026;Entregue No Prazo;;Entrega realizada;Entrega Finalizada;2;9;28;8;XD BETIM;8002;;;
MOBIS BRASIL FABRICACAO DE AUTO PECAS LT;RODOVIARIO;1567567;28/08/2026;3;359620;28/08/2026;CAOA MOTOR DO BRASIL LTDA;1,68E+13;BELO HORIZONTE;MG;28/08/2026;02/09/2026;01/09/2026;Entregue No Prazo;;Entrega realizada;Entrega Finalizada;2;9;28;8;XD BETIM;5008;;;
MOBIS BRASIL FABRICACAO DE AUTO PECAS LT;RODOVIARIO;1567571;28/08/2026;43;359619;28/08/2026;BDG AUTOVILLE VEICULOS LTDA;4,77E+13;CONTAGEM;MG;28/08/2026;02/09/2026;01/09/2026;Entregue No Prazo;;Entrega realizada;Entrega Finalizada;2;9;28;8;XD BETIM;11037;;;
MOBIS BRASIL FABRICACAO DE AUTO PECAS LT;RODOVIARIO;1567625;28/08/2026;7;359616;28/08/2026;MOTONET COMERCIO DE VEICULOS LTDA;9,28E+12;SOROCABA;SP;28/08/2026;02/09/2026;01/09/2026;Entregue No Prazo;;Entrega realizada;Entrega Finalizada;2;9;28;8;MVT;26113;;;
MOBIS BRASIL FABRICACAO DE AUTO PECAS LT;RODOVIARIO;1566776;27/08/2026;5;359666;28/08/2026;ITAVEMA MOTORS VEICULOS LTDA;7,73E+12;RIO DE JANEIRO;RJ;28/08/2026;03/09/2026;01/09/2026;Entregue No Prazo;;Entrega realizada;Entrega Finalizada;3;9;28;8;CAMILO;19001;;;
MOBIS BRASIL FABRICACAO DE AUTO PECAS LT;RODOVIARIO;1567564;28/08/2026;3;359641;28/08/2026;TOKSU COMERCIO DE VEICULOS LTDA;1,12E+13;JUIZ DE FORA;MG;28/08/2026;03/09/2026;01/09/2026;Entregue No Prazo;;Entrega realizada;Entrega Finalizada;3;9;28;8;XD BETIM;11008;;;
MOBIS BRASIL FABRICACAO DE AUTO PECAS LT;RODOVIARIO;1567594;28/08/2026;2;359691;28/08/2026;BARI VEICULOS LTDA;7,46E+12;PONTA GROSSA;PR;28/08/2026;03/09/2026;01/09/2026;Entregue No Prazo;;Entrega realizada;Entrega Finalizada;3;9;28;8;TRANSTRY;18024;;;
MOBIS BRASIL FABRICACAO DE AUTO PECAS LT;RODOVIARIO;1567595;28/08/2026;5;359691;28/08/2026;BARI VEICULOS LTDA;7,46E+12;PONTA GROSSA;PR;28/08/2026;03/09/2026;01/09/2026;Entregue No Prazo;;Entrega realizada;Entrega Finalizada;3;9;28;8;TRANSTRY;18024;;;
MOBIS BRASIL FABRICACAO DE AUTO PECAS LT;RODOVIARIO;1567598;28/08/2026;1;359665;28/08/2026;ITAVEMA MOTORS VEICULOS LTDA;7,73E+12;DUQUE DE CAXIAS;RJ;28/08/2026;03/09/2026;01/09/2026;Entregue No Prazo;;Entrega realizada;Entrega Finalizada;3;9;28;8;CAMILO;19001;;;
MOBIS BRASIL FABRICACAO DE AUTO PECAS LT;RODOVIARIO;1567599;28/08/2026;1;359650;28/08/2026;AMX COM. E SERVICOS DE AUTOMOTORES LTDA;1,20E+13;RIO DE JANEIRO;RJ;28/08/2026;03/09/2026;01/09/2026;Entregue No Prazo;;Entrega realizada;Entrega Finalizada;3;9;28;8;CAMILO;19009;;;
MOBIS BRASIL FABRICACAO DE AUTO PECAS LT;RODOVIARIO;1567601;28/08/2026;2;359655;28/08/2026;CAOA MOTOR DO BRASIL LTDA;1,68E+13;RIO DE JANEIRO;RJ;28/08/2026;03/09/2026;01/09/2026;Entregue No Prazo;;Entrega realizada;Entrega Finalizada;3;9;28;8;CAMILO;5008;;;
MOBIS BRASIL FABRICACAO DE AUTO PECAS LT;RODOVIARIO;1567602;28/08/2026;1;359656;28/08/2026;CAOA MOTOR DO BRASIL LTDA;1,68E+13;RIO DE JANEIRO;RJ;28/08/2026;03/09/2026;01/09/2026;Entregue No Prazo;;Entrega realizada;Entrega Finalizada;3;9;28;8;CAMILO;5008;;;
MOBIS BRASIL FABRICACAO DE AUTO PECAS LT;RODOVIARIO;1567604;28/08/2026;1;359652;28/08/2026;CAOA MOTOR DO BRASIL LTDA;1,68E+13;RIO DE JANEIRO;RJ;28/08/2026;03/09/2026;01/09/2026;Entregue No Prazo;;Entrega realizada;Entrega Finalizada;3;9;28;8;CAMILO;5008;;;
MOBIS BRASIL FABRICACAO DE AUTO PECAS LT;RODOVIARIO;1567605;28/08/2026;2;359657;28/08/2026;CAOA MOTOR DO BRASIL LTDA;1,68E+13;RIO DE JANEIRO;RJ;28/08/2026;03/09/2026;01/09/2026;Entregue No Prazo;;Entrega realizada;Entrega Finalizada;3;9;28;8;CAMILO;5008;;;
MOBIS BRASIL FABRICACAO DE AUTO PECAS LT;RODOVIARIO;1567607;28/08/2026;7;359695;28/08/2026;CARWAY SUL VEICULOS LTDA;1,03E+13;CANOAS;RS;28/08/2026;03/09/2026;01/09/2026;Entregue No Prazo;;Entrega realizada;Entrega Finalizada;3;9;28;8;TRANSTRY;23003;;;
MOBIS BRASIL FABRICACAO DE AUTO PECAS LT;RODOVIARIO;1567616;28/08/2026;2;359694;28/08/2026;BARI VEICULOS LTDA.;7,46E+12;JOINVILLE;SC;28/08/2026;03/09/2026;01/09/2026;Entregue No Prazo;;Entrega realizada;Entrega Finalizada;3;9;28;8;TRANSTRY;24013;;;
MOBIS BRASIL FABRICACAO DE AUTO PECAS LT;RODOVIARIO;1567617;28/08/2026;3;359693;28/08/2026;BARI VEICULOS LTDA.;7,46E+12;ITAJAI;SC;28/08/2026;03/09/2026;01/09/2026;Entregue No Prazo;;Entrega realizada;Entrega Finalizada;3;9;28;8;TRANSTRY;24014;;;
MOBIS BRASIL FABRICACAO DE AUTO PECAS LT;RODOVIARIO;1567620;28/08/2026;1;359615;28/08/2026;HYMAX DISTRIBUIDORA DE VEICULOS LTDA;1,73E+13;MOGI GUACU;SP;28/08/2026;03/09/2026;01/09/2026;Entregue No Prazo;;Entrega realizada;Entrega Finalizada;3;9;28;8;MVT;26002;;;
MOBIS BRASIL FABRICACAO DE AUTO PECAS LT;RODOVIARIO;1567636;28/08/2026;17;359614;28/08/2026;H R B COMERCIO DE VEICULOS LTDA;1,82E+13;SAO JOSE DO RIO PRETO;SP;28/08/2026;03/09/2026;01/09/2026;Entregue No Prazo;Avaria;Entrega realizada;Entrega Finalizada;3;9;28;8;MVT;26050;;;
MOBIS BRASIL FABRICACAO DE AUTO PECAS LT;RODOVIARIO;1567637;28/08/2026;3;359614;28/08/2026;H R B COMERCIO DE VEICULOS LTDA;1,82E+13;SAO JOSE DO RIO PRETO;SP;28/08/2026;03/09/2026;01/09/2026;Entregue No Prazo;;Entrega realizada;Entrega Finalizada;3;9;28;8;MVT;26050;;;
MOBIS BRASIL FABRICACAO DE AUTO PECAS LT;RODOVIARIO;1567568;28/08/2026;2;359646;28/08/2026;VIME AUTOMOVEIS E PECAS LTDA;2,85E+13;GUAXUPE;MG;28/08/2026;04/09/2026;01/09/2026;Entregue No Prazo;;Entrega realizada;Entrega Finalizada;4;9;28;8;XD BETIM;11031;;;
MOBIS BRASIL FABRICACAO DE AUTO PECAS LT;RODOVIARIO;1567570;28/08/2026;2;359639;28/08/2026;TAI MOTORS VEICULOS S/A;9,27E+12;MURIAE;MG;28/08/2026;04/09/2026;01/09/2026;Entregue No Prazo;;Entrega realizada;Entrega Finalizada;4;9;28;8;XD BETIM;8002;;;
MOBIS BRASIL FABRICACAO DE AUTO PECAS LT;RODOVIARIO;1567596;28/08/2026;2;359706;28/08/2026;VETOR AUTOMOVEIS LTDA;2,12E+13;FOZ DO IGUACU;PR;28/08/2026;04/09/2026;01/09/2026;Entregue No Prazo;;Entrega realizada;Entrega Finalizada;4;9;28;8;TRANSTRY;18019;;;
MOBIS BRASIL FABRICACAO DE AUTO PECAS LT;RODOVIARIO;1567600;28/08/2026;1;359686;28/08/2026;VIA VR VEICULOS LTDA;1,73E+13;PETROPOLIS;RJ;28/08/2026;04/09/2026;01/09/2026;Entregue No Prazo;;Entrega realizada;Entrega Finalizada;4;9;28;8;CAMILO;19016;;;
MOBIS BRASIL FABRICACAO DE AUTO PECAS LT;RODOVIARIO;1567614;28/08/2026;11;359702;28/08/2026;LR COMERCIO DE VEICULOS LTDA;1,05E+13;SAO JOSE;SC;28/08/2026;04/09/2026;01/09/2026;Entregue No Prazo;;Entrega realizada;Entrega Finalizada;4;9;28;8;TRANSTRY;24007;;;
MOBIS BRASIL FABRICACAO DE AUTO PECAS LT;RODOVIARIO;1567615;28/08/2026;5;359690;28/08/2026;BARI VEICULOS LTDA;7,46E+12;BLUMENAU;SC;28/08/2026;04/09/2026;01/09/2026;Entregue No Prazo;;Entrega realizada;Entrega Finalizada;4;9;28;8;TRANSTRY;18024;;;
MOBIS BRASIL FABRICACAO DE AUTO PECAS LT;RODOVIARIO;1567554;28/08/2026;2;359636;28/08/2026;SMAFF IMPORT VEICULOS LTDA;8,18E+12;BRASILIA;DF;28/08/2026;08/09/2026;01/09/2026;Entregue No Prazo;;Entrega realizada;Entrega Finalizada;8;9;28;8;RIO VERMELHO;7002;;;
MOBIS BRASIL FABRICACAO DE AUTO PECAS LT;RODOVIARIO;1567555;28/08/2026;5;359637;28/08/2026;SMAFF IMPORT VEICULOS LTDA;8,18E+12;BRASILIA;DF;28/08/2026;08/09/2026;01/09/2026;Entregue No Prazo;;Entrega realizada;Entrega Finalizada;8;9;28;8;RIO VERMELHO;7002;;;
MOBIS BRASIL FABRICACAO DE AUTO PECAS LT;RODOVIARIO;1567573;28/08/2026;1;359662;28/08/2026;GOLDEN MOTORS VEICULOS LTDA;3,62E+12;DOURADOS;MS;28/08/2026;08/09/2026;01/09/2026;Entregue No Prazo;;Entrega realizada;Entrega Finalizada;8;9;28;8;CARVALIMA;12001;;;
MOBIS BRASIL FABRICACAO DE AUTO PECAS LT;RODOVIARIO;1567575;28/08/2026;1;359676;28/08/2026;SAGA ASIA COM. DE VEIC.PC.E SERV. LTDA;2,23E+13;VARZEA GRANDE;MT;28/08/2026;08/09/2026;01/09/2026;Entregue No Prazo;;Entrega realizada;Entrega Finalizada;8;9;28;8;CARVALIMA;13004;;;
MOBIS BRASIL FABRICACAO DE AUTO PECAS LT;RODOVIARIO;1567576;28/08/2026;34;359676;28/08/2026;SAGA ASIA COM. DE VEIC.PC.E SERV. LTDA;2,23E+13;VARZEA GRANDE;MT;28/08/2026;08/09/2026;01/09/2026;Entregue No Prazo;;Entrega realizada;Entrega Finalizada;8;9;28;8;CARVALIMA;13004;;;
MOBIS BRASIL FABRICACAO DE AUTO PECAS LT;RODOVIARIO;1567574;28/08/2026;5;359658;28/08/2026;COMETA MATO GROSSO COM. DE VEICULOS LTDA;1,54E+13;SINOP;MT;28/08/2026;09/09/2026;01/09/2026;Entregue No Prazo;;Entrega realizada;Entrega Finalizada;9;9;28;8;CARVALIMA;13003;;;
MOBIS BRASIL FABRICACAO DE AUTO PECAS LT;RODOVIARIO;1568393;29/08/2026;1;359851;31/08/2026;BILLY DISTRIBUIDORA DE VEICULOS LTDA;1,34E+13;SAO CAETANO DO SUL;SP;31/08/2026;02/09/2026;01/09/2026;Entregue No Prazo;;Entrega realizada;Entrega Finalizada;2;9;31;8;XD DIADEMA;26003;;;
MOBIS BRASIL FABRICACAO DE AUTO PECAS LT;RODOVIARIO;1568402;29/08/2026;1;359854;31/08/2026;CHS MOTORS VEICULOS PECAS E SERV.. LTDA;1,69E+13;SAO PAULO;SP;31/08/2026;02/09/2026;01/09/2026;Entregue No Prazo;;Entrega realizada;Entrega Finalizada;2;9;31;8;XD DIADEMA;26077;;;
MOBIS BRASIL FABRICACAO DE AUTO PECAS LT;RODOVIARIO;1568403;29/08/2026;2;359852;31/08/2026;CAOA MOTOR DO BRASIL LTDA(NACOES UNIDAS);1,68E+13;SAO PAULO;SP;31/08/2026;02/09/2026;01/09/2026;Entregue No Prazo;;Entrega realizada;Entrega Finalizada;2;9;31;8;XD DIADEMA;26087;;;
MOBIS BRASIL FABRICACAO DE AUTO PECAS LT;RODOVIARIO;1568407;29/08/2026;5;359853;31/08/2026;CAOA MOTOR DO BRASIL LTDA(RAP. TAVARES);1,68E+13;SAO PAULO;SP;31/08/2026;02/09/2026;01/09/2026;Entregue No Prazo;;Entrega realizada;Entrega Finalizada;2;9;31;8;XD DIADEMA;26109;;;
MOBIS BRASIL FABRICACAO DE AUTO PECAS LT;RODOVIARIO;1568390;29/08/2026;1;359875;31/08/2026;DHC COMERCIO DE VEICULOS E PECAS LTDA;9,52E+12;BAURU;SP;31/08/2026;03/09/2026;01/09/2026;Entregue No Prazo;;Entrega realizada;Entrega Finalizada;3;9;31;8;MVT;26010;;;
MOBIS BRASIL FABRICACAO DE AUTO PECAS LT;RODOVIARIO;1568398;29/08/2026;1;359872;31/08/2026;CAOA MOTOR DO BRASIL LTDA;1,68E+13;CAMPINAS;SP;31/08/2026;03/09/2026;01/09/2026;Entregue No Prazo;;Entrega realizada;Entrega Finalizada;3;9;31;8;MVT;5008;;;
MOBIS BRASIL FABRICACAO DE AUTO PECAS LT;RODOVIARIO;1568399;29/08/2026;1;359874;31/08/2026;CAOA MOTOR DO BRASIL LTDA;1,68E+13;SAO JOSE DOS CAMPOS;SP;31/08/2026;03/09/2026;01/09/2026;Entregue No Prazo;;Entrega realizada;Entrega Finalizada;3;9;31;8;MVT;5008;;;
MOBIS BRASIL FABRICACAO DE AUTO PECAS LT;RODOVIARIO;1568400;29/08/2026;3;359873;31/08/2026;CAOA MOTOR DO BRASIL LTDA;1,68E+13;SAO CARLOS;SP;31/08/2026;03/09/2026;01/09/2026;Entregue No Prazo;;Entrega realizada;Entrega Finalizada;3;9;31;8;MVT;5008;;;
MOBIS BRASIL FABRICACAO DE AUTO PECAS LT;RODOVIARIO;1568388;29/08/2026;2;359881;31/08/2026;HYMAX DISTRIBUIDORA DE VEICULOS LTDA;1,73E+13;MOGI GUACU;SP;31/08/2026;04/09/2026;01/09/2026;Entregue No Prazo;;Entrega realizada;Entrega Finalizada;4;9;31;8;MVT;26002;;;
MOBIS BRASIL FABRICACAO DE AUTO PECAS LT;RODOVIARIO;1568394;29/08/2026;1;359882;31/08/2026;NEW VEICULOS E PECAS LTDA.;1,59E+13;FRANCA;SP;31/08/2026;04/09/2026;01/09/2026;Entregue No Prazo;;Entrega realizada;Entrega Finalizada;4;9;31;8;MVT;26048;;;
MOBIS BRASIL FABRICACAO DE AUTO PECAS LT;RODOVIARIO;1568395;29/08/2026;18;359880;31/08/2026;H R B COMERCIO DE VEICULOS LTDA;1,82E+13;SAO JOSE DO RIO PRETO;SP;31/08/2026;04/09/2026;01/09/2026;Entregue No Prazo;Avaria;Entrega realizada;Entrega Finalizada;4;9;31;8;MVT;26050;;;
MOBIS BRASIL FABRICACAO DE AUTO PECAS LT;RODOVIARIO;1568405;29/08/2026;1;359879;31/08/2026;H - CAMINHO AUTOMOVEIS LTDA;2,53E+13;PIRACICABA;SP;31/08/2026;04/09/2026;01/09/2026;Entregue No Prazo;;Entrega realizada;Entrega Finalizada;4;9;31;8;MVT;26092;;;
MOBIS BRASIL FABRICACAO DE AUTO PECAS LT;RODOVIARIO;1568411;29/08/2026;1;359887;31/08/2026;BARI VEICULOS LTDA;7,46E+12;SAO JOSE DOS PINHAIS;PR;31/08/2026;04/09/2026;01/09/2026;Entregue No Prazo;;Entrega realizada;Entrega Finalizada;4;9;31;8;TRANSTRY;18024;;;
MOBIS BRASIL FABRICACAO DE AUTO PECAS LT;RODOVIARIO;1557672;12/08/2026;31;357080;12/08/2026;PATEO COMERCIO DE VEICULOS LTDA;7,78E+12;MANAUS;AM;12/08/2026;08/09/2026;02/09/2026;Entregue No Prazo;;Entrega realizada;Entrega Finalizada;8;9;12;8;CARVALIMA;3002;;;
MOBIS BRASIL FABRICACAO DE AUTO PECAS LT;RODOVIARIO;1559871;17/08/2026;1;357693;17/08/2026;UNIQUE BOA VISTA COM. DE AUTOMOVEIS LTDA;3,48E+13;BOA VISTA;RR;17/08/2026;14/09/2026;02/09/2026;Entregue No Prazo;;Entrega realizada;Entrega Finalizada;14;9;17;8;CARVALIMA;22002;;;
MOBIS BRASIL FABRICACAO DE AUTO PECAS LT;RODOVIARIO;1561499;19/08/2026;3;358097;19/08/2026;PATEO COMERCIO DE VEICULOS S A;7,78E+12;RECIFE;PE;19/08/2026;03/09/2026;02/09/2026;Entregue No Prazo;;Entrega realizada;Entrega Finalizada;3;9;19;8;TERMACO;16004;;;
MOBIS BRASIL FABRICACAO DE AUTO PECAS LT;RODOVIARIO;1561500;19/08/2026;1;358097;19/08/2026;PATEO COMERCIO DE VEICULOS S A;7,78E+12;RECIFE;PE;19/08/2026;03/09/2026;02/09/2026;Entregue No Prazo;;Entrega realizada;Entrega Finalizada;3;9;19;8;TERMACO;16004;;;
MOBIS BRASIL FABRICACAO DE AUTO PECAS LT;RODOVIARIO;1561497;19/08/2026;4;358083;19/08/2026;CAOA MOTOR DO BRASIL LTDA;1,68E+13;CAMPINA GRANDE;PB;19/08/2026;04/09/2026;02/09/2026;Entregue No Prazo;;Entrega realizada;Entrega Finalizada;4;9;19;8;TERMACO;5008;;;
MOBIS BRASIL FABRICACAO DE AUTO PECAS LT;RODOVIARIO;1562170;20/08/2026;1;358338;20/08/2026;PATEO COMERCIO DE VEICULOS S A;7,78E+12;SALVADOR;BA;20/08/2026;01/09/2026;02/09/2026;Entregue Fora do Prazo;;Entrega realizada;Entrega Finalizada;1;9;20;8;TERMACO;5003;;;
MOBIS BRASIL FABRICACAO DE AUTO PECAS LT;RODOVIARIO;1562171;20/08/2026;2;358337;20/08/2026;ORVEL AUTOMOTOR HYD LTDA;2,52E+13;TEIXEIRA DE FREITAS;BA;20/08/2026;04/09/2026;02/09/2026;Entregue No Prazo;;Entrega realizada;Entrega Finalizada;4;9;20;8;TERMACO;5011;;;
MOBIS BRASIL FABRICACAO DE AUTO PECAS LT;RODOVIARIO;1562195;20/08/2026;2;358339;20/08/2026;PATEO COMERCIO DE VEICULOS S A;7,78E+12;RECIFE;PE;20/08/2026;04/09/2026;02/09/2026;Entregue No Prazo;;Entrega realizada;Entrega Finalizada;4;9;20;8;TERMACO;16004;;;
MOBIS BRASIL FABRICACAO DE AUTO PECAS LT;RODOVIARIO;1562196;20/08/2026;31;358339;20/08/2026;PATEO COMERCIO DE VEICULOS S A;7,78E+12;RECIFE;PE;20/08/2026;04/09/2026;02/09/2026;Entregue No Prazo;;Entrega realizada;Entrega Finalizada;4;9;20;8;TERMACO;16004;;;
MOBIS BRASIL FABRICACAO DE AUTO PECAS LT;RODOVIARIO;1562197;20/08/2026;1;358334;20/08/2026;JPN COMERCIO DE AUTOMOVEIS LTDA;2,61E+13;GARANHUNS;PE;20/08/2026;08/09/2026;02/09/2026;Entregue No Prazo;;Entrega realizada;Entrega Finalizada;8;9;20;8;TERMACO;16009;;;
MOBIS BRASIL FABRICACAO DE AUTO PECAS LT;RODOVIARIO;1562198;20/08/2026;5;358334;20/08/2026;JPN COMERCIO DE AUTOMOVEIS LTDA;2,61E+13;GARANHUNS;PE;20/08/2026;08/09/2026;02/09/2026;Entregue No Prazo;;Entrega realizada;Entrega Finalizada;8;9;20;8;TERMACO;16009;;;
MOBIS BRASIL FABRICACAO DE AUTO PECAS LT;RODOVIARIO;1562897;21/08/2026;4;358529;21/08/2026;ORVEL AUTOMOTOR HYD LTDA;2,52E+13;TEIXEIRA DE FREITAS;BA;21/08/2026;08/09/2026;02/09/2026;Entregue No Prazo;;Entrega realizada;Entrega Finalizada;8;9;21;8;TERMACO;5011;;;
MOBIS BRASIL FABRICACAO DE AUTO PECAS LT;RODOVIARIO;1562908;21/08/2026;3;358531;21/08/2026;PATEO COMERCIO DE VEICULOS S A;7,78E+12;SAO LUIS;MA;21/08/2026;08/09/2026;02/09/2026;Entregue No Prazo;;Entrega realizada;Entrega Finalizada;8;9;21;8;TERMACO;10002;;;
MOBIS BRASIL FABRICACAO DE AUTO PECAS LT;RODOVIARIO;1562909;21/08/2026;5;358531;21/08/2026;PATEO COMERCIO DE VEICULOS S A;7,78E+12;SAO LUIS;MA;21/08/2026;08/09/2026;02/09/2026;Entregue No Prazo;;Entrega realizada;Entrega Finalizada;8;9;21;8;TERMACO;10002;;;
MOBIS BRASIL FABRICACAO DE AUTO PECAS LT;RODOVIARIO;1562927;21/08/2026;1;358533;21/08/2026;PATEO COMERCIO DE VEICULOS S A;7,78E+12;RECIFE;PE;21/08/2026;08/09/2026;02/09/2026;Entregue No Prazo;;Entrega realizada;Entrega Finalizada;8;9;21;8;TERMACO;16004;;;
MOBIS BRASIL FABRICACAO DE AUTO PECAS LT;RODOVIARIO;1562928;21/08/2026;3;358533;21/08/2026;PATEO COMERCIO DE VEICULOS S A;7,78E+12;RECIFE;PE;21/08/2026;08/09/2026;02/09/2026;Entregue No Prazo;;Entrega realizada;Entrega Finalizada;8;9;21;8;TERMACO;16004;;;
MOBIS BRASIL FABRICACAO DE AUTO PECAS LT;RODOVIARIO;1562929;21/08/2026;1;358510;21/08/2026;CAOA MOTOR DO BRASIL LTDA;1,68E+13;RECIFE;PE;21/08/2026;08/09/2026;02/09/2026;Entregue No Prazo;;Entrega realizada;Entrega Finalizada;8;9;21;8;TERMACO;5008;;;
MOBIS BRASIL FABRICACAO DE AUTO PECAS LT;RODOVIARIO;1562930;21/08/2026;3;358522;21/08/2026;JPN COMERCIO DE AUTOMOVEIS LTDA;2,61E+13;GARANHUNS;PE;21/08/2026;08/09/2026;02/09/2026;Entregue No Prazo;;Entrega realizada;Entrega Finalizada;8;9;21;8;TERMACO;16009;;;
MOBIS BRASIL FABRICACAO DE AUTO PECAS LT;RODOVIARIO;1563892;24/08/2026;1;358780;24/08/2026;PATEO COMERCIO DE VEICULOS S A;7,78E+12;SALVADOR;BA;24/08/2026;03/09/2026;02/09/2026;Entregue No Prazo;;Entrega realizada;Entrega Finalizada;3;9;24;8;TERMACO;5003;;;
MOBIS BRASIL FABRICACAO DE AUTO PECAS LT;RODOVIARIO;1563893;24/08/2026;1;358768;24/08/2026;FAZZA MOTORS COMERCIO DE VEICULOS LTDA;1,24E+13;SALVADOR;BA;24/08/2026;03/09/2026;02/09/2026;Entregue No Prazo;;Entrega realizada;Entrega Finalizada;3;9;24;8;TERMACO;5007;;;
MOBIS BRASIL FABRICACAO DE AUTO PECAS LT;RODOVIARIO;1563894;24/08/2026;3;358768;24/08/2026;FAZZA MOTORS COMERCIO DE VEICULOS LTDA;1,24E+13;SALVADOR;BA;24/08/2026;03/09/2026;02/09/2026;Entregue No Prazo;;Entrega realizada;Entrega Finalizada;3;9;24;8;TERMACO;5007;;;
MOBIS BRASIL FABRICACAO DE AUTO PECAS LT;RODOVIARIO;1563916;24/08/2026;2;358792;24/08/2026;UNIQUE COMERCIO DE AUTOMOVEIS LTDA;1,74E+13;ANANINDEUA;PA;24/08/2026;04/09/2026;02/09/2026;Entregue No Prazo;;Entrega realizada;Entrega Finalizada;4;9;24;8;CARVALIMA;14003;;;
MOBIS BRASIL FABRICACAO DE AUTO PECAS LT;RODOVIARIO;1563921;24/08/2026;4;358762;24/08/2026;AUTORAC VEICULOS LTDA;1,06E+13;CARUARU;PE;24/08/2026;09/09/2026;02/09/2026;Entregue No Prazo;;Entrega realizada;Entrega Finalizada;9;9;24;8;TERMACO;16001;;;
MOBIS BRASIL FABRICACAO DE AUTO PECAS LT;RODOVIARIO;1563922;24/08/2026;1;358782;24/08/2026;PATEO COMERCIO DE VEICULOS S A;7,78E+12;OLINDA;PE;24/08/2026;09/09/2026;02/09/2026;Entregue No Prazo;;Entrega realizada;Entrega Finalizada;9;9;24;8;TERMACO;16003;;;
MOBIS BRASIL FABRICACAO DE AUTO PECAS LT;RODOVIARIO;1563923;24/08/2026;1;358774;24/08/2026;JPN COMERCIO DE AUTOMOVEIS LTDA;2,61E+13;GARANHUNS;PE;24/08/2026;09/09/2026;02/09/2026;Entregue No Prazo;;Entrega realizada;Entrega Finalizada;9;9;24;8;TERMACO;16009;;;
MOBIS BRASIL FABRICACAO DE AUTO PECAS LT;RODOVIARIO;1563924;24/08/2026;4;358771;24/08/2026;GREEN CITY VEICULOS LTDA;2,10E+13;TERESINA;PI;24/08/2026;09/09/2026;02/09/2026;Entregue No Prazo;;Entrega realizada;Entrega Finalizada;9;9;24;8;TERMACO;17002;;;
MOBIS BRASIL FABRICACAO DE AUTO PECAS LT;RODOVIARIO;1565011;25/08/2026;1;358993;25/08/2026;CAOA MOTOR DO BRASIL LTDA;1,68E+13;FORTALEZA;CE;25/08/2026;08/09/2026;02/09/2026;Entregue No Prazo;;Entrega realizada;Entrega Finalizada;8;9;25;8;TERMACO;5008;;;
MOBIS BRASIL FABRICACAO DE AUTO PECAS LT;RODOVIARIO;1565058;25/08/2026;1;359017;25/08/2026;SAGA ASIA COM. DE VEIC.PC.E SERV. LTDA;2,14E+13;PORTO VELHO;RO;25/08/2026;08/09/2026;02/09/2026;Entregue No Prazo;Avaria;Entrega realizada;Entrega Finalizada;8;9;25;8;CARVALIMA;21003;;;
MOBIS BRASIL FABRICACAO DE AUTO PECAS LT;RODOVIARIO;1565041;25/08/2026;1;359013;25/08/2026;PATEO COMERCIO DE VEICULOS S A;7,78E+12;RECIFE;PE;25/08/2026;09/09/2026;02/09/2026;Entregue No Prazo;;Entrega realizada;Entrega Finalizada;9;9;25;8;TERMACO;16004;;;
MOBIS BRASIL FABRICACAO DE AUTO PECAS LT;RODOVIARIO;1565042;25/08/2026;3;359013;25/08/2026;PATEO COMERCIO DE VEICULOS S A;7,78E+12;RECIFE;PE;25/08/2026;09/09/2026;02/09/2026;Entregue No Prazo;;Entrega realizada;Entrega Finalizada;9;9;25;8;TERMACO;16004;;;
MOBIS BRASIL FABRICACAO DE AUTO PECAS LT;RODOVIARIO;1565043;25/08/2026;3;359005;25/08/2026;JPN COMERCIO DE AUTOMOVEIS LTDA;2,61E+13;GARANHUNS;PE;25/08/2026;10/09/2026;02/09/2026;Entregue No Prazo;;Entrega realizada;Entrega Finalizada;10;9;25;8;TERMACO;16009;;;
MOBIS BRASIL FABRICACAO DE AUTO PECAS LT;RODOVIARIO;1565872;26/08/2026;6;359192;26/08/2026;TAI MOTORS VEICULOS S/A;9,27E+12;CAMPOS DOS GOYTACAZES;RJ;26/08/2026;02/09/2026;02/09/2026;Entregue No Prazo;;Entrega realizada;Entrega Finalizada;2;9;26;8;CAMILO;8002;;;
MOBIS BRASIL FABRICACAO DE AUTO PECAS LT;RODOVIARIO;1565921;26/08/2026;18;359190;26/08/2026;SEVEL VEICULOS LTDA;1,07E+13;ARACAJU;SE;26/08/2026;08/09/2026;02/09/2026;Entregue No Prazo;;Entrega realizada;Entrega Finalizada;8;9;26;8;TERMACO;25001;;;
MOBIS BRASIL FABRICACAO DE AUTO PECAS LT;RODOVIARIO;1565839;26/08/2026;3;359185;26/08/2026;PATEO COMERCIO DE VEICULOS S A;7,78E+12;FEIRA DE SANTANA;BA;26/08/2026;10/09/2026;02/09/2026;Entregue No Prazo;;Entrega realizada;Entrega Finalizada;10;9;26;8;TERMACO;5009;;;
MOBIS BRASIL FABRICACAO DE AUTO PECAS LT;RODOVIARIO;1565841;26/08/2026;3;359188;26/08/2026;SAINT LAND COMERCIO DE VEICULOS LTDA;1,04E+13;JUAZEIRO DO NORTE;CE;26/08/2026;11/09/2026;02/09/2026;Entregue No Prazo;;Entrega realizada;Entrega Finalizada;11;9;26;8;TERMACO;6010;;;
MOBIS BRASIL FABRICACAO DE AUTO PECAS LT;RODOVIARIO;1566707;27/08/2026;1;359411;27/08/2026;VIME POCOS COM. DE VEICULOS E PECAS LTDA;3,43E+13;POCOS DE CALDAS;MG;27/08/2026;02/09/2026;02/09/2026;Entregue No Prazo;;Entrega realizada;Entrega Finalizada;2;9;27;8;XD BETIM;11033;;;
MOBIS BRASIL FABRICACAO DE AUTO PECAS LT;RODOVIARIO;1566719;27/08/2026;6;359460;27/08/2026;LOVAT VEICULOS S/A;8,57E+12;LONDRINA;PR;27/08/2026;02/09/2026;02/09/2026;Entregue No Prazo;;Entrega realizada;Entrega Finalizada;2;9;27;8;TRANSTRY;18008;;;
MOBIS BRASIL FABRICACAO DE AUTO PECAS LT;RODOVIARIO;1566720;27/08/2026;2;359461;27/08/2026;LOVAT VEICULOS S/A;8,57E+12;MARINGA;PR;27/08/2026;02/09/2026;02/09/2026;Entregue No Prazo;;Entrega realizada;Entrega Finalizada;2;9;27;8;TRANSTRY;18008;;;
MOBIS BRASIL FABRICACAO DE AUTO PECAS LT;RODOVIARIO;1566737;27/08/2026;1;359459;27/08/2026;HOUSE PARTS - COM. DE PECAS E VEIC. LTDA;1,15E+13;PORTO ALEGRE;RS;27/08/2026;02/09/2026;02/09/2026;Entregue No Prazo;;Entrega realizada;Entrega Finalizada;2;9;27;8;TRANSTRY;23004;;;
MOBIS BRASIL FABRICACAO DE AUTO PECAS LT;RODOVIARIO;1566708;27/08/2026;6;359396;27/08/2026;GNC GRANDE COREIA MINAS GERAIS COMERCIO;4,27E+13;MONTES CLAROS;MG;27/08/2026;03/09/2026;02/09/2026;Entregue No Prazo;;Entrega realizada;Entrega Finalizada;3;9;27;8;XD BETIM;11035;;;
MOBIS BRASIL FABRICACAO DE AUTO PECAS LT;RODOVIARIO;1566729;27/08/2026;1;359428;27/08/2026;GRAFFITI VEICULOS LTDA.;1,71E+13;ITAPERUNA;RJ;27/08/2026;03/09/2026;02/09/2026;Entregue No Prazo;;Entrega realizada;Entrega Finalizada;3;9;27;8;CAMILO;19015;;;
MOBIS BRASIL FABRICACAO DE AUTO PECAS LT;RODOVIARIO;1566732;27/08/2026;18;359449;27/08/2026;VIA BRASIL AUTOMOVEIS LTDA.;4,72E+12;SERRA;ES;27/08/2026;03/09/2026;02/09/2026;Entregue No Prazo;;Entrega realizada;Entrega Finalizada;3;9;27;8;CAMILO;8001;;;
MOBIS BRASIL FABRICACAO DE AUTO PECAS LT;RODOVIARIO;1566694;27/08/2026;5;359439;27/08/2026;PRIME CACHOEIRO VEICULOS LTDA;9,34E+12;CACHOEIRO DE ITAPEMIRIM;ES;27/08/2026;04/09/2026;02/09/2026;Entregue No Prazo;;Entrega realizada;Entrega Finalizada;4;9;27;8;CAMILO;8004;;;
MOBIS BRASIL FABRICACAO DE AUTO PECAS LT;RODOVIARIO;1566695;27/08/2026;2;359440;27/08/2026;PRIME CACHOEIRO VEICULOS LTDA;9,34E+12;LINHARES;ES;27/08/2026;04/09/2026;02/09/2026;Entregue No Prazo;;Entrega realizada;Entrega Finalizada;4;9;27;8;CAMILO;8004;;;
MOBIS BRASIL FABRICACAO DE AUTO PECAS LT;RODOVIARIO;1566697;27/08/2026;41;359403;27/08/2026;SAGA KOREA COM. DE VEIC. E PC. LTDA;1,27E+13;GOIANIA;GO;27/08/2026;04/09/2026;02/09/2026;Entregue No Prazo;;Entrega realizada;Entrega Finalizada;4;9;27;8;RIO VERMELHO;9011;;;
MOBIS BRASIL FABRICACAO DE AUTO PECAS LT;RODOVIARIO;1566710;27/08/2026;2;359427;27/08/2026;GOLDEN MOTORS VEICULOS LTDA;3,62E+12;DOURADOS;MS;27/08/2026;04/09/2026;02/09/2026;Entregue No Prazo;;Entrega realizada;Entrega Finalizada;4;9;27;8;CARVALIMA;12001;;;
MOBIS BRASIL FABRICACAO DE AUTO PECAS LT;RODOVIARIO;1566713;27/08/2026;4;359448;27/08/2026;UNIQUE COMERCIO DE AUTOMOVEIS LTDA;1,74E+13;ANANINDEUA;PA;27/08/2026;09/09/2026;02/09/2026;Entregue No Prazo;;Entrega realizada;Entrega Finalizada;9;9;27;8;CARVALIMA;14003;;;
MOBIS BRASIL FABRICACAO DE AUTO PECAS LT;RODOVIARIO;1566682;27/08/2026;7;359417;27/08/2026;AIKON VEICULOS LTDA;1,17E+13;VITORIA DA CONQUISTA;BA;27/08/2026;11/09/2026;02/09/2026;Entregue No Prazo;;Entrega realizada;Entrega Finalizada;11;9;27;8;TERMACO;5002;;;
MOBIS BRASIL FABRICACAO DE AUTO PECAS LT;RODOVIARIO;1566685;27/08/2026;1;359436;27/08/2026;PATEO COMERCIO DE VEICULOS S A;7,78E+12;FEIRA DE SANTANA;BA;27/08/2026;11/09/2026;02/09/2026;Entregue No Prazo;;Entrega realizada;Entrega Finalizada;11;9;27;8;TERMACO;5009;;;
MOBIS BRASIL FABRICACAO DE AUTO PECAS LT;RODOVIARIO;1567569;28/08/2026;2;359647;28/08/2026;VIME POCOS COM. DE VEICULOS E PECAS LTDA;3,43E+13;POCOS DE CALDAS;MG;28/08/2026;03/09/2026;02/09/2026;Entregue No Prazo;;Entrega realizada;Entrega Finalizada;3;9;28;8;XD BETIM;11033;;;
MOBIS BRASIL FABRICACAO DE AUTO PECAS LT;RODOVIARIO;1567572;28/08/2026;2;359640;28/08/2026;TECAR TRILHASAUTOMOVEIS E SERVICOS;2,32E+13;SETE LAGOAS;MG;28/08/2026;03/09/2026;02/09/2026;Entregue No Prazo;;Entrega realizada;Entrega Finalizada;3;9;28;8;XD BETIM;#N/D;;;
MOBIS BRASIL FABRICACAO DE AUTO PECAS LT;RODOVIARIO;1567590;28/08/2026;14;359701;28/08/2026;LOVAT VEICULOS S/A;8,57E+12;LONDRINA;PR;28/08/2026;03/09/2026;02/09/2026;Entregue No Prazo;;Entrega realizada;Entrega Finalizada;3;9;28;8;TRANSTRY;18008;;;
MOBIS BRASIL FABRICACAO DE AUTO PECAS LT;RODOVIARIO;1567593;28/08/2026;4;359705;28/08/2026;VETOR AUTOMOVEIS LTDA;2,12E+13;CASCAVEL;PR;28/08/2026;03/09/2026;02/09/2026;Entregue No Prazo;;Entrega realizada;Entrega Finalizada;3;9;28;8;TRANSTRY;18019;;;
MOBIS BRASIL FABRICACAO DE AUTO PECAS LT;RODOVIARIO;1567606;28/08/2026;12;359700;28/08/2026;HOUSE PARTS - COM. DE PECAS E VEIC. LTDA;1,15E+13;PORTO ALEGRE;RS;28/08/2026;03/09/2026;02/09/2026;Entregue No Prazo;;Entrega realizada;Entrega Finalizada;3;9;28;8;TRANSTRY;23004;;;
MOBIS BRASIL FABRICACAO DE AUTO PECAS LT;RODOVIARIO;1567603;28/08/2026;1;359668;28/08/2026;MONTREAL VEICULOS E PECAS LTDA;1,68E+13;MACAE;RJ;28/08/2026;04/09/2026;02/09/2026;Entregue No Prazo;;Entrega realizada;Entrega Finalizada;4;9;28;8;CAMILO;19030;;;
MOBIS BRASIL FABRICACAO DE AUTO PECAS LT;RODOVIARIO;1567611;28/08/2026;3;359687;28/08/2026;ATUAL VEICULOS LTDA;1,33E+13;ARARANGUA;SC;28/08/2026;04/09/2026;02/09/2026;Entregue No Prazo;;Entrega realizada;Entrega Finalizada;4;9;28;8;TRANSTRY;24001;;;
MOBIS BRASIL FABRICACAO DE AUTO PECAS LT;RODOVIARIO;1567612;28/08/2026;1;359689;28/08/2026;ATUAL VEICULOS LTDA;1,33E+13;CRICIUMA;SC;28/08/2026;04/09/2026;02/09/2026;Entregue No Prazo;;Entrega realizada;Entrega Finalizada;4;9;28;8;TRANSTRY;24001;;;
MOBIS BRASIL FABRICACAO DE AUTO PECAS LT;RODOVIARIO;1567613;28/08/2026;2;359688;28/08/2026;ATUAL VEICULOS LTDA;1,33E+13;TUBARAO;SC;28/08/2026;04/09/2026;02/09/2026;Entregue No Prazo;;Entrega realizada;Entrega Finalizada;4;9;28;8;TRANSTRY;24001;;;
MOBIS BRASIL FABRICACAO DE AUTO PECAS LT;RODOVIARIO;1567635;28/08/2026;1;359684;28/08/2026;VIA BRASIL AUTOMOVEIS LTDA.;4,72E+12;SERRA;ES;28/08/2026;04/09/2026;02/09/2026;Entregue No Prazo;;Entrega realizada;Entrega Finalizada;4;9;28;8;CAMILO;8001;;;
MOBIS BRASIL FABRICACAO DE AUTO PECAS LT;RODOVIARIO;1567643;28/08/2026;4;359684;28/08/2026;VIA BRASIL AUTOMOVEIS LTDA.;4,72E+12;SERRA;ES;28/08/2026;04/09/2026;02/09/2026;Entregue No Prazo;;Entrega realizada;Entrega Finalizada;4;9;28;8;CAMILO;8001;;;
MOBIS BRASIL FABRICACAO DE AUTO PECAS LT;RODOVIARIO;1567556;28/08/2026;27;359634;28/08/2026;SAGA KOREA COM. DE VEIC. E PC. LTDA;1,27E+13;BRASILIA;DF;28/08/2026;08/09/2026;02/09/2026;Entregue No Prazo;;Entrega realizada;Entrega Finalizada;8;9;28;8;RIO VERMELHO;7005;;;
MOBIS BRASIL FABRICACAO DE AUTO PECAS LT;RODOVIARIO;1567618;28/08/2026;3;359696;28/08/2026;CHINHAN AUTOMOVEIS LTDA.;2,41E+13;CACADOR;SC;28/08/2026;08/09/2026;02/09/2026;Entregue No Prazo;;Entrega realizada;Entrega Finalizada;8;9;28;8;TRANSTRY;24020;;;
MOBIS BRASIL FABRICACAO DE AUTO PECAS LT;RODOVIARIO;1568389;29/08/2026;2;359856;31/08/2026;NOBRE DISTRIBUIDORA DE VEICULOS E PECAS;5,76E+12;MOGI DAS CRUZES;SP;31/08/2026;02/09/2026;02/09/2026;Entregue No Prazo;;Entrega realizada;Entrega Finalizada;2;9;31;8;XD DIADEMA;26004;;;
MOBIS BRASIL FABRICACAO DE AUTO PECAS LT;RODOVIARIO;1568365;29/08/2026;3;359897;31/08/2026;LOVAT VEICULOS S/A;8,57E+12;LONDRINA;PR;31/08/2026;04/09/2026;02/09/2026;Entregue No Prazo;;Entrega realizada;Entrega Finalizada;4;9;31;8;TRANSTRY;18008;;;
MOBIS BRASIL FABRICACAO DE AUTO PECAS LT;RODOVIARIO;1568368;29/08/2026;9;359890;31/08/2026;BARI VEICULOS LTDA;7,46E+12;PONTA GROSSA;PR;31/08/2026;04/09/2026;02/09/2026;Entregue No Prazo;;Entrega realizada;Entrega Finalizada;4;9;31;8;TRANSTRY;18024;;;
MOBIS BRASIL FABRICACAO DE AUTO PECAS LT;RODOVIARIO;1568396;29/08/2026;3;359883;31/08/2026;NOBRE DISTRIBUIDORA DE VEIC. E PEC. LTDA;5,76E+12;APARECIDA;SP;31/08/2026;04/09/2026;02/09/2026;Entregue No Prazo;;Entrega realizada;Entrega Finalizada;4;9;31;8;MVT;26053;;;
MOBIS BRASIL FABRICACAO DE AUTO PECAS LT;RODOVIARIO;1568397;29/08/2026;1;359878;31/08/2026;GOLDEN MOTORS VEICULOS LTDA;3,62E+12;PRESIDENTE PRUDENTE;SP;31/08/2026;04/09/2026;02/09/2026;Entregue No Prazo;;Entrega realizada;Entrega Finalizada;4;9;31;8;MVT;12001;;;
MOBIS BRASIL FABRICACAO DE AUTO PECAS LT;RODOVIARIO;1568408;29/08/2026;1;359877;31/08/2026;GOLDEN MOTORS VEICULOS LTDA;3,62E+12;VOTUPORANGA;SP;31/08/2026;04/09/2026;02/09/2026;Entregue No Prazo;;Entrega realizada;Entrega Finalizada;4;9;31;8;MVT;12001;;;
MOBIS BRASIL FABRICACAO DE AUTO PECAS LT;RODOVIARIO;1568379;29/08/2026;1;359885;31/08/2026;ATUAL VEICULOS LTDA;1,33E+13;ARARANGUA;SC;31/08/2026;08/09/2026;02/09/2026;Entregue No Prazo;;Entrega realizada;Entrega Finalizada;8;9;31;8;TRANSTRY;24001;;;
MOBIS BRASIL FABRICACAO DE AUTO PECAS LT;RODOVIARIO;1568380;29/08/2026;10;359885;31/08/2026;ATUAL VEICULOS LTDA;1,33E+13;ARARANGUA;SC;31/08/2026;08/09/2026;02/09/2026;Entregue No Prazo;;Entrega realizada;Entrega Finalizada;8;9;31;8;TRANSTRY;24001;;;
MOBIS BRASIL FABRICACAO DE AUTO PECAS LT;RODOVIARIO;1568381;29/08/2026;1;359886;31/08/2026;ATUAL VEICULOS LTDA;1,33E+13;CRICIUMA;SC;31/08/2026;08/09/2026;02/09/2026;Entregue No Prazo;;Entrega realizada;Entrega Finalizada;8;9;31;8;TRANSTRY;24001;;;
MOBIS BRASIL FABRICACAO DE AUTO PECAS LT;RODOVIARIO;1568382;29/08/2026;6;359884;31/08/2026;ATUAL VEICULOS LTDA;1,33E+13;TUBARAO;SC;31/08/2026;08/09/2026;02/09/2026;Entregue No Prazo;;Entrega realizada;Entrega Finalizada;8;9;31;8;TRANSTRY;24001;;;
MOBIS BRASIL FABRICACAO DE AUTO PECAS LT;RODOVIARIO;1568383;29/08/2026;12;359898;31/08/2026;LR COMERCIO DE VEICULOS LTDA;1,05E+13;SAO JOSE;SC;31/08/2026;08/09/2026;02/09/2026;Entregue No Prazo;;Entrega realizada;Entrega Finalizada;8;9;31;8;TRANSTRY;24007;;;
MOBIS BRASIL FABRICACAO DE AUTO PECAS LT;RODOVIARIO;1568386;29/08/2026;2;359894;31/08/2026;GAMBATTO H1 VEICULOS LTDA;1,94E+13;CHAPECO;SC;31/08/2026;08/09/2026;02/09/2026;Entregue No Prazo;;Entrega realizada;Entrega Finalizada;8;9;31;8;TRANSTRY;24018;;;
MOBIS BRASIL FABRICACAO DE AUTO PECAS LT;RODOVIARIO;1568358;29/08/2026;2;359907;31/08/2026;GOLDEN MOTORS VEICULOS LTDA;3,62E+12;TRES LAGOAS;MS;31/08/2026;08/09/2026;02/09/2026;Entregue No Prazo;;Entrega realizada;Entrega Finalizada;8;9;31;8;CARVALIMA;12001;;;
MOBIS BRASIL FABRICACAO DE AUTO PECAS LT;RODOVIARIO;1568385;29/08/2026;1;359889;31/08/2026;BARI VEICULOS LTDA;7,46E+12;BALNEARIO CAMBORIU;SC;31/08/2026;08/09/2026;02/09/2026;Entregue No Prazo;;Entrega realizada;Entrega Finalizada;8;9;31;8;TRANSTRY;18024;;;
MOBIS BRASIL FABRICACAO DE AUTO PECAS LT;RODOVIARIO;1568387;29/08/2026;4;359893;31/08/2026;CHINHAN AUTOMOVEIS LTDA.;2,41E+13;CACADOR;SC;31/08/2026;09/09/2026;02/09/2026;Entregue No Prazo;;Entrega realizada;Entrega Finalizada;9;9;31;8;TRANSTRY;24020;;;
MOBIS BRASIL FABRICACAO DE AUTO PECAS LT;RODOVIARIO;1568641;31/08/2026;1;360102;01/09/2026;CAOA MOTOR DO BRASIL LTDA (INDIANOPOLIS);1,68E+13;SAO PAULO;SP;01/09/2026;03/09/2026;02/09/2026;Entregue No Prazo;;Entrega realizada;Entrega Finalizada;3;9;1;9;XD DIADEMA;26091;;;
MOBIS BRASIL FABRICACAO DE AUTO PECAS LT;RODOVIARIO;1568644;31/08/2026;1;360103;01/09/2026;CAOA MOTOR DO BRASIL LTDA(RAP. TAVARES);1,68E+13;SAO PAULO;SP;01/09/2026;03/09/2026;02/09/2026;Entregue No Prazo;;Entrega realizada;Entrega Finalizada;3;9;1;9;XD DIADEMA;26109;;;
MOBIS BRASIL FABRICACAO DE AUTO PECAS LT;RODOVIARIO;1568630;31/08/2026;2;360100;01/09/2026;MOTONET COMERCIO DE VEICULOS LTDA;9,28E+12;SOROCABA;SP;01/09/2026;04/09/2026;02/09/2026;Entregue No Prazo;;Entrega realizada;Entrega Finalizada;4;9;1;9;MVT;26113;;;
MOBIS BRASIL FABRICACAO DE AUTO PECAS LT;RODOVIARIO;1568635;31/08/2026;16;360098;01/09/2026;H R B COMERCIO DE VEICULOS LTDA;1,82E+13;SAO JOSE DO RIO PRETO;SP;01/09/2026;08/09/2026;02/09/2026;Entregue No Prazo;;Entrega realizada;Entrega Finalizada;8;9;1;9;MVT;26050;;;
MOBIS BRASIL FABRICACAO DE AUTO PECAS LT;RODOVIARIO;1562899;21/08/2026;2;358538;21/08/2026;SAINT LAND COMERCIO DE VEICULOS LTDA;1,04E+13;JUAZEIRO DO NORTE;CE;21/08/2026;08/09/2026;03/09/2026;Entregue No Prazo;;Entrega realizada;Entrega Finalizada;8;9;21;8;TERMACO;6010;;;
MOBIS BRASIL FABRICACAO DE AUTO PECAS LT;RODOVIARIO;1563907;24/08/2026;2;358779;24/08/2026;PATEO COMERCIO DE VEICULOS S A;7,78E+12;SAO LUIS;MA;24/08/2026;08/09/2026;03/09/2026;Entregue No Prazo;;Entrega realizada;Entrega Finalizada;8;9;24;8;TERMACO;10002;;;
MOBIS BRASIL FABRICACAO DE AUTO PECAS LT;RODOVIARIO;1563908;24/08/2026;42;358779;24/08/2026;PATEO COMERCIO DE VEICULOS S A;7,78E+12;SAO LUIS;MA;24/08/2026;08/09/2026;03/09/2026;Entregue No Prazo;;Entrega realizada;Entrega Finalizada;8;9;24;8;TERMACO;10002;;;
MOBIS BRASIL FABRICACAO DE AUTO PECAS LT;RODOVIARIO;1563890;24/08/2026;4;358790;24/08/2026;ULSAN COMERCIO DE VEICULOS LTDA;2,10E+13;RIO BRANCO;AC;24/08/2026;10/09/2026;03/09/2026;Entregue No Prazo;;Entrega realizada;Entrega Finalizada;10;9;24;8;CARVALIMA;21004;;;
MOBIS BRASIL FABRICACAO DE AUTO PECAS LT;RODOVIARIO;1565049;25/08/2026;5;359003;25/08/2026;ITAVEMA MOTORS VEICULOS LTDA;7,73E+12;DUQUE DE CAXIAS;RJ;25/08/2026;31/08/2026;03/09/2026;Entregue Fora do Prazo;;Entrega realizada;Entrega Finalizada;31;8;25;8;CAMILO;19001;;;
MOBIS BRASIL FABRICACAO DE AUTO PECAS LT;RODOVIARIO;1565023;25/08/2026;2;358974;25/08/2026;CONCESSIONARIA NAGOYA MOTOS E VEIC. LTDA;8,74E+12;UBA;MG;25/08/2026;01/09/2026;03/09/2026;Entregue Fora do Prazo;;Entrega realizada;Entrega Finalizada;1;9;25;8;XD BETIM;11004;;;
MOBIS BRASIL FABRICACAO DE AUTO PECAS LT;RODOVIARIO;1565055;25/08/2026;3;359019;25/08/2026;SAINT LAND COMERCIO DE VEICULOS LTDA;1,04E+13;NATAL;RN;25/08/2026;09/09/2026;03/09/2026;Entregue No Prazo;;Entrega realizada;Entrega Finalizada;9;9;25;8;TERMACO;6010;;;
MOBIS BRASIL FABRICACAO DE AUTO PECAS LT;RODOVIARIO;1565919;26/08/2026;5;359162;26/08/2026;PRIVILLEGE DISTRIBUIDORA DE VEICULOS LTD;1,72E+13;PALMAS;TO;26/08/2026;04/09/2026;03/09/2026;Entregue No Prazo;;Entrega realizada;Entrega Finalizada;4;9;26;8;RIO VERMELHO;27003;;;
MOBIS BRASIL FABRICACAO DE AUTO PECAS LT;RODOVIARIO;1565837;26/08/2026;1;359183;26/08/2026;PATEO COMERCIO DE VEICULOS S A;7,78E+12;SALVADOR;BA;26/08/2026;08/09/2026;03/09/2026;Entregue No Prazo;;Entrega realizada;Entrega Finalizada;8;9;26;8;TERMACO;5003;;;
MOBIS BRASIL FABRICACAO DE AUTO PECAS LT;RODOVIARIO;1565838;26/08/2026;1;359172;26/08/2026;FAZZA MOTORS COMERCIO DE VEICULOS LTDA;1,24E+13;SALVADOR;BA;26/08/2026;08/09/2026;03/09/2026;Entregue No Prazo;;Entrega realizada;Entrega Finalizada;8;9;26;8;TERMACO;5007;;;
MOBIS BRASIL FABRICACAO DE AUTO PECAS LT;RODOVIARIO;1565892;26/08/2026;1;359187;26/08/2026;SAINT LAND COMERCIO DE VEICULOS LTDA;1,04E+13;ARACAJU;SE;26/08/2026;08/09/2026;03/09/2026;Entregue No Prazo;;Entrega realizada;Entrega Finalizada;8;9;26;8;TERMACO;6010;;;
MOBIS BRASIL FABRICACAO DE AUTO PECAS LT;RODOVIARIO;1565915;26/08/2026;2;359163;26/08/2026;PRIVILLEGE DISTRIBUIDORA DE VEICULOS LTD;1,72E+13;ARAGUAINA;TO;26/08/2026;09/09/2026;03/09/2026;Entregue No Prazo;;Entrega realizada;Entrega Finalizada;9;9;26;8;RIO VERMELHO;27002;;;
MOBIS BRASIL FABRICACAO DE AUTO PECAS LT;RODOVIARIO;1565916;26/08/2026;1;359163;26/08/2026;PRIVILLEGE DISTRIBUIDORA DE VEICULOS LTD;1,72E+13;ARAGUAINA;TO;26/08/2026;09/09/2026;03/09/2026;Entregue No Prazo;;Entrega realizada;Entrega Finalizada;9;9;26;8;RIO VERMELHO;27002;;;
MOBIS BRASIL FABRICACAO DE AUTO PECAS LT;RODOVIARIO;1565856;26/08/2026;5;359184;26/08/2026;PATEO COMERCIO DE VEICULOS S A;7,78E+12;JOAO PESSOA;PB;26/08/2026;10/09/2026;03/09/2026;Entregue No Prazo;;Entrega realizada;Entrega Finalizada;10;9;26;8;TERMACO;15003;;;
MOBIS BRASIL FABRICACAO DE AUTO PECAS LT;RODOVIARIO;1566683;27/08/2026;6;359437;27/08/2026;PATEO COMERCIO DE VEICULOS S A;7,78E+12;SALVADOR;BA;27/08/2026;08/09/2026;03/09/2026;Entregue No Prazo;;Entrega realizada;Entrega Finalizada;8;9;27;8;TERMACO;5003;;;
MOBIS BRASIL FABRICACAO DE AUTO PECAS LT;RODOVIARIO;1566746;27/08/2026;2;359444;27/08/2026;SAINT LAND COMERCIO DE VEICULOS LTDA;1,04E+13;ARACAJU;SE;27/08/2026;09/09/2026;03/09/2026;Entregue No Prazo;;Entrega realizada;Entrega Finalizada;9;9;27;8;TERMACO;6010;;;
MOBIS BRASIL FABRICACAO DE AUTO PECAS LT;RODOVIARIO;1566717;27/08/2026;1;359424;27/08/2026;CAOA MOTOR DO BRASIL LTDA;1,68E+13;RECIFE;PE;27/08/2026;11/09/2026;03/09/2026;Entregue No Prazo;;Entrega realizada;Entrega Finalizada;11;9;27;8;TERMACO;5008;;;
MOBIS BRASIL FABRICACAO DE AUTO PECAS LT;RODOVIARIO;1566718;27/08/2026;1;359433;27/08/2026;PATEO COMERCIO DE VEICULOS S A;7,78E+12;JABOATAO DOS GUARARAPES;PE;27/08/2026;14/09/2026;03/09/2026;Entregue No Prazo;;Entrega realizada;Entrega Finalizada;14;9;27;8;TERMACO;16011;;;
MOBIS BRASIL FABRICACAO DE AUTO PECAS LT;RODOVIARIO;1567557;28/08/2026;11;359682;28/08/2026;TAI MOTORS VEICULOS S/A;9,27E+12;VITORIA;ES;28/08/2026;04/09/2026;03/09/2026;Entregue No Prazo;;Entrega realizada;Entrega Finalizada;4;9;28;8;CAMILO;8002;;;
MOBIS BRASIL FABRICACAO DE AUTO PECAS LT;RODOVIARIO;1567609;28/08/2026;2;359697;28/08/2026;GALA COMERCIO DE VEICULOS LTDA.;1,77E+13;PELOTAS;RS;28/08/2026;04/09/2026;03/09/2026;Entregue No Prazo;;Entrega realizada;Entrega Finalizada;4;9;28;8;TRANSTRY;23009;;;
MOBIS BRASIL FABRICACAO DE AUTO PECAS LT;RODOVIARIO;1567610;28/08/2026;1;359698;28/08/2026;GAMBATTO H1 VEICULOS LTDA;1,94E+13;PASSO FUNDO;RS;28/08/2026;04/09/2026;03/09/2026;Entregue No Prazo;;Entrega realizada;Entrega Finalizada;4;9;28;8;TRANSTRY;23015;;;
MOBIS BRASIL FABRICACAO DE AUTO PECAS LT;RODOVIARIO;1567608;28/08/2026;7;359699;28/08/2026;HOUSE PARTS - COM. DE PECAS E VEIC. LTDA;1,15E+13;SANTA MARIA;RS;28/08/2026;08/09/2026;03/09/2026;Entregue No Prazo;;Entrega realizada;Entrega Finalizada;8;9;28;8;TRANSTRY;23008;;;
MOBIS BRASIL FABRICACAO DE AUTO PECAS LT;RODOVIARIO;1567577;28/08/2026;3;359677;28/08/2026;SAGA SEUL COMERCIO DE VEICULOS, PECAS E;2,23E+13;CUIABA;MT;28/08/2026;08/09/2026;03/09/2026;Entregue No Prazo;Avaria;Entrega realizada;Entrega Finalizada;8;9;28;8;CARVALIMA;13005;;;
MOBIS BRASIL FABRICACAO DE AUTO PECAS LT;RODOVIARIO;1567578;28/08/2026;1;359683;28/08/2026;UNIQUE COMERCIO DE AUTOMOVEIS LTDA;1,74E+13;ANANINDEUA;PA;28/08/2026;10/09/2026;03/09/2026;Entregue No Prazo;;Entrega realizada;Entrega Finalizada;10;9;28;8;CARVALIMA;14003;;;
MOBIS BRASIL FABRICACAO DE AUTO PECAS LT;RODOVIARIO;1567579;28/08/2026;1;359683;28/08/2026;UNIQUE COMERCIO DE AUTOMOVEIS LTDA;1,74E+13;ANANINDEUA;PA;28/08/2026;10/09/2026;03/09/2026;Entregue No Prazo;;Entrega realizada;Entrega Finalizada;10;9;28;8;CARVALIMA;14003;;;
MOBIS BRASIL FABRICACAO DE AUTO PECAS LT;RODOVIARIO;1567580;28/08/2026;2;359670;28/08/2026;NACIONAL NOVA MARABA DIST DE VEIC. LTDA;1,70E+13;MARABA;PA;28/08/2026;11/09/2026;03/09/2026;Entregue No Prazo;;Entrega realizada;Entrega Finalizada;11;9;28;8;CARVALIMA;14005;;;
MOBIS BRASIL FABRICACAO DE AUTO PECAS LT;RODOVIARIO;1567581;28/08/2026;5;359669;28/08/2026;NACIONAL NOVA MARABA DIST DE VEIC. LTDA;1,70E+13;PARAUAPEBAS;PA;28/08/2026;15/09/2026;03/09/2026;Entregue No Prazo;;Entrega realizada;Entrega Finalizada;15;9;28;8;CARVALIMA;14010;;;
MOBIS BRASIL FABRICACAO DE AUTO PECAS LT;RODOVIARIO;1568356;29/08/2026;36;359850;31/08/2026;BDG AUTOVILLE VEICULOS LTDA;4,77E+13;CONTAGEM;MG;31/08/2026;03/09/2026;03/09/2026;Entregue No Prazo;;Entrega realizada;Entrega Finalizada;3;9;31;8;XD BETIM;11037;;;
MOBIS BRASIL FABRICACAO DE AUTO PECAS LT;RODOVIARIO;1568412;29/08/2026;9;359860;31/08/2026;TAI MOTORS VEICULOS S/A;9,27E+12;BELO HORIZONTE;MG;31/08/2026;03/09/2026;03/09/2026;Entregue No Prazo;;Entrega realizada;Entrega Finalizada;3;9;31;8;XD BETIM;8002;;;
MOBIS BRASIL FABRICACAO DE AUTO PECAS LT;RODOVIARIO;1551999;31/07/2026;2;360079;31/08/2026;TOKSU COMERCIO DE VEICULOS LTDA;1,12E+13;BARBACENA;MG;31/08/2026;08/09/2026;03/09/2026;Entregue No Prazo;;Entrega realizada;Entrega Finalizada;8;9;31;8;CAMILO;11008;;;
MOBIS BRASIL FABRICACAO DE AUTO PECAS LT;RODOVIARIO;1568354;29/08/2026;3;359861;31/08/2026;TOKSU COMERCIO DE VEICULOS LTDA;1,12E+13;BARBACENA;MG;31/08/2026;08/09/2026;03/09/2026;Entregue No Prazo;;Entrega realizada;Entrega Finalizada;8;9;31;8;XD BETIM;11008;;;
MOBIS BRASIL FABRICACAO DE AUTO PECAS LT;RODOVIARIO;1568355;29/08/2026;1;359863;31/08/2026;VIME AUTOMOVEIS E PECAS LTDA;2,85E+13;GUAXUPE;MG;31/08/2026;08/09/2026;03/09/2026;Entregue No Prazo;;Entrega realizada;Entrega Finalizada;8;9;31;8;XD BETIM;11031;;;
MOBIS BRASIL FABRICACAO DE AUTO PECAS LT;RODOVIARIO;1568384;29/08/2026;16;359888;31/08/2026;BARI VEICULOS LTDA;7,46E+12;BLUMENAU;SC;31/08/2026;08/09/2026;03/09/2026;Entregue No Prazo;;Entrega realizada;Entrega Finalizada;8;9;31;8;TRANSTRY;18024;;;
MOBIS BRASIL FABRICACAO DE AUTO PECAS LT;RODOVIARIO;1568346;29/08/2026;1;359858;31/08/2026;SAGA KOREA COM. DE VEIC. E PC. LTDA;1,27E+13;BRASILIA;DF;31/08/2026;08/09/2026;03/09/2026;Entregue No Prazo;;Entrega realizada;Entrega Finalizada;8;9;31;8;RIO VERMELHO;7005;;;
MOBIS BRASIL FABRICACAO DE AUTO PECAS LT;RODOVIARIO;1568347;29/08/2026;9;359858;31/08/2026;SAGA KOREA COM. DE VEIC. E PC. LTDA;1,27E+13;BRASILIA;DF;31/08/2026;08/09/2026;03/09/2026;Entregue No Prazo;;Entrega realizada;Entrega Finalizada;8;9;31;8;RIO VERMELHO;7005;;;
MOBIS BRASIL FABRICACAO DE AUTO PECAS LT;RODOVIARIO;1568640;31/08/2026;5;360107;01/09/2026;GRANDAY AUTOMOTORES LTDA (CHAC. CALIFOR);1,57E+13;SAO PAULO;SP;01/09/2026;03/09/2026;03/09/2026;Entregue No Prazo;;Entrega realizada;Entrega Finalizada;3;9;1;9;XD DIADEMA;26090;;;
MOBIS BRASIL FABRICACAO DE AUTO PECAS LT;RODOVIARIO;1568596;31/08/2026;16;360104;01/09/2026;CARBEL KOREA VEICULOS LTDA;2,07E+13;BELO HORIZONTE;MG;01/09/2026;04/09/2026;03/09/2026;Entregue No Prazo;;Entrega realizada;Entrega Finalizada;4;9;1;9;XD BETIM;11021;;;
MOBIS BRASIL FABRICACAO DE AUTO PECAS LT;RODOVIARIO;1568600;31/08/2026;36;360101;01/09/2026;BDG AUTOVILLE VEICULOS LTDA;4,77E+13;CONTAGEM;MG;01/09/2026;04/09/2026;03/09/2026;Entregue No Prazo;;Entrega realizada;Entrega Finalizada;4;9;1;9;XD BETIM;11037;;;
MOBIS BRASIL FABRICACAO DE AUTO PECAS LT;RODOVIARIO;1568634;31/08/2026;2;360094;01/09/2026;ANDRETA II DISTRIBUIDORA DE VEIC. LTDA;9,10E+12;AMERICANA;SP;01/09/2026;04/09/2026;03/09/2026;Entregue No Prazo;;Entrega realizada;Entrega Finalizada;4;9;1;9;MVT;26011;;;
MOBIS BRASIL FABRICACAO DE AUTO PECAS LT;RODOVIARIO;1568638;31/08/2026;1;360095;01/09/2026;CAOA MOTOR DO BRASIL LTDA;1,68E+13;SAO CARLOS;SP;01/09/2026;04/09/2026;03/09/2026;Entregue No Prazo;;Entrega realizada;Entrega Finalizada;4;9;1;9;MVT;5008;;;
MOBIS BRASIL FABRICACAO DE AUTO PECAS LT;RODOVIARIO;1568642;31/08/2026;3;360097;01/09/2026;H - CAMINHO AUTOMOVEIS LTDA;2,53E+13;LIMEIRA;SP;01/09/2026;04/09/2026;03/09/2026;Entregue No Prazo;;Entrega realizada;Entrega Finalizada;4;9;1;9;MVT;26092;;;
MOBIS BRASIL FABRICACAO DE AUTO PECAS LT;RODOVIARIO;1568650;31/08/2026;19;360116;01/09/2026;TAI MOTORS VEICULOS S/A;9,27E+12;BELO HORIZONTE;MG;01/09/2026;04/09/2026;03/09/2026;Entregue No Prazo;;Entrega realizada;Entrega Finalizada;4;9;1;9;XD BETIM;8002;;;
MOBIS BRASIL FABRICACAO DE AUTO PECAS LT;RODOVIARIO;1568595;31/08/2026;4;360108;01/09/2026;IMOTORS VEICULOS LTDA;7,17E+12;JUIZ DE FORA;MG;01/09/2026;08/09/2026;03/09/2026;Entregue No Prazo;;Entrega realizada;Entrega Finalizada;8;9;1;9;XD BETIM;11010;;;
MOBIS BRASIL FABRICACAO DE AUTO PECAS LT;RODOVIARIO;1568597;31/08/2026;2;360119;01/09/2026;TOKSU COMERCIO DE VEICULOS LTDA;1,12E+13;VARGINHA;MG;01/09/2026;08/09/2026;03/09/2026;Entregue No Prazo;;Entrega realizada;Entrega Finalizada;8;9;1;9;XD BETIM;11008;;;
MOBIS BRASIL FABRICACAO DE AUTO PECAS LT;RODOVIARIO;1568627;31/08/2026;1;360152;01/09/2026;BARI VEICULOS LTDA;7,46E+12;JARAGUA DO SUL;SC;01/09/2026;08/09/2026;03/09/2026;Entregue No Prazo;;Entrega realizada;Entrega Finalizada;8;9;1;9;TRANSTRY;18024;;;
MOBIS BRASIL FABRICACAO DE AUTO PECAS LT;RODOVIARIO;1568629;31/08/2026;12;360099;01/09/2026;HYMAX DISTRIBUIDORA DE VEICULOS LTDA;1,73E+13;MOGI GUACU;SP;01/09/2026;08/09/2026;03/09/2026;Entregue No Prazo;;Entrega realizada;Entrega Finalizada;8;9;1;9;MVT;26002;;;
MOBIS BRASIL FABRICACAO DE AUTO PECAS LT;RODOVIARIO;1568637;31/08/2026;1;360096;01/09/2026;GOLDEN MOTORS VEICULOS LTDA;3,62E+12;PRESIDENTE PRUDENTE;SP;01/09/2026;08/09/2026;03/09/2026;Entregue No Prazo;;Entrega realizada;Entrega Finalizada;8;9;1;9;MVT;12001;;;
MOBIS BRASIL FABRICACAO DE AUTO PECAS LT;RODOVIARIO;1568602;31/08/2026;4;360113;01/09/2026;RITMO MOTORS LTDA;1,94E+13;PASSOS;MG;01/09/2026;08/09/2026;03/09/2026;Entregue No Prazo;;Entrega realizada;Entrega Finalizada;8;9;1;9;XD BETIM;11040;;;
MOBIS BRASIL FABRICACAO DE AUTO PECAS LT;RODOVIARIO;1568614;31/08/2026;2;360145;01/09/2026;VIA VR VEICULOS LTDA;1,73E+13;VOLTA REDONDA;RJ;01/09/2026;08/09/2026;03/09/2026;Entregue No Prazo;;Entrega realizada;Entrega Finalizada;8;9;1;9;CAMILO;19016;;;
MOBIS BRASIL FABRICACAO DE AUTO PECAS LT;RODOVIARIO;1568623;31/08/2026;10;360154;01/09/2026;BARI VEICULOS LTDA;7,46E+12;BLUMENAU;SC;01/09/2026;08/09/2026;03/09/2026;Entregue No Prazo;;Entrega realizada;Entrega Finalizada;8;9;1;9;TRANSTRY;18024;;;
MOBIS BRASIL FABRICACAO DE AUTO PECAS LT;RODOVIARIO;1568624;31/08/2026;1;360153;01/09/2026;BARI VEICULOS LTDA;7,46E+12;BALNEARIO CAMBORIU;SC;01/09/2026;09/09/2026;03/09/2026;Entregue No Prazo;;Entrega realizada;Entrega Finalizada;9;9;1;9;TRANSTRY;18024;;;
MOBIS BRASIL FABRICACAO DE AUTO PECAS LT;RODOVIARIO;1569959;02/09/2026;2;360218;02/09/2026;GRAND SPORT COM. DE VEIC. E PECAS LTDA;8,58E+12;GUARULHOS;SP;02/09/2026;04/09/2026;03/09/2026;Entregue No Prazo;;Entrega realizada;Entrega Finalizada;4;9;2;9;XD DIADEMA;26005;;;
MOBIS BRASIL FABRICACAO DE AUTO PECAS LT;RODOVIARIO;1569972;02/09/2026;6;360219;02/09/2026;GRANDAY AUTOMOTORES LTDA (CHAC. CALIFOR);1,57E+13;SAO PAULO;SP;02/09/2026;04/09/2026;03/09/2026;Entregue No Prazo;;Entrega realizada;Entrega Finalizada;4;9;2;9;XD DIADEMA;26090;;;
MOBIS BRASIL FABRICACAO DE AUTO PECAS LT;RODOVIARIO;1569976;02/09/2026;4;360216;02/09/2026;CHS MOTORS VEICULOS PECAS E SERV.  LTDA;1,69E+13;SAO PAULO;SP;02/09/2026;04/09/2026;03/09/2026;Entregue No Prazo;;Entrega realizada;Entrega Finalizada;4;9;2;9;XD DIADEMA;26108;;;
MOBIS BRASIL FABRICACAO DE AUTO PECAS LT;RODOVIARIO;1569937;02/09/2026;3;360262;02/09/2026;SEVEC VEICULOS LTDA;5,68E+11;CURITIBA;PR;02/09/2026;08/09/2026;03/09/2026;Entregue No Prazo;;Entrega realizada;Entrega Finalizada;8;9;2;9;TRANSTRY;18012;;;
MOBIS BRASIL FABRICACAO DE AUTO PECAS LT;RODOVIARIO;1569941;02/09/2026;1;360256;02/09/2026;BARI VEICULOS LTDA;7,46E+12;CURITIBA;PR;02/09/2026;08/09/2026;03/09/2026;Entregue No Prazo;;Entrega realizada;Entrega Finalizada;8;9;2;9;TRANSTRY;18024;;;
MOBIS BRASIL FABRICACAO DE AUTO PECAS LT;RODOVIARIO;1569960;02/09/2026;6;360204;02/09/2026;DHC COMERCIO DE VEICULOS E PECAS LTDA;9,52E+12;BAURU;SP;02/09/2026;08/09/2026;03/09/2026;Entregue No Prazo;;Entrega realizada;Entrega Finalizada;8;9;2;9;MVT;26010;;;
MOBIS BRASIL FABRICACAO DE AUTO PECAS LT;RODOVIARIO;1569962;02/09/2026;25;360210;02/09/2026;NEW VEICULOS E PECAS LTDA;1,59E+13;RIBEIRAO PRETO;SP;02/09/2026;08/09/2026;03/09/2026;Entregue No Prazo;;Entrega realizada;Entrega Finalizada;8;9;2;9;MVT;26014;;;
MOBIS BRASIL FABRICACAO DE AUTO PECAS LT;RODOVIARIO;1569965;02/09/2026;1;360202;02/09/2026;ANDRETA II DISTRIBUIDORA DE VEIC. LTDA;9,10E+12;AMERICANA;SP;02/09/2026;08/09/2026;03/09/2026;Entregue No Prazo;;Entrega realizada;Entrega Finalizada;8;9;2;9;MVT;26011;;;
MOBIS BRASIL FABRICACAO DE AUTO PECAS LT;RODOVIARIO;1569969;02/09/2026;4;360203;02/09/2026;CAOA MOTOR DO BRASIL LTDA;1,68E+13;SAO JOSE DOS CAMPOS;SP;02/09/2026;08/09/2026;03/09/2026;Entregue No Prazo;;Entrega realizada;Entrega Finalizada;8;9;2;9;MVT;5008;;;
MOBIS BRASIL FABRICACAO DE AUTO PECAS LT;RODOVIARIO;1569971;02/09/2026;2;360213;02/09/2026;CAOA MOTOR DO BRASIL LTDA;1,68E+13;SANTOS;SP;02/09/2026;08/09/2026;03/09/2026;Entregue No Prazo;;Entrega realizada;Entrega Finalizada;8;9;2;9;XD DIADEMA;5008;;;
MOBIS BRASIL FABRICACAO DE AUTO PECAS LT;RODOVIARIO;1569953;02/09/2026;1;360257;02/09/2026;BARI VEICULOS LTDA.;7,46E+12;JOINVILLE;SC;02/09/2026;08/09/2026;03/09/2026;Entregue No Prazo;;Entrega realizada;Entrega Finalizada;8;9;2;9;TRANSTRY;24013;;;
MOBIS BRASIL FABRICACAO DE AUTO PECAS LT;RODOVIARIO;1569957;02/09/2026;1;360209;02/09/2026;HYMAX DISTRIBUIDORA DE VEICULOS LTDA;1,73E+13;MOGI GUACU;SP;02/09/2026;08/09/2026;03/09/2026;Entregue No Prazo;;Entrega realizada;Entrega Finalizada;8;9;2;9;MVT;26002;;;
MOBIS BRASIL FABRICACAO DE AUTO PECAS LT;RODOVIARIO;1569975;02/09/2026;1;360211;02/09/2026;VIME SAO JOAO COM. DE VEIC. E PECAS LTDA;5,10E+13;SAO JOAO DA BOA VISTA;SP;02/09/2026;08/09/2026;03/09/2026;Entregue No Prazo;;Entrega realizada;Entrega Finalizada;8;9;2;9;MVT;26107;;;
MOBIS BRASIL FABRICACAO DE AUTO PECAS LT;RODOVIARIO;1566701;27/08/2026;1;359409;27/08/2026;URCA MOTORS VEICULOS LTDA;8,77E+12;UBERLANDIA;MG;27/08/2026;02/09/2026;03/09/2026;Entregue Fora do Prazo;;Entrega realizada;Entrega Finalizada;2;9;27;8;XD BETIM;9014;;;
MOBIS BRASIL FABRICACAO DE AUTO PECAS LT;RODOVIARIO;1567563;28/08/2026;14;359643;28/08/2026;URCA MOTORS VEICULOS LTDA;8,77E+12;UBERLANDIA;MG;28/08/2026;03/09/2026;03/09/2026;Entregue Fora do Prazo;;Entrega realizada;Entrega Finalizada;3;9;28;8;XD BETIM;9014;;;
MOBIS BRASIL FABRICACAO DE AUTO PECAS LT;RODOVIARIO;1568353;29/08/2026;1;359862;31/08/2026;URCA MOTORS VEICULOS LTDA;8,77E+12;UBERLANDIA;MG;31/08/2026;04/09/2026;03/09/2026;Entregue No Prazo;;Entrega realizada;Entrega Finalizada;4;9;31;8;XD BETIM;9014;;;
MOBIS BRASIL FABRICACAO DE AUTO PECAS LT;RODOVIARIO;1568594;31/08/2026;3;360120;01/09/2026;URCA MOTORS VEICULOS LTDA;8,77E+12;UBERLANDIA;MG;01/09/2026;08/09/2026;03/09/2026;Entregue No Prazo;;Entrega realizada;Entrega Finalizada;8;9;1;9;XD BETIM;9014;;;
MOBIS BRASIL FABRICACAO DE AUTO PECAS LT;RODOVIARIO;1559248;14/08/2026;15;357435;14/08/2026;PRIVILLEGE DISTRIBUIDORA DE VEICULOS LTD;1,72E+13;PALMAS;TO;14/08/2026;25/08/2026;04/09/2026;Entregue Fora do Prazo;;Entrega realizada;Entrega Finalizada;25;8;14;8;RIO VERMELHO;27003;;;
MOBIS BRASIL FABRICACAO DE AUTO PECAS LT;RODOVIARIO;1560630;18/08/2026;1;357818;18/08/2026;PATEO COMERCIO DE VEICULOS S A;7,78E+12;MANAUS;AM;18/08/2026;11/09/2026;04/09/2026;Entregue No Prazo;;Entrega realizada;Entrega Finalizada;11;9;18;8;CARVALIMA;3002;;;
MOBIS BRASIL FABRICACAO DE AUTO PECAS LT;RODOVIARIO;1563919;24/08/2026;34;358778;24/08/2026;PATEO COMERCIO DE VEICULOS S A;7,78E+12;JOAO PESSOA;PB;24/08/2026;08/09/2026;04/09/2026;Entregue No Prazo;;Entrega realizada;Entrega Finalizada;8;9;24;8;TERMACO;15003;;;
MOBIS BRASIL FABRICACAO DE AUTO PECAS LT;RODOVIARIO;1563891;24/08/2026;2;358781;24/08/2026;PATEO COMERCIO DE VEICULOS S A;7,78E+12;MANAUS;AM;24/08/2026;17/09/2026;04/09/2026;Entregue No Prazo;;Entrega realizada;Entrega Finalizada;17;9;24;8;CARVALIMA;3002;;;
MOBIS BRASIL FABRICACAO DE AUTO PECAS LT;RODOVIARIO;1565876;26/08/2026;16;359189;26/08/2026;SAINT LAND COMERCIO DE VEICULOS LTDA;1,04E+13;NATAL;RN;26/08/2026;10/09/2026;04/09/2026;Entregue No Prazo;;Entrega realizada;Entrega Finalizada;10;9;26;8;TERMACO;6010;;;
MOBIS BRASIL FABRICACAO DE AUTO PECAS LT;RODOVIARIO;1565877;26/08/2026;9;359189;26/08/2026;SAINT LAND COMERCIO DE VEICULOS LTDA;1,04E+13;NATAL;RN;26/08/2026;10/09/2026;04/09/2026;Entregue No Prazo;;Entrega realizada;Entrega Finalizada;10;9;26;8;TERMACO;6010;;;
MOBIS BRASIL FABRICACAO DE AUTO PECAS LT;RODOVIARIO;1565874;26/08/2026;28;359180;26/08/2026;ORIENTE AUTOMOVEIS LTDA;1,33E+13;PARNAMIRIM;RN;26/08/2026;11/09/2026;04/09/2026;Entregue No Prazo;;Entrega realizada;Entrega Finalizada;11;9;26;8;TERMACO;20001;;;
MOBIS BRASIL FABRICACAO DE AUTO PECAS LT;RODOVIARIO;1565875;26/08/2026;18;359180;26/08/2026;ORIENTE AUTOMOVEIS LTDA;1,33E+13;PARNAMIRIM;RN;26/08/2026;11/09/2026;04/09/2026;Entregue No Prazo;;Entrega realizada;Entrega Finalizada;11;9;26;8;TERMACO;20001;;;
MOBIS BRASIL FABRICACAO DE AUTO PECAS LT;RODOVIARIO;1565845;26/08/2026;1;359179;26/08/2026;NACIONAL NOVA MARABA DIST DE VEIC. LTDA;1,70E+13;IMPERATRIZ;MA;26/08/2026;15/09/2026;04/09/2026;Entregue No Prazo;;Entrega realizada;Entrega Finalizada;15;9;26;8;TERMACO;10003;;;
MOBIS BRASIL FABRICACAO DE AUTO PECAS LT;RODOVIARIO;1566699;27/08/2026;1;359410;27/08/2026;URCA MOTORS VEICULOS LTDA;8,77E+12;RIO VERDE;GO;27/08/2026;08/09/2026;04/09/2026;Entregue No Prazo;;Entrega realizada;Entrega Finalizada;8;9;27;8;RIO VERMELHO;9014;;;
MOBIS BRASIL FABRICACAO DE AUTO PECAS LT;RODOVIARIO;1566684;27/08/2026;3;359419;27/08/2026;CAOA MOTOR DO BRASIL LTDA;1,68E+13;LAURO DE FREITAS;BA;27/08/2026;11/09/2026;04/09/2026;Entregue No Prazo;;Entrega realizada;Entrega Finalizada;11;9;27;8;TERMACO;5008;;;
MOBIS BRASIL FABRICACAO DE AUTO PECAS LT;RODOVIARIO;1566700;27/08/2026;1;359438;27/08/2026;PATEO COMERCIO DE VEICULOS S A;7,78E+12;SAO LUIS;MA;27/08/2026;11/09/2026;04/09/2026;Entregue No Prazo;;Entrega realizada;Entrega Finalizada;11;9;27;8;TERMACO;10002;;;
MOBIS BRASIL FABRICACAO DE AUTO PECAS LT;RODOVIARIO;1566736;27/08/2026;1;359443;27/08/2026;SAINT LAND COMERCIO DE VEICULOS LTDA;1,04E+13;NATAL;RN;27/08/2026;11/09/2026;04/09/2026;Entregue No Prazo;;Entrega realizada;Entrega Finalizada;11;9;27;8;TERMACO;6010;;;
MOBIS BRASIL FABRICACAO DE AUTO PECAS LT;RODOVIARIO;1566734;27/08/2026;4;359432;27/08/2026;ORIENTE AUTOMOVEIS LTDA;1,33E+13;PARNAMIRIM;RN;27/08/2026;14/09/2026;04/09/2026;Entregue No Prazo;;Entrega realizada;Entrega Finalizada;14;9;27;8;TERMACO;20001;;;
MOBIS BRASIL FABRICACAO DE AUTO PECAS LT;RODOVIARIO;1566735;27/08/2026;7;359432;27/08/2026;ORIENTE AUTOMOVEIS LTDA;1,33E+13;PARNAMIRIM;RN;27/08/2026;14/09/2026;04/09/2026;Entregue No Prazo;;Entrega realizada;Entrega Finalizada;14;9;27;8;TERMACO;20001;;;
MOBIS BRASIL FABRICACAO DE AUTO PECAS LT;RODOVIARIO;1567558;28/08/2026;5;359635;28/08/2026;SAGA KOREA COM. DE VEIC. E PC. LTDA;1,27E+13;GOIANIA;GO;28/08/2026;08/09/2026;04/09/2026;Entregue No Prazo;;Entrega realizada;Entrega Finalizada;8;9;28;8;RIO VERMELHO;9011;;;
MOBIS BRASIL FABRICACAO DE AUTO PECAS LT;RODOVIARIO;1567552;28/08/2026;1;359653;28/08/2026;CAOA MOTOR DO BRASIL LTDA;1,68E+13;FORTALEZA;CE;28/08/2026;11/09/2026;04/09/2026;Entregue No Prazo;;Entrega realizada;Entrega Finalizada;11;9;28;8;TERMACO;5008;;;
MOBIS BRASIL FABRICACAO DE AUTO PECAS LT;RODOVIARIO;1568370;29/08/2026;7;359900;31/08/2026;AMX COM. E SERVICOS DE AUTOMOTORES LTDA;1,20E+13;RIO DE JANEIRO;RJ;31/08/2026;04/09/2026;04/09/2026;Entregue No Prazo;;Entrega realizada;Entrega Finalizada;4;9;31;8;CAMILO;19009;;;
MOBIS BRASIL FABRICACAO DE AUTO PECAS LT;RODOVIARIO;1568376;29/08/2026;2;359895;31/08/2026;HOUSE PARTS - COM. DE PECAS E VEIC. LTDA;1,15E+13;PORTO ALEGRE;RS;31/08/2026;04/09/2026;04/09/2026;Entregue No Prazo;;Entrega realizada;Entrega Finalizada;4;9;31;8;TRANSTRY;23004;;;
MOBIS BRASIL FABRICACAO DE AUTO PECAS LT;RODOVIARIO;1568377;29/08/2026;2;359891;31/08/2026;CARWAY SUL VEICULOS LTDA;1,03E+13;CANOAS;RS;31/08/2026;04/09/2026;04/09/2026;Entregue No Prazo;;Entrega realizada;Entrega Finalizada;4;9;31;8;TRANSTRY;23003;;;
MOBIS BRASIL FABRICACAO DE AUTO PECAS LT;RODOVIARIO;1568349;29/08/2026;2;359857;31/08/2026;SAGA KOREA COM. DE VEIC. E PC. LTDA;1,27E+13;GOIANIA;GO;31/08/2026;08/09/2026;04/09/2026;Entregue No Prazo;;Entrega realizada;Entrega Finalizada;8;9;31;8;RIO VERMELHO;9011;;;
MOBIS BRASIL FABRICACAO DE AUTO PECAS LT;RODOVIARIO;1568350;29/08/2026;2;359857;31/08/2026;SAGA KOREA COM. DE VEIC. E PC. LTDA;1,27E+13;GOIANIA;GO;31/08/2026;08/09/2026;04/09/2026;Entregue No Prazo;;Entrega realizada;Entrega Finalizada;8;9;31;8;RIO VERMELHO;9011;;;
MOBIS BRASIL FABRICACAO DE AUTO PECAS LT;RODOVIARIO;1568359;29/08/2026;1;359923;31/08/2026;ULSAN COMERCIO DE VEICULOS LTDA.;2,10E+13;CAMPO GRANDE;MS;31/08/2026;08/09/2026;04/09/2026;Entregue No Prazo;;Entrega realizada;Entrega Finalizada;8;9;31;8;CARVALIMA;12004;;;
MOBIS BRASIL FABRICACAO DE AUTO PECAS LT;RODOVIARIO;1568360;29/08/2026;1;359911;31/08/2026;JPG MOTORS COMERCIO DE VEICULOS LTDA;2,91E+13;CAMPO GRANDE;MS;31/08/2026;08/09/2026;04/09/2026;Entregue No Prazo;Sob posse Camilo;Entrega realizada;Entrega Finalizada;8;9;31;8;CARVALIMA;12005;;;
MOBIS BRASIL FABRICACAO DE AUTO PECAS LT;RODOVIARIO;1568378;29/08/2026;12;359892;31/08/2026;CHINHAN AUTOMOVEIS LTDA;2,41E+13;ERECHIM;RS;31/08/2026;08/09/2026;04/09/2026;Entregue No Prazo;;Entrega realizada;Entrega Finalizada;8;9;31;8;TRANSTRY;23019;;;
MOBIS BRASIL FABRICACAO DE AUTO PECAS LT;RODOVIARIO;1568603;31/08/2026;1;360118;01/09/2026;TECAR TRILHASAUTOMOVEIS E SERVICOS;2,32E+13;SETE LAGOAS;MG;01/09/2026;08/09/2026;04/09/2026;Entregue No Prazo;;Entrega realizada;Entrega Finalizada;8;9;1;9;XD BETIM;#N/D;;;
MOBIS BRASIL FABRICACAO DE AUTO PECAS LT;RODOVIARIO;1568613;31/08/2026;2;360124;01/09/2026;AMX COM. E SERVICOS DE AUTOMOTORES LTDA;1,20E+13;RIO DE JANEIRO;RJ;01/09/2026;08/09/2026;04/09/2026;Entregue No Prazo;;Entrega realizada;Entrega Finalizada;8;9;1;9;CAMILO;19009;;;
MOBIS BRASIL FABRICACAO DE AUTO PECAS LT;RODOVIARIO;1568615;31/08/2026;8;360130;01/09/2026;ITAVEMA MOTORS VEICULOS LTDA;7,73E+12;RIO DE JANEIRO;RJ;01/09/2026;08/09/2026;04/09/2026;Entregue No Prazo;;Entrega realizada;Entrega Finalizada;8;9;1;9;CAMILO;19001;;;
MOBIS BRASIL FABRICACAO DE AUTO PECAS LT;RODOVIARIO;1568617;31/08/2026;2;360160;01/09/2026;HOUSE PARTS - COM. DE PECAS E VEIC. LTDA;1,15E+13;PORTO ALEGRE;RS;01/09/2026;08/09/2026;04/09/2026;Entregue No Prazo;;Entrega realizada;Entrega Finalizada;8;9;1;9;TRANSTRY;23004;;;
MOBIS BRASIL FABRICACAO DE AUTO PECAS LT;RODOVIARIO;1568601;31/08/2026;1;360117;01/09/2026;TECAR TRILHAS AUTOMOVEIS E SERVICOS LTDA;2,32E+13;DIVINOPOLIS;MG;01/09/2026;08/09/2026;04/09/2026;Entregue No Prazo;;Entrega realizada;Entrega Finalizada;8;9;1;9;XD BETIM;11039;;;
MOBIS BRASIL FABRICACAO DE AUTO PECAS LT;RODOVIARIO;1568604;31/08/2026;4;360142;01/09/2026;ULSAN COMERCIO DE VEICULOS LTDA.;2,10E+13;CAMPO GRANDE;MS;01/09/2026;09/09/2026;04/09/2026;Entregue No Prazo;;Entrega realizada;Entrega Finalizada;9;9;1;9;CARVALIMA;12004;;;
MOBIS BRASIL FABRICACAO DE AUTO PECAS LT;RODOVIARIO;1568605;31/08/2026;1;360131;01/09/2026;JPG MOTORS COMERCIO DE VEICULOS LTDA;2,91E+13;CAMPO GRANDE;MS;01/09/2026;09/09/2026;04/09/2026;Entregue No Prazo;;Entrega realizada;Entrega Finalizada;9;9;1;9;CARVALIMA;12005;;;
MOBIS BRASIL FABRICACAO DE AUTO PECAS LT;RODOVIARIO;1568619;31/08/2026;5;360156;01/09/2026;CHINHAN AUTOMOVEIS LTDA;2,41E+13;ERECHIM;RS;01/09/2026;09/09/2026;04/09/2026;Entregue No Prazo;;Entrega realizada;Entrega Finalizada;9;9;1;9;TRANSTRY;23019;;;
MOBIS BRASIL FABRICACAO DE AUTO PECAS LT;RODOVIARIO;1568606;31/08/2026;1;360137;01/09/2026;SAGA ASIA COM. DE VEIC.PC.E SERV. LTDA;2,23E+13;VARZEA GRANDE;MT;01/09/2026;10/09/2026;04/09/2026;Entregue No Prazo;;Entrega realizada;Entrega Finalizada;10;9;1;9;CARVALIMA;13004;;;
MOBIS BRASIL FABRICACAO DE AUTO PECAS LT;RODOVIARIO;1568607;31/08/2026;11;360137;01/09/2026;SAGA ASIA COM. DE VEIC.PC.E SERV. LTDA;2,23E+13;VARZEA GRANDE;MT;01/09/2026;10/09/2026;04/09/2026;Entregue No Prazo;;Entrega realizada;Entrega Finalizada;10;9;1;9;CARVALIMA;13004;;;
MOBIS BRASIL FABRICACAO DE AUTO PECAS LT;RODOVIARIO;1569966;02/09/2026;3;360215;02/09/2026;CAOA MOTOR DO BRASIL LTDA (VL PRUDENTE);1,68E+13;SAO PAULO;SP;02/09/2026;04/09/2026;04/09/2026;Entregue No Prazo;;Entrega realizada;Entrega Finalizada;4;9;2;9;XD DIADEMA;26051;;;
MOBIS BRASIL FABRICACAO DE AUTO PECAS LT;RODOVIARIO;1569925;02/09/2026;3;360214;02/09/2026;CAOA MOTOR DO BRASIL LTDA;1,68E+13;BELO HORIZONTE;MG;02/09/2026;08/09/2026;04/09/2026;Entregue No Prazo;;Entrega realizada;Entrega Finalizada;8;9;2;9;XD BETIM;5008;;;
MOBIS BRASIL FABRICACAO DE AUTO PECAS LT;RODOVIARIO;1569963;02/09/2026;2;360201;02/09/2026;ANDRETA II DISTRIBUIDORA DE VEIC. LTDA;9,10E+12;JUNDIAI;SP;02/09/2026;08/09/2026;04/09/2026;Entregue No Prazo;;Entrega realizada;Entrega Finalizada;8;9;2;9;MVT;26011;;;
MOBIS BRASIL FABRICACAO DE AUTO PECAS LT;RODOVIARIO;1569970;02/09/2026;1;360217;02/09/2026;DESTAQUE SEUL DISTR. DE VEIC. E PC. LTDA;2,12E+13;ATIBAIA;SP;02/09/2026;08/09/2026;04/09/2026;Entregue No Prazo;;Entrega realizada;Entrega Finalizada;8;9;2;9;XD DIADEMA;26075;;;
MOBIS BRASIL FABRICACAO DE AUTO PECAS LT;RODOVIARIO;1569967;02/09/2026;2;360206;02/09/2026;GOLDEN MOTORS VEICULOS LTDA;3,62E+12;ARACATUBA;SP;02/09/2026;08/09/2026;04/09/2026;Entregue No Prazo;;Entrega realizada;Entrega Finalizada;8;9;2;9;MVT;12001;;;
MOBIS BRASIL FABRICACAO DE AUTO PECAS LT;RODOVIARIO;1569973;02/09/2026;4;360205;02/09/2026;DHC COMERCIO DE VEICULOS E PECAS LTDA;9,52E+12;OURINHOS;SP;02/09/2026;08/09/2026;04/09/2026;Entregue No Prazo;;Entrega realizada;Entrega Finalizada;8;9;2;9;MVT;26010;;;
MOBIS BRASIL FABRICACAO DE AUTO PECAS LT;RODOVIARIO;1569974;02/09/2026;1;360208;02/09/2026;H - CAMINHO AUTOMOVEIS LTDA;2,53E+13;CATANDUVA;SP;02/09/2026;08/09/2026;04/09/2026;Entregue No Prazo;;Entrega realizada;Entrega Finalizada;8;9;2;9;MVT;26092;;;
MOBIS BRASIL FABRICACAO DE AUTO PECAS LT;RODOVIARIO;1570806;03/09/2026;1;360457;03/09/2026;NOBRE DISTRIBUIDORA DE VEICULOS E PECAS;5,76E+12;MOGI DAS CRUZES;SP;03/09/2026;08/09/2026;04/09/2026;Entregue No Prazo;;Entrega realizada;Entrega Finalizada;8;9;3;9;XD DIADEMA;26004;;;
MOBIS BRASIL FABRICACAO DE AUTO PECAS LT;RODOVIARIO;1570814;03/09/2026;7;360454;03/09/2026;GRAND SPORT COM. DE VEIC. E PECAS LTDA;8,58E+12;SAO PAULO;SP;03/09/2026;08/09/2026;04/09/2026;Entregue No Prazo;;Entrega realizada;Entrega Finalizada;8;9;3;9;XD DIADEMA;26034;;;
MOBIS BRASIL FABRICACAO DE AUTO PECAS LT;RODOVIARIO;1570815;03/09/2026;1;360451;03/09/2026;CHS MOTORS VEICULOS PECAS E SERV. LTDA.;1,69E+13;SAO PAULO;SP;03/09/2026;08/09/2026;04/09/2026;Entregue No Prazo;;Entrega realizada;Entrega Finalizada;8;9;3;9;XD DIADEMA;26036;;;
MOBIS BRASIL FABRICACAO DE AUTO PECAS LT;RODOVIARIO;1570818;03/09/2026;1;360447;03/09/2026;BILLY DISTRIBUIDORA DE VEICULOS LTDA;1,34E+13;SAO CAETANO DO SUL;SP;03/09/2026;08/09/2026;04/09/2026;Entregue No Prazo;;Entrega realizada;Entrega Finalizada;8;9;3;9;XD DIADEMA;26003;;;
MOBIS BRASIL FABRICACAO DE AUTO PECAS LT;RODOVIARIO;1570809;03/09/2026;2;360438;03/09/2026;DHC COMERCIO DE VEICULOS E PECAS LTDA;9,52E+12;BAURU;SP;03/09/2026;08/09/2026;04/09/2026;Entregue No Prazo;Avaria;Entrega realizada;Entrega Finalizada;8;9;3;9;MVT;26010;;;
MOBIS BRASIL FABRICACAO DE AUTO PECAS LT;RODOVIARIO;1570821;03/09/2026;1;360445;03/09/2026;NEW VEICULOS E PECAS LTDA.;1,59E+13;FRANCA;SP;03/09/2026;09/09/2026;04/09/2026;Entregue No Prazo;;Entrega realizada;Entrega Finalizada;9;9;3;9;MVT;26048;;;
MOBIS BRASIL FABRICACAO DE AUTO PECAS LT;RODOVIARIO;1570822;03/09/2026;3;360441;03/09/2026;H R B COMERCIO DE VEICULOS LTDA;1,82E+13;SAO JOSE DO RIO PRETO;SP;03/09/2026;09/09/2026;04/09/2026;Entregue No Prazo;;Entrega realizada;Entrega Finalizada;9;9;3;9;MVT;26050;;;
MOBIS BRASIL FABRICACAO DE AUTO PECAS LT;RODOVIARIO;1570826;03/09/2026;3;360449;03/09/2026;CAOA MOTOR DO BRASIL LTDA;1,68E+13;PRAIA GRANDE;SP;03/09/2026;09/09/2026;04/09/2026;Entregue No Prazo;;Entrega realizada;Entrega Finalizada;9;9;3;9;XD DIADEMA;5008;;;
MOBIS BRASIL FABRICACAO DE AUTO PECAS LT;RODOVIARIO;1570831;03/09/2026;1;360444;03/09/2026;NEW VEICULOS E PECAS LTDA;1,59E+13;BARRETOS;SP;03/09/2026;09/09/2026;04/09/2026;Entregue No Prazo;;Entrega realizada;Entrega Finalizada;9;9;3;9;MVT;26014;;;
MOBIS BRASIL FABRICACAO DE AUTO PECAS LT;RODOVIARIO;1568599;31/08/2026;1;360106;01/09/2026;GNC GRANDE COREIA MINAS GERAIS COMERCIO;4,27E+13;MONTES CLAROS;MG;01/09/2026;08/09/2026;04/09/2026;Entregue No Prazo;;Entrega realizada;Entrega Finalizada;8;9;1;9;XD BETIM;11035;;;
MOBIS BRASIL FABRICACAO DE AUTO PECAS LT;RODOVIARIO;1563920;24/08/2026;4;358775;24/08/2026;JPN PATOS COMERCIO DE VEICULOS LTDA;4,20E+13;PATOS;PB;24/08/2026;09/09/2026;05/09/2026;Entregue No Prazo;;Entrega realizada;Entrega Finalizada;9;9;24;8;TERMACO;15004;;;
MOBIS BRASIL FABRICACAO DE AUTO PECAS LT;RODOVIARIO;1565040;25/08/2026;2;359006;25/08/2026;JPN PATOS COMERCIO DE VEICULOS LTDA;4,20E+13;PATOS;PB;25/08/2026;10/09/2026;05/09/2026;Entregue No Prazo;;Entrega realizada;Entrega Finalizada;10;9;25;8;TERMACO;15004;;;
MOBIS BRASIL FABRICACAO DE AUTO PECAS LT;RODOVIARIO;1502052;29/04/2026;1;340034;29/04/2026;COMETA MATO GROSSO COM. DE VEICULOS LTDA;1,54E+13;SINOP;MT;29/04/2026;13/05/2026;21/09/2026;Entregue Fora do Prazo;Extravio;21/09 Extravio;Entrega Finalizada;13;5;29;4;CARVALIMA;13003;;;
MOBIS BRASIL FABRICACAO DE AUTO PECAS LT;RODOVIARIO;1521012;08/06/2026;1;346127;08/06/2026;HYMAX DISTRIBUIDORA DE VEICULOS LTDA;1,73E+13;MOGI GUACU;SP;08/06/2026;12/06/2026;;Pendente Fora;;30/09 Aguardando confirmação de entrega;Entrega Pendente;12;6;8;6;XD DIADEMA;26002;;;
MOBIS BRASIL FABRICACAO DE AUTO PECAS LT;RODOVIARIO;1531289;24/06/2026;1;349016;24/06/2026;SAGA KOREA COM. DE VEIC. E PC. LTDA;1,27E+13;BRASILIA;DF;24/06/2026;02/07/2026;25/09/2026;Entregue Fora do Prazo;Extravio;25/09 Volume não localizado;Entrega Finalizada;2;7;24;6;RIO VERMELHO;7005;Independência da Bahia;Estadual;BA
MOBIS BRASIL FABRICACAO DE AUTO PECAS LT;RODOVIARIO;1531880;25/06/2026;27;349241;25/06/2026;GRANDAY AUTOMOTORES LTDA (CHAC. CALIFOR);1,57E+13;SAO PAULO;SP;25/06/2026;29/06/2026;;Pendente Fora;;30/09 Aguardando confirmação de entrega;Entrega Pendente;29;6;25;6;XD DIADEMA;26090;;;
MOBIS BRASIL FABRICACAO DE AUTO PECAS LT;RODOVIARIO;1548203;27/07/2026;1;354292;27/07/2026;PATEO COMERCIO DE VEICULOS S A;7,78E+12;MANAUS;AM;27/07/2026;20/08/2026;;Pendente Fora;;10/09 CTE sem emissão;Entrega Pendente;20;8;27;7;CARVALIMA;3002;;;
MOBIS BRASIL FABRICACAO DE AUTO PECAS LT;RODOVIARIO;1548204;27/07/2026;27;354292;27/07/2026;PATEO COMERCIO DE VEICULOS S A;7,78E+12;MANAUS;AM;27/07/2026;20/08/2026;;Pendente Fora;;10/09 CTE sem emissão;Entrega Pendente;20;8;27;7;CARVALIMA;3002;;;
MOBIS BRASIL FABRICACAO DE AUTO PECAS LT;RODOVIARIO;1550645;29/07/2026;37;355258;31/07/2026;NEW VEICULOS E PECAS LTDA;1,59E+13;RIBEIRAO PRETO;SP;31/07/2026;05/08/2026;10/09/2026;Entregue Fora do Prazo;;Entrega realizada;Entrega Finalizada;5;8;31;7;MVT;26014;Fundação do Estado da Paraíba;Estadual;PB
MOBIS BRASIL FABRICACAO DE AUTO PECAS LT;RODOVIARIO;1551385;30/07/2026;9;355258;31/07/2026;NEW VEICULOS E PECAS LTDA;1,59E+13;RIBEIRAO PRETO;SP;31/07/2026;05/08/2026;10/09/2026;Entregue Fora do Prazo;;Entrega realizada;Entrega Finalizada;5;8;31;7;MVT;26014;Fundação do Estado da Paraíba;Estadual;PB
MOBIS BRASIL FABRICACAO DE AUTO PECAS LT;RODOVIARIO;1551986;31/07/2026;1;355539;03/08/2026;SAGA KOREA COM. DE VEIC. E PC. LTDA;1,27E+13;BRASILIA;DF;03/08/2026;11/08/2026;25/09/2026;Entregue Fora do Prazo;Extravio;25/09 Volume não localizado;Entrega Finalizada;11;8;3;8;RIO VERMELHO;7004;Criação da Capitania de SC;Estadual;SC
MOBIS BRASIL FABRICACAO DE AUTO PECAS LT;RODOVIARIO;1556823;11/08/2026;1;356780;11/08/2026;URCA MOTORS VEICULOS LTDA;8,77E+12;PATOS DE MINAS;MG;11/08/2026;17/08/2026;15/09/2026;Entregue Fora do Prazo;Extravio;15/09 Volume não localizado;Entrega Finalizada;17;8;11;8;XD BETIM;9014;Adesão do Ceará à Independência do Brasil;Estadual;CE
MOBIS BRASIL FABRICACAO DE AUTO PECAS LT;RODOVIARIO;1557756;12/08/2026;1;356945;12/08/2026;CAOA MOTOR DO BRASIL LTDA (ARICANDUVA);1,68E+13;SAO PAULO;SP;12/08/2026;14/08/2026;;Pendente Fora;;30/09 Aguardando confirmação de entrega;Entrega Pendente;14;8;12;8;XD DIADEMA;26039;;;
MOBIS BRASIL FABRICACAO DE AUTO PECAS LT;RODOVIARIO;1559054;13/08/2026;5;357214;13/08/2026;CHS MOTORS VEICULOS PECAS E SERV. LTDA;1,69E+13;OSASCO;SP;13/08/2026;17/08/2026;;Pendente Fora;;30/09 Aguardando confirmação de entrega;Entrega Pendente;17;8;13;8;XD DIADEMA;26106;Adesão do Ceará à Independência do Brasil;Estadual;CE
MOBIS BRASIL FABRICACAO DE AUTO PECAS LT;RODOVIARIO;1559050;13/08/2026;5;357211;13/08/2026;CAOA MOTOR DO BRASIL LTDA;1,68E+13;PRAIA GRANDE;SP;13/08/2026;19/08/2026;17/08/2026;Entregue No Prazo;;Entrega realizada;Entrega Finalizada;19;8;13;8;XD DIADEMA;5008;;;
MOBIS BRASIL FABRICACAO DE AUTO PECAS LT;RODOVIARIO;1559056;13/08/2026;1;357224;13/08/2026;PRIVILLEGE DISTRIBUIDORA DE VEICULOS LTD;1,72E+13;ARAGUAINA;TO;13/08/2026;27/08/2026;09/09/2026;Entregue Fora do Prazo;;Entrega realizada;Entrega Finalizada;27;8;13;8;RIO VERMELHO;27002;Aniversário do Município;Americana;SP
MOBIS BRASIL FABRICACAO DE AUTO PECAS LT;RODOVIARIO;1558480;13/08/2026;1;357373;13/08/2026;MISO VEICULOS LTDA;1,85E+13;MACAPA;AP;13/08/2026;03/09/2026;09/09/2026;Entregue Fora do Prazo;;Entrega realizada;Entrega Finalizada;3;9;13;8;CARVALIMA;4001;;;
MOBIS BRASIL FABRICACAO DE AUTO PECAS LT;RODOVIARIO;1561498;19/08/2026;2;358093;19/08/2026;JPN PATOS COMERCIO DE VEICULOS LTDA;4,20E+13;PATOS;PB;19/08/2026;04/09/2026;03/09/2026;Entregue No Prazo;;Entrega realizada;Entrega Finalizada;4;9;19;8;TERMACO;15004;;;
MOBIS BRASIL FABRICACAO DE AUTO PECAS LT;RODOVIARIO;1561473;19/08/2026;3;358094;19/08/2026;MISO VEICULOS LTDA;1,85E+13;MACAPA;AP;19/08/2026;09/09/2026;09/09/2026;Entregue No Prazo;;Entrega realizada;Entrega Finalizada;9;9;19;8;CARVALIMA;4001;;;
MOBIS BRASIL FABRICACAO DE AUTO PECAS LT;RODOVIARIO;1562243;20/08/2026;3;358305;20/08/2026;CHS MOTORS VEICULOS PECAS E SERV LTDA;1,69E+13;SAO PAULO;SP;20/08/2026;24/08/2026;;Pendente Fora;;30/09 Aguardando confirmação de entrega;Entrega Pendente;24;8;20;8;XD DIADEMA;26037;;;
MOBIS BRASIL FABRICACAO DE AUTO PECAS LT;RODOVIARIO;1562907;21/08/2026;2;358494;21/08/2026;NASA MOTORS LTDA.;2,65E+13;SAO LUIS DE MONTES BELOS;GO;21/08/2026;04/09/2026;05/09/2026;Entregue Fora do Prazo;;Entrega realizada;Entrega Finalizada;4;9;21;8;RIO VERMELHO;9016;;;
MOBIS BRASIL FABRICACAO DE AUTO PECAS LT;RODOVIARIO;1562925;21/08/2026;1;358523;21/08/2026;JPN PATOS COMERCIO DE VEICULOS LTDA;4,20E+13;PATOS;PB;21/08/2026;08/09/2026;04/09/2026;Entregue No Prazo;;Entrega realizada;Entrega Finalizada;8;9;21;8;TERMACO;15004;;;
MOBIS BRASIL FABRICACAO DE AUTO PECAS LT;RODOVIARIO;1562893;21/08/2026;3;358524;21/08/2026;MISO VEICULOS LTDA;1,85E+13;MACAPA;AP;21/08/2026;11/09/2026;09/09/2026;Entregue No Prazo;;Entrega realizada;Entrega Finalizada;11;9;21;8;CARVALIMA;4001;;;
MOBIS BRASIL FABRICACAO DE AUTO PECAS LT;RODOVIARIO;1563929;24/08/2026;1;358818;24/08/2026;VETOR AUTOMOVEIS LTDA;2,12E+13;CASCAVEL;PR;24/08/2026;28/08/2026;;Pendente Fora;Recusa;01/09 Questionamento ouro negro;Entrega Pendente;28;8;24;8;OURO NEGRO;18019;;;
MOBIS BRASIL FABRICACAO DE AUTO PECAS LT;RODOVIARIO;1563951;24/08/2026;5;358812;24/08/2026;GAMBATTO H1 VEICULOS LTDA;1,94E+13;CHAPECO;SC;24/08/2026;31/08/2026;15/09/2026;Entregue Fora do Prazo;;Entrega realizada;Entrega Finalizada;31;8;24;8;OURO NEGRO;24018;;;
MOBIS BRASIL FABRICACAO DE AUTO PECAS LT;RODOVIARIO;1563906;24/08/2026;1;358750;24/08/2026;NASA MOTORS LTDA.;2,65E+13;SAO LUIS DE MONTES BELOS;GO;24/08/2026;08/09/2026;05/09/2026;Entregue No Prazo;;Entrega realizada;Entrega Finalizada;8;9;24;8;RIO VERMELHO;9016;;;
MOBIS BRASIL FABRICACAO DE AUTO PECAS LT;RODOVIARIO;1565039;25/08/2026;5;359014;25/08/2026;PATEO COMERCIO DE VEICULOS S A;7,78E+12;JOAO PESSOA;PB;25/08/2026;09/09/2026;03/09/2026;Entregue No Prazo;;Entrega realizada;Entrega Finalizada;9;9;25;8;TERMACO;15003;;;
MOBIS BRASIL FABRICACAO DE AUTO PECAS LT;RODOVIARIO;1565044;25/08/2026;1;359002;25/08/2026;GREEN CITY VEICULOS LTDA;2,10E+13;TERESINA;PI;25/08/2026;10/09/2026;08/09/2026;Entregue No Prazo;;Entrega realizada;Entrega Finalizada;10;9;25;8;TERMACO;17002;;;
MOBIS BRASIL FABRICACAO DE AUTO PECAS LT;RODOVIARIO;1565005;25/08/2026;1;359007;25/08/2026;MISO VEICULOS LTDA;1,85E+13;MACAPA;AP;25/08/2026;15/09/2026;14/09/2026;Entregue No Prazo;;Entrega realizada;Entrega Finalizada;15;9;25;8;CARVALIMA;4001;;;
MOBIS BRASIL FABRICACAO DE AUTO PECAS LT;RODOVIARIO;1565850;26/08/2026;4;359169;26/08/2026;URCA MOTORS VEICULOS LTDA;8,77E+12;PATOS DE MINAS;MG;26/08/2026;01/09/2026;08/09/2026;Entregue Fora do Prazo;;Entrega realizada;Entrega Finalizada;1;9;26;8;XD BETIM;9014;;;
MOBIS BRASIL FABRICACAO DE AUTO PECAS LT;RODOVIARIO;1565836;26/08/2026;2;359171;26/08/2026;CYCOSA AUTOMOVEIS LTDA;4,76E+12;MACEIO;AL;26/08/2026;09/09/2026;08/09/2026;Entregue No Prazo;;Entrega realizada;Entrega Finalizada;9;9;26;8;TERMACO;2001;;;
MOBIS BRASIL FABRICACAO DE AUTO PECAS LT;RODOVIARIO;1565844;26/08/2026;1;359159;26/08/2026;NASA MOTORS LTDA.;2,65E+13;SAO LUIS DE MONTES BELOS;GO;26/08/2026;09/09/2026;05/09/2026;Entregue No Prazo;;Entrega realizada;Entrega Finalizada;9;9;26;8;RIO VERMELHO;9016;;;
MOBIS BRASIL FABRICACAO DE AUTO PECAS LT;RODOVIARIO;1565855;26/08/2026;3;359177;26/08/2026;MISO VEICULOS LTDA;1,85E+13;SANTAREM;PA;26/08/2026;09/09/2026;05/09/2026;Entregue No Prazo;;Entrega realizada;Entrega Finalizada;9;9;26;8;CARVALIMA;4001;;;
MOBIS BRASIL FABRICACAO DE AUTO PECAS LT;RODOVIARIO;1565840;26/08/2026;1;359181;26/08/2026;ORVEL AUTOMOTOR HYD LTDA;2,52E+13;TEIXEIRA DE FREITAS;BA;26/08/2026;10/09/2026;10/09/2026;Entregue No Prazo;;Entrega realizada;Entrega Finalizada;10;9;26;8;TERMACO;5011;;;
MOBIS BRASIL FABRICACAO DE AUTO PECAS LT;RODOVIARIO;1565859;26/08/2026;2;359182;26/08/2026;PATEO COMERCIO DE VEICULOS S A;7,78E+12;RECIFE;PE;26/08/2026;10/09/2026;08/09/2026;Entregue No Prazo;;Entrega realizada;Entrega Finalizada;10;9;26;8;TERMACO;16004;;;
MOBIS BRASIL FABRICACAO DE AUTO PECAS LT;RODOVIARIO;1565857;26/08/2026;4;359176;26/08/2026;JPN PATOS COMERCIO DE VEICULOS LTDA;4,20E+13;PATOS;PB;26/08/2026;11/09/2026;08/09/2026;Entregue No Prazo;;Entrega realizada;Entrega Finalizada;11;9;26;8;TERMACO;15004;;;
MOBIS BRASIL FABRICACAO DE AUTO PECAS LT;RODOVIARIO;1565858;26/08/2026;3;359170;26/08/2026;AUTORAC VEICULOS LTDA;1,06E+13;CARUARU;PE;26/08/2026;11/09/2026;08/09/2026;Entregue No Prazo;;Entrega realizada;Entrega Finalizada;11;9;26;8;TERMACO;16001;;;
MOBIS BRASIL FABRICACAO DE AUTO PECAS LT;RODOVIARIO;1565860;26/08/2026;8;359174;26/08/2026;GREEN CITY VEICULOS LTDA;2,10E+13;TERESINA;PI;26/08/2026;11/09/2026;08/09/2026;Entregue No Prazo;;Entrega realizada;Entrega Finalizada;11;9;26;8;TERMACO;17002;;;
MOBIS BRASIL FABRICACAO DE AUTO PECAS LT;RODOVIARIO;1566704;27/08/2026;6;359408;27/08/2026;URCA MOTORS VEICULOS LTDA;8,77E+12;UBERABA;MG;27/08/2026;02/09/2026;04/09/2026;Entregue Fora do Prazo;;Entrega realizada;Entrega Finalizada;2;9;27;8;XD BETIM;9014;;;
MOBIS BRASIL FABRICACAO DE AUTO PECAS LT;RODOVIARIO;1566733;27/08/2026;1;359431;27/08/2026;MONTREAL VEICULOS E PECAS LTDA;1,68E+13;SAO PEDRO DA ALDEIA;RJ;27/08/2026;03/09/2026;18/09/2026;Entregue Fora do Prazo;;Entrega realizada;Entrega Finalizada;3;9;27;8;CAMILO;19030;;;
MOBIS BRASIL FABRICACAO DE AUTO PECAS LT;RODOVIARIO;1566745;27/08/2026;2;359458;27/08/2026;CHINHAN AUTOMOVEIS LTDA.;2,41E+13;CACADOR;SC;27/08/2026;08/09/2026;02/09/2026;Entregue No Prazo;;Entrega realizada;Entrega Finalizada;8;9;27;8;TRANSTRY;24020;;;
MOBIS BRASIL FABRICACAO DE AUTO PECAS LT;RODOVIARIO;1566686;27/08/2026;2;359425;27/08/2026;FAZZA MOTORS COM. DE VEICULOS LTDA;1,24E+13;FORTALEZA;CE;27/08/2026;10/09/2026;08/09/2026;Entregue No Prazo;;Entrega realizada;Entrega Finalizada;10;9;27;8;TERMACO;6001;;;
MOBIS BRASIL FABRICACAO DE AUTO PECAS LT;RODOVIARIO;1566688;27/08/2026;3;359426;27/08/2026;FAZZA MOTORS COMERCIO DE VEICULOS LTDA;1,24E+13;FORTALEZA;CE;27/08/2026;10/09/2026;08/09/2026;Entregue No Prazo;;Entrega realizada;Entrega Finalizada;10;9;27;8;TERMACO;5007;;;
MOBIS BRASIL FABRICACAO DE AUTO PECAS LT;RODOVIARIO;1566689;27/08/2026;1;359421;27/08/2026;CAOA MOTOR DO BRASIL LTDA;1,68E+13;FORTALEZA;CE;27/08/2026;11/09/2026;11/09/2026;Entregue No Prazo;;Entrega realizada;Entrega Finalizada;11;9;27;8;TERMACO;5008;;;
MOBIS BRASIL FABRICACAO DE AUTO PECAS LT;RODOVIARIO;1566716;27/08/2026;22;359434;27/08/2026;PATEO COMERCIO DE VEICULOS S A;7,78E+12;RECIFE;PE;27/08/2026;11/09/2026;08/09/2026;Entregue No Prazo;;Entrega realizada;Entrega Finalizada;11;9;27;8;TERMACO;16004;;;
MOBIS BRASIL FABRICACAO DE AUTO PECAS LT;RODOVIARIO;1566687;27/08/2026;2;359450;27/08/2026;VIA NORTE COM. E IMPORT. DE VEIC. LTDA;1,25E+13;SOBRAL;CE;27/08/2026;14/09/2026;08/09/2026;Entregue No Prazo;;Entrega realizada;Entrega Finalizada;14;9;27;8;TERMACO;6002;;;
MOBIS BRASIL FABRICACAO DE AUTO PECAS LT;RODOVIARIO;1566690;27/08/2026;2;359442;27/08/2026;SAINT LAND COMERCIO DE VEICULOS LTDA;1,04E+13;JUAZEIRO DO NORTE;CE;27/08/2026;14/09/2026;08/09/2026;Entregue No Prazo;;Entrega realizada;Entrega Finalizada;14;9;27;8;TERMACO;6010;;;
MOBIS BRASIL FABRICACAO DE AUTO PECAS LT;RODOVIARIO;1566714;27/08/2026;3;359422;27/08/2026;CAOA MOTOR DO BRASIL LTDA;1,68E+13;CAMPINA GRANDE;PB;27/08/2026;14/09/2026;09/09/2026;Entregue No Prazo;;Entrega realizada;Entrega Finalizada;14;9;27;8;TERMACO;5008;;;
MOBIS BRASIL FABRICACAO DE AUTO PECAS LT;RODOVIARIO;1566715;27/08/2026;6;359430;27/08/2026;JPN PATOS COMERCIO DE VEICULOS LTDA;4,20E+13;PATOS;PB;27/08/2026;14/09/2026;08/09/2026;Entregue No Prazo;;Entrega realizada;Entrega Finalizada;14;9;27;8;TERMACO;15004;;;
MOBIS BRASIL FABRICACAO DE AUTO PECAS LT;RODOVIARIO;1566680;27/08/2026;2;359446;27/08/2026;ULSAN COMERCIO DE VEICULOS LTDA;2,10E+13;RIO BRANCO;AC;27/08/2026;15/09/2026;18/09/2026;Entregue Fora do Prazo;;Entrega realizada;Entrega Finalizada;15;9;27;8;CARVALIMA;21004;;;
MOBIS BRASIL FABRICACAO DE AUTO PECAS LT;RODOVIARIO;1566681;27/08/2026;2;359435;27/08/2026;PATEO COMERCIO DE VEICULOS S A;7,78E+12;MANAUS;AM;27/08/2026;22/09/2026;10/09/2026;Entregue No Prazo;;Entrega realizada;Entrega Finalizada;22;9;27;8;CARVALIMA;3002;;;
MOBIS BRASIL FABRICACAO DE AUTO PECAS LT;RODOVIARIO;1567565;28/08/2026;1;359645;28/08/2026;URCA MOTORS VEICULOS LTDA;8,77E+12;UBERABA;MG;28/08/2026;03/09/2026;04/09/2026;Entregue Fora do Prazo;;Entrega realizada;Entrega Finalizada;3;9;28;8;XD BETIM;9014;;;
MOBIS BRASIL FABRICACAO DE AUTO PECAS LT;RODOVIARIO;1567591;28/08/2026;10;359703;28/08/2026;SANTA FE VEICULOS LTDA.;1,16E+13;FRANCISCO BELTRAO;PR;28/08/2026;04/09/2026;01/09/2026;Entregue No Prazo;;Entrega realizada;Entrega Finalizada;4;9;28;8;TRANSTRY;18010;;;
MOBIS BRASIL FABRICACAO DE AUTO PECAS LT;RODOVIARIO;1567657;28/08/2026;1;359633;28/08/2026;PRIVILLEGE DISTRIBUIDORA DE VEICULOS LTD;1,72E+13;PALMAS;TO;28/08/2026;09/09/2026;09/09/2026;Entregue No Prazo;;Entrega realizada;Entrega Finalizada;9;9;28;8;RIO VERMELHO;27003;;;
MOBIS BRASIL FABRICACAO DE AUTO PECAS LT;RODOVIARIO;1567545;28/08/2026;1;359660;28/08/2026;FAZZA MOTORS COMERCIO DE VEICULOS LTDA;1,24E+13;SALVADOR;BA;28/08/2026;09/09/2026;08/09/2026;Entregue No Prazo;;Entrega realizada;Entrega Finalizada;9;9;28;8;TERMACO;5007;;;
MOBIS BRASIL FABRICACAO DE AUTO PECAS LT;RODOVIARIO;1567546;28/08/2026;4;359660;28/08/2026;FAZZA MOTORS COMERCIO DE VEICULOS LTDA;1,24E+13;SALVADOR;BA;28/08/2026;09/09/2026;08/09/2026;Entregue No Prazo;;Entrega realizada;Entrega Finalizada;9;9;28;8;TERMACO;5007;;;
MOBIS BRASIL FABRICACAO DE AUTO PECAS LT;RODOVIARIO;1567559;28/08/2026;1;359644;28/08/2026;URCA MOTORS VEICULOS LTDA;8,77E+12;ITUMBIARA;GO;28/08/2026;09/09/2026;08/09/2026;Entregue No Prazo;;Entrega realizada;Entrega Finalizada;9;9;28;8;RIO VERMELHO;9014;;;
MOBIS BRASIL FABRICACAO DE AUTO PECAS LT;RODOVIARIO;1567619;28/08/2026;4;359679;28/08/2026;SAINT LAND COMERCIO DE VEICULOS LTDA;1,04E+13;ARACAJU;SE;28/08/2026;10/09/2026;08/09/2026;Entregue No Prazo;;Entrega realizada;Entrega Finalizada;10;9;28;8;TERMACO;6010;;;
MOBIS BRASIL FABRICACAO DE AUTO PECAS LT;RODOVIARIO;1567640;28/08/2026;2;359681;28/08/2026;SEVEL VEICULOS LTDA;1,07E+13;ARACAJU;SE;28/08/2026;10/09/2026;08/09/2026;Entregue No Prazo;;Entrega realizada;Entrega Finalizada;10;9;28;8;TERMACO;25001;;;
MOBIS BRASIL FABRICACAO DE AUTO PECAS LT;RODOVIARIO;1567549;28/08/2026;13;359659;28/08/2026;FAZZA MOTORS COM. DE VEICULOS LTDA;1,24E+13;FORTALEZA;CE;28/08/2026;11/09/2026;08/09/2026;Entregue No Prazo;;Entrega realizada;Entrega Finalizada;11;9;28;8;TERMACO;6001;;;
MOBIS BRASIL FABRICACAO DE AUTO PECAS LT;RODOVIARIO;1567551;28/08/2026;27;359661;28/08/2026;FAZZA MOTORS COMERCIO DE VEICULOS LTDA;1,24E+13;FORTALEZA;CE;28/08/2026;11/09/2026;04/09/2026;Entregue No Prazo;;Entrega realizada;Entrega Finalizada;11;9;28;8;TERMACO;5007;;;
MOBIS BRASIL FABRICACAO DE AUTO PECAS LT;RODOVIARIO;1567560;28/08/2026;1;359642;28/08/2026;TRIAUTO KOREA AUTOMOVEIS LTDA;4,99E+13;CATALAO;GO;28/08/2026;11/09/2026;10/09/2026;Entregue No Prazo;;Entrega realizada;Entrega Finalizada;11;9;28;8;RIO VERMELHO;9018;;;
MOBIS BRASIL FABRICACAO DE AUTO PECAS LT;RODOVIARIO;1567547;28/08/2026;1;359649;28/08/2026;AIKON VEICULOS LTDA;1,17E+13;ITABUNA;BA;28/08/2026;14/09/2026;09/09/2026;Entregue No Prazo;;Entrega realizada;Entrega Finalizada;14;9;28;8;TERMACO;5002;;;
MOBIS BRASIL FABRICACAO DE AUTO PECAS LT;RODOVIARIO;1567548;28/08/2026;2;359671;28/08/2026;ORVEL AUTOMOTOR HYD LTDA;2,52E+13;TEIXEIRA DE FREITAS;BA;28/08/2026;14/09/2026;10/09/2026;Entregue No Prazo;;Entrega realizada;Entrega Finalizada;14;9;28;8;TERMACO;5011;;;
MOBIS BRASIL FABRICACAO DE AUTO PECAS LT;RODOVIARIO;1567561;28/08/2026;1;359674;28/08/2026;PATEO COMERCIO DE VEICULOS S A;7,78E+12;SAO LUIS;MA;28/08/2026;14/09/2026;09/09/2026;Entregue No Prazo;;Entrega realizada;Entrega Finalizada;14;9;28;8;TERMACO;10002;;;
MOBIS BRASIL FABRICACAO DE AUTO PECAS LT;RODOVIARIO;1567562;28/08/2026;1;359674;28/08/2026;PATEO COMERCIO DE VEICULOS S A;7,78E+12;SAO LUIS;MA;28/08/2026;14/09/2026;09/09/2026;Entregue No Prazo;;Entrega realizada;Entrega Finalizada;14;9;28;8;TERMACO;10002;;;
MOBIS BRASIL FABRICACAO DE AUTO PECAS LT;RODOVIARIO;1567582;28/08/2026;1;359675;28/08/2026;PATEO COMERCIO DE VEICULOS S A;7,78E+12;JOAO PESSOA;PB;28/08/2026;14/09/2026;09/09/2026;Entregue No Prazo;;Entrega realizada;Entrega Finalizada;14;9;28;8;TERMACO;15003;;;
MOBIS BRASIL FABRICACAO DE AUTO PECAS LT;RODOVIARIO;1567585;28/08/2026;3;359672;28/08/2026;PATEO COMERCIO DE VEICULOS S A;7,78E+12;RECIFE;PE;28/08/2026;14/09/2026;08/09/2026;Entregue No Prazo;;Entrega realizada;Entrega Finalizada;14;9;28;8;TERMACO;16004;;;
MOBIS BRASIL FABRICACAO DE AUTO PECAS LT;RODOVIARIO;1567586;28/08/2026;1;359654;28/08/2026;CAOA MOTOR DO BRASIL LTDA;1,68E+13;RECIFE;PE;28/08/2026;14/09/2026;09/09/2026;Entregue No Prazo;;Entrega realizada;Entrega Finalizada;14;9;28;8;TERMACO;5008;;;
MOBIS BRASIL FABRICACAO DE AUTO PECAS LT;RODOVIARIO;1567638;28/08/2026;12;359678;28/08/2026;SAINT LAND COMERCIO DE VEICULOS LTDA;1,04E+13;NATAL;RN;28/08/2026;14/09/2026;10/09/2026;Entregue No Prazo;;Entrega realizada;Entrega Finalizada;14;9;28;8;TERMACO;6010;;;
MOBIS BRASIL FABRICACAO DE AUTO PECAS LT;RODOVIARIO;1567550;28/08/2026;1;359685;28/08/2026;VIA NORTE COM. E IMPORT. DE VEIC. LTDA;1,25E+13;SOBRAL;CE;28/08/2026;15/09/2026;09/09/2026;Entregue No Prazo;;Entrega realizada;Entrega Finalizada;15;9;28;8;TERMACO;6002;;;
MOBIS BRASIL FABRICACAO DE AUTO PECAS LT;RODOVIARIO;1567553;28/08/2026;2;359680;28/08/2026;SAINT LAND COMERCIO DE VEICULOS LTDA;1,04E+13;JUAZEIRO DO NORTE;CE;28/08/2026;15/09/2026;09/09/2026;Entregue No Prazo;;Entrega realizada;Entrega Finalizada;15;9;28;8;TERMACO;6010;;;
MOBIS BRASIL FABRICACAO DE AUTO PECAS LT;RODOVIARIO;1567583;28/08/2026;4;359667;28/08/2026;JPN PATOS COMERCIO DE VEICULOS LTDA;4,20E+13;PATOS;PB;28/08/2026;15/09/2026;11/09/2026;Entregue No Prazo;;Entrega realizada;Entrega Finalizada;15;9;28;8;TERMACO;15004;;;
MOBIS BRASIL FABRICACAO DE AUTO PECAS LT;RODOVIARIO;1567584;28/08/2026;2;359651;28/08/2026;AUTORAC VEICULOS LTDA;1,06E+13;CARUARU;PE;28/08/2026;15/09/2026;08/09/2026;Entregue No Prazo;;Entrega realizada;Entrega Finalizada;15;9;28;8;TERMACO;16001;;;
MOBIS BRASIL FABRICACAO DE AUTO PECAS LT;RODOVIARIO;1567587;28/08/2026;3;359663;28/08/2026;GREEN CITY VEICULOS LTDA;2,10E+13;TERESINA;PI;28/08/2026;15/09/2026;09/09/2026;Entregue No Prazo;;Entrega realizada;Entrega Finalizada;15;9;28;8;TERMACO;17002;;;
MOBIS BRASIL FABRICACAO DE AUTO PECAS LT;RODOVIARIO;1567588;28/08/2026;2;359664;28/08/2026;GREEN CITY VEICULOS LTDA;2,10E+13;TERESINA;PI;28/08/2026;15/09/2026;10/09/2026;Entregue No Prazo;;Entrega realizada;Entrega Finalizada;15;9;28;8;TERMACO;17002;;;
MOBIS BRASIL FABRICACAO DE AUTO PECAS LT;RODOVIARIO;1567589;28/08/2026;5;359664;28/08/2026;GREEN CITY VEICULOS LTDA;2,10E+13;TERESINA;PI;28/08/2026;15/09/2026;10/09/2026;Entregue No Prazo;;Entrega realizada;Entrega Finalizada;15;9;28;8;TERMACO;17002;;;
MOBIS BRASIL FABRICACAO DE AUTO PECAS LT;RODOVIARIO;1567544;28/08/2026;1;359673;28/08/2026;PATEO COMERCIO DE VEICULOS S A;7,78E+12;MANAUS;AM;28/08/2026;23/09/2026;16/09/2026;Entregue No Prazo;;Entrega realizada;Entrega Finalizada;23;9;28;8;CARVALIMA;3002;;;
MOBIS BRASIL FABRICACAO DE AUTO PECAS LT;RODOVIARIO;1568366;29/08/2026;4;359896;31/08/2026;LOVAT VEICULOS S/A;8,57E+12;MARINGA;PR;31/08/2026;04/09/2026;04/09/2026;Entregue No Prazo;;Entrega realizada;Entrega Finalizada;4;9;31;8;TRANSTRY;18008;;;
MOBIS BRASIL FABRICACAO DE AUTO PECAS LT;RODOVIARIO;1568367;29/08/2026;3;359899;31/08/2026;VETOR AUTOMOVEIS LTDA;2,12E+13;CASCAVEL;PR;31/08/2026;04/09/2026;02/09/2026;Entregue No Prazo;;Entrega realizada;Entrega Finalizada;4;9;31;8;TRANSTRY;18019;;;
MOBIS BRASIL FABRICACAO DE AUTO PECAS LT;RODOVIARIO;1568369;29/08/2026;4;359909;31/08/2026;ITAVEMA MOTORS VEICULOS LTDA;7,73E+12;DUQUE DE CAXIAS;RJ;31/08/2026;04/09/2026;08/09/2026;Entregue Fora do Prazo;;Entrega realizada;Entrega Finalizada;4;9;31;8;CAMILO;19001;;;
MOBIS BRASIL FABRICACAO DE AUTO PECAS LT;RODOVIARIO;1568371;29/08/2026;4;359903;31/08/2026;CAOA MOTOR DO BRASIL LTDA;1,68E+13;RIO DE JANEIRO;RJ;31/08/2026;04/09/2026;08/09/2026;Entregue Fora do Prazo;;Entrega realizada;Entrega Finalizada;4;9;31;8;CAMILO;5008;;;
MOBIS BRASIL FABRICACAO DE AUTO PECAS LT;RODOVIARIO;1568372;29/08/2026;30;359910;31/08/2026;ITAVEMA MOTORS VEICULOS LTDA;7,73E+12;RIO DE JANEIRO;RJ;31/08/2026;04/09/2026;08/09/2026;Entregue Fora do Prazo;;Entrega realizada;Entrega Finalizada;4;9;31;8;CAMILO;19001;;;
MOBIS BRASIL FABRICACAO DE AUTO PECAS LT;RODOVIARIO;1568373;29/08/2026;7;359902;31/08/2026;CAOA MOTOR DO BRASIL LTDA;1,68E+13;RIO DE JANEIRO;RJ;31/08/2026;04/09/2026;09/09/2026;Entregue Fora do Prazo;;Entrega realizada;Entrega Finalizada;4;9;31;8;CAMILO;5008;;;
MOBIS BRASIL FABRICACAO DE AUTO PECAS LT;RODOVIARIO;1568374;29/08/2026;3;359901;31/08/2026;CAOA MOTOR DO BRASIL LTDA;1,68E+13;RIO DE JANEIRO;RJ;31/08/2026;04/09/2026;08/09/2026;Entregue Fora do Prazo;;Entrega realizada;Entrega Finalizada;4;9;31;8;CAMILO;5008;;;
MOBIS BRASIL FABRICACAO DE AUTO PECAS LT;RODOVIARIO;1568406;29/08/2026;2;359876;31/08/2026;DHC COMERCIO DE VEICULOS E PECAS LTDA;9,52E+12;OURINHOS;SP;31/08/2026;04/09/2026;10/09/2026;Entregue Fora do Prazo;;Entrega realizada;Entrega Finalizada;4;9;31;8;MVT;26010;;;
MOBIS BRASIL FABRICACAO DE AUTO PECAS LT;RODOVIARIO;1568413;29/08/2026;4;359924;31/08/2026;VIA BRASIL AUTOMOVEIS LTDA.;4,72E+12;SERRA;ES;31/08/2026;08/09/2026;08/09/2026;Entregue No Prazo;;Entrega realizada;Entrega Finalizada;8;9;31;8;CAMILO;8001;;;
MOBIS BRASIL FABRICACAO DE AUTO PECAS LT;RODOVIARIO;1568345;29/08/2026;5;359859;31/08/2026;SMAFF IMPORT VEICULOS LTDA;8,18E+12;BRASILIA;DF;31/08/2026;09/09/2026;10/09/2026;Entregue Fora do Prazo;;Entrega realizada;Entrega Finalizada;9;9;31;8;RIO VERMELHO;7002;;;
MOBIS BRASIL FABRICACAO DE AUTO PECAS LT;RODOVIARIO;1568348;29/08/2026;3;359919;31/08/2026;PRIME CACHOEIRO VEICULOS LTDA;9,34E+12;CACHOEIRO DE ITAPEMIRIM;ES;31/08/2026;09/09/2026;09/09/2026;Entregue No Prazo;;Entrega realizada;Entrega Finalizada;9;9;31;8;CAMILO;8004;;;
MOBIS BRASIL FABRICACAO DE AUTO PECAS LT;RODOVIARIO;1568357;29/08/2026;3;359908;31/08/2026;GOLDEN MOTORS VEICULOS LTDA;3,62E+12;DOURADOS;MS;31/08/2026;09/09/2026;09/09/2026;Entregue No Prazo;;Entrega realizada;Entrega Finalizada;9;9;31;8;CARVALIMA;12001;;;
MOBIS BRASIL FABRICACAO DE AUTO PECAS LT;RODOVIARIO;1568340;29/08/2026;1;359916;31/08/2026;PATEO COMERCIO DE VEICULOS S A;7,78E+12;SALVADOR;BA;31/08/2026;10/09/2026;10/09/2026;Entregue No Prazo;;Entrega realizada;Entrega Finalizada;10;9;31;8;TERMACO;5003;;;
MOBIS BRASIL FABRICACAO DE AUTO PECAS LT;RODOVIARIO;1568341;29/08/2026;40;359906;31/08/2026;FAZZA MOTORS COMERCIO DE VEICULOS LTDA;1,24E+13;SALVADOR;BA;31/08/2026;10/09/2026;10/09/2026;Entregue No Prazo;;Entrega realizada;Entrega Finalizada;10;9;31;8;TERMACO;5007;;;
MOBIS BRASIL FABRICACAO DE AUTO PECAS LT;RODOVIARIO;1568361;29/08/2026;2;359904;31/08/2026;CAOA MOTOR DO BRASIL LTDA;1,68E+13;BELEM;PA;31/08/2026;11/09/2026;08/09/2026;Entregue No Prazo;Sob posse Camilo;Entrega realizada;Entrega Finalizada;11;9;31;8;CARVALIMA;5008;;;
MOBIS BRASIL FABRICACAO DE AUTO PECAS LT;RODOVIARIO;1568343;29/08/2026;1;359905;31/08/2026;FAZZA MOTORS COM. DE VEICULOS LTDA;1,24E+13;FORTALEZA;CE;31/08/2026;14/09/2026;11/09/2026;Entregue No Prazo;;Entrega realizada;Entrega Finalizada;14;9;31;8;TERMACO;6001;;;
MOBIS BRASIL FABRICACAO DE AUTO PECAS LT;RODOVIARIO;1568351;29/08/2026;4;359855;31/08/2026;NASA MOTORS LTDA.;2,65E+13;SAO LUIS DE MONTES BELOS;GO;31/08/2026;14/09/2026;05/09/2026;Entregue No Prazo;;Entrega realizada;Entrega Finalizada;14;9;31;8;RIO VERMELHO;9016;;;
MOBIS BRASIL FABRICACAO DE AUTO PECAS LT;RODOVIARIO;1568342;29/08/2026;2;359914;31/08/2026;PATEO COMERCIO DE VEICULOS S A;7,78E+12;FEIRA DE SANTANA;BA;31/08/2026;15/09/2026;09/09/2026;Entregue No Prazo;;Entrega realizada;Entrega Finalizada;15;9;31;8;TERMACO;5009;;;
MOBIS BRASIL FABRICACAO DE AUTO PECAS LT;RODOVIARIO;1568352;29/08/2026;3;359917;31/08/2026;PATEO COMERCIO DE VEICULOS S A;7,78E+12;SAO LUIS;MA;31/08/2026;15/09/2026;15/09/2026;Entregue No Prazo;;Entrega realizada;Entrega Finalizada;15;9;31;8;TERMACO;10002;;;
MOBIS BRASIL FABRICACAO DE AUTO PECAS LT;RODOVIARIO;1568362;29/08/2026;1;359913;31/08/2026;PATEO COMERCIO DE VEICULOS S A;7,78E+12;JOAO PESSOA;PB;31/08/2026;15/09/2026;09/09/2026;Entregue No Prazo;;Entrega realizada;Entrega Finalizada;15;9;31;8;TERMACO;15003;;;
MOBIS BRASIL FABRICACAO DE AUTO PECAS LT;RODOVIARIO;1568363;29/08/2026;2;359915;31/08/2026;PATEO COMERCIO DE VEICULOS S A;7,78E+12;RECIFE;PE;31/08/2026;15/09/2026;09/09/2026;Entregue No Prazo;;Entrega realizada;Entrega Finalizada;15;9;31;8;TERMACO;16004;;;
MOBIS BRASIL FABRICACAO DE AUTO PECAS LT;RODOVIARIO;1568364;29/08/2026;28;359915;31/08/2026;PATEO COMERCIO DE VEICULOS S A;7,78E+12;RECIFE;PE;31/08/2026;15/09/2026;09/09/2026;Entregue No Prazo;;Entrega realizada;Entrega Finalizada;15;9;31;8;TERMACO;16004;;;
MOBIS BRASIL FABRICACAO DE AUTO PECAS LT;RODOVIARIO;1568410;29/08/2026;6;359921;31/08/2026;SAINT LAND COMERCIO DE VEICULOS LTDA;1,04E+13;NATAL;RN;31/08/2026;15/09/2026;16/09/2026;Entregue Fora do Prazo;;Entrega realizada;Entrega Finalizada;15;9;31;8;TERMACO;6010;;;
MOBIS BRASIL FABRICACAO DE AUTO PECAS LT;RODOVIARIO;1568414;29/08/2026;7;359912;31/08/2026;MASTER COMERCIAL DE VEICULOS LTDA;2,85E+13;BARREIRAS;BA;31/08/2026;15/09/2026;09/09/2026;Entregue No Prazo;;Entrega realizada;Entrega Finalizada;15;9;31;8;TERMACO;5012;;;
MOBIS BRASIL FABRICACAO DE AUTO PECAS LT;RODOVIARIO;1568344;29/08/2026;1;359922;31/08/2026;SAINT LAND COMERCIO DE VEICULOS LTDA;1,04E+13;JUAZEIRO DO NORTE;CE;31/08/2026;16/09/2026;09/09/2026;Entregue No Prazo;;Entrega realizada;Entrega Finalizada;16;9;31;8;TERMACO;6010;Emancipação Política de Alagoas;Estadual;AL
MOBIS BRASIL FABRICACAO DE AUTO PECAS LT;RODOVIARIO;1568339;29/08/2026;8;359918;31/08/2026;PATEO COMERCIO DE VEICULOS S A;7,78E+12;MANAUS;AM;31/08/2026;24/09/2026;15/09/2026;Entregue No Prazo;Sob posse Camilo;Entrega realizada;Entrega Finalizada;24;9;31;8;CARVALIMA;3002;;;
MOBIS BRASIL FABRICACAO DE AUTO PECAS LT;RODOVIARIO;1568375;29/08/2026;4;359920;31/08/2026;SAGA ASIA COM. DE VEIC.PC.E SERV. LTDA;2,14E+13;PORTO VELHO;RO;31/08/2026;15/09/2026;14/09/2026;Entregue No Prazo;Avaria;Entrega realizada;Entrega Finalizada;15;9;31;8;CARVALIMA;21003;;;
MOBIS BRASIL FABRICACAO DE AUTO PECAS LT;RODOVIARIO;1568643;31/08/2026;6;360105;01/09/2026;CHS MOTORS VEICULOS PECAS E SERV. LTDA;1,69E+13;OSASCO;SP;01/09/2026;03/09/2026;02/09/2026;Entregue No Prazo;;Entrega realizada;Entrega Finalizada;3;9;1;9;XD DIADEMA;26106;;;
MOBIS BRASIL FABRICACAO DE AUTO PECAS LT;RODOVIARIO;1568391;29/08/2026;30;360190;01/09/2026;NEW VEICULOS E PECAS LTDA;1,59E+13;RIBEIRAO PRETO;SP;01/09/2026;04/09/2026;02/09/2026;Entregue No Prazo;;Entrega realizada;Entrega Finalizada;4;9;1;9;BV LOG;26014;;;
MOBIS BRASIL FABRICACAO DE AUTO PECAS LT;RODOVIARIO;1568631;31/08/2026;21;360190;01/09/2026;NEW VEICULOS E PECAS LTDA;1,59E+13;RIBEIRAO PRETO;SP;01/09/2026;04/09/2026;02/09/2026;Entregue No Prazo;;Entrega realizada;Entrega Finalizada;4;9;1;9;BV LOG;26014;;;
MOBIS BRASIL FABRICACAO DE AUTO PECAS LT;RODOVIARIO;1568598;31/08/2026;1;360121;01/09/2026;VIME POCOS COM. DE VEICULOS E PECAS LTDA;3,43E+13;POCOS DE CALDAS;MG;01/09/2026;08/09/2026;04/09/2026;Entregue No Prazo;;Entrega realizada;Entrega Finalizada;8;9;1;9;XD BETIM;11033;;;
MOBIS BRASIL FABRICACAO DE AUTO PECAS LT;RODOVIARIO;1568612;31/08/2026;12;360155;01/09/2026;BARI VEICULOS LTDA;7,46E+12;PONTA GROSSA;PR;01/09/2026;08/09/2026;03/09/2026;Entregue No Prazo;;Entrega realizada;Entrega Finalizada;8;9;1;9;TRANSTRY;18024;;;
MOBIS BRASIL FABRICACAO DE AUTO PECAS LT;RODOVIARIO;1568616;31/08/2026;3;360125;01/09/2026;CAOA MOTOR DO BRASIL LTDA;1,68E+13;RIO DE JANEIRO;RJ;01/09/2026;08/09/2026;09/09/2026;Entregue No Prazo;;Entrega realizada;Entrega Finalizada;8;9;1;9;CAMILO;5008;;;
MOBIS BRASIL FABRICACAO DE AUTO PECAS LT;RODOVIARIO;1568618;31/08/2026;1;360158;01/09/2026;GALA COMERCIO DE VEICULOS LTDA.;1,77E+13;PELOTAS;RS;01/09/2026;08/09/2026;08/09/2026;Entregue No Prazo;;Entrega realizada;Entrega Finalizada;8;9;1;9;TRANSTRY;23009;;;
MOBIS BRASIL FABRICACAO DE AUTO PECAS LT;RODOVIARIO;1568620;31/08/2026;2;360149;01/09/2026;ATUAL VEICULOS LTDA;1,33E+13;ARARANGUA;SC;01/09/2026;08/09/2026;04/09/2026;Entregue No Prazo;;Entrega realizada;Entrega Finalizada;8;9;1;9;TRANSTRY;24001;;;
MOBIS BRASIL FABRICACAO DE AUTO PECAS LT;RODOVIARIO;1568621;31/08/2026;3;360151;01/09/2026;ATUAL VEICULOS LTDA;1,33E+13;CRICIUMA;SC;01/09/2026;08/09/2026;04/09/2026;Entregue No Prazo;;Entrega realizada;Entrega Finalizada;8;9;1;9;TRANSTRY;24001;;;
MOBIS BRASIL FABRICACAO DE AUTO PECAS LT;RODOVIARIO;1568622;31/08/2026;5;360150;01/09/2026;ATUAL VEICULOS LTDA;1,33E+13;TUBARAO;SC;01/09/2026;08/09/2026;04/09/2026;Entregue No Prazo;;Entrega realizada;Entrega Finalizada;8;9;1;9;TRANSTRY;24001;;;
MOBIS BRASIL FABRICACAO DE AUTO PECAS LT;RODOVIARIO;1568625;31/08/2026;2;360159;01/09/2026;GAMBATTO H1 VEICULOS LTDA;1,94E+13;CHAPECO;SC;01/09/2026;08/09/2026;07/09/2026;Entregue No Prazo;;Entrega realizada;Entrega Finalizada;8;9;1;9;TRANSTRY;24018;;;
MOBIS BRASIL FABRICACAO DE AUTO PECAS LT;RODOVIARIO;1568651;31/08/2026;20;360144;01/09/2026;VIA BRASIL AUTOMOVEIS LTDA.;4,72E+12;SERRA;ES;01/09/2026;08/09/2026;08/09/2026;Entregue No Prazo;;Entrega realizada;Entrega Finalizada;8;9;1;9;CAMILO;8001;;;
MOBIS BRASIL FABRICACAO DE AUTO PECAS LT;RODOVIARIO;1569292;01/09/2026;30;360161;01/09/2026;SANTA FE VEICULOS LTDA.;1,16E+13;FRANCISCO BELTRAO;PR;01/09/2026;08/09/2026;04/09/2026;Entregue No Prazo;;Entrega realizada;Entrega Finalizada;8;9;1;9;TRANSTRY;18010;;;
MOBIS BRASIL FABRICACAO DE AUTO PECAS LT;RODOVIARIO;1568586;31/08/2026;64;360115;01/09/2026;SMAFF IMPORT VEICULOS LTDA;8,18E+12;BRASILIA;DF;01/09/2026;10/09/2026;10/09/2026;Entregue No Prazo;;Entrega realizada;Entrega Finalizada;10;9;1;9;RIO VERMELHO;7002;;;
MOBIS BRASIL FABRICACAO DE AUTO PECAS LT;RODOVIARIO;1568587;31/08/2026;4;360141;01/09/2026;TAI MOTORS VEICULOS SA;9,27E+12;COLATINA;ES;01/09/2026;10/09/2026;10/09/2026;Entregue No Prazo;;Entrega realizada;Entrega Finalizada;10;9;1;9;CAMILO;8006;;;
MOBIS BRASIL FABRICACAO DE AUTO PECAS LT;RODOVIARIO;1568588;31/08/2026;1;360114;01/09/2026;SAGA KOREA COM. DE VEIC. E PC. LTDA;1,27E+13;GOIANIA;GO;01/09/2026;09/09/2026;09/09/2026;Entregue No Prazo;;Entrega realizada;Entrega Finalizada;9;9;1;9;RIO VERMELHO;9011;;;
MOBIS BRASIL FABRICACAO DE AUTO PECAS LT;RODOVIARIO;1568590;31/08/2026;24;360114;01/09/2026;SAGA KOREA COM. DE VEIC. E PC. LTDA;1,27E+13;GOIANIA;GO;01/09/2026;09/09/2026;09/09/2026;Entregue No Prazo;;Entrega realizada;Entrega Finalizada;9;9;1;9;RIO VERMELHO;9011;;;
MOBIS BRASIL FABRICACAO DE AUTO PECAS LT;RODOVIARIO;1568591;31/08/2026;2;360110;01/09/2026;NISA COMERCIAL DE VEIC. AUTOMOTORES LTDA;1,03E+13;GOIANIA;GO;01/09/2026;09/09/2026;09/09/2026;Entregue No Prazo;;Entrega realizada;Entrega Finalizada;9;9;1;9;RIO VERMELHO;9013;;;
MOBIS BRASIL FABRICACAO DE AUTO PECAS LT;RODOVIARIO;1568626;31/08/2026;1;360157;01/09/2026;CHINHAN AUTOMOVEIS LTDA.;2,41E+13;CACADOR;SC;01/09/2026;10/09/2026;04/09/2026;Entregue No Prazo;;Entrega realizada;Entrega Finalizada;10;9;1;9;TRANSTRY;24020;;;
MOBIS BRASIL FABRICACAO DE AUTO PECAS LT;RODOVIARIO;1568646;31/08/2026;23;360112;01/09/2026;PRIVILLEGE DISTRIBUIDORA DE VEICULOS LTD;1,72E+13;PALMAS;TO;01/09/2026;11/09/2026;11/09/2026;Entregue No Prazo;;Entrega realizada;Entrega Finalizada;11;9;1;9;RIO VERMELHO;27003;;;
MOBIS BRASIL FABRICACAO DE AUTO PECAS LT;RODOVIARIO;1568580;31/08/2026;1;360134;01/09/2026;PATEO COMERCIO DE VEICULOS S A;7,78E+12;SALVADOR;BA;01/09/2026;11/09/2026;11/09/2026;Entregue No Prazo;;Entrega realizada;Entrega Finalizada;11;9;1;9;TERMACO;5003;;;
MOBIS BRASIL FABRICACAO DE AUTO PECAS LT;RODOVIARIO;1568581;31/08/2026;24;360128;01/09/2026;FAZZA MOTORS COMERCIO DE VEICULOS LTDA;1,24E+13;SALVADOR;BA;01/09/2026;14/09/2026;14/09/2026;Entregue No Prazo;;Entrega realizada;Entrega Finalizada;14;9;1;9;TERMACO;5007;;;
MOBIS BRASIL FABRICACAO DE AUTO PECAS LT;RODOVIARIO;1568608;31/08/2026;1;360143;01/09/2026;UNIQUE COMERCIO DE AUTOMOVEIS LTDA;1,74E+13;ANANINDEUA;PA;01/09/2026;14/09/2026;08/09/2026;Entregue No Prazo;;Entrega realizada;Entrega Finalizada;14;9;1;9;CARVALIMA;14003;;;
MOBIS BRASIL FABRICACAO DE AUTO PECAS LT;RODOVIARIO;1568628;31/08/2026;3;360138;01/09/2026;SAINT LAND COMERCIO DE VEICULOS LTDA;1,04E+13;ARACAJU;SE;01/09/2026;14/09/2026;15/09/2026;Entregue Fora do Prazo;;Entrega realizada;Entrega Finalizada;14;9;1;9;TERMACO;6010;;;
MOBIS BRASIL FABRICACAO DE AUTO PECAS LT;RODOVIARIO;1568578;31/08/2026;5;360126;01/09/2026;CYCOSA AUTOMOVEIS LTDA;4,76E+12;MACEIO;AL;01/09/2026;15/09/2026;10/09/2026;Entregue No Prazo;;Entrega realizada;Entrega Finalizada;15;9;1;9;TERMACO;2001;;;
MOBIS BRASIL FABRICACAO DE AUTO PECAS LT;RODOVIARIO;1568584;31/08/2026;2;360127;01/09/2026;FAZZA MOTORS COM. DE VEICULOS LTDA;1,24E+13;FORTALEZA;CE;01/09/2026;15/09/2026;15/09/2026;Entregue No Prazo;;Entrega realizada;Entrega Finalizada;15;9;1;9;TERMACO;6001;;;
MOBIS BRASIL FABRICACAO DE AUTO PECAS LT;RODOVIARIO;1568592;31/08/2026;5;360109;01/09/2026;NASA MOTORS LTDA.;2,65E+13;SAO LUIS DE MONTES BELOS;GO;01/09/2026;15/09/2026;05/09/2026;Entregue No Prazo;;Entrega realizada;Entrega Finalizada;15;9;1;9;RIO VERMELHO;9016;;;
MOBIS BRASIL FABRICACAO DE AUTO PECAS LT;RODOVIARIO;1568609;31/08/2026;2;360132;01/09/2026;MISO VEICULOS LTDA;1,85E+13;SANTAREM;PA;01/09/2026;15/09/2026;11/09/2026;Entregue No Prazo;;Entrega realizada;Entrega Finalizada;15;9;1;9;CARVALIMA;4001;;;
MOBIS BRASIL FABRICACAO DE AUTO PECAS LT;RODOVIARIO;1568645;31/08/2026;1;360111;01/09/2026;PRIVILLEGE DISTRIBUIDORA DE VEICULOS LTD;1,72E+13;ARAGUAINA;TO;01/09/2026;15/09/2026;14/09/2026;Entregue No Prazo;;Entrega realizada;Entrega Finalizada;15;9;1;9;RIO VERMELHO;27002;;;
MOBIS BRASIL FABRICACAO DE AUTO PECAS LT;RODOVIARIO;1568579;31/08/2026;1;360123;01/09/2026;AIKON VEICULOS LTDA;1,17E+13;VITORIA DA CONQUISTA;BA;01/09/2026;16/09/2026;10/09/2026;Entregue No Prazo;;Entrega realizada;Entrega Finalizada;16;9;1;9;TERMACO;5002;Emancipação Política de Alagoas;Estadual;AL
MOBIS BRASIL FABRICACAO DE AUTO PECAS LT;RODOVIARIO;1568582;31/08/2026;2;360122;01/09/2026;AIKON VEICULOS LTDA;1,17E+13;ITABUNA;BA;01/09/2026;16/09/2026;09/09/2026;Entregue No Prazo;;Entrega realizada;Entrega Finalizada;16;9;1;9;TERMACO;5002;Emancipação Política de Alagoas;Estadual;AL
MOBIS BRASIL FABRICACAO DE AUTO PECAS LT;RODOVIARIO;1568583;31/08/2026;3;360133;01/09/2026;ORVEL AUTOMOTOR HYD LTDA;2,52E+13;TEIXEIRA DE FREITAS;BA;01/09/2026;16/09/2026;14/09/2026;Entregue No Prazo;;Entrega realizada;Entrega Finalizada;16;9;1;9;TERMACO;5011;Emancipação Política de Alagoas;Estadual;AL
MOBIS BRASIL FABRICACAO DE AUTO PECAS LT;RODOVIARIO;1568593;31/08/2026;2;360135;01/09/2026;PATEO COMERCIO DE VEICULOS S A;7,78E+12;SAO LUIS;MA;01/09/2026;16/09/2026;15/09/2026;Entregue No Prazo;;Entrega realizada;Entrega Finalizada;16;9;1;9;TERMACO;10002;Emancipação Política de Alagoas;Estadual;AL
MOBIS BRASIL FABRICACAO DE AUTO PECAS LT;RODOVIARIO;1568610;31/08/2026;1;360136;01/09/2026;PATEO COMERCIO DE VEICULOS S A;7,78E+12;RECIFE;PE;01/09/2026;16/09/2026;09/09/2026;Entregue No Prazo;;Entrega realizada;Entrega Finalizada;16;9;1;9;TERMACO;16004;Emancipação Política de Alagoas;Estadual;AL
MOBIS BRASIL FABRICACAO DE AUTO PECAS LT;RODOVIARIO;1568649;31/08/2026;3;360139;01/09/2026;SAINT LAND COMERCIO DE VEICULOS LTDA;1,04E+13;NATAL;RN;01/09/2026;16/09/2026;16/09/2026;Entregue No Prazo;;Entrega realizada;Entrega Finalizada;16;9;1;9;TERMACO;6010;Emancipação Política de Alagoas;Estadual;AL
MOBIS BRASIL FABRICACAO DE AUTO PECAS LT;RODOVIARIO;1568585;31/08/2026;1;360140;01/09/2026;SAINT LAND COMERCIO DE VEICULOS LTDA;1,04E+13;JUAZEIRO DO NORTE;CE;01/09/2026;17/09/2026;09/09/2026;Entregue No Prazo;;Entrega realizada;Entrega Finalizada;17;9;1;9;TERMACO;6010;;;
MOBIS BRASIL FABRICACAO DE AUTO PECAS LT;RODOVIARIO;1568611;31/08/2026;1;360129;01/09/2026;GREEN CITY VEICULOS LTDA;2,10E+13;TERESINA;PI;01/09/2026;17/09/2026;10/09/2026;Entregue No Prazo;;Entrega realizada;Entrega Finalizada;17;9;1;9;TERMACO;17002;;;
MOBIS BRASIL FABRICACAO DE AUTO PECAS LT;RODOVIARIO;1568632;31/08/2026;3;360194;02/09/2026;BILLY DISTRIBUIDORA DE VEICULOS LTDA;1,34E+13;SAO CAETANO DO SUL;SP;02/09/2026;04/09/2026;02/09/2026;Entregue No Prazo;;Entrega realizada;Entrega Finalizada;4;9;2;9;BV LOG;26003;;;
MOBIS BRASIL FABRICACAO DE AUTO PECAS LT;RODOVIARIO;1568633;31/08/2026;94;360194;02/09/2026;BILLY DISTRIBUIDORA DE VEICULOS LTDA;1,34E+13;SAO CAETANO DO SUL;SP;02/09/2026;04/09/2026;02/09/2026;Entregue No Prazo;;Entrega realizada;Entrega Finalizada;4;9;2;9;BV LOG;26003;;;
MOBIS BRASIL FABRICACAO DE AUTO PECAS LT;RODOVIARIO;1568636;31/08/2026;37;360195;02/09/2026;CHS MOTORS VEICULOS PECAS(VL. GUILHERME);1,69E+13;SAO PAULO;SP;02/09/2026;04/09/2026;03/09/2026;Entregue No Prazo;;Entrega realizada;Entrega Finalizada;4;9;2;9;BV LOG;26052;;;
MOBIS BRASIL FABRICACAO DE AUTO PECAS LT;RODOVIARIO;1568639;31/08/2026;38;360198;02/09/2026;DESTAQUE SEUL DISTR. DE VEIC. E PC. LTDA;2,12E+13;ATIBAIA;SP;02/09/2026;08/09/2026;02/09/2026;Entregue No Prazo;;Entrega realizada;Entrega Finalizada;8;9;2;9;BV LOG;26075;;;
MOBIS BRASIL FABRICACAO DE AUTO PECAS LT;RODOVIARIO;1568647;31/08/2026;10;360197;02/09/2026;ANDRETA II DISTRIBUIDORA DE VEIC. LTDA;9,10E+12;CAMPINAS;SP;02/09/2026;08/09/2026;02/09/2026;Entregue No Prazo;;Entrega realizada;Entrega Finalizada;8;9;2;9;BV LOG;26011;;;
MOBIS BRASIL FABRICACAO DE AUTO PECAS LT;RODOVIARIO;1568648;31/08/2026;2;360197;02/09/2026;ANDRETA II DISTRIBUIDORA DE VEIC. LTDA;9,10E+12;CAMPINAS;SP;02/09/2026;08/09/2026;02/09/2026;Entregue No Prazo;;Entrega realizada;Entrega Finalizada;8;9;2;9;BV LOG;26011;;;
MOBIS BRASIL FABRICACAO DE AUTO PECAS LT;RODOVIARIO;1569924;02/09/2026;10;360223;02/09/2026;TAI MOTORS VEICULOS S/A;9,27E+12;BELO HORIZONTE;MG;02/09/2026;08/09/2026;04/09/2026;Entregue No Prazo;;Entrega realizada;Entrega Finalizada;8;9;2;9;XD BETIM;8002;;;
MOBIS BRASIL FABRICACAO DE AUTO PECAS LT;RODOVIARIO;1569926;02/09/2026;2;360212;02/09/2026;BDG AUTOVILLE VEICULOS LTDA;4,77E+13;CONTAGEM;MG;02/09/2026;08/09/2026;04/09/2026;Entregue No Prazo;;Entrega realizada;Entrega Finalizada;8;9;2;9;XD BETIM;11037;;;
MOBIS BRASIL FABRICACAO DE AUTO PECAS LT;RODOVIARIO;1569927;02/09/2026;38;360212;02/09/2026;BDG AUTOVILLE VEICULOS LTDA;4,77E+13;CONTAGEM;MG;02/09/2026;08/09/2026;04/09/2026;Entregue No Prazo;;Entrega realizada;Entrega Finalizada;8;9;2;9;XD BETIM;11037;;;
MOBIS BRASIL FABRICACAO DE AUTO PECAS LT;RODOVIARIO;1569922;02/09/2026;1;360224;02/09/2026;TOKSU COMERCIO DE VEICULOS LTDA;1,12E+13;JUIZ DE FORA;MG;02/09/2026;09/09/2026;09/09/2026;Entregue No Prazo;;Entrega realizada;Entrega Finalizada;9;9;2;9;XD BETIM;11008;;;
MOBIS BRASIL FABRICACAO DE AUTO PECAS LT;RODOVIARIO;1569936;02/09/2026;10;360261;02/09/2026;LOVAT VEICULOS S/A;8,57E+12;LONDRINA;PR;02/09/2026;08/09/2026;04/09/2026;Entregue No Prazo;;Entrega realizada;Entrega Finalizada;8;9;2;9;TRANSTRY;18008;;;
MOBIS BRASIL FABRICACAO DE AUTO PECAS LT;RODOVIARIO;1569938;02/09/2026;8;360254;02/09/2026;BARI VEICULOS LTDA;7,46E+12;PONTA GROSSA;PR;02/09/2026;08/09/2026;04/09/2026;Entregue No Prazo;;Entrega realizada;Entrega Finalizada;8;9;2;9;TRANSTRY;18024;;;
MOBIS BRASIL FABRICACAO DE AUTO PECAS LT;RODOVIARIO;1569940;02/09/2026;3;360263;02/09/2026;VETOR AUTOMOVEIS LTDA;2,12E+13;UMUARAMA;PR;02/09/2026;08/09/2026;08/09/2026;Entregue No Prazo;;Entrega realizada;Entrega Finalizada;8;9;2;9;TRANSTRY;18019;;;
MOBIS BRASIL FABRICACAO DE AUTO PECAS LT;RODOVIARIO;1569942;02/09/2026;9;360238;02/09/2026;ITAVEMA MOTORS VEICULOS LTDA;7,73E+12;DUQUE DE CAXIAS;RJ;02/09/2026;08/09/2026;08/09/2026;Entregue No Prazo;;Entrega realizada;Entrega Finalizada;8;9;2;9;CAMILO;19001;;;
MOBIS BRASIL FABRICACAO DE AUTO PECAS LT;RODOVIARIO;1569943;02/09/2026;16;360239;02/09/2026;ITAVEMA MOTORS VEICULOS LTDA;7,73E+12;RIO DE JANEIRO;RJ;02/09/2026;08/09/2026;08/09/2026;Entregue No Prazo;;Entrega realizada;Entrega Finalizada;8;9;2;9;CAMILO;19001;;;
MOBIS BRASIL FABRICACAO DE AUTO PECAS LT;RODOVIARIO;1569944;02/09/2026;1;360229;02/09/2026;CAOA MOTOR DO BRASIL LTDA;1,68E+13;NITEROI;RJ;02/09/2026;08/09/2026;08/09/2026;Entregue No Prazo;;Entrega realizada;Entrega Finalizada;8;9;2;9;CAMILO;5008;;;
MOBIS BRASIL FABRICACAO DE AUTO PECAS LT;RODOVIARIO;1569945;02/09/2026;1;360231;02/09/2026;CAOA MOTOR DO BRASIL LTDA;1,68E+13;RIO DE JANEIRO;RJ;02/09/2026;08/09/2026;08/09/2026;Entregue No Prazo;;Entrega realizada;Entrega Finalizada;8;9;2;9;CAMILO;5008;;;
MOBIS BRASIL FABRICACAO DE AUTO PECAS LT;RODOVIARIO;1569948;02/09/2026;1;360259;02/09/2026;CARWAY SUL VEICULOS LTDA;1,03E+13;CANOAS;RS;02/09/2026;08/09/2026;08/09/2026;Entregue No Prazo;;Entrega realizada;Entrega Finalizada;8;9;2;9;TRANSTRY;23003;;;
MOBIS BRASIL FABRICACAO DE AUTO PECAS LT;RODOVIARIO;1569954;02/09/2026;1;360258;02/09/2026;BARI VEICULOS LTDA.;7,46E+12;ITAJAI;SC;02/09/2026;08/09/2026;04/09/2026;Entregue No Prazo;;Entrega realizada;Entrega Finalizada;8;9;2;9;TRANSTRY;24014;;;
MOBIS BRASIL FABRICACAO DE AUTO PECAS LT;RODOVIARIO;1569968;02/09/2026;1;360207;02/09/2026;GOLDEN MOTORS VEICULOS LTDA;3,62E+12;PRESIDENTE PRUDENTE;SP;02/09/2026;08/09/2026;08/09/2026;Entregue No Prazo;;Entrega realizada;Entrega Finalizada;8;9;2;9;MVT;12001;;;
MOBIS BRASIL FABRICACAO DE AUTO PECAS LT;RODOVIARIO;1569981;02/09/2026;99;360421;02/09/2026;H R B COMERCIO DE VEICULOS LTDA;1,82E+13;SAO JOSE DO RIO PRETO;SP;02/09/2026;08/09/2026;03/09/2026;Entregue No Prazo;;Entrega realizada;Entrega Finalizada;8;9;2;9;BV LOG;26050;;;
MOBIS BRASIL FABRICACAO DE AUTO PECAS LT;RODOVIARIO;1569983;02/09/2026;32;360421;02/09/2026;H R B COMERCIO DE VEICULOS LTDA;1,82E+13;SAO JOSE DO RIO PRETO;SP;02/09/2026;08/09/2026;03/09/2026;Entregue No Prazo;;Entrega realizada;Entrega Finalizada;8;9;2;9;BV LOG;26050;;;
MOBIS BRASIL FABRICACAO DE AUTO PECAS LT;RODOVIARIO;1569984;02/09/2026;19;360421;02/09/2026;H R B COMERCIO DE VEICULOS LTDA;1,82E+13;SAO JOSE DO RIO PRETO;SP;02/09/2026;08/09/2026;03/09/2026;Entregue No Prazo;;Entrega realizada;Entrega Finalizada;8;9;2;9;BV LOG;26050;;;
MOBIS BRASIL FABRICACAO DE AUTO PECAS LT;RODOVIARIO;1569985;02/09/2026;4;360421;02/09/2026;H R B COMERCIO DE VEICULOS LTDA;1,82E+13;SAO JOSE DO RIO PRETO;SP;02/09/2026;08/09/2026;03/09/2026;Entregue No Prazo;;Entrega realizada;Entrega Finalizada;8;9;2;9;BV LOG;26050;;;
MOBIS BRASIL FABRICACAO DE AUTO PECAS LT;RODOVIARIO;1569923;02/09/2026;2;360226;02/09/2026;VITAL COMERCIO DE VEICULOS LTDA;1,05E+13;IPATINGA;MG;02/09/2026;09/09/2026;05/09/2026;Entregue No Prazo;;Entrega realizada;Entrega Finalizada;9;9;2;9;XD BETIM;11016;;;
MOBIS BRASIL FABRICACAO DE AUTO PECAS LT;RODOVIARIO;1569928;02/09/2026;1;360220;02/09/2026;RITMO MOTORS LTDA;1,94E+13;PASSOS;MG;02/09/2026;09/09/2026;08/09/2026;Entregue No Prazo;;Entrega realizada;Entrega Finalizada;9;9;2;9;XD BETIM;11040;;;
MOBIS BRASIL FABRICACAO DE AUTO PECAS LT;RODOVIARIO;1569939;02/09/2026;2;360264;02/09/2026;VETOR AUTOMOVEIS LTDA;2,12E+13;FOZ DO IGUACU;PR;02/09/2026;09/09/2026;09/09/2026;Entregue No Prazo;;Entrega realizada;Entrega Finalizada;9;9;2;9;TRANSTRY;18019;;;
MOBIS BRASIL FABRICACAO DE AUTO PECAS LT;RODOVIARIO;1569949;02/09/2026;4;360253;02/09/2026;ATUAL VEICULOS LTDA;1,33E+13;ARARANGUA;SC;02/09/2026;09/09/2026;09/09/2026;Entregue No Prazo;;Entrega realizada;Entrega Finalizada;9;9;2;9;TRANSTRY;24001;;;
MOBIS BRASIL FABRICACAO DE AUTO PECAS LT;RODOVIARIO;1569950;02/09/2026;3;360252;02/09/2026;ATUAL VEICULOS LTDA;1,33E+13;TUBARAO;SC;02/09/2026;09/09/2026;04/09/2026;Entregue No Prazo;;Entrega realizada;Entrega Finalizada;9;9;2;9;TRANSTRY;24001;;;
MOBIS BRASIL FABRICACAO DE AUTO PECAS LT;RODOVIARIO;1569951;02/09/2026;2;360255;02/09/2026;BARI VEICULOS LTDA;7,46E+12;BLUMENAU;SC;02/09/2026;09/09/2026;08/09/2026;Entregue No Prazo;;Entrega realizada;Entrega Finalizada;9;9;2;9;TRANSTRY;18024;;;
MOBIS BRASIL FABRICACAO DE AUTO PECAS LT;RODOVIARIO;1569952;02/09/2026;1;360255;02/09/2026;BARI VEICULOS LTDA;7,46E+12;BLUMENAU;SC;02/09/2026;09/09/2026;08/09/2026;Entregue No Prazo;;Entrega realizada;Entrega Finalizada;9;9;2;9;TRANSTRY;18024;;;
MOBIS BRASIL FABRICACAO DE AUTO PECAS LT;RODOVIARIO;1569978;02/09/2026;13;360251;02/09/2026;VIA BRASIL AUTOMOVEIS LTDA.;4,72E+12;SERRA;ES;02/09/2026;09/09/2026;08/09/2026;Entregue No Prazo;;Entrega realizada;Entrega Finalizada;9;9;2;9;CAMILO;8001;;;
MOBIS BRASIL FABRICACAO DE AUTO PECAS LT;RODOVIARIO;1569916;02/09/2026;1;360221;02/09/2026;SAGA KOREA COM. DE VEIC. E PC. LTDA;1,27E+13;BRASILIA;DF;02/09/2026;10/09/2026;;Pendente Fora;;28/09  Não deu entrada;Entrega Pendente;10;9;2;9;RIO VERMELHO;7005;;;
MOBIS BRASIL FABRICACAO DE AUTO PECAS LT;RODOVIARIO;1569917;02/09/2026;1;360245;02/09/2026;PRIME CACHOEIRO VEICULOS LTDA;9,34E+12;CACHOEIRO DE ITAPEMIRIM;ES;02/09/2026;10/09/2026;10/09/2026;Entregue No Prazo;;Entrega realizada;Entrega Finalizada;10;9;2;9;CAMILO;8004;;;
MOBIS BRASIL FABRICACAO DE AUTO PECAS LT;RODOVIARIO;1569918;02/09/2026;3;360246;02/09/2026;PRIME CACHOEIRO VEICULOS LTDA;9,34E+12;LINHARES;ES;02/09/2026;10/09/2026;09/09/2026;Entregue No Prazo;;Entrega realizada;Entrega Finalizada;10;9;2;9;CAMILO;8004;;;
MOBIS BRASIL FABRICACAO DE AUTO PECAS LT;RODOVIARIO;1569919;02/09/2026;1;360222;02/09/2026;SAGA KOREA COM. DE VEIC. E PC. LTDA;1,27E+13;GOIANIA;GO;02/09/2026;10/09/2026;10/09/2026;Entregue No Prazo;;Entrega realizada;Entrega Finalizada;10;9;2;9;RIO VERMELHO;9011;;;
MOBIS BRASIL FABRICACAO DE AUTO PECAS LT;RODOVIARIO;1569955;02/09/2026;7;360260;02/09/2026;CHINHAN AUTOMOVEIS LTDA.;2,41E+13;CACADOR;SC;02/09/2026;11/09/2026;04/09/2026;Entregue No Prazo;;Entrega realizada;Entrega Finalizada;11;9;2;9;TRANSTRY;24020;;;
MOBIS BRASIL FABRICACAO DE AUTO PECAS LT;RODOVIARIO;1569909;02/09/2026;1;360243;02/09/2026;PATEO COMERCIO DE VEICULOS S A;7,78E+12;SALVADOR;BA;02/09/2026;14/09/2026;11/09/2026;Entregue No Prazo;;Entrega realizada;Entrega Finalizada;14;9;2;9;TERMACO;5003;;;
MOBIS BRASIL FABRICACAO DE AUTO PECAS LT;RODOVIARIO;1569910;02/09/2026;2;360243;02/09/2026;PATEO COMERCIO DE VEICULOS S A;7,78E+12;SALVADOR;BA;02/09/2026;14/09/2026;11/09/2026;Entregue No Prazo;;Entrega realizada;Entrega Finalizada;14;9;2;9;TERMACO;5003;;;
MOBIS BRASIL FABRICACAO DE AUTO PECAS LT;RODOVIARIO;1569911;02/09/2026;17;360236;02/09/2026;FAZZA MOTORS COMERCIO DE VEICULOS LTDA;1,24E+13;SALVADOR;BA;02/09/2026;14/09/2026;14/09/2026;Entregue No Prazo;;Entrega realizada;Entrega Finalizada;14;9;2;9;TERMACO;5007;;;
MOBIS BRASIL FABRICACAO DE AUTO PECAS LT;RODOVIARIO;1569929;02/09/2026;1;360250;02/09/2026;UNIQUE COMERCIO DE AUTOMOVEIS LTDA;1,74E+13;ANANINDEUA;PA;02/09/2026;15/09/2026;09/09/2026;Entregue No Prazo;;Entrega realizada;Entrega Finalizada;15;9;2;9;CARVALIMA;14003;;;
MOBIS BRASIL FABRICACAO DE AUTO PECAS LT;RODOVIARIO;1569956;02/09/2026;3;360248;02/09/2026;SAINT LAND COMERCIO DE VEICULOS LTDA;1,04E+13;ARACAJU;SE;02/09/2026;15/09/2026;10/09/2026;Entregue No Prazo;;Entrega realizada;Entrega Finalizada;15;9;2;9;TERMACO;6010;;;
MOBIS BRASIL FABRICACAO DE AUTO PECAS LT;RODOVIARIO;1569908;02/09/2026;2;360234;02/09/2026;CYCOSA AUTOMOVEIS LTDA;4,76E+12;MACEIO;AL;02/09/2026;16/09/2026;14/09/2026;Entregue No Prazo;;Entrega realizada;Entrega Finalizada;16;9;2;9;TERMACO;2001;Emancipação Política de Alagoas;Estadual;AL
MOBIS BRASIL FABRICACAO DE AUTO PECAS LT;RODOVIARIO;1569915;02/09/2026;7;360235;02/09/2026;FAZZA MOTORS COM. DE VEICULOS LTDA;1,24E+13;FORTALEZA;CE;02/09/2026;16/09/2026;16/09/2026;Entregue No Prazo;;Entrega realizada;Entrega Finalizada;16;9;2;9;TERMACO;6001;Emancipação Política de Alagoas;Estadual;AL
MOBIS BRASIL FABRICACAO DE AUTO PECAS LT;RODOVIARIO;1569920;02/09/2026;1;360225;02/09/2026;TRIAUTO KOREA AUTOMOVEIS LTDA;4,99E+13;CATALAO;GO;02/09/2026;16/09/2026;15/09/2026;Entregue No Prazo;;Entrega realizada;Entrega Finalizada;16;9;2;9;RIO VERMELHO;9018;Emancipação Política de Alagoas;Estadual;AL
MOBIS BRASIL FABRICACAO DE AUTO PECAS LT;RODOVIARIO;1569912;02/09/2026;3;360232;02/09/2026;CAOA MOTOR DO BRASIL LTDA;1,68E+13;LAURO DE FREITAS;BA;02/09/2026;17/09/2026;14/09/2026;Entregue No Prazo;;Entrega realizada;Entrega Finalizada;17;9;2;9;TERMACO;5008;;;
MOBIS BRASIL FABRICACAO DE AUTO PECAS LT;RODOVIARIO;1569913;02/09/2026;4;360242;02/09/2026;ORVEL AUTOMOTOR HYD LTDA;2,52E+13;TEIXEIRA DE FREITAS;BA;02/09/2026;17/09/2026;14/09/2026;Entregue No Prazo;;Entrega realizada;Entrega Finalizada;17;9;2;9;TERMACO;5011;;;
MOBIS BRASIL FABRICACAO DE AUTO PECAS LT;RODOVIARIO;1569914;02/09/2026;1;360241;02/09/2026;MASTER COMERCIAL DE VEICULOS LTDA;2,85E+13;BARREIRAS;BA;02/09/2026;17/09/2026;10/09/2026;Entregue No Prazo;;Entrega realizada;Entrega Finalizada;17;9;2;9;TERMACO;5012;;;
MOBIS BRASIL FABRICACAO DE AUTO PECAS LT;RODOVIARIO;1569921;02/09/2026;1;360244;02/09/2026;PATEO COMERCIO DE VEICULOS S A;7,78E+12;SAO LUIS;MA;02/09/2026;17/09/2026;15/09/2026;Entregue No Prazo;;Entrega realizada;Entrega Finalizada;17;9;2;9;TERMACO;10002;;;
MOBIS BRASIL FABRICACAO DE AUTO PECAS LT;RODOVIARIO;1569934;02/09/2026;5;360230;02/09/2026;CAOA MOTOR DO BRASIL LTDA;1,68E+13;RECIFE;PE;02/09/2026;17/09/2026;14/09/2026;Entregue No Prazo;;Entrega realizada;Entrega Finalizada;17;9;2;9;TERMACO;5008;;;
MOBIS BRASIL FABRICACAO DE AUTO PECAS LT;RODOVIARIO;1569930;02/09/2026;6;360228;02/09/2026;CAOA MOTOR DO BRASIL LTDA;1,68E+13;CAMPINA GRANDE;PB;02/09/2026;18/09/2026;14/09/2026;Entregue No Prazo;;Entrega realizada;Entrega Finalizada;18;9;2;9;TERMACO;5008;;;
MOBIS BRASIL FABRICACAO DE AUTO PECAS LT;RODOVIARIO;1569931;02/09/2026;6;360228;02/09/2026;CAOA MOTOR DO BRASIL LTDA;1,68E+13;CAMPINA GRANDE;PB;02/09/2026;18/09/2026;14/09/2026;Entregue No Prazo;;Entrega realizada;Entrega Finalizada;18;9;2;9;TERMACO;5008;;;
MOBIS BRASIL FABRICACAO DE AUTO PECAS LT;RODOVIARIO;1569932;02/09/2026;2;360240;02/09/2026;JPN PATOS COMERCIO DE VEICULOS LTDA;4,20E+13;PATOS;PB;02/09/2026;18/09/2026;17/09/2026;Entregue No Prazo;;Entrega realizada;Entrega Finalizada;18;9;2;9;TERMACO;15004;;;
MOBIS BRASIL FABRICACAO DE AUTO PECAS LT;RODOVIARIO;1569933;02/09/2026;6;360227;02/09/2026;AUTORAC VEICULOS LTDA;1,06E+13;CARUARU;PE;02/09/2026;18/09/2026;10/09/2026;Entregue No Prazo;;Entrega realizada;Entrega Finalizada;18;9;2;9;TERMACO;16001;;;
MOBIS BRASIL FABRICACAO DE AUTO PECAS LT;RODOVIARIO;1569935;02/09/2026;2;360237;02/09/2026;GREEN CITY VEICULOS LTDA;2,10E+13;TERESINA;PI;02/09/2026;18/09/2026;16/09/2026;Entregue No Prazo;;Entrega realizada;Entrega Finalizada;18;9;2;9;TERMACO;17002;;;
MOBIS BRASIL FABRICACAO DE AUTO PECAS LT;RODOVIARIO;1569946;02/09/2026;2;360247;02/09/2026;SAINT LAND COM DE VEICULOS S A;1,04E+13;MOSSORO;RN;02/09/2026;18/09/2026;16/09/2026;Entregue No Prazo;;Entrega realizada;Entrega Finalizada;18;9;2;9;TERMACO;20002;;;
MOBIS BRASIL FABRICACAO DE AUTO PECAS LT;RODOVIARIO;1569907;02/09/2026;3;360249;02/09/2026;ULSAN COMERCIO DE VEICULOS LTDA;2,10E+13;RIO BRANCO;AC;02/09/2026;21/09/2026;15/09/2026;Entregue No Prazo;;Entrega realizada;Entrega Finalizada;21;9;2;9;CARVALIMA;21004;;;
MOBIS BRASIL FABRICACAO DE AUTO PECAS LT;RODOVIARIO;1569947;02/09/2026;1;360233;02/09/2026;COMETA JI PARANA COM. DE VEIC. LTDA;4,23E+12;JIPARANA;RO;02/09/2026;21/09/2026;10/09/2026;Entregue No Prazo;;Entrega realizada;Entrega Finalizada;21;9;2;9;CARVALIMA;21002;;;
MOBIS BRASIL FABRICACAO DE AUTO PECAS LT;RODOVIARIO;1569958;02/09/2026;17;360435;03/09/2026;NOBRE DISTRIBUIDORA DE VEICULOS E PECAS;5,76E+12;MOGI DAS CRUZES;SP;03/09/2026;08/09/2026;03/09/2026;Entregue No Prazo;;Entrega realizada;Entrega Finalizada;8;9;3;9;BV LOG;26004;;;
MOBIS BRASIL FABRICACAO DE AUTO PECAS LT;RODOVIARIO;1570805;03/09/2026;3;360448;03/09/2026;BILLY DISTRIBUIDORA DE VEICULOS LTDA;1,34E+13;BARUERI;SP;03/09/2026;08/09/2026;04/09/2026;Entregue No Prazo;;Entrega realizada;Entrega Finalizada;8;9;3;9;XD DIADEMA;26003;;;
MOBIS BRASIL FABRICACAO DE AUTO PECAS LT;RODOVIARIO;1570808;03/09/2026;1;360455;03/09/2026;GRAND SPORT COM. DE VEIC. E PECAS LTDA;8,58E+12;GUARULHOS;SP;03/09/2026;08/09/2026;04/09/2026;Entregue No Prazo;;Entrega realizada;Entrega Finalizada;8;9;3;9;XD DIADEMA;26005;;;
MOBIS BRASIL FABRICACAO DE AUTO PECAS LT;RODOVIARIO;1570816;03/09/2026;7;360452;03/09/2026;CHS MOTORS VEICULOS PECAS E SERV LTDA  ;1,69E+13;SAO PAULO;SP;03/09/2026;08/09/2026;04/09/2026;Entregue No Prazo;;Entrega realizada;Entrega Finalizada;8;9;3;9;XD DIADEMA;26037;;;
MOBIS BRASIL FABRICACAO DE AUTO PECAS LT;RODOVIARIO;1570823;03/09/2026;5;360434;03/09/2026;CHS MOTORS VEICULOS PECAS(VL. GUILHERME);1,69E+13;SAO PAULO;SP;03/09/2026;08/09/2026;03/09/2026;Entregue No Prazo;;Entrega realizada;Entrega Finalizada;8;9;3;9;BV LOG;26052;;;
MOBIS BRASIL FABRICACAO DE AUTO PECAS LT;RODOVIARIO;1570832;03/09/2026;6;360450;03/09/2026;CAOA MOTOR DO BRASIL LTDA(RAP. TAVARES);1,68E+13;SAO PAULO;SP;03/09/2026;08/09/2026;04/09/2026;Entregue No Prazo;;Entrega realizada;Entrega Finalizada;8;9;3;9;XD DIADEMA;26109;;;
MOBIS BRASIL FABRICACAO DE AUTO PECAS LT;RODOVIARIO;1569961;02/09/2026;14;360433;03/09/2026;MOTONET COMERCIO DE VEICULOS LTDA;9,28E+12;SOROCABA;SP;03/09/2026;08/09/2026;03/09/2026;Entregue No Prazo;;Entrega realizada;Entrega Finalizada;8;9;3;9;BV LOG;26113;;;
MOBIS BRASIL FABRICACAO DE AUTO PECAS LT;RODOVIARIO;1569977;02/09/2026;18;360432;03/09/2026;ANDRETA II DISTRIBUIDORA DE VEIC. LTDA;9,10E+12;CAMPINAS;SP;03/09/2026;08/09/2026;03/09/2026;Entregue No Prazo;;Entrega realizada;Entrega Finalizada;8;9;3;9;BV LOG;26011;;;
MOBIS BRASIL FABRICACAO DE AUTO PECAS LT;RODOVIARIO;1570761;03/09/2026;10;360463;03/09/2026;TAI MOTORS VEICULOS S/A;9,27E+12;BELO HORIZONTE;MG;03/09/2026;09/09/2026;09/09/2026;Entregue No Prazo;;Entrega realizada;Entrega Finalizada;9;9;3;9;XD BETIM;8002;;;
MOBIS BRASIL FABRICACAO DE AUTO PECAS LT;RODOVIARIO;1570777;03/09/2026;4;360518;03/09/2026;SEVEC VEICULOS LTDA;5,68E+11;CURITIBA;PR;03/09/2026;08/09/2026;04/09/2026;Entregue No Prazo;;Entrega realizada;Entrega Finalizada;8;9;3;9;TRANSTRY;18012;;;
MOBIS BRASIL FABRICACAO DE AUTO PECAS LT;RODOVIARIO;1570782;03/09/2026;1;360507;03/09/2026;BARI VEICULOS LTDA;7,46E+12;CURITIBA;PR;03/09/2026;08/09/2026;04/09/2026;Entregue No Prazo;;Entrega realizada;Entrega Finalizada;8;9;3;9;TRANSTRY;18024;;;
MOBIS BRASIL FABRICACAO DE AUTO PECAS LT;RODOVIARIO;1570810;03/09/2026;2;360432;03/09/2026;ANDRETA II DISTRIBUIDORA DE VEIC. LTDA;9,10E+12;CAMPINAS;SP;03/09/2026;08/09/2026;03/09/2026;Entregue No Prazo;;Entrega realizada;Entrega Finalizada;8;9;3;9;BV LOG;26011;;;
MOBIS BRASIL FABRICACAO DE AUTO PECAS LT;RODOVIARIO;1570811;03/09/2026;16;360432;03/09/2026;ANDRETA II DISTRIBUIDORA DE VEIC. LTDA;9,10E+12;CAMPINAS;SP;03/09/2026;08/09/2026;03/09/2026;Entregue No Prazo;;Entrega realizada;Entrega Finalizada;8;9;3;9;BV LOG;26011;;;
MOBIS BRASIL FABRICACAO DE AUTO PECAS LT;RODOVIARIO;1570812;03/09/2026;1;360443;03/09/2026;MOTONET COMERCIO DE VEICULOS LTDA;9,28E+12;SOROCABA;SP;03/09/2026;09/09/2026;09/09/2026;Entregue No Prazo;;Entrega realizada;Entrega Finalizada;9;9;3;9;MVT;26113;;;
MOBIS BRASIL FABRICACAO DE AUTO PECAS LT;RODOVIARIO;1570813;03/09/2026;94;360604;03/09/2026;NEW VEICULOS E PECAS LTDA;1,59E+13;RIBEIRAO PRETO;SP;03/09/2026;08/09/2026;04/09/2026;Entregue No Prazo;;Entrega realizada;Entrega Finalizada;8;9;3;9;BV LOG;26014;;;
MOBIS BRASIL FABRICACAO DE AUTO PECAS LT;RODOVIARIO;1570817;03/09/2026;1;360437;03/09/2026;ANDRETA II DISTRIBUIDORA DE VEIC. LTDA;9,10E+12;JUNDIAI;SP;03/09/2026;08/09/2026;08/09/2026;Entregue No Prazo;;Entrega realizada;Entrega Finalizada;8;9;3;9;MVT;26011;;;
MOBIS BRASIL FABRICACAO DE AUTO PECAS LT;RODOVIARIO;1570819;03/09/2026;3;360436;03/09/2026;ANDRETA II DISTRIBUIDORA DE VEIC. LTDA;9,10E+12;INDAIATUBA;SP;03/09/2026;08/09/2026;08/09/2026;Entregue No Prazo;;Entrega realizada;Entrega Finalizada;8;9;3;9;MVT;26011;;;
MOBIS BRASIL FABRICACAO DE AUTO PECAS LT;RODOVIARIO;1570829;03/09/2026;3;360440;03/09/2026;H - CAMINHO AUTOMOVEIS LTDA;2,53E+13;LIMEIRA;SP;03/09/2026;08/09/2026;08/09/2026;Entregue No Prazo;;Entrega realizada;Entrega Finalizada;8;9;3;9;MVT;26092;;;
MOBIS BRASIL FABRICACAO DE AUTO PECAS LT;RODOVIARIO;1570830;03/09/2026;2;360440;03/09/2026;H - CAMINHO AUTOMOVEIS LTDA;2,53E+13;LIMEIRA;SP;03/09/2026;08/09/2026;08/09/2026;Entregue No Prazo;;Entrega realizada;Entrega Finalizada;8;9;3;9;MVT;26092;;;
MOBIS BRASIL FABRICACAO DE AUTO PECAS LT;RODOVIARIO;1570758;03/09/2026;12;360466;03/09/2026;URCA MOTORS VEICULOS LTDA;8,77E+12;UBERLANDIA;MG;03/09/2026;10/09/2026;10/09/2026;Entregue No Prazo;;Entrega realizada;Entrega Finalizada;10;9;3;9;XD BETIM;9014;;;
MOBIS BRASIL FABRICACAO DE AUTO PECAS LT;RODOVIARIO;1570763;03/09/2026;1;360465;03/09/2026;URCA MOTORS VEICULOS LTDA;8,77E+12;PATOS DE MINAS;MG;03/09/2026;10/09/2026;14/09/2026;Entregue Fora do Prazo;;Entrega realizada;Entrega Finalizada;10;9;3;9;XD BETIM;9014;;;
MOBIS BRASIL FABRICACAO DE AUTO PECAS LT;RODOVIARIO;1570776;03/09/2026;2;360515;03/09/2026;LOVAT VEICULOS S/A;8,57E+12;MARINGA;PR;03/09/2026;09/09/2026;09/09/2026;Entregue No Prazo;;Entrega realizada;Entrega Finalizada;9;9;3;9;TRANSTRY;18008;;;
MOBIS BRASIL FABRICACAO DE AUTO PECAS LT;RODOVIARIO;1570778;03/09/2026;9;360520;03/09/2026;VETOR AUTOMOVEIS LTDA;2,12E+13;CASCAVEL;PR;03/09/2026;09/09/2026;08/09/2026;Entregue No Prazo;;Entrega realizada;Entrega Finalizada;9;9;3;9;TRANSTRY;18019;;;
MOBIS BRASIL FABRICACAO DE AUTO PECAS LT;RODOVIARIO;1570779;03/09/2026;2;360508;03/09/2026;BARI VEICULOS LTDA;7,46E+12;PONTA GROSSA;PR;03/09/2026;09/09/2026;08/09/2026;Entregue No Prazo;;Entrega realizada;Entrega Finalizada;9;9;3;9;TRANSTRY;18024;;;
MOBIS BRASIL FABRICACAO DE AUTO PECAS LT;RODOVIARIO;1570780;03/09/2026;8;360508;03/09/2026;BARI VEICULOS LTDA;7,46E+12;PONTA GROSSA;PR;03/09/2026;09/09/2026;08/09/2026;Entregue No Prazo;;Entrega realizada;Entrega Finalizada;9;9;3;9;TRANSTRY;18024;;;
MOBIS BRASIL FABRICACAO DE AUTO PECAS LT;RODOVIARIO;1570781;03/09/2026;2;360519;03/09/2026;VETOR AUTOMOVEIS LTDA;2,12E+13;UMUARAMA;PR;03/09/2026;10/09/2026;10/09/2026;Entregue No Prazo;;Entrega realizada;Entrega Finalizada;10;9;3;9;TRANSTRY;18019;;;
MOBIS BRASIL FABRICACAO DE AUTO PECAS LT;RODOVIARIO;1570783;03/09/2026;5;360480;03/09/2026;ITAVEMA MOTORS VEICULOS LTDA;7,73E+12;DUQUE DE CAXIAS;RJ;03/09/2026;09/09/2026;09/09/2026;Entregue No Prazo;;Entrega realizada;Entrega Finalizada;9;9;3;9;CAMILO;19001;;;
MOBIS BRASIL FABRICACAO DE AUTO PECAS LT;RODOVIARIO;1570784;03/09/2026;1;360470;03/09/2026;AMX COM. E SERVICOS DE AUTOMOTORES LTDA;1,20E+13;RIO DE JANEIRO;RJ;03/09/2026;10/09/2026;10/09/2026;Entregue No Prazo;;Entrega realizada;Entrega Finalizada;10;9;3;9;CAMILO;19009;;;
MOBIS BRASIL FABRICACAO DE AUTO PECAS LT;RODOVIARIO;1570785;03/09/2026;13;360481;03/09/2026;ITAVEMA MOTORS VEICULOS LTDA;7,73E+12;RIO DE JANEIRO;RJ;03/09/2026;09/09/2026;09/09/2026;Entregue No Prazo;;Entrega realizada;Entrega Finalizada;9;9;3;9;CAMILO;19001;;;
MOBIS BRASIL FABRICACAO DE AUTO PECAS LT;RODOVIARIO;1570786;03/09/2026;1;360474;03/09/2026;CAOA MOTOR DO BRASIL LTDA;1,68E+13;NITEROI;RJ;03/09/2026;09/09/2026;09/09/2026;Entregue No Prazo;;Entrega realizada;Entrega Finalizada;9;9;3;9;CAMILO;5008;;;
MOBIS BRASIL FABRICACAO DE AUTO PECAS LT;RODOVIARIO;1570787;03/09/2026;1;360475;03/09/2026;CAOA MOTOR DO BRASIL LTDA;1,68E+13;RIO DE JANEIRO;RJ;03/09/2026;09/09/2026;09/09/2026;Entregue No Prazo;;Entrega realizada;Entrega Finalizada;9;9;3;9;CAMILO;5008;;;
MOBIS BRASIL FABRICACAO DE AUTO PECAS LT;RODOVIARIO;1570790;03/09/2026;1;360512;03/09/2026;HOUSE PARTS - COM. DE PECAS E VEIC. LTDA;1,15E+13;PORTO ALEGRE;RS;03/09/2026;09/09/2026;09/09/2026;Entregue No Prazo;;Entrega realizada;Entrega Finalizada;9;9;3;9;TRANSTRY;23004;;;
MOBIS BRASIL FABRICACAO DE AUTO PECAS LT;RODOVIARIO;1570791;03/09/2026;7;360512;03/09/2026;HOUSE PARTS - COM. DE PECAS E VEIC. LTDA;1,15E+13;PORTO ALEGRE;RS;03/09/2026;09/09/2026;09/09/2026;Entregue No Prazo;;Entrega realizada;Entrega Finalizada;9;9;3;9;TRANSTRY;23004;;;
MOBIS BRASIL FABRICACAO DE AUTO PECAS LT;RODOVIARIO;1570792;03/09/2026;65;360509;03/09/2026;CARWAY SUL VEICULOS LTDA;1,03E+13;CANOAS;RS;03/09/2026;10/09/2026;10/09/2026;Entregue No Prazo;;Entrega realizada;Entrega Finalizada;10;9;3;9;TRANSTRY;23003;;;
MOBIS BRASIL FABRICACAO DE AUTO PECAS LT;RODOVIARIO;1570804;03/09/2026;6;360442;03/09/2026;HYMAX DISTRIBUIDORA DE VEICULOS LTDA;1,73E+13;MOGI GUACU;SP;03/09/2026;10/09/2026;11/09/2026;Entregue Fora do Prazo;;Entrega realizada;Entrega Finalizada;10;9;3;9;MVT;26002;;;
MOBIS BRASIL FABRICACAO DE AUTO PECAS LT;RODOVIARIO;1570824;03/09/2026;3;360439;03/09/2026;GOLDEN MOTORS VEICULOS LTDA;3,62E+12;PRESIDENTE PRUDENTE;SP;03/09/2026;09/09/2026;08/09/2026;Entregue No Prazo;;Entrega realizada;Entrega Finalizada;9;9;3;9;MVT;12001;;;
MOBIS BRASIL FABRICACAO DE AUTO PECAS LT;RODOVIARIO;1570749;03/09/2026;1;360499;03/09/2026;TAI MOTORS VEICULOS S/A;9,27E+12;VITORIA;ES;03/09/2026;10/09/2026;10/09/2026;Entregue No Prazo;;Entrega realizada;Entrega Finalizada;10;9;3;9;CAMILO;8002;;;
MOBIS BRASIL FABRICACAO DE AUTO PECAS LT;RODOVIARIO;1570752;03/09/2026;1;360496;03/09/2026;PRIME VILA VELHA VEICULOS LTDA.;2,14E+13;VILA VELHA;ES;03/09/2026;10/09/2026;10/09/2026;Entregue No Prazo;;Entrega realizada;Entrega Finalizada;10;9;3;9;CAMILO;8005;;;
MOBIS BRASIL FABRICACAO DE AUTO PECAS LT;RODOVIARIO;1570759;03/09/2026;1;360468;03/09/2026;VITAL COMERCIO DE VEICULOS LTDA;1,05E+13;GOVERNADOR VALADARES;MG;03/09/2026;11/09/2026;11/09/2026;Entregue No Prazo;;Entrega realizada;Entrega Finalizada;11;9;3;9;XD BETIM;11016;;;
MOBIS BRASIL FABRICACAO DE AUTO PECAS LT;RODOVIARIO;1570760;03/09/2026;3;360467;03/09/2026;VITAL COMERCIO DE VEICULOS LTDA;1,05E+13;IPATINGA;MG;03/09/2026;11/09/2026;11/09/2026;Entregue No Prazo;;Entrega realizada;Entrega Finalizada;11;9;3;9;XD BETIM;11016;;;
MOBIS BRASIL FABRICACAO DE AUTO PECAS LT;RODOVIARIO;1570762;03/09/2026;2;360453;03/09/2026;GNC GRANDE COREIA MINAS GERAIS COMERCIO;4,27E+13;MONTES CLAROS;MG;03/09/2026;11/09/2026;11/09/2026;Entregue No Prazo;;Entrega realizada;Entrega Finalizada;11;9;3;9;XD BETIM;11035;;;
MOBIS BRASIL FABRICACAO DE AUTO PECAS LT;RODOVIARIO;1570788;03/09/2026;3;360485;03/09/2026;MONTREAL VEICULOS E PECAS LTDA;1,68E+13;SAO PEDRO DA ALDEIA;RJ;03/09/2026;10/09/2026;10/09/2026;Entregue No Prazo;;Entrega realizada;Entrega Finalizada;10;9;3;9;CAMILO;19030;;;
MOBIS BRASIL FABRICACAO DE AUTO PECAS LT;RODOVIARIO;1570797;03/09/2026;3;360504;03/09/2026;ATUAL VEICULOS LTDA;1,33E+13;ARARANGUA;SC;03/09/2026;10/09/2026;09/09/2026;Entregue No Prazo;;Entrega realizada;Entrega Finalizada;10;9;3;9;TRANSTRY;24001;;;
MOBIS BRASIL FABRICACAO DE AUTO PECAS LT;RODOVIARIO;1570798;03/09/2026;2;360505;03/09/2026;ATUAL VEICULOS LTDA;1,33E+13;CRICIUMA;SC;03/09/2026;10/09/2026;09/09/2026;Entregue No Prazo;;Entrega realizada;Entrega Finalizada;10;9;3;9;TRANSTRY;24001;;;
MOBIS BRASIL FABRICACAO DE AUTO PECAS LT;RODOVIARIO;1570799;03/09/2026;2;360503;03/09/2026;ATUAL VEICULOS LTDA;1,33E+13;TUBARAO;SC;03/09/2026;10/09/2026;09/09/2026;Entregue No Prazo;;Entrega realizada;Entrega Finalizada;10;9;3;9;TRANSTRY;24001;;;
MOBIS BRASIL FABRICACAO DE AUTO PECAS LT;RODOVIARIO;1570800;03/09/2026;2;360517;03/09/2026;LS COMERCIO DE AUTOMOVEIS LTDA.;1,03E+13;BRUSQUE;SC;03/09/2026;10/09/2026;09/09/2026;Entregue No Prazo;;Entrega realizada;Entrega Finalizada;10;9;3;9;TRANSTRY;24006;;;
MOBIS BRASIL FABRICACAO DE AUTO PECAS LT;RODOVIARIO;1570801;03/09/2026;15;360516;03/09/2026;LR COMERCIO DE VEICULOS LTDA;1,05E+13;SAO JOSE;SC;03/09/2026;10/09/2026;09/09/2026;Entregue No Prazo;;Entrega realizada;Entrega Finalizada;10;9;3;9;TRANSTRY;24007;;;
MOBIS BRASIL FABRICACAO DE AUTO PECAS LT;RODOVIARIO;1570802;03/09/2026;20;360506;03/09/2026;BARI VEICULOS LTDA;7,46E+12;BLUMENAU;SC;03/09/2026;10/09/2026;09/09/2026;Entregue No Prazo;;Entrega realizada;Entrega Finalizada;10;9;3;9;TRANSTRY;18024;;;
MOBIS BRASIL FABRICACAO DE AUTO PECAS LT;RODOVIARIO;1570835;03/09/2026;6;360500;03/09/2026;VIA BRASIL AUTOMOVEIS LTDA.;4,72E+12;SERRA;ES;03/09/2026;11/09/2026;14/09/2026;Entregue Fora do Prazo;;Entrega realizada;Entrega Finalizada;11;9;3;9;CAMILO;8001;;;
MOBIS BRASIL FABRICACAO DE AUTO PECAS LT;RODOVIARIO;1570744;03/09/2026;6;360462;03/09/2026;SMAFF IMPORT VEICULOS LTDA;8,18E+12;BRASILIA;DF;03/09/2026;11/09/2026;10/09/2026;Entregue No Prazo;;Entrega realizada;Entrega Finalizada;11;9;3;9;RIO VERMELHO;7002;;;
MOBIS BRASIL FABRICACAO DE AUTO PECAS LT;RODOVIARIO;1570745;03/09/2026;10;360462;03/09/2026;SMAFF IMPORT VEICULOS LTDA;8,18E+12;BRASILIA;DF;03/09/2026;11/09/2026;10/09/2026;Entregue No Prazo;;Entrega realizada;Entrega Finalizada;11;9;3;9;RIO VERMELHO;7002;;;
MOBIS BRASIL FABRICACAO DE AUTO PECAS LT;RODOVIARIO;1570746;03/09/2026;1;360459;03/09/2026;SAGA KOREA COM. DE VEIC. E PC. LTDA;1,27E+13;BRASILIA;DF;03/09/2026;11/09/2026;09/09/2026;Entregue No Prazo;;Entrega realizada;Entrega Finalizada;11;9;3;9;RIO VERMELHO;7004;;;
MOBIS BRASIL FABRICACAO DE AUTO PECAS LT;RODOVIARIO;1570748;03/09/2026;33;360461;03/09/2026;SAGA KOREA COM. DE VEIC. E PC. LTDA;1,27E+13;BRASILIA;DF;03/09/2026;11/09/2026;09/09/2026;Entregue No Prazo;;Entrega realizada;Entrega Finalizada;11;9;3;9;RIO VERMELHO;7005;;;
MOBIS BRASIL FABRICACAO DE AUTO PECAS LT;RODOVIARIO;1570750;03/09/2026;1;360495;03/09/2026;PRIME CACHOEIRO VEICULOS LTDA;9,34E+12;CACHOEIRO DE ITAPEMIRIM;ES;03/09/2026;11/09/2026;11/09/2026;Entregue No Prazo;;Entrega realizada;Entrega Finalizada;11;9;3;9;CAMILO;8004;;;
MOBIS BRASIL FABRICACAO DE AUTO PECAS LT;RODOVIARIO;1570754;03/09/2026;54;360460;03/09/2026;SAGA KOREA COM. DE VEIC. E PC. LTDA;1,27E+13;GOIANIA;GO;03/09/2026;11/09/2026;10/09/2026;Entregue No Prazo;;Entrega realizada;Entrega Finalizada;11;9;3;9;RIO VERMELHO;9011;;;
MOBIS BRASIL FABRICACAO DE AUTO PECAS LT;RODOVIARIO;1570764;03/09/2026;3;360479;03/09/2026;GOLDEN MOTORS VEICULOS LTDA;3,62E+12;DOURADOS;MS;03/09/2026;11/09/2026;09/09/2026;Entregue No Prazo;;Entrega realizada;Entrega Finalizada;11;9;3;9;CARVALIMA;12001;;;
MOBIS BRASIL FABRICACAO DE AUTO PECAS LT;RODOVIARIO;1570793;03/09/2026;2;360513;03/09/2026;HOUSE PARTS - COM. DE PECAS E VEIC. LTDA;1,15E+13;SANTA MARIA;RS;03/09/2026;11/09/2026;09/09/2026;Entregue No Prazo;;Entrega realizada;Entrega Finalizada;11;9;3;9;TRANSTRY;23008;;;
MOBIS BRASIL FABRICACAO DE AUTO PECAS LT;RODOVIARIO;1570794;03/09/2026;1;360514;03/09/2026;HOUSE PARTS - COM. DE PECAS E VEIC. LTDA;1,15E+13;LAJEADO;RS;03/09/2026;11/09/2026;09/09/2026;Entregue No Prazo;;Entrega realizada;Entrega Finalizada;11;9;3;9;TRANSTRY;23018;;;
MOBIS BRASIL FABRICACAO DE AUTO PECAS LT;RODOVIARIO;1570796;03/09/2026;7;360510;03/09/2026;CHINHAN AUTOMOVEIS LTDA;2,41E+13;ERECHIM;RS;03/09/2026;11/09/2026;09/09/2026;Entregue No Prazo;;Entrega realizada;Entrega Finalizada;11;9;3;9;TRANSTRY;23019;;;
MOBIS BRASIL FABRICACAO DE AUTO PECAS LT;RODOVIARIO;1570766;03/09/2026;5;360497;03/09/2026;SAGA ASIA COM. DE VEIC.PC.E SERV. LTDA;2,23E+13;VARZEA GRANDE;MT;03/09/2026;14/09/2026;10/09/2026;Entregue No Prazo;;Entrega realizada;Entrega Finalizada;14;9;3;9;CARVALIMA;13004;;;
MOBIS BRASIL FABRICACAO DE AUTO PECAS LT;RODOVIARIO;1570803;03/09/2026;1;360511;03/09/2026;CHINHAN AUTOMOVEIS LTDA.;2,41E+13;CACADOR;SC;03/09/2026;14/09/2026;08/09/2026;Entregue No Prazo;;Entrega realizada;Entrega Finalizada;14;9;3;9;TRANSTRY;24020;;;
MOBIS BRASIL FABRICACAO DE AUTO PECAS LT;RODOVIARIO;1570740;03/09/2026;25;360491;03/09/2026;PATEO COMERCIO DE VEICULOS S A;7,78E+12;SALVADOR;BA;03/09/2026;15/09/2026;15/09/2026;Entregue No Prazo;;Entrega realizada;Entrega Finalizada;15;9;3;9;TERMACO;5003;;;
MOBIS BRASIL FABRICACAO DE AUTO PECAS LT;RODOVIARIO;1570741;03/09/2026;8;360478;03/09/2026;FAZZA MOTORS COMERCIO DE VEICULOS LTDA;1,24E+13;SALVADOR;BA;03/09/2026;15/09/2026;14/09/2026;Entregue No Prazo;;Entrega realizada;Entrega Finalizada;15;9;3;9;TERMACO;5007;;;
MOBIS BRASIL FABRICACAO DE AUTO PECAS LT;RODOVIARIO;1570755;03/09/2026;4;360464;03/09/2026;URCA MOTORS VEICULOS LTDA;8,77E+12;RIO VERDE;GO;03/09/2026;15/09/2026;11/09/2026;Entregue No Prazo;;Entrega realizada;Entrega Finalizada;15;9;3;9;RIO VERMELHO;9014;;;
MOBIS BRASIL FABRICACAO DE AUTO PECAS LT;RODOVIARIO;1570765;03/09/2026;2;360476;03/09/2026;COMETA MATO GROSSO COM. DE VEICULOS LTDA;1,54E+13;SINOP;MT;03/09/2026;15/09/2026;10/09/2026;Entregue No Prazo;;Entrega realizada;Entrega Finalizada;15;9;3;9;CARVALIMA;13003;;;
MOBIS BRASIL FABRICACAO DE AUTO PECAS LT;RODOVIARIO;1570767;03/09/2026;3;360473;03/09/2026;CAOA MOTOR DO BRASIL LTDA;1,68E+13;BELEM;PA;03/09/2026;16/09/2026;10/09/2026;Entregue No Prazo;;Entrega realizada;Entrega Finalizada;16;9;3;9;CARVALIMA;5008;Emancipação Política de Alagoas;Estadual;AL
MOBIS BRASIL FABRICACAO DE AUTO PECAS LT;RODOVIARIO;1570733;03/09/2026;1;360477;03/09/2026;CYCOSA AUTOMOVEIS LTDA;4,76E+12;MACEIO;AL;03/09/2026;17/09/2026;14/09/2026;Entregue No Prazo;;Entrega realizada;Entrega Finalizada;17;9;3;9;TERMACO;2001;;;
MOBIS BRASIL FABRICACAO DE AUTO PECAS LT;RODOVIARIO;1570756;03/09/2026;3;360456;03/09/2026;NASA MOTORS LTDA.;2,65E+13;SAO LUIS DE MONTES BELOS;GO;03/09/2026;17/09/2026;30/09/2026;Entregue Fora do Prazo;;Entrega realizada;Entrega Finalizada;17;9;3;9;RIO VERMELHO;9016;;;
MOBIS BRASIL FABRICACAO DE AUTO PECAS LT;RODOVIARIO;1570768;03/09/2026;9;360487;03/09/2026;NACIONAL NOVA MARABA DIST DE VEIC. LTDA;1,70E+13;MARABA;PA;03/09/2026;17/09/2026;10/09/2026;Entregue No Prazo;;Entrega realizada;Entrega Finalizada;17;9;3;9;CARVALIMA;14005;;;
MOBIS BRASIL FABRICACAO DE AUTO PECAS LT;RODOVIARIO;1570833;03/09/2026;12;360458;03/09/2026;PRIVILLEGE DISTRIBUIDORA DE VEICULOS LTD;1,72E+13;ARAGUAINA;TO;03/09/2026;17/09/2026;18/09/2026;Entregue Fora do Prazo;;Entrega realizada;Entrega Finalizada;17;9;3;9;RIO VERMELHO;27002;;;
MOBIS BRASIL FABRICACAO DE AUTO PECAS LT;RODOVIARIO;1570738;03/09/2026;2;360469;03/09/2026;AIKON VEICULOS LTDA;1,17E+13;VITORIA DA CONQUISTA;BA;03/09/2026;18/09/2026;10/09/2026;Entregue No Prazo;;Entrega realizada;Entrega Finalizada;18;9;3;9;TERMACO;5002;;;
MOBIS BRASIL FABRICACAO DE AUTO PECAS LT;RODOVIARIO;1570742;03/09/2026;3;360493;03/09/2026;PATEO COMERCIO DE VEICULOS S A;7,78E+12;FEIRA DE SANTANA;BA;03/09/2026;18/09/2026;11/09/2026;Entregue No Prazo;;Entrega realizada;Entrega Finalizada;18;9;3;9;TERMACO;5009;;;
MOBIS BRASIL FABRICACAO DE AUTO PECAS LT;RODOVIARIO;1570770;03/09/2026;4;360494;03/09/2026;PATEO COMERCIO DE VEICULOS S A;7,78E+12;JOAO PESSOA;PB;03/09/2026;18/09/2026;16/09/2026;Entregue No Prazo;;Entrega realizada;Entrega Finalizada;18;9;3;9;TERMACO;15003;;;
MOBIS BRASIL FABRICACAO DE AUTO PECAS LT;RODOVIARIO;1570773;03/09/2026;2;360492;03/09/2026;PATEO COMERCIO DE VEICULOS S A;7,78E+12;RECIFE;PE;03/09/2026;18/09/2026;16/09/2026;Entregue No Prazo;;Entrega realizada;Entrega Finalizada;18;9;3;9;TERMACO;16004;;;
MOBIS BRASIL FABRICACAO DE AUTO PECAS LT;RODOVIARIO;1570834;03/09/2026;6;360498;03/09/2026;SAINT LAND COMERCIO DE VEICULOS LTDA;1,04E+13;NATAL;RN;03/09/2026;18/09/2026;16/09/2026;Entregue No Prazo;;Entrega realizada;Entrega Finalizada;18;9;3;9;TERMACO;6010;;;
MOBIS BRASIL FABRICACAO DE AUTO PECAS LT;RODOVIARIO;1570769;03/09/2026;4;360486;03/09/2026;NACIONAL NOVA MARABA DIST DE VEIC. LTDA;1,70E+13;PARAUAPEBAS;PA;03/09/2026;21/09/2026;16/09/2026;Entregue No Prazo;;Entrega realizada;Entrega Finalizada;21;9;3;9;CARVALIMA;14010;;;
MOBIS BRASIL FABRICACAO DE AUTO PECAS LT;RODOVIARIO;1570771;03/09/2026;6;360483;03/09/2026;JPN PATOS COMERCIO DE VEICULOS LTDA;4,20E+13;PATOS;PB;03/09/2026;21/09/2026;17/09/2026;Entregue No Prazo;;Entrega realizada;Entrega Finalizada;21;9;3;9;TERMACO;15004;;;
MOBIS BRASIL FABRICACAO DE AUTO PECAS LT;RODOVIARIO;1570772;03/09/2026;6;360472;03/09/2026;AUTORAC VEICULOS LTDA;1,06E+13;CARUARU;PE;03/09/2026;21/09/2026;16/09/2026;Entregue No Prazo;;Entrega realizada;Entrega Finalizada;21;9;3;9;TERMACO;16001;;;
MOBIS BRASIL FABRICACAO DE AUTO PECAS LT;RODOVIARIO;1570774;03/09/2026;1;360482;03/09/2026;JPN COMERCIO DE AUTOMOVEIS LTDA;2,61E+13;GARANHUNS;PE;03/09/2026;21/09/2026;21/09/2026;Entregue No Prazo;;Entrega realizada;Entrega Finalizada;21;9;3;9;TERMACO;16009;;;
MOBIS BRASIL FABRICACAO DE AUTO PECAS LT;RODOVIARIO;1570775;03/09/2026;2;360471;03/09/2026;AUTORAC VEICULOS LTDA;1,06E+13;PETROLINA;PE;03/09/2026;21/09/2026;16/09/2026;Entregue No Prazo;;Entrega realizada;Entrega Finalizada;21;9;3;9;TERMACO;16001;;;
MOBIS BRASIL FABRICACAO DE AUTO PECAS LT;RODOVIARIO;1570789;03/09/2026;4;360489;03/09/2026;ORIENTE AUTOMOVEIS LTDA;1,33E+13;PARNAMIRIM;RN;03/09/2026;21/09/2026;15/09/2026;Entregue No Prazo;;Entrega realizada;Entrega Finalizada;21;9;3;9;TERMACO;20001;;;
MOBIS BRASIL FABRICACAO DE AUTO PECAS LT;RODOVIARIO;1570757;03/09/2026;3;360488;03/09/2026;NACIONAL NOVA MARABA DIST DE VEIC. LTDA;1,70E+13;IMPERATRIZ;MA;03/09/2026;23/09/2026;17/09/2026;Entregue No Prazo;;Entrega realizada;Entrega Finalizada;23;9;3;9;TERMACO;10003;;;
MOBIS BRASIL FABRICACAO DE AUTO PECAS LT;RODOVIARIO;1570736;03/09/2026;1;360484;03/09/2026;MISO VEICULOS LTDA;1,85E+13;MACAPA;AP;03/09/2026;24/09/2026;24/09/2026;Entregue No Prazo;;Entrega realizada;Entrega Finalizada;24;9;3;9;CARVALIMA;4001;;;
MOBIS BRASIL FABRICACAO DE AUTO PECAS LT;RODOVIARIO;1570735;03/09/2026;4;360490;03/09/2026;PATEO COMERCIO DE VEICULOS S A;7,78E+12;MANAUS;AM;03/09/2026;29/09/2026;17/09/2026;Entregue No Prazo;;Entrega realizada;Entrega Finalizada;29;9;3;9;CARVALIMA;3002;;;
MOBIS BRASIL FABRICACAO DE AUTO PECAS LT;RODOVIARIO;1569964;02/09/2026;32;360614;04/09/2026;BILLY DISTRIBUIDORA DE VEICULOS LTDA;1,34E+13;SAO CAETANO DO SUL;SP;04/09/2026;08/09/2026;04/09/2026;Entregue No Prazo;;Entrega realizada;Entrega Finalizada;8;9;4;9;BV LOG;26003;;;
MOBIS BRASIL FABRICACAO DE AUTO PECAS LT;RODOVIARIO;1570827;03/09/2026;18;360615;04/09/2026;GRANDAY AUTOMOTORES LTDA (CHAC. CALIFOR);1,57E+13;SAO PAULO;SP;04/09/2026;08/09/2026;04/09/2026;Entregue No Prazo;;Entrega realizada;Entrega Finalizada;8;9;4;9;BV LOG;26090;;;
MOBIS BRASIL FABRICACAO DE AUTO PECAS LT;RODOVIARIO;1571710;04/09/2026;1;360634;04/09/2026;CHS MOTORS VEICULOS PECAS E SERV LTDA  ;1,69E+13;SAO PAULO;SP;04/09/2026;08/09/2026;08/09/2026;Entregue No Prazo;;Entrega realizada;Entrega Finalizada;8;9;4;9;XD DIADEMA;26037;;;
MOBIS BRASIL FABRICACAO DE AUTO PECAS LT;RODOVIARIO;1571727;04/09/2026;1;360633;04/09/2026;CHS MOTORS VEICULOS PECAS E SERV.  LTDA;1,69E+13;SAO PAULO;SP;04/09/2026;09/09/2026;09/09/2026;Entregue No Prazo;;Entrega realizada;Entrega Finalizada;9;9;4;9;XD DIADEMA;26108;;;
MOBIS BRASIL FABRICACAO DE AUTO PECAS LT;RODOVIARIO;1570820;03/09/2026;8;360609;04/09/2026;ANDRETA II DISTRIBUIDORA DE VEIC. LTDA;9,10E+12;AMERICANA;SP;04/09/2026;09/09/2026;04/09/2026;Entregue No Prazo;;Entrega realizada;Entrega Finalizada;9;9;4;9;BV LOG;26011;;;
MOBIS BRASIL FABRICACAO DE AUTO PECAS LT;RODOVIARIO;1570825;03/09/2026;25;360610;04/09/2026;DESTAQUE SEUL DISTR. DE VEIC. E PC. LTDA;2,12E+13;ATIBAIA;SP;04/09/2026;09/09/2026;08/09/2026;Entregue No Prazo;;Entrega realizada;Entrega Finalizada;9;9;4;9;BV LOG;26075;;;
MOBIS BRASIL FABRICACAO DE AUTO PECAS LT;RODOVIARIO;1571648;04/09/2026;20;360644;04/09/2026;TAI MOTORS VEICULOS S/A;9,27E+12;BELO HORIZONTE;MG;04/09/2026;09/09/2026;09/09/2026;Entregue No Prazo;;Entrega realizada;Entrega Finalizada;9;9;4;9;XD BETIM;8002;;;
MOBIS BRASIL FABRICACAO DE AUTO PECAS LT;RODOVIARIO;1571649;04/09/2026;18;360632;04/09/2026;CARBEL KOREA VEICULOS LTDA;2,07E+13;BELO HORIZONTE;MG;04/09/2026;09/09/2026;09/09/2026;Entregue No Prazo;;Entrega realizada;Entrega Finalizada;9;9;4;9;XD BETIM;11021;;;
MOBIS BRASIL FABRICACAO DE AUTO PECAS LT;RODOVIARIO;1571652;04/09/2026;1;360630;04/09/2026;BDG AUTOVILLE VEICULOS LTDA;4,77E+13;CONTAGEM;MG;04/09/2026;09/09/2026;09/09/2026;Entregue No Prazo;;Entrega realizada;Entrega Finalizada;9;9;4;9;XD BETIM;11037;;;
MOBIS BRASIL FABRICACAO DE AUTO PECAS LT;RODOVIARIO;1571653;04/09/2026;37;360630;04/09/2026;BDG AUTOVILLE VEICULOS LTDA;4,77E+13;CONTAGEM;MG;04/09/2026;09/09/2026;09/09/2026;Entregue No Prazo;;Entrega realizada;Entrega Finalizada;9;9;4;9;XD BETIM;11037;;;
MOBIS BRASIL FABRICACAO DE AUTO PECAS LT;RODOVIARIO;1571667;04/09/2026;40;360682;04/09/2026;SEVEC VEICULOS LTDA;5,68E+11;CURITIBA;PR;04/09/2026;09/09/2026;09/09/2026;Entregue No Prazo;;10/09 Aguardando confirmação de entrega;Entrega Finalizada;9;9;4;9;TRANSTRY;18012;;;
MOBIS BRASIL FABRICACAO DE AUTO PECAS LT;RODOVIARIO;1571670;04/09/2026;2;360668;04/09/2026;BARI VEICULOS LTDA;7,46E+12;CURITIBA;PR;04/09/2026;09/09/2026;09/09/2026;Entregue No Prazo;;Entrega realizada;Entrega Finalizada;9;9;4;9;TRANSTRY;18024;;;
MOBIS BRASIL FABRICACAO DE AUTO PECAS LT;RODOVIARIO;1571705;04/09/2026;2;360622;04/09/2026;DHC COMERCIO DE VEICULOS E PECAS LTDA;9,52E+12;BAURU;SP;04/09/2026;09/09/2026;08/09/2026;Entregue No Prazo;;Entrega realizada;Entrega Finalizada;9;9;4;9;MVT;26010;;;
MOBIS BRASIL FABRICACAO DE AUTO PECAS LT;RODOVIARIO;1571706;04/09/2026;6;360622;04/09/2026;DHC COMERCIO DE VEICULOS E PECAS LTDA;9,52E+12;BAURU;SP;04/09/2026;09/09/2026;08/09/2026;Entregue No Prazo;;Entrega realizada;Entrega Finalizada;9;9;4;9;MVT;26010;;;
MOBIS BRASIL FABRICACAO DE AUTO PECAS LT;RODOVIARIO;1571711;04/09/2026;2;360619;04/09/2026;ANDRETA II DISTRIBUIDORA DE VEIC. LTDA;9,10E+12;JUNDIAI;SP;04/09/2026;09/09/2026;08/09/2026;Entregue No Prazo;;Entrega realizada;Entrega Finalizada;9;9;4;9;MVT;26011;;;
MOBIS BRASIL FABRICACAO DE AUTO PECAS LT;RODOVIARIO;1571714;04/09/2026;3;360618;04/09/2026;ANDRETA II DISTRIBUIDORA DE VEIC. LTDA;9,10E+12;AMERICANA;SP;04/09/2026;09/09/2026;08/09/2026;Entregue No Prazo;;Entrega realizada;Entrega Finalizada;9;9;4;9;MVT;26011;;;
MOBIS BRASIL FABRICACAO DE AUTO PECAS LT;RODOVIARIO;1571718;04/09/2026;1;360620;04/09/2026;CAOA MOTOR DO BRASIL LTDA;1,68E+13;SAO JOSE DOS CAMPOS;SP;04/09/2026;09/09/2026;08/09/2026;Entregue No Prazo;;Entrega realizada;Entrega Finalizada;9;9;4;9;MVT;5008;;;
MOBIS BRASIL FABRICACAO DE AUTO PECAS LT;RODOVIARIO;1571719;04/09/2026;2;360631;04/09/2026;CAOA MOTOR DO BRASIL LTDA;1,68E+13;TAUBATE;SP;04/09/2026;09/09/2026;08/09/2026;Entregue No Prazo;;Entrega realizada;Entrega Finalizada;9;9;4;9;XD DIADEMA;5008;;;
MOBIS BRASIL FABRICACAO DE AUTO PECAS LT;RODOVIARIO;1571720;04/09/2026;1;360621;04/09/2026;CAOA MOTOR DO BRASIL LTDA;1,68E+13;SAO CARLOS;SP;04/09/2026;10/09/2026;11/09/2026;Entregue Fora do Prazo;;Entrega realizada;Entrega Finalizada;10;9;4;9;MVT;5008;;;
MOBIS BRASIL FABRICACAO DE AUTO PECAS LT;RODOVIARIO;1571722;04/09/2026;2;360635;04/09/2026;DESTAQUE SEUL DISTR. DE VEIC. E PC. LTDA;2,12E+13;ATIBAIA;SP;04/09/2026;09/09/2026;08/09/2026;Entregue No Prazo;;Entrega realizada;Entrega Finalizada;9;9;4;9;XD DIADEMA;26075;;;
MOBIS BRASIL FABRICACAO DE AUTO PECAS LT;RODOVIARIO;1571726;04/09/2026;1;360626;04/09/2026;H - CAMINHO AUTOMOVEIS LTDA;2,53E+13;LIMEIRA;SP;04/09/2026;09/09/2026;08/09/2026;Entregue No Prazo;;Entrega realizada;Entrega Finalizada;9;9;4;9;MVT;26092;;;
MOBIS BRASIL FABRICACAO DE AUTO PECAS LT;RODOVIARIO;1570828;03/09/2026;7;360611;04/09/2026;H - CAMINHO AUTOMOVEIS LTDA;2,53E+13;PIRACICABA;SP;04/09/2026;10/09/2026;04/09/2026;Entregue No Prazo;;Entrega realizada;Entrega Finalizada;10;9;4;9;BV LOG;26092;;;
MOBIS BRASIL FABRICACAO DE AUTO PECAS LT;RODOVIARIO;1571645;04/09/2026;3;360647;04/09/2026;URCA MOTORS VEICULOS LTDA;8,77E+12;UBERLANDIA;MG;04/09/2026;10/09/2026;10/09/2026;Entregue No Prazo;;Entrega realizada;Entrega Finalizada;10;9;4;9;XD BETIM;9014;;;
MOBIS BRASIL FABRICACAO DE AUTO PECAS LT;RODOVIARIO;1571646;04/09/2026;2;360645;04/09/2026;TOKSU COMERCIO DE VEICULOS LTDA;1,12E+13;JUIZ DE FORA;MG;04/09/2026;10/09/2026;09/09/2026;Entregue No Prazo;;Entrega realizada;Entrega Finalizada;10;9;4;9;XD BETIM;11008;;;
MOBIS BRASIL FABRICACAO DE AUTO PECAS LT;RODOVIARIO;1571650;04/09/2026;1;360646;04/09/2026;TOKSU COMERCIO DE VEICULOS LTDA;1,12E+13;VARGINHA;MG;04/09/2026;10/09/2026;09/09/2026;Entregue No Prazo;;Entrega realizada;Entrega Finalizada;10;9;4;9;XD BETIM;11008;;;
MOBIS BRASIL FABRICACAO DE AUTO PECAS LT;RODOVIARIO;1571664;04/09/2026;5;360678;04/09/2026;LOVAT VEICULOS S/A;8,57E+12;LONDRINA;PR;04/09/2026;11/09/2026;11/09/2026;Entregue No Prazo;;Entrega realizada;Entrega Finalizada;11;9;4;9;TRANSTRY;18008;;;
MOBIS BRASIL FABRICACAO DE AUTO PECAS LT;RODOVIARIO;1571665;04/09/2026;3;360679;04/09/2026;LOVAT VEICULOS S/A;8,57E+12;MARINGA;PR;04/09/2026;11/09/2026;14/09/2026;Entregue Fora do Prazo;;Entrega realizada;Entrega Finalizada;11;9;4;9;TRANSTRY;18008;;;
MOBIS BRASIL FABRICACAO DE AUTO PECAS LT;RODOVIARIO;1571668;04/09/2026;1;360683;04/09/2026;VETOR AUTOMOVEIS LTDA;2,12E+13;CASCAVEL;PR;04/09/2026;10/09/2026;09/09/2026;Entregue No Prazo;;Entrega realizada;Entrega Finalizada;10;9;4;9;TRANSTRY;18019;;;
MOBIS BRASIL FABRICACAO DE AUTO PECAS LT;RODOVIARIO;1571669;04/09/2026;10;360666;04/09/2026;BARI VEICULOS LTDA;7,46E+12;PONTA GROSSA;PR;04/09/2026;10/09/2026;09/09/2026;Entregue No Prazo;;Entrega realizada;Entrega Finalizada;10;9;4;9;TRANSTRY;18024;;;
MOBIS BRASIL FABRICACAO DE AUTO PECAS LT;RODOVIARIO;1571672;04/09/2026;1;360694;04/09/2026;ITAVEMA MOTORS VEICULOS LTDA;7,73E+12;DUQUE DE CAXIAS;RJ;04/09/2026;10/09/2026;09/09/2026;Entregue No Prazo;;Entrega realizada;Entrega Finalizada;10;9;4;9;CAMILO;19001;;;
MOBIS BRASIL FABRICACAO DE AUTO PECAS LT;RODOVIARIO;1571673;04/09/2026;3;360685;04/09/2026;AMX COM. E SERVICOS DE AUTOMOTORES LTDA;1,20E+13;RIO DE JANEIRO;RJ;04/09/2026;10/09/2026;09/09/2026;Entregue No Prazo;;Entrega realizada;Entrega Finalizada;10;9;4;9;CAMILO;19009;;;
MOBIS BRASIL FABRICACAO DE AUTO PECAS LT;RODOVIARIO;1571674;04/09/2026;2;360690;04/09/2026;CAOA MOTOR DO BRASIL LTDA;1,68E+13;RIO DE JANEIRO;RJ;04/09/2026;10/09/2026;10/09/2026;Entregue No Prazo;;Entrega realizada;Entrega Finalizada;10;9;4;9;CAMILO;5008;;;
MOBIS BRASIL FABRICACAO DE AUTO PECAS LT;RODOVIARIO;1571675;04/09/2026;12;360695;04/09/2026;ITAVEMA MOTORS VEICULOS LTDA;7,73E+12;RIO DE JANEIRO;RJ;04/09/2026;10/09/2026;09/09/2026;Entregue No Prazo;;Entrega realizada;Entrega Finalizada;10;9;4;9;CAMILO;19001;;;
MOBIS BRASIL FABRICACAO DE AUTO PECAS LT;RODOVIARIO;1571676;04/09/2026;2;360691;04/09/2026;CAOA MOTOR DO BRASIL LTDA;1,68E+13;RIO DE JANEIRO;RJ;04/09/2026;10/09/2026;09/09/2026;Entregue No Prazo;;Entrega realizada;Entrega Finalizada;10;9;4;9;CAMILO;5008;;;
MOBIS BRASIL FABRICACAO DE AUTO PECAS LT;RODOVIARIO;1571677;04/09/2026;1;360688;04/09/2026;CAOA MOTOR DO BRASIL LTDA;1,68E+13;RIO DE JANEIRO;RJ;04/09/2026;10/09/2026;09/09/2026;Entregue No Prazo;;Entrega realizada;Entrega Finalizada;10;9;4;9;CAMILO;5008;;;
MOBIS BRASIL FABRICACAO DE AUTO PECAS LT;RODOVIARIO;1571678;04/09/2026;1;360689;04/09/2026;CAOA MOTOR DO BRASIL LTDA;1,68E+13;RIO DE JANEIRO;RJ;04/09/2026;10/09/2026;09/09/2026;Entregue No Prazo;;Entrega realizada;Entrega Finalizada;10;9;4;9;CAMILO;5008;;;
MOBIS BRASIL FABRICACAO DE AUTO PECAS LT;RODOVIARIO;1571679;04/09/2026;1;360687;04/09/2026;CAOA MOTOR DO BRASIL LTDA;1,68E+13;RIO DE JANEIRO;RJ;04/09/2026;10/09/2026;10/09/2026;Entregue No Prazo;;Entrega realizada;Entrega Finalizada;10;9;4;9;CAMILO;5008;;;
MOBIS BRASIL FABRICACAO DE AUTO PECAS LT;RODOVIARIO;1571686;04/09/2026;5;360677;04/09/2026;HOUSE PARTS - COM. DE PECAS E VEIC. LTDA;1,15E+13;PORTO ALEGRE;RS;04/09/2026;10/09/2026;10/09/2026;Entregue No Prazo;;10/09 Em rota de entrega;Entrega Finalizada;10;9;4;9;TRANSTRY;23004;;;
MOBIS BRASIL FABRICACAO DE AUTO PECAS LT;RODOVIARIO;1571687;04/09/2026;1;360670;04/09/2026;CARWAY SUL VEICULOS LTDA;1,03E+13;NOVO HAMBURGO;RS;04/09/2026;10/09/2026;10/09/2026;Entregue No Prazo;;Entrega realizada;Entrega Finalizada;10;9;4;9;TRANSTRY;23003;;;
MOBIS BRASIL FABRICACAO DE AUTO PECAS LT;RODOVIARIO;1571698;04/09/2026;1;360669;04/09/2026;BARI VEICULOS LTDA.;7,46E+12;JOINVILLE;SC;04/09/2026;10/09/2026;09/09/2026;Entregue No Prazo;;Entrega realizada;Entrega Finalizada;10;9;4;9;TRANSTRY;24013;;;
MOBIS BRASIL FABRICACAO DE AUTO PECAS LT;RODOVIARIO;1571703;04/09/2026;1;360628;04/09/2026;HYMAX DISTRIBUIDORA DE VEICULOS LTDA;1,73E+13;MOGI GUACU;SP;04/09/2026;10/09/2026;09/09/2026;Entregue No Prazo;;Entrega realizada;Entrega Finalizada;10;9;4;9;MVT;26002;;;
MOBIS BRASIL FABRICACAO DE AUTO PECAS LT;RODOVIARIO;1571704;04/09/2026;3;360628;04/09/2026;HYMAX DISTRIBUIDORA DE VEICULOS LTDA;1,73E+13;MOGI GUACU;SP;04/09/2026;10/09/2026;09/09/2026;Entregue No Prazo;;Entrega realizada;Entrega Finalizada;10;9;4;9;MVT;26002;;;
MOBIS BRASIL FABRICACAO DE AUTO PECAS LT;RODOVIARIO;1571715;04/09/2026;10;360627;04/09/2026;H R B COMERCIO DE VEICULOS LTDA;1,82E+13;SAO JOSE DO RIO PRETO;SP;04/09/2026;10/09/2026;08/09/2026;Entregue No Prazo;;Entrega realizada;Entrega Finalizada;10;9;4;9;MVT;26050;;;
MOBIS BRASIL FABRICACAO DE AUTO PECAS LT;RODOVIARIO;1571717;04/09/2026;4;360624;04/09/2026;GOLDEN MOTORS VEICULOS LTDA;3,62E+12;ARACATUBA;SP;04/09/2026;10/09/2026;10/09/2026;Entregue No Prazo;;Entrega realizada;Entrega Finalizada;10;9;4;9;MVT;12001;;;
MOBIS BRASIL FABRICACAO DE AUTO PECAS LT;RODOVIARIO;1571721;04/09/2026;1;360629;04/09/2026;NEW VEICULOS E PECAS LTDA.;1,59E+13;ARARAQUARA;SP;04/09/2026;10/09/2026;10/09/2026;Entregue No Prazo;;Entrega realizada;Entrega Finalizada;10;9;4;9;MVT;26071;;;
MOBIS BRASIL FABRICACAO DE AUTO PECAS LT;RODOVIARIO;1571723;04/09/2026;1;360623;04/09/2026;DHC COMERCIO DE VEICULOS E PECAS LTDA;9,52E+12;JAU;SP;04/09/2026;10/09/2026;10/09/2026;Entregue No Prazo;;Entrega realizada;Entrega Finalizada;10;9;4;9;MVT;26010;;;
MOBIS BRASIL FABRICACAO DE AUTO PECAS LT;RODOVIARIO;1571724;04/09/2026;1;360623;04/09/2026;DHC COMERCIO DE VEICULOS E PECAS LTDA;9,52E+12;JAU;SP;04/09/2026;10/09/2026;10/09/2026;Entregue No Prazo;;Entrega realizada;Entrega Finalizada;10;9;4;9;MVT;26010;;;
MOBIS BRASIL FABRICACAO DE AUTO PECAS LT;RODOVIARIO;1571725;04/09/2026;1;360625;04/09/2026;H - CAMINHO AUTOMOVEIS LTDA;2,53E+13;PIRACICABA;SP;04/09/2026;10/09/2026;08/09/2026;Entregue No Prazo;;Entrega realizada;Entrega Finalizada;10;9;4;9;MVT;26092;;;
MOBIS BRASIL FABRICACAO DE AUTO PECAS LT;RODOVIARIO;1571637;04/09/2026;10;360702;04/09/2026;VIA BRASIL AUTOMOVEIS LTDA.;4,72E+12;SERRA;ES;04/09/2026;14/09/2026;14/09/2026;Entregue No Prazo;;Entrega realizada;Entrega Finalizada;14;9;4;9;CAMILO;8001;;;
MOBIS BRASIL FABRICACAO DE AUTO PECAS LT;RODOVIARIO;1571638;04/09/2026;18;360699;04/09/2026;TAI MOTORS VEICULOS S/A;9,27E+12;VITORIA;ES;04/09/2026;11/09/2026;10/09/2026;Entregue No Prazo;;Entrega realizada;Entrega Finalizada;11;9;4;9;CAMILO;8002;;;
MOBIS BRASIL FABRICACAO DE AUTO PECAS LT;RODOVIARIO;1571647;04/09/2026;2;360648;04/09/2026;VITAL COMERCIO DE VEICULOS LTDA;1,05E+13;IPATINGA;MG;04/09/2026;11/09/2026;11/09/2026;Entregue No Prazo;;Entrega realizada;Entrega Finalizada;11;9;4;9;XD BETIM;11016;;;
MOBIS BRASIL FABRICACAO DE AUTO PECAS LT;RODOVIARIO;1571651;04/09/2026;1;360636;04/09/2026;GNC GRANDE COREIA MINAS GERAIS COMERCIO;4,27E+13;MONTES CLAROS;MG;04/09/2026;11/09/2026;11/09/2026;Entregue No Prazo;;Entrega realizada;Entrega Finalizada;11;9;4;9;XD BETIM;11035;;;
MOBIS BRASIL FABRICACAO DE AUTO PECAS LT;RODOVIARIO;1571666;04/09/2026;1;360681;04/09/2026;SANTA FE VEICULOS LTDA.;1,16E+13;FRANCISCO BELTRAO;PR;04/09/2026;11/09/2026;10/09/2026;Entregue No Prazo;;Entrega realizada;Entrega Finalizada;11;9;4;9;TRANSTRY;18010;;;
MOBIS BRASIL FABRICACAO DE AUTO PECAS LT;RODOVIARIO;1571680;04/09/2026;1;360696;04/09/2026;MONTREAL VEICULOS E PECAS LTDA;1,68E+13;SAO PEDRO DA ALDEIA;RJ;04/09/2026;11/09/2026;10/09/2026;Entregue No Prazo;;Entrega realizada;Entrega Finalizada;11;9;4;9;CAMILO;19030;;;
MOBIS BRASIL FABRICACAO DE AUTO PECAS LT;RODOVIARIO;1571688;04/09/2026;5;360674;04/09/2026;GALA COMERCIO DE VEICULOS LTDA.;1,77E+13;PELOTAS;RS;04/09/2026;11/09/2026;10/09/2026;Entregue No Prazo;;10/09 Em transferencia para a cidade de destino;Entrega Finalizada;11;9;4;9;TRANSTRY;23009;;;
MOBIS BRASIL FABRICACAO DE AUTO PECAS LT;RODOVIARIO;1571689;04/09/2026;4;360675;04/09/2026;GAMBATTO H1 VEICULOS LTDA;1,94E+13;PASSO FUNDO;RS;04/09/2026;11/09/2026;10/09/2026;Entregue No Prazo;;Entrega realizada;Entrega Finalizada;11;9;4;9;TRANSTRY;23015;;;
MOBIS BRASIL FABRICACAO DE AUTO PECAS LT;RODOVIARIO;1571692;04/09/2026;4;360664;04/09/2026;ATUAL VEICULOS LTDA;1,33E+13;ARARANGUA;SC;04/09/2026;11/09/2026;11/09/2026;Entregue No Prazo;;Entrega realizada;Entrega Finalizada;11;9;4;9;TRANSTRY;24001;;;
MOBIS BRASIL FABRICACAO DE AUTO PECAS LT;RODOVIARIO;1571693;04/09/2026;5;360663;04/09/2026;ATUAL VEICULOS LTDA;1,33E+13;CRICIUMA;SC;04/09/2026;14/09/2026;14/09/2026;Entregue No Prazo;;Entrega realizada;Entrega Finalizada;14;9;4;9;TRANSTRY;24001;;;
MOBIS BRASIL FABRICACAO DE AUTO PECAS LT;RODOVIARIO;1571694;04/09/2026;8;360665;04/09/2026;ATUAL VEICULOS LTDA;1,33E+13;TUBARAO;SC;04/09/2026;14/09/2026;14/09/2026;Entregue No Prazo;;Entrega realizada;Entrega Finalizada;14;9;4;9;TRANSTRY;24001;;;
MOBIS BRASIL FABRICACAO DE AUTO PECAS LT;RODOVIARIO;1571695;04/09/2026;5;360680;04/09/2026;LR COMERCIO DE VEICULOS LTDA;1,05E+13;SAO JOSE;SC;04/09/2026;11/09/2026;10/09/2026;Entregue No Prazo;;10/09 Em transferencia para a cidade de destino;Entrega Finalizada;11;9;4;9;TRANSTRY;24007;;;
MOBIS BRASIL FABRICACAO DE AUTO PECAS LT;RODOVIARIO;1571696;04/09/2026;1;360680;04/09/2026;LR COMERCIO DE VEICULOS LTDA;1,05E+13;SAO JOSE;SC;04/09/2026;11/09/2026;10/09/2026;Entregue No Prazo;;10/09 Em transferencia para a cidade de destino;Entrega Finalizada;11;9;4;9;TRANSTRY;24007;;;
MOBIS BRASIL FABRICACAO DE AUTO PECAS LT;RODOVIARIO;1571697;04/09/2026;3;360667;04/09/2026;BARI VEICULOS LTDA;7,46E+12;BLUMENAU;SC;04/09/2026;11/09/2026;10/09/2026;Entregue No Prazo;;10/09 Em transferencia para a cidade de destino;Entrega Finalizada;11;9;4;9;TRANSTRY;18024;;;
MOBIS BRASIL FABRICACAO DE AUTO PECAS LT;RODOVIARIO;1571699;04/09/2026;3;360676;04/09/2026;GAMBATTO H1 VEICULOS LTDA;1,94E+13;CHAPECO;SC;04/09/2026;11/09/2026;09/09/2026;Entregue No Prazo;;10/09 Em transferencia para a cidade de destino;Entrega Finalizada;11;9;4;9;TRANSTRY;24018;;;
MOBIS BRASIL FABRICACAO DE AUTO PECAS LT;RODOVIARIO;1571634;04/09/2026;2;360643;04/09/2026;SMAFF IMPORT VEICULOS LTDA;8,18E+12;BRASILIA;DF;04/09/2026;14/09/2026;10/09/2026;Entregue No Prazo;;Entrega realizada;Entrega Finalizada;14;9;4;9;RIO VERMELHO;7002;;;
MOBIS BRASIL FABRICACAO DE AUTO PECAS LT;RODOVIARIO;1571635;04/09/2026;21;360643;04/09/2026;SMAFF IMPORT VEICULOS LTDA;8,18E+12;BRASILIA;DF;04/09/2026;14/09/2026;10/09/2026;Entregue No Prazo;;Entrega realizada;Entrega Finalizada;14;9;4;9;RIO VERMELHO;7002;;;
MOBIS BRASIL FABRICACAO DE AUTO PECAS LT;RODOVIARIO;1571636;04/09/2026;1;360642;04/09/2026;SAGA KOREA COM. DE VEIC. E PC. LTDA;1,27E+13;BRASILIA;DF;04/09/2026;14/09/2026;09/09/2026;Entregue No Prazo;;Entrega realizada;Entrega Finalizada;14;9;4;9;RIO VERMELHO;7005;;;
MOBIS BRASIL FABRICACAO DE AUTO PECAS LT;RODOVIARIO;1571639;04/09/2026;5;360638;04/09/2026;NISA COMERCIAL DE VEIC. AUTOMOTORES LTDA;1,03E+13;APARECIDA DE GOIANIA;GO;04/09/2026;14/09/2026;15/09/2026;Entregue Fora do Prazo;;Entrega realizada;Entrega Finalizada;14;9;4;9;RIO VERMELHO;9002;;;
MOBIS BRASIL FABRICACAO DE AUTO PECAS LT;RODOVIARIO;1571640;04/09/2026;3;360640;04/09/2026;SAGA KOREA COM. DE VEIC. E PC. LTDA;1,27E+13;GOIANIA;GO;04/09/2026;14/09/2026;10/09/2026;Entregue No Prazo;;Entrega realizada;Entrega Finalizada;14;9;4;9;RIO VERMELHO;9009;;;
MOBIS BRASIL FABRICACAO DE AUTO PECAS LT;RODOVIARIO;1571641;04/09/2026;6;360641;04/09/2026;SAGA KOREA COM. DE VEIC. E PC. LTDA;1,27E+13;GOIANIA;GO;04/09/2026;14/09/2026;10/09/2026;Entregue No Prazo;;Entrega realizada;Entrega Finalizada;14;9;4;9;RIO VERMELHO;9011;;;
MOBIS BRASIL FABRICACAO DE AUTO PECAS LT;RODOVIARIO;1571654;04/09/2026;2;360693;04/09/2026;GOLDEN MOTORS VEICULOS LTDA;3,62E+12;DOURADOS;MS;04/09/2026;14/09/2026;09/09/2026;Entregue No Prazo;;Entrega realizada;Entrega Finalizada;14;9;4;9;CARVALIMA;12001;;;
MOBIS BRASIL FABRICACAO DE AUTO PECAS LT;RODOVIARIO;1571655;04/09/2026;8;360700;04/09/2026;ULSAN COMERCIO DE VEICULOS LTDA.;2,10E+13;CAMPO GRANDE;MS;04/09/2026;14/09/2026;09/09/2026;Entregue No Prazo;;Entrega realizada;Entrega Finalizada;14;9;4;9;CARVALIMA;12004;;;
MOBIS BRASIL FABRICACAO DE AUTO PECAS LT;RODOVIARIO;1571690;04/09/2026;6;360671;04/09/2026;CHINHAN AUTOMOVEIS LTDA;2,41E+13;ERECHIM;RS;04/09/2026;14/09/2026;10/09/2026;Entregue No Prazo;;Entrega realizada;Entrega Finalizada;14;9;4;9;TRANSTRY;23019;;;
MOBIS BRASIL FABRICACAO DE AUTO PECAS LT;RODOVIARIO;1571656;04/09/2026;11;360698;04/09/2026;SAGA ASIA COM. DE VEIC.PC.E SERV. LTDA;2,23E+13;VARZEA GRANDE;MT;04/09/2026;15/09/2026;09/09/2026;Entregue No Prazo;;Entrega realizada;Entrega Finalizada;15;9;4;9;CARVALIMA;13004;;;
MOBIS BRASIL FABRICACAO DE AUTO PECAS LT;RODOVIARIO;1571657;04/09/2026;11;360692;04/09/2026;COMETA MATO GROSSO COM. DE VEICULOS LTDA;1,54E+13;TANGARA DA SERRA;MT;04/09/2026;15/09/2026;14/09/2026;Entregue No Prazo;;Entrega realizada;Entrega Finalizada;15;9;4;9;CARVALIMA;13007;;;
MOBIS BRASIL FABRICACAO DE AUTO PECAS LT;RODOVIARIO;1571691;04/09/2026;1;360673;04/09/2026;GALA COMERCIO DE VEICULOS LTDA;1,77E+13;BAGE;RS;04/09/2026;15/09/2026;11/09/2026;Entregue No Prazo;;Entrega realizada;Entrega Finalizada;15;9;4;9;TRANSTRY;23009;;;
MOBIS BRASIL FABRICACAO DE AUTO PECAS LT;RODOVIARIO;1571700;04/09/2026;4;360672;04/09/2026;CHINHAN AUTOMOVEIS LTDA.;2,41E+13;CACADOR;SC;04/09/2026;15/09/2026;10/09/2026;Entregue No Prazo;;Entrega realizada;Entrega Finalizada;15;9;4;9;TRANSTRY;24020;;;
MOBIS BRASIL FABRICACAO DE AUTO PECAS LT;RODOVIARIO;1571728;04/09/2026;3;360639;04/09/2026;PRIVILLEGE DISTRIBUIDORA DE VEICULOS LTD;1,72E+13;PALMAS;TO;04/09/2026;15/09/2026;16/09/2026;Entregue Fora do Prazo;;Entrega realizada;Entrega Finalizada;15;9;4;9;RIO VERMELHO;27003;;;
MOBIS BRASIL FABRICACAO DE AUTO PECAS LT;RODOVIARIO;1571629;04/09/2026;34;360660;04/09/2026;PATEO COMERCIO DE VEICULOS S A;7,78E+12;SALVADOR;BA;04/09/2026;16/09/2026;14/09/2026;Entregue No Prazo;;Entrega realizada;Entrega Finalizada;16;9;4;9;TERMACO;5003;Emancipação Política de Alagoas;Estadual;AL
MOBIS BRASIL FABRICACAO DE AUTO PECAS LT;RODOVIARIO;1571630;04/09/2026;3;360651;04/09/2026;FAZZA MOTORS COMERCIO DE VEICULOS LTDA;1,24E+13;SALVADOR;BA;04/09/2026;16/09/2026;14/09/2026;Entregue No Prazo;;Entrega realizada;Entrega Finalizada;16;9;4;9;TERMACO;5007;Emancipação Política de Alagoas;Estadual;AL
MOBIS BRASIL FABRICACAO DE AUTO PECAS LT;RODOVIARIO;1571658;04/09/2026;1;360701;04/09/2026;UNIQUE COMERCIO DE AUTOMOVEIS LTDA;1,74E+13;ANANINDEUA;PA;04/09/2026;17/09/2026;10/09/2026;Entregue No Prazo;;Entrega realizada;Entrega Finalizada;17;9;4;9;CARVALIMA;14003;;;
MOBIS BRASIL FABRICACAO DE AUTO PECAS LT;RODOVIARIO;1571659;04/09/2026;3;360686;04/09/2026;CAOA MOTOR DO BRASIL LTDA;1,68E+13;BELEM;PA;04/09/2026;17/09/2026;10/09/2026;Entregue No Prazo;;Entrega realizada;Entrega Finalizada;17;9;4;9;CARVALIMA;5008;;;
MOBIS BRASIL FABRICACAO DE AUTO PECAS LT;RODOVIARIO;1571684;04/09/2026;1;360697;04/09/2026;SAGA ASIA COM. DE VEIC.PC.E SERV. LTDA;2,14E+13;PORTO VELHO;RO;04/09/2026;17/09/2026;14/09/2026;Entregue No Prazo;;Entrega realizada;Entrega Finalizada;17;9;4;9;CARVALIMA;21003;;;
MOBIS BRASIL FABRICACAO DE AUTO PECAS LT;RODOVIARIO;1571685;04/09/2026;26;360697;04/09/2026;SAGA ASIA COM. DE VEIC.PC.E SERV. LTDA;2,14E+13;PORTO VELHO;RO;04/09/2026;17/09/2026;14/09/2026;Entregue No Prazo;Avaria;Entrega realizada;Entrega Finalizada;17;9;4;9;CARVALIMA;21003;;;
MOBIS BRASIL FABRICACAO DE AUTO PECAS LT;RODOVIARIO;1571701;04/09/2026;2;360662;04/09/2026;SAINT LAND COMERCIO DE VEICULOS LTDA;1,04E+13;ARACAJU;SE;04/09/2026;17/09/2026;15/09/2026;Entregue No Prazo;;Entrega realizada;Entrega Finalizada;17;9;4;9;TERMACO;6010;;;
MOBIS BRASIL FABRICACAO DE AUTO PECAS LT;RODOVIARIO;1571702;04/09/2026;1;360662;04/09/2026;SAINT LAND COMERCIO DE VEICULOS LTDA;1,04E+13;ARACAJU;SE;04/09/2026;17/09/2026;15/09/2026;Entregue No Prazo;;Entrega realizada;Entrega Finalizada;17;9;4;9;TERMACO;6010;;;
MOBIS BRASIL FABRICACAO DE AUTO PECAS LT;RODOVIARIO;1571642;04/09/2026;6;360637;04/09/2026;NASA MOTORS LTDA.;2,65E+13;SAO LUIS DE MONTES BELOS;GO;04/09/2026;18/09/2026;30/09/2026;Entregue Fora do Prazo;;Entrega realizada;Entrega Finalizada;18;9;4;9;RIO VERMELHO;9016;;;
MOBIS BRASIL FABRICACAO DE AUTO PECAS LT;RODOVIARIO;1571631;04/09/2026;3;360657;04/09/2026;PATEO COMERCIO DE VEICULOS S A;7,78E+12;FEIRA DE SANTANA;BA;04/09/2026;21/09/2026;11/09/2026;Entregue No Prazo;;Entrega realizada;Entrega Finalizada;21;9;4;9;TERMACO;5009;;;
MOBIS BRASIL FABRICACAO DE AUTO PECAS LT;RODOVIARIO;1571632;04/09/2026;3;360654;04/09/2026;ORVEL AUTOMOTOR HYD LTDA;2,52E+13;TEIXEIRA DE FREITAS;BA;04/09/2026;21/09/2026;14/09/2026;Entregue No Prazo;;Entrega realizada;Entrega Finalizada;21;9;4;9;TERMACO;5011;;;
MOBIS BRASIL FABRICACAO DE AUTO PECAS LT;RODOVIARIO;1571633;04/09/2026;1;360649;04/09/2026;AIKON VEICULOS LTDA;1,17E+13;SANTO ANTONIO DE JESUS;BA;04/09/2026;21/09/2026;11/09/2026;Entregue No Prazo;;Entrega realizada;Entrega Finalizada;21;9;4;9;TERMACO;5002;;;
MOBIS BRASIL FABRICACAO DE AUTO PECAS LT;RODOVIARIO;1571643;04/09/2026;35;360656;04/09/2026;PATEO COMERCIO DE VEICULOS S A;7,78E+12;SAO LUIS;MA;04/09/2026;21/09/2026;15/09/2026;Entregue No Prazo;;Entrega realizada;Entrega Finalizada;21;9;4;9;TERMACO;10002;;;
MOBIS BRASIL FABRICACAO DE AUTO PECAS LT;RODOVIARIO;1571644;04/09/2026;1;360658;04/09/2026;PATEO COMERCIO DE VEICULOS S A;7,78E+12;SAO LUIS;MA;04/09/2026;21/09/2026;14/09/2026;Entregue No Prazo;;Entrega realizada;Entrega Finalizada;21;9;4;9;TERMACO;10005;;;
MOBIS BRASIL FABRICACAO DE AUTO PECAS LT;RODOVIARIO;1571660;04/09/2026;1;360655;04/09/2026;PATEO COMERCIO DE VEICULOS S A;7,78E+12;JOAO PESSOA;PB;04/09/2026;21/09/2026;16/09/2026;Entregue No Prazo;;Entrega realizada;Entrega Finalizada;21;9;4;9;TERMACO;15003;;;
MOBIS BRASIL FABRICACAO DE AUTO PECAS LT;RODOVIARIO;1571661;04/09/2026;2;360659;04/09/2026;PATEO COMERCIO DE VEICULOS S A;7,78E+12;RECIFE;PE;04/09/2026;21/09/2026;16/09/2026;Entregue No Prazo;;Entrega realizada;Entrega Finalizada;21;9;4;9;TERMACO;16004;;;
MOBIS BRASIL FABRICACAO DE AUTO PECAS LT;RODOVIARIO;1571662;04/09/2026;47;360659;04/09/2026;PATEO COMERCIO DE VEICULOS S A;7,78E+12;RECIFE;PE;04/09/2026;21/09/2026;16/09/2026;Entregue No Prazo;;Entrega realizada;Entrega Finalizada;21;9;4;9;TERMACO;16004;;;
MOBIS BRASIL FABRICACAO DE AUTO PECAS LT;RODOVIARIO;1571683;04/09/2026;10;360661;04/09/2026;SAINT LAND COMERCIO DE VEICULOS LTDA;1,04E+13;NATAL;RN;04/09/2026;21/09/2026;16/09/2026;Entregue No Prazo;;Entrega realizada;Entrega Finalizada;21;9;4;9;TERMACO;6010;;;
MOBIS BRASIL FABRICACAO DE AUTO PECAS LT;RODOVIARIO;1571712;04/09/2026;12;360661;04/09/2026;SAINT LAND COMERCIO DE VEICULOS LTDA;1,04E+13;NATAL;RN;04/09/2026;21/09/2026;16/09/2026;Entregue No Prazo;;Entrega realizada;Entrega Finalizada;21;9;4;9;TERMACO;6010;;;
MOBIS BRASIL FABRICACAO DE AUTO PECAS LT;RODOVIARIO;1571628;04/09/2026;1;360652;04/09/2026;JPN COMERCIO DE VEICULOS LTDA;3,20E+13;ARAPIRACA;AL;04/09/2026;22/09/2026;21/09/2026;Entregue No Prazo;;Entrega realizada;Entrega Finalizada;22;9;4;9;TERMACO;2003;;;
MOBIS BRASIL FABRICACAO DE AUTO PECAS LT;RODOVIARIO;1571663;04/09/2026;3;360650;04/09/2026;AUTORAC VEICULOS LTDA;1,06E+13;PETROLINA;PE;04/09/2026;22/09/2026;17/09/2026;Entregue No Prazo;;Entrega realizada;Entrega Finalizada;22;9;4;9;TERMACO;16001;;;
MOBIS BRASIL FABRICACAO DE AUTO PECAS LT;RODOVIARIO;1571681;04/09/2026;15;360653;04/09/2026;ORIENTE AUTOMOVEIS LTDA;1,33E+13;PARNAMIRIM;RN;04/09/2026;22/09/2026;15/09/2026;Entregue No Prazo;;Entrega realizada;Entrega Finalizada;22;9;4;9;TERMACO;20001;;;
MOBIS BRASIL FABRICACAO DE AUTO PECAS LT;RODOVIARIO;1571682;04/09/2026;9;360653;04/09/2026;ORIENTE AUTOMOVEIS LTDA;1,33E+13;PARNAMIRIM;RN;04/09/2026;22/09/2026;15/09/2026;Entregue No Prazo;;Entrega realizada;Entrega Finalizada;22;9;4;9;TERMACO;20001;;;
MOBIS BRASIL FABRICACAO DE AUTO PECAS LT;RODOVIARIO;1571671;04/09/2026;1;360684;04/09/2026;VETOR AUTOMOVEIS LTDA;2,12E+13;CAMPO MOURAO;PR;04/09/2026;14/09/2026;14/09/2026;Entregue No Prazo;;Entrega realizada;Entrega Finalizada;14;9;4;9;TRANSTRY;18019;;;
MOBIS BRASIL FABRICACAO DE AUTO PECAS LT;RODOVIARIO;1571713;04/09/2026;30;360878;08/09/2026;BILLY DISTRIBUIDORA DE VEICULOS LTDA;1,34E+13;SAO CAETANO DO SUL;SP;08/09/2026;10/09/2026;08/09/2026;Entregue No Prazo;;Entrega realizada;Entrega Finalizada;10;9;8;9;BV LOG;26003;;;
MOBIS BRASIL FABRICACAO DE AUTO PECAS LT;RODOVIARIO;1571716;04/09/2026;5;360879;08/09/2026;CHS MOTORS VEICULOS PECAS(VL. GUILHERME);1,69E+13;SAO PAULO;SP;08/09/2026;10/09/2026;08/09/2026;Entregue No Prazo;;Entrega realizada;Entrega Finalizada;10;9;8;9;BV LOG;26052;;;
MOBIS BRASIL FABRICACAO DE AUTO PECAS LT;RODOVIARIO;1572501;08/09/2026;4;360868;08/09/2026;CHS MOTORS VEICULOS PECAS E SERV LTDA  ;1,69E+13;SAO PAULO;SP;08/09/2026;10/09/2026;09/09/2026;Entregue No Prazo;;Entrega realizada;Entrega Finalizada;10;9;8;9;XD DIADEMA;26037;;;
MOBIS BRASIL FABRICACAO DE AUTO PECAS LT;RODOVIARIO;1572503;08/09/2026;12;360878;08/09/2026;BILLY DISTRIBUIDORA DE VEICULOS LTDA;1,34E+13;SAO CAETANO DO SUL;SP;08/09/2026;10/09/2026;08/09/2026;Entregue No Prazo;;Entrega realizada;Entrega Finalizada;10;9;8;9;BV LOG;26003;;;
MOBIS BRASIL FABRICACAO DE AUTO PECAS LT;RODOVIARIO;1572506;08/09/2026;2;360866;08/09/2026;CAOA MOTOR DO BRASIL LTDA (VL PRUDENTE);1,68E+13;SAO PAULO;SP;08/09/2026;10/09/2026;09/09/2026;Entregue No Prazo;;Entrega realizada;Entrega Finalizada;10;9;8;9;XD DIADEMA;26051;;;
MOBIS BRASIL FABRICACAO DE AUTO PECAS LT;RODOVIARIO;1572512;08/09/2026;1;360865;08/09/2026;CAOA MOTOR DO BRASIL LTDA (INDIANOPOLIS);1,68E+13;SAO PAULO;SP;08/09/2026;10/09/2026;09/09/2026;Entregue No Prazo;;Entrega realizada;Entrega Finalizada;10;9;8;9;XD DIADEMA;26091;;;
MOBIS BRASIL FABRICACAO DE AUTO PECAS LT;RODOVIARIO;1572513;08/09/2026;2;360867;08/09/2026;CHS MOTORS VEICULOS PECAS E SERV. LTDA;1,69E+13;OSASCO;SP;08/09/2026;10/09/2026;09/09/2026;Entregue No Prazo;;Entrega realizada;Entrega Finalizada;10;9;8;9;XD DIADEMA;26106;;;
MOBIS BRASIL FABRICACAO DE AUTO PECAS LT;RODOVIARIO;1571707;04/09/2026;100;360863;08/09/2026;ANDRETA II DISTRIBUIDORA DE VEIC. LTDA;9,10E+12;CAMPINAS;SP;08/09/2026;11/09/2026;08/09/2026;Entregue No Prazo;;Entrega realizada;Entrega Finalizada;11;9;8;9;BV LOG;26011;;;
MOBIS BRASIL FABRICACAO DE AUTO PECAS LT;RODOVIARIO;1571708;04/09/2026;54;360851;08/09/2026;MOTONET COMERCIO DE VEICULOS LTDA;9,28E+12;SOROCABA;SP;08/09/2026;11/09/2026;08/09/2026;Entregue No Prazo;;Entrega realizada;Entrega Finalizada;11;9;8;9;BV LOG;26113;;;
MOBIS BRASIL FABRICACAO DE AUTO PECAS LT;RODOVIARIO;1571709;04/09/2026;50;361088;08/09/2026;NEW VEICULOS E PECAS LTDA;1,59E+13;RIBEIRAO PRETO;SP;08/09/2026;11/09/2026;09/09/2026;Entregue No Prazo;;Entrega realizada;Entrega Finalizada;11;9;8;9;BV LOG;26014;;;
MOBIS BRASIL FABRICACAO DE AUTO PECAS LT;RODOVIARIO;1572448;08/09/2026;9;360873;08/09/2026;TAI MOTORS VEICULOS S/A;9,27E+12;BELO HORIZONTE;MG;08/09/2026;11/09/2026;10/09/2026;Entregue No Prazo;;Entrega realizada;Entrega Finalizada;11;9;8;9;XD BETIM;8002;;;
MOBIS BRASIL FABRICACAO DE AUTO PECAS LT;RODOVIARIO;1572450;08/09/2026;57;360864;08/09/2026;BDG AUTOVILLE VEICULOS LTDA;4,77E+13;CONTAGEM;MG;08/09/2026;11/09/2026;10/09/2026;Entregue No Prazo;;Entrega realizada;Entrega Finalizada;11;9;8;9;XD BETIM;11037;;;
MOBIS BRASIL FABRICACAO DE AUTO PECAS LT;RODOVIARIO;1572464;08/09/2026;2;360895;08/09/2026;SEVEC VEICULOS LTDA;5,68E+11;CURITIBA;PR;08/09/2026;11/09/2026;10/09/2026;Entregue No Prazo;;10/09 Em transferencia para a cidade de destino;Entrega Finalizada;11;9;8;9;TRANSTRY;18012;;;
MOBIS BRASIL FABRICACAO DE AUTO PECAS LT;RODOVIARIO;1572466;08/09/2026;1;360884;08/09/2026;BARI VEICULOS LTDA.;7,46E+12;CURITIBA;PR;08/09/2026;11/09/2026;10/09/2026;Entregue No Prazo;;10/09 Em transferencia para a cidade de destino;Entrega Finalizada;11;9;8;9;TRANSTRY;18029;;;
MOBIS BRASIL FABRICACAO DE AUTO PECAS LT;RODOVIARIO;1572467;08/09/2026;2;360883;08/09/2026;BARI VEICULOS LTDA;7,46E+12;CURITIBA;PR;08/09/2026;11/09/2026;10/09/2026;Entregue No Prazo;;10/09 Em transferencia para a cidade de destino;Entrega Finalizada;11;9;8;9;TRANSTRY;18024;;;
MOBIS BRASIL FABRICACAO DE AUTO PECAS LT;RODOVIARIO;1572497;08/09/2026;2;360857;08/09/2026;DHC COMERCIO DE VEICULOS E PECAS LTDA;9,52E+12;BAURU;SP;08/09/2026;11/09/2026;10/09/2026;Entregue No Prazo;;Entrega realizada;Entrega Finalizada;11;9;8;9;MVT;26010;;;
MOBIS BRASIL FABRICACAO DE AUTO PECAS LT;RODOVIARIO;1572498;08/09/2026;12;360863;08/09/2026;ANDRETA II DISTRIBUIDORA DE VEIC. LTDA;9,10E+12;CAMPINAS;SP;08/09/2026;11/09/2026;08/09/2026;Entregue No Prazo;;Entrega realizada;Entrega Finalizada;11;9;8;9;BV LOG;26011;;;
MOBIS BRASIL FABRICACAO DE AUTO PECAS LT;RODOVIARIO;1572499;08/09/2026;2;360862;08/09/2026;MOTONET COMERCIO DE VEICULOS LTDA;9,28E+12;SOROCABA;SP;08/09/2026;11/09/2026;10/09/2026;Entregue No Prazo;;Entrega realizada;Entrega Finalizada;11;9;8;9;MVT;26113;;;
MOBIS BRASIL FABRICACAO DE AUTO PECAS LT;RODOVIARIO;1572500;08/09/2026;35;361088;08/09/2026;NEW VEICULOS E PECAS LTDA;1,59E+13;RIBEIRAO PRETO;SP;08/09/2026;11/09/2026;09/09/2026;Entregue No Prazo;;Entrega realizada;Entrega Finalizada;11;9;8;9;BV LOG;26014;;;
MOBIS BRASIL FABRICACAO DE AUTO PECAS LT;RODOVIARIO;1572502;08/09/2026;8;360855;08/09/2026;ANDRETA II DISTRIBUIDORA DE VEIC. LTDA;9,10E+12;JUNDIAI;SP;08/09/2026;11/09/2026;10/09/2026;Entregue No Prazo;;Entrega realizada;Entrega Finalizada;11;9;8;9;MVT;26011;;;
MOBIS BRASIL FABRICACAO DE AUTO PECAS LT;RODOVIARIO;1572504;08/09/2026;1;360854;08/09/2026;ANDRETA II DISTRIBUIDORA DE VEIC. LTDA;9,10E+12;INDAIATUBA;SP;08/09/2026;11/09/2026;09/09/2026;Entregue No Prazo;;Entrega realizada;Entrega Finalizada;11;9;8;9;MVT;26011;;;
MOBIS BRASIL FABRICACAO DE AUTO PECAS LT;RODOVIARIO;1572446;08/09/2026;4;360875;08/09/2026;URCA MOTORS VEICULOS LTDA;8,77E+12;UBERLANDIA;MG;08/09/2026;14/09/2026;11/09/2026;Entregue No Prazo;;Entrega realizada;Entrega Finalizada;14;9;8;9;XD BETIM;9014;;;
MOBIS BRASIL FABRICACAO DE AUTO PECAS LT;RODOVIARIO;1572465;08/09/2026;12;360882;08/09/2026;BARI VEICULOS LTDA;7,46E+12;PONTA GROSSA;PR;08/09/2026;14/09/2026;11/09/2026;Entregue No Prazo;;Entrega realizada;Entrega Finalizada;14;9;8;9;TRANSTRY;18024;;;
MOBIS BRASIL FABRICACAO DE AUTO PECAS LT;RODOVIARIO;1572468;08/09/2026;1;360909;08/09/2026;ITAVEMA MOTORS VEICULOS LTDA;7,73E+12;DUQUE DE CAXIAS;RJ;08/09/2026;14/09/2026;10/09/2026;Entregue No Prazo;;Entrega realizada;Entrega Finalizada;14;9;8;9;CAMILO;19001;;;
MOBIS BRASIL FABRICACAO DE AUTO PECAS LT;RODOVIARIO;1572469;08/09/2026;6;360897;08/09/2026;AMX COM. E SERVICOS DE AUTOMOTORES LTDA;1,20E+13;RIO DE JANEIRO;RJ;08/09/2026;14/09/2026;10/09/2026;Entregue No Prazo;;Entrega realizada;Entrega Finalizada;14;9;8;9;CAMILO;19009;;;
MOBIS BRASIL FABRICACAO DE AUTO PECAS LT;RODOVIARIO;1572472;08/09/2026;1;360910;08/09/2026;ITAVEMA MOTORS VEICULOS LTDA;7,73E+12;RIO DE JANEIRO;RJ;08/09/2026;14/09/2026;11/09/2026;Entregue No Prazo;;Entrega realizada;Entrega Finalizada;14;9;8;9;CAMILO;19001;;;
MOBIS BRASIL FABRICACAO DE AUTO PECAS LT;RODOVIARIO;1572473;08/09/2026;15;360910;08/09/2026;ITAVEMA MOTORS VEICULOS LTDA;7,73E+12;RIO DE JANEIRO;RJ;08/09/2026;14/09/2026;11/09/2026;Entregue No Prazo;;Entrega realizada;Entrega Finalizada;14;9;8;9;CAMILO;19001;;;
MOBIS BRASIL FABRICACAO DE AUTO PECAS LT;RODOVIARIO;1572474;08/09/2026;1;360899;08/09/2026;CAOA MOTOR DO BRASIL LTDA;1,68E+13;RIO DE JANEIRO;RJ;08/09/2026;14/09/2026;14/09/2026;Entregue No Prazo;;Entrega realizada;Entrega Finalizada;14;9;8;9;CAMILO;5008;;;
MOBIS BRASIL FABRICACAO DE AUTO PECAS LT;RODOVIARIO;1572479;08/09/2026;3;360889;08/09/2026;HOUSE PARTS - COM. DE PECAS E VEIC. LTDA;1,15E+13;PORTO ALEGRE;RS;08/09/2026;14/09/2026;11/09/2026;Entregue No Prazo;;Entrega realizada;Entrega Finalizada;14;9;8;9;TRANSTRY;23004;;;
MOBIS BRASIL FABRICACAO DE AUTO PECAS LT;RODOVIARIO;1572480;08/09/2026;2;360885;08/09/2026;CARWAY SUL VEICULOS LTDA;1,03E+13;CANOAS;RS;08/09/2026;14/09/2026;11/09/2026;Entregue No Prazo;;Entrega realizada;Entrega Finalizada;14;9;8;9;TRANSTRY;23003;;;
MOBIS BRASIL FABRICACAO DE AUTO PECAS LT;RODOVIARIO;1572481;08/09/2026;2;360885;08/09/2026;CARWAY SUL VEICULOS LTDA;1,03E+13;CANOAS;RS;08/09/2026;14/09/2026;11/09/2026;Entregue No Prazo;;Entrega realizada;Entrega Finalizada;14;9;8;9;TRANSTRY;23003;;;
MOBIS BRASIL FABRICACAO DE AUTO PECAS LT;RODOVIARIO;1572493;08/09/2026;2;360861;08/09/2026;HYMAX DISTRIBUIDORA DE VEICULOS LTDA;1,73E+13;MOGI GUACU;SP;08/09/2026;14/09/2026;10/09/2026;Entregue No Prazo;;Entrega realizada;Entrega Finalizada;14;9;8;9;MVT;26002;;;
MOBIS BRASIL FABRICACAO DE AUTO PECAS LT;RODOVIARIO;1572494;08/09/2026;4;360861;08/09/2026;HYMAX DISTRIBUIDORA DE VEICULOS LTDA;1,73E+13;MOGI GUACU;SP;08/09/2026;14/09/2026;10/09/2026;Entregue No Prazo;;Entrega realizada;Entrega Finalizada;14;9;8;9;MVT;26002;;;
MOBIS BRASIL FABRICACAO DE AUTO PECAS LT;RODOVIARIO;1572505;08/09/2026;1;360860;08/09/2026;H R B COMERCIO DE VEICULOS LTDA;1,82E+13;SAO JOSE DO RIO PRETO;SP;08/09/2026;14/09/2026;09/09/2026;Entregue No Prazo;;Entrega realizada;Entrega Finalizada;14;9;8;9;MVT;26050;;;
MOBIS BRASIL FABRICACAO DE AUTO PECAS LT;RODOVIARIO;1572507;08/09/2026;1;360859;08/09/2026;GOLDEN MOTORS VEICULOS LTDA;3,62E+12;ARACATUBA;SP;08/09/2026;14/09/2026;10/09/2026;Entregue No Prazo;;Entrega realizada;Entrega Finalizada;14;9;8;9;MVT;12001;;;
MOBIS BRASIL FABRICACAO DE AUTO PECAS LT;RODOVIARIO;1572508;08/09/2026;1;360858;08/09/2026;DHC COMERCIO DE VEICULOS E PECAS LTDA;9,52E+12;BOTUCATU;SP;08/09/2026;14/09/2026;09/09/2026;Entregue No Prazo;;Entrega realizada;Entrega Finalizada;14;9;8;9;MVT;26010;;;
MOBIS BRASIL FABRICACAO DE AUTO PECAS LT;RODOVIARIO;1572509;08/09/2026;1;360856;08/09/2026;DESTAQUE SEUL DISTR DE VEIC PEC LTDA;2,12E+13;CARAGUATATUBA;SP;08/09/2026;14/09/2026;11/09/2026;Entregue No Prazo;;Entrega realizada;Entrega Finalizada;14;9;8;9;MVT;26082;;;
MOBIS BRASIL FABRICACAO DE AUTO PECAS LT;RODOVIARIO;1572435;08/09/2026;26;360928;08/09/2026;VIA BRASIL AUTOMOVEIS LTDA.;4,72E+12;SERRA;ES;08/09/2026;15/09/2026;14/09/2026;Entregue No Prazo;;Entrega realizada;Entrega Finalizada;15;9;8;9;CAMILO;8001;;;
MOBIS BRASIL FABRICACAO DE AUTO PECAS LT;RODOVIARIO;1572436;08/09/2026;7;360925;08/09/2026;TAI MOTORS VEICULOS S/A;9,27E+12;VITORIA;ES;08/09/2026;15/09/2026;14/09/2026;Entregue No Prazo;;Entrega realizada;Entrega Finalizada;15;9;8;9;CAMILO;8002;;;
MOBIS BRASIL FABRICACAO DE AUTO PECAS LT;RODOVIARIO;1572447;08/09/2026;1;360877;08/09/2026;VITAL COMERCIO DE VEICULOS LTDA;1,05E+13;IPATINGA;MG;08/09/2026;15/09/2026;11/09/2026;Entregue No Prazo;;Entrega realizada;Entrega Finalizada;15;9;8;9;XD BETIM;11016;;;
MOBIS BRASIL FABRICACAO DE AUTO PECAS LT;RODOVIARIO;1572449;08/09/2026;1;360869;08/09/2026;GNC GRANDE COREIA MINAS GERAIS COMERCIO;4,27E+13;MONTES CLAROS;MG;08/09/2026;15/09/2026;11/09/2026;Entregue No Prazo;;Entrega realizada;Entrega Finalizada;15;9;8;9;XD BETIM;11035;;;
MOBIS BRASIL FABRICACAO DE AUTO PECAS LT;RODOVIARIO;1572463;08/09/2026;1;360894;08/09/2026;SANTA FE VEICULOS LTDA.;1,16E+13;FRANCISCO BELTRAO;PR;08/09/2026;15/09/2026;10/09/2026;Entregue No Prazo;;Entrega realizada;Entrega Finalizada;15;9;8;9;TRANSTRY;18010;;;
MOBIS BRASIL FABRICACAO DE AUTO PECAS LT;RODOVIARIO;1572471;08/09/2026;3;360906;08/09/2026;GRAFFITI VEICULOS LTDA.;1,71E+13;ITAPERUNA;RJ;08/09/2026;15/09/2026;14/09/2026;Entregue No Prazo;;Entrega realizada;Entrega Finalizada;15;9;8;9;CAMILO;19015;;;
MOBIS BRASIL FABRICACAO DE AUTO PECAS LT;RODOVIARIO;1572475;08/09/2026;2;360926;08/09/2026;TAI MOTORS VEICULOS S/A;9,27E+12;CAMPOS DOS GOYTACAZES;RJ;08/09/2026;15/09/2026;14/09/2026;Entregue No Prazo;;Entrega realizada;Entrega Finalizada;15;9;8;9;CAMILO;8002;;;
MOBIS BRASIL FABRICACAO DE AUTO PECAS LT;RODOVIARIO;1572476;08/09/2026;2;360913;08/09/2026;MONTREAL VEICULOS E PECAS LTDA;1,68E+13;SAO PEDRO DA ALDEIA;RJ;08/09/2026;15/09/2026;14/09/2026;Entregue No Prazo;;Entrega realizada;Entrega Finalizada;15;9;8;9;CAMILO;19030;;;
MOBIS BRASIL FABRICACAO DE AUTO PECAS LT;RODOVIARIO;1572483;08/09/2026;3;360888;08/09/2026;GALA COMERCIO DE VEICULOS LTDA.;1,77E+13;PELOTAS;RS;08/09/2026;15/09/2026;15/09/2026;Entregue No Prazo;;Entrega realizada;Entrega Finalizada;15;9;8;9;TRANSTRY;23009;;;
MOBIS BRASIL FABRICACAO DE AUTO PECAS LT;RODOVIARIO;1572486;08/09/2026;1;360892;08/09/2026;HOUSE PARTS COMERCIO DE PECAS E VEI;1,15E+13;CAXIAS DO SUL;RS;08/09/2026;15/09/2026;11/09/2026;Entregue No Prazo;;Entrega realizada;Entrega Finalizada;15;9;8;9;TRANSTRY;23023;;;
MOBIS BRASIL FABRICACAO DE AUTO PECAS LT;RODOVIARIO;1572487;08/09/2026;1;360880;08/09/2026;ATUAL VEICULOS LTDA;1,33E+13;ARARANGUA;SC;08/09/2026;15/09/2026;14/09/2026;Entregue No Prazo;;Entrega realizada;Entrega Finalizada;15;9;8;9;TRANSTRY;24001;;;
MOBIS BRASIL FABRICACAO DE AUTO PECAS LT;RODOVIARIO;1572488;08/09/2026;2;360881;08/09/2026;ATUAL VEICULOS LTDA;1,33E+13;TUBARAO;SC;08/09/2026;15/09/2026;14/09/2026;Entregue No Prazo;;Entrega realizada;Entrega Finalizada;15;9;8;9;TRANSTRY;24001;;;
MOBIS BRASIL FABRICACAO DE AUTO PECAS LT;RODOVIARIO;1572489;08/09/2026;4;360893;08/09/2026;LR COMERCIO DE VEICULOS LTDA;1,05E+13;SAO JOSE;SC;08/09/2026;15/09/2026;11/09/2026;Entregue No Prazo;;Entrega realizada;Entrega Finalizada;15;9;8;9;TRANSTRY;24007;;;
MOBIS BRASIL FABRICACAO DE AUTO PECAS LT;RODOVIARIO;1572437;08/09/2026;3;360919;08/09/2026;PRIME CACHOEIRO VEICULOS LTDA;9,34E+12;CACHOEIRO DE ITAPEMIRIM;ES;08/09/2026;16/09/2026;14/09/2026;Entregue No Prazo;;Entrega realizada;Entrega Finalizada;16;9;8;9;CAMILO;8004;Emancipação Política de Alagoas;Estadual;AL
MOBIS BRASIL FABRICACAO DE AUTO PECAS LT;RODOVIARIO;1572438;08/09/2026;2;360927;08/09/2026;TAI MOTORS VEICULOS SA;9,27E+12;COLATINA;ES;08/09/2026;16/09/2026;14/09/2026;Entregue No Prazo;;Entrega realizada;Entrega Finalizada;16;9;8;9;CAMILO;8006;Emancipação Política de Alagoas;Estadual;AL
MOBIS BRASIL FABRICACAO DE AUTO PECAS LT;RODOVIARIO;1572439;08/09/2026;1;360872;08/09/2026;SAGA KOREA COM. DE VEIC. E PC. LTDA;1,27E+13;GOIANIA;GO;08/09/2026;16/09/2026;11/09/2026;Entregue No Prazo;;Entrega realizada;Entrega Finalizada;16;9;8;9;RIO VERMELHO;9011;Emancipação Política de Alagoas;Estadual;AL
MOBIS BRASIL FABRICACAO DE AUTO PECAS LT;RODOVIARIO;1572440;08/09/2026;3;360872;08/09/2026;SAGA KOREA COM. DE VEIC. E PC. LTDA;1,27E+13;GOIANIA;GO;08/09/2026;16/09/2026;11/09/2026;Entregue No Prazo;;Entrega realizada;Entrega Finalizada;16;9;8;9;RIO VERMELHO;9011;Emancipação Política de Alagoas;Estadual;AL
MOBIS BRASIL FABRICACAO DE AUTO PECAS LT;RODOVIARIO;1572451;08/09/2026;3;360905;08/09/2026;GOLDEN MOTORS VEICULOS LTDA;3,62E+12;DOURADOS;MS;08/09/2026;16/09/2026;14/09/2026;Entregue No Prazo;;Entrega realizada;Entrega Finalizada;16;9;8;9;CARVALIMA;12001;Emancipação Política de Alagoas;Estadual;AL
MOBIS BRASIL FABRICACAO DE AUTO PECAS LT;RODOVIARIO;1572452;08/09/2026;1;360904;08/09/2026;GOLDEN MOTORS VEICULOS LTDA;3,62E+12;TRES LAGOAS;MS;08/09/2026;16/09/2026;10/09/2026;Entregue No Prazo;;Entrega realizada;Entrega Finalizada;16;9;8;9;CARVALIMA;12001;Emancipação Política de Alagoas;Estadual;AL
MOBIS BRASIL FABRICACAO DE AUTO PECAS LT;RODOVIARIO;1572453;08/09/2026;1;360911;08/09/2026;JPG MOTORS COMERCIO DE VEICULOS LTDA;2,91E+13;CAMPO GRANDE;MS;08/09/2026;16/09/2026;11/09/2026;Entregue No Prazo;;Entrega realizada;Entrega Finalizada;16;9;8;9;CARVALIMA;12005;Emancipação Política de Alagoas;Estadual;AL
MOBIS BRASIL FABRICACAO DE AUTO PECAS LT;RODOVIARIO;1572482;08/09/2026;3;360890;08/09/2026;HOUSE PARTS - COM. DE PECAS E VEIC. LTDA;1,15E+13;SANTA MARIA;RS;08/09/2026;16/09/2026;11/09/2026;Entregue No Prazo;;Entrega realizada;Entrega Finalizada;16;9;8;9;TRANSTRY;23008;Emancipação Política de Alagoas;Estadual;AL
MOBIS BRASIL FABRICACAO DE AUTO PECAS LT;RODOVIARIO;1572484;08/09/2026;1;360891;08/09/2026;HOUSE PARTS - COM. DE PECAS E VEIC. LTDA;1,15E+13;LAJEADO;RS;08/09/2026;16/09/2026;14/09/2026;Entregue No Prazo;;Entrega realizada;Entrega Finalizada;16;9;8;9;TRANSTRY;23018;Emancipação Política de Alagoas;Estadual;AL
MOBIS BRASIL FABRICACAO DE AUTO PECAS LT;RODOVIARIO;1572490;08/09/2026;4;360886;08/09/2026;CHINHAN AUTOMOVEIS LTDA;2,41E+13;CONCORDIA;SC;08/09/2026;16/09/2026;15/09/2026;Entregue No Prazo;;Entrega realizada;Entrega Finalizada;16;9;8;9;TRANSTRY;23019;Emancipação Política de Alagoas;Estadual;AL
MOBIS BRASIL FABRICACAO DE AUTO PECAS LT;RODOVIARIO;1572454;08/09/2026;1;360920;08/09/2026;SAGA ASIA COM. DE VEIC.PC.E SERV. LTDA;2,23E+13;VARZEA GRANDE;MT;08/09/2026;17/09/2026;14/09/2026;Entregue No Prazo;;Entrega realizada;Entrega Finalizada;17;9;8;9;CARVALIMA;13004;;;
MOBIS BRASIL FABRICACAO DE AUTO PECAS LT;RODOVIARIO;1572455;08/09/2026;1;360920;08/09/2026;SAGA ASIA COM. DE VEIC.PC.E SERV. LTDA;2,23E+13;VARZEA GRANDE;MT;08/09/2026;17/09/2026;14/09/2026;Entregue No Prazo;;Entrega realizada;Entrega Finalizada;17;9;8;9;CARVALIMA;13004;;;
MOBIS BRASIL FABRICACAO DE AUTO PECAS LT;RODOVIARIO;1572491;08/09/2026;5;360887;08/09/2026;CHINHAN AUTOMOVEIS LTDA.;2,41E+13;CACADOR;SC;08/09/2026;17/09/2026;10/09/2026;Entregue No Prazo;;Entrega realizada;Entrega Finalizada;17;9;8;9;TRANSTRY;24020;;;
MOBIS BRASIL FABRICACAO DE AUTO PECAS LT;RODOVIARIO;1572517;08/09/2026;1;360871;08/09/2026;PRIVILLEGE DISTRIBUIDORA DE VEICULOS LTD;1,72E+13;PALMAS;TO;08/09/2026;17/09/2026;16/09/2026;Entregue No Prazo;;Entrega realizada;Entrega Finalizada;17;9;8;9;RIO VERMELHO;27003;;;
MOBIS BRASIL FABRICACAO DE AUTO PECAS LT;RODOVIARIO;1572431;08/09/2026;6;360903;08/09/2026;FAZZA MOTORS COMERCIO DE VEICULOS LTDA;1,24E+13;SALVADOR;BA;08/09/2026;18/09/2026;16/09/2026;Entregue No Prazo;;Entrega realizada;Entrega Finalizada;18;9;8;9;TERMACO;5007;;;
MOBIS BRASIL FABRICACAO DE AUTO PECAS LT;RODOVIARIO;1572441;08/09/2026;1;360876;08/09/2026;URCA MOTORS VEICULOS LTDA;8,77E+12;RIO VERDE;GO;08/09/2026;18/09/2026;16/09/2026;Entregue No Prazo;;Entrega realizada;Entrega Finalizada;18;9;8;9;RIO VERMELHO;9014;;;
MOBIS BRASIL FABRICACAO DE AUTO PECAS LT;RODOVIARIO;1572442;08/09/2026;1;360874;08/09/2026;URCA MOTORS VEICULOS LTDA;8,77E+12;ITUMBIARA;GO;08/09/2026;18/09/2026;14/09/2026;Entregue No Prazo;;Entrega realizada;Entrega Finalizada;18;9;8;9;RIO VERMELHO;9014;;;
MOBIS BRASIL FABRICACAO DE AUTO PECAS LT;RODOVIARIO;1572457;08/09/2026;6;360907;08/09/2026;GRANDE COREIA COMERCIO DE VEICULOS LTDA;2,66E+13;BELEM;PA;08/09/2026;21/09/2026;16/09/2026;Entregue No Prazo;;Entrega realizada;Entrega Finalizada;21;9;8;9;CARVALIMA;14007;;;
MOBIS BRASIL FABRICACAO DE AUTO PECAS LT;RODOVIARIO;1572458;08/09/2026;3;360907;08/09/2026;GRANDE COREIA COMERCIO DE VEICULOS LTDA;2,66E+13;BELEM;PA;08/09/2026;21/09/2026;16/09/2026;Entregue No Prazo;;Entrega realizada;Entrega Finalizada;21;9;8;9;CARVALIMA;14007;;;
MOBIS BRASIL FABRICACAO DE AUTO PECAS LT;RODOVIARIO;1572478;08/09/2026;2;360921;08/09/2026;SAGA ASIA COM. DE VEIC.PC.E SERV. LTDA;2,14E+13;PORTO VELHO;RO;08/09/2026;21/09/2026;17/09/2026;Entregue No Prazo;Avaria;Entrega realizada;Entrega Finalizada;21;9;8;9;CARVALIMA;21003;;;
MOBIS BRASIL FABRICACAO DE AUTO PECAS LT;RODOVIARIO;1572492;08/09/2026;2;360923;08/09/2026;SAINT LAND COMERCIO DE VEICULOS LTDA;1,04E+13;ARACAJU;SE;08/09/2026;21/09/2026;18/09/2026;Entregue No Prazo;;Entrega realizada;Entrega Finalizada;21;9;8;9;TERMACO;6010;;;
MOBIS BRASIL FABRICACAO DE AUTO PECAS LT;RODOVIARIO;1572516;08/09/2026;1;360924;08/09/2026;SEVEL VEICULOS LTDA;1,07E+13;ARACAJU;SE;08/09/2026;21/09/2026;18/09/2026;Entregue No Prazo;;Entrega realizada;Entrega Finalizada;21;9;8;9;TERMACO;25001;;;
MOBIS BRASIL FABRICACAO DE AUTO PECAS LT;RODOVIARIO;1572429;08/09/2026;4;360900;08/09/2026;CYCOSA AUTOMOVEIS LTDA;4,76E+12;MACEIO;AL;08/09/2026;22/09/2026;18/09/2026;Entregue No Prazo;;Entrega realizada;Entrega Finalizada;22;9;8;9;TERMACO;2001;;;
MOBIS BRASIL FABRICACAO DE AUTO PECAS LT;RODOVIARIO;1572434;08/09/2026;62;360902;08/09/2026;FAZZA MOTORS COMERCIO DE VEICULOS LTDA;1,24E+13;FORTALEZA;CE;08/09/2026;22/09/2026;15/09/2026;Entregue No Prazo;;Entrega realizada;Entrega Finalizada;22;9;8;9;TERMACO;5007;;;
MOBIS BRASIL FABRICACAO DE AUTO PECAS LT;RODOVIARIO;1572443;08/09/2026;3;360870;08/09/2026;NASA MOTORS LTDA.;2,65E+13;SAO LUIS DE MONTES BELOS;GO;08/09/2026;22/09/2026;30/09/2026;Entregue Fora do Prazo;;Entrega realizada;Entrega Finalizada;22;9;8;9;RIO VERMELHO;9016;;;
MOBIS BRASIL FABRICACAO DE AUTO PECAS LT;RODOVIARIO;1572444;08/09/2026;30;360870;08/09/2026;NASA MOTORS LTDA.;2,65E+13;SAO LUIS DE MONTES BELOS;GO;08/09/2026;22/09/2026;30/09/2026;Entregue Fora do Prazo;;Entrega realizada;Entrega Finalizada;22;9;8;9;RIO VERMELHO;9016;;;
MOBIS BRASIL FABRICACAO DE AUTO PECAS LT;RODOVIARIO;1572456;08/09/2026;6;360914;08/09/2026;NACIONAL NOVA MARABA DIST DE VEIC. LTDA;1,70E+13;MARABA;PA;08/09/2026;22/09/2026;15/09/2026;Entregue No Prazo;;Entrega realizada;Entrega Finalizada;22;9;8;9;CARVALIMA;14005;;;
MOBIS BRASIL FABRICACAO DE AUTO PECAS LT;RODOVIARIO;1572518;08/09/2026;14;360901;08/09/2026;FAZZA MOTORS COM. DE VEICULOS LTDA;1,24E+13;FORTALEZA;CE;08/09/2026;22/09/2026;18/09/2026;Entregue No Prazo;;Entrega realizada;Entrega Finalizada;22;9;8;9;TERMACO;6001;;;
MOBIS BRASIL FABRICACAO DE AUTO PECAS LT;RODOVIARIO;1572430;08/09/2026;8;360896;08/09/2026;AIKON VEICULOS LTDA;1,17E+13;VITORIA DA CONQUISTA;BA;08/09/2026;23/09/2026;15/09/2026;Entregue No Prazo;;Entrega realizada;Entrega Finalizada;23;9;8;9;TERMACO;5002;;;
MOBIS BRASIL FABRICACAO DE AUTO PECAS LT;RODOVIARIO;1572432;08/09/2026;7;360916;08/09/2026;PATEO COMERCIO DE VEICULOS S A;7,78E+12;FEIRA DE SANTANA;BA;08/09/2026;23/09/2026;16/09/2026;Entregue No Prazo;;Entrega realizada;Entrega Finalizada;23;9;8;9;TERMACO;5009;;;
MOBIS BRASIL FABRICACAO DE AUTO PECAS LT;RODOVIARIO;1572433;08/09/2026;1;360912;08/09/2026;MASTER COMERCIAL DE VEICULOS LTDA;2,85E+13;BARREIRAS;BA;08/09/2026;23/09/2026;17/09/2026;Entregue No Prazo;;Entrega realizada;Entrega Finalizada;23;9;8;9;TERMACO;5012;;;
MOBIS BRASIL FABRICACAO DE AUTO PECAS LT;RODOVIARIO;1572445;08/09/2026;1;360915;08/09/2026;PATEO COMERCIO DE VEICULOS S A;7,78E+12;SAO LUIS;MA;08/09/2026;23/09/2026;16/09/2026;Entregue No Prazo;;Entrega realizada;Entrega Finalizada;23;9;8;9;TERMACO;10002;;;
MOBIS BRASIL FABRICACAO DE AUTO PECAS LT;RODOVIARIO;1572459;08/09/2026;23;360918;08/09/2026;PATEO COMERCIO DE VEICULOS S A;7,78E+12;JOAO PESSOA;PB;08/09/2026;23/09/2026;23/09/2026;Entregue No Prazo;;Entrega realizada;Entrega Finalizada;23;9;8;9;TERMACO;15003;;;
MOBIS BRASIL FABRICACAO DE AUTO PECAS LT;RODOVIARIO;1572461;08/09/2026;1;360917;08/09/2026;PATEO COMERCIO DE VEICULOS S A;7,78E+12;RECIFE;PE;08/09/2026;23/09/2026;21/09/2026;Entregue No Prazo;;Entrega realizada;Entrega Finalizada;23;9;8;9;TERMACO;16004;;;
MOBIS BRASIL FABRICACAO DE AUTO PECAS LT;RODOVIARIO;1572477;08/09/2026;3;360922;08/09/2026;SAINT LAND COMERCIO DE VEICULOS LTDA;1,04E+13;NATAL;RN;08/09/2026;23/09/2026;17/09/2026;Entregue No Prazo;;Entrega realizada;Entrega Finalizada;23;9;8;9;TERMACO;6010;;;
MOBIS BRASIL FABRICACAO DE AUTO PECAS LT;RODOVIARIO;1572460;08/09/2026;4;360898;08/09/2026;AUTORAC VEICULOS LTDA;1,06E+13;CARUARU;PE;08/09/2026;24/09/2026;16/09/2026;Entregue No Prazo;;Entrega realizada;Entrega Finalizada;24;9;8;9;TERMACO;16001;;;
MOBIS BRASIL FABRICACAO DE AUTO PECAS LT;RODOVIARIO;1572462;08/09/2026;3;360908;08/09/2026;GREEN CITY VEICULOS LTDA;2,10E+13;TERESINA;PI;08/09/2026;24/09/2026;17/09/2026;Entregue No Prazo;;Entrega realizada;Entrega Finalizada;24;9;8;9;TERMACO;17002;;;
MOBIS BRASIL FABRICACAO DE AUTO PECAS LT;RODOVIARIO;1572496;08/09/2026;10;361096;09/09/2026;NOBRE DISTRIBUIDORA DE VEICULOS E PECAS;5,76E+12;MOGI DAS CRUZES;SP;09/09/2026;11/09/2026;09/09/2026;Entregue No Prazo;;Entrega realizada;Entrega Finalizada;11;9;9;9;BV LOG;26004;;;
MOBIS BRASIL FABRICACAO DE AUTO PECAS LT;RODOVIARIO;1572511;08/09/2026;26;361095;09/09/2026;GRANDAY AUTOMOTORES LTDA (CHAC. CALIFOR);1,57E+13;SAO PAULO;SP;09/09/2026;11/09/2026;09/09/2026;Entregue No Prazo;;Entrega realizada;Entrega Finalizada;11;9;9;9;BV LOG;26090;;;
MOBIS BRASIL FABRICACAO DE AUTO PECAS LT;RODOVIARIO;1573368;09/09/2026;9;361129;09/09/2026;NOBRE DISTRIBUIDORA DE VEICULOS E PECAS;5,76E+12;MOGI DAS CRUZES;SP;09/09/2026;11/09/2026;10/09/2026;Entregue No Prazo;;Entrega realizada;Entrega Finalizada;11;9;9;9;XD DIADEMA;26004;;;
MOBIS BRASIL FABRICACAO DE AUTO PECAS LT;RODOVIARIO;1573376;09/09/2026;2;361119;09/09/2026;BILLY DISTRIBUIDORA DE VEICULOS LTDA;1,34E+13;DIADEMA;SP;09/09/2026;11/09/2026;10/09/2026;Entregue No Prazo;;Entrega realizada;Entrega Finalizada;11;9;9;9;XD DIADEMA;26003;;;
MOBIS BRASIL FABRICACAO DE AUTO PECAS LT;RODOVIARIO;1573378;09/09/2026;7;361123;09/09/2026;CAOA MOTOR DO BRASIL LTDA (VL PRUDENTE);1,68E+13;SAO PAULO;SP;09/09/2026;11/09/2026;10/09/2026;Entregue No Prazo;;Entrega realizada;Entrega Finalizada;11;9;9;9;XD DIADEMA;26051;;;
MOBIS BRASIL FABRICACAO DE AUTO PECAS LT;RODOVIARIO;1573379;09/09/2026;1;361122;09/09/2026;CAOA MOTOR DO BRASIL LTDA (IPIRANGA);1,68E+13;SAO PAULO;SP;09/09/2026;11/09/2026;10/09/2026;Entregue No Prazo;;Entrega realizada;Entrega Finalizada;11;9;9;9;XD DIADEMA;26054;;;
MOBIS BRASIL FABRICACAO DE AUTO PECAS LT;RODOVIARIO;1573384;09/09/2026;2;361124;09/09/2026;CAOA MOTOR DO BRASIL LTDA(RAP. TAVARES);1,68E+13;SAO PAULO;SP;09/09/2026;11/09/2026;10/09/2026;Entregue No Prazo;;Entrega realizada;Entrega Finalizada;11;9;9;9;XD DIADEMA;26109;;;
MOBIS BRASIL FABRICACAO DE AUTO PECAS LT;RODOVIARIO;1573305;09/09/2026;31;361136;09/09/2026;TAI MOTORS VEICULOS S/A;9,27E+12;BELO HORIZONTE;MG;09/09/2026;14/09/2026;11/09/2026;Entregue No Prazo;;Entrega realizada;Entrega Finalizada;14;9;9;9;XD BETIM;8002;;;
MOBIS BRASIL FABRICACAO DE AUTO PECAS LT;RODOVIARIO;1573306;09/09/2026;20;361125;09/09/2026;CARBEL KOREA VEICULOS LTDA;2,07E+13;BELO HORIZONTE;MG;09/09/2026;14/09/2026;11/09/2026;Entregue No Prazo;;Entrega realizada;Entrega Finalizada;14;9;9;9;XD BETIM;11021;;;
MOBIS BRASIL FABRICACAO DE AUTO PECAS LT;RODOVIARIO;1573307;09/09/2026;4;361120;09/09/2026;CAOA MOTOR DO BRASIL LTDA;1,68E+13;BELO HORIZONTE;MG;09/09/2026;14/09/2026;11/09/2026;Entregue No Prazo;;Entrega realizada;Entrega Finalizada;14;9;9;9;XD BETIM;5008;;;
MOBIS BRASIL FABRICACAO DE AUTO PECAS LT;RODOVIARIO;1573308;09/09/2026;31;361118;09/09/2026;BDG AUTOVILLE VEICULOS LTDA;4,77E+13;CONTAGEM;MG;09/09/2026;14/09/2026;11/09/2026;Entregue No Prazo;;Entrega realizada;Entrega Finalizada;14;9;9;9;XD BETIM;11037;;;
MOBIS BRASIL FABRICACAO DE AUTO PECAS LT;RODOVIARIO;1573334;09/09/2026;1;361178;09/09/2026;BARI VEICULOS LTDA;7,46E+12;CURITIBA;PR;09/09/2026;14/09/2026;10/09/2026;Entregue No Prazo;;Entrega realizada;Entrega Finalizada;14;9;9;9;TRANSTRY;18024;;;
MOBIS BRASIL FABRICACAO DE AUTO PECAS LT;RODOVIARIO;1573369;09/09/2026;3;361112;09/09/2026;DHC COMERCIO DE VEICULOS E PECAS LTDA;9,52E+12;BAURU;SP;09/09/2026;14/09/2026;10/09/2026;Entregue No Prazo;Avaria;Entrega realizada;Entrega Finalizada;14;9;9;9;MVT;26010;;;
MOBIS BRASIL FABRICACAO DE AUTO PECAS LT;RODOVIARIO;1573370;09/09/2026;9;361112;09/09/2026;DHC COMERCIO DE VEICULOS E PECAS LTDA;9,52E+12;BAURU;SP;09/09/2026;14/09/2026;10/09/2026;Entregue No Prazo;Avaria;Entrega realizada;Entrega Finalizada;14;9;9;9;MVT;26010;;;
MOBIS BRASIL FABRICACAO DE AUTO PECAS LT;RODOVIARIO;1573371;09/09/2026;1;361116;09/09/2026;MOTONET COMERCIO DE VEICULOS LTDA;9,28E+12;SOROCABA;SP;09/09/2026;14/09/2026;11/09/2026;Entregue No Prazo;;Entrega realizada;Entrega Finalizada;14;9;9;9;MVT;26113;;;
MOBIS BRASIL FABRICACAO DE AUTO PECAS LT;RODOVIARIO;1573380;09/09/2026;2;361111;09/09/2026;CAOA MOTOR DO BRASIL LTDA;1,68E+13;SAO JOSE DOS CAMPOS;SP;09/09/2026;14/09/2026;10/09/2026;Entregue No Prazo;;Entrega realizada;Entrega Finalizada;14;9;9;9;MVT;5008;;;
MOBIS BRASIL FABRICACAO DE AUTO PECAS LT;RODOVIARIO;1573381;09/09/2026;3;361121;09/09/2026;CAOA MOTOR DO BRASIL LTDA;1,68E+13;SANTOS;SP;09/09/2026;14/09/2026;10/09/2026;Entregue No Prazo;;Entrega realizada;Entrega Finalizada;14;9;9;9;XD DIADEMA;5008;;;
MOBIS BRASIL FABRICACAO DE AUTO PECAS LT;RODOVIARIO;1573301;09/09/2026;4;361139;09/09/2026;URCA MOTORS VEICULOS LTDA;8,77E+12;UBERLANDIA;MG;09/09/2026;15/09/2026;14/09/2026;Entregue No Prazo;;Entrega realizada;Entrega Finalizada;15;9;9;9;XD BETIM;9014;;;
MOBIS BRASIL FABRICACAO DE AUTO PECAS LT;RODOVIARIO;1573303;09/09/2026;5;361126;09/09/2026;IMOTORS VEICULOS LTDA;7,17E+12;JUIZ DE FORA;MG;09/09/2026;15/09/2026;11/09/2026;Entregue No Prazo;;Entrega realizada;Entrega Finalizada;15;9;9;9;XD BETIM;11010;;;
MOBIS BRASIL FABRICACAO DE AUTO PECAS LT;RODOVIARIO;1573329;09/09/2026;59;361189;09/09/2026;LOVAT VEICULOS S/A;8,57E+12;LONDRINA;PR;09/09/2026;15/09/2026;11/09/2026;Entregue No Prazo;;Entrega realizada;Entrega Finalizada;15;9;9;9;TRANSTRY;18008;;;
MOBIS BRASIL FABRICACAO DE AUTO PECAS LT;RODOVIARIO;1573330;09/09/2026;1;361188;09/09/2026;LOVAT VEICULOS S/A;8,57E+12;MARINGA;PR;09/09/2026;15/09/2026;16/09/2026;Entregue Fora do Prazo;;Entrega realizada;Entrega Finalizada;15;9;9;9;TRANSTRY;18008;;;
MOBIS BRASIL FABRICACAO DE AUTO PECAS LT;RODOVIARIO;1573331;09/09/2026;3;361179;09/09/2026;BARI VEICULOS LTDA;7,46E+12;GUARAPUAVA;PR;09/09/2026;15/09/2026;14/09/2026;Entregue No Prazo;;Entrega realizada;Entrega Finalizada;15;9;9;9;TRANSTRY;18024;;;
MOBIS BRASIL FABRICACAO DE AUTO PECAS LT;RODOVIARIO;1573333;09/09/2026;8;361180;09/09/2026;BARI VEICULOS LTDA;7,46E+12;PONTA GROSSA;PR;09/09/2026;15/09/2026;11/09/2026;Entregue No Prazo;;Entrega realizada;Entrega Finalizada;15;9;9;9;TRANSTRY;18024;;;
MOBIS BRASIL FABRICACAO DE AUTO PECAS LT;RODOVIARIO;1573336;09/09/2026;3;361159;09/09/2026;ITAVEMA MOTORS VEICULOS LTDA;7,73E+12;DUQUE DE CAXIAS;RJ;09/09/2026;15/09/2026;11/09/2026;Entregue No Prazo;;Entrega realizada;Entrega Finalizada;15;9;9;9;CAMILO;19001;;;
MOBIS BRASIL FABRICACAO DE AUTO PECAS LT;RODOVIARIO;1573337;09/09/2026;2;361145;09/09/2026;AMX COM. E SERVICOS DE AUTOMOTORES LTDA;1,20E+13;RIO DE JANEIRO;RJ;09/09/2026;15/09/2026;14/09/2026;Entregue No Prazo;;Entrega realizada;Entrega Finalizada;15;9;9;9;CAMILO;19009;;;
MOBIS BRASIL FABRICACAO DE AUTO PECAS LT;RODOVIARIO;1573338;09/09/2026;12;361150;09/09/2026;CAOA MOTOR DO BRASIL LTDA;1,68E+13;RIO DE JANEIRO;RJ;09/09/2026;15/09/2026;11/09/2026;Entregue No Prazo;;Entrega realizada;Entrega Finalizada;15;9;9;9;CAMILO;5008;;;
MOBIS BRASIL FABRICACAO DE AUTO PECAS LT;RODOVIARIO;1573340;09/09/2026;6;361158;09/09/2026;ITAVEMA MOTORS VEICULOS LTDA;7,73E+12;RIO DE JANEIRO;RJ;09/09/2026;15/09/2026;11/09/2026;Entregue No Prazo;;Entrega realizada;Entrega Finalizada;15;9;9;9;CAMILO;19001;;;
MOBIS BRASIL FABRICACAO DE AUTO PECAS LT;RODOVIARIO;1573341;09/09/2026;1;361148;09/09/2026;CAOA MOTOR DO BRASIL LTDA;1,68E+13;NITEROI;RJ;09/09/2026;15/09/2026;14/09/2026;Entregue No Prazo;;Entrega realizada;Entrega Finalizada;15;9;9;9;CAMILO;5008;;;
MOBIS BRASIL FABRICACAO DE AUTO PECAS LT;RODOVIARIO;1573350;09/09/2026;1;361187;09/09/2026;HOUSE PARTS - COM. DE PECAS E VEIC. LTDA;1,15E+13;PORTO ALEGRE;RS;09/09/2026;15/09/2026;14/09/2026;Entregue No Prazo;;Entrega realizada;Entrega Finalizada;15;9;9;9;TRANSTRY;23004;;;
MOBIS BRASIL FABRICACAO DE AUTO PECAS LT;RODOVIARIO;1573351;09/09/2026;3;361187;09/09/2026;HOUSE PARTS - COM. DE PECAS E VEIC. LTDA;1,15E+13;PORTO ALEGRE;RS;09/09/2026;15/09/2026;14/09/2026;Entregue No Prazo;;Entrega realizada;Entrega Finalizada;15;9;9;9;TRANSTRY;23004;;;
MOBIS BRASIL FABRICACAO DE AUTO PECAS LT;RODOVIARIO;1573359;09/09/2026;1;361182;09/09/2026;BARI VEICULOS LTDA.;7,46E+12;JOINVILLE;SC;09/09/2026;15/09/2026;11/09/2026;Entregue No Prazo;;Entrega realizada;Entrega Finalizada;15;9;9;9;TRANSTRY;24013;;;
MOBIS BRASIL FABRICACAO DE AUTO PECAS LT;RODOVIARIO;1573360;09/09/2026;5;361182;09/09/2026;BARI VEICULOS LTDA.;7,46E+12;JOINVILLE;SC;09/09/2026;15/09/2026;11/09/2026;Entregue No Prazo;;Entrega realizada;Entrega Finalizada;15;9;9;9;TRANSTRY;24013;;;
MOBIS BRASIL FABRICACAO DE AUTO PECAS LT;RODOVIARIO;1573361;09/09/2026;2;361181;09/09/2026;BARI VEICULOS LTDA.;7,46E+12;ITAJAI;SC;09/09/2026;15/09/2026;11/09/2026;Entregue No Prazo;;Entrega realizada;Entrega Finalizada;15;9;9;9;TRANSTRY;24014;;;
MOBIS BRASIL FABRICACAO DE AUTO PECAS LT;RODOVIARIO;1573366;09/09/2026;1;361115;09/09/2026;HYMAX DISTRIBUIDORA DE VEICULOS LTDA;1,73E+13;MOGI GUACU;SP;09/09/2026;15/09/2026;14/09/2026;Entregue No Prazo;;Entrega realizada;Entrega Finalizada;15;9;9;9;MVT;26002;;;
MOBIS BRASIL FABRICACAO DE AUTO PECAS LT;RODOVIARIO;1573377;09/09/2026;3;361114;09/09/2026;H R B COMERCIO DE VEICULOS LTDA;1,82E+13;SAO JOSE DO RIO PRETO;SP;09/09/2026;15/09/2026;10/09/2026;Entregue No Prazo;;Entrega realizada;Entrega Finalizada;15;9;9;9;MVT;26050;;;
MOBIS BRASIL FABRICACAO DE AUTO PECAS LT;RODOVIARIO;1573383;09/09/2026;2;361113;09/09/2026;H - CAMINHO AUTOMOVEIS LTDA;2,53E+13;PIRACICABA;SP;09/09/2026;15/09/2026;10/09/2026;Entregue No Prazo;;Entrega realizada;Entrega Finalizada;15;9;9;9;MVT;26092;;;
MOBIS BRASIL FABRICACAO DE AUTO PECAS LT;RODOVIARIO;1573292;09/09/2026;12;361173;09/09/2026;VIA BRASIL AUTOMOVEIS LTDA.;4,72E+12;SERRA;ES;09/09/2026;16/09/2026;14/09/2026;Entregue No Prazo;;Entrega realizada;Entrega Finalizada;16;9;9;9;CAMILO;8001;Emancipação Política de Alagoas;Estadual;AL
MOBIS BRASIL FABRICACAO DE AUTO PECAS LT;RODOVIARIO;1573302;09/09/2026;2;361137;09/09/2026;TOKSU COMERCIO DE VEICULOS LTDA;1,12E+13;BARBACENA;MG;09/09/2026;16/09/2026;11/09/2026;Entregue No Prazo;;Entrega realizada;Entrega Finalizada;16;9;9;9;XD BETIM;11008;Emancipação Política de Alagoas;Estadual;AL
MOBIS BRASIL FABRICACAO DE AUTO PECAS LT;RODOVIARIO;1573304;09/09/2026;3;361141;09/09/2026;VITAL COMERCIO DE VEICULOS LTDA;1,05E+13;GOVERNADOR VALADARES;MG;09/09/2026;16/09/2026;11/09/2026;Entregue No Prazo;;Entrega realizada;Entrega Finalizada;16;9;9;9;XD BETIM;11016;Emancipação Política de Alagoas;Estadual;AL
MOBIS BRASIL FABRICACAO DE AUTO PECAS LT;RODOVIARIO;1573342;09/09/2026;6;361172;09/09/2026;TAI MOTORS VEICULOS S/A;9,27E+12;CAMPOS DOS GOYTACAZES;RJ;09/09/2026;16/09/2026;14/09/2026;Entregue No Prazo;;Entrega realizada;Entrega Finalizada;16;9;9;9;CAMILO;8002;Emancipação Política de Alagoas;Estadual;AL
MOBIS BRASIL FABRICACAO DE AUTO PECAS LT;RODOVIARIO;1573343;09/09/2026;1;361174;09/09/2026;VIA VR VEICULOS LTDA;1,73E+13;PETROPOLIS;RJ;09/09/2026;16/09/2026;15/09/2026;Entregue No Prazo;;Entrega realizada;Entrega Finalizada;16;9;9;9;CAMILO;19016;Emancipação Política de Alagoas;Estadual;AL
MOBIS BRASIL FABRICACAO DE AUTO PECAS LT;RODOVIARIO;1573344;09/09/2026;1;361163;09/09/2026;MONTREAL VEICULOS E PECAS LTDA;1,68E+13;MACAE;RJ;09/09/2026;16/09/2026;14/09/2026;Entregue No Prazo;;Entrega realizada;Entrega Finalizada;16;9;9;9;CAMILO;19030;Emancipação Política de Alagoas;Estadual;AL
MOBIS BRASIL FABRICACAO DE AUTO PECAS LT;RODOVIARIO;1573352;09/09/2026;2;361186;09/09/2026;GAMBATTO H1 VEICULOS LTDA;1,94E+13;PASSO FUNDO;RS;09/09/2026;16/09/2026;15/09/2026;Entregue No Prazo;;Entrega realizada;Entrega Finalizada;16;9;9;9;TRANSTRY;23015;Emancipação Política de Alagoas;Estadual;AL
MOBIS BRASIL FABRICACAO DE AUTO PECAS LT;RODOVIARIO;1573354;09/09/2026;1;361175;09/09/2026;ATUAL VEICULOS LTDA;1,33E+13;ARARANGUA;SC;09/09/2026;16/09/2026;14/09/2026;Entregue No Prazo;;Entrega realizada;Entrega Finalizada;16;9;9;9;TRANSTRY;24001;Emancipação Política de Alagoas;Estadual;AL
MOBIS BRASIL FABRICACAO DE AUTO PECAS LT;RODOVIARIO;1573355;09/09/2026;2;361176;09/09/2026;ATUAL VEICULOS LTDA;1,33E+13;CRICIUMA;SC;09/09/2026;16/09/2026;14/09/2026;Entregue No Prazo;;Entrega realizada;Entrega Finalizada;16;9;9;9;TRANSTRY;24001;Emancipação Política de Alagoas;Estadual;AL
MOBIS BRASIL FABRICACAO DE AUTO PECAS LT;RODOVIARIO;1573356;09/09/2026;1;361191;09/09/2026;LS COMERCIO DE AUTOMOVEIS LTDA.;1,03E+13;BRUSQUE;SC;09/09/2026;16/09/2026;11/09/2026;Entregue No Prazo;;Entrega realizada;Entrega Finalizada;16;9;9;9;TRANSTRY;24006;Emancipação Política de Alagoas;Estadual;AL
MOBIS BRASIL FABRICACAO DE AUTO PECAS LT;RODOVIARIO;1573357;09/09/2026;2;361190;09/09/2026;LR COMERCIO DE VEICULOS LTDA;1,05E+13;SAO JOSE;SC;09/09/2026;16/09/2026;11/09/2026;Entregue No Prazo;;Entrega realizada;Entrega Finalizada;16;9;9;9;TRANSTRY;24007;Emancipação Política de Alagoas;Estadual;AL
MOBIS BRASIL FABRICACAO DE AUTO PECAS LT;RODOVIARIO;1573358;09/09/2026;9;361177;09/09/2026;BARI VEICULOS LTDA;7,46E+12;BLUMENAU;SC;09/09/2026;16/09/2026;11/09/2026;Entregue No Prazo;;Entrega realizada;Entrega Finalizada;16;9;9;9;TRANSTRY;18024;Emancipação Política de Alagoas;Estadual;AL
MOBIS BRASIL FABRICACAO DE AUTO PECAS LT;RODOVIARIO;1573362;09/09/2026;2;361192;09/09/2026;PONTO CERTO COMERCIO DE VEICULOS LTDA;1,50E+13;LAGES;SC;09/09/2026;16/09/2026;11/09/2026;Entregue No Prazo;;Entrega realizada;Entrega Finalizada;16;9;9;9;TRANSTRY;24017;Emancipação Política de Alagoas;Estadual;AL
MOBIS BRASIL FABRICACAO DE AUTO PECAS LT;RODOVIARIO;1573289;09/09/2026;7;361135;09/09/2026;SMAFF IMPORT VEICULOS LTDA;8,18E+12;BRASILIA;DF;09/09/2026;17/09/2026;14/09/2026;Entregue No Prazo;;Entrega realizada;Entrega Finalizada;17;9;9;9;RIO VERMELHO;7002;;;
MOBIS BRASIL FABRICACAO DE AUTO PECAS LT;RODOVIARIO;1573290;09/09/2026;24;361134;09/09/2026;SMAFF IMPORT VEICULOS LTDA;8,18E+12;BRASILIA;DF;09/09/2026;17/09/2026;14/09/2026;Entregue No Prazo;;Entrega realizada;Entrega Finalizada;17;9;9;9;RIO VERMELHO;7002;;;
MOBIS BRASIL FABRICACAO DE AUTO PECAS LT;RODOVIARIO;1573291;09/09/2026;31;361132;09/09/2026;SAGA KOREA COM. DE VEIC. E PC. LTDA;1,27E+13;BRASILIA;DF;09/09/2026;17/09/2026;14/09/2026;Entregue No Prazo;;Entrega realizada;Entrega Finalizada;17;9;9;9;RIO VERMELHO;7005;;;
MOBIS BRASIL FABRICACAO DE AUTO PECAS LT;RODOVIARIO;1573293;09/09/2026;3;361169;09/09/2026;PRIME CACHOEIRO VEICULOS LTDA;9,34E+12;CACHOEIRO DE ITAPEMIRIM;ES;09/09/2026;17/09/2026;15/09/2026;Entregue No Prazo;;Entrega realizada;Entrega Finalizada;17;9;9;9;CAMILO;8004;;;
MOBIS BRASIL FABRICACAO DE AUTO PECAS LT;RODOVIARIO;1573294;09/09/2026;1;361128;09/09/2026;NISA COMERCIAL DE VEIC. AUTOMOTORES LTDA;1,03E+13;APARECIDA DE GOIANIA;GO;09/09/2026;17/09/2026;16/09/2026;Entregue No Prazo;;Entrega realizada;Entrega Finalizada;17;9;9;9;RIO VERMELHO;9002;;;
MOBIS BRASIL FABRICACAO DE AUTO PECAS LT;RODOVIARIO;1573295;09/09/2026;1;361133;09/09/2026;SAGA KOREA COM. DE VEIC. E PC. LTDA;1,27E+13;GOIANIA;GO;09/09/2026;17/09/2026;15/09/2026;Entregue No Prazo;;Entrega realizada;Entrega Finalizada;17;9;9;9;RIO VERMELHO;9009;;;
MOBIS BRASIL FABRICACAO DE AUTO PECAS LT;RODOVIARIO;1573296;09/09/2026;80;361131;09/09/2026;SAGA KOREA COM. DE VEIC. E PC. LTDA;1,27E+13;GOIANIA;GO;09/09/2026;17/09/2026;15/09/2026;Entregue No Prazo;;Entrega realizada;Entrega Finalizada;17;9;9;9;RIO VERMELHO;9011;;;
MOBIS BRASIL FABRICACAO DE AUTO PECAS LT;RODOVIARIO;1573309;09/09/2026;1;361105;09/09/2026;GOLDEN MOTORS VEICULOS LTDA;3,62E+12;DOURADOS;MS;09/09/2026;17/09/2026;14/09/2026;Entregue No Prazo;;Entrega realizada;Entrega Finalizada;17;9;9;9;CARVALIMA;12001;;;
MOBIS BRASIL FABRICACAO DE AUTO PECAS LT;RODOVIARIO;1573310;09/09/2026;1;361109;09/09/2026;ULSAN COMERCIO DE VEICULOS LTDA.;2,10E+13;CAMPO GRANDE;MS;09/09/2026;17/09/2026;11/09/2026;Entregue No Prazo;;Entrega realizada;Entrega Finalizada;17;9;9;9;CARVALIMA;12004;;;
MOBIS BRASIL FABRICACAO DE AUTO PECAS LT;RODOVIARIO;1573353;09/09/2026;5;361184;09/09/2026;CHINHAN AUTOMOVEIS LTDA;2,41E+13;ERECHIM;RS;09/09/2026;17/09/2026;18/09/2026;Entregue Fora do Prazo;;Entrega realizada;Entrega Finalizada;17;9;9;9;TRANSTRY;23019;;;
MOBIS BRASIL FABRICACAO DE AUTO PECAS LT;RODOVIARIO;1573363;09/09/2026;2;361183;09/09/2026;CHINHAN AUTOMOVEIS LTDA;2,41E+13;CONCORDIA;SC;09/09/2026;17/09/2026;15/09/2026;Entregue No Prazo;;Entrega realizada;Entrega Finalizada;17;9;9;9;TRANSTRY;23019;;;
MOBIS BRASIL FABRICACAO DE AUTO PECAS LT;RODOVIARIO;1573364;09/09/2026;7;361185;09/09/2026;CHINHAN AUTOMOVEIS LTDA.;2,41E+13;CACADOR;SC;09/09/2026;18/09/2026;14/09/2026;Entregue No Prazo;;Entrega realizada;Entrega Finalizada;18;9;9;9;TRANSTRY;24020;;;
MOBIS BRASIL FABRICACAO DE AUTO PECAS LT;RODOVIARIO;1573386;09/09/2026;1;361130;09/09/2026;PRIVILLEGE DISTRIBUIDORA DE VEICULOS LTD;1,72E+13;PALMAS;TO;09/09/2026;18/09/2026;23/09/2026;Entregue Fora do Prazo;;Entrega realizada;Entrega Finalizada;18;9;9;9;RIO VERMELHO;27003;;;
MOBIS BRASIL FABRICACAO DE AUTO PECAS LT;RODOVIARIO;1573281;09/09/2026;15;361155;09/09/2026;FAZZA MOTORS COMERCIO DE VEICULOS LTDA;1,24E+13;SALVADOR;BA;09/09/2026;21/09/2026;17/09/2026;Entregue No Prazo;;Entrega realizada;Entrega Finalizada;21;9;9;9;TERMACO;5007;;;
MOBIS BRASIL FABRICACAO DE AUTO PECAS LT;RODOVIARIO;1573297;09/09/2026;1;361140;09/09/2026;URCA MOTORS VEICULOS LTDA;8,77E+12;ITUMBIARA;GO;09/09/2026;21/09/2026;15/09/2026;Entregue No Prazo;;Entrega realizada;Entrega Finalizada;21;9;9;9;RIO VERMELHO;9014;;;
MOBIS BRASIL FABRICACAO DE AUTO PECAS LT;RODOVIARIO;1573311;09/09/2026;3;361102;09/09/2026;COMETA MATO GROSSO COM. DE VEICULOS LTDA;1,54E+13;SINOP;MT;09/09/2026;21/09/2026;18/09/2026;Entregue No Prazo;;Entrega realizada;Entrega Finalizada;21;9;9;9;CARVALIMA;13003;;;
MOBIS BRASIL FABRICACAO DE AUTO PECAS LT;RODOVIARIO;1573312;09/09/2026;13;361103;09/09/2026;COMETA MATO GROSSO COM. DE VEICULOS LTDA;1,54E+13;RONDONOPOLIS;MT;09/09/2026;21/09/2026;12/09/2026;Entregue No Prazo;;Entrega realizada;Entrega Finalizada;21;9;9;9;CARVALIMA;13006;;;
MOBIS BRASIL FABRICACAO DE AUTO PECAS LT;RODOVIARIO;1573313;09/09/2026;46;361110;09/09/2026;UNIQUE COMERCIO DE AUTOMOVEIS LTDA;1,74E+13;ANANINDEUA;PA;09/09/2026;22/09/2026;15/09/2026;Entregue No Prazo;;Entrega realizada;Entrega Finalizada;22;9;9;9;CARVALIMA;14003;;;
MOBIS BRASIL FABRICACAO DE AUTO PECAS LT;RODOVIARIO;1573314;09/09/2026;1;361101;09/09/2026;CAOA MOTOR DO BRASIL LTDA;1,68E+13;BELEM;PA;09/09/2026;22/09/2026;15/09/2026;Entregue No Prazo;;Entrega realizada;Entrega Finalizada;22;9;9;9;CARVALIMA;5008;;;
MOBIS BRASIL FABRICACAO DE AUTO PECAS LT;RODOVIARIO;1573315;09/09/2026;2;361101;09/09/2026;CAOA MOTOR DO BRASIL LTDA;1,68E+13;BELEM;PA;09/09/2026;22/09/2026;15/09/2026;Entregue No Prazo;;Entrega realizada;Entrega Finalizada;22;9;9;9;CARVALIMA;5008;;;
MOBIS BRASIL FABRICACAO DE AUTO PECAS LT;RODOVIARIO;1573348;09/09/2026;13;361108;09/09/2026;SAGA ASIA COM. DE VEIC.PC.E SERV. LTDA;2,14E+13;PORTO VELHO;RO;09/09/2026;22/09/2026;19/09/2026;Entregue No Prazo;Avaria;Entrega realizada;Entrega Finalizada;22;9;9;9;CARVALIMA;21003;;;
MOBIS BRASIL FABRICACAO DE AUTO PECAS LT;RODOVIARIO;1573349;09/09/2026;2;361104;09/09/2026;COMETA RONDONIA COMERCIO DE VEICULO;4,23E+12;VILHENA;RO;09/09/2026;22/09/2026;15/09/2026;Entregue No Prazo;;Entrega realizada;Entrega Finalizada;22;9;9;9;CARVALIMA;#N/D;;;
MOBIS BRASIL FABRICACAO DE AUTO PECAS LT;RODOVIARIO;1573365;09/09/2026;2;361171;09/09/2026;SAINT LAND COMERCIO DE VEICULOS LTDA;1,04E+13;ARACAJU;SE;09/09/2026;22/09/2026;16/09/2026;Entregue No Prazo;;Entrega realizada;Entrega Finalizada;22;9;9;9;TERMACO;6010;;;
MOBIS BRASIL FABRICACAO DE AUTO PECAS LT;RODOVIARIO;1573279;09/09/2026;2;361152;09/09/2026;CYCOSA AUTOMOVEIS LTDA;4,76E+12;MACEIO;AL;09/09/2026;23/09/2026;17/09/2026;Entregue No Prazo;;Entrega realizada;Entrega Finalizada;23;9;9;9;TERMACO;2001;;;
MOBIS BRASIL FABRICACAO DE AUTO PECAS LT;RODOVIARIO;1573287;09/09/2026;4;361153;09/09/2026;FAZZA MOTORS COM. DE VEICULOS LTDA;1,24E+13;FORTALEZA;CE;09/09/2026;23/09/2026;22/09/2026;Entregue No Prazo;;Entrega realizada;Entrega Finalizada;23;9;9;9;TERMACO;6001;;;
MOBIS BRASIL FABRICACAO DE AUTO PECAS LT;RODOVIARIO;1573288;09/09/2026;131;361154;09/09/2026;FAZZA MOTORS COMERCIO DE VEICULOS LTDA;1,24E+13;FORTALEZA;CE;09/09/2026;23/09/2026;23/09/2026;Entregue No Prazo;;Entrega realizada;Entrega Finalizada;23;9;9;9;TERMACO;5007;;;
MOBIS BRASIL FABRICACAO DE AUTO PECAS LT;RODOVIARIO;1573298;09/09/2026;1;361127;09/09/2026;NASA MOTORS LTDA.;2,65E+13;SAO LUIS DE MONTES BELOS;GO;09/09/2026;23/09/2026;30/09/2026;Entregue Fora do Prazo;;Entrega realizada;Entrega Finalizada;23;9;9;9;RIO VERMELHO;9016;;;
MOBIS BRASIL FABRICACAO DE AUTO PECAS LT;RODOVIARIO;1573299;09/09/2026;3;361138;09/09/2026;TRIAUTO KOREA AUTOMOVEIS LTDA;4,99E+13;CATALAO;GO;09/09/2026;23/09/2026;25/09/2026;Entregue Fora do Prazo;Falta de 01 volume;Entrega realizada;Entrega Finalizada;23;9;9;9;RIO VERMELHO;9018;;;
MOBIS BRASIL FABRICACAO DE AUTO PECAS LT;RODOVIARIO;1573316;09/09/2026;3;361106;09/09/2026;NACIONAL NOVA MARABA DIST DE VEIC. LTDA;1,70E+13;MARABA;PA;09/09/2026;23/09/2026;15/09/2026;Entregue No Prazo;;Entrega realizada;Entrega Finalizada;23;9;9;9;CARVALIMA;14005;;;
MOBIS BRASIL FABRICACAO DE AUTO PECAS LT;RODOVIARIO;1573282;09/09/2026;2;361168;09/09/2026;PATEO COMERCIO DE VEICULOS S A;7,78E+12;FEIRA DE SANTANA;BA;09/09/2026;24/09/2026;16/09/2026;Entregue No Prazo;;Entrega realizada;Entrega Finalizada;24;9;9;9;TERMACO;5009;;;
MOBIS BRASIL FABRICACAO DE AUTO PECAS LT;RODOVIARIO;1573283;09/09/2026;1;361143;09/09/2026;AIKON VEICULOS LTDA;1,17E+13;ITABUNA;BA;09/09/2026;24/09/2026;15/09/2026;Entregue No Prazo;;Entrega realizada;Entrega Finalizada;24;9;9;9;TERMACO;5002;;;
MOBIS BRASIL FABRICACAO DE AUTO PECAS LT;RODOVIARIO;1573284;09/09/2026;7;361165;09/09/2026;ORVEL AUTOMOTOR HYD LTDA;2,52E+13;TEIXEIRA DE FREITAS;BA;09/09/2026;24/09/2026;22/09/2026;Entregue No Prazo;;Entrega realizada;Entrega Finalizada;24;9;9;9;TERMACO;5011;;;
MOBIS BRASIL FABRICACAO DE AUTO PECAS LT;RODOVIARIO;1573285;09/09/2026;2;361162;09/09/2026;MASTER COMERCIAL DE VEICULOS LTDA;2,85E+13;BARREIRAS;BA;09/09/2026;24/09/2026;17/09/2026;Entregue No Prazo;;Entrega realizada;Entrega Finalizada;24;9;9;9;TERMACO;5012;;;
MOBIS BRASIL FABRICACAO DE AUTO PECAS LT;RODOVIARIO;1573286;09/09/2026;1;361144;09/09/2026;AIKON VEICULOS LTDA;1,17E+13;SANTO ANTONIO DE JESUS;BA;09/09/2026;24/09/2026;16/09/2026;Entregue No Prazo;;Entrega realizada;Entrega Finalizada;24;9;9;9;TERMACO;5002;;;
MOBIS BRASIL FABRICACAO DE AUTO PECAS LT;RODOVIARIO;1573300;09/09/2026;2;361167;09/09/2026;PATEO COMERCIO DE VEICULOS S A;7,78E+12;SAO LUIS;MA;09/09/2026;24/09/2026;18/09/2026;Entregue No Prazo;;Entrega realizada;Entrega Finalizada;24;9;9;9;TERMACO;10002;;;
MOBIS BRASIL FABRICACAO DE AUTO PECAS LT;RODOVIARIO;1573320;09/09/2026;4;361166;09/09/2026;PATEO COMERCIO DE VEICULOS S A;7,78E+12;RECIFE;PE;09/09/2026;24/09/2026;21/09/2026;Entregue No Prazo;;Entrega realizada;Entrega Finalizada;24;9;9;9;TERMACO;16004;;;
MOBIS BRASIL FABRICACAO DE AUTO PECAS LT;RODOVIARIO;1573321;09/09/2026;5;361151;09/09/2026;CAOA MOTOR DO BRASIL LTDA;1,68E+13;RECIFE;PE;09/09/2026;24/09/2026;17/09/2026;Entregue No Prazo;;Entrega realizada;Entrega Finalizada;24;9;9;9;TERMACO;5008;;;
MOBIS BRASIL FABRICACAO DE AUTO PECAS LT;RODOVIARIO;1573346;09/09/2026;7;361170;09/09/2026;SAINT LAND COMERCIO DE VEICULOS LTDA;1,04E+13;NATAL;RN;09/09/2026;24/09/2026;18/09/2026;Entregue No Prazo;;Entrega realizada;Entrega Finalizada;24;9;9;9;TERMACO;6010;;;
MOBIS BRASIL FABRICACAO DE AUTO PECAS LT;RODOVIARIO;1573347;09/09/2026;11;361170;09/09/2026;SAINT LAND COMERCIO DE VEICULOS LTDA;1,04E+13;NATAL;RN;09/09/2026;24/09/2026;18/09/2026;Entregue No Prazo;;Entrega realizada;Entrega Finalizada;24;9;9;9;TERMACO;6010;;;
MOBIS BRASIL FABRICACAO DE AUTO PECAS LT;RODOVIARIO;1573317;09/09/2026;1;361149;09/09/2026;CAOA MOTOR DO BRASIL LTDA;1,68E+13;CAMPINA GRANDE;PB;09/09/2026;25/09/2026;18/09/2026;Entregue No Prazo;;Entrega realizada;Entrega Finalizada;25;9;9;9;TERMACO;5008;;;
MOBIS BRASIL FABRICACAO DE AUTO PECAS LT;RODOVIARIO;1573318;09/09/2026;1;361161;09/09/2026;JPN PATOS COMERCIO DE VEICULOS LTDA;4,20E+13;PATOS;PB;09/09/2026;25/09/2026;18/09/2026;Entregue No Prazo;;Entrega realizada;Entrega Finalizada;25;9;9;9;TERMACO;15004;;;
MOBIS BRASIL FABRICACAO DE AUTO PECAS LT;RODOVIARIO;1573319;09/09/2026;1;361146;09/09/2026;AUTORAC VEICULOS LTDA;1,06E+13;CARUARU;PE;09/09/2026;25/09/2026;21/09/2026;Entregue No Prazo;;Entrega realizada;Entrega Finalizada;25;9;9;9;TERMACO;16001;;;
MOBIS BRASIL FABRICACAO DE AUTO PECAS LT;RODOVIARIO;1573322;09/09/2026;3;361160;09/09/2026;JPN COMERCIO DE AUTOMOVEIS LTDA;2,61E+13;GARANHUNS;PE;09/09/2026;25/09/2026;21/09/2026;Entregue No Prazo;;Entrega realizada;Entrega Finalizada;25;9;9;9;TERMACO;16009;;;
MOBIS BRASIL FABRICACAO DE AUTO PECAS LT;RODOVIARIO;1573323;09/09/2026;1;361160;09/09/2026;JPN COMERCIO DE AUTOMOVEIS LTDA;2,61E+13;GARANHUNS;PE;09/09/2026;25/09/2026;21/09/2026;Entregue No Prazo;;Entrega realizada;Entrega Finalizada;25;9;9;9;TERMACO;16009;;;
MOBIS BRASIL FABRICACAO DE AUTO PECAS LT;RODOVIARIO;1573324;09/09/2026;4;361147;09/09/2026;AUTORAC VEICULOS LTDA;1,06E+13;PETROLINA;PE;09/09/2026;25/09/2026;18/09/2026;Entregue No Prazo;;Entrega realizada;Entrega Finalizada;25;9;9;9;TERMACO;16001;;;
MOBIS BRASIL FABRICACAO DE AUTO PECAS LT;RODOVIARIO;1573325;09/09/2026;3;361157;09/09/2026;GREEN CITY VEICULOS LTDA;2,10E+13;TERESINA;PI;09/09/2026;25/09/2026;21/09/2026;Entregue No Prazo;;Entrega realizada;Entrega Finalizada;25;9;9;9;TERMACO;17002;;;
MOBIS BRASIL FABRICACAO DE AUTO PECAS LT;RODOVIARIO;1573326;09/09/2026;4;361156;09/09/2026;GREEN CITY VEICULOS LTDA;2,10E+13;TERESINA;PI;09/09/2026;25/09/2026;21/09/2026;Entregue No Prazo;;Entrega realizada;Entrega Finalizada;25;9;9;9;TERMACO;17002;;;
MOBIS BRASIL FABRICACAO DE AUTO PECAS LT;RODOVIARIO;1573345;09/09/2026;5;361164;09/09/2026;ORIENTE AUTOMOVEIS LTDA;1,33E+13;PARNAMIRIM;RN;09/09/2026;25/09/2026;21/09/2026;Entregue No Prazo;;Entrega realizada;Entrega Finalizada;25;9;9;9;TERMACO;20001;;;
MOBIS BRASIL FABRICACAO DE AUTO PECAS LT;RODOVIARIO;1573280;09/09/2026;29;361107;09/09/2026;PATEO COMERCIO DE VEICULOS S A;7,78E+12;MANAUS;AM;09/09/2026;05/10/2026;23/09/2026;Entregue No Prazo;;Entrega realizada;Entrega Finalizada;5;10;9;9;CARVALIMA;3002;Criação do Estado de Roraima;Estadual;RR
MOBIS BRASIL FABRICACAO DE AUTO PECAS LT;RODOVIARIO;1573367;09/09/2026;7;361329;10/09/2026;BILLY DISTRIBUIDORA DE VEICULOS LTDA;1,34E+13;BARUERI;SP;10/09/2026;14/09/2026;10/09/2026;Entregue No Prazo;;Entrega realizada;Entrega Finalizada;14;9;10;9;BV LOG;26003;;;
MOBIS BRASIL FABRICACAO DE AUTO PECAS LT;RODOVIARIO;1573373;09/09/2026;6;361330;10/09/2026;GRAND SPORT COM. DE VEIC. E PECAS LTDA;8,58E+12;SAO PAULO;SP;10/09/2026;14/09/2026;10/09/2026;Entregue No Prazo;;Entrega realizada;Entrega Finalizada;14;9;10;9;BV LOG;26034;;;
MOBIS BRASIL FABRICACAO DE AUTO PECAS LT;RODOVIARIO;1573374;09/09/2026;3;361328;10/09/2026;BILLY DISTRIBUIDORA DE VEICULOS LTDA;1,34E+13;SAO CAETANO DO SUL;SP;10/09/2026;14/09/2026;10/09/2026;Entregue No Prazo;;Entrega realizada;Entrega Finalizada;14;9;10;9;BV LOG;26003;;;
MOBIS BRASIL FABRICACAO DE AUTO PECAS LT;RODOVIARIO;1573375;09/09/2026;79;361328;10/09/2026;BILLY DISTRIBUIDORA DE VEICULOS LTDA;1,34E+13;SAO CAETANO DO SUL;SP;10/09/2026;14/09/2026;10/09/2026;Entregue No Prazo;;Entrega realizada;Entrega Finalizada;14;9;10;9;BV LOG;26003;;;
MOBIS BRASIL FABRICACAO DE AUTO PECAS LT;RODOVIARIO;1574208;10/09/2026;6;361358;10/09/2026;NOBRE DISTRIBUIDORA DE VEICULOS E PECAS;5,76E+12;MOGI DAS CRUZES;SP;10/09/2026;14/09/2026;11/09/2026;Entregue No Prazo;;Entrega realizada;Entrega Finalizada;14;9;10;9;XD DIADEMA;26004;;;
MOBIS BRASIL FABRICACAO DE AUTO PECAS LT;RODOVIARIO;1574209;10/09/2026;3;361353;10/09/2026;GRAND SPORT COM. DE VEIC. E PECAS LTDA;8,58E+12;GUARULHOS;SP;10/09/2026;14/09/2026;14/09/2026;Entregue No Prazo;;Entrega realizada;Entrega Finalizada;14;9;10;9;XD DIADEMA;26005;;;
MOBIS BRASIL FABRICACAO DE AUTO PECAS LT;RODOVIARIO;1574213;10/09/2026;1;361354;10/09/2026;GRAND SPORT COM. DE VEIC. E PECAS LTDA;8,58E+12;SAO PAULO;SP;10/09/2026;14/09/2026;11/09/2026;Entregue No Prazo;;Entrega realizada;Entrega Finalizada;14;9;10;9;XD DIADEMA;26034;;;
MOBIS BRASIL FABRICACAO DE AUTO PECAS LT;RODOVIARIO;1574214;10/09/2026;1;361351;10/09/2026;CHS MOTORS VEICULOS PECAS E SERV LTDA  ;1,69E+13;SAO PAULO;SP;10/09/2026;14/09/2026;15/09/2026;Entregue Fora do Prazo;;Entrega realizada;Entrega Finalizada;14;9;10;9;XD DIADEMA;26037;;;
MOBIS BRASIL FABRICACAO DE AUTO PECAS LT;RODOVIARIO;1574216;10/09/2026;2;361355;10/09/2026;GRANDAY AUTOMOTORES LTDA;1,57E+13;SAO PAULO;SP;10/09/2026;14/09/2026;11/09/2026;Entregue No Prazo;;Entrega realizada;Entrega Finalizada;14;9;10;9;XD DIADEMA;26041;;;
MOBIS BRASIL FABRICACAO DE AUTO PECAS LT;RODOVIARIO;1574222;10/09/2026;2;361352;10/09/2026;CHS MOTORS VEICULOS PECAS(VL. GUILHERME);1,69E+13;SAO PAULO;SP;10/09/2026;14/09/2026;11/09/2026;Entregue No Prazo;;Entrega realizada;Entrega Finalizada;14;9;10;9;XD DIADEMA;26052;;;
MOBIS BRASIL FABRICACAO DE AUTO PECAS LT;RODOVIARIO;1574223;10/09/2026;1;361348;10/09/2026;CAOA MOTOR DO BRASIL LTDA (IPIRANGA);1,68E+13;SAO PAULO;SP;10/09/2026;14/09/2026;11/09/2026;Entregue No Prazo;;Entrega realizada;Entrega Finalizada;14;9;10;9;XD DIADEMA;26054;;;
MOBIS BRASIL FABRICACAO DE AUTO PECAS LT;RODOVIARIO;1574226;10/09/2026;1;361346;10/09/2026;BILLY DISTRIBUIDORA DE VEICULOS LTDA;1,34E+13;SAO PAULO;SP;10/09/2026;14/09/2026;11/09/2026;Entregue No Prazo;;Entrega realizada;Entrega Finalizada;14;9;10;9;XD DIADEMA;26003;;;
MOBIS BRASIL FABRICACAO DE AUTO PECAS LT;RODOVIARIO;1574229;10/09/2026;1;361349;10/09/2026;CAOA MOTOR DO BRASIL LTDA(NACOES UNIDAS);1,68E+13;SAO PAULO;SP;10/09/2026;14/09/2026;11/09/2026;Entregue No Prazo;;Entrega realizada;Entrega Finalizada;14;9;10;9;XD DIADEMA;26087;;;
MOBIS BRASIL FABRICACAO DE AUTO PECAS LT;RODOVIARIO;1574231;10/09/2026;1;361347;10/09/2026;CAOA MOTOR DO BRASIL LTDA (INDIANOPOLIS);1,68E+13;SAO PAULO;SP;10/09/2026;14/09/2026;11/09/2026;Entregue No Prazo;;Entrega realizada;Entrega Finalizada;14;9;10;9;XD DIADEMA;26091;;;
MOBIS BRASIL FABRICACAO DE AUTO PECAS LT;RODOVIARIO;1574233;10/09/2026;1;361357;10/09/2026;NOBRE DISTRIBUIDORA DE VEIC. E PEC. LTDA;5,76E+12;SUZANO;SP;10/09/2026;14/09/2026;14/09/2026;Entregue No Prazo;;Entrega realizada;Entrega Finalizada;14;9;10;9;XD DIADEMA;26103;;;
MOBIS BRASIL FABRICACAO DE AUTO PECAS LT;RODOVIARIO;1574234;10/09/2026;3;361350;10/09/2026;CAOA MOTOR DO BRASIL LTDA(RAP. TAVARES);1,68E+13;SAO PAULO;SP;10/09/2026;14/09/2026;11/09/2026;Entregue No Prazo;;Entrega realizada;Entrega Finalizada;14;9;10;9;XD DIADEMA;26109;;;
MOBIS BRASIL FABRICACAO DE AUTO PECAS LT;RODOVIARIO;1573372;09/09/2026;36;361532;10/09/2026;NEW VEICULOS E PECAS LTDA;1,59E+13;RIBEIRAO PRETO;SP;10/09/2026;15/09/2026;11/09/2026;Entregue No Prazo;;Entrega realizada;Entrega Finalizada;15;9;10;9;BV LOG;26014;;;
MOBIS BRASIL FABRICACAO DE AUTO PECAS LT;RODOVIARIO;1573385;09/09/2026;26;361331;10/09/2026;H RACING GARAGE LTDA ;3,24E+13;COTIA;SP;10/09/2026;15/09/2026;10/09/2026;Entregue No Prazo;;Entrega realizada;Entrega Finalizada;15;9;10;9;BV LOG;29944;;;
MOBIS BRASIL FABRICACAO DE AUTO PECAS LT;RODOVIARIO;1574164;10/09/2026;2;361364;10/09/2026;TAI MOTORS VEICULOS S/A;9,27E+12;BELO HORIZONTE;MG;10/09/2026;15/09/2026;14/09/2026;Entregue No Prazo;;Entrega realizada;Entrega Finalizada;15;9;10;9;XD BETIM;8002;;;
MOBIS BRASIL FABRICACAO DE AUTO PECAS LT;RODOVIARIO;1574168;10/09/2026;39;361345;10/09/2026;BDG AUTOVILLE VEICULOS LTDA;4,77E+13;CONTAGEM;MG;10/09/2026;15/09/2026;14/09/2026;Entregue No Prazo;;Entrega realizada;Entrega Finalizada;15;9;10;9;XD BETIM;11037;;;
MOBIS BRASIL FABRICACAO DE AUTO PECAS LT;RODOVIARIO;1574211;10/09/2026;3;361343;10/09/2026;MOTONET COMERCIO DE VEICULOS LTDA;9,28E+12;SOROCABA;SP;10/09/2026;15/09/2026;18/09/2026;Entregue Fora do Prazo;;Entrega realizada;Entrega Finalizada;15;9;10;9;MVT;26113;;;
MOBIS BRASIL FABRICACAO DE AUTO PECAS LT;RODOVIARIO;1574212;10/09/2026;51;361532;10/09/2026;NEW VEICULOS E PECAS LTDA;1,59E+13;RIBEIRAO PRETO;SP;10/09/2026;15/09/2026;11/09/2026;Entregue No Prazo;;Entrega realizada;Entrega Finalizada;15;9;10;9;BV LOG;26014;;;
MOBIS BRASIL FABRICACAO DE AUTO PECAS LT;RODOVIARIO;1574215;10/09/2026;1;361337;10/09/2026;ANDRETA II DISTRIBUIDORA DE VEIC. LTDA;9,10E+12;JUNDIAI;SP;10/09/2026;15/09/2026;14/09/2026;Entregue No Prazo;;Entrega realizada;Entrega Finalizada;15;9;10;9;MVT;26011;;;
MOBIS BRASIL FABRICACAO DE AUTO PECAS LT;RODOVIARIO;1574218;10/09/2026;4;361335;10/09/2026;ANDRETA II DISTRIBUIDORA DE VEIC. LTDA;9,10E+12;INDAIATUBA;SP;10/09/2026;15/09/2026;15/09/2026;Entregue No Prazo;;Entrega realizada;Entrega Finalizada;15;9;10;9;MVT;26011;;;
MOBIS BRASIL FABRICACAO DE AUTO PECAS LT;RODOVIARIO;1574219;10/09/2026;1;361336;10/09/2026;ANDRETA II DISTRIBUIDORA DE VEIC. LTDA;9,10E+12;AMERICANA;SP;10/09/2026;15/09/2026;22/09/2026;Entregue Fora do Prazo;Falta de volume;Entrega realizada;Entrega Finalizada;15;9;10;9;MVT;26011;;;
MOBIS BRASIL FABRICACAO DE AUTO PECAS LT;RODOVIARIO;1574232;10/09/2026;1;361340;10/09/2026;H - CAMINHO AUTOMOVEIS LTDA;2,53E+13;LIMEIRA;SP;10/09/2026;15/09/2026;17/09/2026;Entregue Fora do Prazo;;Entrega realizada;Entrega Finalizada;15;9;10;9;MVT;26092;;;
MOBIS BRASIL FABRICACAO DE AUTO PECAS LT;RODOVIARIO;1574162;10/09/2026;1;361369;10/09/2026;URCA MOTORS VEICULOS LTDA;8,77E+12;UBERLANDIA;MG;10/09/2026;16/09/2026;14/09/2026;Entregue No Prazo;;Entrega realizada;Entrega Finalizada;16;9;10;9;XD BETIM;9014;Emancipação Política de Alagoas;Estadual;AL
MOBIS BRASIL FABRICACAO DE AUTO PECAS LT;RODOVIARIO;1574163;10/09/2026;1;361368;10/09/2026;URCA MOTORS VEICULOS LTDA;8,77E+12;UBERABA;MG;10/09/2026;16/09/2026;15/09/2026;Entregue No Prazo;;Entrega realizada;Entrega Finalizada;16;9;10;9;XD BETIM;9014;Emancipação Política de Alagoas;Estadual;AL
MOBIS BRASIL FABRICACAO DE AUTO PECAS LT;RODOVIARIO;1574165;10/09/2026;2;361370;10/09/2026;VIME POCOS COM. DE VEICULOS E PECAS LTDA;3,43E+13;POCOS DE CALDAS;MG;10/09/2026;16/09/2026;16/09/2026;Entregue No Prazo;;Entrega realizada;Entrega Finalizada;16;9;10;9;XD BETIM;11033;Emancipação Política de Alagoas;Estadual;AL
MOBIS BRASIL FABRICACAO DE AUTO PECAS LT;RODOVIARIO;1574167;10/09/2026;1;361367;10/09/2026;URCA MOTORS VEICULOS LTDA;8,77E+12;PATOS DE MINAS;MG;10/09/2026;16/09/2026;15/09/2026;Entregue No Prazo;;Entrega realizada;Entrega Finalizada;16;9;10;9;XD BETIM;9014;Emancipação Política de Alagoas;Estadual;AL
MOBIS BRASIL FABRICACAO DE AUTO PECAS LT;RODOVIARIO;1574170;10/09/2026;1;361366;10/09/2026;TECAR TRILHASAUTOMOVEIS E SERVICOS ;2,32E+13;SETE LAGOAS;MG;10/09/2026;16/09/2026;15/09/2026;Entregue No Prazo;;Entrega realizada;Entrega Finalizada;16;9;10;9;XD BETIM;#N/D;Emancipação Política de Alagoas;Estadual;AL
MOBIS BRASIL FABRICACAO DE AUTO PECAS LT;RODOVIARIO;1574182;10/09/2026;9;361413;10/09/2026;LOVAT VEICULOS S/A;8,57E+12;LONDRINA;PR;10/09/2026;16/09/2026;14/09/2026;Entregue No Prazo;;Entrega realizada;Entrega Finalizada;16;9;10;9;TRANSTRY;18008;Emancipação Política de Alagoas;Estadual;AL
MOBIS BRASIL FABRICACAO DE AUTO PECAS LT;RODOVIARIO;1574183;10/09/2026;1;361414;10/09/2026;LOVAT VEICULOS S/A;8,57E+12;MARINGA;PR;10/09/2026;16/09/2026;16/09/2026;Entregue No Prazo;;Entrega realizada;Entrega Finalizada;16;9;10;9;TRANSTRY;18008;Emancipação Política de Alagoas;Estadual;AL
MOBIS BRASIL FABRICACAO DE AUTO PECAS LT;RODOVIARIO;1574184;10/09/2026;8;361416;10/09/2026;VETOR AUTOMOVEIS LTDA;2,12E+13;CASCAVEL;PR;10/09/2026;16/09/2026;14/09/2026;Entregue No Prazo;;Entrega realizada;Entrega Finalizada;16;9;10;9;TRANSTRY;18019;Emancipação Política de Alagoas;Estadual;AL
MOBIS BRASIL FABRICACAO DE AUTO PECAS LT;RODOVIARIO;1574186;10/09/2026;3;361384;10/09/2026;ITAVEMA MOTORS VEICULOS LTDA;7,73E+12;DUQUE DE CAXIAS;RJ;10/09/2026;16/09/2026;14/09/2026;Entregue No Prazo;;Entrega realizada;Entrega Finalizada;16;9;10;9;CAMILO;19001;Emancipação Política de Alagoas;Estadual;AL
MOBIS BRASIL FABRICACAO DE AUTO PECAS LT;RODOVIARIO;1574187;10/09/2026;2;361371;10/09/2026;AMX COM. E SERVICOS DE AUTOMOTORES LTDA;1,20E+13;RIO DE JANEIRO;RJ;10/09/2026;16/09/2026;14/09/2026;Entregue No Prazo;;Entrega realizada;Entrega Finalizada;16;9;10;9;CAMILO;19009;Emancipação Política de Alagoas;Estadual;AL
MOBIS BRASIL FABRICACAO DE AUTO PECAS LT;RODOVIARIO;1574188;10/09/2026;12;361383;10/09/2026;ITAVEMA MOTORS VEICULOS LTDA;7,73E+12;RIO DE JANEIRO;RJ;10/09/2026;16/09/2026;14/09/2026;Entregue No Prazo;;Entrega realizada;Entrega Finalizada;16;9;10;9;CAMILO;19001;Emancipação Política de Alagoas;Estadual;AL
MOBIS BRASIL FABRICACAO DE AUTO PECAS LT;RODOVIARIO;1574189;10/09/2026;4;361374;10/09/2026;CAOA MOTOR DO BRASIL LTDA;1,68E+13;RIO DE JANEIRO;RJ;10/09/2026;16/09/2026;14/09/2026;Entregue No Prazo;;Entrega realizada;Entrega Finalizada;16;9;10;9;CAMILO;5008;Emancipação Política de Alagoas;Estadual;AL
MOBIS BRASIL FABRICACAO DE AUTO PECAS LT;RODOVIARIO;1574190;10/09/2026;5;361375;10/09/2026;CAOA MOTOR DO BRASIL LTDA;1,68E+13;NITEROI;RJ;10/09/2026;16/09/2026;14/09/2026;Entregue No Prazo;;Entrega realizada;Entrega Finalizada;16;9;10;9;CAMILO;5008;Emancipação Política de Alagoas;Estadual;AL
MOBIS BRASIL FABRICACAO DE AUTO PECAS LT;RODOVIARIO;1574192;10/09/2026;1;361373;10/09/2026;CAOA MOTOR DO BRASIL LTDA;1,68E+13;RIO DE JANEIRO;RJ;10/09/2026;16/09/2026;14/09/2026;Entregue No Prazo;;Entrega realizada;Entrega Finalizada;16;9;10;9;CAMILO;5008;Emancipação Política de Alagoas;Estadual;AL
MOBIS BRASIL FABRICACAO DE AUTO PECAS LT;RODOVIARIO;1574193;10/09/2026;1;361372;10/09/2026;CAOA MOTOR DO BRASIL LTDA;1,68E+13;RIO DE JANEIRO;RJ;10/09/2026;16/09/2026;14/09/2026;Entregue No Prazo;;Entrega realizada;Entrega Finalizada;16;9;10;9;CAMILO;5008;Emancipação Política de Alagoas;Estadual;AL
MOBIS BRASIL FABRICACAO DE AUTO PECAS LT;RODOVIARIO;1574198;10/09/2026;4;361409;10/09/2026;HOUSE PARTS - COM. DE PECAS E VEIC. LTDA;1,15E+13;PORTO ALEGRE;RS;10/09/2026;16/09/2026;14/09/2026;Entregue No Prazo;;Entrega realizada;Entrega Finalizada;16;9;10;9;TRANSTRY;23004;Emancipação Política de Alagoas;Estadual;AL
MOBIS BRASIL FABRICACAO DE AUTO PECAS LT;RODOVIARIO;1574207;10/09/2026;3;361342;10/09/2026;HYMAX DISTRIBUIDORA DE VEICULOS LTDA;1,73E+13;MOGI GUACU;SP;10/09/2026;16/09/2026;14/09/2026;Entregue No Prazo;;Entrega realizada;Entrega Finalizada;16;9;10;9;MVT;26002;Emancipação Política de Alagoas;Estadual;AL
MOBIS BRASIL FABRICACAO DE AUTO PECAS LT;RODOVIARIO;1574220;10/09/2026;15;361344;10/09/2026;NEW VEICULOS E PECAS LTDA.;1,59E+13;FRANCA;SP;10/09/2026;16/09/2026;14/09/2026;Entregue No Prazo;;Entrega realizada;Entrega Finalizada;16;9;10;9;MVT;26048;Emancipação Política de Alagoas;Estadual;AL
MOBIS BRASIL FABRICACAO DE AUTO PECAS LT;RODOVIARIO;1574221;10/09/2026;3;361341;10/09/2026;H R B COMERCIO DE VEICULOS LTDA;1,82E+13;SAO JOSE DO RIO PRETO;SP;10/09/2026;16/09/2026;14/09/2026;Entregue No Prazo;;Entrega realizada;Entrega Finalizada;16;9;10;9;MVT;26050;Emancipação Política de Alagoas;Estadual;AL
MOBIS BRASIL FABRICACAO DE AUTO PECAS LT;RODOVIARIO;1574224;10/09/2026;1;361339;10/09/2026;GOLDEN MOTORS VEICULOS LTDA;3,62E+12;PRESIDENTE PRUDENTE;SP;10/09/2026;16/09/2026;16/09/2026;Entregue No Prazo;;Entrega realizada;Entrega Finalizada;16;9;10;9;MVT;12001;Emancipação Política de Alagoas;Estadual;AL
MOBIS BRASIL FABRICACAO DE AUTO PECAS LT;RODOVIARIO;1574227;10/09/2026;1;361338;10/09/2026;DESTAQUE SEUL DISTR DE VEIC PEC LTDA;2,12E+13;CARAGUATATUBA;SP;10/09/2026;16/09/2026;16/09/2026;Entregue No Prazo;;Entrega realizada;Entrega Finalizada;16;9;10;9;MVT;26082;Emancipação Política de Alagoas;Estadual;AL
MOBIS BRASIL FABRICACAO DE AUTO PECAS LT;RODOVIARIO;1574228;10/09/2026;4;361338;10/09/2026;DESTAQUE SEUL DISTR DE VEIC PEC LTDA;2,12E+13;CARAGUATATUBA;SP;10/09/2026;16/09/2026;16/09/2026;Entregue No Prazo;;Entrega realizada;Entrega Finalizada;16;9;10;9;MVT;26082;Emancipação Política de Alagoas;Estadual;AL
MOBIS BRASIL FABRICACAO DE AUTO PECAS LT;RODOVIARIO;1574157;10/09/2026;9;361404;10/09/2026;VIA BRASIL AUTOMOVEIS LTDA.;4,72E+12;SERRA;ES;10/09/2026;17/09/2026;15/09/2026;Entregue No Prazo;;Entrega realizada;Entrega Finalizada;17;9;10;9;CAMILO;8001;;;
MOBIS BRASIL FABRICACAO DE AUTO PECAS LT;RODOVIARIO;1574159;10/09/2026;2;361397;10/09/2026;PRIME VILA VELHA VEICULOS LTDA.;2,14E+13;VILA VELHA;ES;10/09/2026;17/09/2026;15/09/2026;Entregue No Prazo;;Entrega realizada;Entrega Finalizada;17;9;10;9;CAMILO;8005;;;
MOBIS BRASIL FABRICACAO DE AUTO PECAS LT;RODOVIARIO;1574166;10/09/2026;2;361365;10/09/2026;TAI MOTORS VEICULOS S/A;9,27E+12;MURIAE;MG;10/09/2026;17/09/2026;15/09/2026;Entregue No Prazo;;Entrega realizada;Entrega Finalizada;17;9;10;9;XD BETIM;8002;;;
MOBIS BRASIL FABRICACAO DE AUTO PECAS LT;RODOVIARIO;1574169;10/09/2026;2;361360;10/09/2026;RITMO MOTORS LTDA;1,94E+13;PASSOS;MG;10/09/2026;17/09/2026;14/09/2026;Entregue No Prazo;;Entrega realizada;Entrega Finalizada;17;9;10;9;XD BETIM;11040;;;
MOBIS BRASIL FABRICACAO DE AUTO PECAS LT;RODOVIARIO;1574185;10/09/2026;6;361417;10/09/2026;VETOR AUTOMOVEIS LTDA;2,12E+13;FOZ DO IGUACU;PR;10/09/2026;17/09/2026;14/09/2026;Entregue No Prazo;;Entrega realizada;Entrega Finalizada;17;9;10;9;TRANSTRY;18019;;;
MOBIS BRASIL FABRICACAO DE AUTO PECAS LT;RODOVIARIO;1574191;10/09/2026;2;361402;10/09/2026;TAI MOTORS VEICULOS S/A;9,27E+12;CAMPOS DOS GOYTACAZES;RJ;10/09/2026;17/09/2026;14/09/2026;Entregue No Prazo;;Entrega realizada;Entrega Finalizada;17;9;10;9;CAMILO;8002;;;
MOBIS BRASIL FABRICACAO DE AUTO PECAS LT;RODOVIARIO;1574194;10/09/2026;4;361388;10/09/2026;MONTREAL VEICULOS E PECAS LTDA;1,68E+13;SAO PEDRO DA ALDEIA;RJ;10/09/2026;17/09/2026;16/09/2026;Entregue No Prazo;;Entrega realizada;Entrega Finalizada;17;9;10;9;CAMILO;19030;;;
MOBIS BRASIL FABRICACAO DE AUTO PECAS LT;RODOVIARIO;1574200;10/09/2026;5;361411;10/09/2026;HOUSE PARTS - COM DE PECAS E VEIC LTDA;1,15E+13;OSORIO;RS;10/09/2026;17/09/2026;18/09/2026;Entregue Fora do Prazo;;Entrega realizada;Entrega Finalizada;17;9;10;9;TRANSTRY;23016;;;
MOBIS BRASIL FABRICACAO DE AUTO PECAS LT;RODOVIARIO;1574201;10/09/2026;1;361412;10/09/2026;HOUSE PARTS COMERCIO DE PECAS E VEI;1,15E+13;CAXIAS DO SUL;RS;10/09/2026;17/09/2026;15/09/2026;Entregue No Prazo;;Entrega realizada;Entrega Finalizada;17;9;10;9;TRANSTRY;23023;;;
MOBIS BRASIL FABRICACAO DE AUTO PECAS LT;RODOVIARIO;1574202;10/09/2026;1;361406;10/09/2026;ATUAL VEICULOS LTDA;1,33E+13;ARARANGUA;SC;10/09/2026;17/09/2026;14/09/2026;Entregue No Prazo;;Entrega realizada;Entrega Finalizada;17;9;10;9;TRANSTRY;24001;;;
MOBIS BRASIL FABRICACAO DE AUTO PECAS LT;RODOVIARIO;1574203;10/09/2026;4;361405;10/09/2026;ATUAL VEICULOS LTDA;1,33E+13;TUBARAO;SC;10/09/2026;17/09/2026;14/09/2026;Entregue No Prazo;;Entrega realizada;Entrega Finalizada;17;9;10;9;TRANSTRY;24001;;;
MOBIS BRASIL FABRICACAO DE AUTO PECAS LT;RODOVIARIO;1574204;10/09/2026;10;361415;10/09/2026;LR COMERCIO DE VEICULOS LTDA;1,05E+13;SAO JOSE;SC;10/09/2026;17/09/2026;14/09/2026;Entregue No Prazo;;Entrega realizada;Entrega Finalizada;17;9;10;9;TRANSTRY;24007;;;
MOBIS BRASIL FABRICACAO DE AUTO PECAS LT;RODOVIARIO;1574154;10/09/2026;1;361363;10/09/2026;SMAFF IMPORT VEICULOS LTDA;8,18E+12;BRASILIA;DF;10/09/2026;18/09/2026;16/09/2026;Entregue No Prazo;;Entrega realizada;Entrega Finalizada;18;9;10;9;RIO VERMELHO;7002;;;
MOBIS BRASIL FABRICACAO DE AUTO PECAS LT;RODOVIARIO;1574155;10/09/2026;32;361363;10/09/2026;SMAFF IMPORT VEICULOS LTDA;8,18E+12;BRASILIA;DF;10/09/2026;18/09/2026;16/09/2026;Entregue No Prazo;;Entrega realizada;Entrega Finalizada;18;9;10;9;RIO VERMELHO;7002;;;
MOBIS BRASIL FABRICACAO DE AUTO PECAS LT;RODOVIARIO;1574156;10/09/2026;34;361362;10/09/2026;SAGA KOREA COM. DE VEIC. E PC. LTDA;1,27E+13;BRASILIA;DF;10/09/2026;18/09/2026;15/09/2026;Entregue No Prazo;;Entrega realizada;Entrega Finalizada;18;9;10;9;RIO VERMELHO;7005;;;
MOBIS BRASIL FABRICACAO DE AUTO PECAS LT;RODOVIARIO;1574158;10/09/2026;1;361396;10/09/2026;PRIME CACHOEIRO VEICULOS LTDA;9,34E+12;CACHOEIRO DE ITAPEMIRIM;ES;10/09/2026;18/09/2026;16/09/2026;Entregue No Prazo;;Entrega realizada;Entrega Finalizada;18;9;10;9;CAMILO;8004;;;
MOBIS BRASIL FABRICACAO DE AUTO PECAS LT;RODOVIARIO;1574160;10/09/2026;1;361361;10/09/2026;SAGA KOREA COM. DE VEIC. E PC. LTDA;1,27E+13;GOIANIA;GO;10/09/2026;18/09/2026;16/09/2026;Entregue No Prazo;;Entrega realizada;Entrega Finalizada;18;9;10;9;RIO VERMELHO;9011;;;
MOBIS BRASIL FABRICACAO DE AUTO PECAS LT;RODOVIARIO;1574171;10/09/2026;3;361381;10/09/2026;GOLDEN MOTORS VEICULOS LTDA;3,62E+12;TRES LAGOAS;MS;10/09/2026;18/09/2026;14/09/2026;Entregue No Prazo;;Entrega realizada;Entrega Finalizada;18;9;10;9;CARVALIMA;12001;;;
MOBIS BRASIL FABRICACAO DE AUTO PECAS LT;RODOVIARIO;1574172;10/09/2026;3;361403;10/09/2026;ULSAN COMERCIO DE VEICULOS LTDA.;2,10E+13;CAMPO GRANDE;MS;10/09/2026;18/09/2026;15/09/2026;Entregue No Prazo;;Entrega realizada;Entrega Finalizada;18;9;10;9;CARVALIMA;12004;;;
MOBIS BRASIL FABRICACAO DE AUTO PECAS LT;RODOVIARIO;1574199;10/09/2026;8;361410;10/09/2026;HOUSE PARTS - COM. DE PECAS E VEIC. LTDA;1,15E+13;SANTA MARIA;RS;10/09/2026;18/09/2026;15/09/2026;Entregue No Prazo;;Entrega realizada;Entrega Finalizada;18;9;10;9;TRANSTRY;23008;;;
MOBIS BRASIL FABRICACAO DE AUTO PECAS LT;RODOVIARIO;1574205;10/09/2026;1;361407;10/09/2026;CHINHAN AUTOMOVEIS LTDA;2,41E+13;CONCORDIA;SC;10/09/2026;18/09/2026;15/09/2026;Entregue No Prazo;;Entrega realizada;Entrega Finalizada;18;9;10;9;TRANSTRY;23019;;;
MOBIS BRASIL FABRICACAO DE AUTO PECAS LT;RODOVIARIO;1574173;10/09/2026;27;361398;10/09/2026;SAGA SEUL COMERCIO DE VEICULOS, PECAS E;2,23E+13;CUIABA;MT;10/09/2026;21/09/2026;14/09/2026;Entregue No Prazo;;Entrega realizada;Entrega Finalizada;21;9;10;9;CARVALIMA;13005;;;
MOBIS BRASIL FABRICACAO DE AUTO PECAS LT;RODOVIARIO;1574206;10/09/2026;2;361408;10/09/2026;CHINHAN AUTOMOVEIS LTDA.;2,41E+13;CACADOR;SC;10/09/2026;21/09/2026;14/09/2026;Entregue No Prazo;;Entrega realizada;Entrega Finalizada;21;9;10;9;TRANSTRY;24020;;;
MOBIS BRASIL FABRICACAO DE AUTO PECAS LT;RODOVIARIO;1574235;10/09/2026;10;361359;10/09/2026;PRIVILLEGE DISTRIBUIDORA DE VEICULOS LTD;1,72E+13;PALMAS;TO;10/09/2026;21/09/2026;21/09/2026;Entregue No Prazo;;Entrega realizada;Entrega Finalizada;21;9;10;9;RIO VERMELHO;27003;;;
MOBIS BRASIL FABRICACAO DE AUTO PECAS LT;RODOVIARIO;1574148;10/09/2026;1;361393;10/09/2026;PATEO COMERCIO DE VEICULOS S A;7,78E+12;SALVADOR;BA;10/09/2026;22/09/2026;17/09/2026;Entregue No Prazo;;Entrega realizada;Entrega Finalizada;22;9;10;9;TERMACO;5003;;;
MOBIS BRASIL FABRICACAO DE AUTO PECAS LT;RODOVIARIO;1574149;10/09/2026;3;361380;10/09/2026;FAZZA MOTORS COMERCIO DE VEICULOS LTDA;1,24E+13;SALVADOR;BA;10/09/2026;22/09/2026;17/09/2026;Entregue No Prazo;;Entrega realizada;Entrega Finalizada;22;9;10;9;TERMACO;5007;;;
MOBIS BRASIL FABRICACAO DE AUTO PECAS LT;RODOVIARIO;1574174;10/09/2026;2;361378;10/09/2026;COMETA MATO GROSSO COM. DE VEICULOS LTDA;1,54E+13;RONDONOPOLIS;MT;10/09/2026;22/09/2026;14/09/2026;Entregue No Prazo;;Entrega realizada;Entrega Finalizada;22;9;10;9;CARVALIMA;13006;;;
MOBIS BRASIL FABRICACAO DE AUTO PECAS LT;RODOVIARIO;1574236;10/09/2026;9;361401;10/09/2026;SEVEL VEICULOS LTDA;1,07E+13;ARACAJU;SE;10/09/2026;23/09/2026;17/09/2026;Entregue No Prazo;;Entrega realizada;Entrega Finalizada;23;9;10;9;TERMACO;25001;;;
MOBIS BRASIL FABRICACAO DE AUTO PECAS LT;RODOVIARIO;1574145;10/09/2026;2;361379;10/09/2026;CYCOSA AUTOMOVEIS LTDA;4,76E+12;MACEIO;AL;10/09/2026;24/09/2026;18/09/2026;Entregue No Prazo;;Entrega realizada;Entrega Finalizada;24;9;10;9;TERMACO;2001;;;
MOBIS BRASIL FABRICACAO DE AUTO PECAS LT;RODOVIARIO;1574161;10/09/2026;2;361356;10/09/2026;NASA MOTORS LTDA.;2,65E+13;SAO LUIS DE MONTES BELOS;GO;10/09/2026;24/09/2026;30/09/2026;Entregue Fora do Prazo;;Entrega realizada;Entrega Finalizada;24;9;10;9;RIO VERMELHO;9016;;;
MOBIS BRASIL FABRICACAO DE AUTO PECAS LT;RODOVIARIO;1574175;10/09/2026;5;361390;10/09/2026;NACIONAL NOVA MARABA DIST DE VEIC. LTDA;1,70E+13;MARABA;PA;10/09/2026;24/09/2026;16/09/2026;Entregue No Prazo;Avaria;Entrega realizada;Entrega Finalizada;24;9;10;9;CARVALIMA;14005;;;
MOBIS BRASIL FABRICACAO DE AUTO PECAS LT;RODOVIARIO;1574150;10/09/2026;2;361376;10/09/2026;CAOA MOTOR DO BRASIL LTDA;1,68E+13;LAURO DE FREITAS;BA;10/09/2026;25/09/2026;17/09/2026;Entregue No Prazo;;Entrega realizada;Entrega Finalizada;25;9;10;9;TERMACO;5008;;;
MOBIS BRASIL FABRICACAO DE AUTO PECAS LT;RODOVIARIO;1574151;10/09/2026;1;361395;10/09/2026;PATEO COMERCIO DE VEICULOS S A;7,78E+12;FEIRA DE SANTANA;BA;10/09/2026;25/09/2026;16/09/2026;Entregue No Prazo;;Entrega realizada;Entrega Finalizada;25;9;10;9;TERMACO;5009;;;
MOBIS BRASIL FABRICACAO DE AUTO PECAS LT;RODOVIARIO;1574152;10/09/2026;2;361395;10/09/2026;PATEO COMERCIO DE VEICULOS S A;7,78E+12;FEIRA DE SANTANA;BA;10/09/2026;25/09/2026;16/09/2026;Entregue No Prazo;;Entrega realizada;Entrega Finalizada;25;9;10;9;TERMACO;5009;;;
MOBIS BRASIL FABRICACAO DE AUTO PECAS LT;RODOVIARIO;1574177;10/09/2026;3;361391;10/09/2026;PATEO COMERCIO DE VEICULOS S A;7,78E+12;JOAO PESSOA;PB;10/09/2026;25/09/2026;23/09/2026;Entregue No Prazo;;Entrega realizada;Entrega Finalizada;25;9;10;9;TERMACO;15003;;;
MOBIS BRASIL FABRICACAO DE AUTO PECAS LT;RODOVIARIO;1574179;10/09/2026;19;361392;10/09/2026;PATEO COMERCIO DE VEICULOS S A;7,78E+12;RECIFE;PE;10/09/2026;25/09/2026;21/09/2026;Entregue No Prazo;;Entrega realizada;Entrega Finalizada;25;9;10;9;TERMACO;16004;;;
MOBIS BRASIL FABRICACAO DE AUTO PECAS LT;RODOVIARIO;1574195;10/09/2026;6;361400;10/09/2026;SAINT LAND COMERCIO DE VEICULOS LTDA;1,04E+13;NATAL;RN;10/09/2026;25/09/2026;18/09/2026;Entregue No Prazo;;Entrega realizada;Entrega Finalizada;25;9;10;9;TERMACO;6010;;;
MOBIS BRASIL FABRICACAO DE AUTO PECAS LT;RODOVIARIO;1574196;10/09/2026;2;361400;10/09/2026;SAINT LAND COMERCIO DE VEICULOS LTDA;1,04E+13;NATAL;RN;10/09/2026;25/09/2026;18/09/2026;Entregue No Prazo;;Entrega realizada;Entrega Finalizada;25;9;10;9;TERMACO;6010;;;
MOBIS BRASIL FABRICACAO DE AUTO PECAS LT;RODOVIARIO;1574153;10/09/2026;3;361399;10/09/2026;SAINT LAND COMERCIO DE VEICULOS LTDA;1,04E+13;JUAZEIRO DO NORTE;CE;10/09/2026;28/09/2026;22/09/2026;Entregue No Prazo;;Entrega realizada;Entrega Finalizada;28;9;10;9;TERMACO;6010;;;
MOBIS BRASIL FABRICACAO DE AUTO PECAS LT;RODOVIARIO;1574176;10/09/2026;1;361389;10/09/2026;NACIONAL NOVA MARABA DIST DE VEIC. LTDA;1,70E+13;PARAUAPEBAS;PA;10/09/2026;28/09/2026;17/09/2026;Entregue No Prazo;;Entrega realizada;Entrega Finalizada;28;9;10;9;CARVALIMA;14010;;;
MOBIS BRASIL FABRICACAO DE AUTO PECAS LT;RODOVIARIO;1574178;10/09/2026;2;361386;10/09/2026;JPN PATOS COMERCIO DE VEICULOS LTDA;4,20E+13;PATOS;PB;10/09/2026;28/09/2026;18/09/2026;Entregue No Prazo;;Entrega realizada;Entrega Finalizada;28;9;10;9;TERMACO;15004;;;
MOBIS BRASIL FABRICACAO DE AUTO PECAS LT;RODOVIARIO;1574180;10/09/2026;5;361385;10/09/2026;JPN COMERCIO DE AUTOMOVEIS LTDA;2,61E+13;GARANHUNS;PE;10/09/2026;28/09/2026;23/09/2026;Entregue No Prazo;;Entrega realizada;Entrega Finalizada;28;9;10;9;TERMACO;16009;;;
MOBIS BRASIL FABRICACAO DE AUTO PECAS LT;RODOVIARIO;1574181;10/09/2026;2;361382;10/09/2026;GREEN CITY VEICULOS LTDA;2,10E+13;TERESINA;PI;10/09/2026;28/09/2026;21/09/2026;Entregue No Prazo;;Entrega realizada;Entrega Finalizada;28;9;10;9;TERMACO;17002;;;
MOBIS BRASIL FABRICACAO DE AUTO PECAS LT;RODOVIARIO;1574197;10/09/2026;4;361377;10/09/2026;COMETA JI PARANA COM. DE VEIC. LTDA;4,23E+12;JIPARANA;RO;10/09/2026;29/09/2026;16/09/2026;Entregue No Prazo;;Entrega realizada;Entrega Finalizada;29;9;10;9;CARVALIMA;21002;;;
MOBIS BRASIL FABRICACAO DE AUTO PECAS LT;RODOVIARIO;1574147;10/09/2026;2;361387;10/09/2026;MISO VEICULOS LTDA;1,85E+13;MACAPA;AP;10/09/2026;01/10/2026;24/09/2026;Entregue No Prazo;;Entrega realizada;Entrega Finalizada;1;10;10;9;CARVALIMA;4001;;;
MOBIS BRASIL FABRICACAO DE AUTO PECAS LT;RODOVIARIO;1574146;10/09/2026;1;361394;10/09/2026;PATEO COMERCIO DE VEICULOS S A;7,78E+12;MANAUS;AM;10/09/2026;06/10/2026;24/09/2026;Entregue No Prazo;;Entrega realizada;Entrega Finalizada;6;10;10;9;CARVALIMA;3002;;;
MOBIS BRASIL FABRICACAO DE AUTO PECAS LT;RODOVIARIO;1573382;09/09/2026;15;361547;11/09/2026;GRANDAY AUTOMOTORES LTDA (CHAC. CALIFOR);1,57E+13;SAO PAULO;SP;11/09/2026;15/09/2026;11/09/2026;Entregue No Prazo;;Entrega realizada;Entrega Finalizada;15;9;11;9;BV LOG;26090;;;
MOBIS BRASIL FABRICACAO DE AUTO PECAS LT;RODOVIARIO;1574217;10/09/2026;3;361546;11/09/2026;BILLY DISTRIBUIDORA DE VEICULOS LTDA;1,34E+13;SAO CAETANO DO SUL;SP;11/09/2026;15/09/2026;11/09/2026;Entregue No Prazo;;Entrega realizada;Entrega Finalizada;15;9;11;9;BV LOG;26003;;;
MOBIS BRASIL FABRICACAO DE AUTO PECAS LT;RODOVIARIO;1574230;10/09/2026;18;361547;11/09/2026;GRANDAY AUTOMOTORES LTDA (CHAC. CALIFOR);1,57E+13;SAO PAULO;SP;11/09/2026;15/09/2026;11/09/2026;Entregue No Prazo;;Entrega realizada;Entrega Finalizada;15;9;11;9;BV LOG;26090;;;
MOBIS BRASIL FABRICACAO DE AUTO PECAS LT;RODOVIARIO;1574901;11/09/2026;2;361549;11/09/2026;BILLY DISTRIBUIDORA DE VEICULOS LTDA;1,34E+13;BARUERI;SP;11/09/2026;15/09/2026;14/09/2026;Entregue No Prazo;;Entrega realizada;Entrega Finalizada;15;9;11;9;XD DIADEMA;26003;;;
MOBIS BRASIL FABRICACAO DE AUTO PECAS LT;RODOVIARIO;1574902;11/09/2026;1;361554;11/09/2026;GRAND SPORT COM. DE VEIC. E PECAS LTDA;8,58E+12;GUARULHOS;SP;11/09/2026;15/09/2026;14/09/2026;Entregue No Prazo;;Entrega realizada;Entrega Finalizada;15;9;11;9;XD DIADEMA;26005;;;
MOBIS BRASIL FABRICACAO DE AUTO PECAS LT;RODOVIARIO;1574903;11/09/2026;3;361554;11/09/2026;GRAND SPORT COM. DE VEIC. E PECAS LTDA;8,58E+12;GUARULHOS;SP;11/09/2026;15/09/2026;14/09/2026;Entregue No Prazo;;Entrega realizada;Entrega Finalizada;15;9;11;9;XD DIADEMA;26005;;;
MOBIS BRASIL FABRICACAO DE AUTO PECAS LT;RODOVIARIO;1574908;11/09/2026;1;361555;11/09/2026;GRAND SPORT COM. DE VEIC. E PECAS LTDA;8,58E+12;SAO PAULO;SP;11/09/2026;15/09/2026;14/09/2026;Entregue No Prazo;;Entrega realizada;Entrega Finalizada;15;9;11;9;XD DIADEMA;26034;;;
MOBIS BRASIL FABRICACAO DE AUTO PECAS LT;RODOVIARIO;1574910;11/09/2026;2;361546;11/09/2026;BILLY DISTRIBUIDORA DE VEICULOS LTDA;1,34E+13;SAO CAETANO DO SUL;SP;11/09/2026;15/09/2026;11/09/2026;Entregue No Prazo;;Entrega realizada;Entrega Finalizada;15;9;11;9;BV LOG;26003;;;
MOBIS BRASIL FABRICACAO DE AUTO PECAS LT;RODOVIARIO;1574911;11/09/2026;2;361546;11/09/2026;BILLY DISTRIBUIDORA DE VEICULOS LTDA;1,34E+13;SAO CAETANO DO SUL;SP;11/09/2026;15/09/2026;11/09/2026;Entregue No Prazo;;Entrega realizada;Entrega Finalizada;15;9;11;9;BV LOG;26003;;;
MOBIS BRASIL FABRICACAO DE AUTO PECAS LT;RODOVIARIO;1574918;11/09/2026;3;361559;11/09/2026;NOBRE SP DISTRIB. DE VEIC. E PEC. LTDA;1,70E+13;SAO PAULO;SP;11/09/2026;15/09/2026;14/09/2026;Entregue No Prazo;;Entrega realizada;Entrega Finalizada;15;9;11;9;XD DIADEMA;26081;;;
MOBIS BRASIL FABRICACAO DE AUTO PECAS LT;RODOVIARIO;1574920;11/09/2026;25;361547;11/09/2026;GRANDAY AUTOMOTORES LTDA (CHAC. CALIFOR);1,57E+13;SAO PAULO;SP;11/09/2026;15/09/2026;11/09/2026;Entregue No Prazo;;Entrega realizada;Entrega Finalizada;15;9;11;9;BV LOG;26090;;;
MOBIS BRASIL FABRICACAO DE AUTO PECAS LT;RODOVIARIO;1574924;11/09/2026;1;361558;11/09/2026;NOBRE DISTRIBUIDORA DE VEIC. E PEC. LTDA;5,76E+12;SUZANO;SP;11/09/2026;15/09/2026;14/09/2026;Entregue No Prazo;;Entrega realizada;Entrega Finalizada;15;9;11;9;XD DIADEMA;26103;;;
MOBIS BRASIL FABRICACAO DE AUTO PECAS LT;RODOVIARIO;1574925;11/09/2026;1;361552;11/09/2026;CHS MOTORS VEICULOS PECAS E SERV.  LTDA;1,69E+13;SAO PAULO;SP;11/09/2026;15/09/2026;14/09/2026;Entregue No Prazo;;Entrega realizada;Entrega Finalizada;15;9;11;9;XD DIADEMA;26108;;;
MOBIS BRASIL FABRICACAO DE AUTO PECAS LT;RODOVIARIO;1574926;11/09/2026;1;361550;11/09/2026;CAOA MOTOR DO BRASIL LTDA(RAP. TAVARES);1,68E+13;SAO PAULO;SP;11/09/2026;15/09/2026;14/09/2026;Entregue No Prazo;;Entrega realizada;Entrega Finalizada;15;9;11;9;XD DIADEMA;26109;;;
MOBIS BRASIL FABRICACAO DE AUTO PECAS LT;RODOVIARIO;1574210;10/09/2026;18;361645;11/09/2026;ANDRETA II DISTRIBUIDORA DE VEIC. LTDA;9,10E+12;CAMPINAS;SP;11/09/2026;16/09/2026;;Pendente Fora;;;Entrega Pendente;16;9;11;9;BV LOG;26011;Emancipação Política de Alagoas;Estadual;AL
MOBIS BRASIL FABRICACAO DE AUTO PECAS LT;RODOVIARIO;1574846;11/09/2026;15;361563;11/09/2026;TAI MOTORS VEICULOS S/A;9,27E+12;BELO HORIZONTE;MG;11/09/2026;16/09/2026;15/09/2026;Entregue No Prazo;;Entrega realizada;Entrega Finalizada;16;9;11;9;XD BETIM;8002;Emancipação Política de Alagoas;Estadual;AL
MOBIS BRASIL FABRICACAO DE AUTO PECAS LT;RODOVIARIO;1574847;11/09/2026;22;361551;11/09/2026;CARBEL KOREA VEICULOS LTDA;2,07E+13;BELO HORIZONTE;MG;11/09/2026;16/09/2026;15/09/2026;Entregue No Prazo;;Entrega realizada;Entrega Finalizada;16;9;11;9;XD BETIM;11021;Emancipação Política de Alagoas;Estadual;AL
MOBIS BRASIL FABRICACAO DE AUTO PECAS LT;RODOVIARIO;1574852;11/09/2026;41;361548;11/09/2026;BDG AUTOVILLE VEICULOS LTDA;4,77E+13;CONTAGEM;MG;11/09/2026;16/09/2026;15/09/2026;Entregue No Prazo;;Entrega realizada;Entrega Finalizada;16;9;11;9;XD BETIM;11037;Emancipação Política de Alagoas;Estadual;AL
MOBIS BRASIL FABRICACAO DE AUTO PECAS LT;RODOVIARIO;1574867;11/09/2026;2;361635;11/09/2026;BARI VEICULOS LTDA.;7,46E+12;CURITIBA;PR;11/09/2026;16/09/2026;14/09/2026;Entregue No Prazo;;Entrega realizada;Entrega Finalizada;16;9;11;9;TRANSTRY;18029;Emancipação Política de Alagoas;Estadual;AL
MOBIS BRASIL FABRICACAO DE AUTO PECAS LT;RODOVIARIO;1574869;11/09/2026;1;361630;11/09/2026;BARI VEICULOS LTDA;7,46E+12;CURITIBA;PR;11/09/2026;16/09/2026;14/09/2026;Entregue No Prazo;;Entrega realizada;Entrega Finalizada;16;9;11;9;TRANSTRY;18024;Emancipação Política de Alagoas;Estadual;AL
MOBIS BRASIL FABRICACAO DE AUTO PECAS LT;RODOVIARIO;1574904;11/09/2026;1;361539;11/09/2026;DHC COMERCIO DE VEICULOS E PECAS LTDA;9,52E+12;BAURU;SP;11/09/2026;16/09/2026;15/09/2026;Entregue No Prazo;Avaria;;Entrega Finalizada;16;9;11;9;MVT;26010;Emancipação Política de Alagoas;Estadual;AL
MOBIS BRASIL FABRICACAO DE AUTO PECAS LT;RODOVIARIO;1574905;11/09/2026;2;361539;11/09/2026;DHC COMERCIO DE VEICULOS E PECAS LTDA;9,52E+12;BAURU;SP;11/09/2026;16/09/2026;14/09/2026;Entregue No Prazo;;Entrega realizada;Entrega Finalizada;16;9;11;9;MVT;26010;Emancipação Política de Alagoas;Estadual;AL
MOBIS BRASIL FABRICACAO DE AUTO PECAS LT;RODOVIARIO;1574906;11/09/2026;18;361645;11/09/2026;ANDRETA II DISTRIBUIDORA DE VEIC. LTDA;9,10E+12;CAMPINAS;SP;11/09/2026;16/09/2026;;Pendente Fora;;;Entrega Pendente;16;9;11;9;BV LOG;26011;Emancipação Política de Alagoas;Estadual;AL
MOBIS BRASIL FABRICACAO DE AUTO PECAS LT;RODOVIARIO;1574912;11/09/2026;1;361535;11/09/2026;ANDRETA II DISTRIBUIDORA DE VEIC. LTDA;9,10E+12;AMERICANA;SP;11/09/2026;16/09/2026;15/09/2026;Entregue No Prazo;;Entrega realizada;Entrega Finalizada;16;9;11;9;MVT;26011;Emancipação Política de Alagoas;Estadual;AL
MOBIS BRASIL FABRICACAO DE AUTO PECAS LT;RODOVIARIO;1574914;11/09/2026;1;361536;11/09/2026;CAOA MOTOR DO BRASIL LTDA;1,68E+13;SAO JOSE DOS CAMPOS;SP;11/09/2026;16/09/2026;14/09/2026;Entregue No Prazo;;Entrega realizada;Entrega Finalizada;16;9;11;9;MVT;5008;Emancipação Política de Alagoas;Estadual;AL
MOBIS BRASIL FABRICACAO DE AUTO PECAS LT;RODOVIARIO;1574916;11/09/2026;2;361553;11/09/2026;DESTAQUE SEUL DISTR. DE VEIC. E PC. LTDA;2,12E+13;ATIBAIA;SP;11/09/2026;16/09/2026;14/09/2026;Entregue No Prazo;;Entrega realizada;Entrega Finalizada;16;9;11;9;XD DIADEMA;26075;Emancipação Política de Alagoas;Estadual;AL
MOBIS BRASIL FABRICACAO DE AUTO PECAS LT;RODOVIARIO;1574923;11/09/2026;3;361541;11/09/2026;H - CAMINHO AUTOMOVEIS LTDA;2,53E+13;LIMEIRA;SP;11/09/2026;16/09/2026;16/09/2026;Entregue No Prazo;;Entrega realizada;Entrega Finalizada;16;9;11;9;MVT;26092;Emancipação Política de Alagoas;Estadual;AL
MOBIS BRASIL FABRICACAO DE AUTO PECAS LT;RODOVIARIO;1574928;11/09/2026;18;361556;11/09/2026;H RACING GARAGE LTDA ;3,24E+13;COTIA;SP;11/09/2026;16/09/2026;14/09/2026;Entregue No Prazo;;Entrega realizada;Entrega Finalizada;16;9;11;9;XD DIADEMA;29944;Emancipação Política de Alagoas;Estadual;AL
MOBIS BRASIL FABRICACAO DE AUTO PECAS LT;RODOVIARIO;1574842;11/09/2026;13;361568;11/09/2026;URCA MOTORS VEICULOS LTDA;8,77E+12;UBERLANDIA;MG;11/09/2026;17/09/2026;16/09/2026;Entregue No Prazo;;Entrega realizada;Entrega Finalizada;17;9;11;9;XD BETIM;9014;;;
MOBIS BRASIL FABRICACAO DE AUTO PECAS LT;RODOVIARIO;1574845;11/09/2026;6;361570;11/09/2026;URCA MOTORS VEICULOS LTDA;8,77E+12;UBERABA;MG;11/09/2026;17/09/2026;16/09/2026;Entregue No Prazo;;Entrega realizada;Entrega Finalizada;17;9;11;9;XD BETIM;9014;;;
MOBIS BRASIL FABRICACAO DE AUTO PECAS LT;RODOVIARIO;1574848;11/09/2026;1;361567;11/09/2026;TOKSU COMERCIO DE VEICULOS LTDA;1,12E+13;POUSO ALEGRE;MG;11/09/2026;17/09/2026;16/09/2026;Entregue No Prazo;;Entrega realizada;Entrega Finalizada;17;9;11;9;XD BETIM;11008;;;
MOBIS BRASIL FABRICACAO DE AUTO PECAS LT;RODOVIARIO;1574849;11/09/2026;2;361566;11/09/2026;TOKSU COMERCIO DE VEICULOS LTDA;1,12E+13;VARGINHA;MG;11/09/2026;17/09/2026;14/09/2026;Entregue No Prazo;;Entrega realizada;Entrega Finalizada;17;9;11;9;XD BETIM;11008;;;
MOBIS BRASIL FABRICACAO DE AUTO PECAS LT;RODOVIARIO;1574850;11/09/2026;1;361571;11/09/2026;VIME POCOS COM. DE VEICULOS E PECAS LTDA;3,43E+13;POCOS DE CALDAS;MG;11/09/2026;17/09/2026;16/09/2026;Entregue No Prazo;;Entrega realizada;Entrega Finalizada;17;9;11;9;XD BETIM;11033;;;
MOBIS BRASIL FABRICACAO DE AUTO PECAS LT;RODOVIARIO;1574864;11/09/2026;3;361641;11/09/2026;LOVAT VEICULOS S/A;8,57E+12;LONDRINA;PR;11/09/2026;17/09/2026;14/09/2026;Entregue No Prazo;;Entrega realizada;Entrega Finalizada;17;9;11;9;TRANSTRY;18008;;;
MOBIS BRASIL FABRICACAO DE AUTO PECAS LT;RODOVIARIO;1574865;11/09/2026;1;361629;11/09/2026;BARI VEICULOS LTDA;7,46E+12;GUARAPUAVA;PR;11/09/2026;17/09/2026;16/09/2026;Entregue No Prazo;;Entrega realizada;Entrega Finalizada;17;9;11;9;TRANSTRY;18024;;;
MOBIS BRASIL FABRICACAO DE AUTO PECAS LT;RODOVIARIO;1574866;11/09/2026;8;361631;11/09/2026;BARI VEICULOS LTDA;7,46E+12;PONTA GROSSA;PR;11/09/2026;17/09/2026;16/09/2026;Entregue No Prazo;;Entrega realizada;Entrega Finalizada;17;9;11;9;TRANSTRY;18024;;;
MOBIS BRASIL FABRICACAO DE AUTO PECAS LT;RODOVIARIO;1574868;11/09/2026;1;361628;11/09/2026;BARI VEICULOS LTDA;7,46E+12;SAO JOSE DOS PINHAIS;PR;11/09/2026;17/09/2026;14/09/2026;Entregue No Prazo;;Entrega realizada;Entrega Finalizada;17;9;11;9;TRANSTRY;18024;;;
MOBIS BRASIL FABRICACAO DE AUTO PECAS LT;RODOVIARIO;1574870;11/09/2026;3;361574;11/09/2026;AMX COM. E SERVICOS DE AUTOMOTORES LTDA;1,20E+13;RIO DE JANEIRO;RJ;11/09/2026;17/09/2026;15/09/2026;Entregue No Prazo;;Entrega realizada;Entrega Finalizada;17;9;11;9;CAMILO;19009;;;
MOBIS BRASIL FABRICACAO DE AUTO PECAS LT;RODOVIARIO;1574871;11/09/2026;3;361577;11/09/2026;CAOA MOTOR DO BRASIL LTDA;1,68E+13;RIO DE JANEIRO;RJ;11/09/2026;17/09/2026;15/09/2026;Entregue No Prazo;;Entrega realizada;Entrega Finalizada;17;9;11;9;CAMILO;5008;;;
MOBIS BRASIL FABRICACAO DE AUTO PECAS LT;RODOVIARIO;1574873;11/09/2026;1;361584;11/09/2026;ITAVEMA MOTORS VEICULOS LTDA;7,73E+12;RIO DE JANEIRO;RJ;11/09/2026;17/09/2026;15/09/2026;Entregue No Prazo;;Entrega realizada;Entrega Finalizada;17;9;11;9;CAMILO;19001;;;
MOBIS BRASIL FABRICACAO DE AUTO PECAS LT;RODOVIARIO;1574874;11/09/2026;1;361578;11/09/2026;CAOA MOTOR DO BRASIL LTDA;1,68E+13;NITEROI;RJ;11/09/2026;17/09/2026;15/09/2026;Entregue No Prazo;;Entrega realizada;Entrega Finalizada;17;9;11;9;CAMILO;5008;;;
MOBIS BRASIL FABRICACAO DE AUTO PECAS LT;RODOVIARIO;1574881;11/09/2026;7;361639;11/09/2026;HOUSE PARTS - COM. DE PECAS E VEIC. LTDA;1,15E+13;PORTO ALEGRE;RS;11/09/2026;17/09/2026;15/09/2026;Entregue No Prazo;;Entrega realizada;Entrega Finalizada;17;9;11;9;TRANSTRY;23004;;;
MOBIS BRASIL FABRICACAO DE AUTO PECAS LT;RODOVIARIO;1574882;11/09/2026;1;361636;11/09/2026;CARWAY SUL VEICULOS LTDA;1,03E+13;CANOAS;RS;11/09/2026;17/09/2026;14/09/2026;Entregue No Prazo;;Entrega realizada;Entrega Finalizada;17;9;11;9;TRANSTRY;23003;;;
MOBIS BRASIL FABRICACAO DE AUTO PECAS LT;RODOVIARIO;1574883;11/09/2026;1;361636;11/09/2026;CARWAY SUL VEICULOS LTDA;1,03E+13;CANOAS;RS;11/09/2026;17/09/2026;14/09/2026;Entregue No Prazo;;Entrega realizada;Entrega Finalizada;17;9;11;9;TRANSTRY;23003;;;
MOBIS BRASIL FABRICACAO DE AUTO PECAS LT;RODOVIARIO;1574893;11/09/2026;2;361634;11/09/2026;BARI VEICULOS LTDA.;7,46E+12;JOINVILLE;SC;11/09/2026;17/09/2026;16/09/2026;Entregue No Prazo;;Entrega realizada;Entrega Finalizada;17;9;11;9;TRANSTRY;24013;;;
MOBIS BRASIL FABRICACAO DE AUTO PECAS LT;RODOVIARIO;1574894;11/09/2026;4;361633;11/09/2026;BARI VEICULOS LTDA.;7,46E+12;ITAJAI;SC;11/09/2026;17/09/2026;14/09/2026;Entregue No Prazo;;Entrega realizada;Entrega Finalizada;17;9;11;9;TRANSTRY;24014;;;
MOBIS BRASIL FABRICACAO DE AUTO PECAS LT;RODOVIARIO;1574899;11/09/2026;1;361543;11/09/2026;HYMAX DISTRIBUIDORA DE VEICULOS LTDA;1,73E+13;MOGI GUACU;SP;11/09/2026;17/09/2026;14/09/2026;Entregue No Prazo;;Entrega realizada;Entrega Finalizada;17;9;11;9;MVT;26002;;;
MOBIS BRASIL FABRICACAO DE AUTO PECAS LT;RODOVIARIO;1574900;11/09/2026;1;361543;11/09/2026;HYMAX DISTRIBUIDORA DE VEICULOS LTDA;1,73E+13;MOGI GUACU;SP;11/09/2026;17/09/2026;14/09/2026;Entregue No Prazo;;Entrega realizada;Entrega Finalizada;17;9;11;9;MVT;26002;;;
MOBIS BRASIL FABRICACAO DE AUTO PECAS LT;RODOVIARIO;1574913;11/09/2026;24;361545;11/09/2026;NEW VEICULOS E PECAS LTDA.;1,59E+13;FRANCA;SP;11/09/2026;17/09/2026;14/09/2026;Entregue No Prazo;;Entrega realizada;Entrega Finalizada;17;9;11;9;MVT;26048;;;
MOBIS BRASIL FABRICACAO DE AUTO PECAS LT;RODOVIARIO;1574915;11/09/2026;5;361544;11/09/2026;NEW VEICULOS E PECAS LTDA.;1,59E+13;ARARAQUARA;SP;11/09/2026;17/09/2026;15/09/2026;Entregue No Prazo;;Entrega realizada;Entrega Finalizada;17;9;11;9;MVT;26071;;;
MOBIS BRASIL FABRICACAO DE AUTO PECAS LT;RODOVIARIO;1574917;11/09/2026;1;361538;11/09/2026;DHC COMERCIO DE VEICULOS E PECAS LTDA;9,52E+12;BOTUCATU;SP;11/09/2026;17/09/2026;14/09/2026;Entregue No Prazo;;Entrega realizada;Entrega Finalizada;17;9;11;9;MVT;26010;;;
MOBIS BRASIL FABRICACAO DE AUTO PECAS LT;RODOVIARIO;1574919;11/09/2026;1;361537;11/09/2026;DESTAQUE SEUL DISTR DE VEIC PEC LTDA;2,12E+13;CARAGUATATUBA;SP;11/09/2026;17/09/2026;21/09/2026;Entregue Fora do Prazo;;Entrega realizada;Entrega Finalizada;17;9;11;9;MVT;26082;;;
MOBIS BRASIL FABRICACAO DE AUTO PECAS LT;RODOVIARIO;1574921;11/09/2026;2;361540;11/09/2026;H - CAMINHO AUTOMOVEIS LTDA;2,53E+13;PIRACICABA;SP;11/09/2026;17/09/2026;15/09/2026;Entregue No Prazo;;Entrega realizada;Entrega Finalizada;17;9;11;9;MVT;26092;;;
MOBIS BRASIL FABRICACAO DE AUTO PECAS LT;RODOVIARIO;1574922;11/09/2026;2;361540;11/09/2026;H - CAMINHO AUTOMOVEIS LTDA;2,53E+13;PIRACICABA;SP;11/09/2026;17/09/2026;15/09/2026;Entregue No Prazo;;Entrega realizada;Entrega Finalizada;17;9;11;9;MVT;26092;;;
MOBIS BRASIL FABRICACAO DE AUTO PECAS LT;RODOVIARIO;1575095;11/09/2026;40;361542;11/09/2026;H R B COMERCIO DE VEICULOS LTDA;1,82E+13;SAO JOSE DO RIO PRETO;SP;11/09/2026;17/09/2026;14/09/2026;Entregue No Prazo;;Entrega realizada;Entrega Finalizada;17;9;11;9;MVT;26050;;;
MOBIS BRASIL FABRICACAO DE AUTO PECAS LT;RODOVIARIO;1575096;11/09/2026;11;361542;11/09/2026;H R B COMERCIO DE VEICULOS LTDA;1,82E+13;SAO JOSE DO RIO PRETO;SP;11/09/2026;17/09/2026;14/09/2026;Entregue No Prazo;;Entrega realizada;Entrega Finalizada;17;9;11;9;MVT;26050;;;
MOBIS BRASIL FABRICACAO DE AUTO PECAS LT;RODOVIARIO;1574834;11/09/2026;5;361604;11/09/2026;VIA BRASIL AUTOMOVEIS LTDA.;4,72E+12;SERRA;ES;11/09/2026;18/09/2026;17/09/2026;Entregue No Prazo;;Entrega realizada;Entrega Finalizada;18;9;11;9;CAMILO;8001;;;
MOBIS BRASIL FABRICACAO DE AUTO PECAS LT;RODOVIARIO;1574835;11/09/2026;9;361601;11/09/2026;TAI MOTORS VEICULOS S/A;9,27E+12;VITORIA;ES;11/09/2026;18/09/2026;16/09/2026;Entregue No Prazo;;Entrega realizada;Entrega Finalizada;18;9;11;9;CAMILO;8002;;;
MOBIS BRASIL FABRICACAO DE AUTO PECAS LT;RODOVIARIO;1574837;11/09/2026;4;361595;11/09/2026;PRIME VILA VELHA VEICULOS LTDA.;2,14E+13;VILA VELHA;ES;11/09/2026;18/09/2026;17/09/2026;Entregue No Prazo;;Entrega realizada;Entrega Finalizada;18;9;11;9;CAMILO;8005;;;
MOBIS BRASIL FABRICACAO DE AUTO PECAS LT;RODOVIARIO;1574843;11/09/2026;2;361573;11/09/2026;VITAL COMERCIO DE VEICULOS LTDA;1,05E+13;GOVERNADOR VALADARES;MG;11/09/2026;18/09/2026;15/09/2026;Entregue No Prazo;;Entrega realizada;Entrega Finalizada;18;9;11;9;XD BETIM;11016;;;
MOBIS BRASIL FABRICACAO DE AUTO PECAS LT;RODOVIARIO;1574844;11/09/2026;2;361572;11/09/2026;VITAL COMERCIO DE VEICULOS LTDA;1,05E+13;IPATINGA;MG;11/09/2026;18/09/2026;15/09/2026;Entregue No Prazo;;Entrega realizada;Entrega Finalizada;18;9;11;9;XD BETIM;11016;;;
MOBIS BRASIL FABRICACAO DE AUTO PECAS LT;RODOVIARIO;1574851;11/09/2026;1;361564;11/09/2026;TAI MOTORS VEICULOS S/A;9,27E+12;MURIAE;MG;11/09/2026;18/09/2026;15/09/2026;Entregue No Prazo;;Entrega realizada;Entrega Finalizada;18;9;11;9;XD BETIM;8002;;;
MOBIS BRASIL FABRICACAO DE AUTO PECAS LT;RODOVIARIO;1574853;11/09/2026;2;361565;11/09/2026;TECAR TRILHAS AUTOMOVEIS E SERVICOS LTDA;2,32E+13;DIVINOPOLIS;MG;11/09/2026;18/09/2026;15/09/2026;Entregue No Prazo;;Entrega realizada;Entrega Finalizada;18;9;11;9;XD BETIM;11039;;;
MOBIS BRASIL FABRICACAO DE AUTO PECAS LT;RODOVIARIO;1574872;11/09/2026;3;361605;11/09/2026;VIA VR VEICULOS LTDA;1,73E+13;VOLTA REDONDA;RJ;11/09/2026;18/09/2026;15/09/2026;Entregue No Prazo;;Entrega realizada;Entrega Finalizada;18;9;11;9;CAMILO;19016;;;
MOBIS BRASIL FABRICACAO DE AUTO PECAS LT;RODOVIARIO;1574875;11/09/2026;5;361600;11/09/2026;TAI MOTORS VEICULOS S/A;9,27E+12;CAMPOS DOS GOYTACAZES;RJ;11/09/2026;18/09/2026;15/09/2026;Entregue No Prazo;;Entrega realizada;Entrega Finalizada;18;9;11;9;CAMILO;8002;;;
MOBIS BRASIL FABRICACAO DE AUTO PECAS LT;RODOVIARIO;1574876;11/09/2026;6;361587;11/09/2026;MONTREAL VEICULOS E PECAS LTDA;1,68E+13;SAO PEDRO DA ALDEIA;RJ;11/09/2026;18/09/2026;16/09/2026;Entregue No Prazo;;Entrega realizada;Entrega Finalizada;18;9;11;9;CAMILO;19030;;;
MOBIS BRASIL FABRICACAO DE AUTO PECAS LT;RODOVIARIO;1574886;11/09/2026;5;361625;11/09/2026;ATUAL VEICULOS LTDA;1,33E+13;ARARANGUA;SC;11/09/2026;18/09/2026;14/09/2026;Entregue No Prazo;;Entrega realizada;Entrega Finalizada;18;9;11;9;TRANSTRY;24001;;;
MOBIS BRASIL FABRICACAO DE AUTO PECAS LT;RODOVIARIO;1574887;11/09/2026;9;361626;11/09/2026;ATUAL VEICULOS LTDA;1,33E+13;CRICIUMA;SC;11/09/2026;18/09/2026;14/09/2026;Entregue No Prazo;;Entrega realizada;Entrega Finalizada;18;9;11;9;TRANSTRY;24001;;;
MOBIS BRASIL FABRICACAO DE AUTO PECAS LT;RODOVIARIO;1574888;11/09/2026;3;361624;11/09/2026;ATUAL VEICULOS LTDA;1,33E+13;TUBARAO;SC;11/09/2026;18/09/2026;14/09/2026;Entregue No Prazo;;Entrega realizada;Entrega Finalizada;18;9;11;9;TRANSTRY;24001;;;
MOBIS BRASIL FABRICACAO DE AUTO PECAS LT;RODOVIARIO;1574889;11/09/2026;1;361643;11/09/2026;LS COMERCIO DE AUTOMOVEIS LTDA.;1,03E+13;BRUSQUE;SC;11/09/2026;18/09/2026;14/09/2026;Entregue No Prazo;;Entrega realizada;Entrega Finalizada;18;9;11;9;TRANSTRY;24006;;;
MOBIS BRASIL FABRICACAO DE AUTO PECAS LT;RODOVIARIO;1574890;11/09/2026;7;361642;11/09/2026;LR COMERCIO DE VEICULOS LTDA;1,05E+13;SAO JOSE;SC;11/09/2026;18/09/2026;14/09/2026;Entregue No Prazo;;Entrega realizada;Entrega Finalizada;18;9;11;9;TRANSTRY;24007;;;
MOBIS BRASIL FABRICACAO DE AUTO PECAS LT;RODOVIARIO;1574891;11/09/2026;3;361627;11/09/2026;BARI VEICULOS LTDA;7,46E+12;BLUMENAU;SC;11/09/2026;18/09/2026;15/09/2026;Entregue No Prazo;;Entrega realizada;Entrega Finalizada;18;9;11;9;TRANSTRY;18024;;;
MOBIS BRASIL FABRICACAO DE AUTO PECAS LT;RODOVIARIO;1574892;11/09/2026;25;361627;11/09/2026;BARI VEICULOS LTDA;7,46E+12;BLUMENAU;SC;11/09/2026;18/09/2026;15/09/2026;Entregue No Prazo;;Entrega realizada;Entrega Finalizada;18;9;11;9;TRANSTRY;18024;;;
MOBIS BRASIL FABRICACAO DE AUTO PECAS LT;RODOVIARIO;1574896;11/09/2026;2;361644;11/09/2026;PONTO CERTO COMERCIO DE VEICULOS LTDA;1,50E+13;LAGES;SC;11/09/2026;18/09/2026;17/09/2026;Entregue No Prazo;;Entrega realizada;Entrega Finalizada;18;9;11;9;TRANSTRY;24017;;;
MOBIS BRASIL FABRICACAO DE AUTO PECAS LT;RODOVIARIO;1574833;11/09/2026;20;361562;11/09/2026;SMAFF IMPORT VEICULOS LTDA;8,18E+12;BRASILIA;DF;11/09/2026;21/09/2026;16/09/2026;Entregue No Prazo;;Entrega realizada;Entrega Finalizada;21;9;11;9;RIO VERMELHO;7002;;;
MOBIS BRASIL FABRICACAO DE AUTO PECAS LT;RODOVIARIO;1574836;11/09/2026;2;361594;11/09/2026;PRIME CACHOEIRO VEICULOS LTDA;9,34E+12;CACHOEIRO DE ITAPEMIRIM;ES;11/09/2026;21/09/2026;16/09/2026;Entregue No Prazo;;Entrega realizada;Entrega Finalizada;21;9;11;9;CAMILO;8004;;;
MOBIS BRASIL FABRICACAO DE AUTO PECAS LT;RODOVIARIO;1574838;11/09/2026;24;361561;11/09/2026;SAGA KOREA COM. DE VEIC. E PC. LTDA;1,27E+13;GOIANIA;GO;11/09/2026;21/09/2026;16/09/2026;Entregue No Prazo;;Entrega realizada;Entrega Finalizada;21;9;11;9;RIO VERMELHO;9011;;;
MOBIS BRASIL FABRICACAO DE AUTO PECAS LT;RODOVIARIO;1574854;11/09/2026;1;361582;11/09/2026;GOLDEN MOTORS VEICULOS LTDA;3,62E+12;TRES LAGOAS;MS;11/09/2026;21/09/2026;16/09/2026;Entregue No Prazo;;Entrega realizada;Entrega Finalizada;21;9;11;9;CARVALIMA;12001;;;
MOBIS BRASIL FABRICACAO DE AUTO PECAS LT;RODOVIARIO;1574855;11/09/2026;1;361602;11/09/2026;ULSAN COMERCIO DE VEICULOS LTDA.;2,10E+13;CAMPO GRANDE;MS;11/09/2026;21/09/2026;15/09/2026;Entregue No Prazo;;Entrega realizada;Entrega Finalizada;21;9;11;9;CARVALIMA;12004;;;
MOBIS BRASIL FABRICACAO DE AUTO PECAS LT;RODOVIARIO;1574856;11/09/2026;5;361602;11/09/2026;ULSAN COMERCIO DE VEICULOS LTDA.;2,10E+13;CAMPO GRANDE;MS;11/09/2026;21/09/2026;15/09/2026;Entregue No Prazo;;Entrega realizada;Entrega Finalizada;21;9;11;9;CARVALIMA;12004;;;
MOBIS BRASIL FABRICACAO DE AUTO PECAS LT;RODOVIARIO;1574884;11/09/2026;1;361640;11/09/2026;HOUSE PARTS - COM. DE PECAS E VEIC. LTDA;1,15E+13;SANTA MARIA;RS;11/09/2026;21/09/2026;15/09/2026;Entregue No Prazo;;Entrega realizada;Entrega Finalizada;21;9;11;9;TRANSTRY;23008;;;
MOBIS BRASIL FABRICACAO DE AUTO PECAS LT;RODOVIARIO;1574885;11/09/2026;1;361637;11/09/2026;CARWAY SUL VEICULOS LTDA;1,03E+13;BENTO GONCALVES;RS;11/09/2026;21/09/2026;15/09/2026;Entregue No Prazo;;Entrega realizada;Entrega Finalizada;21;9;11;9;TRANSTRY;23003;;;
MOBIS BRASIL FABRICACAO DE AUTO PECAS LT;RODOVIARIO;1574895;11/09/2026;1;361632;11/09/2026;BARI VEICULOS LTDA;7,46E+12;BALNEARIO CAMBORIU;SC;11/09/2026;21/09/2026;14/09/2026;Entregue No Prazo;;Entrega realizada;Entrega Finalizada;21;9;11;9;TRANSTRY;18024;;;
MOBIS BRASIL FABRICACAO DE AUTO PECAS LT;RODOVIARIO;1574857;11/09/2026;1;361597;11/09/2026;SAGA ASIA COM. DE VEIC.PC.E SERV. LTDA;2,23E+13;VARZEA GRANDE;MT;11/09/2026;22/09/2026;15/09/2026;Entregue No Prazo;;Entrega realizada;Entrega Finalizada;22;9;11;9;CARVALIMA;13004;;;
MOBIS BRASIL FABRICACAO DE AUTO PECAS LT;RODOVIARIO;1574897;11/09/2026;2;361638;11/09/2026;CHINHAN AUTOMOVEIS LTDA.;2,41E+13;CACADOR;SC;11/09/2026;22/09/2026;14/09/2026;Entregue No Prazo;;Entrega realizada;Entrega Finalizada;22;9;11;9;TRANSTRY;24020;;;
MOBIS BRASIL FABRICACAO DE AUTO PECAS LT;RODOVIARIO;1574927;11/09/2026;3;361560;11/09/2026;PRIVILLEGE DISTRIBUIDORA DE VEICULOS LTD;1,72E+13;PALMAS;TO;11/09/2026;22/09/2026;21/09/2026;Entregue No Prazo;;Entrega realizada;Entrega Finalizada;22;9;11;9;RIO VERMELHO;27003;;;
MOBIS BRASIL FABRICACAO DE AUTO PECAS LT;RODOVIARIO;1574829;11/09/2026;48;361592;11/09/2026;PATEO COMERCIO DE VEICULOS S A;7,78E+12;SALVADOR;BA;11/09/2026;23/09/2026;17/09/2026;Entregue No Prazo;;Entrega realizada;Entrega Finalizada;23;9;11;9;TERMACO;5003;;;
MOBIS BRASIL FABRICACAO DE AUTO PECAS LT;RODOVIARIO;1574839;11/09/2026;2;361569;11/09/2026;URCA MOTORS VEICULOS LTDA;8,77E+12;RIO VERDE;GO;11/09/2026;23/09/2026;16/09/2026;Entregue No Prazo;;Entrega realizada;Entrega Finalizada;23;9;11;9;RIO VERMELHO;9014;;;
MOBIS BRASIL FABRICACAO DE AUTO PECAS LT;RODOVIARIO;1574858;11/09/2026;3;361603;11/09/2026;UNIQUE COMERCIO DE AUTOMOVEIS LTDA;1,74E+13;ANANINDEUA;PA;11/09/2026;24/09/2026;16/09/2026;Entregue No Prazo;;Entrega realizada;Entrega Finalizada;24;9;11;9;CARVALIMA;14003;;;
MOBIS BRASIL FABRICACAO DE AUTO PECAS LT;RODOVIARIO;1574879;11/09/2026;3;361596;11/09/2026;SAGA ASIA COM. DE VEIC.PC.E SERV. LTDA;2,14E+13;PORTO VELHO;RO;11/09/2026;24/09/2026;19/09/2026;Entregue No Prazo;;Entrega realizada;Entrega Finalizada;24;9;11;9;CARVALIMA;21003;;;
MOBIS BRASIL FABRICACAO DE AUTO PECAS LT;RODOVIARIO;1574880;11/09/2026;1;361596;11/09/2026;SAGA ASIA COM. DE VEIC.PC.E SERV. LTDA;2,14E+13;PORTO VELHO;RO;11/09/2026;24/09/2026;18/09/2026;Entregue No Prazo;Avaria;Entrega realizada;Entrega Finalizada;24;9;11;9;CARVALIMA;21003;;;
MOBIS BRASIL FABRICACAO DE AUTO PECAS LT;RODOVIARIO;1574898;11/09/2026;3;361598;11/09/2026;SAINT LAND COMERCIO DE VEICULOS LTDA;1,04E+13;ARACAJU;SE;11/09/2026;24/09/2026;18/09/2026;Entregue No Prazo;;Entrega realizada;Entrega Finalizada;24;9;11;9;TERMACO;6010;;;
MOBIS BRASIL FABRICACAO DE AUTO PECAS LT;RODOVIARIO;1574827;11/09/2026;2;361579;11/09/2026;CYCOSA AUTOMOVEIS LTDA;4,76E+12;MACEIO;AL;11/09/2026;25/09/2026;22/09/2026;Entregue No Prazo;;Entrega realizada;Entrega Finalizada;25;9;11;9;TERMACO;2001;;;
MOBIS BRASIL FABRICACAO DE AUTO PECAS LT;RODOVIARIO;1574832;11/09/2026;5;361581;11/09/2026;FAZZA MOTORS COMERCIO DE VEICULOS LTDA;1,24E+13;FORTALEZA;CE;11/09/2026;25/09/2026;22/09/2026;Entregue No Prazo;;Entrega realizada;Entrega Finalizada;25;9;11;9;TERMACO;5007;;;
MOBIS BRASIL FABRICACAO DE AUTO PECAS LT;RODOVIARIO;1574840;11/09/2026;1;361557;11/09/2026;NASA MOTORS LTDA.;2,65E+13;SAO LUIS DE MONTES BELOS;GO;11/09/2026;25/09/2026;30/09/2026;Entregue Fora do Prazo;;Entrega realizada;Entrega Finalizada;25;9;11;9;RIO VERMELHO;9016;;;
MOBIS BRASIL FABRICACAO DE AUTO PECAS LT;RODOVIARIO;1575097;11/09/2026;6;361580;11/09/2026;FAZZA MOTORS COM. DE VEICULOS LTDA;1,24E+13;FORTALEZA;CE;11/09/2026;25/09/2026;22/09/2026;Entregue No Prazo;;Entrega realizada;Entrega Finalizada;25;9;11;9;TERMACO;6001;;;
MOBIS BRASIL FABRICACAO DE AUTO PECAS LT;RODOVIARIO;1574830;11/09/2026;1;361593;11/09/2026;PATEO COMERCIO DE VEICULOS S A;7,78E+12;FEIRA DE SANTANA;BA;11/09/2026;28/09/2026;22/09/2026;Entregue No Prazo;;Entrega realizada;Entrega Finalizada;28;9;11;9;TERMACO;5009;;;
MOBIS BRASIL FABRICACAO DE AUTO PECAS LT;RODOVIARIO;1574831;11/09/2026;8;361589;11/09/2026;ORVEL AUTOMOTOR HYD LTDA;2,52E+13;TEIXEIRA DE FREITAS;BA;11/09/2026;28/09/2026;22/09/2026;Entregue No Prazo;;Entrega realizada;Entrega Finalizada;28;9;11;9;TERMACO;5011;;;
MOBIS BRASIL FABRICACAO DE AUTO PECAS LT;RODOVIARIO;1574841;11/09/2026;11;361590;11/09/2026;PATEO COMERCIO DE VEICULOS S A;7,78E+12;SAO LUIS;MA;11/09/2026;28/09/2026;21/09/2026;Entregue No Prazo;;Entrega realizada;Entrega Finalizada;28;9;11;9;TERMACO;10002;;;
MOBIS BRASIL FABRICACAO DE AUTO PECAS LT;RODOVIARIO;1574861;11/09/2026;27;361591;11/09/2026;PATEO COMERCIO DE VEICULOS S A;7,78E+12;RECIFE;PE;11/09/2026;28/09/2026;21/09/2026;Entregue No Prazo;;Entrega realizada;Entrega Finalizada;28;9;11;9;TERMACO;16004;;;
MOBIS BRASIL FABRICACAO DE AUTO PECAS LT;RODOVIARIO;1574878;11/09/2026;4;361599;11/09/2026;SAINT LAND COMERCIO DE VEICULOS LTDA;1,04E+13;NATAL;RN;11/09/2026;28/09/2026;22/09/2026;Entregue No Prazo;;Entrega realizada;Entrega Finalizada;28;9;11;9;TERMACO;6010;;;
MOBIS BRASIL FABRICACAO DE AUTO PECAS LT;RODOVIARIO;1574859;11/09/2026;5;361585;11/09/2026;JPN PATOS COMERCIO DE VEICULOS LTDA;4,20E+13;PATOS;PB;11/09/2026;29/09/2026;23/09/2026;Entregue No Prazo;;Entrega realizada;Entrega Finalizada;29;9;11;9;TERMACO;15004;;;
MOBIS BRASIL FABRICACAO DE AUTO PECAS LT;RODOVIARIO;1574860;11/09/2026;2;361575;11/09/2026;AUTORAC VEICULOS LTDA;1,06E+13;CARUARU;PE;11/09/2026;29/09/2026;21/09/2026;Entregue No Prazo;;Entrega realizada;Entrega Finalizada;29;9;11;9;TERMACO;16001;;;
MOBIS BRASIL FABRICACAO DE AUTO PECAS LT;RODOVIARIO;1574862;11/09/2026;2;361576;11/09/2026;AUTORAC VEICULOS LTDA;1,06E+13;PETROLINA;PE;11/09/2026;29/09/2026;22/09/2026;Entregue No Prazo;;Entrega realizada;Entrega Finalizada;29;9;11;9;TERMACO;16001;;;
MOBIS BRASIL FABRICACAO DE AUTO PECAS LT;RODOVIARIO;1574863;11/09/2026;6;361583;11/09/2026;GREEN CITY VEICULOS LTDA;2,10E+13;TERESINA;PI;11/09/2026;29/09/2026;21/09/2026;Entregue No Prazo;;Entrega realizada;Entrega Finalizada;29;9;11;9;TERMACO;17002;;;
MOBIS BRASIL FABRICACAO DE AUTO PECAS LT;RODOVIARIO;1574877;11/09/2026;13;361588;11/09/2026;ORIENTE AUTOMOVEIS LTDA;1,33E+13;PARNAMIRIM;RN;11/09/2026;29/09/2026;22/09/2026;Entregue No Prazo;;Entrega realizada;Entrega Finalizada;29;9;11;9;TERMACO;20001;;;
MOBIS BRASIL FABRICACAO DE AUTO PECAS LT;RODOVIARIO;1574828;11/09/2026;5;361586;11/09/2026;MISO VEICULOS LTDA;1,85E+13;MACAPA;AP;11/09/2026;02/10/2026;24/09/2026;Entregue No Prazo;;Entrega realizada;Entrega Finalizada;2;10;11;9;CARVALIMA;4001;;;
MOBIS BRASIL FABRICACAO DE AUTO PECAS LT;RODOVIARIO;1576017;14/09/2026;15;361726;14/09/2026;BILLY DISTRIBUIDORA DE VEICULOS LTDA;1,34E+13;BARUERI;SP;14/09/2026;16/09/2026;14/09/2026;Entregue No Prazo;;Entrega realizada;Entrega Finalizada;16;9;14;9;BV LOG;26003;Emancipação Política de Alagoas;Estadual;AL
MOBIS BRASIL FABRICACAO DE AUTO PECAS LT;RODOVIARIO;1576018;14/09/2026;8;361754;14/09/2026;NOBRE DISTRIBUIDORA DE VEICULOS E PECAS;5,76E+12;MOGI DAS CRUZES;SP;14/09/2026;16/09/2026;15/09/2026;Entregue No Prazo;;Entrega realizada;Entrega Finalizada;16;9;14;9;XD DIADEMA;26004;Emancipação Política de Alagoas;Estadual;AL
MOBIS BRASIL FABRICACAO DE AUTO PECAS LT;RODOVIARIO;1576025;14/09/2026;1;361725;14/09/2026;BILLY DISTRIBUIDORA DE VEICULOS LTDA;1,34E+13;SAO CAETANO DO SUL;SP;14/09/2026;16/09/2026;14/09/2026;Entregue No Prazo;;Entrega realizada;Entrega Finalizada;16;9;14;9;BV LOG;26003;Emancipação Política de Alagoas;Estadual;AL
MOBIS BRASIL FABRICACAO DE AUTO PECAS LT;RODOVIARIO;1576026;14/09/2026;40;361725;14/09/2026;BILLY DISTRIBUIDORA DE VEICULOS LTDA;1,34E+13;SAO CAETANO DO SUL;SP;14/09/2026;16/09/2026;14/09/2026;Entregue No Prazo;;Entrega realizada;Entrega Finalizada;16;9;14;9;BV LOG;26003;Emancipação Política de Alagoas;Estadual;AL
MOBIS BRASIL FABRICACAO DE AUTO PECAS LT;RODOVIARIO;1576028;14/09/2026;1;361742;14/09/2026;BILLY DISTRIBUIDORA DE VEICULOS LTDA;1,34E+13;DIADEMA;SP;14/09/2026;16/09/2026;15/09/2026;Entregue No Prazo;;Entrega realizada;Entrega Finalizada;16;9;14;9;XD DIADEMA;26003;Emancipação Política de Alagoas;Estadual;AL
MOBIS BRASIL FABRICACAO DE AUTO PECAS LT;RODOVIARIO;1576030;14/09/2026;13;361748;14/09/2026;CAOA MOTOR DO BRASIL LTDA (VL PRUDENTE);1,68E+13;SAO PAULO;SP;14/09/2026;16/09/2026;15/09/2026;Entregue No Prazo;;Entrega realizada;Entrega Finalizada;16;9;14;9;XD DIADEMA;26051;Emancipação Política de Alagoas;Estadual;AL
MOBIS BRASIL FABRICACAO DE AUTO PECAS LT;RODOVIARIO;1576038;14/09/2026;2;361741;14/09/2026;BILLY DISTRIBUIDORA DE VEICULOS LTDA;1,34E+13;SAO PAULO;SP;14/09/2026;16/09/2026;15/09/2026;Entregue No Prazo;;Entrega realizada;Entrega Finalizada;16;9;14;9;XD DIADEMA;26003;Emancipação Política de Alagoas;Estadual;AL
MOBIS BRASIL FABRICACAO DE AUTO PECAS LT;RODOVIARIO;1576044;14/09/2026;3;361747;14/09/2026;CAOA MOTOR DO BRASIL LTDA (INDIANOPOLIS);1,68E+13;SAO PAULO;SP;14/09/2026;16/09/2026;15/09/2026;Entregue No Prazo;;Entrega realizada;Entrega Finalizada;16;9;14;9;XD DIADEMA;26091;Emancipação Política de Alagoas;Estadual;AL
MOBIS BRASIL FABRICACAO DE AUTO PECAS LT;RODOVIARIO;1576048;14/09/2026;1;361753;14/09/2026;NOBRE DISTRIBUIDORA DE VEIC. E PEC. LTDA;5,76E+12;SUZANO;SP;14/09/2026;16/09/2026;15/09/2026;Entregue No Prazo;;Entrega realizada;Entrega Finalizada;16;9;14;9;XD DIADEMA;26103;Emancipação Política de Alagoas;Estadual;AL
MOBIS BRASIL FABRICACAO DE AUTO PECAS LT;RODOVIARIO;1576049;14/09/2026;1;361749;14/09/2026;CAOA MOTOR DO BRASIL LTDA(RAP. TAVARES);1,68E+13;SAO PAULO;SP;14/09/2026;16/09/2026;15/09/2026;Entregue No Prazo;;Entrega realizada;Entrega Finalizada;16;9;14;9;XD DIADEMA;26109;Emancipação Política de Alagoas;Estadual;AL
MOBIS BRASIL FABRICACAO DE AUTO PECAS LT;RODOVIARIO;1574225;10/09/2026;47;361724;14/09/2026;DESTAQUE SEUL DISTR. DE VEIC. E PC. LTDA;2,12E+13;ATIBAIA;SP;14/09/2026;17/09/2026;14/09/2026;Entregue No Prazo;;Entrega realizada;Entrega Finalizada;17;9;14;9;BV LOG;26075;;;
MOBIS BRASIL FABRICACAO DE AUTO PECAS LT;RODOVIARIO;1574907;11/09/2026;61;361721;14/09/2026;MOTONET COMERCIO DE VEICULOS LTDA;9,28E+12;SOROCABA;SP;14/09/2026;17/09/2026;14/09/2026;Entregue No Prazo;;Entrega realizada;Entrega Finalizada;17;9;14;9;BV LOG;26113;;;
MOBIS BRASIL FABRICACAO DE AUTO PECAS LT;RODOVIARIO;1574909;11/09/2026;15;361720;14/09/2026;ANDRETA II DISTRIBUIDORA DE VEIC. LTDA;9,10E+12;JUNDIAI;SP;14/09/2026;17/09/2026;15/09/2026;Entregue No Prazo;;Entrega realizada;Entrega Finalizada;17;9;14;9;BV LOG;26011;;;
MOBIS BRASIL FABRICACAO DE AUTO PECAS LT;RODOVIARIO;1575086;11/09/2026;31;361873;14/09/2026;NEW VEICULOS E PECAS LTDA;1,59E+13;RIBEIRAO PRETO;SP;14/09/2026;17/09/2026;15/09/2026;Entregue No Prazo;;Entrega realizada;Entrega Finalizada;17;9;14;9;BV LOG;26014;;;
MOBIS BRASIL FABRICACAO DE AUTO PECAS LT;RODOVIARIO;1575947;14/09/2026;19;361760;14/09/2026;TAI MOTORS VEICULOS S/A;9,27E+12;BELO HORIZONTE;MG;14/09/2026;17/09/2026;16/09/2026;Entregue No Prazo;;Entrega realizada;Entrega Finalizada;17;9;14;9;XD BETIM;8002;;;
MOBIS BRASIL FABRICACAO DE AUTO PECAS LT;RODOVIARIO;1575948;14/09/2026;6;361750;14/09/2026;CARBEL KOREA VEICULOS LTDA;2,07E+13;BELO HORIZONTE;MG;14/09/2026;17/09/2026;16/09/2026;Entregue No Prazo;;Entrega realizada;Entrega Finalizada;17;9;14;9;XD BETIM;11021;;;
MOBIS BRASIL FABRICACAO DE AUTO PECAS LT;RODOVIARIO;1575949;14/09/2026;1;361746;14/09/2026;CAOA MOTOR DO BRASIL LTDA;1,68E+13;BELO HORIZONTE;MG;14/09/2026;17/09/2026;16/09/2026;Entregue No Prazo;;Entrega realizada;Entrega Finalizada;17;9;14;9;XD BETIM;5008;;;
MOBIS BRASIL FABRICACAO DE AUTO PECAS LT;RODOVIARIO;1575955;14/09/2026;3;361740;14/09/2026;BDG AUTOVILLE VEICULOS LTDA;4,77E+13;CONTAGEM;MG;14/09/2026;17/09/2026;16/09/2026;Entregue No Prazo;;Entrega realizada;Entrega Finalizada;17;9;14;9;XD BETIM;11037;;;
MOBIS BRASIL FABRICACAO DE AUTO PECAS LT;RODOVIARIO;1575956;14/09/2026;54;361740;14/09/2026;BDG AUTOVILLE VEICULOS LTDA;4,77E+13;CONTAGEM;MG;14/09/2026;17/09/2026;16/09/2026;Entregue No Prazo;;Entrega realizada;Entrega Finalizada;17;9;14;9;XD BETIM;11037;;;
MOBIS BRASIL FABRICACAO DE AUTO PECAS LT;RODOVIARIO;1575977;14/09/2026;31;361790;14/09/2026;SEVEC VEICULOS LTDA;5,68E+11;CURITIBA;PR;14/09/2026;17/09/2026;16/09/2026;Entregue No Prazo;;Entrega realizada;Entrega Finalizada;17;9;14;9;TRANSTRY;18012;;;
MOBIS BRASIL FABRICACAO DE AUTO PECAS LT;RODOVIARIO;1575986;14/09/2026;1;361775;14/09/2026;BARI VEICULOS LTDA;7,46E+12;CURITIBA;PR;14/09/2026;17/09/2026;16/09/2026;Entregue No Prazo;;Entrega realizada;Entrega Finalizada;17;9;14;9;TRANSTRY;18024;;;
MOBIS BRASIL FABRICACAO DE AUTO PECAS LT;RODOVIARIO;1576019;14/09/2026;7;361731;14/09/2026;DHC COMERCIO DE VEICULOS E PECAS LTDA;9,52E+12;BAURU;SP;14/09/2026;17/09/2026;16/09/2026;Entregue No Prazo;;Entrega realizada;Entrega Finalizada;17;9;14;9;MVT;26010;;;
MOBIS BRASIL FABRICACAO DE AUTO PECAS LT;RODOVIARIO;1576020;14/09/2026;2;361722;14/09/2026;ANDRETA II DISTRIBUIDORA DE VEIC. LTDA;9,10E+12;CAMPINAS;SP;14/09/2026;17/09/2026;14/09/2026;Entregue No Prazo;;Entrega realizada;Entrega Finalizada;17;9;14;9;BV LOG;26011;;;
MOBIS BRASIL FABRICACAO DE AUTO PECAS LT;RODOVIARIO;1576021;14/09/2026;31;361722;14/09/2026;ANDRETA II DISTRIBUIDORA DE VEIC. LTDA;9,10E+12;CAMPINAS;SP;14/09/2026;17/09/2026;14/09/2026;Entregue No Prazo;;Entrega realizada;Entrega Finalizada;17;9;14;9;BV LOG;26011;;;
MOBIS BRASIL FABRICACAO DE AUTO PECAS LT;RODOVIARIO;1576022;14/09/2026;16;361721;14/09/2026;MOTONET COMERCIO DE VEICULOS LTDA;9,28E+12;SOROCABA;SP;14/09/2026;17/09/2026;14/09/2026;Entregue No Prazo;;Entrega realizada;Entrega Finalizada;17;9;14;9;BV LOG;26113;;;
MOBIS BRASIL FABRICACAO DE AUTO PECAS LT;RODOVIARIO;1576024;14/09/2026;8;361720;14/09/2026;ANDRETA II DISTRIBUIDORA DE VEIC. LTDA;9,10E+12;JUNDIAI;SP;14/09/2026;17/09/2026;15/09/2026;Entregue No Prazo;;Entrega realizada;Entrega Finalizada;17;9;14;9;BV LOG;26011;;;
MOBIS BRASIL FABRICACAO DE AUTO PECAS LT;RODOVIARIO;1576027;14/09/2026;7;361723;14/09/2026;ANDRETA II DISTRIBUIDORA DE VEIC. LTDA;9,10E+12;AMERICANA;SP;14/09/2026;17/09/2026;14/09/2026;Entregue No Prazo;;Entrega realizada;Entrega Finalizada;17;9;14;9;BV LOG;26011;;;
MOBIS BRASIL FABRICACAO DE AUTO PECAS LT;RODOVIARIO;1576033;14/09/2026;2;361728;14/09/2026;CAOA MOTOR DO BRASIL LTDA;1,68E+13;CAMPINAS;SP;14/09/2026;17/09/2026;15/09/2026;Entregue No Prazo;;Entrega realizada;Entrega Finalizada;17;9;14;9;MVT;5008;;;
MOBIS BRASIL FABRICACAO DE AUTO PECAS LT;RODOVIARIO;1576034;14/09/2026;1;361744;14/09/2026;CAOA MOTOR DO BRASIL LTDA;1,68E+13;TAUBATE;SP;14/09/2026;17/09/2026;15/09/2026;Entregue No Prazo;;Entrega realizada;Entrega Finalizada;17;9;14;9;XD DIADEMA;5008;;;
MOBIS BRASIL FABRICACAO DE AUTO PECAS LT;RODOVIARIO;1576036;14/09/2026;3;361729;14/09/2026;DESTAQUE SEUL DISTR. DE VEIC. E PC. LTDA;2,12E+13;BRAGANCA PAULISTA;SP;14/09/2026;17/09/2026;15/09/2026;Entregue No Prazo;;Entrega realizada;Entrega Finalizada;17;9;14;9;MVT;26074;;;
MOBIS BRASIL FABRICACAO DE AUTO PECAS LT;RODOVIARIO;1576037;14/09/2026;37;361724;14/09/2026;DESTAQUE SEUL DISTR. DE VEIC. E PC. LTDA;2,12E+13;ATIBAIA;SP;14/09/2026;17/09/2026;14/09/2026;Entregue No Prazo;;Entrega realizada;Entrega Finalizada;17;9;14;9;BV LOG;26075;;;
MOBIS BRASIL FABRICACAO DE AUTO PECAS LT;RODOVIARIO;1576042;14/09/2026;1;361743;14/09/2026;CAOA MOTOR DO BRASIL LTDA;1,68E+13;SANTOS;SP;14/09/2026;17/09/2026;15/09/2026;Entregue No Prazo;;Entrega realizada;Entrega Finalizada;17;9;14;9;XD DIADEMA;5008;;;
MOBIS BRASIL FABRICACAO DE AUTO PECAS LT;RODOVIARIO;1576047;14/09/2026;4;361735;14/09/2026;H - CAMINHO AUTOMOVEIS LTDA;2,53E+13;LIMEIRA;SP;14/09/2026;17/09/2026;17/09/2026;Entregue No Prazo;;Entrega realizada;Entrega Finalizada;17;9;14;9;MVT;26092;;;
MOBIS BRASIL FABRICACAO DE AUTO PECAS LT;RODOVIARIO;1576057;14/09/2026;99;361873;14/09/2026;NEW VEICULOS E PECAS LTDA;1,59E+13;RIBEIRAO PRETO;SP;14/09/2026;17/09/2026;15/09/2026;Entregue No Prazo;;Entrega realizada;Entrega Finalizada;17;9;14;9;BV LOG;26014;;;
MOBIS BRASIL FABRICACAO DE AUTO PECAS LT;RODOVIARIO;1576058;14/09/2026;22;361874;14/09/2026;NEW VEICULOS E PECAS LTDA;1,59E+13;RIBEIRAO PRETO;SP;14/09/2026;17/09/2026;15/09/2026;Entregue No Prazo;;Entrega realizada;Entrega Finalizada;17;9;14;9;BV LOG;26014;;;
MOBIS BRASIL FABRICACAO DE AUTO PECAS LT;RODOVIARIO;1576059;14/09/2026;29;361873;14/09/2026;NEW VEICULOS E PECAS LTDA;1,59E+13;RIBEIRAO PRETO;SP;14/09/2026;17/09/2026;15/09/2026;Entregue No Prazo;;Entrega realizada;Entrega Finalizada;17;9;14;9;BV LOG;26014;;;
MOBIS BRASIL FABRICACAO DE AUTO PECAS LT;RODOVIARIO;1576060;14/09/2026;135;361874;14/09/2026;NEW VEICULOS E PECAS LTDA;1,59E+13;RIBEIRAO PRETO;SP;14/09/2026;17/09/2026;15/09/2026;Entregue No Prazo;;Entrega realizada;Entrega Finalizada;17;9;14;9;BV LOG;26014;;;
MOBIS BRASIL FABRICACAO DE AUTO PECAS LT;RODOVIARIO;1575943;14/09/2026;4;361762;14/09/2026;TOKSU COMERCIO DE VEICULOS LTDA;1,12E+13;JUIZ DE FORA;MG;14/09/2026;18/09/2026;17/09/2026;Entregue No Prazo;;Entrega realizada;Entrega Finalizada;18;9;14;9;XD BETIM;11008;;;
MOBIS BRASIL FABRICACAO DE AUTO PECAS LT;RODOVIARIO;1575944;14/09/2026;4;361751;14/09/2026;IMOTORS VEICULOS LTDA;7,17E+12;JUIZ DE FORA;MG;14/09/2026;18/09/2026;18/09/2026;Entregue Fora do Prazo;;Entrega realizada;Entrega Finalizada;18;9;14;9;XD BETIM;11010;;;
MOBIS BRASIL FABRICACAO DE AUTO PECAS LT;RODOVIARIO;1575951;14/09/2026;2;361763;14/09/2026;TOKSU COMERCIO DE VEICULOS LTDA;1,12E+13;POUSO ALEGRE;MG;14/09/2026;18/09/2026;17/09/2026;Entregue No Prazo;;Entrega realizada;Entrega Finalizada;18;9;14;9;XD BETIM;11008;;;
MOBIS BRASIL FABRICACAO DE AUTO PECAS LT;RODOVIARIO;1575952;14/09/2026;1;361764;14/09/2026;TOKSU COMERCIO DE VEICULOS LTDA;1,12E+13;VARGINHA;MG;14/09/2026;18/09/2026;17/09/2026;Entregue No Prazo;;Entrega realizada;Entrega Finalizada;18;9;14;9;XD BETIM;11008;;;
MOBIS BRASIL FABRICACAO DE AUTO PECAS LT;RODOVIARIO;1575954;14/09/2026;1;361767;14/09/2026;VIME POCOS COM. DE VEICULOS E PECAS LTDA;3,43E+13;POCOS DE CALDAS;MG;14/09/2026;18/09/2026;17/09/2026;Entregue No Prazo;;Entrega realizada;Entrega Finalizada;18;9;14;9;XD BETIM;11033;;;
MOBIS BRASIL FABRICACAO DE AUTO PECAS LT;RODOVIARIO;1575957;14/09/2026;1;361761;14/09/2026;TECAR TRILHASAUTOMOVEIS E SERVICOS ;2,32E+13;SETE LAGOAS;MG;14/09/2026;18/09/2026;17/09/2026;Entregue No Prazo;;Entrega realizada;Entrega Finalizada;18;9;14;9;XD BETIM;#N/D;;;
MOBIS BRASIL FABRICACAO DE AUTO PECAS LT;RODOVIARIO;1575973;14/09/2026;10;361785;14/09/2026;LOVAT VEICULOS S/A;8,57E+12;LONDRINA;PR;14/09/2026;18/09/2026;17/09/2026;Entregue No Prazo;;Entrega realizada;Entrega Finalizada;18;9;14;9;TRANSTRY;18008;;;
MOBIS BRASIL FABRICACAO DE AUTO PECAS LT;RODOVIARIO;1575974;14/09/2026;4;361786;14/09/2026;LOVAT VEICULOS S/A;8,57E+12;MARINGA;PR;14/09/2026;18/09/2026;18/09/2026;Entregue No Prazo;;Entrega realizada;Entrega Finalizada;18;9;14;9;TRANSTRY;18008;;;
MOBIS BRASIL FABRICACAO DE AUTO PECAS LT;RODOVIARIO;1575979;14/09/2026;3;361792;14/09/2026;VETOR AUTOMOVEIS LTDA;2,12E+13;CASCAVEL;PR;14/09/2026;18/09/2026;16/09/2026;Entregue No Prazo;;Entrega realizada;Entrega Finalizada;18;9;14;9;TRANSTRY;18019;;;
MOBIS BRASIL FABRICACAO DE AUTO PECAS LT;RODOVIARIO;1575980;14/09/2026;1;361776;14/09/2026;BARI VEICULOS LTDA;7,46E+12;GUARAPUAVA;PR;14/09/2026;18/09/2026;18/09/2026;Entregue No Prazo;;Entrega realizada;Entrega Finalizada;18;9;14;9;TRANSTRY;18024;;;
MOBIS BRASIL FABRICACAO DE AUTO PECAS LT;RODOVIARIO;1575981;14/09/2026;8;361774;14/09/2026;BARI VEICULOS LTDA;7,46E+12;PONTA GROSSA;PR;14/09/2026;18/09/2026;16/09/2026;Entregue No Prazo;;Entrega realizada;Entrega Finalizada;18;9;14;9;TRANSTRY;18024;;;
MOBIS BRASIL FABRICACAO DE AUTO PECAS LT;RODOVIARIO;1575982;14/09/2026;7;361774;14/09/2026;BARI VEICULOS LTDA;7,46E+12;PONTA GROSSA;PR;14/09/2026;18/09/2026;16/09/2026;Entregue No Prazo;;Entrega realizada;Entrega Finalizada;18;9;14;9;TRANSTRY;18024;;;
MOBIS BRASIL FABRICACAO DE AUTO PECAS LT;RODOVIARIO;1575984;14/09/2026;2;361791;14/09/2026;VETOR AUTOMOVEIS LTDA;2,12E+13;UMUARAMA;PR;14/09/2026;18/09/2026;21/09/2026;Entregue Fora do Prazo;;Entrega realizada;Entrega Finalizada;18;9;14;9;TRANSTRY;18019;;;
MOBIS BRASIL FABRICACAO DE AUTO PECAS LT;RODOVIARIO;1575985;14/09/2026;2;361773;14/09/2026;BARI VEICULOS LTDA;7,46E+12;SAO JOSE DOS PINHAIS;PR;14/09/2026;18/09/2026;16/09/2026;Entregue No Prazo;;Entrega realizada;Entrega Finalizada;18;9;14;9;TRANSTRY;18024;;;
MOBIS BRASIL FABRICACAO DE AUTO PECAS LT;RODOVIARIO;1575987;14/09/2026;3;361812;14/09/2026;ITAVEMA MOTORS VEICULOS LTDA;7,73E+12;DUQUE DE CAXIAS;RJ;14/09/2026;18/09/2026;16/09/2026;Entregue No Prazo;;Entrega realizada;Entrega Finalizada;18;9;14;9;CAMILO;19001;;;
MOBIS BRASIL FABRICACAO DE AUTO PECAS LT;RODOVIARIO;1575988;14/09/2026;3;361796;14/09/2026;AMX COM. E SERVICOS DE AUTOMOTORES LTDA;1,20E+13;RIO DE JANEIRO;RJ;14/09/2026;18/09/2026;16/09/2026;Entregue No Prazo;;Entrega realizada;Entrega Finalizada;18;9;14;9;CAMILO;19009;;;
MOBIS BRASIL FABRICACAO DE AUTO PECAS LT;RODOVIARIO;1575989;14/09/2026;4;361802;14/09/2026;CAOA MOTOR DO BRASIL LTDA;1,68E+13;RIO DE JANEIRO;RJ;14/09/2026;18/09/2026;16/09/2026;Entregue No Prazo;;Entrega realizada;Entrega Finalizada;18;9;14;9;CAMILO;5008;;;
MOBIS BRASIL FABRICACAO DE AUTO PECAS LT;RODOVIARIO;1575991;14/09/2026;3;361811;14/09/2026;ITAVEMA MOTORS VEICULOS LTDA;7,73E+12;RIO DE JANEIRO;RJ;14/09/2026;18/09/2026;16/09/2026;Entregue No Prazo;;Entrega realizada;Entrega Finalizada;18;9;14;9;CAMILO;19001;;;
MOBIS BRASIL FABRICACAO DE AUTO PECAS LT;RODOVIARIO;1575992;14/09/2026;4;361799;14/09/2026;CAOA MOTOR DO BRASIL LTDA;1,68E+13;RIO DE JANEIRO;RJ;14/09/2026;18/09/2026;16/09/2026;Entregue No Prazo;;Entrega realizada;Entrega Finalizada;18;9;14;9;CAMILO;5008;;;
MOBIS BRASIL FABRICACAO DE AUTO PECAS LT;RODOVIARIO;1575993;14/09/2026;3;361801;14/09/2026;CAOA MOTOR DO BRASIL LTDA;1,68E+13;RIO DE JANEIRO;RJ;14/09/2026;18/09/2026;16/09/2026;Entregue No Prazo;;Entrega realizada;Entrega Finalizada;18;9;14;9;CAMILO;5008;;;
MOBIS BRASIL FABRICACAO DE AUTO PECAS LT;RODOVIARIO;1575994;14/09/2026;5;361803;14/09/2026;CAOA MOTOR DO BRASIL LTDA;1,68E+13;RIO DE JANEIRO;RJ;14/09/2026;18/09/2026;16/09/2026;Entregue No Prazo;;Entrega realizada;Entrega Finalizada;18;9;14;9;CAMILO;5008;;;
MOBIS BRASIL FABRICACAO DE AUTO PECAS LT;RODOVIARIO;1576000;14/09/2026;4;361784;14/09/2026;HOUSE PARTS - COM. DE PECAS E VEIC. LTDA;1,15E+13;PORTO ALEGRE;RS;14/09/2026;18/09/2026;18/09/2026;Entregue No Prazo;;Entrega realizada;Entrega Finalizada;18;9;14;9;TRANSTRY;23004;;;
MOBIS BRASIL FABRICACAO DE AUTO PECAS LT;RODOVIARIO;1576001;14/09/2026;10;361780;14/09/2026;CARWAY SUL VEICULOS LTDA;1,03E+13;CANOAS;RS;14/09/2026;18/09/2026;18/09/2026;Entregue No Prazo;;Entrega realizada;Entrega Finalizada;18;9;14;9;TRANSTRY;23003;;;
MOBIS BRASIL FABRICACAO DE AUTO PECAS LT;RODOVIARIO;1576008;14/09/2026;3;361779;14/09/2026;BARI VEICULOS LTDA.;7,46E+12;JOINVILLE;SC;14/09/2026;18/09/2026;16/09/2026;Entregue No Prazo;;Entrega realizada;Entrega Finalizada;18;9;14;9;TRANSTRY;24013;;;
MOBIS BRASIL FABRICACAO DE AUTO PECAS LT;RODOVIARIO;1576009;14/09/2026;1;361778;14/09/2026;BARI VEICULOS LTDA.;7,46E+12;ITAJAI;SC;14/09/2026;18/09/2026;16/09/2026;Entregue No Prazo;;Entrega realizada;Entrega Finalizada;18;9;14;9;TRANSTRY;24014;;;
MOBIS BRASIL FABRICACAO DE AUTO PECAS LT;RODOVIARIO;1576014;14/09/2026;1;361787;14/09/2026;LR COMERCIO DE VEICULOS LTDA;1,05E+13;FLORIANOPOLIS;SC;14/09/2026;18/09/2026;18/09/2026;Entregue No Prazo;;Entrega realizada;Entrega Finalizada;18;9;14;9;TRANSTRY;24007;;;
MOBIS BRASIL FABRICACAO DE AUTO PECAS LT;RODOVIARIO;1576016;14/09/2026;18;361737;14/09/2026;HYMAX DISTRIBUIDORA DE VEICULOS LTDA;1,73E+13;MOGI GUACU;SP;14/09/2026;18/09/2026;15/09/2026;Entregue No Prazo;;Entrega realizada;Entrega Finalizada;18;9;14;9;MVT;26002;;;
MOBIS BRASIL FABRICACAO DE AUTO PECAS LT;RODOVIARIO;1576029;14/09/2026;2;361739;14/09/2026;NEW VEICULOS E PECAS LTDA.;1,59E+13;FRANCA;SP;14/09/2026;18/09/2026;15/09/2026;Entregue No Prazo;;Entrega realizada;Entrega Finalizada;18;9;14;9;MVT;26048;;;
MOBIS BRASIL FABRICACAO DE AUTO PECAS LT;RODOVIARIO;1576031;14/09/2026;1;361733;14/09/2026;GOLDEN MOTORS VEICULOS LTDA;3,62E+12;PRESIDENTE PRUDENTE;SP;14/09/2026;18/09/2026;16/09/2026;Entregue No Prazo;;Entrega realizada;Entrega Finalizada;18;9;14;9;MVT;12001;;;
MOBIS BRASIL FABRICACAO DE AUTO PECAS LT;RODOVIARIO;1576035;14/09/2026;4;361738;14/09/2026;NEW VEICULOS E PECAS LTDA.;1,59E+13;ARARAQUARA;SP;14/09/2026;18/09/2026;15/09/2026;Entregue No Prazo;;Entrega realizada;Entrega Finalizada;18;9;14;9;MVT;26071;;;
MOBIS BRASIL FABRICACAO DE AUTO PECAS LT;RODOVIARIO;1576039;14/09/2026;5;361732;14/09/2026;DHC COMERCIO DE VEICULOS E PECAS LTDA;9,52E+12;JAU;SP;14/09/2026;18/09/2026;16/09/2026;Entregue No Prazo;;Entrega realizada;Entrega Finalizada;18;9;14;9;MVT;26010;;;
MOBIS BRASIL FABRICACAO DE AUTO PECAS LT;RODOVIARIO;1576040;14/09/2026;3;361730;14/09/2026;DESTAQUE SEUL DISTR DE VEIC PEC LTDA;2,12E+13;CARAGUATATUBA;SP;14/09/2026;18/09/2026;17/08/2026;Entregue No Prazo;;Entrega realizada;Entrega Finalizada;18;9;14;9;MVT;26082;;;
MOBIS BRASIL FABRICACAO DE AUTO PECAS LT;RODOVIARIO;1576041;14/09/2026;1;361745;14/09/2026;CAOA MOTOR DO BRASIL LTDA;1,68E+13;PRAIA GRANDE;SP;14/09/2026;18/09/2026;15/09/2026;Entregue No Prazo;;Entrega realizada;Entrega Finalizada;18;9;14;9;XD DIADEMA;5008;;;
MOBIS BRASIL FABRICACAO DE AUTO PECAS LT;RODOVIARIO;1576045;14/09/2026;1;361734;14/09/2026;H - CAMINHO AUTOMOVEIS LTDA;2,53E+13;PIRACICABA;SP;14/09/2026;18/09/2026;16/09/2026;Entregue No Prazo;;Entrega realizada;Entrega Finalizada;18;9;14;9;MVT;26092;;;
MOBIS BRASIL FABRICACAO DE AUTO PECAS LT;RODOVIARIO;1576046;14/09/2026;5;361734;14/09/2026;H - CAMINHO AUTOMOVEIS LTDA;2,53E+13;PIRACICABA;SP;14/09/2026;18/09/2026;16/09/2026;Entregue No Prazo;;Entrega realizada;Entrega Finalizada;18;9;14;9;MVT;26092;;;
MOBIS BRASIL FABRICACAO DE AUTO PECAS LT;RODOVIARIO;1576052;14/09/2026;16;361736;14/09/2026;H R B COMERCIO DE VEICULOS LTDA;1,82E+13;SAO JOSE DO RIO PRETO;SP;14/09/2026;18/09/2026;15/09/2026;Entregue No Prazo;;Entrega realizada;Entrega Finalizada;18;9;14;9;MVT;26050;;;
MOBIS BRASIL FABRICACAO DE AUTO PECAS LT;RODOVIARIO;1576053;14/09/2026;9;361736;14/09/2026;H R B COMERCIO DE VEICULOS LTDA;1,82E+13;SAO JOSE DO RIO PRETO;SP;14/09/2026;18/09/2026;15/09/2026;Entregue No Prazo;Avaria;Entrega realizada;Entrega Finalizada;18;9;14;9;MVT;26050;;;
MOBIS BRASIL FABRICACAO DE AUTO PECAS LT;RODOVIARIO;1575931;14/09/2026;12;361838;14/09/2026;VIA BRASIL AUTOMOVEIS LTDA.;4,72E+12;SERRA;ES;14/09/2026;21/09/2026;18/09/2026;Entregue No Prazo;;Entrega realizada;Entrega Finalizada;21;9;14;9;CAMILO;8001;;;
MOBIS BRASIL FABRICACAO DE AUTO PECAS LT;RODOVIARIO;1575933;14/09/2026;7;361833;14/09/2026;TAI MOTORS VEICULOS S/A;9,27E+12;VITORIA;ES;14/09/2026;21/09/2026;17/09/2026;Entregue No Prazo;;Entrega realizada;Entrega Finalizada;21;9;14;9;CAMILO;8002;;;
MOBIS BRASIL FABRICACAO DE AUTO PECAS LT;RODOVIARIO;1575945;14/09/2026;1;361768;14/09/2026;VITAL COMERCIO DE VEICULOS LTDA;1,05E+13;IPATINGA;MG;14/09/2026;21/09/2026;17/09/2026;Entregue No Prazo;;Entrega realizada;Entrega Finalizada;21;9;14;9;XD BETIM;11016;;;
MOBIS BRASIL FABRICACAO DE AUTO PECAS LT;RODOVIARIO;1575953;14/09/2026;3;361766;14/09/2026;VIME AUTOMOVEIS E PECAS LTDA;2,85E+13;GUAXUPE;MG;14/09/2026;21/09/2026;18/09/2026;Entregue No Prazo;;Entrega realizada;Entrega Finalizada;21;9;14;9;XD BETIM;11031;;;
MOBIS BRASIL FABRICACAO DE AUTO PECAS LT;RODOVIARIO;1575975;14/09/2026;6;361789;14/09/2026;SANTA FE VEICULOS LTDA.;1,16E+13;FRANCISCO BELTRAO;PR;14/09/2026;21/09/2026;17/09/2026;Entregue No Prazo;;Entrega realizada;Entrega Finalizada;21;9;14;9;TRANSTRY;18010;;;
MOBIS BRASIL FABRICACAO DE AUTO PECAS LT;RODOVIARIO;1575976;14/09/2026;2;361789;14/09/2026;SANTA FE VEICULOS LTDA.;1,16E+13;FRANCISCO BELTRAO;PR;14/09/2026;21/09/2026;17/09/2026;Entregue No Prazo;;Entrega realizada;Entrega Finalizada;21;9;14;9;TRANSTRY;18010;;;
MOBIS BRASIL FABRICACAO DE AUTO PECAS LT;RODOVIARIO;1575978;14/09/2026;3;361794;14/09/2026;ZENDAI VEICULOS LTDA;1,97E+13;TOLEDO;PR;14/09/2026;21/09/2026;16/09/2026;Entregue No Prazo;;Entrega realizada;Entrega Finalizada;21;9;14;9;TRANSTRY;18016;;;
MOBIS BRASIL FABRICACAO DE AUTO PECAS LT;RODOVIARIO;1575983;14/09/2026;1;361793;14/09/2026;VETOR AUTOMOVEIS LTDA;2,12E+13;FOZ DO IGUACU;PR;14/09/2026;21/09/2026;16/09/2026;Entregue No Prazo;;Entrega realizada;Entrega Finalizada;21;9;14;9;TRANSTRY;18019;;;
MOBIS BRASIL FABRICACAO DE AUTO PECAS LT;RODOVIARIO;1575990;14/09/2026;3;361839;14/09/2026;VIA VR VEICULOS LTDA;1,73E+13;VOLTA REDONDA;RJ;14/09/2026;21/09/2026;16/09/2026;Entregue No Prazo;;Entrega realizada;Entrega Finalizada;21;9;14;9;CAMILO;19016;;;
MOBIS BRASIL FABRICACAO DE AUTO PECAS LT;RODOVIARIO;1576002;14/09/2026;1;361771;14/09/2026;ATUAL VEICULOS LTDA;1,33E+13;ARARANGUA;SC;14/09/2026;21/09/2026;18/09/2026;Entregue No Prazo;;Entrega realizada;Entrega Finalizada;21;9;14;9;TRANSTRY;24001;;;
MOBIS BRASIL FABRICACAO DE AUTO PECAS LT;RODOVIARIO;1576003;14/09/2026;1;361769;14/09/2026;ATUAL VEICULOS LTDA;1,33E+13;CRICIUMA;SC;14/09/2026;21/09/2026;18/09/2026;Entregue No Prazo;;Entrega realizada;Entrega Finalizada;21;9;14;9;TRANSTRY;24001;;;
MOBIS BRASIL FABRICACAO DE AUTO PECAS LT;RODOVIARIO;1576004;14/09/2026;6;361770;14/09/2026;ATUAL VEICULOS LTDA;1,33E+13;TUBARAO;SC;14/09/2026;21/09/2026;21/09/2026;Entregue No Prazo;;Entrega realizada;Entrega Finalizada;21;9;14;9;TRANSTRY;24001;;;
MOBIS BRASIL FABRICACAO DE AUTO PECAS LT;RODOVIARIO;1576005;14/09/2026;6;361788;14/09/2026;LR COMERCIO DE VEICULOS LTDA;1,05E+13;SAO JOSE;SC;14/09/2026;21/09/2026;16/09/2026;Entregue No Prazo;;Entrega realizada;Entrega Finalizada;21;9;14;9;TRANSTRY;24007;;;
MOBIS BRASIL FABRICACAO DE AUTO PECAS LT;RODOVIARIO;1576006;14/09/2026;12;361772;14/09/2026;BARI VEICULOS LTDA;7,46E+12;BLUMENAU;SC;14/09/2026;21/09/2026;17/09/2026;Entregue No Prazo;;Entrega realizada;Entrega Finalizada;21;9;14;9;TRANSTRY;18024;;;
MOBIS BRASIL FABRICACAO DE AUTO PECAS LT;RODOVIARIO;1576007;14/09/2026;20;361772;14/09/2026;BARI VEICULOS LTDA;7,46E+12;BLUMENAU;SC;14/09/2026;21/09/2026;17/09/2026;Entregue No Prazo;;Entrega realizada;Entrega Finalizada;21;9;14;9;TRANSTRY;18024;;;
MOBIS BRASIL FABRICACAO DE AUTO PECAS LT;RODOVIARIO;1576011;14/09/2026;1;361783;14/09/2026;GAMBATTO H1 VEICULOS LTDA;1,94E+13;CHAPECO;SC;14/09/2026;21/09/2026;17/09/2026;Entregue No Prazo;;Entrega realizada;Entrega Finalizada;21;9;14;9;TRANSTRY;24018;;;
MOBIS BRASIL FABRICACAO DE AUTO PECAS LT;RODOVIARIO;1575927;14/09/2026;1;361759;14/09/2026;SMAFF IMPORT VEICULOS LTDA;8,18E+12;BRASILIA;DF;14/09/2026;22/09/2026;22/09/2026;Entregue No Prazo;;Entrega realizada;Entrega Finalizada;22;9;14;9;RIO VERMELHO;7002;;;
MOBIS BRASIL FABRICACAO DE AUTO PECAS LT;RODOVIARIO;1575928;14/09/2026;10;361759;14/09/2026;SMAFF IMPORT VEICULOS LTDA;8,18E+12;BRASILIA;DF;14/09/2026;22/09/2026;22/09/2026;Entregue No Prazo;;Entrega realizada;Entrega Finalizada;22;9;14;9;RIO VERMELHO;7002;;;
MOBIS BRASIL FABRICACAO DE AUTO PECAS LT;RODOVIARIO;1575930;14/09/2026;15;361757;14/09/2026;SAGA KOREA COM. DE VEIC. E PC. LTDA;1,27E+13;BRASILIA;DF;14/09/2026;22/09/2026;22/09/2026;Entregue No Prazo;;Entrega realizada;Entrega Finalizada;22;9;14;9;RIO VERMELHO;7005;;;
MOBIS BRASIL FABRICACAO DE AUTO PECAS LT;RODOVIARIO;1575934;14/09/2026;3;361825;14/09/2026;PRIME CACHOEIRO VEICULOS LTDA;9,34E+12;CACHOEIRO DE ITAPEMIRIM;ES;14/09/2026;22/09/2026;16/09/2026;Entregue No Prazo;;Entrega realizada;Entrega Finalizada;22;9;14;9;CAMILO;8004;;;
MOBIS BRASIL FABRICACAO DE AUTO PECAS LT;RODOVIARIO;1575935;14/09/2026;2;361824;14/09/2026;PRIME CACHOEIRO VEICULOS LTDA;9,34E+12;LINHARES;ES;14/09/2026;22/09/2026;17/09/2026;Entregue No Prazo;;Entrega realizada;Entrega Finalizada;22;9;14;9;CAMILO;8004;;;
MOBIS BRASIL FABRICACAO DE AUTO PECAS LT;RODOVIARIO;1575937;14/09/2026;6;361752;14/09/2026;NISA COMERCIAL DE VEIC. AUTOMOTORES LTDA;1,03E+13;APARECIDA DE GOIANIA;GO;14/09/2026;22/09/2026;19/09/2026;Entregue No Prazo;;Entrega realizada;Entrega Finalizada;22;9;14;9;RIO VERMELHO;9002;;;
MOBIS BRASIL FABRICACAO DE AUTO PECAS LT;RODOVIARIO;1575938;14/09/2026;5;361756;14/09/2026;SAGA KOREA COM. DE VEIC. E PC. LTDA;1,27E+13;GOIANIA;GO;14/09/2026;22/09/2026;19/09/2026;Entregue No Prazo;;Entrega realizada;Entrega Finalizada;22;9;14;9;RIO VERMELHO;9009;;;
MOBIS BRASIL FABRICACAO DE AUTO PECAS LT;RODOVIARIO;1575940;14/09/2026;15;361758;14/09/2026;SAGA KOREA COM. DE VEIC. E PC. LTDA;1,27E+13;GOIANIA;GO;14/09/2026;22/09/2026;19/09/2026;Entregue No Prazo;;Entrega realizada;Entrega Finalizada;22;9;14;9;RIO VERMELHO;9011;;;
MOBIS BRASIL FABRICACAO DE AUTO PECAS LT;RODOVIARIO;1575958;14/09/2026;5;361810;14/09/2026;GOLDEN MOTORS VEICULOS LTDA;3,62E+12;DOURADOS;MS;14/09/2026;22/09/2026;18/09/2026;Entregue No Prazo;;Entrega realizada;Entrega Finalizada;22;9;14;9;CARVALIMA;12001;;;
MOBIS BRASIL FABRICACAO DE AUTO PECAS LT;RODOVIARIO;1575959;14/09/2026;2;361809;14/09/2026;GOLDEN MOTORS VEICULOS LTDA;3,62E+12;TRES LAGOAS;MS;14/09/2026;22/09/2026;17/09/2026;Entregue No Prazo;;Entrega realizada;Entrega Finalizada;22;9;14;9;CARVALIMA;12001;;;
MOBIS BRASIL FABRICACAO DE AUTO PECAS LT;RODOVIARIO;1575960;14/09/2026;5;361835;14/09/2026;ULSAN COMERCIO DE VEICULOS LTDA.;2,10E+13;CAMPO GRANDE;MS;14/09/2026;22/09/2026;17/09/2026;Entregue No Prazo;Avaria;Entrega realizada;Entrega Finalizada;22;9;14;9;CARVALIMA;12004;;;
MOBIS BRASIL FABRICACAO DE AUTO PECAS LT;RODOVIARIO;1576010;14/09/2026;3;361777;14/09/2026;BARI VEICULOS LTDA;7,46E+12;BALNEARIO CAMBORIU;SC;14/09/2026;22/09/2026;16/09/2026;Entregue No Prazo;;Entrega realizada;Entrega Finalizada;22;9;14;9;TRANSTRY;18024;;;
MOBIS BRASIL FABRICACAO DE AUTO PECAS LT;RODOVIARIO;1576012;14/09/2026;2;361781;14/09/2026;CHINHAN AUTOMOVEIS LTDA;2,41E+13;CONCORDIA;SC;14/09/2026;22/09/2026;17/09/2026;Entregue No Prazo;;Entrega realizada;Entrega Finalizada;22;9;14;9;TRANSTRY;23019;;;
MOBIS BRASIL FABRICACAO DE AUTO PECAS LT;RODOVIARIO;1575962;14/09/2026;9;361827;14/09/2026;SAGA ASIA COM. DE VEIC.PC.E SERV. LTDA;2,23E+13;VARZEA GRANDE;MT;14/09/2026;23/09/2026;22/09/2026;Entregue No Prazo;;Entrega realizada;Entrega Finalizada;23;9;14;9;CARVALIMA;13004;;;
MOBIS BRASIL FABRICACAO DE AUTO PECAS LT;RODOVIARIO;1575963;14/09/2026;3;361828;14/09/2026;SAGA SEUL COMERCIO DE VEICULOS, PECAS E;2,23E+13;CUIABA;MT;14/09/2026;23/09/2026;18/09/2026;Entregue No Prazo;;Entrega realizada;Entrega Finalizada;23;9;14;9;CARVALIMA;13005;;;
MOBIS BRASIL FABRICACAO DE AUTO PECAS LT;RODOVIARIO;1575964;14/09/2026;1;361805;14/09/2026;COMETA MATO GROSSO COM. DE VEICULOS LTDA;1,54E+13;TANGARA DA SERRA;MT;14/09/2026;23/09/2026;19/09/2026;Entregue No Prazo;;Entrega realizada;Entrega Finalizada;23;9;14;9;CARVALIMA;13007;;;
MOBIS BRASIL FABRICACAO DE AUTO PECAS LT;RODOVIARIO;1576013;14/09/2026;7;361782;14/09/2026;CHINHAN AUTOMOVEIS LTDA.;2,41E+13;CACADOR;SC;14/09/2026;23/09/2026;16/09/2026;Entregue No Prazo;;Entrega realizada;Entrega Finalizada;23;9;14;9;TRANSTRY;24020;;;
MOBIS BRASIL FABRICACAO DE AUTO PECAS LT;RODOVIARIO;1575916;14/09/2026;8;361820;14/09/2026;PATEO COMERCIO DE VEICULOS S A;7,78E+12;SALVADOR;BA;14/09/2026;24/09/2026;23/09/2026;Entregue No Prazo;;Entrega realizada;Entrega Finalizada;24;9;14;9;TERMACO;5003;;;
MOBIS BRASIL FABRICACAO DE AUTO PECAS LT;RODOVIARIO;1575918;14/09/2026;2;361808;14/09/2026;FAZZA MOTORS COMERCIO DE VEICULOS LTDA;1,24E+13;SALVADOR;BA;14/09/2026;24/09/2026;23/09/2026;Entregue No Prazo;;Entrega realizada;Entrega Finalizada;24;9;14;9;TERMACO;5007;;;
MOBIS BRASIL FABRICACAO DE AUTO PECAS LT;RODOVIARIO;1575919;14/09/2026;7;361808;14/09/2026;FAZZA MOTORS COMERCIO DE VEICULOS LTDA;1,24E+13;SALVADOR;BA;14/09/2026;24/09/2026;23/09/2026;Entregue No Prazo;;Entrega realizada;Entrega Finalizada;24;9;14;9;TERMACO;5007;;;
MOBIS BRASIL FABRICACAO DE AUTO PECAS LT;RODOVIARIO;1575941;14/09/2026;1;361765;14/09/2026;URCA MOTORS VEICULOS LTDA;8,77E+12;RIO VERDE;GO;14/09/2026;24/09/2026;23/09/2026;Entregue No Prazo;;Entrega realizada;Entrega Finalizada;24;9;14;9;RIO VERMELHO;9014;;;
MOBIS BRASIL FABRICACAO DE AUTO PECAS LT;RODOVIARIO;1575961;14/09/2026;4;361804;14/09/2026;COMETA MATO GROSSO COM. DE VEICULOS LTDA;1,54E+13;SINOP;MT;14/09/2026;24/09/2026;22/09/2026;Entregue No Prazo;;Entrega realizada;Entrega Finalizada;24;9;14;9;CARVALIMA;13003;;;
MOBIS BRASIL FABRICACAO DE AUTO PECAS LT;RODOVIARIO;1575965;14/09/2026;6;361837;14/09/2026;UNIQUE COMERCIO DE AUTOMOVEIS LTDA;1,74E+13;ANANINDEUA;PA;14/09/2026;25/09/2026;21/09/2026;Entregue No Prazo;Avaria;Entrega realizada;Entrega Finalizada;25;9;14;9;CARVALIMA;14003;;;
MOBIS BRASIL FABRICACAO DE AUTO PECAS LT;RODOVIARIO;1575966;14/09/2026;24;361837;14/09/2026;UNIQUE COMERCIO DE AUTOMOVEIS LTDA;1,74E+13;ANANINDEUA;PA;14/09/2026;25/09/2026;21/09/2026;Entregue No Prazo;Avaria;Entrega realizada;Entrega Finalizada;25;9;14;9;CARVALIMA;14003;;;
MOBIS BRASIL FABRICACAO DE AUTO PECAS LT;RODOVIARIO;1575967;14/09/2026;5;361798;14/09/2026;CAOA MOTOR DO BRASIL LTDA;1,68E+13;BELEM;PA;14/09/2026;25/09/2026;21/09/2026;Entregue No Prazo;;Entrega realizada;Entrega Finalizada;25;9;14;9;CARVALIMA;5008;;;
MOBIS BRASIL FABRICACAO DE AUTO PECAS LT;RODOVIARIO;1575998;14/09/2026;2;361826;14/09/2026;SAGA ASIA COM. DE VEIC.PC.E SERV. LTDA;2,14E+13;PORTO VELHO;RO;14/09/2026;25/09/2026;23/09/2026;Entregue No Prazo;;Entrega realizada;Entrega Finalizada;25;9;14;9;CARVALIMA;21003;;;
MOBIS BRASIL FABRICACAO DE AUTO PECAS LT;RODOVIARIO;1576015;14/09/2026;1;361829;14/09/2026;SAINT LAND COMERCIO DE VEICULOS LTDA;1,04E+13;ARACAJU;SE;14/09/2026;25/09/2026;24/09/2026;Entregue No Prazo;;Entrega realizada;Entrega Finalizada;25;9;14;9;TERMACO;6010;;;
MOBIS BRASIL FABRICACAO DE AUTO PECAS LT;RODOVIARIO;1576054;14/09/2026;1;361832;14/09/2026;SEVEL VEICULOS LTDA;1,07E+13;ARACAJU;SE;14/09/2026;25/09/2026;24/09/2026;Entregue No Prazo;;Entrega realizada;Entrega Finalizada;25;9;14;9;TERMACO;25001;;;
MOBIS BRASIL FABRICACAO DE AUTO PECAS LT;RODOVIARIO;1576055;14/09/2026;2;361832;14/09/2026;SEVEL VEICULOS LTDA;1,07E+13;ARACAJU;SE;14/09/2026;25/09/2026;24/09/2026;Entregue No Prazo;;Entrega realizada;Entrega Finalizada;25;9;14;9;TERMACO;25001;;;
MOBIS BRASIL FABRICACAO DE AUTO PECAS LT;RODOVIARIO;1575911;14/09/2026;5;361806;14/09/2026;CYCOSA AUTOMOVEIS LTDA;4,76E+12;MACEIO;AL;14/09/2026;28/09/2026;23/09/2026;Entregue No Prazo;;Entrega realizada;Entrega Finalizada;28;9;14;9;TERMACO;2001;;;
MOBIS BRASIL FABRICACAO DE AUTO PECAS LT;RODOVIARIO;1575924;14/09/2026;1;361797;14/09/2026;CAOA MOTOR DO BRASIL LTDA;1,68E+13;FORTALEZA;CE;14/09/2026;28/09/2026;25/09/2026;Entregue No Prazo;;Entrega realizada;Entrega Finalizada;28;9;14;9;TERMACO;5008;;;
MOBIS BRASIL FABRICACAO DE AUTO PECAS LT;RODOVIARIO;1576050;14/09/2026;1;361755;14/09/2026;PRIVILLEGE DISTRIBUIDORA DE VEICULOS LTD;1,72E+13;ARAGUAINA;TO;14/09/2026;28/09/2026;23/09/2026;Entregue No Prazo;;Entrega realizada;Entrega Finalizada;28;9;14;9;RIO VERMELHO;27002;;;
MOBIS BRASIL FABRICACAO DE AUTO PECAS LT;RODOVIARIO;1576051;14/09/2026;3;361755;14/09/2026;PRIVILLEGE DISTRIBUIDORA DE VEICULOS LTD;1,72E+13;ARAGUAINA;TO;14/09/2026;28/09/2026;23/09/2026;Entregue No Prazo;;Entrega realizada;Entrega Finalizada;28;9;14;9;RIO VERMELHO;27002;;;
MOBIS BRASIL FABRICACAO DE AUTO PECAS LT;RODOVIARIO;1576056;14/09/2026;4;361807;14/09/2026;FAZZA MOTORS COM. DE VEICULOS LTDA;1,24E+13;FORTALEZA;CE;14/09/2026;28/09/2026;25/09/2026;Entregue No Prazo;;Entrega realizada;Entrega Finalizada;28;9;14;9;TERMACO;6001;;;
MOBIS BRASIL FABRICACAO DE AUTO PECAS LT;RODOVIARIO;1575920;14/09/2026;3;361819;14/09/2026;PATEO COMERCIO DE VEICULOS S A;7,78E+12;FEIRA DE SANTANA;BA;14/09/2026;29/09/2026;23/09/2026;Entregue No Prazo;;Entrega realizada;Entrega Finalizada;29;9;14;9;TERMACO;5009;;;
MOBIS BRASIL FABRICACAO DE AUTO PECAS LT;RODOVIARIO;1575922;14/09/2026;1;361817;14/09/2026;ORVEL AUTOMOTOR HYD LTDA;2,52E+13;TEIXEIRA DE FREITAS;BA;14/09/2026;29/09/2026;25/09/2026;Entregue No Prazo;;Entrega realizada;Entrega Finalizada;29;9;14;9;TERMACO;5011;;;
MOBIS BRASIL FABRICACAO DE AUTO PECAS LT;RODOVIARIO;1575923;14/09/2026;1;361795;14/09/2026;AIKON VEICULOS LTDA;1,17E+13;SANTO ANTONIO DE JESUS;BA;14/09/2026;29/09/2026;24/09/2026;Entregue No Prazo;;Entrega realizada;Entrega Finalizada;29;9;14;9;TERMACO;5002;;;
MOBIS BRASIL FABRICACAO DE AUTO PECAS LT;RODOVIARIO;1575942;14/09/2026;1;361823;14/09/2026;PATEO COMERCIO DE VEICULOS S A;7,78E+12;SAO LUIS;MA;14/09/2026;29/09/2026;22/09/2026;Entregue No Prazo;;Entrega realizada;Entrega Finalizada;29;9;14;9;TERMACO;10002;;;
MOBIS BRASIL FABRICACAO DE AUTO PECAS LT;RODOVIARIO;1575968;14/09/2026;5;361818;14/09/2026;PATEO COMERCIO DE VEICULOS S A;7,78E+12;JOAO PESSOA;PB;14/09/2026;29/09/2026;28/09/2026;Entregue No Prazo;;Entrega realizada;Entrega Finalizada;29;9;14;9;TERMACO;15003;;;
MOBIS BRASIL FABRICACAO DE AUTO PECAS LT;RODOVIARIO;1575970;14/09/2026;10;361822;14/09/2026;PATEO COMERCIO DE VEICULOS S A;7,78E+12;RECIFE;PE;14/09/2026;29/09/2026;24/09/2026;Entregue No Prazo;;Entrega realizada;Entrega Finalizada;29;9;14;9;TERMACO;16004;;;
MOBIS BRASIL FABRICACAO DE AUTO PECAS LT;RODOVIARIO;1575971;14/09/2026;3;361800;14/09/2026;CAOA MOTOR DO BRASIL LTDA;1,68E+13;RECIFE;PE;14/09/2026;29/09/2026;22/09/2026;Entregue No Prazo;;Entrega realizada;Entrega Finalizada;29;9;14;9;TERMACO;5008;;;
MOBIS BRASIL FABRICACAO DE AUTO PECAS LT;RODOVIARIO;1575996;14/09/2026;1;361831;14/09/2026;SAINT LAND COMERCIO DE VEICULOS LTDA;1,04E+13;NATAL;RN;14/09/2026;29/09/2026;23/09/2026;Entregue No Prazo;;Entrega realizada;Entrega Finalizada;29;9;14;9;TERMACO;6010;;;
MOBIS BRASIL FABRICACAO DE AUTO PECAS LT;RODOVIARIO;1575997;14/09/2026;12;361831;14/09/2026;SAINT LAND COMERCIO DE VEICULOS LTDA;1,04E+13;NATAL;RN;14/09/2026;29/09/2026;23/09/2026;Entregue No Prazo;;Entrega realizada;Entrega Finalizada;29;9;14;9;TERMACO;6010;;;
MOBIS BRASIL FABRICACAO DE AUTO PECAS LT;RODOVIARIO;1575912;14/09/2026;1;361814;14/09/2026;JPN COMERCIO DE VEICULOS LTDA;3,20E+13;ARAPIRACA;AL;14/09/2026;30/09/2026;24/09/2026;Entregue No Prazo;;Entrega realizada;Entrega Finalizada;30;9;14;9;TERMACO;2003;;;
MOBIS BRASIL FABRICACAO DE AUTO PECAS LT;RODOVIARIO;1575926;14/09/2026;1;361830;14/09/2026;SAINT LAND COMERCIO DE VEICULOS LTDA;1,04E+13;JUAZEIRO DO NORTE;CE;14/09/2026;30/09/2026;24/09/2026;Entregue No Prazo;;Entrega realizada;Entrega Finalizada;30;9;14;9;TERMACO;6010;;;
MOBIS BRASIL FABRICACAO DE AUTO PECAS LT;RODOVIARIO;1575969;14/09/2026;2;361815;14/09/2026;JPN PATOS COMERCIO DE VEICULOS LTDA;4,20E+13;PATOS;PB;14/09/2026;30/09/2026;29/09/2026;Entregue No Prazo;;Entrega realizada;Entrega Finalizada;30;9;14;9;TERMACO;15004;;;
MOBIS BRASIL FABRICACAO DE AUTO PECAS LT;RODOVIARIO;1575972;14/09/2026;2;361813;14/09/2026;JPN COMERCIO DE AUTOMOVEIS LTDA;2,61E+13;GARANHUNS;PE;14/09/2026;30/09/2026;25/09/2026;Entregue No Prazo;;Entrega realizada;Entrega Finalizada;30;9;14;9;TERMACO;16009;;;
MOBIS BRASIL FABRICACAO DE AUTO PECAS LT;RODOVIARIO;1575995;14/09/2026;10;361816;14/09/2026;ORIENTE AUTOMOVEIS LTDA;1,33E+13;PARNAMIRIM;RN;14/09/2026;30/09/2026;24/09/2026;Entregue No Prazo;;Entrega realizada;Entrega Finalizada;30;9;14;9;TERMACO;20001;;;
MOBIS BRASIL FABRICACAO DE AUTO PECAS LT;RODOVIARIO;1575910;14/09/2026;2;361834;14/09/2026;ULSAN COMERCIO DE VEICULOS LTDA;2,10E+13;RIO BRANCO;AC;14/09/2026;01/10/2026;22/09/2026;Entregue No Prazo;;Entrega realizada;Entrega Finalizada;1;10;14;9;CARVALIMA;21004;;;
MOBIS BRASIL FABRICACAO DE AUTO PECAS LT;RODOVIARIO;1575914;14/09/2026;1;361821;14/09/2026;PATEO COMERCIO DE VEICULOS S A;7,78E+12;MANAUS;AM;14/09/2026;08/10/2026;29/09/2026;Entregue No Prazo;;Entrega realizada;Entrega Finalizada;8;10;14;9;CARVALIMA;3002;;;
MOBIS BRASIL FABRICACAO DE AUTO PECAS LT;RODOVIARIO;1575915;14/09/2026;1;361821;14/09/2026;PATEO COMERCIO DE VEICULOS S A;7,78E+12;MANAUS;AM;14/09/2026;08/10/2026;29/09/2026;Entregue No Prazo;;Entrega realizada;Entrega Finalizada;8;10;14;9;CARVALIMA;3002;;;
MOBIS BRASIL FABRICACAO DE AUTO PECAS LT;RODOVIARIO;1575999;14/09/2026;1;361836;14/09/2026;UNIQUE BOA VISTA COM. DE AUTOMOVEIS LTDA;3,48E+13;BOA VISTA;RR;14/09/2026;12/10/2026;;Pendente No Prazo;;01/10 Em transferencia para a cidade de destino;Entrega Pendente;12;10;14;9;CARVALIMA;22002;;;
MOBIS BRASIL FABRICACAO DE AUTO PECAS LT;RODOVIARIO;1576023;14/09/2026;9;361882;15/09/2026;GRAND SPORT COM. DE VEIC. E PECAS LTDA;8,58E+12;SAO PAULO;SP;15/09/2026;17/09/2026;15/09/2026;Entregue No Prazo;;Entrega realizada;Entrega Finalizada;17;9;15;9;BV LOG;26034;;;
MOBIS BRASIL FABRICACAO DE AUTO PECAS LT;RODOVIARIO;1576043;14/09/2026;28;361883;15/09/2026;GRANDAY AUTOMOTORES LTDA (CHAC. CALIFOR);1,57E+13;SAO PAULO;SP;15/09/2026;17/09/2026;15/09/2026;Entregue No Prazo;;Entrega realizada;Entrega Finalizada;17;9;15;9;BV LOG;26090;;;
MOBIS BRASIL FABRICACAO DE AUTO PECAS LT;RODOVIARIO;1577051;15/09/2026;1;361905;15/09/2026;GRAND SPORT COM. DE VEIC. E PECAS LTDA;8,58E+12;GUARULHOS;SP;15/09/2026;17/09/2026;16/09/2026;Entregue No Prazo;;Entrega realizada;Entrega Finalizada;17;9;15;9;XD DIADEMA;26005;;;
MOBIS BRASIL FABRICACAO DE AUTO PECAS LT;RODOVIARIO;1577056;15/09/2026;2;361904;15/09/2026;GRAND SPORT COM. DE VEIC. E PECAS LTDA;8,58E+12;SAO PAULO;SP;15/09/2026;17/09/2026;16/09/2026;Entregue No Prazo;;Entrega realizada;Entrega Finalizada;17;9;15;9;XD DIADEMA;26034;;;
MOBIS BRASIL FABRICACAO DE AUTO PECAS LT;RODOVIARIO;1577060;15/09/2026;6;361902;15/09/2026;CAOA MOTOR DO BRASIL LTDA (VL PRUDENTE);1,68E+13;SAO PAULO;SP;15/09/2026;17/09/2026;16/09/2026;Entregue No Prazo;;Entrega realizada;Entrega Finalizada;17;9;15;9;XD DIADEMA;26051;;;
MOBIS BRASIL FABRICACAO DE AUTO PECAS LT;RODOVIARIO;1577061;15/09/2026;1;361899;15/09/2026;CAOA MOTOR DO BRASIL LTDA;1,68E+13;SAO BERNARDO DO CAMPO;SP;15/09/2026;17/09/2026;16/09/2026;Entregue No Prazo;;Entrega realizada;Entrega Finalizada;17;9;15;9;XD DIADEMA;5008;;;
MOBIS BRASIL FABRICACAO DE AUTO PECAS LT;RODOVIARIO;1577063;15/09/2026;1;361897;15/09/2026;BILLY DISTRIBUIDORA DE VEICULOS LTDA;1,34E+13;SAO PAULO;SP;15/09/2026;17/09/2026;16/09/2026;Entregue No Prazo;;Entrega realizada;Entrega Finalizada;17;9;15;9;XD DIADEMA;26003;;;
MOBIS BRASIL FABRICACAO DE AUTO PECAS LT;RODOVIARIO;1577070;15/09/2026;1;361901;15/09/2026;CAOA MOTOR DO BRASIL LTDA (INDIANOPOLIS);1,68E+13;SAO PAULO;SP;15/09/2026;17/09/2026;16/09/2026;Entregue No Prazo;;Entrega realizada;Entrega Finalizada;17;9;15;9;XD DIADEMA;26091;;;
MOBIS BRASIL FABRICACAO DE AUTO PECAS LT;RODOVIARIO;1577071;15/09/2026;1;361907;15/09/2026;NOBRE DISTRIBUIDORA DE VEIC. E PEC. LTDA;5,76E+12;SUZANO;SP;15/09/2026;17/09/2026;16/09/2026;Entregue No Prazo;;Entrega realizada;Entrega Finalizada;17;9;15;9;XD DIADEMA;26103;;;
MOBIS BRASIL FABRICACAO DE AUTO PECAS LT;RODOVIARIO;1577072;15/09/2026;1;361887;15/09/2026;CHS MOTORS VEICULOS PECAS E SERV. LTDA;1,69E+13;OSASCO;SP;15/09/2026;17/09/2026;;Pendente Fora;;24/09 Falta, realizando buscas;Entrega Pendente;17;9;15;9;MVT;26106;;;
MOBIS BRASIL FABRICACAO DE AUTO PECAS LT;RODOVIARIO;1576993;15/09/2026;11;361913;15/09/2026;TAI MOTORS VEICULOS S/A;9,27E+12;BELO HORIZONTE;MG;15/09/2026;18/09/2026;17/09/2026;Entregue No Prazo;;Entrega realizada;Entrega Finalizada;18;9;15;9;XD BETIM;8002;;;
MOBIS BRASIL FABRICACAO DE AUTO PECAS LT;RODOVIARIO;1576994;15/09/2026;6;361903;15/09/2026;CARBEL KOREA VEICULOS LTDA;2,07E+13;BELO HORIZONTE;MG;15/09/2026;18/09/2026;17/09/2026;Entregue No Prazo;;Entrega realizada;Entrega Finalizada;18;9;15;9;XD BETIM;11021;;;
MOBIS BRASIL FABRICACAO DE AUTO PECAS LT;RODOVIARIO;1576995;15/09/2026;2;361898;15/09/2026;CAOA MOTOR DO BRASIL LTDA;1,68E+13;BELO HORIZONTE;MG;15/09/2026;18/09/2026;17/09/2026;Entregue No Prazo;;Entrega realizada;Entrega Finalizada;18;9;15;9;XD BETIM;5008;;;
MOBIS BRASIL FABRICACAO DE AUTO PECAS LT;RODOVIARIO;1576999;15/09/2026;32;361896;15/09/2026;BDG AUTOVILLE VEICULOS LTDA;4,77E+13;CONTAGEM;MG;15/09/2026;18/09/2026;17/09/2026;Entregue No Prazo;;Entrega realizada;Entrega Finalizada;18;9;15;9;XD BETIM;11037;;;
MOBIS BRASIL FABRICACAO DE AUTO PECAS LT;RODOVIARIO;1577021;15/09/2026;1;361968;15/09/2026;BARI VEICULOS LTDA;7,46E+12;CURITIBA;PR;15/09/2026;18/09/2026;16/09/2026;Entregue No Prazo;;Entrega realizada;Entrega Finalizada;18;9;15;9;TRANSTRY;18024;;;
MOBIS BRASIL FABRICACAO DE AUTO PECAS LT;RODOVIARIO;1577052;15/09/2026;2;361890;15/09/2026;DHC COMERCIO DE VEICULOS E PECAS LTDA;9,52E+12;BAURU;SP;15/09/2026;18/09/2026;16/09/2026;Entregue No Prazo;;Entrega realizada;Entrega Finalizada;18;9;15;9;MVT;26010;;;
MOBIS BRASIL FABRICACAO DE AUTO PECAS LT;RODOVIARIO;1577054;15/09/2026;3;361893;15/09/2026;MOTONET COMERCIO DE VEICULOS LTDA;9,28E+12;SOROCABA;SP;15/09/2026;18/09/2026;18/09/2026;Entregue No Prazo;;Entrega realizada;Entrega Finalizada;18;9;15;9;MVT;26113;;;
MOBIS BRASIL FABRICACAO DE AUTO PECAS LT;RODOVIARIO;1577057;15/09/2026;1;361886;15/09/2026;ANDRETA II DISTRIBUIDORA DE VEIC. LTDA;9,10E+12;JUNDIAI;SP;15/09/2026;18/09/2026;17/09/2026;Entregue No Prazo;;Entrega realizada;Entrega Finalizada;18;9;15;9;MVT;26011;;;
MOBIS BRASIL FABRICACAO DE AUTO PECAS LT;RODOVIARIO;1577068;15/09/2026;5;361900;15/09/2026;CAOA MOTOR DO BRASIL LTDA;1,68E+13;SANTOS;SP;15/09/2026;18/09/2026;16/09/2026;Entregue No Prazo;;Entrega realizada;Entrega Finalizada;18;9;15;9;XD DIADEMA;5008;;;
MOBIS BRASIL FABRICACAO DE AUTO PECAS LT;RODOVIARIO;1576990;15/09/2026;23;361916;15/09/2026;URCA MOTORS VEICULOS LTDA;8,77E+12;UBERLANDIA;MG;15/09/2026;21/09/2026;17/09/2026;Entregue No Prazo;;Entrega realizada;Entrega Finalizada;21;9;15;9;XD BETIM;9014;;;
MOBIS BRASIL FABRICACAO DE AUTO PECAS LT;RODOVIARIO;1576992;15/09/2026;1;361918;15/09/2026;URCA MOTORS VEICULOS LTDA;8,77E+12;UBERABA;MG;15/09/2026;21/09/2026;17/09/2026;Entregue No Prazo;;Entrega realizada;Entrega Finalizada;21;9;15;9;XD BETIM;9014;;;
MOBIS BRASIL FABRICACAO DE AUTO PECAS LT;RODOVIARIO;1576996;15/09/2026;1;361919;15/09/2026;VIME POCOS COM. DE VEICULOS E PECAS LTDA;3,43E+13;POCOS DE CALDAS;MG;15/09/2026;21/09/2026;17/09/2026;Entregue No Prazo;;Entrega realizada;Entrega Finalizada;21;9;15;9;XD BETIM;11033;;;
MOBIS BRASIL FABRICACAO DE AUTO PECAS LT;RODOVIARIO;1576997;15/09/2026;2;361919;15/09/2026;VIME POCOS COM. DE VEICULOS E PECAS LTDA;3,43E+13;POCOS DE CALDAS;MG;15/09/2026;21/09/2026;17/09/2026;Entregue No Prazo;;Entrega realizada;Entrega Finalizada;21;9;15;9;XD BETIM;11033;;;
MOBIS BRASIL FABRICACAO DE AUTO PECAS LT;RODOVIARIO;1576998;15/09/2026;3;361917;15/09/2026;URCA MOTORS VEICULOS LTDA;8,77E+12;PATOS DE MINAS;MG;15/09/2026;21/09/2026;21/09/2026;Entregue No Prazo;;Entrega realizada;Entrega Finalizada;21;9;15;9;XD BETIM;9014;;;
MOBIS BRASIL FABRICACAO DE AUTO PECAS LT;RODOVIARIO;1577015;15/09/2026;19;361980;15/09/2026;LOVAT VEICULOS S/A;8,57E+12;LONDRINA;PR;15/09/2026;21/09/2026;17/09/2026;Entregue No Prazo;;Entrega realizada;Entrega Finalizada;21;9;15;9;TRANSTRY;18008;;;
MOBIS BRASIL FABRICACAO DE AUTO PECAS LT;RODOVIARIO;1577016;15/09/2026;4;361979;15/09/2026;LOVAT VEICULOS S/A;8,57E+12;MARINGA;PR;15/09/2026;21/09/2026;18/09/2026;Entregue No Prazo;;Entrega realizada;Entrega Finalizada;21;9;15;9;TRANSTRY;18008;;;
MOBIS BRASIL FABRICACAO DE AUTO PECAS LT;RODOVIARIO;1577018;15/09/2026;11;361984;15/09/2026;VETOR AUTOMOVEIS LTDA;2,12E+13;CASCAVEL;PR;15/09/2026;21/09/2026;17/09/2026;Entregue No Prazo;;Entrega realizada;Entrega Finalizada;21;9;15;9;TRANSTRY;18019;;;
MOBIS BRASIL FABRICACAO DE AUTO PECAS LT;RODOVIARIO;1577019;15/09/2026;3;361967;15/09/2026;BARI VEICULOS LTDA;7,46E+12;PONTA GROSSA;PR;15/09/2026;21/09/2026;17/09/2026;Entregue No Prazo;;Entrega realizada;Entrega Finalizada;21;9;15;9;TRANSTRY;18024;;;
MOBIS BRASIL FABRICACAO DE AUTO PECAS LT;RODOVIARIO;1577020;15/09/2026;2;361966;15/09/2026;BARI VEICULOS LTDA;7,46E+12;SAO JOSE DOS PINHAIS;PR;15/09/2026;21/09/2026;16/09/2026;Entregue No Prazo;;Entrega realizada;Entrega Finalizada;21;9;15;9;TRANSTRY;18024;;;
MOBIS BRASIL FABRICACAO DE AUTO PECAS LT;RODOVIARIO;1577022;15/09/2026;2;361941;15/09/2026;ITAVEMA MOTORS VEICULOS LTDA;7,73E+12;DUQUE DE CAXIAS;RJ;15/09/2026;21/09/2026;17/09/2026;Entregue No Prazo;;Entrega realizada;Entrega Finalizada;21;9;15;9;CAMILO;19001;;;
MOBIS BRASIL FABRICACAO DE AUTO PECAS LT;RODOVIARIO;1577023;15/09/2026;4;361924;15/09/2026;AMX COM. E SERVICOS DE AUTOMOTORES LTDA;1,20E+13;RIO DE JANEIRO;RJ;15/09/2026;21/09/2026;17/09/2026;Entregue No Prazo;;Entrega realizada;Entrega Finalizada;21;9;15;9;CAMILO;19009;;;
MOBIS BRASIL FABRICACAO DE AUTO PECAS LT;RODOVIARIO;1577024;15/09/2026;3;361929;15/09/2026;CAOA MOTOR DO BRASIL LTDA;1,68E+13;RIO DE JANEIRO;RJ;15/09/2026;21/09/2026;17/09/2026;Entregue No Prazo;;Entrega realizada;Entrega Finalizada;21;9;15;9;CAMILO;5008;;;
MOBIS BRASIL FABRICACAO DE AUTO PECAS LT;RODOVIARIO;1577027;15/09/2026;26;361942;15/09/2026;ITAVEMA MOTORS VEICULOS LTDA;7,73E+12;RIO DE JANEIRO;RJ;15/09/2026;21/09/2026;18/09/2026;Entregue No Prazo;;Entrega realizada;Entrega Finalizada;21;9;15;9;CAMILO;19001;;;
MOBIS BRASIL FABRICACAO DE AUTO PECAS LT;RODOVIARIO;1577028;15/09/2026;1;361927;15/09/2026;CAOA MOTOR DO BRASIL LTDA;1,68E+13;RIO DE JANEIRO;RJ;15/09/2026;21/09/2026;17/09/2026;Entregue No Prazo;;Entrega realizada;Entrega Finalizada;21;9;15;9;CAMILO;5008;;;
MOBIS BRASIL FABRICACAO DE AUTO PECAS LT;RODOVIARIO;1577031;15/09/2026;5;361977;15/09/2026;HOUSE PARTS - COM. DE PECAS E VEIC. LTDA;1,15E+13;PORTO ALEGRE;RS;15/09/2026;21/09/2026;18/09/2026;Entregue No Prazo;;Entrega realizada;Entrega Finalizada;21;9;15;9;TRANSTRY;23004;;;
MOBIS BRASIL FABRICACAO DE AUTO PECAS LT;RODOVIARIO;1577032;15/09/2026;3;361970;15/09/2026;CARWAY SUL VEICULOS LTDA;1,03E+13;CANOAS;RS;15/09/2026;21/09/2026;18/09/2026;Entregue No Prazo;;Entrega realizada;Entrega Finalizada;21;9;15;9;TRANSTRY;23003;;;
MOBIS BRASIL FABRICACAO DE AUTO PECAS LT;RODOVIARIO;1577044;15/09/2026;2;361969;15/09/2026;BARI VEICULOS LTDA.;7,46E+12;JOINVILLE;SC;15/09/2026;21/09/2026;17/09/2026;Entregue No Prazo;;Entrega realizada;Entrega Finalizada;21;9;15;9;TRANSTRY;24013;;;
MOBIS BRASIL FABRICACAO DE AUTO PECAS LT;RODOVIARIO;1577049;15/09/2026;2;361906;15/09/2026;HYMAX DISTRIBUIDORA DE VEICULOS LTDA;1,73E+13;MOGI GUACU;SP;15/09/2026;21/09/2026;16/09/2026;Entregue No Prazo;;Entrega realizada;Entrega Finalizada;21;9;15;9;XD DIADEMA;26002;;;
MOBIS BRASIL FABRICACAO DE AUTO PECAS LT;RODOVIARIO;1577050;15/09/2026;4;361906;15/09/2026;HYMAX DISTRIBUIDORA DE VEICULOS LTDA;1,73E+13;MOGI GUACU;SP;15/09/2026;21/09/2026;16/09/2026;Entregue No Prazo;;Entrega realizada;Entrega Finalizada;21;9;15;9;XD DIADEMA;26002;;;
MOBIS BRASIL FABRICACAO DE AUTO PECAS LT;RODOVIARIO;1577059;15/09/2026;2;361894;15/09/2026;NEW VEICULOS E PECAS LTDA.;1,59E+13;FRANCA;SP;15/09/2026;21/09/2026;16/09/2026;Entregue No Prazo;;Entrega realizada;Entrega Finalizada;21;9;15;9;MVT;26048;;;
MOBIS BRASIL FABRICACAO DE AUTO PECAS LT;RODOVIARIO;1577064;15/09/2026;1;361889;15/09/2026;DHC COMERCIO DE VEICULOS E PECAS LTDA;9,52E+12;JAU;SP;15/09/2026;21/09/2026;17/09/2026;Entregue No Prazo;;Entrega realizada;Entrega Finalizada;21;9;15;9;MVT;26010;;;
MOBIS BRASIL FABRICACAO DE AUTO PECAS LT;RODOVIARIO;1577065;15/09/2026;2;361889;15/09/2026;DHC COMERCIO DE VEICULOS E PECAS LTDA;9,52E+12;JAU;SP;15/09/2026;21/09/2026;17/09/2026;Entregue No Prazo;;Entrega realizada;Entrega Finalizada;21;9;15;9;MVT;26010;;;
MOBIS BRASIL FABRICACAO DE AUTO PECAS LT;RODOVIARIO;1577066;15/09/2026;2;361891;15/09/2026;DHC COMERCIO DE VEICULOS E PECAS LTDA;9,52E+12;BOTUCATU;SP;15/09/2026;21/09/2026;16/09/2026;Entregue No Prazo;;Entrega realizada;Entrega Finalizada;21;9;15;9;MVT;26010;;;
MOBIS BRASIL FABRICACAO DE AUTO PECAS LT;RODOVIARIO;1577067;15/09/2026;1;361888;15/09/2026;DESTAQUE SEUL DISTR DE VEIC PEC LTDA;2,12E+13;CARAGUATATUBA;SP;15/09/2026;21/09/2026;18/09/2026;Entregue No Prazo;;Entrega realizada;Entrega Finalizada;21;9;15;9;MVT;26082;;;
MOBIS BRASIL FABRICACAO DE AUTO PECAS LT;RODOVIARIO;1577073;15/09/2026;1;361895;15/09/2026;VIME SAO JOAO COM. DE VEIC. E PECAS LTDA;5,10E+13;SAO JOAO DA BOA VISTA;SP;15/09/2026;21/09/2026;17/09/2026;Entregue No Prazo;;Entrega realizada;Entrega Finalizada;21;9;15;9;MVT;26107;;;
MOBIS BRASIL FABRICACAO DE AUTO PECAS LT;RODOVIARIO;1577078;15/09/2026;13;361892;15/09/2026;H R B COMERCIO DE VEICULOS LTDA;1,82E+13;SAO JOSE DO RIO PRETO;SP;15/09/2026;21/09/2026;16/09/2026;Entregue No Prazo;Avaria;Entrega realizada;Entrega Finalizada;21;9;15;9;MVT;26050;;;
MOBIS BRASIL FABRICACAO DE AUTO PECAS LT;RODOVIARIO;1576978;15/09/2026;17;361959;15/09/2026;VIA BRASIL AUTOMOVEIS LTDA.;4,72E+12;SERRA;ES;15/09/2026;22/09/2026;18/09/2026;Entregue No Prazo;;Entrega realizada;Entrega Finalizada;22;9;15;9;CAMILO;8001;;;
MOBIS BRASIL FABRICACAO DE AUTO PECAS LT;RODOVIARIO;1576979;15/09/2026;1;361958;15/09/2026;TAI MOTORS VEICULOS S/A;9,27E+12;VITORIA;ES;15/09/2026;22/09/2026;17/09/2026;Entregue No Prazo;;Entrega realizada;Entrega Finalizada;22;9;15;9;CAMILO;8002;;;
MOBIS BRASIL FABRICACAO DE AUTO PECAS LT;RODOVIARIO;1576991;15/09/2026;2;361920;15/09/2026;VITAL COMERCIO DE VEICULOS LTDA;1,05E+13;GOVERNADOR VALADARES;MG;15/09/2026;22/09/2026;17/09/2026;Entregue No Prazo;;Entrega realizada;Entrega Finalizada;22;9;15;9;XD BETIM;11016;;;
MOBIS BRASIL FABRICACAO DE AUTO PECAS LT;RODOVIARIO;1577017;15/09/2026;1;361983;15/09/2026;SANTA FE VEICULOS LTDA.;1,16E+13;FRANCISCO BELTRAO;PR;15/09/2026;22/09/2026;18/09/2026;Entregue No Prazo;;Entrega realizada;Entrega Finalizada;22;9;15;9;TRANSTRY;18010;;;
MOBIS BRASIL FABRICACAO DE AUTO PECAS LT;RODOVIARIO;1577025;15/09/2026;2;361937;15/09/2026;GRAFFITI VEICULOS LTDA.;1,71E+13;ITAPERUNA;RJ;15/09/2026;22/09/2026;18/09/2026;Entregue No Prazo;;Entrega realizada;Entrega Finalizada;22;9;15;9;CAMILO;19015;;;
MOBIS BRASIL FABRICACAO DE AUTO PECAS LT;RODOVIARIO;1577026;15/09/2026;5;361960;15/09/2026;VIA VR VEICULOS LTDA;1,73E+13;VOLTA REDONDA;RJ;15/09/2026;22/09/2026;17/09/2026;Entregue No Prazo;;Entrega realizada;Entrega Finalizada;22;9;15;9;CAMILO;19016;;;
MOBIS BRASIL FABRICACAO DE AUTO PECAS LT;RODOVIARIO;1577034;15/09/2026;2;361974;15/09/2026;GALA COMERCIO DE VEICULOS LTDA.;1,77E+13;PELOTAS;RS;15/09/2026;22/09/2026;18/09/2026;Entregue No Prazo;;Entrega realizada;Entrega Finalizada;22;9;15;9;TRANSTRY;23009;;;
MOBIS BRASIL FABRICACAO DE AUTO PECAS LT;RODOVIARIO;1577037;15/09/2026;5;361964;15/09/2026;ATUAL VEICULOS LTDA;1,33E+13;ARARANGUA;SC;15/09/2026;22/09/2026;18/09/2026;Entregue No Prazo;;Entrega realizada;Entrega Finalizada;22;9;15;9;TRANSTRY;24001;;;
MOBIS BRASIL FABRICACAO DE AUTO PECAS LT;RODOVIARIO;1577038;15/09/2026;2;361963;15/09/2026;ATUAL VEICULOS LTDA;1,33E+13;CRICIUMA;SC;15/09/2026;22/09/2026;21/09/2026;Entregue No Prazo;;Entrega realizada;Entrega Finalizada;22;9;15;9;TRANSTRY;24001;;;
MOBIS BRASIL FABRICACAO DE AUTO PECAS LT;RODOVIARIO;1577039;15/09/2026;5;361962;15/09/2026;ATUAL VEICULOS LTDA;1,33E+13;TUBARAO;SC;15/09/2026;22/09/2026;21/09/2026;Entregue No Prazo;;Entrega realizada;Entrega Finalizada;22;9;15;9;TRANSTRY;24001;;;
MOBIS BRASIL FABRICACAO DE AUTO PECAS LT;RODOVIARIO;1577040;15/09/2026;1;361982;15/09/2026;LS COMERCIO DE AUTOMOVEIS LTDA.;1,03E+13;BRUSQUE;SC;15/09/2026;22/09/2026;17/09/2026;Entregue No Prazo;;Entrega realizada;Entrega Finalizada;22;9;15;9;TRANSTRY;24006;;;
MOBIS BRASIL FABRICACAO DE AUTO PECAS LT;RODOVIARIO;1577041;15/09/2026;3;361981;15/09/2026;LR COMERCIO DE VEICULOS LTDA;1,05E+13;SAO JOSE;SC;15/09/2026;22/09/2026;18/09/2026;Entregue No Prazo;;Entrega realizada;Entrega Finalizada;22;9;15;9;TRANSTRY;24007;;;
MOBIS BRASIL FABRICACAO DE AUTO PECAS LT;RODOVIARIO;1577042;15/09/2026;5;361965;15/09/2026;BARI VEICULOS LTDA;7,46E+12;BLUMENAU;SC;15/09/2026;22/09/2026;17/09/2026;Entregue No Prazo;;Entrega realizada;Entrega Finalizada;22;9;15;9;TRANSTRY;18024;;;
MOBIS BRASIL FABRICACAO DE AUTO PECAS LT;RODOVIARIO;1577043;15/09/2026;20;361965;15/09/2026;BARI VEICULOS LTDA;7,46E+12;BLUMENAU;SC;15/09/2026;22/09/2026;17/09/2026;Entregue No Prazo;;Entrega realizada;Entrega Finalizada;22;9;15;9;TRANSTRY;18024;;;
MOBIS BRASIL FABRICACAO DE AUTO PECAS LT;RODOVIARIO;1577045;15/09/2026;1;361975;15/09/2026;GAMBATTO H1 VEICULOS LTDA;1,94E+13;CHAPECO;SC;15/09/2026;22/09/2026;17/09/2026;Entregue No Prazo;;Entrega realizada;Entrega Finalizada;22;9;15;9;TRANSTRY;24018;;;
MOBIS BRASIL FABRICACAO DE AUTO PECAS LT;RODOVIARIO;1576977;15/09/2026;1;361912;15/09/2026;SMAFF IMPORT VEICULOS LTDA;8,18E+12;BRASILIA;DF;15/09/2026;23/09/2026;22/09/2026;Entregue No Prazo;;Entrega realizada;Entrega Finalizada;23;9;15;9;RIO VERMELHO;7002;;;
MOBIS BRASIL FABRICACAO DE AUTO PECAS LT;RODOVIARIO;1576980;15/09/2026;2;361951;15/09/2026;PRIME CACHOEIRO VEICULOS LTDA;9,34E+12;CACHOEIRO DE ITAPEMIRIM;ES;15/09/2026;23/09/2026;22/09/2026;Entregue No Prazo;;Entrega realizada;Entrega Finalizada;23;9;15;9;CAMILO;8004;;;
MOBIS BRASIL FABRICACAO DE AUTO PECAS LT;RODOVIARIO;1576981;15/09/2026;1;361951;15/09/2026;PRIME CACHOEIRO VEICULOS LTDA;9,34E+12;CACHOEIRO DE ITAPEMIRIM;ES;15/09/2026;23/09/2026;22/09/2026;Entregue No Prazo;;Entrega realizada;Entrega Finalizada;23;9;15;9;CAMILO;8004;;;
MOBIS BRASIL FABRICACAO DE AUTO PECAS LT;RODOVIARIO;1576982;15/09/2026;3;361952;15/09/2026;PRIME CACHOEIRO VEICULOS LTDA;9,34E+12;LINHARES;ES;15/09/2026;23/09/2026;18/09/2026;Entregue No Prazo;;Entrega realizada;Entrega Finalizada;23;9;15;9;CAMILO;8004;;;
MOBIS BRASIL FABRICACAO DE AUTO PECAS LT;RODOVIARIO;1576983;15/09/2026;1;361910;15/09/2026;SAGA KOREA COM. DE VEIC. E PC. LTDA;1,27E+13;GOIANIA;GO;15/09/2026;23/09/2026;21/09/2026;Entregue No Prazo;;Entrega realizada;Entrega Finalizada;23;9;15;9;RIO VERMELHO;9011;;;
MOBIS BRASIL FABRICACAO DE AUTO PECAS LT;RODOVIARIO;1576984;15/09/2026;18;361910;15/09/2026;SAGA KOREA COM. DE VEIC. E PC. LTDA;1,27E+13;GOIANIA;GO;15/09/2026;23/09/2026;21/09/2026;Entregue No Prazo;;Entrega realizada;Entrega Finalizada;23;9;15;9;RIO VERMELHO;9011;;;
MOBIS BRASIL FABRICACAO DE AUTO PECAS LT;RODOVIARIO;1577000;15/09/2026;14;361936;15/09/2026;GOLDEN MOTORS VEICULOS LTDA;3,62E+12;DOURADOS;MS;15/09/2026;23/09/2026;18/09/2026;Entregue No Prazo;Avaria;Entrega realizada;Entrega Finalizada;23;9;15;9;CARVALIMA;12001;;;
MOBIS BRASIL FABRICACAO DE AUTO PECAS LT;RODOVIARIO;1577033;15/09/2026;1;361978;15/09/2026;HOUSE PARTS - COM. DE PECAS E VEIC. LTDA;1,15E+13;SANTA MARIA;RS;15/09/2026;23/09/2026;18/09/2026;Entregue No Prazo;;Entrega realizada;Entrega Finalizada;23;9;15;9;TRANSTRY;23008;;;
MOBIS BRASIL FABRICACAO DE AUTO PECAS LT;RODOVIARIO;1577035;15/09/2026;2;361976;15/09/2026;HOUSE PARTS - COM. DE PECAS E VEIC. LTDA;1,15E+13;LAJEADO;RS;15/09/2026;23/09/2026;18/09/2026;Entregue No Prazo;;Entrega realizada;Entrega Finalizada;23;9;15;9;TRANSTRY;23018;;;
MOBIS BRASIL FABRICACAO DE AUTO PECAS LT;RODOVIARIO;1577036;15/09/2026;17;361972;15/09/2026;CHINHAN AUTOMOVEIS LTDA;2,41E+13;ERECHIM;RS;15/09/2026;23/09/2026;18/09/2026;Entregue No Prazo;;Entrega realizada;Entrega Finalizada;23;9;15;9;TRANSTRY;23019;;;
MOBIS BRASIL FABRICACAO DE AUTO PECAS LT;RODOVIARIO;1577046;15/09/2026;5;361971;15/09/2026;CHINHAN AUTOMOVEIS LTDA;2,41E+13;CONCORDIA;SC;15/09/2026;23/09/2026;17/09/2026;Entregue No Prazo;;Entrega realizada;Entrega Finalizada;23;9;15;9;TRANSTRY;23019;;;
MOBIS BRASIL FABRICACAO DE AUTO PECAS LT;RODOVIARIO;1577080;15/09/2026;21;361911;15/09/2026;SMAFF IMPORT VEICULOS LTDA;8,18E+12;BRASILIA;DF;15/09/2026;23/09/2026;22/09/2026;Entregue No Prazo;;Entrega realizada;Entrega Finalizada;23;9;15;9;RIO VERMELHO;7002;;;
MOBIS BRASIL FABRICACAO DE AUTO PECAS LT;RODOVIARIO;1577081;15/09/2026;1;361911;15/09/2026;SMAFF IMPORT VEICULOS LTDA;8,18E+12;BRASILIA;DF;15/09/2026;23/09/2026;22/09/2026;Entregue No Prazo;;Entrega realizada;Entrega Finalizada;23;9;15;9;RIO VERMELHO;7002;;;
MOBIS BRASIL FABRICACAO DE AUTO PECAS LT;RODOVIARIO;1577001;15/09/2026;2;361954;15/09/2026;SAGA ASIA COM. DE VEIC.PC.E SERV. LTDA;2,23E+13;VARZEA GRANDE;MT;15/09/2026;24/09/2026;22/09/2026;Entregue No Prazo;;Entrega realizada;Entrega Finalizada;24;9;15;9;CARVALIMA;13004;;;
MOBIS BRASIL FABRICACAO DE AUTO PECAS LT;RODOVIARIO;1577002;15/09/2026;2;361954;15/09/2026;SAGA ASIA COM. DE VEIC.PC.E SERV. LTDA;2,23E+13;VARZEA GRANDE;MT;15/09/2026;24/09/2026;22/09/2026;Entregue No Prazo;;Entrega realizada;Entrega Finalizada;24;9;15;9;CARVALIMA;13004;;;
MOBIS BRASIL FABRICACAO DE AUTO PECAS LT;RODOVIARIO;1577047;15/09/2026;8;361973;15/09/2026;CHINHAN AUTOMOVEIS LTDA.;2,41E+13;CACADOR;SC;15/09/2026;24/09/2026;21/09/2026;Entregue No Prazo;;Entrega realizada;Entrega Finalizada;24;9;15;9;TRANSTRY;24020;;;
MOBIS BRASIL FABRICACAO DE AUTO PECAS LT;RODOVIARIO;1577075;15/09/2026;1;361909;15/09/2026;PRIVILLEGE DISTRIBUIDORA DE VEICULOS LTD;1,72E+13;PALMAS;TO;15/09/2026;24/09/2026;23/09/2026;Entregue No Prazo;;Entrega realizada;Entrega Finalizada;24;9;15;9;RIO VERMELHO;27003;;;
MOBIS BRASIL FABRICACAO DE AUTO PECAS LT;RODOVIARIO;1577076;15/09/2026;2;361909;15/09/2026;PRIVILLEGE DISTRIBUIDORA DE VEICULOS LTD;1,72E+13;PALMAS;TO;15/09/2026;24/09/2026;23/09/2026;Entregue No Prazo;;Entrega realizada;Entrega Finalizada;24;9;15;9;RIO VERMELHO;27003;;;
MOBIS BRASIL FABRICACAO DE AUTO PECAS LT;RODOVIARIO;1576971;15/09/2026;4;361949;15/09/2026;PATEO COMERCIO DE VEICULOS S A;7,78E+12;SALVADOR;BA;15/09/2026;25/09/2026;22/09/2026;Entregue No Prazo;;Entrega realizada;Entrega Finalizada;25;9;15;9;TERMACO;5003;;;
MOBIS BRASIL FABRICACAO DE AUTO PECAS LT;RODOVIARIO;1576972;15/09/2026;3;361934;15/09/2026;FAZZA MOTORS COMERCIO DE VEICULOS LTDA;1,24E+13;SALVADOR;BA;15/09/2026;25/09/2026;22/09/2026;Entregue No Prazo;;Entrega realizada;Entrega Finalizada;25;9;15;9;TERMACO;5007;;;
MOBIS BRASIL FABRICACAO DE AUTO PECAS LT;RODOVIARIO;1576985;15/09/2026;5;361915;15/09/2026;URCA MOTORS VEICULOS LTDA;8,77E+12;RIO VERDE;GO;15/09/2026;25/09/2026;23/09/2026;Entregue No Prazo;;Entrega realizada;Entrega Finalizada;25;9;15;9;RIO VERMELHO;9014;;;
MOBIS BRASIL FABRICACAO DE AUTO PECAS LT;RODOVIARIO;1576986;15/09/2026;1;361914;15/09/2026;URCA MOTORS VEICULOS LTDA;8,77E+12;ITUMBIARA;GO;15/09/2026;25/09/2026;18/09/2026;Entregue No Prazo;;Entrega realizada;Entrega Finalizada;25;9;15;9;RIO VERMELHO;9014;;;
MOBIS BRASIL FABRICACAO DE AUTO PECAS LT;RODOVIARIO;1577003;15/09/2026;2;361931;15/09/2026;COMETA MATO GROSSO COM. DE VEICULOS LTDA;1,54E+13;RONDONOPOLIS;MT;15/09/2026;25/09/2026;18/09/2026;Entregue No Prazo;;Entrega realizada;Entrega Finalizada;25;9;15;9;CARVALIMA;13006;;;
MOBIS BRASIL FABRICACAO DE AUTO PECAS LT;RODOVIARIO;1577004;15/09/2026;4;361926;15/09/2026;CAOA MOTOR DO BRASIL LTDA;1,68E+13;BELEM;PA;15/09/2026;28/09/2026;22/09/2026;Entregue No Prazo;;Entrega realizada;Entrega Finalizada;28;9;15;9;CARVALIMA;5008;;;
MOBIS BRASIL FABRICACAO DE AUTO PECAS LT;RODOVIARIO;1577006;15/09/2026;2;361938;15/09/2026;GRANDE COREIA COMERCIO DE VEICULOS LTDA;2,66E+13;BELEM;PA;15/09/2026;28/09/2026;22/09/2026;Entregue No Prazo;;Entrega realizada;Entrega Finalizada;28;9;15;9;CARVALIMA;14007;;;
MOBIS BRASIL FABRICACAO DE AUTO PECAS LT;RODOVIARIO;1577007;15/09/2026;3;361938;15/09/2026;GRANDE COREIA COMERCIO DE VEICULOS LTDA;2,66E+13;BELEM;PA;15/09/2026;28/09/2026;22/09/2026;Entregue No Prazo;;Entrega realizada;Entrega Finalizada;28;9;15;9;CARVALIMA;14007;;;
MOBIS BRASIL FABRICACAO DE AUTO PECAS LT;RODOVIARIO;1577048;15/09/2026;2;361955;15/09/2026;SAINT LAND COMERCIO DE VEICULOS LTDA;1,04E+13;ARACAJU;SE;15/09/2026;28/09/2026;23/09/2026;Entregue No Prazo;;Entrega realizada;Entrega Finalizada;28;9;15;9;TERMACO;6010;;;
MOBIS BRASIL FABRICACAO DE AUTO PECAS LT;RODOVIARIO;1577079;15/09/2026;4;361957;15/09/2026;SEVEL VEICULOS LTDA;1,07E+13;ARACAJU;SE;15/09/2026;28/09/2026;23/09/2026;Entregue No Prazo;;Entrega realizada;Entrega Finalizada;28;9;15;9;TERMACO;25001;;;
MOBIS BRASIL FABRICACAO DE AUTO PECAS LT;RODOVIARIO;1576970;15/09/2026;3;361932;15/09/2026;CYCOSA AUTOMOVEIS LTDA;4,76E+12;MACEIO;AL;15/09/2026;29/09/2026;23/09/2026;Entregue No Prazo;;Entrega realizada;Entrega Finalizada;29;9;15;9;TERMACO;2001;;;
MOBIS BRASIL FABRICACAO DE AUTO PECAS LT;RODOVIARIO;1576975;15/09/2026;6;361935;15/09/2026;FAZZA MOTORS COMERCIO DE VEICULOS LTDA;1,24E+13;FORTALEZA;CE;15/09/2026;29/09/2026;28/09/2026;Entregue No Prazo;;Entrega realizada;Entrega Finalizada;29;9;15;9;TERMACO;5007;;;
MOBIS BRASIL FABRICACAO DE AUTO PECAS LT;RODOVIARIO;1577005;15/09/2026;1;361944;15/09/2026;NACIONAL NOVA MARABA DIST DE VEIC. LTDA;1,70E+13;MARABA;PA;15/09/2026;29/09/2026;22/09/2026;Entregue No Prazo;;Entrega realizada;Entrega Finalizada;29;9;15;9;CARVALIMA;14005;;;
MOBIS BRASIL FABRICACAO DE AUTO PECAS LT;RODOVIARIO;1577030;15/09/2026;1;361953;15/09/2026;SAGA ASIA COM. DE VEIC.PC.E SERV. LTDA;2,14E+13;PORTO VELHO;RO;15/09/2026;29/09/2026;23/09/2026;Entregue No Prazo;;Entrega realizada;Entrega Finalizada;29;9;15;9;CARVALIMA;21003;;;
MOBIS BRASIL FABRICACAO DE AUTO PECAS LT;RODOVIARIO;1577074;15/09/2026;7;361908;15/09/2026;PRIVILLEGE DISTRIBUIDORA DE VEICULOS LTD;1,72E+13;ARAGUAINA;TO;15/09/2026;29/09/2026;25/09/2026;Entregue No Prazo;;Entrega realizada;Entrega Finalizada;29;9;15;9;RIO VERMELHO;27002;;;
MOBIS BRASIL FABRICACAO DE AUTO PECAS LT;RODOVIARIO;1577082;15/09/2026;4;361933;15/09/2026;FAZZA MOTORS COM. DE VEICULOS LTDA;1,24E+13;FORTALEZA;CE;15/09/2026;29/09/2026;28/09/2026;Entregue No Prazo;;Entrega realizada;Entrega Finalizada;29;9;15;9;TERMACO;6001;;;
MOBIS BRASIL FABRICACAO DE AUTO PECAS LT;RODOVIARIO;1576973;15/09/2026;3;361930;15/09/2026;CAOA MOTOR DO BRASIL LTDA;1,68E+13;LAURO DE FREITAS;BA;15/09/2026;30/09/2026;22/09/2026;Entregue No Prazo;;Entrega realizada;Entrega Finalizada;30;9;15;9;TERMACO;5008;;;
MOBIS BRASIL FABRICACAO DE AUTO PECAS LT;RODOVIARIO;1576974;15/09/2026;2;361923;15/09/2026;AIKON VEICULOS LTDA;1,17E+13;ITABUNA;BA;15/09/2026;30/09/2026;23/09/2026;Entregue No Prazo;;Entrega realizada;Entrega Finalizada;30;9;15;9;TERMACO;5002;;;
MOBIS BRASIL FABRICACAO DE AUTO PECAS LT;RODOVIARIO;1576987;15/09/2026;5;361947;15/09/2026;PATEO COMERCIO DE VEICULOS S A;7,78E+12;SAO LUIS;MA;15/09/2026;30/09/2026;24/09/2026;Entregue No Prazo;;Entrega realizada;Entrega Finalizada;30;9;15;9;TERMACO;10002;;;
MOBIS BRASIL FABRICACAO DE AUTO PECAS LT;RODOVIARIO;1576989;15/09/2026;1;361950;15/09/2026;PATEO COMERCIO DE VEICULOS S A;7,78E+12;SAO LUIS;MA;15/09/2026;30/09/2026;24/09/2026;Entregue No Prazo;;Entrega realizada;Entrega Finalizada;30;9;15;9;TERMACO;10005;;;
MOBIS BRASIL FABRICACAO DE AUTO PECAS LT;RODOVIARIO;1577008;15/09/2026;3;361946;15/09/2026;PATEO COMERCIO DE VEICULOS S A;7,78E+12;JOAO PESSOA;PB;15/09/2026;30/09/2026;28/09/2026;Entregue No Prazo;;Entrega realizada;Entrega Finalizada;30;9;15;9;TERMACO;15003;;;
MOBIS BRASIL FABRICACAO DE AUTO PECAS LT;RODOVIARIO;1577009;15/09/2026;1;361948;15/09/2026;PATEO COMERCIO DE VEICULOS S A;7,78E+12;RECIFE;PE;15/09/2026;30/09/2026;28/09/2026;Entregue No Prazo;;Entrega realizada;Entrega Finalizada;30;9;15;9;TERMACO;16004;;;
MOBIS BRASIL FABRICACAO DE AUTO PECAS LT;RODOVIARIO;1577010;15/09/2026;3;361928;15/09/2026;CAOA MOTOR DO BRASIL LTDA;1,68E+13;RECIFE;PE;15/09/2026;30/09/2026;24/09/2026;Entregue No Prazo;;Entrega realizada;Entrega Finalizada;30;9;15;9;TERMACO;5008;;;
MOBIS BRASIL FABRICACAO DE AUTO PECAS LT;RODOVIARIO;1576976;15/09/2026;5;361956;15/09/2026;SAINT LAND COMERCIO DE VEICULOS LTDA;1,04E+13;JUAZEIRO DO NORTE;CE;15/09/2026;01/10/2026;24/09/2026;Entregue No Prazo;;Entrega realizada;Entrega Finalizada;1;10;15;9;TERMACO;6010;;;
MOBIS BRASIL FABRICACAO DE AUTO PECAS LT;RODOVIARIO;1577011;15/09/2026;1;361925;15/09/2026;AUTORAC VEICULOS LTDA;1,06E+13;PETROLINA;PE;15/09/2026;01/10/2026;23/09/2026;Entregue No Prazo;;Entrega realizada;Entrega Finalizada;1;10;15;9;TERMACO;16001;;;
MOBIS BRASIL FABRICACAO DE AUTO PECAS LT;RODOVIARIO;1577012;15/09/2026;1;361940;15/09/2026;GREEN CITY VEICULOS LTDA;2,10E+13;TERESINA;PI;15/09/2026;01/10/2026;25/09/2026;Entregue No Prazo;;Entrega realizada;Entrega Finalizada;1;10;15;9;TERMACO;17002;;;
MOBIS BRASIL FABRICACAO DE AUTO PECAS LT;RODOVIARIO;1577013;15/09/2026;2;361940;15/09/2026;GREEN CITY VEICULOS LTDA;2,10E+13;TERESINA;PI;15/09/2026;01/10/2026;25/09/2026;Entregue No Prazo;;Entrega realizada;Entrega Finalizada;1;10;15;9;TERMACO;17002;;;
MOBIS BRASIL FABRICACAO DE AUTO PECAS LT;RODOVIARIO;1577029;15/09/2026;16;361945;15/09/2026;ORIENTE AUTOMOVEIS LTDA;1,33E+13;PARNAMIRIM;RN;15/09/2026;01/10/2026;25/09/2026;Entregue No Prazo;;Entrega realizada;Entrega Finalizada;1;10;15;9;TERMACO;20001;;;
MOBIS BRASIL FABRICACAO DE AUTO PECAS LT;RODOVIARIO;1576988;15/09/2026;2;361943;15/09/2026;NACIONAL NOVA MARABA DIST DE VEIC. LTDA;1,70E+13;IMPERATRIZ;MA;15/09/2026;05/10/2026;21/09/2026;Entregue No Prazo;;Entrega realizada;Entrega Finalizada;5;10;15;9;TERMACO;10003;Criação do Estado de Roraima;Estadual;RR
MOBIS BRASIL FABRICACAO DE AUTO PECAS LT;RODOVIARIO;1577014;15/09/2026;6;361939;15/09/2026;GREEN CITY VEICULOS LTDA;2,10E+13;PARNAIBA;PI;15/09/2026;05/10/2026;29/09/2026;Entregue No Prazo;;Entrega realizada;Entrega Finalizada;5;10;15;9;TERMACO;17002;Criação do Estado de Roraima;Estadual;RR
MOBIS BRASIL FABRICACAO DE AUTO PECAS LT;RODOVIARIO;1577058;15/09/2026;7;362074;16/09/2026;BILLY DISTRIBUIDORA DE VEICULOS LTDA;1,34E+13;SAO CAETANO DO SUL;SP;16/09/2026;18/09/2026;;Pendente Fora;;;Entrega Pendente;18;9;16;9;BV LOG;26003;;;
MOBIS BRASIL FABRICACAO DE AUTO PECAS LT;RODOVIARIO;1577069;15/09/2026;11;362075;16/09/2026;GRANDAY AUTOMOTORES LTDA (CHAC. CALIFOR);1,57E+13;SAO PAULO;SP;16/09/2026;18/09/2026;;Pendente Fora;;;Entrega Pendente;18;9;16;9;BV LOG;26090;;;
MOBIS BRASIL FABRICACAO DE AUTO PECAS LT;RODOVIARIO;1577852;16/09/2026;1;362096;16/09/2026;CAOA MOTOR DO BRASIL LTDA(VL LEOPOLDINA);1,68E+13;SAO PAULO;SP;16/09/2026;18/09/2026;17/09/2026;Entregue No Prazo;;Entrega realizada;Entrega Finalizada;18;9;16;9;XD DIADEMA;26028;;;
MOBIS BRASIL FABRICACAO DE AUTO PECAS LT;RODOVIARIO;1577853;16/09/2026;6;362100;16/09/2026;GRAND SPORT COM. DE VEIC. E PECAS LTDA;8,58E+12;SAO PAULO;SP;16/09/2026;18/09/2026;17/09/2026;Entregue No Prazo;;Entrega realizada;Entrega Finalizada;18;9;16;9;XD DIADEMA;26034;;;
MOBIS BRASIL FABRICACAO DE AUTO PECAS LT;RODOVIARIO;1577854;16/09/2026;5;362098;16/09/2026;CHS MOTORS VEICULOS PECAS E SERV LTDA  ;1,69E+13;SAO PAULO;SP;16/09/2026;18/09/2026;17/09/2026;Entregue No Prazo;;Entrega realizada;Entrega Finalizada;18;9;16;9;XD DIADEMA;26037;;;
MOBIS BRASIL FABRICACAO DE AUTO PECAS LT;RODOVIARIO;1577855;16/09/2026;11;362092;16/09/2026;CAOA MOTOR DO BRASIL LTDA (ARICANDUVA);1,68E+13;SAO PAULO;SP;16/09/2026;18/09/2026;17/09/2026;Entregue No Prazo;;Entrega realizada;Entrega Finalizada;18;9;16;9;XD DIADEMA;26039;;;
MOBIS BRASIL FABRICACAO DE AUTO PECAS LT;RODOVIARIO;1577857;16/09/2026;14;362074;16/09/2026;BILLY DISTRIBUIDORA DE VEICULOS LTDA;1,34E+13;SAO CAETANO DO SUL;SP;16/09/2026;18/09/2026;;Pendente Fora;;;Entrega Pendente;18;9;16;9;BV LOG;26003;;;
MOBIS BRASIL FABRICACAO DE AUTO PECAS LT;RODOVIARIO;1577859;16/09/2026;1;362094;16/09/2026;CAOA MOTOR DO BRASIL LTDA (IPIRANGA);1,68E+13;SAO PAULO;SP;16/09/2026;18/09/2026;17/09/2026;Entregue No Prazo;;Entrega realizada;Entrega Finalizada;18;9;16;9;XD DIADEMA;26054;;;
MOBIS BRASIL FABRICACAO DE AUTO PECAS LT;RODOVIARIO;1577867;16/09/2026;11;362075;16/09/2026;GRANDAY AUTOMOTORES LTDA (CHAC. CALIFOR);1,57E+13;SAO PAULO;SP;16/09/2026;18/09/2026;;Pendente Fora;;;Entrega Pendente;18;9;16;9;BV LOG;26090;;;
MOBIS BRASIL FABRICACAO DE AUTO PECAS LT;RODOVIARIO;1577868;16/09/2026;1;362093;16/09/2026;CAOA MOTOR DO BRASIL LTDA (INDIANOPOLIS);1,68E+13;SAO PAULO;SP;16/09/2026;18/09/2026;17/09/2026;Entregue No Prazo;;Entrega realizada;Entrega Finalizada;18;9;16;9;XD DIADEMA;26091;;;
MOBIS BRASIL FABRICACAO DE AUTO PECAS LT;RODOVIARIO;1577872;16/09/2026;2;362097;16/09/2026;CHS MOTORS VEICULOS PECAS E SERV. LTDA;1,69E+13;OSASCO;SP;16/09/2026;18/09/2026;17/09/2026;Entregue No Prazo;;Entrega realizada;Entrega Finalizada;18;9;16;9;XD DIADEMA;26106;;;
MOBIS BRASIL FABRICACAO DE AUTO PECAS LT;RODOVIARIO;1577874;16/09/2026;1;362095;16/09/2026;CAOA MOTOR DO BRASIL LTDA(RAP. TAVARES);1,68E+13;SAO PAULO;SP;16/09/2026;18/09/2026;17/09/2026;Entregue No Prazo;;Entrega realizada;Entrega Finalizada;18;9;16;9;XD DIADEMA;26109;;;
MOBIS BRASIL FABRICACAO DE AUTO PECAS LT;RODOVIARIO;1577053;15/09/2026;5;362071;16/09/2026;ANDRETA II DISTRIBUIDORA DE VEIC. LTDA;9,10E+12;CAMPINAS;SP;16/09/2026;21/09/2026;16/09/2026;Entregue No Prazo;;Entrega realizada;Entrega Finalizada;21;9;16;9;BV LOG;26011;;;
MOBIS BRASIL FABRICACAO DE AUTO PECAS LT;RODOVIARIO;1577055;15/09/2026;47;362269;16/09/2026;NEW VEICULOS E PECAS LTDA;1,59E+13;RIBEIRAO PRETO;SP;16/09/2026;21/09/2026;17/09/2026;Entregue No Prazo;;Entrega realizada;Entrega Finalizada;21;9;16;9;BV LOG;26014;;;
MOBIS BRASIL FABRICACAO DE AUTO PECAS LT;RODOVIARIO;1577062;15/09/2026;11;362073;16/09/2026;DESTAQUE SEUL DISTR. DE VEIC. E PC. LTDA;2,12E+13;ATIBAIA;SP;16/09/2026;21/09/2026;16/09/2026;Entregue No Prazo;;Entrega realizada;Entrega Finalizada;21;9;16;9;BV LOG;26075;;;
MOBIS BRASIL FABRICACAO DE AUTO PECAS LT;RODOVIARIO;1577794;16/09/2026;9;362105;16/09/2026;TAI MOTORS VEICULOS S/A;9,27E+12;BELO HORIZONTE;MG;16/09/2026;21/09/2026;18/09/2026;Entregue No Prazo;;Entrega realizada;Entrega Finalizada;21;9;16;9;XD BETIM;8002;;;
MOBIS BRASIL FABRICACAO DE AUTO PECAS LT;RODOVIARIO;1577798;16/09/2026;1;362090;16/09/2026;BDG AUTOVILLE VEICULOS LTDA;4,77E+13;CONTAGEM;MG;16/09/2026;21/09/2026;18/09/2026;Entregue No Prazo;;Entrega realizada;Entrega Finalizada;21;9;16;9;XD BETIM;11037;;;
MOBIS BRASIL FABRICACAO DE AUTO PECAS LT;RODOVIARIO;1577799;16/09/2026;20;362090;16/09/2026;BDG AUTOVILLE VEICULOS LTDA;4,77E+13;CONTAGEM;MG;16/09/2026;21/09/2026;18/09/2026;Entregue No Prazo;;Entrega realizada;Entrega Finalizada;21;9;16;9;XD BETIM;11037;;;
MOBIS BRASIL FABRICACAO DE AUTO PECAS LT;RODOVIARIO;1577822;16/09/2026;2;362118;16/09/2026;BARI VEICULOS LTDA.;7,46E+12;CURITIBA;PR;16/09/2026;21/09/2026;17/09/2026;Entregue No Prazo;;Entrega realizada;Entrega Finalizada;21;9;16;9;TRANSTRY;18029;;;
MOBIS BRASIL FABRICACAO DE AUTO PECAS LT;RODOVIARIO;1577823;16/09/2026;1;362116;16/09/2026;BARI VEICULOS LTDA;7,46E+12;CURITIBA;PR;16/09/2026;21/09/2026;17/09/2026;Entregue No Prazo;;Entrega realizada;Entrega Finalizada;21;9;16;9;TRANSTRY;18024;;;
MOBIS BRASIL FABRICACAO DE AUTO PECAS LT;RODOVIARIO;1577848;16/09/2026;2;362082;16/09/2026;DHC COMERCIO DE VEICULOS E PECAS LTDA;9,52E+12;BAURU;SP;16/09/2026;21/09/2026;17/09/2026;Entregue No Prazo;;Entrega realizada;Entrega Finalizada;21;9;16;9;MVT;26010;;;
MOBIS BRASIL FABRICACAO DE AUTO PECAS LT;RODOVIARIO;1577849;16/09/2026;10;362071;16/09/2026;ANDRETA II DISTRIBUIDORA DE VEIC. LTDA;9,10E+12;CAMPINAS;SP;16/09/2026;21/09/2026;16/09/2026;Entregue No Prazo;;Entrega realizada;Entrega Finalizada;21;9;16;9;BV LOG;26011;;;
MOBIS BRASIL FABRICACAO DE AUTO PECAS LT;RODOVIARIO;1577850;16/09/2026;6;362086;16/09/2026;MOTONET COMERCIO DE VEICULOS LTDA;9,28E+12;SOROCABA;SP;16/09/2026;21/09/2026;22/09/2026;Entregue Fora do Prazo;;Entrega realizada;Entrega Finalizada;21;9;16;9;MVT;26113;;;
MOBIS BRASIL FABRICACAO DE AUTO PECAS LT;RODOVIARIO;1577851;16/09/2026;47;362269;16/09/2026;NEW VEICULOS E PECAS LTDA;1,59E+13;RIBEIRAO PRETO;SP;16/09/2026;21/09/2026;17/09/2026;Entregue No Prazo;;Entrega realizada;Entrega Finalizada;21;9;16;9;BV LOG;26014;;;
MOBIS BRASIL FABRICACAO DE AUTO PECAS LT;RODOVIARIO;1577856;16/09/2026;3;362077;16/09/2026;ANDRETA II DISTRIBUIDORA DE VEIC. LTDA;9,10E+12;JUNDIAI;SP;16/09/2026;21/09/2026;18/09/2026;Entregue No Prazo;;Entrega realizada;Entrega Finalizada;21;9;16;9;MVT;26011;;;
MOBIS BRASIL FABRICACAO DE AUTO PECAS LT;RODOVIARIO;1577860;16/09/2026;3;362072;16/09/2026;CAOA MOTOR DO BRASIL LTDA;1,68E+13;CAMPINAS;SP;16/09/2026;21/09/2026;16/09/2026;Entregue No Prazo;;Entrega realizada;Entrega Finalizada;21;9;16;9;BV LOG;5008;;;
MOBIS BRASIL FABRICACAO DE AUTO PECAS LT;RODOVIARIO;1577861;16/09/2026;1;362091;16/09/2026;CAOA MOTOR DO BRASIL LTDA;1,68E+13;TAUBATE;SP;16/09/2026;21/09/2026;17/09/2026;Entregue No Prazo;;Entrega realizada;Entrega Finalizada;21;9;16;9;XD DIADEMA;5008;;;
MOBIS BRASIL FABRICACAO DE AUTO PECAS LT;RODOVIARIO;1577862;16/09/2026;1;362078;16/09/2026;CAOA MOTOR DO BRASIL LTDA;1,68E+13;SAO CARLOS;SP;16/09/2026;21/09/2026;18/09/2026;Entregue No Prazo;;Entrega realizada;Entrega Finalizada;21;9;16;9;MVT;5008;;;
MOBIS BRASIL FABRICACAO DE AUTO PECAS LT;RODOVIARIO;1577863;16/09/2026;2;362079;16/09/2026;DESTAQUE SEUL DISTR. DE VEIC. E PC. LTDA;2,12E+13;BRAGANCA PAULISTA;SP;16/09/2026;21/09/2026;21/09/2026;Entregue No Prazo;;Entrega realizada;Entrega Finalizada;21;9;16;9;MVT;26074;;;
MOBIS BRASIL FABRICACAO DE AUTO PECAS LT;RODOVIARIO;1577864;16/09/2026;16;362073;16/09/2026;DESTAQUE SEUL DISTR. DE VEIC. E PC. LTDA;2,12E+13;ATIBAIA;SP;16/09/2026;21/09/2026;16/09/2026;Entregue No Prazo;;Entrega realizada;Entrega Finalizada;21;9;16;9;BV LOG;26075;;;
MOBIS BRASIL FABRICACAO DE AUTO PECAS LT;RODOVIARIO;1577871;16/09/2026;1;362076;16/09/2026;ANDRETA II DISTRIBUIDORA DE VEIC. LTDA;9,10E+12;VALINHOS;SP;16/09/2026;21/09/2026;18/09/2026;Entregue No Prazo;;Entrega realizada;Entrega Finalizada;21;9;16;9;MVT;26011;;;
MOBIS BRASIL FABRICACAO DE AUTO PECAS LT;RODOVIARIO;1577792;16/09/2026;2;362110;16/09/2026;URCA MOTORS VEICULOS LTDA;8,77E+12;UBERLANDIA;MG;16/09/2026;22/09/2026;21/09/2026;Entregue No Prazo;;Entrega realizada;Entrega Finalizada;22;9;16;9;XD BETIM;9014;;;
MOBIS BRASIL FABRICACAO DE AUTO PECAS LT;RODOVIARIO;1577793;16/09/2026;1;362108;16/09/2026;TOKSU COMERCIO DE VEICULOS LTDA;1,12E+13;JUIZ DE FORA;MG;16/09/2026;22/09/2026;21/09/2026;Entregue No Prazo;;Entrega realizada;Entrega Finalizada;22;9;16;9;XD BETIM;11008;;;
MOBIS BRASIL FABRICACAO DE AUTO PECAS LT;RODOVIARIO;1577795;16/09/2026;1;362107;16/09/2026;TOKSU COMERCIO DE VEICULOS LTDA;1,12E+13;VARGINHA;MG;16/09/2026;22/09/2026;21/09/2026;Entregue No Prazo;;Entrega realizada;Entrega Finalizada;22;9;16;9;XD BETIM;11008;;;
MOBIS BRASIL FABRICACAO DE AUTO PECAS LT;RODOVIARIO;1577796;16/09/2026;1;362112;16/09/2026;VIME POCOS COM. DE VEICULOS E PECAS LTDA;3,43E+13;POCOS DE CALDAS;MG;16/09/2026;22/09/2026;21/09/2026;Entregue No Prazo;;Entrega realizada;Entrega Finalizada;22;9;16;9;XD BETIM;11033;;;
MOBIS BRASIL FABRICACAO DE AUTO PECAS LT;RODOVIARIO;1577813;16/09/2026;2;362124;16/09/2026;LOVAT VEICULOS S/A;8,57E+12;LONDRINA;PR;16/09/2026;22/09/2026;21/09/2026;Entregue No Prazo;;Entrega realizada;Entrega Finalizada;22;9;16;9;TRANSTRY;18008;;;
MOBIS BRASIL FABRICACAO DE AUTO PECAS LT;RODOVIARIO;1577814;16/09/2026;2;362125;16/09/2026;LOVAT VEICULOS S/A;8,57E+12;MARINGA;PR;16/09/2026;22/09/2026;22/09/2026;Entregue No Prazo;;Entrega realizada;Entrega Finalizada;22;9;16;9;TRANSTRY;18008;;;
MOBIS BRASIL FABRICACAO DE AUTO PECAS LT;RODOVIARIO;1577816;16/09/2026;1;362130;16/09/2026;VETOR AUTOMOVEIS LTDA;2,12E+13;CASCAVEL;PR;16/09/2026;22/09/2026;18/09/2026;Entregue No Prazo;;Entrega realizada;Entrega Finalizada;22;9;16;9;TRANSTRY;18019;;;
MOBIS BRASIL FABRICACAO DE AUTO PECAS LT;RODOVIARIO;1577817;16/09/2026;2;362130;16/09/2026;VETOR AUTOMOVEIS LTDA;2,12E+13;CASCAVEL;PR;16/09/2026;22/09/2026;18/09/2026;Entregue No Prazo;;Entrega realizada;Entrega Finalizada;22;9;16;9;TRANSTRY;18019;;;
MOBIS BRASIL FABRICACAO DE AUTO PECAS LT;RODOVIARIO;1577818;16/09/2026;1;362115;16/09/2026;BARI VEICULOS LTDA;7,46E+12;PONTA GROSSA;PR;16/09/2026;22/09/2026;18/09/2026;Entregue No Prazo;;Entrega realizada;Entrega Finalizada;22;9;16;9;TRANSTRY;18024;;;
MOBIS BRASIL FABRICACAO DE AUTO PECAS LT;RODOVIARIO;1577819;16/09/2026;2;362115;16/09/2026;BARI VEICULOS LTDA;7,46E+12;PONTA GROSSA;PR;16/09/2026;22/09/2026;18/09/2026;Entregue No Prazo;;Entrega realizada;Entrega Finalizada;22;9;16;9;TRANSTRY;18024;;;
MOBIS BRASIL FABRICACAO DE AUTO PECAS LT;RODOVIARIO;1577821;16/09/2026;2;362128;16/09/2026;VETOR AUTOMOVEIS LTDA;2,12E+13;UMUARAMA;PR;16/09/2026;22/09/2026;21/09/2026;Entregue No Prazo;;Entrega realizada;Entrega Finalizada;22;9;16;9;TRANSTRY;18019;;;
MOBIS BRASIL FABRICACAO DE AUTO PECAS LT;RODOVIARIO;1577824;16/09/2026;1;362132;16/09/2026;AMX COM. E SERVICOS DE AUTOMOTORES LTDA;1,20E+13;RIO DE JANEIRO;RJ;16/09/2026;22/09/2026;18/09/2026;Entregue No Prazo;;Entrega realizada;Entrega Finalizada;22;9;16;9;CAMILO;19009;;;
MOBIS BRASIL FABRICACAO DE AUTO PECAS LT;RODOVIARIO;1577825;16/09/2026;4;362136;16/09/2026;CAOA MOTOR DO BRASIL LTDA;1,68E+13;RIO DE JANEIRO;RJ;16/09/2026;22/09/2026;21/09/2026;Entregue No Prazo;;Entrega realizada;Entrega Finalizada;22;9;16;9;CAMILO;5008;;;
MOBIS BRASIL FABRICACAO DE AUTO PECAS LT;RODOVIARIO;1577826;16/09/2026;10;362142;16/09/2026;ITAVEMA MOTORS VEICULOS LTDA;7,73E+12;RIO DE JANEIRO;RJ;16/09/2026;22/09/2026;18/09/2026;Entregue No Prazo;;Entrega realizada;Entrega Finalizada;22;9;16;9;CAMILO;19001;;;
MOBIS BRASIL FABRICACAO DE AUTO PECAS LT;RODOVIARIO;1577828;16/09/2026;3;362137;16/09/2026;CAOA MOTOR DO BRASIL LTDA;1,68E+13;RIO DE JANEIRO;RJ;16/09/2026;22/09/2026;18/09/2026;Entregue No Prazo;;Entrega realizada;Entrega Finalizada;22;9;16;9;CAMILO;5008;;;
MOBIS BRASIL FABRICACAO DE AUTO PECAS LT;RODOVIARIO;1577830;16/09/2026;1;362138;16/09/2026;CAOA MOTOR DO BRASIL LTDA;1,68E+13;RIO DE JANEIRO;RJ;16/09/2026;22/09/2026;18/09/2026;Entregue No Prazo;;Entrega realizada;Entrega Finalizada;22;9;16;9;CAMILO;5008;;;
MOBIS BRASIL FABRICACAO DE AUTO PECAS LT;RODOVIARIO;1577833;16/09/2026;1;362119;16/09/2026;CARWAY SUL VEICULOS LTDA;1,03E+13;CANOAS;RS;16/09/2026;22/09/2026;22/09/2026;Entregue No Prazo;;Entrega realizada;Entrega Finalizada;22;9;16;9;TRANSTRY;23003;;;
MOBIS BRASIL FABRICACAO DE AUTO PECAS LT;RODOVIARIO;1577834;16/09/2026;44;362119;16/09/2026;CARWAY SUL VEICULOS LTDA;1,03E+13;CANOAS;RS;16/09/2026;22/09/2026;22/09/2026;Entregue No Prazo;;Entrega realizada;Entrega Finalizada;22;9;16;9;TRANSTRY;23003;;;
MOBIS BRASIL FABRICACAO DE AUTO PECAS LT;RODOVIARIO;1577841;16/09/2026;1;362117;16/09/2026;BARI VEICULOS LTDA.;7,46E+12;ITAJAI;SC;16/09/2026;22/09/2026;21/09/2026;Entregue No Prazo;;Entrega realizada;Entrega Finalizada;22;9;16;9;TRANSTRY;24014;;;
MOBIS BRASIL FABRICACAO DE AUTO PECAS LT;RODOVIARIO;1577845;16/09/2026;2;362085;16/09/2026;HYMAX DISTRIBUIDORA DE VEICULOS LTDA;1,73E+13;MOGI GUACU;SP;16/09/2026;22/09/2026;23/09/2026;Entregue Fora do Prazo;;Entrega realizada;Entrega Finalizada;22;9;16;9;MVT;26002;;;
MOBIS BRASIL FABRICACAO DE AUTO PECAS LT;RODOVIARIO;1577865;16/09/2026;1;362083;16/09/2026;DHC COMERCIO DE VEICULOS E PECAS LTDA;9,52E+12;BOTUCATU;SP;16/09/2026;22/09/2026;17/09/2026;Entregue No Prazo;;Entrega realizada;Entrega Finalizada;22;9;16;9;MVT;26010;;;
MOBIS BRASIL FABRICACAO DE AUTO PECAS LT;RODOVIARIO;1577866;16/09/2026;5;362080;16/09/2026;DESTAQUE SEUL DISTR DE VEIC PEC LTDA;2,12E+13;CARAGUATATUBA;SP;16/09/2026;22/09/2026;21/09/2026;Entregue No Prazo;;Entrega realizada;Entrega Finalizada;22;9;16;9;MVT;26082;;;
MOBIS BRASIL FABRICACAO DE AUTO PECAS LT;RODOVIARIO;1577869;16/09/2026;1;362084;16/09/2026;H - CAMINHO AUTOMOVEIS LTDA;2,53E+13;PIRACICABA;SP;16/09/2026;22/09/2026;17/09/2026;Entregue No Prazo;;Entrega realizada;Entrega Finalizada;22;9;16;9;MVT;26092;;;
MOBIS BRASIL FABRICACAO DE AUTO PECAS LT;RODOVIARIO;1577870;16/09/2026;1;362081;16/09/2026;DHC COMERCIO DE VEICULOS E PECAS LTDA;9,52E+12;OURINHOS;SP;16/09/2026;22/09/2026;17/09/2026;Entregue No Prazo;;Entrega realizada;Entrega Finalizada;22;9;16;9;MVT;26010;;;
MOBIS BRASIL FABRICACAO DE AUTO PECAS LT;RODOVIARIO;1577873;16/09/2026;1;362087;16/09/2026;VIME SAO JOAO COM. DE VEIC. E PECAS LTDA;5,10E+13;SAO JOAO DA BOA VISTA;SP;16/09/2026;22/09/2026;17/09/2026;Entregue No Prazo;;Entrega realizada;Entrega Finalizada;22;9;16;9;MVT;26107;;;
MOBIS BRASIL FABRICACAO DE AUTO PECAS LT;RODOVIARIO;1577785;16/09/2026;10;362157;16/09/2026;VIA BRASIL AUTOMOVEIS LTDA.;4,72E+12;SERRA;ES;16/09/2026;23/09/2026;22/09/2026;Entregue No Prazo;;Entrega realizada;Entrega Finalizada;23;9;16;9;CAMILO;8001;;;
MOBIS BRASIL FABRICACAO DE AUTO PECAS LT;RODOVIARIO;1577786;16/09/2026;4;362154;16/09/2026;TAI MOTORS VEICULOS S/A;9,27E+12;VITORIA;ES;16/09/2026;23/09/2026;22/09/2026;Entregue No Prazo;;Entrega realizada;Entrega Finalizada;23;9;16;9;CAMILO;8002;;;
MOBIS BRASIL FABRICACAO DE AUTO PECAS LT;RODOVIARIO;1577797;16/09/2026;2;362099;16/09/2026;GNC GRANDE COREIA MINAS GERAIS COMERCIO;4,27E+13;MONTES CLAROS;MG;16/09/2026;23/09/2026;18/09/2026;Entregue No Prazo;;Entrega realizada;Entrega Finalizada;23;9;16;9;XD BETIM;11035;;;
MOBIS BRASIL FABRICACAO DE AUTO PECAS LT;RODOVIARIO;1577800;16/09/2026;1;362106;16/09/2026;TECAR TRILHAS AUTOMOVEIS E SERVICOS LTDA;2,32E+13;DIVINOPOLIS;MG;16/09/2026;23/09/2026;18/09/2026;Entregue No Prazo;;Entrega realizada;Entrega Finalizada;23;9;16;9;XD BETIM;11039;;;
MOBIS BRASIL FABRICACAO DE AUTO PECAS LT;RODOVIARIO;1577815;16/09/2026;2;362131;16/09/2026;ZENDAI VEICULOS LTDA;1,97E+13;TOLEDO;PR;16/09/2026;23/09/2026;18/09/2026;Entregue No Prazo;;Entrega realizada;Entrega Finalizada;23;9;16;9;TRANSTRY;18016;;;
MOBIS BRASIL FABRICACAO DE AUTO PECAS LT;RODOVIARIO;1577820;16/09/2026;2;362129;16/09/2026;VETOR AUTOMOVEIS LTDA;2,12E+13;FOZ DO IGUACU;PR;16/09/2026;23/09/2026;18/09/2026;Entregue No Prazo;;Entrega realizada;Entrega Finalizada;23;9;16;9;TRANSTRY;18019;;;
MOBIS BRASIL FABRICACAO DE AUTO PECAS LT;RODOVIARIO;1577827;16/09/2026;1;362159;16/09/2026;VIA VR VEICULOS LTDA;1,73E+13;PETROPOLIS;RJ;16/09/2026;23/09/2026;18/09/2026;Entregue No Prazo;;Entrega realizada;Entrega Finalizada;23;9;16;9;CAMILO;19016;;;
MOBIS BRASIL FABRICACAO DE AUTO PECAS LT;RODOVIARIO;1577829;16/09/2026;1;362144;16/09/2026;MONTREAL VEICULOS E PECAS LTDA;1,68E+13;SAO PEDRO DA ALDEIA;RJ;16/09/2026;23/09/2026;21/09/2026;Entregue No Prazo;;Entrega realizada;Entrega Finalizada;23;9;16;9;CAMILO;19030;;;
MOBIS BRASIL FABRICACAO DE AUTO PECAS LT;RODOVIARIO;1577836;16/09/2026;5;362113;16/09/2026;ATUAL VEICULOS LTDA;1,33E+13;CRICIUMA;SC;16/09/2026;23/09/2026;21/09/2026;Entregue No Prazo;;Entrega realizada;Entrega Finalizada;23;9;16;9;TRANSTRY;24001;;;
MOBIS BRASIL FABRICACAO DE AUTO PECAS LT;RODOVIARIO;1577837;16/09/2026;1;362127;16/09/2026;LS COMERCIO DE AUTOMOVEIS LTDA.;1,03E+13;BRUSQUE;SC;16/09/2026;23/09/2026;18/09/2026;Entregue No Prazo;;Entrega realizada;Entrega Finalizada;23;9;16;9;TRANSTRY;24006;;;
MOBIS BRASIL FABRICACAO DE AUTO PECAS LT;RODOVIARIO;1577838;16/09/2026;23;362126;16/09/2026;LR COMERCIO DE VEICULOS LTDA;1,05E+13;SAO JOSE;SC;16/09/2026;23/09/2026;18/09/2026;Entregue No Prazo;;Entrega realizada;Entrega Finalizada;23;9;16;9;TRANSTRY;24007;;;
MOBIS BRASIL FABRICACAO DE AUTO PECAS LT;RODOVIARIO;1577839;16/09/2026;1;362114;16/09/2026;BARI VEICULOS LTDA;7,46E+12;BLUMENAU;SC;16/09/2026;23/09/2026;21/09/2026;Entregue No Prazo;;Entrega realizada;Entrega Finalizada;23;9;16;9;TRANSTRY;18024;;;
MOBIS BRASIL FABRICACAO DE AUTO PECAS LT;RODOVIARIO;1577840;16/09/2026;24;362114;16/09/2026;BARI VEICULOS LTDA;7,46E+12;BLUMENAU;SC;16/09/2026;23/09/2026;21/09/2026;Entregue No Prazo;;Entrega realizada;Entrega Finalizada;23;9;16;9;TRANSTRY;18024;;;
MOBIS BRASIL FABRICACAO DE AUTO PECAS LT;RODOVIARIO;1577842;16/09/2026;3;362123;16/09/2026;GAMBATTO H1 VEICULOS LTDA;1,94E+13;CHAPECO;SC;16/09/2026;23/09/2026;18/09/2026;Entregue No Prazo;;Entrega realizada;Entrega Finalizada;23;9;16;9;TRANSTRY;24018;;;
MOBIS BRASIL FABRICACAO DE AUTO PECAS LT;RODOVIARIO;1577784;16/09/2026;2;362103;16/09/2026;SAGA KOREA COM. DE VEIC. E PC. LTDA;1,27E+13;BRASILIA;DF;16/09/2026;24/09/2026;22/09/2026;Entregue No Prazo;;Entrega realizada;Entrega Finalizada;24;9;16;9;RIO VERMELHO;7005;;;
MOBIS BRASIL FABRICACAO DE AUTO PECAS LT;RODOVIARIO;1577787;16/09/2026;1;362102;16/09/2026;SAGA KOREA COM. DE VEIC. E PC. LTDA;1,27E+13;GOIANIA;GO;16/09/2026;24/09/2026;25/09/2026;Entregue Fora do Prazo;;Entrega realizada;Entrega Finalizada;24;9;16;9;RIO VERMELHO;9011;;;
MOBIS BRASIL FABRICACAO DE AUTO PECAS LT;RODOVIARIO;1577801;16/09/2026;2;362140;16/09/2026;GOLDEN MOTORS VEICULOS LTDA;3,62E+12;DOURADOS;MS;16/09/2026;24/09/2026;22/09/2026;Entregue No Prazo;;Entrega realizada;Entrega Finalizada;24;9;16;9;CARVALIMA;12001;;;
MOBIS BRASIL FABRICACAO DE AUTO PECAS LT;RODOVIARIO;1577802;16/09/2026;1;362155;16/09/2026;ULSAN COMERCIO DE VEICULOS LTDA.;2,10E+13;CAMPO GRANDE;MS;16/09/2026;24/09/2026;18/09/2026;Entregue No Prazo;;Entrega realizada;Entrega Finalizada;24;9;16;9;CARVALIMA;12004;;;
MOBIS BRASIL FABRICACAO DE AUTO PECAS LT;RODOVIARIO;1577803;16/09/2026;4;362155;16/09/2026;ULSAN COMERCIO DE VEICULOS LTDA.;2,10E+13;CAMPO GRANDE;MS;16/09/2026;24/09/2026;18/09/2026;Entregue No Prazo;;Entrega realizada;Entrega Finalizada;24;9;16;9;CARVALIMA;12004;;;
MOBIS BRASIL FABRICACAO DE AUTO PECAS LT;RODOVIARIO;1577835;16/09/2026;5;362120;16/09/2026;CHINHAN AUTOMOVEIS LTDA;2,41E+13;ERECHIM;RS;16/09/2026;24/09/2026;21/09/2026;Entregue No Prazo;;Entrega realizada;Entrega Finalizada;24;9;16;9;TRANSTRY;23019;;;
MOBIS BRASIL FABRICACAO DE AUTO PECAS LT;RODOVIARIO;1577843;16/09/2026;5;362121;16/09/2026;CHINHAN AUTOMOVEIS LTDA;2,41E+13;CONCORDIA;SC;16/09/2026;24/09/2026;21/09/2026;Entregue No Prazo;;Entrega realizada;Entrega Finalizada;24;9;16;9;TRANSTRY;23019;;;
MOBIS BRASIL FABRICACAO DE AUTO PECAS LT;RODOVIARIO;1577881;16/09/2026;14;362104;16/09/2026;SMAFF IMPORT VEICULOS LTDA;8,18E+12;BRASILIA;DF;16/09/2026;24/09/2026;22/09/2026;Entregue No Prazo;;Entrega realizada;Entrega Finalizada;24;9;16;9;RIO VERMELHO;7002;;;
MOBIS BRASIL FABRICACAO DE AUTO PECAS LT;RODOVIARIO;1577804;16/09/2026;1;362151;16/09/2026;SAGA ASIA COM. DE VEIC.PC.E SERV. LTDA;2,23E+13;VARZEA GRANDE;MT;16/09/2026;25/09/2026;22/09/2026;Entregue No Prazo;;Entrega realizada;Entrega Finalizada;25;9;16;9;CARVALIMA;13004;;;
MOBIS BRASIL FABRICACAO DE AUTO PECAS LT;RODOVIARIO;1577844;16/09/2026;3;362122;16/09/2026;CHINHAN AUTOMOVEIS LTDA.;2,41E+13;CACADOR;SC;16/09/2026;25/09/2026;21/09/2026;Entregue No Prazo;;Entrega realizada;Entrega Finalizada;25;9;16;9;TRANSTRY;24020;;;
MOBIS BRASIL FABRICACAO DE AUTO PECAS LT;RODOVIARIO;1577778;16/09/2026;2;362148;16/09/2026;PATEO COMERCIO DE VEICULOS S A;7,78E+12;SALVADOR;BA;16/09/2026;28/09/2026;22/09/2026;Entregue No Prazo;;Entrega realizada;Entrega Finalizada;28;9;16;9;TERMACO;5003;;;
MOBIS BRASIL FABRICACAO DE AUTO PECAS LT;RODOVIARIO;1577779;16/09/2026;4;362148;16/09/2026;PATEO COMERCIO DE VEICULOS S A;7,78E+12;SALVADOR;BA;16/09/2026;28/09/2026;22/09/2026;Entregue No Prazo;;Entrega realizada;Entrega Finalizada;28;9;16;9;TERMACO;5003;;;
MOBIS BRASIL FABRICACAO DE AUTO PECAS LT;RODOVIARIO;1577788;16/09/2026;2;362111;16/09/2026;URCA MOTORS VEICULOS LTDA;8,77E+12;ITUMBIARA;GO;16/09/2026;28/09/2026;;Pendente Fora;;28/09 Em transferencia para a cidade de destino;Entrega Pendente;28;9;16;9;RIO VERMELHO;9014;;;
MOBIS BRASIL FABRICACAO DE AUTO PECAS LT;RODOVIARIO;1577805;16/09/2026;4;362156;16/09/2026;UNIQUE COMERCIO DE AUTOMOVEIS LTDA;1,74E+13;ANANINDEUA;PA;16/09/2026;29/09/2026;22/09/2026;Entregue No Prazo;;Entrega realizada;Entrega Finalizada;29;9;16;9;CARVALIMA;14003;;;
MOBIS BRASIL FABRICACAO DE AUTO PECAS LT;RODOVIARIO;1577806;16/09/2026;1;362135;16/09/2026;CAOA MOTOR DO BRASIL LTDA;1,68E+13;BELEM;PA;16/09/2026;29/09/2026;22/09/2026;Entregue No Prazo;;Entrega realizada;Entrega Finalizada;29;9;16;9;CARVALIMA;5008;;;
MOBIS BRASIL FABRICACAO DE AUTO PECAS LT;RODOVIARIO;1577777;16/09/2026;3;362139;16/09/2026;CYCOSA AUTOMOVEIS LTDA;4,76E+12;MACEIO;AL;16/09/2026;30/09/2026;23/09/2026;Entregue No Prazo;;Entrega realizada;Entrega Finalizada;30;9;16;9;TERMACO;2001;;;
MOBIS BRASIL FABRICACAO DE AUTO PECAS LT;RODOVIARIO;1577782;16/09/2026;10;362133;16/09/2026;CAOA MOTOR DO BRASIL LTDA;1,68E+13;FORTALEZA;CE;16/09/2026;30/09/2026;25/09/2026;Entregue No Prazo;;Entrega realizada;Entrega Finalizada;30;9;16;9;TERMACO;5008;;;
MOBIS BRASIL FABRICACAO DE AUTO PECAS LT;RODOVIARIO;1577789;16/09/2026;1;362101;16/09/2026;NASA MOTORS LTDA.;2,65E+13;SAO LUIS DE MONTES BELOS;GO;16/09/2026;30/09/2026;;Pendente Fora;;28/09 Em transferencia para a cidade de destino;Entrega Pendente;30;9;16;9;RIO VERMELHO;9016;;;
MOBIS BRASIL FABRICACAO DE AUTO PECAS LT;RODOVIARIO;1577790;16/09/2026;2;362109;16/09/2026;TRIAUTO KOREA AUTOMOVEIS LTDA;4,99E+13;CATALAO;GO;16/09/2026;30/09/2026;;Pendente Fora;;28/09 Em transferencia para a cidade de destino;Entrega Pendente;30;9;16;9;RIO VERMELHO;9018;;;
MOBIS BRASIL FABRICACAO DE AUTO PECAS LT;RODOVIARIO;1577807;16/09/2026;2;362145;16/09/2026;NACIONAL NOVA MARABA DIST DE VEIC. LTDA;1,70E+13;MARABA;PA;16/09/2026;30/09/2026;22/09/2026;Entregue No Prazo;;Entrega realizada;Entrega Finalizada;30;9;16;9;CARVALIMA;14005;;;
MOBIS BRASIL FABRICACAO DE AUTO PECAS LT;RODOVIARIO;1577780;16/09/2026;3;362147;16/09/2026;ORVEL AUTOMOTOR HYD LTDA;2,52E+13;TEIXEIRA DE FREITAS;BA;16/09/2026;01/10/2026;25/09/2026;Entregue No Prazo;;Entrega realizada;Entrega Finalizada;1;10;16;9;TERMACO;5011;;;
MOBIS BRASIL FABRICACAO DE AUTO PECAS LT;RODOVIARIO;1577791;16/09/2026;1;362150;16/09/2026;PATEO COMERCIO DE VEICULOS S A;7,78E+12;SAO LUIS;MA;16/09/2026;01/10/2026;28/09/2026;Entregue No Prazo;;Entrega realizada;Entrega Finalizada;1;10;16;9;TERMACO;10002;;;
MOBIS BRASIL FABRICACAO DE AUTO PECAS LT;RODOVIARIO;1577811;16/09/2026;1;362149;16/09/2026;PATEO COMERCIO DE VEICULOS S A;7,78E+12;RECIFE;PE;16/09/2026;01/10/2026;28/09/2026;Entregue No Prazo;;Entrega realizada;Entrega Finalizada;1;10;16;9;TERMACO;16004;;;
MOBIS BRASIL FABRICACAO DE AUTO PECAS LT;RODOVIARIO;1577831;16/09/2026;4;362153;16/09/2026;SAINT LAND COMERCIO DE VEICULOS LTDA;1,04E+13;NATAL;RN;16/09/2026;01/10/2026;28/09/2026;Entregue No Prazo;;Entrega realizada;Entrega Finalizada;1;10;16;9;TERMACO;6010;;;
MOBIS BRASIL FABRICACAO DE AUTO PECAS LT;RODOVIARIO;1577832;16/09/2026;7;362153;16/09/2026;SAINT LAND COMERCIO DE VEICULOS LTDA;1,04E+13;NATAL;RN;16/09/2026;01/10/2026;28/09/2026;Entregue No Prazo;;Entrega realizada;Entrega Finalizada;1;10;16;9;TERMACO;6010;;;
MOBIS BRASIL FABRICACAO DE AUTO PECAS LT;RODOVIARIO;1577781;16/09/2026;1;362158;16/09/2026;VIA NORTE COM. E IMPORT. DE VEIC. LTDA;1,25E+13;SOBRAL;CE;16/09/2026;02/10/2026;25/09/2026;Entregue No Prazo;;Entrega realizada;Entrega Finalizada;2;10;16;9;TERMACO;6002;;;
MOBIS BRASIL FABRICACAO DE AUTO PECAS LT;RODOVIARIO;1577783;16/09/2026;7;362152;16/09/2026;SAINT LAND COMERCIO DE VEICULOS LTDA;1,04E+13;JUAZEIRO DO NORTE;CE;16/09/2026;02/10/2026;28/09/2026;Entregue No Prazo;;Entrega realizada;Entrega Finalizada;2;10;16;9;TERMACO;6010;;;
MOBIS BRASIL FABRICACAO DE AUTO PECAS LT;RODOVIARIO;1577808;16/09/2026;1;362146;16/09/2026;NACIONAL NOVA MARABA DIST DE VEIC. LTDA;1,70E+13;PARAUAPEBAS;PA;16/09/2026;02/10/2026;22/09/2026;Entregue No Prazo;;Entrega realizada;Entrega Finalizada;2;10;16;9;CARVALIMA;14010;;;
MOBIS BRASIL FABRICACAO DE AUTO PECAS LT;RODOVIARIO;1577809;16/09/2026;2;362134;16/09/2026;CAOA MOTOR DO BRASIL LTDA;1,68E+13;CAMPINA GRANDE;PB;16/09/2026;02/10/2026;24/09/2026;Entregue No Prazo;;Entrega realizada;Entrega Finalizada;2;10;16;9;TERMACO;5008;;;
MOBIS BRASIL FABRICACAO DE AUTO PECAS LT;RODOVIARIO;1577810;16/09/2026;1;362143;16/09/2026;JPN PATOS COMERCIO DE VEICULOS LTDA;4,20E+13;PATOS;PB;16/09/2026;02/10/2026;25/09/2026;Entregue No Prazo;;Entrega realizada;Entrega Finalizada;2;10;16;9;TERMACO;15004;;;
MOBIS BRASIL FABRICACAO DE AUTO PECAS LT;RODOVIARIO;1577812;16/09/2026;6;362141;16/09/2026;GREEN CITY VEICULOS LTDA;2,10E+13;TERESINA;PI;16/09/2026;02/10/2026;28/09/2026;Entregue No Prazo;;Entrega realizada;Entrega Finalizada;2;10;16;9;TERMACO;17002;;;
MOBIS BRASIL FABRICACAO DE AUTO PECAS LT;RODOVIARIO;1577846;16/09/2026;12;362333;17/09/2026;NOBRE DISTRIBUIDORA DE VEICULOS E PECAS;5,76E+12;MOGI DAS CRUZES;SP;17/09/2026;21/09/2026;17/09/2026;Entregue No Prazo;;Entrega realizada;Entrega Finalizada;21;9;17;9;BV LOG;26004;;;
MOBIS BRASIL FABRICACAO DE AUTO PECAS LT;RODOVIARIO;1577847;16/09/2026;9;362332;17/09/2026;GRAND SPORT COM. DE VEIC. E PECAS LTDA;8,58E+12;GUARULHOS;SP;17/09/2026;21/09/2026;17/09/2026;Entregue No Prazo;;Entrega realizada;Entrega Finalizada;21;9;17;9;BV LOG;26005;;;
MOBIS BRASIL FABRICACAO DE AUTO PECAS LT;RODOVIARIO;1577858;16/09/2026;17;362331;17/09/2026;CHS MOTORS VEICULOS PECAS(VL. GUILHERME);1,69E+13;SAO PAULO;SP;17/09/2026;21/09/2026;17/09/2026;Entregue No Prazo;;Entrega realizada;Entrega Finalizada;21;9;17;9;BV LOG;26052;;;
MOBIS BRASIL FABRICACAO DE AUTO PECAS LT;RODOVIARIO;1578813;17/09/2026;4;362349;17/09/2026;BILLY DISTRIBUIDORA DE VEICULOS LTDA;1,34E+13;BARUERI;SP;17/09/2026;21/09/2026;18/09/2026;Entregue No Prazo;;Entrega realizada;Entrega Finalizada;21;9;17;9;XD DIADEMA;26003;;;
MOBIS BRASIL FABRICACAO DE AUTO PECAS LT;RODOVIARIO;1578814;17/09/2026;4;362356;17/09/2026;GRAND SPORT COM. DE VEIC. E PECAS LTDA;8,58E+12;GUARULHOS;SP;17/09/2026;21/09/2026;18/09/2026;Entregue No Prazo;;Entrega realizada;Entrega Finalizada;21;9;17;9;XD DIADEMA;26005;;;
MOBIS BRASIL FABRICACAO DE AUTO PECAS LT;RODOVIARIO;1578819;17/09/2026;2;362355;17/09/2026;GRAND SPORT COM. DE VEIC. E PECAS LTDA;8,58E+12;SAO PAULO;SP;17/09/2026;21/09/2026;18/09/2026;Entregue No Prazo;;Entrega realizada;Entrega Finalizada;21;9;17;9;XD DIADEMA;26034;;;
MOBIS BRASIL FABRICACAO DE AUTO PECAS LT;RODOVIARIO;1578827;17/09/2026;1;362359;17/09/2026;NOBRE SP DISTRIB. DE VEIC. E PEC. LTDA;1,70E+13;SAO PAULO;SP;17/09/2026;21/09/2026;18/09/2026;Entregue No Prazo;;Entrega realizada;Entrega Finalizada;21;9;17;9;XD DIADEMA;26081;;;
MOBIS BRASIL FABRICACAO DE AUTO PECAS LT;RODOVIARIO;1578829;17/09/2026;1;362351;17/09/2026;CAOA MOTOR DO BRASIL LTDA(NACOES UNIDAS);1,68E+13;SAO PAULO;SP;17/09/2026;21/09/2026;18/09/2026;Entregue No Prazo;;Entrega realizada;Entrega Finalizada;21;9;17;9;XD DIADEMA;26087;;;
MOBIS BRASIL FABRICACAO DE AUTO PECAS LT;RODOVIARIO;1578833;17/09/2026;6;362353;17/09/2026;CHS MOTORS VEICULOS PECAS E SERV. LTDA;1,69E+13;OSASCO;SP;17/09/2026;21/09/2026;18/09/2026;Entregue No Prazo;;Entrega realizada;Entrega Finalizada;21;9;17;9;XD DIADEMA;26106;;;
MOBIS BRASIL FABRICACAO DE AUTO PECAS LT;RODOVIARIO;1578771;17/09/2026;15;362363;17/09/2026;TAI MOTORS VEICULOS S/A;9,27E+12;BELO HORIZONTE;MG;17/09/2026;22/09/2026;21/09/2026;Entregue No Prazo;;Entrega realizada;Entrega Finalizada;22;9;17;9;XD BETIM;8002;;;
MOBIS BRASIL FABRICACAO DE AUTO PECAS LT;RODOVIARIO;1578772;17/09/2026;24;362352;17/09/2026;CARBEL KOREA VEICULOS LTDA;2,07E+13;BELO HORIZONTE;MG;17/09/2026;22/09/2026;21/09/2026;Entregue No Prazo;;Entrega realizada;Entrega Finalizada;22;9;17;9;XD BETIM;11021;;;
MOBIS BRASIL FABRICACAO DE AUTO PECAS LT;RODOVIARIO;1578774;17/09/2026;18;362348;17/09/2026;BDG AUTOVILLE VEICULOS LTDA;4,77E+13;CONTAGEM;MG;17/09/2026;22/09/2026;21/09/2026;Entregue No Prazo;;Entrega realizada;Entrega Finalizada;22;9;17;9;XD BETIM;11037;;;
MOBIS BRASIL FABRICACAO DE AUTO PECAS LT;RODOVIARIO;1578788;17/09/2026;6;362410;17/09/2026;SEVEC VEICULOS LTDA;5,68E+11;CURITIBA;PR;17/09/2026;22/09/2026;21/09/2026;Entregue No Prazo;;Entrega realizada;Entrega Finalizada;22;9;17;9;TRANSTRY;18012;;;
MOBIS BRASIL FABRICACAO DE AUTO PECAS LT;RODOVIARIO;1578790;17/09/2026;1;362401;17/09/2026;BARI VEICULOS LTDA.;7,46E+12;CURITIBA;PR;17/09/2026;22/09/2026;18/09/2026;Entregue No Prazo;;Entrega realizada;Entrega Finalizada;22;9;17;9;TRANSTRY;18029;;;
MOBIS BRASIL FABRICACAO DE AUTO PECAS LT;RODOVIARIO;1578791;17/09/2026;4;362400;17/09/2026;BARI VEICULOS LTDA;7,46E+12;CURITIBA;PR;17/09/2026;22/09/2026;18/09/2026;Entregue No Prazo;;Entrega realizada;Entrega Finalizada;22;9;17;9;TRANSTRY;18024;;;
MOBIS BRASIL FABRICACAO DE AUTO PECAS LT;RODOVIARIO;1578815;17/09/2026;1;362343;17/09/2026;DHC COMERCIO DE VEICULOS E PECAS LTDA;9,52E+12;BAURU;SP;17/09/2026;22/09/2026;21/09/2026;Entregue No Prazo;;Entrega realizada;Entrega Finalizada;22;9;17;9;MVT;26010;;;
MOBIS BRASIL FABRICACAO DE AUTO PECAS LT;RODOVIARIO;1578816;17/09/2026;3;362343;17/09/2026;DHC COMERCIO DE VEICULOS E PECAS LTDA;9,52E+12;BAURU;SP;17/09/2026;22/09/2026;21/09/2026;Entregue No Prazo;;Entrega realizada;Entrega Finalizada;22;9;17;9;MVT;26010;;;
MOBIS BRASIL FABRICACAO DE AUTO PECAS LT;RODOVIARIO;1578823;17/09/2026;2;362340;17/09/2026;ANDRETA II DISTRIBUIDORA DE VEIC. LTDA;9,10E+12;INDAIATUBA;SP;17/09/2026;22/09/2026;18/09/2026;Entregue No Prazo;;Entrega realizada;Entrega Finalizada;22;9;17;9;MVT;26011;;;
MOBIS BRASIL FABRICACAO DE AUTO PECAS LT;RODOVIARIO;1578824;17/09/2026;5;362339;17/09/2026;ANDRETA II DISTRIBUIDORA DE VEIC. LTDA;9,10E+12;AMERICANA;SP;17/09/2026;22/09/2026;18/09/2026;Entregue No Prazo;;Entrega realizada;Entrega Finalizada;22;9;17;9;MVT;26011;;;
MOBIS BRASIL FABRICACAO DE AUTO PECAS LT;RODOVIARIO;1578826;17/09/2026;1;362342;17/09/2026;CAOA MOTOR DO BRASIL LTDA;1,68E+13;SAO JOSE DOS CAMPOS;SP;17/09/2026;22/09/2026;18/09/2026;Entregue No Prazo;;Entrega realizada;Entrega Finalizada;22;9;17;9;MVT;5008;;;
MOBIS BRASIL FABRICACAO DE AUTO PECAS LT;RODOVIARIO;1578828;17/09/2026;2;362350;17/09/2026;CAOA MOTOR DO BRASIL LTDA;1,68E+13;SANTOS;SP;17/09/2026;22/09/2026;18/09/2026;Entregue No Prazo;;Entrega realizada;Entrega Finalizada;22;9;17;9;XD DIADEMA;5008;;;
MOBIS BRASIL FABRICACAO DE AUTO PECAS LT;RODOVIARIO;1578768;17/09/2026;9;362365;17/09/2026;URCA MOTORS VEICULOS LTDA;8,77E+12;UBERLANDIA;MG;17/09/2026;23/09/2026;21/09/2026;Entregue No Prazo;;Entrega realizada;Entrega Finalizada;23;9;17;9;XD BETIM;9014;;;
MOBIS BRASIL FABRICACAO DE AUTO PECAS LT;RODOVIARIO;1578769;17/09/2026;7;362364;17/09/2026;TOKSU COMERCIO DE VEICULOS LTDA;1,12E+13;JUIZ DE FORA;MG;17/09/2026;23/09/2026;21/09/2026;Entregue No Prazo;;Entrega realizada;Entrega Finalizada;23;9;17;9;XD BETIM;11008;;;
MOBIS BRASIL FABRICACAO DE AUTO PECAS LT;RODOVIARIO;1578785;17/09/2026;2;362406;17/09/2026;LOVAT VEICULOS S/A;8,57E+12;LONDRINA;PR;17/09/2026;23/09/2026;21/09/2026;Entregue No Prazo;;Entrega realizada;Entrega Finalizada;23;9;17;9;TRANSTRY;18008;;;
MOBIS BRASIL FABRICACAO DE AUTO PECAS LT;RODOVIARIO;1578786;17/09/2026;2;362407;17/09/2026;LOVAT VEICULOS S/A;8,57E+12;MARINGA;PR;17/09/2026;23/09/2026;22/09/2026;Entregue No Prazo;;Entrega realizada;Entrega Finalizada;23;9;17;9;TRANSTRY;18008;;;
MOBIS BRASIL FABRICACAO DE AUTO PECAS LT;RODOVIARIO;1578789;17/09/2026;2;362398;17/09/2026;BARI VEICULOS LTDA;7,46E+12;PONTA GROSSA;PR;17/09/2026;23/09/2026;21/09/2026;Entregue No Prazo;;Entrega realizada;Entrega Finalizada;23;9;17;9;TRANSTRY;18024;;;
MOBIS BRASIL FABRICACAO DE AUTO PECAS LT;RODOVIARIO;1578792;17/09/2026;2;362381;17/09/2026;ITAVEMA MOTORS VEICULOS LTDA;7,73E+12;DUQUE DE CAXIAS;RJ;17/09/2026;23/09/2026;21/09/2026;Entregue No Prazo;;Entrega realizada;Entrega Finalizada;23;9;17;9;CAMILO;19001;;;
MOBIS BRASIL FABRICACAO DE AUTO PECAS LT;RODOVIARIO;1578793;17/09/2026;3;362368;17/09/2026;AMX COM. E SERVICOS DE AUTOMOTORES LTDA;1,20E+13;RIO DE JANEIRO;RJ;17/09/2026;23/09/2026;23/09/2026;Entregue No Prazo;;Entrega realizada;Entrega Finalizada;23;9;17;9;CAMILO;19009;;;
MOBIS BRASIL FABRICACAO DE AUTO PECAS LT;RODOVIARIO;1578795;17/09/2026;3;362382;17/09/2026;ITAVEMA MOTORS VEICULOS LTDA;7,73E+12;RIO DE JANEIRO;RJ;17/09/2026;23/09/2026;23/09/2026;Entregue No Prazo;;Entrega realizada;Entrega Finalizada;23;9;17;9;CAMILO;19001;;;
MOBIS BRASIL FABRICACAO DE AUTO PECAS LT;RODOVIARIO;1578796;17/09/2026;2;362373;17/09/2026;CAOA MOTOR DO BRASIL LTDA;1,68E+13;RIO DE JANEIRO;RJ;17/09/2026;23/09/2026;21/09/2026;Entregue No Prazo;;Entrega realizada;Entrega Finalizada;23;9;17;9;CAMILO;5008;;;
MOBIS BRASIL FABRICACAO DE AUTO PECAS LT;RODOVIARIO;1578798;17/09/2026;1;362371;17/09/2026;CAOA MOTOR DO BRASIL LTDA;1,68E+13;RIO DE JANEIRO;RJ;17/09/2026;23/09/2026;21/09/2026;Entregue No Prazo;;Entrega realizada;Entrega Finalizada;23;9;17;9;CAMILO;5008;;;
MOBIS BRASIL FABRICACAO DE AUTO PECAS LT;RODOVIARIO;1578802;17/09/2026;2;362405;17/09/2026;HOUSE PARTS - COM. DE PECAS E VEIC. LTDA;1,15E+13;PORTO ALEGRE;RS;17/09/2026;23/09/2026;22/09/2026;Entregue No Prazo;;Entrega realizada;Entrega Finalizada;23;9;17;9;TRANSTRY;23004;;;
MOBIS BRASIL FABRICACAO DE AUTO PECAS LT;RODOVIARIO;1578803;17/09/2026;1;362405;17/09/2026;HOUSE PARTS - COM. DE PECAS E VEIC. LTDA;1,15E+13;PORTO ALEGRE;RS;17/09/2026;23/09/2026;;Pendente Fora;;01/10 Sem entrada Transtry;Entrega Pendente;23;9;17;9;TRANSTRY;23004;;;
MOBIS BRASIL FABRICACAO DE AUTO PECAS LT;RODOVIARIO;1578804;17/09/2026;41;362402;17/09/2026;CARWAY SUL VEICULOS LTDA;1,03E+13;CANOAS;RS;17/09/2026;23/09/2026;22/09/2026;Entregue No Prazo;;Entrega realizada;Entrega Finalizada;23;9;17;9;TRANSTRY;23003;;;
MOBIS BRASIL FABRICACAO DE AUTO PECAS LT;RODOVIARIO;1578812;17/09/2026;2;362345;17/09/2026;HYMAX DISTRIBUIDORA DE VEICULOS LTDA;1,73E+13;MOGI GUACU;SP;17/09/2026;23/09/2026;18/09/2026;Entregue No Prazo;;Entrega realizada;Entrega Finalizada;23;9;17;9;MVT;26002;;;
MOBIS BRASIL FABRICACAO DE AUTO PECAS LT;RODOVIARIO;1578825;17/09/2026;1;362347;17/09/2026;NEW VEICULOS E PECAS LTDA.;1,59E+13;FRANCA;SP;17/09/2026;23/09/2026;18/09/2026;Entregue No Prazo;;Entrega realizada;Entrega Finalizada;23;9;17;9;MVT;26048;;;
MOBIS BRASIL FABRICACAO DE AUTO PECAS LT;RODOVIARIO;1578831;17/09/2026;2;362341;17/09/2026;ANDRETA II DISTRIBUIDORA DE VEIC. LTDA;9,10E+12;RIO CLARO;SP;17/09/2026;23/09/2026;21/09/2026;Entregue No Prazo;;Entrega realizada;Entrega Finalizada;23;9;17;9;MVT;26011;;;
MOBIS BRASIL FABRICACAO DE AUTO PECAS LT;RODOVIARIO;1578832;17/09/2026;2;362346;17/09/2026;NEW VEICULOS E PECAS LTDA;1,59E+13;BARRETOS;SP;17/09/2026;23/09/2026;18/09/2026;Entregue No Prazo;;Entrega realizada;Entrega Finalizada;23;9;17;9;MVT;26014;;;
MOBIS BRASIL FABRICACAO DE AUTO PECAS LT;RODOVIARIO;1578844;17/09/2026;11;362344;17/09/2026;H R B COMERCIO DE VEICULOS LTDA;1,82E+13;SAO JOSE DO RIO PRETO;SP;17/09/2026;23/09/2026;21/09/2026;Entregue No Prazo;Avaria;Entrega realizada;Entrega Finalizada;23;9;17;9;MVT;26050;;;
MOBIS BRASIL FABRICACAO DE AUTO PECAS LT;RODOVIARIO;1578770;17/09/2026;5;362366;17/09/2026;VITAL COMERCIO DE VEICULOS LTDA;1,05E+13;IPATINGA;MG;17/09/2026;24/09/2026;22/09/2026;Entregue No Prazo;;Entrega realizada;Entrega Finalizada;24;9;17;9;XD BETIM;11016;;;
MOBIS BRASIL FABRICACAO DE AUTO PECAS LT;RODOVIARIO;1578773;17/09/2026;2;362354;17/09/2026;GNC GRANDE COREIA MINAS GERAIS COMERCIO;4,27E+13;MONTES CLAROS;MG;17/09/2026;24/09/2026;23/09/2026;Entregue No Prazo;;Entrega realizada;Entrega Finalizada;24;9;17;9;XD BETIM;11035;;;
MOBIS BRASIL FABRICACAO DE AUTO PECAS LT;RODOVIARIO;1578787;17/09/2026;1;362409;17/09/2026;SANTA FE VEICULOS LTDA.;1,16E+13;FRANCISCO BELTRAO;PR;17/09/2026;24/09/2026;22/09/2026;Entregue No Prazo;;Entrega realizada;Entrega Finalizada;24;9;17;9;TRANSTRY;18010;;;
MOBIS BRASIL FABRICACAO DE AUTO PECAS LT;RODOVIARIO;1578794;17/09/2026;1;362378;17/09/2026;GRAFFITI VEICULOS LTDA.;1,71E+13;ITAPERUNA;RJ;17/09/2026;24/09/2026;21/09/2026;Entregue No Prazo;;Entrega realizada;Entrega Finalizada;24;9;17;9;CAMILO;19015;;;
MOBIS BRASIL FABRICACAO DE AUTO PECAS LT;RODOVIARIO;1578797;17/09/2026;6;362392;17/09/2026;TAI MOTORS VEICULOS S/A;9,27E+12;CAMPOS DOS GOYTACAZES;RJ;17/09/2026;24/09/2026;21/09/2026;Entregue No Prazo;;Entrega realizada;Entrega Finalizada;24;9;17;9;CAMILO;8002;;;
MOBIS BRASIL FABRICACAO DE AUTO PECAS LT;RODOVIARIO;1578805;17/09/2026;1;362404;17/09/2026;GALA COMERCIO DE VEICULOS LTDA.;1,77E+13;PELOTAS;RS;17/09/2026;24/09/2026;23/09/2026;Entregue No Prazo;;Entrega realizada;Entrega Finalizada;24;9;17;9;TRANSTRY;23009;;;
MOBIS BRASIL FABRICACAO DE AUTO PECAS LT;RODOVIARIO;1578806;17/09/2026;11;362395;17/09/2026;ATUAL VEICULOS LTDA;1,33E+13;CRICIUMA;SC;17/09/2026;24/09/2026;21/09/2026;Entregue No Prazo;;Entrega realizada;Entrega Finalizada;24;9;17;9;TRANSTRY;24001;;;
MOBIS BRASIL FABRICACAO DE AUTO PECAS LT;RODOVIARIO;1578807;17/09/2026;9;362396;17/09/2026;ATUAL VEICULOS LTDA;1,33E+13;TUBARAO;SC;17/09/2026;24/09/2026;21/09/2026;Entregue No Prazo;;Entrega realizada;Entrega Finalizada;24;9;17;9;TRANSTRY;24001;;;
MOBIS BRASIL FABRICACAO DE AUTO PECAS LT;RODOVIARIO;1578808;17/09/2026;2;362408;17/09/2026;LR COMERCIO DE VEICULOS LTDA;1,05E+13;SAO JOSE;SC;17/09/2026;24/09/2026;21/09/2026;Entregue No Prazo;;Entrega realizada;Entrega Finalizada;24;9;17;9;TRANSTRY;24007;;;
MOBIS BRASIL FABRICACAO DE AUTO PECAS LT;RODOVIARIO;1578809;17/09/2026;12;362397;17/09/2026;BARI VEICULOS LTDA;7,46E+12;BLUMENAU;SC;17/09/2026;24/09/2026;21/09/2026;Entregue No Prazo;;Entrega realizada;Entrega Finalizada;24;9;17;9;TRANSTRY;18024;;;
MOBIS BRASIL FABRICACAO DE AUTO PECAS LT;RODOVIARIO;1578763;17/09/2026;1;362361;17/09/2026;SAGA KOREA COM. DE VEIC. E PC. LTDA;1,27E+13;BRASILIA;DF;17/09/2026;25/09/2026;24/09/2026;Entregue No Prazo;;Entrega realizada;Entrega Finalizada;25;9;17;9;RIO VERMELHO;7004;;;
MOBIS BRASIL FABRICACAO DE AUTO PECAS LT;RODOVIARIO;1578764;17/09/2026;2;362389;17/09/2026;PRIME CACHOEIRO VEICULOS LTDA;9,34E+12;CACHOEIRO DE ITAPEMIRIM;ES;17/09/2026;25/09/2026;22/09/2026;Entregue No Prazo;;Entrega realizada;Entrega Finalizada;25;9;17;9;CAMILO;8004;;;
MOBIS BRASIL FABRICACAO DE AUTO PECAS LT;RODOVIARIO;1578765;17/09/2026;3;362358;17/09/2026;NISA COMERCIAL DE VEIC. AUTOMOTORES LTDA;1,03E+13;APARECIDA DE GOIANIA;GO;17/09/2026;25/09/2026;23/09/2026;Entregue No Prazo;;Entrega realizada;Entrega Finalizada;25;9;17;9;RIO VERMELHO;9002;;;
MOBIS BRASIL FABRICACAO DE AUTO PECAS LT;RODOVIARIO;1578766;17/09/2026;82;362362;17/09/2026;SAGA KOREA COM. DE VEIC. E PC. LTDA;1,27E+13;GOIANIA;GO;17/09/2026;25/09/2026;23/09/2026;Entregue No Prazo;;Entrega realizada;Entrega Finalizada;25;9;17;9;RIO VERMELHO;9011;;;
MOBIS BRASIL FABRICACAO DE AUTO PECAS LT;RODOVIARIO;1578775;17/09/2026;1;362377;17/09/2026;GOLDEN MOTORS VEICULOS LTDA;3,62E+12;DOURADOS;MS;17/09/2026;25/09/2026;22/09/2026;Entregue No Prazo;;Entrega realizada;Entrega Finalizada;25;9;17;9;CARVALIMA;12001;;;
MOBIS BRASIL FABRICACAO DE AUTO PECAS LT;RODOVIARIO;1578810;17/09/2026;1;362399;17/09/2026;BARI VEICULOS LTDA;7,46E+12;BALNEARIO CAMBORIU;SC;17/09/2026;25/09/2026;21/09/2026;Entregue No Prazo;;Entrega realizada;Entrega Finalizada;25;9;17;9;TRANSTRY;18024;;;
MOBIS BRASIL FABRICACAO DE AUTO PECAS LT;RODOVIARIO;1578776;17/09/2026;132;362390;17/09/2026;SAGA ASIA COM. DE VEIC.PC.E SERV. LTDA;2,23E+13;VARZEA GRANDE;MT;17/09/2026;28/09/2026;22/09/2026;Entregue No Prazo;;Entrega realizada;Entrega Finalizada;28;9;17;9;CARVALIMA;13004;;;
MOBIS BRASIL FABRICACAO DE AUTO PECAS LT;RODOVIARIO;1578811;17/09/2026;3;362403;17/09/2026;CHINHAN AUTOMOVEIS LTDA.;2,41E+13;CACADOR;SC;17/09/2026;28/09/2026;21/09/2026;Entregue No Prazo;;Entrega realizada;Entrega Finalizada;28;9;17;9;TRANSTRY;24020;;;
MOBIS BRASIL FABRICACAO DE AUTO PECAS LT;RODOVIARIO;1578834;17/09/2026;2;362360;17/09/2026;PRIVILLEGE DISTRIBUIDORA DE VEICULOS LTD;1,72E+13;PALMAS;TO;17/09/2026;28/09/2026;;Pendente Fora;;28/09 Em transferencia para a cidade de destino;Entrega Pendente;28;9;17;9;RIO VERMELHO;27003;;;
MOBIS BRASIL FABRICACAO DE AUTO PECAS LT;RODOVIARIO;1578760;17/09/2026;2;362386;17/09/2026;PATEO COMERCIO DE VEICULOS S A;7,78E+12;SALVADOR;BA;17/09/2026;29/09/2026;25/09/2026;Entregue No Prazo;;Entrega realizada;Entrega Finalizada;29;9;17;9;TERMACO;5003;;;
MOBIS BRASIL FABRICACAO DE AUTO PECAS LT;RODOVIARIO;1578761;17/09/2026;44;362376;17/09/2026;FAZZA MOTORS COMERCIO DE VEICULOS LTDA;1,24E+13;SALVADOR;BA;17/09/2026;29/09/2026;28/09/2026;Entregue No Prazo;;Entrega realizada;Entrega Finalizada;29;9;17;9;TERMACO;5007;;;
MOBIS BRASIL FABRICACAO DE AUTO PECAS LT;RODOVIARIO;1578777;17/09/2026;2;362394;17/09/2026;UNIQUE COMERCIO DE AUTOMOVEIS LTDA;1,74E+13;ANANINDEUA;PA;17/09/2026;30/09/2026;22/09/2026;Entregue No Prazo;;Entrega realizada;Entrega Finalizada;30;9;17;9;CARVALIMA;14003;;;
MOBIS BRASIL FABRICACAO DE AUTO PECAS LT;RODOVIARIO;1578845;17/09/2026;2;362391;17/09/2026;SEVEL VEICULOS LTDA;1,07E+13;ARACAJU;SE;17/09/2026;30/09/2026;23/09/2026;Entregue No Prazo;;Entrega realizada;Entrega Finalizada;30;9;17;9;TERMACO;25001;;;
MOBIS BRASIL FABRICACAO DE AUTO PECAS LT;RODOVIARIO;1578757;17/09/2026;4;362375;17/09/2026;CYCOSA AUTOMOVEIS LTDA;4,76E+12;MACEIO;AL;17/09/2026;01/10/2026;25/09/2026;Entregue No Prazo;;Entrega realizada;Entrega Finalizada;1;10;17;9;TERMACO;2001;;;
MOBIS BRASIL FABRICACAO DE AUTO PECAS LT;RODOVIARIO;1578767;17/09/2026;1;362357;17/09/2026;NASA MOTORS LTDA.;2,65E+13;SAO LUIS DE MONTES BELOS;GO;17/09/2026;01/10/2026;;Pendente Fora;;28/09 Em transferencia para a cidade de destino;Entrega Pendente;1;10;17;9;RIO VERMELHO;9016;;;
MOBIS BRASIL FABRICACAO DE AUTO PECAS LT;RODOVIARIO;1578759;17/09/2026;1;362367;17/09/2026;AIKON VEICULOS LTDA;1,17E+13;VITORIA DA CONQUISTA;BA;17/09/2026;02/10/2026;23/09/2026;Entregue No Prazo;;Entrega realizada;Entrega Finalizada;2;10;17;9;TERMACO;5002;;;
MOBIS BRASIL FABRICACAO DE AUTO PECAS LT;RODOVIARIO;1578762;17/09/2026;5;362372;17/09/2026;CAOA MOTOR DO BRASIL LTDA;1,68E+13;LAURO DE FREITAS;BA;17/09/2026;02/10/2026;25/09/2026;Entregue No Prazo;;Entrega realizada;Entrega Finalizada;2;10;17;9;TERMACO;5008;;;
MOBIS BRASIL FABRICACAO DE AUTO PECAS LT;RODOVIARIO;1578778;17/09/2026;26;362385;17/09/2026;PATEO COMERCIO DE VEICULOS S A;7,78E+12;JOAO PESSOA;PB;17/09/2026;02/10/2026;29/09/2026;Entregue No Prazo;;Entrega realizada;Entrega Finalizada;2;10;17;9;TERMACO;15003;;;
MOBIS BRASIL FABRICACAO DE AUTO PECAS LT;RODOVIARIO;1578780;17/09/2026;3;362388;17/09/2026;PATEO COMERCIO DE VEICULOS S A;7,78E+12;RECIFE;PE;17/09/2026;02/10/2026;28/09/2026;Entregue No Prazo;;Entrega realizada;Entrega Finalizada;2;10;17;9;TERMACO;16004;;;
MOBIS BRASIL FABRICACAO DE AUTO PECAS LT;RODOVIARIO;1578781;17/09/2026;3;362388;17/09/2026;PATEO COMERCIO DE VEICULOS S A;7,78E+12;RECIFE;PE;17/09/2026;02/10/2026;28/09/2026;Entregue No Prazo;;Entrega realizada;Entrega Finalizada;2;10;17;9;TERMACO;16004;;;
MOBIS BRASIL FABRICACAO DE AUTO PECAS LT;RODOVIARIO;1578846;17/09/2026;2;362383;17/09/2026;MASTER COMERCIAL DE VEICULOS LTDA;2,85E+13;BARREIRAS;BA;17/09/2026;02/10/2026;29/09/2026;Entregue No Prazo;;Entrega realizada;Entrega Finalizada;2;10;17;9;TERMACO;5012;;;
MOBIS BRASIL FABRICACAO DE AUTO PECAS LT;RODOVIARIO;1578779;17/09/2026;2;362369;17/09/2026;AUTORAC VEICULOS LTDA;1,06E+13;CARUARU;PE;17/09/2026;05/10/2026;24/09/2026;Entregue No Prazo;;Entrega realizada;Entrega Finalizada;5;10;17;9;TERMACO;16001;Criação do Estado de Roraima;Estadual;RR
MOBIS BRASIL FABRICACAO DE AUTO PECAS LT;RODOVIARIO;1578782;17/09/2026;1;362370;17/09/2026;AUTORAC VEICULOS LTDA;1,06E+13;PETROLINA;PE;17/09/2026;05/10/2026;29/09/2026;Entregue No Prazo;;Entrega realizada;Entrega Finalizada;5;10;17;9;TERMACO;16001;Criação do Estado de Roraima;Estadual;RR
MOBIS BRASIL FABRICACAO DE AUTO PECAS LT;RODOVIARIO;1578784;17/09/2026;5;362380;17/09/2026;GREEN CITY VEICULOS LTDA;2,10E+13;TERESINA;PI;17/09/2026;05/10/2026;29/09/2026;Entregue No Prazo;;Entrega realizada;Entrega Finalizada;5;10;17;9;TERMACO;17002;Criação do Estado de Roraima;Estadual;RR
MOBIS BRASIL FABRICACAO DE AUTO PECAS LT;RODOVIARIO;1578799;17/09/2026;4;362384;17/09/2026;ORIENTE AUTOMOVEIS LTDA;1,33E+13;PARNAMIRIM;RN;17/09/2026;05/10/2026;28/09/2026;Entregue No Prazo;;Entrega realizada;Entrega Finalizada;5;10;17;9;TERMACO;20001;Criação do Estado de Roraima;Estadual;RR
MOBIS BRASIL FABRICACAO DE AUTO PECAS LT;RODOVIARIO;1578800;17/09/2026;2;362374;17/09/2026;COMETA JI PARANA COM. DE VEIC. LTDA;4,23E+12;JIPARANA;RO;17/09/2026;06/10/2026;22/09/2026;Entregue No Prazo;;Entrega realizada;Entrega Finalizada;6;10;17;9;CARVALIMA;21002;;;
MOBIS BRASIL FABRICACAO DE AUTO PECAS LT;RODOVIARIO;1578783;17/09/2026;4;362379;17/09/2026;GREEN CITY VEICULOS LTDA;2,10E+13;PARNAIBA;PI;17/09/2026;07/10/2026;;Pendente No Prazo;;01/10 Em transferencia para a cidade de destino;Entrega Pendente;7;10;17;9;TERMACO;17002;;;
MOBIS BRASIL FABRICACAO DE AUTO PECAS LT;RODOVIARIO;1578758;17/09/2026;8;362387;17/09/2026;PATEO COMERCIO DE VEICULOS S A;7,78E+12;MANAUS;AM;17/09/2026;13/10/2026;;Pendente No Prazo;;01/10 Em transferencia para a cidade de destino;Entrega Pendente;13;10;17;9;CARVALIMA;3002;;;
MOBIS BRASIL FABRICACAO DE AUTO PECAS LT;RODOVIARIO;1578801;17/09/2026;6;362393;17/09/2026;UNIQUE BOA VISTA COM. DE AUTOMOVEIS LTDA;3,48E+13;BOA VISTA;RR;17/09/2026;15/10/2026;;Pendente No Prazo;;01/10 Em transferencia para a cidade de destino;Entrega Pendente;15;10;17;9;CARVALIMA;22002;;;
MOBIS BRASIL FABRICACAO DE AUTO PECAS LT;RODOVIARIO;1578822;17/09/2026;78;362648;18/09/2026;BILLY DISTRIBUIDORA DE VEICULOS LTDA;1,34E+13;SAO CAETANO DO SUL;SP;18/09/2026;22/09/2026;21/09/2026;Entregue No Prazo;;Entrega realizada;Entrega Finalizada;22;9;18;9;BV LOG;26003;;;
MOBIS BRASIL FABRICACAO DE AUTO PECAS LT;RODOVIARIO;1578830;17/09/2026;7;362649;18/09/2026;GRANDAY AUTOMOTORES LTDA (CHAC. CALIFOR);1,57E+13;SAO PAULO;SP;18/09/2026;22/09/2026;21/09/2026;Entregue No Prazo;;Entrega realizada;Entrega Finalizada;22;9;18;9;BV LOG;26090;;;
MOBIS BRASIL FABRICACAO DE AUTO PECAS LT;RODOVIARIO;1579632;18/09/2026;6;362633;18/09/2026;GRAND SPORT COM. DE VEIC. E PECAS LTDA;8,58E+12;SAO PAULO;SP;18/09/2026;22/09/2026;21/09/2026;Entregue No Prazo;;Entrega realizada;Entrega Finalizada;22;9;18;9;XD DIADEMA;26034;;;
MOBIS BRASIL FABRICACAO DE AUTO PECAS LT;RODOVIARIO;1579633;18/09/2026;29;362632;18/09/2026;CHS MOTORS VEICULOS PECAS E SERV LTDA  ;1,69E+13;SAO PAULO;SP;18/09/2026;22/09/2026;21/09/2026;Entregue No Prazo;;Entrega realizada;Entrega Finalizada;22;9;18;9;XD DIADEMA;26037;;;
MOBIS BRASIL FABRICACAO DE AUTO PECAS LT;RODOVIARIO;1579634;18/09/2026;2;362630;18/09/2026;CAOA MOTOR DO BRASIL LTDA (ARICANDUVA);1,68E+13;SAO PAULO;SP;18/09/2026;22/09/2026;21/09/2026;Entregue No Prazo;;Entrega realizada;Entrega Finalizada;22;9;18;9;XD DIADEMA;26039;;;
MOBIS BRASIL FABRICACAO DE AUTO PECAS LT;RODOVIARIO;1579635;18/09/2026;1;362634;18/09/2026;GRANDAY AUTOMOTORES LTDA;1,57E+13;SAO PAULO;SP;18/09/2026;22/09/2026;21/09/2026;Entregue No Prazo;;Entrega realizada;Entrega Finalizada;22;9;18;9;XD DIADEMA;26041;;;
MOBIS BRASIL FABRICACAO DE AUTO PECAS LT;RODOVIARIO;1579640;18/09/2026;1;362638;18/09/2026;NOBRE SP DISTRIB. DE VEIC. E PEC. LTDA;1,70E+13;SAO PAULO;SP;18/09/2026;22/09/2026;21/09/2026;Entregue No Prazo;;Entrega realizada;Entrega Finalizada;22;9;18;9;XD DIADEMA;26081;;;
MOBIS BRASIL FABRICACAO DE AUTO PECAS LT;RODOVIARIO;1579645;18/09/2026;4;362631;18/09/2026;CAOA MOTOR DO BRASIL LTDA(RAP. TAVARES);1,68E+13;SAO PAULO;SP;18/09/2026;22/09/2026;21/09/2026;Entregue No Prazo;;Entrega realizada;Entrega Finalizada;22;9;18;9;XD DIADEMA;26109;;;
MOBIS BRASIL FABRICACAO DE AUTO PECAS LT;RODOVIARIO;1578817;17/09/2026;83;362608;18/09/2026;ANDRETA II DISTRIBUIDORA DE VEIC. LTDA;9,10E+12;CAMPINAS;SP;18/09/2026;23/09/2026;18/09/2026;Entregue No Prazo;;Entrega realizada;Entrega Finalizada;23;9;18;9;BV LOG;26011;;;
MOBIS BRASIL FABRICACAO DE AUTO PECAS LT;RODOVIARIO;1578818;17/09/2026;26;362626;18/09/2026;NEW VEICULOS E PECAS LTDA;1,59E+13;RIBEIRAO PRETO;SP;18/09/2026;23/09/2026;21/09/2026;Entregue No Prazo;Avaria;Entrega realizada;Entrega Finalizada;23;9;18;9;MVT;26014;;;
MOBIS BRASIL FABRICACAO DE AUTO PECAS LT;RODOVIARIO;1578820;17/09/2026;4;362607;18/09/2026;ANDRETA II DISTRIBUIDORA DE VEIC. LTDA;9,10E+12;JUNDIAI;SP;18/09/2026;23/09/2026;18/09/2026;Entregue No Prazo;;Entrega realizada;Entrega Finalizada;23;9;18;9;BV LOG;26011;;;
MOBIS BRASIL FABRICACAO DE AUTO PECAS LT;RODOVIARIO;1578821;17/09/2026;25;362607;18/09/2026;ANDRETA II DISTRIBUIDORA DE VEIC. LTDA;9,10E+12;JUNDIAI;SP;18/09/2026;23/09/2026;18/09/2026;Entregue No Prazo;;Entrega realizada;Entrega Finalizada;23;9;18;9;BV LOG;26011;;;
MOBIS BRASIL FABRICACAO DE AUTO PECAS LT;RODOVIARIO;1579579;18/09/2026;9;362644;18/09/2026;TAI MOTORS VEICULOS S/A;9,27E+12;BELO HORIZONTE;MG;18/09/2026;23/09/2026;22/09/2026;Entregue No Prazo;;Entrega realizada;Entrega Finalizada;23;9;18;9;XD BETIM;8002;;;
MOBIS BRASIL FABRICACAO DE AUTO PECAS LT;RODOVIARIO;1579581;18/09/2026;2;362628;18/09/2026;BDG AUTOVILLE VEICULOS LTDA;4,77E+13;CONTAGEM;MG;18/09/2026;23/09/2026;22/09/2026;Entregue No Prazo;;Entrega realizada;Entrega Finalizada;23;9;18;9;XD BETIM;11037;;;
MOBIS BRASIL FABRICACAO DE AUTO PECAS LT;RODOVIARIO;1579582;18/09/2026;20;362628;18/09/2026;BDG AUTOVILLE VEICULOS LTDA;4,77E+13;CONTAGEM;MG;18/09/2026;23/09/2026;22/09/2026;Entregue No Prazo;;Entrega realizada;Entrega Finalizada;23;9;18;9;XD BETIM;11037;;;
MOBIS BRASIL FABRICACAO DE AUTO PECAS LT;RODOVIARIO;1579596;18/09/2026;33;362699;18/09/2026;SEVEC VEICULOS LTDA;5,68E+11;CURITIBA;PR;18/09/2026;23/09/2026;21/09/2026;Entregue No Prazo;;Entrega realizada;Entrega Finalizada;23;9;18;9;TRANSTRY;18012;;;
MOBIS BRASIL FABRICACAO DE AUTO PECAS LT;RODOVIARIO;1579600;18/09/2026;1;362685;18/09/2026;BARI VEICULOS LTDA.;7,46E+12;CURITIBA;PR;18/09/2026;23/09/2026;21/09/2026;Entregue No Prazo;;Entrega realizada;Entrega Finalizada;23;9;18;9;TRANSTRY;18029;;;
MOBIS BRASIL FABRICACAO DE AUTO PECAS LT;RODOVIARIO;1579602;18/09/2026;1;362682;18/09/2026;BARI VEICULOS LTDA;7,46E+12;CURITIBA;PR;18/09/2026;23/09/2026;21/09/2026;Entregue No Prazo;;Entrega realizada;Entrega Finalizada;23;9;18;9;TRANSTRY;18024;;;
MOBIS BRASIL FABRICACAO DE AUTO PECAS LT;RODOVIARIO;1579630;18/09/2026;1;362625;18/09/2026;MOTONET COMERCIO DE VEICULOS LTDA;9,28E+12;SOROCABA;SP;18/09/2026;23/09/2026;21/09/2026;Entregue No Prazo;;Entrega realizada;Entrega Finalizada;23;9;18;9;MVT;26113;;;
MOBIS BRASIL FABRICACAO DE AUTO PECAS LT;RODOVIARIO;1579631;18/09/2026;8;362626;18/09/2026;NEW VEICULOS E PECAS LTDA;1,59E+13;RIBEIRAO PRETO;SP;18/09/2026;23/09/2026;21/09/2026;Entregue No Prazo;;Entrega realizada;Entrega Finalizada;23;9;18;9;MVT;26014;;;
MOBIS BRASIL FABRICACAO DE AUTO PECAS LT;RODOVIARIO;1579636;18/09/2026;1;362620;18/09/2026;ANDRETA II DISTRIBUIDORA DE VEIC. LTDA;9,10E+12;INDAIATUBA;SP;18/09/2026;23/09/2026;21/09/2026;Entregue No Prazo;;Entrega realizada;Entrega Finalizada;23;9;18;9;MVT;26011;;;
MOBIS BRASIL FABRICACAO DE AUTO PECAS LT;RODOVIARIO;1579637;18/09/2026;1;362619;18/09/2026;ANDRETA II DISTRIBUIDORA DE VEIC. LTDA;9,10E+12;AMERICANA;SP;18/09/2026;23/09/2026;22/09/2026;Entregue No Prazo;;Entrega realizada;Entrega Finalizada;23;9;18;9;MVT;26011;;;
MOBIS BRASIL FABRICACAO DE AUTO PECAS LT;RODOVIARIO;1579577;18/09/2026;2;362635;18/09/2026;IMOTORS VEICULOS LTDA;7,17E+12;JUIZ DE FORA;MG;18/09/2026;24/09/2026;21/09/2026;Entregue No Prazo;;Entrega realizada;Entrega Finalizada;24;9;18;9;XD BETIM;11010;;;
MOBIS BRASIL FABRICACAO DE AUTO PECAS LT;RODOVIARIO;1579580;18/09/2026;1;362645;18/09/2026;TOKSU COMERCIO DE VEICULOS LTDA;1,12E+13;VARGINHA;MG;18/09/2026;24/09/2026;21/09/2026;Entregue No Prazo;;Entrega realizada;Entrega Finalizada;24;9;18;9;XD BETIM;11008;;;
MOBIS BRASIL FABRICACAO DE AUTO PECAS LT;RODOVIARIO;1579594;18/09/2026;4;362694;18/09/2026;LOVAT VEICULOS S/A;8,57E+12;LONDRINA;PR;18/09/2026;24/09/2026;21/09/2026;Entregue No Prazo;;Entrega realizada;Entrega Finalizada;24;9;18;9;TRANSTRY;18008;;;
MOBIS BRASIL FABRICACAO DE AUTO PECAS LT;RODOVIARIO;1579599;18/09/2026;1;362700;18/09/2026;VETOR AUTOMOVEIS LTDA;2,12E+13;CASCAVEL;PR;18/09/2026;24/09/2026;22/09/2026;Entregue No Prazo;;Entrega realizada;Entrega Finalizada;24;9;18;9;TRANSTRY;18019;;;
MOBIS BRASIL FABRICACAO DE AUTO PECAS LT;RODOVIARIO;1579601;18/09/2026;1;362683;18/09/2026;BARI VEICULOS LTDA;7,46E+12;SAO JOSE DOS PINHAIS;PR;18/09/2026;24/09/2026;21/09/2026;Entregue No Prazo;;Entrega realizada;Entrega Finalizada;24;9;18;9;TRANSTRY;18024;;;
MOBIS BRASIL FABRICACAO DE AUTO PECAS LT;RODOVIARIO;1579603;18/09/2026;4;362656;18/09/2026;ITAVEMA MOTORS VEICULOS LTDA;7,73E+12;RIO DE JANEIRO;RJ;18/09/2026;24/09/2026;22/09/2026;Entregue No Prazo;;Entrega realizada;Entrega Finalizada;24;9;18;9;CAMILO;19001;;;
MOBIS BRASIL FABRICACAO DE AUTO PECAS LT;RODOVIARIO;1579604;18/09/2026;1;362652;18/09/2026;CAOA MOTOR DO BRASIL LTDA;1,68E+13;RIO DE JANEIRO;RJ;18/09/2026;24/09/2026;22/09/2026;Entregue No Prazo;;Entrega realizada;Entrega Finalizada;24;9;18;9;CAMILO;5008;;;
MOBIS BRASIL FABRICACAO DE AUTO PECAS LT;RODOVIARIO;1579610;18/09/2026;1;362692;18/09/2026;HOUSE PARTS - COM. DE PECAS E VEIC. LTDA;1,15E+13;PORTO ALEGRE;RS;18/09/2026;24/09/2026;22/09/2026;Entregue No Prazo;;Entrega realizada;Entrega Finalizada;24;9;18;9;TRANSTRY;23004;;;
MOBIS BRASIL FABRICACAO DE AUTO PECAS LT;RODOVIARIO;1579611;18/09/2026;5;362692;18/09/2026;HOUSE PARTS - COM. DE PECAS E VEIC. LTDA;1,15E+13;PORTO ALEGRE;RS;18/09/2026;24/09/2026;22/09/2026;Entregue No Prazo;;Entrega realizada;Entrega Finalizada;24;9;18;9;TRANSTRY;23004;;;
MOBIS BRASIL FABRICACAO DE AUTO PECAS LT;RODOVIARIO;1579620;18/09/2026;3;362684;18/09/2026;BARI VEICULOS LTDA.;7,46E+12;JOINVILLE;SC;18/09/2026;24/09/2026;22/09/2026;Entregue No Prazo;;Entrega realizada;Entrega Finalizada;24;9;18;9;TRANSTRY;24013;;;
MOBIS BRASIL FABRICACAO DE AUTO PECAS LT;RODOVIARIO;1579621;18/09/2026;1;362686;18/09/2026;BARI VEICULOS LTDA.;7,46E+12;ITAJAI;SC;18/09/2026;24/09/2026;21/09/2026;Entregue No Prazo;;Entrega realizada;Entrega Finalizada;24;9;18;9;TRANSTRY;24014;;;
MOBIS BRASIL FABRICACAO DE AUTO PECAS LT;RODOVIARIO;1579626;18/09/2026;4;362624;18/09/2026;HYMAX DISTRIBUIDORA DE VEICULOS LTDA;1,73E+13;MOGI GUACU;SP;18/09/2026;24/09/2026;21/09/2026;Entregue No Prazo;;Entrega realizada;Entrega Finalizada;24;9;18;9;MVT;26002;;;
MOBIS BRASIL FABRICACAO DE AUTO PECAS LT;RODOVIARIO;1579638;18/09/2026;2;362627;18/09/2026;NEW VEICULOS E PECAS LTDA.;1,59E+13;FRANCA;SP;18/09/2026;24/09/2026;21/09/2026;Entregue No Prazo;;Entrega realizada;Entrega Finalizada;24;9;18;9;MVT;26048;;;
MOBIS BRASIL FABRICACAO DE AUTO PECAS LT;RODOVIARIO;1579641;18/09/2026;2;362629;18/09/2026;CAOA MOTOR DO BRASIL LTDA;1,68E+13;PRAIA GRANDE;SP;18/09/2026;24/09/2026;21/09/2026;Entregue No Prazo;;Entrega realizada;Entrega Finalizada;24;9;18;9;XD DIADEMA;5008;;;
MOBIS BRASIL FABRICACAO DE AUTO PECAS LT;RODOVIARIO;1579643;18/09/2026;4;362622;18/09/2026;H - CAMINHO AUTOMOVEIS LTDA;2,53E+13;PIRACICABA;SP;18/09/2026;24/09/2026;21/09/2026;Entregue No Prazo;;Entrega realizada;Entrega Finalizada;24;9;18;9;MVT;26092;;;
MOBIS BRASIL FABRICACAO DE AUTO PECAS LT;RODOVIARIO;1579644;18/09/2026;1;362621;18/09/2026;ANDRETA II DISTRIBUIDORA DE VEIC. LTDA;9,10E+12;RIO CLARO;SP;18/09/2026;24/09/2026;21/09/2026;Entregue No Prazo;;Entrega realizada;Entrega Finalizada;24;9;18;9;MVT;26011;;;
MOBIS BRASIL FABRICACAO DE AUTO PECAS LT;RODOVIARIO;1579657;18/09/2026;2;362623;18/09/2026;H R B COMERCIO DE VEICULOS LTDA;1,82E+13;SAO JOSE DO RIO PRETO;SP;18/09/2026;24/09/2026;21/09/2026;Entregue No Prazo;;Entrega realizada;Entrega Finalizada;24;9;18;9;MVT;26050;;;
MOBIS BRASIL FABRICACAO DE AUTO PECAS LT;RODOVIARIO;1579658;18/09/2026;11;362623;18/09/2026;H R B COMERCIO DE VEICULOS LTDA;1,82E+13;SAO JOSE DO RIO PRETO;SP;18/09/2026;24/09/2026;21/09/2026;Entregue No Prazo;Avaria;Entrega realizada;Entrega Finalizada;24;9;18;9;MVT;26050;;;
MOBIS BRASIL FABRICACAO DE AUTO PECAS LT;RODOVIARIO;1579566;18/09/2026;16;362679;18/09/2026;VIA BRASIL AUTOMOVEIS LTDA.;4,72E+12;SERRA;ES;18/09/2026;25/09/2026;25/09/2026;Entregue No Prazo;;Entrega realizada;Entrega Finalizada;25;9;18;9;CAMILO;8001;;;
MOBIS BRASIL FABRICACAO DE AUTO PECAS LT;RODOVIARIO;1579567;18/09/2026;13;362674;18/09/2026;TAI MOTORS VEICULOS S/A;9,27E+12;VITORIA;ES;18/09/2026;25/09/2026;24/09/2026;Entregue No Prazo;;Entrega realizada;Entrega Finalizada;25;9;18;9;CAMILO;8002;;;
MOBIS BRASIL FABRICACAO DE AUTO PECAS LT;RODOVIARIO;1579578;18/09/2026;5;362647;18/09/2026;VITAL COMERCIO DE VEICULOS LTDA;1,05E+13;IPATINGA;MG;18/09/2026;25/09/2026;22/09/2026;Entregue No Prazo;;Entrega realizada;Entrega Finalizada;25;9;18;9;XD BETIM;11016;;;
MOBIS BRASIL FABRICACAO DE AUTO PECAS LT;RODOVIARIO;1579595;18/09/2026;1;362698;18/09/2026;SANTA FE VEICULOS LTDA.;1,16E+13;FRANCISCO BELTRAO;PR;18/09/2026;25/09/2026;22/09/2026;Entregue No Prazo;;Entrega realizada;Entrega Finalizada;25;9;18;9;TRANSTRY;18010;;;
MOBIS BRASIL FABRICACAO DE AUTO PECAS LT;RODOVIARIO;1579597;18/09/2026;1;362701;18/09/2026;ZENDAI VEICULOS LTDA;1,97E+13;TOLEDO;PR;18/09/2026;25/09/2026;24/09/2026;Entregue No Prazo;;Entrega realizada;Entrega Finalizada;25;9;18;9;TRANSTRY;18016;;;
MOBIS BRASIL FABRICACAO DE AUTO PECAS LT;RODOVIARIO;1579598;18/09/2026;1;362701;18/09/2026;ZENDAI VEICULOS LTDA;1,97E+13;TOLEDO;PR;18/09/2026;25/09/2026;24/09/2026;Entregue No Prazo;;Entrega realizada;Entrega Finalizada;25;9;18;9;TRANSTRY;18016;;;
MOBIS BRASIL FABRICACAO DE AUTO PECAS LT;RODOVIARIO;1579605;18/09/2026;4;362659;18/09/2026;MONTREAL VEICULOS E PECAS LTDA;1,68E+13;SAO PEDRO DA ALDEIA;RJ;18/09/2026;25/09/2026;23/09/2026;Entregue No Prazo;;Entrega realizada;Entrega Finalizada;25;9;18;9;CAMILO;19030;;;
MOBIS BRASIL FABRICACAO DE AUTO PECAS LT;RODOVIARIO;1579613;18/09/2026;2;362689;18/09/2026;GAMBATTO H1 VEICULOS LTDA;1,94E+13;PASSO FUNDO;RS;18/09/2026;25/09/2026;22/09/2026;Entregue No Prazo;;Entrega realizada;Entrega Finalizada;25;9;18;9;TRANSTRY;23015;;;
MOBIS BRASIL FABRICACAO DE AUTO PECAS LT;RODOVIARIO;1579615;18/09/2026;1;362693;18/09/2026;HOUSE PARTS COMERCIO DE PECAS E VEI;1,15E+13;CAXIAS DO SUL;RS;18/09/2026;25/09/2026;22/09/2026;Entregue No Prazo;;Entrega realizada;Entrega Finalizada;25;9;18;9;TRANSTRY;23023;;;
MOBIS BRASIL FABRICACAO DE AUTO PECAS LT;RODOVIARIO;1579616;18/09/2026;2;362680;18/09/2026;ATUAL VEICULOS LTDA;1,33E+13;CRICIUMA;SC;18/09/2026;25/09/2026;23/09/2026;Entregue No Prazo;;Entrega realizada;Entrega Finalizada;25;9;18;9;TRANSTRY;24001;;;
MOBIS BRASIL FABRICACAO DE AUTO PECAS LT;RODOVIARIO;1579617;18/09/2026;1;362696;18/09/2026;LS COMERCIO DE AUTOMOVEIS LTDA.;1,03E+13;BRUSQUE;SC;18/09/2026;25/09/2026;22/09/2026;Entregue No Prazo;;Entrega realizada;Entrega Finalizada;25;9;18;9;TRANSTRY;24006;;;
MOBIS BRASIL FABRICACAO DE AUTO PECAS LT;RODOVIARIO;1579618;18/09/2026;12;362695;18/09/2026;LR COMERCIO DE VEICULOS LTDA;1,05E+13;SAO JOSE;SC;18/09/2026;25/09/2026;22/09/2026;Entregue No Prazo;;Entrega realizada;Entrega Finalizada;25;9;18;9;TRANSTRY;24007;;;
MOBIS BRASIL FABRICACAO DE AUTO PECAS LT;RODOVIARIO;1579619;18/09/2026;24;362681;18/09/2026;BARI VEICULOS LTDA;7,46E+12;BLUMENAU;SC;18/09/2026;25/09/2026;22/09/2026;Entregue No Prazo;;Entrega realizada;Entrega Finalizada;25;9;18;9;TRANSTRY;18024;;;
MOBIS BRASIL FABRICACAO DE AUTO PECAS LT;RODOVIARIO;1579622;18/09/2026;1;362697;18/09/2026;PONTO CERTO COMERCIO DE VEICULOS LTDA;1,50E+13;LAGES;SC;18/09/2026;25/09/2026;23/09/2026;Entregue No Prazo;;Entrega realizada;Entrega Finalizada;25;9;18;9;TRANSTRY;24017;;;
MOBIS BRASIL FABRICACAO DE AUTO PECAS LT;RODOVIARIO;1579623;18/09/2026;3;362690;18/09/2026;GAMBATTO H1 VEICULOS LTDA;1,94E+13;CHAPECO;SC;18/09/2026;25/09/2026;23/09/2026;Entregue No Prazo;;Entrega realizada;Entrega Finalizada;25;9;18;9;TRANSTRY;24018;;;
MOBIS BRASIL FABRICACAO DE AUTO PECAS LT;RODOVIARIO;1579568;18/09/2026;2;362669;18/09/2026;PRIME CACHOEIRO VEICULOS LTDA;9,34E+12;CACHOEIRO DE ITAPEMIRIM;ES;18/09/2026;28/09/2026;24/09/2026;Entregue No Prazo;;Entrega realizada;Entrega Finalizada;28;9;18;9;CAMILO;8004;;;
MOBIS BRASIL FABRICACAO DE AUTO PECAS LT;RODOVIARIO;1579569;18/09/2026;2;362637;18/09/2026;NISA COMERCIAL DE VEIC. AUTOMOTORES LTDA;1,03E+13;APARECIDA DE GOIANIA;GO;18/09/2026;28/09/2026;23/09/2026;Entregue No Prazo;;Entrega realizada;Entrega Finalizada;28;9;18;9;RIO VERMELHO;9002;;;
MOBIS BRASIL FABRICACAO DE AUTO PECAS LT;RODOVIARIO;1579570;18/09/2026;1;362637;18/09/2026;NISA COMERCIAL DE VEIC. AUTOMOTORES LTDA;1,03E+13;APARECIDA DE GOIANIA;GO;18/09/2026;28/09/2026;23/09/2026;Entregue No Prazo;;Entrega realizada;Entrega Finalizada;28;9;18;9;RIO VERMELHO;9002;;;
MOBIS BRASIL FABRICACAO DE AUTO PECAS LT;RODOVIARIO;1579571;18/09/2026;2;362641;18/09/2026;SAGA KOREA COM. DE VEIC. E PC. LTDA;1,27E+13;GOIANIA;GO;18/09/2026;28/09/2026;23/09/2026;Entregue No Prazo;;Entrega realizada;Entrega Finalizada;28;9;18;9;RIO VERMELHO;9011;;;
MOBIS BRASIL FABRICACAO DE AUTO PECAS LT;RODOVIARIO;1579583;18/09/2026;1;362655;18/09/2026;GOLDEN MOTORS VEICULOS LTDA;3,62E+12;DOURADOS;MS;18/09/2026;28/09/2026;23/09/2026;Entregue No Prazo;;Entrega realizada;Entrega Finalizada;28;9;18;9;CARVALIMA;12001;;;
MOBIS BRASIL FABRICACAO DE AUTO PECAS LT;RODOVIARIO;1579584;18/09/2026;1;362676;18/09/2026;ULSAN COMERCIO DE VEICULOS LTDA.;2,10E+13;CAMPO GRANDE;MS;18/09/2026;28/09/2026;24/09/2026;Entregue No Prazo;;Entrega realizada;Entrega Finalizada;28;9;18;9;CARVALIMA;12004;;;
MOBIS BRASIL FABRICACAO DE AUTO PECAS LT;RODOVIARIO;1579612;18/09/2026;1;362691;18/09/2026;HOUSE PARTS - COM. DE PECAS E VEIC. LTDA;1,15E+13;SANTA MARIA;RS;18/09/2026;28/09/2026;22/09/2026;Entregue No Prazo;;Entrega realizada;Entrega Finalizada;28;9;18;9;TRANSTRY;23008;;;
MOBIS BRASIL FABRICACAO DE AUTO PECAS LT;RODOVIARIO;1579614;18/09/2026;4;362687;18/09/2026;CHINHAN AUTOMOVEIS LTDA;2,41E+13;ERECHIM;RS;18/09/2026;28/09/2026;22/09/2026;Entregue No Prazo;;Entrega realizada;Entrega Finalizada;28;9;18;9;TRANSTRY;23019;;;
MOBIS BRASIL FABRICACAO DE AUTO PECAS LT;RODOVIARIO;1579659;18/09/2026;11;362643;18/09/2026;SMAFF IMPORT VEICULOS LTDA;8,18E+12;BRASILIA;DF;18/09/2026;28/09/2026;22/09/2026;Entregue No Prazo;;Entrega realizada;Entrega Finalizada;28;9;18;9;RIO VERMELHO;7002;;;
MOBIS BRASIL FABRICACAO DE AUTO PECAS LT;RODOVIARIO;1579585;18/09/2026;1;362670;18/09/2026;SAGA ASIA COM. DE VEIC.PC.E SERV. LTDA;2,23E+13;VARZEA GRANDE;MT;18/09/2026;29/09/2026;22/09/2026;Entregue No Prazo;;Entrega realizada;Entrega Finalizada;29;9;18;9;CARVALIMA;13004;;;
MOBIS BRASIL FABRICACAO DE AUTO PECAS LT;RODOVIARIO;1579586;18/09/2026;37;362670;18/09/2026;SAGA ASIA COM. DE VEIC.PC.E SERV. LTDA;2,23E+13;VARZEA GRANDE;MT;18/09/2026;29/09/2026;22/09/2026;Entregue No Prazo;;Entrega realizada;Entrega Finalizada;29;9;18;9;CARVALIMA;13004;;;
MOBIS BRASIL FABRICACAO DE AUTO PECAS LT;RODOVIARIO;1579624;18/09/2026;1;362688;18/09/2026;CHINHAN AUTOMOVEIS LTDA.;2,41E+13;CACADOR;SC;18/09/2026;29/09/2026;24/09/2026;Entregue No Prazo;;Entrega realizada;Entrega Finalizada;29;9;18;9;TRANSTRY;24020;;;
MOBIS BRASIL FABRICACAO DE AUTO PECAS LT;RODOVIARIO;1579647;18/09/2026;2;362639;18/09/2026;PRIVILLEGE DISTRIBUIDORA DE VEICULOS LTD;1,72E+13;PALMAS;TO;18/09/2026;29/09/2026;;Pendente Fora;;28/09 Em transferencia para a cidade de destino;Entrega Pendente;29;9;18;9;RIO VERMELHO;27003;;;
MOBIS BRASIL FABRICACAO DE AUTO PECAS LT;RODOVIARIO;1579561;18/09/2026;1;362666;18/09/2026;PATEO COMERCIO DE VEICULOS S A;7,78E+12;SALVADOR;BA;18/09/2026;30/09/2026;25/09/2026;Entregue No Prazo;;Entrega realizada;Entrega Finalizada;30;9;18;9;TERMACO;5003;;;
MOBIS BRASIL FABRICACAO DE AUTO PECAS LT;RODOVIARIO;1579562;18/09/2026;2;362666;18/09/2026;PATEO COMERCIO DE VEICULOS S A;7,78E+12;SALVADOR;BA;18/09/2026;30/09/2026;25/09/2026;Entregue No Prazo;;Entrega realizada;Entrega Finalizada;30;9;18;9;TERMACO;5003;;;
MOBIS BRASIL FABRICACAO DE AUTO PECAS LT;RODOVIARIO;1579563;18/09/2026;9;362654;18/09/2026;FAZZA MOTORS COMERCIO DE VEICULOS LTDA;1,24E+13;SALVADOR;BA;18/09/2026;30/09/2026;25/09/2026;Entregue No Prazo;;Entrega realizada;Entrega Finalizada;30;9;18;9;TERMACO;5007;;;
MOBIS BRASIL FABRICACAO DE AUTO PECAS LT;RODOVIARIO;1579573;18/09/2026;1;362646;18/09/2026;URCA MOTORS VEICULOS LTDA;8,77E+12;RIO VERDE;GO;18/09/2026;30/09/2026;30/09/2026;Entregue No Prazo;;Entrega realizada;Entrega Finalizada;30;9;18;9;RIO VERMELHO;9014;;;
MOBIS BRASIL FABRICACAO DE AUTO PECAS LT;RODOVIARIO;1579572;18/09/2026;2;362642;18/09/2026;SAGA KOREA COM. DE VEIC. E PC. LTDA;1,27E+13;ANAPOLIS;GO;18/09/2026;01/10/2026;23/09/2026;Entregue No Prazo;;Entrega realizada;Entrega Finalizada;1;10;18;9;RIO VERMELHO;9012;;;
MOBIS BRASIL FABRICACAO DE AUTO PECAS LT;RODOVIARIO;1579587;18/09/2026;37;362678;18/09/2026;UNIQUE COMERCIO DE AUTOMOVEIS LTDA;1,74E+13;ANANINDEUA;PA;18/09/2026;01/10/2026;24/09/2026;Entregue No Prazo;;Entrega realizada;Entrega Finalizada;1;10;18;9;CARVALIMA;14003;;;
MOBIS BRASIL FABRICACAO DE AUTO PECAS LT;RODOVIARIO;1579588;18/09/2026;1;362651;18/09/2026;CAOA MOTOR DO BRASIL LTDA;1,68E+13;BELEM;PA;18/09/2026;01/10/2026;24/09/2026;Entregue No Prazo;;Entrega realizada;Entrega Finalizada;1;10;18;9;CARVALIMA;5008;;;
MOBIS BRASIL FABRICACAO DE AUTO PECAS LT;RODOVIARIO;1579625;18/09/2026;5;362673;18/09/2026;SAINT LAND COMERCIO DE VEICULOS LTDA;1,04E+13;ARACAJU;SE;18/09/2026;01/10/2026;28/09/2026;Entregue No Prazo;;Entrega realizada;Entrega Finalizada;1;10;18;9;TERMACO;6010;;;
MOBIS BRASIL FABRICACAO DE AUTO PECAS LT;RODOVIARIO;1579574;18/09/2026;3;362636;18/09/2026;NASA MOTORS LTDA.;2,65E+13;SAO LUIS DE MONTES BELOS;GO;18/09/2026;02/10/2026;;Pendente No Prazo;;28/09 Em transferencia para a cidade de destino;Entrega Pendente;2;10;18;9;RIO VERMELHO;9016;;;
MOBIS BRASIL FABRICACAO DE AUTO PECAS LT;RODOVIARIO;1579646;18/09/2026;2;362640;18/09/2026;PRIVILLEGE DISTRIBUIDORA DE VEICULOS LTD;1,72E+13;ARAGUAINA;TO;18/09/2026;02/10/2026;;Pendente No Prazo;;28/09 Em transferencia para a cidade de destino;Entrega Pendente;2;10;18;9;RIO VERMELHO;27002;;;
MOBIS BRASIL FABRICACAO DE AUTO PECAS LT;RODOVIARIO;1579660;18/09/2026;3;362653;18/09/2026;FAZZA MOTORS COM. DE VEICULOS LTDA;1,24E+13;FORTALEZA;CE;18/09/2026;02/10/2026;28/09/2026;Entregue No Prazo;;Entrega realizada;Entrega Finalizada;2;10;18;9;TERMACO;6001;;;
MOBIS BRASIL FABRICACAO DE AUTO PECAS LT;RODOVIARIO;1579560;18/09/2026;7;362650;18/09/2026;AIKON VEICULOS LTDA;1,17E+13;VITORIA DA CONQUISTA;BA;18/09/2026;05/10/2026;23/09/2026;Entregue No Prazo;;Entrega realizada;Entrega Finalizada;5;10;18;9;TERMACO;5002;Criação do Estado de Roraima;Estadual;RR
MOBIS BRASIL FABRICACAO DE AUTO PECAS LT;RODOVIARIO;1579564;18/09/2026;14;362664;18/09/2026;PATEO COMERCIO DE VEICULOS S A;7,78E+12;FEIRA DE SANTANA;BA;18/09/2026;05/10/2026;24/09/2026;Entregue No Prazo;;Entrega realizada;Entrega Finalizada;5;10;18;9;TERMACO;5009;Criação do Estado de Roraima;Estadual;RR
MOBIS BRASIL FABRICACAO DE AUTO PECAS LT;RODOVIARIO;1579565;18/09/2026;3;362663;18/09/2026;ORVEL AUTOMOTOR HYD LTDA;2,52E+13;TEIXEIRA DE FREITAS;BA;18/09/2026;05/10/2026;25/09/2026;Entregue No Prazo;;Entrega realizada;Entrega Finalizada;5;10;18;9;TERMACO;5011;Criação do Estado de Roraima;Estadual;RR
MOBIS BRASIL FABRICACAO DE AUTO PECAS LT;RODOVIARIO;1579575;18/09/2026;26;362665;18/09/2026;PATEO COMERCIO DE VEICULOS S A;7,78E+12;SAO LUIS;MA;18/09/2026;05/10/2026;28/09/2026;Entregue No Prazo;;Entrega realizada;Entrega Finalizada;5;10;18;9;TERMACO;10002;Criação do Estado de Roraima;Estadual;RR
MOBIS BRASIL FABRICACAO DE AUTO PECAS LT;RODOVIARIO;1579590;18/09/2026;3;362667;18/09/2026;PATEO COMERCIO DE VEICULOS S A;7,78E+12;JOAO PESSOA;PB;18/09/2026;05/10/2026;28/09/2026;Entregue No Prazo;;Entrega realizada;Entrega Finalizada;5;10;18;9;TERMACO;15003;Criação do Estado de Roraima;Estadual;RR
MOBIS BRASIL FABRICACAO DE AUTO PECAS LT;RODOVIARIO;1579592;18/09/2026;1;362668;18/09/2026;PATEO COMERCIO DE VEICULOS S A;7,78E+12;RECIFE;PE;18/09/2026;05/10/2026;28/09/2026;Entregue No Prazo;;Entrega realizada;Entrega Finalizada;5;10;18;9;TERMACO;16004;Criação do Estado de Roraima;Estadual;RR
MOBIS BRASIL FABRICACAO DE AUTO PECAS LT;RODOVIARIO;1579589;18/09/2026;5;362660;18/09/2026;NACIONAL NOVA MARABA DIST DE VEIC. LTDA;1,70E+13;PARAUAPEBAS;PA;18/09/2026;06/10/2026;28/09/2026;Entregue No Prazo;;Entrega realizada;Entrega Finalizada;6;10;18;9;CARVALIMA;14010;;;
MOBIS BRASIL FABRICACAO DE AUTO PECAS LT;RODOVIARIO;1579591;18/09/2026;10;362658;18/09/2026;JPN PATOS COMERCIO DE VEICULOS LTDA;4,20E+13;PATOS;PB;18/09/2026;06/10/2026;25/09/2026;Entregue No Prazo;;Entrega realizada;Entrega Finalizada;6;10;18;9;TERMACO;15004;;;
MOBIS BRASIL FABRICACAO DE AUTO PECAS LT;RODOVIARIO;1579593;18/09/2026;1;362657;18/09/2026;JPN COMERCIO DE AUTOMOVEIS LTDA;2,61E+13;GARANHUNS;PE;18/09/2026;06/10/2026;25/09/2026;Entregue No Prazo;;Entrega realizada;Entrega Finalizada;6;10;18;9;TERMACO;16009;;;
MOBIS BRASIL FABRICACAO DE AUTO PECAS LT;RODOVIARIO;1579606;18/09/2026;9;362662;18/09/2026;ORIENTE AUTOMOVEIS LTDA;1,33E+13;PARNAMIRIM;RN;18/09/2026;06/10/2026;28/09/2026;Entregue No Prazo;;Entrega realizada;Entrega Finalizada;6;10;18;9;TERMACO;20001;;;
MOBIS BRASIL FABRICACAO DE AUTO PECAS LT;RODOVIARIO;1579607;18/09/2026;2;362672;18/09/2026;SAINT LAND COM DE VEICULOS S A;1,04E+13;MOSSORO;RN;18/09/2026;06/10/2026;;Pendente No Prazo;;01/10 Em transferencia para a cidade de destino;Entrega Pendente;6;10;18;9;TERMACO;20002;;;
MOBIS BRASIL FABRICACAO DE AUTO PECAS LT;RODOVIARIO;1579608;18/09/2026;1;362671;18/09/2026;SAGA ASIA COM. DE VEIC.PC.E SERV. LTDA;2,14E+13;PORTO VELHO;RO;18/09/2026;06/10/2026;25/09/2026;Entregue No Prazo;;Entrega realizada;Entrega Finalizada;6;10;18;9;CARVALIMA;21003;;;
MOBIS BRASIL FABRICACAO DE AUTO PECAS LT;RODOVIARIO;1579559;18/09/2026;1;362675;18/09/2026;ULSAN COMERCIO DE VEICULOS LTDA;2,10E+13;RIO BRANCO;AC;18/09/2026;07/10/2026;28/09/2026;Entregue No Prazo;;Entrega realizada;Entrega Finalizada;7;10;18;9;CARVALIMA;21004;;;
MOBIS BRASIL FABRICACAO DE AUTO PECAS LT;RODOVIARIO;1579576;18/09/2026;4;362661;18/09/2026;NACIONAL NOVA MARABA DIST DE VEIC. LTDA;1,70E+13;IMPERATRIZ;MA;18/09/2026;08/10/2026;;Pendente No Prazo;;01/10 Em transferencia para a cidade de destino;Entrega Pendente;8;10;18;9;TERMACO;10003;;;
MOBIS BRASIL FABRICACAO DE AUTO PECAS LT;RODOVIARIO;1579609;18/09/2026;1;362677;18/09/2026;UNIQUE BOA VISTA COM. DE AUTOMOVEIS LTDA;3,48E+13;BOA VISTA;RR;18/09/2026;16/10/2026;;Pendente No Prazo;;01/10 Em transferencia para a cidade de destino;Entrega Pendente;16;10;18;9;CARVALIMA;22002;;;
MOBIS BRASIL FABRICACAO DE AUTO PECAS LT;RODOVIARIO;1579627;18/09/2026;28;362865;21/09/2026;NOBRE DISTRIBUIDORA DE VEICULOS E PECAS;5,76E+12;MOGI DAS CRUZES;SP;21/09/2026;23/09/2026;22/09/2026;Entregue No Prazo;;Entrega realizada;Entrega Finalizada;23;9;21;9;BV LOG;26004;;;
MOBIS BRASIL FABRICACAO DE AUTO PECAS LT;RODOVIARIO;1579642;18/09/2026;24;363152;21/09/2026;GRANDAY AUTOMOTORES LTDA (CHAC. CALIFOR);1,57E+13;SAO PAULO;SP;21/09/2026;23/09/2026;22/09/2026;Entregue No Prazo;;Entrega realizada;Entrega Finalizada;23;9;21;9;BV LOG;26090;;;
MOBIS BRASIL FABRICACAO DE AUTO PECAS LT;RODOVIARIO;1580912;21/09/2026;4;362896;21/09/2026;GRAND SPORT COM. DE VEIC. E PECAS LTDA;8,58E+12;GUARULHOS;SP;21/09/2026;23/09/2026;22/09/2026;Entregue No Prazo;;Entrega realizada;Entrega Finalizada;23;9;21;9;XD DIADEMA;26005;;;
MOBIS BRASIL FABRICACAO DE AUTO PECAS LT;RODOVIARIO;1580917;21/09/2026;1;362890;21/09/2026;CAOA MOTOR DO BRASIL LTDA(VL LEOPOLDINA);1,68E+13;SAO PAULO;SP;21/09/2026;23/09/2026;22/09/2026;Entregue No Prazo;;Entrega realizada;Entrega Finalizada;23;9;21;9;XD DIADEMA;26028;;;
MOBIS BRASIL FABRICACAO DE AUTO PECAS LT;RODOVIARIO;1580918;21/09/2026;1;362897;21/09/2026;GRAND SPORT COM. DE VEIC. E PECAS LTDA;8,58E+12;SAO PAULO;SP;21/09/2026;23/09/2026;22/09/2026;Entregue No Prazo;;Entrega realizada;Entrega Finalizada;23;9;21;9;XD DIADEMA;26034;;;
MOBIS BRASIL FABRICACAO DE AUTO PECAS LT;RODOVIARIO;1580919;21/09/2026;5;362892;21/09/2026;CHS MOTORS VEICULOS PECAS E SERV LTDA  ;1,69E+13;SAO PAULO;SP;21/09/2026;23/09/2026;22/09/2026;Entregue No Prazo;;Entrega realizada;Entrega Finalizada;23;9;21;9;XD DIADEMA;26037;;;
MOBIS BRASIL FABRICACAO DE AUTO PECAS LT;RODOVIARIO;1580921;21/09/2026;1;362898;21/09/2026;GRANDAY AUTOMOTORES LTDA;1,57E+13;SAO PAULO;SP;21/09/2026;23/09/2026;22/09/2026;Entregue No Prazo;;Entrega realizada;Entrega Finalizada;23;9;21;9;XD DIADEMA;26041;;;
MOBIS BRASIL FABRICACAO DE AUTO PECAS LT;RODOVIARIO;1580923;21/09/2026;63;363151;21/09/2026;BILLY DISTRIBUIDORA DE VEICULOS LTDA;1,34E+13;SAO CAETANO DO SUL;SP;21/09/2026;23/09/2026;22/09/2026;Entregue No Prazo;;Entrega realizada;Entrega Finalizada;23;9;21;9;BV LOG;26003;;;
MOBIS BRASIL FABRICACAO DE AUTO PECAS LT;RODOVIARIO;1580925;21/09/2026;1;362885;21/09/2026;BILLY DISTRIBUIDORA DE VEICULOS LTDA;1,34E+13;DIADEMA;SP;21/09/2026;23/09/2026;22/09/2026;Entregue No Prazo;;Entrega realizada;Entrega Finalizada;23;9;21;9;XD DIADEMA;26003;;;
MOBIS BRASIL FABRICACAO DE AUTO PECAS LT;RODOVIARIO;1580926;21/09/2026;4;362893;21/09/2026;CHS MOTORS VEICULOS PECAS(VL. GUILHERME);1,69E+13;SAO PAULO;SP;21/09/2026;23/09/2026;22/09/2026;Entregue No Prazo;;Entrega realizada;Entrega Finalizada;23;9;21;9;XD DIADEMA;26052;;;
MOBIS BRASIL FABRICACAO DE AUTO PECAS LT;RODOVIARIO;1580928;21/09/2026;1;362887;21/09/2026;CAOA MOTOR DO BRASIL LTDA;1,68E+13;SANTO ANDRE;SP;21/09/2026;23/09/2026;22/09/2026;Entregue No Prazo;;Entrega realizada;Entrega Finalizada;23;9;21;9;XD DIADEMA;5008;;;
MOBIS BRASIL FABRICACAO DE AUTO PECAS LT;RODOVIARIO;1580931;21/09/2026;1;362900;21/09/2026;NOBRE SP DISTRIB. DE VEIC. E PEC. LTDA;1,70E+13;SAO PAULO;SP;21/09/2026;23/09/2026;22/09/2026;Entregue No Prazo;;Entrega realizada;Entrega Finalizada;23;9;21;9;XD DIADEMA;26081;;;
MOBIS BRASIL FABRICACAO DE AUTO PECAS LT;RODOVIARIO;1580932;21/09/2026;15;363152;21/09/2026;GRANDAY AUTOMOTORES LTDA (CHAC. CALIFOR);1,57E+13;SAO PAULO;SP;21/09/2026;23/09/2026;22/09/2026;Entregue No Prazo;;Entrega realizada;Entrega Finalizada;23;9;21;9;BV LOG;26090;;;
MOBIS BRASIL FABRICACAO DE AUTO PECAS LT;RODOVIARIO;1580933;21/09/2026;2;362888;21/09/2026;CAOA MOTOR DO BRASIL LTDA (INDIANOPOLIS);1,68E+13;SAO PAULO;SP;21/09/2026;23/09/2026;22/09/2026;Entregue No Prazo;;Entrega realizada;Entrega Finalizada;23;9;21;9;XD DIADEMA;26091;;;
MOBIS BRASIL FABRICACAO DE AUTO PECAS LT;RODOVIARIO;1580937;21/09/2026;1;362891;21/09/2026;CHS MOTORS VEICULOS PECAS E SERV. LTDA;1,69E+13;OSASCO;SP;21/09/2026;23/09/2026;22/09/2026;Entregue No Prazo;;Entrega realizada;Entrega Finalizada;23;9;21;9;XD DIADEMA;26106;;;
MOBIS BRASIL FABRICACAO DE AUTO PECAS LT;RODOVIARIO;1580938;21/09/2026;1;362889;21/09/2026;CAOA MOTOR DO BRASIL LTDA(RAP. TAVARES);1,68E+13;SAO PAULO;SP;21/09/2026;23/09/2026;22/09/2026;Entregue No Prazo;;Entrega realizada;Entrega Finalizada;23;9;21;9;XD DIADEMA;26109;;;
MOBIS BRASIL FABRICACAO DE AUTO PECAS LT;RODOVIARIO;1579628;18/09/2026;1;362867;21/09/2026;ANDRETA II DISTRIBUIDORA DE VEIC. LTDA;9,10E+12;CAMPINAS;SP;21/09/2026;24/09/2026;21/09/2026;Entregue No Prazo;;Entrega realizada;Entrega Finalizada;24;9;21;9;BV LOG;26011;;;
MOBIS BRASIL FABRICACAO DE AUTO PECAS LT;RODOVIARIO;1579629;18/09/2026;52;362867;21/09/2026;ANDRETA II DISTRIBUIDORA DE VEIC. LTDA;9,10E+12;CAMPINAS;SP;21/09/2026;24/09/2026;21/09/2026;Entregue No Prazo;;Entrega realizada;Entrega Finalizada;24;9;21;9;BV LOG;26011;;;
MOBIS BRASIL FABRICACAO DE AUTO PECAS LT;RODOVIARIO;1579639;18/09/2026;27;362868;21/09/2026;DESTAQUE SEUL DISTR. DE VEIC. E PC. LTDA;2,12E+13;ATIBAIA;SP;21/09/2026;24/09/2026;21/09/2026;Entregue No Prazo;;Entrega realizada;Entrega Finalizada;24;9;21;9;BV LOG;26075;;;
MOBIS BRASIL FABRICACAO DE AUTO PECAS LT;RODOVIARIO;1580860;21/09/2026;14;362905;21/09/2026;TAI MOTORS VEICULOS S/A;9,27E+12;BELO HORIZONTE;MG;21/09/2026;24/09/2026;23/09/2026;Entregue No Prazo;;Entrega realizada;Entrega Finalizada;24;9;21;9;XD BETIM;8002;;;
MOBIS BRASIL FABRICACAO DE AUTO PECAS LT;RODOVIARIO;1580861;21/09/2026;1;362886;21/09/2026;CAOA MOTOR DO BRASIL LTDA;1,68E+13;BELO HORIZONTE;MG;21/09/2026;24/09/2026;23/09/2026;Entregue No Prazo;;Entrega realizada;Entrega Finalizada;24;9;21;9;XD BETIM;5008;;;
MOBIS BRASIL FABRICACAO DE AUTO PECAS LT;RODOVIARIO;1580864;21/09/2026;39;362884;21/09/2026;BDG AUTOVILLE VEICULOS LTDA;4,77E+13;CONTAGEM;MG;21/09/2026;24/09/2026;23/09/2026;Entregue No Prazo;;Entrega realizada;Entrega Finalizada;24;9;21;9;XD BETIM;11037;;;
MOBIS BRASIL FABRICACAO DE AUTO PECAS LT;RODOVIARIO;1580879;21/09/2026;11;362961;21/09/2026;SEVEC VEICULOS LTDA;5,68E+11;CURITIBA;PR;21/09/2026;24/09/2026;23/09/2026;Entregue No Prazo;;Entrega realizada;Entrega Finalizada;24;9;21;9;TRANSTRY;18012;;;
MOBIS BRASIL FABRICACAO DE AUTO PECAS LT;RODOVIARIO;1580883;21/09/2026;4;362948;21/09/2026;BARI VEICULOS LTDA;7,46E+12;CURITIBA;PR;21/09/2026;24/09/2026;22/09/2026;Entregue No Prazo;;Entrega realizada;Entrega Finalizada;24;9;21;9;TRANSTRY;18024;;;
MOBIS BRASIL FABRICACAO DE AUTO PECAS LT;RODOVIARIO;1580914;21/09/2026;40;362867;21/09/2026;ANDRETA II DISTRIBUIDORA DE VEIC. LTDA;9,10E+12;CAMPINAS;SP;21/09/2026;24/09/2026;21/09/2026;Entregue No Prazo;;Entrega realizada;Entrega Finalizada;24;9;21;9;BV LOG;26011;;;
MOBIS BRASIL FABRICACAO DE AUTO PECAS LT;RODOVIARIO;1580915;21/09/2026;16;362863;21/09/2026;MOTONET COMERCIO DE VEICULOS LTDA;9,28E+12;SOROCABA;SP;21/09/2026;24/09/2026;23/09/2026;Entregue No Prazo;;Entrega realizada;Entrega Finalizada;24;9;21;9;MVT;26113;;;
MOBIS BRASIL FABRICACAO DE AUTO PECAS LT;RODOVIARIO;1580916;21/09/2026;54;363153;21/09/2026;NEW VEICULOS E PECAS LTDA;1,59E+13;RIBEIRAO PRETO;SP;21/09/2026;24/09/2026;23/09/2026;Entregue No Prazo;;Entrega realizada;Entrega Finalizada;24;9;21;9;BV LOG;26014;;;
MOBIS BRASIL FABRICACAO DE AUTO PECAS LT;RODOVIARIO;1580920;21/09/2026;1;362857;21/09/2026;ANDRETA II DISTRIBUIDORA DE VEIC. LTDA;9,10E+12;JUNDIAI;SP;21/09/2026;24/09/2026;23/09/2026;Entregue No Prazo;;Entrega realizada;Entrega Finalizada;24;9;21;9;MVT;26011;;;
MOBIS BRASIL FABRICACAO DE AUTO PECAS LT;RODOVIARIO;1580924;21/09/2026;1;362858;21/09/2026;ANDRETA II DISTRIBUIDORA DE VEIC. LTDA;9,10E+12;AMERICANA;SP;21/09/2026;24/09/2026;23/09/2026;Entregue No Prazo;;Entrega realizada;Entrega Finalizada;24;9;21;9;MVT;26011;;;
MOBIS BRASIL FABRICACAO DE AUTO PECAS LT;RODOVIARIO;1580929;21/09/2026;1;362859;21/09/2026;DESTAQUE SEUL DISTR. DE VEIC. E PC. LTDA;2,12E+13;BRAGANCA PAULISTA;SP;21/09/2026;24/09/2026;23/09/2026;Entregue No Prazo;;Entrega realizada;Entrega Finalizada;24;9;21;9;MVT;26074;;;
MOBIS BRASIL FABRICACAO DE AUTO PECAS LT;RODOVIARIO;1580930;21/09/2026;4;362894;21/09/2026;DESTAQUE SEUL DISTR. DE VEIC. E PC. LTDA;2,12E+13;ATIBAIA;SP;21/09/2026;24/09/2026;22/09/2026;Entregue No Prazo;;Entrega realizada;Entrega Finalizada;24;9;21;9;XD DIADEMA;26075;;;
MOBIS BRASIL FABRICACAO DE AUTO PECAS LT;RODOVIARIO;1580862;21/09/2026;2;362908;21/09/2026;VIME POCOS COM. DE VEICULOS E PECAS LTDA;3,43E+13;POCOS DE CALDAS;MG;21/09/2026;25/09/2026;23/09/2026;Entregue No Prazo;;Entrega realizada;Entrega Finalizada;25;9;21;9;XD BETIM;11033;;;
MOBIS BRASIL FABRICACAO DE AUTO PECAS LT;RODOVIARIO;1580878;21/09/2026;1;362958;21/09/2026;LOVAT VEICULOS S/A;8,57E+12;LONDRINA;PR;21/09/2026;25/09/2026;23/09/2026;Entregue No Prazo;;Entrega realizada;Entrega Finalizada;25;9;21;9;TRANSTRY;18008;;;
MOBIS BRASIL FABRICACAO DE AUTO PECAS LT;RODOVIARIO;1580881;21/09/2026;2;362949;21/09/2026;BARI VEICULOS LTDA;7,46E+12;PONTA GROSSA;PR;21/09/2026;25/09/2026;23/09/2026;Entregue No Prazo;;Entrega realizada;Entrega Finalizada;25;9;21;9;TRANSTRY;18024;;;
MOBIS BRASIL FABRICACAO DE AUTO PECAS LT;RODOVIARIO;1580882;21/09/2026;9;362949;21/09/2026;BARI VEICULOS LTDA;7,46E+12;PONTA GROSSA;PR;21/09/2026;25/09/2026;23/09/2026;Entregue No Prazo;;Entrega realizada;Entrega Finalizada;25;9;21;9;TRANSTRY;18024;;;
MOBIS BRASIL FABRICACAO DE AUTO PECAS LT;RODOVIARIO;1580884;21/09/2026;4;362921;21/09/2026;ITAVEMA MOTORS VEICULOS LTDA;7,73E+12;DUQUE DE CAXIAS;RJ;21/09/2026;25/09/2026;23/09/2026;Entregue No Prazo;;Entrega realizada;Entrega Finalizada;25;9;21;9;CAMILO;19001;;;
MOBIS BRASIL FABRICACAO DE AUTO PECAS LT;RODOVIARIO;1580886;21/09/2026;28;362920;21/09/2026;ITAVEMA MOTORS VEICULOS LTDA;7,73E+12;RIO DE JANEIRO;RJ;21/09/2026;25/09/2026;23/09/2026;Entregue No Prazo;;Entrega realizada;Entrega Finalizada;25;9;21;9;CAMILO;19001;;;
MOBIS BRASIL FABRICACAO DE AUTO PECAS LT;RODOVIARIO;1580887;21/09/2026;3;362911;21/09/2026;CAOA MOTOR DO BRASIL LTDA;1,68E+13;NITEROI;RJ;21/09/2026;25/09/2026;23/09/2026;Entregue No Prazo;;Entrega realizada;Entrega Finalizada;25;9;21;9;CAMILO;5008;;;
MOBIS BRASIL FABRICACAO DE AUTO PECAS LT;RODOVIARIO;1580895;21/09/2026;23;362952;21/09/2026;CARWAY SUL VEICULOS LTDA;1,03E+13;CANOAS;RS;21/09/2026;25/09/2026;24/09/2026;Entregue No Prazo;;Entrega realizada;Entrega Finalizada;25;9;21;9;TRANSTRY;23003;;;
MOBIS BRASIL FABRICACAO DE AUTO PECAS LT;RODOVIARIO;1580907;21/09/2026;2;362951;21/09/2026;BARI VEICULOS LTDA.;7,46E+12;JOINVILLE;SC;21/09/2026;25/09/2026;23/09/2026;Entregue No Prazo;;Entrega realizada;Entrega Finalizada;25;9;21;9;TRANSTRY;24013;;;
MOBIS BRASIL FABRICACAO DE AUTO PECAS LT;RODOVIARIO;1580908;21/09/2026;3;362950;21/09/2026;BARI VEICULOS LTDA.;7,46E+12;ITAJAI;SC;21/09/2026;25/09/2026;24/09/2026;Entregue No Prazo;;Entrega realizada;Entrega Finalizada;25;9;21;9;TRANSTRY;24014;;;
MOBIS BRASIL FABRICACAO DE AUTO PECAS LT;RODOVIARIO;1580927;21/09/2026;3;362860;21/09/2026;GOLDEN MOTORS VEICULOS LTDA;3,62E+12;ARACATUBA;SP;21/09/2026;25/09/2026;25/09/2026;Entregue No Prazo;;Entrega realizada;Entrega Finalizada;25;9;21;9;MVT;12001;;;
MOBIS BRASIL FABRICACAO DE AUTO PECAS LT;RODOVIARIO;1580934;21/09/2026;3;362861;21/09/2026;H - CAMINHO AUTOMOVEIS LTDA;2,53E+13;PIRACICABA;SP;21/09/2026;25/09/2026;23/09/2026;Entregue No Prazo;;Entrega realizada;Entrega Finalizada;25;9;21;9;MVT;26092;;;
MOBIS BRASIL FABRICACAO DE AUTO PECAS LT;RODOVIARIO;1580935;21/09/2026;1;362861;21/09/2026;H - CAMINHO AUTOMOVEIS LTDA;2,53E+13;PIRACICABA;SP;21/09/2026;25/09/2026;23/09/2026;Entregue No Prazo;;Entrega realizada;Entrega Finalizada;25;9;21;9;MVT;26092;;;
MOBIS BRASIL FABRICACAO DE AUTO PECAS LT;RODOVIARIO;1580936;21/09/2026;1;362862;21/09/2026;H - CAMINHO AUTOMOVEIS LTDA;2,53E+13;CATANDUVA;SP;21/09/2026;25/09/2026;24/09/2026;Entregue No Prazo;;Entrega realizada;Entrega Finalizada;25;9;21;9;MVT;26092;;;
MOBIS BRASIL FABRICACAO DE AUTO PECAS LT;RODOVIARIO;1580940;21/09/2026;112;363150;21/09/2026;H R B COMERCIO DE VEICULOS LTDA;1,82E+13;SAO JOSE DO RIO PRETO;SP;21/09/2026;25/09/2026;22/09/2026;Entregue No Prazo;;Entrega realizada;Entrega Finalizada;25;9;21;9;BV LOG;26050;;;
MOBIS BRASIL FABRICACAO DE AUTO PECAS LT;RODOVIARIO;1580941;21/09/2026;9;363150;21/09/2026;H R B COMERCIO DE VEICULOS LTDA;1,82E+13;SAO JOSE DO RIO PRETO;SP;21/09/2026;25/09/2026;22/09/2026;Entregue No Prazo;;Entrega realizada;Entrega Finalizada;25;9;21;9;BV LOG;26050;;;
MOBIS BRASIL FABRICACAO DE AUTO PECAS LT;RODOVIARIO;1580858;21/09/2026;1;362909;21/09/2026;VITAL COMERCIO DE VEICULOS LTDA;1,05E+13;GOVERNADOR VALADARES;MG;21/09/2026;28/09/2026;24/09/2026;Entregue No Prazo;;Entrega realizada;Entrega Finalizada;28;9;21;9;XD BETIM;11016;;;
MOBIS BRASIL FABRICACAO DE AUTO PECAS LT;RODOVIARIO;1580859;21/09/2026;3;362909;21/09/2026;VITAL COMERCIO DE VEICULOS LTDA;1,05E+13;GOVERNADOR VALADARES;MG;21/09/2026;28/09/2026;24/09/2026;Entregue No Prazo;;Entrega realizada;Entrega Finalizada;28;9;21;9;XD BETIM;11016;;;
MOBIS BRASIL FABRICACAO DE AUTO PECAS LT;RODOVIARIO;1580863;21/09/2026;1;362895;21/09/2026;GNC GRANDE COREIA MINAS GERAIS COMERCIO;4,27E+13;MONTES CLAROS;MG;21/09/2026;28/09/2026;23/09/2026;Entregue No Prazo;;Entrega realizada;Entrega Finalizada;28;9;21;9;XD BETIM;11035;;;
MOBIS BRASIL FABRICACAO DE AUTO PECAS LT;RODOVIARIO;1580880;21/09/2026;1;362962;21/09/2026;ZENDAI VEICULOS LTDA;1,97E+13;TOLEDO;PR;21/09/2026;28/09/2026;24/09/2026;Entregue No Prazo;;Entrega realizada;Entrega Finalizada;28;9;21;9;TRANSTRY;18016;;;
MOBIS BRASIL FABRICACAO DE AUTO PECAS LT;RODOVIARIO;1580885;21/09/2026;1;362944;21/09/2026;VIA VR VEICULOS LTDA;1,73E+13;VOLTA REDONDA;RJ;21/09/2026;28/09/2026;23/09/2026;Entregue No Prazo;;Entrega realizada;Entrega Finalizada;28;9;21;9;CAMILO;19016;;;
MOBIS BRASIL FABRICACAO DE AUTO PECAS LT;RODOVIARIO;1580888;21/09/2026;3;362940;21/09/2026;TAI MOTORS VEICULOS S/A;9,27E+12;CAMPOS DOS GOYTACAZES;RJ;21/09/2026;28/09/2026;23/09/2026;Entregue No Prazo;;Entrega realizada;Entrega Finalizada;28;9;21;9;CAMILO;8002;;;
MOBIS BRASIL FABRICACAO DE AUTO PECAS LT;RODOVIARIO;1580889;21/09/2026;1;362925;21/09/2026;MONTREAL VEICULOS E PECAS LTDA;1,68E+13;MACAE;RJ;21/09/2026;28/09/2026;24/09/2026;Entregue No Prazo;;Entrega realizada;Entrega Finalizada;28;9;21;9;CAMILO;19030;;;
MOBIS BRASIL FABRICACAO DE AUTO PECAS LT;RODOVIARIO;1580890;21/09/2026;1;362926;21/09/2026;MONTREAL VEICULOS E PECAS LTDA;1,68E+13;SAO PEDRO DA ALDEIA;RJ;21/09/2026;28/09/2026;25/09/2026;Entregue No Prazo;;Entrega realizada;Entrega Finalizada;28;9;21;9;CAMILO;19030;;;
MOBIS BRASIL FABRICACAO DE AUTO PECAS LT;RODOVIARIO;1580897;21/09/2026;1;362955;21/09/2026;GALA COMERCIO DE VEICULOS LTDA.;1,77E+13;PELOTAS;RS;21/09/2026;28/09/2026;24/09/2026;Entregue No Prazo;;Entrega realizada;Entrega Finalizada;28;9;21;9;TRANSTRY;23009;;;
MOBIS BRASIL FABRICACAO DE AUTO PECAS LT;RODOVIARIO;1580899;21/09/2026;2;362946;21/09/2026;ATUAL VEICULOS LTDA;1,33E+13;ARARANGUA;SC;21/09/2026;28/09/2026;25/09/2026;Entregue No Prazo;;Entrega realizada;Entrega Finalizada;28;9;21;9;TRANSTRY;24001;;;
MOBIS BRASIL FABRICACAO DE AUTO PECAS LT;RODOVIARIO;1580900;21/09/2026;3;362945;21/09/2026;ATUAL VEICULOS LTDA;1,33E+13;TUBARAO;SC;21/09/2026;28/09/2026;28/09/2026;Entregue No Prazo;;Entrega realizada;Entrega Finalizada;28;9;21;9;TRANSTRY;24001;;;
MOBIS BRASIL FABRICACAO DE AUTO PECAS LT;RODOVIARIO;1580901;21/09/2026;3;362945;21/09/2026;ATUAL VEICULOS LTDA;1,33E+13;TUBARAO;SC;21/09/2026;28/09/2026;28/09/2026;Entregue No Prazo;;Entrega realizada;Entrega Finalizada;28;9;21;9;TRANSTRY;24001;;;
MOBIS BRASIL FABRICACAO DE AUTO PECAS LT;RODOVIARIO;1580902;21/09/2026;2;362960;21/09/2026;LS COMERCIO DE AUTOMOVEIS LTDA.;1,03E+13;BRUSQUE;SC;21/09/2026;28/09/2026;24/09/2026;Entregue No Prazo;;Entrega realizada;Entrega Finalizada;28;9;21;9;TRANSTRY;24006;;;
MOBIS BRASIL FABRICACAO DE AUTO PECAS LT;RODOVIARIO;1580903;21/09/2026;3;362959;21/09/2026;LR COMERCIO DE VEICULOS LTDA;1,05E+13;SAO JOSE;SC;21/09/2026;28/09/2026;24/09/2026;Entregue No Prazo;;Entrega realizada;Entrega Finalizada;28;9;21;9;TRANSTRY;24007;;;
MOBIS BRASIL FABRICACAO DE AUTO PECAS LT;RODOVIARIO;1580904;21/09/2026;1;362959;21/09/2026;LR COMERCIO DE VEICULOS LTDA;1,05E+13;SAO JOSE;SC;21/09/2026;28/09/2026;24/09/2026;Entregue No Prazo;;Entrega realizada;Entrega Finalizada;28;9;21;9;TRANSTRY;24007;;;
MOBIS BRASIL FABRICACAO DE AUTO PECAS LT;RODOVIARIO;1580905;21/09/2026;14;362947;21/09/2026;BARI VEICULOS LTDA;7,46E+12;BLUMENAU;SC;21/09/2026;28/09/2026;24/09/2026;Entregue No Prazo;;Entrega realizada;Entrega Finalizada;28;9;21;9;TRANSTRY;18024;;;
MOBIS BRASIL FABRICACAO DE AUTO PECAS LT;RODOVIARIO;1580909;21/09/2026;1;362956;21/09/2026;GAMBATTO H1 VEICULOS LTDA;1,94E+13;CHAPECO;SC;21/09/2026;28/09/2026;23/09/2026;Entregue No Prazo;;Entrega realizada;Entrega Finalizada;28;9;21;9;TRANSTRY;24018;;;
MOBIS BRASIL FABRICACAO DE AUTO PECAS LT;RODOVIARIO;1580849;21/09/2026;1;362903;21/09/2026;SMAFF IMPORT VEICULOS LTDA;8,18E+12;BRASILIA;DF;21/09/2026;29/09/2026;24/09/2026;Entregue No Prazo;;Entrega realizada;Entrega Finalizada;29;9;21;9;RIO VERMELHO;7002;;;
MOBIS BRASIL FABRICACAO DE AUTO PECAS LT;RODOVIARIO;1580850;21/09/2026;1;362933;21/09/2026;PRIME CACHOEIRO VEICULOS LTDA;9,34E+12;CACHOEIRO DE ITAPEMIRIM;ES;21/09/2026;29/09/2026;25/09/2026;Entregue No Prazo;;Entrega realizada;Entrega Finalizada;29;9;21;9;CAMILO;8004;;;
MOBIS BRASIL FABRICACAO DE AUTO PECAS LT;RODOVIARIO;1580851;21/09/2026;2;362933;21/09/2026;PRIME CACHOEIRO VEICULOS LTDA;9,34E+12;CACHOEIRO DE ITAPEMIRIM;ES;21/09/2026;29/09/2026;25/09/2026;Entregue No Prazo;;Entrega realizada;Entrega Finalizada;29;9;21;9;CAMILO;8004;;;
MOBIS BRASIL FABRICACAO DE AUTO PECAS LT;RODOVIARIO;1580852;21/09/2026;4;362932;21/09/2026;PRIME CACHOEIRO VEICULOS LTDA;9,34E+12;LINHARES;ES;21/09/2026;29/09/2026;24/09/2026;Entregue No Prazo;;Entrega realizada;Entrega Finalizada;29;9;21;9;CAMILO;8004;;;
MOBIS BRASIL FABRICACAO DE AUTO PECAS LT;RODOVIARIO;1580853;21/09/2026;3;362902;21/09/2026;SAGA KOREA COM. DE VEIC. E PC. LTDA;1,27E+13;GOIANIA;GO;21/09/2026;29/09/2026;28/09/2026;Entregue No Prazo;;Entrega realizada;Entrega Finalizada;29;9;21;9;RIO VERMELHO;9011;;;
MOBIS BRASIL FABRICACAO DE AUTO PECAS LT;RODOVIARIO;1580854;21/09/2026;3;362899;21/09/2026;NISA COMERCIAL DE VEIC. AUTOMOTORES LTDA;1,03E+13;GOIANIA;GO;21/09/2026;29/09/2026;28/09/2026;Entregue No Prazo;;Entrega realizada;Entrega Finalizada;29;9;21;9;RIO VERMELHO;9013;;;
MOBIS BRASIL FABRICACAO DE AUTO PECAS LT;RODOVIARIO;1580865;21/09/2026;2;362915;21/09/2026;GOLDEN MOTORS VEICULOS LTDA;3,62E+12;DOURADOS;MS;21/09/2026;29/09/2026;24/09/2026;Entregue No Prazo;;Entrega realizada;Entrega Finalizada;29;9;21;9;CARVALIMA;12001;;;
MOBIS BRASIL FABRICACAO DE AUTO PECAS LT;RODOVIARIO;1580866;21/09/2026;1;362922;21/09/2026;JPG MOTORS COMERCIO DE VEICULOS LTDA;2,91E+13;CAMPO GRANDE;MS;21/09/2026;29/09/2026;25/09/2026;Entregue No Prazo;;Entrega realizada;Entrega Finalizada;29;9;21;9;CARVALIMA;12005;;;
MOBIS BRASIL FABRICACAO DE AUTO PECAS LT;RODOVIARIO;1580896;21/09/2026;1;362957;21/09/2026;HOUSE PARTS - COM. DE PECAS E VEIC. LTDA;1,15E+13;SANTA MARIA;RS;21/09/2026;29/09/2026;24/09/2026;Entregue No Prazo;;Entrega realizada;Entrega Finalizada;29;9;21;9;TRANSTRY;23008;;;
MOBIS BRASIL FABRICACAO DE AUTO PECAS LT;RODOVIARIO;1580898;21/09/2026;8;362953;21/09/2026;CHINHAN AUTOMOVEIS LTDA;2,41E+13;ERECHIM;RS;21/09/2026;29/09/2026;24/09/2026;Entregue No Prazo;;Entrega realizada;Entrega Finalizada;29;9;21;9;TRANSTRY;23019;;;
MOBIS BRASIL FABRICACAO DE AUTO PECAS LT;RODOVIARIO;1580906;21/09/2026;1;362904;21/09/2026;SMAFF IMPORT VEICULOS LTDA;8,18E+12;BRASILIA;DF;21/09/2026;29/09/2026;24/09/2026;Entregue No Prazo;;Entrega realizada;Entrega Finalizada;29;9;21;9;RIO VERMELHO;7002;;;
MOBIS BRASIL FABRICACAO DE AUTO PECAS LT;RODOVIARIO;1580867;21/09/2026;1;362934;21/09/2026;SAGA ASIA COM. DE VEIC.PC.E SERV. LTDA;2,23E+13;VARZEA GRANDE;MT;21/09/2026;30/09/2026;24/09/2026;Entregue No Prazo;;Entrega realizada;Entrega Finalizada;30;9;21;9;CARVALIMA;13004;;;
MOBIS BRASIL FABRICACAO DE AUTO PECAS LT;RODOVIARIO;1580910;21/09/2026;4;362954;21/09/2026;CHINHAN AUTOMOVEIS LTDA.;2,41E+13;CACADOR;SC;21/09/2026;30/09/2026;24/09/2026;Entregue No Prazo;;Entrega realizada;Entrega Finalizada;30;9;21;9;TRANSTRY;24020;;;
MOBIS BRASIL FABRICACAO DE AUTO PECAS LT;RODOVIARIO;1580939;21/09/2026;1;362901;21/09/2026;PRIVILLEGE DISTRIBUIDORA DE VEICULOS LTD;1,72E+13;PALMAS;TO;21/09/2026;30/09/2026;29/09/2026;Entregue No Prazo;;Entrega realizada;Entrega Finalizada;30;9;21;9;RIO VERMELHO;27003;;;
MOBIS BRASIL FABRICACAO DE AUTO PECAS LT;RODOVIARIO;1580846;21/09/2026;4;362914;21/09/2026;FAZZA MOTORS COMERCIO DE VEICULOS LTDA;1,24E+13;SALVADOR;BA;21/09/2026;01/10/2026;;Pendente Fora;;01/10 Em transferencia para a cidade de destino;Entrega Pendente;1;10;21;9;TERMACO;5007;;;
MOBIS BRASIL FABRICACAO DE AUTO PECAS LT;RODOVIARIO;1580855;21/09/2026;2;362907;21/09/2026;URCA MOTORS VEICULOS LTDA;8,77E+12;RIO VERDE;GO;21/09/2026;01/10/2026;30/09/2026;Entregue No Prazo;;Entrega realizada;Entrega Finalizada;1;10;21;9;RIO VERMELHO;9014;;;
MOBIS BRASIL FABRICACAO DE AUTO PECAS LT;RODOVIARIO;1580868;21/09/2026;2;362942;21/09/2026;UNIQUE COMERCIO DE AUTOMOVEIS LTDA;1,74E+13;ANANINDEUA;PA;21/09/2026;02/10/2026;28/09/2026;Entregue No Prazo;;Entrega realizada;Entrega Finalizada;2;10;21;9;CARVALIMA;14003;;;
MOBIS BRASIL FABRICACAO DE AUTO PECAS LT;RODOVIARIO;1580870;21/09/2026;1;362916;21/09/2026;GRANDE COREIA COMERCIO DE VEICULOS LTDA;2,66E+13;BELEM;PA;21/09/2026;02/10/2026;28/09/2026;Entregue No Prazo;;Entrega realizada;Entrega Finalizada;2;10;21;9;CARVALIMA;14007;;;
MOBIS BRASIL FABRICACAO DE AUTO PECAS LT;RODOVIARIO;1580893;21/09/2026;1;362935;21/09/2026;SAGA ASIA COM. DE VEIC.PC.E SERV. LTDA;2,14E+13;PORTO VELHO;RO;21/09/2026;02/10/2026;28/09/2026;Entregue No Prazo;;Entrega realizada;Entrega Finalizada;2;10;21;9;CARVALIMA;21003;;;
MOBIS BRASIL FABRICACAO DE AUTO PECAS LT;RODOVIARIO;1580911;21/09/2026;5;362937;21/09/2026;SAINT LAND COMERCIO DE VEICULOS LTDA;1,04E+13;ARACAJU;SE;21/09/2026;02/10/2026;29/09/2026;Entregue No Prazo;;Entrega realizada;Entrega Finalizada;2;10;21;9;TERMACO;6010;;;
MOBIS BRASIL FABRICACAO DE AUTO PECAS LT;RODOVIARIO;1580922;21/09/2026;1;362939;21/09/2026;SEVEL VEICULOS LTDA;1,07E+13;ARACAJU;SE;21/09/2026;02/10/2026;30/09/2026;Entregue No Prazo;;Entrega realizada;Entrega Finalizada;2;10;21;9;TERMACO;25001;;;
MOBIS BRASIL FABRICACAO DE AUTO PECAS LT;RODOVIARIO;1580843;21/09/2026;5;362912;21/09/2026;CYCOSA AUTOMOVEIS LTDA;4,76E+12;MACEIO;AL;21/09/2026;05/10/2026;;Pendente No Prazo;;01/10 Em transferencia para a cidade de destino;Entrega Pendente;5;10;21;9;TERMACO;2001;Criação do Estado de Roraima;Estadual;RR
MOBIS BRASIL FABRICACAO DE AUTO PECAS LT;RODOVIARIO;1580856;21/09/2026;6;362906;21/09/2026;TRIAUTO KOREA AUTOMOVEIS LTDA;4,99E+13;CATALAO;GO;21/09/2026;05/10/2026;;Pendente No Prazo;;28/09 Em transferencia para a cidade de destino;Entrega Pendente;5;10;21;9;RIO VERMELHO;9018;Criação do Estado de Roraima;Estadual;RR
MOBIS BRASIL FABRICACAO DE AUTO PECAS LT;RODOVIARIO;1580869;21/09/2026;1;362927;21/09/2026;NACIONAL NOVA MARABA DIST DE VEIC. LTDA;1,70E+13;MARABA;PA;21/09/2026;05/10/2026;29/09/2026;Entregue No Prazo;;Entrega realizada;Entrega Finalizada;5;10;21;9;CARVALIMA;14005;Criação do Estado de Roraima;Estadual;RR
MOBIS BRASIL FABRICACAO DE AUTO PECAS LT;RODOVIARIO;1580913;21/09/2026;3;362913;21/09/2026;FAZZA MOTORS COM. DE VEICULOS LTDA;1,24E+13;FORTALEZA;CE;21/09/2026;05/10/2026;28/09/2026;Entregue No Prazo;;Entrega realizada;Entrega Finalizada;5;10;21;9;TERMACO;6001;Criação do Estado de Roraima;Estadual;RR
MOBIS BRASIL FABRICACAO DE AUTO PECAS LT;RODOVIARIO;1580873;21/09/2026;14;362930;21/09/2026;PATEO COMERCIO DE VEICULOS S A;7,78E+12;RECIFE;PE;21/09/2026;06/10/2026;;Pendente No Prazo;;01/10 Em transferencia para a cidade de destino;Entrega Pendente;6;10;21;9;TERMACO;16004;;;
MOBIS BRASIL FABRICACAO DE AUTO PECAS LT;RODOVIARIO;1580892;21/09/2026;1;362936;21/09/2026;SAINT LAND COMERCIO DE VEICULOS LTDA;1,04E+13;NATAL;RN;21/09/2026;06/10/2026;;Pendente No Prazo;;01/10 Em transferencia para a cidade de destino;Entrega Pendente;6;10;21;9;TERMACO;6010;;;
MOBIS BRASIL FABRICACAO DE AUTO PECAS LT;RODOVIARIO;1580847;21/09/2026;2;362943;21/09/2026;VIA NORTE COM. E IMPORT. DE VEIC. LTDA;1,25E+13;SOBRAL;CE;21/09/2026;07/10/2026;29/09/2026;Entregue No Prazo;;Entrega realizada;Entrega Finalizada;7;10;21;9;TERMACO;6002;;;
MOBIS BRASIL FABRICACAO DE AUTO PECAS LT;RODOVIARIO;1580848;21/09/2026;2;362938;21/09/2026;SAINT LAND COMERCIO DE VEICULOS LTDA;1,04E+13;JUAZEIRO DO NORTE;CE;21/09/2026;07/10/2026;30/09/2026;Entregue No Prazo;;Entrega realizada;Entrega Finalizada;7;10;21;9;TERMACO;6010;;;
MOBIS BRASIL FABRICACAO DE AUTO PECAS LT;RODOVIARIO;1580871;21/09/2026;2;362910;21/09/2026;CAOA MOTOR DO BRASIL LTDA;1,68E+13;CAMPINA GRANDE;PB;21/09/2026;07/10/2026;;Pendente No Prazo;;01/10 Em transferencia para a cidade de destino;Entrega Pendente;7;10;21;9;TERMACO;5008;;;
MOBIS BRASIL FABRICACAO DE AUTO PECAS LT;RODOVIARIO;1580872;21/09/2026;5;362923;21/09/2026;JPN PATOS COMERCIO DE VEICULOS LTDA;4,20E+13;PATOS;PB;21/09/2026;07/10/2026;;Pendente No Prazo;;01/10 Em transferencia para a cidade de destino;Entrega Pendente;7;10;21;9;TERMACO;15004;;;
MOBIS BRASIL FABRICACAO DE AUTO PECAS LT;RODOVIARIO;1580874;21/09/2026;2;362918;21/09/2026;GREEN CITY VEICULOS LTDA;2,10E+13;TERESINA;PI;21/09/2026;07/10/2026;30/09/2026;Entregue No Prazo;;Entrega realizada;Entrega Finalizada;7;10;21;9;TERMACO;17002;;;
MOBIS BRASIL FABRICACAO DE AUTO PECAS LT;RODOVIARIO;1580876;21/09/2026;1;362917;21/09/2026;GREEN CITY VEICULOS LTDA;2,10E+13;TERESINA;PI;21/09/2026;07/10/2026;30/09/2026;Entregue No Prazo;;Entrega realizada;Entrega Finalizada;7;10;21;9;TERMACO;17002;;;
MOBIS BRASIL FABRICACAO DE AUTO PECAS LT;RODOVIARIO;1580877;21/09/2026;12;362917;21/09/2026;GREEN CITY VEICULOS LTDA;2,10E+13;TERESINA;PI;21/09/2026;07/10/2026;30/09/2026;Entregue No Prazo;;Entrega realizada;Entrega Finalizada;7;10;21;9;TERMACO;17002;;;
MOBIS BRASIL FABRICACAO DE AUTO PECAS LT;RODOVIARIO;1580891;21/09/2026;14;362929;21/09/2026;ORIENTE AUTOMOVEIS LTDA;1,33E+13;PARNAMIRIM;RN;21/09/2026;07/10/2026;30/09/2026;Entregue No Prazo;;Entrega realizada;Entrega Finalizada;7;10;21;9;TERMACO;20001;;;
MOBIS BRASIL FABRICACAO DE AUTO PECAS LT;RODOVIARIO;1580857;21/09/2026;1;362928;21/09/2026;NACIONAL NOVA MARABA DIST DE VEIC. LTDA;1,70E+13;IMPERATRIZ;MA;21/09/2026;09/10/2026;;Pendente No Prazo;;01/10 Em transferencia para a cidade de destino;Entrega Pendente;9;10;21;9;TERMACO;10003;;;
MOBIS BRASIL FABRICACAO DE AUTO PECAS LT;RODOVIARIO;1580875;21/09/2026;1;362919;21/09/2026;GREEN CITY VEICULOS LTDA;2,10E+13;PARNAIBA;PI;21/09/2026;09/10/2026;;Pendente No Prazo;;01/10 Em transferencia para a cidade de destino;Entrega Pendente;9;10;21;9;TERMACO;17002;;;
MOBIS BRASIL FABRICACAO DE AUTO PECAS LT;RODOVIARIO;1580845;21/09/2026;4;362924;21/09/2026;MISO VEICULOS LTDA;1,85E+13;MACAPA;AP;21/09/2026;12/10/2026;;Pendente No Prazo;;01/10 Em transferencia para a cidade de destino;Entrega Pendente;12;10;21;9;CARVALIMA;4001;;;
MOBIS BRASIL FABRICACAO DE AUTO PECAS LT;RODOVIARIO;1580844;21/09/2026;1;362931;21/09/2026;PATEO COMERCIO DE VEICULOS S A;7,78E+12;MANAUS;AM;21/09/2026;15/10/2026;;Pendente No Prazo;;01/10 Em transferencia para a cidade de destino;Entrega Pendente;15;10;21;9;CARVALIMA;3002;;;
MOBIS BRASIL FABRICACAO DE AUTO PECAS LT;RODOVIARIO;1580894;21/09/2026;3;362941;21/09/2026;UNIQUE BOA VISTA COM. DE AUTOMOVEIS LTDA;3,48E+13;BOA VISTA;RR;21/09/2026;19/10/2026;;Pendente No Prazo;;01/10 Em transferencia para a cidade de destino;Entrega Pendente;19;10;21;9;CARVALIMA;22002;Dia do Piauí;Estadual;PI
MOBIS BRASIL FABRICACAO DE AUTO PECAS LT;RODOVIARIO;1581723;22/09/2026;2;363171;22/09/2026;BILLY DISTRIBUIDORA DE VEICULOS LTDA;1,34E+13;BARUERI;SP;22/09/2026;24/09/2026;23/09/2026;Entregue No Prazo;;Entrega realizada;Entrega Finalizada;24;9;22;9;XD DIADEMA;26003;;;
MOBIS BRASIL FABRICACAO DE AUTO PECAS LT;RODOVIARIO;1581724;22/09/2026;1;363181;22/09/2026;GRAND SPORT COM. DE VEIC. E PECAS LTDA;8,58E+12;GUARULHOS;SP;22/09/2026;24/09/2026;24/09/2026;Entregue No Prazo;;Entrega realizada;Entrega Finalizada;24;9;22;9;XD DIADEMA;26005;;;
MOBIS BRASIL FABRICACAO DE AUTO PECAS LT;RODOVIARIO;1581727;22/09/2026;2;363178;22/09/2026;CHS MOTORS VEICULOS PECAS E SERV LTDA  ;1,69E+13;SAO PAULO;SP;22/09/2026;24/09/2026;23/09/2026;Entregue No Prazo;;Entrega realizada;Entrega Finalizada;24;9;22;9;XD DIADEMA;26037;;;
MOBIS BRASIL FABRICACAO DE AUTO PECAS LT;RODOVIARIO;1581728;22/09/2026;4;363172;22/09/2026;CAOA MOTOR DO BRASIL LTDA (ARICANDUVA);1,68E+13;SAO PAULO;SP;22/09/2026;24/09/2026;24/09/2026;Entregue No Prazo;;Entrega realizada;Entrega Finalizada;24;9;22;9;XD DIADEMA;26039;;;
MOBIS BRASIL FABRICACAO DE AUTO PECAS LT;RODOVIARIO;1581730;22/09/2026;1;363170;22/09/2026;BILLY DISTRIBUIDORA DE VEICULOS LTDA;1,34E+13;SAO CAETANO DO SUL;SP;22/09/2026;24/09/2026;23/09/2026;Entregue No Prazo;;Entrega realizada;Entrega Finalizada;24;9;22;9;XD DIADEMA;26003;;;
MOBIS BRASIL FABRICACAO DE AUTO PECAS LT;RODOVIARIO;1581731;22/09/2026;34;363170;22/09/2026;BILLY DISTRIBUIDORA DE VEICULOS LTDA;1,34E+13;SAO CAETANO DO SUL;SP;22/09/2026;24/09/2026;23/09/2026;Entregue No Prazo;;Entrega realizada;Entrega Finalizada;24;9;22;9;XD DIADEMA;26003;;;
MOBIS BRASIL FABRICACAO DE AUTO PECAS LT;RODOVIARIO;1581734;22/09/2026;3;363174;22/09/2026;CAOA MOTOR DO BRASIL LTDA (VL PRUDENTE);1,68E+13;SAO PAULO;SP;22/09/2026;24/09/2026;23/09/2026;Entregue No Prazo;;Entrega realizada;Entrega Finalizada;24;9;22;9;XD DIADEMA;26051;;;
MOBIS BRASIL FABRICACAO DE AUTO PECAS LT;RODOVIARIO;1581735;22/09/2026;11;363179;22/09/2026;CHS MOTORS VEICULOS PECAS(VL. GUILHERME);1,69E+13;SAO PAULO;SP;22/09/2026;24/09/2026;23/09/2026;Entregue No Prazo;;Entrega realizada;Entrega Finalizada;24;9;22;9;XD DIADEMA;26052;;;
MOBIS BRASIL FABRICACAO DE AUTO PECAS LT;RODOVIARIO;1581736;22/09/2026;2;363173;22/09/2026;CAOA MOTOR DO BRASIL LTDA (IPIRANGA);1,68E+13;SAO PAULO;SP;22/09/2026;24/09/2026;23/09/2026;Entregue No Prazo;;Entrega realizada;Entrega Finalizada;24;9;22;9;XD DIADEMA;26054;;;
MOBIS BRASIL FABRICACAO DE AUTO PECAS LT;RODOVIARIO;1581739;22/09/2026;2;363177;22/09/2026;CHS MOTORS VEICULOS PECAS E SERV.. LTDA;1,69E+13;SAO PAULO;SP;22/09/2026;24/09/2026;23/09/2026;Entregue No Prazo;;Entrega realizada;Entrega Finalizada;24;9;22;9;XD DIADEMA;26077;;;
MOBIS BRASIL FABRICACAO DE AUTO PECAS LT;RODOVIARIO;1581740;22/09/2026;1;363184;22/09/2026;NOBRE SP DISTRIB. DE VEIC. E PEC. LTDA;1,70E+13;SAO PAULO;SP;22/09/2026;24/09/2026;23/09/2026;Entregue No Prazo;;Entrega realizada;Entrega Finalizada;24;9;22;9;XD DIADEMA;26081;;;
MOBIS BRASIL FABRICACAO DE AUTO PECAS LT;RODOVIARIO;1581741;22/09/2026;29;363182;22/09/2026;GRANDAY AUTOMOTORES LTDA (CHAC. CALIFOR);1,57E+13;SAO PAULO;SP;22/09/2026;24/09/2026;23/09/2026;Entregue No Prazo;;Entrega realizada;Entrega Finalizada;24;9;22;9;XD DIADEMA;26090;;;
MOBIS BRASIL FABRICACAO DE AUTO PECAS LT;RODOVIARIO;1581744;22/09/2026;1;363175;22/09/2026;CAOA MOTOR DO BRASIL LTDA(RAP. TAVARES);1,68E+13;SAO PAULO;SP;22/09/2026;24/09/2026;23/09/2026;Entregue No Prazo;;Entrega realizada;Entrega Finalizada;24;9;22;9;XD DIADEMA;26109;;;
MOBIS BRASIL FABRICACAO DE AUTO PECAS LT;RODOVIARIO;1581666;22/09/2026;10;363192;22/09/2026;TAI MOTORS VEICULOS S/A;9,27E+12;BELO HORIZONTE;MG;22/09/2026;25/09/2026;24/09/2026;Entregue No Prazo;;Entrega realizada;Entrega Finalizada;25;9;22;9;XD BETIM;8002;;;
MOBIS BRASIL FABRICACAO DE AUTO PECAS LT;RODOVIARIO;1581667;22/09/2026;15;363176;22/09/2026;CARBEL KOREA VEICULOS LTDA;2,07E+13;BELO HORIZONTE;MG;22/09/2026;25/09/2026;24/09/2026;Entregue No Prazo;;Entrega realizada;Entrega Finalizada;25;9;22;9;XD BETIM;11021;;;
MOBIS BRASIL FABRICACAO DE AUTO PECAS LT;RODOVIARIO;1581670;22/09/2026;40;363169;22/09/2026;BDG AUTOVILLE VEICULOS LTDA;4,77E+13;CONTAGEM;MG;22/09/2026;25/09/2026;24/09/2026;Entregue No Prazo;;Entrega realizada;Entrega Finalizada;25;9;22;9;XD BETIM;11037;;;
MOBIS BRASIL FABRICACAO DE AUTO PECAS LT;RODOVIARIO;1581690;22/09/2026;1;363433;22/09/2026;SEVEC VEICULOS LTDA;5,68E+11;CURITIBA;PR;22/09/2026;25/09/2026;23/09/2026;Entregue No Prazo;;Entrega realizada;Entrega Finalizada;25;9;22;9;TRANSTRY;18012;;;
MOBIS BRASIL FABRICACAO DE AUTO PECAS LT;RODOVIARIO;1581695;22/09/2026;1;363418;22/09/2026;BARI VEICULOS LTDA;7,46E+12;CURITIBA;PR;22/09/2026;25/09/2026;23/09/2026;Entregue No Prazo;;Entrega realizada;Entrega Finalizada;25;9;22;9;TRANSTRY;18024;;;
MOBIS BRASIL FABRICACAO DE AUTO PECAS LT;RODOVIARIO;1581696;22/09/2026;1;363418;22/09/2026;BARI VEICULOS LTDA;7,46E+12;CURITIBA;PR;22/09/2026;25/09/2026;23/09/2026;Entregue No Prazo;;Entrega realizada;Entrega Finalizada;25;9;22;9;TRANSTRY;18024;;;
MOBIS BRASIL FABRICACAO DE AUTO PECAS LT;RODOVIARIO;1581725;22/09/2026;12;363160;22/09/2026;ANDRETA II DISTRIBUIDORA DE VEIC. LTDA;9,10E+12;CAMPINAS;SP;22/09/2026;25/09/2026;24/09/2026;Entregue No Prazo;;Entrega realizada;Entrega Finalizada;25;9;22;9;MVT;26011;;;
MOBIS BRASIL FABRICACAO DE AUTO PECAS LT;RODOVIARIO;1581726;22/09/2026;4;363165;22/09/2026;MOTONET COMERCIO DE VEICULOS LTDA;9,28E+12;SOROCABA;SP;22/09/2026;25/09/2026;24/09/2026;Entregue No Prazo;;Entrega realizada;Entrega Finalizada;25;9;22;9;MVT;26113;;;
MOBIS BRASIL FABRICACAO DE AUTO PECAS LT;RODOVIARIO;1581729;22/09/2026;3;363162;22/09/2026;ANDRETA II DISTRIBUIDORA DE VEIC. LTDA;9,10E+12;JUNDIAI;SP;22/09/2026;25/09/2026;24/09/2026;Entregue No Prazo;;Entrega realizada;Entrega Finalizada;25;9;22;9;MVT;26011;;;
MOBIS BRASIL FABRICACAO DE AUTO PECAS LT;RODOVIARIO;1581732;22/09/2026;1;363161;22/09/2026;ANDRETA II DISTRIBUIDORA DE VEIC. LTDA;9,10E+12;AMERICANA;SP;22/09/2026;25/09/2026;23/09/2026;Entregue No Prazo;;Entrega realizada;Entrega Finalizada;25;9;22;9;MVT;26011;;;
MOBIS BRASIL FABRICACAO DE AUTO PECAS LT;RODOVIARIO;1581738;22/09/2026;1;363180;22/09/2026;DESTAQUE SEUL DISTR. DE VEIC. E PC. LTDA;2,12E+13;ATIBAIA;SP;22/09/2026;25/09/2026;23/09/2026;Entregue No Prazo;;Entrega realizada;Entrega Finalizada;25;9;22;9;XD DIADEMA;26075;;;
MOBIS BRASIL FABRICACAO DE AUTO PECAS LT;RODOVIARIO;1581747;22/09/2026;99;363437;22/09/2026;NEW VEICULOS E PECAS LTDA;1,59E+13;RIBEIRAO PRETO;SP;22/09/2026;25/09/2026;24/09/2026;Entregue No Prazo;;Entrega realizada;Entrega Finalizada;25;9;22;9;BV LOG;26014;;;
MOBIS BRASIL FABRICACAO DE AUTO PECAS LT;RODOVIARIO;1581751;22/09/2026;150;363436;22/09/2026;NEW VEICULOS E PECAS LTDA;1,59E+13;RIBEIRAO PRETO;SP;22/09/2026;25/09/2026;23/09/2026;Entregue No Prazo;;Entrega realizada;Entrega Finalizada;25;9;22;9;BV LOG;26014;;;
MOBIS BRASIL FABRICACAO DE AUTO PECAS LT;RODOVIARIO;1581752;22/09/2026;2;363437;22/09/2026;NEW VEICULOS E PECAS LTDA;1,59E+13;RIBEIRAO PRETO;SP;22/09/2026;25/09/2026;24/09/2026;Entregue No Prazo;;Entrega realizada;Entrega Finalizada;25;9;22;9;BV LOG;26014;;;
MOBIS BRASIL FABRICACAO DE AUTO PECAS LT;RODOVIARIO;1581662;22/09/2026;16;363196;22/09/2026;URCA MOTORS VEICULOS LTDA;8,77E+12;UBERLANDIA;MG;22/09/2026;28/09/2026;24/09/2026;Entregue No Prazo;;Entrega realizada;Entrega Finalizada;28;9;22;9;XD BETIM;9014;;;
MOBIS BRASIL FABRICACAO DE AUTO PECAS LT;RODOVIARIO;1581665;22/09/2026;1;363195;22/09/2026;URCA MOTORS VEICULOS LTDA;8,77E+12;UBERABA;MG;22/09/2026;28/09/2026;25/09/2026;Entregue No Prazo;;Entrega realizada;Entrega Finalizada;28;9;22;9;XD BETIM;9014;;;
MOBIS BRASIL FABRICACAO DE AUTO PECAS LT;RODOVIARIO;1581668;22/09/2026;2;363194;22/09/2026;TOKSU COMERCIO DE VEICULOS LTDA;1,12E+13;POUSO ALEGRE;MG;22/09/2026;28/09/2026;25/09/2026;Entregue No Prazo;;Entrega realizada;Entrega Finalizada;28;9;22;9;XD BETIM;11008;;;
MOBIS BRASIL FABRICACAO DE AUTO PECAS LT;RODOVIARIO;1581688;22/09/2026;3;363429;22/09/2026;LOVAT VEICULOS S/A;8,57E+12;LONDRINA;PR;22/09/2026;28/09/2026;24/09/2026;Entregue No Prazo;;Entrega realizada;Entrega Finalizada;28;9;22;9;TRANSTRY;18008;;;
MOBIS BRASIL FABRICACAO DE AUTO PECAS LT;RODOVIARIO;1581689;22/09/2026;4;363428;22/09/2026;LOVAT VEICULOS S/A;8,57E+12;MARINGA;PR;22/09/2026;28/09/2026;25/09/2026;Entregue No Prazo;;Entrega realizada;Entrega Finalizada;28;9;22;9;TRANSTRY;18008;;;
MOBIS BRASIL FABRICACAO DE AUTO PECAS LT;RODOVIARIO;1581691;22/09/2026;13;363419;22/09/2026;BARI VEICULOS LTDA;7,46E+12;PONTA GROSSA;PR;22/09/2026;28/09/2026;24/09/2026;Entregue No Prazo;;Entrega realizada;Entrega Finalizada;28;9;22;9;TRANSTRY;18024;;;
MOBIS BRASIL FABRICACAO DE AUTO PECAS LT;RODOVIARIO;1581693;22/09/2026;2;363434;22/09/2026;VETOR AUTOMOVEIS LTDA;2,12E+13;UMUARAMA;PR;22/09/2026;28/09/2026;28/09/2026;Entregue No Prazo;;Entrega realizada;Entrega Finalizada;28;9;22;9;TRANSTRY;18019;;;
MOBIS BRASIL FABRICACAO DE AUTO PECAS LT;RODOVIARIO;1581694;22/09/2026;3;363416;22/09/2026;BARI VEICULOS LTDA;7,46E+12;SAO JOSE DOS PINHAIS;PR;22/09/2026;28/09/2026;23/09/2026;Entregue No Prazo;;Entrega realizada;Entrega Finalizada;28;9;22;9;TRANSTRY;18024;;;
MOBIS BRASIL FABRICACAO DE AUTO PECAS LT;RODOVIARIO;1581697;22/09/2026;2;363215;22/09/2026;ITAVEMA MOTORS VEICULOS LTDA;7,73E+12;DUQUE DE CAXIAS;RJ;22/09/2026;28/09/2026;24/09/2026;Entregue No Prazo;;Entrega realizada;Entrega Finalizada;28;9;22;9;CAMILO;19001;;;
MOBIS BRASIL FABRICACAO DE AUTO PECAS LT;RODOVIARIO;1581698;22/09/2026;1;363200;22/09/2026;AMX COM. E SERVICOS DE AUTOMOTORES LTDA;1,20E+13;RIO DE JANEIRO;RJ;22/09/2026;28/09/2026;24/09/2026;Entregue No Prazo;;Entrega realizada;Entrega Finalizada;28;9;22;9;CAMILO;19009;;;
MOBIS BRASIL FABRICACAO DE AUTO PECAS LT;RODOVIARIO;1581699;22/09/2026;1;363202;22/09/2026;CAOA MOTOR DO BRASIL LTDA;1,68E+13;RIO DE JANEIRO;RJ;22/09/2026;28/09/2026;24/09/2026;Entregue No Prazo;;Entrega realizada;Entrega Finalizada;28;9;22;9;CAMILO;5008;;;
MOBIS BRASIL FABRICACAO DE AUTO PECAS LT;RODOVIARIO;1581700;22/09/2026;1;363216;22/09/2026;ITAVEMA MOTORS VEICULOS LTDA;7,73E+12;RIO DE JANEIRO;RJ;22/09/2026;28/09/2026;24/09/2026;Entregue No Prazo;;Entrega realizada;Entrega Finalizada;28;9;22;9;CAMILO;19001;;;
MOBIS BRASIL FABRICACAO DE AUTO PECAS LT;RODOVIARIO;1581701;22/09/2026;13;363216;22/09/2026;ITAVEMA MOTORS VEICULOS LTDA;7,73E+12;RIO DE JANEIRO;RJ;22/09/2026;28/09/2026;24/09/2026;Entregue No Prazo;;Entrega realizada;Entrega Finalizada;28;9;22;9;CAMILO;19001;;;
MOBIS BRASIL FABRICACAO DE AUTO PECAS LT;RODOVIARIO;1581702;22/09/2026;1;363203;22/09/2026;CAOA MOTOR DO BRASIL LTDA;1,68E+13;NITEROI;RJ;22/09/2026;28/09/2026;24/09/2026;Entregue No Prazo;;Entrega realizada;Entrega Finalizada;28;9;22;9;CAMILO;5008;;;
MOBIS BRASIL FABRICACAO DE AUTO PECAS LT;RODOVIARIO;1581708;22/09/2026;3;363426;22/09/2026;HOUSE PARTS - COM. DE PECAS E VEIC. LTDA;1,15E+13;PORTO ALEGRE;RS;22/09/2026;28/09/2026;25/09/2026;Entregue No Prazo;;Entrega realizada;Entrega Finalizada;28;9;22;9;TRANSTRY;23004;;;
MOBIS BRASIL FABRICACAO DE AUTO PECAS LT;RODOVIARIO;1581717;22/09/2026;3;363420;22/09/2026;BARI VEICULOS LTDA.;7,46E+12;JOINVILLE;SC;22/09/2026;28/09/2026;24/09/2026;Entregue No Prazo;;Entrega realizada;Entrega Finalizada;28;9;22;9;TRANSTRY;24013;;;
MOBIS BRASIL FABRICACAO DE AUTO PECAS LT;RODOVIARIO;1581718;22/09/2026;1;363421;22/09/2026;BARI VEICULOS LTDA.;7,46E+12;ITAJAI;SC;22/09/2026;28/09/2026;24/09/2026;Entregue No Prazo;;Entrega realizada;Entrega Finalizada;28;9;22;9;TRANSTRY;24014;;;
MOBIS BRASIL FABRICACAO DE AUTO PECAS LT;RODOVIARIO;1581733;22/09/2026;2;363168;22/09/2026;NEW VEICULOS E PECAS LTDA.;1,59E+13;FRANCA;SP;22/09/2026;28/09/2026;23/09/2026;Entregue No Prazo;;Entrega realizada;Entrega Finalizada;28;9;22;9;MVT;26048;;;
MOBIS BRASIL FABRICACAO DE AUTO PECAS LT;RODOVIARIO;1581737;22/09/2026;3;363167;22/09/2026;NEW VEICULOS E PECAS LTDA.;1,59E+13;ARARAQUARA;SP;22/09/2026;28/09/2026;23/09/2026;Entregue No Prazo;;Entrega realizada;Entrega Finalizada;28;9;22;9;MVT;26071;;;
MOBIS BRASIL FABRICACAO DE AUTO PECAS LT;RODOVIARIO;1581742;22/09/2026;1;363163;22/09/2026;H - CAMINHO AUTOMOVEIS LTDA;2,53E+13;PIRACICABA;SP;22/09/2026;28/09/2026;23/09/2026;Entregue No Prazo;;Entrega realizada;Entrega Finalizada;28;9;22;9;MVT;26092;;;
MOBIS BRASIL FABRICACAO DE AUTO PECAS LT;RODOVIARIO;1581743;22/09/2026;1;363166;22/09/2026;NEW VEICULOS E PECAS LTDA;1,59E+13;BARRETOS;SP;22/09/2026;28/09/2026;23/09/2026;Entregue No Prazo;;Entrega realizada;Entrega Finalizada;28;9;22;9;MVT;26014;;;
MOBIS BRASIL FABRICACAO DE AUTO PECAS LT;RODOVIARIO;1581748;22/09/2026;1;363164;22/09/2026;H R B COMERCIO DE VEICULOS LTDA;1,82E+13;SAO JOSE DO RIO PRETO;SP;22/09/2026;28/09/2026;23/09/2026;Entregue No Prazo;;Entrega realizada;Entrega Finalizada;28;9;22;9;MVT;26050;;;
MOBIS BRASIL FABRICACAO DE AUTO PECAS LT;RODOVIARIO;1581749;22/09/2026;3;363164;22/09/2026;H R B COMERCIO DE VEICULOS LTDA;1,82E+13;SAO JOSE DO RIO PRETO;SP;22/09/2026;28/09/2026;23/09/2026;Entregue No Prazo;;Entrega realizada;Entrega Finalizada;28;9;22;9;MVT;26050;;;
MOBIS BRASIL FABRICACAO DE AUTO PECAS LT;RODOVIARIO;1581654;22/09/2026;8;363237;22/09/2026;VIA BRASIL AUTOMOVEIS LTDA.;4,72E+12;SERRA;ES;22/09/2026;29/09/2026;25/09/2026;Entregue No Prazo;;Entrega realizada;Entrega Finalizada;29;9;22;9;CAMILO;8001;;;
MOBIS BRASIL FABRICACAO DE AUTO PECAS LT;RODOVIARIO;1581655;22/09/2026;9;363233;22/09/2026;TAI MOTORS VEICULOS S/A;9,27E+12;VITORIA;ES;22/09/2026;29/09/2026;28/09/2026;Entregue No Prazo;;Entrega realizada;Entrega Finalizada;29;9;22;9;CAMILO;8002;;;
MOBIS BRASIL FABRICACAO DE AUTO PECAS LT;RODOVIARIO;1581663;22/09/2026;1;363193;22/09/2026;TOKSU COMERCIO DE VEICULOS LTDA;1,12E+13;BARBACENA;MG;22/09/2026;29/09/2026;25/09/2026;Entregue No Prazo;;Entrega realizada;Entrega Finalizada;29;9;22;9;XD BETIM;11008;;;
MOBIS BRASIL FABRICACAO DE AUTO PECAS LT;RODOVIARIO;1581664;22/09/2026;1;363198;22/09/2026;VITAL COMERCIO DE VEICULOS LTDA;1,05E+13;IPATINGA;MG;22/09/2026;29/09/2026;24/09/2026;Entregue No Prazo;;Entrega realizada;Entrega Finalizada;29;9;22;9;XD BETIM;11016;;;
MOBIS BRASIL FABRICACAO DE AUTO PECAS LT;RODOVIARIO;1581669;22/09/2026;1;363197;22/09/2026;VIME AUTOMOVEIS E PECAS LTDA;2,85E+13;GUAXUPE;MG;22/09/2026;29/09/2026;28/09/2026;Entregue No Prazo;;Entrega realizada;Entrega Finalizada;29;9;22;9;XD BETIM;11031;;;
MOBIS BRASIL FABRICACAO DE AUTO PECAS LT;RODOVIARIO;1581671;22/09/2026;1;363186;22/09/2026;RITMO MOTORS LTDA;1,94E+13;PASSOS;MG;22/09/2026;29/09/2026;28/09/2026;Entregue No Prazo;;Entrega realizada;Entrega Finalizada;29;9;22;9;XD BETIM;11040;;;
MOBIS BRASIL FABRICACAO DE AUTO PECAS LT;RODOVIARIO;1581692;22/09/2026;3;363435;22/09/2026;VETOR AUTOMOVEIS LTDA;2,12E+13;FOZ DO IGUACU;PR;22/09/2026;29/09/2026;24/09/2026;Entregue No Prazo;;Entrega realizada;Entrega Finalizada;29;9;22;9;TRANSTRY;18019;;;
MOBIS BRASIL FABRICACAO DE AUTO PECAS LT;RODOVIARIO;1581703;22/09/2026;1;363220;22/09/2026;MONTREAL VEICULOS E PECAS LTDA;1,68E+13;MACAE;RJ;22/09/2026;29/09/2026;25/09/2026;Entregue No Prazo;;Entrega realizada;Entrega Finalizada;29;9;22;9;CAMILO;19030;;;
MOBIS BRASIL FABRICACAO DE AUTO PECAS LT;RODOVIARIO;1581709;22/09/2026;5;363425;22/09/2026;GALA COMERCIO DE VEICULOS LTDA.;1,77E+13;PELOTAS;RS;22/09/2026;29/09/2026;25/09/2026;Entregue No Prazo;;Entrega realizada;Entrega Finalizada;29;9;22;9;TRANSTRY;23009;;;
MOBIS BRASIL FABRICACAO DE AUTO PECAS LT;RODOVIARIO;1581711;22/09/2026;3;363427;22/09/2026;HOUSE PARTS COMERCIO DE PECAS E VEI;1,15E+13;CAXIAS DO SUL;RS;22/09/2026;29/09/2026;25/09/2026;Entregue No Prazo;;Entrega realizada;Entrega Finalizada;29;9;22;9;TRANSTRY;23023;;;
MOBIS BRASIL FABRICACAO DE AUTO PECAS LT;RODOVIARIO;1581712;22/09/2026;2;363414;22/09/2026;ATUAL VEICULOS LTDA;1,33E+13;ARARANGUA;SC;22/09/2026;29/09/2026;28/09/2026;Entregue No Prazo;;Entrega realizada;Entrega Finalizada;29;9;22;9;TRANSTRY;24001;;;
MOBIS BRASIL FABRICACAO DE AUTO PECAS LT;RODOVIARIO;1581713;22/09/2026;8;363413;22/09/2026;ATUAL VEICULOS LTDA;1,33E+13;CRICIUMA;SC;22/09/2026;29/09/2026;28/09/2026;Entregue No Prazo;;Entrega realizada;Entrega Finalizada;29;9;22;9;TRANSTRY;24001;;;
MOBIS BRASIL FABRICACAO DE AUTO PECAS LT;RODOVIARIO;1581714;22/09/2026;5;363415;22/09/2026;ATUAL VEICULOS LTDA;1,33E+13;TUBARAO;SC;22/09/2026;29/09/2026;28/09/2026;Entregue No Prazo;;Entrega realizada;Entrega Finalizada;29;9;22;9;TRANSTRY;24001;;;
MOBIS BRASIL FABRICACAO DE AUTO PECAS LT;RODOVIARIO;1581715;22/09/2026;16;363431;22/09/2026;LR COMERCIO DE VEICULOS LTDA;1,05E+13;SAO JOSE;SC;22/09/2026;29/09/2026;24/09/2026;Entregue No Prazo;;Entrega realizada;Entrega Finalizada;29;9;22;9;TRANSTRY;24007;;;
MOBIS BRASIL FABRICACAO DE AUTO PECAS LT;RODOVIARIO;1581716;22/09/2026;9;363417;22/09/2026;BARI VEICULOS LTDA;7,46E+12;BLUMENAU;SC;22/09/2026;29/09/2026;24/09/2026;Entregue No Prazo;;Entrega realizada;Entrega Finalizada;29;9;22;9;TRANSTRY;18024;;;
MOBIS BRASIL FABRICACAO DE AUTO PECAS LT;RODOVIARIO;1581719;22/09/2026;2;363432;22/09/2026;PONTO CERTO COMERCIO DE VEICULOS LTDA;1,50E+13;LAGES;SC;22/09/2026;29/09/2026;28/09/2026;Entregue No Prazo;;Entrega realizada;Entrega Finalizada;29;9;22;9;TRANSTRY;24017;;;
MOBIS BRASIL FABRICACAO DE AUTO PECAS LT;RODOVIARIO;1581722;22/09/2026;1;363430;22/09/2026;LR COMERCIO DE VEICULOS LTDA;1,05E+13;RIO DO SUL;SC;22/09/2026;29/09/2026;28/09/2026;Entregue No Prazo;;Entrega realizada;Entrega Finalizada;29;9;22;9;TRANSTRY;24007;;;
MOBIS BRASIL FABRICACAO DE AUTO PECAS LT;RODOVIARIO;1581651;22/09/2026;13;363191;22/09/2026;SMAFF IMPORT VEICULOS LTDA;8,18E+12;BRASILIA;DF;22/09/2026;30/09/2026;29/09/2026;Entregue No Prazo;;Entrega realizada;Entrega Finalizada;30;9;22;9;RIO VERMELHO;7002;;;
MOBIS BRASIL FABRICACAO DE AUTO PECAS LT;RODOVIARIO;1581652;22/09/2026;2;363189;22/09/2026;SAGA KOREA COM. DE VEIC. E PC. LTDA;1,27E+13;BRASILIA;DF;22/09/2026;30/09/2026;25/09/2026;Entregue No Prazo;;Entrega realizada;Entrega Finalizada;30;9;22;9;RIO VERMELHO;7004;;;
MOBIS BRASIL FABRICACAO DE AUTO PECAS LT;RODOVIARIO;1581653;22/09/2026;1;363190;22/09/2026;SAGA KOREA COM. DE VEIC. E PC. LTDA;1,27E+13;BRASILIA;DF;22/09/2026;30/09/2026;25/09/2026;Entregue No Prazo;;Entrega realizada;Entrega Finalizada;30;9;22;9;RIO VERMELHO;7005;;;
MOBIS BRASIL FABRICACAO DE AUTO PECAS LT;RODOVIARIO;1581656;22/09/2026;1;363229;22/09/2026;PRIME CACHOEIRO VEICULOS LTDA;9,34E+12;CACHOEIRO DE ITAPEMIRIM;ES;22/09/2026;30/09/2026;28/09/2026;Entregue No Prazo;;Entrega realizada;Entrega Finalizada;30;9;22;9;CAMILO;8004;;;
MOBIS BRASIL FABRICACAO DE AUTO PECAS LT;RODOVIARIO;1581657;22/09/2026;1;363188;22/09/2026;SAGA KOREA COM. DE VEIC. E PC. LTDA;1,27E+13;GOIANIA;GO;22/09/2026;30/09/2026;28/09/2026;Entregue No Prazo;;Entrega realizada;Entrega Finalizada;30;9;22;9;RIO VERMELHO;9009;;;
MOBIS BRASIL FABRICACAO DE AUTO PECAS LT;RODOVIARIO;1581658;22/09/2026;10;363187;22/09/2026;SAGA KOREA COM. DE VEIC. E PC. LTDA;1,27E+13;GOIANIA;GO;22/09/2026;30/09/2026;28/09/2026;Entregue No Prazo;;Entrega realizada;Entrega Finalizada;30;9;22;9;RIO VERMELHO;9011;;;
MOBIS BRASIL FABRICACAO DE AUTO PECAS LT;RODOVIARIO;1581672;22/09/2026;2;363211;22/09/2026;GOLDEN MOTORS VEICULOS LTDA;3,62E+12;DOURADOS;MS;22/09/2026;30/09/2026;26/09/2026;Entregue No Prazo;;Entrega realizada;Entrega Finalizada;30;9;22;9;CARVALIMA;12001;;;
MOBIS BRASIL FABRICACAO DE AUTO PECAS LT;RODOVIARIO;1581673;22/09/2026;1;363212;22/09/2026;GOLDEN MOTORS VEICULOS LTDA;3,62E+12;TRES LAGOAS;MS;22/09/2026;30/09/2026;25/09/2026;Entregue No Prazo;;Entrega realizada;Entrega Finalizada;30;9;22;9;CARVALIMA;12001;;;
MOBIS BRASIL FABRICACAO DE AUTO PECAS LT;RODOVIARIO;1581674;22/09/2026;1;363234;22/09/2026;ULSAN COMERCIO DE VEICULOS LTDA.;2,10E+13;CAMPO GRANDE;MS;22/09/2026;30/09/2026;25/09/2026;Entregue No Prazo;;Entrega realizada;Entrega Finalizada;30;9;22;9;CARVALIMA;12004;;;
MOBIS BRASIL FABRICACAO DE AUTO PECAS LT;RODOVIARIO;1581675;22/09/2026;15;363234;22/09/2026;ULSAN COMERCIO DE VEICULOS LTDA.;2,10E+13;CAMPO GRANDE;MS;22/09/2026;30/09/2026;25/09/2026;Entregue No Prazo;;Entrega realizada;Entrega Finalizada;30;9;22;9;CARVALIMA;12004;;;
MOBIS BRASIL FABRICACAO DE AUTO PECAS LT;RODOVIARIO;1581710;22/09/2026;3;363422;22/09/2026;CHINHAN AUTOMOVEIS LTDA;2,41E+13;ERECHIM;RS;22/09/2026;30/09/2026;25/09/2026;Entregue No Prazo;;Entrega realizada;Entrega Finalizada;30;9;22;9;TRANSTRY;23019;;;
MOBIS BRASIL FABRICACAO DE AUTO PECAS LT;RODOVIARIO;1581720;22/09/2026;2;363423;22/09/2026;CHINHAN AUTOMOVEIS LTDA;2,41E+13;CONCORDIA;SC;22/09/2026;30/09/2026;24/09/2026;Entregue No Prazo;;Entrega realizada;Entrega Finalizada;30;9;22;9;TRANSTRY;23019;;;
MOBIS BRASIL FABRICACAO DE AUTO PECAS LT;RODOVIARIO;1581721;22/09/2026;2;363424;22/09/2026;CHINHAN AUTOMOVEIS LTDA.;2,41E+13;CACADOR;SC;22/09/2026;01/10/2026;24/09/2026;Entregue No Prazo;;Entrega realizada;Entrega Finalizada;1;10;22;9;TRANSTRY;24020;;;
MOBIS BRASIL FABRICACAO DE AUTO PECAS LT;RODOVIARIO;1581745;22/09/2026;1;363185;22/09/2026;PRIVILLEGE DISTRIBUIDORA DE VEICULOS LTD;1,72E+13;PALMAS;TO;22/09/2026;01/10/2026;30/09/2026;Entregue No Prazo;;Entrega realizada;Entrega Finalizada;1;10;22;9;RIO VERMELHO;27003;;;
MOBIS BRASIL FABRICACAO DE AUTO PECAS LT;RODOVIARIO;1581746;22/09/2026;4;363185;22/09/2026;PRIVILLEGE DISTRIBUIDORA DE VEICULOS LTD;1,72E+13;PALMAS;TO;22/09/2026;01/10/2026;30/09/2026;Entregue No Prazo;;Entrega realizada;Entrega Finalizada;1;10;22;9;RIO VERMELHO;27003;;;
MOBIS BRASIL FABRICACAO DE AUTO PECAS LT;RODOVIARIO;1581641;22/09/2026;6;363226;22/09/2026;PATEO COMERCIO DE VEICULOS S A;7,78E+12;SALVADOR;BA;22/09/2026;02/10/2026;30/09/2026;Entregue No Prazo;;Entrega realizada;Entrega Finalizada;2;10;22;9;TERMACO;5003;;;
MOBIS BRASIL FABRICACAO DE AUTO PECAS LT;RODOVIARIO;1581642;22/09/2026;28;363226;22/09/2026;PATEO COMERCIO DE VEICULOS S A;7,78E+12;SALVADOR;BA;22/09/2026;02/10/2026;30/09/2026;Entregue No Prazo;;Entrega realizada;Entrega Finalizada;2;10;22;9;TERMACO;5003;;;
MOBIS BRASIL FABRICACAO DE AUTO PECAS LT;RODOVIARIO;1581643;22/09/2026;3;363210;22/09/2026;FAZZA MOTORS COMERCIO DE VEICULOS LTDA;1,24E+13;SALVADOR;BA;22/09/2026;02/10/2026;;Pendente No Prazo;;01/10 Em transferencia para a cidade de destino;Entrega Pendente;2;10;22;9;TERMACO;5007;;;
MOBIS BRASIL FABRICACAO DE AUTO PECAS LT;RODOVIARIO;1581644;22/09/2026;2;363210;22/09/2026;FAZZA MOTORS COMERCIO DE VEICULOS LTDA;1,24E+13;SALVADOR;BA;22/09/2026;02/10/2026;;Pendente No Prazo;;01/10 Em transferencia para a cidade de destino;Entrega Pendente;2;10;22;9;TERMACO;5007;;;
MOBIS BRASIL FABRICACAO DE AUTO PECAS LT;RODOVIARIO;1581676;22/09/2026;1;363207;22/09/2026;COMETA MATO GROSSO COM. DE VEICULOS LTDA;1,54E+13;SINOP;MT;22/09/2026;02/10/2026;30/09/2026;Entregue No Prazo;;Entrega realizada;Entrega Finalizada;2;10;22;9;CARVALIMA;13003;;;
MOBIS BRASIL FABRICACAO DE AUTO PECAS LT;RODOVIARIO;1581677;22/09/2026;3;363207;22/09/2026;COMETA MATO GROSSO COM. DE VEICULOS LTDA;1,54E+13;SINOP;MT;22/09/2026;02/10/2026;30/09/2026;Entregue No Prazo;;Entrega realizada;Entrega Finalizada;2;10;22;9;CARVALIMA;13003;;;
MOBIS BRASIL FABRICACAO DE AUTO PECAS LT;RODOVIARIO;1581678;22/09/2026;7;363206;22/09/2026;COMETA MATO GROSSO COM. DE VEICULOS LTDA;1,54E+13;RONDONOPOLIS;MT;22/09/2026;02/10/2026;28/09/2026;Entregue No Prazo;;Entrega realizada;Entrega Finalizada;2;10;22;9;CARVALIMA;13006;;;
MOBIS BRASIL FABRICACAO DE AUTO PECAS LT;RODOVIARIO;1581679;22/09/2026;3;363236;22/09/2026;UNIQUE COMERCIO DE AUTOMOVEIS LTDA;1,74E+13;ANANINDEUA;PA;22/09/2026;05/10/2026;28/09/2026;Entregue No Prazo;;Entrega realizada;Entrega Finalizada;5;10;22;9;CARVALIMA;14003;Criação do Estado de Roraima;Estadual;RR
MOBIS BRASIL FABRICACAO DE AUTO PECAS LT;RODOVIARIO;1581681;22/09/2026;4;363213;22/09/2026;GRANDE COREIA COMERCIO DE VEICULOS LTDA;2,66E+13;BELEM;PA;22/09/2026;05/10/2026;28/09/2026;Entregue No Prazo;;Entrega realizada;Entrega Finalizada;5;10;22;9;CARVALIMA;14007;Criação do Estado de Roraima;Estadual;RR
MOBIS BRASIL FABRICACAO DE AUTO PECAS LT;RODOVIARIO;1581638;22/09/2026;2;363208;22/09/2026;CYCOSA AUTOMOVEIS LTDA;4,76E+12;MACEIO;AL;22/09/2026;06/10/2026;;Pendente No Prazo;;01/10 Em transferencia para a cidade de destino;Entrega Pendente;6;10;22;9;TERMACO;2001;;;
MOBIS BRASIL FABRICACAO DE AUTO PECAS LT;RODOVIARIO;1581649;22/09/2026;6;363205;22/09/2026;CAOA MOTOR DO BRASIL LTDA;1,68E+13;FORTALEZA;CE;22/09/2026;06/10/2026;30/09/2026;Entregue No Prazo;;Entrega realizada;Entrega Finalizada;6;10;22;9;TERMACO;5008;;;
MOBIS BRASIL FABRICACAO DE AUTO PECAS LT;RODOVIARIO;1581659;22/09/2026;3;363183;22/09/2026;NASA MOTORS LTDA.;2,65E+13;SAO LUIS DE MONTES BELOS;GO;22/09/2026;06/10/2026;;Pendente No Prazo;;28/09 Em transferencia para a cidade de destino;Entrega Pendente;6;10;22;9;RIO VERMELHO;9016;;;
MOBIS BRASIL FABRICACAO DE AUTO PECAS LT;RODOVIARIO;1581680;22/09/2026;2;363221;22/09/2026;NACIONAL NOVA MARABA DIST DE VEIC. LTDA;1,70E+13;MARABA;PA;22/09/2026;06/10/2026;29/09/2026;Entregue No Prazo;;Entrega realizada;Entrega Finalizada;6;10;22;9;CARVALIMA;14005;;;
MOBIS BRASIL FABRICACAO DE AUTO PECAS LT;RODOVIARIO;1581750;22/09/2026;11;363209;22/09/2026;FAZZA MOTORS COM. DE VEICULOS LTDA;1,24E+13;FORTALEZA;CE;22/09/2026;06/10/2026;30/09/2026;Entregue No Prazo;;Entrega realizada;Entrega Finalizada;6;10;22;9;TERMACO;6001;;;
MOBIS BRASIL FABRICACAO DE AUTO PECAS LT;RODOVIARIO;1581640;22/09/2026;1;363199;22/09/2026;AIKON VEICULOS LTDA;1,17E+13;VITORIA DA CONQUISTA;BA;22/09/2026;07/10/2026;;Pendente No Prazo;;01/10 Em transferencia para a cidade de destino;Entrega Pendente;7;10;22;9;TERMACO;5002;;;
MOBIS BRASIL FABRICACAO DE AUTO PECAS LT;RODOVIARIO;1581645;22/09/2026;2;363204;22/09/2026;CAOA MOTOR DO BRASIL LTDA;1,68E+13;LAURO DE FREITAS;BA;22/09/2026;07/10/2026;30/09/2026;Entregue No Prazo;;Entrega realizada;Entrega Finalizada;7;10;22;9;TERMACO;5008;;;
MOBIS BRASIL FABRICACAO DE AUTO PECAS LT;RODOVIARIO;1581646;22/09/2026;4;363227;22/09/2026;PATEO COMERCIO DE VEICULOS S A;7,78E+12;FEIRA DE SANTANA;BA;22/09/2026;07/10/2026;29/09/2026;Entregue No Prazo;;Entrega realizada;Entrega Finalizada;7;10;22;9;TERMACO;5009;;;
MOBIS BRASIL FABRICACAO DE AUTO PECAS LT;RODOVIARIO;1581647;22/09/2026;1;363218;22/09/2026;MASTER COMERCIAL DE VEICULOS LTDA;2,85E+13;BARREIRAS;BA;22/09/2026;07/10/2026;;Pendente No Prazo;;01/10 Em transferencia para a cidade de destino;Entrega Pendente;7;10;22;9;TERMACO;5012;;;
MOBIS BRASIL FABRICACAO DE AUTO PECAS LT;RODOVIARIO;1581660;22/09/2026;6;363225;22/09/2026;PATEO COMERCIO DE VEICULOS S A;7,78E+12;SAO LUIS;MA;22/09/2026;07/10/2026;30/09/2026;Entregue No Prazo;;Entrega realizada;Entrega Finalizada;7;10;22;9;TERMACO;10002;;;
MOBIS BRASIL FABRICACAO DE AUTO PECAS LT;RODOVIARIO;1581682;22/09/2026;3;363224;22/09/2026;PATEO COMERCIO DE VEICULOS S A;7,78E+12;JOAO PESSOA;PB;22/09/2026;07/10/2026;;Pendente No Prazo;;01/10 Em transferencia para a cidade de destino;Entrega Pendente;7;10;22;9;TERMACO;15003;;;
MOBIS BRASIL FABRICACAO DE AUTO PECAS LT;RODOVIARIO;1581685;22/09/2026;34;363228;22/09/2026;PATEO COMERCIO DE VEICULOS S A;7,78E+12;RECIFE;PE;22/09/2026;07/10/2026;;Pendente No Prazo;;01/10 Em transferencia para a cidade de destino;Entrega Pendente;7;10;22;9;TERMACO;16004;;;
MOBIS BRASIL FABRICACAO DE AUTO PECAS LT;RODOVIARIO;1581706;22/09/2026;6;363232;22/09/2026;SAINT LAND COMERCIO DE VEICULOS LTDA;1,04E+13;NATAL;RN;22/09/2026;07/10/2026;;Pendente No Prazo;;01/10 Em transferencia para a cidade de destino;Entrega Pendente;7;10;22;9;TERMACO;6010;;;
MOBIS BRASIL FABRICACAO DE AUTO PECAS LT;RODOVIARIO;1581648;22/09/2026;2;363238;22/09/2026;VIA NORTE COM. E IMPORT. DE VEIC. LTDA;1,25E+13;SOBRAL;CE;22/09/2026;08/10/2026;;Pendente No Prazo;;01/10 Em transferencia para a cidade de destino;Entrega Pendente;8;10;22;9;TERMACO;6002;;;
MOBIS BRASIL FABRICACAO DE AUTO PECAS LT;RODOVIARIO;1581650;22/09/2026;4;363231;22/09/2026;SAINT LAND COMERCIO DE VEICULOS LTDA;1,04E+13;JUAZEIRO DO NORTE;CE;22/09/2026;08/10/2026;30/09/2026;Entregue No Prazo;;Entrega realizada;Entrega Finalizada;8;10;22;9;TERMACO;6010;;;
MOBIS BRASIL FABRICACAO DE AUTO PECAS LT;RODOVIARIO;1581683;22/09/2026;9;363217;22/09/2026;JPN PATOS COMERCIO DE VEICULOS LTDA;4,20E+13;PATOS;PB;22/09/2026;08/10/2026;;Pendente No Prazo;;01/10 Em transferencia para a cidade de destino;Entrega Pendente;8;10;22;9;TERMACO;15004;;;
MOBIS BRASIL FABRICACAO DE AUTO PECAS LT;RODOVIARIO;1581684;22/09/2026;3;363201;22/09/2026;AUTORAC VEICULOS LTDA;1,06E+13;CARUARU;PE;22/09/2026;08/10/2026;30/09/2026;Entregue No Prazo;;Entrega realizada;Entrega Finalizada;8;10;22;9;TERMACO;16001;;;
MOBIS BRASIL FABRICACAO DE AUTO PECAS LT;RODOVIARIO;1581686;22/09/2026;4;363214;22/09/2026;GREEN CITY VEICULOS LTDA;2,10E+13;TERESINA;PI;22/09/2026;08/10/2026;30/09/2026;Entregue No Prazo;;Entrega realizada;Entrega Finalizada;8;10;22;9;TERMACO;17002;;;
MOBIS BRASIL FABRICACAO DE AUTO PECAS LT;RODOVIARIO;1581687;22/09/2026;5;363214;22/09/2026;GREEN CITY VEICULOS LTDA;2,10E+13;TERESINA;PI;22/09/2026;08/10/2026;30/09/2026;Entregue No Prazo;;Entrega realizada;Entrega Finalizada;8;10;22;9;TERMACO;17002;;;
MOBIS BRASIL FABRICACAO DE AUTO PECAS LT;RODOVIARIO;1581704;22/09/2026;14;363223;22/09/2026;ORIENTE AUTOMOVEIS LTDA;1,33E+13;PARNAMIRIM;RN;22/09/2026;08/10/2026;;Pendente No Prazo;;01/10 Em transferencia para a cidade de destino;Entrega Pendente;8;10;22;9;TERMACO;20001;;;
MOBIS BRASIL FABRICACAO DE AUTO PECAS LT;RODOVIARIO;1581705;22/09/2026;2;363230;22/09/2026;SAINT LAND COM DE VEICULOS S A;1,04E+13;MOSSORO;RN;22/09/2026;08/10/2026;;Pendente No Prazo;;01/10 Em transferencia para a cidade de destino;Entrega Pendente;8;10;22;9;TERMACO;20002;;;
MOBIS BRASIL FABRICACAO DE AUTO PECAS LT;RODOVIARIO;1581661;22/09/2026;3;363222;22/09/2026;NACIONAL NOVA MARABA DIST DE VEIC. LTDA;1,70E+13;IMPERATRIZ;MA;22/09/2026;12/10/2026;;Pendente No Prazo;;01/10 Em transferencia para a cidade de destino;Entrega Pendente;12;10;22;9;TERMACO;10003;;;
MOBIS BRASIL FABRICACAO DE AUTO PECAS LT;RODOVIARIO;1581639;22/09/2026;3;363219;22/09/2026;MISO VEICULOS LTDA;1,85E+13;MACAPA;AP;22/09/2026;13/10/2026;;Pendente No Prazo;;01/10 Em transferencia para a cidade de destino;Entrega Pendente;13;10;22;9;CARVALIMA;4001;;;
MOBIS BRASIL FABRICACAO DE AUTO PECAS LT;RODOVIARIO;1581707;22/09/2026;1;363235;22/09/2026;UNIQUE BOA VISTA COM. DE AUTOMOVEIS LTDA;3,48E+13;BOA VISTA;RR;22/09/2026;20/10/2026;;Pendente No Prazo;;01/10 Em transferencia para a cidade de destino;Entrega Pendente;20;10;22;9;CARVALIMA;22002;;;
MOBIS BRASIL FABRICACAO DE AUTO PECAS LT;RODOVIARIO;1582516;23/09/2026;1;363467;23/09/2026;NOBRE DISTRIBUIDORA DE VEICULOS E PECAS;5,76E+12;MOGI DAS CRUZES;SP;23/09/2026;25/09/2026;24/09/2026;Entregue No Prazo;;Entrega realizada;Entrega Finalizada;25;9;23;9;XD DIADEMA;26004;;;
MOBIS BRASIL FABRICACAO DE AUTO PECAS LT;RODOVIARIO;1582521;23/09/2026;7;363455;23/09/2026;CAOA MOTOR DO BRASIL LTDA (VL PRUDENTE);1,68E+13;SAO PAULO;SP;23/09/2026;25/09/2026;24/09/2026;Entregue No Prazo;;Entrega realizada;Entrega Finalizada;25;9;23;9;XD DIADEMA;26051;;;
MOBIS BRASIL FABRICACAO DE AUTO PECAS LT;RODOVIARIO;1582522;23/09/2026;1;363460;23/09/2026;CHS MOTORS VEICULOS PECAS(VL. GUILHERME);1,69E+13;SAO PAULO;SP;23/09/2026;25/09/2026;24/09/2026;Entregue No Prazo;;Entrega realizada;Entrega Finalizada;25;9;23;9;XD DIADEMA;26052;;;
MOBIS BRASIL FABRICACAO DE AUTO PECAS LT;RODOVIARIO;1582526;23/09/2026;2;363458;23/09/2026;CHS MOTORS VEICULOS PECAS E SERV.. LTDA;1,69E+13;SAO PAULO;SP;23/09/2026;25/09/2026;24/09/2026;Entregue No Prazo;;Entrega realizada;Entrega Finalizada;25;9;23;9;XD DIADEMA;26077;;;
MOBIS BRASIL FABRICACAO DE AUTO PECAS LT;RODOVIARIO;1582527;23/09/2026;1;363453;23/09/2026;BILLY DISTRIBUIDORA DE VEICULOS LTDA;1,34E+13;SAO PAULO;SP;23/09/2026;25/09/2026;24/09/2026;Entregue No Prazo;;Entrega realizada;Entrega Finalizada;25;9;23;9;XD DIADEMA;26003;;;
MOBIS BRASIL FABRICACAO DE AUTO PECAS LT;RODOVIARIO;1582528;23/09/2026;10;363463;23/09/2026;GRANDAY AUTOMOTORES LTDA (CHAC. CALIFOR);1,57E+13;SAO PAULO;SP;23/09/2026;25/09/2026;24/09/2026;Entregue No Prazo;;Entrega realizada;Entrega Finalizada;25;9;23;9;XD DIADEMA;26090;;;
MOBIS BRASIL FABRICACAO DE AUTO PECAS LT;RODOVIARIO;1582529;23/09/2026;2;363459;23/09/2026;CHS MOTORS VEICULOS PECAS E SERV. LTDA;1,69E+13;OSASCO;SP;23/09/2026;25/09/2026;24/09/2026;Entregue No Prazo;;Entrega realizada;Entrega Finalizada;25;9;23;9;XD DIADEMA;26106;;;
MOBIS BRASIL FABRICACAO DE AUTO PECAS LT;RODOVIARIO;1582531;23/09/2026;5;363457;23/09/2026;CHS MOTORS VEICULOS PECAS E SERV.  LTDA;1,69E+13;SAO PAULO;SP;23/09/2026;25/09/2026;24/09/2026;Entregue No Prazo;;Entrega realizada;Entrega Finalizada;25;9;23;9;XD DIADEMA;26108;;;
MOBIS BRASIL FABRICACAO DE AUTO PECAS LT;RODOVIARIO;1582464;23/09/2026;11;363472;23/09/2026;TAI MOTORS VEICULOS S/A;9,27E+12;BELO HORIZONTE;MG;23/09/2026;28/09/2026;25/09/2026;Entregue No Prazo;;Entrega realizada;Entrega Finalizada;28;9;23;9;XD BETIM;8002;;;
MOBIS BRASIL FABRICACAO DE AUTO PECAS LT;RODOVIARIO;1582465;23/09/2026;2;363456;23/09/2026;CARBEL KOREA VEICULOS LTDA;2,07E+13;BELO HORIZONTE;MG;23/09/2026;28/09/2026;25/09/2026;Entregue No Prazo;;Entrega realizada;Entrega Finalizada;28;9;23;9;XD BETIM;11021;;;
MOBIS BRASIL FABRICACAO DE AUTO PECAS LT;RODOVIARIO;1582466;23/09/2026;1;363454;23/09/2026;CAOA MOTOR DO BRASIL LTDA;1,68E+13;BELO HORIZONTE;MG;23/09/2026;28/09/2026;25/09/2026;Entregue No Prazo;;Entrega realizada;Entrega Finalizada;28;9;23;9;XD BETIM;5008;;;
MOBIS BRASIL FABRICACAO DE AUTO PECAS LT;RODOVIARIO;1582470;23/09/2026;39;363452;23/09/2026;BDG AUTOVILLE VEICULOS LTDA;4,77E+13;CONTAGEM;MG;23/09/2026;28/09/2026;25/09/2026;Entregue No Prazo;;Entrega realizada;Entrega Finalizada;28;9;23;9;XD BETIM;11037;;;
MOBIS BRASIL FABRICACAO DE AUTO PECAS LT;RODOVIARIO;1582483;23/09/2026;23;363496;23/09/2026;SEVEC VEICULOS LTDA;5,68E+11;CURITIBA;PR;23/09/2026;28/09/2026;25/09/2026;Entregue No Prazo;;Entrega realizada;Entrega Finalizada;28;9;23;9;TRANSTRY;18012;;;
MOBIS BRASIL FABRICACAO DE AUTO PECAS LT;RODOVIARIO;1582487;23/09/2026;2;363483;23/09/2026;BARI VEICULOS LTDA.;7,46E+12;CURITIBA;PR;23/09/2026;28/09/2026;24/09/2026;Entregue No Prazo;;Entrega realizada;Entrega Finalizada;28;9;23;9;TRANSTRY;18029;;;
MOBIS BRASIL FABRICACAO DE AUTO PECAS LT;RODOVIARIO;1582489;23/09/2026;3;363479;23/09/2026;BARI VEICULOS LTDA;7,46E+12;CURITIBA;PR;23/09/2026;28/09/2026;24/09/2026;Entregue No Prazo;;Entrega realizada;Entrega Finalizada;28;9;23;9;TRANSTRY;18024;;;
MOBIS BRASIL FABRICACAO DE AUTO PECAS LT;RODOVIARIO;1582517;23/09/2026;8;363446;23/09/2026;ANDRETA II DISTRIBUIDORA DE VEIC. LTDA;9,10E+12;CAMPINAS;SP;23/09/2026;28/09/2026;28/09/2026;Entregue No Prazo;Avaria;Entrega realizada;Entrega Finalizada;28;9;23;9;MVT;26011;;;
MOBIS BRASIL FABRICACAO DE AUTO PECAS LT;RODOVIARIO;1582518;23/09/2026;9;363532;23/09/2026;NEW VEICULOS E PECAS LTDA;1,59E+13;RIBEIRAO PRETO;SP;23/09/2026;28/09/2026;23/09/2026;Entregue No Prazo;;Entrega realizada;Entrega Finalizada;28;9;23;9;BV LOG;26014;;;
MOBIS BRASIL FABRICACAO DE AUTO PECAS LT;RODOVIARIO;1582523;23/09/2026;1;363447;23/09/2026;CAOA MOTOR DO BRASIL LTDA;1,68E+13;SAO JOSE DOS CAMPOS;SP;23/09/2026;28/09/2026;24/09/2026;Entregue No Prazo;;Entrega realizada;Entrega Finalizada;28;9;23;9;MVT;5008;;;
MOBIS BRASIL FABRICACAO DE AUTO PECAS LT;RODOVIARIO;1582524;23/09/2026;1;363448;23/09/2026;CAOA MOTOR DO BRASIL LTDA;1,68E+13;SAO CARLOS;SP;23/09/2026;28/09/2026;24/09/2026;Entregue No Prazo;;Entrega realizada;Entrega Finalizada;28;9;23;9;MVT;5008;;;
MOBIS BRASIL FABRICACAO DE AUTO PECAS LT;RODOVIARIO;1582525;23/09/2026;1;363461;23/09/2026;DESTAQUE SEUL DISTR. DE VEIC. E PC. LTDA;2,12E+13;ATIBAIA;SP;23/09/2026;28/09/2026;24/09/2026;Entregue No Prazo;;Entrega realizada;Entrega Finalizada;28;9;23;9;XD DIADEMA;26075;;;
MOBIS BRASIL FABRICACAO DE AUTO PECAS LT;RODOVIARIO;1582463;23/09/2026;3;363464;23/09/2026;IMOTORS VEICULOS LTDA;7,17E+12;JUIZ DE FORA;MG;23/09/2026;29/09/2026;25/09/2026;Entregue No Prazo;;Entrega realizada;Entrega Finalizada;29;9;23;9;XD BETIM;11010;;;
MOBIS BRASIL FABRICACAO DE AUTO PECAS LT;RODOVIARIO;1582467;23/09/2026;3;363475;23/09/2026;VIME POCOS COM. DE VEICULOS E PECAS LTDA;3,43E+13;POCOS DE CALDAS;MG;23/09/2026;29/09/2026;25/09/2026;Entregue No Prazo;;Entrega realizada;Entrega Finalizada;29;9;23;9;XD BETIM;11033;;;
MOBIS BRASIL FABRICACAO DE AUTO PECAS LT;RODOVIARIO;1582469;23/09/2026;1;363474;23/09/2026;URCA MOTORS VEICULOS LTDA;8,77E+12;PATOS DE MINAS;MG;23/09/2026;29/09/2026;;Pendente Fora;;previsão 01/10;Entrega Pendente;29;9;23;9;XD BETIM;9014;;;
MOBIS BRASIL FABRICACAO DE AUTO PECAS LT;RODOVIARIO;1582471;23/09/2026;1;363473;23/09/2026;TECAR TRILHASAUTOMOVEIS E SERVICOS ;2,32E+13;SETE LAGOAS;MG;23/09/2026;29/09/2026;25/09/2026;Entregue No Prazo;;Entrega realizada;Entrega Finalizada;29;9;23;9;XD BETIM;#N/D;;;
MOBIS BRASIL FABRICACAO DE AUTO PECAS LT;RODOVIARIO;1582482;23/09/2026;4;363492;23/09/2026;LOVAT VEICULOS S/A;8,57E+12;MARINGA;PR;23/09/2026;29/09/2026;28/09/2026;Entregue No Prazo;;Entrega realizada;Entrega Finalizada;29;9;23;9;TRANSTRY;18008;;;
MOBIS BRASIL FABRICACAO DE AUTO PECAS LT;RODOVIARIO;1582485;23/09/2026;1;363497;23/09/2026;VETOR AUTOMOVEIS LTDA;2,12E+13;CASCAVEL;PR;23/09/2026;29/09/2026;25/09/2026;Entregue No Prazo;;Entrega realizada;Entrega Finalizada;29;9;23;9;TRANSTRY;18019;;;
MOBIS BRASIL FABRICACAO DE AUTO PECAS LT;RODOVIARIO;1582486;23/09/2026;13;363481;23/09/2026;BARI VEICULOS LTDA;7,46E+12;PONTA GROSSA;PR;23/09/2026;29/09/2026;25/09/2026;Entregue No Prazo;;Entrega realizada;Entrega Finalizada;29;9;23;9;TRANSTRY;18024;;;
MOBIS BRASIL FABRICACAO DE AUTO PECAS LT;RODOVIARIO;1582488;23/09/2026;12;363482;23/09/2026;BARI VEICULOS LTDA;7,46E+12;SAO JOSE DOS PINHAIS;PR;23/09/2026;29/09/2026;24/09/2026;Entregue No Prazo;;Entrega realizada;Entrega Finalizada;29;9;23;9;TRANSTRY;18024;;;
MOBIS BRASIL FABRICACAO DE AUTO PECAS LT;RODOVIARIO;1582490;23/09/2026;6;363507;23/09/2026;ITAVEMA MOTORS VEICULOS LTDA;7,73E+12;DUQUE DE CAXIAS;RJ;23/09/2026;29/09/2026;25/09/2026;Entregue No Prazo;;Entrega realizada;Entrega Finalizada;29;9;23;9;CAMILO;19001;;;
MOBIS BRASIL FABRICACAO DE AUTO PECAS LT;RODOVIARIO;1582491;23/09/2026;1;363498;23/09/2026;AMX COM. E SERVICOS DE AUTOMOTORES LTDA;1,20E+13;RIO DE JANEIRO;RJ;23/09/2026;29/09/2026;25/09/2026;Entregue No Prazo;;Entrega realizada;Entrega Finalizada;29;9;23;9;CAMILO;19009;;;
MOBIS BRASIL FABRICACAO DE AUTO PECAS LT;RODOVIARIO;1582492;23/09/2026;15;363508;23/09/2026;ITAVEMA MOTORS VEICULOS LTDA;7,73E+12;RIO DE JANEIRO;RJ;23/09/2026;29/09/2026;25/09/2026;Entregue No Prazo;;Entrega realizada;Entrega Finalizada;29;9;23;9;CAMILO;19001;;;
MOBIS BRASIL FABRICACAO DE AUTO PECAS LT;RODOVIARIO;1582493;23/09/2026;4;363499;23/09/2026;CAOA MOTOR DO BRASIL LTDA;1,68E+13;RIO DE JANEIRO;RJ;23/09/2026;29/09/2026;25/09/2026;Entregue No Prazo;;Entrega realizada;Entrega Finalizada;29;9;23;9;CAMILO;5008;;;
MOBIS BRASIL FABRICACAO DE AUTO PECAS LT;RODOVIARIO;1582494;23/09/2026;1;363500;23/09/2026;CAOA MOTOR DO BRASIL LTDA;1,68E+13;RIO DE JANEIRO;RJ;23/09/2026;29/09/2026;25/09/2026;Entregue No Prazo;;Entrega realizada;Entrega Finalizada;29;9;23;9;CAMILO;5008;;;
MOBIS BRASIL FABRICACAO DE AUTO PECAS LT;RODOVIARIO;1582500;23/09/2026;1;363490;23/09/2026;HOUSE PARTS - COM. DE PECAS E VEIC. LTDA;1,15E+13;PORTO ALEGRE;RS;23/09/2026;29/09/2026;25/09/2026;Entregue No Prazo;;Entrega realizada;Entrega Finalizada;29;9;23;9;TRANSTRY;23004;;;
MOBIS BRASIL FABRICACAO DE AUTO PECAS LT;RODOVIARIO;1582508;23/09/2026;3;363484;23/09/2026;BARI VEICULOS LTDA.;7,46E+12;JOINVILLE;SC;23/09/2026;29/09/2026;25/09/2026;Entregue No Prazo;;Entrega realizada;Entrega Finalizada;29;9;23;9;TRANSTRY;24013;;;
MOBIS BRASIL FABRICACAO DE AUTO PECAS LT;RODOVIARIO;1582509;23/09/2026;2;363485;23/09/2026;BARI VEICULOS LTDA.;7,46E+12;ITAJAI;SC;23/09/2026;29/09/2026;28/09/2026;Entregue No Prazo;;Entrega realizada;Entrega Finalizada;29;9;23;9;TRANSTRY;24014;;;
MOBIS BRASIL FABRICACAO DE AUTO PECAS LT;RODOVIARIO;1582515;23/09/2026;3;363450;23/09/2026;HYMAX DISTRIBUIDORA DE VEICULOS LTDA;1,73E+13;MOGI GUACU;SP;23/09/2026;29/09/2026;25/09/2026;Entregue No Prazo;;Entrega realizada;Entrega Finalizada;29;9;23;9;MVT;26002;;;
MOBIS BRASIL FABRICACAO DE AUTO PECAS LT;RODOVIARIO;1582530;23/09/2026;1;363451;23/09/2026;VIME SAO JOAO COM. DE VEIC. E PECAS LTDA;5,10E+13;SAO JOAO DA BOA VISTA;SP;23/09/2026;29/09/2026;25/09/2026;Entregue No Prazo;;Entrega realizada;Entrega Finalizada;29;9;23;9;MVT;26107;;;
MOBIS BRASIL FABRICACAO DE AUTO PECAS LT;RODOVIARIO;1582532;23/09/2026;1;363449;23/09/2026;H R B COMERCIO DE VEICULOS LTDA;1,82E+13;SAO JOSE DO RIO PRETO;SP;23/09/2026;29/09/2026;25/09/2026;Entregue No Prazo;;Entrega realizada;Entrega Finalizada;29;9;23;9;MVT;26050;;;
MOBIS BRASIL FABRICACAO DE AUTO PECAS LT;RODOVIARIO;1582455;23/09/2026;8;363526;23/09/2026;TAI MOTORS VEICULOS S/A;9,27E+12;VITORIA;ES;23/09/2026;30/09/2026;28/09/2026;Entregue No Prazo;;Entrega realizada;Entrega Finalizada;30;9;23;9;CAMILO;8002;;;
MOBIS BRASIL FABRICACAO DE AUTO PECAS LT;RODOVIARIO;1582468;23/09/2026;7;363462;23/09/2026;GNC GRANDE COREIA MINAS GERAIS COMERCIO;4,27E+13;MONTES CLAROS;MG;23/09/2026;30/09/2026;25/09/2026;Entregue No Prazo;;Entrega realizada;Entrega Finalizada;30;9;23;9;XD BETIM;11035;;;
MOBIS BRASIL FABRICACAO DE AUTO PECAS LT;RODOVIARIO;1582484;23/09/2026;3;363495;23/09/2026;SANTA FE COMERCIO DE VEICULOS S A.;1,16E+13;PATO BRANCO;PR;23/09/2026;30/09/2026;28/09/2026;Entregue No Prazo;;Entrega realizada;Entrega Finalizada;30;9;23;9;TRANSTRY;18014;;;
MOBIS BRASIL FABRICACAO DE AUTO PECAS LT;RODOVIARIO;1582502;23/09/2026;1;363488;23/09/2026;GALA COMERCIO DE VEICULOS LTDA.;1,77E+13;PELOTAS;RS;23/09/2026;30/09/2026;28/09/2026;Entregue No Prazo;;Entrega realizada;Entrega Finalizada;30;9;23;9;TRANSTRY;23009;;;
MOBIS BRASIL FABRICACAO DE AUTO PECAS LT;RODOVIARIO;1582503;23/09/2026;5;363477;23/09/2026;ATUAL VEICULOS LTDA;1,33E+13;ARARANGUA;SC;23/09/2026;30/09/2026;28/09/2026;Entregue No Prazo;;Entrega realizada;Entrega Finalizada;30;9;23;9;TRANSTRY;24001;;;
MOBIS BRASIL FABRICACAO DE AUTO PECAS LT;RODOVIARIO;1582504;23/09/2026;6;363476;23/09/2026;ATUAL VEICULOS LTDA;1,33E+13;CRICIUMA;SC;23/09/2026;30/09/2026;28/09/2026;Entregue No Prazo;;Entrega realizada;Entrega Finalizada;30;9;23;9;TRANSTRY;24001;;;
MOBIS BRASIL FABRICACAO DE AUTO PECAS LT;RODOVIARIO;1582505;23/09/2026;7;363478;23/09/2026;ATUAL VEICULOS LTDA;1,33E+13;TUBARAO;SC;23/09/2026;30/09/2026;28/09/2026;Entregue No Prazo;;Entrega realizada;Entrega Finalizada;30;9;23;9;TRANSTRY;24001;;;
MOBIS BRASIL FABRICACAO DE AUTO PECAS LT;RODOVIARIO;1582506;23/09/2026;1;363493;23/09/2026;LR COMERCIO DE VEICULOS LTDA;1,05E+13;SAO JOSE;SC;23/09/2026;30/09/2026;28/09/2026;Entregue No Prazo;;Entrega realizada;Entrega Finalizada;30;9;23;9;TRANSTRY;24007;;;
MOBIS BRASIL FABRICACAO DE AUTO PECAS LT;RODOVIARIO;1582507;23/09/2026;25;363480;23/09/2026;BARI VEICULOS LTDA;7,46E+12;BLUMENAU;SC;23/09/2026;30/09/2026;28/09/2026;Entregue No Prazo;;Entrega realizada;Entrega Finalizada;30;9;23;9;TRANSTRY;18024;;;
MOBIS BRASIL FABRICACAO DE AUTO PECAS LT;RODOVIARIO;1582510;23/09/2026;7;363489;23/09/2026;GAMBATTO H1 VEICULOS LTDA;1,94E+13;CHAPECO;SC;23/09/2026;30/09/2026;28/09/2026;Entregue No Prazo;;Entrega realizada;Entrega Finalizada;30;9;23;9;TRANSTRY;24018;;;
MOBIS BRASIL FABRICACAO DE AUTO PECAS LT;RODOVIARIO;1582513;23/09/2026;1;363494;23/09/2026;LR COMERCIO DE VEICULOS LTDA;1,05E+13;RIO DO SUL;SC;23/09/2026;30/09/2026;28/09/2026;Entregue No Prazo;;Entrega realizada;Entrega Finalizada;30;9;23;9;TRANSTRY;24007;;;
MOBIS BRASIL FABRICACAO DE AUTO PECAS LT;RODOVIARIO;1582451;23/09/2026;1;363470;23/09/2026;SMAFF IMPORT VEICULOS LTDA;8,18E+12;BRASILIA;DF;23/09/2026;01/10/2026;29/09/2026;Entregue No Prazo;;Entrega realizada;Entrega Finalizada;1;10;23;9;RIO VERMELHO;7002;;;
MOBIS BRASIL FABRICACAO DE AUTO PECAS LT;RODOVIARIO;1582452;23/09/2026;10;363471;23/09/2026;SMAFF IMPORT VEICULOS LTDA;8,18E+12;BRASILIA;DF;23/09/2026;01/10/2026;29/09/2026;Entregue No Prazo;;Entrega realizada;Entrega Finalizada;1;10;23;9;RIO VERMELHO;7002;;;
MOBIS BRASIL FABRICACAO DE AUTO PECAS LT;RODOVIARIO;1582453;23/09/2026;8;363468;23/09/2026;SAGA KOREA COM. DE VEIC. E PC. LTDA;1,27E+13;BRASILIA;DF;23/09/2026;01/10/2026;29/09/2026;Entregue No Prazo;;Entrega realizada;Entrega Finalizada;1;10;23;9;RIO VERMELHO;7005;;;
MOBIS BRASIL FABRICACAO DE AUTO PECAS LT;RODOVIARIO;1582454;23/09/2026;69;363468;23/09/2026;SAGA KOREA COM. DE VEIC. E PC. LTDA;1,27E+13;BRASILIA;DF;23/09/2026;01/10/2026;29/09/2026;Entregue No Prazo;;Entrega realizada;Entrega Finalizada;1;10;23;9;RIO VERMELHO;7005;;;
MOBIS BRASIL FABRICACAO DE AUTO PECAS LT;RODOVIARIO;1582456;23/09/2026;1;363518;23/09/2026;PRIME CACHOEIRO VEICULOS LTDA;9,34E+12;CACHOEIRO DE ITAPEMIRIM;ES;23/09/2026;01/10/2026;29/09/2026;Entregue No Prazo;;Entrega realizada;Entrega Finalizada;1;10;23;9;CAMILO;8004;;;
MOBIS BRASIL FABRICACAO DE AUTO PECAS LT;RODOVIARIO;1582457;23/09/2026;2;363519;23/09/2026;PRIME CACHOEIRO VEICULOS LTDA;9,34E+12;LINHARES;ES;23/09/2026;01/10/2026;28/09/2026;Entregue No Prazo;;Entrega realizada;Entrega Finalizada;1;10;23;9;CAMILO;8004;;;
MOBIS BRASIL FABRICACAO DE AUTO PECAS LT;RODOVIARIO;1582458;23/09/2026;3;363466;23/09/2026;NISA COMERCIAL DE VEIC. AUTOMOTORES LTDA;1,03E+13;APARECIDA DE GOIANIA;GO;23/09/2026;01/10/2026;28/09/2026;Entregue No Prazo;;Entrega realizada;Entrega Finalizada;1;10;23;9;RIO VERMELHO;9002;;;
MOBIS BRASIL FABRICACAO DE AUTO PECAS LT;RODOVIARIO;1582459;23/09/2026;3;363466;23/09/2026;NISA COMERCIAL DE VEIC. AUTOMOTORES LTDA;1,03E+13;APARECIDA DE GOIANIA;GO;23/09/2026;01/10/2026;28/09/2026;Entregue No Prazo;;Entrega realizada;Entrega Finalizada;1;10;23;9;RIO VERMELHO;9002;;;
MOBIS BRASIL FABRICACAO DE AUTO PECAS LT;RODOVIARIO;1582460;23/09/2026;2;363469;23/09/2026;SAGA KOREA COM. DE VEIC. E PC. LTDA;1,27E+13;GOIANIA;GO;23/09/2026;01/10/2026;28/09/2026;Entregue No Prazo;;Entrega realizada;Entrega Finalizada;1;10;23;9;RIO VERMELHO;9011;;;
MOBIS BRASIL FABRICACAO DE AUTO PECAS LT;RODOVIARIO;1582461;23/09/2026;6;363469;23/09/2026;SAGA KOREA COM. DE VEIC. E PC. LTDA;1,27E+13;GOIANIA;GO;23/09/2026;01/10/2026;28/09/2026;Entregue No Prazo;;Entrega realizada;Entrega Finalizada;1;10;23;9;RIO VERMELHO;9011;;;
MOBIS BRASIL FABRICACAO DE AUTO PECAS LT;RODOVIARIO;1582472;23/09/2026;3;363504;23/09/2026;GOLDEN MOTORS VEICULOS LTDA;3,62E+12;DOURADOS;MS;23/09/2026;01/10/2026;28/09/2026;Entregue No Prazo;;Entrega realizada;Entrega Finalizada;1;10;23;9;CARVALIMA;12001;;;
MOBIS BRASIL FABRICACAO DE AUTO PECAS LT;RODOVIARIO;1582473;23/09/2026;1;363528;23/09/2026;ULSAN COMERCIO DE VEICULOS LTDA.;2,10E+13;CAMPO GRANDE;MS;23/09/2026;01/10/2026;25/09/2026;Entregue No Prazo;;Entrega realizada;Entrega Finalizada;1;10;23;9;CARVALIMA;12004;;;
MOBIS BRASIL FABRICACAO DE AUTO PECAS LT;RODOVIARIO;1582501;23/09/2026;9;363491;23/09/2026;HOUSE PARTS - COM. DE PECAS E VEIC. LTDA;1,15E+13;SANTA MARIA;RS;23/09/2026;01/10/2026;30/09/2026;Entregue No Prazo;;Entrega realizada;Entrega Finalizada;1;10;23;9;TRANSTRY;23008;;;
MOBIS BRASIL FABRICACAO DE AUTO PECAS LT;RODOVIARIO;1582511;23/09/2026;1;363486;23/09/2026;CHINHAN AUTOMOVEIS LTDA;2,41E+13;CONCORDIA;SC;23/09/2026;01/10/2026;30/09/2026;Entregue No Prazo;;Entrega realizada;Entrega Finalizada;1;10;23;9;TRANSTRY;23019;;;
MOBIS BRASIL FABRICACAO DE AUTO PECAS LT;RODOVIARIO;1582474;23/09/2026;4;363521;23/09/2026;SAGA ASIA COM. DE VEIC.PC.E SERV. LTDA;2,23E+13;VARZEA GRANDE;MT;23/09/2026;02/10/2026;28/09/2026;Entregue No Prazo;;Entrega realizada;Entrega Finalizada;2;10;23;9;CARVALIMA;13004;;;
MOBIS BRASIL FABRICACAO DE AUTO PECAS LT;RODOVIARIO;1582512;23/09/2026;7;363487;23/09/2026;CHINHAN AUTOMOVEIS LTDA.;2,41E+13;CACADOR;SC;23/09/2026;02/10/2026;29/09/2026;Entregue No Prazo;;Entrega realizada;Entrega Finalizada;2;10;23;9;TRANSTRY;24020;;;
MOBIS BRASIL FABRICACAO DE AUTO PECAS LT;RODOVIARIO;1582445;23/09/2026;1;363516;23/09/2026;PATEO COMERCIO DE VEICULOS S A;7,78E+12;SALVADOR;BA;23/09/2026;05/10/2026;;Pendente No Prazo;;01/10 Em transferencia para a cidade de destino;Entrega Pendente;5;10;23;9;TERMACO;5003;Criação do Estado de Roraima;Estadual;RR
MOBIS BRASIL FABRICACAO DE AUTO PECAS LT;RODOVIARIO;1582446;23/09/2026;2;363503;23/09/2026;FAZZA MOTORS COMERCIO DE VEICULOS LTDA;1,24E+13;SALVADOR;BA;23/09/2026;05/10/2026;;Pendente No Prazo;;01/10 Em transferencia para a cidade de destino;Entrega Pendente;5;10;23;9;TERMACO;5007;Criação do Estado de Roraima;Estadual;RR
MOBIS BRASIL FABRICACAO DE AUTO PECAS LT;RODOVIARIO;1582475;23/09/2026;2;363530;23/09/2026;UNIQUE COMERCIO DE AUTOMOVEIS LTDA;1,74E+13;ANANINDEUA;PA;23/09/2026;06/10/2026;01/10/2026;Entregue No Prazo;;Entrega realizada;Entrega Finalizada;6;10;23;9;CARVALIMA;14003;;;
MOBIS BRASIL FABRICACAO DE AUTO PECAS LT;RODOVIARIO;1582514;23/09/2026;1;363522;23/09/2026;SAINT LAND COMERCIO DE VEICULOS LTDA;1,04E+13;ARACAJU;SE;23/09/2026;06/10/2026;;Pendente No Prazo;;01/10 Em transferencia para a cidade de destino;Entrega Pendente;6;10;23;9;TERMACO;6010;;;
MOBIS BRASIL FABRICACAO DE AUTO PECAS LT;RODOVIARIO;1582534;23/09/2026;11;363525;23/09/2026;SEVEL VEICULOS LTDA;1,07E+13;ARACAJU;SE;23/09/2026;06/10/2026;30/09/2026;Entregue No Prazo;;Entrega realizada;Entrega Finalizada;6;10;23;9;TERMACO;25001;;;
MOBIS BRASIL FABRICACAO DE AUTO PECAS LT;RODOVIARIO;1582443;23/09/2026;2;363501;23/09/2026;CYCOSA AUTOMOVEIS LTDA;4,76E+12;MACEIO;AL;23/09/2026;07/10/2026;;Pendente No Prazo;;01/10 Em transferencia para a cidade de destino;Entrega Pendente;7;10;23;9;TERMACO;2001;;;
MOBIS BRASIL FABRICACAO DE AUTO PECAS LT;RODOVIARIO;1582462;23/09/2026;4;363465;23/09/2026;NASA MOTORS LTDA.;2,65E+13;SAO LUIS DE MONTES BELOS;GO;23/09/2026;07/10/2026;;Pendente No Prazo;;28/09 Em transferencia para a cidade de destino;Entrega Pendente;7;10;23;9;RIO VERMELHO;9016;;;
MOBIS BRASIL FABRICACAO DE AUTO PECAS LT;RODOVIARIO;1582476;23/09/2026;1;363511;23/09/2026;NACIONAL NOVA MARABA DIST DE VEIC. LTDA;1,70E+13;MARABA;PA;23/09/2026;07/10/2026;29/09/2026;Entregue No Prazo;;Entrega realizada;Entrega Finalizada;7;10;23;9;CARVALIMA;14005;;;
MOBIS BRASIL FABRICACAO DE AUTO PECAS LT;RODOVIARIO;1582498;23/09/2026;10;363520;23/09/2026;SAGA ASIA COM. DE VEIC.PC.E SERV. LTDA;2,14E+13;PORTO VELHO;RO;23/09/2026;07/10/2026;;Pendente No Prazo;;01/10 Em transferencia para a cidade de destino;Entrega Pendente;7;10;23;9;CARVALIMA;21003;;;
MOBIS BRASIL FABRICACAO DE AUTO PECAS LT;RODOVIARIO;1582533;23/09/2026;1;363502;23/09/2026;FAZZA MOTORS COM. DE VEICULOS LTDA;1,24E+13;FORTALEZA;CE;23/09/2026;07/10/2026;;Pendente No Prazo;;01/10 Em transferencia para a cidade de destino;Entrega Pendente;7;10;23;9;TERMACO;6001;;;
MOBIS BRASIL FABRICACAO DE AUTO PECAS LT;RODOVIARIO;1582447;23/09/2026;1;363515;23/09/2026;PATEO COMERCIO DE VEICULOS S A;7,78E+12;FEIRA DE SANTANA;BA;23/09/2026;08/10/2026;;Pendente No Prazo;;01/10 Em transferencia para a cidade de destino;Entrega Pendente;8;10;23;9;TERMACO;5009;;;
MOBIS BRASIL FABRICACAO DE AUTO PECAS LT;RODOVIARIO;1582448;23/09/2026;1;363510;23/09/2026;MASTER COMERCIAL DE VEICULOS LTDA;2,85E+13;JACOBINA;BA;23/09/2026;08/10/2026;;Pendente No Prazo;;01/10 Em transferencia para a cidade de destino;Entrega Pendente;8;10;23;9;TERMACO;5013;;;
MOBIS BRASIL FABRICACAO DE AUTO PECAS LT;RODOVIARIO;1582477;23/09/2026;2;363517;23/09/2026;PATEO COMERCIO DE VEICULOS S A;7,78E+12;JOAO PESSOA;PB;23/09/2026;08/10/2026;;Pendente No Prazo;;01/10 Em transferencia para a cidade de destino;Entrega Pendente;8;10;23;9;TERMACO;15003;;;
MOBIS BRASIL FABRICACAO DE AUTO PECAS LT;RODOVIARIO;1582479;23/09/2026;1;363513;23/09/2026;PATEO COMERCIO DE VEICULOS S A;7,78E+12;RECIFE;PE;23/09/2026;08/10/2026;;Pendente No Prazo;;01/10 Em transferencia para a cidade de destino;Entrega Pendente;8;10;23;9;TERMACO;16004;;;
MOBIS BRASIL FABRICACAO DE AUTO PECAS LT;RODOVIARIO;1582496;23/09/2026;1;363523;23/09/2026;SAINT LAND COMERCIO DE VEICULOS LTDA;1,04E+13;NATAL;RN;23/09/2026;08/10/2026;;Pendente No Prazo;;01/10 Em transferencia para a cidade de destino;Entrega Pendente;8;10;23;9;TERMACO;6010;;;
MOBIS BRASIL FABRICACAO DE AUTO PECAS LT;RODOVIARIO;1582497;23/09/2026;6;363523;23/09/2026;SAINT LAND COMERCIO DE VEICULOS LTDA;1,04E+13;NATAL;RN;23/09/2026;08/10/2026;;Pendente No Prazo;;01/10 Em transferencia para a cidade de destino;Entrega Pendente;8;10;23;9;TERMACO;6010;;;
MOBIS BRASIL FABRICACAO DE AUTO PECAS LT;RODOVIARIO;1582449;23/09/2026;2;363531;23/09/2026;VIA NORTE COM. E IMPORT. DE VEIC. LTDA;1,25E+13;SOBRAL;CE;23/09/2026;09/10/2026;;Pendente No Prazo;;01/10 Em transferencia para a cidade de destino;Entrega Pendente;9;10;23;9;TERMACO;6002;;;
MOBIS BRASIL FABRICACAO DE AUTO PECAS LT;RODOVIARIO;1582450;23/09/2026;1;363524;23/09/2026;SAINT LAND COMERCIO DE VEICULOS LTDA;1,04E+13;JUAZEIRO DO NORTE;CE;23/09/2026;09/10/2026;;Pendente No Prazo;;01/10 Em transferencia para a cidade de destino;Entrega Pendente;9;10;23;9;TERMACO;6010;;;
MOBIS BRASIL FABRICACAO DE AUTO PECAS LT;RODOVIARIO;1582478;23/09/2026;6;363509;23/09/2026;JPN PATOS COMERCIO DE VEICULOS LTDA;4,20E+13;PATOS;PB;23/09/2026;09/10/2026;;Pendente No Prazo;;01/10 Em transferencia para a cidade de destino;Entrega Pendente;9;10;23;9;TERMACO;15004;;;
MOBIS BRASIL FABRICACAO DE AUTO PECAS LT;RODOVIARIO;1582480;23/09/2026;1;363505;23/09/2026;GREEN CITY VEICULOS LTDA;2,10E+13;TERESINA;PI;23/09/2026;09/10/2026;;Pendente No Prazo;;01/10 Em transferencia para a cidade de destino;Entrega Pendente;9;10;23;9;TERMACO;17002;;;
MOBIS BRASIL FABRICACAO DE AUTO PECAS LT;RODOVIARIO;1582481;23/09/2026;1;363506;23/09/2026;GREEN CITY VEICULOS LTDA;2,10E+13;TERESINA;PI;23/09/2026;09/10/2026;;Pendente No Prazo;;01/10 Em transferencia para a cidade de destino;Entrega Pendente;9;10;23;9;TERMACO;17002;;;
MOBIS BRASIL FABRICACAO DE AUTO PECAS LT;RODOVIARIO;1582495;23/09/2026;16;363512;23/09/2026;ORIENTE AUTOMOVEIS LTDA;1,33E+13;PARNAMIRIM;RN;23/09/2026;09/10/2026;;Pendente No Prazo;;01/10 Em transferencia para a cidade de destino;Entrega Pendente;9;10;23;9;TERMACO;20001;;;
MOBIS BRASIL FABRICACAO DE AUTO PECAS LT;RODOVIARIO;1582441;23/09/2026;1;363527;23/09/2026;ULSAN COMERCIO DE VEICULOS LTDA;2,10E+13;RIO BRANCO;AC;23/09/2026;12/10/2026;;Pendente No Prazo;;01/10 Em transferencia para a cidade de destino;Entrega Pendente;12;10;23;9;CARVALIMA;21004;;;
MOBIS BRASIL FABRICACAO DE AUTO PECAS LT;RODOVIARIO;1582442;23/09/2026;4;363527;23/09/2026;ULSAN COMERCIO DE VEICULOS LTDA;2,10E+13;RIO BRANCO;AC;23/09/2026;12/10/2026;;Pendente No Prazo;;01/10 Em transferencia para a cidade de destino;Entrega Pendente;12;10;23;9;CARVALIMA;21004;;;
MOBIS BRASIL FABRICACAO DE AUTO PECAS LT;RODOVIARIO;1582444;23/09/2026;1;363514;23/09/2026;PATEO COMERCIO DE VEICULOS S A;7,78E+12;MANAUS;AM;23/09/2026;19/10/2026;;Pendente No Prazo;;01/10 Em transferencia para a cidade de destino;Entrega Pendente;19;10;23;9;CARVALIMA;3002;Dia do Piauí;Estadual;PI
MOBIS BRASIL FABRICACAO DE AUTO PECAS LT;RODOVIARIO;1582499;23/09/2026;2;363529;23/09/2026;UNIQUE BOA VISTA COM. DE AUTOMOVEIS LTDA;3,48E+13;BOA VISTA;RR;23/09/2026;21/10/2026;;Pendente No Prazo;;01/10 Em transferencia para a cidade de destino;Entrega Pendente;21;10;23;9;CARVALIMA;22002;;;
MOBIS BRASIL FABRICACAO DE AUTO PECAS LT;RODOVIARIO;1583362;24/09/2026;3;363710;24/09/2026;NOBRE DISTRIBUIDORA DE VEICULOS E PECAS;5,76E+12;MOGI DAS CRUZES;SP;24/09/2026;28/09/2026;25/09/2026;Entregue No Prazo;;Entrega realizada;Entrega Finalizada;28;9;24;9;XD DIADEMA;26004;;;
MOBIS BRASIL FABRICACAO DE AUTO PECAS LT;RODOVIARIO;1583369;24/09/2026;1;363704;24/09/2026;CHS MOTORS VEICULOS PECAS E SERV. LTDA.;1,69E+13;SAO PAULO;SP;24/09/2026;28/09/2026;25/09/2026;Entregue No Prazo;;Entrega realizada;Entrega Finalizada;28;9;24;9;XD DIADEMA;26036;;;
MOBIS BRASIL FABRICACAO DE AUTO PECAS LT;RODOVIARIO;1583370;24/09/2026;2;363705;24/09/2026;CHS MOTORS VEICULOS PECAS E SERV LTDA  ;1,69E+13;SAO PAULO;SP;24/09/2026;28/09/2026;25/09/2026;Entregue No Prazo;;Entrega realizada;Entrega Finalizada;28;9;24;9;XD DIADEMA;26037;;;
MOBIS BRASIL FABRICACAO DE AUTO PECAS LT;RODOVIARIO;1583374;24/09/2026;1;363701;24/09/2026;CAOA MOTOR DO BRASIL LTDA (IPIRANGA);1,68E+13;SAO PAULO;SP;24/09/2026;28/09/2026;25/09/2026;Entregue No Prazo;;Entrega realizada;Entrega Finalizada;28;9;24;9;XD DIADEMA;26054;;;
MOBIS BRASIL FABRICACAO DE AUTO PECAS LT;RODOVIARIO;1583377;24/09/2026;3;363699;24/09/2026;BILLY DISTRIBUIDORA DE VEICULOS LTDA;1,34E+13;SAO PAULO;SP;24/09/2026;28/09/2026;25/09/2026;Entregue No Prazo;;Entrega realizada;Entrega Finalizada;28;9;24;9;XD DIADEMA;26003;;;
MOBIS BRASIL FABRICACAO DE AUTO PECAS LT;RODOVIARIO;1583383;24/09/2026;1;363709;24/09/2026;NOBRE DISTRIBUIDORA DE VEIC. E PEC. LTDA;5,76E+12;SUZANO;SP;24/09/2026;28/09/2026;25/09/2026;Entregue No Prazo;;Entrega realizada;Entrega Finalizada;28;9;24;9;XD DIADEMA;26103;;;
MOBIS BRASIL FABRICACAO DE AUTO PECAS LT;RODOVIARIO;1583384;24/09/2026;6;363703;24/09/2026;CHS MOTORS VEICULOS PECAS E SERV. LTDA;1,69E+13;OSASCO;SP;24/09/2026;28/09/2026;25/09/2026;Entregue No Prazo;;Entrega realizada;Entrega Finalizada;28;9;24;9;XD DIADEMA;26106;;;
MOBIS BRASIL FABRICACAO DE AUTO PECAS LT;RODOVIARIO;1583311;24/09/2026;1;363716;24/09/2026;TAI MOTORS VEICULOS S/A;9,27E+12;BELO HORIZONTE;MG;24/09/2026;29/09/2026;28/09/2026;Entregue No Prazo;;Entrega realizada;Entrega Finalizada;29;9;24;9;XD BETIM;8002;;;
MOBIS BRASIL FABRICACAO DE AUTO PECAS LT;RODOVIARIO;1583312;24/09/2026;12;363716;24/09/2026;TAI MOTORS VEICULOS S/A;9,27E+12;BELO HORIZONTE;MG;24/09/2026;29/09/2026;28/09/2026;Entregue No Prazo;;Entrega realizada;Entrega Finalizada;29;9;24;9;XD BETIM;8002;;;
MOBIS BRASIL FABRICACAO DE AUTO PECAS LT;RODOVIARIO;1583313;24/09/2026;19;363702;24/09/2026;CARBEL KOREA VEICULOS LTDA;2,07E+13;BELO HORIZONTE;MG;24/09/2026;29/09/2026;26/09/2026;Entregue No Prazo;;Entrega realizada;Entrega Finalizada;29;9;24;9;XD BETIM;11021;;;
MOBIS BRASIL FABRICACAO DE AUTO PECAS LT;RODOVIARIO;1583316;24/09/2026;1;363698;24/09/2026;BDG AUTOVILLE VEICULOS LTDA;4,77E+13;CONTAGEM;MG;24/09/2026;29/09/2026;28/09/2026;Entregue No Prazo;;Entrega realizada;Entrega Finalizada;29;9;24;9;XD BETIM;11037;;;
MOBIS BRASIL FABRICACAO DE AUTO PECAS LT;RODOVIARIO;1583317;24/09/2026;38;363698;24/09/2026;BDG AUTOVILLE VEICULOS LTDA;4,77E+13;CONTAGEM;MG;24/09/2026;29/09/2026;28/09/2026;Entregue No Prazo;;Entrega realizada;Entrega Finalizada;29;9;24;9;XD BETIM;11037;;;
MOBIS BRASIL FABRICACAO DE AUTO PECAS LT;RODOVIARIO;1583335;24/09/2026;1;363737;24/09/2026;SEVEC VEICULOS LTDA;5,68E+11;CURITIBA;PR;24/09/2026;29/09/2026;25/09/2026;Entregue No Prazo;;Entrega realizada;Entrega Finalizada;29;9;24;9;TRANSTRY;18012;;;
MOBIS BRASIL FABRICACAO DE AUTO PECAS LT;RODOVIARIO;1583340;24/09/2026;1;363725;24/09/2026;BARI VEICULOS LTDA;7,46E+12;CURITIBA;PR;24/09/2026;29/09/2026;25/09/2026;Entregue No Prazo;;Entrega realizada;Entrega Finalizada;29;9;24;9;TRANSTRY;18024;;;
MOBIS BRASIL FABRICACAO DE AUTO PECAS LT;RODOVIARIO;1583363;24/09/2026;1;363690;24/09/2026;DHC COMERCIO DE VEICULOS E PECAS LTDA;9,52E+12;BAURU;SP;24/09/2026;29/09/2026;25/09/2026;Entregue No Prazo;;Entrega realizada;Entrega Finalizada;29;9;24;9;MVT;26010;;;
MOBIS BRASIL FABRICACAO DE AUTO PECAS LT;RODOVIARIO;1583364;24/09/2026;1;363690;24/09/2026;DHC COMERCIO DE VEICULOS E PECAS LTDA;9,52E+12;BAURU;SP;24/09/2026;29/09/2026;25/09/2026;Entregue No Prazo;;Entrega realizada;Entrega Finalizada;29;9;24;9;MVT;26010;;;
MOBIS BRASIL FABRICACAO DE AUTO PECAS LT;RODOVIARIO;1583365;24/09/2026;2;363686;24/09/2026;ANDRETA II DISTRIBUIDORA DE VEIC. LTDA;9,10E+12;CAMPINAS;SP;24/09/2026;29/09/2026;28/09/2026;Entregue No Prazo;;Entrega realizada;Entrega Finalizada;29;9;24;9;MVT;26011;;;
MOBIS BRASIL FABRICACAO DE AUTO PECAS LT;RODOVIARIO;1583366;24/09/2026;5;363686;24/09/2026;ANDRETA II DISTRIBUIDORA DE VEIC. LTDA;9,10E+12;CAMPINAS;SP;24/09/2026;29/09/2026;28/09/2026;Entregue No Prazo;;Entrega realizada;Entrega Finalizada;29;9;24;9;MVT;26011;;;
MOBIS BRASIL FABRICACAO DE AUTO PECAS LT;RODOVIARIO;1583367;24/09/2026;4;363693;24/09/2026;MOTONET COMERCIO DE VEICULOS LTDA;9,28E+12;SOROCABA;SP;24/09/2026;29/09/2026;29/09/2026;Entregue No Prazo;Avaria;Entrega realizada;Entrega Finalizada;29;9;24;9;MVT;26113;;;
MOBIS BRASIL FABRICACAO DE AUTO PECAS LT;RODOVIARIO;1583368;24/09/2026;7;363694;24/09/2026;NEW VEICULOS E PECAS LTDA;1,59E+13;RIBEIRAO PRETO;SP;24/09/2026;29/09/2026;25/09/2026;Entregue No Prazo;;Entrega realizada;Entrega Finalizada;29;9;24;9;MVT;26014;;;
MOBIS BRASIL FABRICACAO DE AUTO PECAS LT;RODOVIARIO;1583375;24/09/2026;1;363687;24/09/2026;DESTAQUE SEUL DISTR. DE VEIC. E PC. LTDA;2,12E+13;BRAGANCA PAULISTA;SP;24/09/2026;29/09/2026;29/09/2026;Entregue No Prazo;;Entrega realizada;Entrega Finalizada;29;9;24;9;MVT;26074;;;
MOBIS BRASIL FABRICACAO DE AUTO PECAS LT;RODOVIARIO;1583376;24/09/2026;23;363706;24/09/2026;DESTAQUE SEUL DISTR. DE VEIC. E PC. LTDA;2,12E+13;ATIBAIA;SP;24/09/2026;29/09/2026;25/09/2026;Entregue No Prazo;;Entrega realizada;Entrega Finalizada;29;9;24;9;XD DIADEMA;26075;;;
MOBIS BRASIL FABRICACAO DE AUTO PECAS LT;RODOVIARIO;1583380;24/09/2026;3;363700;24/09/2026;CAOA MOTOR DO BRASIL LTDA;1,68E+13;SANTOS;SP;24/09/2026;29/09/2026;25/09/2026;Entregue No Prazo;;Entrega realizada;Entrega Finalizada;29;9;24;9;XD DIADEMA;5008;;;
MOBIS BRASIL FABRICACAO DE AUTO PECAS LT;RODOVIARIO;1583309;24/09/2026;4;363718;24/09/2026;URCA MOTORS VEICULOS LTDA;8,77E+12;UBERLANDIA;MG;24/09/2026;30/09/2026;28/09/2026;Entregue No Prazo;;Entrega realizada;Entrega Finalizada;30;9;24;9;XD BETIM;9014;;;
MOBIS BRASIL FABRICACAO DE AUTO PECAS LT;RODOVIARIO;1583315;24/09/2026;1;363719;24/09/2026;URCA MOTORS VEICULOS LTDA;8,77E+12;PATOS DE MINAS;MG;24/09/2026;30/09/2026;30/09/2026;Entregue No Prazo;;Entrega realizada;Entrega Finalizada;30;9;24;9;XD BETIM;9014;;;
MOBIS BRASIL FABRICACAO DE AUTO PECAS LT;RODOVIARIO;1583333;24/09/2026;5;363733;24/09/2026;LOVAT VEICULOS S/A;8,57E+12;LONDRINA;PR;24/09/2026;30/09/2026;30/09/2026;Entregue No Prazo;;Entrega realizada;Entrega Finalizada;30;9;24;9;TRANSTRY;18008;;;
MOBIS BRASIL FABRICACAO DE AUTO PECAS LT;RODOVIARIO;1583337;24/09/2026;8;363724;24/09/2026;BARI VEICULOS LTDA;7,46E+12;PONTA GROSSA;PR;24/09/2026;30/09/2026;28/09/2026;Entregue No Prazo;;Entrega realizada;Entrega Finalizada;30;9;24;9;TRANSTRY;18024;;;
MOBIS BRASIL FABRICACAO DE AUTO PECAS LT;RODOVIARIO;1583338;24/09/2026;18;363724;24/09/2026;BARI VEICULOS LTDA;7,46E+12;PONTA GROSSA;PR;24/09/2026;30/09/2026;28/09/2026;Entregue No Prazo;;Entrega realizada;Entrega Finalizada;30;9;24;9;TRANSTRY;18024;;;
MOBIS BRASIL FABRICACAO DE AUTO PECAS LT;RODOVIARIO;1583341;24/09/2026;3;363753;24/09/2026;ITAVEMA MOTORS VEICULOS LTDA;7,73E+12;DUQUE DE CAXIAS;RJ;24/09/2026;30/09/2026;28/09/2026;Entregue No Prazo;;Entrega realizada;Entrega Finalizada;30;9;24;9;CAMILO;19001;;;
MOBIS BRASIL FABRICACAO DE AUTO PECAS LT;RODOVIARIO;1583342;24/09/2026;4;363742;24/09/2026;AMX COM. E SERVICOS DE AUTOMOTORES LTDA;1,20E+13;RIO DE JANEIRO;RJ;24/09/2026;30/09/2026;28/09/2026;Entregue No Prazo;;Entrega realizada;Entrega Finalizada;30;9;24;9;CAMILO;19009;;;
MOBIS BRASIL FABRICACAO DE AUTO PECAS LT;RODOVIARIO;1583343;24/09/2026;1;363746;24/09/2026;CAOA MOTOR DO BRASIL LTDA;1,68E+13;RIO DE JANEIRO;RJ;24/09/2026;30/09/2026;28/09/2026;Entregue No Prazo;;Entrega realizada;Entrega Finalizada;30;9;24;9;CAMILO;5008;;;
MOBIS BRASIL FABRICACAO DE AUTO PECAS LT;RODOVIARIO;1583344;24/09/2026;1;363754;24/09/2026;ITAVEMA MOTORS VEICULOS LTDA;7,73E+12;RIO DE JANEIRO;RJ;24/09/2026;30/09/2026;28/09/2026;Entregue No Prazo;;Entrega realizada;Entrega Finalizada;30;9;24;9;CAMILO;19001;;;
MOBIS BRASIL FABRICACAO DE AUTO PECAS LT;RODOVIARIO;1583346;24/09/2026;2;363729;24/09/2026;CARWAY SUL VEICULOS LTDA;1,03E+13;CANOAS;RS;24/09/2026;30/09/2026;30/09/2026;Entregue No Prazo;;Entrega realizada;Entrega Finalizada;30;9;24;9;TRANSTRY;23003;;;
MOBIS BRASIL FABRICACAO DE AUTO PECAS LT;RODOVIARIO;1583356;24/09/2026;1;363727;24/09/2026;BARI VEICULOS LTDA.;7,46E+12;JOINVILLE;SC;24/09/2026;30/09/2026;28/09/2026;Entregue No Prazo;;Entrega realizada;Entrega Finalizada;30;9;24;9;TRANSTRY;24013;;;
MOBIS BRASIL FABRICACAO DE AUTO PECAS LT;RODOVIARIO;1583357;24/09/2026;2;363728;24/09/2026;BARI VEICULOS LTDA.;7,46E+12;ITAJAI;SC;24/09/2026;30/09/2026;28/09/2026;Entregue No Prazo;;Entrega realizada;Entrega Finalizada;30;9;24;9;TRANSTRY;24014;;;
MOBIS BRASIL FABRICACAO DE AUTO PECAS LT;RODOVIARIO;1583360;24/09/2026;51;363692;24/09/2026;HYMAX DISTRIBUIDORA DE VEICULOS LTDA;1,73E+13;MOGI GUACU;SP;24/09/2026;30/09/2026;25/09/2026;Entregue No Prazo;;Entrega realizada;Entrega Finalizada;30;9;24;9;MVT;26002;;;
MOBIS BRASIL FABRICACAO DE AUTO PECAS LT;RODOVIARIO;1583378;24/09/2026;2;363689;24/09/2026;DHC COMERCIO DE VEICULOS E PECAS LTDA;9,52E+12;BOTUCATU;SP;24/09/2026;30/09/2026;29/09/2026;Entregue No Prazo;Local fechado;Entrega realizada;Entrega Finalizada;30;9;24;9;MVT;26010;;;
MOBIS BRASIL FABRICACAO DE AUTO PECAS LT;RODOVIARIO;1583379;24/09/2026;4;363688;24/09/2026;DESTAQUE SEUL DISTR DE VEIC PEC LTDA;2,12E+13;CARAGUATATUBA;SP;24/09/2026;30/09/2026;29/09/2026;Entregue No Prazo;;Entrega realizada;Entrega Finalizada;30;9;24;9;MVT;26082;;;
MOBIS BRASIL FABRICACAO DE AUTO PECAS LT;RODOVIARIO;1583382;24/09/2026;4;363691;24/09/2026;H - CAMINHO AUTOMOVEIS LTDA;2,53E+13;PIRACICABA;SP;24/09/2026;30/09/2026;25/09/2026;Entregue No Prazo;;Entrega realizada;Entrega Finalizada;30;9;24;9;MVT;26092;;;
MOBIS BRASIL FABRICACAO DE AUTO PECAS LT;RODOVIARIO;1583302;24/09/2026;1;363770;24/09/2026;VIA BRASIL AUTOMOVEIS LTDA.;4,72E+12;SERRA;ES;24/09/2026;01/10/2026;;Pendente Fora;;01/10 Em transferencia para a cidade de destino;Entrega Pendente;1;10;24;9;CAMILO;8001;;;
MOBIS BRASIL FABRICACAO DE AUTO PECAS LT;RODOVIARIO;1583310;24/09/2026;2;363720;24/09/2026;VITAL COMERCIO DE VEICULOS LTDA;1,05E+13;IPATINGA;MG;24/09/2026;01/10/2026;28/09/2026;Entregue No Prazo;;Entrega realizada;Entrega Finalizada;1;10;24;9;XD BETIM;11016;;;
MOBIS BRASIL FABRICACAO DE AUTO PECAS LT;RODOVIARIO;1583314;24/09/2026;1;363707;24/09/2026;GNC GRANDE COREIA MINAS GERAIS COMERCIO;4,27E+13;MONTES CLAROS;MG;24/09/2026;01/10/2026;29/09/2026;Entregue No Prazo;;Entrega realizada;Entrega Finalizada;1;10;24;9;XD BETIM;11035;;;
MOBIS BRASIL FABRICACAO DE AUTO PECAS LT;RODOVIARIO;1583318;24/09/2026;4;363717;24/09/2026;TECAR TRILHAS AUTOMOVEIS E SERVICOS LTDA;2,32E+13;DIVINOPOLIS;MG;24/09/2026;01/10/2026;28/09/2026;Entregue No Prazo;;Entrega realizada;Entrega Finalizada;1;10;24;9;XD BETIM;11039;;;
MOBIS BRASIL FABRICACAO DE AUTO PECAS LT;RODOVIARIO;1583334;24/09/2026;22;363736;24/09/2026;SANTA FE VEICULOS LTDA.;1,16E+13;FRANCISCO BELTRAO;PR;24/09/2026;01/10/2026;;Pendente Fora;;01/10 Em rota de entrega;Entrega Pendente;1;10;24;9;TRANSTRY;18010;;;
MOBIS BRASIL FABRICACAO DE AUTO PECAS LT;RODOVIARIO;1583336;24/09/2026;1;363739;24/09/2026;ZENDAI VEICULOS LTDA;1,97E+13;TOLEDO;PR;24/09/2026;01/10/2026;28/09/2026;Entregue No Prazo;;Entrega realizada;Entrega Finalizada;1;10;24;9;TRANSTRY;18016;;;
MOBIS BRASIL FABRICACAO DE AUTO PECAS LT;RODOVIARIO;1583339;24/09/2026;9;363738;24/09/2026;VETOR AUTOMOVEIS LTDA;2,12E+13;FOZ DO IGUACU;PR;24/09/2026;01/10/2026;28/09/2026;Entregue No Prazo;;Entrega realizada;Entrega Finalizada;1;10;24;9;TRANSTRY;18019;;;
MOBIS BRASIL FABRICACAO DE AUTO PECAS LT;RODOVIARIO;1583345;24/09/2026;1;363757;24/09/2026;MONTREAL VEICULOS E PECAS LTDA;1,68E+13;SAO PEDRO DA ALDEIA;RJ;24/09/2026;01/10/2026;29/09/2026;Entregue No Prazo;;Entrega realizada;Entrega Finalizada;1;10;24;9;CAMILO;19030;;;
MOBIS BRASIL FABRICACAO DE AUTO PECAS LT;RODOVIARIO;1583347;24/09/2026;1;363732;24/09/2026;GALA COMERCIO DE VEICULOS LTDA.;1,77E+13;PELOTAS;RS;24/09/2026;01/10/2026;29/09/2026;Entregue No Prazo;;Entrega realizada;Entrega Finalizada;1;10;24;9;TRANSTRY;23009;;;
MOBIS BRASIL FABRICACAO DE AUTO PECAS LT;RODOVIARIO;1583349;24/09/2026;9;363722;24/09/2026;ATUAL VEICULOS LTDA;1,33E+13;ARARANGUA;SC;24/09/2026;01/10/2026;28/09/2026;Entregue No Prazo;;Entrega realizada;Entrega Finalizada;1;10;24;9;TRANSTRY;24001;;;
MOBIS BRASIL FABRICACAO DE AUTO PECAS LT;RODOVIARIO;1583350;24/09/2026;2;363723;24/09/2026;ATUAL VEICULOS LTDA;1,33E+13;CRICIUMA;SC;24/09/2026;01/10/2026;28/09/2026;Entregue No Prazo;;Entrega realizada;Entrega Finalizada;1;10;24;9;TRANSTRY;24001;;;
MOBIS BRASIL FABRICACAO DE AUTO PECAS LT;RODOVIARIO;1583351;24/09/2026;16;363723;24/09/2026;ATUAL VEICULOS LTDA;1,33E+13;CRICIUMA;SC;24/09/2026;01/10/2026;28/09/2026;Entregue No Prazo;;Entrega realizada;Entrega Finalizada;1;10;24;9;TRANSTRY;24001;;;
MOBIS BRASIL FABRICACAO DE AUTO PECAS LT;RODOVIARIO;1583352;24/09/2026;9;363721;24/09/2026;ATUAL VEICULOS LTDA;1,33E+13;TUBARAO;SC;24/09/2026;01/10/2026;28/09/2026;Entregue No Prazo;;Entrega realizada;Entrega Finalizada;1;10;24;9;TRANSTRY;24001;;;
MOBIS BRASIL FABRICACAO DE AUTO PECAS LT;RODOVIARIO;1583353;24/09/2026;1;363734;24/09/2026;LR COMERCIO DE VEICULOS LTDA;1,05E+13;SAO JOSE;SC;24/09/2026;01/10/2026;28/09/2026;Entregue No Prazo;;Entrega realizada;Entrega Finalizada;1;10;24;9;TRANSTRY;24007;;;
MOBIS BRASIL FABRICACAO DE AUTO PECAS LT;RODOVIARIO;1583354;24/09/2026;2;363734;24/09/2026;LR COMERCIO DE VEICULOS LTDA;1,05E+13;SAO JOSE;SC;24/09/2026;01/10/2026;28/09/2026;Entregue No Prazo;;Entrega realizada;Entrega Finalizada;1;10;24;9;TRANSTRY;24007;;;
MOBIS BRASIL FABRICACAO DE AUTO PECAS LT;RODOVIARIO;1583355;24/09/2026;20;363726;24/09/2026;BARI VEICULOS LTDA;7,46E+12;BLUMENAU;SC;24/09/2026;01/10/2026;29/09/2026;Entregue No Prazo;;Entrega realizada;Entrega Finalizada;1;10;24;9;TRANSTRY;18024;;;
MOBIS BRASIL FABRICACAO DE AUTO PECAS LT;RODOVIARIO;1583358;24/09/2026;3;363735;24/09/2026;PONTO CERTO COMERCIO DE VEICULOS LTDA;1,50E+13;LAGES;SC;24/09/2026;01/10/2026;28/09/2026;Entregue No Prazo;;Entrega realizada;Entrega Finalizada;1;10;24;9;TRANSTRY;24017;;;
MOBIS BRASIL FABRICACAO DE AUTO PECAS LT;RODOVIARIO;1583300;24/09/2026;3;363715;24/09/2026;SMAFF IMPORT VEICULOS LTDA;8,18E+12;BRASILIA;DF;24/09/2026;02/10/2026;29/09/2026;Entregue No Prazo;;Entrega realizada;Entrega Finalizada;2;10;24;9;RIO VERMELHO;7002;;;
MOBIS BRASIL FABRICACAO DE AUTO PECAS LT;RODOVIARIO;1583301;24/09/2026;52;363713;24/09/2026;SAGA KOREA COM. DE VEIC. E PC. LTDA;1,27E+13;BRASILIA;DF;24/09/2026;02/10/2026;30/09/2026;Entregue No Prazo;;Entrega realizada;Entrega Finalizada;2;10;24;9;RIO VERMELHO;7005;;;
MOBIS BRASIL FABRICACAO DE AUTO PECAS LT;RODOVIARIO;1583303;24/09/2026;4;363765;24/09/2026;PRIME CACHOEIRO VEICULOS LTDA;9,34E+12;CACHOEIRO DE ITAPEMIRIM;ES;24/09/2026;02/10/2026;30/09/2026;Entregue No Prazo;;Entrega realizada;Entrega Finalizada;2;10;24;9;CAMILO;8004;;;
MOBIS BRASIL FABRICACAO DE AUTO PECAS LT;RODOVIARIO;1583304;24/09/2026;1;363714;24/09/2026;SAGA KOREA COM. DE VEIC. E PC. LTDA;1,27E+13;GOIANIA;GO;24/09/2026;02/10/2026;30/09/2026;Entregue No Prazo;;Entrega realizada;Entrega Finalizada;2;10;24;9;RIO VERMELHO;9011;;;
MOBIS BRASIL FABRICACAO DE AUTO PECAS LT;RODOVIARIO;1583305;24/09/2026;29;363714;24/09/2026;SAGA KOREA COM. DE VEIC. E PC. LTDA;1,27E+13;GOIANIA;GO;24/09/2026;02/10/2026;30/09/2026;Entregue No Prazo;;Entrega realizada;Entrega Finalizada;2;10;24;9;RIO VERMELHO;9011;;;
MOBIS BRASIL FABRICACAO DE AUTO PECAS LT;RODOVIARIO;1583319;24/09/2026;1;363752;24/09/2026;GOLDEN MOTORS VEICULOS LTDA;3,62E+12;TRES LAGOAS;MS;24/09/2026;02/10/2026;26/09/2026;Entregue No Prazo;;Entrega realizada;Entrega Finalizada;2;10;24;9;CARVALIMA;12001;;;
MOBIS BRASIL FABRICACAO DE AUTO PECAS LT;RODOVIARIO;1583320;24/09/2026;2;363768;24/09/2026;ULSAN COMERCIO DE VEICULOS LTDA.;2,10E+13;CAMPO GRANDE;MS;24/09/2026;02/10/2026;28/09/2026;Entregue No Prazo;;Entrega realizada;Entrega Finalizada;2;10;24;9;CARVALIMA;12004;;;
MOBIS BRASIL FABRICACAO DE AUTO PECAS LT;RODOVIARIO;1583321;24/09/2026;1;363755;24/09/2026;JPG MOTORS COMERCIO DE VEICULOS LTDA;2,91E+13;CAMPO GRANDE;MS;24/09/2026;02/10/2026;28/09/2026;Entregue No Prazo;;Entrega realizada;Entrega Finalizada;2;10;24;9;CARVALIMA;12005;;;
MOBIS BRASIL FABRICACAO DE AUTO PECAS LT;RODOVIARIO;1583348;24/09/2026;16;363730;24/09/2026;CHINHAN AUTOMOVEIS LTDA;2,41E+13;ERECHIM;RS;24/09/2026;02/10/2026;29/09/2026;Entregue No Prazo;;Entrega realizada;Entrega Finalizada;2;10;24;9;TRANSTRY;23019;;;
MOBIS BRASIL FABRICACAO DE AUTO PECAS LT;RODOVIARIO;1583323;24/09/2026;1;363766;24/09/2026;SAGA ASIA COM. DE VEIC.PC.E SERV. LTDA;2,23E+13;VARZEA GRANDE;MT;24/09/2026;05/10/2026;01/10/2026;Entregue No Prazo;;Entrega realizada;Entrega Finalizada;5;10;24;9;CARVALIMA;13004;Criação do Estado de Roraima;Estadual;RR
MOBIS BRASIL FABRICACAO DE AUTO PECAS LT;RODOVIARIO;1583324;24/09/2026;2;363766;24/09/2026;SAGA ASIA COM. DE VEIC.PC.E SERV. LTDA;2,23E+13;VARZEA GRANDE;MT;24/09/2026;05/10/2026;01/10/2026;Entregue No Prazo;;Entrega realizada;Entrega Finalizada;5;10;24;9;CARVALIMA;13004;Criação do Estado de Roraima;Estadual;RR
MOBIS BRASIL FABRICACAO DE AUTO PECAS LT;RODOVIARIO;1583326;24/09/2026;1;363749;24/09/2026;COMETA MATO GROSSO COM. DE VEICULOS LTDA;1,54E+13;TANGARA DA SERRA;MT;24/09/2026;05/10/2026;29/09/2026;Entregue No Prazo;;Entrega realizada;Entrega Finalizada;5;10;24;9;CARVALIMA;13007;Criação do Estado de Roraima;Estadual;RR
MOBIS BRASIL FABRICACAO DE AUTO PECAS LT;RODOVIARIO;1583359;24/09/2026;2;363731;24/09/2026;CHINHAN AUTOMOVEIS LTDA.;2,41E+13;CACADOR;SC;24/09/2026;05/10/2026;29/09/2026;Entregue No Prazo;;Entrega realizada;Entrega Finalizada;5;10;24;9;TRANSTRY;24020;Criação do Estado de Roraima;Estadual;RR
MOBIS BRASIL FABRICACAO DE AUTO PECAS LT;RODOVIARIO;1583386;24/09/2026;4;363712;24/09/2026;PRIVILLEGE DISTRIBUIDORA DE VEICULOS LTD;1,72E+13;PALMAS;TO;24/09/2026;05/10/2026;;Pendente No Prazo;;28/09  Não deu entrada;Entrega Pendente;5;10;24;9;RIO VERMELHO;27003;Criação do Estado de Roraima;Estadual;RR
MOBIS BRASIL FABRICACAO DE AUTO PECAS LT;RODOVIARIO;1583296;24/09/2026;1;363762;24/09/2026;PATEO COMERCIO DE VEICULOS S A;7,78E+12;SALVADOR;BA;24/09/2026;06/10/2026;;Pendente No Prazo;;01/10 Em transferencia para a cidade de destino;Entrega Pendente;6;10;24;9;TERMACO;5003;;;
MOBIS BRASIL FABRICACAO DE AUTO PECAS LT;RODOVIARIO;1583297;24/09/2026;3;363751;24/09/2026;FAZZA MOTORS COMERCIO DE VEICULOS LTDA;1,24E+13;SALVADOR;BA;24/09/2026;06/10/2026;;Pendente No Prazo;;01/10 Em transferencia para a cidade de destino;Entrega Pendente;6;10;24;9;TERMACO;5007;;;
MOBIS BRASIL FABRICACAO DE AUTO PECAS LT;RODOVIARIO;1583322;24/09/2026;1;363748;24/09/2026;COMETA MATO GROSSO COM. DE VEICULOS LTDA;1,54E+13;SINOP;MT;24/09/2026;06/10/2026;30/09/2026;Entregue No Prazo;;Entrega realizada;Entrega Finalizada;6;10;24;9;CARVALIMA;13003;;;
MOBIS BRASIL FABRICACAO DE AUTO PECAS LT;RODOVIARIO;1583325;24/09/2026;2;363747;24/09/2026;COMETA MATO GROSSO COM. DE VEICULOS LTDA;1,54E+13;RONDONOPOLIS;MT;24/09/2026;06/10/2026;28/09/2026;Entregue No Prazo;;Entrega realizada;Entrega Finalizada;6;10;24;9;CARVALIMA;13006;;;
MOBIS BRASIL FABRICACAO DE AUTO PECAS LT;RODOVIARIO;1583327;24/09/2026;2;363769;24/09/2026;UNIQUE COMERCIO DE AUTOMOVEIS LTDA;1,74E+13;ANANINDEUA;PA;24/09/2026;07/10/2026;30/09/2026;Entregue No Prazo;;Entrega realizada;Entrega Finalizada;7;10;24;9;CARVALIMA;14003;;;
MOBIS BRASIL FABRICACAO DE AUTO PECAS LT;RODOVIARIO;1583328;24/09/2026;4;363745;24/09/2026;CAOA MOTOR DO BRASIL LTDA;1,68E+13;BELEM;PA;24/09/2026;07/10/2026;30/09/2026;Entregue No Prazo;;Entrega realizada;Entrega Finalizada;7;10;24;9;CARVALIMA;5008;;;
MOBIS BRASIL FABRICACAO DE AUTO PECAS LT;RODOVIARIO;1583293;24/09/2026;3;363750;24/09/2026;CYCOSA AUTOMOVEIS LTDA;4,76E+12;MACEIO;AL;24/09/2026;08/10/2026;;Pendente No Prazo;;01/10 Em transferencia para a cidade de destino;Entrega Pendente;8;10;24;9;TERMACO;2001;;;
MOBIS BRASIL FABRICACAO DE AUTO PECAS LT;RODOVIARIO;1583306;24/09/2026;2;363708;24/09/2026;NASA MOTORS LTDA.;2,65E+13;SAO LUIS DE MONTES BELOS;GO;24/09/2026;08/10/2026;;Pendente No Prazo;;28/09  Não deu entrada;Entrega Pendente;8;10;24;9;RIO VERMELHO;9016;;;
MOBIS BRASIL FABRICACAO DE AUTO PECAS LT;RODOVIARIO;1583329;24/09/2026;1;363759;24/09/2026;NACIONAL NOVA MARABA DIST DE VEIC. LTDA;1,70E+13;MARABA;PA;24/09/2026;08/10/2026;29/09/2026;Entregue No Prazo;Avaria;Entrega realizada;Entrega Finalizada;8;10;24;9;CARVALIMA;14005;;;
MOBIS BRASIL FABRICACAO DE AUTO PECAS LT;RODOVIARIO;1583385;24/09/2026;1;363711;24/09/2026;PRIVILLEGE DISTRIBUIDORA DE VEICULOS LTD;1,72E+13;ARAGUAINA;TO;24/09/2026;08/10/2026;;Pendente No Prazo;;28/09  Não deu entrada;Entrega Pendente;8;10;24;9;RIO VERMELHO;27002;;;
MOBIS BRASIL FABRICACAO DE AUTO PECAS LT;RODOVIARIO;1583295;24/09/2026;6;363741;24/09/2026;AIKON VEICULOS LTDA;1,17E+13;VITORIA DA CONQUISTA;BA;24/09/2026;09/10/2026;;Pendente No Prazo;;01/10 Em transferencia para a cidade de destino;Entrega Pendente;9;10;24;9;TERMACO;5002;;;
MOBIS BRASIL FABRICACAO DE AUTO PECAS LT;RODOVIARIO;1583298;24/09/2026;2;363744;24/09/2026;CAOA MOTOR DO BRASIL LTDA;1,68E+13;LAURO DE FREITAS;BA;24/09/2026;09/10/2026;;Pendente No Prazo;;01/10 Em transferencia para a cidade de destino;Entrega Pendente;9;10;24;9;TERMACO;5008;;;
MOBIS BRASIL FABRICACAO DE AUTO PECAS LT;RODOVIARIO;1583299;24/09/2026;2;363760;24/09/2026;ORVEL AUTOMOTOR HYD LTDA;2,52E+13;TEIXEIRA DE FREITAS;BA;24/09/2026;09/10/2026;30/09/2026;Entregue No Prazo;;Entrega realizada;Entrega Finalizada;9;10;24;9;TERMACO;5011;;;
MOBIS BRASIL FABRICACAO DE AUTO PECAS LT;RODOVIARIO;1583307;24/09/2026;5;363764;24/09/2026;PATEO COMERCIO DE VEICULOS S A;7,78E+12;SAO LUIS;MA;24/09/2026;09/10/2026;;Pendente No Prazo;;01/10 Em transferencia para a cidade de destino;Entrega Pendente;9;10;24;9;TERMACO;10002;;;
MOBIS BRASIL FABRICACAO DE AUTO PECAS LT;RODOVIARIO;1583331;24/09/2026;2;363761;24/09/2026;PATEO COMERCIO DE VEICULOS S A;7,78E+12;RECIFE;PE;24/09/2026;09/10/2026;;Pendente No Prazo;;01/10 Em transferencia para a cidade de destino;Entrega Pendente;9;10;24;9;TERMACO;16004;;;
MOBIS BRASIL FABRICACAO DE AUTO PECAS LT;RODOVIARIO;1583330;24/09/2026;1;363756;24/09/2026;JPN PATOS COMERCIO DE VEICULOS LTDA;4,20E+13;PATOS;PB;24/09/2026;12/10/2026;;Pendente No Prazo;;01/10 Em transferencia para a cidade de destino;Entrega Pendente;12;10;24;9;TERMACO;15004;;;
MOBIS BRASIL FABRICACAO DE AUTO PECAS LT;RODOVIARIO;1583332;24/09/2026;1;363743;24/09/2026;AUTORAC VEICULOS LTDA;1,06E+13;PETROLINA;PE;24/09/2026;12/10/2026;;Pendente No Prazo;;01/10 Em transferencia para a cidade de destino;Entrega Pendente;12;10;24;9;TERMACO;16001;;;
MOBIS BRASIL FABRICACAO DE AUTO PECAS LT;RODOVIARIO;1583292;24/09/2026;4;363767;24/09/2026;ULSAN COMERCIO DE VEICULOS LTDA;2,10E+13;RIO BRANCO;AC;24/09/2026;13/10/2026;;Pendente No Prazo;;01/10 Em transferencia para a cidade de destino;Entrega Pendente;13;10;24;9;CARVALIMA;21004;;;
MOBIS BRASIL FABRICACAO DE AUTO PECAS LT;RODOVIARIO;1583308;24/09/2026;1;363758;24/09/2026;NACIONAL NOVA MARABA DIST DE VEIC. LTDA;1,70E+13;IMPERATRIZ;MA;24/09/2026;14/10/2026;;Pendente No Prazo;;01/10 Em transferencia para a cidade de destino;Entrega Pendente;14;10;24;9;TERMACO;10003;;;
MOBIS BRASIL FABRICACAO DE AUTO PECAS LT;RODOVIARIO;1583294;24/09/2026;2;363763;24/09/2026;PATEO COMERCIO DE VEICULOS S A;7,78E+12;MANAUS;AM;24/09/2026;20/10/2026;;Pendente No Prazo;;01/10 Em transferencia para a cidade de destino;Entrega Pendente;20;10;24;9;CARVALIMA;3002;;;
MOBIS BRASIL FABRICACAO DE AUTO PECAS LT;RODOVIARIO;1582519;23/09/2026;106;363909;25/09/2026;BILLY DISTRIBUIDORA DE VEICULOS LTDA;1,34E+13;SAO CAETANO DO SUL;SP;25/09/2026;29/09/2026;25/09/2026;Entregue No Prazo;;Entrega realizada;Entrega Finalizada;29;9;25;9;BV LOG;26003;;;
MOBIS BRASIL FABRICACAO DE AUTO PECAS LT;RODOVIARIO;1582520;23/09/2026;56;363911;25/09/2026;BILLY DISTRIBUIDORA DE VEICULOS LTDA;1,34E+13;SAO CAETANO DO SUL;SP;25/09/2026;29/09/2026;25/09/2026;Entregue No Prazo;;Entrega realizada;Entrega Finalizada;29;9;25;9;BV LOG;26003;;;
MOBIS BRASIL FABRICACAO DE AUTO PECAS LT;RODOVIARIO;1583361;24/09/2026;14;363912;25/09/2026;BILLY DISTRIBUIDORA DE VEICULOS LTDA;1,34E+13;BARUERI;SP;25/09/2026;29/09/2026;25/09/2026;Entregue No Prazo;;Entrega realizada;Entrega Finalizada;29;9;25;9;BV LOG;26003;;;
MOBIS BRASIL FABRICACAO DE AUTO PECAS LT;RODOVIARIO;1583371;24/09/2026;1;363909;25/09/2026;BILLY DISTRIBUIDORA DE VEICULOS LTDA;1,34E+13;SAO CAETANO DO SUL;SP;25/09/2026;29/09/2026;25/09/2026;Entregue No Prazo;;Entrega realizada;Entrega Finalizada;29;9;25;9;BV LOG;26003;;;
MOBIS BRASIL FABRICACAO DE AUTO PECAS LT;RODOVIARIO;1583372;24/09/2026;32;363911;25/09/2026;BILLY DISTRIBUIDORA DE VEICULOS LTDA;1,34E+13;SAO CAETANO DO SUL;SP;25/09/2026;29/09/2026;25/09/2026;Entregue No Prazo;;Entrega realizada;Entrega Finalizada;29;9;25;9;BV LOG;26003;;;
MOBIS BRASIL FABRICACAO DE AUTO PECAS LT;RODOVIARIO;1583381;24/09/2026;21;363910;25/09/2026;GRANDAY AUTOMOTORES LTDA (CHAC. CALIFOR);1,57E+13;SAO PAULO;SP;25/09/2026;29/09/2026;25/09/2026;Entregue No Prazo;;Entrega realizada;Entrega Finalizada;29;9;25;9;BV LOG;26090;;;
MOBIS BRASIL FABRICACAO DE AUTO PECAS LT;RODOVIARIO;1584226;25/09/2026;3;363930;25/09/2026;NOBRE DISTRIBUIDORA DE VEICULOS E PECAS;5,76E+12;MOGI DAS CRUZES;SP;25/09/2026;29/09/2026;28/09/2026;Entregue No Prazo;;Entrega realizada;Entrega Finalizada;29;9;25;9;XD DIADEMA;26004;;;
MOBIS BRASIL FABRICACAO DE AUTO PECAS LT;RODOVIARIO;1584227;25/09/2026;1;363927;25/09/2026;GRAND SPORT COM. DE VEIC. E PECAS LTDA;8,58E+12;GUARULHOS;SP;25/09/2026;29/09/2026;28/09/2026;Entregue No Prazo;;Entrega realizada;Entrega Finalizada;29;9;25;9;XD DIADEMA;26005;;;
MOBIS BRASIL FABRICACAO DE AUTO PECAS LT;RODOVIARIO;1584230;25/09/2026;20;363925;25/09/2026;CHS MOTORS VEICULOS PECAS E SERV. LTDA.;1,69E+13;SAO PAULO;SP;25/09/2026;29/09/2026;29/09/2026;Entregue No Prazo;;Entrega realizada;Entrega Finalizada;29;9;25;9;XD DIADEMA;26036;;;
MOBIS BRASIL FABRICACAO DE AUTO PECAS LT;RODOVIARIO;1584233;25/09/2026;1;363924;25/09/2026;CAOA MOTOR DO BRASIL LTDA (VL PRUDENTE);1,68E+13;SAO PAULO;SP;25/09/2026;29/09/2026;28/09/2026;Entregue No Prazo;;Entrega realizada;Entrega Finalizada;29;9;25;9;XD DIADEMA;26051;;;
MOBIS BRASIL FABRICACAO DE AUTO PECAS LT;RODOVIARIO;1584235;25/09/2026;2;363921;25/09/2026;CAOA MOTOR DO BRASIL LTDA;1,68E+13;SAO BERNARDO DO CAMPO;SP;25/09/2026;29/09/2026;28/09/2026;Entregue No Prazo;;Entrega realizada;Entrega Finalizada;29;9;25;9;XD DIADEMA;5008;;;
MOBIS BRASIL FABRICACAO DE AUTO PECAS LT;RODOVIARIO;1584181;25/09/2026;11;363934;25/09/2026;TAI MOTORS VEICULOS S/A;9,27E+12;BELO HORIZONTE;MG;25/09/2026;30/09/2026;29/09/2026;Entregue No Prazo;;Entrega realizada;Entrega Finalizada;30;9;25;9;XD BETIM;8002;;;
MOBIS BRASIL FABRICACAO DE AUTO PECAS LT;RODOVIARIO;1584182;25/09/2026;1;363922;25/09/2026;CAOA MOTOR DO BRASIL LTDA;1,68E+13;BELO HORIZONTE;MG;25/09/2026;30/09/2026;29/09/2026;Entregue No Prazo;;Entrega realizada;Entrega Finalizada;30;9;25;9;XD BETIM;5008;;;
MOBIS BRASIL FABRICACAO DE AUTO PECAS LT;RODOVIARIO;1584186;25/09/2026;1;363920;25/09/2026;BDG AUTOVILLE VEICULOS LTDA;4,77E+13;CONTAGEM;MG;25/09/2026;30/09/2026;29/09/2026;Entregue No Prazo;;Entrega realizada;Entrega Finalizada;30;9;25;9;XD BETIM;11037;;;
MOBIS BRASIL FABRICACAO DE AUTO PECAS LT;RODOVIARIO;1584201;25/09/2026;1;363960;25/09/2026;SEVEC VEICULOS LTDA;5,68E+11;CURITIBA;PR;25/09/2026;30/09/2026;28/09/2026;Entregue No Prazo;;Entrega realizada;Entrega Finalizada;30;9;25;9;TRANSTRY;18012;;;
MOBIS BRASIL FABRICACAO DE AUTO PECAS LT;RODOVIARIO;1584203;25/09/2026;3;363945;25/09/2026;BARI VEICULOS LTDA;7,46E+12;CURITIBA;PR;25/09/2026;30/09/2026;28/09/2026;Entregue No Prazo;;Entrega realizada;Entrega Finalizada;30;9;25;9;TRANSTRY;18024;;;
MOBIS BRASIL FABRICACAO DE AUTO PECAS LT;RODOVIARIO;1584228;25/09/2026;1;363916;25/09/2026;DHC COMERCIO DE VEICULOS E PECAS LTDA;9,52E+12;BAURU;SP;25/09/2026;30/09/2026;28/09/2026;Entregue No Prazo;;Entrega realizada;Entrega Finalizada;30;9;25;9;MVT;26010;;;
MOBIS BRASIL FABRICACAO DE AUTO PECAS LT;RODOVIARIO;1584229;25/09/2026;14;363914;25/09/2026;ANDRETA II DISTRIBUIDORA DE VEIC. LTDA;9,10E+12;CAMPINAS;SP;25/09/2026;30/09/2026;28/09/2026;Entregue No Prazo;Avaria;Entrega realizada;Entrega Finalizada;30;9;25;9;MVT;26011;;;
MOBIS BRASIL FABRICACAO DE AUTO PECAS LT;RODOVIARIO;1584232;25/09/2026;4;363913;25/09/2026;ANDRETA II DISTRIBUIDORA DE VEIC. LTDA;9,10E+12;INDAIATUBA;SP;25/09/2026;30/09/2026;28/09/2026;Entregue No Prazo;;Entrega realizada;Entrega Finalizada;30;9;25;9;MVT;26011;;;
MOBIS BRASIL FABRICACAO DE AUTO PECAS LT;RODOVIARIO;1584236;25/09/2026;5;363923;25/09/2026;CAOA MOTOR DO BRASIL LTDA;1,68E+13;SAO JOSE DOS CAMPOS;SP;25/09/2026;30/09/2026;28/09/2026;Entregue No Prazo;;Entrega realizada;Entrega Finalizada;30;9;25;9;XD DIADEMA;5008;;;
MOBIS BRASIL FABRICACAO DE AUTO PECAS LT;RODOVIARIO;1584240;25/09/2026;2;363918;25/09/2026;H - CAMINHO AUTOMOVEIS LTDA;2,53E+13;LIMEIRA;SP;25/09/2026;30/09/2026;28/09/2026;Entregue No Prazo;;Entrega realizada;Entrega Finalizada;30;9;25;9;MVT;26092;;;
MOBIS BRASIL FABRICACAO DE AUTO PECAS LT;RODOVIARIO;1584179;25/09/2026;19;363939;25/09/2026;URCA MOTORS VEICULOS LTDA;8,77E+12;UBERLANDIA;MG;25/09/2026;01/10/2026;29/09/2026;Entregue No Prazo;;Entrega realizada;Entrega Finalizada;1;10;25;9;XD BETIM;9014;;;
MOBIS BRASIL FABRICACAO DE AUTO PECAS LT;RODOVIARIO;1584183;25/09/2026;1;363936;25/09/2026;TOKSU COMERCIO DE VEICULOS LTDA;1,12E+13;VARGINHA;MG;25/09/2026;01/10/2026;29/09/2026;Entregue No Prazo;;Entrega realizada;Entrega Finalizada;1;10;25;9;XD BETIM;11008;;;
MOBIS BRASIL FABRICACAO DE AUTO PECAS LT;RODOVIARIO;1584184;25/09/2026;1;363941;25/09/2026;VIME POCOS COM. DE VEICULOS E PECAS LTDA;3,43E+13;POCOS DE CALDAS;MG;25/09/2026;01/10/2026;29/09/2026;Entregue No Prazo;;Entrega realizada;Entrega Finalizada;1;10;25;9;XD BETIM;11033;;;
MOBIS BRASIL FABRICACAO DE AUTO PECAS LT;RODOVIARIO;1584185;25/09/2026;1;363940;25/09/2026;URCA MOTORS VEICULOS LTDA;8,77E+12;PATOS DE MINAS;MG;25/09/2026;01/10/2026;30/09/2026;Entregue No Prazo;;Entrega realizada;Entrega Finalizada;1;10;25;9;XD BETIM;9014;;;
MOBIS BRASIL FABRICACAO DE AUTO PECAS LT;RODOVIARIO;1584198;25/09/2026;24;363956;25/09/2026;LOVAT VEICULOS S/A;8,57E+12;LONDRINA;PR;25/09/2026;01/10/2026;30/09/2026;Entregue No Prazo;;Entrega realizada;Entrega Finalizada;1;10;25;9;TRANSTRY;18008;;;
MOBIS BRASIL FABRICACAO DE AUTO PECAS LT;RODOVIARIO;1584199;25/09/2026;4;363957;25/09/2026;LOVAT VEICULOS S/A;8,57E+12;MARINGA;PR;25/09/2026;01/10/2026;29/09/2026;Entregue No Prazo;;Entrega realizada;Entrega Finalizada;1;10;25;9;TRANSTRY;18008;;;
MOBIS BRASIL FABRICACAO DE AUTO PECAS LT;RODOVIARIO;1584202;25/09/2026;15;363947;25/09/2026;BARI VEICULOS LTDA;7,46E+12;PONTA GROSSA;PR;25/09/2026;01/10/2026;29/09/2026;Entregue No Prazo;;Entrega realizada;Entrega Finalizada;1;10;25;9;TRANSTRY;18024;;;
MOBIS BRASIL FABRICACAO DE AUTO PECAS LT;RODOVIARIO;1584204;25/09/2026;2;363972;25/09/2026;ITAVEMA MOTORS VEICULOS LTDA;7,73E+12;DUQUE DE CAXIAS;RJ;25/09/2026;01/10/2026;29/09/2026;Entregue No Prazo;;Entrega realizada;Entrega Finalizada;1;10;25;9;CAMILO;19001;;;
MOBIS BRASIL FABRICACAO DE AUTO PECAS LT;RODOVIARIO;1584205;25/09/2026;4;363972;25/09/2026;ITAVEMA MOTORS VEICULOS LTDA;7,73E+12;DUQUE DE CAXIAS;RJ;25/09/2026;01/10/2026;29/09/2026;Entregue No Prazo;;Entrega realizada;Entrega Finalizada;1;10;25;9;CAMILO;19001;;;
MOBIS BRASIL FABRICACAO DE AUTO PECAS LT;RODOVIARIO;1584206;25/09/2026;1;363962;25/09/2026;AMX COM. E SERVICOS DE AUTOMOTORES LTDA;1,20E+13;RIO DE JANEIRO;RJ;25/09/2026;01/10/2026;29/09/2026;Entregue No Prazo;;Entrega realizada;Entrega Finalizada;1;10;25;9;CAMILO;19009;;;
MOBIS BRASIL FABRICACAO DE AUTO PECAS LT;RODOVIARIO;1584207;25/09/2026;1;363964;25/09/2026;CAOA MOTOR DO BRASIL LTDA;1,68E+13;RIO DE JANEIRO;RJ;25/09/2026;01/10/2026;29/09/2026;Entregue No Prazo;;Entrega realizada;Entrega Finalizada;1;10;25;9;CAMILO;5008;;;
MOBIS BRASIL FABRICACAO DE AUTO PECAS LT;RODOVIARIO;1584208;25/09/2026;18;363971;25/09/2026;ITAVEMA MOTORS VEICULOS LTDA;7,73E+12;RIO DE JANEIRO;RJ;25/09/2026;01/10/2026;29/09/2026;Entregue No Prazo;;Entrega realizada;Entrega Finalizada;1;10;25;9;CAMILO;19001;;;
MOBIS BRASIL FABRICACAO DE AUTO PECAS LT;RODOVIARIO;1584210;25/09/2026;6;363955;25/09/2026;HOUSE PARTS - COM. DE PECAS E VEIC. LTDA;1,15E+13;PORTO ALEGRE;RS;25/09/2026;01/10/2026;29/09/2026;Entregue No Prazo;;Entrega realizada;Entrega Finalizada;1;10;25;9;TRANSTRY;23004;;;
MOBIS BRASIL FABRICACAO DE AUTO PECAS LT;RODOVIARIO;1584211;25/09/2026;4;363950;25/09/2026;CARWAY SUL VEICULOS LTDA;1,03E+13;CANOAS;RS;25/09/2026;01/10/2026;30/09/2026;Entregue No Prazo;;Entrega realizada;Entrega Finalizada;1;10;25;9;TRANSTRY;23003;;;
MOBIS BRASIL FABRICACAO DE AUTO PECAS LT;RODOVIARIO;1584220;25/09/2026;3;363949;25/09/2026;BARI VEICULOS LTDA.;7,46E+12;ITAJAI;SC;25/09/2026;01/10/2026;30/09/2026;Entregue No Prazo;;Entrega realizada;Entrega Finalizada;1;10;25;9;TRANSTRY;24014;;;
MOBIS BRASIL FABRICACAO DE AUTO PECAS LT;RODOVIARIO;1584224;25/09/2026;5;363919;25/09/2026;HYMAX DISTRIBUIDORA DE VEICULOS LTDA;1,73E+13;MOGI GUACU;SP;25/09/2026;01/10/2026;30/09/2026;Entregue No Prazo;;Entrega realizada;Entrega Finalizada;1;10;25;9;MVT;26002;;;
MOBIS BRASIL FABRICACAO DE AUTO PECAS LT;RODOVIARIO;1584225;25/09/2026;10;363919;25/09/2026;HYMAX DISTRIBUIDORA DE VEICULOS LTDA;1,73E+13;MOGI GUACU;SP;25/09/2026;01/10/2026;30/09/2026;Entregue No Prazo;;Entrega realizada;Entrega Finalizada;1;10;25;9;MVT;26002;;;
MOBIS BRASIL FABRICACAO DE AUTO PECAS LT;RODOVIARIO;1584234;25/09/2026;1;363917;25/09/2026;GOLDEN MOTORS VEICULOS LTDA;3,62E+12;ARACATUBA;SP;25/09/2026;01/10/2026;29/09/2026;Entregue No Prazo;;Entrega realizada;Entrega Finalizada;1;10;25;9;MVT;12001;;;
MOBIS BRASIL FABRICACAO DE AUTO PECAS LT;RODOVIARIO;1584238;25/09/2026;2;363915;25/09/2026;DESTAQUE SEUL DISTR DE VEIC PEC LTDA;2,12E+13;CARAGUATATUBA;SP;25/09/2026;01/10/2026;30/09/2026;Entregue No Prazo;;Entrega realizada;Entrega Finalizada;1;10;25;9;MVT;26082;;;
MOBIS BRASIL FABRICACAO DE AUTO PECAS LT;RODOVIARIO;1584170;25/09/2026;1;363985;25/09/2026;TAI MOTORS VEICULOS S/A;9,27E+12;VITORIA;ES;25/09/2026;02/10/2026;30/09/2026;Entregue No Prazo;;Entrega realizada;Entrega Finalizada;2;10;25;9;CAMILO;8002;;;
MOBIS BRASIL FABRICACAO DE AUTO PECAS LT;RODOVIARIO;1584180;25/09/2026;1;363926;25/09/2026;CONCESSIONARIA NAGOYA MOTOS E VEIC. LTDA;8,74E+12;UBA;MG;25/09/2026;02/10/2026;29/09/2026;Entregue No Prazo;;Entrega realizada;Entrega Finalizada;2;10;25;9;XD BETIM;11004;;;
MOBIS BRASIL FABRICACAO DE AUTO PECAS LT;RODOVIARIO;1584187;25/09/2026;1;363935;25/09/2026;TECAR TRILHAS AUTOMOVEIS E SERVICOS LTDA;2,32E+13;DIVINOPOLIS;MG;25/09/2026;02/10/2026;30/09/2026;Entregue No Prazo;;Entrega realizada;Entrega Finalizada;2;10;25;9;XD BETIM;11039;;;
MOBIS BRASIL FABRICACAO DE AUTO PECAS LT;RODOVIARIO;1584188;25/09/2026;1;363931;25/09/2026;RITMO MOTORS LTDA;1,94E+13;PASSOS;MG;25/09/2026;02/10/2026;30/09/2026;Entregue No Prazo;;Entrega realizada;Entrega Finalizada;2;10;25;9;XD BETIM;11040;;;
MOBIS BRASIL FABRICACAO DE AUTO PECAS LT;RODOVIARIO;1584200;25/09/2026;18;363959;25/09/2026;SANTA FE VEICULOS LTDA.;1,16E+13;FRANCISCO BELTRAO;PR;25/09/2026;02/10/2026;;Pendente No Prazo;;01/10 Em transferencia para a cidade de destino;Entrega Pendente;2;10;25;9;TRANSTRY;18010;;;
MOBIS BRASIL FABRICACAO DE AUTO PECAS LT;RODOVIARIO;1584209;25/09/2026;2;363986;25/09/2026;TAI MOTORS VEICULOS S/A;9,27E+12;CAMPOS DOS GOYTACAZES;RJ;25/09/2026;02/10/2026;;Pendente No Prazo;;01/10 Em transferencia para a cidade de destino;Entrega Pendente;2;10;25;9;CAMILO;8002;;;
MOBIS BRASIL FABRICACAO DE AUTO PECAS LT;RODOVIARIO;1584214;25/09/2026;8;363943;25/09/2026;ATUAL VEICULOS LTDA;1,33E+13;ARARANGUA;SC;25/09/2026;02/10/2026;30/09/2026;Entregue No Prazo;;Entrega realizada;Entrega Finalizada;2;10;25;9;TRANSTRY;24001;;;
MOBIS BRASIL FABRICACAO DE AUTO PECAS LT;RODOVIARIO;1584215;25/09/2026;3;363944;25/09/2026;ATUAL VEICULOS LTDA;1,33E+13;CRICIUMA;SC;25/09/2026;02/10/2026;30/09/2026;Entregue No Prazo;;Entrega realizada;Entrega Finalizada;2;10;25;9;TRANSTRY;24001;;;
MOBIS BRASIL FABRICACAO DE AUTO PECAS LT;RODOVIARIO;1584216;25/09/2026;5;363944;25/09/2026;ATUAL VEICULOS LTDA;1,33E+13;CRICIUMA;SC;25/09/2026;02/10/2026;30/09/2026;Entregue No Prazo;;Entrega realizada;Entrega Finalizada;2;10;25;9;TRANSTRY;24001;;;
MOBIS BRASIL FABRICACAO DE AUTO PECAS LT;RODOVIARIO;1584217;25/09/2026;10;363942;25/09/2026;ATUAL VEICULOS LTDA;1,33E+13;TUBARAO;SC;25/09/2026;02/10/2026;30/09/2026;Entregue No Prazo;;Entrega realizada;Entrega Finalizada;2;10;25;9;TRANSTRY;24001;;;
MOBIS BRASIL FABRICACAO DE AUTO PECAS LT;RODOVIARIO;1584218;25/09/2026;9;363958;25/09/2026;LR COMERCIO DE VEICULOS LTDA;1,05E+13;SAO JOSE;SC;25/09/2026;02/10/2026;30/09/2026;Entregue No Prazo;;Entrega realizada;Entrega Finalizada;2;10;25;9;TRANSTRY;24007;;;
MOBIS BRASIL FABRICACAO DE AUTO PECAS LT;RODOVIARIO;1584219;25/09/2026;12;363946;25/09/2026;BARI VEICULOS LTDA;7,46E+12;BLUMENAU;SC;25/09/2026;02/10/2026;30/09/2026;Entregue No Prazo;;Entrega realizada;Entrega Finalizada;2;10;25;9;TRANSTRY;18024;;;
MOBIS BRASIL FABRICACAO DE AUTO PECAS LT;RODOVIARIO;1584168;25/09/2026;1;363933;25/09/2026;SMAFF IMPORT VEICULOS LTDA;8,18E+12;BRASILIA;DF;25/09/2026;05/10/2026;29/09/2026;Entregue No Prazo;;Entrega realizada;Entrega Finalizada;5;10;25;9;RIO VERMELHO;7002;Criação do Estado de Roraima;Estadual;RR
MOBIS BRASIL FABRICACAO DE AUTO PECAS LT;RODOVIARIO;1584169;25/09/2026;4;363933;25/09/2026;SMAFF IMPORT VEICULOS LTDA;8,18E+12;BRASILIA;DF;25/09/2026;05/10/2026;29/09/2026;Entregue No Prazo;;Entrega realizada;Entrega Finalizada;5;10;25;9;RIO VERMELHO;7002;Criação do Estado de Roraima;Estadual;RR
MOBIS BRASIL FABRICACAO DE AUTO PECAS LT;RODOVIARIO;1584171;25/09/2026;1;363981;25/09/2026;PRIME CACHOEIRO VEICULOS LTDA;9,34E+12;CACHOEIRO DE ITAPEMIRIM;ES;25/09/2026;05/10/2026;;Pendente No Prazo;;01/10 Em transferencia para a cidade de destino;Entrega Pendente;5;10;25;9;CAMILO;8004;Criação do Estado de Roraima;Estadual;RR
MOBIS BRASIL FABRICACAO DE AUTO PECAS LT;RODOVIARIO;1584172;25/09/2026;5;363982;25/09/2026;PRIME CACHOEIRO VEICULOS LTDA;9,34E+12;LINHARES;ES;25/09/2026;05/10/2026;30/09/2026;Entregue No Prazo;;Entrega realizada;Entrega Finalizada;5;10;25;9;CAMILO;8004;Criação do Estado de Roraima;Estadual;RR
MOBIS BRASIL FABRICACAO DE AUTO PECAS LT;RODOVIARIO;1584173;25/09/2026;2;363928;25/09/2026;NISA COMERCIAL DE VEIC. AUTOMOTORES LTDA;1,03E+13;APARECIDA DE GOIANIA;GO;25/09/2026;05/10/2026;30/09/2026;Entregue No Prazo;;Entrega realizada;Entrega Finalizada;5;10;25;9;RIO VERMELHO;9002;Criação do Estado de Roraima;Estadual;RR
MOBIS BRASIL FABRICACAO DE AUTO PECAS LT;RODOVIARIO;1584174;25/09/2026;1;363932;25/09/2026;SAGA KOREA COM. DE VEIC. E PC. LTDA;1,27E+13;GOIANIA;GO;25/09/2026;05/10/2026;30/09/2026;Entregue No Prazo;;Entrega realizada;Entrega Finalizada;5;10;25;9;RIO VERMELHO;9009;Criação do Estado de Roraima;Estadual;RR
MOBIS BRASIL FABRICACAO DE AUTO PECAS LT;RODOVIARIO;1584175;25/09/2026;5;363929;25/09/2026;NISA COMERCIAL DE VEIC. AUTOMOTORES LTDA;1,03E+13;GOIANIA;GO;25/09/2026;05/10/2026;30/09/2026;Entregue No Prazo;;Entrega realizada;Entrega Finalizada;5;10;25;9;RIO VERMELHO;9013;Criação do Estado de Roraima;Estadual;RR
MOBIS BRASIL FABRICACAO DE AUTO PECAS LT;RODOVIARIO;1584189;25/09/2026;1;363970;25/09/2026;GOLDEN MOTORS VEICULOS LTDA;3,62E+12;TRES LAGOAS;MS;25/09/2026;05/10/2026;29/09/2026;Entregue No Prazo;;Entrega realizada;Entrega Finalizada;5;10;25;9;CARVALIMA;12001;Criação do Estado de Roraima;Estadual;RR
MOBIS BRASIL FABRICACAO DE AUTO PECAS LT;RODOVIARIO;1584190;25/09/2026;2;363987;25/09/2026;ULSAN COMERCIO DE VEICULOS LTDA.;2,10E+13;CAMPO GRANDE;MS;25/09/2026;05/10/2026;29/09/2026;Entregue No Prazo;;Entrega realizada;Entrega Finalizada;5;10;25;9;CARVALIMA;12004;Criação do Estado de Roraima;Estadual;RR
MOBIS BRASIL FABRICACAO DE AUTO PECAS LT;RODOVIARIO;1584212;25/09/2026;2;363954;25/09/2026;HOUSE PARTS - COM. DE PECAS E VEIC. LTDA;1,15E+13;LAJEADO;RS;25/09/2026;05/10/2026;30/09/2026;Entregue No Prazo;;Entrega realizada;Entrega Finalizada;5;10;25;9;TRANSTRY;23018;Criação do Estado de Roraima;Estadual;RR
MOBIS BRASIL FABRICACAO DE AUTO PECAS LT;RODOVIARIO;1584213;25/09/2026;2;363951;25/09/2026;CHINHAN AUTOMOVEIS LTDA;2,41E+13;ERECHIM;RS;25/09/2026;05/10/2026;29/09/2026;Entregue No Prazo;;Entrega realizada;Entrega Finalizada;5;10;25;9;TRANSTRY;23019;Criação do Estado de Roraima;Estadual;RR
MOBIS BRASIL FABRICACAO DE AUTO PECAS LT;RODOVIARIO;1584221;25/09/2026;2;363948;25/09/2026;BARI VEICULOS LTDA;7,46E+12;BALNEARIO CAMBORIU;SC;25/09/2026;05/10/2026;30/09/2026;Entregue No Prazo;;Entrega realizada;Entrega Finalizada;5;10;25;9;TRANSTRY;18024;Criação do Estado de Roraima;Estadual;RR
MOBIS BRASIL FABRICACAO DE AUTO PECAS LT;RODOVIARIO;1584222;25/09/2026;1;363952;25/09/2026;CHINHAN AUTOMOVEIS LTDA;2,41E+13;CONCORDIA;SC;25/09/2026;05/10/2026;30/09/2026;Entregue No Prazo;;Entrega realizada;Entrega Finalizada;5;10;25;9;TRANSTRY;23019;Criação do Estado de Roraima;Estadual;RR
MOBIS BRASIL FABRICACAO DE AUTO PECAS LT;RODOVIARIO;1584191;25/09/2026;6;363983;25/09/2026;SAGA ASIA COM. DE VEIC.PC.E SERV. LTDA;2,23E+13;VARZEA GRANDE;MT;25/09/2026;06/10/2026;29/09/2026;Entregue No Prazo;;Entrega realizada;Entrega Finalizada;6;10;25;9;CARVALIMA;13004;;;
MOBIS BRASIL FABRICACAO DE AUTO PECAS LT;RODOVIARIO;1584223;25/09/2026;4;363953;25/09/2026;CHINHAN AUTOMOVEIS LTDA.;2,41E+13;CACADOR;SC;25/09/2026;06/10/2026;29/09/2026;Entregue No Prazo;;Entrega realizada;Entrega Finalizada;6;10;25;9;TRANSTRY;24020;;;
MOBIS BRASIL FABRICACAO DE AUTO PECAS LT;RODOVIARIO;1584163;25/09/2026;1;363978;25/09/2026;PATEO COMERCIO DE VEICULOS S A;7,78E+12;SALVADOR;BA;25/09/2026;07/10/2026;;Pendente No Prazo;;01/10 Em transferencia para a cidade de destino;Entrega Pendente;7;10;25;9;TERMACO;5003;;;
MOBIS BRASIL FABRICACAO DE AUTO PECAS LT;RODOVIARIO;1584164;25/09/2026;24;363969;25/09/2026;FAZZA MOTORS COMERCIO DE VEICULOS LTDA;1,24E+13;SALVADOR;BA;25/09/2026;07/10/2026;;Pendente No Prazo;;01/10 Em transferencia para a cidade de destino;Entrega Pendente;7;10;25;9;TERMACO;5007;;;
MOBIS BRASIL FABRICACAO DE AUTO PECAS LT;RODOVIARIO;1584176;25/09/2026;2;363938;25/09/2026;URCA MOTORS VEICULOS LTDA;8,77E+12;RIO VERDE;GO;25/09/2026;07/10/2026;;Pendente No Prazo;;28/09  Não deu entrada;Entrega Pendente;7;10;25;9;RIO VERMELHO;9014;;;
MOBIS BRASIL FABRICACAO DE AUTO PECAS LT;RODOVIARIO;1584192;25/09/2026;4;363965;25/09/2026;COMETA MATO GROSSO COM. DE VEICULOS LTDA;1,54E+13;RONDONOPOLIS;MT;25/09/2026;07/10/2026;28/09/2026;Entregue No Prazo;;Entrega realizada;Entrega Finalizada;7;10;25;9;CARVALIMA;13006;;;
MOBIS BRASIL FABRICACAO DE AUTO PECAS LT;RODOVIARIO;1584241;25/09/2026;2;363984;25/09/2026;SEVEL VEICULOS LTDA;1,07E+13;ARACAJU;SE;25/09/2026;08/10/2026;;Pendente No Prazo;;01/10 Em transferencia para a cidade de destino;Entrega Pendente;8;10;25;9;TERMACO;25001;;;
MOBIS BRASIL FABRICACAO DE AUTO PECAS LT;RODOVIARIO;1584161;25/09/2026;3;363966;25/09/2026;CYCOSA AUTOMOVEIS LTDA;4,76E+12;MACEIO;AL;25/09/2026;09/10/2026;;Pendente No Prazo;;01/10 Em transferencia para a cidade de destino;Entrega Pendente;9;10;25;9;TERMACO;2001;;;
MOBIS BRASIL FABRICACAO DE AUTO PECAS LT;RODOVIARIO;1584167;25/09/2026;1;363968;25/09/2026;FAZZA MOTORS COMERCIO DE VEICULOS LTDA;1,24E+13;FORTALEZA;CE;25/09/2026;09/10/2026;;Pendente No Prazo;;01/10 Em transferencia para a cidade de destino;Entrega Pendente;9;10;25;9;TERMACO;5007;;;
MOBIS BRASIL FABRICACAO DE AUTO PECAS LT;RODOVIARIO;1584177;25/09/2026;1;363937;25/09/2026;TRIAUTO KOREA AUTOMOVEIS LTDA;4,99E+13;CATALAO;GO;25/09/2026;09/10/2026;;Pendente No Prazo;;28/09  Não deu entrada;Entrega Pendente;9;10;25;9;RIO VERMELHO;9018;;;
MOBIS BRASIL FABRICACAO DE AUTO PECAS LT;RODOVIARIO;1584193;25/09/2026;2;363976;25/09/2026;NACIONAL NOVA MARABA DIST DE VEIC. LTDA;1,70E+13;MARABA;PA;25/09/2026;09/10/2026;30/09/2026;Entregue No Prazo;;Entrega realizada;Entrega Finalizada;9;10;25;9;CARVALIMA;14005;;;
MOBIS BRASIL FABRICACAO DE AUTO PECAS LT;RODOVIARIO;1584194;25/09/2026;1;363975;25/09/2026;MISO VEICULOS LTDA;1,85E+13;SANTAREM;PA;25/09/2026;09/10/2026;;Pendente No Prazo;;01/10 Em transferencia para a cidade de destino;Entrega Pendente;9;10;25;9;CARVALIMA;4001;;;
MOBIS BRASIL FABRICACAO DE AUTO PECAS LT;RODOVIARIO;1584242;25/09/2026;1;363967;25/09/2026;FAZZA MOTORS COM. DE VEICULOS LTDA;1,24E+13;FORTALEZA;CE;25/09/2026;09/10/2026;;Pendente No Prazo;;01/10 Em transferencia para a cidade de destino;Entrega Pendente;9;10;25;9;TERMACO;6001;;;
MOBIS BRASIL FABRICACAO DE AUTO PECAS LT;RODOVIARIO;1584165;25/09/2026;3;363961;25/09/2026;AIKON VEICULOS LTDA;1,17E+13;ITABUNA;BA;25/09/2026;12/10/2026;;Pendente No Prazo;;01/10 Em transferencia para a cidade de destino;Entrega Pendente;12;10;25;9;TERMACO;5002;;;
MOBIS BRASIL FABRICACAO DE AUTO PECAS LT;RODOVIARIO;1584166;25/09/2026;2;363977;25/09/2026;ORVEL AUTOMOTOR HYD LTDA;2,52E+13;TEIXEIRA DE FREITAS;BA;25/09/2026;12/10/2026;;Pendente No Prazo;;01/10 Em transferencia para a cidade de destino;Entrega Pendente;12;10;25;9;TERMACO;5011;;;
MOBIS BRASIL FABRICACAO DE AUTO PECAS LT;RODOVIARIO;1584178;25/09/2026;1;363980;25/09/2026;PATEO COMERCIO DE VEICULOS S A;7,78E+12;SAO LUIS;MA;25/09/2026;12/10/2026;;Pendente No Prazo;;01/10 Em transferencia para a cidade de destino;Entrega Pendente;12;10;25;9;TERMACO;10002;;;
MOBIS BRASIL FABRICACAO DE AUTO PECAS LT;RODOVIARIO;1584197;25/09/2026;2;363979;25/09/2026;PATEO COMERCIO DE VEICULOS S A;7,78E+12;RECIFE;PE;25/09/2026;12/10/2026;;Pendente No Prazo;;01/10 Em transferencia para a cidade de destino;Entrega Pendente;12;10;25;9;TERMACO;16004;;;
MOBIS BRASIL FABRICACAO DE AUTO PECAS LT;RODOVIARIO;1584162;25/09/2026;1;363973;25/09/2026;JPN COMERCIO DE VEICULOS LTDA;3,20E+13;ARAPIRACA;AL;25/09/2026;13/10/2026;;Pendente No Prazo;;01/10 Em transferencia para a cidade de destino;Entrega Pendente;13;10;25;9;TERMACO;2003;;;
MOBIS BRASIL FABRICACAO DE AUTO PECAS LT;RODOVIARIO;1584195;25/09/2026;5;363974;25/09/2026;JPN PATOS COMERCIO DE VEICULOS LTDA;4,20E+13;PATOS;PB;25/09/2026;13/10/2026;;Pendente No Prazo;;01/10 Em transferencia para a cidade de destino;Entrega Pendente;13;10;25;9;TERMACO;15004;;;
MOBIS BRASIL FABRICACAO DE AUTO PECAS LT;RODOVIARIO;1584196;25/09/2026;2;363963;25/09/2026;AUTORAC VEICULOS LTDA;1,06E+13;CARUARU;PE;25/09/2026;13/10/2026;;Pendente No Prazo;;01/10 Em transferencia para a cidade de destino;Entrega Pendente;13;10;25;9;TERMACO;16001;;;
MOBIS BRASIL FABRICACAO DE AUTO PECAS LT;RODOVIARIO;1583373;24/09/2026;92;364110;28/09/2026;CHS MOTORS VEICULOS PECAS(VL. GUILHERME);1,69E+13;SAO PAULO;SP;28/09/2026;30/09/2026;;Pendente Fora;;;Entrega Pendente;30;9;28;9;BV LOG;26052;;;
MOBIS BRASIL FABRICACAO DE AUTO PECAS LT;RODOVIARIO;1584231;25/09/2026;109;364112;28/09/2026;BILLY DISTRIBUIDORA DE VEICULOS LTDA;1,34E+13;SAO CAETANO DO SUL;SP;28/09/2026;30/09/2026;;Pendente Fora;;;Entrega Pendente;30;9;28;9;BV LOG;26003;;;
MOBIS BRASIL FABRICACAO DE AUTO PECAS LT;RODOVIARIO;1584239;25/09/2026;22;364111;28/09/2026;GRANDAY AUTOMOTORES LTDA (CHAC. CALIFOR);1,57E+13;SAO PAULO;SP;28/09/2026;30/09/2026;;Pendente Fora;;;Entrega Pendente;30;9;28;9;BV LOG;26090;;;
MOBIS BRASIL FABRICACAO DE AUTO PECAS LT;RODOVIARIO;1585289;28/09/2026;5;364122;28/09/2026;BILLY DISTRIBUIDORA DE VEICULOS LTDA;1,34E+13;BARUERI;SP;28/09/2026;30/09/2026;29/09/2026;Entregue No Prazo;;Entrega realizada;Entrega Finalizada;30;9;28;9;XD DIADEMA;26003;;;
MOBIS BRASIL FABRICACAO DE AUTO PECAS LT;RODOVIARIO;1585290;28/09/2026;2;364133;28/09/2026;NOBRE DISTRIBUIDORA DE VEICULOS E PECAS;5,76E+12;MOGI DAS CRUZES;SP;28/09/2026;30/09/2026;29/09/2026;Entregue No Prazo;;Entrega realizada;Entrega Finalizada;30;9;28;9;XD DIADEMA;26004;;;
MOBIS BRASIL FABRICACAO DE AUTO PECAS LT;RODOVIARIO;1585295;28/09/2026;1;364123;28/09/2026;BILLY DISTRIBUIDORA DE VEICULOS LTDA;1,34E+13;DIADEMA;SP;28/09/2026;30/09/2026;29/09/2026;Entregue No Prazo;;Entrega realizada;Entrega Finalizada;30;9;28;9;XD DIADEMA;26003;;;
MOBIS BRASIL FABRICACAO DE AUTO PECAS LT;RODOVIARIO;1585297;28/09/2026;1;364125;28/09/2026;CAOA MOTOR DO BRASIL LTDA;1,68E+13;SANTO ANDRE;SP;28/09/2026;30/09/2026;29/09/2026;Entregue No Prazo;;Entrega realizada;Entrega Finalizada;30;9;28;9;XD DIADEMA;5008;;;
MOBIS BRASIL FABRICACAO DE AUTO PECAS LT;RODOVIARIO;1585299;28/09/2026;1;364124;28/09/2026;BILLY DISTRIBUIDORA DE VEICULOS LTDA;1,34E+13;SAO PAULO;SP;28/09/2026;30/09/2026;29/09/2026;Entregue No Prazo;;Entrega realizada;Entrega Finalizada;30;9;28;9;XD DIADEMA;26003;;;
MOBIS BRASIL FABRICACAO DE AUTO PECAS LT;RODOVIARIO;1585300;28/09/2026;30;364130;28/09/2026;GRANDAY AUTOMOTORES LTDA (CHAC. CALIFOR);1,57E+13;SAO PAULO;SP;28/09/2026;30/09/2026;29/09/2026;Entregue No Prazo;;Entrega realizada;Entrega Finalizada;30;9;28;9;XD DIADEMA;26090;;;
MOBIS BRASIL FABRICACAO DE AUTO PECAS LT;RODOVIARIO;1585301;28/09/2026;7;364126;28/09/2026;CAOA MOTOR DO BRASIL LTDA (INDIANOPOLIS);1,68E+13;SAO PAULO;SP;28/09/2026;30/09/2026;29/09/2026;Entregue No Prazo;;Entrega realizada;Entrega Finalizada;30;9;28;9;XD DIADEMA;26091;;;
MOBIS BRASIL FABRICACAO DE AUTO PECAS LT;RODOVIARIO;1585303;28/09/2026;1;364128;28/09/2026;CHS MOTORS VEICULOS PECAS E SERV.  LTDA;1,69E+13;SAO PAULO;SP;28/09/2026;30/09/2026;29/09/2026;Entregue No Prazo;;Entrega realizada;Entrega Finalizada;30;9;28;9;XD DIADEMA;26108;;;
MOBIS BRASIL FABRICACAO DE AUTO PECAS LT;RODOVIARIO;1584237;25/09/2026;38;364113;28/09/2026;DESTAQUE SEUL DISTR. DE VEIC. E PC. LTDA;2,12E+13;ATIBAIA;SP;28/09/2026;01/10/2026;;Pendente Fora;;;Entrega Pendente;1;10;28;9;BV LOG;26075;;;
MOBIS BRASIL FABRICACAO DE AUTO PECAS LT;RODOVIARIO;1585241;28/09/2026;1;364137;28/09/2026;TAI MOTORS VEICULOS S/A;9,27E+12;BELO HORIZONTE;MG;28/09/2026;01/10/2026;;Pendente Fora;;previsão 01/10;Entrega Pendente;1;10;28;9;XD BETIM;8002;;;
MOBIS BRASIL FABRICACAO DE AUTO PECAS LT;RODOVIARIO;1585242;28/09/2026;14;364137;28/09/2026;TAI MOTORS VEICULOS S/A;9,27E+12;BELO HORIZONTE;MG;28/09/2026;01/10/2026;;Pendente Fora;;previsão 01/10;Entrega Pendente;1;10;28;9;XD BETIM;8002;;;
MOBIS BRASIL FABRICACAO DE AUTO PECAS LT;RODOVIARIO;1585243;28/09/2026;20;364127;28/09/2026;CARBEL KOREA VEICULOS LTDA;2,07E+13;BELO HORIZONTE;MG;28/09/2026;01/10/2026;01/10/2026;Entregue No Prazo;;Entrega realizada;Entrega Finalizada;1;10;28;9;XD BETIM;11021;;;
MOBIS BRASIL FABRICACAO DE AUTO PECAS LT;RODOVIARIO;1585244;28/09/2026;1;364121;28/09/2026;BDG AUTOVILLE VEICULOS LTDA;4,77E+13;CONTAGEM;MG;28/09/2026;01/10/2026;;Pendente Fora;;previsão 01/10;Entrega Pendente;1;10;28;9;XD BETIM;11037;;;
MOBIS BRASIL FABRICACAO DE AUTO PECAS LT;RODOVIARIO;1585245;28/09/2026;79;364121;28/09/2026;BDG AUTOVILLE VEICULOS LTDA;4,77E+13;CONTAGEM;MG;28/09/2026;01/10/2026;;Pendente Fora;;previsão 01/10;Entrega Pendente;1;10;28;9;XD BETIM;11037;;;
MOBIS BRASIL FABRICACAO DE AUTO PECAS LT;RODOVIARIO;1585258;28/09/2026;1;364159;28/09/2026;SEVEC VEICULOS LTDA;5,68E+11;CURITIBA;PR;28/09/2026;01/10/2026;29/09/2026;Entregue No Prazo;;Entrega realizada;Entrega Finalizada;1;10;28;9;TRANSTRY;18012;;;
MOBIS BRASIL FABRICACAO DE AUTO PECAS LT;RODOVIARIO;1585262;28/09/2026;1;364149;28/09/2026;BARI VEICULOS LTDA.;7,46E+12;CURITIBA;PR;28/09/2026;01/10/2026;29/09/2026;Entregue No Prazo;;Entrega realizada;Entrega Finalizada;1;10;28;9;TRANSTRY;18029;;;
MOBIS BRASIL FABRICACAO DE AUTO PECAS LT;RODOVIARIO;1585263;28/09/2026;5;364146;28/09/2026;BARI VEICULOS LTDA;7,46E+12;CURITIBA;PR;28/09/2026;01/10/2026;29/09/2026;Entregue No Prazo;;Entrega realizada;Entrega Finalizada;1;10;28;9;TRANSTRY;18024;;;
MOBIS BRASIL FABRICACAO DE AUTO PECAS LT;RODOVIARIO;1585291;28/09/2026;1;364118;28/09/2026;DHC COMERCIO DE VEICULOS E PECAS LTDA;9,52E+12;BAURU;SP;28/09/2026;01/10/2026;29/09/2026;Entregue No Prazo;;Entrega realizada;Entrega Finalizada;1;10;28;9;MVT;26010;;;
MOBIS BRASIL FABRICACAO DE AUTO PECAS LT;RODOVIARIO;1585292;28/09/2026;8;364116;28/09/2026;ANDRETA II DISTRIBUIDORA DE VEIC. LTDA;9,10E+12;CAMPINAS;SP;28/09/2026;01/10/2026;30/09/2026;Entregue No Prazo;;Entrega realizada;Entrega Finalizada;1;10;28;9;MVT;26011;;;
MOBIS BRASIL FABRICACAO DE AUTO PECAS LT;RODOVIARIO;1585293;28/09/2026;7;364115;28/09/2026;ANDRETA II DISTRIBUIDORA DE VEIC. LTDA;9,10E+12;JUNDIAI;SP;28/09/2026;01/10/2026;30/09/2026;Entregue No Prazo;;Entrega realizada;Entrega Finalizada;1;10;28;9;MVT;26011;;;
MOBIS BRASIL FABRICACAO DE AUTO PECAS LT;RODOVIARIO;1585294;28/09/2026;2;364114;28/09/2026;ANDRETA II DISTRIBUIDORA DE VEIC. LTDA;9,10E+12;INDAIATUBA;SP;28/09/2026;01/10/2026;29/09/2026;Entregue No Prazo;;Entrega realizada;Entrega Finalizada;1;10;28;9;MVT;26011;;;
MOBIS BRASIL FABRICACAO DE AUTO PECAS LT;RODOVIARIO;1585298;28/09/2026;2;364117;28/09/2026;CAOA MOTOR DO BRASIL LTDA;1,68E+13;SAO CARLOS;SP;28/09/2026;01/10/2026;29/09/2026;Entregue No Prazo;;Entrega realizada;Entrega Finalizada;1;10;28;9;MVT;5008;;;
MOBIS BRASIL FABRICACAO DE AUTO PECAS LT;RODOVIARIO;1585239;28/09/2026;2;364138;28/09/2026;TOKSU COMERCIO DE VEICULOS LTDA;1,12E+13;JUIZ DE FORA;MG;28/09/2026;02/10/2026;;Pendente No Prazo;;01/10 Sem entrada XD Betim;Entrega Pendente;2;10;28;9;XD BETIM;11008;;;
MOBIS BRASIL FABRICACAO DE AUTO PECAS LT;RODOVIARIO;1585255;28/09/2026;21;364156;28/09/2026;LOVAT VEICULOS S/A;8,57E+12;LONDRINA;PR;28/09/2026;02/10/2026;30/09/2026;Entregue No Prazo;;Entrega realizada;Entrega Finalizada;2;10;28;9;TRANSTRY;18008;;;
MOBIS BRASIL FABRICACAO DE AUTO PECAS LT;RODOVIARIO;1585256;28/09/2026;4;364155;28/09/2026;LOVAT VEICULOS S/A;8,57E+12;MARINGA;PR;28/09/2026;02/10/2026;;Pendente No Prazo;;01/10 Em transferencia para a cidade de destino;Entrega Pendente;2;10;28;9;TRANSTRY;18008;;;
MOBIS BRASIL FABRICACAO DE AUTO PECAS LT;RODOVIARIO;1585259;28/09/2026;1;364160;28/09/2026;VETOR AUTOMOVEIS LTDA;2,12E+13;CASCAVEL;PR;28/09/2026;02/10/2026;;Pendente No Prazo;;01/10 Em transferencia para a cidade de destino;Entrega Pendente;2;10;28;9;TRANSTRY;18019;;;
MOBIS BRASIL FABRICACAO DE AUTO PECAS LT;RODOVIARIO;1585260;28/09/2026;1;364147;28/09/2026;BARI VEICULOS LTDA;7,46E+12;GUARAPUAVA;PR;28/09/2026;02/10/2026;;Pendente No Prazo;;01/10 Em transferencia para a cidade de destino;Entrega Pendente;2;10;28;9;TRANSTRY;18024;;;
MOBIS BRASIL FABRICACAO DE AUTO PECAS LT;RODOVIARIO;1585261;28/09/2026;11;364143;28/09/2026;BARI VEICULOS LTDA;7,46E+12;PONTA GROSSA;PR;28/09/2026;02/10/2026;30/09/2026;Entregue No Prazo;;Entrega realizada;Entrega Finalizada;2;10;28;9;TRANSTRY;18024;;;
MOBIS BRASIL FABRICACAO DE AUTO PECAS LT;RODOVIARIO;1585264;28/09/2026;1;364169;28/09/2026;ITAVEMA MOTORS VEICULOS LTDA;7,73E+12;DUQUE DE CAXIAS;RJ;28/09/2026;02/10/2026;;Pendente No Prazo;;01/10 Em transferencia para a cidade de destino;Entrega Pendente;2;10;28;9;CAMILO;19001;;;
MOBIS BRASIL FABRICACAO DE AUTO PECAS LT;RODOVIARIO;1585265;28/09/2026;2;364161;28/09/2026;AMX COM. E SERVICOS DE AUTOMOTORES LTDA;1,20E+13;RIO DE JANEIRO;RJ;28/09/2026;02/10/2026;;Pendente No Prazo;;01/10 Em transferencia para a cidade de destino;Entrega Pendente;2;10;28;9;CAMILO;19009;;;
MOBIS BRASIL FABRICACAO DE AUTO PECAS LT;RODOVIARIO;1585268;28/09/2026;16;364170;28/09/2026;ITAVEMA MOTORS VEICULOS LTDA;7,73E+12;RIO DE JANEIRO;RJ;28/09/2026;02/10/2026;;Pendente No Prazo;;01/10 Em transferencia para a cidade de destino;Entrega Pendente;2;10;28;9;CAMILO;19001;;;
MOBIS BRASIL FABRICACAO DE AUTO PECAS LT;RODOVIARIO;1585269;28/09/2026;5;364163;28/09/2026;CAOA MOTOR DO BRASIL LTDA;1,68E+13;RIO DE JANEIRO;RJ;28/09/2026;02/10/2026;;Pendente No Prazo;;01/10 Em transferencia para a cidade de destino;Entrega Pendente;2;10;28;9;CAMILO;5008;;;
MOBIS BRASIL FABRICACAO DE AUTO PECAS LT;RODOVIARIO;1585274;28/09/2026;4;364153;28/09/2026;HOUSE PARTS - COM. DE PECAS E VEIC. LTDA;1,15E+13;PORTO ALEGRE;RS;28/09/2026;02/10/2026;;Pendente No Prazo;;01/10 Em transferencia para a cidade de destino;Entrega Pendente;2;10;28;9;TRANSTRY;23004;;;
MOBIS BRASIL FABRICACAO DE AUTO PECAS LT;RODOVIARIO;1585275;28/09/2026;27;364150;28/09/2026;CARWAY SUL VEICULOS LTDA;1,03E+13;CANOAS;RS;28/09/2026;02/10/2026;01/10/2026;Entregue No Prazo;;Entrega realizada;Entrega Finalizada;2;10;28;9;TRANSTRY;23003;;;
MOBIS BRASIL FABRICACAO DE AUTO PECAS LT;RODOVIARIO;1585276;28/09/2026;63;364150;28/09/2026;CARWAY SUL VEICULOS LTDA;1,03E+13;CANOAS;RS;28/09/2026;02/10/2026;01/10/2026;Entregue No Prazo;;Entrega realizada;Entrega Finalizada;2;10;28;9;TRANSTRY;23003;;;
MOBIS BRASIL FABRICACAO DE AUTO PECAS LT;RODOVIARIO;1585285;28/09/2026;1;364148;28/09/2026;BARI VEICULOS LTDA.;7,46E+12;ITAJAI;SC;28/09/2026;02/10/2026;;Pendente No Prazo;;01/10 Em transferencia para a cidade de destino;Entrega Pendente;2;10;28;9;TRANSTRY;24014;;;
MOBIS BRASIL FABRICACAO DE AUTO PECAS LT;RODOVIARIO;1585288;28/09/2026;1;364120;28/09/2026;HYMAX DISTRIBUIDORA DE VEICULOS LTDA;1,73E+13;MOGI GUACU;SP;28/09/2026;02/10/2026;29/09/2026;Entregue No Prazo;;Entrega realizada;Entrega Finalizada;2;10;28;9;MVT;26002;;;
MOBIS BRASIL FABRICACAO DE AUTO PECAS LT;RODOVIARIO;1585302;28/09/2026;1;364119;28/09/2026;H - CAMINHO AUTOMOVEIS LTDA;2,53E+13;CATANDUVA;SP;28/09/2026;02/10/2026;30/09/2026;Entregue No Prazo;;Entrega realizada;Entrega Finalizada;2;10;28;9;MVT;26092;;;
MOBIS BRASIL FABRICACAO DE AUTO PECAS LT;RODOVIARIO;1585238;28/09/2026;4;364129;28/09/2026;CONCESSIONARIA NAGOYA MOTOS E VEIC. LTDA;8,74E+12;UBA;MG;28/09/2026;05/10/2026;;Pendente No Prazo;;01/10 Sem entrada XD Betim;Entrega Pendente;5;10;28;9;XD BETIM;11004;Criação do Estado de Roraima;Estadual;RR
MOBIS BRASIL FABRICACAO DE AUTO PECAS LT;RODOVIARIO;1585240;28/09/2026;7;364139;28/09/2026;VITAL COMERCIO DE VEICULOS LTDA;1,05E+13;IPATINGA;MG;28/09/2026;05/10/2026;;Pendente No Prazo;;previsão 06/10;Entrega Pendente;5;10;28;9;XD BETIM;11016;Criação do Estado de Roraima;Estadual;RR
MOBIS BRASIL FABRICACAO DE AUTO PECAS LT;RODOVIARIO;1585257;28/09/2026;9;364158;28/09/2026;SANTA FE VEICULOS LTDA.;1,16E+13;FRANCISCO BELTRAO;PR;28/09/2026;05/10/2026;;Pendente No Prazo;;01/10 Em transferencia para a cidade de destino;Entrega Pendente;5;10;28;9;TRANSTRY;18010;Criação do Estado de Roraima;Estadual;RR
MOBIS BRASIL FABRICACAO DE AUTO PECAS LT;RODOVIARIO;1585266;28/09/2026;3;364168;28/09/2026;GRAFFITI VEICULOS LTDA.;1,71E+13;ITAPERUNA;RJ;28/09/2026;05/10/2026;;Pendente No Prazo;;01/10 Em transferencia para a cidade de destino;Entrega Pendente;5;10;28;9;CAMILO;19015;Criação do Estado de Roraima;Estadual;RR
MOBIS BRASIL FABRICACAO DE AUTO PECAS LT;RODOVIARIO;1585267;28/09/2026;2;364189;28/09/2026;VIA VR VEICULOS LTDA;1,73E+13;VOLTA REDONDA;RJ;28/09/2026;05/10/2026;;Pendente No Prazo;;01/10 Em transferencia para a cidade de destino;Entrega Pendente;5;10;28;9;CAMILO;19016;Criação do Estado de Roraima;Estadual;RR
MOBIS BRASIL FABRICACAO DE AUTO PECAS LT;RODOVIARIO;1585270;28/09/2026;4;364173;28/09/2026;MONTREAL VEICULOS E PECAS LTDA;1,68E+13;SAO PEDRO DA ALDEIA;RJ;28/09/2026;05/10/2026;;Pendente No Prazo;;01/10 Em transferencia para a cidade de destino;Entrega Pendente;5;10;28;9;CAMILO;19030;Criação do Estado de Roraima;Estadual;RR
MOBIS BRASIL FABRICACAO DE AUTO PECAS LT;RODOVIARIO;1585278;28/09/2026;5;364152;28/09/2026;GAMBATTO H1 VEICULOS LTDA;1,94E+13;PASSO FUNDO;RS;28/09/2026;05/10/2026;01/10/2026;Entregue No Prazo;;Entrega realizada;Entrega Finalizada;5;10;28;9;TRANSTRY;23015;Criação do Estado de Roraima;Estadual;RR
MOBIS BRASIL FABRICACAO DE AUTO PECAS LT;RODOVIARIO;1585279;28/09/2026;3;364142;28/09/2026;ATUAL VEICULOS LTDA;1,33E+13;ARARANGUA;SC;28/09/2026;05/10/2026;;Pendente No Prazo;;01/10 Em transferencia para a cidade de destino;Entrega Pendente;5;10;28;9;TRANSTRY;24001;Criação do Estado de Roraima;Estadual;RR
MOBIS BRASIL FABRICACAO DE AUTO PECAS LT;RODOVIARIO;1585280;28/09/2026;2;364141;28/09/2026;ATUAL VEICULOS LTDA;1,33E+13;CRICIUMA;SC;28/09/2026;05/10/2026;;Pendente No Prazo;;01/10 Em transferencia para a cidade de destino;Entrega Pendente;5;10;28;9;TRANSTRY;24001;Criação do Estado de Roraima;Estadual;RR
MOBIS BRASIL FABRICACAO DE AUTO PECAS LT;RODOVIARIO;1585281;28/09/2026;5;364141;28/09/2026;ATUAL VEICULOS LTDA;1,33E+13;CRICIUMA;SC;28/09/2026;05/10/2026;;Pendente No Prazo;;01/10 Em transferencia para a cidade de destino;Entrega Pendente;5;10;28;9;TRANSTRY;24001;Criação do Estado de Roraima;Estadual;RR
MOBIS BRASIL FABRICACAO DE AUTO PECAS LT;RODOVIARIO;1585282;28/09/2026;7;364140;28/09/2026;ATUAL VEICULOS LTDA;1,33E+13;TUBARAO;SC;28/09/2026;05/10/2026;;Pendente No Prazo;;01/10 Em transferencia para a cidade de destino;Entrega Pendente;5;10;28;9;TRANSTRY;24001;Criação do Estado de Roraima;Estadual;RR
MOBIS BRASIL FABRICACAO DE AUTO PECAS LT;RODOVIARIO;1585283;28/09/2026;1;364157;28/09/2026;LS COMERCIO DE AUTOMOVEIS LTDA.;1,03E+13;BRUSQUE;SC;28/09/2026;05/10/2026;01/10/2026;Entregue No Prazo;;Entrega realizada;Entrega Finalizada;5;10;28;9;TRANSTRY;24006;Criação do Estado de Roraima;Estadual;RR
MOBIS BRASIL FABRICACAO DE AUTO PECAS LT;RODOVIARIO;1585284;28/09/2026;21;364144;28/09/2026;BARI VEICULOS LTDA;7,46E+12;BLUMENAU;SC;28/09/2026;05/10/2026;;Pendente No Prazo;;01/10 Em transferencia para a cidade de destino;Entrega Pendente;5;10;28;9;TRANSTRY;18024;Criação do Estado de Roraima;Estadual;RR
MOBIS BRASIL FABRICACAO DE AUTO PECAS LT;RODOVIARIO;1585231;28/09/2026;11;364136;28/09/2026;SAGA KOREA COM. DE VEIC. E PC. LTDA;1,27E+13;BRASILIA;DF;28/09/2026;06/10/2026;;Pendente No Prazo;;;Entrega Pendente;6;10;28;9;RIO VERMELHO;7005;;;
MOBIS BRASIL FABRICACAO DE AUTO PECAS LT;RODOVIARIO;1585232;28/09/2026;2;364180;28/09/2026;PRIME CACHOEIRO VEICULOS LTDA;9,34E+12;CACHOEIRO DE ITAPEMIRIM;ES;28/09/2026;06/10/2026;;Pendente No Prazo;;01/10 Em transferencia para a cidade de destino;Entrega Pendente;6;10;28;9;CAMILO;8004;;;
MOBIS BRASIL FABRICACAO DE AUTO PECAS LT;RODOVIARIO;1585233;28/09/2026;5;364186;28/09/2026;TAI MOTORS VEICULOS SA;9,27E+12;COLATINA;ES;28/09/2026;06/10/2026;;Pendente No Prazo;;01/10 Em transferencia para a cidade de destino;Entrega Pendente;6;10;28;9;CAMILO;8006;;;
MOBIS BRASIL FABRICACAO DE AUTO PECAS LT;RODOVIARIO;1585234;28/09/2026;109;364134;28/09/2026;SAGA KOREA COM. DE VEIC. E PC. LTDA;1,27E+13;GOIANIA;GO;28/09/2026;06/10/2026;;Pendente No Prazo;;;Entrega Pendente;6;10;28;9;RIO VERMELHO;9011;;;
MOBIS BRASIL FABRICACAO DE AUTO PECAS LT;RODOVIARIO;1585236;28/09/2026;5;364132;28/09/2026;NISA COMERCIAL DE VEIC. AUTOMOTORES LTDA;1,03E+13;GOIANIA;GO;28/09/2026;06/10/2026;;Pendente No Prazo;;;Entrega Pendente;6;10;28;9;RIO VERMELHO;9013;;;
MOBIS BRASIL FABRICACAO DE AUTO PECAS LT;RODOVIARIO;1585246;28/09/2026;1;364167;28/09/2026;GOLDEN MOTORS VEICULOS LTDA;3,62E+12;TRES LAGOAS;MS;28/09/2026;06/10/2026;30/09/2026;Entregue No Prazo;;Entrega realizada;Entrega Finalizada;6;10;28;9;CARVALIMA;12001;;;
MOBIS BRASIL FABRICACAO DE AUTO PECAS LT;RODOVIARIO;1585247;28/09/2026;15;364187;28/09/2026;ULSAN COMERCIO DE VEICULOS LTDA.;2,10E+13;CAMPO GRANDE;MS;28/09/2026;06/10/2026;;Pendente No Prazo;;01/10 Em transferencia para a cidade de destino;Entrega Pendente;6;10;28;9;CARVALIMA;12004;;;
MOBIS BRASIL FABRICACAO DE AUTO PECAS LT;RODOVIARIO;1585248;28/09/2026;2;364171;28/09/2026;JPG MOTORS COMERCIO DE VEICULOS LTDA;2,91E+13;CAMPO GRANDE;MS;28/09/2026;06/10/2026;;Pendente No Prazo;;01/10 Em transferencia para a cidade de destino;Entrega Pendente;6;10;28;9;CARVALIMA;12005;;;
MOBIS BRASIL FABRICACAO DE AUTO PECAS LT;RODOVIARIO;1585277;28/09/2026;1;364154;28/09/2026;HOUSE PARTS - COM. DE PECAS E VEIC. LTDA;1,15E+13;SANTA MARIA;RS;28/09/2026;06/10/2026;;Pendente No Prazo;;01/10 Em transferencia para a cidade de destino;Entrega Pendente;6;10;28;9;TRANSTRY;23008;;;
MOBIS BRASIL FABRICACAO DE AUTO PECAS LT;RODOVIARIO;1585286;28/09/2026;2;364145;28/09/2026;BARI VEICULOS LTDA;7,46E+12;BALNEARIO CAMBORIU;SC;28/09/2026;06/10/2026;;Pendente No Prazo;;01/10 Em transferencia para a cidade de destino;Entrega Pendente;6;10;28;9;TRANSTRY;18024;;;
MOBIS BRASIL FABRICACAO DE AUTO PECAS LT;RODOVIARIO;1585250;28/09/2026;7;364182;28/09/2026;SAGA ASIA COM. DE VEIC.PC.E SERV. LTDA;2,23E+13;VARZEA GRANDE;MT;28/09/2026;07/10/2026;;Pendente No Prazo;;01/10 Em transferencia para a cidade de destino;Entrega Pendente;7;10;28;9;CARVALIMA;13004;;;
MOBIS BRASIL FABRICACAO DE AUTO PECAS LT;RODOVIARIO;1585287;28/09/2026;7;364151;28/09/2026;CHINHAN AUTOMOVEIS LTDA.;2,41E+13;CACADOR;SC;28/09/2026;07/10/2026;;Pendente No Prazo;;01/10 Em transferencia para a cidade de destino;Entrega Pendente;7;10;28;9;TRANSTRY;24020;;;
MOBIS BRASIL FABRICACAO DE AUTO PECAS LT;RODOVIARIO;1585226;28/09/2026;2;364178;28/09/2026;PATEO COMERCIO DE VEICULOS S A;7,78E+12;SALVADOR;BA;28/09/2026;08/10/2026;;Pendente No Prazo;;01/10 Em transferencia para a cidade de destino;Entrega Pendente;8;10;28;9;TERMACO;5003;;;
MOBIS BRASIL FABRICACAO DE AUTO PECAS LT;RODOVIARIO;1585227;28/09/2026;13;364166;28/09/2026;FAZZA MOTORS COMERCIO DE VEICULOS LTDA;1,24E+13;SALVADOR;BA;28/09/2026;08/10/2026;;Pendente No Prazo;;01/10 Em transferencia para a cidade de destino;Entrega Pendente;8;10;28;9;TERMACO;5007;;;
MOBIS BRASIL FABRICACAO DE AUTO PECAS LT;RODOVIARIO;1585249;28/09/2026;3;364164;28/09/2026;COMETA MATO GROSSO COM. DE VEICULOS LTDA;1,54E+13;SINOP;MT;28/09/2026;08/10/2026;;Pendente No Prazo;;01/10 Em transferencia para a cidade de destino;Entrega Pendente;8;10;28;9;CARVALIMA;13003;;;
MOBIS BRASIL FABRICACAO DE AUTO PECAS LT;RODOVIARIO;1585235;28/09/2026;2;364135;28/09/2026;SAGA KOREA COM. DE VEIC. E PC. LTDA;1,27E+13;ANAPOLIS;GO;28/09/2026;09/10/2026;;Pendente No Prazo;;;Entrega Pendente;9;10;28;9;RIO VERMELHO;9012;;;
MOBIS BRASIL FABRICACAO DE AUTO PECAS LT;RODOVIARIO;1585251;28/09/2026;3;364188;28/09/2026;UNIQUE COMERCIO DE AUTOMOVEIS LTDA;1,74E+13;ANANINDEUA;PA;28/09/2026;09/10/2026;;Pendente No Prazo;;01/10 Em transferencia para a cidade de destino;Entrega Pendente;9;10;28;9;CARVALIMA;14003;;;
MOBIS BRASIL FABRICACAO DE AUTO PECAS LT;RODOVIARIO;1585272;28/09/2026;1;364181;28/09/2026;SAGA ASIA COM. DE VEIC.PC.E SERV. LTDA;2,14E+13;PORTO VELHO;RO;28/09/2026;09/10/2026;;Pendente No Prazo;;01/10 Em transferencia para a cidade de destino;Entrega Pendente;9;10;28;9;CARVALIMA;21003;;;
MOBIS BRASIL FABRICACAO DE AUTO PECAS LT;RODOVIARIO;1585273;28/09/2026;1;364181;28/09/2026;SAGA ASIA COM. DE VEIC.PC.E SERV. LTDA;2,14E+13;PORTO VELHO;RO;28/09/2026;09/10/2026;;Pendente No Prazo;;01/10 Em transferencia para a cidade de destino;Entrega Pendente;9;10;28;9;CARVALIMA;21003;;;
MOBIS BRASIL FABRICACAO DE AUTO PECAS LT;RODOVIARIO;1585296;28/09/2026;11;364185;28/09/2026;SEVEL VEICULOS LTDA;1,07E+13;ARACAJU;SE;28/09/2026;09/10/2026;;Pendente No Prazo;;01/10 Em transferencia para a cidade de destino;Entrega Pendente;9;10;28;9;TERMACO;25001;;;
MOBIS BRASIL FABRICACAO DE AUTO PECAS LT;RODOVIARIO;1585223;28/09/2026;5;364165;28/09/2026;CYCOSA AUTOMOVEIS LTDA;4,76E+12;MACEIO;AL;28/09/2026;12/10/2026;;Pendente No Prazo;;01/10 Em transferencia para a cidade de destino;Entrega Pendente;12;10;28;9;TERMACO;2001;;;
MOBIS BRASIL FABRICACAO DE AUTO PECAS LT;RODOVIARIO;1585237;28/09/2026;1;364131;28/09/2026;NASA MOTORS LTDA.;2,65E+13;SAO LUIS DE MONTES BELOS;GO;28/09/2026;12/10/2026;;Pendente No Prazo;;;Entrega Pendente;12;10;28;9;RIO VERMELHO;9016;;;
MOBIS BRASIL FABRICACAO DE AUTO PECAS LT;RODOVIARIO;1585252;28/09/2026;1;364174;28/09/2026;NACIONAL NOVA MARABA DIST DE VEIC. LTDA;1,70E+13;MARABA;PA;28/09/2026;12/10/2026;;Pendente No Prazo;;01/10 Em transferencia para a cidade de destino;Entrega Pendente;12;10;28;9;CARVALIMA;14005;;;
MOBIS BRASIL FABRICACAO DE AUTO PECAS LT;RODOVIARIO;1585228;28/09/2026;4;364176;28/09/2026;PATEO COMERCIO DE VEICULOS S A;7,78E+12;FEIRA DE SANTANA;BA;28/09/2026;13/10/2026;;Pendente No Prazo;;01/10 Em transferencia para a cidade de destino;Entrega Pendente;13;10;28;9;TERMACO;5009;;;
MOBIS BRASIL FABRICACAO DE AUTO PECAS LT;RODOVIARIO;1585229;28/09/2026;3;364175;28/09/2026;ORVEL AUTOMOTOR HYD LTDA;2,52E+13;TEIXEIRA DE FREITAS;BA;28/09/2026;13/10/2026;;Pendente No Prazo;;01/10 Em transferencia para a cidade de destino;Entrega Pendente;13;10;28;9;TERMACO;5011;;;
MOBIS BRASIL FABRICACAO DE AUTO PECAS LT;RODOVIARIO;1585254;28/09/2026;6;364179;28/09/2026;PATEO COMERCIO DE VEICULOS S A;7,78E+12;RECIFE;PE;28/09/2026;13/10/2026;;Pendente No Prazo;;01/10 Em transferencia para a cidade de destino;Entrega Pendente;13;10;28;9;TERMACO;16004;;;
MOBIS BRASIL FABRICACAO DE AUTO PECAS LT;RODOVIARIO;1585230;28/09/2026;2;364184;28/09/2026;SAINT LAND COMERCIO DE VEICULOS LTDA;1,04E+13;JUAZEIRO DO NORTE;CE;28/09/2026;14/10/2026;;Pendente No Prazo;;01/10 Em transferencia para a cidade de destino;Entrega Pendente;14;10;28;9;TERMACO;6010;;;
MOBIS BRASIL FABRICACAO DE AUTO PECAS LT;RODOVIARIO;1585253;28/09/2026;4;364162;28/09/2026;CAOA MOTOR DO BRASIL LTDA;1,68E+13;CAMPINA GRANDE;PB;28/09/2026;14/10/2026;;Pendente No Prazo;;01/10 Em transferencia para a cidade de destino;Entrega Pendente;14;10;28;9;TERMACO;5008;;;
MOBIS BRASIL FABRICACAO DE AUTO PECAS LT;RODOVIARIO;1585271;28/09/2026;3;364183;28/09/2026;SAINT LAND COM DE VEICULOS S A;1,04E+13;MOSSORO;RN;28/09/2026;14/10/2026;;Pendente No Prazo;;01/10 Em transferencia para a cidade de destino;Entrega Pendente;14;10;28;9;TERMACO;20002;;;
MOBIS BRASIL FABRICACAO DE AUTO PECAS LT;RODOVIARIO;1585225;28/09/2026;4;364172;28/09/2026;MISO VEICULOS LTDA;1,85E+13;MACAPA;AP;28/09/2026;19/10/2026;;Pendente No Prazo;;01/10 Em transferencia para a cidade de destino;Entrega Pendente;19;10;28;9;CARVALIMA;4001;Dia do Piauí;Estadual;PI
MOBIS BRASIL FABRICACAO DE AUTO PECAS LT;RODOVIARIO;1585224;28/09/2026;1;364177;28/09/2026;PATEO COMERCIO DE VEICULOS S A;7,78E+12;MANAUS;AM;28/09/2026;22/10/2026;;Pendente No Prazo;;01/10 Em transferencia para a cidade de destino;Entrega Pendente;22;10;28;9;CARVALIMA;3002;;;
MOBIS BRASIL FABRICACAO DE AUTO PECAS LT;RODOVIARIO;1585304;28/09/2026;99;364339;29/09/2026;BILLY DISTRIBUIDORA DE VEICULOS LTDA;1,34E+13;SAO CAETANO DO SUL;SP;29/09/2026;01/10/2026;;Pendente Fora;;;Entrega Pendente;1;10;29;9;BV LOG;26003;;;
MOBIS BRASIL FABRICACAO DE AUTO PECAS LT;RODOVIARIO;1585305;28/09/2026;104;364338;29/09/2026;BILLY DISTRIBUIDORA DE VEICULOS LTDA;1,34E+13;SAO CAETANO DO SUL;SP;29/09/2026;01/10/2026;;Pendente Fora;;;Entrega Pendente;1;10;29;9;BV LOG;26003;;;
MOBIS BRASIL FABRICACAO DE AUTO PECAS LT;RODOVIARIO;1585306;28/09/2026;51;364339;29/09/2026;BILLY DISTRIBUIDORA DE VEICULOS LTDA;1,34E+13;SAO CAETANO DO SUL;SP;29/09/2026;01/10/2026;;Pendente Fora;;;Entrega Pendente;1;10;29;9;BV LOG;26003;;;
MOBIS BRASIL FABRICACAO DE AUTO PECAS LT;RODOVIARIO;1586029;29/09/2026;3;364360;29/09/2026;NOBRE DISTRIBUIDORA DE VEICULOS E PECAS;5,76E+12;MOGI DAS CRUZES;SP;29/09/2026;01/10/2026;30/09/2026;Entregue No Prazo;;Entrega realizada;Entrega Finalizada;1;10;29;9;XD DIADEMA;26004;;;
MOBIS BRASIL FABRICACAO DE AUTO PECAS LT;RODOVIARIO;1586033;29/09/2026;1;364357;29/09/2026;GRAND SPORT COM. DE VEIC. E PECAS LTDA;8,58E+12;SAO PAULO;SP;29/09/2026;01/10/2026;30/09/2026;Entregue No Prazo;;Entrega realizada;Entrega Finalizada;1;10;29;9;XD DIADEMA;26034;;;
MOBIS BRASIL FABRICACAO DE AUTO PECAS LT;RODOVIARIO;1586036;29/09/2026;1;364354;29/09/2026;BILLY DISTRIBUIDORA DE VEICULOS LTDA;1,34E+13;SAO CAETANO DO SUL;SP;29/09/2026;01/10/2026;30/09/2026;Entregue No Prazo;;Entrega realizada;Entrega Finalizada;1;10;29;9;XD DIADEMA;26003;;;
MOBIS BRASIL FABRICACAO DE AUTO PECAS LT;RODOVIARIO;1586037;29/09/2026;2;364354;29/09/2026;BILLY DISTRIBUIDORA DE VEICULOS LTDA;1,34E+13;SAO CAETANO DO SUL;SP;29/09/2026;01/10/2026;30/09/2026;Entregue No Prazo;;Entrega realizada;Entrega Finalizada;1;10;29;9;XD DIADEMA;26003;;;
MOBIS BRASIL FABRICACAO DE AUTO PECAS LT;RODOVIARIO;1586040;29/09/2026;2;364356;29/09/2026;CAOA MOTOR DO BRASIL LTDA (VL PRUDENTE);1,68E+13;SAO PAULO;SP;29/09/2026;01/10/2026;30/09/2026;Entregue No Prazo;;Entrega realizada;Entrega Finalizada;1;10;29;9;XD DIADEMA;26051;;;
MOBIS BRASIL FABRICACAO DE AUTO PECAS LT;RODOVIARIO;1586045;29/09/2026;3;364355;29/09/2026;BILLY DISTRIBUIDORA DE VEICULOS LTDA;1,34E+13;SAO PAULO;SP;29/09/2026;01/10/2026;01/10/2026;Entregue No Prazo;;Entrega realizada;Entrega Finalizada;1;10;29;9;XD DIADEMA;26003;;;
MOBIS BRASIL FABRICACAO DE AUTO PECAS LT;RODOVIARIO;1585973;29/09/2026;24;364365;29/09/2026;TAI MOTORS VEICULOS S/A;9,27E+12;BELO HORIZONTE;MG;29/09/2026;02/10/2026;;Pendente No Prazo;;previsão 01/10;Entrega Pendente;2;10;29;9;XD BETIM;8002;;;
MOBIS BRASIL FABRICACAO DE AUTO PECAS LT;RODOVIARIO;1585976;29/09/2026;1;364353;29/09/2026;BDG AUTOVILLE VEICULOS LTDA;4,77E+13;CONTAGEM;MG;29/09/2026;02/10/2026;;Pendente No Prazo;;previsão 01/10;Entrega Pendente;2;10;29;9;XD BETIM;11037;;;
MOBIS BRASIL FABRICACAO DE AUTO PECAS LT;RODOVIARIO;1585977;29/09/2026;50;364353;29/09/2026;BDG AUTOVILLE VEICULOS LTDA;4,77E+13;CONTAGEM;MG;29/09/2026;02/10/2026;;Pendente No Prazo;;previsão 01/10;Entrega Pendente;2;10;29;9;XD BETIM;11037;;;
MOBIS BRASIL FABRICACAO DE AUTO PECAS LT;RODOVIARIO;1585995;29/09/2026;2;364393;29/09/2026;SEVEC VEICULOS LTDA;5,68E+11;CURITIBA;PR;29/09/2026;02/10/2026;30/09/2026;Entregue No Prazo;;Entrega realizada;Entrega Finalizada;2;10;29;9;TRANSTRY;18012;;;
MOBIS BRASIL FABRICACAO DE AUTO PECAS LT;RODOVIARIO;1585998;29/09/2026;5;364379;29/09/2026;BARI VEICULOS LTDA.;7,46E+12;CURITIBA;PR;29/09/2026;02/10/2026;;Pendente No Prazo;;01/10 Em transferencia para a cidade de destino;Entrega Pendente;2;10;29;9;TRANSTRY;18029;;;
MOBIS BRASIL FABRICACAO DE AUTO PECAS LT;RODOVIARIO;1586000;29/09/2026;4;364373;29/09/2026;BARI VEICULOS LTDA;7,46E+12;CURITIBA;PR;29/09/2026;02/10/2026;;Pendente No Prazo;;01/10 Em transferencia para a cidade de destino;Entrega Pendente;2;10;29;9;TRANSTRY;18024;;;
MOBIS BRASIL FABRICACAO DE AUTO PECAS LT;RODOVIARIO;1586030;29/09/2026;1;364347;29/09/2026;DHC COMERCIO DE VEICULOS E PECAS LTDA;9,52E+12;BAURU;SP;29/09/2026;02/10/2026;30/09/2026;Entregue No Prazo;;Entrega realizada;Entrega Finalizada;2;10;29;9;MVT;26010;;;
MOBIS BRASIL FABRICACAO DE AUTO PECAS LT;RODOVIARIO;1586031;29/09/2026;11;364341;29/09/2026;ANDRETA II DISTRIBUIDORA DE VEIC. LTDA;9,10E+12;CAMPINAS;SP;29/09/2026;02/10/2026;01/10/2026;Entregue No Prazo;;Entrega realizada;Entrega Finalizada;2;10;29;9;MVT;26011;;;
MOBIS BRASIL FABRICACAO DE AUTO PECAS LT;RODOVIARIO;1586032;29/09/2026;1;364351;29/09/2026;MOTONET COMERCIO DE VEICULOS LTDA;9,28E+12;SOROCABA;SP;29/09/2026;02/10/2026;01/10/2026;Entregue No Prazo;;Entrega realizada;Entrega Finalizada;2;10;29;9;MVT;26113;;;
MOBIS BRASIL FABRICACAO DE AUTO PECAS LT;RODOVIARIO;1586034;29/09/2026;2;364343;29/09/2026;ANDRETA II DISTRIBUIDORA DE VEIC. LTDA;9,10E+12;JUNDIAI;SP;29/09/2026;02/10/2026;30/09/2026;Entregue No Prazo;;Entrega realizada;Entrega Finalizada;2;10;29;9;MVT;26011;;;
MOBIS BRASIL FABRICACAO DE AUTO PECAS LT;RODOVIARIO;1586038;29/09/2026;1;364342;29/09/2026;ANDRETA II DISTRIBUIDORA DE VEIC. LTDA;9,10E+12;AMERICANA;SP;29/09/2026;02/10/2026;30/09/2026;Entregue No Prazo;;Entrega realizada;Entrega Finalizada;2;10;29;9;MVT;26011;;;
MOBIS BRASIL FABRICACAO DE AUTO PECAS LT;RODOVIARIO;1586042;29/09/2026;6;364345;29/09/2026;CAOA MOTOR DO BRASIL LTDA;1,68E+13;CAMPINAS;SP;29/09/2026;02/10/2026;30/09/2026;Entregue No Prazo;;Entrega realizada;Entrega Finalizada;2;10;29;9;MVT;5008;;;
MOBIS BRASIL FABRICACAO DE AUTO PECAS LT;RODOVIARIO;1586043;29/09/2026;1;364344;29/09/2026;CAOA MOTOR DO BRASIL LTDA;1,68E+13;SAO JOSE DOS CAMPOS;SP;29/09/2026;02/10/2026;30/09/2026;Entregue No Prazo;;Entrega realizada;Entrega Finalizada;2;10;29;9;MVT;5008;;;
MOBIS BRASIL FABRICACAO DE AUTO PECAS LT;RODOVIARIO;1586044;29/09/2026;1;364346;29/09/2026;DESTAQUE SEUL DISTR. DE VEIC. E PC. LTDA;2,12E+13;BRAGANCA PAULISTA;SP;29/09/2026;02/10/2026;30/09/2026;Entregue No Prazo;;Entrega realizada;Entrega Finalizada;2;10;29;9;MVT;26074;;;
MOBIS BRASIL FABRICACAO DE AUTO PECAS LT;RODOVIARIO;1585975;29/09/2026;3;364368;29/09/2026;URCA MOTORS VEICULOS LTDA;8,77E+12;PATOS DE MINAS;MG;29/09/2026;05/10/2026;;Pendente No Prazo;;previsão 06/10;Entrega Pendente;5;10;29;9;XD BETIM;9014;Criação do Estado de Roraima;Estadual;RR
MOBIS BRASIL FABRICACAO DE AUTO PECAS LT;RODOVIARIO;1585991;29/09/2026;3;364390;29/09/2026;LOVAT VEICULOS S/A;8,57E+12;LONDRINA;PR;29/09/2026;05/10/2026;;Pendente No Prazo;;01/10 Em transferencia para a cidade de destino;Entrega Pendente;5;10;29;9;TRANSTRY;18008;Criação do Estado de Roraima;Estadual;RR
MOBIS BRASIL FABRICACAO DE AUTO PECAS LT;RODOVIARIO;1585992;29/09/2026;1;364389;29/09/2026;LOVAT VEICULOS S/A;8,57E+12;MARINGA;PR;29/09/2026;05/10/2026;;Pendente No Prazo;;01/10 Em transferencia para a cidade de destino;Entrega Pendente;5;10;29;9;TRANSTRY;18008;Criação do Estado de Roraima;Estadual;RR
MOBIS BRASIL FABRICACAO DE AUTO PECAS LT;RODOVIARIO;1585993;29/09/2026;1;364389;29/09/2026;LOVAT VEICULOS S/A;8,57E+12;MARINGA;PR;29/09/2026;05/10/2026;;Pendente No Prazo;;01/10 Em transferencia para a cidade de destino;Entrega Pendente;5;10;29;9;TRANSTRY;18008;Criação do Estado de Roraima;Estadual;RR
MOBIS BRASIL FABRICACAO DE AUTO PECAS LT;RODOVIARIO;1585996;29/09/2026;3;364377;29/09/2026;BARI VEICULOS LTDA;7,46E+12;PONTA GROSSA;PR;29/09/2026;05/10/2026;;Pendente No Prazo;;01/10 Em transferencia para a cidade de destino;Entrega Pendente;5;10;29;9;TRANSTRY;18024;Criação do Estado de Roraima;Estadual;RR
MOBIS BRASIL FABRICACAO DE AUTO PECAS LT;RODOVIARIO;1585997;29/09/2026;14;364377;29/09/2026;BARI VEICULOS LTDA;7,46E+12;PONTA GROSSA;PR;29/09/2026;05/10/2026;;Pendente No Prazo;;01/10 Em transferencia para a cidade de destino;Entrega Pendente;5;10;29;9;TRANSTRY;18024;Criação do Estado de Roraima;Estadual;RR
MOBIS BRASIL FABRICACAO DE AUTO PECAS LT;RODOVIARIO;1585999;29/09/2026;3;364376;29/09/2026;BARI VEICULOS LTDA;7,46E+12;SAO JOSE DOS PINHAIS;PR;29/09/2026;05/10/2026;30/09/2026;Entregue No Prazo;;Entrega realizada;Entrega Finalizada;5;10;29;9;TRANSTRY;18024;Criação do Estado de Roraima;Estadual;RR
MOBIS BRASIL FABRICACAO DE AUTO PECAS LT;RODOVIARIO;1586001;29/09/2026;1;364408;29/09/2026;ITAVEMA MOTORS VEICULOS LTDA;7,73E+12;DUQUE DE CAXIAS;RJ;29/09/2026;05/10/2026;;Pendente No Prazo;;01/10 Em transferencia para a cidade de destino;Entrega Pendente;5;10;29;9;CAMILO;19001;Criação do Estado de Roraima;Estadual;RR
MOBIS BRASIL FABRICACAO DE AUTO PECAS LT;RODOVIARIO;1586002;29/09/2026;1;364397;29/09/2026;CAOA MOTOR DO BRASIL LTDA;1,68E+13;RIO DE JANEIRO;RJ;29/09/2026;05/10/2026;;Pendente No Prazo;;01/10 Em transferencia para a cidade de destino;Entrega Pendente;5;10;29;9;CAMILO;5008;Criação do Estado de Roraima;Estadual;RR
MOBIS BRASIL FABRICACAO DE AUTO PECAS LT;RODOVIARIO;1586004;29/09/2026;1;364409;29/09/2026;ITAVEMA MOTORS VEICULOS LTDA;7,73E+12;RIO DE JANEIRO;RJ;29/09/2026;05/10/2026;;Pendente No Prazo;;01/10 Em transferencia para a cidade de destino;Entrega Pendente;5;10;29;9;CAMILO;19001;Criação do Estado de Roraima;Estadual;RR
MOBIS BRASIL FABRICACAO DE AUTO PECAS LT;RODOVIARIO;1586005;29/09/2026;3;364398;29/09/2026;CAOA MOTOR DO BRASIL LTDA;1,68E+13;NITEROI;RJ;29/09/2026;05/10/2026;;Pendente No Prazo;;01/10 Em transferencia para a cidade de destino;Entrega Pendente;5;10;29;9;CAMILO;5008;Criação do Estado de Roraima;Estadual;RR
MOBIS BRASIL FABRICACAO DE AUTO PECAS LT;RODOVIARIO;1586008;29/09/2026;1;364396;29/09/2026;CAOA MOTOR DO BRASIL LTDA;1,68E+13;RIO DE JANEIRO;RJ;29/09/2026;05/10/2026;;Pendente No Prazo;;01/10 Em transferencia para a cidade de destino;Entrega Pendente;5;10;29;9;CAMILO;5008;Criação do Estado de Roraima;Estadual;RR
MOBIS BRASIL FABRICACAO DE AUTO PECAS LT;RODOVIARIO;1586012;29/09/2026;1;364381;29/09/2026;CARWAY SUL VEICULOS LTDA;1,03E+13;CANOAS;RS;29/09/2026;05/10/2026;;Pendente No Prazo;;01/10 Em transferencia para a cidade de destino;Entrega Pendente;5;10;29;9;TRANSTRY;23003;Criação do Estado de Roraima;Estadual;RR
MOBIS BRASIL FABRICACAO DE AUTO PECAS LT;RODOVIARIO;1586024;29/09/2026;2;364380;29/09/2026;BARI VEICULOS LTDA.;7,46E+12;JOINVILLE;SC;29/09/2026;05/10/2026;;Pendente No Prazo;;01/10 Em transferencia para a cidade de destino;Entrega Pendente;5;10;29;9;TRANSTRY;24013;Criação do Estado de Roraima;Estadual;RR
MOBIS BRASIL FABRICACAO DE AUTO PECAS LT;RODOVIARIO;1586025;29/09/2026;1;364378;29/09/2026;BARI VEICULOS LTDA.;7,46E+12;ITAJAI;SC;29/09/2026;05/10/2026;;Pendente No Prazo;;01/10 Em transferencia para a cidade de destino;Entrega Pendente;5;10;29;9;TRANSTRY;24014;Criação do Estado de Roraima;Estadual;RR
MOBIS BRASIL FABRICACAO DE AUTO PECAS LT;RODOVIARIO;1586039;29/09/2026;19;364350;29/09/2026;H R B COMERCIO DE VEICULOS LTDA;1,82E+13;SAO JOSE DO RIO PRETO;SP;29/09/2026;05/10/2026;30/09/2026;Entregue No Prazo;Avaria;Entrega realizada;Entrega Finalizada;5;10;29;9;MVT;26050;Criação do Estado de Roraima;Estadual;RR
MOBIS BRASIL FABRICACAO DE AUTO PECAS LT;RODOVIARIO;1586041;29/09/2026;1;364349;29/09/2026;GOLDEN MOTORS VEICULOS LTDA;3,62E+12;ARACATUBA;SP;29/09/2026;05/10/2026;;Pendente No Prazo;;PREVISÃO DE ENTREGA 05/10;Entrega Pendente;5;10;29;9;MVT;12001;Criação do Estado de Roraima;Estadual;RR
MOBIS BRASIL FABRICACAO DE AUTO PECAS LT;RODOVIARIO;1586046;29/09/2026;1;364348;29/09/2026;DHC COMERCIO DE VEICULOS E PECAS LTDA;9,52E+12;JAU;SP;29/09/2026;05/10/2026;30/09/2026;Entregue No Prazo;;Entrega realizada;Entrega Finalizada;5;10;29;9;MVT;26010;Criação do Estado de Roraima;Estadual;RR
MOBIS BRASIL FABRICACAO DE AUTO PECAS LT;RODOVIARIO;1586048;29/09/2026;3;364352;29/09/2026;VIME SAO JOAO COM. DE VEIC. E PECAS LTDA;5,10E+13;SAO JOAO DA BOA VISTA;SP;29/09/2026;05/10/2026;30/09/2026;Entregue No Prazo;;Entrega realizada;Entrega Finalizada;5;10;29;9;MVT;26107;Criação do Estado de Roraima;Estadual;RR
MOBIS BRASIL FABRICACAO DE AUTO PECAS LT;RODOVIARIO;1585965;29/09/2026;10;364425;29/09/2026;VIA BRASIL AUTOMOVEIS LTDA.;4,72E+12;SERRA;ES;29/09/2026;06/10/2026;;Pendente No Prazo;;01/10 Em transferencia para a cidade de destino;Entrega Pendente;6;10;29;9;CAMILO;8001;;;
MOBIS BRASIL FABRICACAO DE AUTO PECAS LT;RODOVIARIO;1585971;29/09/2026;4;364366;29/09/2026;TOKSU COMERCIO DE VEICULOS LTDA;1,12E+13;BARBACENA;MG;29/09/2026;06/10/2026;;Pendente No Prazo;;01/10 Sem entrada XD Betim;Entrega Pendente;6;10;29;9;XD BETIM;11008;;;
MOBIS BRASIL FABRICACAO DE AUTO PECAS LT;RODOVIARIO;1585972;29/09/2026;3;364369;29/09/2026;VITAL COMERCIO DE VEICULOS LTDA;1,05E+13;IPATINGA;MG;29/09/2026;06/10/2026;01/10/2026;Entregue No Prazo;;Entrega realizada;Entrega Finalizada;6;10;29;9;XD BETIM;11016;;;
MOBIS BRASIL FABRICACAO DE AUTO PECAS LT;RODOVIARIO;1585974;29/09/2026;7;364364;29/09/2026;TAI MOTORS VEICULOS S/A;9,27E+12;MURIAE;MG;29/09/2026;06/10/2026;;Pendente No Prazo;;01/10 Sem entrada XD Betim;Entrega Pendente;6;10;29;9;XD BETIM;8002;;;
MOBIS BRASIL FABRICACAO DE AUTO PECAS LT;RODOVIARIO;1585994;29/09/2026;1;364392;29/09/2026;SANTA FE VEICULOS LTDA.;1,16E+13;FRANCISCO BELTRAO;PR;29/09/2026;06/10/2026;;Pendente No Prazo;;01/10 Em transferencia para a cidade de destino;Entrega Pendente;6;10;29;9;TRANSTRY;18010;;;
MOBIS BRASIL FABRICACAO DE AUTO PECAS LT;RODOVIARIO;1586003;29/09/2026;1;364404;29/09/2026;GRAFFITI VEICULOS LTDA.;1,71E+13;ITAPERUNA;RJ;29/09/2026;06/10/2026;;Pendente No Prazo;;01/10 Em transferencia para a cidade de destino;Entrega Pendente;6;10;29;9;CAMILO;19015;;;
MOBIS BRASIL FABRICACAO DE AUTO PECAS LT;RODOVIARIO;1586006;29/09/2026;3;364421;29/09/2026;TAI MOTORS VEICULOS S/A;9,27E+12;CAMPOS DOS GOYTACAZES;RJ;29/09/2026;06/10/2026;;Pendente No Prazo;;01/10 Em transferencia para a cidade de destino;Entrega Pendente;6;10;29;9;CAMILO;8002;;;
MOBIS BRASIL FABRICACAO DE AUTO PECAS LT;RODOVIARIO;1586007;29/09/2026;1;364426;29/09/2026;VIA VR VEICULOS LTDA;1,73E+13;PETROPOLIS;RJ;29/09/2026;06/10/2026;;Pendente No Prazo;;01/10 Em transferencia para a cidade de destino;Entrega Pendente;6;10;29;9;CAMILO;19016;;;
MOBIS BRASIL FABRICACAO DE AUTO PECAS LT;RODOVIARIO;1586009;29/09/2026;3;364412;29/09/2026;MONTREAL VEICULOS E PECAS LTDA;1,68E+13;SAO PEDRO DA ALDEIA;RJ;29/09/2026;06/10/2026;;Pendente No Prazo;;01/10 Em transferencia para a cidade de destino;Entrega Pendente;6;10;29;9;CAMILO;19030;;;
MOBIS BRASIL FABRICACAO DE AUTO PECAS LT;RODOVIARIO;1586014;29/09/2026;2;364385;29/09/2026;GALA COMERCIO DE VEICULOS LTDA.;1,77E+13;PELOTAS;RS;29/09/2026;06/10/2026;;Pendente No Prazo;;01/10 Em transferencia para a cidade de destino;Entrega Pendente;6;10;29;9;TRANSTRY;23009;;;
MOBIS BRASIL FABRICACAO DE AUTO PECAS LT;RODOVIARIO;1586017;29/09/2026;1;364388;29/09/2026;HOUSE PARTS COMERCIO DE PECAS E VEI;1,15E+13;CAXIAS DO SUL;RS;29/09/2026;06/10/2026;;Pendente No Prazo;;01/10 Em transferencia para a cidade de destino;Entrega Pendente;6;10;29;9;TRANSTRY;23023;;;
MOBIS BRASIL FABRICACAO DE AUTO PECAS LT;RODOVIARIO;1586018;29/09/2026;6;364372;29/09/2026;ATUAL VEICULOS LTDA;1,33E+13;ARARANGUA;SC;29/09/2026;06/10/2026;;Pendente No Prazo;;01/10 Em transferencia para a cidade de destino;Entrega Pendente;6;10;29;9;TRANSTRY;24001;;;
MOBIS BRASIL FABRICACAO DE AUTO PECAS LT;RODOVIARIO;1586019;29/09/2026;4;364371;29/09/2026;ATUAL VEICULOS LTDA;1,33E+13;CRICIUMA;SC;29/09/2026;06/10/2026;;Pendente No Prazo;;01/10 Em transferencia para a cidade de destino;Entrega Pendente;6;10;29;9;TRANSTRY;24001;;;
MOBIS BRASIL FABRICACAO DE AUTO PECAS LT;RODOVIARIO;1586020;29/09/2026;4;364370;29/09/2026;ATUAL VEICULOS LTDA;1,33E+13;TUBARAO;SC;29/09/2026;06/10/2026;;Pendente No Prazo;;01/10 Em transferencia para a cidade de destino;Entrega Pendente;6;10;29;9;TRANSTRY;24001;;;
MOBIS BRASIL FABRICACAO DE AUTO PECAS LT;RODOVIARIO;1586021;29/09/2026;6;364391;29/09/2026;LR COMERCIO DE VEICULOS LTDA;1,05E+13;SAO JOSE;SC;29/09/2026;06/10/2026;;Pendente No Prazo;;01/10 Em transferencia para a cidade de destino;Entrega Pendente;6;10;29;9;TRANSTRY;24007;;;
MOBIS BRASIL FABRICACAO DE AUTO PECAS LT;RODOVIARIO;1586022;29/09/2026;1;364375;29/09/2026;BARI VEICULOS LTDA;7,46E+12;BLUMENAU;SC;29/09/2026;06/10/2026;;Pendente No Prazo;;01/10 Em transferencia para a cidade de destino;Entrega Pendente;6;10;29;9;TRANSTRY;18024;;;
MOBIS BRASIL FABRICACAO DE AUTO PECAS LT;RODOVIARIO;1586023;29/09/2026;13;364375;29/09/2026;BARI VEICULOS LTDA;7,46E+12;BLUMENAU;SC;29/09/2026;06/10/2026;;Pendente No Prazo;;01/10 Em transferencia para a cidade de destino;Entrega Pendente;6;10;29;9;TRANSTRY;18024;;;
MOBIS BRASIL FABRICACAO DE AUTO PECAS LT;RODOVIARIO;1585963;29/09/2026;1;364363;29/09/2026;SMAFF IMPORT VEICULOS LTDA;8,18E+12;BRASILIA;DF;29/09/2026;07/10/2026;;Pendente No Prazo;;;Entrega Pendente;7;10;29;9;RIO VERMELHO;7002;;;
MOBIS BRASIL FABRICACAO DE AUTO PECAS LT;RODOVIARIO;1585964;29/09/2026;2;364363;29/09/2026;SMAFF IMPORT VEICULOS LTDA;8,18E+12;BRASILIA;DF;29/09/2026;07/10/2026;;Pendente No Prazo;;;Entrega Pendente;7;10;29;9;RIO VERMELHO;7002;;;
MOBIS BRASIL FABRICACAO DE AUTO PECAS LT;RODOVIARIO;1585966;29/09/2026;6;364359;29/09/2026;NISA COMERCIAL DE VEIC. AUTOMOTORES LTDA;1,03E+13;APARECIDA DE GOIANIA;GO;29/09/2026;07/10/2026;;Pendente No Prazo;;;Entrega Pendente;7;10;29;9;RIO VERMELHO;9002;;;
MOBIS BRASIL FABRICACAO DE AUTO PECAS LT;RODOVIARIO;1585967;29/09/2026;60;364362;29/09/2026;SAGA KOREA COM. DE VEIC. E PC. LTDA;1,27E+13;GOIANIA;GO;29/09/2026;07/10/2026;;Pendente No Prazo;;;Entrega Pendente;7;10;29;9;RIO VERMELHO;9011;;;
MOBIS BRASIL FABRICACAO DE AUTO PECAS LT;RODOVIARIO;1585978;29/09/2026;6;364423;29/09/2026;ULSAN COMERCIO DE VEICULOS LTDA.;2,10E+13;CAMPO GRANDE;MS;29/09/2026;07/10/2026;;Pendente No Prazo;;01/10 Em transferencia para a cidade de destino;Entrega Pendente;7;10;29;9;CARVALIMA;12004;;;
MOBIS BRASIL FABRICACAO DE AUTO PECAS LT;RODOVIARIO;1586013;29/09/2026;2;364386;29/09/2026;HOUSE PARTS - COM. DE PECAS E VEIC. LTDA;1,15E+13;SANTA MARIA;RS;29/09/2026;07/10/2026;;Pendente No Prazo;;01/10 Em transferencia para a cidade de destino;Entrega Pendente;7;10;29;9;TRANSTRY;23008;;;
MOBIS BRASIL FABRICACAO DE AUTO PECAS LT;RODOVIARIO;1586015;29/09/2026;2;364387;29/09/2026;HOUSE PARTS - COM. DE PECAS E VEIC. LTDA;1,15E+13;SANTA CRUZ DO SUL;RS;29/09/2026;07/10/2026;;Pendente No Prazo;;01/10 Em transferencia para a cidade de destino;Entrega Pendente;7;10;29;9;TRANSTRY;23017;;;
MOBIS BRASIL FABRICACAO DE AUTO PECAS LT;RODOVIARIO;1586016;29/09/2026;10;364382;29/09/2026;CHINHAN AUTOMOVEIS LTDA;2,41E+13;ERECHIM;RS;29/09/2026;07/10/2026;;Pendente No Prazo;;01/10 Em transferencia para a cidade de destino;Entrega Pendente;7;10;29;9;TRANSTRY;23019;;;
MOBIS BRASIL FABRICACAO DE AUTO PECAS LT;RODOVIARIO;1586026;29/09/2026;1;364374;29/09/2026;BARI VEICULOS LTDA;7,46E+12;BALNEARIO CAMBORIU;SC;29/09/2026;07/10/2026;;Pendente No Prazo;;01/10 Em transferencia para a cidade de destino;Entrega Pendente;7;10;29;9;TRANSTRY;18024;;;
MOBIS BRASIL FABRICACAO DE AUTO PECAS LT;RODOVIARIO;1586027;29/09/2026;1;364383;29/09/2026;CHINHAN AUTOMOVEIS LTDA;2,41E+13;CONCORDIA;SC;29/09/2026;07/10/2026;;Pendente No Prazo;;01/10 Em transferencia para a cidade de destino;Entrega Pendente;7;10;29;9;TRANSTRY;23019;;;
MOBIS BRASIL FABRICACAO DE AUTO PECAS LT;RODOVIARIO;1585980;29/09/2026;14;364418;29/09/2026;SAGA ASIA COM. DE VEIC.PC.E SERV. LTDA;2,23E+13;VARZEA GRANDE;MT;29/09/2026;08/10/2026;;Pendente No Prazo;;01/10 Em transferencia para a cidade de destino;Entrega Pendente;8;10;29;9;CARVALIMA;13004;;;
MOBIS BRASIL FABRICACAO DE AUTO PECAS LT;RODOVIARIO;1586028;29/09/2026;2;364384;29/09/2026;CHINHAN AUTOMOVEIS LTDA.;2,41E+13;CACADOR;SC;29/09/2026;08/10/2026;;Pendente No Prazo;;01/10 Em transferencia para a cidade de destino;Entrega Pendente;8;10;29;9;TRANSTRY;24020;;;
MOBIS BRASIL FABRICACAO DE AUTO PECAS LT;RODOVIARIO;1586049;29/09/2026;1;364361;29/09/2026;PRIVILLEGE DISTRIBUIDORA DE VEICULOS LTD;1,72E+13;PALMAS;TO;29/09/2026;08/10/2026;;Pendente No Prazo;;;Entrega Pendente;8;10;29;9;RIO VERMELHO;27003;;;
MOBIS BRASIL FABRICACAO DE AUTO PECAS LT;RODOVIARIO;1585959;29/09/2026;1;364416;29/09/2026;PATEO COMERCIO DE VEICULOS S A;7,78E+12;SALVADOR;BA;29/09/2026;09/10/2026;;Pendente No Prazo;;01/10 Em transferencia para a cidade de destino;Entrega Pendente;9;10;29;9;TERMACO;5003;;;
MOBIS BRASIL FABRICACAO DE AUTO PECAS LT;RODOVIARIO;1585960;29/09/2026;5;364403;29/09/2026;FAZZA MOTORS COMERCIO DE VEICULOS LTDA;1,24E+13;SALVADOR;BA;29/09/2026;09/10/2026;;Pendente No Prazo;;01/10 Em transferencia para a cidade de destino;Entrega Pendente;9;10;29;9;TERMACO;5007;;;
MOBIS BRASIL FABRICACAO DE AUTO PECAS LT;RODOVIARIO;1585979;29/09/2026;1;364400;29/09/2026;COMETA MATO GROSSO COM. DE VEICULOS LTDA;1,54E+13;SINOP;MT;29/09/2026;09/10/2026;;Pendente No Prazo;;01/10 Em transferencia para a cidade de destino;Entrega Pendente;9;10;29;9;CARVALIMA;13003;;;
MOBIS BRASIL FABRICACAO DE AUTO PECAS LT;RODOVIARIO;1585981;29/09/2026;10;364401;29/09/2026;COMETA MATO GROSSO COM. DE VEICULOS LTDA;1,54E+13;RONDONOPOLIS;MT;29/09/2026;09/10/2026;;Pendente No Prazo;;01/10 Em transferencia para a cidade de destino;Entrega Pendente;9;10;29;9;CARVALIMA;13006;;;
MOBIS BRASIL FABRICACAO DE AUTO PECAS LT;RODOVIARIO;1585982;29/09/2026;2;364424;29/09/2026;UNIQUE COMERCIO DE AUTOMOVEIS LTDA;1,74E+13;ANANINDEUA;PA;29/09/2026;12/10/2026;;Pendente No Prazo;;01/10 Em transferencia para a cidade de destino;Entrega Pendente;12;10;29;9;CARVALIMA;14003;;;
MOBIS BRASIL FABRICACAO DE AUTO PECAS LT;RODOVIARIO;1585983;29/09/2026;32;364424;29/09/2026;UNIQUE COMERCIO DE AUTOMOVEIS LTDA;1,74E+13;ANANINDEUA;PA;29/09/2026;12/10/2026;;Pendente No Prazo;;01/10 Em transferencia para a cidade de destino;Entrega Pendente;12;10;29;9;CARVALIMA;14003;;;
MOBIS BRASIL FABRICACAO DE AUTO PECAS LT;RODOVIARIO;1585984;29/09/2026;2;364395;29/09/2026;CAOA MOTOR DO BRASIL LTDA;1,68E+13;BELEM;PA;29/09/2026;12/10/2026;;Pendente No Prazo;;01/10 Em transferencia para a cidade de destino;Entrega Pendente;12;10;29;9;CARVALIMA;5008;;;
MOBIS BRASIL FABRICACAO DE AUTO PECAS LT;RODOVIARIO;1585985;29/09/2026;3;364395;29/09/2026;CAOA MOTOR DO BRASIL LTDA;1,68E+13;BELEM;PA;29/09/2026;12/10/2026;;Pendente No Prazo;;01/10 Em transferencia para a cidade de destino;Entrega Pendente;12;10;29;9;CARVALIMA;5008;;;
MOBIS BRASIL FABRICACAO DE AUTO PECAS LT;RODOVIARIO;1585986;29/09/2026;1;364405;29/09/2026;GRANDE COREIA COMERCIO DE VEICULOS LTDA;2,66E+13;BELEM;PA;29/09/2026;12/10/2026;;Pendente No Prazo;;01/10 Em transferencia para a cidade de destino;Entrega Pendente;12;10;29;9;CARVALIMA;14007;;;
MOBIS BRASIL FABRICACAO DE AUTO PECAS LT;RODOVIARIO;1586054;29/09/2026;2;364420;29/09/2026;SEVEL VEICULOS LTDA;1,07E+13;ARACAJU;SE;29/09/2026;12/10/2026;;Pendente No Prazo;;01/10 Em transferencia para a cidade de destino;Entrega Pendente;12;10;29;9;TERMACO;25001;;;
MOBIS BRASIL FABRICACAO DE AUTO PECAS LT;RODOVIARIO;1585956;29/09/2026;12;364402;29/09/2026;CYCOSA AUTOMOVEIS LTDA;4,76E+12;MACEIO;AL;29/09/2026;13/10/2026;;Pendente No Prazo;;01/10 Em transferencia para a cidade de destino;Entrega Pendente;13;10;29;9;TERMACO;2001;;;
MOBIS BRASIL FABRICACAO DE AUTO PECAS LT;RODOVIARIO;1585968;29/09/2026;1;364358;29/09/2026;NASA MOTORS LTDA.;2,65E+13;SAO LUIS DE MONTES BELOS;GO;29/09/2026;13/10/2026;;Pendente No Prazo;;;Entrega Pendente;13;10;29;9;RIO VERMELHO;9016;;;
MOBIS BRASIL FABRICACAO DE AUTO PECAS LT;RODOVIARIO;1585969;29/09/2026;3;364367;29/09/2026;TRIAUTO KOREA AUTOMOVEIS LTDA;4,99E+13;CATALAO;GO;29/09/2026;13/10/2026;;Pendente No Prazo;;;Entrega Pendente;13;10;29;9;RIO VERMELHO;9018;;;
MOBIS BRASIL FABRICACAO DE AUTO PECAS LT;RODOVIARIO;1585958;29/09/2026;1;364394;29/09/2026;AIKON VEICULOS LTDA;1,17E+13;VITORIA DA CONQUISTA;BA;29/09/2026;14/10/2026;;Pendente No Prazo;;01/10 Em transferencia para a cidade de destino;Entrega Pendente;14;10;29;9;TERMACO;5002;;;
MOBIS BRASIL FABRICACAO DE AUTO PECAS LT;RODOVIARIO;1585961;29/09/2026;1;364410;29/09/2026;MASTER COMERCIAL DE VEICULOS LTDA;2,85E+13;BARREIRAS;BA;29/09/2026;14/10/2026;;Pendente No Prazo;;01/10 Em transferencia para a cidade de destino;Entrega Pendente;14;10;29;9;TERMACO;5012;;;
MOBIS BRASIL FABRICACAO DE AUTO PECAS LT;RODOVIARIO;1585962;29/09/2026;1;364411;29/09/2026;MASTER COMERCIAL DE VEICULOS LTDA;2,85E+13;JACOBINA;BA;29/09/2026;14/10/2026;;Pendente No Prazo;;01/10 Em transferencia para a cidade de destino;Entrega Pendente;14;10;29;9;TERMACO;5013;;;
MOBIS BRASIL FABRICACAO DE AUTO PECAS LT;RODOVIARIO;1585970;29/09/2026;3;364417;29/09/2026;PATEO COMERCIO DE VEICULOS S A;7,78E+12;SAO LUIS;MA;29/09/2026;14/10/2026;;Pendente No Prazo;;01/10 Em transferencia para a cidade de destino;Entrega Pendente;14;10;29;9;TERMACO;10002;;;
MOBIS BRASIL FABRICACAO DE AUTO PECAS LT;RODOVIARIO;1585987;29/09/2026;3;364414;29/09/2026;PATEO COMERCIO DE VEICULOS S A;7,78E+12;JOAO PESSOA;PB;29/09/2026;14/10/2026;;Pendente No Prazo;;01/10 Em transferencia para a cidade de destino;Entrega Pendente;14;10;29;9;TERMACO;15003;;;
MOBIS BRASIL FABRICACAO DE AUTO PECAS LT;RODOVIARIO;1585988;29/09/2026;3;364399;29/09/2026;CAOA MOTOR DO BRASIL LTDA;1,68E+13;RECIFE;PE;29/09/2026;14/10/2026;;Pendente No Prazo;;01/10 Em transferencia para a cidade de destino;Entrega Pendente;14;10;29;9;TERMACO;5008;;;
MOBIS BRASIL FABRICACAO DE AUTO PECAS LT;RODOVIARIO;1586011;29/09/2026;4;364419;29/09/2026;SAINT LAND COMERCIO DE VEICULOS LTDA;1,04E+13;NATAL;RN;29/09/2026;14/10/2026;;Pendente No Prazo;;01/10 Em transferencia para a cidade de destino;Entrega Pendente;14;10;29;9;TERMACO;6010;;;
MOBIS BRASIL FABRICACAO DE AUTO PECAS LT;RODOVIARIO;1585989;29/09/2026;1;364407;29/09/2026;GREEN CITY VEICULOS LTDA;2,10E+13;TERESINA;PI;29/09/2026;15/10/2026;;Pendente No Prazo;;01/10 Em transferencia para a cidade de destino;Entrega Pendente;15;10;29;9;TERMACO;17002;;;
MOBIS BRASIL FABRICACAO DE AUTO PECAS LT;RODOVIARIO;1585990;29/09/2026;3;364406;29/09/2026;GREEN CITY VEICULOS LTDA;2,10E+13;TERESINA;PI;29/09/2026;15/10/2026;;Pendente No Prazo;;01/10 Em transferencia para a cidade de destino;Entrega Pendente;15;10;29;9;TERMACO;17002;;;
MOBIS BRASIL FABRICACAO DE AUTO PECAS LT;RODOVIARIO;1586010;29/09/2026;1;364413;29/09/2026;ORIENTE AUTOMOVEIS LTDA;1,33E+13;PARNAMIRIM;RN;29/09/2026;15/10/2026;;Pendente No Prazo;;01/10 Em transferencia para a cidade de destino;Entrega Pendente;15;10;29;9;TERMACO;20001;;;
MOBIS BRASIL FABRICACAO DE AUTO PECAS LT;RODOVIARIO;1585955;29/09/2026;1;364422;29/09/2026;ULSAN COMERCIO DE VEICULOS LTDA;2,10E+13;RIO BRANCO;AC;29/09/2026;16/10/2026;;Pendente No Prazo;;01/10 Em transferencia para a cidade de destino;Entrega Pendente;16;10;29;9;CARVALIMA;21004;;;
MOBIS BRASIL FABRICACAO DE AUTO PECAS LT;RODOVIARIO;1585957;29/09/2026;1;364415;29/09/2026;PATEO COMERCIO DE VEICULOS S A;7,78E+12;MANAUS;AM;29/09/2026;23/10/2026;;Pendente No Prazo;;01/10 Em transferencia para a cidade de destino;Entrega Pendente;23;10;29;9;CARVALIMA;3002;;;
MOBIS BRASIL FABRICACAO DE AUTO PECAS LT;RODOVIARIO;1586035;29/09/2026;15;364559;30/09/2026;GRANDAY AUTOMOTORES LTDA;1,56883E+13;SAO PAULO;SP;30/09/2026;02/10/2026;;Pendente No Prazo;;;Entrega Pendente;2;10;30;9;BV LOG;26041;;;
MOBIS BRASIL FABRICACAO DE AUTO PECAS LT;RODOVIARIO;1586047;29/09/2026;19;364560;30/09/2026;GRANDAY AUTOMOTORES LTDA (CHAC. CALIFOR);1,56883E+13;SAO PAULO;SP;30/09/2026;02/10/2026;;Pendente No Prazo;;;Entrega Pendente;2;10;30;9;BV LOG;26090;;;
MOBIS BRASIL FABRICACAO DE AUTO PECAS LT;RODOVIARIO;1586051;29/09/2026;99;364557;30/09/2026;CHS MOTORS VEICULOS PECAS(VL. GUILHERME);1,68519E+13;SAO PAULO;SP;30/09/2026;02/10/2026;;Pendente No Prazo;;;Entrega Pendente;2;10;30;9;BV LOG;26052;;;
MOBIS BRASIL FABRICACAO DE AUTO PECAS LT;RODOVIARIO;1586052;29/09/2026;51;364557;30/09/2026;CHS MOTORS VEICULOS PECAS(VL. GUILHERME);1,68519E+13;SAO PAULO;SP;30/09/2026;02/10/2026;;Pendente No Prazo;;;Entrega Pendente;2;10;30;9;BV LOG;26052;;;
MOBIS BRASIL FABRICACAO DE AUTO PECAS LT;RODOVIARIO;1586053;29/09/2026;16;364557;30/09/2026;CHS MOTORS VEICULOS PECAS(VL. GUILHERME);1,68519E+13;SAO PAULO;SP;30/09/2026;02/10/2026;;Pendente No Prazo;;;Entrega Pendente;2;10;30;9;BV LOG;26052;;;
MOBIS BRASIL FABRICACAO DE AUTO PECAS LT;RODOVIARIO;1586931;30/09/2026;2;364591;30/09/2026;NOBRE DISTRIBUIDORA DE VEICULOS E PECAS;5,75853E+12;MOGI DAS CRUZES;SP;30/09/2026;02/10/2026;;Pendente No Prazo;;01/10 Em transferencia para a cidade de destino;Entrega Pendente;2;10;30;9;XD DIADEMA;26004;;;
MOBIS BRASIL FABRICACAO DE AUTO PECAS LT;RODOVIARIO;1586932;30/09/2026;3;364586;30/09/2026;GRAND SPORT COM. DE VEIC. E PECAS LTDA;8,57705E+12;GUARULHOS;SP;30/09/2026;02/10/2026;;Pendente No Prazo;;01/10 Em transferencia para a cidade de destino;Entrega Pendente;2;10;30;9;XD DIADEMA;26005;;;
MOBIS BRASIL FABRICACAO DE AUTO PECAS LT;RODOVIARIO;1586936;30/09/2026;2;364587;30/09/2026;GRAND SPORT COM. DE VEIC. E PECAS LTDA;8,57705E+12;SAO PAULO;SP;30/09/2026;02/10/2026;;Pendente No Prazo;;01/10 Em transferencia para a cidade de destino;Entrega Pendente;2;10;30;9;XD DIADEMA;26034;;;
MOBIS BRASIL FABRICACAO DE AUTO PECAS LT;RODOVIARIO;1586937;30/09/2026;2;364583;30/09/2026;CHS MOTORS VEICULOS PECAS E SERV. LTDA.;1,68519E+13;SAO PAULO;SP;30/09/2026;02/10/2026;;Pendente No Prazo;;01/10 Em transferencia para a cidade de destino;Entrega Pendente;2;10;30;9;XD DIADEMA;26036;;;
MOBIS BRASIL FABRICACAO DE AUTO PECAS LT;RODOVIARIO;1586940;30/09/2026;1;364577;30/09/2026;BILLY DISTRIBUIDORA DE VEICULOS LTDA;1,33508E+13;SAO CAETANO DO SUL;SP;30/09/2026;02/10/2026;;Pendente No Prazo;;01/10 Em transferencia para a cidade de destino;Entrega Pendente;2;10;30;9;XD DIADEMA;26003;;;
MOBIS BRASIL FABRICACAO DE AUTO PECAS LT;RODOVIARIO;1586941;30/09/2026;1;364577;30/09/2026;BILLY DISTRIBUIDORA DE VEICULOS LTDA;1,33508E+13;SAO CAETANO DO SUL;SP;30/09/2026;02/10/2026;;Pendente No Prazo;;01/10 Em transferencia para a cidade de destino;Entrega Pendente;2;10;30;9;XD DIADEMA;26003;;;
MOBIS BRASIL FABRICACAO DE AUTO PECAS LT;RODOVIARIO;1586947;30/09/2026;5;364584;30/09/2026;CHS MOTORS VEICULOS PECAS(VL. GUILHERME);1,68519E+13;SAO PAULO;SP;30/09/2026;02/10/2026;;Pendente No Prazo;;01/10 Em transferencia para a cidade de destino;Entrega Pendente;2;10;30;9;XD DIADEMA;26052;;;
MOBIS BRASIL FABRICACAO DE AUTO PECAS LT;RODOVIARIO;1586949;30/09/2026;4;364578;30/09/2026;CAOA MOTOR DO BRASIL LTDA;1,67945E+13;SANTO ANDRE;SP;30/09/2026;02/10/2026;;Pendente No Prazo;;01/10 Em transferencia para a cidade de destino;Entrega Pendente;2;10;30;9;XD DIADEMA;5008;;;
MOBIS BRASIL FABRICACAO DE AUTO PECAS LT;RODOVIARIO;1586953;30/09/2026;2;364592;30/09/2026;NOBRE SP DISTRIB. DE VEIC. E PEC. LTDA;1,70418E+13;SAO PAULO;SP;30/09/2026;02/10/2026;;Pendente No Prazo;;01/10 Em transferencia para a cidade de destino;Entrega Pendente;2;10;30;9;XD DIADEMA;26081;;;
MOBIS BRASIL FABRICACAO DE AUTO PECAS LT;RODOVIARIO;1586954;30/09/2026;2;364580;30/09/2026;CAOA MOTOR DO BRASIL LTDA(NACOES UNIDAS);1,67945E+13;SAO PAULO;SP;30/09/2026;02/10/2026;;Pendente No Prazo;;01/10 Em transferencia para a cidade de destino;Entrega Pendente;2;10;30;9;XD DIADEMA;26087;;;
MOBIS BRASIL FABRICACAO DE AUTO PECAS LT;RODOVIARIO;1586955;30/09/2026;11;364588;30/09/2026;GRANDAY AUTOMOTORES LTDA (CHAC. CALIFOR);1,56883E+13;SAO PAULO;SP;30/09/2026;02/10/2026;;Pendente No Prazo;;01/10 Em transferencia para a cidade de destino;Entrega Pendente;2;10;30;9;XD DIADEMA;26090;;;
MOBIS BRASIL FABRICACAO DE AUTO PECAS LT;RODOVIARIO;1586956;30/09/2026;3;364579;30/09/2026;CAOA MOTOR DO BRASIL LTDA (INDIANOPOLIS);1,67945E+13;SAO PAULO;SP;30/09/2026;02/10/2026;;Pendente No Prazo;;01/10 Em transferencia para a cidade de destino;Entrega Pendente;2;10;30;9;XD DIADEMA;26091;;;
MOBIS BRASIL FABRICACAO DE AUTO PECAS LT;RODOVIARIO;1586959;30/09/2026;2;364590;30/09/2026;NOBRE DISTRIBUIDORA DE VEIC. E PEC. LTDA;5,75853E+12;SUZANO;SP;30/09/2026;02/10/2026;;Pendente No Prazo;;01/10 Em transferencia para a cidade de destino;Entrega Pendente;2;10;30;9;XD DIADEMA;26103;;;
MOBIS BRASIL FABRICACAO DE AUTO PECAS LT;RODOVIARIO;1586961;30/09/2026;5;364581;30/09/2026;CAOA MOTOR DO BRASIL LTDA(RAP. TAVARES);1,67945E+13;SAO PAULO;SP;30/09/2026;02/10/2026;;Pendente No Prazo;;01/10 Em transferencia para a cidade de destino;Entrega Pendente;2;10;30;9;XD DIADEMA;26109;;;
MOBIS BRASIL FABRICACAO DE AUTO PECAS LT;RODOVIARIO;1586867;30/09/2026;8;364597;30/09/2026;TAI MOTORS VEICULOS S/A;9,27205E+12;BELO HORIZONTE;MG;30/09/2026;05/10/2026;;Pendente No Prazo;;01/10 Sem entrada XD Betim;Entrega Pendente;5;10;30;9;XD BETIM;8002;Criação do Estado de Roraima;Estadual;RR
MOBIS BRASIL FABRICACAO DE AUTO PECAS LT;RODOVIARIO;1586868;30/09/2026;5;364582;30/09/2026;CARBEL KOREA VEICULOS LTDA;2,07185E+13;BELO HORIZONTE;MG;30/09/2026;05/10/2026;;Pendente No Prazo;;01/10 Sem entrada XD Betim;Entrega Pendente;5;10;30;9;XD BETIM;11021;Criação do Estado de Roraima;Estadual;RR
MOBIS BRASIL FABRICACAO DE AUTO PECAS LT;RODOVIARIO;1586871;30/09/2026;42;364576;30/09/2026;BDG AUTOVILLE VEICULOS LTDA;4,77292E+13;CONTAGEM;MG;30/09/2026;05/10/2026;;Pendente No Prazo;;01/10 Sem entrada XD Betim;Entrega Pendente;5;10;30;9;XD BETIM;11037;Criação do Estado de Roraima;Estadual;RR
MOBIS BRASIL FABRICACAO DE AUTO PECAS LT;RODOVIARIO;1586895;30/09/2026;26;364664;30/09/2026;SEVEC VEICULOS LTDA;5,6848E+11;CURITIBA;PR;30/09/2026;05/10/2026;;Pendente No Prazo;;01/10 Em transferencia para a cidade de destino;Entrega Pendente;5;10;30;9;TRANSTRY;18012;Criação do Estado de Roraima;Estadual;RR
MOBIS BRASIL FABRICACAO DE AUTO PECAS LT;RODOVIARIO;1586900;30/09/2026;3;364646;30/09/2026;BARI VEICULOS LTDA;7,46176E+12;CURITIBA;PR;30/09/2026;05/10/2026;;Pendente No Prazo;;01/10 Em transferencia para a cidade de destino;Entrega Pendente;5;10;30;9;TRANSTRY;18024;Criação do Estado de Roraima;Estadual;RR
MOBIS BRASIL FABRICACAO DE AUTO PECAS LT;RODOVIARIO;1586933;30/09/2026;1;364569;30/09/2026;DHC COMERCIO DE VEICULOS E PECAS LTDA;9,52413E+12;BAURU;SP;30/09/2026;05/10/2026;;Pendente No Prazo;;01/10 Em transferencia para a cidade de destino;Entrega Pendente;5;10;30;9;MVT;26010;Criação do Estado de Roraima;Estadual;RR
MOBIS BRASIL FABRICACAO DE AUTO PECAS LT;RODOVIARIO;1586934;30/09/2026;35;364566;30/09/2026;ANDRETA II DISTRIBUIDORA DE VEIC. LTDA;9,10384E+12;CAMPINAS;SP;30/09/2026;05/10/2026;01/10/2026;Entregue No Prazo;Avaria;;Entrega Finalizada;5;10;30;9;MVT;26011;Criação do Estado de Roraima;Estadual;RR
MOBIS BRASIL FABRICACAO DE AUTO PECAS LT;RODOVIARIO;1586935;30/09/2026;3;364574;30/09/2026;MOTONET COMERCIO DE VEICULOS LTDA;9,27797E+12;SOROCABA;SP;30/09/2026;05/10/2026;01/10/2026;Entregue No Prazo;;Entrega realizada;Entrega Finalizada;5;10;30;9;MVT;26113;Criação do Estado de Roraima;Estadual;RR
MOBIS BRASIL FABRICACAO DE AUTO PECAS LT;RODOVIARIO;1586938;30/09/2026;1;364564;30/09/2026;ANDRETA II DISTRIBUIDORA DE VEIC. LTDA;9,10384E+12;JUNDIAI;SP;30/09/2026;05/10/2026;;Pendente No Prazo;;01/10 Em transferencia para a cidade de destino;Entrega Pendente;5;10;30;9;MVT;26011;Criação do Estado de Roraima;Estadual;RR
MOBIS BRASIL FABRICACAO DE AUTO PECAS LT;RODOVIARIO;1586939;30/09/2026;11;364564;30/09/2026;ANDRETA II DISTRIBUIDORA DE VEIC. LTDA;9,10384E+12;JUNDIAI;SP;30/09/2026;05/10/2026;;Pendente No Prazo;;01/10 Em transferencia para a cidade de destino;Entrega Pendente;5;10;30;9;MVT;26011;Criação do Estado de Roraima;Estadual;RR
MOBIS BRASIL FABRICACAO DE AUTO PECAS LT;RODOVIARIO;1586942;30/09/2026;1;364563;30/09/2026;ANDRETA II DISTRIBUIDORA DE VEIC. LTDA;9,10384E+12;INDAIATUBA;SP;30/09/2026;05/10/2026;01/10/2026;Entregue No Prazo;;Entrega realizada;Entrega Finalizada;5;10;30;9;MVT;26011;Criação do Estado de Roraima;Estadual;RR
MOBIS BRASIL FABRICACAO DE AUTO PECAS LT;RODOVIARIO;1586943;30/09/2026;3;364565;30/09/2026;ANDRETA II DISTRIBUIDORA DE VEIC. LTDA;9,10384E+12;AMERICANA;SP;30/09/2026;05/10/2026;01/10/2026;Entregue No Prazo;;Entrega realizada;Entrega Finalizada;5;10;30;9;MVT;26011;Criação do Estado de Roraima;Estadual;RR
MOBIS BRASIL FABRICACAO DE AUTO PECAS LT;RODOVIARIO;1586950;30/09/2026;2;364568;30/09/2026;CAOA MOTOR DO BRASIL LTDA;1,67945E+13;CAMPINAS;SP;30/09/2026;05/10/2026;;Pendente No Prazo;;01/10 Em transferencia para a cidade de destino;Entrega Pendente;5;10;30;9;MVT;5008;Criação do Estado de Roraima;Estadual;RR
MOBIS BRASIL FABRICACAO DE AUTO PECAS LT;RODOVIARIO;1586951;30/09/2026;2;364567;30/09/2026;CAOA MOTOR DO BRASIL LTDA;1,67945E+13;SAO CARLOS;SP;30/09/2026;05/10/2026;01/10/2026;Entregue No Prazo;;Entrega realizada;Entrega Finalizada;5;10;30;9;MVT;5008;Criação do Estado de Roraima;Estadual;RR
MOBIS BRASIL FABRICACAO DE AUTO PECAS LT;RODOVIARIO;1586952;30/09/2026;3;364585;30/09/2026;DESTAQUE SEUL DISTR. DE VEIC. E PC. LTDA;2,11538E+13;ATIBAIA;SP;30/09/2026;05/10/2026;;Pendente No Prazo;;01/10 Em transferencia para a cidade de destino;Entrega Pendente;5;10;30;9;XD DIADEMA;26075;Criação do Estado de Roraima;Estadual;RR
MOBIS BRASIL FABRICACAO DE AUTO PECAS LT;RODOVIARIO;1586863;30/09/2026;6;364603;30/09/2026;URCA MOTORS VEICULOS LTDA;8,77087E+12;UBERLANDIA;MG;30/09/2026;06/10/2026;;Pendente No Prazo;;01/10 Sem entrada XD Betim;Entrega Pendente;6;10;30;9;XD BETIM;9014;;;
MOBIS BRASIL FABRICACAO DE AUTO PECAS LT;RODOVIARIO;1586866;30/09/2026;3;364601;30/09/2026;URCA MOTORS VEICULOS LTDA;8,77087E+12;UBERABA;MG;30/09/2026;06/10/2026;;Pendente No Prazo;;01/10 Sem entrada XD Betim;Entrega Pendente;6;10;30;9;XD BETIM;9014;;;
MOBIS BRASIL FABRICACAO DE AUTO PECAS LT;RODOVIARIO;1586870;30/09/2026;3;364604;30/09/2026;URCA MOTORS VEICULOS LTDA;8,77087E+12;PATOS DE MINAS;MG;30/09/2026;06/10/2026;;Pendente No Prazo;;01/10 Sem entrada XD Betim;Entrega Pendente;6;10;30;9;XD BETIM;9014;;;
MOBIS BRASIL FABRICACAO DE AUTO PECAS LT;RODOVIARIO;1586893;30/09/2026;2;364659;30/09/2026;LOVAT VEICULOS S/A;8,57085E+12;LONDRINA;PR;30/09/2026;06/10/2026;;Pendente No Prazo;;01/10 Sem entrada Transtry;Entrega Pendente;6;10;30;9;TRANSTRY;18008;;;
MOBIS BRASIL FABRICACAO DE AUTO PECAS LT;RODOVIARIO;1586896;30/09/2026;1;364666;30/09/2026;VETOR AUTOMOVEIS LTDA;2,12129E+13;CASCAVEL;PR;30/09/2026;06/10/2026;;Pendente No Prazo;;01/10 Sem entrada Transtry;Entrega Pendente;6;10;30;9;TRANSTRY;18019;;;
MOBIS BRASIL FABRICACAO DE AUTO PECAS LT;RODOVIARIO;1586897;30/09/2026;3;364666;30/09/2026;VETOR AUTOMOVEIS LTDA;2,12129E+13;CASCAVEL;PR;30/09/2026;06/10/2026;;Pendente No Prazo;;01/10 Sem entrada Transtry;Entrega Pendente;6;10;30;9;TRANSTRY;18019;;;
MOBIS BRASIL FABRICACAO DE AUTO PECAS LT;RODOVIARIO;1586898;30/09/2026;13;364648;30/09/2026;BARI VEICULOS LTDA;7,46176E+12;PONTA GROSSA;PR;30/09/2026;06/10/2026;;Pendente No Prazo;;01/10 Sem entrada Transtry;Entrega Pendente;6;10;30;9;TRANSTRY;18024;;;
MOBIS BRASIL FABRICACAO DE AUTO PECAS LT;RODOVIARIO;1586899;30/09/2026;1;364665;30/09/2026;VETOR AUTOMOVEIS LTDA;2,12129E+13;UMUARAMA;PR;30/09/2026;06/10/2026;;Pendente No Prazo;;01/10 Sem entrada Transtry;Entrega Pendente;6;10;30;9;TRANSTRY;18019;;;
MOBIS BRASIL FABRICACAO DE AUTO PECAS LT;RODOVIARIO;1586901;30/09/2026;1;364606;30/09/2026;AMX COM. E SERVICOS DE AUTOMOTORES LTDA;1,1985E+13;RIO DE JANEIRO;RJ;30/09/2026;06/10/2026;;Pendente No Prazo;;01/10 Em transferencia para a cidade de destino;Entrega Pendente;6;10;30;9;CAMILO;19009;;;
MOBIS BRASIL FABRICACAO DE AUTO PECAS LT;RODOVIARIO;1586902;30/09/2026;1;364616;30/09/2026;ITAVEMA MOTORS VEICULOS LTDA;7,73106E+12;RIO DE JANEIRO;RJ;30/09/2026;06/10/2026;;Pendente No Prazo;;01/10 Em transferencia para a cidade de destino;Entrega Pendente;6;10;30;9;CAMILO;19001;;;
MOBIS BRASIL FABRICACAO DE AUTO PECAS LT;RODOVIARIO;1586910;30/09/2026;2;364657;30/09/2026;HOUSE PARTS - COM. DE PECAS E VEIC. LTDA;1,14721E+13;PORTO ALEGRE;RS;30/09/2026;06/10/2026;;Pendente No Prazo;;01/10 Em transferencia para a cidade de destino;Entrega Pendente;6;10;30;9;TRANSTRY;23004;;;
MOBIS BRASIL FABRICACAO DE AUTO PECAS LT;RODOVIARIO;1586911;30/09/2026;8;364657;30/09/2026;HOUSE PARTS - COM. DE PECAS E VEIC. LTDA;1,14721E+13;PORTO ALEGRE;RS;30/09/2026;06/10/2026;;Pendente No Prazo;;01/10 Em transferencia para a cidade de destino;Entrega Pendente;6;10;30;9;TRANSTRY;23004;;;
MOBIS BRASIL FABRICACAO DE AUTO PECAS LT;RODOVIARIO;1586912;30/09/2026;11;364651;30/09/2026;CARWAY SUL VEICULOS LTDA;1,02858E+13;CANOAS;RS;30/09/2026;06/10/2026;;Pendente No Prazo;;01/10 Em transferencia para a cidade de destino;Entrega Pendente;6;10;30;9;TRANSTRY;23003;;;
MOBIS BRASIL FABRICACAO DE AUTO PECAS LT;RODOVIARIO;1586923;30/09/2026;6;364649;30/09/2026;BARI VEICULOS LTDA.;7,46176E+12;JOINVILLE;SC;30/09/2026;06/10/2026;;Pendente No Prazo;;01/10 Sem entrada Transtry;Entrega Pendente;6;10;30;9;TRANSTRY;24013;;;
MOBIS BRASIL FABRICACAO DE AUTO PECAS LT;RODOVIARIO;1586924;30/09/2026;2;364650;30/09/2026;BARI VEICULOS LTDA.;7,46176E+12;ITAJAI;SC;30/09/2026;06/10/2026;;Pendente No Prazo;;01/10 Em transferencia para a cidade de destino;Entrega Pendente;6;10;30;9;TRANSTRY;24014;;;
MOBIS BRASIL FABRICACAO DE AUTO PECAS LT;RODOVIARIO;1586944;30/09/2026;35;364573;30/09/2026;H R B COMERCIO DE VEICULOS LTDA;1,8238E+13;SAO JOSE DO RIO PRETO;SP;30/09/2026;06/10/2026;;Pendente No Prazo;;01/10 Em transferencia para a cidade de destino;Entrega Pendente;6;10;30;9;MVT;26050;;;
MOBIS BRASIL FABRICACAO DE AUTO PECAS LT;RODOVIARIO;1586946;30/09/2026;9;364573;30/09/2026;H R B COMERCIO DE VEICULOS LTDA;1,8238E+13;SAO JOSE DO RIO PRETO;SP;30/09/2026;06/10/2026;;Pendente No Prazo;;01/10 Em transferencia para a cidade de destino;Entrega Pendente;6;10;30;9;MVT;26050;;;
MOBIS BRASIL FABRICACAO DE AUTO PECAS LT;RODOVIARIO;1586948;30/09/2026;1;364570;30/09/2026;GOLDEN MOTORS VEICULOS LTDA;3,62155E+12;ARACATUBA;SP;30/09/2026;06/10/2026;;Pendente No Prazo;;01/10 Em transferencia para a cidade de destino;Entrega Pendente;6;10;30;9;MVT;12001;;;
MOBIS BRASIL FABRICACAO DE AUTO PECAS LT;RODOVIARIO;1586957;30/09/2026;2;364571;30/09/2026;H - CAMINHO AUTOMOVEIS LTDA;2,5313E+13;PIRACICABA;SP;30/09/2026;06/10/2026;;Pendente No Prazo;;01/10 Em transferencia para a cidade de destino;Entrega Pendente;6;10;30;9;MVT;26092;;;
MOBIS BRASIL FABRICACAO DE AUTO PECAS LT;RODOVIARIO;1586958;30/09/2026;1;364572;30/09/2026;H - CAMINHO AUTOMOVEIS LTDA;2,5313E+13;CATANDUVA;SP;30/09/2026;06/10/2026;;Pendente No Prazo;;01/10 Em transferencia para a cidade de destino;Entrega Pendente;6;10;30;9;MVT;26092;;;
MOBIS BRASIL FABRICACAO DE AUTO PECAS LT;RODOVIARIO;1586960;30/09/2026;1;364575;30/09/2026;VIME SAO JOAO COM. DE VEIC. E PECAS LTDA;5,10108E+13;SAO JOAO DA BOA VISTA;SP;30/09/2026;06/10/2026;;Pendente No Prazo;;01/10 Em transferencia para a cidade de destino;Entrega Pendente;6;10;30;9;MVT;26107;;;
MOBIS BRASIL FABRICACAO DE AUTO PECAS LT;RODOVIARIO;1586853;30/09/2026;2;364641;30/09/2026;VIA BRASIL AUTOMOVEIS LTDA.;4,71751E+12;SERRA;ES;30/09/2026;07/10/2026;;Pendente No Prazo;;01/10 Em transferencia para a cidade de destino;Entrega Pendente;7;10;30;9;CAMILO;8001;;;
MOBIS BRASIL FABRICACAO DE AUTO PECAS LT;RODOVIARIO;1586864;30/09/2026;1;364600;30/09/2026;TOKSU COMERCIO DE VEICULOS LTDA;1,12083E+13;BARBACENA;MG;30/09/2026;07/10/2026;;Pendente No Prazo;;01/10 Sem entrada XD Betim;Entrega Pendente;7;10;30;9;XD BETIM;11008;;;
MOBIS BRASIL FABRICACAO DE AUTO PECAS LT;RODOVIARIO;1586865;30/09/2026;5;364605;30/09/2026;VITAL COMERCIO DE VEICULOS LTDA;1,05102E+13;IPATINGA;MG;30/09/2026;07/10/2026;;Pendente No Prazo;;01/10 Sem entrada XD Betim;Entrega Pendente;7;10;30;9;XD BETIM;11016;;;
MOBIS BRASIL FABRICACAO DE AUTO PECAS LT;RODOVIARIO;1586869;30/09/2026;2;364598;30/09/2026;TAI MOTORS VEICULOS S/A;9,27205E+12;MURIAE;MG;30/09/2026;07/10/2026;;Pendente No Prazo;;01/10 Sem entrada XD Betim;Entrega Pendente;7;10;30;9;XD BETIM;8002;;;
MOBIS BRASIL FABRICACAO DE AUTO PECAS LT;RODOVIARIO;1586872;30/09/2026;1;364599;30/09/2026;TECAR TRILHAS AUTOMOVEIS E SERVICOS LTDA;2,32442E+13;DIVINOPOLIS;MG;30/09/2026;07/10/2026;;Pendente No Prazo;;01/10 Sem entrada XD Betim;Entrega Pendente;7;10;30;9;XD BETIM;11039;;;
MOBIS BRASIL FABRICACAO DE AUTO PECAS LT;RODOVIARIO;1586873;30/09/2026;1;364599;30/09/2026;TECAR TRILHAS AUTOMOVEIS E SERVICOS LTDA;2,32442E+13;DIVINOPOLIS;MG;30/09/2026;07/10/2026;;Pendente No Prazo;;01/10 Sem entrada XD Betim;Entrega Pendente;7;10;30;9;XD BETIM;11039;;;
MOBIS BRASIL FABRICACAO DE AUTO PECAS LT;RODOVIARIO;1586894;30/09/2026;2;364663;30/09/2026;SANTA FE VEICULOS LTDA.;1,15961E+13;FRANCISCO BELTRAO;PR;30/09/2026;07/10/2026;;Pendente No Prazo;;01/10 Sem entrada Transtry;Entrega Pendente;7;10;30;9;TRANSTRY;18010;;;
MOBIS BRASIL FABRICACAO DE AUTO PECAS LT;RODOVIARIO;1586903;30/09/2026;3;364636;30/09/2026;TAI MOTORS VEICULOS S/A;9,27205E+12;CAMPOS DOS GOYTACAZES;RJ;30/09/2026;07/10/2026;;Pendente No Prazo;;01/10 Em transferencia para a cidade de destino;Entrega Pendente;7;10;30;9;CAMILO;8002;;;
MOBIS BRASIL FABRICACAO DE AUTO PECAS LT;RODOVIARIO;1586904;30/09/2026;1;364620;30/09/2026;MONTREAL VEICULOS E PECAS LTDA;1,67834E+13;SAO PEDRO DA ALDEIA;RJ;30/09/2026;07/10/2026;;Pendente No Prazo;;01/10 Em transferencia para a cidade de destino;Entrega Pendente;7;10;30;9;CAMILO;19030;;;
MOBIS BRASIL FABRICACAO DE AUTO PECAS LT;RODOVIARIO;1586915;30/09/2026;1;364658;30/09/2026;HOUSE PARTS COMERCIO DE PECAS E VEI;1,14721E+13;CAXIAS DO SUL;RS;30/09/2026;07/10/2026;;Pendente No Prazo;;01/10 Em transferencia para a cidade de destino;Entrega Pendente;7;10;30;9;TRANSTRY;23023;;;
MOBIS BRASIL FABRICACAO DE AUTO PECAS LT;RODOVIARIO;1586916;30/09/2026;6;364644;30/09/2026;ATUAL VEICULOS LTDA;1,33372E+13;ARARANGUA;SC;30/09/2026;07/10/2026;;Pendente No Prazo;;01/10 Em transferencia para a cidade de destino;Entrega Pendente;7;10;30;9;TRANSTRY;24001;;;
MOBIS BRASIL FABRICACAO DE AUTO PECAS LT;RODOVIARIO;1586917;30/09/2026;8;364642;30/09/2026;ATUAL VEICULOS LTDA;1,33372E+13;CRICIUMA;SC;30/09/2026;07/10/2026;;Pendente No Prazo;;01/10 Em transferencia para a cidade de destino;Entrega Pendente;7;10;30;9;TRANSTRY;24001;;;
MOBIS BRASIL FABRICACAO DE AUTO PECAS LT;RODOVIARIO;1586918;30/09/2026;9;364643;30/09/2026;ATUAL VEICULOS LTDA;1,33372E+13;TUBARAO;SC;30/09/2026;07/10/2026;;Pendente No Prazo;;01/10 Em transferencia para a cidade de destino;Entrega Pendente;7;10;30;9;TRANSTRY;24001;;;
MOBIS BRASIL FABRICACAO DE AUTO PECAS LT;RODOVIARIO;1586919;30/09/2026;1;364661;30/09/2026;LS COMERCIO DE AUTOMOVEIS LTDA.;1,02727E+13;BRUSQUE;SC;30/09/2026;07/10/2026;;Pendente No Prazo;;01/10 Em transferencia para a cidade de destino;Entrega Pendente;7;10;30;9;TRANSTRY;24006;;;
MOBIS BRASIL FABRICACAO DE AUTO PECAS LT;RODOVIARIO;1586920;30/09/2026;2;364660;30/09/2026;LR COMERCIO DE VEICULOS LTDA;1,04595E+13;SAO JOSE;SC;30/09/2026;07/10/2026;;Pendente No Prazo;;01/10 Em transferencia para a cidade de destino;Entrega Pendente;7;10;30;9;TRANSTRY;24007;;;
MOBIS BRASIL FABRICACAO DE AUTO PECAS LT;RODOVIARIO;1586922;30/09/2026;34;364645;30/09/2026;BARI VEICULOS LTDA;7,46176E+12;BLUMENAU;SC;30/09/2026;07/10/2026;;Pendente No Prazo;;01/10 Em transferencia para a cidade de destino;Entrega Pendente;7;10;30;9;TRANSTRY;18024;;;
MOBIS BRASIL FABRICACAO DE AUTO PECAS LT;RODOVIARIO;1586926;30/09/2026;2;364662;30/09/2026;PONTO CERTO COMERCIO DE VEICULOS LTDA;1,50407E+13;LAGES;SC;30/09/2026;07/10/2026;;Pendente No Prazo;;01/10 Sem entrada Transtry;Entrega Pendente;7;10;30;9;TRANSTRY;24017;;;
MOBIS BRASIL FABRICACAO DE AUTO PECAS LT;RODOVIARIO;1586927;30/09/2026;5;364655;30/09/2026;GAMBATTO H1 VEICULOS LTDA;1,9391E+13;CHAPECO;SC;30/09/2026;07/10/2026;;Pendente No Prazo;;01/10 Em transferencia para a cidade de destino;Entrega Pendente;7;10;30;9;TRANSTRY;24018;;;
MOBIS BRASIL FABRICACAO DE AUTO PECAS LT;RODOVIARIO;1586850;30/09/2026;1;364596;30/09/2026;SMAFF IMPORT VEICULOS LTDA;8,17542E+12;BRASILIA;DF;30/09/2026;08/10/2026;;Pendente No Prazo;;;Entrega Pendente;8;10;30;9;RIO VERMELHO;7002;;;
MOBIS BRASIL FABRICACAO DE AUTO PECAS LT;RODOVIARIO;1586851;30/09/2026;11;364596;30/09/2026;SMAFF IMPORT VEICULOS LTDA;8,17542E+12;BRASILIA;DF;30/09/2026;08/10/2026;;Pendente No Prazo;;;Entrega Pendente;8;10;30;9;RIO VERMELHO;7002;;;
MOBIS BRASIL FABRICACAO DE AUTO PECAS LT;RODOVIARIO;1586852;30/09/2026;2;364595;30/09/2026;SAGA KOREA COM. DE VEIC. E PC. LTDA;1,26578E+13;BRASILIA;DF;30/09/2026;08/10/2026;;Pendente No Prazo;;;Entrega Pendente;8;10;30;9;RIO VERMELHO;7005;;;
MOBIS BRASIL FABRICACAO DE AUTO PECAS LT;RODOVIARIO;1586854;30/09/2026;6;364630;30/09/2026;PRIME CACHOEIRO VEICULOS LTDA;9,34499E+12;CACHOEIRO DE ITAPEMIRIM;ES;30/09/2026;08/10/2026;;Pendente No Prazo;;01/10 Em transferencia para a cidade de destino;Entrega Pendente;8;10;30;9;CAMILO;8004;;;
MOBIS BRASIL FABRICACAO DE AUTO PECAS LT;RODOVIARIO;1586855;30/09/2026;1;364637;30/09/2026;TAI MOTORS VEICULOS SA;9,27205E+12;COLATINA;ES;30/09/2026;08/10/2026;;Pendente No Prazo;;01/10 Em transferencia para a cidade de destino;Entrega Pendente;8;10;30;9;CAMILO;8006;;;
MOBIS BRASIL FABRICACAO DE AUTO PECAS LT;RODOVIARIO;1586856;30/09/2026;2;364589;30/09/2026;NISA COMERCIAL DE VEIC. AUTOMOTORES LTDA;1,0267E+13;APARECIDA DE GOIANIA;GO;30/09/2026;08/10/2026;;Pendente No Prazo;;;Entrega Pendente;8;10;30;9;RIO VERMELHO;9002;;;
MOBIS BRASIL FABRICACAO DE AUTO PECAS LT;RODOVIARIO;1586857;30/09/2026;2;364589;30/09/2026;NISA COMERCIAL DE VEIC. AUTOMOTORES LTDA;1,0267E+13;APARECIDA DE GOIANIA;GO;30/09/2026;08/10/2026;;Pendente No Prazo;;;Entrega Pendente;8;10;30;9;RIO VERMELHO;9002;;;
MOBIS BRASIL FABRICACAO DE AUTO PECAS LT;RODOVIARIO;1586858;30/09/2026;4;364594;30/09/2026;SAGA KOREA COM. DE VEIC. E PC. LTDA;1,26578E+13;GOIANIA;GO;30/09/2026;08/10/2026;;Pendente No Prazo;;;Entrega Pendente;8;10;30;9;RIO VERMELHO;9011;;;
MOBIS BRASIL FABRICACAO DE AUTO PECAS LT;RODOVIARIO;1586859;30/09/2026;4;364594;30/09/2026;SAGA KOREA COM. DE VEIC. E PC. LTDA;1,26578E+13;GOIANIA;GO;30/09/2026;08/10/2026;;Pendente No Prazo;;;Entrega Pendente;8;10;30;9;RIO VERMELHO;9011;;;
MOBIS BRASIL FABRICACAO DE AUTO PECAS LT;RODOVIARIO;1586874;30/09/2026;3;364614;30/09/2026;GOLDEN MOTORS VEICULOS LTDA;3,62155E+12;DOURADOS;MS;30/09/2026;08/10/2026;;Pendente No Prazo;;01/10 Em transferencia para a cidade de destino;Entrega Pendente;8;10;30;9;CARVALIMA;12001;;;
MOBIS BRASIL FABRICACAO DE AUTO PECAS LT;RODOVIARIO;1586875;30/09/2026;1;364615;30/09/2026;GOLDEN MOTORS VEICULOS LTDA;3,62155E+12;TRES LAGOAS;MS;30/09/2026;08/10/2026;;Pendente No Prazo;;01/10 Em transferencia para a cidade de destino;Entrega Pendente;8;10;30;9;CARVALIMA;12001;;;
MOBIS BRASIL FABRICACAO DE AUTO PECAS LT;RODOVIARIO;1586876;30/09/2026;1;364639;30/09/2026;ULSAN COMERCIO DE VEICULOS LTDA.;2,09564E+13;CAMPO GRANDE;MS;30/09/2026;08/10/2026;;Pendente No Prazo;;01/10 Em transferencia para a cidade de destino;Entrega Pendente;8;10;30;9;CARVALIMA;12004;;;
MOBIS BRASIL FABRICACAO DE AUTO PECAS LT;RODOVIARIO;1586913;30/09/2026;1;364656;30/09/2026;HOUSE PARTS - COM. DE PECAS E VEIC. LTDA;1,14721E+13;SANTA MARIA;RS;30/09/2026;08/10/2026;;Pendente No Prazo;;01/10 Em transferencia para a cidade de destino;Entrega Pendente;8;10;30;9;TRANSTRY;23008;;;
MOBIS BRASIL FABRICACAO DE AUTO PECAS LT;RODOVIARIO;1586914;30/09/2026;4;364652;30/09/2026;CHINHAN AUTOMOVEIS LTDA;2,40613E+13;ERECHIM;RS;30/09/2026;08/10/2026;;Pendente No Prazo;;01/10 Em transferencia para a cidade de destino;Entrega Pendente;8;10;30;9;TRANSTRY;23019;;;
MOBIS BRASIL FABRICACAO DE AUTO PECAS LT;RODOVIARIO;1586925;30/09/2026;1;364647;30/09/2026;BARI VEICULOS LTDA;7,46176E+12;BALNEARIO CAMBORIU;SC;30/09/2026;08/10/2026;;Pendente No Prazo;;01/10 Em transferencia para a cidade de destino;Entrega Pendente;8;10;30;9;TRANSTRY;18024;;;
MOBIS BRASIL FABRICACAO DE AUTO PECAS LT;RODOVIARIO;1586928;30/09/2026;6;364653;30/09/2026;CHINHAN AUTOMOVEIS LTDA;2,40613E+13;CONCORDIA;SC;30/09/2026;08/10/2026;;Pendente No Prazo;;01/10 Sem entrada Transtry;Entrega Pendente;8;10;30;9;TRANSTRY;23019;;;
MOBIS BRASIL FABRICACAO DE AUTO PECAS LT;RODOVIARIO;1586877;30/09/2026;5;364632;30/09/2026;SAGA ASIA COM. DE VEIC.PC.E SERV. LTDA;2,22804E+13;VARZEA GRANDE;MT;30/09/2026;09/10/2026;;Pendente No Prazo;;01/10 Em transferencia para a cidade de destino;Entrega Pendente;9;10;30;9;CARVALIMA;13004;;;
MOBIS BRASIL FABRICACAO DE AUTO PECAS LT;RODOVIARIO;1586929;30/09/2026;3;364654;30/09/2026;CHINHAN AUTOMOVEIS LTDA.;2,40613E+13;CACADOR;SC;30/09/2026;09/10/2026;;Pendente No Prazo;;01/10 Sem entrada Transtry;Entrega Pendente;9;10;30;9;TRANSTRY;24020;;;
MOBIS BRASIL FABRICACAO DE AUTO PECAS LT;RODOVIARIO;1586848;30/09/2026;29;364628;30/09/2026;PATEO COMERCIO DE VEICULOS S A;7,78401E+12;SALVADOR;BA;30/09/2026;12/10/2026;;Pendente No Prazo;;01/10 Em transferencia para a cidade de destino;Entrega Pendente;12;10;30;9;TERMACO;5003;;;
MOBIS BRASIL FABRICACAO DE AUTO PECAS LT;RODOVIARIO;1586849;30/09/2026;3;364613;30/09/2026;FAZZA MOTORS COMERCIO DE VEICULOS LTDA;1,23504E+13;SALVADOR;BA;30/09/2026;12/10/2026;;Pendente No Prazo;;01/10 Em transferencia para a cidade de destino;Entrega Pendente;12;10;30;9;TERMACO;5007;;;
MOBIS BRASIL FABRICACAO DE AUTO PECAS LT;RODOVIARIO;1586860;30/09/2026;3;364602;30/09/2026;URCA MOTORS VEICULOS LTDA;8,77087E+12;RIO VERDE;GO;30/09/2026;12/10/2026;;Pendente No Prazo;;;Entrega Pendente;12;10;30;9;RIO VERMELHO;9014;;;
MOBIS BRASIL FABRICACAO DE AUTO PECAS LT;RODOVIARIO;1586878;30/09/2026;2;364640;30/09/2026;UNIQUE COMERCIO DE AUTOMOVEIS LTDA;1,73594E+13;ANANINDEUA;PA;30/09/2026;13/10/2026;;Pendente No Prazo;;01/10 Em transferencia para a cidade de destino;Entrega Pendente;13;10;30;9;CARVALIMA;14003;;;
MOBIS BRASIL FABRICACAO DE AUTO PECAS LT;RODOVIARIO;1586879;30/09/2026;4;364609;30/09/2026;CAOA MOTOR DO BRASIL LTDA;1,67945E+13;BELEM;PA;30/09/2026;13/10/2026;;Pendente No Prazo;;01/10 Em transferencia para a cidade de destino;Entrega Pendente;13;10;30;9;CARVALIMA;5008;;;
MOBIS BRASIL FABRICACAO DE AUTO PECAS LT;RODOVIARIO;1586930;30/09/2026;7;364633;30/09/2026;SAINT LAND COMERCIO DE VEICULOS LTDA;1,04419E+13;ARACAJU;SE;30/09/2026;13/10/2026;;Pendente No Prazo;;01/10 Em transferencia para a cidade de destino;Entrega Pendente;13;10;30;9;TERMACO;6010;;;
MOBIS BRASIL FABRICACAO DE AUTO PECAS LT;RODOVIARIO;1586945;30/09/2026;3;364635;30/09/2026;SEVEL VEICULOS LTDA;1,06784E+13;ARACAJU;SE;30/09/2026;13/10/2026;;Pendente No Prazo;;01/10 Em transferencia para a cidade de destino;Entrega Pendente;13;10;30;9;TERMACO;25001;;;
MOBIS BRASIL FABRICACAO DE AUTO PECAS LT;RODOVIARIO;1586846;30/09/2026;9;364612;30/09/2026;CYCOSA AUTOMOVEIS LTDA;4,75771E+12;MACEIO;AL;30/09/2026;14/10/2026;;Pendente No Prazo;;01/10 Em transferencia para a cidade de destino;Entrega Pendente;14;10;30;9;TERMACO;2001;;;
MOBIS BRASIL FABRICACAO DE AUTO PECAS LT;RODOVIARIO;1586880;30/09/2026;8;364622;30/09/2026;NACIONAL NOVA MARABA DIST DE VEIC. LTDA;1,70484E+13;MARABA;PA;30/09/2026;14/10/2026;;Pendente No Prazo;;01/10 Em transferencia para a cidade de destino;Entrega Pendente;14;10;30;9;CARVALIMA;14005;;;
MOBIS BRASIL FABRICACAO DE AUTO PECAS LT;RODOVIARIO;1586909;30/09/2026;2;364631;30/09/2026;SAGA ASIA COM. DE VEIC.PC.E SERV. LTDA;2,1428E+13;PORTO VELHO;RO;30/09/2026;14/10/2026;;Pendente No Prazo;;01/10 Em transferencia para a cidade de destino;Entrega Pendente;14;10;30;9;CARVALIMA;21003;;;
MOBIS BRASIL FABRICACAO DE AUTO PECAS LT;RODOVIARIO;1586962;30/09/2026;2;364593;30/09/2026;PRIVILLEGE DISTRIBUIDORA DE VEICULOS LTD;1,72244E+13;ARAGUAINA;TO;30/09/2026;14/10/2026;;Pendente No Prazo;;;Entrega Pendente;14;10;30;9;RIO VERMELHO;27002;;;
MOBIS BRASIL FABRICACAO DE AUTO PECAS LT;RODOVIARIO;1586861;30/09/2026;4;364626;30/09/2026;PATEO COMERCIO DE VEICULOS S A;7,78401E+12;SAO LUIS;MA;30/09/2026;15/10/2026;;Pendente No Prazo;;01/10 Em transferencia para a cidade de destino;Entrega Pendente;15;10;30;9;TERMACO;10002;;;
MOBIS BRASIL FABRICACAO DE AUTO PECAS LT;RODOVIARIO;1586883;30/09/2026;5;364629;30/09/2026;PATEO COMERCIO DE VEICULOS S A;7,78401E+12;JOAO PESSOA;PB;30/09/2026;15/10/2026;;Pendente No Prazo;;01/10 Em transferencia para a cidade de destino;Entrega Pendente;15;10;30;9;TERMACO;15003;;;
MOBIS BRASIL FABRICACAO DE AUTO PECAS LT;RODOVIARIO;1586887;30/09/2026;2;364627;30/09/2026;PATEO COMERCIO DE VEICULOS S A;7,78401E+12;RECIFE;PE;30/09/2026;15/10/2026;;Pendente No Prazo;;01/10 Em transferencia para a cidade de destino;Entrega Pendente;15;10;30;9;TERMACO;16004;;;
MOBIS BRASIL FABRICACAO DE AUTO PECAS LT;RODOVIARIO;1586888;30/09/2026;2;364627;30/09/2026;PATEO COMERCIO DE VEICULOS S A;7,78401E+12;RECIFE;PE;30/09/2026;15/10/2026;;Pendente No Prazo;;01/10 Em transferencia para a cidade de destino;Entrega Pendente;15;10;30;9;TERMACO;16004;;;
MOBIS BRASIL FABRICACAO DE AUTO PECAS LT;RODOVIARIO;1586889;30/09/2026;4;364610;30/09/2026;CAOA MOTOR DO BRASIL LTDA;1,67945E+13;RECIFE;PE;30/09/2026;15/10/2026;;Pendente No Prazo;;01/10 Em transferencia para a cidade de destino;Entrega Pendente;15;10;30;9;TERMACO;5008;;;
MOBIS BRASIL FABRICACAO DE AUTO PECAS LT;RODOVIARIO;1586907;30/09/2026;4;364634;30/09/2026;SAINT LAND COMERCIO DE VEICULOS LTDA;1,04419E+13;NATAL;RN;30/09/2026;15/10/2026;;Pendente No Prazo;;01/10 Em transferencia para a cidade de destino;Entrega Pendente;15;10;30;9;TERMACO;6010;;;
MOBIS BRASIL FABRICACAO DE AUTO PECAS LT;RODOVIARIO;1586908;30/09/2026;11;364634;30/09/2026;SAINT LAND COMERCIO DE VEICULOS LTDA;1,04419E+13;NATAL;RN;30/09/2026;15/10/2026;;Pendente No Prazo;;01/10 Em transferencia para a cidade de destino;Entrega Pendente;15;10;30;9;TERMACO;6010;;;
MOBIS BRASIL FABRICACAO DE AUTO PECAS LT;RODOVIARIO;1586847;30/09/2026;2;364618;30/09/2026;JPN COMERCIO DE VEICULOS LTDA;3,19975E+13;ARAPIRACA;AL;30/09/2026;16/10/2026;;Pendente No Prazo;;01/10 Em transferencia para a cidade de destino;Entrega Pendente;16;10;30;9;TERMACO;2003;;;
MOBIS BRASIL FABRICACAO DE AUTO PECAS LT;RODOVIARIO;1586881;30/09/2026;1;364621;30/09/2026;NACIONAL NOVA MARABA DIST DE VEIC. LTDA;1,70484E+13;PARAUAPEBAS;PA;30/09/2026;16/10/2026;;Pendente No Prazo;;01/10 Em transferencia para a cidade de destino;Entrega Pendente;16;10;30;9;CARVALIMA;14010;;;
MOBIS BRASIL FABRICACAO DE AUTO PECAS LT;RODOVIARIO;1586882;30/09/2026;4;364611;30/09/2026;CAOA MOTOR DO BRASIL LTDA;1,67945E+13;CAMPINA GRANDE;PB;30/09/2026;16/10/2026;;Pendente No Prazo;;01/10 Em transferencia para a cidade de destino;Entrega Pendente;16;10;30;9;TERMACO;5008;;;
MOBIS BRASIL FABRICACAO DE AUTO PECAS LT;RODOVIARIO;1586884;30/09/2026;16;364619;30/09/2026;JPN PATOS COMERCIO DE VEICULOS LTDA;4,19813E+13;PATOS;PB;30/09/2026;16/10/2026;;Pendente No Prazo;;01/10 Em transferencia para a cidade de destino;Entrega Pendente;16;10;30;9;TERMACO;15004;;;
MOBIS BRASIL FABRICACAO DE AUTO PECAS LT;RODOVIARIO;1586885;30/09/2026;1;364608;30/09/2026;AUTORAC VEICULOS LTDA;1,06469E+13;CARUARU;PE;30/09/2026;16/10/2026;;Pendente No Prazo;;01/10 Em transferencia para a cidade de destino;Entrega Pendente;16;10;30;9;TERMACO;16001;;;
MOBIS BRASIL FABRICACAO DE AUTO PECAS LT;RODOVIARIO;1586886;30/09/2026;1;364625;30/09/2026;PATEO COMERCIO DE VEICULOS S A;7,78401E+12;OLINDA;PE;30/09/2026;16/10/2026;;Pendente No Prazo;;01/10 Em transferencia para a cidade de destino;Entrega Pendente;16;10;30;9;TERMACO;16003;;;
MOBIS BRASIL FABRICACAO DE AUTO PECAS LT;RODOVIARIO;1586891;30/09/2026;5;364617;30/09/2026;JPN COMERCIO DE AUTOMOVEIS LTDA;2,61351E+13;GARANHUNS;PE;30/09/2026;16/10/2026;;Pendente No Prazo;;01/10 Em transferencia para a cidade de destino;Entrega Pendente;16;10;30;9;TERMACO;16009;;;
MOBIS BRASIL FABRICACAO DE AUTO PECAS LT;RODOVIARIO;1586892;30/09/2026;2;364607;30/09/2026;AUTORAC VEICULOS LTDA;1,06469E+13;PETROLINA;PE;30/09/2026;16/10/2026;;Pendente No Prazo;;01/10 Em transferencia para a cidade de destino;Entrega Pendente;16;10;30;9;TERMACO;16001;;;
MOBIS BRASIL FABRICACAO DE AUTO PECAS LT;RODOVIARIO;1586905;30/09/2026;20;364624;30/09/2026;ORIENTE AUTOMOVEIS LTDA;1,32745E+13;PARNAMIRIM;RN;30/09/2026;16/10/2026;;Pendente No Prazo;;01/10 Em transferencia para a cidade de destino;Entrega Pendente;16;10;30;9;TERMACO;20001;;;
MOBIS BRASIL FABRICACAO DE AUTO PECAS LT;RODOVIARIO;1586906;30/09/2026;8;364624;30/09/2026;ORIENTE AUTOMOVEIS LTDA;1,32745E+13;PARNAMIRIM;RN;30/09/2026;16/10/2026;;Pendente No Prazo;;01/10 Em transferencia para a cidade de destino;Entrega Pendente;16;10;30;9;TERMACO;20001;;;
MOBIS BRASIL FABRICACAO DE AUTO PECAS LT;RODOVIARIO;1586845;30/09/2026;3;364638;30/09/2026;ULSAN COMERCIO DE VEICULOS LTDA;2,09564E+13;RIO BRANCO;AC;30/09/2026;19/10/2026;;Pendente No Prazo;;01/10 Em transferencia para a cidade de destino;Entrega Pendente;19;10;30;9;CARVALIMA;21004;Dia do Piauí;Estadual;PI
MOBIS BRASIL FABRICACAO DE AUTO PECAS LT;RODOVIARIO;1586862;30/09/2026;3;364623;30/09/2026;NACIONAL NOVA MARABA DIST DE VEIC. LTDA;1,70484E+13;IMPERATRIZ;MA;30/09/2026;20/10/2026;;Pendente No Prazo;;01/10 Em transferencia para a cidade de destino;Entrega Pendente;20;10;30;9;TERMACO;10003;;;
